%% MATPOWER Case Format : Version 2
function mpc = RTS_GMLC
mpc.version = '2';

%%-----  Power Flow Data  -----%%
%% system MVA base
mpc.baseMVA = 100.0;
%% bus data
%    bus_i    type    Pd    Qd    Gs    Bs    area    Vm    Va    baseKV    zone    Vmax    Vmin
mpc.bus = [
	101	2	57.11281544842106	11.634092035789475	0.0	0.0	1	1.0336016683727498	2.659664118394764	138.0	11	1.05	0.95				
	102	2	51.29576943052632	10.576447305263159	0.0	0.0	1	1.0336804411878309	2.642204880411444	138.0	12	1.05	0.95				
	103	1	95.18802574736843	19.566427514736844	0.0	0.0	1	1.0257884360509184	-0.1043973712078926	138.0	11	1.05	0.95				
	104	1	39.13285502947369	7.932335478947369	0.0	0.0	1	1.020123829733201	-0.9067320450883997	138.0	11	1.05	0.95				
	105	1	37.54638793368421	7.4035131136842125	0.0	0.0	1	1.0344575397838334	-0.6834357998562594	138.0	11	1.05	0.95				
	106	1	71.91984167578948	14.807026227368425	0.0	-100.0	1	1.042526827645432	-3.043818242090118	138.0	12	1.05	0.95				
	107	2	66.10279565789475	13.220559131578948	0.0	0.0	1	1.0362171708419847	-1.0128088590992643	138.0	12	1.05	0.95				
	108	1	90.42862446000001	18.508782784210528	0.0	0.0	1	1.023949447188506	-3.100035109033305	138.0	12	1.05	0.95				
	109	1	92.54391392105265	19.037605149473684	0.0	0.0	1	1.0259048862897435	-1.6745297620771074	138.0	13	1.05	0.95				
	110	1	103.12036122631581	21.152894610526317	0.0	0.0	1	1.05	-2.4076678112810406	138.0	13	1.05	0.95				
	111	1	0.0	0.0	0.0	0.0	1	1.0052528048757203	-0.27608142295347643	230.0	13	1.05	0.95				
	112	1	0.0	0.0	0.0	0.0	1	1.0111878188163854	0.4381076372641176	230.0	13	1.05	0.95				
	113	3	140.13792679473684	28.55640772421053	0.0	0.0	1	0.9992237636299861	1.3975694476071236e-33	230.0	14	1.05	0.95				
	114	2	102.59153886105264	20.62407224526316	0.0	0.0	1	1.0004732120519146	1.3655267654262953	230.0	16	1.05	0.95				
	115	2	167.63668978842108	33.84463137684211	0.0	0.0	1	1.0400749723679548	6.865321743087845	230.0	16	1.05	0.95				
	116	2	52.88223652631579	10.576447305263159	0.0	0.0	1	1.0363405390382818	6.777117550584219	230.0	16	1.05	0.95				
	117	1	0.0	0.0	0.0	0.0	1	1.0446627259675458	8.762708852441138	230.0	17	1.05	0.95				
	118	2	176.0978476326316	35.95992083789474	0.0	0.0	1	1.0478319060417125	8.963356321067636	230.0	17	1.05	0.95				
	119	1	95.7168481126316	19.566427514736844	0.0	0.0	1	1.0307212857104782	6.0813483029193405	230.0	15	1.05	0.95				
	120	1	67.68926275368422	13.749381496842108	0.0	0.0	1	1.0298921422746532	6.493817954926611	230.0	15	1.05	0.95				
	121	2	0.0	0.0	0.0	0.0	1	1.05	8.775440346443514	230.0	17	1.05	0.95				
	122	2	0.0	0.0	0.0	0.0	1	1.05	15.281133844383977	230.0	17	1.05	0.95				
	123	2	0.0	0.0	0.0	0.0	1	1.030551012354837	7.123214054703407	230.0	15	1.05	0.95				
	124	1	0.0	0.0	0.0	0.0	1	1.0255425827427287	4.2729162766616815	230.0	16	1.05	0.95				
	201	2	57.39146859789474	11.690854714385965	0.0	0.0	2	1.0309166251472957	-8.026249662013198	138.0	21	1.05	0.95				
	202	2	51.546041240701754	10.628049740350878	0.0	0.0	2	1.0310166145198587	-8.112195028553861	138.0	22	1.05	0.95				
	203	1	95.6524476631579	19.661892019649123	0.0	0.0	2	1.0259742613165193	-6.001187071195702	138.0	21	1.05	0.95				
	204	1	39.323784039298246	7.971037305263158	0.0	0.0	2	1.0181768794037318	-10.626504635389013	138.0	21	1.05	0.95				
	205	1	37.72957657824561	7.439634818245615	0.0	0.0	2	1.0333902222876796	-10.895681524289849	138.0	21	1.05	0.95				
	206	1	72.27073823438597	14.87926963649123	0.0	-100.0	2	1.0421786039637715	-13.014431325474208	138.0	22	1.05	0.95				
	207	2	66.42531087719298	13.285062175438597	0.0	0.0	2	0.9850318503344244	-21.05316275770168	138.0	22	1.05	0.95				
	208	1	90.86982528	18.599087045614034	0.0	0.0	2	0.9899072235176506	-18.567556014879788	138.0	22	1.05	0.95				
	209	1	92.99543522807018	19.13048953263158	0.0	0.0	2	1.0237725351415028	-10.522034728428627	138.0	23	1.05	0.95				
	210	1	103.62348496842107	21.256099480701756	0.0	0.0	2	1.05	-12.120240136764224	138.0	23	1.05	0.95				
	211	1	0.0	0.0	0.0	0.0	2	1.011672290811085	-7.857227799495974	230.0	23	1.05	0.95				
	212	1	0.0	0.0	0.0	0.0	2	1.01524843458415	-7.583543486205756	230.0	23	1.05	0.95				
	213	2	140.8216590596491	28.69573429894737	0.0	0.0	2	1.0078832109893308	-7.314479275266741	230.0	24	1.05	0.95				
	214	2	103.09208248140351	20.724696993684212	0.0	0.0	2	1.017787935758691	-4.821713608921949	230.0	26	1.05	0.95				
	215	2	168.4545883845614	34.00975916912281	0.0	0.0	2	1.0375665377896106	3.1824379056396324	230.0	26	1.05	0.95				
	216	2	53.14024870175439	10.628049740350878	0.0	0.0	2	1.040616147870095	2.6318322436615875	230.0	26	1.05	0.95				
	217	1	0.0	0.0	0.0	0.0	2	1.0433516436076886	6.1360034575227855	230.0	27	1.05	0.95				
	218	2	176.9570281768421	36.13536911719299	0.0	0.0	2	1.04595354493754	6.9257452791737775	230.0	27	1.05	0.95				
	219	1	96.18385015017545	19.661892019649123	0.0	0.0	2	1.0405354560435522	0.8382478532572318	230.0	25	1.05	0.95				
	220	1	68.01951833824562	13.816464662456141	0.0	0.0	2	1.044960565603659	0.289634908814083	230.0	25	1.05	0.95				
	221	2	0.0	0.0	0.0	0.0	2	1.0459225802587293	6.868953507085043	230.0	27	1.05	0.95				
	222	2	0.0	0.0	0.0	0.0	2	1.05	13.08900384473522	230.0	27	1.05	0.95				
	223	2	0.0	0.0	0.0	0.0	2	1.04831205111227	0.379772743942079	230.0	25	1.05	0.95				
	224	1	0.0	0.0	0.0	0.0	2	1.0217262585875229	-0.25145819573485984	230.0	26	1.05	0.95				
	301	2	64.74533377263158	13.188864287017546	0.0	0.0	3	1.0070768401029035	-38.00729827848687	138.0	31	1.05	0.95				
	302	2	58.15090162912281	11.989876624561404	0.0	0.0	3	1.0064568172441846	-38.146772263044284	138.0	32	1.05	0.95				
	303	1	107.90888962105265	22.181271755438598	0.0	0.0	3	1.0193130557235281	-30.680077758147895	138.0	31	1.05	0.95				
	304	1	44.362543510877195	8.992407468421053	0.0	0.0	3	1.0062013331303232	-36.03980229165704	138.0	31	1.05	0.95				
	305	1	42.56406201719298	8.392913637192983	0.0	0.0	3	1.020140204673387	-36.9829499840155	138.0	31	1.05	0.95				
	306	1	81.53116104701755	16.785827274385966	0.0	-100.0	3	1.0348823136833623	-37.0753720004128	138.0	32	1.05	0.95				
	307	2	74.93672890350878	14.987345780701755	0.0	0.0	3	1.0058579481617709	-38.2952668067528	138.0	32	1.05	0.95				
	308	1	102.51344514	20.982284092982457	0.0	0.0	3	1.0032505310189384	-37.925080343725305	138.0	32	1.05	0.95				
	309	1	104.91142046491228	21.581777924210527	0.0	0.0	3	1.0272085214005597	-31.87611051491127	138.0	33	1.05	0.95				
	310	1	116.90129708947367	23.97975324912281	0.0	0.0	3	1.05	-34.03532919653782	138.0	33	1.05	0.95				
	311	1	0.0	0.0	0.0	0.0	3	1.018440635240438	-26.836253032121366	230.0	33	1.05	0.95				
	312	1	0.0	0.0	0.0	0.0	3	1.0173052443442883	-26.086858407812098	230.0	33	1.05	0.95				
	313	2	158.8658652754386	32.37266688631579	0.0	0.0	3	1.026378976831464	-23.046755553971213	230.0	34	1.05	0.95				
	314	2	116.30180325824561	23.380259417894738	0.0	0.0	3	1.0298829235151492	-24.098395866481965	230.0	36	1.05	0.95				
	315	2	190.03954449929824	38.36760519859649	0.0	0.0	3	1.0485224813882468	-17.068323288603523	230.0	36	1.05	0.95				
	316	2	59.94938312280702	11.989876624561404	0.0	0.0	3	1.0486571742911772	-16.634183163528455	230.0	36	1.05	0.95				
	317	1	0.0	0.0	0.0	0.0	3	1.0495217148813543	-13.838935375382338	230.0	37	1.05	0.95				
	318	2	199.63144579894737	40.765580523508774	0.0	0.0	3	1.0498949562635167	-13.16771615041228	230.0	37	1.05	0.95				
	319	1	108.50838345228071	22.181271755438598	0.0	0.0	3	1.0454784389080525	-17.575314243949617	230.0	35	1.05	0.95				
	320	1	76.73521039719299	15.586839611929825	0.0	0.0	3	1.047523998564956	-17.27301186173669	230.0	35	1.05	0.95				
	321	2	0.0	0.0	0.0	0.0	3	1.05	-12.824647621418698	230.0	37	1.05	0.95				
	322	2	0.0	0.0	0.0	0.0	3	1.05	-7.446595171214889	230.0	37	1.05	0.95				
	323	2	0.0	0.0	0.0	0.0	3	1.05	-16.669329731135893	230.0	35	1.05	0.95				
	324	1	0.0	0.0	0.0	0.0	3	1.0202042668507652	-22.08459948680219	230.0	36	1.05	0.95				
	325	1	0.0	0.0	0.0	0.0	3	1.038704258871706	-14.63493082714677	230.0	35	1.05	0.95				
];
