%% MATPOWER Case Format : Version 2
function mpc = RTS_GMLC
mpc.version = '2';

%%-----  Power Flow Data  -----%%
%% system MVA base
mpc.baseMVA = 100.0;
%% bus data
%    bus_i    type    Pd    Qd    Gs    Bs    area    Vm    Va    baseKV    zone    Vmax    Vmin
mpc.bus = [
	101	2	66.27758536421054	13.50098961122807	0.0	0.0	1	1.0329882507436987	0.9085585872945187	138.0	11	1.05	0.95				
	102	2	59.5270905585965	12.273626919298247	0.0	0.0	1	1.0330390920179253	0.8804121256700099	138.0	12	1.05	0.95				
	103	1	110.46264227368421	22.706209800701753	0.0	0.0	1	1.0235431530863282	-1.0988034743969748	138.0	11	1.05	0.95				
	104	1	45.412419601403506	9.205220189473684	0.0	0.0	1	1.0185896868011006	-2.3473093089955315	138.0	11	1.05	0.95				
	105	1	43.571375563508774	8.591538843508772	0.0	0.0	1	1.0332012196983142	-2.2182314005235813	138.0	11	1.05	0.95				
	106	1	83.46066305122808	17.183077687017544	0.0	-100.0	1	1.0401310624301043	-4.530166407968797	138.0	12	1.05	0.95				
	107	2	76.71016824561404	15.342033649122808	0.0	0.0	1	1.046755017338396	0.13752190562995478	138.0	12	1.05	0.95				
	108	1	104.93951016	21.47884710877193	0.0	0.0	1	1.02733101339717	-3.0746693334017894	138.0	12	1.05	0.95				
	109	1	107.39423554385965	22.092528454736843	0.0	0.0	1	1.0262661203203234	-2.5064878814437024	138.0	13	1.05	0.95				
	110	1	119.6678624631579	24.547253838596493	0.0	0.0	1	1.05	-3.452499228468469	138.0	13	1.05	0.95				
	111	1	0.0	0.0	0.0	0.0	1	1.008374501843406	-0.7207418427877099	230.0	13	1.05	0.95				
	112	1	0.0	0.0	0.0	0.0	1	1.0130229137336373	0.1048558358093279	230.0	13	1.05	0.95				
	113	3	162.62555668070175	33.13879268210527	0.0	0.0	1	1.0045498088895668	-2.13759485269806e-29	230.0	14	1.05	0.95				
	114	2	119.054181117193	23.93357249263158	0.0	0.0	1	1.005913954726533	1.0056734995124355	230.0	16	1.05	0.95				
	115	2	194.5369866708772	39.27560614175439	0.0	0.0	1	1.0415551646340382	7.250397955448746	230.0	16	1.05	0.95				
	116	2	61.36813459649123	12.273626919298247	0.0	0.0	1	1.038482457519724	7.092480754419688	230.0	16	1.05	0.95				
	117	1	0.0	0.0	0.0	0.0	1	1.0451835496672268	9.53444520483906	230.0	17	1.05	0.95				
	118	2	204.3558882063158	41.73033152561404	0.0	0.0	1	1.0482454484814439	9.795526477853226	230.0	17	1.05	0.95				
	119	1	111.07632361964912	22.706209800701753	0.0	0.0	1	1.0327350201483712	6.282671694991356	230.0	15	1.05	0.95				
	120	1	78.55121228350878	15.95571499508772	0.0	0.0	1	1.0327995110983488	6.75194047811735	230.0	15	1.05	0.95				
	121	2	0.0	0.0	0.0	0.0	1	1.05	9.858932753672166	230.0	17	1.05	0.95				
	122	2	0.0	0.0	0.0	0.0	1	1.05	17.45871260899848	230.0	17	1.05	0.95				
	123	2	0.0	0.0	0.0	0.0	1	1.034362454608834	7.471633496556277	230.0	15	1.05	0.95				
	124	1	0.0	0.0	0.0	0.0	1	1.0241912399915214	4.151923841514335	230.0	16	1.05	0.95				
	201	2	59.51644893473684	12.123721079298246	0.0	0.0	2	1.0315791607346179	-6.502122168374255	138.0	21	1.05	0.95				
	202	2	53.45458839508772	11.021564617543861	0.0	0.0	2	1.0316021407342744	-6.586812569329497	138.0	22	1.05	0.95				
	203	1	99.19408155789475	20.38989454245614	0.0	0.0	2	1.029739223839505	-4.44221609670443	138.0	21	1.05	0.95				
	204	1	40.77978908491228	8.266173463157894	0.0	0.0	2	1.0186279423682703	-9.01286501430355	138.0	21	1.05	0.95				
	205	1	39.126554392280696	7.715095232280703	0.0	0.0	2	1.0335175300857629	-9.295781658395889	138.0	21	1.05	0.95				
	206	1	74.94663939929825	15.430190464561406	0.0	-100.0	2	1.0418133487914991	-11.389423352638785	138.0	22	1.05	0.95				
	207	2	68.88477885964912	13.776955771929824	0.0	0.0	2	0.9852325696670406	-19.699163719828242	138.0	22	1.05	0.95				
	208	1	94.23437747999999	19.287738080701754	0.0	0.0	2	0.9893308810978751	-17.105210640938754	138.0	22	1.05	0.95				
	209	1	96.43869040350877	19.838816311578945	0.0	0.0	2	1.0247435283710669	-8.75916401198464	138.0	23	1.05	0.95				
	210	1	107.46025502105263	22.043129235087722	0.0	0.0	2	1.05	-10.383722257232911	138.0	23	1.05	0.95				
	211	1	0.0	0.0	0.0	0.0	2	1.0125812014886542	-5.895520751998762	230.0	23	1.05	0.95				
	212	1	0.0	0.0	0.0	0.0	2	1.0151932129780292	-5.480596748158341	230.0	23	1.05	0.95				
	213	2	146.03573118245615	29.75822446736842	0.0	0.0	2	1.0091423368308612	-5.0699760057112675	230.0	24	1.05	0.95				
	214	2	106.90917679017544	21.492051004210527	0.0	0.0	2	1.0194652997823015	-2.9015228324992113	230.0	26	1.05	0.95				
	215	2	174.69179918807015	35.26900677614035	0.0	0.0	2	1.0416603079774678	5.026359514343547	230.0	26	1.05	0.95				
	216	2	55.1078230877193	11.021564617543861	0.0	0.0	2	1.0433256320719615	4.599929624616973	230.0	26	1.05	0.95				
	217	1	0.0	0.0	0.0	0.0	2	1.0464589061024299	8.046387198147503	230.0	27	1.05	0.95				
	218	2	183.50905088210527	37.473319699649124	0.0	0.0	2	1.0496708230559286	9.058599825491697	230.0	27	1.05	0.95				
	219	1	99.74515978877193	20.38989454245614	0.0	0.0	2	1.0419863205621127	3.0614106331001953	230.0	25	1.05	0.95				
	220	1	70.5380135522807	14.32803400280702	0.0	0.0	2	1.0453600498322697	2.7648920991659125	230.0	25	1.05	0.95				
	221	2	0.0	0.0	0.0	0.0	2	1.0499999931856947	9.258927457777716	230.0	27	1.05	0.95				
	222	2	0.0	0.0	0.0	0.0	2	1.05	15.29470068604317	230.0	27	1.05	0.95				
	223	2	0.0	0.0	0.0	0.0	2	1.0482385380056762	3.006940531952537	230.0	25	1.05	0.95				
	224	1	0.0	0.0	0.0	0.0	2	1.0253226723343192	1.4863208497556146	230.0	26	1.05	0.95				
	301	2	62.76368239578948	12.785194562105263	0.0	0.0	3	1.0067093907804534	-31.921765818736738	138.0	31	1.05	0.95				
	302	2	56.37108511473684	11.622904147368422	0.0	0.0	3	1.0060138376439776	-32.07728628183815	138.0	32	1.05	0.95				
	303	1	104.60613732631579	21.50237267263158	0.0	0.0	3	1.0234086853713524	-24.220799148062802	138.0	31	1.05	0.95				
	304	1	43.00474534526316	8.717178110526316	0.0	0.0	3	1.006647872182532	-30.109874404341927	138.0	31	1.05	0.95				
	305	1	41.26130972315789	8.136032903157894	0.0	0.0	3	1.0203483272881653	-31.084897721356953	138.0	31	1.05	0.95				
	306	1	79.03574820210525	16.272065806315787	0.0	-100.0	3	1.035374609506778	-31.26658333747107	138.0	32	1.05	0.95				
	307	2	72.64315092105262	14.528630184210526	0.0	0.0	3	1.0027082983643847	-32.98563965114061	138.0	32	1.05	0.95				
	308	1	99.37583045999999	20.340082257894736	0.0	0.0	3	1.0018363393219298	-32.39132907520439	138.0	32	1.05	0.95				
	309	1	101.70041128947366	20.921227465263158	0.0	0.0	3	1.0274129301143329	-26.135215470915654	138.0	33	1.05	0.95				
	310	1	113.32331543684208	23.245808294736843	0.0	0.0	3	1.05	-28.382733144331365	138.0	33	1.05	0.95				
	311	1	0.0	0.0	0.0	0.0	3	1.0173283797054191	-21.388156716446943	230.0	33	1.05	0.95				
	312	1	0.0	0.0	0.0	0.0	3	1.0174710316387718	-20.775193350155206	230.0	33	1.05	0.95				
	313	2	154.00347995263158	31.38184119789474	0.0	0.0	3	1.0239146098881176	-17.776499355862413	230.0	34	1.05	0.95				
	314	2	112.74217022947369	22.66466308736842	0.0	0.0	3	1.0276218978675897	-18.71650798123986	230.0	36	1.05	0.95				
	315	2	184.22303073578945	37.193293271578945	0.0	0.0	3	1.048246145588262	-11.821777918051216	230.0	36	1.05	0.95				
	316	2	58.1145207368421	11.622904147368422	0.0	0.0	3	1.0484688708902345	-11.473719606380227	230.0	36	1.05	0.95				
	317	1	0.0	0.0	0.0	0.0	3	1.0496847183127973	-8.679157802115688	230.0	37	1.05	0.95				
	318	2	193.5213540536842	39.51787410105263	0.0	0.0	3	1.0497947261841167	-8.168276716734225	230.0	37	1.05	0.95				
	319	1	105.18728253368421	21.50237267263158	0.0	0.0	3	1.0455209403231418	-12.645575011139911	230.0	35	1.05	0.95				
	320	1	74.38658654315789	15.109775391578948	0.0	0.0	3	1.0476307927335975	-12.577597186948076	230.0	35	1.05	0.95				
	321	2	0.0	0.0	0.0	0.0	3	1.05	-7.736602472685127	230.0	37	1.05	0.95				
	322	2	0.0	0.0	0.0	0.0	3	1.05	-2.330280446165201	230.0	37	1.05	0.95				
	323	2	0.0	0.0	0.0	0.0	3	1.05	-12.115565082206011	230.0	35	1.05	0.95				
	324	1	0.0	0.0	0.0	0.0	3	1.0232773661887862	-16.407177166860595	230.0	36	1.05	0.95				
	325	1	0.0	0.0	0.0	0.0	3	1.0412466845879675	-10.341700205202962	230.0	35	1.05	0.95				
];
