%% MATPOWER Case Format : Version 2
function mpc = RTS_GMLC
mpc.version = '2';

%%-----  Power Flow Data  -----%%
%% system MVA base
mpc.baseMVA = 100.0;
%% bus data
%    bus_i    type    Pd    Qd    Gs    Bs    area    Vm    Va    baseKV    zone    Vmax    Vmin
mpc.bus = [
	101	2	44.82187037052633	9.13038100140351	0.0	0.0	1	1.0329063994400713	2.1012929651154084	138.0	11	1.05	0.95				
	102	2	40.256679869824566	8.300346364912281	0.0	0.0	1	1.0316997658688978	1.7164677405697124	138.0	12	1.05	0.95				
	103	1	74.70311728421053	15.35564077508772	0.0	0.0	1	1.0256315078194393	3.1270736390536022	138.0	11	1.05	0.95				
	104	1	30.71128155017544	6.225259773684211	0.0	0.0	1	1.0198919666554556	-1.0270981177550254	138.0	11	1.05	0.95				
	105	1	29.466229595438598	5.810242455438598	0.0	0.0	1	1.0357297425422167	-1.0256784005002344	138.0	11	1.05	0.95				
	106	1	56.44235528140351	11.620484910877195	0.0	-100.0	1	1.0455211595686924	-3.268003178969024	138.0	12	1.05	0.95				
	107	2	51.877164780701754	10.37543295614035	0.0	0.0	1	0.998073206208901	-11.395206866495522	138.0	12	1.05	0.95				
	108	1	70.96796142000001	14.525606138596492	0.0	0.0	1	1.001151343482758	-8.782960040204113	138.0	12	1.05	0.95				
	109	1	72.62803069298246	14.940623456842106	0.0	0.0	1	1.0224383533937453	-1.5828444488882656	138.0	13	1.05	0.95				
	110	1	80.92837705789474	16.600692729824562	0.0	0.0	1	1.05	-2.885326287478061	138.0	13	1.05	0.95				
	111	1	0.0	0.0	0.0	0.0	1	1.0046135328448433	0.7896670497152791	230.0	13	1.05	0.95				
	112	1	0.0	0.0	0.0	0.0	1	1.0086652591468779	-0.43890684992469375	230.0	13	1.05	0.95				
	113	3	109.97958933508771	22.410935185263163	0.0	0.0	1	0.9984316904786866	3.846872542886204e-29	230.0	14	1.05	0.95				
	114	2	80.51335973964913	16.18567541157895	0.0	0.0	1	1.0059294499908324	4.612564548535209	230.0	16	1.05	0.95				
	115	2	131.56048988385965	26.5611083677193	0.0	0.0	1	1.0320367930637326	14.554162347065814	230.0	16	1.05	0.95				
	116	2	41.5017318245614	8.300346364912281	0.0	0.0	1	1.0254812751409201	12.502039919261215	230.0	16	1.05	0.95				
	117	1	0.0	0.0	0.0	0.0	1	1.0318493465587248	18.670315550626505	230.0	17	1.05	0.95				
	118	2	138.2007669757895	28.221177640701754	0.0	0.0	1	1.0424071776368846	19.502267943224414	230.0	17	1.05	0.95				
	119	1	75.11813460245614	15.35564077508772	0.0	0.0	1	1.0147885024333294	7.8135339268179385	230.0	15	1.05	0.95				
	120	1	53.1222167354386	10.790450274385964	0.0	0.0	1	1.0132346546342017	4.5222505341941455	230.0	15	1.05	0.95				
	121	2	0.0	0.0	0.0	0.0	1	1.0424707317876234	21.301846729677365	230.0	17	1.05	0.95				
	122	2	0.0	0.0	0.0	0.0	1	1.05	37.16791251652585	230.0	17	1.05	0.95				
	123	2	0.0	0.0	0.0	0.0	1	1.013803122447724	3.0365257038483335	230.0	15	1.05	0.95				
	124	1	0.0	0.0	0.0	0.0	1	1.0154673923658206	10.256122117584402	230.0	16	1.05	0.95				
	201	2	43.94459311578947	8.951676375438597	0.0	0.0	2	1.0072954951619681	-18.327240096768037	138.0	21	1.05	0.95				
	202	2	39.46875492807017	8.137887614035089	0.0	0.0	2	1.006452865620979	-18.642695201253737	138.0	22	1.05	0.95				
	203	1	73.24098852631579	15.05509208596491	0.0	0.0	2	1.0133642890385153	-13.442295151981405	138.0	21	1.05	0.95				
	204	1	30.11018417192982	6.103415710526315	0.0	0.0	2	1.0090301690320598	-18.320324033887747	138.0	21	1.05	0.95				
	205	1	28.88950102982456	5.696521329824562	0.0	0.0	2	1.0236569033951743	-18.8421094451765	138.0	21	1.05	0.95				
	206	1	55.3376357754386	11.393042659649124	0.0	-100.0	2	1.0406822407320708	-19.64455809874667	138.0	22	1.05	0.95				
	207	2	50.861797587719295	10.172359517543859	0.0	0.0	2	0.989772169507633	-24.444911851990184	138.0	22	1.05	0.95				
	208	1	69.57893909999999	14.241303324561402	0.0	0.0	2	0.9978254980220078	-22.634645379304253	138.0	22	1.05	0.95				
	209	1	71.20651662280702	14.648197705263158	0.0	0.0	2	1.0228422858687551	-16.365924402983996	138.0	23	1.05	0.95				
	210	1	79.34440423684211	16.275775228070177	0.0	0.0	2	1.05	-18.04041537799875	138.0	23	1.05	0.95				
	211	1	0.0	0.0	0.0	0.0	2	1.007432752197032	-13.382378180739499	230.0	23	1.05	0.95				
	212	1	0.0	0.0	0.0	0.0	2	1.014382327278134	-12.917924485018398	230.0	23	1.05	0.95				
	213	2	107.82701088596491	21.972296557894737	0.0	0.0	2	1.0079238949106093	-12.296809446204835	230.0	24	1.05	0.95				
	214	2	78.93750985614034	15.868880847368422	0.0	0.0	2	1.0071298576451062	-10.414028040895047	230.0	26	1.05	0.95				
	215	2	128.98551868245613	26.041240364912284	0.0	0.0	2	1.0242048419785865	-3.149464718250224	230.0	26	1.05	0.95				
	216	2	40.689438070175434	8.137887614035089	0.0	0.0	2	1.0273226835807325	-3.7959926816944844	230.0	26	1.05	0.95				
	217	1	0.0	0.0	0.0	0.0	2	1.0284136152512953	-1.5938666783954751	230.0	27	1.05	0.95				
	218	2	135.4958287736842	27.6688178877193	0.0	0.0	2	1.027848851506789	-2.122694975117322	230.0	27	1.05	0.95				
	219	1	73.64788290701755	15.05509208596491	0.0	0.0	2	1.035061958049635	-4.715508474137398	230.0	25	1.05	0.95				
	220	1	52.08248072982457	10.579253898245614	0.0	0.0	2	1.0444411158152447	-4.7234204612361514	230.0	25	1.05	0.95				
	221	2	0.0	0.0	0.0	0.0	2	1.0299829774462141	-1.660883086967493	230.0	27	1.05	0.95				
	222	2	0.0	0.0	0.0	0.0	2	1.0499999956614654	4.857243904374254	230.0	27	1.05	0.95				
	223	2	0.0	0.0	0.0	0.0	2	1.05	-4.428808505174209	230.0	25	1.05	0.95				
	224	1	0.0	0.0	0.0	0.0	2	1.0075020285481855	-7.002727078256274	230.0	26	1.05	0.95				
	301	2	44.55298955368421	9.075608983157895	0.0	0.0	3	1.0239084550872974	15.811481086594078	138.0	31	1.05	0.95				
	302	2	40.01518506210526	8.250553621052632	0.0	0.0	3	1.0218551047129572	15.459444786173693	138.0	32	1.05	0.95				
	303	1	74.2549825894737	15.263524198947371	0.0	0.0	3	1.05	30.32348076674879	138.0	31	1.05	0.95				
	304	1	30.527048397894742	6.187915215789474	0.0	0.0	3	1.0130951561181867	16.506894894056664	138.0	31	1.05	0.95				
	305	1	29.289465354736844	5.775387534736843	0.0	0.0	3	1.0307312908925481	14.382597330582316	138.0	31	1.05	0.95				
	306	1	56.1037646231579	11.550775069473685	0.0	-100.0	3	1.0420727798759284	13.070950740507836	138.0	32	1.05	0.95				
	307	2	51.56596013157895	10.31319202631579	0.0	0.0	3	0.95	9.51420133591627	138.0	32	1.05	0.95				
	308	1	70.54223346	14.438468836842105	0.0	0.0	3	0.9726673499106443	11.25578890223544	138.0	32	1.05	0.95				
	309	1	72.19234418421053	14.850996517894737	0.0	0.0	3	1.0183122976236232	19.086478804146758	138.0	33	1.05	0.95				
	310	1	80.44289780526316	16.501107242105263	0.0	0.0	3	1.0474034649140886	14.26264935555645	138.0	33	1.05	0.95				
	311	1	0.0	0.0	0.0	0.0	3	1.0063822071216857	17.82992843270698	230.0	33	1.05	0.95				
	312	1	0.0	0.0	0.0	0.0	3	1.0123861050318534	18.276412401907248	230.0	33	1.05	0.95				
	313	2	109.31983547894737	22.276494776842107	0.0	0.0	3	1.0096819528816214	20.03194296116505	230.0	34	1.05	0.95				
	314	2	80.03037012421052	16.088579561052633	0.0	0.0	3	0.9996750923160123	17.148789146382814	230.0	36	1.05	0.95				
	315	2	130.77127489368422	26.401771587368422	0.0	0.0	3	1.0466042155054025	18.944079172689523	230.0	36	1.05	0.95				
	316	2	41.25276810526316	8.250553621052632	0.0	0.0	3	1.029315500957448	18.66852842811003	230.0	36	1.05	0.95				
	317	1	0.0	0.0	0.0	0.0	3	1.0494526611838724	21.454308161111996	230.0	37	1.05	0.95				
	318	2	137.37171779052633	28.05188231157895	0.0	0.0	3	1.05	18.287131357032482	230.0	37	1.05	0.95				
	319	1	74.66751027052632	15.263524198947371	0.0	0.0	3	1.0227273552627432	17.97357474672661	230.0	35	1.05	0.95				
	320	1	52.803543174736845	10.725719707368423	0.0	0.0	3	1.019743982727238	18.177229330493255	230.0	35	1.05	0.95				
	321	2	0.0	0.0	0.0	0.0	3	1.05	19.154998472324213	230.0	37	1.05	0.95				
	322	2	0.0	0.0	0.0	0.0	3	1.05	24.40463137291166	230.0	37	1.05	0.95				
	323	2	0.0	0.0	0.0	0.0	3	1.018642975855309	18.61348459076245	230.0	35	1.05	0.95				
	324	1	0.0	0.0	0.0	0.0	3	1.0443050599902055	23.294128671078404	230.0	36	1.05	0.95				
	325	1	0.0	0.0	0.0	0.0	3	1.0209438419321586	18.855306993516894	230.0	35	1.05	0.95				
];
