%% MATPOWER Case Format : Version 2
function mpc = RTS_GMLC
mpc.version = '2';

%%-----  Power Flow Data  -----%%
%% system MVA base
mpc.baseMVA = 100.0;
%% bus data
%    bus_i    type    Pd    Qd    Gs    Bs    area    Vm    Va    baseKV    zone    Vmax    Vmin
mpc.bus = [
	101	2	83.91241959157895	17.09327065754386	0.0	0.0	1	1.0496312615095178	-0.07186479272089596	138.0	11	1.05	0.95				
	102	2	75.36578426280703	15.53933696140351	0.0	0.0	1	1.0488686823466262	-0.3741985876091726	138.0	12	1.05	0.95				
	103	1	139.8540326526316	28.74777337859649	0.0	0.0	1	1.02436207728588	-0.4068034028879246	138.0	11	1.05	0.95				
	104	1	57.49554675719298	11.654502721052632	0.0	0.0	1	1.0246777619569758	-3.9011338725074554	138.0	11	1.05	0.95				
	105	1	55.16464621298246	10.877535872982458	0.0	0.0	1	1.038544378106595	-4.444288834244259	138.0	11	1.05	0.95				
	106	1	105.66749133754388	21.755071745964916	0.0	-100.0	1	1.0383674775190674	-7.6582421528544735	138.0	12	1.05	0.95				
	107	2	97.12085600877194	19.424171201754387	0.0	0.0	1	1.01126763032191	-13.209757177686148	138.0	12	1.05	0.95				
	108	1	132.86133102	27.19383968245614	0.0	0.0	1	0.9994879749098334	-12.458467580617505	138.0	12	1.05	0.95				
	109	1	135.9691984122807	27.970806530526314	0.0	0.0	1	1.0253745138256523	-4.77717475752581	138.0	13	1.05	0.95				
	110	1	151.5085353736842	31.07867392280702	0.0	0.0	1	1.05	-6.517376653984008	138.0	13	1.05	0.95				
	111	1	0.0	0.0	0.0	0.0	1	1.0183995457728814	-1.4929367425890472	230.0	13	1.05	0.95				
	112	1	0.0	0.0	0.0	0.0	1	1.018317975203014	-1.34172390601	230.0	13	1.05	0.95				
	113	3	205.89621473859648	41.956209795789476	0.0	0.0	1	1.019901478604878	-8.584925843121948e-31	230.0	14	1.05	0.95				
	114	2	150.73156852561405	30.301707074736843	0.0	0.0	1	1.0280010937896586	1.3301752409679486	230.0	16	1.05	0.95				
	115	2	246.29849083824558	49.72587827649123	0.0	0.0	1	1.0414076364970373	11.600893717536103	230.0	16	1.05	0.95				
	116	2	77.69668480701755	15.53933696140351	0.0	0.0	1	1.0410312790194198	10.106323712784379	230.0	16	1.05	0.95				
	117	1	0.0	0.0	0.0	0.0	1	1.045083338837985	14.65619144715522	230.0	17	1.05	0.95				
	118	2	258.7299604073684	52.83374566877194	0.0	0.0	1	1.049999993910799	15.58904798539325	230.0	17	1.05	0.95				
	119	1	140.63099950070176	28.74777337859649	0.0	0.0	1	1.0352510482742738	7.3104439422075655	230.0	15	1.05	0.95				
	120	1	99.45175655298246	20.201138049824564	0.0	0.0	1	1.0376618434721485	5.955209891619671	230.0	15	1.05	0.95				
	121	2	0.0	0.0	0.0	0.0	1	1.05	17.862871889451768	230.0	17	1.05	0.95				
	122	2	0.0	0.0	0.0	0.0	1	1.05	26.055308916289587	230.0	17	1.05	0.95				
	123	2	0.0	0.0	0.0	0.0	1	1.0411095882900283	5.787319605678693	230.0	15	1.05	0.95				
	124	1	0.0	0.0	0.0	0.0	1	1.0199726563782738	7.128779156094606	230.0	16	1.05	0.95				
	201	2	84.13222100210525	17.138045018947366	0.0	0.0	2	1.0392749321617691	-14.318056829186645	138.0	21	1.05	0.95				
	202	2	75.56319849263157	15.580040926315789	0.0	0.0	2	1.0399209723939806	-14.304288618406057	138.0	22	1.05	0.95				
	203	1	140.2203683368421	28.82307571368421	0.0	0.0	2	1.0179326678421314	-12.23055933422	138.0	21	1.05	0.95				
	204	1	57.64615142736842	11.68503069473684	0.0	0.0	2	1.018304148588634	-15.245032137009376	138.0	21	1.05	0.95				
	205	1	55.30914528842105	10.906028648421053	0.0	0.0	2	1.034791871613011	-15.62288887266102	138.0	21	1.05	0.95				
	206	1	105.94427829894737	21.812057296842106	0.0	-100.0	2	1.0378197201008261	-17.071695720693345	138.0	22	1.05	0.95				
	207	2	97.37525578947368	19.475051157894736	0.0	0.0	2	0.9518963089577199	-28.609237316459016	138.0	22	1.05	0.95				
	208	1	133.20934991999997	27.265071621052627	0.0	0.0	2	0.958150159487424	-24.680767948097284	138.0	22	1.05	0.95				
	209	1	136.32535810526315	28.04407366736842	0.0	0.0	2	1.0255435638842756	-12.861892374558538	138.0	23	1.05	0.95				
	210	1	151.90539903157892	31.160081852631578	0.0	0.0	2	1.05	-14.495188041469914	138.0	23	1.05	0.95				
	211	1	0.0	0.0	0.0	0.0	2	1.0319648159614598	-8.569430285016042	230.0	23	1.05	0.95				
	212	1	0.0	0.0	0.0	0.0	2	1.0248406600968103	-3.1590477873316964	230.0	23	1.05	0.95				
	213	2	206.43554227368418	42.06611050105263	0.0	0.0	2	1.0458592560820752	-5.254744080921511	230.0	24	1.05	0.95				
	214	2	151.12639698526314	30.381079806315785	0.0	0.0	2	1.0479389861797503	-6.578171848219398	230.0	26	1.05	0.95				
	215	2	246.94364868210522	49.85613096421052	0.0	0.0	2	1.043936675574454	0.7987504958496414	230.0	26	1.05	0.95				
	216	2	77.90020463157894	15.580040926315789	0.0	0.0	2	1.0465663020698384	1.0753461311933887	230.0	26	1.05	0.95				
	217	1	0.0	0.0	0.0	0.0	2	1.0473042435171263	3.206297405521208	230.0	27	1.05	0.95				
	218	2	259.4076814231579	52.97213914947368	0.0	0.0	2	1.0469665851581862	3.0367496393779625	230.0	27	1.05	0.95				
	219	1	140.9993703831579	28.82307571368421	0.0	0.0	2	1.0413607424801345	2.310919147252008	230.0	25	1.05	0.95				
	220	1	99.71226192842104	20.254053204210525	0.0	0.0	2	1.0446501474084298	4.848674383906521	230.0	25	1.05	0.95				
	221	2	0.0	0.0	0.0	0.0	2	1.0475382720974784	3.065345352178039	230.0	27	1.05	0.95				
	222	2	0.0	0.0	0.0	0.0	2	1.05	9.631023966495166	230.0	27	1.05	0.95				
	223	2	0.0	0.0	0.0	0.0	2	1.05	6.801462442186702	230.0	25	1.05	0.95				
	224	1	0.0	0.0	0.0	0.0	2	1.0177207543305837	-4.015413495311632	230.0	26	1.05	0.95				
	301	2	75.72983233263159	15.426447327017545	0.0	0.0	3	0.9990165985316211	22.541262286102164	138.0	31	1.05	0.95				
	302	2	68.0166086691228	14.024043024561403	0.0	0.0	3	0.9975977686859511	22.25460644390593	138.0	32	1.05	0.95				
	303	1	126.21638722105264	25.944479595438597	0.0	0.0	3	1.044444994376031	34.468422405398925	138.0	31	1.05	0.95				
	304	1	51.888959190877195	10.518032268421052	0.0	0.0	3	1.0013185303557304	24.20848545388526	138.0	31	1.05	0.95				
	305	1	49.78535273719298	9.816830117192984	0.0	0.0	3	1.0147573635768534	23.005383704940417	138.0	31	1.05	0.95				
	306	1	95.36349256701754	19.633660234385967	0.0	-100.0	3	1.0296989677832737	22.497503796685457	138.0	32	1.05	0.95				
	307	2	87.65026890350877	17.530053780701753	0.0	0.0	3	0.9838783038387584	17.67177243180901	138.0	32	1.05	0.95				
	308	1	119.90556785999999	24.542075292982453	0.0	0.0	3	0.9925546281988737	20.91905760877897	138.0	32	1.05	0.95				
	309	1	122.71037646491227	25.243277444210527	0.0	0.0	3	1.0296150143532279	28.650727179258936	138.0	33	1.05	0.95				
	310	1	136.73441948947368	28.048086049122805	0.0	0.0	3	1.05	25.726139039421945	138.0	33	1.05	0.95				
	311	1	0.0	0.0	0.0	0.0	3	1.0216681840330972	31.79548654504059	230.0	33	1.05	0.95				
	312	1	0.0	0.0	0.0	0.0	3	1.028089289383726	32.809773478723734	230.0	33	1.05	0.95				
	313	2	185.81857007543857	37.864916166315794	0.0	0.0	3	1.046120320885891	39.25865081877367	230.0	34	1.05	0.95				
	314	2	136.0332173382456	27.346883897894735	0.0	0.0	3	1.021466684629605	29.725280477329807	230.0	36	1.05	0.95				
	315	2	222.28108193929822	44.87693767859649	0.0	0.0	3	1.0499999952489205	24.679166841227385	230.0	36	1.05	0.95				
	316	2	70.12021512280701	14.024043024561403	0.0	0.0	3	1.0435463884514407	25.417949231348384	230.0	36	1.05	0.95				
	317	1	0.0	0.0	0.0	0.0	3	1.05	25.116934503791423	230.0	37	1.05	0.95				
	318	2	233.5003163589474	47.68174628350877	0.0	0.0	3	1.047553346091818	22.64998843016562	230.0	37	1.05	0.95				
	319	1	126.9175893722807	25.944479595438597	0.0	0.0	3	1.0422828024305861	27.09951563274847	230.0	35	1.05	0.95				
	320	1	89.75387535719298	18.231255931929823	0.0	0.0	3	1.0443719920509336	28.493333301445794	230.0	35	1.05	0.95				
	321	2	0.0	0.0	0.0	0.0	3	1.0489154447067859	23.945426671528562	230.0	37	1.05	0.95				
	322	2	0.0	0.0	0.0	0.0	3	1.05	28.751533782490785	230.0	37	1.05	0.95				
	323	2	0.0	0.0	0.0	0.0	3	1.045699670508001	29.00188487898426	230.0	35	1.05	0.95				
	324	1	0.0	0.0	0.0	0.0	3	1.0474248946412072	30.324863022254522	230.0	36	1.05	0.95				
	325	1	0.0	0.0	0.0	0.0	3	1.047344169604648	28.06224321682276	230.0	35	1.05	0.95				
];
