%% MATPOWER Case Format : Version 2
function mpc = RTS_GMLC
mpc.version = '2';

%%-----  Power Flow Data  -----%%
%% system MVA base
mpc.baseMVA = 100.0;
%% bus data
%    bus_i    type    Pd    Qd    Gs    Bs    area    Vm    Va    baseKV    zone    Vmax    Vmin
mpc.bus = [
	101	2	65.44928254736843	13.332261259649123	0.0	0.0	1	1.049999998315054	1.3908453404250607	138.0	11	1.05	0.95				
	102	2	58.783151917543854	12.12023750877193	0.0	0.0	1	1.049025427026906	1.03198778269422	138.0	12	1.05	0.95				
	103	1	109.08213757894735	22.422439391228068	0.0	0.0	1	1.0313219000301563	-0.5767348657087777	138.0	11	1.05	0.95				
	104	1	44.844878782456135	9.090178131578947	0.0	0.0	1	1.0280116102539345	-2.472240988961324	138.0	11	1.05	0.95				
	105	1	43.02684315614035	8.484166256140352	0.0	0.0	1	1.0410551704865216	-2.8127091222829055	138.0	11	1.05	0.95				
	106	1	82.41761505964914	16.968332512280703	0.0	-100.0	1	1.0434800669872015	-5.8095983726014975	138.0	12	1.05	0.95				
	107	2	75.75148442982456	15.150296885964911	0.0	0.0	1	0.99946266216878	-12.554571436343263	138.0	12	1.05	0.95				
	108	1	103.6280307	21.210415640350874	0.0	0.0	1	0.9976741220363491	-11.098880318337443	138.0	12	1.05	0.95				
	109	1	106.05207820175437	21.81642751578947	0.0	0.0	1	1.0254707723542738	-4.030602109599199	138.0	13	1.05	0.95				
	110	1	118.1723157105263	24.24047501754386	0.0	0.0	1	1.05	-5.25024929625169	138.0	13	1.05	0.95				
	111	1	0.0	0.0	0.0	0.0	1	1.0101936755549394	-1.5726996677343696	230.0	13	1.05	0.95				
	112	1	0.0	0.0	0.0	0.0	1	1.0127600938737331	-1.4801138594355536	230.0	13	1.05	0.95				
	113	3	160.59314699122805	32.72464127368421	0.0	0.0	1	1.0073234863330693	-2.5613047762712635e-31	230.0	14	1.05	0.95				
	114	2	117.56630383508771	23.634463142105265	0.0	0.0	1	1.0115288138654235	0.1995773076899293	230.0	16	1.05	0.95				
	115	2	192.10576451403506	38.784760028070174	0.0	0.0	1	1.0421780733441617	7.421560658606717	230.0	16	1.05	0.95				
	116	2	60.601187543859645	12.12023750877193	0.0	0.0	1	1.0383202342742905	6.346918679362381	230.0	16	1.05	0.95				
	117	1	0.0	0.0	0.0	0.0	1	1.0439049685440291	10.087037156097754	230.0	17	1.05	0.95				
	118	2	201.80195452105264	41.20880752982457	0.0	0.0	1	1.0474558575568294	10.996419455745968	230.0	17	1.05	0.95				
	119	1	109.68814945438596	22.422439391228068	0.0	0.0	1	1.028393330335684	4.198708861524082	230.0	15	1.05	0.95				
	120	1	77.56952005614035	15.75630876140351	0.0	0.0	1	1.0247453866146634	3.1078113432381884	230.0	15	1.05	0.95				
	121	2	0.0	0.0	0.0	0.0	1	1.05	12.910332944955746	230.0	17	1.05	0.95				
	122	2	0.0	0.0	0.0	0.0	1	1.05	18.355961812650353	230.0	17	1.05	0.95				
	123	2	0.0	0.0	0.0	0.0	1	1.0240940330561537	2.969729258920789	230.0	15	1.05	0.95				
	124	1	0.0	0.0	0.0	0.0	1	1.02786785059911	4.431111095341786	230.0	16	1.05	0.95				
	201	2	57.85046435368423	11.784353849824564	0.0	0.0	2	1.0150156623639526	-11.451012720105435	138.0	21	1.05	0.95				
	202	2	51.95828742877193	10.713048954385968	0.0	0.0	2	1.014615968646936	-11.582842854711936	138.0	22	1.05	0.95				
	203	1	96.4174405894737	19.81914056561404	0.0	0.0	2	1.0141752801042645	-9.072731192921552	138.0	21	1.05	0.95				
	204	1	39.63828113122808	8.034786715789474	0.0	0.0	2	1.011287260015639	-10.946846355404162	138.0	21	1.05	0.95				
	205	1	38.031323788070175	7.499134268070177	0.0	0.0	2	1.0256155951633816	-11.310990395390899	138.0	21	1.05	0.95				
	206	1	72.84873288982457	14.998268536140355	0.0	-100.0	2	1.0389577979031923	-11.819871581084794	138.0	22	1.05	0.95				
	207	2	66.95655596491228	13.391311192982458	0.0	0.0	2	0.9942019944331043	-18.692068925296237	138.0	22	1.05	0.95				
	208	1	91.59656856000001	18.74783567017544	0.0	0.0	2	0.9953991087810964	-16.16736340660211	138.0	22	1.05	0.95				
	209	1	93.73917835087721	19.28348811789474	0.0	0.0	2	1.0253527035170689	-8.225264712593473	138.0	23	1.05	0.95				
	210	1	104.45222730526318	21.426097908771936	0.0	0.0	2	1.05	-9.452761703817952	138.0	23	1.05	0.95				
	211	1	0.0	0.0	0.0	0.0	2	1.0121433728303209	-4.853568762346782	230.0	23	1.05	0.95				
	212	1	0.0	0.0	0.0	0.0	2	1.0163307763886262	-0.05789851067159645	230.0	23	1.05	0.95				
	213	2	141.94789864561406	28.925232176842115	0.0	0.0	2	1.0150392445885814	-1.8247793687801714	230.0	24	1.05	0.95				
	214	2	103.91657485754386	20.890445461052636	0.0	0.0	2	1.013845102097995	-3.4681008331636267	230.0	26	1.05	0.95				
	215	2	169.80182592701755	34.28175665403509	0.0	0.0	2	1.0302240618438836	1.5227180159678948	230.0	26	1.05	0.95				
	216	2	53.565244771929834	10.713048954385968	0.0	0.0	2	1.030917168965144	1.7801793791566691	230.0	26	1.05	0.95				
	217	1	0.0	0.0	0.0	0.0	2	1.0334095175158877	2.4560572667534046	230.0	27	1.05	0.95				
	218	2	178.37226509052635	36.42436644491229	0.0	0.0	2	1.0320033405952265	1.8603209790265893	230.0	27	1.05	0.95				
	219	1	96.953093037193	19.81914056561404	0.0	0.0	2	1.0317337567573366	3.0865186096019817	230.0	25	1.05	0.95				
	220	1	68.56351330807018	13.926963640701755	0.0	0.0	2	1.0372740693978895	5.242328921220612	230.0	25	1.05	0.95				
	221	2	0.0	0.0	0.0	0.0	2	1.0341846655811806	2.5495159434615133	230.0	27	1.05	0.95				
	222	2	0.0	0.0	0.0	0.0	2	1.05	9.0092916488823	230.0	27	1.05	0.95				
	223	2	0.0	0.0	0.0	0.0	2	1.0423556901332085	6.815012422094033	230.0	25	1.05	0.95				
	224	1	0.0	0.0	0.0	0.0	2	1.0111313078417843	-2.4240828307406264	230.0	26	1.05	0.95				
	301	2	56.733312240000004	11.556785826666667	0.0	0.0	3	0.9997249057985778	15.464125517774814	138.0	31	1.05	0.95				
	302	2	50.95491932666666	10.506168933333333	0.0	0.0	3	0.9993251248345857	15.35927326405114	138.0	32	1.05	0.95				
	303	1	94.5555204	19.436412526666665	0.0	0.0	3	1.0291445265741754	20.313518338321675	138.0	31	1.05	0.95				
	304	1	38.87282505333333	7.879626699999999	0.0	0.0	3	1.0053227245736633	16.93707382586893	138.0	31	1.05	0.95				
	305	1	37.29689971333333	7.354318253333333	0.0	0.0	3	1.0174051788921856	16.652019638952495	138.0	31	1.05	0.95				
	306	1	71.44194874666667	14.708636506666666	0.0	-100.0	3	1.035321579776523	16.70762671202131	138.0	32	1.05	0.95				
	307	2	65.66355583333333	13.132711166666667	0.0	0.0	3	0.9831987835542835	13.235760775694835	138.0	32	1.05	0.95				
	308	1	89.82774438	18.38579563333333	0.0	0.0	3	0.9973080259286337	15.537401766901073	138.0	32	1.05	0.95				
	309	1	91.92897816666667	18.911104079999998	0.0	0.0	3	1.0277297205086602	20.36613980485473	138.0	33	1.05	0.95				
	310	1	102.4351471	21.012337866666666	0.0	0.0	3	1.05	19.52200371255201	138.0	33	1.05	0.95				
	311	1	0.0	0.0	0.0	0.0	3	1.0104286908342877	24.424151957790528	230.0	33	1.05	0.95				
	312	1	0.0	0.0	0.0	0.0	3	1.0182018600076108	25.390738012763514	230.0	33	1.05	0.95				
	313	2	139.20673836666666	28.366656120000002	0.0	0.0	3	1.025648774163246	31.589046721523868	230.0	34	1.05	0.95				
	314	2	101.90983865333332	20.48702942	0.0	0.0	3	1.0062771340110688	22.6312354730406	230.0	36	1.05	0.95				
	315	2	166.5227775933333	33.619740586666666	0.0	0.0	3	1.0331633447934463	16.862486642614908	230.0	36	1.05	0.95				
	316	2	52.53084466666667	10.506168933333333	0.0	0.0	3	1.0323082049687964	17.72210818718369	230.0	36	1.05	0.95				
	317	1	0.0	0.0	0.0	0.0	3	1.0381557976525955	16.46487068145567	230.0	37	1.05	0.95				
	318	2	174.92771274	35.720974373333334	0.0	0.0	3	1.0377802718125533	15.206382073568236	230.0	37	1.05	0.95				
	319	1	95.08082884666666	19.436412526666665	0.0	0.0	3	1.0317635765782311	20.07789196897635	230.0	35	1.05	0.95				
	320	1	67.23948117333333	13.658019613333334	0.0	0.0	3	1.0326087215569255	21.60006653587065	230.0	35	1.05	0.95				
	321	2	0.0	0.0	0.0	0.0	3	1.0379933275661435	16.323382860917604	230.0	37	1.05	0.95				
	322	2	0.0	0.0	0.0	0.0	3	1.049999993701568	20.689545828465487	230.0	37	1.05	0.95				
	323	2	0.0	0.0	0.0	0.0	3	1.0327519505657534	22.141350972494386	230.0	35	1.05	0.95				
	324	1	0.0	0.0	0.0	0.0	3	1.0313208749028377	20.093277534675174	230.0	36	1.05	0.95				
	325	1	0.0	0.0	0.0	0.0	3	1.0356190655019475	21.360889386906948	230.0	35	1.05	0.95				
];
