%% MATPOWER Case Format : Version 2
function mpc = RTS_GMLC
mpc.version = '2';

%%-----  Power Flow Data  -----%%
%% system MVA base
mpc.baseMVA = 100.0;
%% bus data
%    bus_i    type    Pd    Qd    Gs    Bs    area    Vm    Va    baseKV    zone    Vmax    Vmin
mpc.bus = [
	101	2	81.86838199578949	16.67689262877193	0.0	0.0	1	1.0323776120403525	-2.7529009399210644	138.0	11	1.05	0.95				
	102	2	73.52993568140351	15.160811480701755	0.0	0.0	1	1.0323586353133705	-2.818628984221679	138.0	12	1.05	0.95				
	103	1	136.44730332631582	28.047501239298246	0.0	0.0	1	1.0191876489032166	-2.81758809778832	138.0	11	1.05	0.95				
	104	1	56.09500247859649	11.370608610526316	0.0	0.0	1	1.0157964077691168	-5.545698388876414	138.0	11	1.05	0.95				
	105	1	53.82088075649123	10.61256803649123	0.0	0.0	1	1.0311149711731231	-5.62909115297152	138.0	11	1.05	0.95				
	106	1	103.09351806877194	21.22513607298246	0.0	-100.0	1	1.0359393765374905	-7.9296667249061805	138.0	12	1.05	0.95				
	107	2	94.75507175438597	18.951014350877195	0.0	0.0	1	1.047549916706797	-4.1293205579076515	138.0	12	1.05	0.95				
	108	1	129.62493816	26.53142009122807	0.0	0.0	1	1.023856238968782	-7.017521727416614	138.0	12	1.05	0.95				
	109	1	132.65710045614037	27.28946066526316	0.0	0.0	1	1.0265871588933335	-4.706454779270329	138.0	13	1.05	0.95				
	110	1	147.8179119368421	30.32162296140351	0.0	0.0	1	1.05	-6.1497130929030766	138.0	13	1.05	0.95				
	111	1	0.0	0.0	0.0	0.0	1	1.015239991063005	-1.6255187584505213	230.0	13	1.05	0.95				
	112	1	0.0	0.0	0.0	0.0	1	1.0166165868515857	-0.783522927757312	230.0	13	1.05	0.95				
	113	3	200.88075211929825	40.934190997894746	0.0	0.0	1	1.016555830734337	-5.024041510436316e-28	230.0	14	1.05	0.95				
	114	2	147.05987136280703	29.56358238736842	0.0	0.0	1	1.0199103621106622	0.7799879610147226	230.0	16	1.05	0.95				
	115	2	240.2988619691228	48.514596738245615	0.0	0.0	1	1.0450248400812827	9.131332326220827	230.0	16	1.05	0.95				
	116	2	75.80405740350878	15.160811480701755	0.0	0.0	1	1.0444089596145143	8.751086511282303	230.0	16	1.05	0.95				
	117	1	0.0	0.0	0.0	0.0	1	1.0471573992548964	12.181968942762945	230.0	17	1.05	0.95				
	118	2	252.42751115368424	51.54675903438597	0.0	0.0	1	1.0499912204731396	12.674204277587616	230.0	17	1.05	0.95				
	119	1	137.2053439003509	28.047501239298246	0.0	0.0	1	1.0389262823671763	7.350355269775509	230.0	15	1.05	0.95				
	120	1	97.02919347649123	19.70905492491228	0.0	0.0	1	1.0410261044964628	7.559951272783331	230.0	15	1.05	0.95				
	121	2	0.0	0.0	0.0	0.0	1	1.05	13.289981909744984	230.0	17	1.05	0.95				
	122	2	0.0	0.0	0.0	0.0	1	1.05	22.44531021026822	230.0	17	1.05	0.95				
	123	2	0.0	0.0	0.0	0.0	1	1.0442851146357044	8.232091542364618	230.0	15	1.05	0.95				
	124	1	0.0	0.0	0.0	0.0	1	1.0203424062064717	4.717990057957401	230.0	16	1.05	0.95				
	201	2	82.17723910736844	16.73980796631579	0.0	0.0	2	1.041948676976236	-11.043877514573852	138.0	21	1.05	0.95				
	202	2	73.80733512421052	15.218007242105266	0.0	0.0	2	1.041951662273266	-11.194553180340655	138.0	22	1.05	0.95				
	203	1	136.96206517894737	28.153313397894742	0.0	0.0	2	1.0268469266665563	-7.783125261227517	138.0	21	1.05	0.95				
	204	1	56.306626795789484	11.413505431578947	0.0	0.0	2	1.0196503867851117	-12.918935052406024	138.0	21	1.05	0.95				
	205	1	54.02392570947369	10.652605069473687	0.0	0.0	2	1.036252928892391	-13.324401284241867	138.0	21	1.05	0.95				
	206	1	103.4824492463158	21.305210138947373	0.0	-100.0	2	1.0385603272439838	-15.331830813665924	138.0	22	1.05	0.95				
	207	2	95.11254526315791	19.02250905263158	0.0	0.0	2	0.9562958970393974	-26.797904324531956	138.0	22	1.05	0.95				
	208	1	130.11396192	26.63151267368421	0.0	0.0	2	0.9617384280431224	-22.98373849198195	138.0	22	1.05	0.95				
	209	1	133.15756336842105	27.392413035789474	0.0	0.0	2	1.0254713282640908	-11.265800016431283	138.0	23	1.05	0.95				
	210	1	148.37557061052632	30.43601448421053	0.0	0.0	2	1.05	-13.262499710169513	138.0	23	1.05	0.95				
	211	1	0.0	0.0	0.0	0.0	2	1.0293259652643016	-6.280140172022823	230.0	23	1.05	0.95				
	212	1	0.0	0.0	0.0	0.0	2	1.0214526394285126	-5.068929302261439	230.0	23	1.05	0.95				
	213	2	201.63859595789475	41.08861955368422	0.0	0.0	2	1.0423362329972523	-2.7282474726482113	230.0	24	1.05	0.95				
	214	2	147.61467024842105	29.675114122105267	0.0	0.0	2	1.0472399764351574	-3.628880438657577	230.0	26	1.05	0.95				
	215	2	241.20541478736843	48.69762317473685	0.0	0.0	2	1.0452061628436886	4.910106168407681	230.0	26	1.05	0.95				
	216	2	76.09003621052632	15.218007242105266	0.0	0.0	2	1.049299368013404	4.817977192210049	230.0	26	1.05	0.95				
	217	1	0.0	0.0	0.0	0.0	2	1.0495366906132773	8.032728830052136	230.0	27	1.05	0.95				
	218	2	253.37982058105268	51.7412246231579	0.0	0.0	2	1.05	8.790463844933468	230.0	27	1.05	0.95				
	219	1	137.72296554105264	28.153313397894742	0.0	0.0	2	1.0441801888693174	4.288243060761162	230.0	25	1.05	0.95				
	220	1	97.3952463494737	19.783409414736845	0.0	0.0	2	1.0464075961994854	5.248255900041565	230.0	25	1.05	0.95				
	221	2	0.0	0.0	0.0	0.0	2	1.05	9.219515571598226	230.0	27	1.05	0.95				
	222	2	0.0	0.0	0.0	0.0	2	1.05	15.26580921715463	230.0	27	1.05	0.95				
	223	2	0.0	0.0	0.0	0.0	2	1.05	6.327566519650417	230.0	25	1.05	0.95				
	224	1	0.0	0.0	0.0	0.0	2	1.0222846863536341	0.18714804387067682	230.0	26	1.05	0.95				
	301	2	77.36981968421053	15.760518824561403	0.0	0.0	3	1.0167437319766621	-18.995201012769265	138.0	31	1.05	0.95				
	302	2	69.48956027192982	14.32774438596491	0.0	0.0	3	1.0150017938537084	-19.438387574650623	138.0	32	1.05	0.95				
	303	1	128.9496994736842	26.506327114035084	0.0	0.0	3	1.0301567520008243	-10.430196209339302	138.0	31	1.05	0.95				
	304	1	53.01265422807017	10.745808289473684	0.0	0.0	3	1.0087135693316756	-18.181765143494054	138.0	31	1.05	0.95				
	305	1	50.86349257017543	10.029421070175438	0.0	0.0	3	1.0239140370945818	-19.145468693583755	138.0	31	1.05	0.95				
	306	1	97.4286618245614	20.058842140350876	0.0	-100.0	3	1.0336288782465552	-20.026539099067115	138.0	32	1.05	0.95				
	307	2	89.5484024122807	17.90968048245614	0.0	0.0	3	1.0087663429826241	-21.362216356283223	138.0	32	1.05	0.95				
	308	1	122.50221449999998	25.07355267543859	0.0	0.0	3	1.001372364584103	-21.193889127483306	138.0	32	1.05	0.95				
	309	1	125.36776337719297	25.78993989473684	0.0	0.0	3	1.028221184820822	-14.230587681816472	138.0	33	1.05	0.95				
	310	1	139.69550776315788	28.65548877192982	0.0	0.0	3	1.05	-17.004020845628062	138.0	33	1.05	0.95				
	311	1	0.0	0.0	0.0	0.0	3	1.0221396943941459	-9.688599624170179	230.0	33	1.05	0.95				
	312	1	0.0	0.0	0.0	0.0	3	1.0200500188750394	-8.818455549685405	230.0	33	1.05	0.95				
	313	2	189.8426131140351	38.68490984210526	0.0	0.0	3	1.0323639746088902	-5.649640135885519	230.0	34	1.05	0.95				
	314	2	138.97912054385964	27.93910155263158	0.0	0.0	3	1.0342048719634798	-7.394905709946423	230.0	36	1.05	0.95				
	315	2	227.09474851754385	45.848782035087716	0.0	0.0	3	1.0484543837611728	0.24411466974870655	230.0	36	1.05	0.95				
	316	2	71.63872192982456	14.32774438596491	0.0	0.0	3	1.0478991898148833	0.21027708699277242	230.0	36	1.05	0.95				
	317	1	0.0	0.0	0.0	0.0	3	1.05	4.000666475342796	230.0	37	1.05	0.95				
	318	2	238.55694402631576	48.7143309122807	0.0	0.0	3	1.0473544434107342	3.554144210164991	230.0	37	1.05	0.95				
	319	1	129.66608669298245	26.506327114035084	0.0	0.0	3	1.043857980019675	-0.9274753428720509	230.0	35	1.05	0.95				
	320	1	91.69756407017543	18.626067701754383	0.0	0.0	3	1.0465817496580891	-0.5776037250598656	230.0	35	1.05	0.95				
	321	2	0.0	0.0	0.0	0.0	3	1.05	4.398012903048927	230.0	37	1.05	0.95				
	322	2	0.0	0.0	0.0	0.0	3	1.05	10.018808929255378	230.0	37	1.05	0.95				
	323	2	0.0	0.0	0.0	0.0	3	1.0499999956692387	0.1354562683779232	230.0	35	1.05	0.95				
	324	1	0.0	0.0	0.0	0.0	3	1.028191023544542	-3.7245872835774314	230.0	36	1.05	0.95				
	325	1	0.0	0.0	0.0	0.0	3	1.0464852353297902	1.2183837868460565	230.0	35	1.05	0.95				
];
