%% MATPOWER Case Format : Version 2
function mpc = RTS_GMLC
mpc.version = '2';

%%-----  Power Flow Data  -----%%
%% system MVA base
mpc.baseMVA = 100.0;
%% bus data
%    bus_i    type    Pd    Qd    Gs    Bs    area    Vm    Va    baseKV    zone    Vmax    Vmin
mpc.bus = [
	101	2	35.3364670951579	7.198169223087719	0.0	0.0	1	1.0334763442500663	3.705202093625012	138.0	11	1.05	0.95				
	102	2	31.737382483614034	6.543790202807018	0.0	0.0	1	1.032615852443858	3.473373185963867	138.0	12	1.05	0.95				
	103	1	58.89411182526315	12.106011875192982	0.0	0.0	1	1.0292613476573325	0.9871290191710427	138.0	11	1.05	0.95				
	104	1	24.212023750385963	4.907842652105263	0.0	0.0	1	1.0227921473651804	0.28521485178757433	138.0	11	1.05	0.95				
	105	1	23.23045521996491	4.580653141964913	0.0	0.0	1	1.0371721896567803	0.6262499231051017	138.0	11	1.05	0.95				
	106	1	44.49777337908772	9.161306283929825	0.0	-100.0	1	1.0481284589349318	-1.4866341369979477	138.0	12	1.05	0.95				
	107	2	40.89868876754386	8.179737753508771	0.0	0.0	1	1.000613811107595	-6.468190276670052	138.0	12	1.05	0.95				
	108	1	55.949406234	11.45163285491228	0.0	0.0	1	1.0077973712815267	-5.264057453638515	138.0	12	1.05	0.95				
	109	1	57.258164274561395	11.778822365052632	0.0	0.0	1	1.0244059984441232	-0.9927691560804809	138.0	13	1.05	0.95				
	110	1	63.80195447736842	13.087580405614036	0.0	0.0	1	1.05	-1.4620988462814453	138.0	13	1.05	0.95				
	111	1	0.0	0.0	0.0	0.0	1	1.000368814845542	0.12535932463137	230.0	13	1.05	0.95				
	112	1	0.0	0.0	0.0	0.0	1	1.0050728012354342	0.4589401934943298	230.0	13	1.05	0.95				
	113	3	86.70522018719298	17.66823354757895	0.0	0.0	1	0.9876699662115318	-1.3142737985590155e-26	230.0	14	1.05	0.95				
	114	2	63.47476496722807	12.760390895473684	0.0	0.0	1	0.9962948227115054	1.726142106149959	230.0	16	1.05	0.95				
	115	2	103.71907471449123	20.940128648982455	0.0	0.0	1	1.0325294348975995	5.87202411633584	230.0	16	1.05	0.95				
	116	2	32.718951014035085	6.543790202807018	0.0	0.0	1	1.0278207859824535	5.842930532409377	230.0	16	1.05	0.95				
	117	1	0.0	0.0	0.0	0.0	1	1.037853382977565	7.468696341220629	230.0	17	1.05	0.95				
	118	2	108.95410687673683	22.24888668954386	0.0	0.0	1	1.0409358935397799	7.417818747656894	230.0	17	1.05	0.95				
	119	1	59.22130133540351	12.106011875192982	0.0	0.0	1	1.02137200293729	5.160351993099354	230.0	15	1.05	0.95				
	120	1	41.88025729796491	8.506927263649121	0.0	0.0	1	1.0175130949796678	5.2113176658687745	230.0	15	1.05	0.95				
	121	2	0.0	0.0	0.0	0.0	1	1.0454204403688079	8.121338625591504	230.0	17	1.05	0.95				
	122	2	0.0	0.0	0.0	0.0	1	1.05	14.371101019527432	230.0	17	1.05	0.95				
	123	2	0.0	0.0	0.0	0.0	1	1.0154996601632875	5.500373684798237	230.0	15	1.05	0.95				
	124	1	0.0	0.0	0.0	0.0	1	1.0240849965076844	4.036021578476685	230.0	16	1.05	0.95				
	201	2	33.88068629052632	6.90162128140351	0.0	0.0	2	1.015322881795217	-8.408589176120248	138.0	21	1.05	0.95				
	202	2	30.429875649824563	6.274201164912281	0.0	0.0	2	1.0145572430416658	-8.581320499220539	138.0	22	1.05	0.95				
	203	1	56.46781048421053	11.607272155087719	0.0	0.0	2	1.016410620035067	-6.1584842774449005	138.0	21	1.05	0.95				
	204	1	23.214544310175437	4.705650873684211	0.0	0.0	2	1.0145354042814925	-8.910056343680198	138.0	21	1.05	0.95				
	205	1	22.273414135438596	4.391940815438597	0.0	0.0	2	1.0290752807656898	-9.191433255148914	138.0	21	1.05	0.95				
	206	1	42.66456792140351	8.783881630877193	0.0	-100.0	2	1.0452495656781673	-10.033160792944065	138.0	22	1.05	0.95				
	207	2	39.213757280701756	7.842751456140351	0.0	0.0	2	0.995639550875215	-13.856637278473364	138.0	22	1.05	0.95				
	208	1	53.64441996	10.97985203859649	0.0	0.0	2	1.0047809161976182	-12.52494107570687	138.0	22	1.05	0.95				
	209	1	54.89926019298246	11.293562096842106	0.0	0.0	2	1.022432934487984	-7.866137423089881	138.0	23	1.05	0.95				
	210	1	61.17346135789473	12.548402329824562	0.0	0.0	2	1.05	-8.961337966305038	138.0	23	1.05	0.95				
	211	1	0.0	0.0	0.0	0.0	2	1.0003863406201818	-5.610936677036336	230.0	23	1.05	0.95				
	212	1	0.0	0.0	0.0	0.0	2	1.005883403782813	-5.244833095846908	230.0	23	1.05	0.95				
	213	2	83.13316543508772	16.94034314526316	0.0	0.0	2	0.9937228080608006	-4.772653149338388	230.0	24	1.05	0.95				
	214	2	60.859751299649126	12.234692271578949	0.0	0.0	2	0.9959827909317415	-3.378372838386424	230.0	26	1.05	0.95				
	215	2	99.44608846385965	20.0774437277193	0.0	0.0	2	1.01573545913268	1.8119802578789461	230.0	26	1.05	0.95				
	216	2	31.371005824561404	6.274201164912281	0.0	0.0	2	1.0168583886380953	1.6220173930558	230.0	26	1.05	0.95				
	217	1	0.0	0.0	0.0	0.0	2	1.0224394027626074	3.3437078361099037	230.0	27	1.05	0.95				
	218	2	104.46544939578948	21.332283960701755	0.0	0.0	2	1.0219415849193847	2.988270615420615	230.0	27	1.05	0.95				
	219	1	56.78152054245614	11.607272155087719	0.0	0.0	2	1.0177050909060157	0.9761502247007042	230.0	25	1.05	0.95				
	220	1	40.1548874554386	8.156461514385965	0.0	0.0	2	1.0200387828308817	1.0430531692034617	230.0	25	1.05	0.95				
	221	2	0.0	0.0	0.0	0.0	2	1.0235060543439463	3.4012214367817157	230.0	27	1.05	0.95				
	222	2	0.0	0.0	0.0	0.0	2	1.0456035734782265	9.92430389849301	230.0	27	1.05	0.95				
	223	2	0.0	0.0	0.0	0.0	2	1.0213669180009128	1.3262237782309667	230.0	25	1.05	0.95				
	224	1	0.0	0.0	0.0	0.0	2	1.0060424734726656	-1.2055857580691407	230.0	26	1.05	0.95				
	301	2	44.24549191578947	9.012970575438596	0.0	0.0	3	1.007847813593085	-22.51614958387579	138.0	31	1.05	0.95				
	302	2	39.739006628070165	8.193609614035086	0.0	0.0	3	1.0077744538920204	-22.628875105071813	138.0	32	1.05	0.95				
	303	1	73.74248652631579	15.15817778596491	0.0	0.0	3	1.0238295341223733	-17.149919223573296	138.0	31	1.05	0.95				
	304	1	30.31635557192982	6.145207210526315	0.0	0.0	3	1.0108476085625961	-21.247469591482094	138.0	31	1.05	0.95				
	305	1	29.087314129824556	5.735526729824561	0.0	0.0	3	1.0236818652406487	-22.04806742018462	138.0	31	1.05	0.95				
	306	1	55.7165453754386	11.471053459649122	0.0	-100.0	3	1.0409450344406894	-22.282652355647986	138.0	32	1.05	0.95				
	307	2	51.21006008771929	10.242012017543859	0.0	0.0	3	0.9944282290744308	-26.648366111165636	138.0	32	1.05	0.95				
	308	1	70.05536219999999	14.338816824561402	0.0	0.0	3	1.0010904540888235	-24.818834676621396	138.0	32	1.05	0.95				
	309	1	71.69408412280701	14.748497305263156	0.0	0.0	3	1.0259939576182202	-18.437935950910106	138.0	33	1.05	0.95				
	310	1	79.8876937368421	16.387219228070173	0.0	0.0	3	1.05	-20.260167321848414	138.0	33	1.05	0.95				
	311	1	0.0	0.0	0.0	0.0	3	1.0064450196515429	-14.94821163882187	230.0	33	1.05	0.95				
	312	1	0.0	0.0	0.0	0.0	3	1.0107955597055462	-14.275157679255177	230.0	33	1.05	0.95				
	313	2	108.56532738596489	22.122745957894736	0.0	0.0	3	1.0097219546882912	-11.364555907125931	230.0	34	1.05	0.95				
	314	2	79.47801325614033	15.977538747368419	0.0	0.0	3	1.003672084943169	-13.566325933334063	230.0	36	1.05	0.95				
	315	2	129.86871238245612	26.21955076491228	0.0	0.0	3	1.025343485609195	-9.96330770699015	230.0	36	1.05	0.95				
	316	2	40.968048070175435	8.193609614035086	0.0	0.0	3	1.025253409806452	-9.150781480927858	230.0	36	1.05	0.95				
	317	1	0.0	0.0	0.0	0.0	3	1.0293927122509625	-7.9950360490250905	230.0	37	1.05	0.95				
	318	2	136.42360007368418	27.8582726877193	0.0	0.0	3	1.0282903024304264	-7.963832455853255	230.0	37	1.05	0.95				
	319	1	74.15216700701754	15.15817778596491	0.0	0.0	3	1.023722822816577	-9.45279944628236	230.0	35	1.05	0.95				
	320	1	52.43910152982456	10.651692498245612	0.0	0.0	3	1.0250473085268161	-8.91124224151429	230.0	35	1.05	0.95				
	321	2	0.0	0.0	0.0	0.0	3	1.0294837385789155	-8.104939074113465	230.0	37	1.05	0.95				
	322	2	0.0	0.0	0.0	0.0	3	1.04272782647204	-3.6942392127149977	230.0	37	1.05	0.95				
	323	2	0.0	0.0	0.0	0.0	3	1.0263762520463862	-8.297694897760028	230.0	35	1.05	0.95				
	324	1	0.0	0.0	0.0	0.0	3	1.0155309744733085	-12.676651093674277	230.0	36	1.05	0.95				
	325	1	0.0	0.0	0.0	0.0	3	1.022745316123789	-6.9216808288896585	230.0	35	1.05	0.95				
];
