%% MATPOWER Case Format : Version 2
function mpc = RTS_GMLC
mpc.version = '2';

%%-----  Power Flow Data  -----%%
%% system MVA base
mpc.baseMVA = 100.0;
%% bus data
%    bus_i    type    Pd    Qd    Gs    Bs    area    Vm    Va    baseKV    zone    Vmax    Vmin
mpc.bus = [
	101	2	46.34487879157895	9.44062345754386	0.0	0.0	1	1.0147244341258936	-3.5855800939563545	138.0	11	1.05	0.95				
	102	2	41.62456706280702	8.582384961403509	0.0	0.0	1	1.0144403897482426	-3.8353609371791615	138.0	12	1.05	0.95				
	103	1	77.24146465263158	15.87741217859649	0.0	0.0	1	1.0066036038558677	0.8875079839930287	138.0	11	1.05	0.95				
	104	1	31.75482435719298	6.436788721052632	0.0	0.0	1	1.0049185112263024	-4.0286412110451915	138.0	11	1.05	0.95				
	105	1	30.467466612982452	6.007669472982457	0.0	0.0	1	1.0181400584143379	-5.146693197149925	138.0	11	1.05	0.95				
	106	1	58.36021773754386	12.015338945964913	0.0	-100.0	1	1.0277057554470512	-6.529163390128489	138.0	12	1.05	0.95				
	107	2	53.63990600877193	10.727981201754385	0.0	0.0	1	0.986823427298917	-11.321821520953417	138.0	12	1.05	0.95				
	108	1	73.37939141999999	15.019173682456138	0.0	0.0	1	0.9877373208319968	-9.757953324595075	138.0	12	1.05	0.95				
	109	1	75.0958684122807	15.448292930526314	0.0	0.0	1	1.004442043959387	-3.397148022454061	138.0	13	1.05	0.95				
	110	1	83.67825337368421	17.164769922807018	0.0	0.0	1	1.031974866761035	-5.319926421736106	138.0	13	1.05	0.95				
	111	1	0.0	0.0	0.0	0.0	1	0.985491737840027	-0.7147956855364248	230.0	13	1.05	0.95				
	112	1	0.0	0.0	0.0	0.0	1	0.9855122393433838	-1.5209632614758992	230.0	13	1.05	0.95				
	113	3	113.71660073859648	23.172439395789475	0.0	0.0	1	0.9671353682121494	2.3204396645012894e-28	230.0	14	1.05	0.95				
	114	2	83.24913412561403	16.735650674736842	0.0	0.0	1	0.9970236533002813	2.423065061374949	230.0	16	1.05	0.95				
	115	2	136.0308016382456	27.463631876491228	0.0	0.0	1	1.0009494124452516	11.215810743018116	230.0	16	1.05	0.95				
	116	2	42.91192480701754	8.582384961403509	0.0	0.0	1	0.9988916519664423	9.76041998671394	230.0	16	1.05	0.95				
	117	1	0.0	0.0	0.0	0.0	1	1.0023429557519348	15.517037529487586	230.0	17	1.05	0.95				
	118	2	142.89670960736842	29.18010886877193	0.0	0.0	1	1.0120938306789073	15.903292219420388	230.0	17	1.05	0.95				
	119	1	77.67058390070176	15.87741217859649	0.0	0.0	1	0.9961678276061787	6.148367338529814	230.0	15	1.05	0.95				
	120	1	54.927263752982455	11.157100449824561	0.0	0.0	1	0.99894112010834	3.4471673268507996	230.0	15	1.05	0.95				
	121	2	0.0	0.0	0.0	0.0	1	1.0122629870398017	17.041954142597163	230.0	17	1.05	0.95				
	122	2	0.0	0.0	0.0	0.0	1	1.019269444935066	35.91189482788146	230.0	17	1.05	0.95				
	123	2	0.0	0.0	0.0	0.0	1	1.001621000385702	2.3140983244987106	230.0	15	1.05	0.95				
	124	1	0.0	0.0	0.0	0.0	1	0.9906576290340852	7.28505485901053	230.0	16	1.05	0.95				
	201	2	47.66755861894737	9.710058237192982	0.0	0.0	2	1.0102910030094383	-13.514707628691603	138.0	21	1.05	0.95				
	202	2	42.81252950035088	8.82732567017544	0.0	0.0	2	1.0091363431325457	-13.747434552992956	138.0	22	1.05	0.95				
	203	1	79.44593103157895	16.330552489824562	0.0	0.0	2	0.9962630774946262	-10.195643880339448	138.0	21	1.05	0.95				
	204	1	32.661104979649124	6.620494252631579	0.0	0.0	2	0.9996410287543369	-12.853332174668113	138.0	21	1.05	0.95				
	205	1	31.33700612912281	6.179127969122808	0.0	0.0	2	1.016059109280357	-13.253890531522904	138.0	21	1.05	0.95				
	206	1	60.025814557192994	12.358255938245616	0.0	-100.0	2	1.0270167459595572	-13.657185789451184	138.0	22	1.05	0.95				
	207	2	55.17078543859649	11.034157087719299	0.0	0.0	2	0.9708232779990923	-19.10302259758243	138.0	22	1.05	0.95				
	208	1	75.47363448	15.447819922807016	0.0	0.0	2	0.977778094784646	-17.02852876587414	138.0	22	1.05	0.95				
	209	1	77.23909961403508	15.88918620631579	0.0	0.0	2	1.005499397768708	-10.235728037228258	138.0	23	1.05	0.95				
	210	1	86.06642528421052	17.65465134035088	0.0	0.0	2	1.0328672771068292	-11.531701914847863	138.0	23	1.05	0.95				
	211	1	0.0	0.0	0.0	0.0	2	0.9882260833801295	-7.652343509713461	230.0	23	1.05	0.95				
	212	1	0.0	0.0	0.0	0.0	2	0.9904059336396709	-3.221530756996827	230.0	23	1.05	0.95				
	213	2	116.96206512982457	23.833779309473684	0.0	0.0	2	0.9858157388497754	-5.323936517962075	230.0	24	1.05	0.95				
	214	2	85.62505900070175	17.213285056842107	0.0	0.0	2	0.9859446598925582	-6.334107538136631	230.0	26	1.05	0.95				
	215	2	139.9131118722807	28.2474421445614	0.0	0.0	2	0.9923757855956024	-0.8921564343738203	230.0	26	1.05	0.95				
	216	2	44.136628350877196	8.82732567017544	0.0	0.0	2	0.9912166646095526	-1.540352880231403	230.0	26	1.05	0.95				
	217	1	0.0	0.0	0.0	0.0	2	1.0008343460099516	-0.018311330293043614	230.0	27	1.05	0.95				
	218	2	146.97497240842105	30.012907278596497	0.0	0.0	2	1.0012351108214352	-0.5064138874079259	230.0	27	1.05	0.95				
	219	1	79.88729731508772	16.330552489824562	0.0	0.0	2	0.9864843338802827	-1.3199093409493357	230.0	25	1.05	0.95				
	220	1	56.4948842891228	11.475523371228071	0.0	0.0	2	0.9857649773302731	-0.195759349681553	230.0	25	1.05	0.95				
	221	2	0.0	0.0	0.0	0.0	2	1.0035717334459975	0.13705661372655378	230.0	27	1.05	0.95				
	222	2	0.0	0.0	0.0	0.0	2	1.0221674535016	6.446783222168516	230.0	27	1.05	0.95				
	223	2	0.0	0.0	0.0	0.0	2	0.9864800446983886	0.7906786301353653	230.0	25	1.05	0.95				
	224	1	0.0	0.0	0.0	0.0	2	0.9827026457246103	-4.427108040960022	230.0	26	1.05	0.95				
	301	2	62.21701993263158	12.67383739368421	0.0	0.0	3	1.0029851201340103	10.373652555454097	138.0	31	1.05	0.95				
	302	2	55.88010123578947	11.521670357894736	0.0	0.0	3	1.003216675190476	10.27861174636458	138.0	32	1.05	0.95				
	303	1	103.69503322105263	21.31509016210526	0.0	0.0	3	0.9950493479857041	15.67636332577806	138.0	31	1.05	0.95				
	304	1	42.63018032421052	8.641252768421051	0.0	0.0	3	0.9939258465420232	12.38884301151718	138.0	31	1.05	0.95				
	305	1	40.90192977052631	8.065169250526317	0.0	0.0	3	1.0097884956228182	12.012182343341419	138.0	31	1.05	0.95				
	306	1	78.3473584336842	16.130338501052634	0.0	-100.0	3	1.0217201686132762	12.270624491069595	138.0	32	1.05	0.95				
	307	2	72.01043973684209	14.40208794736842	0.0	0.0	3	0.968238374975505	8.113289024805294	138.0	32	1.05	0.95				
	308	1	98.51028156	20.162923126315786	0.0	0.0	3	0.9786764515417885	10.809352377483002	138.0	32	1.05	0.95				
	309	1	100.81461563157895	20.739006644210523	0.0	0.0	3	1.0069608052970584	16.56546637139246	138.0	33	1.05	0.95				
	310	1	112.33628598947367	23.043340715789473	0.0	0.0	3	1.0335746168964801	15.56479362192891	138.0	33	1.05	0.95				
	311	1	0.0	0.0	0.0	0.0	3	0.9917981946279602	22.056993648623365	230.0	33	1.05	0.95				
	312	1	0.0	0.0	0.0	0.0	3	0.9979084523110825	22.407464043425676	230.0	33	1.05	0.95				
	313	2	152.66213224210523	31.10850996631579	0.0	0.0	3	1.0047942663275002	27.509278525728092	230.0	34	1.05	0.95				
	314	2	111.76020247157894	22.467257197894735	0.0	0.0	3	0.9904906662645994	23.30612985501042	230.0	36	1.05	0.95				
	315	2	182.61847517263155	36.86934514526315	0.0	0.0	3	0.9905918191473146	22.03359366829498	230.0	36	1.05	0.95				
	316	2	57.60835178947368	11.521670357894736	0.0	0.0	3	0.9860167977721829	23.29906905845941	230.0	36	1.05	0.95				
	317	1	0.0	0.0	0.0	0.0	3	0.9986501493003116	26.650551266363536	230.0	37	1.05	0.95				
	318	2	191.83581145894735	39.1736792168421	0.0	0.0	3	0.991527208243949	22.69897896690088	230.0	37	1.05	0.95				
	319	1	104.27111673894736	21.31509016210526	0.0	0.0	3	0.9955889257479882	23.70545596957647	230.0	35	1.05	0.95				
	320	1	73.7386902905263	14.978171465263157	0.0	0.0	3	1.0051385010232774	23.628935926793318	230.0	35	1.05	0.95				
	321	2	0.0	0.0	0.0	0.0	3	0.9981918620408189	23.14265770054712	230.0	37	1.05	0.95				
	322	2	0.0	0.0	0.0	0.0	3	1.0168363095728652	28.704539782281397	230.0	37	1.05	0.95				
	323	2	0.0	0.0	0.0	0.0	3	1.0100196315560699	23.33403739588103	230.0	35	1.05	0.95				
	324	1	0.0	0.0	0.0	0.0	3	0.9864978760778879	21.4494477179663	230.0	36	1.05	0.95				
	325	1	0.0	0.0	0.0	0.0	3	1.0116391639133213	22.804279596356885	230.0	35	1.05	0.95				
];
