%% MATPOWER Case Format : Version 2
function mpc = RTS_GMLC
mpc.version = '2';

%%-----  Power Flow Data  -----%%
%% system MVA base
mpc.baseMVA = 100.0;
%% bus data
%    bus_i    type    Pd    Qd    Gs    Bs    area    Vm    Va    baseKV    zone    Vmax    Vmin
mpc.bus = [
	101	2	42.60415634526316	8.678624440701753	0.0	0.0	1	1.0122267436740247	-3.998487877725199	138.0	11	1.05	0.95				
	102	2	38.26484412491228	7.889658582456141	0.0	0.0	1	1.0121515923013893	-4.223320253672758	138.0	12	1.05	0.95				
	103	1	71.00692724210526	14.59586837754386	0.0	0.0	1	1.0012312437378639	0.942148584615809	138.0	11	1.05	0.95				
	104	1	29.19173675508772	5.917243936842105	0.0	0.0	1	1.0025124754340302	-4.1063202294614705	138.0	11	1.05	0.95				
	105	1	28.008287967719298	5.522761007719299	0.0	0.0	1	1.0166025957739264	-5.166660921757776	138.0	11	1.05	0.95				
	106	1	53.649678360701756	11.045522015438598	0.0	-100.0	1	1.0269801463942023	-6.303307823904881	138.0	12	1.05	0.95				
	107	2	49.31036614035088	9.862073228070175	0.0	0.0	1	0.9857961434643913	-10.190650690752049	138.0	12	1.05	0.95				
	108	1	67.45658087999999	13.806902519298244	0.0	0.0	1	0.9876689515735907	-8.894556143799157	138.0	12	1.05	0.95				
	109	1	69.03451259649123	14.201385448421053	0.0	0.0	1	1.0017214137004824	-3.1588599415303182	138.0	13	1.05	0.95				
	110	1	76.92417117894736	15.779317164912282	0.0	0.0	1	1.0303200375702561	-5.0467873663835805	138.0	13	1.05	0.95				
	111	1	0.0	0.0	0.0	0.0	1	0.9811376726876853	-0.5650890352394226	230.0	13	1.05	0.95				
	112	1	0.0	0.0	0.0	0.0	1	0.9825423231222016	-1.389560747817894	230.0	13	1.05	0.95				
	113	3	104.53797621754386	21.30207817263158	0.0	0.0	1	0.9635657534628043	-9.405711063932544e-28	230.0	14	1.05	0.95				
	114	2	76.52968824982456	15.384834235789475	0.0	0.0	1	0.9894650933333342	2.6248536804383	230.0	16	1.05	0.95				
	115	2	125.05108853192984	25.246907463859653	0.0	0.0	1	0.9894307804288366	11.395558616733046	230.0	16	1.05	0.95				
	116	2	39.4482929122807	7.889658582456141	0.0	0.0	1	0.9884142223983238	9.862154177024594	230.0	16	1.05	0.95				
	117	1	0.0	0.0	0.0	0.0	1	0.9919637684037305	15.341244540373637	230.0	17	1.05	0.95				
	118	2	131.36281539789474	26.824839180350878	0.0	0.0	1	0.998984041806001	15.969345774136302	230.0	17	1.05	0.95				
	119	1	71.40141017122808	14.59586837754386	0.0	0.0	1	0.988592362851519	6.314291154641947	230.0	15	1.05	0.95				
	120	1	50.493814927719306	10.256556157192984	0.0	0.0	1	0.9933971578421108	3.601969676006567	230.0	15	1.05	0.95				
	121	2	0.0	0.0	0.0	0.0	1	0.9996328864682388	17.255094666876136	230.0	17	1.05	0.95				
	122	2	0.0	0.0	0.0	0.0	1	1.009934471439592	32.67819047597167	230.0	17	1.05	0.95				
	123	2	0.0	0.0	0.0	0.0	1	0.9970582203428664	2.4426197948786053	230.0	15	1.05	0.95				
	124	1	0.0	0.0	0.0	0.0	1	0.9814309649688672	7.392495518335522	230.0	16	1.05	0.95				
	201	2	40.51062488842106	8.252164329122808	0.0	0.0	2	1.011321687081908	-11.805412298259606	138.0	21	1.05	0.95				
	202	2	36.38454272385965	7.501967571929826	0.0	0.0	2	1.0102695022068873	-11.982867404436446	138.0	22	1.05	0.95				
	203	1	67.51770814736842	13.878640008070175	0.0	0.0	2	0.9981040898081323	-8.880095620502297	138.0	21	1.05	0.95				
	204	1	27.75728001614035	5.626475678947369	0.0	0.0	2	1.002081801528394	-11.140724289682986	138.0	21	1.05	0.95				
	205	1	26.631984880350878	5.251377300350878	0.0	0.0	2	1.0182870286017756	-11.517063272990832	138.0	21	1.05	0.95				
	206	1	51.01337948912281	10.502754600701756	0.0	-100.0	2	1.0303922312887375	-11.838994002291813	138.0	22	1.05	0.95				
	207	2	46.8872973245614	9.377459464912281	0.0	0.0	2	0.9723096995631286	-16.235801504543726	138.0	22	1.05	0.95				
	208	1	64.14182274	13.128443250877192	0.0	0.0	2	0.9819491617266892	-14.542050138845719	138.0	22	1.05	0.95				
	209	1	65.64221625438597	13.503541629473684	0.0	0.0	2	1.006358363153657	-8.846378348454188	138.0	23	1.05	0.95				
	210	1	73.1441838263158	15.003935143859652	0.0	0.0	2	1.034345445736699	-9.986099020390967	138.0	23	1.05	0.95				
	211	1	0.0	0.0	0.0	0.0	2	0.9861824057606805	-6.44062729119966	230.0	23	1.05	0.95				
	212	1	0.0	0.0	0.0	0.0	2	0.9875893429600576	-3.0029391329448765	230.0	23	1.05	0.95				
	213	2	99.40107032807019	20.25531244421053	0.0	0.0	2	0.9816531857468335	-4.267429796844641	230.0	24	1.05	0.95				
	214	2	72.7690854477193	14.62883676526316	0.0	0.0	2	0.9817458499811118	-5.210715921042334	230.0	26	1.05	0.95				
	215	2	118.90618601508774	24.00629623017544	0.0	0.0	2	0.9910948661265785	-0.6680189428171426	230.0	26	1.05	0.95				
	216	2	37.509837859649124	7.501967571929826	0.0	0.0	2	0.988943436810631	-1.0069501861660959	230.0	26	1.05	0.95				
	217	1	0.0	0.0	0.0	0.0	2	0.9995207744928994	0.0740940804323998	230.0	27	1.05	0.95				
	218	2	124.9077600726316	25.506689744561406	0.0	0.0	2	1.0005838260417181	-0.41468966712448274	230.0	27	1.05	0.95				
	219	1	67.89280652596491	13.878640008070175	0.0	0.0	2	0.9825288455585964	-0.29142594060572385	230.0	25	1.05	0.95				
	220	1	48.01259246035088	9.752557843508773	0.0	0.0	2	0.9797093153030016	1.1376235147570224	230.0	25	1.05	0.95				
	221	2	0.0	0.0	0.0	0.0	2	1.0028270575332805	0.06936446570262735	230.0	27	1.05	0.95				
	222	2	0.0	0.0	0.0	0.0	2	1.0201114160318705	4.762266183554108	230.0	27	1.05	0.95				
	223	2	0.0	0.0	0.0	0.0	2	0.9790986517568021	2.2461675452519083	230.0	25	1.05	0.95				
	224	1	0.0	0.0	0.0	0.0	2	0.9837738908690196	-3.799183933409663	230.0	26	1.05	0.95				
	301	2	63.53242643368422	12.941790569824562	0.0	0.0	3	1.0026872871338275	26.859457754952814	138.0	31	1.05	0.95				
	302	2	57.06153114877194	11.765264154385967	0.0	0.0	3	1.0032598781096893	26.503632281334813	138.0	32	1.05	0.95				
	303	1	105.8873773894737	21.765738685614036	0.0	0.0	3	1.014565054371879	41.54929197659247	138.0	31	1.05	0.95				
	304	1	43.53147737122807	8.823948115789475	0.0	0.0	3	0.9928290889901759	28.379957394738817	138.0	31	1.05	0.95				
	305	1	41.766687748070176	8.235684908070178	0.0	0.0	3	1.010339520781917	26.40757525446698	138.0	31	1.05	0.95				
	306	1	80.00379624982457	16.471369816140356	0.0	-100.0	3	1.0214599867754077	25.474273489782714	138.0	32	1.05	0.95				
	307	2	73.53290096491229	14.706580192982457	0.0	0.0	3	0.9664497521454446	22.176389398407466	138.0	32	1.05	0.95				
	308	1	100.59300852000001	20.589212270175437	0.0	0.0	3	0.9769938367416903	24.941875570874974	138.0	32	1.05	0.95				
	309	1	102.9460613508772	21.17747547789474	0.0	0.0	3	1.0051089730844889	32.42652502898378	138.0	33	1.05	0.95				
	310	1	114.71132550526318	23.530528308771935	0.0	0.0	3	1.0332200508849665	27.896049797575735	138.0	33	1.05	0.95				
	311	1	0.0	0.0	0.0	0.0	3	0.9946216497502086	32.64157998490299	230.0	33	1.05	0.95				
	312	1	0.0	0.0	0.0	0.0	3	1.0009279220659273	33.07802127311446	230.0	33	1.05	0.95				
	313	2	155.88975004561405	31.76621321684211	0.0	0.0	3	1.0046844521850333	36.541665534557715	230.0	34	1.05	0.95				
	314	2	114.12306229754388	22.942265101052634	0.0	0.0	3	0.9880572301246867	31.758183462328006	230.0	36	1.05	0.95				
	315	2	186.47943684701755	37.64884529403509	0.0	0.0	3	0.9874957869993587	29.30710151680486	230.0	36	1.05	0.95				
	316	2	58.82632077192983	11.765264154385967	0.0	0.0	3	0.9806893640486452	29.791456738618216	230.0	36	1.05	0.95				
	317	1	0.0	0.0	0.0	0.0	3	0.9929595314781383	31.04552681646397	230.0	37	1.05	0.95				
	318	2	195.89164817052634	40.00189812491229	0.0	0.0	3	0.986976938925696	27.351997792872	230.0	37	1.05	0.95				
	319	1	106.47564059719299	21.765738685614036	0.0	0.0	3	0.9891622829354184	29.972844482079147	230.0	35	1.05	0.95				
	320	1	75.29769058807018	15.294843400701758	0.0	0.0	3	0.9984704773784333	29.96742876196852	230.0	35	1.05	0.95				
	321	2	0.0	0.0	0.0	0.0	3	0.9954279438191643	28.449454221977998	230.0	37	1.05	0.95				
	322	2	0.0	0.0	0.0	0.0	3	1.0121615731067164	32.085541679936114	230.0	37	1.05	0.95				
	323	2	0.0	0.0	0.0	0.0	3	1.0035406435695404	29.822078357300065	230.0	35	1.05	0.95				
	324	1	0.0	0.0	0.0	0.0	3	0.995990827687585	35.43315116184252	230.0	36	1.05	0.95				
