%% MATPOWER Case Format : Version 2
function mpc = RTS_GMLC
mpc.version = '2';

%%-----  Power Flow Data  -----%%
%% system MVA base
mpc.baseMVA = 100.0;
%% bus data
%    bus_i    type    Pd    Qd    Gs    Bs    area    Vm    Va    baseKV    zone    Vmax    Vmin
mpc.bus = [
	101	2	43.56605641263159	8.874567047017544	0.0	0.0	1	1.0338533283548557	2.426497740216367	138.0	11	1.05	0.95				
	102	2	39.12877288912281	8.067788224561404	0.0	0.0	1	1.032935130479697	2.1643319276303137	138.0	12	1.05	0.95				
	103	1	72.61009402105265	14.9254082154386	0.0	0.0	1	1.028907217627037	1.0608685636183155	138.0	11	1.05	0.95				
	104	1	29.8508164308772	6.050841168421052	0.0	0.0	1	1.021657602386699	-0.7838334883931617	138.0	11	1.05	0.95				
	105	1	28.64064819719298	5.647451757192983	0.0	0.0	1	1.0364479495545011	-0.5875722581773014	138.0	11	1.05	0.95				
	106	1	54.86095992701755	11.294903514385966	0.0	-100.0	1	1.04618173294695	-2.7312672120303207	138.0	12	1.05	0.95				
	107	2	50.42367640350878	10.084735280701755	0.0	0.0	1	1.0007622830435832	-7.5617763181084054	138.0	12	1.05	0.95				
	108	1	68.97958932	14.118629392982458	0.0	0.0	1	1.005496723968574	-6.449854376669689	138.0	12	1.05	0.95				
	109	1	70.5931469649123	14.522018804210527	0.0	0.0	1	1.0244000016711525	-1.5591538766690147	138.0	13	1.05	0.95				
	110	1	78.66093518947369	16.13557644912281	0.0	0.0	1	1.05	-2.3722177967471647	138.0	13	1.05	0.95				
	111	1	0.0	0.0	0.0	0.0	1	1.0029069264984511	0.11058200742804906	230.0	13	1.05	0.95				
	112	1	0.0	0.0	0.0	0.0	1	1.00736267699413	0.26690508807975527	230.0	13	1.05	0.95				
	113	3	106.8981939754386	21.783028206315795	0.0	0.0	1	0.9934330769985837	6.898822129743179e-30	230.0	14	1.05	0.95				
	114	2	78.25754577824561	15.732187037894738	0.0	0.0	1	1.0005991900457638	2.414024819057686	230.0	16	1.05	0.95				
	115	2	127.87444335929825	25.81692231859649	0.0	0.0	1	1.0359052369589192	8.475189107317865	230.0	16	1.05	0.95				
	116	2	40.33894112280702	8.067788224561404	0.0	0.0	1	1.0320813049075328	7.985720321700495	230.0	16	1.05	0.95				
	117	1	0.0	0.0	0.0	0.0	1	1.0393652484716736	10.523375235559778	230.0	17	1.05	0.95				
	118	2	134.3286739389474	27.430479963508773	0.0	0.0	1	1.042388950861254	10.686747770565878	230.0	17	1.05	0.95				
	119	1	73.01348343228071	14.9254082154386	0.0	0.0	1	1.0250457032862401	6.552373058373074	230.0	15	1.05	0.95				
	120	1	51.63384463719298	10.488124691929826	0.0	0.0	1	1.021855440288365	6.086573897299357	230.0	15	1.05	0.95				
	121	2	0.0	0.0	0.0	0.0	1	1.045804837641826	11.768001320233873	230.0	17	1.05	0.95				
	122	2	0.0	0.0	0.0	0.0	1	1.05	19.513619810251473	230.0	17	1.05	0.95				
	123	2	0.0	0.0	0.0	0.0	1	1.0205031863512937	6.144500692250008	230.0	15	1.05	0.95				
	124	1	0.0	0.0	0.0	0.0	1	1.0237077847231235	5.6927545452593264	230.0	16	1.05	0.95				
	201	2	42.72060444631578	8.702345350175438	0.0	0.0	2	1.0261417350374824	-5.9909993113399755	138.0	21	1.05	0.95				
	202	2	38.369431771228065	7.911223045614035	0.0	0.0	2	1.0270547764655706	-5.796002427441275	138.0	22	1.05	0.95				
	203	1	71.2010074105263	14.635762634385962	0.0	0.0	2	1.0171385186613506	-5.99218268246996	138.0	21	1.05	0.95				
	204	1	29.271525268771924	5.933417284210525	0.0	0.0	2	1.0187121570573523	-7.471582865437251	138.0	21	1.05	0.95				
	205	1	28.084841811929824	5.537856131929825	0.0	0.0	2	1.0333239961538279	-7.659109810910424	138.0	21	1.05	0.95				
	206	1	53.79631671017544	11.07571226385965	0.0	-100.0	2	1.0456393912832274	-8.952983479220611	138.0	22	1.05	0.95				
	207	2	49.445144035087715	9.889028807017542	0.0	0.0	2	0.9933828506637223	-14.686768865185075	138.0	22	1.05	0.95				
	208	1	67.64095703999999	13.844640329824559	0.0	0.0	2	1.0003935759870672	-12.926121535497057	138.0	22	1.05	0.95				
	209	1	69.2232016491228	14.240201482105261	0.0	0.0	2	1.0227870512090447	-7.215535724543597	138.0	23	1.05	0.95				
	210	1	77.13442469473684	15.82244609122807	0.0	0.0	2	1.05	-8.080345393248693	138.0	23	1.05	0.95				
	211	1	0.0	0.0	0.0	0.0	2	1.002615481772371	-4.776815345718682	230.0	23	1.05	0.95				
	212	1	0.0	0.0	0.0	0.0	2	1.0066188345632245	-3.8854881369236174	230.0	23	1.05	0.95				
	213	2	104.82370535438594	21.36030222315789	0.0	0.0	2	0.9963817694829286	-3.5212948519005196	230.0	24	1.05	0.95				
	214	2	76.73886354245613	15.426884938947365	0.0	0.0	2	0.9999971087028903	-2.862894500201317	230.0	26	1.05	0.95				
	215	2	125.39288527298244	25.315913745964906	0.0	0.0	2	1.0194159076270084	2.0699652170222924	230.0	26	1.05	0.95				
	216	2	39.55611522807017	7.911223045614035	0.0	0.0	2	1.0204730516372678	2.229544167145429	230.0	26	1.05	0.95				
	217	1	0.0	0.0	0.0	0.0	2	1.026022970506115	3.6985649390541013	230.0	27	1.05	0.95				
	218	2	131.72186370947367	26.89815835508772	0.0	0.0	2	1.0251576384756813	3.1703536883588543	230.0	27	1.05	0.95				
	219	1	71.59656856280702	14.635762634385962	0.0	0.0	2	1.021203794232976	2.4284521314109764	230.0	25	1.05	0.95				
	220	1	50.63182749192981	10.284589959298245	0.0	0.0	2	1.0243925977349222	3.380449595800394	230.0	25	1.05	0.95				
	221	2	0.0	0.0	0.0	0.0	2	1.0268733044394796	3.611216097645276	230.0	27	1.05	0.95				
	222	2	0.0	0.0	0.0	0.0	2	1.0489233941811962	10.149129233965638	230.0	27	1.05	0.95				
	223	2	0.0	0.0	0.0	0.0	2	1.0268298809538265	4.206797281754707	230.0	25	1.05	0.95				
	224	1	0.0	0.0	0.0	0.0	2	1.0084829757594398	-0.9725063595472825	230.0	26	1.05	0.95				
	301	2	46.62005695578947	9.49667826877193	0.0	0.0	3	1.0134792488953952	-7.945904646968364	138.0	31	1.05	0.95				
	302	2	41.8717178214035	8.633343880701755	0.0	0.0	3	1.0127287085779864	-8.224623330829079	138.0	32	1.05	0.95				
	303	1	77.70009492631578	15.971686179298244	0.0	0.0	3	1.044678090405654	3.1469514349956444	138.0	31	1.05	0.95				
	304	1	31.943372358596488	6.4750079105263145	0.0	0.0	3	1.0122809702521214	-7.098121117613018	138.0	31	1.05	0.95				
	305	1	30.648370776491223	6.043340716491228	0.0	0.0	3	1.0264810900812988	-8.628267570895805	138.0	31	1.05	0.95				
	306	1	58.70673838877193	12.086681432982456	0.0	-100.0	3	1.0414850661667132	-9.530675336853411	138.0	32	1.05	0.95				
	307	2	53.95839925438596	10.791679850877193	0.0	0.0	3	0.9913353356148163	-13.906460560873137	138.0	32	1.05	0.95				
	308	1	73.81509018	15.108351791228067	0.0	0.0	3	0.9980436418137649	-11.961221909036128	138.0	32	1.05	0.95				
	309	1	75.54175895614034	15.540018985263156	0.0	0.0	3	1.025115693093393	-4.400797126979328	138.0	33	1.05	0.95				
	310	1	84.1751028368421	17.26668776140351	0.0	0.0	3	1.05	-7.922155761836186	138.0	33	1.05	0.95				
	311	1	0.0	0.0	0.0	0.0	3	1.007363125924698	-3.450491903554018	230.0	33	1.05	0.95				
	312	1	0.0	0.0	0.0	0.0	3	1.0124203054167753	-2.7806975857790124	230.0	33	1.05	0.95				
	313	2	114.39180641929822	23.310028477894736	0.0	0.0	3	1.0097235679789205	-0.4979035791569188	230.0	34	1.05	0.95				
	314	2	83.743435642807	16.83502056736842	0.0	0.0	3	1.0015163730661467	-3.207852561284959	230.0	36	1.05	0.95				
	315	2	136.83850050912278	27.626700418245616	0.0	0.0	3	1.0311348395127533	-0.41809222393968065	230.0	36	1.05	0.95				
	316	2	43.16671940350877	8.633343880701755	0.0	0.0	3	1.0264874026298543	-0.2667503711555706	230.0	36	1.05	0.95				
	317	1	0.0	0.0	0.0	0.0	3	1.0314733777960254	0.5265978872021767	230.0	37	1.05	0.95				
	318	2	143.7451756136842	29.353369194385966	0.0	0.0	3	1.0304430254174175	0.28679985659410895	230.0	37	1.05	0.95				
	319	1	78.13176212035088	15.971686179298244	0.0	0.0	3	1.0214951427396106	-0.5941080455514501	230.0	35	1.05	0.95				
	320	1	55.25340083649123	11.22334704491228	0.0	0.0	3	1.020091604499626	-0.02895491054837926	230.0	35	1.05	0.95				
	321	2	0.0	0.0	0.0	0.0	3	1.0326563379768392	0.58342885591658	230.0	37	1.05	0.95				
	322	2	0.0	0.0	0.0	0.0	3	1.045441520106672	4.905724809084286	230.0	37	1.05	0.95				
	323	2	0.0	0.0	0.0	0.0	3	1.0200485431664958	0.6197176260826099	230.0	35	1.05	0.95				
	324	1	0.0	0.0	0.0	0.0	3	1.0334187668698942	0.9436455286852795	230.0	36	1.05	0.95				
	325	1	0.0	0.0	0.0	0.0	3	1.019629717055487	1.5758065633770577	230.0	35	1.05	0.95				
];
