%% MATPOWER Case Format : Version 2
function mpc = RTS_GMLC
mpc.version = '2';

%%-----  Power Flow Data  -----%%
%% system MVA base
mpc.baseMVA = 100.0;
%% bus data
%    bus_i    type    Pd    Qd    Gs    Bs    area    Vm    Va    baseKV    zone    Vmax    Vmin
mpc.bus = [
	101	2	43.28550223578948	8.817417122105265	0.0	0.0	1	1.0383626549909777	2.0611690550956987	138.0	11	1.05	0.95				
	102	2	38.876793674736845	8.015833747368422	0.0	0.0	1	1.0374838889146678	1.8013405807289575	138.0	12	1.05	0.95				
	103	1	72.1425037263158	14.82929243263158	0.0	0.0	1	1.0284062901647042	-0.33436240348779167	138.0	11	1.05	0.95				
	104	1	29.65858486526316	6.011875310526316	0.0	0.0	1	1.024201851460879	-1.3644768987295879	138.0	11	1.05	0.95				
	105	1	28.456209803157893	5.611083623157896	0.0	0.0	1	1.0385768977396468	-1.2099875726485096	138.0	11	1.05	0.95				
	106	1	54.50766948210527	11.222167246315792	0.0	-100.0	1	1.0471597435116555	-3.4957506392753714	138.0	12	1.05	0.95				
	107	2	50.09896092105264	10.019792184210527	0.0	0.0	1	0.9995666372231549	-10.672848923066171	138.0	12	1.05	0.95				
	108	1	68.53537854	14.027709057894736	0.0	0.0	1	1.0037725823982178	-8.630770502380063	138.0	12	1.05	0.95				
	109	1	70.13854528947368	14.42850074526316	0.0	0.0	1	1.024257317902888	-2.612177171717826	138.0	13	1.05	0.95				
	110	1	78.1543790368421	16.031667494736844	0.0	0.0	1	1.05	-3.281495512587459	138.0	13	1.05	0.95				
	111	1	0.0	0.0	0.0	0.0	1	1.0012892058063947	-0.7891418261794666	230.0	13	1.05	0.95				
	112	1	0.0	0.0	0.0	0.0	1	1.006917206571564	-0.5482652864132916	230.0	13	1.05	0.95				
	113	3	106.2097971526316	21.64275111789474	0.0	0.0	1	0.9942744860299095	-1.0328759550345174e-28	230.0	14	1.05	0.95				
	114	2	77.75358734947369	15.630875807368422	0.0	0.0	1	0.995214219267724	0.8296036313814179	230.0	16	1.05	0.95				
	115	2	127.05096489578949	25.650667991578953	0.0	0.0	1	1.032780940752016	5.929912109750988	230.0	16	1.05	0.95				
	116	2	40.07916873684211	8.015833747368422	0.0	0.0	1	1.0270744067755027	5.438266468413181	230.0	16	1.05	0.95				
	117	1	0.0	0.0	0.0	0.0	1	1.0378042968244963	7.240406558178946	230.0	17	1.05	0.95				
	118	2	133.4636318936842	27.253834741052636	0.0	0.0	1	1.0413976272114385	7.260670298674572	230.0	17	1.05	0.95				
	119	1	72.54329541368422	14.82929243263158	0.0	0.0	1	1.0201912848073023	4.234424121816874	230.0	15	1.05	0.95				
	120	1	51.301335983157905	10.420583871578948	0.0	0.0	1	1.0169811568996368	3.9592326318779634	230.0	15	1.05	0.95				
	121	2	0.0	0.0	0.0	0.0	1	1.0471510651989977	8.155274976347478	230.0	17	1.05	0.95				
	122	2	0.0	0.0	0.0	0.0	1	1.05	14.303806277604963	230.0	17	1.05	0.95				
	123	2	0.0	0.0	0.0	0.0	1	1.01563432098447	4.123563029026831	230.0	15	1.05	0.95				
	124	1	0.0	0.0	0.0	0.0	1	1.022710725528605	3.5744258734745937	230.0	16	1.05	0.95				
	201	2	42.61860538105263	8.681567762807017	0.0	0.0	2	1.0198213066656006	-14.424007505643424	138.0	21	1.05	0.95				
	202	2	38.277821499649114	7.892334329824561	0.0	0.0	2	1.0198220070569244	-14.505876521190906	138.0	22	1.05	0.95				
	203	1	71.03100896842105	14.600818510175436	0.0	0.0	2	1.0143851083169857	-11.489600537188533	138.0	21	1.05	0.95				
	204	1	29.201637020350873	5.91925074736842	0.0	0.0	2	1.014999497368369	-15.16551028266126	138.0	21	1.05	0.95				
	205	1	28.017786870877188	5.524634030877193	0.0	0.0	2	1.0302222772446747	-15.556900418908496	138.0	21	1.05	0.95				
	206	1	53.667873442807014	11.049268061754386	0.0	-100.0	2	1.044154178499596	-16.62633413287873	138.0	22	1.05	0.95				
	207	2	49.327089561403504	9.865417912280702	0.0	0.0	2	0.99560062340817	-21.8030564533625	138.0	22	1.05	0.95				
	208	1	67.47945852	13.811585077192982	0.0	0.0	2	1.0014866968861966	-20.035949444452037	138.0	22	1.05	0.95				
	209	1	69.05792538596491	14.206201793684208	0.0	0.0	2	1.0218562054572327	-14.067523480353344	138.0	23	1.05	0.95				
	210	1	76.95025971578947	15.784668659649123	0.0	0.0	2	1.05	-15.429111428403926	138.0	23	1.05	0.95				
	211	1	0.0	0.0	0.0	0.0	2	1.0036855794369826	-11.432561452434452	230.0	23	1.05	0.95				
	212	1	0.0	0.0	0.0	0.0	2	1.007511143743928	-11.037190268917758	230.0	23	1.05	0.95				
	213	2	104.57342987017542	21.309302690526316	0.0	0.0	2	0.9998538899640848	-10.567997061964816	230.0	24	1.05	0.95				
	214	2	76.55564299929823	15.390051943157895	0.0	0.0	2	1.0021185587547075	-8.74248350176047	230.0	26	1.05	0.95				
	215	2	125.09349912771927	25.255469855438594	0.0	0.0	2	1.0163186005885863	-1.9622478301335409	230.0	26	1.05	0.95				
	216	2	39.461671649122806	7.892334329824561	0.0	0.0	2	1.0170772364886	-2.5179197008261864	230.0	26	1.05	0.95				
	217	1	0.0	0.0	0.0	0.0	2	1.0216370370062242	-0.3333634201569255	230.0	27	1.05	0.95				
	218	2	131.40736659157895	26.833936721403507	0.0	0.0	2	1.0210461771872696	-0.8612146874914544	230.0	27	1.05	0.95				
	219	1	71.42562568491228	14.600818510175436	0.0	0.0	2	1.0183696134695082	-3.4862779609872616	230.0	25	1.05	0.95				
	220	1	50.51093971087719	10.260034628771928	0.0	0.0	2	1.0221306351365989	-3.5416059285505983	230.0	25	1.05	0.95				
	221	2	0.0	0.0	0.0	0.0	2	1.023073242039148	-0.4147352797112591	230.0	27	1.05	0.95				
	222	2	0.0	0.0	0.0	0.0	2	1.0450148865627191	6.170425051988974	230.0	27	1.05	0.95				
	223	2	0.0	0.0	0.0	0.0	2	1.0246031287600268	-3.266571061684876	230.0	25	1.05	0.95				
	224	1	0.0	0.0	0.0	0.0	2	1.0039418318502147	-5.560375740707841	230.0	26	1.05	0.95				
	301	2	67.44447958736842	13.738690286315789	0.0	0.0	3	1.0420760863313505	-16.262139017685534	138.0	31	1.05	0.95				
	302	2	60.57513444421052	12.489718442105262	0.0	0.0	3	1.0386592890481263	-16.639345523549515	138.0	32	1.05	0.95				
	303	1	112.40746597894736	23.105979117894734	0.0	0.0	3	1.05	0.2885870436920037	138.0	31	1.05	0.95				
	304	1	46.21195823578947	9.367288831578946	0.0	0.0	3	1.011381775647887	-14.947165896947714	138.0	31	1.05	0.95				
	305	1	44.33850046947368	8.742802909473685	0.0	0.0	3	1.033663836312533	-16.752701730583972	138.0	31	1.05	0.95				
	306	1	84.9300854063158	17.48560581894737	0.0	-100.0	3	1.0348142567099987	-17.740793407145027	138.0	32	1.05	0.95				
	307	2	78.0607402631579	15.612148052631577	0.0	0.0	3	0.9596082065433924	-16.28814547047618	138.0	32	1.05	0.95				
	308	1	106.78709268	21.857007273684207	0.0	0.0	3	0.9710337371407862	-16.862679397504696	138.0	32	1.05	0.95				
	309	1	109.28503636842105	22.48149319578947	0.0	0.0	3	1.0106149753792524	-10.919934214183979	138.0	33	1.05	0.95				
	310	1	121.7747548105263	24.979436884210525	0.0	0.0	3	1.040492095804436	-15.258123757537588	138.0	33	1.05	0.95				
	311	1	0.0	0.0	0.0	0.0	3	0.9972426453402623	-10.537083120263867	230.0	33	1.05	0.95				
	312	1	0.0	0.0	0.0	0.0	3	1.0001903580113245	-9.283402343180711	230.0	33	1.05	0.95				
	313	2	165.4887693578947	33.72223979368421	0.0	0.0	3	0.9971993676415316	-6.721847961977551	230.0	34	1.05	0.95				
	314	2	121.15026888842104	24.354950962105264	0.0	0.0	3	0.9958463539559188	-11.20297925867804	230.0	36	1.05	0.95				
	315	2	197.96203730736838	39.96709901473684	0.0	0.0	3	1.048639156049602	-10.237923938312255	230.0	36	1.05	0.95				
	316	2	62.44859221052631	12.489718442105262	0.0	0.0	3	1.036395760921487	-10.509003760855691	230.0	36	1.05	0.95				
	317	1	0.0	0.0	0.0	0.0	3	1.0424572533992262	-9.436956266021138	230.0	37	1.05	0.95				
	318	2	207.95381206105264	42.4650427031579	0.0	0.0	3	1.0423714908037582	-9.748963214978172	230.0	37	1.05	0.95				
	319	1	113.03195190105262	23.105979117894734	0.0	0.0	3	1.020531135879963	-9.484182699849828	230.0	35	1.05	0.95				
	320	1	79.93419802947368	16.23663397473684	0.0	0.0	3	1.0111829713219127	-7.8509226151834275	230.0	35	1.05	0.95				
	321	2	0.0	0.0	0.0	0.0	3	1.05	-9.4155026990482	230.0	37	1.05	0.95				
	322	2	0.0	0.0	0.0	0.0	3	1.05	-5.085538933780959	230.0	37	1.05	0.95				
	323	2	0.0	0.0	0.0	0.0	3	1.007869553868152	-6.584972352091157	230.0	35	1.05	0.95				
	324	1	0.0	0.0	0.0	0.0	3	1.0470762562697509	-5.431815625939711	230.0	36	1.05	0.95				
	325	1	0.0	0.0	0.0	0.0	3	1.006836626664619	-5.310652855133516	230.0	35	1.05	0.95				
];
