%% MATPOWER Case Format : Version 2
function mpc = RTS_GMLC
mpc.version = '2';

%%-----  Power Flow Data  -----%%
%% system MVA base
mpc.baseMVA = 100.0;
%% bus data
%    bus_i    type    Pd    Qd    Gs    Bs    area    Vm    Va    baseKV    zone    Vmax    Vmin
mpc.bus = [
	101	2	35.73725878231579	7.279811974175439	0.0	0.0	1	0.9887846945401714	-4.927262943068519	138.0	11	1.05	0.95				
	102	2	32.09735279522807	6.618010885614035	0.0	0.0	1	0.9887240080916664	-5.1105655119164455	138.0	12	1.05	0.95				
	103	1	59.56209797052632	12.243320138385965	0.0	0.0	1	1.01926646135757	1.9583575924127632	138.0	11	1.05	0.95				
	104	1	24.48664027677193	4.963508164210526	0.0	0.0	1	1.0032500283406254	-4.447887925171288	138.0	11	1.05	0.95				
	105	1	23.493938643929823	4.632607619929825	0.0	0.0	1	1.0152509430057945	-5.265668544114365	138.0	11	1.05	0.95				
	106	1	45.00247402217544	9.26521523985965	0.0	-100.0	1	1.0385223484501585	-5.8870212182386785	138.0	12	1.05	0.95				
	107	2	41.36256803508772	8.272513607017544	0.0	0.0	1	0.9866032535410983	-10.878671200537648	138.0	12	1.05	0.95				
	108	1	56.58399307199999	11.58151904982456	0.0	0.0	1	0.9984582529112409	-8.767827992267968	138.0	12	1.05	0.95				
	109	1	57.907595249122814	11.912419594105263	0.0	0.0	1	1.0242705975014874	-2.5314352732892904	138.0	13	1.05	0.95				
	110	1	64.52560613473685	13.23602177122807	0.0	0.0	1	1.05	-4.515442906781572	138.0	13	1.05	0.95				
	111	1	0.0	0.0	0.0	0.0	1	1.0167539227785904	0.5593762036718464	230.0	13	1.05	0.95				
	112	1	0.0	0.0	0.0	0.0	1	1.0128152729424733	-0.9378991737882584	230.0	13	1.05	0.95				
	113	3	87.68864423438596	17.868629391157896	0.0	0.0	1	0.9976564989700308	-9.128224457214592e-29	230.0	14	1.05	0.95				
	114	2	64.19470559045614	12.905121226947369	0.0	0.0	1	1.0445640439247859	5.025469073868386	230.0	16	1.05	0.95				
	115	2	104.89547253698245	21.177634833964913	0.0	0.0	1	1.0370203293159874	15.708918878311188	230.0	16	1.05	0.95				
	116	2	33.090054428070175	6.618010885614035	0.0	0.0	1	1.0373305361635456	13.545602131334766	230.0	16	1.05	0.95				
	117	1	0.0	0.0	0.0	0.0	1	1.036648087137963	20.170070798233894	230.0	17	1.05	0.95				
	118	2	110.18988124547369	22.50123701108772	0.0	0.0	1	1.0463093969283266	21.028840088553803	230.0	17	1.05	0.95				
	119	1	59.89299851480702	12.243320138385965	0.0	0.0	1	1.033531517243345	8.614547700199337	230.0	15	1.05	0.95				
	120	1	42.355269667929825	8.603414151298246	0.0	0.0	1	1.0376720435172722	4.972850756381627	230.0	15	1.05	0.95				
	121	2	0.0	0.0	0.0	0.0	1	1.0401914886817423	22.695006782948973	230.0	17	1.05	0.95				
	122	2	0.0	0.0	0.0	0.0	1	1.05	40.68129825169011	230.0	17	1.05	0.95				
	123	2	0.0	0.0	0.0	0.0	1	1.041230259944507	3.2321829799648305	230.0	15	1.05	0.95				
	124	1	0.0	0.0	0.0	0.0	1	1.0129410851207656	10.589109331553857	230.0	16	1.05	0.95				
	201	2	40.61262395368421	8.272941916491229	0.0	0.0	2	1.0066792394817685	-17.57259526413888	138.0	21	1.05	0.95				
	202	2	36.476152995438596	7.520856287719299	0.0	0.0	2	1.005861763085093	-17.88034178719113	138.0	22	1.05	0.95				
	203	1	67.68770658947368	13.913584132280702	0.0	0.0	2	1.0118448411501901	-13.089095780663516	138.0	21	1.05	0.95				
	204	1	27.827168264561404	5.640642215789474	0.0	0.0	2	1.0091775930564828	-17.67711674488446	138.0	21	1.05	0.95				
	205	1	26.69903982140351	5.264599401403509	0.0	0.0	2	1.023782379501501	-18.152190356004873	138.0	21	1.05	0.95				
	206	1	51.14182275649123	10.529198802807018	0.0	-100.0	2	1.0414107607952277	-18.96369936235572	138.0	22	1.05	0.95				
	207	2	47.00535179824561	9.401070359649124	0.0	0.0	2	0.9899645703910371	-23.357636502526354	138.0	22	1.05	0.95				
	208	1	64.30332126	13.161498503508772	0.0	0.0	2	0.999077637057927	-21.712980229199122	138.0	22	1.05	0.95				
	209	1	65.80749251754386	13.537541317894735	0.0	0.0	2	1.0223697808931258	-15.943208451220656	138.0	23	1.05	0.95				
	210	1	73.32834880526316	15.041712575438599	0.0	0.0	2	1.05	-17.512179400995578	138.0	23	1.05	0.95				
	211	1	0.0	0.0	0.0	0.0	2	1.0061342701578466	-13.262086394131343	230.0	23	1.05	0.95				
	212	1	0.0	0.0	0.0	0.0	2	1.013411167604644	-12.819544679551155	230.0	23	1.05	0.95				
	213	2	99.6513458122807	20.306311976842107	0.0	0.0	2	1.0044528478350818	-12.249900260059203	230.0	24	1.05	0.95				
	214	2	72.95230599087719	14.665669761052632	0.0	0.0	2	1.0053761910885108	-10.572727332729022	230.0	26	1.05	0.95				
	215	2	119.20557216035088	24.06674012070176	0.0	0.0	2	1.0257921341528506	-3.6010965094739706	230.0	26	1.05	0.95				
	216	2	37.604281438596495	7.520856287719299	0.0	0.0	2	1.0289596212480578	-4.574942373383239	230.0	26	1.05	0.95				
	217	1	0.0	0.0	0.0	0.0	2	1.0341504368704222	-2.0172621297793265	230.0	27	1.05	0.95				
	218	2	125.22225719052634	25.570911378245615	0.0	0.0	2	1.0328553663158482	-2.4959005128580785	230.0	27	1.05	0.95				
	219	1	68.06374940385965	13.913584132280702	0.0	0.0	2	1.0353795207262975	-5.37652139458522	230.0	25	1.05	0.95				
	220	1	48.13348024140352	9.777113174035089	0.0	0.0	2	1.0432177339149924	-5.342928693497041	230.0	25	1.05	0.95				
	221	2	0.0	0.0	0.0	0.0	2	1.0333167853380911	-2.0640066043650895	230.0	27	1.05	0.95				
	222	2	0.0	0.0	0.0	0.0	2	1.05	4.450643358195336	230.0	27	1.05	0.95				
	223	2	0.0	0.0	0.0	0.0	2	1.0477953403236269	-5.046400655809688	230.0	25	1.05	0.95				
	224	1	0.0	0.0	0.0	0.0	2	1.0088545891092748	-7.140304352869928	230.0	26	1.05	0.95				
	301	2	47.96962988210527	9.771591272280702	0.0	0.0	3	1.0258997178464957	11.869425961669632	138.0	31	1.05	0.95				
	302	2	43.08383424596491	8.883264792982457	0.0	0.0	3	1.023108654188752	11.520949537481396	138.0	32	1.05	0.95				
	303	1	79.9493831368421	16.434039867017542	0.0	0.0	3	1.05	26.876575313957296	138.0	31	1.05	0.95				
	304	1	32.868079734035085	6.6624485947368415	0.0	0.0	3	1.0117820182412973	12.765905720624927	138.0	31	1.05	0.95				
	305	1	31.535590015087717	6.218285355087719	0.0	0.0	3	1.030111222082038	10.504491227810208	138.0	31	1.05	0.95				
	306	1	60.4062005922807	12.436570710175438	0.0	-100.0	3	1.0395800389888339	9.199460657847894	138.0	32	1.05	0.95				
	307	2	55.52040495614035	11.10408099122807	0.0	0.0	3	0.95	5.214026563893581	138.0	32	1.05	0.95				
	308	1	75.95191398	15.545713387719298	0.0	0.0	3	0.9702928452131658	7.158708105020431	138.0	32	1.05	0.95				
	309	1	77.72856693859649	15.989876627368421	0.0	0.0	3	1.0163414912173256	15.645262952972898	138.0	33	1.05	0.95				
	310	1	86.61183173157895	17.766529585964914	0.0	0.0	3	1.0449387044951133	10.54737094929878	138.0	33	1.05	0.95				
	311	1	0.0	0.0	0.0	0.0	3	1.003794850467513	14.47383361759957	230.0	33	1.05	0.95				
	312	1	0.0	0.0	0.0	0.0	3	1.0090418809890207	15.039324131321504	230.0	33	1.05	0.95				
	313	2	117.70325850701752	23.984814941052633	0.0	0.0	3	1.0058079692673494	16.676928527166954	230.0	34	1.05	0.95				
	314	2	86.16766849192982	17.32236634631579	0.0	0.0	3	0.998327334387352	14.024070171609743	230.0	36	1.05	0.95				
	315	2	140.79974696877193	28.42644733754386	0.0	0.0	3	1.0472820325873338	16.29898282109512	230.0	36	1.05	0.95				
	316	2	44.41632396491228	8.883264792982457	0.0	0.0	3	1.030844373916008	16.064004649345947	230.0	36	1.05	0.95				
	317	1	0.0	0.0	0.0	0.0	3	1.05	19.075366085246724	230.0	37	1.05	0.95				
	318	2	147.9063588031579	30.20310029614035	0.0	0.0	3	1.05	15.95430348321672	230.0	37	1.05	0.95				
	319	1	80.39354637649123	16.434039867017542	0.0	0.0	3	1.0221159496578456	15.490501639496019	230.0	35	1.05	0.95				
	320	1	56.85289467508772	11.548244230877193	0.0	0.0	3	1.0176300018793198	15.861949107868941	230.0	35	1.05	0.95				
	321	2	0.0	0.0	0.0	0.0	3	1.05	16.718673255450472	230.0	37	1.05	0.95				
	322	2	0.0	0.0	0.0	0.0	3	1.05	21.991777307447833	230.0	37	1.05	0.95				
	323	2	0.0	0.0	0.0	0.0	3	1.015901934093141	16.417442408322497	230.0	35	1.05	0.95				
	324	1	0.0	0.0	0.0	0.0	3	1.04500509614616	20.34251355691331	230.0	36	1.05	0.95				
	325	1	0.0	0.0	0.0	0.0	3	1.0172335526035203	16.964118670501772	230.0	35	1.05	0.95				
];
