%% MATPOWER Case Format : Version 2
function mpc = RTS_GMLC
mpc.version = '2';

%%-----  Power Flow Data  -----%%
%% system MVA base
mpc.baseMVA = 100.0;
%% bus data
%    bus_i    type    Pd    Qd    Gs    Bs    area    Vm    Va    baseKV    zone    Vmax    Vmin
mpc.bus = [
	101	2	43.04502720000001	8.768431466666666	0.0	0.0	1	1.020851286008052	3.7784414875487107	138.0	11	1.05	0.95				
	102	2	38.660811466666665	7.971301333333335	0.0	0.0	1	1.019679091521244	3.48391835871441	138.0	12	1.05	0.95				
	103	1	71.741712	14.746907466666666	0.0	0.0	1	1.0299625911071097	3.0991002904608456	138.0	11	1.05	0.95				
	104	1	29.493814933333333	5.978476	0.0	0.0	1	1.0162712744328604	0.2725874117677068	138.0	11	1.05	0.95				
	105	1	28.298119733333333	5.579910933333334	0.0	0.0	1	1.0295875796814518	0.40461423129529817	138.0	11	1.05	0.95				
	106	1	54.20484906666667	11.159821866666668	0.0	-100.0	1	1.0428272751269492	-1.9236618941662351	138.0	12	1.05	0.95				
	107	2	49.82063333333333	9.964126666666667	0.0	0.0	1	0.9858923509883065	-7.331057080995842	138.0	12	1.05	0.95				
	108	1	68.15462640000001	13.949777333333332	0.0	0.0	1	0.997003153515183	-5.972160587919428	138.0	12	1.05	0.95				
	109	1	69.74888666666668	14.3483424	0.0	0.0	1	1.0256257256688526	-0.695559873596705	138.0	13	1.05	0.95				
	110	1	77.72018800000001	15.94260266666667	0.0	0.0	1	1.05	-1.7111919932946527	138.0	13	1.05	0.95				
	111	1	0.0	0.0	0.0	0.0	1	1.0151968990080829	1.0061468832708913	230.0	13	1.05	0.95				
	112	1	0.0	0.0	0.0	0.0	1	1.0115138716826282	0.37397135595776443	230.0	13	1.05	0.95				
	113	3	105.61974266666667	21.522513600000003	0.0	0.0	1	0.9907339217607112	1.3805157136898551e-30	230.0	14	1.05	0.95				
	114	2	77.32162293333333	15.544037600000001	0.0	0.0	1	1.0387100412316026	4.04838699479124	230.0	16	1.05	0.95				
	115	2	126.34512613333332	25.508164266666668	0.0	0.0	1	1.0448772336849141	12.202032681003166	230.0	16	1.05	0.95				
	116	2	39.85650666666667	7.971301333333335	0.0	0.0	1	1.0445558650157938	10.847858518593219	230.0	16	1.05	0.95				
	117	1	0.0	0.0	0.0	0.0	1	1.0428557008039436	16.0245422331306	230.0	17	1.05	0.95				
	118	2	132.7221672	27.102424533333334	0.0	0.0	1	1.05	16.267158508007164	230.0	17	1.05	0.95				
	119	1	72.14027706666667	14.746907466666666	0.0	0.0	1	1.0396828963728144	7.659230529399362	230.0	15	1.05	0.95				
	120	1	51.016328533333336	10.362691733333335	0.0	0.0	1	1.0401075896354584	5.637088313315788	230.0	15	1.05	0.95				
	121	2	0.0	0.0	0.0	0.0	1	1.0424755606109977	17.507278078718866	230.0	17	1.05	0.95				
	122	2	0.0	0.0	0.0	0.0	1	1.05	35.475048358370806	230.0	17	1.05	0.95				
	123	2	0.0	0.0	0.0	0.0	1	1.0409328155881734	4.824361950152037	230.0	15	1.05	0.95				
	124	1	0.0	0.0	0.0	0.0	1	1.0278036460675883	8.809922409084997	230.0	16	1.05	0.95				
	201	2	42.482606627368426	8.653864312982456	0.0	0.0	2	1.020731980830376	-7.909316386997353	138.0	21	1.05	0.95				
	202	2	38.155674470877194	7.867149375438598	0.0	0.0	2	1.0212126329856974	-7.851823691641622	138.0	22	1.05	0.95				
	203	1	70.80434437894738	14.554226344561405	0.0	0.0	2	1.013309533734643	-6.771122796707925	138.0	21	1.05	0.95				
	204	1	29.10845268912281	5.900362031578947	0.0	0.0	2	1.015918479392451	-8.958492675487182	138.0	21	1.05	0.95				
	205	1	27.92838028280702	5.507004562807018	0.0	0.0	2	1.0306772526376695	-9.214135713569933	138.0	21	1.05	0.95				
	206	1	53.49661575298246	11.014009125614036	0.0	-100.0	2	1.0444501947355365	-10.341924279176032	138.0	22	1.05	0.95				
	207	2	49.16968359649123	9.833936719298245	0.0	0.0	2	0.9933979592722895	-15.751210195334489	138.0	22	1.05	0.95				
	208	1	67.26412716	13.767511407017544	0.0	0.0	2	1.0003833947356877	-14.000633251433262	138.0	22	1.05	0.95				
	209	1	68.83755703508773	14.160868875789474	0.0	0.0	2	1.0223255632908979	-8.233867816230342	138.0	23	1.05	0.95				
	210	1	76.70470641052631	15.734298750877196	0.0	0.0	2	1.05	-9.26489658818892	138.0	23	1.05	0.95				
	211	1	0.0	0.0	0.0	0.0	2	1.0042632535717182	-5.670022257492475	230.0	23	1.05	0.95				
	212	1	0.0	0.0	0.0	0.0	2	1.007370704344401	-4.76141868149391	230.0	23	1.05	0.95				
	213	2	104.2397292245614	21.241303313684213	0.0	0.0	2	0.9983458879651465	-4.322708557104532	230.0	24	1.05	0.95				
	214	2	76.31134894175439	15.340941282105264	0.0	0.0	2	1.0039052208215415	-3.6451821376581757	230.0	26	1.05	0.95				
	215	2	124.69431760070175	25.17487800140351	0.0	0.0	2	1.0218675701219015	1.4898045121593964	230.0	26	1.05	0.95				
	216	2	39.33574687719298	7.867149375438598	0.0	0.0	2	1.0243269874439684	1.583499371533251	230.0	26	1.05	0.95				
	217	1	0.0	0.0	0.0	0.0	2	1.032048025526973	2.9571605973812707	230.0	27	1.05	0.95				
	218	2	130.98803710105264	26.74830787649123	0.0	0.0	2	1.030168552811268	2.4778487798090976	230.0	27	1.05	0.95				
	219	1	71.1977018477193	14.554226344561405	0.0	0.0	2	1.02473777259819	1.8328884930367317	230.0	25	1.05	0.95				
	220	1	50.34975600280702	10.227294188070177	0.0	0.0	2	1.0276091209468867	2.819399090751765	230.0	25	1.05	0.95				
	221	2	0.0	0.0	0.0	0.0	2	1.0305991705046202	2.9504207806412888	230.0	27	1.05	0.95				
	222	2	0.0	0.0	0.0	0.0	2	1.05	9.446791948170999	230.0	27	1.05	0.95				
	223	2	0.0	0.0	0.0	0.0	2	1.0298656134726043	3.6616090018531557	230.0	25	1.05	0.95				
	224	1	0.0	0.0	0.0	0.0	2	1.0083442325914953	-1.6066449481940182	230.0	26	1.05	0.95				
	301	2	44.67257196631579	9.099968363508772	0.0	0.0	3	1.0086363721740141	-15.017955937671392	138.0	31	1.05	0.95				
	302	2	40.122587784561404	8.272698512280702	0.0	0.0	3	1.0084142861074565	-15.110065767710115	138.0	32	1.05	0.95				
	303	1	74.45428661052632	15.304492247719297	0.0	0.0	3	1.0221070826569403	-10.30528441208123	138.0	31	1.05	0.95				
	304	1	30.608984495438595	6.204523884210526	0.0	0.0	3	1.0108762690848356	-13.695506817362007	138.0	31	1.05	0.95				
	305	1	29.36807971859649	5.790888958596492	0.0	0.0	3	1.023951084883049	-14.362693816372479	138.0	31	1.05	0.95				
	306	1	56.25434988350878	11.581777917192984	0.0	-100.0	3	1.0409691311257998	-14.495711882035236	138.0	32	1.05	0.95				
	307	2	51.704365701754384	10.340873140350878	0.0	0.0	3	0.9954742310981828	-18.996940394196585	138.0	32	1.05	0.95				
	308	1	70.73157228	14.477222396491227	0.0	0.0	3	1.001487395957478	-17.141657759510284	138.0	32	1.05	0.95				
	309	1	72.38611198245614	14.890857322105264	0.0	0.0	3	1.0257112052728445	-10.841876785943048	138.0	33	1.05	0.95				
	310	1	80.65881049473684	16.545397024561403	0.0	0.0	3	1.05	-12.375842128614655	138.0	33	1.05	0.95				
	311	1	0.0	0.0	0.0	0.0	3	1.007376293853849	-6.812129891255946	230.0	33	1.05	0.95				
	312	1	0.0	0.0	0.0	0.0	3	1.0090101715044095	-6.181385798091671	230.0	33	1.05	0.95				
	313	2	109.6132552877193	22.336285983157897	0.0	0.0	3	1.0085302649801131	-3.1376943817383776	230.0	34	1.05	0.95				
	314	2	80.24517556912281	16.13176209894737	0.0	0.0	3	1.0089503800719903	-5.125948535700499	230.0	36	1.05	0.95				
	315	2	131.1222714196491	26.47263523929825	0.0	0.0	3	1.0324733803578772	-1.2929578838609668	230.0	36	1.05	0.95				
	316	2	41.36349256140351	8.272698512280702	0.0	0.0	3	1.031662007683244	-0.26961867197183326	230.0	36	1.05	0.95				
	317	1	0.0	0.0	0.0	0.0	3	1.0383653606806498	1.425810474020616	230.0	37	1.05	0.95				
	318	2	137.74043022947367	28.12717494175439	0.0	0.0	3	1.036219051090512	0.6807119997996703	230.0	37	1.05	0.95				
	319	1	74.86792153614036	15.304492247719297	0.0	0.0	3	1.0262056461972728	-0.6660096320719336	230.0	35	1.05	0.95				
	320	1	52.9452704785965	10.754508065964913	0.0	0.0	3	1.0241525698677931	-0.20351724279028263	230.0	35	1.05	0.95				
	321	2	0.0	0.0	0.0	0.0	3	1.037216074891008	0.5765644141019188	230.0	37	1.05	0.95				
	322	2	0.0	0.0	0.0	0.0	3	1.049999986000417	5.219816235171725	230.0	37	1.05	0.95				
	323	2	0.0	0.0	0.0	0.0	3	1.0236203043233838	0.3731329170549566	230.0	35	1.05	0.95				
	324	1	0.0	0.0	0.0	0.0	3	1.017342027449951	-4.666562279423015	230.0	36	1.05	0.95				
	325	1	0.0	0.0	0.0	0.0	3	1.019579755960693	1.806206363406849	230.0	35	1.05	0.95				
];
