%% MATPOWER Case Format : Version 2
function mpc = RTS_GMLC
mpc.version = '2';

%%-----  Power Flow Data  -----%%
%% system MVA base
mpc.baseMVA = 100.0;
%% bus data
%    bus_i    type    Pd    Qd    Gs    Bs    area    Vm    Va    baseKV    zone    Vmax    Vmin
mpc.bus = [
	101	2	46.718951002105264	9.516823352280701	0.0	0.0	1	1.0447388429626505	2.6465062396757237	138.0	11	1.05	0.95				
	102	2	41.96053932596491	8.651657592982456	0.0	0.0	1	1.0421751584401369	1.98166182638589	138.0	12	1.05	0.95				
	103	1	77.86491833684211	16.005566547017544	0.0	0.0	1	1.0318245971570288	0.296730913230887	138.0	11	1.05	0.95				
	104	1	32.01113309403509	6.488743194736841	0.0	0.0	1	1.0283650037434238	-0.8079921158535521	138.0	11	1.05	0.95				
	105	1	30.713384455087716	6.05616031508772	0.0	0.0	1	1.041051125242073	-1.0421675684375131	138.0	11	1.05	0.95				
	106	1	58.8312716322807	12.11232063017544	0.0	-100.0	1	1.0472422861649737	-3.6874896635978964	138.0	12	1.05	0.95				
	107	2	54.07285995614035	10.81457199122807	0.0	0.0	1	1.001088476635194	-8.916126085187395	138.0	12	1.05	0.95				
	108	1	73.97167241999999	15.140400787719296	0.0	0.0	1	1.0047381806843823	-7.76850803017629	138.0	12	1.05	0.95				
	109	1	75.70200393859649	15.57298366736842	0.0	0.0	1	1.0246213757576594	-2.572326786984797	138.0	13	1.05	0.95				
	110	1	84.35366153157894	17.303315185964912	0.0	0.0	1	1.05	-3.467756624536822	138.0	13	1.05	0.95				
	111	1	0.0	0.0	0.0	0.0	1	1.002223149185106	-1.1421420625321173	230.0	13	1.05	0.95				
	112	1	0.0	0.0	0.0	0.0	1	1.0067891669097984	-1.1668675605000802	230.0	13	1.05	0.95				
	113	3	114.63446310701752	23.359475501052632	0.0	0.0	1	0.9944332733888854	2.4936605705370078e-28	230.0	14	1.05	0.95				
	114	2	83.92107865192982	16.870732306315787	0.0	0.0	1	0.9968369529500786	-0.11984397397023512	230.0	16	1.05	0.95				
	115	2	137.12877284877192	27.685304297543862	0.0	0.0	1	1.0312314777673166	4.707621599269292	230.0	16	1.05	0.95				
	116	2	43.25828796491228	8.651657592982456	0.0	0.0	1	1.0262224220833636	3.8937131730845267	230.0	16	1.05	0.95				
	117	1	0.0	0.0	0.0	0.0	1	1.0355231482870606	6.816303214817656	230.0	17	1.05	0.95				
	118	2	144.0500989231579	29.41563581614035	0.0	0.0	1	1.0390381645866562	7.337094868026647	230.0	17	1.05	0.95				
	119	1	78.29750121649123	16.005566547017544	0.0	0.0	1	1.0169306839446683	2.2762710388450134	230.0	15	1.05	0.95				
	120	1	55.370608595087724	11.247154870877193	0.0	0.0	1	1.0113954463578425	1.2622831950276803	230.0	15	1.05	0.95				
	121	2	0.0	0.0	0.0	0.0	1	1.0421923283512267	8.46712956679057	230.0	17	1.05	0.95				
	122	2	0.0	0.0	0.0	0.0	1	1.05	14.600588397998031	230.0	17	1.05	0.95				
	123	2	0.0	0.0	0.0	0.0	1	1.0089403095576077	1.0449215535594398	230.0	15	1.05	0.95				
	124	1	0.0	0.0	0.0	0.0	1	1.0246353917547648	3.041835452660808	230.0	16	1.05	0.95				
	201	2	44.65858649684211	9.09711947157895	0.0	0.0	2	1.014892614814194	-9.392260074240475	138.0	21	1.05	0.95				
	202	2	40.11002676105264	8.270108610526316	0.0	0.0	2	1.0140710073918604	-9.624738117691063	138.0	22	1.05	0.95				
	203	1	74.43097749473685	15.299700929473687	0.0	0.0	2	1.0144061221525822	-6.989982384581654	138.0	21	1.05	0.95				
	204	1	30.599401858947374	6.202581457894738	0.0	0.0	2	1.0127747465970773	-8.998463595588554	138.0	21	1.05	0.95				
	205	1	29.35888556736842	5.789076027368422	0.0	0.0	2	1.0273549409799634	-9.301962985342819	138.0	21	1.05	0.95				
	206	1	56.23673855157896	11.578152054736844	0.0	-100.0	2	1.042394415468051	-9.766891816957196	138.0	22	1.05	0.95				
	207	2	51.68817881578948	10.337635763157897	0.0	0.0	2	0.9975804790201086	-14.75205641808994	138.0	22	1.05	0.95				
	208	1	70.70942862	14.472690068421054	0.0	0.0	2	1.0023032113582055	-12.883500258559486	138.0	22	1.05	0.95				
	209	1	72.36345034210527	14.88619549894737	0.0	0.0	2	1.023792449324562	-6.776565499432991	138.0	23	1.05	0.95				
	210	1	80.63355895263159	16.540217221052632	0.0	0.0	2	1.05	-7.88124466949562	138.0	23	1.05	0.95				
	211	1	0.0	0.0	0.0	0.0	2	1.0034225093842755	-4.431682040089347	230.0	23	1.05	0.95				
	212	1	0.0	0.0	0.0	0.0	2	1.0099469995962163	-0.36323545690384795	230.0	23	1.05	0.95				
	213	2	109.57893908947369	22.329293248421056	0.0	0.0	2	0.9983231308137995	-2.4051756100633335	230.0	24	1.05	0.95				
	214	2	80.22005352210527	16.12671179052632	0.0	0.0	2	1.0003151699171575	-3.165369423699301	230.0	26	1.05	0.95				
	215	2	131.0812214768421	26.464347553684213	0.0	0.0	2	1.0176681892466837	1.5232473482001352	230.0	26	1.05	0.95				
	216	2	41.350543052631586	8.270108610526316	0.0	0.0	2	1.01684424273664	1.1753262038914933	230.0	26	1.05	0.95				
	217	1	0.0	0.0	0.0	0.0	2	1.0215251653294548	2.01615002151803	230.0	27	1.05	0.95				
	218	2	137.69730836526318	28.11836927578948	0.0	0.0	2	1.0211589973443387	1.7423057331253695	230.0	27	1.05	0.95				
	219	1	74.84448292526316	15.299700929473687	0.0	0.0	2	1.015410607948065	0.9757558447428784	230.0	25	1.05	0.95				
	220	1	52.928695107368426	10.751141193684212	0.0	0.0	2	1.016925372500623	1.6267240653528985	230.0	25	1.05	0.95				
	221	2	0.0	0.0	0.0	0.0	2	1.023511120146713	2.467395521430546	230.0	27	1.05	0.95				
	222	2	0.0	0.0	0.0	0.0	2	1.0451654195494164	8.841588180004058	230.0	27	1.05	0.95				
	223	2	0.0	0.0	0.0	0.0	2	1.01843936084266	2.3078946640344107	230.0	25	1.05	0.95				
	224	1	0.0	0.0	0.0	0.0	2	1.0059054885559067	-1.6865498001878554	230.0	26	1.05	0.95				
	301	2	63.20784562105264	12.875672256140353	0.0	0.0	3	1.007465374979956	-13.572129436525287	138.0	31	1.05	0.95				
	302	2	56.77000949298245	11.705156596491229	0.0	0.0	3	1.00707493086169	-13.68363409050304	138.0	32	1.05	0.95				
	303	1	105.34640936842106	21.654539703508775	0.0	0.0	3	1.0187501065999114	-7.931290353855646	138.0	31	1.05	0.95				
	304	1	43.30907940701755	8.778867447368421	0.0	0.0	3	1.005906469073803	-11.79469600858983	138.0	31	1.05	0.95				
	305	1	41.55330591754386	8.19360961754386	0.0	0.0	3	1.020277447219443	-12.147995401075761	138.0	31	1.05	0.95				
	306	1	79.59506485614037	16.38721923508772	0.0	-100.0	3	1.0353417106993412	-12.009810999690796	138.0	32	1.05	0.95				
	307	2	73.15722872807018	14.631445745614036	0.0	0.0	3	0.993684643484311	-19.102953539553067	138.0	32	1.05	0.95				
	308	1	100.07908890000002	20.484024043859648	0.0	0.0	3	0.9931086542859466	-16.305985395049493	138.0	32	1.05	0.95				
	309	1	102.42012021929825	21.06928187368421	0.0	0.0	3	1.0252730812726	-7.854907167419692	138.0	33	1.05	0.95				
	310	1	114.12527681578948	23.410313192982457	0.0	0.0	3	1.05	-8.847532147778306	138.0	33	1.05	0.95				
	311	1	0.0	0.0	0.0	0.0	3	1.0132663635428174	-2.3849083570718337	230.0	33	1.05	0.95				
	312	1	0.0	0.0	0.0	0.0	3	1.0156080840679984	-1.7079673378984142	230.0	33	1.05	0.95				
	313	2	155.09332490350877	31.60392281052632	0.0	0.0	3	1.0230795341181749	2.1890945816670273	230.0	34	1.05	0.95				
	314	2	113.5400189859649	22.825055363157894	0.0	0.0	3	1.0184812428096754	-0.4358976985764661	230.0	36	1.05	0.95				
	315	2	185.52673205438597	37.45650110877193	0.0	0.0	3	1.0307272450750744	-0.7790157909251465	230.0	36	1.05	0.95				
	316	2	58.52578298245614	11.705156596491229	0.0	0.0	3	1.0302208100824994	0.06677968605525073	230.0	36	1.05	0.95				
	317	1	0.0	0.0	0.0	0.0	3	1.0359962854125109	1.8240066474096408	230.0	37	1.05	0.95				
	318	2	194.89085733157896	39.797532428070184	0.0	0.0	3	1.0322578100645714	0.6734127127778402	230.0	37	1.05	0.95				
	319	1	105.93166719824563	21.654539703508775	0.0	0.0	3	1.0291822642028996	1.3012961560287921	230.0	35	1.05	0.95				
	320	1	74.91300221754386	15.216703575438597	0.0	0.0	3	1.0291017741880324	1.7760505201282228	230.0	35	1.05	0.95				
	321	2	0.0	0.0	0.0	0.0	3	1.03404434100837	0.7629553837842612	230.0	37	1.05	0.95				
	322	2	0.0	0.0	0.0	0.0	3	1.048158736277133	5.501841721279424	230.0	37	1.05	0.95				
	323	2	0.0	0.0	0.0	0.0	3	1.0293094103695202	2.0375173917071576	230.0	35	1.05	0.95				
	324	1	0.0	0.0	0.0	0.0	3	1.0197322718017288	-1.3249618319389385	230.0	36	1.05	0.95				
	325	1	0.0	0.0	0.0	0.0	3	1.0296411020403333	2.5852578197184344	230.0	35	1.05	0.95				
];
