%% MATPOWER Case Format : Version 2
function mpc = RTS_GMLC
mpc.version = '2';

%%-----  Power Flow Data  -----%%
%% system MVA base
mpc.baseMVA = 100.0;
%% bus data
%    bus_i    type    Pd    Qd    Gs    Bs    area    Vm    Va    baseKV    zone    Vmax    Vmin
mpc.bus = [
	101	2	41.05442849684211	8.362939138245613	0.0	0.0	1	1.0343946750578747	1.9429091881057587	138.0	11	1.05	0.95				
	102	2	36.872958927719296	7.60267194385965	0.0	0.0	1	1.032199629402966	1.3616008344491017	138.0	12	1.05	0.95				
	103	1	68.42404749473684	14.06494309614035	0.0	0.0	1	1.031598890177099	0.8506765170909886	138.0	11	1.05	0.95				
	104	1	28.1298861922807	5.702003957894736	0.0	0.0	1	1.024720508872389	-0.9369464468564206	138.0	11	1.05	0.95				
	105	1	26.989485400701753	5.321870360701754	0.0	0.0	1	1.0368750285095996	-1.2549596290136131	138.0	11	1.05	0.95				
	106	1	51.69816921824562	10.643740721403509	0.0	-100.0	1	1.0466219115015925	-3.5584395359933403	138.0	12	1.05	0.95				
	107	2	47.516699649122806	9.50333992982456	0.0	0.0	1	1.0013813779130094	-9.92906562088902	138.0	12	1.05	0.95				
	108	1	65.00284512	13.304675901754385	0.0	0.0	1	1.005861090690111	-8.079624718932044	138.0	12	1.05	0.95				
	109	1	66.52337950877192	13.684809498947367	0.0	0.0	1	1.0246992623636533	-2.2994468771467997	138.0	13	1.05	0.95				
	110	1	74.12605145263159	15.2053438877193	0.0	0.0	1	1.05	-3.301700354190497	138.0	13	1.05	0.95				
	111	1	0.0	0.0	0.0	0.0	1	1.0018014011622003	-0.663942092584171	230.0	13	1.05	0.95				
	112	1	0.0	0.0	0.0	0.0	1	1.0070017342068105	-1.076556366916308	230.0	13	1.05	0.95				
	113	3	100.73540325614034	20.527214248421053	0.0	0.0	1	0.9939705024819232	-1.1769177525062741e-29	230.0	14	1.05	0.95				
	114	2	73.74591785543859	14.825210290526316	0.0	0.0	1	0.9967262789778039	1.042504122146745	230.0	16	1.05	0.95				
	115	2	120.50235031017544	24.328550220350877	0.0	0.0	1	1.0334099104029086	6.8096438729869995	230.0	16	1.05	0.95				
	116	2	38.01335971929824	7.60267194385965	0.0	0.0	1	1.0286953072382772	5.636158523143332	230.0	16	1.05	0.95				
	117	1	0.0	0.0	0.0	0.0	1	1.037273062607166	9.045335790725932	230.0	17	1.05	0.95				
	118	2	126.58448786526316	25.84908460912281	0.0	0.0	1	1.0410835538473873	9.823287317342903	230.0	17	1.05	0.95				
	119	1	68.80418109192983	14.06494309614035	0.0	0.0	1	1.01861207457835	3.2602100555921414	230.0	15	1.05	0.95				
	120	1	48.657100440701754	9.883473527017545	0.0	0.0	1	1.0128266965005326	1.6203987497511316	230.0	15	1.05	0.95				
	121	2	0.0	0.0	0.0	0.0	1	1.043784780386908	11.139420290551236	230.0	17	1.05	0.95				
	122	2	0.0	0.0	0.0	0.0	1	1.05	16.866944770026336	230.0	17	1.05	0.95				
	123	2	0.0	0.0	0.0	0.0	1	1.0101040278018167	1.0141853886426273	230.0	15	1.05	0.95				
	124	1	0.0	0.0	0.0	0.0	1	1.024579292012452	4.56251285553797	230.0	16	1.05	0.95				
	201	2	39.23563672421053	7.992444517894737	0.0	0.0	2	1.0166366442885715	-14.221132729044777	138.0	21	1.05	0.95				
	202	2	35.23941446526315	7.265858652631578	0.0	0.0	2	1.015722139680962	-14.499021039668623	138.0	22	1.05	0.95				
	203	1	65.39272787368421	13.44183850736842	0.0	0.0	2	1.0156138649439546	-10.51915596259178	138.0	21	1.05	0.95				
	204	1	26.88367701473684	5.449393989473684	0.0	0.0	2	1.0138358759738848	-14.214085324434816	138.0	21	1.05	0.95				
	205	1	25.793798216842102	5.0861010568421055	0.0	0.0	2	1.0290504562023177	-14.618164377386002	138.0	21	1.05	0.95				
	206	1	49.40783883789474	10.172202113684211	0.0	-100.0	2	1.0442132827726986	-15.315822600374549	138.0	22	1.05	0.95				
	207	2	45.41161657894737	9.082323315789473	0.0	0.0	2	0.9987804398211256	-19.61379398138337	138.0	22	1.05	0.95				
	208	1	62.12309147999999	12.715252642105263	0.0	0.0	2	1.0046512408738129	-18.0049205553378	138.0	22	1.05	0.95				
	209	1	63.57626321052631	13.078545574736841	0.0	0.0	2	1.0222551746960014	-12.470112003507513	138.0	23	1.05	0.95				
	210	1	70.84212186315789	14.531717305263156	0.0	0.0	2	1.05	-13.846085703232397	138.0	23	1.05	0.95				
	211	1	0.0	0.0	0.0	0.0	2	1.0015586865575237	-10.262517902558969	230.0	23	1.05	0.95				
	212	1	0.0	0.0	0.0	0.0	2	1.0057827482415462	-8.544952776643314	230.0	23	1.05	0.95				
	213	2	96.27262714736841	19.617818362105265	0.0	0.0	2	0.9922882838066104	-9.38418270540602	230.0	24	1.05	0.95				
	214	2	70.4788289305263	14.168424372631577	0.0	0.0	2	1.0010105036178065	-7.984750163402403	230.0	26	1.05	0.95				
	215	2	115.16385964421052	23.25074768842105	0.0	0.0	2	1.0173972609304511	-1.4473227057767193	230.0	26	1.05	0.95				
	216	2	36.32929326315789	7.265858652631578	0.0	0.0	2	1.0163233546495507	-2.5361177781602846	230.0	26	1.05	0.95				
	217	1	0.0	0.0	0.0	0.0	2	1.0213510891723396	-0.7110082860661864	230.0	27	1.05	0.95				
	218	2	120.97654656631578	24.70391941894737	0.0	0.0	2	1.0213398762696306	-0.9562039411487789	230.0	27	1.05	0.95				
	219	1	65.75602080631579	13.44183850736842	0.0	0.0	2	1.0113711096072062	-4.235059397106564	230.0	25	1.05	0.95				
	220	1	46.5014953768421	9.445616248421052	0.0	0.0	2	1.0097922449384151	-4.987529303789609	230.0	25	1.05	0.95				
	221	2	0.0	0.0	0.0	0.0	2	1.0235591018294252	-0.32231466611798576	230.0	27	1.05	0.95				
	222	2	0.0	0.0	0.0	0.0	2	1.0452318404260432	6.075498811012038	230.0	27	1.05	0.95				
	223	2	0.0	0.0	0.0	0.0	2	1.0091781281962786	-5.111611067269634	230.0	25	1.05	0.95				
	224	1	0.0	0.0	0.0	0.0	2	1.0055799922976825	-4.873660081618627	230.0	26	1.05	0.95				
	301	2	61.328693444210536	12.492881997894736	0.0	0.0	3	1.0003843318697727	-1.0055917069443254	138.0	31	1.05	0.95				
	302	2	55.08225244526316	11.357165452631579	0.0	0.0	3	0.999831322795042	-1.1507917749801861	138.0	32	1.05	0.95				
	303	1	102.21448907368422	21.01075608736842	0.0	0.0	3	1.0293591657033152	5.271997731000855	138.0	31	1.05	0.95				
	304	1	42.02151217473684	8.517874089473684	0.0	0.0	3	1.0042847305787561	0.4574987698604165	138.0	31	1.05	0.95				
	305	1	40.3179373568421	7.950015816842106	0.0	0.0	3	1.0171249908699138	0.12427209546715619	138.0	31	1.05	0.95				
	306	1	77.22872507789475	15.900031633684211	0.0	-100.0	3	1.034174801043121	0.10724924946928249	138.0	32	1.05	0.95				
	307	2	70.98228407894737	14.196456815789475	0.0	0.0	3	0.990751776986082	-4.4197140688798005	138.0	32	1.05	0.95				
	308	1	97.10376461999999	19.875039542105263	0.0	0.0	3	0.998904799215271	-1.8471385172979216	138.0	32	1.05	0.95				
	309	1	99.37519771052632	20.442897814736842	0.0	0.0	3	1.0271909625172735	4.08811236040481	138.0	33	1.05	0.95				
	310	1	110.73236316315788	22.714330905263157	0.0	0.0	3	1.05	3.0737243461801507	138.0	33	1.05	0.95				
	311	1	0.0	0.0	0.0	0.0	3	1.013103869840662	8.4257954638269	230.0	33	1.05	0.95				
	312	1	0.0	0.0	0.0	0.0	3	1.0184985753601223	9.795672294543522	230.0	33	1.05	0.95				
	313	2	150.48244224736843	30.664346722105268	0.0	0.0	3	1.0298262735577004	15.531998953295314	230.0	34	1.05	0.95				
	314	2	110.16450489052632	22.146472632631582	0.0	0.0	3	1.0114525946718096	7.015544804861136	230.0	36	1.05	0.95				
	315	2	180.01107242421054	36.34292944842105	0.0	0.0	3	1.0280499212657555	2.417123182925691	230.0	36	1.05	0.95				
	316	2	56.7858272631579	11.357165452631579	0.0	0.0	3	1.0272487440557334	3.372437262751675	230.0	36	1.05	0.95				
	317	1	0.0	0.0	0.0	0.0	3	1.0297503843088	2.248605993364672	230.0	37	1.05	0.95				
	318	2	189.09680478631577	38.614362538947375	0.0	0.0	3	1.0274179471521256	1.0786683400074786	230.0	37	1.05	0.95				
	319	1	102.78234734631579	21.01075608736842	0.0	0.0	3	1.0265110976059113	6.28280545073955	230.0	35	1.05	0.95				
	320	1	72.6858588968421	14.764315088421053	0.0	0.0	3	1.0285502690291688	8.423647554134481	230.0	35	1.05	0.95				
	321	2	0.0	0.0	0.0	0.0	3	1.0297164625912554	2.0958395729598576	230.0	37	1.05	0.95				
	322	2	0.0	0.0	0.0	0.0	3	1.0431776151414995	6.519047320004261	230.0	37	1.05	0.95				
	323	2	0.0	0.0	0.0	0.0	3	1.0301113014149332	9.407316394725717	230.0	35	1.05	0.95				
	324	1	0.0	0.0	0.0	0.0	3	1.0280201508007583	5.343355272354477	230.0	36	1.05	0.95				
	325	1	0.0	0.0	0.0	0.0	3	1.031785411212219	9.560773745029852	230.0	35	1.05	0.95				
];
