%% MATPOWER Case Format : Version 2
function mpc = RTS_GMLC
mpc.version = '2';

%%-----  Power Flow Data  -----%%
%% system MVA base
mpc.baseMVA = 100.0;
%% bus data
%    bus_i    type    Pd    Qd    Gs    Bs    area    Vm    Va    baseKV    zone    Vmax    Vmin
mpc.bus = [
	101	2	47.45373578526317	9.666501734035089	0.0	0.0	1	1.0357152334277868	2.348250448266061	138.0	11	1.05	0.95				
	102	2	42.620484918245616	8.787728849122809	0.0	0.0	1	1.035298815018147	2.2079551822731234	138.0	12	1.05	0.95				
	103	1	79.08955964210527	16.257298370877194	0.0	0.0	1	1.0292861187383062	0.19976561686253377	138.0	11	1.05	0.95				
	104	1	32.51459674175439	6.590796636842105	0.0	0.0	1	1.0221558424026922	-1.1325646479825353	138.0	11	1.05	0.95				
	105	1	31.196437414385965	6.151410194385966	0.0	0.0	1	1.0367519738655169	-0.9054981448713592	138.0	11	1.05	0.95				
	106	1	59.756556174035104	12.302820388771933	0.0	-100.0	1	1.0455328811771345	-3.1797078682678475	138.0	12	1.05	0.95				
	107	2	54.92330530701754	10.984661061403509	0.0	0.0	1	1.0009804701860394	-8.279290642659017	138.0	12	1.05	0.95				
	108	1	75.13508166	15.378525485964914	0.0	0.0	1	1.0045911437208264	-7.186473378371411	138.0	12	1.05	0.95				
	109	1	76.89262742982457	15.817911928421053	0.0	0.0	1	1.0249881267703764	-2.0942954964837184	138.0	13	1.05	0.95				
	110	1	85.68035627894737	17.575457698245618	0.0	0.0	1	1.05	-2.828203355144737	138.0	13	1.05	0.95				
	111	1	0.0	0.0	0.0	0.0	1	1.0041825084881355	-0.334485337731604	230.0	13	1.05	0.95				
	112	1	0.0	0.0	0.0	0.0	1	1.0089733983306082	0.1239920074570269	230.0	13	1.05	0.95				
	113	3	116.43740725087719	23.726867892631585	0.0	0.0	1	0.9965201723256427	-9.213382410459545e-30	230.0	14	1.05	0.95				
	114	2	85.24096983649123	17.136071255789474	0.0	0.0	1	1.0012205801666942	1.6252004594160598	230.0	16	1.05	0.95				
	115	2	139.2855022585965	28.12073231719299	0.0	0.0	1	1.0394710383205459	7.203914609965924	230.0	16	1.05	0.95				
	116	2	43.938644245614036	8.787728849122809	0.0	0.0	1	1.0350897137376414	6.9249892125871435	230.0	16	1.05	0.95				
	117	1	0.0	0.0	0.0	0.0	1	1.0427541039870372	8.66883219404424	230.0	17	1.05	0.95				
	118	2	146.31568533789476	29.878278087017552	0.0	0.0	1	1.0455907049423485	8.545183511355077	230.0	17	1.05	0.95				
	119	1	79.52894608456141	16.257298370877194	0.0	0.0	1	1.028562680251684	6.032384786659544	230.0	15	1.05	0.95				
	120	1	56.24146463438598	11.42404750385965	0.0	0.0	1	1.0259586302609063	6.105194417262787	230.0	15	1.05	0.95				
	121	2	0.0	0.0	0.0	0.0	1	1.05	9.431311822508038	230.0	17	1.05	0.95				
	122	2	0.0	0.0	0.0	0.0	1	1.05	16.651693134862864	230.0	17	1.05	0.95				
	123	2	0.0	0.0	0.0	0.0	1	1.0251467279518007	6.485108205384028	230.0	15	1.05	0.95				
	124	1	0.0	0.0	0.0	0.0	1	1.026452373584017	4.586046173349684	230.0	16	1.05	0.95				
	201	2	49.01054619789475	9.983629781052631	0.0	0.0	2	1.031257047343833	-5.8492475776039425	138.0	21	1.05	0.95				
	202	2	44.01873130736842	9.076027073684212	0.0	0.0	2	1.0316610731867448	-5.804737004856503	138.0	22	1.05	0.95				
	203	1	81.6842436631579	16.79065008631579	0.0	0.0	2	1.0190274459567137	-6.270862695442197	138.0	21	1.05	0.95				
	204	1	33.58130017263158	6.8070203052631575	0.0	0.0	2	1.0196565096608379	-8.150238428278263	138.0	21	1.05	0.95				
	205	1	32.21989611157895	6.353218951578948	0.0	0.0	2	1.0348777809356848	-8.210899785949069	138.0	21	1.05	0.95				
	206	1	61.71698410105264	12.706437903157896	0.0	-100.0	2	1.044804783679973	-9.963235172045586	138.0	22	1.05	0.95				
	207	2	56.72516921052632	11.345033842105263	0.0	0.0	2	0.9896028673996919	-16.871023672526107	138.0	22	1.05	0.95				
	208	1	77.60003148	15.883047378947367	0.0	0.0	2	0.9958608865658237	-14.805117508854316	138.0	22	1.05	0.95				
	209	1	79.41523689473684	16.33684873263158	0.0	0.0	2	1.0230900582546174	-8.221499122693205	138.0	23	1.05	0.95				
	210	1	88.49126396842105	18.152054147368425	0.0	0.0	2	1.05	-9.165200615745485	138.0	23	1.05	0.95				
	211	1	0.0	0.0	0.0	0.0	2	1.0058247863633503	-5.519219342963942	230.0	23	1.05	0.95				
	212	1	0.0	0.0	0.0	0.0	2	1.0093512806819134	-5.013454875602591	230.0	23	1.05	0.95				
	213	2	120.2573587263158	24.505273098947374	0.0	0.0	2	0.9996760841096028	-4.690939422889483	230.0	24	1.05	0.95				
	214	2	88.03746261473684	17.698252793684212	0.0	0.0	2	1.0072792758528504	-2.9632850438829226	230.0	26	1.05	0.95				
	215	2	143.85502911789473	29.04328663578947	0.0	0.0	2	1.028311021227472	3.413200314269616	230.0	26	1.05	0.95				
	216	2	45.38013536842105	9.076027073684212	0.0	0.0	2	1.0296287252564487	3.368795913333592	230.0	26	1.05	0.95				
	217	1	0.0	0.0	0.0	0.0	2	1.0350289145246065	6.012416693516943	230.0	27	1.05	0.95				
	218	2	151.1158507768421	30.85849205052632	0.0	0.0	2	1.0365746632264932	6.4695327053266185	230.0	27	1.05	0.95				
	219	1	82.13804501684211	16.79065008631579	0.0	0.0	2	1.028811683374703	2.435805603529745	230.0	25	1.05	0.95				
	220	1	58.08657327157894	11.798835195789474	0.0	0.0	2	1.0313470922546706	2.50604635229882	230.0	25	1.05	0.95				
	221	2	0.0	0.0	0.0	0.0	2	1.0365631776957536	6.211033977067267	230.0	27	1.05	0.95				
	222	2	0.0	0.0	0.0	0.0	2	1.05	12.631659939810348	230.0	27	1.05	0.95				
	223	2	0.0	0.0	0.0	0.0	2	1.033414514422305	2.8887364077027042	230.0	25	1.05	0.95				
	224	1	0.0	0.0	0.0	0.0	2	1.0128632263724315	-0.21708198622036418	230.0	26	1.05	0.95				
	301	2	51.88168299789474	10.56849098105263	0.0	0.0	3	1.01016381312669	-21.513260994130935	138.0	31	1.05	0.95				
	302	2	46.59743750736842	9.60771907368421	0.0	0.0	3	1.009362647186872	-21.69701794244749	138.0	32	1.05	0.95				
	303	1	86.46947166315789	17.77428028631579	0.0	0.0	3	1.0345853434712107	-13.301272454125908	138.0	31	1.05	0.95				
	304	1	35.54856057263158	7.205789305263158	0.0	0.0	3	1.0106649121058469	-20.18030788710915	138.0	31	1.05	0.95				
	305	1	34.10740271157894	6.725403351578947	0.0	0.0	3	1.02392827575744	-21.333475849772984	138.0	31	1.05	0.95				
	306	1	65.33248970105264	13.450806703157895	0.0	-100.0	3	1.0392882872811673	-21.79183096941753	138.0	32	1.05	0.95				
	307	2	60.04824421052631	12.009648842105262	0.0	0.0	3	0.9929435904371078	-26.996736105834927	138.0	32	1.05	0.95				
	308	1	82.14599808	16.81350837894737	0.0	0.0	3	0.9974759199133247	-24.788558287466657	138.0	32	1.05	0.95				
	309	1	84.06754189473685	17.293894332631577	0.0	0.0	3	1.0272732596528533	-16.978390084395162	138.0	33	1.05	0.95				
	310	1	93.67526096842104	19.21543814736842	0.0	0.0	3	1.05	-19.60858349500764	138.0	33	1.05	0.95				
	311	1	0.0	0.0	0.0	0.0	3	1.0109516054164818	-13.704218205975998	230.0	33	1.05	0.95				
	312	1	0.0	0.0	0.0	0.0	3	1.0134355349434907	-13.118299143770521	230.0	33	1.05	0.95				
	313	2	127.30227772631576	25.94084149894737	0.0	0.0	3	1.0130505971639632	-10.300196749996077	230.0	34	1.05	0.95				
	314	2	93.19487501473684	18.73505219368421	0.0	0.0	3	1.013801205572648	-12.014829529652838	230.0	36	1.05	0.95				
	315	2	152.2823473178947	30.744701035789472	0.0	0.0	3	1.0362067360500704	-7.380476594131006	230.0	36	1.05	0.95				
	316	2	48.03859536842105	9.60771907368421	0.0	0.0	3	1.0358839878948005	-6.738914251811702	230.0	36	1.05	0.95				
	317	1	0.0	0.0	0.0	0.0	3	1.040388803670798	-5.012401011690927	230.0	37	1.05	0.95				
	318	2	159.9685225768421	32.66624485052632	0.0	0.0	3	1.0388607521338067	-5.188865971210253	230.0	37	1.05	0.95				
	319	1	86.94985761684211	17.77428028631579	0.0	0.0	3	1.0324145427899785	-7.528720790527626	230.0	35	1.05	0.95				
	320	1	61.489402071578944	12.490034795789473	0.0	0.0	3	1.0328894765950174	-7.291992093282529	230.0	35	1.05	0.95				
	321	2	0.0	0.0	0.0	0.0	3	1.0400940379031944	-5.2372458226879175	230.0	37	1.05	0.95				
	322	2	0.0	0.0	0.0	0.0	3	1.05	-0.8315797689228636	230.0	37	1.05	0.95				
	323	2	0.0	0.0	0.0	0.0	3	1.03397803510842	-6.798072123851478	230.0	35	1.05	0.95				
	324	1	0.0	0.0	0.0	0.0	3	1.027460064453793	-9.613677168965074	230.0	36	1.05	0.95				
	325	1	0.0	0.0	0.0	0.0	3	1.0301788718798905	-5.442698527551416	230.0	35	1.05	0.95				
];
