%% MATPOWER Case Format : Version 2
function mpc = RTS_GMLC
mpc.version = '2';

%%-----  Power Flow Data  -----%%
%% system MVA base
mpc.baseMVA = 100.0;
%% bus data
%    bus_i    type    Pd    Qd    Gs    Bs    area    Vm    Va    baseKV    zone    Vmax    Vmin
mpc.bus = [
	101	2	80.33201386105264	16.363928749473686	0.0	0.0	1	1.031731062793095	-2.875945765912387	138.0	11	1.05	0.95				
	102	2	72.1500494863158	14.876298863157897	0.0	0.0	1	1.0317468032838157	-2.9326169208278863	138.0	12	1.05	0.95				
	103	1	133.88668976842106	27.521152896842104	0.0	0.0	1	1.0198003283156272	-3.3318656488309752	138.0	11	1.05	0.95				
	104	1	55.04230579368421	11.15722414736842	0.0	0.0	1	1.0158998344150318	-5.702026531997053	138.0	11	1.05	0.95				
	105	1	52.810860964210526	10.413409204210527	0.0	0.0	1	1.030977873630696	-5.7474441601831865	138.0	11	1.05	0.95				
	106	1	101.15883226947369	20.826818408421055	0.0	-100.0	1	1.036208840554449	-8.031046691197568	138.0	12	1.05	0.95				
	107	2	92.97686789473684	18.59537357894737	0.0	0.0	1	1.05	-4.511211920225507	138.0	12	1.05	0.95				
	108	1	127.19235527999999	26.033523010526316	0.0	0.0	1	1.0257951893512522	-7.271485571130265	138.0	12	1.05	0.95				
	109	1	130.1676150526316	26.77733795368421	0.0	0.0	1	1.0267819610635982	-4.953686445227908	138.0	13	1.05	0.95				
	110	1	145.0439139157895	29.752597726315795	0.0	0.0	1	1.05	-6.305838509473564	138.0	13	1.05	0.95				
	111	1	0.0	0.0	0.0	0.0	1	1.0138119336811922	-1.9187207017375214	230.0	13	1.05	0.95				
	112	1	0.0	0.0	0.0	0.0	1	1.016251077000545	-0.9967495143344643	230.0	13	1.05	0.95				
	113	3	197.1109599368421	40.16600693052632	0.0	0.0	1	1.015682434225368	-2.3608021339288437e-28	230.0	14	1.05	0.95				
	114	2	144.3000989726316	29.008782783157898	0.0	0.0	1	1.016139227946507	0.1572005943218889	230.0	16	1.05	0.95				
	115	2	235.78933698105266	47.604156362105265	0.0	0.0	1	1.0449458838837806	7.892459678011092	230.0	16	1.05	0.95				
	116	2	74.38149431578948	14.876298863157897	0.0	0.0	1	1.0433061390820897	7.567136260601769	230.0	16	1.05	0.95				
	117	1	0.0	0.0	0.0	0.0	1	1.047132785328827	10.510823573421172	230.0	17	1.05	0.95				
	118	2	247.69037607157895	50.579416134736846	0.0	0.0	1	1.0491598162700737	11.117141466087523	230.0	17	1.05	0.95				
	119	1	134.63050471157896	27.521152896842104	0.0	0.0	1	1.0377729154499848	6.415555041881739	230.0	15	1.05	0.95				
	120	1	95.20831272421053	19.339188522105264	0.0	0.0	1	1.039586995158883	6.818827281110712	230.0	15	1.05	0.95				
	121	2	0.0	0.0	0.0	0.0	1	1.05	11.794664210907003	230.0	17	1.05	0.95				
	122	2	0.0	0.0	0.0	0.0	1	1.05	17.919529411672094	230.0	17	1.05	0.95				
	123	2	0.0	0.0	0.0	0.0	1	1.0426842112519716	7.588585732127178	230.0	15	1.05	0.95				
	124	1	0.0	0.0	0.0	0.0	1	1.021473509442164	3.7459472044784468	230.0	16	1.05	0.95				
	201	2	87.00519440842108	17.723280342456142	0.0	0.0	2	1.0450011493262217	-11.395540960913749	138.0	21	1.05	0.95				
	202	2	78.14355423719299	16.112073038596495	0.0	0.0	2	1.04631591759751	-11.445953125673777	138.0	22	1.05	0.95				
	203	1	145.00865734736843	29.80733512140351	0.0	0.0	2	1.0265498405688187	-8.56021472465162	138.0	21	1.05	0.95				
	204	1	59.61467024280702	12.084054778947369	0.0	0.0	2	1.02084506962533	-13.531573841959974	138.0	21	1.05	0.95				
	205	1	57.19785928701755	11.278451127017545	0.0	0.0	2	1.0371124676670382	-13.934908636185755	138.0	21	1.05	0.95				
	206	1	109.56209666245616	22.55690225403509	0.0	-100.0	2	1.0381596602121779	-16.09669775380555	138.0	22	1.05	0.95				
	207	2	100.70045649122807	20.140091298245615	0.0	0.0	2	0.95	-27.95377449501967	138.0	22	1.05	0.95				
	208	1	137.75822448000002	28.19612781754386	0.0	0.0	2	0.9561571119067217	-24.114137014689828	138.0	22	1.05	0.95				
	209	1	140.9806390877193	29.001731469473686	0.0	0.0	2	1.0257101774034383	-12.011641299872062	138.0	23	1.05	0.95				
	210	1	157.0927121263158	32.22414607719299	0.0	0.0	2	1.05	-14.008797095760443	138.0	23	1.05	0.95				
	211	1	0.0	0.0	0.0	0.0	2	1.0323260710660365	-6.845728801872609	230.0	23	1.05	0.95				
	212	1	0.0	0.0	0.0	0.0	2	1.0239993024646625	-5.556684519725976	230.0	23	1.05	0.95				
	213	2	213.4849677614035	43.50259720421054	0.0	0.0	2	1.04999999522672	-2.8563539692095055	230.0	24	1.05	0.95				
	214	2	156.28710847438597	31.418542425263162	0.0	0.0	2	1.05	-4.449417783416126	230.0	26	1.05	0.95				
	215	2	255.37635766175438	51.55863372350878	0.0	0.0	2	1.0448916201249931	4.050248715504882	230.0	26	1.05	0.95				
	216	2	80.56036519298246	16.112073038596495	0.0	0.0	2	1.0492448839687338	3.922137647705558	230.0	26	1.05	0.95				
	217	1	0.0	0.0	0.0	0.0	2	1.0493795685090277	7.112009999041427	230.0	27	1.05	0.95				
	218	2	268.2660160926316	54.78104833122808	0.0	0.0	2	1.05	7.805776682563909	230.0	27	1.05	0.95				
	219	1	145.81426099929826	29.80733512140351	0.0	0.0	2	1.0436789153498778	3.4002659957078984	230.0	25	1.05	0.95				
	220	1	103.11726744701755	20.945694950175444	0.0	0.0	2	1.0460612334428583	4.450799153956765	230.0	25	1.05	0.95				
	221	2	0.0	0.0	0.0	0.0	2	1.05	8.27875071373036	230.0	27	1.05	0.95				
	222	2	0.0	0.0	0.0	0.0	2	1.05	14.332900526862387	230.0	27	1.05	0.95				
	223	2	0.0	0.0	0.0	0.0	2	1.05	5.611459576905517	230.0	25	1.05	0.95				
	224	1	0.0	0.0	0.0	0.0	2	1.0220970247295074	-0.6418475344624435	230.0	26	1.05	0.95				
	301	2	67.42739637473684	13.73521037263158	0.0	0.0	3	1.0138324901189097	-15.414034730481466	138.0	31	1.05	0.95				
	302	2	60.55979118842105	12.486554884210527	0.0	0.0	3	1.0124346518310723	-15.77000348039619	138.0	32	1.05	0.95				
	303	1	112.37899395789472	23.10012653578947	0.0	0.0	3	1.0301775092032268	-8.368829668399549	138.0	31	1.05	0.95				
	304	1	46.20025307157894	9.364916163157893	0.0	0.0	3	1.00952199899483	-14.591940876301726	138.0	31	1.05	0.95				
	305	1	44.327269838947366	8.740588418947368	0.0	0.0	3	1.0237353247177938	-15.399018313077613	138.0	31	1.05	0.95				
	306	1	84.90857321263158	17.481176837894736	0.0	-100.0	3	1.0357747117009495	-16.09767255179715	138.0	32	1.05	0.95				
	307	2	78.04096802631578	15.608193605263157	0.0	0.0	3	1.004749303082041	-18.039155462477172	138.0	32	1.05	0.95				
	308	1	106.76004425999999	21.851471047368417	0.0	0.0	3	1.00180280615985	-17.547537152948692	138.0	32	1.05	0.95				
	309	1	109.2573552368421	22.475798791578946	0.0	0.0	3	1.027988960373902	-11.079527752562505	138.0	33	1.05	0.95				
	310	1	121.74391012105261	24.973109768421054	0.0	0.0	3	1.05	-13.382661003526891	138.0	33	1.05	0.95				
	311	1	0.0	0.0	0.0	0.0	3	1.0170033900393591	-6.892229222907057	230.0	33	1.05	0.95				
	312	1	0.0	0.0	0.0	0.0	3	1.01739576650197	-5.716313140670841	230.0	33	1.05	0.95				
	313	2	165.44685221578945	33.71369818736842	0.0	0.0	3	1.025365243610907	-2.507249078965075	230.0	34	1.05	0.95				
	314	2	121.1195823768421	24.348782024210525	0.0	0.0	3	1.0234778164346445	-5.407956925427298	230.0	36	1.05	0.95				
	315	2	197.91189491473682	39.95697562947368	0.0	0.0	3	1.045406335623533	0.710997216326125	230.0	36	1.05	0.95				
	316	2	62.43277442105263	12.486554884210527	0.0	0.0	3	1.0433435416758825	0.4776814483411736	230.0	36	1.05	0.95				
	317	1	0.0	0.0	0.0	0.0	3	1.0465519721016538	2.495458363681822	230.0	37	1.05	0.95				
	318	2	207.90113882210525	42.45428660631579	0.0	0.0	3	1.047267562818537	2.705193015359434	230.0	37	1.05	0.95				
	319	1	113.00332170210525	23.10012653578947	0.0	0.0	3	1.0402552809361432	0.4206519570605178	230.0	35	1.05	0.95				
	320	1	79.91395125894736	16.232521349473682	0.0	0.0	3	1.042699639347187	1.5490422830082102	230.0	35	1.05	0.95				
	321	2	0.0	0.0	0.0	0.0	3	1.05	3.951117838447918	230.0	37	1.05	0.95				
	322	2	0.0	0.0	0.0	0.0	3	1.05	9.154641293654214	230.0	37	1.05	0.95				
	323	2	0.0	0.0	0.0	0.0	3	1.0458504767455978	2.6264505812544843	230.0	35	1.05	0.95				
	324	1	0.0	0.0	0.0	0.0	3	1.0282355416327373	-2.6713580171791493	230.0	36	1.05	0.95				
	325	1	0.0	0.0	0.0	0.0	3	1.0444532874650045	3.391165078233939	230.0	35	1.05	0.95				
];
