%% MATPOWER Case Format : Version 2
function mpc = RTS_GMLC
mpc.version = '2';

%%-----  Power Flow Data  -----%%
%% system MVA base
mpc.baseMVA = 100.0;
%% bus data
%    bus_i    type    Pd    Qd    Gs    Bs    area    Vm    Va    baseKV    zone    Vmax    Vmin
mpc.bus = [
	101	2	63.13805048842105	12.861454729122807	0.0	0.0	1	1.0325941625198365	1.483741957432418	138.0	11	1.05	0.95				
	102	2	56.707323123859645	11.692231571929824	0.0	0.0	1	1.0326633536190657	1.4596676498838475	138.0	12	1.05	0.95				
	103	1	105.2300841473684	21.630628408070173	0.0	0.0	1	1.0241189738482426	-0.8078924829842978	138.0	11	1.05	0.95				
	104	1	43.261256816140346	8.769173678947368	0.0	0.0	1	1.0188735229696244	-1.88457547827996	138.0	11	1.05	0.95				
	105	1	41.50742208035087	8.184562100350878	0.0	0.0	1	1.0333251129074579	-1.7209872210865322	138.0	11	1.05	0.95				
	106	1	79.5071746891228	16.369124200701755	0.0	-100.0	1	1.0408106361132288	-4.050710938330753	138.0	12	1.05	0.95				
	107	2	73.0764473245614	14.615289464912278	0.0	0.0	1	1.0451329874444544	-0.35515577381975083	138.0	12	1.05	0.95				
	108	1	99.96857993999998	20.461405250877192	0.0	0.0	1	1.0273987762148813	-3.150072275733785	138.0	12	1.05	0.95				
	109	1	102.30702625438595	21.046016829473682	0.0	0.0	1	1.0261840062416192	-2.255469369917787	138.0	13	1.05	0.95				
	110	1	113.99925782631577	23.384463143859648	0.0	0.0	1	1.05	-3.1246419072738116	138.0	13	1.05	0.95				
	111	1	0.0	0.0	0.0	0.0	1	1.0070702822609152	-0.5998921104049032	230.0	13	1.05	0.95				
	112	1	0.0	0.0	0.0	0.0	1	1.012378083422474	0.20636975734767882	230.0	13	1.05	0.95				
	113	3	154.92206832807017	31.569025244210525	0.0	0.0	1	1.002682061001975	1.1579350009462607e-29	230.0	14	1.05	0.95				
	114	2	113.41464624771929	22.799851565263154	0.0	0.0	1	1.0033738948850461	1.0736188523399788	230.0	16	1.05	0.95				
	115	2	185.3218704150877	37.415141030175434	0.0	0.0	1	1.0408155914713673	7.039246175112076	230.0	16	1.05	0.95				
	116	2	58.46115785964911	11.692231571929824	0.0	0.0	1	1.037442247412869	6.8948422454772835	230.0	16	1.05	0.95				
	117	1	0.0	0.0	0.0	0.0	1	1.0449858497369682	9.098457667878877	230.0	17	1.05	0.95				
	118	2	194.67565567263156	39.7535873445614	0.0	0.0	1	1.0479689668720644	9.392428283939864	230.0	17	1.05	0.95				
	119	1	105.8146957259649	21.630628408070173	0.0	0.0	1	1.03189482849555	6.165204822450118	230.0	15	1.05	0.95				
	120	1	74.83028206035087	15.19990104350877	0.0	0.0	1	1.0317834325074633	6.651485892761118	230.0	15	1.05	0.95				
	121	2	0.0	0.0	0.0	0.0	1	1.05	9.417234299564635	230.0	17	1.05	0.95				
	122	2	0.0	0.0	0.0	0.0	1	1.05	15.803119143233063	230.0	17	1.05	0.95				
	123	2	0.0	0.0	0.0	0.0	1	1.0331197585523368	7.360293606299532	230.0	15	1.05	0.95				
	124	1	0.0	0.0	0.0	0.0	1	1.0244847858009285	4.124768706886917	230.0	16	1.05	0.95				
	201	2	64.95639855157896	13.231858964210527	0.0	0.0	2	1.0316887759375395	-8.38890599813572	138.0	21	1.05	0.95				
	202	2	58.34046906947369	12.028962694736842	0.0	0.0	2	1.0317458968390234	-8.486292703833008	138.0	22	1.05	0.95				
	203	1	108.26066425263159	22.25358098526316	0.0	0.0	2	1.027488570245685	-5.661213130603335	138.0	21	1.05	0.95				
	204	1	44.50716197052632	9.021722021052632	0.0	0.0	2	1.017683512056573	-10.728810363168646	138.0	21	1.05	0.95				
	205	1	42.70281756631579	8.42027388631579	0.0	0.0	2	1.0329632146333256	-11.082684316379307	138.0	21	1.05	0.95				
	206	1	81.79694632421052	16.84054777263158	0.0	-100.0	2	1.0404750361609212	-13.165062964393941	138.0	22	1.05	0.95				
	207	2	75.18101684210527	15.036203368421052	0.0	0.0	2	0.9860387155117943	-22.20342736413425	138.0	22	1.05	0.95				
	208	1	102.84763104000001	21.050684715789473	0.0	0.0	2	0.9873547040263666	-19.318568039724163	138.0	22	1.05	0.95				
	209	1	105.25342357894738	21.652132850526314	0.0	0.0	2	1.0246269960380325	-10.12036007276774	138.0	23	1.05	0.95				
	210	1	117.28238627368421	24.057925389473684	0.0	0.0	2	1.05	-11.910649815487442	138.0	23	1.05	0.95				
	211	1	0.0	0.0	0.0	0.0	2	1.0154565322873481	-6.773595525427709	230.0	23	1.05	0.95				
	212	1	0.0	0.0	0.0	0.0	2	1.01675754567572	-6.278137234341699	230.0	23	1.05	0.95				
	213	2	159.38375570526316	32.47819927578948	0.0	0.0	2	1.0153148148507949	-5.290655000563525	230.0	24	1.05	0.95				
	214	2	116.68093813894738	23.456477254736843	0.0	0.0	2	1.0242884465213333	-3.8261177562326227	230.0	26	1.05	0.95				
	215	2	190.65905871157895	38.492680623157895	0.0	0.0	2	1.041996579220012	4.436842633112795	230.0	26	1.05	0.95				
	216	2	60.14481347368421	12.028962694736842	0.0	0.0	2	1.0443222553100557	3.952406234403894	230.0	26	1.05	0.95				
	217	1	0.0	0.0	0.0	0.0	2	1.0465287841589606	7.552457359930595	230.0	27	1.05	0.95				
	218	2	200.28222886736842	40.89847316210526	0.0	0.0	2	1.0496369366126597	8.568178513033045	230.0	27	1.05	0.95				
	219	1	108.86211238736843	22.25358098526316	0.0	0.0	2	1.0428274691076587	2.3895906054529963	230.0	25	1.05	0.95				
	220	1	76.98536124631579	15.637651503157896	0.0	0.0	2	1.0466422494121694	2.1635288585511714	230.0	25	1.05	0.95				
	221	2	0.0	0.0	0.0	0.0	2	1.05	8.88574672185132	230.0	27	1.05	0.95				
	222	2	0.0	0.0	0.0	0.0	2	1.05	14.874156190054197	230.0	27	1.05	0.95				
	223	2	0.0	0.0	0.0	0.0	2	1.0499999907885953	2.478917076505041	230.0	25	1.05	0.95				
	224	1	0.0	0.0	0.0	0.0	2	1.0239400847632585	0.6699207355713357	230.0	26	1.05	0.95				
	301	2	61.58494148210526	12.545080672280701	0.0	0.0	3	1.0063580038918611	-31.679568199465482	138.0	31	1.05	0.95				
	302	2	55.312401145964905	11.404618792982456	0.0	0.0	3	1.0057057324715164	-31.82640872497821	138.0	32	1.05	0.95				
	303	1	102.64156913684211	21.09854476701754	0.0	0.0	3	1.0222278133065692	-24.31408832807809	138.0	31	1.05	0.95				
	304	1	42.19708953403508	8.553464094736842	0.0	0.0	3	1.0066717677667143	-29.88399529996198	138.0	31	1.05	0.95				
	305	1	40.486396715087714	7.98323315508772	0.0	0.0	3	1.020324238352023	-30.82455820267315	138.0	31	1.05	0.95				
	306	1	77.5514077922807	15.96646631017544	0.0	-100.0	3	1.0356243566388394	-30.98621338691433	138.0	32	1.05	0.95				
	307	2	71.27886745614033	14.25577349122807	0.0	0.0	3	1.001062454633402	-33.16190875559698	138.0	32	1.05	0.95				
	308	1	97.50949067999998	19.958082887719293	0.0	0.0	3	1.0009992156511922	-32.36956633974259	138.0	32	1.05	0.95				
	309	1	99.79041443859649	20.528313827368418	0.0	0.0	3	1.0272305793624557	-25.973438009012323	138.0	33	1.05	0.95				
	310	1	111.19503323157893	22.80923758596491	0.0	0.0	3	1.05	-28.139283671550753	138.0	33	1.05	0.95				
	311	1	0.0	0.0	0.0	0.0	3	1.0169646480380234	-21.15346376233776	230.0	33	1.05	0.95				
	312	1	0.0	0.0	0.0	0.0	3	1.0172984030431216	-20.573891752103005	230.0	33	1.05	0.95				
	313	2	151.11119900701752	30.79247074105263	0.0	0.0	3	1.0234769673099664	-17.543257319388893	230.0	34	1.05	0.95				
	314	2	110.62480229192981	22.239006646315786	0.0	0.0	3	1.0271705249347194	-18.446193796557463	230.0	36	1.05	0.95				
	315	2	180.7632078687719	36.494780137543856	0.0	0.0	3	1.048291158053048	-11.586148670609079	230.0	36	1.05	0.95				
	316	2	57.02309396491228	11.404618792982456	0.0	0.0	3	1.0484989159459528	-11.225295697298263	230.0	36	1.05	0.95				
	317	1	0.0	0.0	0.0	0.0	3	1.049817707560473	-8.402464026270236	230.0	37	1.05	0.95				
	318	2	189.88690290315787	38.77570389614035	0.0	0.0	3	1.049807958781186	-7.948174681613238	230.0	37	1.05	0.95				
	319	1	103.21180007649122	21.09854476701754	0.0	0.0	3	1.0456387812500163	-12.428303239290866	230.0	35	1.05	0.95				
	320	1	72.98956027508771	14.826004430877193	0.0	0.0	3	1.0477117054669	-12.407673553338524	230.0	35	1.05	0.95				
	321	2	0.0	0.0	0.0	0.0	3	1.05	-7.508667965803206	230.0	37	1.05	0.95				
	322	2	0.0	0.0	0.0	0.0	3	1.05	-2.083116737188018	230.0	37	1.05	0.95				
	323	2	0.0	0.0	0.0	0.0	3	1.0499999695035738	-11.979408320864305	230.0	35	1.05	0.95				
	324	1	0.0	0.0	0.0	0.0	3	1.0224092247095173	-16.288533322794283	230.0	36	1.05	0.95				
	325	1	0.0	0.0	0.0	0.0	3	1.041644122135416	-10.249609329259183	230.0	35	1.05	0.95				
];
