%% MATPOWER Case Format : Version 2
function mpc = RTS_GMLC
mpc.version = '2';

%%-----  Power Flow Data  -----%%
%% system MVA base
mpc.baseMVA = 100.0;
%% bus data
%    bus_i    type    Pd    Qd    Gs    Bs    area    Vm    Va    baseKV    zone    Vmax    Vmin
mpc.bus = [
	101	2	35.216229588631585	7.17367639768421	0.0	0.0	1	1.0339365122464839	4.073140195192306	138.0	11	1.05	0.95				
	102	2	31.629391389789475	6.521523997894738	0.0	0.0	1	1.0330656096009228	3.830448126897552	138.0	12	1.05	0.95				
	103	1	58.69371598105263	12.064819396105262	0.0	0.0	1	1.0298774451297024	1.7073406171495913	138.0	11	1.05	0.95				
	104	1	24.129638792210525	4.891142998421053	0.0	0.0	1	1.0229083761110411	0.6126800513046019	138.0	11	1.05	0.95				
	105	1	23.151410192526313	4.565066798526316	0.0	0.0	1	1.03736156228245	0.9221728180513267	138.0	11	1.05	0.95				
	106	1	44.34636318568421	9.130133597052632	0.0	-100.0	1	1.0482149984967564	-1.2320279219463093	138.0	12	1.05	0.95				
	107	2	40.7595249868421	8.15190499736842	0.0	0.0	1	1.00108683209093	-6.605440068450432	138.0	12	1.05	0.95				
	108	1	55.759030182000004	11.412666996315789	0.0	0.0	1	1.0079069443294617	-5.2273790008427925	138.0	12	1.05	0.95				
	109	1	57.06333498157895	11.738743196210526	0.0	0.0	1	1.0242460234928432	-0.6956583826221361	138.0	13	1.05	0.95				
	110	1	63.58485897947368	13.043047995789475	0.0	0.0	1	1.05	-1.244604417124524	138.0	13	1.05	0.95				
	111	1	0.0	0.0	0.0	0.0	1	1.0001978911662905	0.44904660016060854	230.0	13	1.05	0.95				
	112	1	0.0	0.0	0.0	0.0	1	1.0051085593308426	0.521030715811131	230.0	13	1.05	0.95				
	113	3	86.41019297210526	17.608114794315792	0.0	0.0	1	0.9877026480599279	-9.590306314922418e-31	230.0	14	1.05	0.95				
	114	2	63.25878277957895	12.716971795894738	0.0	0.0	1	0.9961823282626061	2.399512004658047	230.0	16	1.05	0.95				
	115	2	103.36615536663159	20.86887679326316	0.0	0.0	1	1.032906594625084	7.268156479739299	230.0	16	1.05	0.95				
	116	2	32.60761998947368	6.521523997894738	0.0	0.0	1	1.0283724778655217	6.984545872845227	230.0	16	1.05	0.95				
	117	1	0.0	0.0	0.0	0.0	1	1.0377336182494756	9.095033312888742	230.0	17	1.05	0.95				
	118	2	108.58337456494738	22.173181592842106	0.0	0.0	1	1.040997693009688	9.175580985182254	230.0	17	1.05	0.95				
	119	1	59.01979218094737	12.064819396105262	0.0	0.0	1	1.021057142322362	5.710600413435255	230.0	15	1.05	0.95				
	120	1	41.73775358652632	8.477981197263158	0.0	0.0	1	1.0166749117482319	5.2394174219547125	230.0	15	1.05	0.95				
	121	2	0.0	0.0	0.0	0.0	1	1.0450399268486998	10.001400314669183	230.0	17	1.05	0.95				
	122	2	0.0	0.0	0.0	0.0	1	1.05	16.953824947282513	230.0	17	1.05	0.95				
	123	2	0.0	0.0	0.0	0.0	1	1.0143190762720131	5.238828154063016	230.0	15	1.05	0.95				
	124	1	0.0	0.0	0.0	0.0	1	1.0239752459163254	5.175330147459244	230.0	16	1.05	0.95				
	201	2	37.9776483663158	7.73618763017544	0.0	0.0	2	1.0181777901286189	-8.956460207009437	138.0	21	1.05	0.95				
	202	2	34.10955455122807	7.032897845614036	0.0	0.0	2	1.0179100747990657	-9.06846392822662	138.0	22	1.05	0.95				
	203	1	63.29608061052632	13.010861014385966	0.0	0.0	2	1.0159923828015118	-6.7364715718073755	138.0	21	1.05	0.95				
	204	1	26.021722028771933	5.2746733842105265	0.0	0.0	2	1.0152758783015283	-9.574584153046558	138.0	21	1.05	0.95				
	205	1	24.966787351929824	4.923028491929825	0.0	0.0	2	1.0299993859656484	-9.878928084149738	138.0	21	1.05	0.95				
	206	1	47.823705350175445	9.84605698385965	0.0	-100.0	2	1.0449620735326786	-10.809816031882313	138.0	22	1.05	0.95				
	207	2	43.955611535087726	8.791122307017545	0.0	0.0	2	0.9959991082625268	-15.294471647955698	138.0	22	1.05	0.95				
	208	1	60.131276580000005	12.30757122982456	0.0	0.0	2	1.003535137125434	-13.758998102852205	138.0	22	1.05	0.95				
	209	1	61.53785614912282	12.659216122105263	0.0	0.0	2	1.0223747250237039	-8.524342958299279	138.0	23	1.05	0.95				
	210	1	68.57075399473685	14.065795691228072	0.0	0.0	2	1.05	-9.672786259115108	138.0	23	1.05	0.95				
	211	1	0.0	0.0	0.0	0.0	2	1.0018026470454315	-6.106074165049906	230.0	23	1.05	0.95				
	212	1	0.0	0.0	0.0	0.0	2	1.005814627575551	-5.509706558889519	230.0	23	1.05	0.95				
	213	2	93.18589645438597	18.9888241831579	0.0	0.0	2	0.9949693998912879	-5.033477648993074	230.0	24	1.05	0.95				
	214	2	68.21910910245614	13.714150798947369	0.0	0.0	2	0.9995491063110379	-3.902042720059147	230.0	26	1.05	0.95				
	215	2	111.47143085298245	22.505273105964914	0.0	0.0	2	1.0161768128708772	1.4357879870011534	230.0	26	1.05	0.95				
	216	2	35.16448922807018	7.032897845614036	0.0	0.0	2	1.0176094185965574	1.3349995776845909	230.0	26	1.05	0.95				
	217	1	0.0	0.0	0.0	0.0	2	1.022588531911664	2.9626309163645272	230.0	27	1.05	0.95				
	218	2	117.0977491294737	23.911852675087722	0.0	0.0	2	1.021980391759766	2.5392844978526923	230.0	27	1.05	0.95				
	219	1	63.64772550280703	13.010861014385966	0.0	0.0	2	1.0186154925839677	1.041307275568045	230.0	25	1.05	0.95				
	220	1	45.01054621192983	9.142767199298246	0.0	0.0	2	1.02148302313977	1.4857448172085215	230.0	25	1.05	0.95				
	221	2	0.0	0.0	0.0	0.0	2	1.0236804063865819	2.979067557547476	230.0	27	1.05	0.95				
	222	2	0.0	0.0	0.0	0.0	2	1.045753875187743	9.516378257206167	230.0	27	1.05	0.95				
	223	2	0.0	0.0	0.0	0.0	2	1.023365653536837	2.003320399658242	230.0	25	1.05	0.95				
	224	1	0.0	0.0	0.0	0.0	2	1.0059462675728246	-1.6554112036917672	230.0	26	1.05	0.95				
	301	2	45.13381840421053	9.19392597122807	0.0	0.0	3	1.0090554748413871	-17.667846950745076	138.0	31	1.05	0.95				
	302	2	40.53685541859649	8.358114519298246	0.0	0.0	3	1.0088292258245608	-17.828183627004126	138.0	32	1.05	0.95				
	303	1	75.2230306736842	15.462511860701753	0.0	0.0	3	1.0304184711210462	-10.903982511948508	138.0	31	1.05	0.95				
	304	1	30.925023721403505	6.268585889473684	0.0	0.0	3	1.0111559190258326	-16.599195714056396	138.0	31	1.05	0.95				
	305	1	29.67130654350877	5.850680163508772	0.0	0.0	3	1.0242613478725413	-17.43907589452465	138.0	31	1.05	0.95				
	306	1	56.835178731228076	11.701360327017545	0.0	-100.0	3	1.0409776946950695	-17.81789924577622	138.0	32	1.05	0.95				
	307	2	52.238215745614035	10.447643149122806	0.0	0.0	3	0.9936915807707606	-22.332078280025023	138.0	32	1.05	0.95				
	308	1	71.46187914	14.626700408771928	0.0	0.0	3	1.000285521547806	-20.45960371921659	138.0	32	1.05	0.95				
	309	1	73.13350204385965	15.04460613473684	0.0	0.0	3	1.0258489978088028	-13.878282011963291	138.0	33	1.05	0.95				
	310	1	81.49161656315789	16.71622903859649	0.0	0.0	3	1.05	-15.863607437732938	138.0	33	1.05	0.95				
	311	1	0.0	0.0	0.0	0.0	3	1.0070105488160062	-10.605650252376245	230.0	33	1.05	0.95				
	312	1	0.0	0.0	0.0	0.0	3	1.0109328507149056	-10.033071368782952	230.0	33	1.05	0.95				
	313	2	110.74501738070175	22.566909202105265	0.0	0.0	3	1.0096794806428901	-7.192585267501372	230.0	34	1.05	0.95				
	314	2	81.07371083719298	16.29832331263158	0.0	0.0	3	1.0048504994051648	-9.213746042399224	230.0	36	1.05	0.95				
	315	2	132.4761151308772	26.745966461754385	0.0	0.0	3	1.0282762094218572	-5.220060748666588	230.0	36	1.05	0.95				
	316	2	41.790572596491224	8.358114519298246	0.0	0.0	3	1.0274341908703357	-4.741711308159939	230.0	36	1.05	0.95				
	317	1	0.0	0.0	0.0	0.0	3	1.034452218404995	-2.268979286034375	230.0	37	1.05	0.95				
	318	2	139.1626067463158	28.417589365614038	0.0	0.0	3	1.0320416089213587	-2.903097917534168	230.0	37	1.05	0.95				
	319	1	75.64093639964912	15.462511860701753	0.0	0.0	3	1.02422724050994	-5.292937761656985	230.0	35	1.05	0.95				
	320	1	53.49193292350877	10.865548875087718	0.0	0.0	3	1.0242092903808768	-4.953691192416312	230.0	35	1.05	0.95				
	321	2	0.0	0.0	0.0	0.0	3	1.0331127999055607	-3.1220633862161344	230.0	37	1.05	0.95				
	322	2	0.0	0.0	0.0	0.0	3	1.0470406561225847	1.5441149028098353	230.0	37	1.05	0.95				
	323	2	0.0	0.0	0.0	0.0	3	1.024784250056323	-4.443551917098874	230.0	35	1.05	0.95				
	324	1	0.0	0.0	0.0	0.0	3	1.021220370693234	-7.373766395236318	230.0	36	1.05	0.95				
	325	1	0.0	0.0	0.0	0.0	3	1.0223256800150444	-3.2249621246063795	230.0	35	1.05	0.95				
];
