%% MATPOWER Case Format : Version 2
function mpc = RTS_GMLC
mpc.version = '2';

%%-----  Power Flow Data  -----%%
%% system MVA base
mpc.baseMVA = 100.0;
%% bus data
%    bus_i    type    Pd    Qd    Gs    Bs    area    Vm    Va    baseKV    zone    Vmax    Vmin
mpc.bus = [
	101	2	51.40821376421053	10.472043544561405	0.0	0.0	1	1.0296037374415845	0.32025686458096825	138.0	11	1.05	0.95				
	102	2	46.17219199192983	9.520039585964915	0.0	0.0	1	1.028647744136385	0.02415897868086941	138.0	12	1.05	0.95				
	103	1	85.68035627368423	17.61207323403509	0.0	0.0	1	1.028351217444404	0.26055206174571394	138.0	11	1.05	0.95				
	104	1	35.22414646807018	7.1400296894736845	0.0	0.0	1	1.0187126855941775	-2.757446491950836	138.0	11	1.05	0.95				
	105	1	33.79614053017544	6.664027710175439	0.0	0.0	1	1.0333398161392873	-2.6990331564045853	138.0	11	1.05	0.95				
	106	1	64.73626918456141	13.328055420350879	0.0	-100.0	1	1.0431273697809662	-4.905490837646654	138.0	12	1.05	0.95				
	107	2	59.50024741228071	11.900049482456142	0.0	0.0	1	0.9986343937132927	-12.0769193118654	138.0	12	1.05	0.95				
	108	1	81.39633846000001	16.660069275438598	0.0	0.0	1	1.0007051107254197	-9.983604179339064	138.0	12	1.05	0.95				
	109	1	83.300346377193	17.136071254736844	0.0	0.0	1	1.0249365102674153	-3.0904907864854034	138.0	13	1.05	0.95				
	110	1	92.8203859631579	19.04007917192983	0.0	0.0	1	1.05	-4.245472547469888	138.0	13	1.05	0.95				
	111	1	0.0	0.0	0.0	0.0	1	1.0079026238083912	-0.494043498096247	230.0	13	1.05	0.95				
	112	1	0.0	0.0	0.0	0.0	1	1.0117923100267523	-0.6843517835385097	230.0	13	1.05	0.95				
	113	3	126.1405245140351	25.704106882105265	0.0	0.0	1	1.002945978638384	-6.56324859684092e-33	230.0	14	1.05	0.95				
	114	2	92.34438398385966	18.564077192631583	0.0	0.0	1	1.0096634706350862	2.3415183309489627	230.0	16	1.05	0.95				
	115	2	150.8926274375439	30.464126675087723	0.0	0.0	1	1.043287040996054	10.218675510914654	230.0	16	1.05	0.95				
	116	2	47.60019792982457	9.520039585964915	0.0	0.0	1	1.0382869018844199	9.12255217883274	230.0	16	1.05	0.95				
	117	1	0.0	0.0	0.0	0.0	1	1.0416707638611173	13.941145623293759	230.0	17	1.05	0.95				
	118	2	158.50865910631583	32.368134592280704	0.0	0.0	1	1.0496974921986006	14.188324004530175	230.0	17	1.05	0.95				
	119	1	86.15635825298247	17.61207323403509	0.0	0.0	1	1.0307366923233752	6.5895399742042375	230.0	15	1.05	0.95				
	120	1	60.928253350175446	12.376051461754388	0.0	0.0	1	1.0288263311795198	5.289775034908144	230.0	15	1.05	0.95				
	121	2	0.0	0.0	0.0	0.0	1	1.05	15.557772557910997	230.0	17	1.05	0.95				
	122	2	0.0	0.0	0.0	0.0	1	1.05	31.69593919773292	230.0	17	1.05	0.95				
	123	2	0.0	0.0	0.0	0.0	1	1.028547489175148	4.936926181148358	230.0	15	1.05	0.95				
	124	1	0.0	0.0	0.0	0.0	1	1.0252235717970397	6.505790790606169	230.0	16	1.05	0.95				
	201	2	54.348496787368425	11.070990086315788	0.0	0.0	2	1.0240498338218489	-13.711117876665826	138.0	21	1.05	0.95				
	202	2	48.813001744210524	10.064536442105263	0.0	0.0	2	1.0250896122124047	-13.53319916280019	138.0	22	1.05	0.95				
	203	1	90.58082797894737	18.619392417894737	0.0	0.0	2	1.0156117764368737	-12.04042922165887	138.0	21	1.05	0.95				
	204	1	37.238784835789474	7.548402331578948	0.0	0.0	2	1.0159813459546614	-14.997764781259791	138.0	21	1.05	0.95				
	205	1	35.72910436947368	7.045175509473685	0.0	0.0	2	1.0307898831688183	-15.370961683557837	138.0	21	1.05	0.95				
	206	1	68.43884780631579	14.09035101894737	0.0	-100.0	2	1.0421203146636946	-16.746539933369306	138.0	22	1.05	0.95				
	207	2	62.90335276315789	12.58067055263158	0.0	0.0	2	0.9901996282023456	-23.975005062859516	138.0	22	1.05	0.95				
	208	1	86.05178658	17.61293877368421	0.0	0.0	2	0.9940753454368827	-21.633243240327797	138.0	22	1.05	0.95				
	209	1	88.06469386842105	18.116165595789475	0.0	0.0	2	1.0232669646354167	-14.129388052895136	138.0	23	1.05	0.95				
	210	1	98.12923031052631	20.129072884210526	0.0	0.0	2	1.05	-15.439618807380215	138.0	23	1.05	0.95				
	211	1	0.0	0.0	0.0	0.0	2	1.010246079605043	-10.953385487767958	230.0	23	1.05	0.95				
	212	1	0.0	0.0	0.0	0.0	2	1.0117283130161148	-9.811389672118919	230.0	23	1.05	0.95				
	213	2	133.35510785789472	27.174248393684213	0.0	0.0	2	1.0097140119608399	-9.344478088583351	230.0	24	1.05	0.95				
	214	2	97.62600348842105	19.62584606210526	0.0	0.0	2	1.013258407846431	-8.467066178067439	230.0	26	1.05	0.95				
	215	2	159.52290260736842	32.20651661473684	0.0	0.0	2	1.027850202173291	-1.8023193175800447	230.0	26	1.05	0.95				
	216	2	50.32268221052632	10.064536442105263	0.0	0.0	2	1.0303846472054516	-1.8812103319464533	230.0	26	1.05	0.95				
	217	1	0.0	0.0	0.0	0.0	2	1.033117133726797	-0.014365375082236792	230.0	27	1.05	0.95				
	218	2	167.57453176105264	34.219423903157896	0.0	0.0	2	1.0320539934998654	-0.7739365936287343	230.0	27	1.05	0.95				
	219	1	91.08405480105263	18.619392417894737	0.0	0.0	2	1.0324587669462895	-1.6058627278876028	230.0	25	1.05	0.95				
	220	1	64.41303322947368	13.083897374736841	0.0	0.0	2	1.0380695338195942	-0.4034569257168201	230.0	25	1.05	0.95				
	221	2	0.0	0.0	0.0	0.0	2	1.0335517393431273	-0.30476498871439145	230.0	27	1.05	0.95				
	222	2	0.0	0.0	0.0	0.0	2	1.05	6.305319284744474	230.0	27	1.05	0.95				
	223	2	0.0	0.0	0.0	0.0	2	1.042430855789588	0.6262964937686877	230.0	25	1.05	0.95				
	224	1	0.0	0.0	0.0	0.0	2	1.0106458742860671	-5.629776072209362	230.0	26	1.05	0.95				
	301	2	50.32711167157895	10.251819044210526	0.0	0.0	3	1.0112664599458647	-7.515992099577653	138.0	31	1.05	0.95				
	302	2	45.20120214947369	9.319835494736843	0.0	0.0	3	1.0104638417790077	-7.788278560681852	138.0	32	1.05	0.95				
	303	1	83.87851945263158	17.24169566526316	0.0	0.0	3	1.0466282538749554	3.2963654936560958	138.0	31	1.05	0.95				
	304	1	34.48339133052632	6.989876621052632	0.0	0.0	3	1.0112195445005692	-6.5725082013542	138.0	31	1.05	0.95				
	305	1	33.08541600631579	6.523884846315791	0.0	0.0	3	1.0248428123222433	-7.981772546278914	138.0	31	1.05	0.95				
	306	1	63.37488136421053	13.047769692631581	0.0	-100.0	3	1.0399647086762995	-8.793476476424424	138.0	32	1.05	0.95				
	307	2	58.24897184210527	11.649794368421054	0.0	0.0	3	0.9895247953394322	-13.71222150169892	138.0	32	1.05	0.95				
	308	1	79.68459348	16.309712115789473	0.0	0.0	3	0.9958753723901667	-11.589224513022613	138.0	32	1.05	0.95				
	309	1	81.54856057894737	16.775703890526316	0.0	0.0	3	1.0264747687581586	-3.6686758232210153	138.0	33	1.05	0.95				
	310	1	90.86839607368421	18.639670989473686	0.0	0.0	3	1.05	-6.947698653652777	138.0	33	1.05	0.95				
	311	1	0.0	0.0	0.0	0.0	3	1.0104615161279282	-1.789675998902245	230.0	33	1.05	0.95				
	312	1	0.0	0.0	0.0	0.0	3	1.0141776927472914	-1.230691586452051	230.0	33	1.05	0.95				
	313	2	123.48782030526316	25.163555835789474	0.0	0.0	3	1.0126672252691709	1.2442696581154875	230.0	34	1.05	0.95				
	314	2	90.40240429894737	18.173679214736843	0.0	0.0	3	1.009469260173652	-0.8334368226719316	230.0	36	1.05	0.95				
	315	2	147.71939259157895	29.823473583157895	0.0	0.0	3	1.0419504577056842	3.400329474011623	230.0	36	1.05	0.95				
	316	2	46.599177473684215	9.319835494736843	0.0	0.0	3	1.038559622391116	3.2724856710719994	230.0	36	1.05	0.95				
	317	1	0.0	0.0	0.0	0.0	3	1.05	7.700351082038788	230.0	37	1.05	0.95				
	318	2	155.17526098736843	31.687440682105265	0.0	0.0	3	1.0471765954823506	5.700165988420087	230.0	37	1.05	0.95				
	319	1	84.34451122736843	17.24169566526316	0.0	0.0	3	1.0316330077812028	2.546085499168834	230.0	35	1.05	0.95				
	320	1	59.64694716631579	12.115786143157896	0.0	0.0	3	1.0289272302094694	2.809924845015615	230.0	35	1.05	0.95				
	321	2	0.0	0.0	0.0	0.0	3	1.0463143445938201	5.545452307597341	230.0	37	1.05	0.95				
	322	2	0.0	0.0	0.0	0.0	3	1.05	10.734346696782904	230.0	37	1.05	0.95				
	323	2	0.0	0.0	0.0	0.0	3	1.0282166716866055	3.3132363486285943	230.0	35	1.05	0.95				
	324	1	0.0	0.0	0.0	0.0	3	1.0395820419785435	3.3669271712552584	230.0	36	1.05	0.95				
	325	1	0.0	0.0	0.0	0.0	3	1.02695595625127	4.3540926524398955	230.0	35	1.05	0.95				
];
