%% MATPOWER Case Format : Version 2
function mpc = RTS_GMLC
mpc.version = '2';

%%-----  Power Flow Data  -----%%
%% system MVA base
mpc.baseMVA = 100.0;
%% bus data
%    bus_i    type    Pd    Qd    Gs    Bs    area    Vm    Va    baseKV    zone    Vmax    Vmin
mpc.bus = [
	101	2	78.4482929431579	15.980207821754385	0.0	0.0	1	1.0368155781824797	-0.9191198729322476	138.0	11	1.05	0.95				
	102	2	70.4581890322807	14.52746165614035	0.0	0.0	1	1.0367529994632192	-0.9824218358121172	138.0	12	1.05	0.95				
	103	1	130.74715490526316	26.875804063859647	0.0	0.0	1	1.0212763686037265	-2.6314592591544006	138.0	11	1.05	0.95				
	104	1	53.751608127719294	10.895596242105263	0.0	0.0	1	1.01909171005643	-4.051826164817688	138.0	11	1.05	0.95				
	105	1	51.57248887929824	10.169223159298246	0.0	0.0	1	1.0336321132281978	-4.10979084897172	138.0	11	1.05	0.95				
	106	1	98.78673926175439	20.338446318596493	0.0	-100.0	1	1.0377481559907404	-6.559748377942569	138.0	12	1.05	0.95				
	107	2	90.79663535087718	18.159327070175436	0.0	0.0	1	1.0460015960528786	-1.407848030474238	138.0	12	1.05	0.95				
	108	1	124.20979716000001	25.42305789824561	0.0	0.0	1	1.0236194901732178	-4.955735882177364	138.0	12	1.05	0.95				
	109	1	127.11528949122805	26.149430981052628	0.0	0.0	1	1.0267166516101804	-3.903045240108177	138.0	13	1.05	0.95				
	110	1	141.64275114736841	29.0549233122807	0.0	0.0	1	1.05	-5.068845424818387	138.0	13	1.05	0.95				
	111	1	0.0	0.0	0.0	0.0	1	1.013031481802972	-1.4928133801461745	230.0	13	1.05	0.95				
	112	1	0.0	0.0	0.0	0.0	1	1.015821671810235	-0.3675737643387787	230.0	13	1.05	0.95				
	113	3	192.48886694385962	39.22414647157895	0.0	0.0	1	1.0129964038776023	-1.1621709410416573e-30	230.0	14	1.05	0.95				
	114	2	140.9163780645614	28.32855022947368	0.0	0.0	1	1.013863567759945	0.2512747738516452	230.0	16	1.05	0.95				
	115	2	230.26026724982452	46.48787729964912	0.0	0.0	1	1.0439155634521038	7.151864069751262	230.0	16	1.05	0.95				
	116	2	72.63730828070175	14.52746165614035	0.0	0.0	1	1.0419260526448808	7.090256238350473	230.0	16	1.05	0.95				
	117	1	0.0	0.0	0.0	0.0	1	1.0466985640703126	9.53598647752961	230.0	17	1.05	0.95				
	118	2	241.88223657473685	49.393369630877196	0.0	0.0	1	1.0486693039399104	9.925233795965758	230.0	17	1.05	0.95				
	119	1	131.47352798807017	26.875804063859647	0.0	0.0	1	1.0368956592182061	6.481605410907663	230.0	15	1.05	0.95				
	120	1	92.97575459929824	18.88570015298246	0.0	0.0	1	1.038845956961513	7.32073050073439	230.0	15	1.05	0.95				
	121	2	0.0	0.0	0.0	0.0	1	1.05	10.34549063458654	230.0	17	1.05	0.95				
	122	2	0.0	0.0	0.0	0.0	1	1.05	16.552425723502793	230.0	17	1.05	0.95				
	123	2	0.0	0.0	0.0	0.0	1	1.0421005421418963	8.317264780575341	230.0	15	1.05	0.95				
	124	1	0.0	0.0	0.0	0.0	1	1.0231713627662447	3.5330600138479813	230.0	16	1.05	0.95				
	201	2	72.41932944	14.752085626666666	0.0	0.0	2	1.0362168500148599	-5.3952465660618305	138.0	21	1.05	0.95				
	202	2	65.04328662666666	13.410986933333332	0.0	0.0	2	1.0361424256250455	-5.510892012912645	138.0	22	1.05	0.95				
	203	1	120.6988824	24.810325826666666	0.0	0.0	2	1.029001721419604	-3.802857856199723	138.0	21	1.05	0.95				
	204	1	49.62065165333333	10.0582402	0.0	0.0	2	1.019200164290092	-7.587577348239141	138.0	21	1.05	0.95				
	205	1	47.60900361333333	9.387690853333334	0.0	0.0	2	1.0344850686339555	-7.825335151107151	138.0	21	1.05	0.95				
	206	1	91.19471114666668	18.775381706666668	0.0	-100.0	2	1.0397073903867258	-9.828260800062422	138.0	22	1.05	0.95				
	207	2	83.81866833333333	16.763733666666667	0.0	0.0	2	0.9779977247340995	-19.973985288223098	138.0	22	1.05	0.95				
	208	1	114.66393827999998	23.46922713333333	0.0	0.0	2	0.9795533471787071	-16.703286546433493	138.0	22	1.05	0.95				
	209	1	117.34613566666667	24.13977648	0.0	0.0	2	1.0261727074241458	-6.578388452911229	138.0	23	1.05	0.95				
	210	1	130.75712259999997	26.821973866666664	0.0	0.0	2	1.05	-8.182286085318944	138.0	23	1.05	0.95				
	211	1	0.0	0.0	0.0	0.0	2	1.0193442740453729	-2.2624214585648543	230.0	23	1.05	0.95				
	212	1	0.0	0.0	0.0	0.0	2	1.0183732369668415	-1.2192184365493588	230.0	23	1.05	0.95				
	213	2	177.69557686666667	36.20966472	0.0	0.0	2	1.025935671561197	1.002227114890413	230.0	24	1.05	0.95				
	214	2	130.0865732533333	26.15142452	0.0	0.0	2	1.0288721398747578	-0.054591933701155046	230.0	26	1.05	0.95				
	215	2	212.56414289333333	42.915158186666666	0.0	0.0	2	1.0437913029222845	6.9681862555574146	230.0	26	1.05	0.95				
	216	2	67.05493466666667	13.410986933333332	0.0	0.0	2	1.0458685020993523	7.134341968247313	230.0	26	1.05	0.95				
	217	1	0.0	0.0	0.0	0.0	2	1.048348794382667	10.02643107955266	230.0	27	1.05	0.95				
	218	2	223.29293244000002	45.59735557333334	0.0	0.0	2	1.0499999969941036	10.952282234740109	230.0	27	1.05	0.95				
	219	1	121.36943174666668	24.810325826666666	0.0	0.0	2	1.0431377123915375	6.561669644268256	230.0	25	1.05	0.95				
	220	1	85.83031637333333	17.434283013333335	0.0	0.0	2	1.0463734105408067	7.320610088632503	230.0	25	1.05	0.95				
	221	2	0.0	0.0	0.0	0.0	2	1.05	11.338159600668632	230.0	27	1.05	0.95				
	222	2	0.0	0.0	0.0	0.0	2	1.05	17.33522301667065	230.0	27	1.05	0.95				
	223	2	0.0	0.0	0.0	0.0	2	1.05	8.224554978651271	230.0	25	1.05	0.95				
	224	1	0.0	0.0	0.0	0.0	2	1.0247762574830255	2.9498306702566732	230.0	26	1.05	0.95				
	301	2	72.92818728	14.855741853333335	0.0	0.0	3	1.0115582659760485	-22.438361175386877	138.0	31	1.05	0.95				
	302	2	65.50031635333333	13.505219866666668	0.0	0.0	3	1.0104118023135165	-22.728430475476127	138.0	32	1.05	0.95				
	303	1	121.5469788	24.984656753333333	0.0	0.0	3	1.0195218479033368	-15.845492258678128	138.0	31	1.05	0.95				
	304	1	49.969313506666666	10.1289149	0.0	0.0	3	1.0061912128895183	-21.17724394799007	138.0	31	1.05	0.95				
	305	1	47.94353052666666	9.453653906666668	0.0	0.0	3	1.021454947645759	-21.70233273291231	138.0	31	1.05	0.95				
	306	1	91.83549509333334	18.907307813333336	0.0	-100.0	3	1.0336069321842023	-22.04138842304144	138.0	32	1.05	0.95				
	307	2	84.40762416666668	16.881524833333334	0.0	0.0	3	1.0044377916868135	-24.633842667621078	138.0	32	1.05	0.95				
	308	1	115.46962986	23.634134766666666	0.0	0.0	3	0.9996599615155146	-23.8758671546813	138.0	32	1.05	0.95				
	309	1	118.17067383333332	24.30939576	0.0	0.0	3	1.026208418497604	-17.14454067007389	138.0	33	1.05	0.95				
	310	1	131.6758937	27.010439733333335	0.0	0.0	3	1.05	-18.800064138872397	138.0	33	1.05	0.95				
	311	1	0.0	0.0	0.0	0.0	3	1.0189678030875633	-11.552887579179735	230.0	33	1.05	0.95				
	312	1	0.0	0.0	0.0	0.0	3	1.01835463609127	-11.13248879200827	230.0	33	1.05	0.95				
	313	2	178.94416323333334	36.46409364	0.0	0.0	3	1.0287306888793522	-7.587377401482038	230.0	34	1.05	0.95				
	314	2	131.00063270666666	26.335178740000003	0.0	0.0	3	1.0311285593680701	-8.699715126384984	230.0	36	1.05	0.95				
	315	2	214.05773488666665	43.216703573333334	0.0	0.0	3	1.04724379202178	-3.494597686818017	230.0	36	1.05	0.95				
	316	2	67.52609933333333	13.505219866666668	0.0	0.0	3	1.0466472848900639	-3.033258167501741	230.0	36	1.05	0.95				
	317	1	0.0	0.0	0.0	0.0	3	1.0482872341778569	-0.7823491912702304	230.0	37	1.05	0.95				
	318	2	224.86191078000002	45.91774754666667	0.0	0.0	3	1.0485053108456595	-0.41887591352035664	230.0	37	1.05	0.95				
	319	1	122.22223979333333	24.984656753333333	0.0	0.0	3	1.0418358214049444	-4.069619459857775	230.0	35	1.05	0.95				
	320	1	86.43340714666667	17.55678582666667	0.0	0.0	3	1.0420055213459523	-4.31182246752166	230.0	35	1.05	0.95				
	321	2	0.0	0.0	0.0	0.0	3	1.05	0.385291261618169	230.0	37	1.05	0.95				
	322	2	0.0	0.0	0.0	0.0	3	1.05	5.702555266024442	230.0	37	1.05	0.95				
	323	2	0.0	0.0	0.0	0.0	3	1.0433394092546844	-4.093490669364949	230.0	35	1.05	0.95				
	324	1	0.0	0.0	0.0	0.0	3	1.0226310507879695	-7.150274026288337	230.0	36	1.05	0.95				
	325	1	0.0	0.0	0.0	0.0	3	1.0397295071906392	-2.8972633373316405	230.0	35	1.05	0.95				
];
