%% MATPOWER Case Format : Version 2
function mpc = RTS_GMLC
mpc.version = '2';

%%-----  Power Flow Data  -----%%
%% system MVA base
mpc.baseMVA = 100.0;
%% bus data
%    bus_i    type    Pd    Qd    Gs    Bs    area    Vm    Va    baseKV    zone    Vmax    Vmin
mpc.bus = [
	101	2	35.643740722105264	7.26076199894737	0.0	0.0	1	0.9898391991635371	-5.350811357199047	138.0	11	1.05	0.95				
	102	2	32.01335972263158	6.60069272631579	0.0	0.0	1	0.9897158819168032	-5.519678246050489	138.0	12	1.05	0.95				
	103	1	59.406234536842106	12.211281543684212	0.0	0.0	1	1.0210951323602195	1.0727287801725902	138.0	11	1.05	0.95				
	104	1	24.422563087368424	4.950519544736842	0.0	0.0	1	1.0040528729837732	-4.820599446908963	138.0	11	1.05	0.95				
	105	1	23.432459178421052	4.620484908421053	0.0	0.0	1	1.0157941827995738	-5.599304767125815	138.0	11	1.05	0.95				
	106	1	44.884710538947374	9.240969816842107	0.0	-100.0	1	1.038799144381713	-6.169548862772315	138.0	12	1.05	0.95				
	107	2	41.25432953947369	8.250865907894738	0.0	0.0	1	0.9878268279846466	-10.369065159858755	138.0	12	1.05	0.95				
	108	1	56.43592281000001	11.55121227105263	0.0	0.0	1	0.9997581649464069	-8.607386567097649	138.0	12	1.05	0.95				
	109	1	57.756061355263164	11.881246907368421	0.0	0.0	1	1.024896612058981	-2.8805509608102184	138.0	13	1.05	0.95				
	110	1	64.35675408157894	13.20138545263158	0.0	0.0	1	1.05	-4.764852408938714	138.0	13	1.05	0.95				
	111	1	0.0	0.0	0.0	0.0	1	1.015823108282809	0.15100703141286403	230.0	13	1.05	0.95				
	112	1	0.0	0.0	0.0	0.0	1	1.0121509782784293	-1.1216604752816692	230.0	13	1.05	0.95				
	113	3	87.45917862368422	17.821870361052632	0.0	0.0	1	0.9969409662896481	5.252530215398377e-30	230.0	14	1.05	0.95				
	114	2	64.02671944526315	12.871350816315791	0.0	0.0	1	1.041286122950654	4.188676116786714	230.0	16	1.05	0.95				
	115	2	104.62097971210527	21.12221672421053	0.0	0.0	1	1.0383779473971828	13.919521266867639	230.0	16	1.05	0.95				
	116	2	33.00346363157895	6.60069272631579	0.0	0.0	1	1.0386687440216462	12.047489629921543	230.0	16	1.05	0.95				
	117	1	0.0	0.0	0.0	0.0	1	1.037670207733611	18.199076292995734	230.0	17	1.05	0.95				
	118	2	109.9015338931579	22.442355269473687	0.0	0.0	1	1.0463029550833514	18.858772189688555	230.0	17	1.05	0.95				
	119	1	59.73626917315789	12.211281543684212	0.0	0.0	1	1.034361657533768	7.65402438911204	230.0	15	1.05	0.95				
	120	1	42.24443344842106	8.580900544210527	0.0	0.0	1	1.0368238878859553	4.468608617903966	230.0	15	1.05	0.95				
	121	2	0.0	0.0	0.0	0.0	1	1.0391752134774312	20.34001260659134	230.0	17	1.05	0.95				
	122	2	0.0	0.0	0.0	0.0	1	1.05	38.33427926430212	230.0	17	1.05	0.95				
	123	2	0.0	0.0	0.0	0.0	1	1.0391108472551942	2.9728929628144654	230.0	15	1.05	0.95				
	124	1	0.0	0.0	0.0	0.0	1	1.015747385380535	9.134967650333222	230.0	16	1.05	0.95				
	201	2	40.28962695157895	8.207146230877193	0.0	0.0	2	1.0063469888838428	-15.692486574490678	138.0	21	1.05	0.95				
	202	2	36.18605383614035	7.461042028070176	0.0	0.0	2	1.0053546247917051	-15.984095453673216	138.0	22	1.05	0.95				
	203	1	67.14937825263159	13.802927751929825	0.0	0.0	2	1.012521772107327	-11.701666780028207	138.0	21	1.05	0.95				
	204	1	27.60585550385965	5.595781521052632	0.0	0.0	2	1.0092687967886307	-15.760872476572576	138.0	21	1.05	0.95				
	205	1	26.486699199649124	5.222729419649124	0.0	0.0	2	1.023651282482025	-16.193216588093968	138.0	21	1.05	0.95				
	206	1	50.7350857908772	10.445458839298247	0.0	-100.0	2	1.0413818065305185	-16.956956482309533	138.0	22	1.05	0.95				
	207	2	46.6315126754386	9.32630253508772	0.0	0.0	2	0.9896213218174449	-21.314487339509522	138.0	22	1.05	0.95				
	208	1	63.79190934000001	13.056823549122806	0.0	0.0	2	0.9991087235710513	-19.689173388688562	138.0	22	1.05	0.95				
	209	1	65.28411774561404	13.429875650526316	0.0	0.0	2	1.0228468470570617	-14.023988382867874	138.0	23	1.05	0.95				
	210	1	72.74515977368422	14.922084056140353	0.0	0.0	2	1.05	-15.484036611061736	138.0	23	1.05	0.95				
	211	1	0.0	0.0	0.0	0.0	2	1.0058047341929461	-11.309681083472048	230.0	23	1.05	0.95				
	212	1	0.0	0.0	0.0	0.0	2	1.0135416883312227	-10.64449339931627	230.0	23	1.05	0.95				
	213	2	98.85880687192983	20.144813475789476	0.0	0.0	2	1.0046377164172309	-10.059598928005652	230.0	24	1.05	0.95				
	214	2	72.3721076722807	14.549031954736844	0.0	0.0	2	1.0038785319150128	-8.843666181596546	230.0	26	1.05	0.95				
	215	2	118.25751614491229	23.875334489824564	0.0	0.0	2	1.025326334876819	-2.4625893665067724	230.0	26	1.05	0.95				
	216	2	37.30521014035088	7.461042028070176	0.0	0.0	2	1.0286928318067783	-3.188391141412076	230.0	26	1.05	0.95				
	217	1	0.0	0.0	0.0	0.0	2	1.0338699166162546	-1.0026766522606172	230.0	27	1.05	0.95				
	218	2	124.22634976736843	25.3675428954386	0.0	0.0	2	1.0323162962892565	-1.4429114391333087	230.0	27	1.05	0.95				
	219	1	67.5224303540351	13.802927751929825	0.0	0.0	2	1.0362134220879238	-3.4705625832430065	230.0	25	1.05	0.95				
	220	1	47.75066897964913	9.699354636491229	0.0	0.0	2	1.0448836866860884	-2.998389268073163	230.0	25	1.05	0.95				
	221	2	0.0	0.0	0.0	0.0	2	1.0328555402259518	-0.9842492026448767	230.0	27	1.05	0.95				
	222	2	0.0	0.0	0.0	0.0	2	1.05	5.504373242649512	230.0	27	1.05	0.95				
	223	2	0.0	0.0	0.0	0.0	2	1.05	-2.466921781298135	230.0	25	1.05	0.95				
	224	1	0.0	0.0	0.0	0.0	2	1.009105125918401	-5.912451888366394	230.0	26	1.05	0.95				
	301	2	42.70800380210527	8.699778552280703	0.0	0.0	3	1.0177028911569381	16.464611114239645	138.0	31	1.05	0.95				
	302	2	38.358114525964915	7.908889592982457	0.0	0.0	3	1.0159820981687406	16.11391933759672	138.0	32	1.05	0.95				
	303	1	71.18000633684211	14.631445747017544	0.0	0.0	3	1.05	31.369090961937285	138.0	31	1.05	0.95				
	304	1	29.262891494035088	5.931667194736842	0.0	0.0	3	1.0092802836290518	17.414510154712428	138.0	31	1.05	0.95				
	305	1	28.07655805508772	5.53622271508772	0.0	0.0	3	1.0255642737475272	14.709779914155382	138.0	31	1.05	0.95				
	306	1	53.780449232280716	11.07244543017544	0.0	-100.0	3	1.0376396018173373	13.234662337035907	138.0	32	1.05	0.95				
	307	2	49.43055995614035	9.88611199122807	0.0	0.0	3	0.95	10.279951841867922	138.0	32	1.05	0.95				
	308	1	67.62100602000001	13.840556787719299	0.0	0.0	3	0.9716698416038749	11.951757626198619	138.0	32	1.05	0.95				
	309	1	69.2027839385965	14.23600126736842	0.0	0.0	3	1.015838016985673	20.139407784440596	138.0	33	1.05	0.95				
	310	1	77.11167353157894	15.817779185964914	0.0	0.0	3	1.0430899469512305	14.220848577814518	138.0	33	1.05	0.95				
	311	1	0.0	0.0	0.0	0.0	3	1.003238371071522	17.489710110488755	230.0	33	1.05	0.95				
	312	1	0.0	0.0	0.0	0.0	3	1.008588782531224	17.42439651588329	230.0	33	1.05	0.95				
	313	2	104.79278710701753	21.354001901052634	0.0	0.0	3	1.0016474329438578	17.17599736817995	230.0	34	1.05	0.95				
	314	2	76.71622905192983	15.422334706315791	0.0	0.0	3	0.9989785125586442	18.17897270856407	230.0	36	1.05	0.95				
	315	2	125.35590004877193	25.308446697543864	0.0	0.0	3	1.0483118787331593	21.983500437828347	230.0	36	1.05	0.95				
	316	2	39.54444796491228	7.908889592982457	0.0	0.0	3	1.0317118905472604	21.465384515583736	230.0	36	1.05	0.95				
	317	1	0.0	0.0	0.0	0.0	3	1.05	25.89179673316405	230.0	37	1.05	0.95				
	318	2	131.6830117231579	26.890224616140358	0.0	0.0	3	1.0478370755860886	22.235167022816356	230.0	37	1.05	0.95				
	319	1	71.57545081649124	14.631445747017544	0.0	0.0	3	1.0228748598400232	19.64668411848923	230.0	35	1.05	0.95				
	320	1	50.61689339508773	10.281556470877193	0.0	0.0	3	1.0183150152675464	18.82635936137836	230.0	35	1.05	0.95				
	321	2	0.0	0.0	0.0	0.0	3	1.05	22.82160127253927	230.0	37	1.05	0.95				
	322	2	0.0	0.0	0.0	0.0	3	1.0499999574433903	28.37463122218164	230.0	37	1.05	0.95				
	323	2	0.0	0.0	0.0	0.0	3	1.016185590196327	18.68399479923705	230.0	35	1.05	0.95				
	324	1	0.0	0.0	0.0	0.0	3	1.0459704683172046	25.57170253981919	230.0	36	1.05	0.95				
	325	1	0.0	0.0	0.0	0.0	3	1.0186476425352047	18.837270738879464	230.0	35	1.05	0.95				
];
