%% MATPOWER Case Format : Version 2
function mpc = RTS_GMLC
mpc.version = '2';

%%-----  Power Flow Data  -----%%
%% system MVA base
mpc.baseMVA = 100.0;
%% bus data
%    bus_i    type    Pd    Qd    Gs    Bs    area    Vm    Va    baseKV    zone    Vmax    Vmin
mpc.bus = [
	101	2	41.562097957894736	8.466353287719299	0.0	0.0	1	1.0320471357462533	2.9310434079035894	138.0	11	1.05	0.95				
	102	2	37.32892131403509	7.6966848070175455	0.0	0.0	1	1.0297892621842286	2.313296669585225	138.0	12	1.05	0.95				
	103	1	69.2701632631579	14.238866892982458	0.0	0.0	1	1.0345452651886786	2.341171525337784	138.0	11	1.05	0.95				
	104	1	28.477733785964915	5.772513605263158	0.0	0.0	1	1.0238267267693124	-0.18842900771197094	138.0	11	1.05	0.95				
	105	1	27.323231064912278	5.387679364912282	0.0	0.0	1	1.0353473415142103	-0.5789919366994609	138.0	11	1.05	0.95				
	106	1	52.33745668771931	10.775358729824564	0.0	-100.0	1	1.0456768293745402	-3.0615566043681253	138.0	12	1.05	0.95				
	107	2	48.104280043859646	9.62085600877193	0.0	0.0	1	0.9997167633940417	-11.086434973805753	138.0	12	1.05	0.95				
	108	1	65.8066551	13.4691984122807	0.0	0.0	1	1.0038709790064002	-8.549467857716387	138.0	12	1.05	0.95				
	109	1	67.34599206140352	13.85403265263158	0.0	0.0	1	1.0251727752130464	-1.7505820693711374	138.0	13	1.05	0.95				
	110	1	75.04267686842105	15.393369614035091	0.0	0.0	1	1.05	-2.919623406364847	138.0	13	1.05	0.95				
	111	1	0.0	0.0	0.0	0.0	1	1.0037845095796725	-0.11075468429244918	230.0	13	1.05	0.95				
	112	1	0.0	0.0	0.0	0.0	1	1.0097404836536465	-0.8012027317277186	230.0	13	1.05	0.95				
	113	3	101.98107369298246	20.781048978947368	0.0	0.0	1	0.9971489383632614	-3.5528156505878804e-29	230.0	14	1.05	0.95				
	114	2	74.65784262807018	15.008535373684213	0.0	0.0	1	0.9998711417050165	2.1520332615342044	230.0	16	1.05	0.95				
	115	2	121.99245419122808	24.62939138245614	0.0	0.0	1	1.0395766832380946	9.005594044416295	230.0	16	1.05	0.95				
	116	2	38.48342403508772	7.6966848070175455	0.0	0.0	1	1.0350006329733366	7.504414091098071	230.0	16	1.05	0.95				
	117	1	0.0	0.0	0.0	0.0	1	1.0422732632893188	11.41828784388749	230.0	17	1.05	0.95				
	118	2	128.14980203684212	26.168728343859655	0.0	0.0	1	1.0466368831979052	12.442559566270658	230.0	17	1.05	0.95				
	119	1	69.65499750350878	14.238866892982458	0.0	0.0	1	1.0244747571656057	4.538164573645946	230.0	15	1.05	0.95				
	120	1	49.25878276491228	10.005690249122807	0.0	0.0	1	1.0189809147652225	2.2913581101539333	230.0	15	1.05	0.95				
	121	2	0.0	0.0	0.0	0.0	1	1.0488379953907052	13.947156005700531	230.0	17	1.05	0.95				
	122	2	0.0	0.0	0.0	0.0	1	1.05	19.46583390611315	230.0	17	1.05	0.95				
	123	2	0.0	0.0	0.0	0.0	1	1.0166385801043114	1.3487544188884149	230.0	15	1.05	0.95				
	124	1	0.0	0.0	0.0	0.0	1	1.0288253366241105	6.500521768337624	230.0	16	1.05	0.95				
	201	2	40.13662835368421	8.175979849824563	0.0	0.0	2	1.0141725493128704	-18.371237927117924	138.0	21	1.05	0.95				
	202	2	36.04863842877193	7.432708954385965	0.0	0.0	2	1.0131973729158619	-18.688883619512836	138.0	22	1.05	0.95				
	203	1	66.89438058947368	13.750511565614035	0.0	0.0	2	1.015803107552466	-13.378978801141761	138.0	21	1.05	0.95				
	204	1	27.50102313122807	5.574531715789473	0.0	0.0	2	1.0122765436996415	-18.492981655482836	138.0	21	1.05	0.95				
	205	1	26.386116788070176	5.202896268070176	0.0	0.0	2	1.0276822739137268	-19.014597690849985	138.0	21	1.05	0.95				
	206	1	50.54242088982457	10.405792536140352	0.0	-100.0	2	1.0433249585891113	-19.859590712192883	138.0	22	1.05	0.95				
	207	2	46.45443096491228	9.290886192982455	0.0	0.0	2	0.9955223476665118	-24.222816896203486	138.0	22	1.05	0.95				
	208	1	63.54966155999999	13.007240670175438	0.0	0.0	2	1.0023232796757566	-22.57931082257781	138.0	22	1.05	0.95				
	209	1	65.03620335087719	13.378876117894736	0.0	0.0	2	1.021779469401976	-16.785195220710392	138.0	23	1.05	0.95				
	210	1	72.46891230526316	14.86541790877193	0.0	0.0	2	1.05	-18.460453281728984	138.0	23	1.05	0.95				
	211	1	0.0	0.0	0.0	0.0	2	1.0050218693558572	-14.140109565237434	230.0	23	1.05	0.95				
	212	1	0.0	0.0	0.0	0.0	2	1.0068600379134172	-14.122567582949296	230.0	23	1.05	0.95				
	213	2	98.48339364561403	20.068314176842105	0.0	0.0	2	0.9976195279720186	-13.508842203066271	230.0	24	1.05	0.95				
	214	2	72.09727685754386	14.493782461052632	0.0	0.0	2	1.008697683958104	-11.100404893770952	230.0	26	1.05	0.95				
	215	2	117.80843692701754	23.784668654035087	0.0	0.0	2	1.0251164273737998	-3.1419966707973797	230.0	26	1.05	0.95				
	216	2	37.16354477192982	7.432708954385965	0.0	0.0	2	1.0250744430143042	-4.555107883433149	230.0	26	1.05	0.95				
	217	1	0.0	0.0	0.0	0.0	2	1.028590231642297	-2.2328468549429594	230.0	27	1.05	0.95				
	218	2	123.75460409052633	25.271210444912285	0.0	0.0	2	1.0287313250230719	-2.5367012650705347	230.0	27	1.05	0.95				
	219	1	67.26601603719298	13.750511565614035	0.0	0.0	2	1.0221722319617585	-6.241447585556169	230.0	25	1.05	0.95				
	220	1	47.569337308070175	9.662521640701755	0.0	0.0	2	1.022398478554799	-6.976971989282043	230.0	25	1.05	0.95				
	221	2	0.0	0.0	0.0	0.0	2	1.0307417728377148	-1.946813472607726	230.0	27	1.05	0.95				
	222	2	0.0	0.0	0.0	0.0	2	1.0499999998904619	4.433261588022286	230.0	27	1.05	0.95				
	223	2	0.0	0.0	0.0	0.0	2	1.0227775088212847	-7.092082510736482	230.0	25	1.05	0.95				
	224	1	0.0	0.0	0.0	0.0	2	1.0090405123088408	-6.980187518641015	230.0	26	1.05	0.95				
	301	2	52.59917747368421	10.714647263157895	0.0	0.0	3	1.0016131970827034	9.072705328388041	138.0	31	1.05	0.95				
	302	2	47.241853842105265	9.740588421052632	0.0	0.0	3	1.001311075535342	9.039409993242634	138.0	32	1.05	0.95				
	303	1	87.66529578947369	18.02008857894737	0.0	0.0	3	1.023284336276372	11.73235225719272	138.0	31	1.05	0.95				
	304	1	36.04017715789474	7.305441315789474	0.0	0.0	3	1.0067527889761756	10.733262546194466	138.0	31	1.05	0.95				
	305	1	34.57908889473684	6.818411894736842	0.0	0.0	3	1.0187736857680525	10.535549008478254	138.0	31	1.05	0.95				
	306	1	66.2360012631579	13.636823789473684	0.0	-100.0	3	1.0368835822790883	10.78402322287052	138.0	32	1.05	0.95				
	307	2	60.878677631578945	12.17573552631579	0.0	0.0	3	0.9824940042409601	7.588698825277656	138.0	32	1.05	0.95				
	308	1	83.282031	17.046029736842105	0.0	0.0	3	0.9975792311468861	9.69230036895466	138.0	32	1.05	0.95				
	309	1	85.23014868421053	17.533059157894737	0.0	0.0	3	1.027302627769578	14.101159879946117	138.0	33	1.05	0.95				
	310	1	94.97073710526315	19.481176842105263	0.0	0.0	3	1.05	13.555927042344262	138.0	33	1.05	0.95				
	311	1	0.0	0.0	0.0	0.0	3	1.0080676566190074	18.17301148641521	230.0	33	1.05	0.95				
	312	1	0.0	0.0	0.0	0.0	3	1.01523784797432	19.47167967000948	230.0	33	1.05	0.95				
	313	2	129.06279657894737	26.299588736842104	0.0	0.0	3	1.019805800099819	25.504677634725216	230.0	34	1.05	0.95				
	314	2	94.48370768421053	18.99414742105263	0.0	0.0	3	1.004809908027143	16.14018426291647	230.0	36	1.05	0.95				
	315	2	154.3883264736842	31.16988294736842	0.0	0.0	3	1.0334186235885077	9.506775321267268	230.0	36	1.05	0.95				
	316	2	48.70294210526316	9.740588421052632	0.0	0.0	3	1.0333722935176672	10.714011494241854	230.0	36	1.05	0.95				
	317	1	0.0	0.0	0.0	0.0	3	1.0399468758588173	8.859799266479541	230.0	37	1.05	0.95				
	318	2	162.18079721052632	33.11800063157895	0.0	0.0	3	1.0400575683763544	7.170784800298126	230.0	37	1.05	0.95				
	319	1	88.15232521052631	18.02008857894737	0.0	0.0	3	1.0302400140221304	13.875039268774254	230.0	35	1.05	0.95				
	320	1	62.33976589473684	12.662764947368421	0.0	0.0	3	1.0296521266733063	16.149053434802074	230.0	35	1.05	0.95				
	321	2	0.0	0.0	0.0	0.0	3	1.0394317030957152	8.529328471552851	230.0	37	1.05	0.95				
	322	2	0.0	0.0	0.0	0.0	3	1.05	12.97472906176624	230.0	37	1.05	0.95				
	323	2	0.0	0.0	0.0	0.0	3	1.0293456454323722	17.11013260287664	230.0	35	1.05	0.95				
	324	1	0.0	0.0	0.0	0.0	3	1.0289089314765503	12.25337547426174	230.0	36	1.05	0.95				
	325	1	0.0	0.0	0.0	0.0	3	1.0322695382398621	16.84956756323423	230.0	35	1.05	0.95				
];
