%% MATPOWER Case Format : Version 2
function mpc = RTS_GMLC
mpc.version = '2';

%%-----  Power Flow Data  -----%%
%% system MVA base
mpc.baseMVA = 100.0;
%% bus data
%    bus_i    type    Pd    Qd    Gs    Bs    area    Vm    Va    baseKV    zone    Vmax    Vmin
mpc.bus = [
	101	2	51.42157347789473	10.474764967719299	0.0	0.0	1	1.0136038104060285	1.075548656372446	138.0	11	1.05	0.95				
	102	2	46.184190994035085	9.522513607017544	0.0	0.0	1	1.0124699688824041	0.7593802259114014	138.0	12	1.05	0.95				
	103	1	85.70262246315788	17.616650172982453	0.0	0.0	1	1.0245393439786084	1.263528043957936	138.0	11	1.05	0.95				
	104	1	35.233300345964906	7.141885205263157	0.0	0.0	1	1.0117976168631184	-2.2523567510529015	138.0	11	1.05	0.95				
	105	1	33.80492330491228	6.66575952491228	0.0	0.0	1	1.024960652336318	-2.2169012372851107	138.0	11	1.05	0.95				
	106	1	64.7530925277193	13.33151904982456	0.0	-100.0	1	1.0389887359008512	-4.557739594651892	138.0	12	1.05	0.95				
	107	2	59.51571004385965	11.90314200877193	0.0	0.0	1	0.9853794239797822	-11.766659939266683	138.0	12	1.05	0.95				
	108	1	81.41749134	16.6643988122807	0.0	0.0	1	0.9931729380639915	-9.664893548379052	138.0	12	1.05	0.95				
	109	1	83.3219940614035	17.140524492631577	0.0	0.0	1	1.0259168380498538	-2.7216487177406807	138.0	13	1.05	0.95				
	110	1	92.84450766842104	19.045027214035088	0.0	0.0	1	1.05	-3.9772796444754084	138.0	13	1.05	0.95				
	111	1	0.0	0.0	0.0	0.0	1	1.021225242288526	-0.07222472213785236	230.0	13	1.05	0.95				
	112	1	0.0	0.0	0.0	0.0	1	1.0165544970414162	-0.7629508985615777	230.0	13	1.05	0.95				
	113	3	126.17330529298245	25.710786738947366	0.0	0.0	1	1.0022613697804337	2.1087943152362155e-31	230.0	14	1.05	0.95				
	114	2	92.36838198807017	18.56890153368421	0.0	0.0	1	1.0485994682600286	3.050280827019721	230.0	16	1.05	0.95				
	115	2	150.93184067122806	30.47204354245614	0.0	0.0	1	1.0428767053497896	12.138397888747383	230.0	16	1.05	0.95				
	116	2	47.61256803508772	9.522513607017544	0.0	0.0	1	1.0445384096550459	10.522817405877825	230.0	16	1.05	0.95				
	117	1	0.0	0.0	0.0	0.0	1	1.0416923361855217	16.303749323033777	230.0	17	1.05	0.95				
	118	2	158.5498515568421	32.37654626385965	0.0	0.0	1	1.0493316153148695	16.790160056167203	230.0	17	1.05	0.95				
	119	1	86.17874814350877	17.616650172982453	0.0	0.0	1	1.0423213954679555	6.847147460827654	230.0	15	1.05	0.95				
	120	1	60.94408708491228	12.379267689122807	0.0	0.0	1	1.046614333844784	4.558481339959477	230.0	15	1.05	0.95				
	121	2	0.0	0.0	0.0	0.0	1	1.0433767774403189	18.42714616901941	230.0	17	1.05	0.95				
	122	2	0.0	0.0	0.0	0.0	1	1.05	36.38738174559258	230.0	17	1.05	0.95				
	123	2	0.0	0.0	0.0	0.0	1	1.0499999764981143	3.656636155407782	230.0	15	1.05	0.95				
	124	1	0.0	0.0	0.0	0.0	1	1.0224179307946695	8.095201196050372	230.0	16	1.05	0.95				
	201	2	57.527467351578956	11.718558164210526	0.0	0.0	2	1.023036065860096	-13.82980344966353	138.0	21	1.05	0.95				
	202	2	51.66818826947368	10.653234694736842	0.0	0.0	2	1.0241752128996455	-13.652129034832273	138.0	22	1.05	0.95				
	203	1	95.87911225263159	19.708484185263156	0.0	0.0	2	1.0122679079987187	-12.001593288790518	138.0	21	1.05	0.95				
	204	1	39.41696837052631	7.98992602105263	0.0	0.0	2	1.0148838366108177	-14.994530417238972	138.0	21	1.05	0.95				
	205	1	37.81898316631578	7.45726428631579	0.0	0.0	2	1.0298880452410062	-15.387293621453388	138.0	21	1.05	0.95				
	206	1	72.44199592421053	14.91452857263158	0.0	-100.0	2	1.0410926485979886	-16.730292344086223	138.0	22	1.05	0.95				
	207	2	66.58271684210526	13.316543368421051	0.0	0.0	2	0.9900880371734543	-24.37838139300142	138.0	22	1.05	0.95				
	208	1	91.08515664	18.643160715789474	0.0	0.0	2	0.9926386287406027	-21.871084650981718	138.0	22	1.05	0.95				
	209	1	93.21580357894736	19.175822450526315	0.0	0.0	2	1.0230973292395897	-13.904238452547657	138.0	23	1.05	0.95				
	210	1	103.86903827368421	21.306469389473683	0.0	0.0	2	1.05	-15.257254843995485	138.0	23	1.05	0.95				
	211	1	0.0	0.0	0.0	0.0	2	1.0130673426114305	-10.495916231202399	230.0	23	1.05	0.95				
	212	1	0.0	0.0	0.0	0.0	2	1.0125039093717332	-9.006094296387587	230.0	23	1.05	0.95				
	213	2	141.15535970526315	28.763733675789478	0.0	0.0	2	1.0142046583522102	-8.499705007695832	230.0	24	1.05	0.95				
	214	2	103.33637653894736	20.773807654736842	0.0	0.0	2	1.018401898764109	-8.130430513933245	230.0	26	1.05	0.95				
	215	2	168.85376991157895	34.09035102315789	0.0	0.0	2	1.031197234545638	-1.6647291482494653	230.0	26	1.05	0.95				
	216	2	53.266173473684205	10.653234694736842	0.0	0.0	2	1.034847974802402	-1.535850916530089	230.0	26	1.05	0.95				
	217	1	0.0	0.0	0.0	0.0	2	1.0396470193388876	-0.06553336797435773	230.0	27	1.05	0.95				
	218	2	177.3763576673684	36.220997962105265	0.0	0.0	2	1.0372432847809958	-0.8212292762097554	230.0	27	1.05	0.95				
	219	1	96.41177398736842	19.708484185263156	0.0	0.0	2	1.0362016387599289	-0.5812745267709717	230.0	25	1.05	0.95				
	220	1	68.18070204631579	13.849205103157894	0.0	0.0	2	1.0418603411005047	1.2558159439035932	230.0	25	1.05	0.95				
	221	2	0.0	0.0	0.0	0.0	2	1.0375222278321106	-0.2937727489222227	230.0	27	1.05	0.95				
	222	2	0.0	0.0	0.0	0.0	2	1.05	6.297160506562799	230.0	27	1.05	0.95				
	223	2	0.0	0.0	0.0	0.0	2	1.0467497935123165	2.6494595224596607	230.0	25	1.05	0.95				
	224	1	0.0	0.0	0.0	0.0	2	1.0113315517866162	-5.503530653936304	230.0	26	1.05	0.95				
	301	2	50.15627965894737	10.217019930526316	0.0	0.0	3	1.0112207951091776	-2.492847405594358	138.0	31	1.05	0.95				
	302	2	45.04776969368421	9.288199936842107	0.0	0.0	3	1.010471806418268	-2.686269480231344	138.0	32	1.05	0.95				
	303	1	83.59379943157896	17.183169883157895	0.0	0.0	3	1.0397671267470514	6.31123595857627	138.0	31	1.05	0.95				
	304	1	34.36633976631579	6.966149952631579	0.0	0.0	3	1.0121838759327066	-1.08064337392859	138.0	31	1.05	0.95				
	305	1	32.973109775789474	6.501739955789475	0.0	0.0	3	1.0247851650700721	-2.6135141361092122	138.0	31	1.05	0.95				
	306	1	63.15975957052632	13.00347991157895	0.0	-100.0	3	1.0400313446785447	-3.2216475749744875	138.0	32	1.05	0.95				
	307	2	58.05124960526315	11.610249921052631	0.0	0.0	3	0.9927942348092552	-7.927725735551818	138.0	32	1.05	0.95				
	308	1	79.41410946	16.254349889473684	0.0	0.0	3	0.9982928138585608	-5.811796971887542	138.0	32	1.05	0.95				
	309	1	81.27174944736842	16.71875988631579	0.0	0.0	3	1.028574863356768	2.1231426337549744	138.0	33	1.05	0.95				
	310	1	90.55994938421053	18.576399873684213	0.0	0.0	3	1.05	-1.2399428530746066	138.0	33	1.05	0.95				
	311	1	0.0	0.0	0.0	0.0	3	1.0103438389861117	4.275572004052444	230.0	33	1.05	0.95				
	312	1	0.0	0.0	0.0	0.0	3	1.0120982137004453	4.578856343294093	230.0	33	1.05	0.95				
	313	2	123.0686491631579	25.078139829473685	0.0	0.0	3	1.0101719786024546	7.163369970310646	230.0	34	1.05	0.95				
	314	2	90.09553938736842	18.111989876842106	0.0	0.0	3	1.0112458832200653	5.688559705967547	230.0	36	1.05	0.95				
	315	2	147.21796899894736	29.72223979789474	0.0	0.0	3	1.0393589861847283	10.375974619058498	230.0	36	1.05	0.95				
	316	2	46.440999684210524	9.288199936842107	0.0	0.0	3	1.037078187693947	10.44606696155996	230.0	36	1.05	0.95				
	317	1	0.0	0.0	0.0	0.0	3	1.05	16.12294958101725	230.0	37	1.05	0.95				
	318	2	154.64852894842105	31.57987978526316	0.0	0.0	3	1.045754769004925	13.231093861585641	230.0	37	1.05	0.95				
	319	1	84.05820942842107	17.183169883157895	0.0	0.0	3	1.027375265627267	9.145017762043516	230.0	35	1.05	0.95				
	320	1	59.44447959578948	12.074659917894737	0.0	0.0	3	1.0224762143813027	8.904956133669817	230.0	35	1.05	0.95				
	321	2	0.0	0.0	0.0	0.0	3	1.0450329787577854	12.933367872528361	230.0	37	1.05	0.95				
	322	2	0.0	0.0	0.0	0.0	3	1.05	18.527626612906456	230.0	37	1.05	0.95				
	323	2	0.0	0.0	0.0	0.0	3	1.0204847699265673	9.133758251452155	230.0	35	1.05	0.95				
	324	1	0.0	0.0	0.0	0.0	3	1.032910686181181	8.842198309055627	230.0	36	1.05	0.95				
	325	1	0.0	0.0	0.0	0.0	3	1.0206099090586203	9.931823092877853	230.0	35	1.05	0.95				
];
