%% MATPOWER Case Format : Version 2
function mpc = RTS_GMLC
mpc.version = '2';

%%-----  Power Flow Data  -----%%
%% system MVA base
mpc.baseMVA = 100.0;
%% bus data
%    bus_i    type    Pd    Qd    Gs    Bs    area    Vm    Va    baseKV    zone    Vmax    Vmin
mpc.bus = [
	101	2	74.33349828631579	15.14200891017544	0.0	0.0	1	1.042787635113269	1.177190585545893	138.0	11	1.05	0.95				
	102	2	66.76249383122807	13.765462645614035	0.0	0.0	1	1.042705138058946	1.0937402539955563	138.0	12	1.05	0.95				
	103	1	123.88916381052633	25.466105894385965	0.0	0.0	1	1.0245241242940963	-1.1959369841927092	138.0	11	1.05	0.95				
	104	1	50.93221178877193	10.324096984210525	0.0	0.0	1	1.0225669441066423	-2.554800340593182	138.0	11	1.05	0.95				
	105	1	48.86739239192982	9.635823851929825	0.0	0.0	1	1.0367023918967684	-2.6463020944347786	138.0	11	1.05	0.95				
	106	1	93.60514599017544	19.27164770385965	0.0	-100.0	1	1.039825682191712	-5.423027175838882	138.0	12	1.05	0.95				
	107	2	86.03414153508771	17.206828307017545	0.0	0.0	1	1.0409727624132532	-3.146706683963305	138.0	12	1.05	0.95				
	108	1	117.69470562	24.08955962982456	0.0	0.0	1	1.0220918750762849	-5.5798272202682275	138.0	12	1.05	0.95				
	109	1	120.4477981491228	24.777832762105263	0.0	0.0	1	1.026283941116874	-3.2891391624474493	138.0	13	1.05	0.95				
	110	1	134.21326079473684	27.53092529122807	0.0	0.0	1	1.05	-4.3993958349428635	138.0	13	1.05	0.95				
	111	1	0.0	0.0	0.0	0.0	1	1.0101627207593746	-1.152484720882892	230.0	13	1.05	0.95				
	112	1	0.0	0.0	0.0	0.0	1	1.0139932243948098	-0.49448010355515265	230.0	13	1.05	0.95				
	113	3	182.39238005438597	37.166749143157894	0.0	0.0	1	1.0077051065020242	3.721010643312445e-29	230.0	14	1.05	0.95				
	114	2	133.52498766245614	26.842652158947367	0.0	0.0	1	1.0095349985515687	0.61487941560209	230.0	16	1.05	0.95				
	115	2	218.18258293298248	44.04948046596491	0.0	0.0	1	1.0426619904987147	7.811489779163603	230.0	16	1.05	0.95				
	116	2	68.82731322807018	13.765462645614035	0.0	0.0	1	1.039515410982899	7.248465536222106	230.0	16	1.05	0.95				
	117	1	0.0	0.0	0.0	0.0	1	1.045102613241218	10.114197708621674	230.0	17	1.05	0.95				
	118	2	229.19495304947367	46.80257299508772	0.0	0.0	1	1.0478881652898981	10.602764104272282	230.0	17	1.05	0.95				
	119	1	124.57743694280703	25.466105894385965	0.0	0.0	1	1.0324005917213428	5.830774097675362	230.0	15	1.05	0.95				
	120	1	88.09896093192982	17.895101439298248	0.0	0.0	1	1.0320735878701364	5.788844577170067	230.0	15	1.05	0.95				
	121	2	0.0	0.0	0.0	0.0	1	1.05	11.43918706483812	230.0	17	1.05	0.95				
	122	2	0.0	0.0	0.0	0.0	1	1.05	18.04857044642759	230.0	17	1.05	0.95				
	123	2	0.0	0.0	0.0	0.0	1	1.0336506268470815	6.28302693705485	230.0	15	1.05	0.95				
	124	1	0.0	0.0	0.0	0.0	1	1.0245133150185424	4.466697306848293	230.0	16	1.05	0.95				
	201	2	74.28931215157895	15.133008030877193	0.0	0.0	2	1.0349537823057968	-10.207962116313615	138.0	21	1.05	0.95				
	202	2	66.72280813614036	13.757280028070177	0.0	0.0	2	1.0351730334787301	-10.283722262385062	138.0	22	1.05	0.95				
	203	1	123.81552025263159	25.450968051929824	0.0	0.0	2	1.024501462446066	-7.751925319472062	138.0	21	1.05	0.95				
	204	1	50.90193610385965	10.317960021052631	0.0	0.0	2	1.0179917685963478	-12.054019173659764	138.0	21	1.05	0.95				
	205	1	48.83834409964912	9.630096019649125	0.0	0.0	2	1.033690217553885	-12.405726749110803	138.0	21	1.05	0.95				
	206	1	93.5495041908772	19.26019203929825	0.0	-100.0	2	1.0390662601385237	-14.285483637656439	138.0	22	1.05	0.95				
	207	2	85.98300017543859	17.19660003508772	0.0	0.0	2	0.9736035162279113	-24.55766101323075	138.0	22	1.05	0.95				
	208	1	117.62474424	24.075240049122808	0.0	0.0	2	0.975885739812674	-21.184326980903023	138.0	22	1.05	0.95				
	209	1	120.37620024561404	24.763104050526316	0.0	0.0	2	1.0253718874601747	-10.716808176302619	138.0	23	1.05	0.95				
	210	1	134.1334802736842	27.514560056140354	0.0	0.0	2	1.05	-12.466905353480263	138.0	23	1.05	0.95				
	211	1	0.0	0.0	0.0	0.0	2	1.0206666426171755	-7.49140166103424	230.0	23	1.05	0.95				
	212	1	0.0	0.0	0.0	0.0	2	1.0216349584451598	-3.796677494245986	230.0	23	1.05	0.95				
	213	2	182.28396037192982	37.14465607578948	0.0	0.0	2	1.0251841451056396	-5.4115205250371305	230.0	24	1.05	0.95				
	214	2	133.44561627228072	26.826696054736843	0.0	0.0	2	1.0296161042886245	-5.256102679775908	230.0	26	1.05	0.95				
	215	2	218.05288844491227	44.02329608982456	0.0	0.0	2	1.0386268728821646	2.2375324385971025	230.0	26	1.05	0.95				
	216	2	68.78640014035088	13.757280028070177	0.0	0.0	2	1.0410937559535007	2.1351434949909445	230.0	26	1.05	0.95				
	217	1	0.0	0.0	0.0	0.0	2	1.0433135495054642	4.839976341764207	230.0	27	1.05	0.95				
	218	2	229.05871246736842	46.7747520954386	0.0	0.0	2	1.0442508359598381	5.1622009160435285	230.0	27	1.05	0.95				
	219	1	124.50338425403508	25.450968051929824	0.0	0.0	2	1.0401429505308537	1.8366622329103155	230.0	25	1.05	0.95				
	220	1	88.04659217964912	17.88446403649123	0.0	0.0	2	1.0451748369344476	2.8722725079426086	230.0	25	1.05	0.95				
	221	2	0.0	0.0	0.0	0.0	2	1.0442528482906164	5.021085340537933	230.0	27	1.05	0.95				
	222	2	0.0	0.0	0.0	0.0	2	1.05	11.456634896685578	230.0	27	1.05	0.95				
	223	2	0.0	0.0	0.0	0.0	2	1.05	3.938263610271375	230.0	25	1.05	0.95				
	224	1	0.0	0.0	0.0	0.0	2	1.020884755245122	-1.489903123892797	230.0	26	1.05	0.95				
	301	2	69.18696613894738	14.093641250526318	0.0	0.0	3	1.0091470064287975	-14.920123056261518	138.0	31	1.05	0.95				
	302	2	62.14014551368422	12.812401136842109	0.0	0.0	3	1.00835671893379	-15.11708255058555	138.0	32	1.05	0.95				
	303	1	115.31161023157897	23.7029421031579	0.0	0.0	3	1.0316525415531697	-6.170778027453512	138.0	31	1.05	0.95				
	304	1	47.4058842063158	9.609300852631579	0.0	0.0	3	1.0062849587489926	-13.18305419976747	138.0	31	1.05	0.95				
	305	1	45.484024035789474	8.968680795789476	0.0	0.0	3	1.0205947548653629	-13.936510811440312	138.0	31	1.05	0.95				
	306	1	87.12432773052633	17.937361591578952	0.0	-100.0	3	1.0341027298723238	-14.095305252289378	138.0	32	1.05	0.95				
	307	2	80.07750710526317	16.015501421052633	0.0	0.0	3	0.9942719556633103	-20.583786949324086	138.0	32	1.05	0.95				
	308	1	109.54602972	22.421701989473686	0.0	0.0	3	0.9946900994939232	-17.542930478332455	138.0	32	1.05	0.95				
	309	1	112.10850994736843	23.062322046315792	0.0	0.0	3	1.02721030874831	-8.989036211295105	138.0	33	1.05	0.95				
	310	1	124.92091108421053	25.624802273684217	0.0	0.0	3	1.05	-10.897534168106858	138.0	33	1.05	0.95				
	311	1	0.0	0.0	0.0	0.0	3	1.0175285291087273	-3.8507008733293286	230.0	33	1.05	0.95				
	312	1	0.0	0.0	0.0	0.0	3	1.0189335590716915	-3.0247099183182584	230.0	33	1.05	0.95				
	313	2	169.7643150631579	34.59348306947369	0.0	0.0	3	1.0314489915367053	1.571285079674597	230.0	34	1.05	0.95				
	314	2	124.28029102736843	24.984182216842107	0.0	0.0	3	1.0239901138343395	-2.571807212863561	230.0	36	1.05	0.95				
	315	2	203.0765580189474	40.99968363789474	0.0	0.0	3	1.0412165630319903	-0.045275816208381836	230.0	36	1.05	0.95				
	316	2	64.06200568421053	12.812401136842109	0.0	0.0	3	1.0397397273751252	0.4454470122541262	230.0	36	1.05	0.95				
	317	1	0.0	0.0	0.0	0.0	3	1.0439514635476517	1.5763974424025209	230.0	37	1.05	0.95				
	318	2	213.3264789284211	43.562163865263166	0.0	0.0	3	1.0437010007788574	1.4363508168059338	230.0	37	1.05	0.95				
	319	1	115.95223028842108	23.7029421031579	0.0	0.0	3	1.036696292885158	0.7172080987351096	230.0	35	1.05	0.95				
	320	1	81.99936727578948	16.65612147789474	0.0	0.0	3	1.037176945864118	1.2668530079052638	230.0	35	1.05	0.95				
	321	2	0.0	0.0	0.0	0.0	3	1.046155879607119	2.44829871871881	230.0	37	1.05	0.95				
	322	2	0.0	0.0	0.0	0.0	3	1.05	6.43901192503644	230.0	37	1.05	0.95				
	323	2	0.0	0.0	0.0	0.0	3	1.0382092836998542	1.7101360129347485	230.0	35	1.05	0.95				
	324	1	0.0	0.0	0.0	0.0	3	1.0309738400988373	-1.161001526074671	230.0	36	1.05	0.95				
	325	1	0.0	0.0	0.0	0.0	3	1.0372221889396707	2.530302685385117	230.0	35	1.05	0.95				
];
