%% MATPOWER Case Format : Version 2
function mpc = RTS_GMLC
mpc.version = '2';

%%-----  Power Flow Data  -----%%
%% system MVA base
mpc.baseMVA = 100.0;
%% bus data
%    bus_i    type    Pd    Qd    Gs    Bs    area    Vm    Va    baseKV    zone    Vmax    Vmin
mpc.bus = [
	101	2	93.55813954105263	19.058139536140352	0.0	0.0	1	1.0429925599619707	-2.5243280639278116	138.0	11	1.05	0.95				
	102	2	84.02906977298245	17.32558139649123	0.0	0.0	1	1.0428303300883621	-2.6539996171326026	138.0	12	1.05	0.95				
	103	1	155.93023256842105	32.052325583508775	0.0	0.0	1	1.0179043753225803	-3.6446767387668904	138.0	11	1.05	0.95				
	104	1	64.10465116701755	12.99418604736842	0.0	0.0	1	1.0204533725568388	-5.880421324254752	138.0	11	1.05	0.95				
	105	1	61.50581395754385	12.12790697754386	0.0	0.0	1	1.0345563866879401	-6.266401089482602	138.0	11	1.05	0.95				
	106	1	117.81395349614037	24.25581395508772	0.0	-100.0	1	1.0347325319155358	-9.155975339511242	138.0	12	1.05	0.95				
	107	2	108.28488372807017	21.656976745614035	0.0	0.0	1	1.05	-6.895975585826665	138.0	12	1.05	0.95				
	108	1	148.13372094	30.319767443859647	0.0	0.0	1	1.0221396848998323	-9.43741980213152	138.0	12	1.05	0.95				
	109	1	151.59883721929822	31.186046513684207	0.0	0.0	1	1.026916373889183	-5.811703819598729	138.0	13	1.05	0.95				
	110	1	168.92441861578945	34.65116279298246	0.0	0.0	1	1.05	-7.375359123320897	138.0	13	1.05	0.95				
	111	1	0.0	0.0	0.0	0.0	1	1.0180870084571132	-2.4169719635376947	230.0	13	1.05	0.95				
	112	1	0.0	0.0	0.0	0.0	1	1.0188519364653468	-1.4772628225698796	230.0	13	1.05	0.95				
	113	3	229.56395350350877	46.77906977052631	0.0	0.0	1	1.0227813113354827	-5.750309104480027e-29	230.0	14	1.05	0.95				
	114	2	168.0581395459649	33.7848837231579	0.0	0.0	1	1.0238656077879305	-0.36566557051664617	230.0	16	1.05	0.95				
	115	2	274.61046513438595	55.44186046877193	0.0	0.0	1	1.0425227005853137	8.391784723243992	230.0	16	1.05	0.95				
	116	2	86.62790698245614	17.32558139649123	0.0	0.0	1	1.0426086548892173	7.837407105625008	230.0	16	1.05	0.95				
	117	1	0.0	0.0	0.0	0.0	1	1.0458384359554447	11.8495692680977	230.0	17	1.05	0.95				
	118	2	288.4709302515789	58.906976748070186	0.0	0.0	1	1.05	12.44250001354254	230.0	17	1.05	0.95				
	119	1	156.79651163824562	32.052325583508775	0.0	0.0	1	1.0378976124133406	6.294486404155304	230.0	15	1.05	0.95				
	120	1	110.88372093754386	22.5232558154386	0.0	0.0	1	1.0416677891153263	6.445405554443092	230.0	15	1.05	0.95				
	121	2	0.0	0.0	0.0	0.0	1	1.05	13.246750817011531	230.0	17	1.05	0.95				
	122	2	0.0	0.0	0.0	0.0	1	1.05	23.685184119303212	230.0	17	1.05	0.95				
	123	2	0.0	0.0	0.0	0.0	1	1.046341764506533	7.161060972643656	230.0	15	1.05	0.95				
	124	1	0.0	0.0	0.0	0.0	1	1.0182129657353085	3.940956289415056	230.0	16	1.05	0.95				
	201	2	91.9181488926316	18.724067367017547	0.0	0.0	2	1.0454573118701602	-13.757912558654622	138.0	21	1.05	0.95				
	202	2	82.55611520912282	17.021879424561405	0.0	0.0	2	1.0479296903737612	-13.87245626040278	138.0	22	1.05	0.95				
	203	1	153.19691482105267	31.4904769354386	0.0	0.0	2	1.0259006338462944	-10.0175517433433	138.0	21	1.05	0.95				
	204	1	62.9809538708772	12.766409568421052	0.0	0.0	2	1.0210199165532157	-14.851152478687451	138.0	21	1.05	0.95				
	205	1	60.427671957192985	11.915315597192984	0.0	0.0	2	1.0369355328012906	-15.355675167254912	138.0	21	1.05	0.95				
	206	1	115.74878008701756	23.83063119438597	0.0	-100.0	2	1.0375683323593277	-17.053973862664478	138.0	22	1.05	0.95				
	207	2	106.38674640350878	21.277349280701756	0.0	0.0	2	0.95	-27.8674009748421	138.0	22	1.05	0.95				
	208	1	145.53706908	29.78828899298246	0.0	0.0	2	0.95521302596462	-24.341648368038538	138.0	22	1.05	0.95				
	209	1	148.9414449649123	30.639382964210533	0.0	0.0	2	1.0265548867743137	-12.228736666091208	138.0	23	1.05	0.95				
	210	1	165.9633243894737	34.04375884912281	0.0	0.0	2	1.05	-14.317621775687197	138.0	23	1.05	0.95				
	211	1	0.0	0.0	0.0	0.0	2	1.032684472980746	-7.281960812794347	230.0	23	1.05	0.95				
	212	1	0.0	0.0	0.0	0.0	2	1.0270449823785763	-3.450576731142414	230.0	23	1.05	0.95				
	213	2	225.53990237543863	45.9590744463158	0.0	0.0	2	1.05	-3.1381294526018286	230.0	24	1.05	0.95				
	214	2	165.11223041824564	33.19266487789474	0.0	0.0	2	1.05	-5.182787793266554	230.0	26	1.05	0.95				
	215	2	269.7967888792983	54.470014158596506	0.0	0.0	2	1.0452211804142835	3.1405237909275923	230.0	26	1.05	0.95				
	216	2	85.10939712280702	17.021879424561405	0.0	0.0	2	1.0493030243017922	3.0458492094376326	230.0	26	1.05	0.95				
	217	1	0.0	0.0	0.0	0.0	2	1.0497827254554215	6.2295784774717164	230.0	27	1.05	0.95				
	218	2	283.4142924189474	57.87439004350878	0.0	0.0	2	1.05	6.838860330516699	230.0	27	1.05	0.95				
	219	1	154.04800879228074	31.4904769354386	0.0	0.0	2	1.0432201181716056	2.5719617021793337	230.0	25	1.05	0.95				
	220	1	108.94002831719301	22.128443251929827	0.0	0.0	2	1.0457125565284562	3.7494767706397156	230.0	25	1.05	0.95				
	221	2	0.0	0.0	0.0	0.0	2	1.05	7.334899234167155	230.0	27	1.05	0.95				
	222	2	0.0	0.0	0.0	0.0	2	1.05	13.413247008026346	230.0	27	1.05	0.95				
	223	2	0.0	0.0	0.0	0.0	2	1.05	5.012013280714768	230.0	25	1.05	0.95				
	224	1	0.0	0.0	0.0	0.0	2	1.0212840118753186	-1.7516973920993384	230.0	26	1.05	0.95				
	301	2	76.1056627831579	15.503005381754384	0.0	0.0	3	1.0094312515612376	-17.010624411369836	138.0	31	1.05	0.95				
	302	2	68.3541600922807	14.093641256140351	0.0	0.0	3	1.0088801844124318	-17.167569547395914	138.0	32	1.05	0.95				
	303	1	126.84277130526316	26.07323632385965	0.0	0.0	3	1.021521652694475	-9.222117964203637	138.0	31	1.05	0.95				
	304	1	52.1464726477193	10.570230942105262	0.0	0.0	3	1.0044879809519942	-14.835608983236034	138.0	31	1.05	0.95				
	305	1	50.03242645929824	9.865548879298245	0.0	0.0	3	1.0192929879248522	-15.44887219138732	138.0	31	1.05	0.95				
	306	1	95.83676054175439	19.73109775859649	0.0	-100.0	3	1.0320462768862357	-15.340811802850801	138.0	32	1.05	0.95				
	307	2	88.08525785087718	17.617051570175438	0.0	0.0	3	0.9825105497369808	-22.518059707448074	138.0	32	1.05	0.95				
	308	1	120.50063274	24.663872198245613	0.0	0.0	3	0.9854074482146479	-19.135505647490735	138.0	32	1.05	0.95				
	309	1	123.31936099122807	25.36855426105263	0.0	0.0	3	1.0268648311862045	-10.053672140865807	138.0	33	1.05	0.95				
	310	1	137.4130022473684	28.187282512280703	0.0	0.0	3	1.05	-11.626610141304624	138.0	33	1.05	0.95				
	311	1	0.0	0.0	0.0	0.0	3	1.0239284275508207	-3.5403755865227358	230.0	33	1.05	0.95				
	312	1	0.0	0.0	0.0	0.0	3	1.023325976177449	-2.8404996530595263	230.0	33	1.05	0.95				
	313	2	186.7407466438596	38.05283139157895	0.0	0.0	3	1.0445781007984547	2.167036965130655	230.0	34	1.05	0.95				
	314	2	136.7083201845614	27.482600449473683	0.0	0.0	3	1.036486973729937	-1.4620386839275068	230.0	36	1.05	0.95				
	315	2	223.38421390982455	45.09965201964912	0.0	0.0	3	1.0470453269532312	1.2139192030636623	230.0	36	1.05	0.95				
	316	2	70.46820628070175	14.093641256140351	0.0	0.0	3	1.0462480446907938	1.732589528632977	230.0	36	1.05	0.95				
	317	1	0.0	0.0	0.0	0.0	3	1.05	4.361696974503263	230.0	37	1.05	0.95				
	318	2	234.65912691473685	47.91838027087719	0.0	0.0	3	1.0480114252403239	3.695855270973965	230.0	37	1.05	0.95				
	319	1	127.54745336807017	26.07323632385965	0.0	0.0	3	1.0439864441063638	1.925275445642213	230.0	35	1.05	0.95				
	320	1	90.19930403929824	18.321733632982458	0.0	0.0	3	1.0454632024857806	2.3678964415076575	230.0	35	1.05	0.95				
	321	2	0.0	0.0	0.0	0.0	3	1.05	4.500175650542713	230.0	37	1.05	0.95				
	322	2	0.0	0.0	0.0	0.0	3	1.05	9.693798479359593	230.0	37	1.05	0.95				
	323	2	0.0	0.0	0.0	0.0	3	1.0471095557751866	2.7280268913467274	230.0	35	1.05	0.95				
	324	1	0.0	0.0	0.0	0.0	3	1.0265567674195337	-1.099229494649595	230.0	36	1.05	0.95				
	325	1	0.0	0.0	0.0	0.0	3	1.0450496488552383	3.601624922856943	230.0	35	1.05	0.95				
];

%% generator data
%    bus    Pg    Qg    Qmax    Qmin    Vg    mBase    status    Pmax    Pmin    Pc1    Pc2    Qc1min    Qc1max    Qc2min    Qc2max    ramp_agc    ramp_10    ramp_30    ramp_q    apf
