%% MATPOWER Case Format : Version 2
function mpc = RTS_GMLC
mpc.version = '2';

%%-----  Power Flow Data  -----%%
%% system MVA base
mpc.baseMVA = 100.0;
%% bus data
%    bus_i    type    Pd    Qd    Gs    Bs    area    Vm    Va    baseKV    zone    Vmax    Vmin
mpc.bus = [
	101	2	55.65660563368421	11.337456703157894	0.0	0.0	1	1.0475406695048857	2.4892382816902723	138.0	11	1.05	0.95				
	102	2	49.98787728210526	10.306778821052632	0.0	0.0	1	1.0457843487110408	1.9970089397497477	138.0	12	1.05	0.95				
	103	1	92.76100938947368	19.067540818947368	0.0	0.0	1	1.0342659071770761	0.6918196110552334	138.0	11	1.05	0.95				
	104	1	38.135081637894736	7.730084115789474	0.0	0.0	1	1.0281617959677427	-1.2939180434465378	138.0	11	1.05	0.95				
	105	1	36.58906481473684	7.214745174736842	0.0	0.0	1	1.0410664184282585	-1.5808962059180052	138.0	11	1.05	0.95				
	106	1	70.08609598315789	14.429490349473683	0.0	-100.0	1	1.045414361100495	-4.461979429816828	138.0	12	1.05	0.95				
	107	2	64.41736763157894	12.88347352631579	0.0	0.0	1	0.9994493529721854	-10.986138139803076	138.0	12	1.05	0.95				
	108	1	88.12295891999999	18.036862936842105	0.0	0.0	1	1.0006628529472472	-9.455429715514029	138.0	12	1.05	0.95				
	109	1	90.18431468421052	18.552201877894735	0.0	0.0	1	1.025197914443195	-3.014038039175663	138.0	13	1.05	0.95				
	110	1	100.49109350526315	20.613557642105263	0.0	0.0	1	1.05	-4.1528111518496695	138.0	13	1.05	0.95				
	111	1	0.0	0.0	0.0	0.0	1	1.0064195271567267	-1.104148735208157	230.0	13	1.05	0.95				
	112	1	0.0	0.0	0.0	0.0	1	1.0100102501882346	-1.3241255540199222	230.0	13	1.05	0.95				
	113	3	136.56481937894736	27.828302816842104	0.0	0.0	1	1.000437519918467	-1.6173895449424545e-32	230.0	14	1.05	0.95				
	114	2	99.97575456421052	20.09821870105263	0.0	0.0	1	1.0050416041576196	0.5239903041882717	230.0	16	1.05	0.95				
	115	2	163.3624443136842	32.98169222736842	0.0	0.0	1	1.040310671197647	7.130567345705745	230.0	16	1.05	0.95				
	116	2	51.53389410526316	10.306778821052632	0.0	0.0	1	1.03543196994742	5.879919009820451	230.0	16	1.05	0.95				
	117	1	0.0	0.0	0.0	0.0	1	1.0428492499119166	9.671146796800867	230.0	17	1.05	0.95				
	118	2	171.60786737052632	35.043047991578945	0.0	0.0	1	1.0472366414872976	10.629255025362307	230.0	17	1.05	0.95				
	119	1	93.27634833052632	19.067540818947368	0.0	0.0	1	1.0241669853216961	3.5301626128029753	230.0	15	1.05	0.95				
	120	1	65.96338445473684	13.39881246736842	0.0	0.0	1	1.0183402820073533	1.9318764126528591	230.0	15	1.05	0.95				
	121	2	0.0	0.0	0.0	0.0	1	1.05	12.211042111347298	230.0	17	1.05	0.95				
	122	2	0.0	0.0	0.0	0.0	1	1.05	17.72666570812925	230.0	17	1.05	0.95				
	123	2	0.0	0.0	0.0	0.0	1	1.0161848883758196	1.4483969784610937	230.0	15	1.05	0.95				
	124	1	0.0	0.0	0.0	0.0	1	1.0293867847279652	4.713808811529041	230.0	16	1.05	0.95				
	201	2	52.971509520000005	10.790492680000002	0.0	0.0	2	1.0142671174741822	-11.96284784929422	138.0	21	1.05	0.95				
	202	2	47.57626318	9.8095388	0.0	0.0	2	1.0134834107174355	-12.203731788561775	138.0	22	1.05	0.95				
	203	1	88.28584920000002	18.147646780000002	0.0	0.0	2	1.013641374677122	-8.939322632884275	138.0	21	1.05	0.95				
	204	1	36.295293560000005	7.357154100000001	0.0	0.0	2	1.0111870897835027	-11.255948272320333	138.0	21	1.05	0.95				
	205	1	34.82386274	6.866677160000001	0.0	0.0	2	1.0258333265628319	-11.638599181264594	138.0	21	1.05	0.95				
	206	1	66.70486384	13.733354320000002	0.0	-100.0	2	1.0399938236904283	-12.039861027662333	138.0	22	1.05	0.95				
	207	2	61.3096175	12.2619235	0.0	0.0	2	0.9966418796662603	-18.057930396730665	138.0	22	1.05	0.95				
	208	1	83.87155674	17.1666929	0.0	0.0	2	0.9986754803745057	-15.775017522616746	138.0	22	1.05	0.95				
	209	1	85.8334645	17.65716984	0.0	0.0	2	1.0246330679648057	-8.46236632356309	138.0	23	1.05	0.95				
	210	1	95.6430033	19.6190776	0.0	0.0	2	1.05	-9.7389894603736	138.0	23	1.05	0.95				
	211	1	0.0	0.0	0.0	0.0	2	1.008926734427269	-5.541041698270362	230.0	23	1.05	0.95				
	212	1	0.0	0.0	0.0	0.0	2	1.013853977982983	-0.72615823198241	230.0	23	1.05	0.95				
	213	2	129.9763891	26.485754760000003	0.0	0.0	2	1.0085679330802164	-2.873083740707088	230.0	24	1.05	0.95				
	214	2	95.15252636	19.128600660000004	0.0	0.0	2	1.0090524693841532	-4.227030544858047	230.0	26	1.05	0.95				
	215	2	155.48118998	31.390524160000005	0.0	0.0	2	1.0241100734901551	0.755063191042653	230.0	26	1.05	0.95				
	216	2	49.047694	9.8095388	0.0	0.0	2	1.0241041381901954	0.6697980146781655	230.0	26	1.05	0.95				
	217	1	0.0	0.0	0.0	0.0	2	1.0279459502117896	1.450832371439003	230.0	27	1.05	0.95				
	218	2	163.32882102000002	33.35243192	0.0	0.0	2	1.0270666128445127	0.989854181492288	230.0	27	1.05	0.95				
	219	1	88.77632614000001	18.147646780000002	0.0	0.0	2	1.0235175783568475	1.2117131408054915	230.0	25	1.05	0.95				
	220	1	62.78104832000001	12.75240044	0.0	0.0	2	1.0268356592956784	2.6399295621238514	230.0	25	1.05	0.95				
	221	2	0.0	0.0	0.0	0.0	2	1.0294624298721669	1.7102689090189847	230.0	27	1.05	0.95				
	222	2	0.0	0.0	0.0	0.0	2	1.0499999876206292	8.099684994500626	230.0	27	1.05	0.95				
	223	2	0.0	0.0	0.0	0.0	2	1.0300307487325944	3.7951203035881798	230.0	25	1.05	0.95				
	224	1	0.0	0.0	0.0	0.0	2	1.0082556975590162	-2.874542922849765	230.0	26	1.05	0.95				
	301	2	68.11072446315791	13.874406835087719	0.0	0.0	3	0.9980277684946061	3.7637082503026122	138.0	31	1.05	0.95				
	302	2	61.17352104561403	12.613097122807018	0.0	0.0	3	0.9995024302272771	3.7255809879346904	138.0	32	1.05	0.95				
	303	1	113.51787410526318	23.334229677192983	0.0	0.0	3	1.0126857764200123	6.36740275724363	138.0	31	1.05	0.95				
	304	1	46.668459354385966	9.459822842105263	0.0	0.0	3	1.001839359245716	6.005617851854641	138.0	31	1.05	0.95				
	305	1	44.77649478596491	8.829167985964913	0.0	0.0	3	1.0139474056085997	6.035868507181678	138.0	31	1.05	0.95				
	306	1	85.76906043508772	17.658335971929827	0.0	-100.0	3	1.0317015396588085	6.59683311740029	138.0	32	1.05	0.95				
	307	2	78.83185701754385	15.766371403508773	0.0	0.0	3	0.9841698687758719	2.712906483840346	138.0	32	1.05	0.95				
	308	1	107.8419804	22.07291996491228	0.0	0.0	3	0.9963108334393861	5.552594777306382	138.0	32	1.05	0.95				
	309	1	110.3645998245614	22.70357482105263	0.0	0.0	3	1.0266285480133146	10.435536357695014	138.0	33	1.05	0.95				
	310	1	122.97769694736841	25.226194245614035	0.0	0.0	3	1.05	10.31548966623434	138.0	33	1.05	0.95				
	311	1	0.0	0.0	0.0	0.0	3	1.0172970245763695	16.891328432601604	230.0	33	1.05	0.95				
	312	1	0.0	0.0	0.0	0.0	3	1.0233419924834426	18.395355682454095	230.0	33	1.05	0.95				
	313	2	167.12353687719298	34.055362231578954	0.0	0.0	3	1.0485560241168894	26.281392758442365	230.0	34	1.05	0.95				
	314	2	122.34704209122806	24.595539389473686	0.0	0.0	3	1.0189395442997746	14.953833089649448	230.0	36	1.05	0.95				
	315	2	199.91758939649122	40.36191079298246	0.0	0.0	3	1.0342311023248816	8.590472673226326	230.0	36	1.05	0.95				
	316	2	63.06548561403509	12.613097122807018	0.0	0.0	3	1.0362886317201785	10.034997382683423	230.0	36	1.05	0.95				
	317	1	0.0	0.0	0.0	0.0	3	1.0381028342070178	8.872243081817206	230.0	37	1.05	0.95				
	318	2	210.00806709473684	42.88453021754386	0.0	0.0	3	1.0355632466055429	7.702826596859705	230.0	37	1.05	0.95				
	319	1	114.1485289614035	23.334229677192983	0.0	0.0	3	1.0368270661646595	13.21759074394452	230.0	35	1.05	0.95				
	320	1	80.72382158596491	16.397026259649124	0.0	0.0	3	1.0410168445975916	15.677187800719235	230.0	35	1.05	0.95				
	321	2	0.0	0.0	0.0	0.0	3	1.0370607946376156	8.564232663064747	230.0	37	1.05	0.95				
	322	2	0.0	0.0	0.0	0.0	3	1.0499999777629354	12.994072607194804	230.0	37	1.05	0.95				
	323	2	0.0	0.0	0.0	0.0	3	1.0434816862869105	16.602754442696604	230.0	35	1.05	0.95				
	324	1	0.0	0.0	0.0	0.0	3	1.0235423340515424	9.890141867391533	230.0	36	1.05	0.95				
	325	1	0.0	0.0	0.0	0.0	3	1.0454292103926763	16.234323089940737	230.0	35	1.05	0.95				
];
