%% MATPOWER Case Format : Version 2
function mpc = RTS_GMLC
mpc.version = '2';

%%-----  Power Flow Data  -----%%
%% system MVA base
mpc.baseMVA = 100.0;
%% bus data
%    bus_i    type    Pd    Qd    Gs    Bs    area    Vm    Va    baseKV    zone    Vmax    Vmin
mpc.bus = [
	101	2	48.215239995789474	9.821622962105263	0.0	0.0	1	1.0329283262875213	-0.006151964666838509	138.0	11	1.05	0.95				
	102	2	43.304428514736834	8.92874814736842	0.0	0.0	1	1.0320415197000041	-0.2623605654233207	138.0	12	1.05	0.95				
	103	1	80.35873332631579	16.518184072631577	0.0	0.0	1	1.0263579142306742	-1.3780144236681742	138.0	11	1.05	0.95				
	104	1	33.036368145263154	6.696561110526315	0.0	0.0	1	1.0206316919411815	-3.020358933609366	138.0	11	1.05	0.95				
	105	1	31.69705592315789	6.250123703157895	0.0	0.0	1	1.0355535367621083	-2.834287567267726	138.0	11	1.05	0.95				
	106	1	60.71548740210526	12.50024740631579	0.0	-100.0	1	1.0448998807622423	-4.907981355088675	138.0	12	1.05	0.95				
	107	2	55.80467592105263	11.160935184210526	0.0	0.0	1	1.00085448586687	-10.423303760493424	138.0	12	1.05	0.95				
	108	1	76.34079666	15.625309257894735	0.0	0.0	1	1.0038760271262024	-9.039298907180187	138.0	12	1.05	0.95				
	109	1	78.12654628947368	16.071746665263156	0.0	0.0	1	1.0245795038289351	-3.463225995518755	138.0	13	1.05	0.95				
	110	1	87.0552944368421	17.85749629473684	0.0	0.0	1	1.05	-4.2913115334930865	138.0	13	1.05	0.95				
	111	1	0.0	0.0	0.0	0.0	1	1.0040884654492648	-1.1894866897155856	230.0	13	1.05	0.95				
	112	1	0.0	0.0	0.0	0.0	1	1.0087778353445254	-0.8575549106018061	230.0	13	1.05	0.95				
	113	3	118.30591295263157	24.107619997894737	0.0	0.0	1	0.9985946644450354	-4.1767262252695805e-30	230.0	14	1.05	0.95				
	114	2	86.60885702947367	17.411058887368423	0.0	0.0	1	1.0008543314340628	0.5910012902832922	230.0	16	1.05	0.95				
	115	2	141.52065813578946	28.57199407157895	0.0	0.0	1	1.0337756534802645	5.999124214712032	230.0	16	1.05	0.95				
	116	2	44.643740736842105	8.92874814736842	0.0	0.0	1	1.0305809509376678	5.730502698839874	230.0	16	1.05	0.95				
	117	1	0.0	0.0	0.0	0.0	1	1.0376236869066753	8.234966115622072	230.0	17	1.05	0.95				
	118	2	148.6636566536842	30.35774370105263	0.0	0.0	1	1.0402560308717717	8.381791484787898	230.0	17	1.05	0.95				
	119	1	80.80517073368421	16.518184072631577	0.0	0.0	1	1.0242972349689103	4.518279408352591	230.0	15	1.05	0.95				
	120	1	57.1439881431579	11.607372591578947	0.0	0.0	1	1.0221393301125432	4.331955504346147	230.0	15	1.05	0.95				
	121	2	0.0	0.0	0.0	0.0	1	1.043451161946158	9.550421468795129	230.0	17	1.05	0.95				
	122	2	0.0	0.0	0.0	0.0	1	1.05	17.206215384964967	230.0	17	1.05	0.95				
	123	2	0.0	0.0	0.0	0.0	1	1.0215799270344612	4.576252259428516	230.0	15	1.05	0.95				
	124	1	0.0	0.0	0.0	0.0	1	1.0214776194928996	3.2320988335641467	230.0	16	1.05	0.95				
	201	2	43.85959389473685	8.934361719298247	0.0	0.0	2	1.0219839800495958	-10.295182937844658	138.0	21	1.05	0.95				
	202	2	39.39241303508772	8.122147017543861	0.0	0.0	2	1.022311660442675	-10.248258169534223	138.0	22	1.05	0.95				
	203	1	73.09932315789474	15.02597198245614	0.0	0.0	2	1.0170298694793274	-8.963707020092015	138.0	21	1.05	0.95				
	204	1	30.05194396491228	6.091610263157895	0.0	0.0	2	1.0165473097879718	-11.2584685160531	138.0	21	1.05	0.95				
	205	1	28.833621912280705	5.685502912280703	0.0	0.0	2	1.0311545261168311	-11.53678221953653	138.0	21	1.05	0.95				
	206	1	55.230599719298255	11.371005824561406	0.0	-100.0	2	1.0443836813388259	-12.643371717923753	138.0	22	1.05	0.95				
	207	2	50.76341885964912	10.152683771929825	0.0	0.0	2	0.9938634607156512	-18.19907650216906	138.0	22	1.05	0.95				
	208	1	69.444357	14.213757280701756	0.0	0.0	2	1.0002862072320915	-16.380267171592294	138.0	22	1.05	0.95				
	209	1	71.06878640350878	14.619864631578949	0.0	0.0	2	1.0230103575258473	-10.406109260949233	138.0	23	1.05	0.95				
	210	1	79.19093342105263	16.244294035087723	0.0	0.0	2	1.05	-11.485892641817468	138.0	23	1.05	0.95				
	211	1	0.0	0.0	0.0	0.0	2	1.0042652035582624	-7.665763255139606	230.0	23	1.05	0.95				
	212	1	0.0	0.0	0.0	0.0	2	1.0070699089228046	-6.810163658112472	230.0	23	1.05	0.95				
	213	2	107.61844798245615	21.929796947368423	0.0	0.0	2	0.9989194110076177	-6.334808552932755	230.0	24	1.05	0.95				
	214	2	78.78482607017544	15.838186684210529	0.0	0.0	2	1.0037549238036436	-5.422011455886414	230.0	26	1.05	0.95				
	215	2	128.73603022807018	25.990870456140353	0.0	0.0	2	1.0219610046608962	0.241375006956505	230.0	26	1.05	0.95				
	216	2	40.6107350877193	8.122147017543861	0.0	0.0	2	1.022826998821115	0.20769402648597998	230.0	26	1.05	0.95				
	217	1	0.0	0.0	0.0	0.0	2	1.0278890827796996	1.7933442157628086	230.0	27	1.05	0.95				
	218	2	135.23374784210526	27.615299859649127	0.0	0.0	2	1.0271152737659581	1.2659343117685937	230.0	27	1.05	0.95				
	219	1	73.50543050877194	15.02597198245614	0.0	0.0	2	1.0230590787739764	0.27145205109172943	230.0	25	1.05	0.95				
	220	1	51.981740912280706	10.558791122807019	0.0	0.0	2	1.0259037205444834	1.1241660082331375	230.0	25	1.05	0.95				
	221	2	0.0	0.0	0.0	0.0	2	1.028899276306419	1.729322261332986	230.0	27	1.05	0.95				
	222	2	0.0	0.0	0.0	0.0	2	1.0499999838931209	8.245390727889783	230.0	27	1.05	0.95				
	223	2	0.0	0.0	0.0	0.0	2	1.0281580968929094	1.9035357566416466	230.0	25	1.05	0.95				
	224	1	0.0	0.0	0.0	0.0	2	1.00876464173583	-3.2240642419698395	230.0	26	1.05	0.95				
	301	2	45.73173046736842	9.315722872982455	0.0	0.0	3	1.0095213857466827	-9.35571581782207	138.0	31	1.05	0.95				
	302	2	41.07386903087719	8.468838975438597	0.0	0.0	3	1.009343496049026	-9.492995900418137	138.0	32	1.05	0.95				
	303	1	76.21955077894737	15.667352104561402	0.0	0.0	3	1.034759157632198	-1.9563056742915625	138.0	31	1.05	0.95				
	304	1	31.334704209122805	6.351629231578946	0.0	0.0	3	1.0132525202587412	-7.597390803588819	138.0	31	1.05	0.95				
	305	1	30.064378362807016	5.928187282807018	0.0	0.0	3	1.0245162385855007	-9.521015098677383	138.0	31	1.05	0.95				
	306	1	57.58810503298246	11.856374565614036	0.0	-100.0	3	1.0409390018093396	-10.108221919244562	138.0	32	1.05	0.95				
	307	2	52.93024359649122	10.586048719298246	0.0	0.0	3	0.99293054579277	-13.859564666171824	138.0	32	1.05	0.95				
	308	1	72.40857324	14.820468207017543	0.0	0.0	3	1.0003678497556125	-11.972247836477187	138.0	32	1.05	0.95				
	309	1	74.10234103508772	15.243910155789472	0.0	0.0	3	1.0301735332435271	-4.333223297877274	138.0	33	1.05	0.95				
	310	1	82.57118001052632	16.937677950877195	0.0	0.0	3	1.05	-8.320861726490513	138.0	33	1.05	0.95				
	311	1	0.0	0.0	0.0	0.0	3	1.0070502960558214	-3.551723797206399	230.0	33	1.05	0.95				
	312	1	0.0	0.0	0.0	0.0	3	1.0125357473565977	-3.0109570471556926	230.0	33	1.05	0.95				
	313	2	112.21211642456139	22.86586523368421	0.0	0.0	3	1.0089929446094488	-0.6902136535750936	230.0	34	1.05	0.95				
	314	2	82.14773806175438	16.51423600210526	0.0	0.0	3	0.9990453442515462	-3.1406089425975066	230.0	36	1.05	0.95				
	315	2	134.23109776070174	27.100284721403504	0.0	0.0	3	1.027715695288748	-0.011985081394547821	230.0	36	1.05	0.95				
	316	2	42.34419487719298	8.468838975438597	0.0	0.0	3	1.0251240747896777	-0.03515931353210219	230.0	36	1.05	0.95				
	317	1	0.0	0.0	0.0	0.0	3	1.0368454705975996	3.7087960399263302	230.0	37	1.05	0.95				
	318	2	141.00616894105264	28.79405251649123	0.0	0.0	3	1.0344149048026827	2.3614540774346446	230.0	37	1.05	0.95				
	319	1	76.64299272771929	15.667352104561402	0.0	0.0	3	1.0191834993887572	-0.6179747937732444	230.0	35	1.05	0.95				
	320	1	54.20056944280701	11.009490668070175	0.0	0.0	3	1.016895954958258	-0.2888519339061226	230.0	35	1.05	0.95				
	321	2	0.0	0.0	0.0	0.0	3	1.03459171590731	2.156366185618176	230.0	37	1.05	0.95				
	322	2	0.0	0.0	0.0	0.0	3	1.0493443374742115	7.077012254185095	230.0	37	1.05	0.95				
	323	2	0.0	0.0	0.0	0.0	3	1.0162698454327592	0.22621734477926161	230.0	35	1.05	0.95				
	324	1	0.0	0.0	0.0	0.0	3	1.0253041521913537	-0.7520479007583983	230.0	36	1.05	0.95				
	325	1	0.0	0.0	0.0	0.0	3	1.0167398637850833	1.0322445074134285	230.0	35	1.05	0.95				
];
