%% MATPOWER Case Format : Version 2
function mpc = RTS_GMLC
mpc.version = '2';

%%-----  Power Flow Data  -----%%
%% system MVA base
mpc.baseMVA = 100.0;
%% bus data
%    bus_i    type    Pd    Qd    Gs    Bs    area    Vm    Va    baseKV    zone    Vmax    Vmin
mpc.bus = [
	101	2	44.67491340631579	9.10044532350877	0.0	0.0	1	1.0382524474713581	2.3634797771920555	138.0	11	1.05	0.95				
	102	2	40.1246907445614	8.2731321122807	0.0	0.0	1	1.0358096623408823	1.7123058516789222	138.0	12	1.05	0.95				
	103	1	74.45818901052631	15.305294407719297	0.0	0.0	1	1.0325859850692214	0.9072481550921156	138.0	11	1.05	0.95				
	104	1	30.610588815438593	6.204849084210526	0.0	0.0	1	1.0259250109971658	-0.8870499664752912	138.0	11	1.05	0.95				
	105	1	29.369618998596486	5.791192478596492	0.0	0.0	1	1.0381088487109058	-1.1905510487269815	138.0	11	1.05	0.95				
	106	1	56.25729836350877	11.582384957192984	0.0	-100.0	1	1.046324571059029	-3.7354791805013905	138.0	12	1.05	0.95				
	107	2	51.70707570175438	10.341415140350877	0.0	0.0	1	1.0008051923526262	-10.65175752869153	138.0	12	1.05	0.95				
	108	1	70.73527956	14.477981196491227	0.0	0.0	1	1.004278872052801	-8.681803701634093	138.0	12	1.05	0.95				
	109	1	72.38990598245614	14.891637802105262	0.0	0.0	1	1.024882636638321	-2.479750782269948	138.0	13	1.05	0.95				
	110	1	80.66303809473683	16.5462642245614	0.0	0.0	1	1.05	-3.5105022807054036	138.0	13	1.05	0.95				
	111	1	0.0	0.0	0.0	0.0	1	1.0029547850628575	-0.8159412351918808	230.0	13	1.05	0.95				
	112	1	0.0	0.0	0.0	0.0	1	1.0081630060969689	-1.1576558775071681	230.0	13	1.05	0.95				
	113	3	109.61900048771929	22.337456703157894	0.0	0.0	1	0.9962085362753167	-6.468715959143215e-28	230.0	14	1.05	0.95				
	114	2	80.2493814891228	16.132607618947368	0.0	0.0	1	0.9980914149523252	0.7916782335992061	230.0	16	1.05	0.95				
	115	2	131.1291439796491	26.474022759298244	0.0	0.0	1	1.034630962771143	6.623845772088786	230.0	16	1.05	0.95				
	116	2	41.36566056140351	8.2731321122807	0.0	0.0	1	1.0300176092459687	5.462453461605467	230.0	16	1.05	0.95				
	117	1	0.0	0.0	0.0	0.0	1	1.0382421236395247	8.898311016599902	230.0	17	1.05	0.95				
	118	2	137.74764966947367	28.128649181754383	0.0	0.0	1	1.0420692469518908	9.667992546764498	230.0	17	1.05	0.95				
	119	1	74.87184561614035	15.305294407719297	0.0	0.0	1	1.0201437744572286	3.1534091044733645	230.0	15	1.05	0.95				
	120	1	52.94804551859649	10.755071745964912	0.0	0.0	1	1.014689715549586	1.564695693741949	230.0	15	1.05	0.95				
	121	2	0.0	0.0	0.0	0.0	1	1.0447921465826762	11.032090341134081	230.0	17	1.05	0.95				
	122	2	0.0	0.0	0.0	0.0	1	1.05	16.9020406809855	230.0	17	1.05	0.95				
	123	2	0.0	0.0	0.0	0.0	1	1.0122836679330578	1.0117537248181114	230.0	15	1.05	0.95				
	124	1	0.0	0.0	0.0	0.0	1	1.025920005668147	4.469260322154127	230.0	16	1.05	0.95				
	201	2	48.14355421894738	9.80702030385965	0.0	0.0	2	1.0149989525050453	-15.292811601400663	138.0	21	1.05	0.95				
	202	2	43.24004406701755	8.915473003508772	0.0	0.0	2	1.0141241190446109	-15.57518478943406	138.0	22	1.05	0.95				
	203	1	80.23925703157896	16.49362505649123	0.0	0.0	2	1.0143222946698502	-11.087954763401939	138.0	21	1.05	0.95				
	204	1	32.98725011298246	6.686604752631579	0.0	0.0	2	1.0118221815868982	-14.942515118876292	138.0	21	1.05	0.95				
	205	1	31.649929162456143	6.240831102456141	0.0	0.0	2	1.0269924738506535	-15.41585274492967	138.0	21	1.05	0.95				
	206	1	60.62521642385966	12.481662204912283	0.0	-100.0	2	1.0414719066759734	-16.031242675198577	138.0	22	1.05	0.95				
	207	2	55.721706271929826	11.144341254385965	0.0	0.0	2	0.9966893554513931	-21.41820090896984	138.0	22	1.05	0.95				
	208	1	76.22729418	15.60207775614035	0.0	0.0	2	1.000311212614342	-19.374878913978666	138.0	22	1.05	0.95				
	209	1	78.01038878070176	16.04785140631579	0.0	0.0	2	1.0232670725507094	-12.582440910441996	138.0	23	1.05	0.95				
	210	1	86.92586178421054	17.830946007017545	0.0	0.0	2	1.05	-14.10667969430915	138.0	23	1.05	0.95				
	211	1	0.0	0.0	0.0	0.0	2	1.0068091904093377	-9.719608019296881	230.0	23	1.05	0.95				
	212	1	0.0	0.0	0.0	0.0	2	1.010082389446635	-7.14522664634632	230.0	23	1.05	0.95				
	213	2	118.13001729649125	24.07177710947369	0.0	0.0	2	1.0031688341057448	-7.958154404261365	230.0	24	1.05	0.95				
	214	2	86.4800881340351	17.38517235684211	0.0	0.0	2	1.0084140963847106	-7.529746540304037	230.0	26	1.05	0.95				
	215	2	141.31024710561405	28.529513611228076	0.0	0.0	2	1.0220733846500738	-1.024763873448617	230.0	26	1.05	0.95				
	216	2	44.57736501754386	8.915473003508772	0.0	0.0	2	1.0220211050060393	-1.6712829609884394	230.0	26	1.05	0.95				
	217	1	0.0	0.0	0.0	0.0	2	1.0258215078868782	-0.29576378247063284	230.0	27	1.05	0.95				
	218	2	148.44262550842106	30.31260821192983	0.0	0.0	2	1.0253472640031251	-0.6867701207740391	230.0	27	1.05	0.95				
	219	1	80.6850306817544	16.49362505649123	0.0	0.0	2	1.0205195802395115	-2.09845300532418	230.0	25	1.05	0.95				
	220	1	57.05902722245615	11.590114904561405	0.0	0.0	2	1.022329853641285	-1.59097849776958	230.0	25	1.05	0.95				
	221	2	0.0	0.0	0.0	0.0	2	1.0277754652042894	-0.0019110730790083688	230.0	27	1.05	0.95				
	222	2	0.0	0.0	0.0	0.0	2	1.0493149862430888	6.38144003728756	230.0	27	1.05	0.95				
	223	2	0.0	0.0	0.0	0.0	2	1.0240986634605855	-0.9680446672708631	230.0	25	1.05	0.95				
	224	1	0.0	0.0	0.0	0.0	2	1.0068264439787944	-4.803411177352848	230.0	26	1.05	0.95				
	301	2	60.14995253052632	12.252768108070175	0.0	0.0	3	0.9982131077289236	-2.898761765279396	138.0	31	1.05	0.95				
	302	2	54.02356847649122	11.138880098245615	0.0	0.0	3	0.9981005669492583	-2.9421439212329776	138.0	32	1.05	0.95				
	303	1	100.24992088421052	20.606928181754387	0.0	0.0	3	1.0142166214902357	0.2143302533832041	138.0	31	1.05	0.95				
	304	1	41.213856363508775	8.35416007368421	0.0	0.0	3	1.0028826205187942	-1.0461610171408426	138.0	31	1.05	0.95				
	305	1	39.54302434877193	7.79721606877193	0.0	0.0	3	1.0156971335277345	-1.1277264524587292	138.0	31	1.05	0.95				
	306	1	75.74438466807017	15.59443213754386	0.0	-100.0	3	1.0338680430411613	-0.7753462653990061	138.0	32	1.05	0.95				
	307	2	69.6180006140351	13.923600122807017	0.0	0.0	3	0.9917695997408992	-5.462652100522036	138.0	32	1.05	0.95				
	308	1	95.23742483999999	19.493040171929824	0.0	0.0	3	0.9990435507131296	-2.9319221845495083	138.0	32	1.05	0.95				
	309	1	97.46520085964912	20.049984176842102	0.0	0.0	3	1.0260464007725498	2.7745836337836605	138.0	33	1.05	0.95				
	310	1	108.60408095789474	22.27776019649123	0.0	0.0	3	1.05	2.41912336705637	138.0	33	1.05	0.95				
	311	1	0.0	0.0	0.0	0.0	3	1.0133462559143953	8.318357585345437	230.0	33	1.05	0.95				
	312	1	0.0	0.0	0.0	0.0	3	1.0180331412406944	9.47092647049309	230.0	33	1.05	0.95				
	313	2	147.59016130175436	30.07497626526316	0.0	0.0	3	1.0316497900648942	15.435364393750337	230.0	34	1.05	0.95				
	314	2	108.04713695298244	21.720816191578947	0.0	0.0	3	1.013737858891207	7.746342088729195	230.0	36	1.05	0.95				
	315	2	176.55124955719296	35.644416314385964	0.0	0.0	3	1.0274874274563062	3.5660654039765896	230.0	36	1.05	0.95				
	316	2	55.694400491228066	11.138880098245615	0.0	0.0	3	1.0282526723585939	4.720476505627692	230.0	36	1.05	0.95				
	317	1	0.0	0.0	0.0	0.0	3	1.0326101203920373	4.470252425103768	230.0	37	1.05	0.95				
	318	2	185.46235363578947	37.872192334035084	0.0	0.0	3	1.0300461809520978	3.2387028566045126	230.0	37	1.05	0.95				
	319	1	100.8068648891228	20.606928181754387	0.0	0.0	3	1.0282194205115252	7.3313140643255394	230.0	35	1.05	0.95				
	320	1	71.28883262877193	14.480544127719297	0.0	0.0	3	1.0301352457893962	9.11153303163154	230.0	35	1.05	0.95				
	321	2	0.0	0.0	0.0	0.0	3	1.0312592612240796	3.923215527944538	230.0	37	1.05	0.95				
	322	2	0.0	0.0	0.0	0.0	3	1.0451650286324408	8.48493953156975	230.0	37	1.05	0.95				
	323	2	0.0	0.0	0.0	0.0	3	1.0313197324325363	9.876810827569086	230.0	35	1.05	0.95				
	324	1	0.0	0.0	0.0	0.0	3	1.0191109327835286	4.331275626465689	230.0	36	1.05	0.95				
	325	1	0.0	0.0	0.0	0.0	3	1.033097776404305	9.98131908239559	230.0	35	1.05	0.95				
];
