%% MATPOWER Case Format : Version 2
function mpc = RTS_GMLC
mpc.version = '2';

%%-----  Power Flow Data  -----%%
%% system MVA base
mpc.baseMVA = 100.0;
%% bus data
%    bus_i    type    Pd    Qd    Gs    Bs    area    Vm    Va    baseKV    zone    Vmax    Vmin
mpc.bus = [
	101	2	47.520534391578956	9.68010885754386	0.0	0.0	1	1.03502906670883	1.1618112829063967	138.0	11	1.05	0.95				
	102	2	42.68047996280702	8.80009896140351	0.0	0.0	1	1.032749734470505	0.555517743793976	138.0	12	1.05	0.95				
	103	1	79.20089065263159	16.280183078596494	0.0	0.0	1	1.033983804062618	0.9838214297355122	138.0	11	1.05	0.95				
	104	1	32.56036615719299	6.6000742210526315	0.0	0.0	1	1.0243468162560458	-1.6195169799711202	138.0	11	1.05	0.95				
	105	1	31.240351312982455	6.160069272982457	0.0	0.0	1	1.0364167148866938	-2.0636974165729485	138.0	11	1.05	0.95				
	106	1	59.84067293754387	12.320138545964914	0.0	-100.0	1	1.0450915032805677	-4.435244057256731	138.0	12	1.05	0.95				
	107	2	55.000618508771936	11.000123701754386	0.0	0.0	1	1.0001619562377473	-10.456993266486952	138.0	12	1.05	0.95				
	108	1	75.24084612	15.400173182456141	0.0	0.0	1	1.0034882908209393	-8.796968297942708	138.0	12	1.05	0.95				
	109	1	77.00086591228072	15.840178130526317	0.0	0.0	1	1.0252593389070106	-2.6875087543117018	138.0	13	1.05	0.95				
	110	1	85.80096487368422	17.60019792280702	0.0	0.0	1	1.05	-3.953071231529294	138.0	13	1.05	0.95				
	111	1	0.0	0.0	0.0	0.0	1	1.0048257901027338	-0.7715878867156912	230.0	13	1.05	0.95				
	112	1	0.0	0.0	0.0	0.0	1	1.0087870438709916	-1.2138556538175709	230.0	13	1.05	0.95				
	113	3	116.6013112385965	23.760267195789478	0.0	0.0	1	0.9974866333077124	-5.539165619299903e-30	230.0	14	1.05	0.95				
	114	2	85.36095992561404	17.160192974736844	0.0	0.0	1	1.0032938829093232	1.2318416964502021	230.0	16	1.05	0.95				
	115	2	139.48156853824563	28.16031667649123	0.0	0.0	1	1.0400708648844614	7.893508861778684	230.0	16	1.05	0.95				
	116	2	44.000494807017546	8.80009896140351	0.0	0.0	1	1.03538050699263	6.611916176118471	230.0	16	1.05	0.95				
	117	1	0.0	0.0	0.0	0.0	1	1.0426113595544986	10.533301707543115	230.0	17	1.05	0.95				
	118	2	146.52164770736843	29.920336468771936	0.0	0.0	1	1.0474048225743278	11.389769691696378	230.0	17	1.05	0.95				
	119	1	79.64089560070177	16.280183078596494	0.0	0.0	1	1.0237939612377076	4.023339415577763	230.0	15	1.05	0.95				
	120	1	56.32063335298246	11.440128649824564	0.0	0.0	1	1.0173275945725042	2.149986186812008	230.0	15	1.05	0.95				
	121	2	0.0	0.0	0.0	0.0	1	1.0499999920870127	12.78397710282761	230.0	17	1.05	0.95				
	122	2	0.0	0.0	0.0	0.0	1	1.05	19.87770636235821	230.0	17	1.05	0.95				
	123	2	0.0	0.0	0.0	0.0	1	1.0145596552689695	1.4565362184497261	230.0	15	1.05	0.95				
	124	1	0.0	0.0	0.0	0.0	1	1.028680399957661	5.298842894084684	230.0	16	1.05	0.95				
	201	2	45.89957501052632	9.349913428070176	0.0	0.0	2	1.0156275529768786	-12.956403505803513	138.0	21	1.05	0.95				
	202	2	41.22461829649123	8.499921298245615	0.0	0.0	2	1.0147924678037885	-13.210629670837111	138.0	22	1.05	0.95				
	203	1	76.49929168421052	15.724854401754385	0.0	0.0	2	1.0144134000691842	-9.768951023494415	138.0	21	1.05	0.95				
	204	1	31.44970880350877	6.374940973684211	0.0	0.0	2	1.0126834456102063	-12.588470211310325	138.0	21	1.05	0.95				
	205	1	30.174720608771928	5.949944908771931	0.0	0.0	2	1.0275896382698477	-12.96516958755735	138.0	21	1.05	0.95				
	206	1	57.79946482807018	11.899889817543862	0.0	-100.0	2	1.0422394506221964	-13.49680146274094	138.0	22	1.05	0.95				
	207	2	53.12450811403509	10.624901622807018	0.0	0.0	2	0.9979533664383539	-18.62678703586435	138.0	22	1.05	0.95				
	208	1	72.6743271	14.874862271929823	0.0	0.0	2	1.0019668513712616	-16.69343224707613	138.0	22	1.05	0.95				
	209	1	74.37431135964913	15.299858336842103	0.0	0.0	2	1.0234710088453947	-10.322368727168646	138.0	23	1.05	0.95				
	210	1	82.87423265789474	16.99984259649123	0.0	0.0	2	1.05	-11.607731307831918	138.0	23	1.05	0.95				
	211	1	0.0	0.0	0.0	0.0	2	1.0042468258102197	-8.038276533810032	230.0	23	1.05	0.95				
	212	1	0.0	0.0	0.0	0.0	2	1.009857001664694	-4.120945455479577	230.0	23	1.05	0.95				
	213	2	112.62395720175438	22.94978750526316	0.0	0.0	2	0.9981796412455685	-6.375382401717533	230.0	24	1.05	0.95				
	214	2	82.44923659298246	16.57484653157895	0.0	0.0	2	1.0030006283034343	-6.432757233679013	230.0	26	1.05	0.95				
	215	2	134.72375257719298	27.199748154385965	0.0	0.0	2	1.0193804302247613	-0.7554278380298334	230.0	26	1.05	0.95				
	216	2	42.49960649122807	8.499921298245615	0.0	0.0	2	1.0183026682136829	-1.5328768302599378	230.0	26	1.05	0.95				
	217	1	0.0	0.0	0.0	0.0	2	1.0236276627316236	-0.01863897365375834	230.0	27	1.05	0.95				
	218	2	141.52368961578946	28.89973241403509	0.0	0.0	2	1.0232126647118498	-0.3752809553275544	230.0	27	1.05	0.95				
	219	1	76.92428774912281	15.724854401754385	0.0	0.0	2	1.0143344617355194	-2.671403881296314	230.0	25	1.05	0.95				
	220	1	54.39949630877193	11.049897687719298	0.0	0.0	2	1.0139738025835432	-2.815327057751637	230.0	25	1.05	0.95				
	221	2	0.0	0.0	0.0	0.0	2	1.0254681394257168	0.2974756764519726	230.0	27	1.05	0.95				
	222	2	0.0	0.0	0.0	0.0	2	1.0471726123544622	6.699116641280534	230.0	27	1.05	0.95				
	223	2	0.0	0.0	0.0	0.0	2	1.0143360308954628	-2.5592699858275245	230.0	25	1.05	0.95				
	224	1	0.0	0.0	0.0	0.0	2	1.006413510484651	-4.148346461453611	230.0	26	1.05	0.95				
	301	2	67.92280923789475	13.8361278077193	0.0	0.0	3	0.9955756292085908	-1.8221423405153367	138.0	31	1.05	0.95				
	302	2	61.00474533403509	12.578298007017546	0.0	0.0	3	0.9954935565963063	-1.8705871931834057	138.0	32	1.05	0.95				
	303	1	113.2046820631579	23.26985131298246	0.0	0.0	3	1.0144905445350771	1.722831870152107	138.0	31	1.05	0.95				
	304	1	46.53970262596492	9.433723505263158	0.0	0.0	3	1.0005105239408307	0.32357425952227903	138.0	31	1.05	0.95				
	305	1	44.652957924912286	8.804808604912283	0.0	0.0	3	1.0129650721058738	0.20514476525941638	138.0	31	1.05	0.95				
	306	1	85.53242644771932	17.609617209824567	0.0	-100.0	3	1.0308955485467173	0.6331534468044808	138.0	32	1.05	0.95				
	307	2	78.61436254385966	15.722872508771932	0.0	0.0	3	0.9909019628529532	-4.123548412853483	138.0	32	1.05	0.95				
	308	1	107.54444796	22.012021512280704	0.0	0.0	3	0.9981317537969484	-1.2430554697117342	138.0	32	1.05	0.95				
	309	1	110.06010756140353	22.640936412631582	0.0	0.0	3	1.0273056050242555	4.67125283775008	138.0	33	1.05	0.95				
	310	1	122.63840556842108	25.15659601403509	0.0	0.0	3	1.05	4.234449568412813	138.0	33	1.05	0.95				
	311	1	0.0	0.0	0.0	0.0	3	1.0188360179774751	10.917272593164814	230.0	33	1.05	0.95				
	312	1	0.0	0.0	0.0	0.0	3	1.0231986809954172	12.27644638236433	230.0	33	1.05	0.95				
	313	2	166.66244859298246	33.96140461894738	0.0	0.0	3	1.0458712990698658	19.195564215433677	230.0	34	1.05	0.95				
	314	2	122.00949066807019	24.527681113684213	0.0	0.0	3	1.021917040645042	9.938650139871022	230.0	36	1.05	0.95				
	315	2	199.3660234112281	40.250553622456145	0.0	0.0	3	1.0343500640035275	5.367076469983576	230.0	36	1.05	0.95				
	316	2	62.89149003508773	12.578298007017546	0.0	0.0	3	1.0360339414407966	6.761684275711431	230.0	36	1.05	0.95				
	317	1	0.0	0.0	0.0	0.0	3	1.0404517232607844	6.8371114756866005	230.0	37	1.05	0.95				
	318	2	209.42866181684212	42.76621322385966	0.0	0.0	3	1.0365214297614205	5.024926337306925	230.0	37	1.05	0.95				
	319	1	113.83359696350878	23.26985131298246	0.0	0.0	3	1.0358822236645076	9.416836439425905	230.0	35	1.05	0.95				
	320	1	80.50110724491229	16.35178740912281	0.0	0.0	3	1.039056854140887	11.523121690458535	230.0	35	1.05	0.95				
	321	2	0.0	0.0	0.0	0.0	3	1.0376822347038412	5.736269686028314	230.0	37	1.05	0.95				
	322	2	0.0	0.0	0.0	0.0	3	1.0499999985644568	10.482296242897645	230.0	37	1.05	0.95				
	323	2	0.0	0.0	0.0	0.0	3	1.041099556318251	12.390774237647934	230.0	35	1.05	0.95				
	324	1	0.0	0.0	0.0	0.0	3	1.0231612083185182	5.955472585726179	230.0	36	1.05	0.95				
	325	1	0.0	0.0	0.0	0.0	3	1.0426480739003423	12.428132463198763	230.0	35	1.05	0.95				
];
