%% MATPOWER Case Format : Version 2
function mpc = RTS_GMLC
mpc.version = '2';

%%-----  Power Flow Data  -----%%
%% system MVA base
mpc.baseMVA = 100.0;
%% bus data
%    bus_i    type    Pd    Qd    Gs    Bs    area    Vm    Va    baseKV    zone    Vmax    Vmin
mpc.bus = [
	101	2	40.76051460631579	8.303067790175438	0.0	0.0	1	1.0429533075697124	4.4428101057964104	138.0	11	1.05	0.95				
	102	2	36.60898071122807	7.548243445614035	0.0	0.0	1	1.04033867898983	3.758917957379747	138.0	12	1.05	0.95				
	103	1	67.93419101052632	13.964250374385964	0.0	0.0	1	1.033829800294339	2.21072432081823	138.0	11	1.05	0.95				
	104	1	27.928500748771928	5.6611825842105254	0.0	0.0	1	1.0282605661985802	0.8469266841535248	138.0	11	1.05	0.95				
	105	1	26.796264231929822	5.283770411929824	0.0	0.0	1	1.040710884880579	0.6430109555372937	138.0	11	1.05	0.95				
	106	1	51.32805543017543	10.567540823859648	0.0	-100.0	1	1.0482155678265823	-2.022626355738364	138.0	12	1.05	0.95				
	107	2	47.176521535087716	9.435304307017542	0.0	0.0	1	1.001352988520799	-8.116329057427121	138.0	12	1.05	0.95				
	108	1	64.53748146	13.20942602982456	0.0	0.0	1	1.0062123239820373	-6.533628673587496	138.0	12	1.05	0.95				
	109	1	66.04713014912281	13.58683820210526	0.0	0.0	1	1.0244874123220775	-1.1887588564297802	138.0	13	1.05	0.95				
	110	1	73.59537359473684	15.09648689122807	0.0	0.0	1	1.05	-2.0616732491795693	138.0	13	1.05	0.95				
	111	1	0.0	0.0	0.0	0.0	1	1.0010112218840719	-0.13348289870399557	230.0	13	1.05	0.95				
	112	1	0.0	0.0	0.0	0.0	1	1.0059773674804802	-0.4088108341467143	230.0	13	1.05	0.95				
	113	3	100.01422565438595	20.380257303157894	0.0	0.0	1	0.9907119074989164	1.0977855651267353e-26	230.0	14	1.05	0.95				
	114	2	73.21796142245614	14.719074718947367	0.0	0.0	1	0.9957498441291885	1.3847495974029216	230.0	16	1.05	0.95				
	115	2	119.63965861298244	24.15437902596491	0.0	0.0	1	1.0327412456701688	6.69309751317754	230.0	16	1.05	0.95				
	116	2	37.74121722807017	7.548243445614035	0.0	0.0	1	1.0275714640320959	5.706221976260781	230.0	16	1.05	0.95				
	117	1	0.0	0.0	0.0	0.0	1	1.0370021073095366	8.788940048590295	230.0	17	1.05	0.95				
	118	2	125.67825336947367	25.664027715087716	0.0	0.0	1	1.0408563824116572	9.427517861430315	230.0	17	1.05	0.95				
	119	1	68.31160318280702	13.964250374385964	0.0	0.0	1	1.0178572854912924	3.755930540677703	230.0	15	1.05	0.95				
	120	1	48.30875805192982	9.812716479298246	0.0	0.0	1	1.0116382735477303	2.3345351702657693	230.0	15	1.05	0.95				
	121	2	0.0	0.0	0.0	0.0	1	1.0438704349752361	10.474954577589608	230.0	17	1.05	0.95				
	122	2	0.0	0.0	0.0	0.0	1	1.05	16.336188974225408	230.0	17	1.05	0.95				
	123	2	0.0	0.0	0.0	0.0	1	1.0086143001064716	1.8478891766843963	230.0	15	1.05	0.95				
	124	1	0.0	0.0	0.0	0.0	1	1.0262653486084534	4.998925375035624	230.0	16	1.05	0.95				
	201	2	41.24161815157895	8.401070364210526	0.0	0.0	2	1.0150770852016158	-11.501425057626614	138.0	21	1.05	0.95				
	202	2	37.041082969473685	7.637336694736842	0.0	0.0	2	1.014188860385671	-11.770021042094605	138.0	22	1.05	0.95				
	203	1	68.73603025263158	14.129072885263156	0.0	0.0	2	1.015173900713059	-8.059205051620312	138.0	21	1.05	0.95				
	204	1	28.258145770526312	5.728002521052631	0.0	0.0	2	1.0130447678240377	-11.386175780884308	138.0	21	1.05	0.95				
	205	1	27.112545266315784	5.346135686315789	0.0	0.0	2	1.027975012392904	-11.772869244215347	138.0	21	1.05	0.95				
	206	1	51.93388952421053	10.692271372631579	0.0	-100.0	2	1.0433199222471086	-12.415415651898993	138.0	22	1.05	0.95				
	207	2	47.73335434210526	9.546670868421051	0.0	0.0	2	0.9973383893572644	-16.95491179298873	138.0	22	1.05	0.95				
	208	1	65.29922873999999	13.36533921578947	0.0	0.0	2	1.003217327825343	-15.254005027342648	138.0	22	1.05	0.95				
	209	1	66.82669607894736	13.747206050526314	0.0	0.0	2	1.0228329450923828	-9.487156839327485	138.0	23	1.05	0.95				
	210	1	74.46403277368421	15.274673389473683	0.0	0.0	2	1.05	-10.814861105880691	138.0	23	1.05	0.95				
	211	1	0.0	0.0	0.0	0.0	2	1.0029834731306468	-6.929178576597309	230.0	23	1.05	0.95				
	212	1	0.0	0.0	0.0	0.0	2	1.0072951470617109	-5.13420799041846	230.0	23	1.05	0.95				
	213	2	101.19471120526316	20.620809075789474	0.0	0.0	2	0.9968336580418292	-5.480183139803215	230.0	24	1.05	0.95				
	214	2	74.08216593894737	14.892806554736843	0.0	0.0	2	1.0018102068070702	-4.83139954644491	230.0	26	1.05	0.95				
	215	2	121.05178661157893	24.439477423157893	0.0	0.0	2	1.0177234975534286	1.0265876537243814	230.0	26	1.05	0.95				
	216	2	38.186683473684205	7.637336694736842	0.0	0.0	2	1.0175978489001039	0.4750666855337578	230.0	26	1.05	0.95				
	217	1	0.0	0.0	0.0	0.0	2	1.0218946099144492	1.7095162346386163	230.0	27	1.05	0.95				
	218	2	127.16165596736842	25.966944762105264	0.0	0.0	2	1.0215638042120667	1.4454867134291665	230.0	27	1.05	0.95				
	219	1	69.11789708736842	14.129072885263156	0.0	0.0	2	1.0167250520758095	-0.010178226329070571	230.0	25	1.05	0.95				
	220	1	48.878954846315786	9.928537703157895	0.0	0.0	2	1.0183491292469002	0.3290574905153202	230.0	25	1.05	0.95				
	221	2	0.0	0.0	0.0	0.0	2	1.023812061244331	2.1037090375445344	230.0	27	1.05	0.95				
	222	2	0.0	0.0	0.0	0.0	2	1.045478697578375	8.496303712188663	230.0	27	1.05	0.95				
	223	2	0.0	0.0	0.0	0.0	2	1.019674448883445	0.8143230823254344	230.0	25	1.05	0.95				
	224	1	0.0	0.0	0.0	0.0	2	1.005599990012736	-2.402284237763345	230.0	26	1.05	0.95				
	301	2	62.404935157894734	12.71211642105263	0.0	0.0	3	1.0063602079232736	-12.251194512770736	138.0	31	1.05	0.95				
	302	2	56.04887694736842	11.556469473684212	0.0	0.0	3	1.0059831317038281	-12.355396030929588	138.0	32	1.05	0.95				
	303	1	104.0082252631579	21.379468526315787	0.0	0.0	3	1.0228199278613446	-6.205689016761296	138.0	31	1.05	0.95				
	304	1	42.75893705263157	8.667352105263157	0.0	0.0	3	1.0072919049093054	-10.189171569465842	138.0	31	1.05	0.95				
	305	1	41.025466631578944	8.089528631578947	0.0	0.0	3	1.0200377108103382	-11.122138922153235	138.0	31	1.05	0.95				
	306	1	78.58399242105263	16.179057263157894	0.0	-100.0	3	1.0353968466698116	-11.134071453813032	138.0	32	1.05	0.95				
	307	2	72.22793421052631	14.445586842105262	0.0	0.0	3	0.9988518726598934	-15.059591121747085	138.0	32	1.05	0.95				
	308	1	98.807814	20.223821578947366	0.0	0.0	3	1.0042099519228787	-12.433221696811838	138.0	32	1.05	0.95				
	309	1	101.11910789473684	20.801645052631574	0.0	0.0	3	1.0287590892810334	-6.075172005332561	138.0	33	1.05	0.95				
	310	1	112.67557736842105	23.112938947368423	0.0	0.0	3	1.05	-8.139850270593815	138.0	33	1.05	0.95				
	311	1	0.0	0.0	0.0	0.0	3	1.0145954005465125	-1.4573838189888864	230.0	33	1.05	0.95				
	312	1	0.0	0.0	0.0	0.0	3	1.0178275929827676	-0.06170631496270403	230.0	33	1.05	0.95				
	313	2	153.12322052631578	31.202467578947367	0.0	0.0	3	1.0323512589369008	5.476657743873327	230.0	34	1.05	0.95				
	314	2	112.09775389473684	22.53511547368421	0.0	0.0	3	1.014993867107424	-1.9214121522456296	230.0	36	1.05	0.95				
	315	2	183.17004115789473	36.98070231578947	0.0	0.0	3	1.0297694180353718	-0.8132218378566175	230.0	36	1.05	0.95				
	316	2	57.78234736842105	11.556469473684212	0.0	0.0	3	1.0303988670379463	0.2935686733859279	230.0	36	1.05	0.95				
	317	1	0.0	0.0	0.0	0.0	3	1.0344934112466428	1.1435217072900679	230.0	37	1.05	0.95				
	318	2	192.4152167368421	39.291996210526314	0.0	0.0	3	1.0309519687591304	0.08486677036301653	230.0	37	1.05	0.95				
	319	1	104.5860487368421	21.379468526315787	0.0	0.0	3	1.0311099889751791	2.324274071408522	230.0	35	1.05	0.95				
	320	1	73.96140463157894	15.023410315789473	0.0	0.0	3	1.0332241824097161	3.5919610976234786	230.0	35	1.05	0.95				
	321	2	0.0	0.0	0.0	0.0	3	1.0327485854813638	0.355064092171366	230.0	37	1.05	0.95				
	322	2	0.0	0.0	0.0	0.0	3	1.04670005232928	4.999199523199848	230.0	37	1.05	0.95				
	323	2	0.0	0.0	0.0	0.0	3	1.034092304400312	3.9881672841956304	230.0	35	1.05	0.95				
	324	1	0.0	0.0	0.0	0.0	3	1.0214806656203268	-1.4610736488252887	230.0	36	1.05	0.95				
	325	1	0.0	0.0	0.0	0.0	3	1.0341456560843616	4.537503709307757	230.0	35	1.05	0.95				
];
