%% MATPOWER Case Format : Version 2
function mpc = RTS_GMLC
mpc.version = '2';

%%-----  Power Flow Data  -----%%
%% system MVA base
mpc.baseMVA = 100.0;
%% bus data
%    bus_i    type    Pd    Qd    Gs    Bs    area    Vm    Va    baseKV    zone    Vmax    Vmin
mpc.bus = [
	101	2	59.784760004210526	12.178377037894736	0.0	0.0	1	1.0492996138725836	2.8806930107780793	138.0	11	1.05	0.95				
	102	2	53.69557148526315	11.07125185263158	0.0	0.0	1	1.048692705340823	2.6734087016707373	138.0	12	1.05	0.95				
	103	1	99.6412666736842	20.48181592736842	0.0	0.0	1	1.02822736355467	-0.32848646789128905	138.0	11	1.05	0.95				
	104	1	40.96363185473684	8.303438889473684	0.0	0.0	1	1.027573512846371	-1.1493722992013455	138.0	11	1.05	0.95				
	105	1	39.3029440768421	7.749876296842105	0.0	0.0	1	1.0414423742508374	-1.2346961064313047	138.0	11	1.05	0.95				
	106	1	75.28451259789473	15.49975259368421	0.0	-100.0	1	1.044881617596165	-4.103503346435302	138.0	12	1.05	0.95				
	107	2	69.19532407894737	13.839064815789474	0.0	0.0	1	1.0028408329855387	-9.626155571301132	138.0	12	1.05	0.95				
	108	1	94.65920334	19.374690742105262	0.0	0.0	1	1.002011920253716	-8.688512125479342	138.0	12	1.05	0.95				
	109	1	96.87345371052632	19.92825333473684	0.0	0.0	1	1.0249258493806213	-2.881677721988374	138.0	13	1.05	0.95				
	110	1	107.9447055631579	22.14250370526316	0.0	0.0	1	1.05	-3.742040267020589	138.0	13	1.05	0.95				
	111	1	0.0	0.0	0.0	0.0	1	1.0068532604533342	-0.9221403390975408	230.0	13	1.05	0.95				
	112	1	0.0	0.0	0.0	0.0	1	1.010844561078935	-0.3925551942668838	230.0	13	1.05	0.95				
	113	3	146.6940870473684	29.892380002105263	0.0	0.0	1	1.0018487036730142	-6.256972973068074e-29	230.0	14	1.05	0.95				
	114	2	107.3911429705263	21.58894111263158	0.0	0.0	1	1.0049047544633163	0.7671675279042542	230.0	16	1.05	0.95				
	115	2	175.4793418642105	35.42800592842105	0.0	0.0	1	1.0375467384244568	6.925471706170664	230.0	16	1.05	0.95				
	116	2	55.356259263157895	11.07125185263158	0.0	0.0	1	1.0339431934553387	6.46397611465058	230.0	16	1.05	0.95				
	117	1	0.0	0.0	0.0	0.0	1	1.0402831553674499	8.556838328911025	230.0	17	1.05	0.95				
	118	2	184.3363433463158	37.642256298947366	0.0	0.0	1	1.0421708304413098	8.668649886875466	230.0	17	1.05	0.95				
	119	1	100.19482926631578	20.48181592736842	0.0	0.0	1	1.0272669390438314	5.323189024603834	230.0	15	1.05	0.95				
	120	1	70.8560118568421	14.392627408421053	0.0	0.0	1	1.0256916852332443	5.281014206461025	230.0	15	1.05	0.95				
	121	2	0.0	0.0	0.0	0.0	1	1.0456522562134274	9.955462015829008	230.0	17	1.05	0.95				
	122	2	0.0	0.0	0.0	0.0	1	1.05	16.17282239491426	230.0	17	1.05	0.95				
	123	2	0.0	0.0	0.0	0.0	1	1.0259690035042097	5.68199639528389	230.0	15	1.05	0.95				
	124	1	0.0	0.0	0.0	0.0	1	1.0246231222631579	4.210790194128433	230.0	16	1.05	0.95				
	201	2	57.13647097263159	11.638910753684211	0.0	0.0	2	1.0315041022960536	-7.1966553331245215	138.0	21	1.05	0.95				
	202	2	51.317015595789485	10.580827957894739	0.0	0.0	2	1.0319123274684765	-7.151918129999935	138.0	22	1.05	0.95				
	203	1	95.22745162105265	19.574531722105267	0.0	0.0	2	1.0181685861404652	-7.265247159116347	138.0	21	1.05	0.95				
	204	1	39.14906344421053	7.935620968421054	0.0	0.0	2	1.0187610768992623	-9.173185160819346	138.0	21	1.05	0.95				
	205	1	37.56193925052632	7.406579570526317	0.0	0.0	2	1.0341209096415926	-9.287313363111885	138.0	21	1.05	0.95				
	206	1	71.94963011368422	14.813159141052633	0.0	-100.0	2	1.0428873956140183	-10.951718933975663	138.0	22	1.05	0.95				
	207	2	66.13017473684212	13.226034947368422	0.0	0.0	2	0.9902315674359787	-18.914414136063165	138.0	22	1.05	0.95				
	208	1	90.46607904000001	18.51644892631579	0.0	0.0	2	0.9930487553245376	-16.43002216423457	138.0	22	1.05	0.95				
	209	1	92.58224463157896	19.04549032421053	0.0	0.0	2	1.0237551671424616	-8.674539379336768	138.0	23	1.05	0.95				
	210	1	103.1630725894737	21.161655915789478	0.0	0.0	2	1.05	-9.730122628412003	138.0	23	1.05	0.95				
	211	1	0.0	0.0	0.0	0.0	2	1.0089191830747364	-5.676141218373375	230.0	23	1.05	0.95				
	212	1	0.0	0.0	0.0	0.0	2	1.0119209085807304	-3.702448550163459	230.0	23	1.05	0.95				
	213	2	140.19597044210528	28.568235486315796	0.0	0.0	2	1.0054282238255732	-4.20539096210886	230.0	24	1.05	0.95				
	214	2	102.63403119157897	20.63261451789474	0.0	0.0	2	1.0118704926412987	-3.356766159622114	230.0	26	1.05	0.95				
	215	2	167.7061231326316	33.85864946526316	0.0	0.0	2	1.0308150716647002	3.279164207099928	230.0	26	1.05	0.95				
	216	2	52.90413978947369	10.580827957894739	0.0	0.0	2	1.0311934062546084	3.146209328984993	230.0	26	1.05	0.95				
	217	1	0.0	0.0	0.0	0.0	2	1.035950196576152	5.47006889747587	230.0	27	1.05	0.95				
	218	2	176.1707854989474	35.97481505684211	0.0	0.0	2	1.0370653960952123	5.802322582063704	230.0	27	1.05	0.95				
	219	1	95.75649301894738	19.574531722105267	0.0	0.0	2	1.0294488089891116	2.663436437732701	230.0	25	1.05	0.95				
	220	1	67.71729893052633	13.75507634526316	0.0	0.0	2	1.0319770444249154	3.2656595483017368	230.0	25	1.05	0.95				
	221	2	0.0	0.0	0.0	0.0	2	1.0375053864020765	5.724388983082066	230.0	27	1.05	0.95				
	222	2	0.0	0.0	0.0	0.0	2	1.05	12.124098911902967	230.0	27	1.05	0.95				
	223	2	0.0	0.0	0.0	0.0	2	1.0345372292610429	3.9945925355637395	230.0	25	1.05	0.95				
	224	1	0.0	0.0	0.0	0.0	2	1.0130485382189276	-0.6618824342376035	230.0	26	1.05	0.95				
	301	2	58.91996205473684	12.002214492631579	0.0	0.0	3	1.0074229619883193	-13.159120828640253	138.0	31	1.05	0.95				
	302	2	52.918854808421045	10.911104084210526	0.0	0.0	3	1.0070131491710388	-13.265956188355654	138.0	32	1.05	0.95				
	303	1	98.19993675789473	20.18554255578947	0.0	0.0	3	1.0213714830939997	-7.519116671349968	138.0	31	1.05	0.95				
	304	1	40.37108511157894	8.183328063157894	0.0	0.0	3	1.0074308129116296	-11.400620285607646	138.0	31	1.05	0.95				
	305	1	38.73441949894737	7.637772858947368	0.0	0.0	3	1.0210694945637977	-12.014608429133833	138.0	31	1.05	0.95				
	306	1	74.19550777263157	15.275545717894737	0.0	-100.0	3	1.036619102819489	-11.993153952617934	138.0	32	1.05	0.95				
	307	2	68.19440052631577	13.638880105263157	0.0	0.0	3	0.9951885610363064	-17.596014577683825	138.0	32	1.05	0.95				
	308	1	93.28993991999998	19.09443214736842	0.0	0.0	3	0.9980227540205128	-15.058337765259624	138.0	32	1.05	0.95				
	309	1	95.4721607368421	19.639987351578945	0.0	0.0	3	1.0264238064497424	-7.648601947715354	138.0	33	1.05	0.95				
	310	1	106.38326482105262	21.822208168421053	0.0	0.0	3	1.05	-9.11990009122788	138.0	33	1.05	0.95				
	311	1	0.0	0.0	0.0	0.0	3	1.0113902275336661	-2.91039556126606	230.0	33	1.05	0.95				
	312	1	0.0	0.0	0.0	0.0	3	1.0141700481610012	-2.3375881942979153	230.0	33	1.05	0.95				
	313	2	144.57212911578944	29.45998102736842	0.0	0.0	3	1.0194220150190574	1.7314137430751086	230.0	34	1.05	0.95				
	314	2	105.83770961684209	21.276652964210527	0.0	0.0	3	1.0139106028694138	-1.4644730640926888	230.0	36	1.05	0.95				
	315	2	172.94099973473683	34.91553306947368	0.0	0.0	3	1.0294194646258585	-1.0360272565003736	230.0	36	1.05	0.95				
	316	2	54.55552042105263	10.911104084210526	0.0	0.0	3	1.029470609914885	0.16020756350461451	230.0	36	1.05	0.95				
	317	1	0.0	0.0	0.0	0.0	3	1.0330852928184886	0.26098390437388036	230.0	37	1.05	0.95				
	318	2	181.66988300210525	37.097753886315786	0.0	0.0	3	1.031429833574385	-0.23814905057399963	230.0	37	1.05	0.95				
	319	1	98.74549196210526	20.18554255578947	0.0	0.0	3	1.0274386663782025	0.7934713122463514	230.0	35	1.05	0.95				
	320	1	69.83106613894736	14.184435309473683	0.0	0.0	3	1.027376393958258	1.3057202052840606	230.0	35	1.05	0.95				
	321	2	0.0	0.0	0.0	0.0	3	1.0328067780444223	0.03955309565078123	230.0	37	1.05	0.95				
	322	2	0.0	0.0	0.0	0.0	3	1.0461313869795648	4.465521662982172	230.0	37	1.05	0.95				
	323	2	0.0	0.0	0.0	0.0	3	1.0278043565581547	1.7086436674091092	230.0	35	1.05	0.95				
	324	1	0.0	0.0	0.0	0.0	3	1.0198057251333588	-2.0366026921784024	230.0	36	1.05	0.95				
	325	1	0.0	0.0	0.0	0.0	3	1.0279087730181535	2.4133253825509957	230.0	35	1.05	0.95				
];
