%% MATPOWER Case Format : Version 2
function mpc = RTS_GMLC
mpc.version = '2';

%%-----  Power Flow Data  -----%%
%% system MVA base
mpc.baseMVA = 100.0;
%% bus data
%    bus_i    type    Pd    Qd    Gs    Bs    area    Vm    Va    baseKV    zone    Vmax    Vmin
mpc.bus = [
	101	2	45.19594261894738	9.20658090385965	0.0	0.0	1	1.0499999966396718	6.907303556115396	138.0	11	1.05	0.95				
	102	2	40.59265216701755	8.369619003508772	0.0	0.0	1	1.0484371056632031	6.415292571116913	138.0	12	1.05	0.95				
	103	1	75.32657103157896	15.483795156491228	0.0	0.0	1	1.0378198158665404	4.022958939000868	138.0	11	1.05	0.95				
	104	1	30.967590312982455	6.277214252631579	0.0	0.0	1	1.030906544317299	2.545963365446815	138.0	11	1.05	0.95				
	105	1	29.71214746245614	5.858733302456141	0.0	0.0	1	1.042823689239986	2.273312730731579	138.0	11	1.05	0.95				
	106	1	56.91340922385966	11.717466604912282	0.0	-100.0	1	1.0481235825816626	-0.8458300177495267	138.0	12	1.05	0.95				
	107	2	52.31011877192982	10.462023754385966	0.0	0.0	1	0.9995453299438745	-8.527889074977372	138.0	12	1.05	0.95				
	108	1	71.56024248	14.64683325614035	0.0	0.0	1	1.0033383658332156	-6.511797331772174	138.0	12	1.05	0.95				
	109	1	73.23416628070176	15.065314206315792	0.0	0.0	1	1.0249551475393734	-0.2656349928463627	138.0	13	1.05	0.95				
	110	1	81.60378528421053	16.739238007017544	0.0	0.0	1	1.05	-1.1951560444968714	138.0	13	1.05	0.95				
	111	1	0.0	0.0	0.0	0.0	1	1.0035286595754005	0.5288366082512548	230.0	13	1.05	0.95				
	112	1	0.0	0.0	0.0	0.0	1	1.0085649850634733	0.2773675549141376	230.0	13	1.05	0.95				
	113	3	110.89745179649124	22.59797130947369	0.0	0.0	1	0.9934951238414667	4.528215688032429e-29	230.0	14	1.05	0.95				
	114	2	81.1853043340351	16.320757056842105	0.0	0.0	1	0.999976019082345	2.3682305544171744	230.0	16	1.05	0.95				
	115	2	132.65846120561403	26.782780811228076	0.0	0.0	1	1.0392357007134991	8.387277520290441	230.0	16	1.05	0.95				
	116	2	41.84809501754386	8.369619003508772	0.0	0.0	1	1.0344067190630264	7.364802155694447	230.0	16	1.05	0.95				
	117	1	0.0	0.0	0.0	0.0	1	1.0417789350784457	10.995814637379658	230.0	17	1.05	0.95				
	118	2	139.35415640842106	28.45670461192983	0.0	0.0	1	1.0471088966642685	11.406446404851675	230.0	17	1.05	0.95				
	119	1	75.7450519817544	15.483795156491228	0.0	0.0	1	1.0242246450881356	5.205750453550207	230.0	15	1.05	0.95				
	120	1	53.56556162245615	10.880504704561405	0.0	0.0	1	1.0184663622508736	3.8080290413156437	230.0	15	1.05	0.95				
	121	2	0.0	0.0	0.0	0.0	1	1.05	12.352244363194512	230.0	17	1.05	0.95				
	122	2	0.0	0.0	0.0	0.0	1	1.05	22.536968622975998	230.0	17	1.05	0.95				
	123	2	0.0	0.0	0.0	0.0	1	1.0158585966750648	3.3622125358449817	230.0	15	1.05	0.95				
	124	1	0.0	0.0	0.0	0.0	1	1.0318654794288218	6.744077978564219	230.0	16	1.05	0.95				
	201	2	43.60459626947369	8.882417758596493	0.0	0.0	2	1.012882096906499	-13.228674898026263	138.0	21	1.05	0.95				
	202	2	39.163387390175444	8.07492523508772	0.0	0.0	2	1.0119710732018143	-13.518059479124357	138.0	22	1.05	0.95				
	203	1	72.67432711578948	14.938611684912281	0.0	0.0	2	1.0152600107054741	-9.057733919572218	138.0	21	1.05	0.95				
	204	1	29.877223369824563	6.056193926315789	0.0	0.0	2	1.0116657464137393	-13.108334378872174	138.0	21	1.05	0.95				
	205	1	28.665984584561404	5.652447664561405	0.0	0.0	2	1.0265471028212183	-13.567069381005906	138.0	21	1.05	0.95				
	206	1	54.909491598596496	11.30489532912281	0.0	-100.0	2	1.0421440935205946	-14.267084796187481	138.0	22	1.05	0.95				
	207	2	50.46828271929825	10.09365654385965	0.0	0.0	2	0.9946769037721439	-19.068573280457805	138.0	22	1.05	0.95				
	208	1	69.04061075999999	14.131119161403507	0.0	0.0	2	1.0008309166187002	-17.259433043219026	138.0	22	1.05	0.95				
	209	1	70.65559580701755	14.534865423157894	0.0	0.0	2	1.023002748017628	-11.098928780658516	138.0	23	1.05	0.95				
	210	1	78.73052104210527	16.14985047017544	0.0	0.0	2	1.05	-12.604930240143892	138.0	23	1.05	0.95				
	211	1	0.0	0.0	0.0	0.0	2	1.006074884021914	-8.13855820398425	230.0	23	1.05	0.95				
	212	1	0.0	0.0	0.0	0.0	2	1.0089716171185714	-7.090892280799264	230.0	23	1.05	0.95				
	213	2	106.99275936491229	21.802298134736844	0.0	0.0	2	1.0022130250451644	-6.668399109953912	230.0	24	1.05	0.95				
	214	2	78.32677478035089	15.746104208421055	0.0	0.0	2	1.0076144245423686	-5.600789020664908	230.0	26	1.05	0.95				
	215	2	127.98756497614036	25.839760752280704	0.0	0.0	2	1.0237181269956253	0.9752054402626859	230.0	26	1.05	0.95				
	216	2	40.3746261754386	8.07492523508772	0.0	0.0	2	1.0245465026246605	0.439239043451679	230.0	26	1.05	0.95				
	217	1	0.0	0.0	0.0	0.0	2	1.0281272745351824	1.904623503466674	230.0	27	1.05	0.95				
	218	2	134.44750516421053	27.454745799298248	0.0	0.0	2	1.02754499661144	1.540513953103726	230.0	27	1.05	0.95				
	219	1	73.07807337754386	14.938611684912281	0.0	0.0	2	1.025282941314227	0.09528115056711031	230.0	25	1.05	0.95				
	220	1	51.67952150456141	10.497402805614037	0.0	0.0	2	1.0284969535661694	0.5869376376280618	230.0	25	1.05	0.95				
	221	2	0.0	0.0	0.0	0.0	2	1.0296328515426603	2.1472505272132163	230.0	27	1.05	0.95				
	222	2	0.0	0.0	0.0	0.0	2	1.0499999921437537	8.543448754086226	230.0	27	1.05	0.95				
	223	2	0.0	0.0	0.0	0.0	2	1.0308115130001005	1.164942408533477	230.0	25	1.05	0.95				
	224	1	0.0	0.0	0.0	0.0	2	1.0082228674208742	-2.7894003718888656	230.0	26	1.05	0.95				
	301	2	66.2144890736842	13.488136663157896	0.0	0.0	3	1.0095681882355887	-19.299526074248174	138.0	31	1.05	0.95				
	302	2	59.47042074210527	12.261942421052632	0.0	0.0	3	1.0089446283183185	-19.46384907284849	138.0	32	1.05	0.95				
	303	1	110.3574817894737	22.684593478947367	0.0	0.0	3	1.0276602042960667	-11.103981464243493	138.0	31	1.05	0.95				
	304	1	45.36918695789473	9.196456815789473	0.0	0.0	3	1.0077053578577444	-17.31188420454246	138.0	31	1.05	0.95				
	305	1	43.52989559473684	8.583359694736844	0.0	0.0	3	1.0213082433294616	-18.431509031119546	138.0	31	1.05	0.95				
	306	1	83.38120846315789	17.166719389473688	0.0	-100.0	3	1.0351227008040085	-18.62227424148394	138.0	32	1.05	0.95				
	307	2	76.63714013157895	15.32742802631579	0.0	0.0	3	0.9936374534220821	-25.460736341787328	138.0	32	1.05	0.95				
	308	1	104.8396077	21.458399236842105	0.0	0.0	3	0.9928461731156216	-22.525895854941073	138.0	32	1.05	0.95				
	309	1	107.29199618421052	22.071496357894738	0.0	0.0	3	1.0284935567737024	-13.06158640502167	138.0	33	1.05	0.95				
	310	1	119.55393860526316	24.523884842105264	0.0	0.0	3	1.05	-15.596088729531813	138.0	33	1.05	0.95				
	311	1	0.0	0.0	0.0	0.0	3	1.0193776088521957	-8.040186534237625	230.0	33	1.05	0.95				
	312	1	0.0	0.0	0.0	0.0	3	1.0193704255754676	-7.104166377906011	230.0	33	1.05	0.95				
	313	2	162.47073707894737	33.1072445368421	0.0	0.0	3	1.0325571005393621	-2.862426413151828	230.0	34	1.05	0.95				
	314	2	118.94084148421054	23.910787721052632	0.0	0.0	3	1.02835946658319	-6.3662018286773225	230.0	36	1.05	0.95				
	315	2	194.3517873736842	39.23821574736842	0.0	0.0	3	1.0439765375473258	-1.784588204400536	230.0	36	1.05	0.95				
	316	2	61.30971210526316	12.261942421052632	0.0	0.0	3	1.0450340804948057	-0.71969053083224	230.0	36	1.05	0.95				
	317	1	0.0	0.0	0.0	0.0	3	1.05	2.4814883230770466	230.0	37	1.05	0.95				
	318	2	204.16134131052632	41.690604231578945	0.0	0.0	3	1.0448704979186474	0.7665525399478197	230.0	37	1.05	0.95				
	319	1	110.97057891052633	22.684593478947367	0.0	0.0	3	1.0435771921972943	-0.37849958680674106	230.0	35	1.05	0.95				
	320	1	78.47643149473684	15.940525147368422	0.0	0.0	3	1.0434510040517115	-0.5155183251673566	230.0	35	1.05	0.95				
	321	2	0.0	0.0	0.0	0.0	3	1.045736801983943	0.5132449391410897	230.0	37	1.05	0.95				
	322	2	0.0	0.0	0.0	0.0	3	1.05	5.627907655299223	230.0	37	1.05	0.95				
	323	2	0.0	0.0	0.0	0.0	3	1.044248915372355	-0.32066973680901745	230.0	35	1.05	0.95				
	324	1	0.0	0.0	0.0	0.0	3	1.027302837841436	-4.491723584769491	230.0	36	1.05	0.95				
	325	1	0.0	0.0	0.0	0.0	3	1.0414478504064053	0.7318193216651965	230.0	35	1.05	0.95				
];
