%% MATPOWER Case Format : Version 2
function mpc = RTS_GMLC
mpc.version = '2';

%%-----  Power Flow Data  -----%%
%% system MVA base
mpc.baseMVA = 100.0;
%% bus data
%    bus_i    type    Pd    Qd    Gs    Bs    area    Vm    Va    baseKV    zone    Vmax    Vmin
mpc.bus = [
	101	2	35.44334488042106	7.219940623789474	0.0	0.0	1	1.011035388526277	0.6360773233371703	138.0	11	1.05	0.95				
	102	2	31.833374568526317	6.5635823852631585	0.0	0.0	1	1.0090627328972268	0.06029404800821239	138.0	12	1.05	0.95				
	103	1	59.07224146736843	12.142627412736843	0.0	0.0	1	1.0286049916595614	3.4152893654240595	138.0	11	1.05	0.95				
	104	1	24.285254825473686	4.922686788947368	0.0	0.0	1	1.0127800325367013	-1.2919635965719258	138.0	11	1.05	0.95				
	105	1	23.30071746768421	4.594507669684211	0.0	0.0	1	1.0263447277123887	-1.4373639846799637	138.0	11	1.05	0.95				
	106	1	44.63236021978948	9.189015339368423	0.0	-100.0	1	1.043111434391202	-3.0726282877422233	138.0	12	1.05	0.95				
	107	2	41.02238990789474	8.204477981578947	0.0	0.0	1	0.9837596222453358	-9.04025104633048	138.0	12	1.05	0.95				
	108	1	56.118629393999996	11.486269174210525	0.0	0.0	1	0.996954885927182	-6.935995977200073	138.0	12	1.05	0.95				
	109	1	57.43134587105263	11.814448293473683	0.0	0.0	1	1.0243343629138397	-1.0137077115082591	138.0	13	1.05	0.95				
	110	1	63.99492825631579	13.127164770526317	0.0	0.0	1	1.05	-2.443096109448674	138.0	13	1.05	0.95				
	111	1	0.0	0.0	0.0	0.0	1	1.0113188719705413	1.1754716171396473	230.0	13	1.05	0.95				
	112	1	0.0	0.0	0.0	0.0	1	1.0093638133443146	-0.11980128861553797	230.0	13	1.05	0.95				
	113	3	86.96746660473684	17.72167244021053	0.0	0.0	1	0.986372988804419	3.0248422396997385e-28	230.0	14	1.05	0.95				
	114	2	63.66674913705263	12.798985651263159	0.0	0.0	1	1.0347343381172218	5.066868596262015	230.0	16	1.05	0.95				
	115	2	104.03278080642104	21.003463632842106	0.0	0.0	1	1.0423944700903123	14.498983834094382	230.0	16	1.05	0.95				
	116	2	32.81791192631579	6.5635823852631585	0.0	0.0	1	1.0406699944754427	12.623336877740872	230.0	16	1.05	0.95				
	117	1	0.0	0.0	0.0	0.0	1	1.0407487592680125	18.603460172296348	230.0	17	1.05	0.95				
	118	2	109.28364671463157	22.31618010989474	0.0	0.0	1	1.05	19.196840739697343	230.0	17	1.05	0.95				
	119	1	59.40042058663158	12.142627412736843	0.0	0.0	1	1.0354058175376746	8.210734578430845	230.0	15	1.05	0.95				
	120	1	42.00692726568421	8.532657100842107	0.0	0.0	1	1.0370678345801283	4.997685428491939	230.0	15	1.05	0.95				
	121	2	0.0	0.0	0.0	0.0	1	1.0434525292485954	20.60636571161204	230.0	17	1.05	0.95				
	122	2	0.0	0.0	0.0	0.0	1	1.05	38.56596211988412	230.0	17	1.05	0.95				
	123	2	0.0	0.0	0.0	0.0	1	1.038926279268143	3.483647821730271	230.0	15	1.05	0.95				
	124	1	0.0	0.0	0.0	0.0	1	1.0233736489018905	10.359496688543802	230.0	16	1.05	0.95				
	201	2	38.36864474526316	7.815835040701755	0.0	0.0	2	1.0139984654607395	-15.788475953700273	138.0	21	1.05	0.95				
	202	2	34.46072722491228	7.1053045824561405	0.0	0.0	2	1.0131562336658357	-16.091412251052272	138.0	22	1.05	0.95				
	203	1	63.94774124210526	13.14481347754386	0.0	0.0	2	1.0116330907052764	-11.338403436661295	138.0	21	1.05	0.95				
	204	1	26.28962695508772	5.328978436842105	0.0	0.0	2	1.0122338888736535	-15.920080696358294	138.0	21	1.05	0.95				
	205	1	25.223831267719294	4.973713207719299	0.0	0.0	2	1.0278226158297765	-16.383610402680368	138.0	21	1.05	0.95				
	206	1	48.31607116070175	9.947426415438597	0.0	-100.0	2	1.0437862877458637	-17.186853562311025	138.0	22	1.05	0.95				
	207	2	44.408153640350875	8.881630728070174	0.0	0.0	2	0.9967393363461341	-21.357684708423232	138.0	22	1.05	0.95				
	208	1	60.75035418	12.434283019298244	0.0	0.0	2	1.0035268523759733	-19.795106631923687	138.0	22	1.05	0.95				
	209	1	62.17141509649122	12.78954824842105	0.0	0.0	2	1.0211154688010926	-14.297289601921971	138.0	23	1.05	0.95				
	210	1	69.27671967894736	14.210609164912281	0.0	0.0	2	1.05	-15.832812676940884	138.0	23	1.05	0.95				
	211	1	0.0	0.0	0.0	0.0	2	1.0044377930341808	-11.732893057801645	230.0	23	1.05	0.95				
	212	1	0.0	0.0	0.0	0.0	2	1.0055499020922862	-11.57084244860215	230.0	23	1.05	0.95				
	213	2	94.14528571754384	19.18432237263158	0.0	0.0	2	0.9961235346838885	-11.020190850770327	230.0	24	1.05	0.95				
	214	2	68.92145444982457	13.855343935789474	0.0	0.0	2	1.0080395416279582	-8.912020987561883	230.0	26	1.05	0.95				
	215	2	112.61907763192983	22.736974663859648	0.0	0.0	2	1.0221148803610747	-2.0663305004368158	230.0	26	1.05	0.95				
	216	2	35.5265229122807	7.1053045824561405	0.0	0.0	2	1.0245305208438675	-2.7771570737069182	230.0	26	1.05	0.95				
	217	1	0.0	0.0	0.0	0.0	2	1.0317484877170804	-0.54275112170485	230.0	27	1.05	0.95				
	218	2	118.30332129789474	24.158035580350877	0.0	0.0	2	1.030687717809206	-0.9719888548612945	230.0	27	1.05	0.95				
	219	1	64.30300647122807	13.14481347754386	0.0	0.0	2	1.0208898707557557	-4.048467671707231	230.0	25	1.05	0.95				
	220	1	45.473949327719296	9.236895957192983	0.0	0.0	2	1.0200315427485465	-4.453917915069213	230.0	25	1.05	0.95				
	221	2	0.0	0.0	0.0	0.0	2	1.030979669220233	-0.5370274232866972	230.0	27	1.05	0.95				
	222	2	0.0	0.0	0.0	0.0	2	1.05	5.95455046532506	230.0	27	1.05	0.95				
	223	2	0.0	0.0	0.0	0.0	2	1.0197462999717124	-4.398198006695999	230.0	25	1.05	0.95				
	224	1	0.0	0.0	0.0	0.0	2	1.0067621920380756	-5.536908453668894	230.0	26	1.05	0.95				
	301	2	41.76842771368422	8.508383423157897	0.0	0.0	3	1.011888161242188	-3.8867574314925526	138.0	31	1.05	0.95				
	302	2	37.514236002105264	7.734894021052634	0.0	0.0	3	1.011685923666063	-4.018642436938559	138.0	32	1.05	0.95				
	303	1	69.6140461894737	14.309553938947369	0.0	0.0	3	1.0315395049874927	1.818917322430961	138.0	31	1.05	0.95				
	304	1	28.619107877894738	5.801170515789474	0.0	0.0	3	1.0131928772148469	-2.8364259425001817	138.0	31	1.05	0.95				
	305	1	27.458873774736848	5.414425814736844	0.0	0.0	3	1.0261402042831542	-3.571533119650601	138.0	31	1.05	0.95				
	306	1	52.59727934315791	10.828851629473688	0.0	-100.0	3	1.0425772310270072	-3.8730331358487535	138.0	32	1.05	0.95				
	307	2	48.34308763157896	9.66861752631579	0.0	0.0	3	0.9898937871236322	-7.946433389813048	138.0	32	1.05	0.95				
	308	1	66.13334388000001	13.536064536842108	0.0	0.0	3	0.9993896244129418	-6.257045235165323	138.0	32	1.05	0.95				
	309	1	67.68032268421054	13.92280923789474	0.0	0.0	3	1.0259357336877124	-0.2793990928863038	138.0	33	1.05	0.95				
	310	1	75.41521670526316	15.469788042105268	0.0	0.0	3	1.05	-2.0095528207873707	138.0	33	1.05	0.95				
	311	1	0.0	0.0	0.0	0.0	3	1.004695171709663	3.0015021113998044	230.0	33	1.05	0.95				
	312	1	0.0	0.0	0.0	0.0	3	1.0085498708308585	3.4645512638753977	230.0	33	1.05	0.95				
	313	2	102.48734577894739	20.88421385684211	0.0	0.0	3	1.0064980881030376	6.333418659821872	230.0	34	1.05	0.95				
	314	2	75.02847200421053	15.083043341052635	0.0	0.0	3	1.0004414835539153	4.371187698216347	230.0	36	1.05	0.95				
	315	2	122.59807023368423	24.751660867368425	0.0	0.0	3	1.0346173605315527	7.928157303578296	230.0	36	1.05	0.95				
	316	2	38.67447010526316	7.734894021052634	0.0	0.0	3	1.0331751465415038	8.526593435962202	230.0	36	1.05	0.95				
	317	1	0.0	0.0	0.0	0.0	3	1.0473939914579167	12.481303437346623	230.0	37	1.05	0.95				
	318	2	128.78598545052634	26.298639671578954	0.0	0.0	3	1.0443512250178348	9.694655392302602	230.0	37	1.05	0.95				
	319	1	70.00079089052633	14.309553938947369	0.0	0.0	3	1.0240073001349659	7.913931491683861	230.0	35	1.05	0.95				
	320	1	49.50332173473685	10.055362227368423	0.0	0.0	3	1.0184533506735152	8.136466490994579	230.0	35	1.05	0.95				
	321	2	0.0	0.0	0.0	0.0	3	1.0424939046058312	9.754853341250366	230.0	37	1.05	0.95				
	322	2	0.0	0.0	0.0	0.0	3	1.05	15.158960419042918	230.0	37	1.05	0.95				
	323	2	0.0	0.0	0.0	0.0	3	1.0158216769838169	8.566282643796708	230.0	35	1.05	0.95				
	324	1	0.0	0.0	0.0	0.0	3	1.0251632624765559	5.627644529208356	230.0	36	1.05	0.95				
	325	1	0.0	0.0	0.0	0.0	3	1.0151626260254116	9.599055846560866	230.0	35	1.05	0.95				
];
