%% MATPOWER Case Format : Version 2
function mpc = RTS_GMLC
mpc.version = '2';

%%-----  Power Flow Data  -----%%
%% system MVA base
mpc.baseMVA = 100.0;
%% bus data
%    bus_i    type    Pd    Qd    Gs    Bs    area    Vm    Va    baseKV    zone    Vmax    Vmin
mpc.bus = [
	101	2	54.0	11.0	0.0	0.0	1	1.0406693936628024	1.5196167239239582	138.0	11	1.05	0.95				
	102	2	48.5	10.0	0.0	0.0	1	1.0381456888057286	0.839420816499068	138.0	12	1.05	0.95				
	103	1	90.0	18.5	0.0	0.0	1	1.0336111983717948	0.8945452292638604	138.0	11	1.05	0.95				
	104	1	37.0	7.5	0.0	0.0	1	1.02552354054554	-1.7774529793363527	138.0	11	1.05	0.95				
	105	1	35.5	7.000000000000001	0.0	0.0	1	1.038157537982976	-2.143899130529356	138.0	11	1.05	0.95				
	106	1	68.0	14.000000000000002	0.0	-100.0	1	1.04442331442194	-4.826159857899503	138.0	12	1.05	0.95				
	107	2	62.5	12.5	0.0	0.0	1	0.9995227197883463	-11.346683067934608	138.0	12	1.05	0.95				
	108	1	85.5	17.5	0.0	0.0	1	1.0010114508860337	-9.645153716092151	138.0	12	1.05	0.95				
	109	1	87.5	18.0	0.0	0.0	1	1.025253775897034	-3.0116138490524316	138.0	13	1.05	0.95				
	110	1	97.5	20.0	0.0	0.0	1	1.05	-4.315208386586373	138.0	13	1.05	0.95				
	111	1	0.0	0.0	0.0	0.0	1	1.007069716540002	-0.8674720466575402	230.0	13	1.05	0.95				
	112	1	0.0	0.0	0.0	0.0	1	1.010303775965214	-1.3034939860087564	230.0	13	1.05	0.95				
	113	3	132.5	27.0	0.0	0.0	1	1.0008643552220993	-1.9429860672373228e-31	230.0	14	1.05	0.95				
	114	2	97.0	19.5	0.0	0.0	1	1.007539145316009	1.278200741607143	230.0	16	1.05	0.95				
	115	2	158.5	32.0	0.0	0.0	1	1.0420643208363518	8.655082471838465	230.0	16	1.05	0.95				
	116	2	50.0	10.0	0.0	0.0	1	1.0364919336363987	7.260873972446836	230.0	16	1.05	0.95				
	117	1	0.0	0.0	0.0	0.0	1	1.042734751438044	11.659203401958191	230.0	17	1.05	0.95				
	118	2	166.5	34.0	0.0	0.0	1	1.0482290763882682	12.532986678622374	230.0	17	1.05	0.95				
	119	1	90.5	18.5	0.0	0.0	1	1.0249442092151473	4.40133454908511	230.0	15	1.05	0.95				
	120	1	64.0	13.0	0.0	0.0	1	1.0195509274948007	2.435748057856501	230.0	15	1.05	0.95				
	121	2	0.0	0.0	0.0	0.0	1	1.05	14.134525231494917	230.0	17	1.05	0.95				
	122	2	0.0	0.0	0.0	0.0	1	1.05	22.81382054026041	230.0	17	1.05	0.95				
	123	2	0.0	0.0	0.0	0.0	1	1.0176695271740364	1.7363782189739054	230.0	15	1.05	0.95				
	124	1	0.0	0.0	0.0	0.0	1	1.0289070001819303	5.746456121378618	230.0	16	1.05	0.95				
	201	2	52.66551236210526	10.728159925614035	0.0	0.0	2	1.014480571900849	-13.351947736971326	138.0	21	1.05	0.95				
	202	2	47.30143239929824	9.752872659649123	0.0	0.0	2	1.0136783964721783	-13.604660149316734	138.0	22	1.05	0.95				
	203	1	87.7758539368421	18.042814420350876	0.0	0.0	2	1.013771707036433	-9.946775646899845	138.0	21	1.05	0.95				
	204	1	36.08562884070175	7.314654494736842	0.0	0.0	2	1.0112285801193721	-12.702022807564605	138.0	21	1.05	0.95				
	205	1	34.62269794175438	6.827010861754386	0.0	0.0	2	1.0260168840516708	-13.117629202509818	138.0	21	1.05	0.95				
	206	1	66.31953408561404	13.654021723508771	0.0	-100.0	2	1.0401320052603487	-13.56746561048846	138.0	22	1.05	0.95				
	207	2	60.95545412280702	12.191090824561403	0.0	0.0	2	0.9966633837694268	-19.540281979963456	138.0	22	1.05	0.95				
	208	1	83.38706124	17.067527154385964	0.0	0.0	2	0.9987553668517215	-17.271932591036375	138.0	22	1.05	0.95				
	209	1	85.33763577192983	17.555170787368418	0.0	0.0	2	1.0243967474160582	-9.955787354759467	138.0	23	1.05	0.95				
	210	1	95.09050843157894	19.505745319298246	0.0	0.0	2	1.05	-11.317207633021281	138.0	23	1.05	0.95				
	211	1	0.0	0.0	0.0	0.0	2	1.0087800497178554	-7.044681711334584	230.0	23	1.05	0.95				
	212	1	0.0	0.0	0.0	0.0	2	1.0133879579072511	-2.608378193825999	230.0	23	1.05	0.95				
	213	2	129.22556274035085	26.33275618105263	0.0	0.0	2	1.0076981850569946	-4.604383189722101	230.0	24	1.05	0.95				
	214	2	94.60286479859649	19.018101686315788	0.0	0.0	2	1.0095316162859391	-5.497810227790188	230.0	26	1.05	0.95				
	215	2	154.5830316554386	31.209192510877195	0.0	0.0	2	1.0241708202153015	-0.028210079167474245	230.0	26	1.05	0.95				
	216	2	48.76436329824561	9.752872659649123	0.0	0.0	2	1.0240886520404022	-0.28819585634050565	230.0	26	1.05	0.95				
	217	1	0.0	0.0	0.0	0.0	2	1.0281376702213072	0.7776126239250454	230.0	27	1.05	0.95				
	218	2	162.38532978315789	33.15976704280702	0.0	0.0	2	1.0272668943249523	0.2937206618785417	230.0	27	1.05	0.95				
	219	1	88.26349756982455	18.042814420350876	0.0	0.0	2	1.023044249701673	-0.11761245052624382	230.0	25	1.05	0.95				
	220	1	62.41838502175439	12.678734457543857	0.0	0.0	2	1.0258009301269806	0.9846743134706502	230.0	25	1.05	0.95				
	221	2	0.0	0.0	0.0	0.0	2	1.029603085845801	0.9863283158994594	230.0	27	1.05	0.95				
	222	2	0.0	0.0	0.0	0.0	2	1.049999990937262	7.3958274751144115	230.0	27	1.05	0.95				
	223	2	0.0	0.0	0.0	0.0	2	1.028510669698509	1.9611515392938144	230.0	25	1.05	0.95				
	224	1	0.0	0.0	0.0	0.0	2	1.0080794493781209	-3.7424148270540947	230.0	26	1.05	0.95				
	301	2	66.57323631157895	13.561214804210525	0.0	0.0	3	0.9946549944102225	2.290517023481992	138.0	31	1.05	0.95				
	302	2	59.79262890947368	12.328377094736842	0.0	0.0	3	0.9945450126233898	2.2396407379226777	138.0	32	1.05	0.95				
	303	1	110.95539385263157	22.807497625263156	0.0	0.0	3	1.0151372411285866	5.71375141950602	138.0	31	1.05	0.95				
	304	1	45.61499525052631	9.246282821052631	0.0	0.0	3	1.0002735698512826	4.310604997511771	138.0	31	1.05	0.95				
	305	1	43.765738686315785	8.62986396631579	0.0	0.0	3	1.0127143565533436	4.296553770003393	138.0	31	1.05	0.95				
	306	1	83.83296424421053	17.25972793263158	0.0	-100.0	3	1.031058350894319	4.721649239470562	138.0	32	1.05	0.95				
	307	2	77.05235684210527	15.410471368421053	0.0	0.0	3	0.9901641986657642	0.1677332948865741	138.0	32	1.05	0.95				
	308	1	105.40762416	21.574659915789475	0.0	0.0	3	0.9984170565738811	2.9741442557090436	138.0	32	1.05	0.95				
	309	1	107.87329957894735	22.191078770526314	0.0	0.0	3	1.0269483176602698	8.509876516726957	138.0	33	1.05	0.95				
	310	1	120.2016766736842	24.656754189473684	0.0	0.0	3	1.05	8.263525860965313	138.0	33	1.05	0.95				
	311	1	0.0	0.0	0.0	0.0	3	1.017781714543757	14.61554371225103	230.0	33	1.05	0.95				
	312	1	0.0	0.0	0.0	0.0	3	1.022556127474753	15.94631334205521	230.0	33	1.05	0.95				
	313	2	163.35099650526314	33.286618155789476	0.0	0.0	3	1.0432087512671036	22.735966266513625	230.0	34	1.05	0.95				
	314	2	119.58525781894735	24.04033533473684	0.0	0.0	3	1.0201412232790057	13.564856255441727	230.0	36	1.05	0.95				
	315	2	195.40477695157895	39.450806703157895	0.0	0.0	3	1.0343103324596363	8.800638948465611	230.0	36	1.05	0.95				
	316	2	61.64188547368421	12.328377094736842	0.0	0.0	3	1.0356921462629967	10.112145371422518	230.0	36	1.05	0.95				
	317	1	0.0	0.0	0.0	0.0	3	1.0402707149141823	9.892777195501331	230.0	37	1.05	0.95				
	318	2	205.2674786273684	41.916482122105265	0.0	0.0	3	1.0372874067391853	8.310298270346175	230.0	37	1.05	0.95				
	319	1	111.57181270736842	22.807497625263156	0.0	0.0	3	1.0355460840776587	12.798347664891676	230.0	35	1.05	0.95				
	320	1	78.90161340631579	16.026890223157896	0.0	0.0	3	1.0382180062546436	14.775592586503675	230.0	35	1.05	0.95				
	321	2	0.0	0.0	0.0	0.0	3	1.0380828482637237	9.059601034006565	230.0	37	1.05	0.95				
	322	2	0.0	0.0	0.0	0.0	3	1.0499999993682323	13.700742465479632	230.0	37	1.05	0.95				
	323	2	0.0	0.0	0.0	0.0	3	1.039826429995303	15.556471106908639	230.0	35	1.05	0.95				
	324	1	0.0	0.0	0.0	0.0	3	1.0239483756621715	9.765806633229921	230.0	36	1.05	0.95				
	325	1	0.0	0.0	0.0	0.0	3	1.0417734478332168	15.440886401053527	230.0	35	1.05	0.95				
];

%% generator data
%    bus    Pg    Qg    Qmax    Qmin    Vg    mBase    status    Pmax    Pmin    Pc1    Pc2    Qc1min    Qc1max    Qc2min    Qc2max    ramp_agc    ramp_10    ramp_30    ramp_q    apf
