%% MATPOWER Case Format : Version 2
function mpc = RTS_GMLC
mpc.version = '2';

%%-----  Power Flow Data  -----%%
%% system MVA base
mpc.baseMVA = 100.0;
%% bus data
%    bus_i    type    Pd    Qd    Gs    Bs    area    Vm    Va    baseKV    zone    Vmax    Vmin
mpc.bus = [
	101	2	45.74369125894737	9.318159330526317	0.0	0.0	1	1.0124323319621136	-4.683347284234262	138.0	11	1.05	0.95				
	102	2	41.08461159368421	8.471053936842106	0.0	0.0	1	1.0122665542743696	-4.901342761413746	138.0	12	1.05	0.95				
	103	1	76.23948543157896	15.671449783157895	0.0	0.0	1	1.0007193669061607	-0.5449225520209487	138.0	11	1.05	0.95				
	104	1	31.34289956631579	6.353290452631579	0.0	0.0	1	1.002227588642568	-4.817778233595866	138.0	11	1.05	0.95				
	105	1	30.072241475789475	5.929737755789474	0.0	0.0	1	1.0157394327370042	-5.883183099648713	138.0	11	1.05	0.95				
	106	1	57.60316677052633	11.859475511578948	0.0	-100.0	1	1.0252817603663893	-7.059879129404975	138.0	12	1.05	0.95				
	107	2	52.94408710526316	10.588817421052632	0.0	0.0	1	0.9851933449542664	-9.717402175185892	138.0	12	1.05	0.95				
	108	1	72.42751116000001	14.824344389473683	0.0	0.0	1	0.9866423354598884	-9.027031099029363	138.0	12	1.05	0.95				
	109	1	74.12172194736843	15.24789708631579	0.0	0.0	1	1.001522021573282	-3.9111516179578065	138.0	13	1.05	0.95				
	110	1	82.59277588421052	16.94210787368421	0.0	0.0	1	1.0291945300890113	-5.7000562833263375	138.0	13	1.05	0.95				
	111	1	0.0	0.0	0.0	0.0	1	0.9813217780955853	-1.2764503963326783	230.0	13	1.05	0.95				
	112	1	0.0	0.0	0.0	0.0	1	0.9821547733580275	-1.7606953703769226	230.0	13	1.05	0.95				
	113	3	112.2414646631579	22.871845629473686	0.0	0.0	1	0.9644062422917328	2.916833543203231e-28	230.0	14	1.05	0.95				
	114	2	82.16922318736842	16.518555176842106	0.0	0.0	1	0.9895538841502499	1.2889304143790061	230.0	16	1.05	0.95				
	115	2	134.26620489894736	27.10737259789474	0.0	0.0	1	0.9904786984587063	9.06223879385297	230.0	16	1.05	0.95				
	116	2	42.355269684210526	8.471053936842106	0.0	0.0	1	0.9899678890048477	7.823471975926305	230.0	16	1.05	0.95				
	117	1	0.0	0.0	0.0	0.0	1	0.9937476853427573	12.75753270099408	230.0	17	1.05	0.95				
	118	2	141.04304804842107	28.801583385263164	0.0	0.0	1	0.9994280494992471	13.227854007628547	230.0	17	1.05	0.95				
	119	1	76.66303812842105	15.671449783157895	0.0	0.0	1	0.9899842901475109	4.912707192572758	230.0	15	1.05	0.95				
	120	1	54.21474519578948	11.012370117894738	0.0	0.0	1	0.9940530278648784	2.8667448569175953	230.0	15	1.05	0.95				
	121	2	0.0	0.0	0.0	0.0	1	1.000123928270285	14.471068555121123	230.0	17	1.05	0.95				
	122	2	0.0	0.0	0.0	0.0	1	1.0130125731212072	29.057398176113306	230.0	17	1.05	0.95				
	123	2	0.0	0.0	0.0	0.0	1	0.9971411702992222	2.092756057439838	230.0	15	1.05	0.95				
	124	1	0.0	0.0	0.0	0.0	1	0.9828660568502529	5.387895711806425	230.0	16	1.05	0.95				
	201	2	41.343617178947376	8.42184794385965	0.0	0.0	2	1.0115354557375846	-8.17020525343147	138.0	21	1.05	0.95				
	202	2	37.132693207017546	7.656225403508773	0.0	0.0	2	1.010364071606141	-8.339585425676352	138.0	22	1.05	0.95				
	203	1	68.90602863157895	14.16401699649123	0.0	0.0	2	0.9976377576176548	-6.425655507442969	138.0	21	1.05	0.95				
	204	1	28.32803399298246	5.74216905263158	0.0	0.0	2	1.002429004482033	-7.503015239946946	138.0	21	1.05	0.95				
	205	1	27.17960018245614	5.359357782456142	0.0	0.0	2	1.0184568798274267	-7.759352812326953	138.0	21	1.05	0.95				
	206	1	52.06233274385966	10.718715564912284	0.0	-100.0	2	1.0305210035317691	-8.019291509522022	138.0	22	1.05	0.95				
	207	2	47.85140877192983	9.570281754385967	0.0	0.0	2	0.9718109426883266	-12.58943929700151	138.0	22	1.05	0.95				
	208	1	65.46072720000001	13.398394456140354	0.0	0.0	2	0.9816364838598192	-10.859001431507789	138.0	22	1.05	0.95				
	209	1	66.99197228070176	13.78120572631579	0.0	0.0	2	1.0071976645015253	-5.183679311218219	138.0	23	1.05	0.95				
	210	1	74.64819768421054	15.312450807017546	0.0	0.0	2	1.0347787843104548	-6.080200562610729	138.0	23	1.05	0.95				
	211	1	0.0	0.0	0.0	0.0	2	0.9866523348795878	-2.938648598121429	230.0	23	1.05	0.95				
	212	1	0.0	0.0	0.0	0.0	2	0.9895699674130254	1.7493211261152606	230.0	23	1.05	0.95				
	213	2	101.44498659649123	20.671808589473688	0.0	0.0	2	0.9822927950375513	-0.45855748505599175	230.0	24	1.05	0.95				
	214	2	74.26538641403509	14.929639536842107	0.0	0.0	2	0.9812362880753642	-2.2638584165792333	230.0	26	1.05	0.95				
	215	2	121.35117264561406	24.499921291228073	0.0	0.0	2	0.990946680578008	1.3859127858777842	230.0	26	1.05	0.95				
	216	2	38.28112701754387	7.656225403508773	0.0	0.0	2	0.9887864158805406	1.2040534940161538	230.0	26	1.05	0.95				
	217	1	0.0	0.0	0.0	0.0	2	0.9989590853425342	1.9847003076044174	230.0	27	1.05	0.95				
	218	2	127.47615296842108	26.03116637192983	0.0	0.0	2	0.9996251590028019	1.6103606348782766	230.0	27	1.05	0.95				
	219	1	69.2888399017544	14.16401699649123	0.0	0.0	2	0.982960688091768	2.123834483108881	230.0	25	1.05	0.95				
	220	1	48.99984258245615	9.953093024561404	0.0	0.0	2	0.9808592469830979	3.7460876442350752	230.0	25	1.05	0.95				
	221	2	0.0	0.0	0.0	0.0	2	1.0018389780516863	2.217859043674353	230.0	27	1.05	0.95				
	222	2	0.0	0.0	0.0	0.0	2	1.0198190630252137	7.793447122506418	230.0	27	1.05	0.95				
	223	2	0.0	0.0	0.0	0.0	2	0.980785845546931	4.965355783714721	230.0	25	1.05	0.95				
	224	1	0.0	0.0	0.0	0.0	2	0.9839153316734062	-1.5916720487011415	230.0	26	1.05	0.95				
	301	2	52.547927873684216	10.704207529824563	0.0	0.0	3	1.0101809888967048	17.973908006798272	138.0	31	1.05	0.95				
	302	2	47.19582410877193	9.731097754385965	0.0	0.0	3	1.0103589269792679	17.793946672325536	138.0	32	1.05	0.95				
	303	1	87.5798797894737	18.002530845614036	0.0	0.0	3	1.0101294377310552	25.63573695965003	138.0	31	1.05	0.95				
	304	1	36.00506169122807	7.298323315789474	0.0	0.0	3	1.0010383942186747	19.298911891846355	138.0	31	1.05	0.95				
	305	1	34.54539702807018	6.8117684280701765	0.0	0.0	3	1.0172689682793155	18.623466877272584	138.0	31	1.05	0.95				
	306	1	66.17146472982456	13.623536856140353	0.0	-100.0	3	1.029240032269597	18.40807153335621	138.0	32	1.05	0.95				
	307	2	60.819360964912285	12.163872192982456	0.0	0.0	3	0.9665313231863165	13.463426735826186	138.0	32	1.05	0.95				
	308	1	83.20088580000001	17.029421070175438	0.0	0.0	3	0.9770955709104223	15.718842763808299	138.0	32	1.05	0.95				
	309	1	85.1471053508772	17.515975957894735	0.0	0.0	3	1.0094211863171274	22.593035784751955	138.0	33	1.05	0.95				
	310	1	94.87820310526315	19.46219550877193	0.0	0.0	3	1.037107028200919	20.874736478190716	138.0	33	1.05	0.95				
	311	1	0.0	0.0	0.0	0.0	3	0.9894937139892357	26.18456961427599	230.0	33	1.05	0.95				
	312	1	0.0	0.0	0.0	0.0	3	0.9981135063528593	25.99522817892457	230.0	33	1.05	0.95				
	313	2	128.93704524561406	26.273963936842108	0.0	0.0	3	0.9982508618857423	29.398342410154346	230.0	34	1.05	0.95				
	314	2	94.39164821754386	18.975640621052634	0.0	0.0	3	0.979214168489203	27.965522867181264	230.0	36	1.05	0.95				
	315	2	154.23789940701755	31.139512814035093	0.0	0.0	3	0.9832172755714594	27.29513578648947	230.0	36	1.05	0.95				
	316	2	48.655488771929825	9.731097754385965	0.0	0.0	3	0.9718346064864304	28.06488161819301	230.0	36	1.05	0.95				
	317	1	0.0	0.0	0.0	0.0	3	0.9900715602285012	31.039448360702302	230.0	37	1.05	0.95				
	318	2	162.02277761052633	33.08573236491228	0.0	0.0	3	0.9861761040826361	27.348307228019696	230.0	37	1.05	0.95				
	319	1	88.066434677193	18.002530845614036	0.0	0.0	3	0.9828403037007547	27.733292880965923	230.0	35	1.05	0.95				
	320	1	62.27902562807019	12.650427080701757	0.0	0.0	3	0.992668620291598	26.765370750067554	230.0	35	1.05	0.95				
	321	2	0.0	0.0	0.0	0.0	3	0.9929400875345537	27.906013168573384	230.0	37	1.05	0.95				
	322	2	0.0	0.0	0.0	0.0	3	1.0106086213406245	32.74113680776902	230.0	37	1.05	0.95				
	323	2	0.0	0.0	0.0	0.0	3	0.9974836867435037	25.956146665634925	230.0	35	1.05	0.95				
	324	1	0.0	0.0	0.0	0.0	3	0.9911636199070675	28.50882464008133	230.0	36	1.05	0.95				
