%% MATPOWER Case Format : Version 2
function mpc = RTS_GMLC
mpc.version = '2';

%%-----  Power Flow Data  -----%%
%% system MVA base
mpc.baseMVA = 100.0;
%% bus data
%    bus_i    type    Pd    Qd    Gs    Bs    area    Vm    Va    baseKV    zone    Vmax    Vmin
mpc.bus = [
	101	2	48.65611085052632	9.911429988070175	0.0	0.0	1	1.0344591289816898	0.484578784442452	138.0	11	1.05	0.95				
	102	2	43.70039585649123	9.010390898245614	0.0	0.0	1	1.0323306286992424	-0.07877248770850999	138.0	12	1.05	0.95				
	103	1	81.09351808421053	16.669223161754385	0.0	0.0	1	1.0332895918428657	0.672971725343778	138.0	11	1.05	0.95				
	104	1	33.33844632350877	6.75779317368421	0.0	0.0	1	1.0241913218185792	-2.022212489438463	138.0	11	1.05	0.95				
	105	1	31.986887688771926	6.30727362877193	0.0	0.0	1	1.0361226159413117	-2.570918663023447	138.0	11	1.05	0.95				
	106	1	61.27065810807017	12.61454725754386	0.0	-100.0	1	1.0448035036372283	-4.847175220990418	138.0	12	1.05	0.95				
	107	2	56.31494311403509	11.262988622807017	0.0	0.0	1	1.0002623428905264	-10.355793795344521	138.0	12	1.05	0.95				
	108	1	77.03884218	15.768184071929822	0.0	0.0	1	1.0034168986949448	-8.888545549800126	138.0	12	1.05	0.95				
	109	1	78.84092035964912	16.218703616842102	0.0	0.0	1	1.025220815296615	-2.919153199143772	138.0	13	1.05	0.95				
	110	1	87.85131125789474	18.020781796491228	0.0	0.0	1	1.05	-4.251943815755953	138.0	13	1.05	0.95				
	111	1	0.0	0.0	0.0	0.0	1	1.0051949366175457	-0.894651030055089	230.0	13	1.05	0.95				
	112	1	0.0	0.0	0.0	0.0	1	1.0086274131943236	-1.3369661659111804	230.0	13	1.05	0.95				
	113	3	119.38767940175438	24.32805542526316	0.0	0.0	1	0.9978440604579072	5.535802719602825e-29	230.0	14	1.05	0.95				
	114	2	87.40079171298245	17.570262251578946	0.0	0.0	1	1.0044831606839444	1.1409967861338695	230.0	16	1.05	0.95				
	115	2	142.81469573719298	28.833250874385964	0.0	0.0	1	1.0398828345583777	8.019194357529148	230.0	16	1.05	0.95				
	116	2	45.05195449122807	9.010390898245614	0.0	0.0	1	1.035148510952368	6.646328811240145	230.0	16	1.05	0.95				
	117	1	0.0	0.0	0.0	0.0	1	1.0422889388574121	10.585565763529978	230.0	17	1.05	0.95				
	118	2	150.02300845578947	30.635329054035086	0.0	0.0	1	1.0467260183378202	11.570512759866597	230.0	17	1.05	0.95				
	119	1	81.54403762912281	16.669223161754385	0.0	0.0	1	1.0232208483483116	3.981027822387495	230.0	15	1.05	0.95				
	120	1	57.66650174877193	11.713508167719299	0.0	0.0	1	1.0167487283468502	2.106147532488574	230.0	15	1.05	0.95				
	121	2	0.0	0.0	0.0	0.0	1	1.0492127511295815	13.172016904127286	230.0	17	1.05	0.95				
	122	2	0.0	0.0	0.0	0.0	1	1.05	19.03342306824221	230.0	17	1.05	0.95				
	123	2	0.0	0.0	0.0	0.0	1	1.014027671859427	1.420254438975656	230.0	15	1.05	0.95				
	124	1	0.0	0.0	0.0	0.0	1	1.0278696982754325	5.261129640427913	230.0	16	1.05	0.95				
	201	2	42.34660791157896	8.626160870877193	0.0	0.0	2	1.015956522232481	-11.627611041255511	138.0	21	1.05	0.95				
	202	2	38.03352747614036	7.841964428070177	0.0	0.0	2	1.0151196196109	-11.868219639396639	138.0	22	1.05	0.95				
	203	1	70.57767985263159	14.507634191929824	0.0	0.0	2	1.0147086163147454	-9.034757900612078	138.0	21	1.05	0.95				
	204	1	29.01526838385965	5.881473321052632	0.0	0.0	2	1.0134659599409501	-11.354014385426916	138.0	21	1.05	0.95				
	205	1	27.838973719649125	5.4893750996491235	0.0	0.0	2	1.0282396663710704	-11.667782598313782	138.0	21	1.05	0.95				
	206	1	53.3253581108772	10.978750199298247	0.0	-100.0	2	1.043267219097339	-12.187792398961934	138.0	22	1.05	0.95				
	207	2	49.0122776754386	9.80245553508772	0.0	0.0	2	0.9986643492405031	-16.88950403425504	138.0	22	1.05	0.95				
	208	1	67.04879586000001	13.723437749122807	0.0	0.0	2	1.0036842794931402	-15.13074142464126	138.0	22	1.05	0.95				
	209	1	68.61718874561404	14.115535970526317	0.0	0.0	2	1.0232935553181908	-9.308999580292495	138.0	23	1.05	0.95				
	210	1	76.45915317368421	15.683928856140353	0.0	0.0	2	1.05	-10.446189161742321	138.0	23	1.05	0.95				
	211	1	0.0	0.0	0.0	0.0	2	1.0020242671252697	-7.212138845085536	230.0	23	1.05	0.95				
	212	1	0.0	0.0	0.0	0.0	2	1.0081844713908856	-3.462073519207705	230.0	23	1.05	0.95				
	213	2	103.90602867192985	21.17330395578948	0.0	0.0	2	0.9950190030080344	-5.498472397645175	230.0	24	1.05	0.95				
	214	2	76.06705495228071	15.291830634736844	0.0	0.0	2	0.9986773995618631	-5.89343515985682	230.0	26	1.05	0.95				
	215	2	124.29513618491228	25.094286169824564	0.0	0.0	2	1.0168577443295228	-0.620568614271918	230.0	26	1.05	0.95				
	216	2	39.20982214035088	7.841964428070177	0.0	0.0	2	1.014722731223738	-1.6093600759547781	230.0	26	1.05	0.95				
	217	1	0.0	0.0	0.0	0.0	2	1.021061703062021	0.04045207712865757	230.0	27	1.05	0.95				
	218	2	130.56870772736843	26.6626790554386	0.0	0.0	2	1.0208630303845478	-0.23818124877056465	230.0	27	1.05	0.95				
	219	1	70.96977807403509	14.507634191929824	0.0	0.0	2	1.0115930169184661	-2.2543941203272313	230.0	25	1.05	0.95				
	220	1	50.18857233964913	10.194553756491228	0.0	0.0	2	1.0114375691093638	-2.0275842471559056	230.0	25	1.05	0.95				
	221	2	0.0	0.0	0.0	0.0	2	1.0230619988659284	0.4338555508619726	230.0	27	1.05	0.95				
	222	2	0.0	0.0	0.0	0.0	2	1.044819361434847	6.835080028849203	230.0	27	1.05	0.95				
	223	2	0.0	0.0	0.0	0.0	2	1.0118281363700259	-1.5910344136830363	230.0	25	1.05	0.95				
	224	1	0.0	0.0	0.0	0.0	2	1.0056269283187136	-3.79671933207164	230.0	26	1.05	0.95				
	301	2	52.85542551157894	10.76684593754386	0.0	0.0	3	0.9993830445549601	8.801620545143464	138.0	31	1.05	0.95				
	302	2	47.47200254280702	9.788041761403509	0.0	0.0	3	0.9991686628953831	8.766067647117369	138.0	32	1.05	0.95				
	303	1	88.09237585263158	18.107877258596492	0.0	0.0	3	1.0179872091799929	11.182492816228416	138.0	31	1.05	0.95				
	304	1	36.215754517192984	7.341031321052631	0.0	0.0	3	1.0047767376016903	10.307846828133142	138.0	31	1.05	0.95				
	305	1	34.747548252982455	6.851629232982456	0.0	0.0	3	1.0174831409696556	10.414051009723785	138.0	31	1.05	0.95				
	306	1	66.55868397754386	13.703258465964913	0.0	-100.0	3	1.036234153000636	10.73747884507466	138.0	32	1.05	0.95				
	307	2	61.17526100877193	12.235052201754385	0.0	0.0	3	0.9872617710364091	7.53312032573052	138.0	32	1.05	0.95				
	308	1	83.68775706	17.129073082456138	0.0	0.0	3	1.0005350565081843	9.658018962364238	138.0	32	1.05	0.95				
	309	1	85.64536541228071	17.618475170526317	0.0	0.0	3	1.0254137461532726	13.570986003403318	138.0	33	1.05	0.95				
	310	1	95.4334071736842	19.576083522807018	0.0	0.0	3	1.05	13.588201372716457	138.0	33	1.05	0.95				
	311	1	0.0	0.0	0.0	0.0	3	1.0081358582165967	18.33721273574229	230.0	33	1.05	0.95				
	312	1	0.0	0.0	0.0	0.0	3	1.014961555689518	19.427885374044283	230.0	33	1.05	0.95				
	313	2	129.69155333859646	26.42771275578947	0.0	0.0	3	1.0208496621065155	25.255221336802748	230.0	34	1.05	0.95				
	314	2	94.94400508561404	19.086681434736843	0.0	0.0	3	1.0050403652790834	17.061901784506183	230.0	36	1.05	0.95				
	315	2	155.14046191824562	31.321733636491228	0.0	0.0	3	1.0264828980363339	10.971114661106583	230.0	36	1.05	0.95				
	316	2	48.94020880701754	9.788041761403509	0.0	0.0	3	1.0270839353713626	12.117882599738964	230.0	36	1.05	0.95				
	317	1	0.0	0.0	0.0	0.0	3	1.0315464848542855	10.639342170502841	230.0	37	1.05	0.95				
	318	2	162.97089532736842	33.27934198877193	0.0	0.0	3	1.0301559478313154	9.204237322820982	230.0	37	1.05	0.95				
	319	1	88.58177794070176	18.107877258596492	0.0	0.0	3	1.0265985568693856	15.029162233458761	230.0	35	1.05	0.95				
	320	1	62.643467272982456	12.72445428982456	0.0	0.0	3	1.0275705973336846	16.924297814110794	230.0	35	1.05	0.95				
	321	2	0.0	0.0	0.0	0.0	3	1.0309785441605546	10.371756789205758	230.0	37	1.05	0.95				
	322	2	0.0	0.0	0.0	0.0	3	1.0447782377937422	14.826169587856905	230.0	37	1.05	0.95				
	323	2	0.0	0.0	0.0	0.0	3	1.0277104981440361	17.603188211113082	230.0	35	1.05	0.95				
	324	1	0.0	0.0	0.0	0.0	3	1.0220715837052663	13.170826888059164	230.0	36	1.05	0.95				
	325	1	0.0	0.0	0.0	0.0	3	1.0309035324983475	17.234376094589177	230.0	35	1.05	0.95				
];
