%% MATPOWER Case Format : Version 2
function mpc = RTS_GMLC
mpc.version = '2';

%%-----  Power Flow Data  -----%%
%% system MVA base
mpc.baseMVA = 100.0;
%% bus data
%    bus_i    type    Pd    Qd    Gs    Bs    area    Vm    Va    baseKV    zone    Vmax    Vmin
mpc.bus = [
	101	2	35.710539336000004	7.274369124000001	0.0	0.0	1	1.0152002984671191	-0.5326161060519182	138.0	11	1.05	0.95				
	102	2	32.073354774	6.61306284	0.0	0.0	1	1.0130898825348724	-1.090792018194114	138.0	12	1.05	0.95				
	103	1	59.51756556000001	12.234166254000002	0.0	0.0	1	1.0304940489562933	1.596872166873691	138.0	11	1.05	0.95				
	104	1	24.468332508000003	4.95979713	0.0	0.0	1	1.014806909502687	-2.3813689691375313	138.0	11	1.05	0.95				
	105	1	23.476373082	4.629143988000001	0.0	0.0	1	1.0285020067793553	-2.465769850986521	138.0	11	1.05	0.95				
	106	1	44.968827312	9.258287976000002	0.0	-100.0	1	1.0440867081260408	-4.026735212165096	138.0	12	1.05	0.95				
	107	2	41.33164275	8.26632855	0.0	0.0	1	1.000770388722954	-9.940014019512626	138.0	12	1.05	0.95				
	108	1	56.541687282	11.57285997	0.0	0.0	1	1.0068938361333688	-7.880088006287485	138.0	12	1.05	0.95				
	109	1	57.86429985	11.903513112	0.0	0.0	1	1.024765670383332	-2.050286922906268	138.0	13	1.05	0.95				
	110	1	64.47736268999999	13.22612568	0.0	0.0	1	1.05	-3.333621102762926	138.0	13	1.05	0.95				
	111	1	0.0	0.0	0.0	0.0	1	1.0036999049126856	0.2385835085594517	230.0	13	1.05	0.95				
	112	1	0.0	0.0	0.0	0.0	1	1.0080791395036772	-0.7548278527571467	230.0	13	1.05	0.95				
	113	3	87.62308263	17.855269668000002	0.0	0.0	1	0.9943593047365961	-5.548885565002005e-31	230.0	14	1.05	0.95				
	114	2	64.146709548	12.895472538	0.0	0.0	1	1.0048619115587316	3.5056083466715893	230.0	16	1.05	0.95				
	115	2	104.817046014	21.161801088	0.0	0.0	1	1.0433376236952372	11.432842423593762	230.0	16	1.05	0.95				
	116	2	33.0653142	6.61306284	0.0	0.0	1	1.0357748173626338	9.943115832995591	230.0	16	1.05	0.95				
	117	1	0.0	0.0	0.0	0.0	1	1.0408713516634134	15.09001522122548	230.0	17	1.05	0.95				
	118	2	110.107496286	22.484413656	0.0	0.0	1	1.049999939529085	15.520231624074635	230.0	17	1.05	0.95				
	119	1	59.848218702	12.234166254000002	0.0	0.0	1	1.024240989101671	6.241932118596123	230.0	15	1.05	0.95				
	120	1	42.323602176	8.596981692000002	0.0	0.0	1	1.0191146408086178	3.6278022316254748	230.0	15	1.05	0.95				
	121	2	0.0	0.0	0.0	0.0	1	1.05	16.73467892629874	230.0	17	1.05	0.95				
	122	2	0.0	0.0	0.0	0.0	1	1.05	32.713246201108426	230.0	17	1.05	0.95				
	123	2	0.0	0.0	0.0	0.0	1	1.0169137389721246	2.4408425917772787	230.0	15	1.05	0.95				
	124	1	0.0	0.0	0.0	0.0	1	1.0262023060247456	7.758031047268498	230.0	16	1.05	0.95				
	201	2	38.198646303157894	7.781205728421052	0.0	0.0	2	1.0150942258901339	-16.066451663529595	138.0	21	1.05	0.95				
	202	2	34.308043438947365	7.0738233894736835	0.0	0.0	2	1.0141616697327158	-16.36588918862748	138.0	22	1.05	0.95				
	203	1	63.664410505263156	13.086573270526314	0.0	0.0	2	1.0157607629806678	-11.745624455172026	138.0	21	1.05	0.95				
	204	1	26.173146541052628	5.305367542105262	0.0	0.0	2	1.0131388026109274	-16.19284449392344	138.0	21	1.05	0.95				
	205	1	25.112073032631578	4.951676372631579	0.0	0.0	2	1.0284053735009153	-16.64922483175253	138.0	21	1.05	0.95				
	206	1	48.10199904842105	9.903352745263158	0.0	-100.0	2	1.0440789149534684	-17.443966894422164	138.0	22	1.05	0.95				
	207	2	44.21139618421052	8.842279236842105	0.0	0.0	2	0.9970991143407588	-21.590635292398865	138.0	22	1.05	0.95				
	208	1	60.481189979999996	12.379190931578945	0.0	0.0	2	1.003961611136413	-20.037867657390724	138.0	22	1.05	0.95				
	209	1	61.89595465789473	12.732882101052631	0.0	0.0	2	1.0218654370144198	-14.577308288335743	138.0	23	1.05	0.95				
	210	1	68.96977804736841	14.147646778947367	0.0	0.0	2	1.05	-16.09218737646433	138.0	23	1.05	0.95				
	211	1	0.0	0.0	0.0	0.0	2	1.0033479637863447	-12.021592782140303	230.0	23	1.05	0.95				
	212	1	0.0	0.0	0.0	0.0	2	1.0054154056204283	-11.828535601192197	230.0	23	1.05	0.95				
	213	2	93.7281599105263	19.099323151578947	0.0	0.0	2	0.9956101281903615	-11.278034777585177	230.0	24	1.05	0.95				
	214	2	68.61608687789473	13.793955609473683	0.0	0.0	2	1.0049207270484501	-9.229048446228171	230.0	26	1.05	0.95				
	215	2	112.12010072315788	22.636234846315787	0.0	0.0	2	1.0202334146342986	-2.4064775585352844	230.0	26	1.05	0.95				
	216	2	35.36911694736842	7.0738233894736835	0.0	0.0	2	1.0209067260255655	-3.135962088610974	230.0	26	1.05	0.95				
	217	1	0.0	0.0	0.0	0.0	2	1.0257896946951883	-1.0312860095279777	230.0	27	1.05	0.95				
	218	2	117.77915943473683	24.050999524210525	0.0	0.0	2	1.025630878482008	-1.4217381585782225	230.0	27	1.05	0.95				
	219	1	64.01810167473684	13.086573270526314	0.0	0.0	2	1.0186813976317803	-4.348618232454443	230.0	25	1.05	0.95				
	220	1	45.272469692631574	9.195970406315789	0.0	0.0	2	1.019016259583806	-4.700730249980472	230.0	25	1.05	0.95				
	221	2	0.0	0.0	0.0	0.0	2	1.02742262229522	-0.9498934602566191	230.0	27	1.05	0.95				
	222	2	0.0	0.0	0.0	0.0	2	1.0493095111814223	5.516705583814871	230.0	27	1.05	0.95				
	223	2	0.0	0.0	0.0	0.0	2	1.019386972896092	-4.6164939349401095	230.0	25	1.05	0.95				
	224	1	0.0	0.0	0.0	0.0	2	1.0070763007375336	-5.924186027505577	230.0	26	1.05	0.95				
	301	2	43.237583052631585	8.807655807017545	0.0	0.0	3	1.0115930592189397	-6.8493483603235665	138.0	31	1.05	0.95				
	302	2	38.83375514912281	8.006959824561404	0.0	0.0	3	1.0113594525992842	-7.062564197813053	138.0	32	1.05	0.95				
	303	1	72.06263842105264	14.812875675438598	0.0	0.0	3	1.040337111888459	1.6402690587044049	138.0	31	1.05	0.95				
	304	1	29.625751350877195	6.005219868421053	0.0	0.0	3	1.0129780293934847	-5.9519711594797755	138.0	31	1.05	0.95				
	305	1	28.42470737719298	5.604871877192983	0.0	0.0	3	1.0259273881646422	-7.125657445512223	138.0	31	1.05	0.95				
	306	1	54.44732680701755	11.209743754385967	0.0	-100.0	3	1.0420936352129893	-7.771820073815978	138.0	32	1.05	0.95				
	307	2	50.04349890350878	10.008699780701754	0.0	0.0	3	0.9872903014200425	-11.81251241017398	138.0	32	1.05	0.95				
	308	1	68.4595065	14.012179692982455	0.0	0.0	3	0.9973373884940006	-10.05809477067002	138.0	32	1.05	0.95				
	309	1	70.06089846491228	14.412527684210527	0.0	0.0	3	1.0262702993950434	-3.398891680674387	138.0	33	1.05	0.95				
	310	1	78.06785828947368	16.01391964912281	0.0	0.0	3	1.05	-6.111167774817151	138.0	33	1.05	0.95				
	311	1	0.0	0.0	0.0	0.0	3	1.0059093768242926	-1.6647986357986497	230.0	33	1.05	0.95				
	312	1	0.0	0.0	0.0	0.0	3	1.0116412879961667	-0.8983737385200159	230.0	33	1.05	0.95				
	313	2	106.09221767543859	21.618791526315793	0.0	0.0	3	1.0090672464406438	1.5871867266944173	230.0	34	1.05	0.95				
	314	2	77.66751029824562	15.613571657894736	0.0	0.0	3	0.9984097577563207	-1.294543174774808	230.0	36	1.05	0.95				
	315	2	126.91031321929825	25.622271438596496	0.0	0.0	3	1.0298241006576696	1.5334957142024706	230.0	36	1.05	0.95				
	316	2	40.034799122807016	8.006959824561404	0.0	0.0	3	1.026600132359188	1.596282318325929	230.0	36	1.05	0.95				
	317	1	0.0	0.0	0.0	0.0	3	1.0394089618455784	4.875105699489395	230.0	37	1.05	0.95				
	318	2	133.31588107894737	27.223663403508773	0.0	0.0	3	1.036857400370559	2.9818247940303824	230.0	37	1.05	0.95				
	319	1	72.4629864122807	14.812875675438598	0.0	0.0	3	1.0216903667235664	1.6214405120812878	230.0	35	1.05	0.95				
	320	1	51.24454287719299	10.409047771929824	0.0	0.0	3	1.0200007183951325	2.434052189431347	230.0	35	1.05	0.95				
	321	2	0.0	0.0	0.0	0.0	3	1.0365603045116067	3.107172385977053	230.0	37	1.05	0.95				
	322	2	0.0	0.0	0.0	0.0	3	1.0499999943683658	8.112181305236438	230.0	37	1.05	0.95				
	323	2	0.0	0.0	0.0	0.0	3	1.0197348082484186	3.1960267048217004	230.0	35	1.05	0.95				
	324	1	0.0	0.0	0.0	0.0	3	1.0298141673298913	1.5721965552404138	230.0	36	1.05	0.95				
	325	1	0.0	0.0	0.0	0.0	3	1.0185545299985905	4.356305651863854	230.0	35	1.05	0.95				
];
