%% MATPOWER Case Format : Version 2
function mpc = RTS_GMLC
mpc.version = '2';

%%-----  Power Flow Data  -----%%
%% system MVA base
mpc.baseMVA = 100.0;
%% bus data
%    bus_i    type    Pd    Qd    Gs    Bs    area    Vm    Va    baseKV    zone    Vmax    Vmin
mpc.bus = [
	101	2	36.13805046947368	7.361454725263157	0.0	0.0	1	1.0343724286146563	2.7688568182909554	138.0	11	1.05	0.95				
	102	2	32.457323106842104	6.692231568421052	0.0	0.0	1	1.0335238063851713	2.5231731395533528	138.0	12	1.05	0.95				
	103	1	60.230084115789474	12.380628401578946	0.0	0.0	1	1.0293299283428248	0.5465656397228997	138.0	11	1.05	0.95				
	104	1	24.76125680315789	5.0191736763157895	0.0	0.0	1	1.0228963169579484	-0.6611502447412179	138.0	11	1.05	0.95				
	105	1	23.757422067894733	4.684562097894737	0.0	0.0	1	1.0374900280408148	-0.3656697919550572	138.0	11	1.05	0.95				
	106	1	45.50717466526316	9.369124195789475	0.0	-100.0	1	1.0481087942894576	-2.518571612214564	138.0	12	1.05	0.95				
	107	2	41.82644730263158	8.365289460526315	0.0	0.0	1	1.0004169372114669	-9.275479483883904	138.0	12	1.05	0.95				
	108	1	57.21857990999999	11.71140524473684	0.0	0.0	1	1.0065427192855976	-7.301612868493976	138.0	12	1.05	0.95				
	109	1	58.557026223684204	12.046016823157894	0.0	0.0	1	1.024094787631913	-1.9092022446609893	138.0	13	1.05	0.95				
	110	1	65.24925779210525	13.384463136842104	0.0	0.0	1	1.05	-2.4904947095297665	138.0	13	1.05	0.95				
	111	1	0.0	0.0	0.0	0.0	1	1.000148135043416	-0.33590527132811865	230.0	13	1.05	0.95				
	112	1	0.0	0.0	0.0	0.0	1	1.0049982885620863	-0.5944544544514389	230.0	13	1.05	0.95				
	113	3	88.67206828157894	18.06902523473684	0.0	0.0	1	0.9897950163387064	5.45002303818576e-29	230.0	14	1.05	0.95				
	114	2	64.91464621368421	13.049851558421052	0.0	0.0	1	0.9951920323503886	1.387002428277319	230.0	16	1.05	0.95				
	115	2	106.07187035947368	21.415141018947367	0.0	0.0	1	1.031822707901141	6.364172342845778	230.0	16	1.05	0.95				
	116	2	33.46115784210526	6.692231568421052	0.0	0.0	1	1.0260499045091322	5.7242746283342445	230.0	16	1.05	0.95				
	117	1	0.0	0.0	0.0	0.0	1	1.036776260309138	8.575168027871312	230.0	17	1.05	0.95				
	118	2	111.42565561421051	22.75358733263158	0.0	0.0	1	1.0419756697064801	8.742288498104053	230.0	17	1.05	0.95				
	119	1	60.56469569421053	12.380628401578946	0.0	0.0	1	1.0165808021275433	3.6852769812654422	230.0	15	1.05	0.95				
	120	1	42.83028203789473	8.699901038947369	0.0	0.0	1	1.0110216762344875	2.5586054388029416	230.0	15	1.05	0.95				
	121	2	0.0	0.0	0.0	0.0	1	1.0471686792616846	9.671258299976262	230.0	17	1.05	0.95				
	122	2	0.0	0.0	0.0	0.0	1	1.05	18.70922638009219	230.0	17	1.05	0.95				
	123	2	0.0	0.0	0.0	0.0	1	1.0081118593406597	2.203401012356879	230.0	15	1.05	0.95				
	124	1	0.0	0.0	0.0	0.0	1	1.0228747964210672	4.17254948861788	230.0	16	1.05	0.95				
	201	2	39.72863213052633	8.092869508070176	0.0	0.0	2	1.013797752784188	-14.950760920840782	138.0	21	1.05	0.95				
	202	2	35.68219737649123	7.357154098245615	0.0	0.0	2	1.012945629225138	-15.244305771223258	138.0	22	1.05	0.95				
	203	1	66.21438688421054	13.610735081754388	0.0	0.0	2	1.0139324570118664	-10.790325727051123	138.0	21	1.05	0.95				
	204	1	27.221470163508776	5.517865573684212	0.0	0.0	2	1.012361198487059	-14.996008482064001	138.0	21	1.05	0.95				
	205	1	26.117897048771933	5.150007868771931	0.0	0.0	2	1.0275388850896903	-15.440581717410938	138.0	21	1.05	0.95				
	206	1	50.02864786807019	10.300015737543863	0.0	-100.0	2	1.0433921434662192	-16.194970142376633	138.0	22	1.05	0.95				
	207	2	45.9822131140351	9.19644262280702	0.0	0.0	2	0.9964458890052718	-20.531514072816506	138.0	22	1.05	0.95				
	208	1	62.90366754000001	12.875019671929827	0.0	0.0	2	1.0030689627160776	-18.90596096738166	138.0	22	1.05	0.95				
	209	1	64.37509835964913	13.242877376842108	0.0	0.0	2	1.0220226489706477	-13.26150399750797	138.0	23	1.05	0.95				
	210	1	71.73225245789475	14.71430819649123	0.0	0.0	2	1.05	-14.74438363743512	138.0	23	1.05	0.95				
	211	1	0.0	0.0	0.0	0.0	2	1.003605486258786	-10.571002795119178	230.0	23	1.05	0.95				
	212	1	0.0	0.0	0.0	0.0	2	1.007281185058253	-10.06655108966087	230.0	23	1.05	0.95				
	213	2	97.4822918017544	19.864316065263164	0.0	0.0	2	0.9996102026547059	-9.492470105251662	230.0	24	1.05	0.95				
	214	2	71.36439475298246	14.346450491578949	0.0	0.0	2	1.00237428508909	-7.948886817590224	230.0	26	1.05	0.95				
	215	2	116.610892457193	23.54289311438597	0.0	0.0	2	1.0157718963705071	-1.5244286906789257	230.0	26	1.05	0.95				
	216	2	36.78577049122808	7.357154098245615	0.0	0.0	2	1.0172266458711485	-1.9937756620387976	230.0	26	1.05	0.95				
	217	1	0.0	0.0	0.0	0.0	2	1.0207774087434733	-0.23704084584155743	230.0	27	1.05	0.95				
	218	2	122.49661573578949	25.014323934035094	0.0	0.0	2	1.0203014515962054	-0.6289412515920969	230.0	27	1.05	0.95				
	219	1	66.58224458912282	13.610735081754388	0.0	0.0	2	1.0193896072845718	-2.597546326440104	230.0	25	1.05	0.95				
	220	1	47.08578622877194	9.5643003277193	0.0	0.0	2	1.023486281547713	-2.3904631085337718	230.0	25	1.05	0.95				
	221	2	0.0	0.0	0.0	0.0	2	1.0223737788809621	-0.1198912273099449	230.0	27	1.05	0.95				
	222	2	0.0	0.0	0.0	0.0	2	1.044226252694769	6.397443423943282	230.0	27	1.05	0.95				
	223	2	0.0	0.0	0.0	0.0	2	1.0260593474997886	-1.9927389237845397	230.0	25	1.05	0.95				
	224	1	0.0	0.0	0.0	0.0	2	1.0037339315388036	-5.023985678105114	230.0	26	1.05	0.95				
	301	2	48.875039545263164	9.95602657403509	0.0	0.0	3	1.0273512964734668	-12.251458714179302	138.0	31	1.05	0.95				
	302	2	43.89702625824562	9.050933249122808	0.0	0.0	3	1.024197519298813	-12.603192342192639	138.0	32	1.05	0.95				
	303	1	81.45839924210527	16.744226510877194	0.0	0.0	3	1.05	2.2770887286825916	138.0	31	1.05	0.95				
	304	1	33.48845302175439	6.788199936842106	0.0	0.0	3	1.010930467170111	-11.637539259990964	138.0	31	1.05	0.95				
	305	1	32.130813034385966	6.335653274385966	0.0	0.0	3	1.0301286063953832	-13.321728236796513	138.0	31	1.05	0.95				
	306	1	61.5463460940351	12.671306548771932	0.0	-100.0	3	1.0386621370271998	-14.47649091617156	138.0	32	1.05	0.95				
	307	2	56.568332807017555	11.31366656140351	0.0	0.0	3	0.9567320170535508	-19.088040151951116	138.0	32	1.05	0.95				
	308	1	77.38547928	15.839133185964913	0.0	0.0	3	0.9731780273814576	-17.06265187923632	138.0	32	1.05	0.95				
	309	1	79.19566592982457	16.291679848421055	0.0	0.0	3	1.0139697444450677	-8.945920434781694	138.0	33	1.05	0.95				
	310	1	88.24659917894738	18.101866498245617	0.0	0.0	3	1.0436215705739404	-12.953669220354827	138.0	33	1.05	0.95				
	311	1	0.0	0.0	0.0	0.0	3	1.0008607649154657	-8.74896030078398	230.0	33	1.05	0.95				
	312	1	0.0	0.0	0.0	0.0	3	1.0043639153123127	-7.778209036098506	230.0	33	1.05	0.95				
	313	2	119.9248655508772	24.437519772631582	0.0	0.0	3	1.0017698987999455	-5.669424740001004	230.0	34	1.05	0.95				
	314	2	87.79405251649123	17.649319835789477	0.0	0.0	3	0.9973474230255504	-9.135006644146591	230.0	36	1.05	0.95				
	315	2	143.4572919985965	28.962986397192985	0.0	0.0	3	1.0459603363028345	-6.452098164748439	230.0	36	1.05	0.95				
	316	2	45.25466624561404	9.050933249122808	0.0	0.0	3	1.032953472769083	-6.9508216514964	230.0	36	1.05	0.95				
	317	1	0.0	0.0	0.0	0.0	3	1.0402001491945658	-5.074189042722056	230.0	37	1.05	0.95				
	318	2	150.69803859789474	30.77317304701755	0.0	0.0	3	1.0394065980485476	-5.497477876994123	230.0	37	1.05	0.95				
	319	1	81.91094590456142	16.744226510877194	0.0	0.0	3	1.02119958937903	-6.656435198745147	230.0	35	1.05	0.95				
	320	1	57.92597279438597	11.766213223859651	0.0	0.0	3	1.0142686009702842	-5.500355553065237	230.0	35	1.05	0.95				
	321	2	0.0	0.0	0.0	0.0	3	1.0432611255796738	-5.284203433360263	230.0	37	1.05	0.95				
	322	2	0.0	0.0	0.0	0.0	3	1.05	-0.8788106835771393	230.0	37	1.05	0.95				
	323	2	0.0	0.0	0.0	0.0	3	1.0115407627185704	-4.498093286226534	230.0	35	1.05	0.95				
	324	1	0.0	0.0	0.0	0.0	3	1.0446543771603916	-3.112835217589299	230.0	36	1.05	0.95				
	325	1	0.0	0.0	0.0	0.0	3	1.0104992165444053	-3.277016379738655	230.0	35	1.05	0.95				
];
