%% MATPOWER Case Format : Version 2
function mpc = RTS_GMLC
mpc.version = '2';

%%-----  Power Flow Data  -----%%
%% system MVA base
mpc.baseMVA = 100.0;
%% bus data
%    bus_i    type    Pd    Qd    Gs    Bs    area    Vm    Va    baseKV    zone    Vmax    Vmin
mpc.bus = [
	101	2	36.53884215663158	7.443097476350877	0.0	0.0	1	1.033095156412974	3.678941171352132	138.0	11	1.05	0.95				
	102	2	32.81729341845614	6.7664522512280705	0.0	0.0	1	1.0322231867199814	3.4389661741948427	138.0	12	1.05	0.95				
	103	1	60.89807026105263	12.517936664771929	0.0	0.0	1	1.0297232843334327	1.2589428904461233	138.0	11	1.05	0.95				
	104	1	25.035873329543858	5.074839188421052	0.0	0.0	1	1.0224728800411362	0.2703535859036095	138.0	11	1.05	0.95				
	105	1	24.020905491859647	4.736516575859649	0.0	0.0	1	1.0368218631986343	0.5807382087286556	138.0	11	1.05	0.95				
	106	1	46.01187530835088	9.473033151719298	0.0	-100.0	1	1.0477187155855816	-1.5526392067837664	138.0	12	1.05	0.95				
	107	2	42.29032657017544	8.458065314035087	0.0	0.0	1	1.0006630474086509	-6.627641724545575	138.0	12	1.05	0.95				
	108	1	57.85316674799999	11.841291439649122	0.0	0.0	1	1.007452314293386	-5.386350723451025	138.0	12	1.05	0.95				
	109	1	59.20645719824561	12.179614052210527	0.0	0.0	1	1.0244981654959684	-0.9456089082353321	138.0	13	1.05	0.95				
	110	1	65.97290944947368	13.532904502456141	0.0	0.0	1	1.05	-1.4909852315575647	138.0	13	1.05	0.95				
	111	1	0.0	0.0	0.0	0.0	1	1.0008395872585425	0.25127138324440895	230.0	13	1.05	0.95				
	112	1	0.0	0.0	0.0	0.0	1	1.0057672904234922	0.5002122632915352	230.0	13	1.05	0.95				
	113	3	89.65549232877193	18.26942107831579	0.0	0.0	1	0.9888630087003549	2.685301516277527e-29	230.0	14	1.05	0.95				
	114	2	65.63458683691228	13.194581889894739	0.0	0.0	1	0.9969244929676854	2.0775313826164763	230.0	16	1.05	0.95				
	115	2	107.24826818196492	21.652647203929824	0.0	0.0	1	1.034105844410943	6.7246311445321005	230.0	16	1.05	0.95				
	116	2	33.83226125614035	6.7664522512280705	0.0	0.0	1	1.0294917289433454	6.565727705115382	230.0	16	1.05	0.95				
	117	1	0.0	0.0	0.0	0.0	1	1.0390075470373084	8.450169416401806	230.0	17	1.05	0.95				
	118	2	112.66142998294737	23.00593765417544	0.0	0.0	1	1.0422873163833544	8.45475901440313	230.0	17	1.05	0.95				
	119	1	61.23639287361403	12.517936664771929	0.0	0.0	1	1.022874964694783	5.638857464049194	230.0	15	1.05	0.95				
	120	1	43.30529440785965	8.796387926596491	0.0	0.0	1	1.0190680068283133	5.494990994543478	230.0	15	1.05	0.95				
	121	2	0.0	0.0	0.0	0.0	1	1.0466878352148192	9.234888958711204	230.0	17	1.05	0.95				
	122	2	0.0	0.0	0.0	0.0	1	1.05	15.982830988942315	230.0	17	1.05	0.95				
	123	2	0.0	0.0	0.0	0.0	1	1.0171036074268658	5.683760082883918	230.0	15	1.05	0.95				
	124	1	0.0	0.0	0.0	0.0	1	1.0247383720272256	4.671500458874956	230.0	16	1.05	0.95				
	201	2	41.30961749052632	8.41492208140351	0.0	0.0	2	1.024624581919982	-6.798031354160948	138.0	21	1.05	0.95				
	202	2	37.10215644982456	7.649929164912282	0.0	0.0	2	1.025398888014966	-6.652032363894182	138.0	22	1.05	0.95				
	203	1	68.84936248421053	14.152368955087722	0.0	0.0	2	1.016485236413375	-6.263763834998193	138.0	21	1.05	0.95				
	204	1	28.304737910175444	5.737446873684211	0.0	0.0	2	1.0180434345703262	-8.232045557904467	138.0	21	1.05	0.95				
	205	1	27.1572485354386	5.354950415438598	0.0	0.0	2	1.032727859619832	-8.453843655873383	138.0	21	1.05	0.95				
	206	1	52.01951832140351	10.709900830877196	0.0	-100.0	2	1.0456167281717554	-9.742172319966675	138.0	22	1.05	0.95				
	207	2	47.81205728070176	9.562411456140351	0.0	0.0	2	0.9934357206375515	-15.206777044304156	138.0	22	1.05	0.95				
	208	1	65.40689436	13.387376038596491	0.0	0.0	2	1.0008684191903117	-13.51532829324229	138.0	22	1.05	0.95				
	209	1	66.93688019298246	13.769872496842106	0.0	0.0	2	1.0224431009361676	-7.946653120963412	138.0	23	1.05	0.95				
	210	1	74.58680935789475	15.299858329824565	0.0	0.0	2	1.05	-8.900490435886846	138.0	23	1.05	0.95				
	211	1	0.0	0.0	0.0	0.0	2	1.0022351108507193	-5.649828553826177	230.0	23	1.05	0.95				
	212	1	0.0	0.0	0.0	0.0	2	1.0070552513432252	-4.9458209287370485	230.0	23	1.05	0.95				
	213	2	101.36156143508772	20.65480874526316	0.0	0.0	2	0.9958062875695773	-4.599832512024881	230.0	24	1.05	0.95				
	214	2	74.20431289964912	14.917361871578949	0.0	0.0	2	0.9993020890922432	-3.6516070067803206	230.0	26	1.05	0.95				
	215	2	121.25137726385967	24.4797733277193	0.0	0.0	2	1.0173447070681907	1.51276144429609	230.0	26	1.05	0.95				
	216	2	38.249645824561405	7.649929164912282	0.0	0.0	2	1.019082982736101	1.4806871988162416	230.0	26	1.05	0.95				
	217	1	0.0	0.0	0.0	0.0	2	1.0240899794221596	3.0839188863031177	230.0	27	1.05	0.95				
	218	2	127.37132059578948	26.009759160701755	0.0	0.0	2	1.0232958751393808	2.593303826374365	230.0	27	1.05	0.95				
	219	1	69.23185894245614	14.152368955087722	0.0	0.0	2	1.0208260389486712	1.3000950065359869	230.0	25	1.05	0.95				
	220	1	48.9595466554386	9.944907914385965	0.0	0.0	2	1.0246894045143433	1.8988806858295308	230.0	25	1.05	0.95				
	221	2	0.0	0.0	0.0	0.0	2	1.0249481840061592	3.0418596695937667	230.0	27	1.05	0.95				
	222	2	0.0	0.0	0.0	0.0	2	1.0470809731149975	9.585268653550312	230.0	27	1.05	0.95				
	223	2	0.0	0.0	0.0	0.0	2	1.0273044479519062	2.521324651405905	230.0	25	1.05	0.95				
	224	1	0.0	0.0	0.0	0.0	2	1.0072595460247273	-1.4262074430872635	230.0	26	1.05	0.95				
	301	2	52.0695982231579	10.606770008421051	0.0	0.0	3	1.0107079465385587	-20.16430791862659	138.0	31	1.05	0.95				
	302	2	46.766213218947364	9.642518189473684	0.0	0.0	3	1.0099089112601212	-20.3446397515113	138.0	32	1.05	0.95				
	303	1	86.78266370526315	17.838658650526316	0.0	0.0	3	1.035076701418092	-11.795582598061303	138.0	31	1.05	0.95				
	304	1	35.67731730105263	7.231888642105262	0.0	0.0	3	1.0111787394900045	-18.704673528379264	138.0	31	1.05	0.95				
	305	1	34.23093957263158	6.749762732631578	0.0	0.0	3	1.024203724296304	-20.055112327659305	138.0	31	1.05	0.95				
	306	1	65.56912368842104	13.499525465263156	0.0	-100.0	3	1.0393746181605659	-20.55148911462153	138.0	32	1.05	0.95				
	307	2	60.265738684210525	12.053147736842105	0.0	0.0	3	0.9935051609593311	-25.63448464897854	138.0	32	1.05	0.95				
	308	1	82.44353051999998	16.874406831578945	0.0	0.0	3	0.9978437630338873	-23.417184014528704	138.0	32	1.05	0.95				
	309	1	84.37203415789473	17.35653274105263	0.0	0.0	3	1.0279670833255343	-15.39893512769197	138.0	33	1.05	0.95				
	310	1	94.01455234736841	19.285036378947368	0.0	0.0	3	1.05	-18.395411053351403	138.0	33	1.05	0.95				
	311	1	0.0	0.0	0.0	0.0	3	1.0107339293171325	-12.567785487495346	230.0	33	1.05	0.95				
	312	1	0.0	0.0	0.0	0.0	3	1.0133750033455888	-11.992970683905467	230.0	33	1.05	0.95				
	313	2	127.7633660105263	26.03479911157895	0.0	0.0	3	1.0124619778317634	-9.264163279331253	230.0	34	1.05	0.95				
	314	2	93.53242643789473	18.802910469473684	0.0	0.0	3	1.0124649992012904	-11.03885602148434	230.0	36	1.05	0.95				
	315	2	152.83391330315789	30.85605820631579	0.0	0.0	3	1.0342006637541026	-6.680209565517917	230.0	36	1.05	0.95				
	316	2	48.21259094736842	9.642518189473684	0.0	0.0	3	1.0339300750040792	-5.967816654439784	230.0	36	1.05	0.95				
	317	1	0.0	0.0	0.0	0.0	3	1.0387340761331265	-4.198547513576737	230.0	37	1.05	0.95				
	318	2	160.54792785473683	32.78456184421052	0.0	0.0	3	1.0364100363322473	-4.616889320763406	230.0	37	1.05	0.95				
	319	1	87.26478961473684	17.838658650526316	0.0	0.0	3	1.0300942505546942	-6.7840498350128655	230.0	35	1.05	0.95				
	320	1	61.71211641263158	12.535273646315789	0.0	0.0	3	1.0302950186307396	-6.5632241800171975	230.0	35	1.05	0.95				
	321	2	0.0	0.0	0.0	0.0	3	1.0377378682390765	-4.765814658754901	230.0	37	1.05	0.95				
	322	2	0.0	0.0	0.0	0.0	3	1.0499999937404496	-0.23198663461858904	230.0	37	1.05	0.95				
	323	2	0.0	0.0	0.0	0.0	3	1.0312465201577725	-6.074796995105196	230.0	35	1.05	0.95				
	324	1	0.0	0.0	0.0	0.0	3	1.0271147656204493	-8.614414577374706	230.0	36	1.05	0.95				
	325	1	0.0	0.0	0.0	0.0	3	1.0279213726810827	-4.794229776147274	230.0	35	1.05	0.95				
];
