%% MATPOWER Case Format : Version 2
function mpc = RTS_GMLC
mpc.version = '2';

%%-----  Power Flow Data  -----%%
%% system MVA base
mpc.baseMVA = 100.0;
%% bus data
%    bus_i    type    Pd    Qd    Gs    Bs    area    Vm    Va    baseKV    zone    Vmax    Vmin
mpc.bus = [
	101	2	56.99257794947369	11.609599211929824	0.0	0.0	1	1.032787758976226	1.2179840284672	138.0	11	1.05	0.95				
	102	2	51.187778343508775	10.554181101754386	0.0	0.0	1	1.0323448607472818	1.073472672280534	138.0	12	1.05	0.95				
	103	1	94.98762991578947	19.52523503824561	0.0	0.0	1	1.0258173936329424	-0.3425337986441041	138.0	11	1.05	0.95				
	104	1	39.05047007649122	7.915635826315788	0.0	0.0	1	1.0195981955410665	-1.9590850434035174	138.0	11	1.05	0.95				
	105	1	37.467342911228066	7.38792677122807	0.0	0.0	1	1.034287381835636	-1.8141548588102951	138.0	11	1.05	0.95				
	106	1	71.76843149192983	14.77585354245614	0.0	-100.0	1	1.0425143091115292	-4.034818039067967	138.0	12	1.05	0.95				
	107	2	65.9636318859649	13.192726377192981	0.0	0.0	1	1.024848998505655	-3.5990002828229737	138.0	12	1.05	0.95				
	108	1	90.23824841999999	18.469816928070173	0.0	0.0	1	1.0172679984838728	-4.908606433746132	138.0	12	1.05	0.95				
	109	1	92.34908464035088	18.997525983157892	0.0	0.0	1	1.0255000060108668	-2.3018065276114563	138.0	13	1.05	0.95				
	110	1	102.90326574210525	21.108362203508772	0.0	0.0	1	1.05	-3.2224804589084144	138.0	13	1.05	0.95				
	111	1	0.0	0.0	0.0	0.0	1	1.0060699915745757	-0.4907973726795748	230.0	13	1.05	0.95				
	112	1	0.0	0.0	0.0	0.0	1	1.0106138509934108	0.0862978494502804	230.0	13	1.05	0.95				
	113	3	139.8428995982456	28.496288974736846	0.0	0.0	1	1.0000744008833022	-1.4893729402392187e-29	230.0	14	1.05	0.95				
	114	2	102.37555668701755	20.580653148421053	0.0	0.0	1	1.0036762563592474	1.4655936267630876	230.0	16	1.05	0.95				
	115	2	167.283770462807	33.77337952561403	0.0	0.0	1	1.0395046664291907	7.801278432012256	230.0	16	1.05	0.95				
	116	2	52.770905508771925	10.554181101754386	0.0	0.0	1	1.0356862289052347	7.338621654186673	230.0	16	1.05	0.95				
	117	1	0.0	0.0	0.0	0.0	1	1.0421068473743378	9.320308555330165	230.0	17	1.05	0.95				
	118	2	175.72711534421052	35.884215745964916	0.0	0.0	1	1.0444143619721853	9.287674788731316	230.0	17	1.05	0.95				
	119	1	95.51533897087718	19.52523503824561	0.0	0.0	1	1.0295751094316377	6.326650210484032	230.0	15	1.05	0.95				
	120	1	67.54675905122807	13.7204354322807	0.0	0.0	1	1.0283916236044028	6.462293140323336	230.0	15	1.05	0.95				
	121	2	0.0	0.0	0.0	0.0	1	1.04835463870678	10.462344196005326	230.0	17	1.05	0.95				
	122	2	0.0	0.0	0.0	0.0	1	1.05	17.586013165252616	230.0	17	1.05	0.95				
	123	2	0.0	0.0	0.0	0.0	1	1.0287856326308993	6.9397855418433485	230.0	15	1.05	0.95				
	124	1	0.0	0.0	0.0	0.0	1	1.0240039772959657	4.765521652300349	230.0	16	1.05	0.95				
	201	2	57.86746419789473	11.787816781052632	0.0	0.0	2	1.0335769340649974	-7.089563933096112	138.0	21	1.05	0.95				
	202	2	51.97355580736842	10.716197073684212	0.0	0.0	2	1.0337608490364396	-7.143057737248518	138.0	22	1.05	0.95				
	203	1	96.4457736631579	19.824964586315787	0.0	0.0	2	1.0233250075969245	-6.050218328540081	138.0	21	1.05	0.95				
	204	1	39.64992917263157	8.037147805263158	0.0	0.0	2	1.0193768560486203	-9.514504651550158	138.0	21	1.05	0.95				
	205	1	38.04249961157895	7.5013379515789484	0.0	0.0	2	1.0348512000817398	-9.694138456605172	138.0	21	1.05	0.95				
	206	1	72.87014010105264	15.002675903157897	0.0	-100.0	2	1.0428861186943819	-11.667405395755575	138.0	22	1.05	0.95				
	207	2	66.9762317105263	13.395246342105263	0.0	0.0	2	0.98876388304516	-19.80853578266405	138.0	22	1.05	0.95				
	208	1	91.62348498	18.753344878947367	0.0	0.0	2	0.9918750157030045	-17.289284162467084	138.0	22	1.05	0.95				
	209	1	93.76672439473684	19.289154732631577	0.0	0.0	2	1.023754570558986	-9.282354404226899	138.0	23	1.05	0.95				
	210	1	104.48292146842104	21.432394147368424	0.0	0.0	2	1.05	-10.644742218819033	138.0	23	1.05	0.95				
	211	1	0.0	0.0	0.0	0.0	2	1.0107307406638764	-6.3759300679359185	230.0	23	1.05	0.95				
	212	1	0.0	0.0	0.0	0.0	2	1.011964788603385	-5.562217020051372	230.0	23	1.05	0.95				
	213	2	141.9896112263158	28.933732098947367	0.0	0.0	2	1.0077719535845164	-5.257778911482405	230.0	24	1.05	0.95				
	214	2	103.94711161473684	20.89658429368421	0.0	0.0	2	1.015352553621924	-3.707300983480274	230.0	26	1.05	0.95				
	215	2	169.85172361789472	34.29183063578947	0.0	0.0	2	1.0319622721341348	3.300773591500299	230.0	26	1.05	0.95				
	216	2	53.580985368421054	10.716197073684212	0.0	0.0	2	1.034043835612023	3.3201777994414403	230.0	26	1.05	0.95				
	217	1	0.0	0.0	0.0	0.0	2	1.038483317091045	6.117970364088534	230.0	27	1.05	0.95				
	218	2	178.4246812768421	36.43507005052632	0.0	0.0	2	1.0400427982881975	6.601422385311111	230.0	27	1.05	0.95				
	219	1	96.98158351684211	19.824964586315787	0.0	0.0	2	1.0332941061187477	2.7338525121119948	230.0	25	1.05	0.95				
	220	1	68.58366127157895	13.931056195789473	0.0	0.0	2	1.0367432657517435	3.2517636800977185	230.0	25	1.05	0.95				
	221	2	0.0	0.0	0.0	0.0	2	1.039719186968816	6.258410251647659	230.0	27	1.05	0.95				
	222	2	0.0	0.0	0.0	0.0	2	1.05	12.705222817741769	230.0	27	1.05	0.95				
	223	2	0.0	0.0	0.0	0.0	2	1.0397968698810711	3.9349794125584863	230.0	25	1.05	0.95				
	224	1	0.0	0.0	0.0	0.0	2	1.017099987696071	-0.20654779653676505	230.0	26	1.05	0.95				
	301	2	48.41379310736843	9.86206896631579	0.0	0.0	3	1.0081351825191363	-16.655840763066994	138.0	31	1.05	0.95				
	302	2	43.482758624210526	8.965517242105264	0.0	0.0	3	1.0076668819222552	-16.783607673240116	138.0	32	1.05	0.95				
	303	1	80.68965517894738	16.586206897894737	0.0	0.0	3	1.0251149043874326	-10.609965600301088	138.0	31	1.05	0.95				
	304	1	33.172413795789474	6.724137931578947	0.0	0.0	3	1.0099643754556897	-15.33402574173392	138.0	31	1.05	0.95				
	305	1	31.827586209473687	6.2758620694736855	0.0	0.0	3	1.0232314991790257	-16.12042773978304	138.0	31	1.05	0.95				
	306	1	60.96551724631579	12.551724138947371	0.0	-100.0	3	1.039785916497577	-16.352288148708244	138.0	32	1.05	0.95				
	307	2	56.0344827631579	11.206896552631578	0.0	0.0	3	0.9933748687870364	-21.29254481761213	138.0	32	1.05	0.95				
	308	1	76.65517242	15.689655173684208	0.0	0.0	3	0.9988962641391074	-19.256240621031168	138.0	32	1.05	0.95				
	309	1	78.44827586842105	16.137931035789475	0.0	0.0	3	1.0260676754063904	-12.31275198588063	138.0	33	1.05	0.95				
	310	1	87.41379311052631	17.931034484210528	0.0	0.0	3	1.05	-14.14270068149465	138.0	33	1.05	0.95				
	311	1	0.0	0.0	0.0	0.0	3	1.010063286183756	-8.074247397074423	230.0	33	1.05	0.95				
	312	1	0.0	0.0	0.0	0.0	3	1.0114582377283778	-7.850885580011703	230.0	33	1.05	0.95				
	313	2	118.79310345789473	24.206896553684214	0.0	0.0	3	1.0115050020387117	-4.796935122864306	230.0	34	1.05	0.95				
	314	2	86.96551724842105	17.482758622105262	0.0	0.0	3	1.015113353780371	-5.719232619356376	230.0	36	1.05	0.95				
	315	2	142.10344828736842	28.689655174736846	0.0	0.0	3	1.0410406621204842	-0.054727752580428106	230.0	36	1.05	0.95				
	316	2	44.82758621052631	8.965517242105264	0.0	0.0	3	1.0393543015478062	0.2571436606765615	230.0	36	1.05	0.95				
	317	1	0.0	0.0	0.0	0.0	3	1.0452808178735151	2.8347598853389715	230.0	37	1.05	0.95				
	318	2	149.27586208105262	30.482758623157896	0.0	0.0	3	1.0445469148071205	2.594718354533159	230.0	37	1.05	0.95				
	319	1	81.13793104105264	16.586206897894737	0.0	0.0	3	1.0326954144126288	-1.2057439764051086	230.0	35	1.05	0.95				
	320	1	57.37931034947369	11.655172414736843	0.0	0.0	3	1.0303102003888285	-1.622635906562491	230.0	35	1.05	0.95				
	321	2	0.0	0.0	0.0	0.0	3	1.0468195948862014	3.2231967471153498	230.0	37	1.05	0.95				
	322	2	0.0	0.0	0.0	0.0	3	1.05	7.406555529678382	230.0	37	1.05	0.95				
	323	2	0.0	0.0	0.0	0.0	3	1.0295850305735	-1.5095689895365103	230.0	35	1.05	0.95				
	324	1	0.0	0.0	0.0	0.0	3	1.0219062710199536	-3.987596166982182	230.0	36	1.05	0.95				
	325	1	0.0	0.0	0.0	0.0	3	1.028204775959365	-0.4954375815810302	230.0	35	1.05	0.95				
];
