%% MATPOWER Case Format : Version 2
function mpc = RTS_GMLC
mpc.version = '2';

%%-----  Power Flow Data  -----%%
%% system MVA base
mpc.baseMVA = 100.0;
%% bus data
%    bus_i    type    Pd    Qd    Gs    Bs    area    Vm    Va    baseKV    zone    Vmax    Vmin
mpc.bus = [
	101	2	76.44433448842106	15.57199406245614	0.0	0.0	1	1.0470671596937475	0.35998582062053663	138.0	11	1.05	0.95				
	102	2	68.65833745719299	14.156358238596493	0.0	0.0	1	1.0463937179714444	0.10710484838536281	138.0	12	1.05	0.95				
	103	1	127.40722414736842	26.189262741403507	0.0	0.0	1	1.0270813339912435	-1.4433166800765649	138.0	11	1.05	0.95				
	104	1	52.378525482807014	10.617268678947369	0.0	0.0	1	1.0250602053450857	-3.4590618108093385	138.0	11	1.05	0.95				
	105	1	50.255071747017546	9.909450767017546	0.0	0.0	1	1.0383113792973515	-3.8136882214740124	138.0	11	1.05	0.95				
	106	1	96.26323602245614	19.818901534035092	0.0	-100.0	1	1.0399241798089889	-6.845860558311524	138.0	12	1.05	0.95				
	107	2	88.47723899122806	17.695447798245613	0.0	0.0	1	1.0154640884173398	-11.144664237441779	138.0	12	1.05	0.95				
	108	1	121.03686294	24.773626917543858	0.0	0.0	1	1.005158689121176	-10.859713280435464	138.0	12	1.05	0.95				
	109	1	123.8681345877193	25.48144482947368	0.0	0.0	1	1.0262299365511054	-4.539148816952593	138.0	13	1.05	0.95				
	110	1	138.0244928263158	28.312716477192986	0.0	0.0	1	1.05	-5.886073680714269	138.0	13	1.05	0.95				
	111	1	0.0	0.0	0.0	0.0	1	1.0132101448667932	-1.7322329927391584	230.0	13	1.05	0.95				
	112	1	0.0	0.0	0.0	0.0	1	1.016289818847194	-1.1858101344577154	230.0	13	1.05	0.95				
	113	3	187.5717466614035	38.22216724421053	0.0	0.0	1	1.0143734428846372	-3.0952588717136892e-27	230.0	14	1.05	0.95				
	114	2	137.31667491438597	27.60489856526316	0.0	0.0	1	1.015025965533834	0.2826483495199902	230.0	16	1.05	0.95				
	115	2	224.3782780817544	45.30034636350877	0.0	0.0	1	1.044435372343257	8.200198062985203	230.0	16	1.05	0.95				
	116	2	70.78179119298245	14.156358238596493	0.0	0.0	1	1.0419975806458284	7.3878534478486815	230.0	16	1.05	0.95				
	117	1	0.0	0.0	0.0	0.0	1	1.0455383427456102	10.396520254818629	230.0	17	1.05	0.95				
	118	2	235.7033646726316	48.13161801122807	0.0	0.0	1	1.0474504561249824	10.945777201812337	230.0	17	1.05	0.95				
	119	1	128.11504205929825	26.189262741403507	0.0	0.0	1	1.035548548581944	5.734673380244529	230.0	15	1.05	0.95				
	120	1	90.60069272701755	18.40326571017544	0.0	0.0	1	1.0357916728040226	5.364871225986424	230.0	15	1.05	0.95				
	121	2	0.0	0.0	0.0	0.0	1	1.05	12.799749916482694	230.0	17	1.05	0.95				
	122	2	0.0	0.0	0.0	0.0	1	1.05	18.49208099510015	230.0	17	1.05	0.95				
	123	2	0.0	0.0	0.0	0.0	1	1.0377096153435292	5.689133734094741	230.0	15	1.05	0.95				
	124	1	0.0	0.0	0.0	0.0	1	1.025827513307993	4.614149731954287	230.0	16	1.05	0.95				
	201	2	77.85927909473685	15.860223519298247	0.0	0.0	2	1.0347672268046109	-15.045555921400345	138.0	21	1.05	0.95				
	202	2	69.92916733508771	14.41838501754386	0.0	0.0	2	1.035281297478721	-15.0607979750541	138.0	22	1.05	0.95				
	203	1	129.76546515789474	26.67401228245614	0.0	0.0	2	1.0191957585497031	-12.28671455687235	138.0	21	1.05	0.95				
	204	1	53.34802456491228	10.813788763157895	0.0	0.0	2	1.0171282740144503	-16.386334840343263	138.0	21	1.05	0.95				
	205	1	51.1852668122807	10.092869512280704	0.0	0.0	2	1.0332512386533306	-16.806979228371652	138.0	21	1.05	0.95				
	206	1	98.04501811929825	20.185739024561407	0.0	-100.0	2	1.0382820430973265	-18.461700973486366	138.0	22	1.05	0.95				
	207	2	90.11490635964913	18.022981271929826	0.0	0.0	2	0.9656860799209049	-29.103184618707417	138.0	22	1.05	0.95				
	208	1	123.27719189999999	25.232173780701757	0.0	0.0	2	0.9693784202232877	-25.532984034393742	138.0	22	1.05	0.95				
	209	1	126.16086890350877	25.953093031578945	0.0	0.0	2	1.0249624240130664	-14.546083153496927	138.0	23	1.05	0.95				
	210	1	140.57925392105264	28.83677003508772	0.0	0.0	2	1.05	-16.318130498032836	138.0	23	1.05	0.95				
	211	1	0.0	0.0	0.0	0.0	2	1.0258523605970422	-10.547146695835966	230.0	23	1.05	0.95				
	212	1	0.0	0.0	0.0	0.0	2	1.0218922128731098	-6.952863310881466	230.0	23	1.05	0.95				
	213	2	191.04360148245613	38.929639547368424	0.0	0.0	2	1.0337082396426478	-8.175348482075846	230.0	24	1.05	0.95				
	214	2	139.85833467017542	28.11585078421053	0.0	0.0	2	1.0402360360246714	-7.873166156349823	230.0	26	1.05	0.95				
	215	2	228.53140252807015	46.13883205614036	0.0	0.0	2	1.0429859784595115	0.5078699701168868	230.0	26	1.05	0.95				
	216	2	72.0919250877193	14.41838501754386	0.0	0.0	2	1.04528372267517	0.36192807527362664	230.0	26	1.05	0.95				
	217	1	0.0	0.0	0.0	0.0	2	1.0464790880926798	3.162862999082681	230.0	27	1.05	0.95				
	218	2	240.06611054210526	49.022509059649124	0.0	0.0	2	1.0472454983982302	3.3521716058477504	230.0	27	1.05	0.95				
	219	1	130.48638440877193	26.67401228245614	0.0	0.0	2	1.0421325240293162	0.3255231745815143	230.0	25	1.05	0.95				
	220	1	92.27766411228072	18.74390052280702	0.0	0.0	2	1.045683878219282	1.6456275842012964	230.0	25	1.05	0.95				
	221	2	0.0	0.0	0.0	0.0	2	1.047219356191706	3.1657842413900004	230.0	27	1.05	0.95				
	222	2	0.0	0.0	0.0	0.0	2	1.05	9.674399033447047	230.0	27	1.05	0.95				
	223	2	0.0	0.0	0.0	0.0	2	1.05	2.8920615227933952	230.0	25	1.05	0.95				
	224	1	0.0	0.0	0.0	0.0	2	1.0179379593499325	-4.228771874986154	230.0	26	1.05	0.95				
	301	2	54.29041442526316	11.059158494035087	0.0	0.0	3	0.9992391865320208	7.851656017511321	138.0	31	1.05	0.95				
	302	2	48.76083517824561	10.053780449122806	0.0	0.0	3	0.9989690257981511	7.799184513463061	138.0	32	1.05	0.95				
	303	1	90.48402404210526	18.599493830877194	0.0	0.0	3	1.0209132673756764	10.890761989616914	138.0	31	1.05	0.95				
	304	1	37.19898766175439	7.540335336842105	0.0	0.0	3	1.0048357242018202	9.381903535800056	138.0	31	1.05	0.95				
	305	1	35.69092059438596	7.037646314385965	0.0	0.0	3	1.0172801899356316	9.362124672360608	138.0	31	1.05	0.95				
	306	1	68.36570705403508	14.07529262877193	0.0	-100.0	3	1.0358195649083857	9.617430188314072	138.0	32	1.05	0.95				
	307	2	62.83612780701754	12.567225561403509	0.0	0.0	3	0.9875876127996204	6.054735599105382	138.0	32	1.05	0.95				
	308	1	85.95982284	17.594115785964913	0.0	0.0	3	0.9998206456492115	8.25970027814458	138.0	32	1.05	0.95				
	309	1	87.97057892982455	18.09680480842105	0.0	0.0	3	1.0262571643751321	12.728589917876509	138.0	33	1.05	0.95				
	310	1	98.02435937894737	20.107560898245612	0.0	0.0	3	1.05	12.47803107928004	138.0	33	1.05	0.95				
	311	1	0.0	0.0	0.0	0.0	3	1.0094907819192516	17.555591534075113	230.0	33	1.05	0.95				
	312	1	0.0	0.0	0.0	0.0	3	1.0160662239538591	18.579911248726795	230.0	33	1.05	0.95				
	313	2	133.2125909508772	27.14520721263158	0.0	0.0	3	1.023867410822487	24.60428296676165	230.0	34	1.05	0.95				
	314	2	97.52167035649121	19.604871875789474	0.0	0.0	3	1.006776533107957	16.342493705943234	230.0	36	1.05	0.95				
	315	2	159.35242011859648	32.17209743719298	0.0	0.0	3	1.031145917381186	11.623663308935818	230.0	36	1.05	0.95				
	316	2	50.268902245614036	10.053780449122806	0.0	0.0	3	1.0312116472310713	12.791297230525316	230.0	36	1.05	0.95				
	317	1	0.0	0.0	0.0	0.0	3	1.0377737744791098	11.633612267226663	230.0	37	1.05	0.95				
	318	2	167.39544447789473	34.18285352701754	0.0	0.0	3	1.0376049488463606	10.394088305000215	230.0	37	1.05	0.95				
	319	1	90.9867130645614	18.599493830877194	0.0	0.0	3	1.0295905484129135	15.001205529446912	230.0	35	1.05	0.95				
	320	1	64.34419487438596	13.06991458385965	0.0	0.0	3	1.0296174234265854	16.548745048693593	230.0	35	1.05	0.95				
	321	2	0.0	0.0	0.0	0.0	3	1.0372408179849835	11.369890749684583	230.0	37	1.05	0.95				
	322	2	0.0	0.0	0.0	0.0	3	1.049999985482017	15.782216312237669	230.0	37	1.05	0.95				
	323	2	0.0	0.0	0.0	0.0	3	1.029428994867716	17.166268759607885	230.0	35	1.05	0.95				
	324	1	0.0	0.0	0.0	0.0	3	1.0252240419541012	13.096932569646182	230.0	36	1.05	0.95				
	325	1	0.0	0.0	0.0	0.0	3	1.0325415379767782	16.802813598734414	230.0	35	1.05	0.95				
];
