%% MATPOWER Case Format : Version 2
function mpc = RTS_GMLC
mpc.version = '2';

%%-----  Power Flow Data  -----%%
%% system MVA base
mpc.baseMVA = 100.0;
%% bus data
%    bus_i    type    Pd    Qd    Gs    Bs    area    Vm    Va    baseKV    zone    Vmax    Vmin
mpc.bus = [
	101	2	42.08312717052632	8.572488868070176	0.0	0.0	1	1.0168718263254197	3.374807682649105	138.0	11	1.05	0.95				
	102	2	37.79688273649123	7.793171698245615	0.0	0.0	1	1.0149614991671794	2.8206570672259064	138.0	12	1.05	0.95				
	103	1	70.13854528421052	14.417367641754385	0.0	0.0	1	1.0302673186313314	5.0666928200821015	138.0	11	1.05	0.95				
	104	1	28.83473528350877	5.8448787736842105	0.0	0.0	1	1.0169232548105063	0.7627376102426675	138.0	11	1.05	0.95				
	105	1	27.665759528771932	5.455220188771931	0.0	0.0	1	1.0277623259178466	0.10998449141800526	138.0	11	1.05	0.95				
	106	1	52.99356754807019	10.910440377543862	0.0	-100.0	1	1.0421101460719937	-2.209865507434071	138.0	12	1.05	0.95				
	107	2	48.70732311403509	9.741464622807019	0.0	0.0	1	0.9812633463385002	-9.82192931970213	138.0	12	1.05	0.95				
	108	1	66.63161802	13.638050471929825	0.0	0.0	1	0.9929424579917492	-7.308633301008128	138.0	12	1.05	0.95				
	109	1	68.19025235964912	14.027709056842106	0.0	0.0	1	1.0248571398722865	-0.3197855955178727	138.0	13	1.05	0.95				
	110	1	75.98342405789474	15.58634339649123	0.0	0.0	1	1.05	-1.9094729731111983	138.0	13	1.05	0.95				
	111	1	0.0	0.0	0.0	0.0	1	1.0161959056296244	1.5468517649284979	230.0	13	1.05	0.95				
	112	1	0.0	0.0	0.0	0.0	1	1.013208237921702	0.1656746566085544	230.0	13	1.05	0.95				
	113	3	103.2595250017544	21.04156358526316	0.0	0.0	1	0.9916497987321956	7.584925234296209e-29	230.0	14	1.05	0.95				
	114	2	75.59376547298245	15.196684811578947	0.0	0.0	1	1.043433070025861	5.462525859392486	230.0	16	1.05	0.95				
	115	2	123.52177141719298	24.938149434385966	0.0	0.0	1	1.0424632876636855	15.585757630783226	230.0	16	1.05	0.95				
	116	2	38.965858491228076	7.793171698245615	0.0	0.0	1	1.0417647361077669	13.507142919575312	230.0	16	1.05	0.95				
	117	1	0.0	0.0	0.0	0.0	1	1.0406450821735622	19.87096879498499	230.0	17	1.05	0.95				
	118	2	129.75630877578948	26.496783774035094	0.0	0.0	1	1.0499999987748352	20.63946716351669	230.0	17	1.05	0.95				
	119	1	70.52820386912282	14.417367641754385	0.0	0.0	1	1.03825786423025	8.782243356443665	230.0	15	1.05	0.95				
	120	1	49.87629886877193	10.131123207719298	0.0	0.0	1	1.0424407290452284	5.187276678561494	230.0	15	1.05	0.95				
	121	2	0.0	0.0	0.0	0.0	1	1.0439250736847348	22.140608936548542	230.0	17	1.05	0.95				
	122	2	0.0	0.0	0.0	0.0	1	1.05	40.096197738892904	230.0	17	1.05	0.95				
	123	2	0.0	0.0	0.0	0.0	1	1.0462235258116983	3.512596619104378	230.0	15	1.05	0.95				
	124	1	0.0	0.0	0.0	0.0	1	1.024749192278715	11.651935595295205	230.0	16	1.05	0.95				
	201	2	42.10861009263158	8.57767983368421	0.0	0.0	2	1.014193957027465	-16.990893361393585	138.0	21	1.05	0.95				
	202	2	37.81977017578947	7.797890757894738	0.0	0.0	2	1.0133739197803597	-17.294611650820954	138.0	22	1.05	0.95				
	203	1	70.18101682105264	14.426097902105262	0.0	0.0	2	1.0109589383162083	-12.338975635265445	138.0	21	1.05	0.95				
	204	1	28.852195804210524	5.848418068421052	0.0	0.0	2	1.0117372594110399	-16.968574347108163	138.0	21	1.05	0.95				
	205	1	27.682512190526314	5.458523530526316	0.0	0.0	2	1.0274286028587367	-17.45967029623297	138.0	21	1.05	0.95				
	206	1	53.025657153684215	10.917047061052632	0.0	-100.0	2	1.0428721326765613	-18.22196075139762	138.0	22	1.05	0.95				
	207	2	48.7368172368421	9.747363447368421	0.0	0.0	2	0.9967410459323912	-22.854443514583203	138.0	22	1.05	0.95				
	208	1	66.67196598	13.646308826315787	0.0	0.0	2	1.0022249954487228	-21.106955386181344	138.0	22	1.05	0.95				
	209	1	68.23154413157894	14.036203364210525	0.0	0.0	2	1.021414142954667	-15.079759712440794	138.0	23	1.05	0.95				
	210	1	76.02943488947368	15.595781515789476	0.0	0.0	2	1.05	-16.673053338274396	138.0	23	1.05	0.95				
	211	1	0.0	0.0	0.0	0.0	2	1.0053667578397782	-12.639336767343913	230.0	23	1.05	0.95				
	212	1	0.0	0.0	0.0	0.0	2	1.0073133937955911	-11.296424885189492	230.0	23	1.05	0.95				
	213	2	103.32205254210524	21.05430504631579	0.0	0.0	2	0.997192641664498	-11.666634660041849	230.0	24	1.05	0.95				
	214	2	75.63954035157894	15.205886977894737	0.0	0.0	2	1.009196413578294	-10.145608754738614	230.0	26	1.05	0.95				
	215	2	123.59656851263156	24.953250425263157	0.0	0.0	2	1.0252241737542391	-2.9016969057615887	230.0	26	1.05	0.95				
	216	2	38.989453789473686	7.797890757894738	0.0	0.0	2	1.0258960486912665	-4.248500465120701	230.0	26	1.05	0.95				
	217	1	0.0	0.0	0.0	0.0	2	1.0339414672198366	-1.6123041716327433	230.0	27	1.05	0.95				
	218	2	129.83488111894735	26.512828576842107	0.0	0.0	2	1.0332075946439139	-2.045970253266429	230.0	27	1.05	0.95				
	219	1	70.57091135894737	14.426097902105262	0.0	0.0	2	1.0201782272424176	-5.611204594233351	230.0	25	1.05	0.95				
	220	1	49.906500850526314	10.137257985263158	0.0	0.0	2	1.0179667192296253	-6.031641845661113	230.0	25	1.05	0.95				
	221	2	0.0	0.0	0.0	0.0	2	1.0333457180527057	-1.5340018277666392	230.0	27	1.05	0.95				
	222	2	0.0	0.0	0.0	0.0	2	1.05	4.931411644113704	230.0	27	1.05	0.95				
	223	2	0.0	0.0	0.0	0.0	2	1.0171049267312446	-5.956674983603388	230.0	25	1.05	0.95				
	224	1	0.0	0.0	0.0	0.0	2	1.008232110258811	-6.4206632111962625	230.0	26	1.05	0.95				
	301	2	55.94748498947369	11.396709905263158	0.0	0.0	3	1.005441673887485	-1.0430345941637058	138.0	31	1.05	0.95				
	302	2	50.249130036842104	10.360645368421054	0.0	0.0	3	1.005054927141238	-1.1326570189053737	138.0	32	1.05	0.95				
	303	1	93.24580831578947	19.16719393157895	0.0	0.0	3	1.0228629650584493	3.5591259100969173	138.0	31	1.05	0.95				
	304	1	38.3343878631579	7.770484026315789	0.0	0.0	3	1.0071412900829702	0.5291084381963086	138.0	31	1.05	0.95				
	305	1	36.780291057894736	7.252451757894737	0.0	0.0	3	1.0204011634485877	0.2146365312199646	138.0	31	1.05	0.95				
	306	1	70.45238850526316	14.504903515789474	0.0	-100.0	3	1.0369322638769949	0.32023042613988345	138.0	32	1.05	0.95				
	307	2	64.75403355263158	12.950806710526317	0.0	0.0	3	0.995228489978347	-4.454436772427858	138.0	32	1.05	0.95				
	308	1	88.5835179	18.131129394736842	0.0	0.0	3	1.0008385106535074	-2.096843937967092	138.0	32	1.05	0.95				
	309	1	90.65564697368421	18.649161663157894	0.0	0.0	3	1.026132216118668	4.004918206504054	138.0	33	1.05	0.95				
	310	1	101.01629234210527	20.721290736842107	0.0	0.0	3	1.05	3.133073011308587	138.0	33	1.05	0.95				
	311	1	0.0	0.0	0.0	0.0	3	1.00976659313856	8.70554754534506	230.0	33	1.05	0.95				
	312	1	0.0	0.0	0.0	0.0	3	1.0128544370283525	9.692021891926274	230.0	33	1.05	0.95				
	313	2	137.27855113157895	27.973742494736847	0.0	0.0	3	1.017045076523179	13.981667846070433	230.0	34	1.05	0.95				
	314	2	100.49826007368421	20.203258468421055	0.0	0.0	3	1.010899147204573	9.27693655361688	230.0	36	1.05	0.95				
	315	2	164.2162290894737	33.15406517894737	0.0	0.0	3	1.0311263512593243	7.8334740017040145	230.0	36	1.05	0.95				
	316	2	51.80322684210527	10.360645368421054	0.0	0.0	3	1.030595231780443	9.23417092554632	230.0	36	1.05	0.95				
	317	1	0.0	0.0	0.0	0.0	3	1.038909433903635	9.496066229816668	230.0	37	1.05	0.95				
	318	2	172.50474538421054	35.22619425263158	0.0	0.0	3	1.0358211585058734	7.286155270292685	230.0	37	1.05	0.95				
	319	1	93.76384058421053	19.16719393157895	0.0	0.0	3	1.026957665822715	10.955496822237459	230.0	35	1.05	0.95				
	320	1	66.30813035789474	13.46883897894737	0.0	0.0	3	1.0253245823856878	12.220594427083455	230.0	35	1.05	0.95				
	321	2	0.0	0.0	0.0	0.0	3	1.0362748228656091	8.083652342780633	230.0	37	1.05	0.95				
	322	2	0.0	0.0	0.0	0.0	3	1.049999976676536	12.94761181394076	230.0	37	1.05	0.95				
	323	2	0.0	0.0	0.0	0.0	3	1.0248423447294168	12.946962714879888	230.0	35	1.05	0.95				
	324	1	0.0	0.0	0.0	0.0	3	1.023335006435686	7.682930080483519	230.0	36	1.05	0.95				
	325	1	0.0	0.0	0.0	0.0	3	1.0246887833437366	13.731976291239487	230.0	35	1.05	0.95				
];
