%% MATPOWER Case Format : Version 2
function mpc = RTS_GMLC
mpc.version = '2';

%%-----  Power Flow Data  -----%%
%% system MVA base
mpc.baseMVA = 100.0;
%% bus data
%    bus_i    type    Pd    Qd    Gs    Bs    area    Vm    Va    baseKV    zone    Vmax    Vmin
mpc.bus = [
	101	2	35.42998515536843	7.21721919831579	0.0	0.0	1	1.03213259224442	4.0417841517375885	138.0	11	1.05	0.95				
	102	2	31.82137555621053	6.561108362105264	0.0	0.0	1	1.0312609750991673	3.7991384340254393	138.0	12	1.05	0.95				
	103	1	59.04997525894737	12.138050469894738	0.0	0.0	1	1.0306263291825446	1.6208355248924051	138.0	11	1.05	0.95				
	104	1	24.276100939789476	4.9208312715789475	0.0	0.0	1	1.0222845004894803	0.5685119369516393	138.0	11	1.05	0.95				
	105	1	23.291934685473684	4.592775853473685	0.0	0.0	1	1.0364097221241924	0.8816416905041387	138.0	11	1.05	0.95				
	106	1	44.6155368623158	9.18555170694737	0.0	-100.0	1	1.047716353536621	-1.2771469908513213	138.0	12	1.05	0.95				
	107	2	41.0069272631579	8.201385452631579	0.0	0.0	1	1.0001317579203086	-6.892534697786011	138.0	12	1.05	0.95				
	108	1	56.097476496	11.48193963368421	0.0	0.0	1	1.007278387941142	-5.41275021979146	138.0	12	1.05	0.95				
	109	1	57.40969816842105	11.809995051789473	0.0	0.0	1	1.0246739617444756	-0.7365527135957262	138.0	13	1.05	0.95				
	110	1	63.97080653052632	13.122216724210528	0.0	0.0	1	1.05	-1.2818917105611292	138.0	13	1.05	0.95				
	111	1	0.0	0.0	0.0	0.0	1	1.0010898285089564	0.42802328029659586	230.0	13	1.05	0.95				
	112	1	0.0	0.0	0.0	0.0	1	1.005933471879821	0.5937478869110436	230.0	13	1.05	0.95				
	113	3	86.93468579789474	17.714992577684214	0.0	0.0	1	0.9885366872217987	-4.675581280484531e-24	230.0	14	1.05	0.95				
	114	2	63.64275111242106	12.794161306105265	0.0	0.0	1	0.9978424738575487	2.372227377963541	230.0	16	1.05	0.95				
	115	2	103.99356753936841	20.995546758736843	0.0	0.0	1	1.0358803170352866	7.128579086067797	230.0	16	1.05	0.95				
	116	2	32.805541810526314	6.561108362105264	0.0	0.0	1	1.0310948771588417	6.950292746425967	230.0	16	1.05	0.95				
	117	1	0.0	0.0	0.0	0.0	1	1.0406171035676932	8.991003720570092	230.0	17	1.05	0.95				
	118	2	109.24245422905263	22.3077684311579	0.0	0.0	1	1.0444787077213737	8.965578010282954	230.0	17	1.05	0.95				
	119	1	59.37803067705264	12.138050469894738	0.0	0.0	1	1.0241347459803503	5.881466252509636	230.0	15	1.05	0.95				
	120	1	41.991093517473686	8.529440870736844	0.0	0.0	1	1.019963026033717	5.591046865350659	230.0	15	1.05	0.95				
	121	2	0.0	0.0	0.0	0.0	1	1.049087310425477	9.69408822996843	230.0	17	1.05	0.95				
	122	2	0.0	0.0	0.0	0.0	1	1.05	17.385373622116404	230.0	17	1.05	0.95				
	123	2	0.0	0.0	0.0	0.0	1	1.0177322919184741	5.690526929793782	230.0	15	1.05	0.95				
	124	1	0.0	0.0	0.0	0.0	1	1.0261345932042067	5.061860523606154	230.0	16	1.05	0.95				
	201	2	40.44262554947369	8.238312611929825	0.0	0.0	2	1.0200215061351017	-9.106089438027489	138.0	21	1.05	0.95				
	202	2	36.32346924350877	7.489375101754386	0.0	0.0	2	1.0201855235438513	-9.118939260037786	138.0	22	1.05	0.95				
	203	1	67.40437591578949	13.855343938245616	0.0	0.0	2	1.0159622416488538	-7.283789232815103	138.0	21	1.05	0.95				
	204	1	27.71068787649123	5.617031326315789	0.0	0.0	2	1.0158810261512474	-10.056753531510612	138.0	21	1.05	0.95				
	205	1	26.587281611228068	5.242562571228071	0.0	0.0	2	1.0305829131593245	-10.35663029047828	138.0	21	1.05	0.95				
	206	1	50.92775069192983	10.485125142456141	0.0	-100.0	2	1.044761782287654	-11.457494152904264	138.0	22	1.05	0.95				
	207	2	46.808594385964916	9.361718877192983	0.0	0.0	2	0.994116478309534	-16.471487394088577	138.0	22	1.05	0.95				
	208	1	64.03415712	13.106406428070175	0.0	0.0	2	1.0015649594443545	-14.820651441760953	138.0	22	1.05	0.95				
	209	1	65.53203214035088	13.480875183157895	0.0	0.0	2	1.022407777357185	-9.269231425994256	138.0	23	1.05	0.95				
	210	1	73.02140724210527	14.978750203508772	0.0	0.0	2	1.05	-10.411103738164442	138.0	23	1.05	0.95				
	211	1	0.0	0.0	0.0	0.0	2	1.0028710394108342	-6.850736336323505	230.0	23	1.05	0.95				
	212	1	0.0	0.0	0.0	0.0	2	1.007246433037411	-6.252726541444414	230.0	23	1.05	0.95				
	213	2	99.23422009824561	20.221312774736845	0.0	0.0	2	0.9966737376732231	-5.82529255244253	230.0	24	1.05	0.95				
	214	2	72.64693848701754	14.604281448421052	0.0	0.0	2	1.001105823810947	-4.619672756305351	230.0	26	1.05	0.95				
	215	2	118.70659536280701	23.966000325614036	0.0	0.0	2	1.0181276668762933	0.9429395615283993	230.0	26	1.05	0.95				
	216	2	37.44687550877193	7.489375101754386	0.0	0.0	2	1.0200782229597891	0.7916260249287934	230.0	26	1.05	0.95				
	217	1	0.0	0.0	0.0	0.0	2	1.0249358540784435	2.570106330637351	230.0	27	1.05	0.95				
	218	2	124.69809544421054	25.463875345964915	0.0	0.0	2	1.0242560876353373	2.07934830153656	230.0	27	1.05	0.95				
	219	1	67.7788446708772	13.855343938245616	0.0	0.0	2	1.0216339276677624	0.39792217568348925	230.0	25	1.05	0.95				
	220	1	47.93200065122807	9.736187632280703	0.0	0.0	2	1.0252384633547966	0.7958703052451397	230.0	25	1.05	0.95				
	221	2	0.0	0.0	0.0	0.0	2	1.0258532452707676	2.5081220889997344	230.0	27	1.05	0.95				
	222	2	0.0	0.0	0.0	0.0	2	1.047988186285527	9.047804872988776	230.0	27	1.05	0.95				
	223	2	0.0	0.0	0.0	0.0	2	1.0276122074280676	1.3023901679713168	230.0	25	1.05	0.95				
	224	1	0.0	0.0	0.0	0.0	2	1.0070768019955407	-2.1622041322654506	230.0	26	1.05	0.95				
	301	2	46.568807355789474	9.486238535438595	0.0	0.0	3	1.0070721530989157	-22.048672648103068	138.0	31	1.05	0.95				
	302	2	41.82568808807017	8.623853214035087	0.0	0.0	3	1.006893853492218	-22.157892546860296	138.0	32	1.05	0.95				
	303	1	77.61467892631579	15.954128445964914	0.0	0.0	3	1.0243619827019492	-16.54477306287917	138.0	31	1.05	0.95				
	304	1	31.908256891929828	6.467889910526316	0.0	0.0	3	1.0103873438195032	-20.628183118209048	138.0	31	1.05	0.95				
	305	1	30.614678909824562	6.036697249824561	0.0	0.0	3	1.0229505299318957	-21.5387391852335	138.0	31	1.05	0.95				
	306	1	58.6422018554386	12.073394499649122	0.0	-100.0	3	1.0400989771338023	-21.767052686280245	138.0	32	1.05	0.95				
	307	2	53.89908258771929	10.779816517543859	0.0	0.0	3	0.9935503759146203	-26.34189055538437	138.0	32	1.05	0.95				
	308	1	73.73394498	15.091743124561402	0.0	0.0	3	0.9998818714408672	-24.401356402516473	138.0	32	1.05	0.95				
	309	1	75.45871562280702	15.522935785263156	0.0	0.0	3	1.0268830929726729	-17.615404352670502	138.0	33	1.05	0.95				
	310	1	84.0825688368421	17.247706428070174	0.0	0.0	3	1.05	-19.640659895494753	138.0	33	1.05	0.95				
	311	1	0.0	0.0	0.0	0.0	3	1.0082491473536186	-14.04432524031336	230.0	33	1.05	0.95				
	312	1	0.0	0.0	0.0	0.0	3	1.0121095425780717	-13.393205022694644	230.0	33	1.05	0.95				
	313	2	114.26605508596491	23.284403677894737	0.0	0.0	3	1.011491272224266	-10.470743081693419	230.0	34	1.05	0.95				
	314	2	83.65137617614035	16.81651376736842	0.0	0.0	3	1.0075509583934368	-12.485887636156551	230.0	36	1.05	0.95				
	315	2	136.68807344245613	27.59633028491228	0.0	0.0	3	1.0311193322243213	-8.540936857395716	230.0	36	1.05	0.95				
	316	2	43.119266070175435	8.623853214035087	0.0	0.0	3	1.0310037811401271	-7.709296752800855	230.0	36	1.05	0.95				
	317	1	0.0	0.0	0.0	0.0	3	1.036450651078283	-5.97071901262029	230.0	37	1.05	0.95				
	318	2	143.58715601368422	29.3211009277193	0.0	0.0	3	1.0345905767885224	-6.281294951287731	230.0	37	1.05	0.95				
	319	1	78.04587158701754	15.954128445964914	0.0	0.0	3	1.0287169737675579	-8.149009812258686	230.0	35	1.05	0.95				
	320	1	55.19266056982456	11.211009178245614	0.0	0.0	3	1.0296121374049068	-7.694014376947305	230.0	35	1.05	0.95				
	321	2	0.0	0.0	0.0	0.0	3	1.0356973238844815	-6.498859914426078	230.0	37	1.05	0.95				
	322	2	0.0	0.0	0.0	0.0	3	1.0492055292497136	-1.9780369847630488	230.0	37	1.05	0.95				
	323	2	0.0	0.0	0.0	0.0	3	1.0307668361745597	-7.114464712796181	230.0	35	1.05	0.95				
	324	1	0.0	0.0	0.0	0.0	3	1.0184504866923378	-11.546648264967674	230.0	36	1.05	0.95				
	325	1	0.0	0.0	0.0	0.0	3	1.0268346218267967	-5.70861885435291	230.0	35	1.05	0.95				
];
