%% MATPOWER Case Format : Version 2
function mpc = RTS_GMLC
mpc.version = '2';

%%-----  Power Flow Data  -----%%
%% system MVA base
mpc.baseMVA = 100.0;
%% bus data
%    bus_i    type    Pd    Qd    Gs    Bs    area    Vm    Va    baseKV    zone    Vmax    Vmin
mpc.bus = [
	101	2	50.9807026231579	10.384957941754386	0.0	0.0	1	0.9977224710596803	-3.1474570473352355	138.0	11	1.05	0.95				
	102	2	45.7882236522807	9.440870856140352	0.0	0.0	1	0.9971131887628892	-3.4228909736330557	138.0	12	1.05	0.95				
	103	1	84.96783770526316	17.46561108385965	0.0	0.0	1	1.022486422858783	1.541262460062529	138.0	11	1.05	0.95				
	104	1	34.9312221677193	7.0806531421052625	0.0	0.0	1	1.0084129301912277	-3.83619198653171	138.0	11	1.05	0.95				
	105	1	33.51509153929824	6.608609599298246	0.0	0.0	1	1.017660845674413	-5.038433311184636	138.0	11	1.05	0.95				
	106	1	64.19792182175439	13.217219198596492	0.0	-100.0	1	1.0361470975049678	-6.606967161891002	138.0	12	1.05	0.95				
	107	2	59.00544285087719	11.80108857017544	0.0	0.0	1	0.9894721770979205	-12.539476758398678	138.0	12	1.05	0.95				
	108	1	80.71944582	16.521523998245613	0.0	0.0	1	0.9958130592095543	-10.519348432883504	138.0	12	1.05	0.95				
	109	1	82.60761999122808	16.99356754105263	0.0	0.0	1	1.0261044815889708	-3.2947192579155002	138.0	13	1.05	0.95				
	110	1	92.04849084736843	18.881741712280704	0.0	0.0	1	1.05	-5.3722887798439825	138.0	13	1.05	0.95				
	111	1	0.0	0.0	0.0	0.0	1	1.0225810558449278	-0.24328713464927473	230.0	13	1.05	0.95				
	112	1	0.0	0.0	0.0	0.0	1	1.0185362220067318	-1.3731425932303425	230.0	13	1.05	0.95				
	113	3	125.09153884385964	25.49035131157895	0.0	0.0	1	1.008610362484499	3.5044275237893662e-28	230.0	14	1.05	0.95				
	114	2	91.5764473045614	18.409698169473685	0.0	0.0	1	1.05	3.5123330754931397	230.0	16	1.05	0.95				
	115	2	149.63780306982454	30.210786739649127	0.0	0.0	1	1.040239111832913	13.879817970832981	230.0	16	1.05	0.95				
	116	2	47.20435428070176	9.440870856140352	0.0	0.0	1	1.0415762906665247	11.89498921035743	230.0	16	1.05	0.95				
	117	1	0.0	0.0	0.0	0.0	1	1.0398329376654234	18.420440514121772	230.0	17	1.05	0.95				
	118	2	157.19049975473683	32.098960910877196	0.0	0.0	1	1.0491729743959153	19.245849264797418	230.0	17	1.05	0.95				
	119	1	85.43988124807018	17.46561108385965	0.0	0.0	1	1.0396624439478295	7.425341914268193	230.0	15	1.05	0.95				
	120	1	60.42157347929825	12.273132112982458	0.0	0.0	1	1.045301443392391	4.127154489302377	230.0	15	1.05	0.95				
	121	2	0.0	0.0	0.0	0.0	1	1.0441231375492184	20.926311966119282	230.0	17	1.05	0.95				
	122	2	0.0	0.0	0.0	0.0	1	1.05	38.88021054190446	230.0	17	1.05	0.95				
	123	2	0.0	0.0	0.0	0.0	1	1.05	2.6752491389712203	230.0	15	1.05	0.95				
	124	1	0.0	0.0	0.0	0.0	1	1.0181092418448534	9.287108130284482	230.0	16	1.05	0.95				
	201	2	47.32756177263158	9.640799620350878	0.0	0.0	2	1.0119774316227461	-16.692035134436253	138.0	21	1.05	0.95				
	202	2	42.50716196245614	8.76436329122807	0.0	0.0	2	1.0111083642214889	-16.975679533831833	138.0	22	1.05	0.95				
	203	1	78.87926962105263	16.214072088771932	0.0	0.0	2	1.0140924724741265	-12.563326873246996	138.0	21	1.05	0.95				
	204	1	32.428144177543864	6.573272468421052	0.0	0.0	2	1.0107655963132025	-16.398785735908156	138.0	21	1.05	0.95				
	205	1	31.113489683859648	6.13505430385965	0.0	0.0	2	1.0255627016141247	-16.863503183200915	138.0	21	1.05	0.95				
	206	1	59.59767038035088	12.2701086077193	0.0	-100.0	2	1.0409483601367582	-17.499580599762766	138.0	22	1.05	0.95				
	207	2	54.77727057017544	10.955454114035087	0.0	0.0	2	0.9938911222053005	-22.765535479579167	138.0	22	1.05	0.95				
	208	1	74.93530614000001	15.337635759649121	0.0	0.0	2	0.999066108062272	-20.773188814621697	138.0	22	1.05	0.95				
	209	1	76.68817879824562	15.775853924210526	0.0	0.0	2	1.023505364827916	-14.114626193939952	138.0	23	1.05	0.95				
	210	1	85.45254208947368	17.52872658245614	0.0	0.0	2	1.05	-15.624453523278197	138.0	23	1.05	0.95				
	211	1	0.0	0.0	0.0	0.0	2	1.0079694621669528	-11.227330123117905	230.0	23	1.05	0.95				
	212	1	0.0	0.0	0.0	0.0	2	1.011360955090171	-8.920665188195564	230.0	23	1.05	0.95				
	213	2	116.12781360877192	23.66378088631579	0.0	0.0	2	1.00351749159598	-9.507574027431914	230.0	24	1.05	0.95				
	214	2	85.01432392491228	17.090508417894736	0.0	0.0	2	1.0113808156974526	-8.9962054899546	230.0	26	1.05	0.95				
	215	2	138.91515816596493	28.045962531929824	0.0	0.0	2	1.0313744638788875	-2.2427157704759857	230.0	26	1.05	0.95				
	216	2	43.82181645614035	8.76436329122807	0.0	0.0	2	1.0312920928085345	-3.200189288655752	230.0	26	1.05	0.95				
	217	1	0.0	0.0	0.0	0.0	2	1.0382054720272846	-1.1162842531414903	230.0	27	1.05	0.95				
	218	2	145.92664879894735	29.79883519017544	0.0	0.0	2	1.0368369306490324	-1.5876814242870427	230.0	27	1.05	0.95				
	219	1	79.31748778561403	16.214072088771932	0.0	0.0	2	1.0292142409294256	-3.5499218434801243	230.0	25	1.05	0.95				
	220	1	56.09192506385965	11.39367227859649	0.0	0.0	2	1.0303659883885705	-3.0040539735147025	230.0	25	1.05	0.95				
	221	2	0.0	0.0	0.0	0.0	2	1.0373038064122881	-1.0110037580297961	230.0	27	1.05	0.95				
	222	2	0.0	0.0	0.0	0.0	2	1.05	5.447985194742271	230.0	27	1.05	0.95				
	223	2	0.0	0.0	0.0	0.0	2	1.0317204120143462	-2.3701234557696726	230.0	25	1.05	0.95				
	224	1	0.0	0.0	0.0	0.0	2	1.0121419007385617	-6.081832664737114	230.0	26	1.05	0.95				
	301	2	51.59126857263158	10.509332487017543	0.0	0.0	3	1.0020178109312705	11.474554853080082	138.0	31	1.05	0.95				
	302	2	46.336602329122805	9.553938624561404	0.0	0.0	3	1.0017755593651552	11.397941158238096	138.0	32	1.05	0.95				
	303	1	85.98544762105263	17.674786455438596	0.0	0.0	3	1.02288381490557	15.333727627270314	138.0	31	1.05	0.95				
	304	1	35.34957291087719	7.165453968421052	0.0	0.0	3	1.0066662738226513	12.88437034283063	138.0	31	1.05	0.95				
	305	1	33.916482117192984	6.687757037192983	0.0	0.0	3	1.0193068876297398	12.668745547941892	138.0	31	1.05	0.95				
	306	1	64.96678264701755	13.375514074385967	0.0	-100.0	3	1.0373492612600557	12.7724442788335	138.0	32	1.05	0.95				
	307	2	59.71211640350877	11.942423280701755	0.0	0.0	3	0.9874110740418393	9.076992585024765	138.0	32	1.05	0.95				
	308	1	81.68617524	16.719392592982455	0.0	0.0	3	0.9992273712866226	11.170501131182398	138.0	32	1.05	0.95				
	309	1	83.59696296491228	17.197089524210526	0.0	0.0	3	1.0261497872667948	16.053020126172488	138.0	33	1.05	0.95				
	310	1	93.15090158947368	19.107877249122808	0.0	0.0	3	1.05	15.393416735114087	138.0	33	1.05	0.95				
	311	1	0.0	0.0	0.0	0.0	3	1.0080222678756414	20.457711726748432	230.0	33	1.05	0.95				
	312	1	0.0	0.0	0.0	0.0	3	1.0139306945928757	20.821049161320616	230.0	33	1.05	0.95				
	313	2	126.58968677543858	25.79563428631579	0.0	0.0	3	1.0138642765555426	24.53615106084628	230.0	34	1.05	0.95				
	314	2	92.67320465824561	18.630180317894737	0.0	0.0	3	1.0059063228665173	21.704175430939316	230.0	36	1.05	0.95				
	315	2	151.42992719929825	30.572603598596494	0.0	0.0	3	1.0363291125948073	20.15878702156268	230.0	36	1.05	0.95				
	316	2	47.76969312280702	9.553938624561404	0.0	0.0	3	1.0343345546171743	21.169360335639958	230.0	36	1.05	0.95				
	317	1	0.0	0.0	0.0	0.0	3	1.05	23.408779264856904	230.0	37	1.05	0.95				
	318	2	159.07307809894738	32.483391323508776	0.0	0.0	3	1.0480869791259975	19.997838884808456	230.0	37	1.05	0.95				
	319	1	86.4631445522807	17.674786455438596	0.0	0.0	3	1.0305020792420214	22.15656667760344	230.0	35	1.05	0.95				
	320	1	61.14520719719299	12.420120211929826	0.0	0.0	3	1.027127511941254	22.42161336847408	230.0	35	1.05	0.95				
	321	2	0.0	0.0	0.0	0.0	3	1.046213282324366	20.711852893240934	230.0	37	1.05	0.95				
	322	2	0.0	0.0	0.0	0.0	3	1.05	26.113770296593987	230.0	37	1.05	0.95				
	323	2	0.0	0.0	0.0	0.0	3	1.0247004023173392	22.375004930794795	230.0	35	1.05	0.95				
	324	1	0.0	0.0	0.0	0.0	3	1.0264692311946468	20.123402720190473	230.0	36	1.05	0.95				
	325	1	0.0	0.0	0.0	0.0	3	1.027413049663055	22.26110775954718	230.0	35	1.05	0.95				
];
