%% MATPOWER Case Format : Version 2
function mpc = RTS_GMLC
mpc.version = '2';

%%-----  Power Flow Data  -----%%
%% system MVA base
mpc.baseMVA = 100.0;
%% bus data
%    bus_i    type    Pd    Qd    Gs    Bs    area    Vm    Va    baseKV    zone    Vmax    Vmin
mpc.bus = [
	101	2	48.909945562105264	9.963137058947368	0.0	0.0	1	1.0364238308895677	1.9804242868631001	138.0	11	1.05	0.95				
	102	2	43.92837703263158	9.05739732631579	0.0	0.0	1	1.0359926773510242	1.839904022008624	138.0	12	1.05	0.95				
	103	1	81.5165759368421	16.75618505368421	0.0	0.0	1	1.0290500597762329	-0.07418364402454747	138.0	11	1.05	0.95				
	104	1	33.51237010736842	6.793047994736842	0.0	0.0	1	1.0222471450478474	-1.436483140199186	138.0	11	1.05	0.95				
	105	1	32.153760508421044	6.340178128421053	0.0	0.0	1	1.0369831311459605	-1.222061522235565	138.0	11	1.05	0.95				
	106	1	61.59030181894737	12.680356256842106	0.0	-100.0	1	1.0453690359863457	-3.479700065953509	138.0	12	1.05	0.95				
	107	2	56.608733289473676	11.321746657894737	0.0	0.0	1	1.0007937082715237	-7.996317695846041	138.0	12	1.05	0.95				
	108	1	77.44074714	15.85044532105263	0.0	0.0	1	1.0042863136485076	-7.161327403557636	138.0	12	1.05	0.95				
	109	1	79.25222660526316	16.30331518736842	0.0	0.0	1	1.0249698935663631	-2.293477852318044	138.0	13	1.05	0.95				
	110	1	88.30962393157894	18.11479465263158	0.0	0.0	1	1.05	-3.052837655016726	138.0	13	1.05	0.95				
	111	1	0.0	0.0	0.0	0.0	1	1.0046072889911486	-0.4681521310917166	230.0	13	1.05	0.95				
	112	1	0.0	0.0	0.0	0.0	1	1.0089302136234817	-0.0036303222194718062	230.0	13	1.05	0.95				
	113	3	120.01051457368422	24.454972781052632	0.0	0.0	1	0.9969453232671248	-5.795239896573324e-29	230.0	14	1.05	0.95				
	114	2	87.85675406526316	17.66192478631579	0.0	0.0	1	1.002266697981296	1.450025422619745	230.0	16	1.05	0.95				
	115	2	143.55974762210525	28.983671444210522	0.0	0.0	1	1.0396123011809302	7.074341534845333	230.0	16	1.05	0.95				
	116	2	45.28698663157895	9.05739732631579	0.0	0.0	1	1.0351970125552514	6.787489563364017	230.0	16	1.05	0.95				
	117	1	0.0	0.0	0.0	0.0	1	1.0427246897667706	8.603801886756624	230.0	17	1.05	0.95				
	118	2	150.8056654831579	30.795150909473683	0.0	0.0	1	1.045621848681732	8.479185185253382	230.0	17	1.05	0.95				
	119	1	81.9694458031579	16.75618505368421	0.0	0.0	1	1.0281974815556267	5.854667536872182	230.0	15	1.05	0.95				
	120	1	57.967342888421044	11.774616524210527	0.0	0.0	1	1.0253550801883835	5.9181830684202925	230.0	15	1.05	0.95				
	121	2	0.0	0.0	0.0	0.0	1	1.0499999911830034	9.395958169776353	230.0	17	1.05	0.95				
	122	2	0.0	0.0	0.0	0.0	1	1.05	16.88677916414227	230.0	17	1.05	0.95				
	123	2	0.0	0.0	0.0	0.0	1	1.024476315131341	6.303530539489978	230.0	15	1.05	0.95				
	124	1	0.0	0.0	0.0	0.0	1	1.0263079229738326	4.403203223832033	230.0	16	1.05	0.95				
	201	2	44.19959074105264	9.00362033614035	0.0	0.0	2	1.0277683157803323	-4.60127721020611	138.0	21	1.05	0.95				
	202	2	39.69778057298245	8.185109396491228	0.0	0.0	2	1.0284794004676534	-4.448953744601676	138.0	22	1.05	0.95				
	203	1	73.66598456842105	15.142452383508772	0.0	0.0	2	1.0193590169887334	-5.0822158436195535	138.0	21	1.05	0.95				
	204	1	30.284904767017544	6.138832047368421	0.0	0.0	2	1.0192595466777208	-6.507202721404822	138.0	21	1.05	0.95				
	205	1	29.05713835754386	5.72957657754386	0.0	0.0	2	1.0338451548513075	-6.617566852534444	138.0	21	1.05	0.95				
	206	1	55.65874389614035	11.45915315508772	0.0	-100.0	2	1.0454400593671633	-8.120795462352973	138.0	22	1.05	0.95				
	207	2	51.15693372807017	10.231386745614035	0.0	0.0	2	0.9905448431648102	-14.216138251676172	138.0	22	1.05	0.95				
	208	1	69.98268533999999	14.323941443859647	0.0	0.0	2	0.9983047121596275	-12.392552801265731	138.0	22	1.05	0.95				
	209	1	71.61970721929825	14.73319691368421	0.0	0.0	2	1.0232597067048457	-6.513946030797805	138.0	23	1.05	0.95				
	210	1	79.80481661578948	16.370218792982456	0.0	0.0	2	1.05	-7.352019267412646	138.0	23	1.05	0.95				
	211	1	0.0	0.0	0.0	0.0	2	1.0036170272749423	-3.962928412482388	230.0	23	1.05	0.95				
	212	1	0.0	0.0	0.0	0.0	2	1.00815545083425	-3.466184326427896	230.0	23	1.05	0.95				
	213	2	108.45269950350878	22.09979537052632	0.0	0.0	2	0.996260406963683	-3.1163104348279203	230.0	24	1.05	0.95				
	214	2	79.3955611459649	15.960963323157895	0.0	0.0	2	1.00314716305469	-1.6035372716448049	230.0	26	1.05	0.95				
	215	2	129.73398393438595	26.19235006877193	0.0	0.0	2	1.027192092996988	4.155172994219915	230.0	26	1.05	0.95				
	216	2	40.92554698245614	8.185109396491228	0.0	0.0	2	1.0277609271932735	4.153112241233036	230.0	26	1.05	0.95				
	217	1	0.0	0.0	0.0	0.0	2	1.0338792021130296	6.594289636483419	230.0	27	1.05	0.95				
	218	2	136.28207145157896	27.829371948070175	0.0	0.0	2	1.0354602086140352	7.078038329130185	230.0	27	1.05	0.95				
	219	1	74.07524003824561	15.142452383508772	0.0	0.0	2	1.027205224802205	3.3981771640666594	230.0	25	1.05	0.95				
	220	1	52.38470013754386	10.640642215438596	0.0	0.0	2	1.0294086008505157	3.54072159485724	230.0	25	1.05	0.95				
	221	2	0.0	0.0	0.0	0.0	2	1.0355459884618545	6.863271091773494	230.0	27	1.05	0.95				
	222	2	0.0	0.0	0.0	0.0	2	1.05	13.255174201125206	230.0	27	1.05	0.95				
	223	2	0.0	0.0	0.0	0.0	2	1.0311032582238187	3.9316848131215214	230.0	25	1.05	0.95				
	224	1	0.0	0.0	0.0	0.0	2	1.0128140255249936	0.6878973049431402	230.0	26	1.05	0.95				
	301	2	45.185068004210535	9.204365704561404	0.0	0.0	3	1.0066474676962733	-21.7634727034854	138.0	31	1.05	0.95				
	302	2	40.58288515192983	8.367605185964914	0.0	0.0	3	1.006587123063364	-21.858818921686378	138.0	32	1.05	0.95				
	303	1	75.30844667368422	15.480069594035086	0.0	0.0	3	1.021556930160297	-16.919895466840313	138.0	31	1.05	0.95				
	304	1	30.960139188070173	6.275703889473684	0.0	0.0	3	1.0101435297737993	-20.403097585272942	138.0	31	1.05	0.95				
	305	1	29.70499841017544	5.857323630175439	0.0	0.0	3	1.0228769710200654	-21.142629694129067	138.0	31	1.05	0.95				
	306	1	56.899715264561415	11.714647260350878	0.0	-100.0	3	1.0403861664115643	-21.29917441844287	138.0	32	1.05	0.95				
	307	2	52.2975324122807	10.45950648245614	0.0	0.0	3	0.9935784140307843	-25.800648583709677	138.0	32	1.05	0.95				
	308	1	71.54302434	14.643309075438596	0.0	0.0	3	1.000279496091174	-23.927311581712075	138.0	32	1.05	0.95				
	309	1	73.21654537719299	15.061689334736842	0.0	0.0	3	1.026114651806288	-17.499224157266706	138.0	33	1.05	0.95				
	310	1	81.58415056315789	16.735210371929828	0.0	0.0	3	1.05	-19.175037272132062	138.0	33	1.05	0.95				
	311	1	0.0	0.0	0.0	0.0	3	1.0077454712376424	-13.56783335408037	230.0	33	1.05	0.95				
	312	1	0.0	0.0	0.0	0.0	3	1.0113120029894997	-12.99255013309713	230.0	33	1.05	0.95				
	313	2	110.8707687140351	22.592534002105268	0.0	0.0	3	1.0109014660232447	-9.98511743831638	230.0	34	1.05	0.95				
	314	2	81.16577030385966	16.316830112631582	0.0	0.0	3	1.007609769170866	-11.833635690713031	230.0	36	1.05	0.95				
	315	2	132.62654219754387	26.77633659508772	0.0	0.0	3	1.0325058911361862	-7.681399041442612	230.0	36	1.05	0.95				
	316	2	41.83802592982456	8.367605185964914	0.0	0.0	3	1.0318459838538192	-6.900163551966329	230.0	36	1.05	0.95				
	317	1	0.0	0.0	0.0	0.0	3	1.0369047208916582	-5.488314632623769	230.0	37	1.05	0.95				
	318	2	139.32062634631578	28.449857632280708	0.0	0.0	3	1.0363677655135386	-5.361351423541352	230.0	37	1.05	0.95				
	319	1	75.72682693298246	15.480069594035086	0.0	0.0	3	1.0288408493439634	-7.457427990644549	230.0	35	1.05	0.95				
	320	1	53.55267319017544	10.877886741754386	0.0	0.0	3	1.028972711222289	-7.1296332498905	230.0	35	1.05	0.95				
	321	2	0.0	0.0	0.0	0.0	3	1.0376870606830926	-5.40927587758355	230.0	37	1.05	0.95				
	322	2	0.0	0.0	0.0	0.0	3	1.0499999736241328	-1.1319109739358304	230.0	37	1.05	0.95				
	323	2	0.0	0.0	0.0	0.0	3	1.0296136596240946	-6.628439623509538	230.0	35	1.05	0.95				
	324	1	0.0	0.0	0.0	0.0	3	1.0169003238874925	-11.138044321601503	230.0	36	1.05	0.95				
	325	1	0.0	0.0	0.0	0.0	3	1.0262939906368729	-5.281972446135492	230.0	35	1.05	0.95				
];
