%% MATPOWER Case Format : Version 2
function mpc = RTS_GMLC
mpc.version = '2';

%%-----  Power Flow Data  -----%%
%% system MVA base
mpc.baseMVA = 100.0;
%% bus data
%    bus_i    type    Pd    Qd    Gs    Bs    area    Vm    Va    baseKV    zone    Vmax    Vmin
mpc.bus = [
	101	2	60.94705592842106	12.41514102245614	0.0	0.0	1	1.030684952028919	-1.094447424820685	138.0	11	1.05	0.95				
	102	2	54.73948541719298	11.28649183859649	0.0	0.0	1	1.0299468115930122	-1.3508300670285913	138.0	12	1.05	0.95				
	103	1	101.57842654736842	20.880009901403508	0.0	0.0	1	1.0252323844603286	-0.4403356057975095	138.0	11	1.05	0.95				
	104	1	41.760019802807015	8.464868878947367	0.0	0.0	1	1.017566244585538	-4.097237122900219	138.0	11	1.05	0.95				
	105	1	40.06704602701754	7.900544287017544	0.0	0.0	1	1.032724653612665	-4.139789392880707	138.0	11	1.05	0.95				
	106	1	76.74814450245614	15.801088574035088	0.0	-100.0	1	1.0409191265128495	-6.4210534926274	138.0	12	1.05	0.95				
	107	2	70.54057399122806	14.108114798245614	0.0	0.0	1	0.9993999303354035	-13.940483452719572	138.0	12	1.05	0.95				
	108	1	96.49950521999999	19.751360717543857	0.0	0.0	1	0.9979292568467028	-11.79618879132676	138.0	12	1.05	0.95				
	109	1	98.7568035877193	20.315685309473682	0.0	0.0	1	1.0248574820063063	-4.04839335380306	138.0	13	1.05	0.95				
	110	1	110.0432954263158	22.57298367719298	0.0	0.0	1	1.05	-5.438176646331823	138.0	13	1.05	0.95				
	111	1	0.0	0.0	0.0	0.0	1	1.012398109503369	-0.8278171024230712	230.0	13	1.05	0.95				
	112	1	0.0	0.0	0.0	0.0	1	1.014439322819261	-0.9436689353025401	230.0	13	1.05	0.95				
	113	3	149.5460168614035	30.47352796421053	0.0	0.0	1	1.010340841460265	9.462352187359674e-29	230.0	14	1.05	0.95				
	114	2	109.47897083438596	22.008659085263158	0.0	0.0	1	1.018715565015191	2.402022259614382	230.0	16	1.05	0.95				
	115	2	178.89089564175438	36.11677388350877	0.0	0.0	1	1.0444283383650756	11.372089492670547	230.0	16	1.05	0.95				
	116	2	56.432459192982456	11.28649183859649	0.0	0.0	1	1.0412171326607356	10.334281443200803	230.0	16	1.05	0.95				
	117	1	0.0	0.0	0.0	0.0	1	1.042835936248463	14.859872165882019	230.0	17	1.05	0.95				
	118	2	187.9200891126316	38.37407225122807	0.0	0.0	1	1.049999998137187	14.916030022709567	230.0	17	1.05	0.95				
	119	1	102.14275113929826	20.880009901403508	0.0	0.0	1	1.034556996656249	7.5739738995737005	230.0	15	1.05	0.95				
	120	1	72.23354776701754	14.672439390175438	0.0	0.0	1	1.0346130864826266	6.2404571385254375	230.0	15	1.05	0.95				
	121	2	0.0	0.0	0.0	0.0	1	1.05	16.307531611096895	230.0	17	1.05	0.95				
	122	2	0.0	0.0	0.0	0.0	1	1.05	32.955851275772154	230.0	17	1.05	0.95				
	123	2	0.0	0.0	0.0	0.0	1	1.0358043620010031	5.930952730243033	230.0	15	1.05	0.95				
	124	1	0.0	0.0	0.0	0.0	1	1.022410576294567	6.981782879712478	230.0	16	1.05	0.95				
	201	2	61.2844325431579	12.483865888421054	0.0	0.0	2	1.0293544029476906	-14.087311596411437	138.0	21	1.05	0.95				
	202	2	55.04249959894737	11.348968989473684	0.0	0.0	2	1.029785741009867	-14.078609074340411	138.0	22	1.05	0.95				
	203	1	102.14072090526317	20.995592630526318	0.0	0.0	2	1.01723446239542	-12.825775662421877	138.0	21	1.05	0.95				
	204	1	41.991185261052635	8.511726742105264	0.0	0.0	2	1.0169592934791172	-16.057559590987015	138.0	21	1.05	0.95				
	205	1	40.28883991263158	7.944278292631581	0.0	0.0	2	1.0324519629637003	-16.299881876533078	138.0	21	1.05	0.95				
	206	1	77.17298912842105	15.888556585263162	0.0	-100.0	2	1.0412123698440332	-18.067479345601992	138.0	22	1.05	0.95				
	207	2	70.93105618421053	14.186211236842105	0.0	0.0	2	0.9881806486057956	-26.55057513383437	138.0	22	1.05	0.95				
	208	1	97.03368486000001	19.860695731578947	0.0	0.0	2	0.9900273988191408	-23.852625354324825	138.0	22	1.05	0.95				
	209	1	99.30347865789474	20.42814418105263	0.0	0.0	2	1.023615155015307	-15.36275750210639	138.0	23	1.05	0.95				
	210	1	110.65244764736842	22.69793797894737	0.0	0.0	2	1.05	-16.739138988344777	138.0	23	1.05	0.95				
	211	1	0.0	0.0	0.0	0.0	2	1.0139855740758905	-11.797551439796493	230.0	23	1.05	0.95				
	212	1	0.0	0.0	0.0	0.0	2	1.0135769266171104	-10.880557974758931	230.0	23	1.05	0.95				
	213	2	150.37383911052632	30.64221627157895	0.0	0.0	2	1.013866745842474	-10.418642264726424	230.0	24	1.05	0.95				
	214	2	110.08499919789475	22.130489529473685	0.0	0.0	2	1.0218392935810774	-8.739531723135487	230.0	26	1.05	0.95				
	215	2	179.8811584831579	36.31670076631579	0.0	0.0	2	1.0368103151940384	-0.7065019447644061	230.0	26	1.05	0.95				
	216	2	56.74484494736842	11.348968989473684	0.0	0.0	2	1.0389012824814463	-0.9732868153717956	230.0	26	1.05	0.95				
	217	1	0.0	0.0	0.0	0.0	2	1.041800335373789	2.1081872420573093	230.0	27	1.05	0.95				
	218	2	188.96033367473686	38.586494564210525	0.0	0.0	2	1.0427490152614878	2.2051471032685157	230.0	27	1.05	0.95				
	219	1	102.70816935473685	20.995592630526318	0.0	0.0	2	1.038614647201883	-1.4678667268738825	230.0	25	1.05	0.95				
	220	1	72.63340153263158	14.753659686315789	0.0	0.0	2	1.0427893853960872	-0.8218171564744337	230.0	25	1.05	0.95				
	221	2	0.0	0.0	0.0	0.0	2	1.0427042677967784	2.0052224154451084	230.0	27	1.05	0.95				
	222	2	0.0	0.0	0.0	0.0	2	1.05	8.550809610380409	230.0	27	1.05	0.95				
	223	2	0.0	0.0	0.0	0.0	2	1.0464131868913362	-0.05111054607070296	230.0	25	1.05	0.95				
	224	1	0.0	0.0	0.0	0.0	2	1.0143499686910031	-5.209201652516733	230.0	26	1.05	0.95				
	301	2	52.103764648421055	10.613729835789474	0.0	0.0	3	1.0112584195246836	-9.743406522167307	138.0	31	1.05	0.95				
	302	2	46.79689973052631	9.64884530526316	0.0	0.0	3	1.0103253406318415	-10.005928129646987	138.0	32	1.05	0.95				
	303	1	86.83960774736843	17.85036381473684	0.0	0.0	3	1.0462800594917374	1.12545389592245	138.0	31	1.05	0.95				
	304	1	35.70072762947368	7.236633978947368	0.0	0.0	3	1.0112144118289363	-8.601315572856278	138.0	31	1.05	0.95				
	305	1	34.25340083368421	6.754191713684212	0.0	0.0	3	1.0245993821129311	-10.185299974899902	138.0	31	1.05	0.95				
	306	1	65.61214807578948	13.508383427368424	0.0	-100.0	3	1.0394541945129743	-10.9948119000857	138.0	32	1.05	0.95				
	307	2	60.30528315789474	12.061056631578948	0.0	0.0	3	0.9897797282704046	-16.009786382896827	138.0	32	1.05	0.95				
	308	1	82.49762736000001	16.885479284210525	0.0	0.0	3	0.9954838431378753	-13.797863765056322	138.0	32	1.05	0.95				
	309	1	84.42739642105263	17.36792154947368	0.0	0.0	3	1.0274239018901472	-5.481824101164475	138.0	33	1.05	0.95				
	310	1	94.07624172631579	19.29769061052632	0.0	0.0	3	1.05	-9.075085047870466	138.0	33	1.05	0.95				
	311	1	0.0	0.0	0.0	0.0	3	1.0111928351496597	-3.8086954818869607	230.0	33	1.05	0.95				
	312	1	0.0	0.0	0.0	0.0	3	1.0151016545150542	-3.104292770452802	230.0	33	1.05	0.95				
	313	2	127.84720029473684	26.051882324210528	0.0	0.0	3	1.0136542029512994	-0.6703487024015016	230.0	34	1.05	0.95				
	314	2	93.59379946105263	18.81524834526316	0.0	0.0	3	1.010261965172541	-2.994518643745413	230.0	36	1.05	0.95				
	315	2	152.93419808842106	30.876304976842107	0.0	0.0	3	1.0413017683565915	0.8768931729941003	230.0	36	1.05	0.95				
	316	2	48.24422652631579	9.64884530526316	0.0	0.0	3	1.0383726883368176	1.0254353064785753	230.0	36	1.05	0.95				
	317	1	0.0	0.0	0.0	0.0	3	1.0478768940401673	4.167890035785922	230.0	37	1.05	0.95				
	318	2	160.65327433263158	32.80607403789474	0.0	0.0	3	1.0454599935912283	2.625829156828624	230.0	37	1.05	0.95				
	319	1	87.32205001263159	17.85036381473684	0.0	0.0	3	1.032694955504612	0.5536883316628622	230.0	35	1.05	0.95				
	320	1	61.752609953684214	12.543498896842106	0.0	0.0	3	1.0312241872443093	1.0705015067639492	230.0	35	1.05	0.95				
	321	2	0.0	0.0	0.0	0.0	3	1.0450362476714938	2.6323201817313366	230.0	37	1.05	0.95				
	322	2	0.0	0.0	0.0	0.0	3	1.05	7.572304567318596	230.0	37	1.05	0.95				
	323	2	0.0	0.0	0.0	0.0	3	1.031334395951603	1.722916614758115	230.0	35	1.05	0.95				
	324	1	0.0	0.0	0.0	0.0	3	1.0392140981701494	0.977605883188309	230.0	36	1.05	0.95				
	325	1	0.0	0.0	0.0	0.0	3	1.0286503707062247	2.9501113800521748	230.0	35	1.05	0.95				
];
