%% MATPOWER Case Format : Version 2
function mpc = RTS_GMLC
mpc.version = '2';

%%-----  Power Flow Data  -----%%
%% system MVA base
mpc.baseMVA = 100.0;
%% bus data
%    bus_i    type    Pd    Qd    Gs    Bs    area    Vm    Va    baseKV    zone    Vmax    Vmin
mpc.bus = [
	101	2	69.16328549052632	14.088817414736843	0.0	0.0	1	1.0330981283025769	0.486327055870827	138.0	11	1.05	0.95				
	102	2	62.118876783157894	12.808015831578947	0.0	0.0	1	1.0331266237935295	0.44526522538101493	138.0	12	1.05	0.95				
	103	1	115.27214248421053	23.69482928842105	0.0	0.0	1	1.0230891167100418	-0.9685106477942044	138.0	11	1.05	0.95				
	104	1	47.3896585768421	9.60601187368421	0.0	0.0	1	1.0181357976232268	-2.7044561570390395	138.0	11	1.05	0.95				
	105	1	45.46845620210526	8.965611082105264	0.0	0.0	1	1.032911679035297	-2.632043243249691	138.0	11	1.05	0.95				
	106	1	87.09450765473686	17.931222164210528	0.0	-100.0	1	1.039395522840647	-4.963921170092154	138.0	12	1.05	0.95				
	107	2	80.05009894736843	16.010019789473684	0.0	0.0	1	1.0467116561186804	-0.5582232053410386	138.0	12	1.05	0.95				
	108	1	109.50853536	22.414027705263155	0.0	0.0	1	1.0266081146218997	-3.665945736371807	138.0	12	1.05	0.95				
	109	1	112.07013852631577	23.054428496842107	0.0	0.0	1	1.026245523141271	-2.6917709288259015	138.0	13	1.05	0.95				
	110	1	124.87815435789473	25.616031663157894	0.0	0.0	1	1.05	-3.7738275238682033	138.0	13	1.05	0.95				
	111	1	0.0	0.0	0.0	0.0	1	1.0096091519921224	-0.6864185311545935	230.0	13	1.05	0.95				
	112	1	0.0	0.0	0.0	0.0	1	1.013528817316283	0.05522115421491644	230.0	13	1.05	0.95				
	113	3	169.70620976842105	34.58164274526316	0.0	0.0	1	1.0063238950850157	-2.0252729649026656e-30	230.0	14	1.05	0.95				
	114	2	124.23775356631579	24.975630871578947	0.0	0.0	1	1.0088023887849222	1.3471161857475091	230.0	16	1.05	0.95				
	115	2	203.0070509305263	40.98565066105263	0.0	0.0	1	1.0425740519128774	8.41351444892753	230.0	16	1.05	0.95				
	116	2	64.04007915789474	12.808015831578947	0.0	0.0	1	1.0397065531312233	8.036625768651557	230.0	16	1.05	0.95				
	117	1	0.0	0.0	0.0	0.0	1	1.045681452392691	10.804301769947992	230.0	17	1.05	0.95				
	118	2	213.2534635957895	43.54725382736843	0.0	0.0	1	1.048549109502566	11.296946921117112	230.0	17	1.05	0.95				
	119	1	115.91254327578949	23.69482928842105	0.0	0.0	1	1.0337152281357505	6.9145702931067605	230.0	15	1.05	0.95				
	120	1	81.97130132210526	16.650420581052632	0.0	0.0	1	1.033951489818581	7.1590792807531916	230.0	15	1.05	0.95				
	121	2	0.0	0.0	0.0	0.0	1	1.05	11.634992031458781	230.0	17	1.05	0.95				
	122	2	0.0	0.0	0.0	0.0	1	1.05	18.310233316832278	230.0	17	1.05	0.95				
	123	2	0.0	0.0	0.0	0.0	1	1.0356669328360872	7.773581242363875	230.0	15	1.05	0.95				
	124	1	0.0	0.0	0.0	0.0	1	1.023494551376992	4.933265220595269	230.0	16	1.05	0.95				
	201	2	64.24240517052631	13.086415868070175	0.0	0.0	2	1.0322420637482477	-7.596801567081812	138.0	21	1.05	0.95				
	202	2	57.69919723649123	11.896741698245615	0.0	0.0	2	1.0322846435965183	-7.687608406186106	138.0	22	1.05	0.95				
	203	1	107.07067528421052	22.008972141754384	0.0	0.0	2	1.0288112188891212	-5.119429152819408	138.0	21	1.05	0.95				
	204	1	44.01794428350877	8.922556273684211	0.0	0.0	2	1.0182154729771797	-9.935725461698457	138.0	21	1.05	0.95				
	205	1	42.23343302877193	8.32771918877193	0.0	0.0	2	1.0333475788777344	-10.267190912014234	138.0	21	1.05	0.95				
	206	1	80.89784354807018	16.65543837754386	0.0	-100.0	2	1.0408094199825955	-12.330624883823623	138.0	22	1.05	0.95				
	207	2	74.35463561403509	14.870927122807018	0.0	0.0	2	0.9864333683381318	-21.273910461919776	138.0	22	1.05	0.95				
	208	1	101.71714152	20.819297971929824	0.0	0.0	2	0.9879735906219264	-18.42763901705975	138.0	22	1.05	0.95				
	209	1	104.09648985964913	21.414135056842103	0.0	0.0	2	1.0249071191400936	-9.36072045047167	138.0	23	1.05	0.95				
	210	1	115.99323155789475	23.79348339649123	0.0	0.0	2	1.05	-11.094184447406308	138.0	23	1.05	0.95				
	211	1	0.0	0.0	0.0	0.0	2	1.0153406570176298	-6.140439756409035	230.0	23	1.05	0.95				
	212	1	0.0	0.0	0.0	0.0	2	1.015482989553208	-5.401108301369218	230.0	23	1.05	0.95				
	213	2	157.63182750175437	32.121202585263156	0.0	0.0	2	1.0142762228558166	-4.977467644245282	230.0	24	1.05	0.95				
	214	2	115.39839447298246	23.198646311578948	0.0	0.0	2	1.0242343415015522	-3.0651238714843334	230.0	26	1.05	0.95				
	215	2	188.56335591719298	38.069573434385966	0.0	0.0	2	1.0424482946602183	5.093256506024493	230.0	26	1.05	0.95				
	216	2	59.48370849122807	11.896741698245615	0.0	0.0	2	1.0441367273779258	4.852024422945283	230.0	26	1.05	0.95				
	217	1	0.0	0.0	0.0	0.0	2	1.04691238813468	8.214504861889303	230.0	27	1.05	0.95				
	218	2	198.0807492757895	40.44892177403509	0.0	0.0	2	1.0497260944576976	9.160897579399892	230.0	27	1.05	0.95				
	219	1	107.66551236912281	22.008972141754384	0.0	0.0	2	1.0426467422382382	3.861845975096555	230.0	25	1.05	0.95				
	220	1	76.13914686877193	15.465764207719298	0.0	0.0	2	1.046143587935601	4.120319801648672	230.0	25	1.05	0.95				
	221	2	0.0	0.0	0.0	0.0	2	1.05	9.398299130974937	230.0	27	1.05	0.95				
	222	2	0.0	0.0	0.0	0.0	2	1.05	15.445411384442568	230.0	27	1.05	0.95				
	223	2	0.0	0.0	0.0	0.0	2	1.0493908503466391	4.696653987759193	230.0	25	1.05	0.95				
	224	1	0.0	0.0	0.0	0.0	2	1.0245727698970561	1.2799967586297967	230.0	26	1.05	0.95				
	301	2	68.04239165052633	13.860487188070175	0.0	0.0	3	1.0145227406409074	-19.53376713403271	138.0	31	1.05	0.95				
	302	2	61.11214805649122	12.600442898245614	0.0	0.0	3	1.0129745608476075	-19.836361233138973	138.0	32	1.05	0.95				
	303	1	113.40398608421054	23.310819361754387	0.0	0.0	3	1.0467073180670616	-6.047443444587966	138.0	31	1.05	0.95				
	304	1	46.621638723508774	9.45033217368421	0.0	0.0	3	1.0092903917707936	-17.777078643015408	138.0	31	1.05	0.95				
	305	1	44.73157228877193	8.820310028771932	0.0	0.0	3	1.0240942777676376	-19.815496048370402	138.0	31	1.05	0.95				
	306	1	85.68301170807018	17.640620057543863	0.0	-100.0	3	1.035752316172493	-20.664938025111812	138.0	32	1.05	0.95				
	307	2	78.75276811403509	15.750553622807018	0.0	0.0	3	0.9942649608442644	-25.46145045552201	138.0	32	1.05	0.95				
	308	1	107.73378678	22.050775071929824	0.0	0.0	3	0.9930736738008568	-23.33676355475604	138.0	32	1.05	0.95				
	309	1	110.25387535964913	22.680797216842105	0.0	0.0	3	1.0285824793740352	-13.530672448189394	138.0	33	1.05	0.95				
	310	1	122.85431825789472	25.200885796491228	0.0	0.0	3	1.05	-18.078956203962505	138.0	33	1.05	0.95				
	311	1	0.0	0.0	0.0	0.0	3	1.019675592661758	-11.148020979156627	230.0	33	1.05	0.95				
	312	1	0.0	0.0	0.0	0.0	3	1.0192222878782062	-10.705969838736953	230.0	33	1.05	0.95				
	313	2	166.95586840175437	34.02119582526316	0.0	0.0	3	1.0233682882718143	-8.21706712698088	230.0	34	1.05	0.95				
	314	2	122.22429611298244	24.570863651578946	0.0	0.0	3	1.0298060166339942	-9.067855780895435	230.0	36	1.05	0.95				
	315	2	199.717019937193	40.321417274385965	0.0	0.0	3	1.0498105196650713	-2.2895494201202062	230.0	36	1.05	0.95				
	316	2	63.002214491228074	12.600442898245614	0.0	0.0	3	1.048629222747563	-2.333174263400828	230.0	36	1.05	0.95				
	317	1	0.0	0.0	0.0	0.0	3	1.0499999987554278	0.3197484924240712	230.0	37	1.05	0.95				
	318	2	209.7973742557895	42.84150585403509	0.0	0.0	3	1.0486337123283727	0.2540064644467566	230.0	37	1.05	0.95				
	319	1	114.03400822912282	23.310819361754387	0.0	0.0	3	1.0421625097758151	-4.040690745068791	230.0	35	1.05	0.95				
	320	1	80.64283454877193	16.3805757677193	0.0	0.0	3	1.0420763382729106	-4.34720364009149	230.0	35	1.05	0.95				
	321	2	0.0	0.0	0.0	0.0	3	1.05	1.0626239497056147	230.0	37	1.05	0.95				
	322	2	0.0	0.0	0.0	0.0	3	1.05	6.420554523942564	230.0	37	1.05	0.95				
	323	2	0.0	0.0	0.0	0.0	3	1.0434280006797583	-4.050232846486459	230.0	35	1.05	0.95				
	324	1	0.0	0.0	0.0	0.0	3	1.0422050768385667	-3.6987285570308384	230.0	36	1.05	0.95				
	325	1	0.0	0.0	0.0	0.0	3	1.0391424808814735	-2.7544380614721655	230.0	35	1.05	0.95				
];
