%% MATPOWER Case Format : Version 2
function mpc = RTS_GMLC
mpc.version = '2';

%%-----  Power Flow Data  -----%%
%% system MVA base
mpc.baseMVA = 100.0;
%% bus data
%    bus_i    type    Pd    Qd    Gs    Bs    area    Vm    Va    baseKV    zone    Vmax    Vmin
mpc.bus = [
	101	2	36.79267689094737	7.494804551859649	0.0	0.0	1	1.0289517696422879	1.6112671772654545	138.0	11	1.05	0.95				
	102	2	33.04527461501755	6.813458683508772	0.0	0.0	1	1.0273869324881921	1.1975764398982849	138.0	12	1.05	0.95				
	103	1	61.321128151578954	12.604898564491226	0.0	0.0	1	1.031071002099748	0.8011997477848072	138.0	11	1.05	0.95				
	104	1	25.20979712898245	5.110094012631579	0.0	0.0	1	1.020630621513615	-1.3075803340396064	138.0	11	1.05	0.95				
	105	1	24.18777832645614	4.769421078456141	0.0	0.0	1	1.0349614762045831	-1.10725092944661	138.0	11	1.05	0.95				
	106	1	46.33151904785965	9.538842156912281	0.0	-100.0	1	1.046815690615565	-3.0745288237128965	138.0	12	1.05	0.95				
	107	2	42.58411677192983	8.516823354385965	0.0	0.0	1	1.0015763098515449	-8.393810725878398	138.0	12	1.05	0.95				
	108	1	58.255071744	11.92355269614035	0.0	0.0	1	1.0076538308061997	-6.89223676615836	138.0	12	1.05	0.95				
	109	1	59.617763480701754	12.264225630315789	0.0	0.0	1	1.0245611251194617	-1.9552877712348258	138.0	13	1.05	0.95				
	110	1	66.43122216421052	13.626917367017544	0.0	0.0	1	1.05	-2.7722269221017553	138.0	13	1.05	0.95				
	111	1	0.0	0.0	0.0	0.0	1	1.0011550930187603	-0.20565183939221296	230.0	13	1.05	0.95				
	112	1	0.0	0.0	0.0	0.0	1	1.0056071985530164	-0.7161862636574744	230.0	13	1.05	0.95				
	113	3	90.27832755649122	18.396338445473685	0.0	0.0	1	0.9903354639414254	-1.0741974738202671e-29	230.0	14	1.05	0.95				
	114	2	66.0905492300351	13.286244432842107	0.0	0.0	1	0.9983007400540399	1.9218906222922947	230.0	16	1.05	0.95				
	115	2	107.99332013361402	21.80306778722807	0.0	0.0	1	1.0381239322753195	7.9301439805631055	230.0	16	1.05	0.95				
	116	2	34.06729341754386	6.813458683508772	0.0	0.0	1	1.0329862460650958	6.820641708358063	230.0	16	1.05	0.95				
	117	1	0.0	0.0	0.0	0.0	1	1.0405062189579715	10.683706900705854	230.0	17	1.05	0.95				
	118	2	113.44408708042107	23.165759523929825	0.0	0.0	1	1.046579133362031	11.047608380559238	230.0	17	1.05	0.95				
	119	1	61.661801085754384	12.604898564491226	0.0	0.0	1	1.0208322796128417	4.206305990810269	230.0	15	1.05	0.95				
	120	1	43.60613557445614	8.857496288561403	0.0	0.0	1	1.0136224708352506	2.569756404197009	230.0	15	1.05	0.95				
	121	2	0.0	0.0	0.0	0.0	1	1.049767656709373	12.184654150401997	230.0	17	1.05	0.95				
	122	2	0.0	0.0	0.0	0.0	1	1.05	23.501385778513242	230.0	17	1.05	0.95				
	123	2	0.0	0.0	0.0	0.0	1	1.009931966469427	1.9333094888105213	230.0	15	1.05	0.95				
	124	1	0.0	0.0	0.0	0.0	1	1.0261715052579727	5.255614838223316	230.0	16	1.05	0.95				
	201	2	36.77065952968421	7.490319533824562	0.0	0.0	2	1.0152458803168405	-11.943635773845033	138.0	21	1.05	0.95				
	202	2	33.02549976277193	6.809381394385965	0.0	0.0	2	1.014349941745375	-12.214404513441515	138.0	22	1.05	0.95				
	203	1	61.28443254947369	12.597355579614037	0.0	0.0	2	1.0156781652056786	-8.629263663851734	138.0	21	1.05	0.95				
	204	1	25.194711159228074	5.1070360457894735	0.0	0.0	2	1.013744654888074	-12.020172518606001	138.0	21	1.05	0.95				
	205	1	24.173303950070174	4.766566976070176	0.0	0.0	2	1.0286636426011924	-12.383097347692994	138.0	21	1.05	0.95				
	206	1	46.30379348182456	9.533133952140352	0.0	-100.0	2	1.0445187895856474	-13.0844854302162	138.0	22	1.05	0.95				
	207	2	42.55863371491228	8.511726742982455	0.0	0.0	2	0.9979187025757764	-17.078286708884107	138.0	22	1.05	0.95				
	208	1	58.22021092200001	11.916417440175438	0.0	0.0	2	1.0050545079234707	-15.594703158613374	138.0	22	1.05	0.95				
	209	1	59.58208720087719	12.256886509894736	0.0	0.0	2	1.0223221863645133	-10.44224855217301	138.0	23	1.05	0.95				
	210	1	66.39146859526316	13.61876278877193	0.0	0.0	2	1.05	-11.724447320630572	138.0	23	1.05	0.95				
	211	1	0.0	0.0	0.0	0.0	2	1.0018061277867072	-7.8866025814002825	230.0	23	1.05	0.95				
	212	1	0.0	0.0	0.0	0.0	2	1.0047579597558869	-7.283237608826191	230.0	23	1.05	0.95				
	213	2	90.22430347561404	18.385329764842105	0.0	0.0	2	0.9949711499796978	-6.715960111129594	230.0	24	1.05	0.95				
	214	2	66.05099952554386	13.27829371905263	0.0	0.0	2	1.0002602515134333	-5.562177769191382	230.0	26	1.05	0.95				
	215	2	107.92869510101755	21.790020462035088	0.0	0.0	2	1.0155952169008198	0.035934975634501806	230.0	26	1.05	0.95				
	216	2	34.04690697192982	6.809381394385965	0.0	0.0	2	1.0163798503565358	-0.2095647915378886	230.0	26	1.05	0.95				
	217	1	0.0	0.0	0.0	0.0	2	1.021061865858104	1.1586033661003083	230.0	27	1.05	0.95				
	218	2	113.37620021652633	23.15189674091228	0.0	0.0	2	1.0206080578580206	0.8586991544324493	230.0	27	1.05	0.95				
	219	1	61.62490161919298	12.597355579614037	0.0	0.0	2	1.0166076383122917	-0.43824721723709914	230.0	25	1.05	0.95				
	220	1	43.580040924070175	8.852195812701755	0.0	0.0	2	1.0186755140542347	0.043393899618752826	230.0	25	1.05	0.95				
	221	2	0.0	0.0	0.0	0.0	2	1.0225219991278256	1.3871908601095162	230.0	27	1.05	0.95				
	222	2	0.0	0.0	0.0	0.0	2	1.0444206303135422	7.858276374684376	230.0	27	1.05	0.95				
	223	2	0.0	0.0	0.0	0.0	2	1.0200828397585453	0.5751116564887994	230.0	25	1.05	0.95				
	224	1	0.0	0.0	0.0	0.0	2	1.0049444224823298	-3.2430091069805442	230.0	26	1.05	0.95				
	301	2	38.47136983578948	7.836760522105264	0.0	0.0	3	1.011965082925237	-11.828048878753966	138.0	31	1.05	0.95				
	302	2	34.55298957473685	7.124327747368422	0.0	0.0	3	1.0119473402987642	-11.910081319153415	138.0	32	1.05	0.95				
	303	1	64.1189497263158	13.18000633263158	0.0	0.0	3	1.021781528715585	-7.6558441939576785	138.0	31	1.05	0.95				
	304	1	26.36001266526316	5.343245810526316	0.0	0.0	3	1.0133175606038476	-10.663411525104824	138.0	31	1.05	0.95				
	305	1	25.2913635031579	4.987029423157896	0.0	0.0	3	1.0265607877749898	-11.323266052523383	138.0	31	1.05	0.95				
	306	1	48.44542868210527	9.974058846315792	0.0	-100.0	3	1.043511138262152	-11.488828200244908	138.0	32	1.05	0.95				
	307	2	44.52704842105264	8.905409684210527	0.0	0.0	3	0.989273395401901	-15.12041141080911	138.0	32	1.05	0.95				
	308	1	60.913002240000004	12.467573557894736	0.0	0.0	3	1.0000038213216675	-13.594829399989242	138.0	32	1.05	0.95				
	309	1	62.33786778947369	12.823789945263158	0.0	0.0	3	1.0248394471569051	-8.17435749212915	138.0	33	1.05	0.95				
	310	1	69.4621955368421	14.248655494736845	0.0	0.0	3	1.05	-9.66867427130736	138.0	33	1.05	0.95				
	311	1	0.0	0.0	0.0	0.0	3	1.0021476443599298	-4.874878043191728	230.0	33	1.05	0.95				
	312	1	0.0	0.0	0.0	0.0	3	1.0077043352185706	-4.386975226278255	230.0	33	1.05	0.95				
	313	2	94.3973426526316	19.23568491789474	0.0	0.0	3	1.00528366097774	-1.4866559775303552	230.0	34	1.05	0.95				
	314	2	69.1059791494737	13.892439107368423	0.0	0.0	3	0.9943851347681695	-3.636844420054788	230.0	36	1.05	0.95				
	315	2	112.92059479578948	22.79784879157895	0.0	0.0	3	1.0231696458147221	-0.08049375914075564	230.0	36	1.05	0.95				
	316	2	35.62163873684211	7.124327747368422	0.0	0.0	3	1.0214962738177678	0.1884844188638168	230.0	36	1.05	0.95				
	317	1	0.0	0.0	0.0	0.0	3	1.0340169035375117	4.273966299895507	230.0	37	1.05	0.95				
	318	2	118.62005699368423	24.222714341052637	0.0	0.0	3	1.0313827634602548	2.721577166707877	230.0	37	1.05	0.95				
	319	1	64.47516611368422	13.18000633263158	0.0	0.0	3	1.0168305184891047	-0.2720243105766016	230.0	35	1.05	0.95				
	320	1	45.5956975831579	9.261626071578949	0.0	0.0	3	1.0148491424064183	0.037085683858386044	230.0	35	1.05	0.95				
	321	2	0.0	0.0	0.0	0.0	3	1.031217773423527	2.3879822574833125	230.0	37	1.05	0.95				
	322	2	0.0	0.0	0.0	0.0	3	1.046426293793136	7.463686931530842	230.0	37	1.05	0.95				
	323	2	0.0	0.0	0.0	0.0	3	1.0140693337866604	0.4910811054605779	230.0	35	1.05	0.95				
	324	1	0.0	0.0	0.0	0.0	3	1.013035460417193	-2.94153345136309	230.0	36	1.05	0.95				
	325	1	0.0	0.0	0.0	0.0	3	1.014224441789599	1.5065574683346834	230.0	35	1.05	0.95				
];
