%% MATPOWER Case Format : Version 2
function mpc = RTS_GMLC
mpc.version = '2';

%%-----  Power Flow Data  -----%%
%% system MVA base
mpc.baseMVA = 100.0;
%% bus data
%    bus_i    type    Pd    Qd    Gs    Bs    area    Vm    Va    baseKV    zone    Vmax    Vmin
mpc.bus = [
	101	2	45.75705097263159	9.32088075368421	0.0	0.0	1	1.0456541847290852	3.142821766113981	138.0	11	1.05	0.95				
	102	2	41.09661059578947	8.473527957894738	0.0	0.0	1	1.0430306504016218	2.462979059432972	138.0	12	1.05	0.95				
	103	1	76.26175162105264	15.676026722105263	0.0	0.0	1	1.0317335781185686	0.6429171402452528	138.0	11	1.05	0.95				
	104	1	31.352053444210526	6.355145968421053	0.0	0.0	1	1.0290335350188096	-0.35862690185602447	138.0	11	1.05	0.95				
	105	1	30.081024250526315	5.931469570526317	0.0	0.0	1	1.0415473199543026	-0.6271299176783978	138.0	11	1.05	0.95				
	106	1	57.61999011368422	11.862939141052633	0.0	-100.0	1	1.047630112893508	-3.3150301693810666	138.0	12	1.05	0.95				
	107	2	52.95954973684211	10.591909947368421	0.0	0.0	1	1.0012823601394665	-8.806188471692128	138.0	12	1.05	0.95				
	108	1	72.44866404	14.828673926315789	0.0	0.0	1	1.0050000180729919	-7.551469605785407	138.0	12	1.05	0.95				
	109	1	74.14336963157895	15.252350324210525	0.0	0.0	1	1.0244683112083097	-2.2891613911671427	138.0	13	1.05	0.95				
	110	1	82.6168975894737	16.947055915789477	0.0	0.0	1	1.05	-3.1680625463099625	138.0	13	1.05	0.95				
	111	1	0.0	0.0	0.0	0.0	1	1.0017949768217356	-0.9429650550763141	230.0	13	1.05	0.95				
	112	1	0.0	0.0	0.0	0.0	1	1.0063990828993914	-1.0276970895761048	230.0	13	1.05	0.95				
	113	3	112.27424544210527	22.878525486315795	0.0	0.0	1	0.9934429935206724	5.543385782337148e-30	230.0	14	1.05	0.95				
	114	2	82.19322119157894	16.52337951789474	0.0	0.0	1	0.9962914489371392	0.1625159364805399	230.0	16	1.05	0.95				
	115	2	134.3054181326316	27.11528946526316	0.0	0.0	1	1.030547426022666	5.108272975213383	230.0	16	1.05	0.95				
	116	2	42.367639789473685	8.473527957894738	0.0	0.0	1	1.0256095911018326	4.235136210963581	230.0	16	1.05	0.95				
	117	1	0.0	0.0	0.0	0.0	1	1.034659675137227	7.229458038450002	230.0	17	1.05	0.95				
	118	2	141.0842404989474	28.80999505684211	0.0	0.0	1	1.038118280025757	7.728304946501378	230.0	17	1.05	0.95				
	119	1	76.68542801894738	15.676026722105263	0.0	0.0	1	1.0161573735812472	2.4881420652887316	230.0	15	1.05	0.95				
	120	1	54.23057893052632	11.01558634526316	0.0	0.0	1	1.0105791025866502	1.3873459514357507	230.0	15	1.05	0.95				
	121	2	0.0	0.0	0.0	0.0	1	1.0411954458934827	8.930041132132581	230.0	17	1.05	0.95				
	122	2	0.0	0.0	0.0	0.0	1	1.05	15.461105022623302	230.0	17	1.05	0.95				
	123	2	0.0	0.0	0.0	0.0	1	1.008071230404544	1.1154456221199383	230.0	15	1.05	0.95				
	124	1	0.0	0.0	0.0	0.0	1	1.0241365157093056	3.420323287515552	230.0	16	1.05	0.95				
	201	2	43.85959389473685	8.934361719298247	0.0	0.0	2	1.0159164205583902	-9.839282745846232	138.0	21	1.05	0.95				
	202	2	39.39241303508772	8.122147017543861	0.0	0.0	2	1.0150871666675028	-10.077050442267184	138.0	22	1.05	0.95				
	203	1	73.09932315789474	15.02597198245614	0.0	0.0	2	1.0144160435564482	-7.271311393554738	138.0	21	1.05	0.95				
	204	1	30.05194396491228	6.091610263157895	0.0	0.0	2	1.0132295903938986	-9.4920931761384	138.0	21	1.05	0.95				
	205	1	28.833621912280705	5.685502912280703	0.0	0.0	2	1.0280011551825952	-9.80781238635721	138.0	21	1.05	0.95				
	206	1	55.230599719298255	11.371005824561406	0.0	-100.0	2	1.0428574305723128	-10.299550041562096	138.0	22	1.05	0.95				
	207	2	50.76341885964912	10.152683771929825	0.0	0.0	2	0.9985521967519011	-15.189445410046561	138.0	22	1.05	0.95				
	208	1	69.444357	14.213757280701756	0.0	0.0	2	1.0030932709887546	-13.356316869065642	138.0	22	1.05	0.95				
	209	1	71.06878640350878	14.619864631578949	0.0	0.0	2	1.0234705197474891	-7.333121265128563	138.0	23	1.05	0.95				
	210	1	79.19093342105263	16.244294035087723	0.0	0.0	2	1.05	-8.470008643148565	138.0	23	1.05	0.95				
	211	1	0.0	0.0	0.0	0.0	2	1.0027785746825288	-5.075215913282398	230.0	23	1.05	0.95				
	212	1	0.0	0.0	0.0	0.0	2	1.0087914436288545	-1.1838061223764578	230.0	23	1.05	0.95				
	213	2	107.61844798245615	21.929796947368423	0.0	0.0	2	0.9966665799625353	-3.2354935036476546	230.0	24	1.05	0.95				
	214	2	78.78482607017544	15.838186684210529	0.0	0.0	2	0.9998162676357002	-3.7113664884809454	230.0	26	1.05	0.95				
	215	2	128.73603022807018	25.990870456140353	0.0	0.0	2	1.0163397073868237	1.2433083287380813	230.0	26	1.05	0.95				
	216	2	40.6107350877193	8.122147017543861	0.0	0.0	2	1.015139621843839	0.7314983180214627	230.0	26	1.05	0.95				
	217	1	0.0	0.0	0.0	0.0	2	1.020091741460881	1.7302600934892238	230.0	27	1.05	0.95				
	218	2	135.23374784210526	27.615299859649127	0.0	0.0	2	1.019798677029316	1.4708990510147186	230.0	27	1.05	0.95				
	219	1	73.50543050877194	15.02597198245614	0.0	0.0	2	1.012495697013357	0.19915706852291645	230.0	25	1.05	0.95				
	220	1	51.981740912280706	10.558791122807019	0.0	0.0	2	1.0129053870403124	0.5506001701500179	230.0	25	1.05	0.95				
	221	2	0.0	0.0	0.0	0.0	2	1.0221675751368664	2.1945338690135183	230.0	27	1.05	0.95				
	222	2	0.0	0.0	0.0	0.0	2	1.043841787497939	8.580531363812316	230.0	27	1.05	0.95				
	223	2	0.0	0.0	0.0	0.0	2	1.0136997581717633	1.0651024367745343	230.0	25	1.05	0.95				
	224	1	0.0	0.0	0.0	0.0	2	1.0050912527459686	-1.9716315528219543	230.0	26	1.05	0.95				
	301	2	59.10787724210527	12.040493512280701	0.0	0.0	3	1.009747583147314	-9.827074487636166	138.0	31	1.05	0.95				
	302	2	53.08763048596491	10.945903192982456	0.0	0.0	3	1.0090484968901383	-9.986328997545739	138.0	32	1.05	0.95				
	303	1	98.5131287368421	20.249920907017543	0.0	0.0	3	1.0297558194270984	-2.2601282709125594	138.0	31	1.05	0.95				
	304	1	40.499841814035086	8.209427394736842	0.0	0.0	3	1.0089033867220705	-8.176920232747745	138.0	31	1.05	0.95				
	305	1	38.85795633508772	7.66213223508772	0.0	0.0	3	1.0225008280534962	-9.133534763222755	138.0	31	1.05	0.95				
	306	1	74.43214171228071	15.32426447017544	0.0	-100.0	3	1.037169858523524	-9.364506241862625	138.0	32	1.05	0.95				
	307	2	68.41189495614034	13.68237899122807	0.0	0.0	3	0.9992740979245912	-13.137691141094642	138.0	32	1.05	0.95				
	308	1	93.5874723	19.155330587719295	0.0	0.0	3	1.0048865347025842	-10.661883502977815	138.0	32	1.05	0.95				
	309	1	95.77665293859648	19.70262574736842	0.0	0.0	3	1.02739265252915	-4.466594307940634	138.0	33	1.05	0.95				
	310	1	106.72255613157895	21.891806385964912	0.0	0.0	3	1.05	-6.682630653127536	138.0	33	1.05	0.95				
	311	1	0.0	0.0	0.0	0.0	3	1.0099222302800217	-1.0200528354441845	230.0	33	1.05	0.95				
	312	1	0.0	0.0	0.0	0.0	3	1.0140775394647492	0.0258410259441326	230.0	33	1.05	0.95				
	313	2	145.03321730701754	29.553938621052634	0.0	0.0	3	1.0181795321042422	4.0902670686206015	230.0	34	1.05	0.95				
	314	2	106.17526097192982	21.34451122631579	0.0	0.0	3	1.007800755815657	-0.8718300847558548	230.0	36	1.05	0.95				
	315	2	173.4925656087719	35.02689021754386	0.0	0.0	3	1.0230668588805896	-0.4544145540401804	230.0	36	1.05	0.95				
	316	2	54.72951596491228	10.945903192982456	0.0	0.0	3	1.0216456884127092	0.05707621558396609	230.0	36	1.05	0.95				
	317	1	0.0	0.0	0.0	0.0	3	1.0260715759994	0.9308338014500767	230.0	37	1.05	0.95				
	318	2	182.24928816315787	37.216070856140355	0.0	0.0	3	1.0232351933890167	0.08608343372160346	230.0	37	1.05	0.95				
	319	1	99.06042389649123	20.249920907017543	0.0	0.0	3	1.0215664645536853	1.5511319978005118	230.0	35	1.05	0.95				
	320	1	70.05378043508772	14.229674150877191	0.0	0.0	3	1.0219479253138597	2.1413271488837644	230.0	35	1.05	0.95				
	321	2	0.0	0.0	0.0	0.0	3	1.025311728426341	0.47213363429692246	230.0	37	1.05	0.95				
	322	2	0.0	0.0	0.0	0.0	3	1.0390061497152547	5.051431218024585	230.0	37	1.05	0.95				
	323	2	0.0	0.0	0.0	0.0	3	1.0228854338264455	2.6735300674202445	230.0	35	1.05	0.95				
	324	1	0.0	0.0	0.0	0.0	3	1.0234461859344821	1.0259062929218907	230.0	36	1.05	0.95				
	325	1	0.0	0.0	0.0	0.0	3	1.0237257354996552	3.212305971424642	230.0	35	1.05	0.95				
];
