%% MATPOWER Case Format : Version 2
function mpc = RTS_GMLC
mpc.version = '2';

%%-----  Power Flow Data  -----%%
%% system MVA base
mpc.baseMVA = 100.0;
%% bus data
%    bus_i    type    Pd    Qd    Gs    Bs    area    Vm    Va    baseKV    zone    Vmax    Vmin
mpc.bus = [
	101	2	36.458683821473684	7.426768926596491	0.0	0.0	1	1.030075939385351	3.482311227329723	138.0	11	1.05	0.95				
	102	2	32.74529935817544	6.751608115087719	0.0	0.0	1	1.0292115609813852	3.244176156911547	138.0	12	1.05	0.95				
	103	1	60.76447303578948	12.490475012912281	0.0	0.0	1	1.0303280415080245	0.8995403114698919	138.0	11	1.05	0.95				
	104	1	24.980950025824562	5.06370608631579	0.0	0.0	1	1.0214254241145224	0.04266207441771616	138.0	11	1.05	0.95				
	105	1	23.968208808561403	4.726125680561404	0.0	0.0	1	1.0352785434911946	0.3673678059186407	138.0	11	1.05	0.95				
	106	1	45.910935182596496	9.452251361122809	0.0	-100.0	1	1.0469943471166374	-1.7709590670654347	138.0	12	1.05	0.95				
	107	2	42.19755071929825	8.43951014385965	0.0	0.0	1	1.0001801064566953	-7.319571025740682	138.0	12	1.05	0.95				
	108	1	57.72624938399999	11.815314201403508	0.0	0.0	1	1.0071238213522387	-5.877249429448338	138.0	12	1.05	0.95				
	109	1	59.07657100701754	12.152894607157895	0.0	0.0	1	1.0250797706836072	-1.1936125261004469	138.0	13	1.05	0.95				
	110	1	65.82817912210527	13.503216230175438	0.0	0.0	1	1.05	-1.7131158724987772	138.0	13	1.05	0.95				
	111	1	0.0	0.0	0.0	0.0	1	1.0020417496542875	0.0365415995822835	230.0	13	1.05	0.95				
	112	1	0.0	0.0	0.0	0.0	1	1.0068337621616712	0.41378452494211193	230.0	13	1.05	0.95				
	113	3	89.45880752491227	18.229341910736842	0.0	0.0	1	0.9903205986645078	2.840134037135175e-28	230.0	14	1.05	0.95				
	114	2	65.49059871635087	13.165635824421054	0.0	0.0	1	0.9987830691116515	1.689162146191904	230.0	16	1.05	0.95				
	115	2	107.01298862414035	21.605145968280702	0.0	0.0	1	1.0372978591635111	6.143150668463511	230.0	16	1.05	0.95				
	116	2	33.7580405754386	6.751608115087719	0.0	0.0	1	1.0318375739018872	5.926804717799371	230.0	16	1.05	0.95				
	117	1	0.0	0.0	0.0	0.0	1	1.041586233809303	7.271078192289601	230.0	17	1.05	0.95				
	118	2	112.41427511621053	22.955467591298248	0.0	0.0	1	1.0450063900887823	7.010965729222484	230.0	17	1.05	0.95				
	119	1	61.10205344154386	12.490475012912281	0.0	0.0	1	1.0256088562575882	5.300285460109318	230.0	15	1.05	0.95				
	120	1	43.210291936561404	8.777090549614035	0.0	0.0	1	1.0220245210883978	5.415409568922881	230.0	15	1.05	0.95				
	121	2	0.0	0.0	0.0	0.0	1	1.05	7.539800459581381	230.0	17	1.05	0.95				
	122	2	0.0	0.0	0.0	0.0	1	1.05	14.645254931041988	230.0	17	1.05	0.95				
	123	2	0.0	0.0	0.0	0.0	1	1.0202097350660577	5.745450753657354	230.0	15	1.05	0.95				
	124	1	0.0	0.0	0.0	0.0	1	1.0271227825457636	4.180926629315198	230.0	16	1.05	0.95				
	201	2	45.117582252631586	9.190618607017544	0.0	0.0	2	1.0237213930827485	-8.75164758343637	138.0	21	1.05	0.95				
	202	2	40.52227294912281	8.355107824561404	0.0	0.0	2	1.0247084589600173	-8.573127928473555	138.0	22	1.05	0.95				
	203	1	75.19597042105264	15.456949475438597	0.0	0.0	2	1.0177542791674523	-7.515372482692296	138.0	21	1.05	0.95				
	204	1	30.913898950877194	6.266330868421052	0.0	0.0	2	1.0171221083939053	-10.411960154215551	138.0	21	1.05	0.95				
	205	1	29.660632777192987	5.848575477192983	0.0	0.0	2	1.0316794038812198	-10.72316818822741	138.0	21	1.05	0.95				
	206	1	56.814733207017554	11.697150954385966	0.0	-100.0	2	1.044297809038887	-12.200095772132808	138.0	22	1.05	0.95				
	207	2	52.219423903508776	10.443884780701755	0.0	0.0	2	0.989387817743502	-18.239588099036702	138.0	22	1.05	0.95				
	208	1	71.4361719	14.621438692982455	0.0	0.0	2	0.9971491600012179	-16.371025147271077	138.0	22	1.05	0.95				
	209	1	73.10719346491229	15.039194084210529	0.0	0.0	2	1.0226894774906274	-10.195076424754989	138.0	23	1.05	0.95				
	210	1	81.46230128947369	16.71021564912281	0.0	0.0	2	1.05	-11.37535990884522	138.0	23	1.05	0.95				
	211	1	0.0	0.0	0.0	0.0	2	1.0053126186446233	-7.7132739823807155	230.0	23	1.05	0.95				
	212	1	0.0	0.0	0.0	0.0	2	1.010568420507303	-7.518675326209322	230.0	23	1.05	0.95				
	213	2	110.7051786754386	22.558791126315793	0.0	0.0	2	0.9990959425208205	-7.1755771377395305	230.0	24	1.05	0.95				
	214	2	81.04454589824562	16.29246025789474	0.0	0.0	2	1.00631017025777	-5.0010809625670145	230.0	26	1.05	0.95				
	215	2	132.42845901929826	26.736345038596493	0.0	0.0	2	1.0261502028642058	1.8157385195572486	230.0	26	1.05	0.95				
	216	2	41.77553912280702	8.355107824561404	0.0	0.0	2	1.0287912014822482	1.3160312819478572	230.0	26	1.05	0.95				
	217	1	0.0	0.0	0.0	0.0	2	1.0332298871531067	4.301700371774358	230.0	27	1.05	0.95				
	218	2	139.11254527894738	28.407366603508777	0.0	0.0	2	1.0349031354971758	4.758413669937405	230.0	27	1.05	0.95				
	219	1	75.6137258122807	15.456949475438597	0.0	0.0	2	1.0298608598049428	-0.1868885034950575	230.0	25	1.05	0.95				
	220	1	53.472690077192986	10.861640171929826	0.0	0.0	2	1.0338842778622148	-0.6776047861069713	230.0	25	1.05	0.95				
	221	2	0.0	0.0	0.0	0.0	2	1.0349154444379505	4.539046997309949	230.0	27	1.05	0.95				
	222	2	0.0	0.0	0.0	0.0	2	1.05	10.942716698090022	230.0	27	1.05	0.95				
	223	2	0.0	0.0	0.0	0.0	2	1.0365314690252845	-0.6306874505275756	230.0	25	1.05	0.95				
	224	1	0.0	0.0	0.0	0.0	2	1.0114664505775872	-1.6847927491348162	230.0	26	1.05	0.95				
	301	2	51.540018972631586	10.498892753684212	0.0	0.0	3	1.0053520445939699	-33.03497782093588	138.0	31	1.05	0.95				
	302	2	46.29057259578948	9.544447957894738	0.0	0.0	3	1.004909832739701	-33.1445608077196	138.0	32	1.05	0.95				
	303	1	85.90003162105265	17.657228722105263	0.0	0.0	3	1.0223909485361615	-27.421254282057575	138.0	31	1.05	0.95				
	304	1	35.314457444210525	7.158335968421052	0.0	0.0	3	1.0083438577174217	-31.518528064951806	138.0	31	1.05	0.95				
	305	1	33.88279025052632	6.681113570526316	0.0	0.0	3	1.0212745522285471	-32.28521355302323	138.0	31	1.05	0.95				
	306	1	64.90224611368421	13.362227141052632	0.0	-100.0	3	1.0382276276854865	-32.42246426431794	138.0	32	1.05	0.95				
	307	2	59.65279973684211	11.93055994736842	0.0	0.0	3	0.9914604481482386	-37.747980905623706	138.0	32	1.05	0.95				
	308	1	81.60503004	16.70278392631579	0.0	0.0	3	0.996706071770904	-35.56064439350559	138.0	32	1.05	0.95				
	309	1	83.51391963157894	17.180006324210524	0.0	0.0	3	1.0267497421488552	-28.2410617144618	138.0	33	1.05	0.95				
	310	1	93.05836758947369	19.088895915789475	0.0	0.0	3	1.05	-30.001953778786522	138.0	33	1.05	0.95				
	311	1	0.0	0.0	0.0	0.0	3	1.0122757356901564	-23.68586197352945	230.0	33	1.05	0.95				
	312	1	0.0	0.0	0.0	0.0	3	1.0151177464881616	-22.890465321577732	230.0	33	1.05	0.95				
	313	2	126.46393544210525	25.770009486315793	0.0	0.0	3	1.0176479582027536	-19.790030022949033	230.0	34	1.05	0.95				
	314	2	92.58114519157895	18.61167351789474	0.0	0.0	3	1.017164138912067	-21.624568696863463	230.0	36	1.05	0.95				
	315	2	151.2795001326316	30.54223346526316	0.0	0.0	3	1.041768796929761	-16.72163553579985	230.0	36	1.05	0.95				
	316	2	47.72223978947368	9.544447957894738	0.0	0.0	3	1.0420342191038676	-15.889071983763937	230.0	36	1.05	0.95				
	317	1	0.0	0.0	0.0	0.0	3	1.0451848612512942	-14.167045696527875	230.0	37	1.05	0.95				
	318	2	158.9150584989474	32.45112305684211	0.0	0.0	3	1.0449492075718172	-13.851258045712152	230.0	37	1.05	0.95				
	319	1	86.37725401894737	17.657228722105263	0.0	0.0	3	1.0414969389011957	-16.221403643264843	230.0	35	1.05	0.95				
	320	1	61.08446693052632	12.40778234526316	0.0	0.0	3	1.0443582328081618	-15.607553085721806	230.0	35	1.05	0.95				
	321	2	0.0	0.0	0.0	0.0	3	1.0456240394395826	-14.057597640417697	230.0	37	1.05	0.95				
	322	2	0.0	0.0	0.0	0.0	3	1.05	-9.76704345213543	230.0	37	1.05	0.95				
	323	2	0.0	0.0	0.0	0.0	3	1.0468136778695467	-14.918697752088963	230.0	35	1.05	0.95				
	324	1	0.0	0.0	0.0	0.0	3	1.021156074299257	-20.695108391746455	230.0	36	1.05	0.95				
	325	1	0.0	0.0	0.0	0.0	3	1.0379888096099807	-13.101302483199717	230.0	35	1.05	0.95				
];
