%% MATPOWER Case Format : Version 2
function mpc = RTS_GMLC
mpc.version = '2';

%%-----  Power Flow Data  -----%%
%% system MVA base
mpc.baseMVA = 100.0;
%% bus data
%    bus_i    type    Pd    Qd    Gs    Bs    area    Vm    Va    baseKV    zone    Vmax    Vmin
mpc.bus = [
	101	2	59.7446808631579	12.170212768421052	0.0	0.0	1	1.0389140810696926	0.6904348551392481	138.0	11	1.05	0.95				
	102	2	53.65957447894737	11.063829789473685	0.0	0.0	1	1.0384104545599298	0.5362534934090608	138.0	12	1.05	0.95				
	103	1	99.57446810526316	20.468085110526317	0.0	0.0	1	1.0252810813592586	-1.6037366907837465	138.0	11	1.05	0.95				
	104	1	40.936170221052635	8.297872342105263	0.0	0.0	1	1.0223539777720765	-2.600339959883719	138.0	11	1.05	0.95				
	105	1	39.27659575263158	7.74468085263158	0.0	0.0	1	1.03695748335073	-2.5253457974751488	138.0	11	1.05	0.95				
	106	1	75.23404256842106	15.48936170526316	0.0	-100.0	1	1.0431453500485124	-4.874938743039326	138.0	12	1.05	0.95				
	107	2	69.14893618421053	13.829787236842106	0.0	0.0	1	1.0099778715668515	-6.0286352162187855	138.0	12	1.05	0.95				
	108	1	94.59574470000001	19.361702131578948	0.0	0.0	1	1.0075765271351866	-6.774549483280278	138.0	12	1.05	0.95				
	109	1	96.80851065789474	19.91489362105263	0.0	0.0	1	1.0252890373072072	-3.2095081898549815	138.0	13	1.05	0.95				
	110	1	107.87234044736842	22.12765957894737	0.0	0.0	1	1.05	-4.064250515880119	138.0	13	1.05	0.95				
	111	1	0.0	0.0	0.0	0.0	1	1.0073535717428732	-1.176078293271036	230.0	13	1.05	0.95				
	112	1	0.0	0.0	0.0	0.0	1	1.011214906898643	-0.3010160104315737	230.0	13	1.05	0.95				
	113	3	146.59574471052633	29.87234043157895	0.0	0.0	1	1.0030735952616572	3.8768231662361008e-31	230.0	14	1.05	0.95				
	114	2	107.31914895789474	21.574468089473687	0.0	0.0	1	1.0052864823194252	0.35996998368047683	230.0	16	1.05	0.95				
	115	2	175.3617021631579	35.40425532631579	0.0	0.0	1	1.0377691342947253	5.985623264238787	230.0	16	1.05	0.95				
	116	2	55.319148947368426	11.063829789473685	0.0	0.0	1	1.034471106157986	5.837894798529396	230.0	16	1.05	0.95				
	117	1	0.0	0.0	0.0	0.0	1	1.0408244156213338	7.525280237382545	230.0	17	1.05	0.95				
	118	2	184.21276599473686	37.61702128421053	0.0	0.0	1	1.0425173094616262	7.436455721770532	230.0	17	1.05	0.95				
	119	1	100.12765959473684	20.468085110526317	0.0	0.0	1	1.0291342927114906	5.398053634485188	230.0	15	1.05	0.95				
	120	1	70.80851065263158	14.38297872631579	0.0	0.0	1	1.0288259834386893	6.081606599657977	230.0	15	1.05	0.95				
	121	2	0.0	0.0	0.0	0.0	1	1.0463439174026956	8.612867150756502	230.0	17	1.05	0.95				
	122	2	0.0	0.0	0.0	0.0	1	1.05	15.022260343135947	230.0	17	1.05	0.95				
	123	2	0.0	0.0	0.0	0.0	1	1.0299819328091169	6.878425730573442	230.0	15	1.05	0.95				
	124	1	0.0	0.0	0.0	0.0	1	1.0233138456734137	3.154574410602386	230.0	16	1.05	0.95				
	201	2	52.920509987368426	10.78010388631579	0.0	0.0	2	1.0305650965777615	-1.9886800758824454	138.0	21	1.05	0.95				
	202	2	47.53045804421052	9.800094442105262	0.0	0.0	2	1.0309349365979985	-1.918111450879439	138.0	22	1.05	0.95				
	203	1	88.20084997894737	18.130174717894736	0.0	0.0	2	1.0212022462106738	-3.10441304716687	138.0	21	1.05	0.95				
	204	1	36.26034943578947	7.350070831578946	0.0	0.0	2	1.0194632687077516	-4.049999024434439	138.0	21	1.05	0.95				
	205	1	34.79033526947368	6.860066109473685	0.0	0.0	2	1.0341720220823585	-4.06294584145175	138.0	21	1.05	0.95				
	206	1	66.64064220631579	13.72013221894737	0.0	-100.0	2	1.0437598146771216	-5.681353452137519	138.0	22	1.05	0.95				
	207	2	61.25059026315789	12.250118052631578	0.0	0.0	2	0.9891831305616209	-13.096384892352328	138.0	22	1.05	0.95				
	208	1	83.79080748	17.15016527368421	0.0	0.0	2	0.9943656677278523	-10.836294856299466	138.0	22	1.05	0.95				
	209	1	85.75082636842104	17.640169995789474	0.0	0.0	2	1.0244852693426088	-3.7987730174588235	138.0	23	1.05	0.95				
	210	1	95.5509208105263	19.600188884210525	0.0	0.0	2	1.05	-4.609438980942784	138.0	23	1.05	0.95				
	211	1	0.0	0.0	0.0	0.0	2	1.006062566021922	-1.2086932578037948	230.0	23	1.05	0.95				
	212	1	0.0	0.0	0.0	0.0	2	1.011875196783832	1.1771977141372865	230.0	23	1.05	0.95				
	213	2	129.85125135789474	26.460254993684213	0.0	0.0	2	1.000375450381823	0.22699072041183926	230.0	24	1.05	0.95				
	214	2	95.06091608842104	19.110184162105263	0.0	0.0	2	1.0059534763822953	0.6449797425452597	230.0	26	1.05	0.95				
	215	2	155.3314969073684	31.36030221473684	0.0	0.0	2	1.0316955979275566	5.91880675152515	230.0	26	1.05	0.95				
	216	2	49.00047221052631	9.800094442105262	0.0	0.0	2	1.0314560058732825	6.201505182144971	230.0	26	1.05	0.95				
	217	1	0.0	0.0	0.0	0.0	2	1.0377708918207853	8.468745308287868	230.0	27	1.05	0.95				
	218	2	163.17157246105262	33.320321103157895	0.0	0.0	2	1.0396904683279573	9.101186380636138	230.0	27	1.05	0.95				
	219	1	88.69085470105263	18.130174717894736	0.0	0.0	2	1.0295806178671743	5.781259387859063	230.0	25	1.05	0.95				
	220	1	62.72060442947368	12.740122774736843	0.0	0.0	2	1.0315253350013116	6.363514902765097	230.0	25	1.05	0.95				
	221	2	0.0	0.0	0.0	0.0	2	1.039398491759457	8.790705301255526	230.0	27	1.05	0.95				
	222	2	0.0	0.0	0.0	0.0	2	1.05	15.165763553548533	230.0	27	1.05	0.95				
	223	2	0.0	0.0	0.0	0.0	2	1.0335720197823552	7.053859698687017	230.0	25	1.05	0.95				
	224	1	0.0	0.0	0.0	0.0	2	1.0165128948540847	2.5415800337642183	230.0	26	1.05	0.95				
	301	2	53.47042074947369	10.89212274526316	0.0	0.0	3	1.0086806485614372	-17.7004090999687	138.0	31	1.05	0.95				
	302	2	48.024359376842106	9.901929768421054	0.0	0.0	3	1.0081587955584306	-17.82626746172237	138.0	32	1.05	0.95				
	303	1	89.11736791578949	18.31857007157895	0.0	0.0	3	1.0229123463816332	-11.772315064215528	138.0	31	1.05	0.95				
	304	1	36.6371401431579	7.42644732631579	0.0	0.0	3	1.0086140734032822	-16.29152626790297	138.0	31	1.05	0.95				
	305	1	35.15185067789474	6.931350837894739	0.0	0.0	3	1.0226505223777607	-16.83398806836811	138.0	31	1.05	0.95				
	306	1	67.33312242526317	13.862701675789477	0.0	-100.0	3	1.0384743930800395	-16.92511710421576	138.0	32	1.05	0.95				
	307	2	61.88706105263159	12.377412210526318	0.0	0.0	3	0.9941727689165292	-22.58874071665763	138.0	32	1.05	0.95				
	308	1	84.66149952	17.328377094736844	0.0	0.0	3	0.9975088480491463	-20.29520348139435	138.0	32	1.05	0.95				
	309	1	86.64188547368423	17.823473583157895	0.0	0.0	3	1.025176066801487	-13.006607073791544	138.0	33	1.05	0.95				
	310	1	96.54381524210527	19.803859536842108	0.0	0.0	3	1.05	-14.377251556265538	138.0	33	1.05	0.95				
	311	1	0.0	0.0	0.0	0.0	3	1.0098623068894395	-8.358353450590098	230.0	33	1.05	0.95				
	312	1	0.0	0.0	0.0	0.0	3	1.0117929739361469	-8.037301122396046	230.0	33	1.05	0.95				
	313	2	131.20056943157897	26.735210374736845	0.0	0.0	3	1.0129723897802065	-4.792445172420753	230.0	34	1.05	0.95				
	314	2	96.04871875368421	19.308763048421056	0.0	0.0	3	1.014441985362234	-6.086514231754229	230.0	36	1.05	0.95				
	315	2	156.9455868294737	31.686175258947376	0.0	0.0	3	1.033877875466736	-3.037682911827938	230.0	36	1.05	0.95				
	316	2	49.50964884210527	9.901929768421054	0.0	0.0	3	1.0331581899369715	-2.2098249825909986	230.0	36	1.05	0.95				
	317	1	0.0	0.0	0.0	0.0	3	1.0376810831744314	-1.0903409316764174	230.0	37	1.05	0.95				
	318	2	164.86713064421053	33.666561212631585	0.0	0.0	3	1.0367606758578325	-1.1371445115474914	230.0	37	1.05	0.95				
	319	1	89.61246440421054	18.31857007157895	0.0	0.0	3	1.029100747495351	-2.7408868960873374	230.0	35	1.05	0.95				
	320	1	63.37235051789475	12.872508698947371	0.0	0.0	3	1.0279923880797173	-2.7751876048087976	230.0	35	1.05	0.95				
	321	2	0.0	0.0	0.0	0.0	3	1.038261199722079	-1.0421671103149506	230.0	37	1.05	0.95				
	322	2	0.0	0.0	0.0	0.0	3	1.0499999929723425	3.2493736877659902	230.0	37	1.05	0.95				
	323	2	0.0	0.0	0.0	0.0	3	1.0279539379666585	-2.5284563725750835	230.0	35	1.05	0.95				
	324	1	0.0	0.0	0.0	0.0	3	1.0202335437852084	-5.351329586171664	230.0	36	1.05	0.95				
	325	1	0.0	0.0	0.0	0.0	3	1.0269228980348135	-1.5831542326843608	230.0	35	1.05	0.95				
];
