%% MATPOWER Case Format : Version 2
function mpc = RTS_GMLC
mpc.version = '2';

%%-----  Power Flow Data  -----%%
%% system MVA base
mpc.baseMVA = 100.0;
%% bus data
%    bus_i    type    Pd    Qd    Gs    Bs    area    Vm    Va    baseKV    zone    Vmax    Vmin
mpc.bus = [
	101	2	52.45027215157895	10.68431469754386	0.0	0.0	1	1.0007824189024717	-3.4794899431297317	138.0	11	1.05	0.95				
	102	2	47.108114802807016	9.71301336140351	0.0	0.0	1	0.9983368875390772	-4.088299830021296	138.0	12	1.05	0.95				
	103	1	87.41712025263158	17.969074718596488	0.0	0.0	1	1.0171090178130426	1.0006857637838849	138.0	11	1.05	0.95				
	104	1	35.938149437192976	7.284760021052632	0.0	0.0	1	1.0049185297712462	-4.907041950858594	138.0	11	1.05	0.95				
	105	1	34.481197432982455	6.799109352982456	0.0	0.0	1	1.019079344784643	-5.243825298359366	138.0	11	1.05	0.95				
	106	1	66.04849085754387	13.598218705964912	0.0	-100.0	1	1.0361667741588474	-6.836816570038331	138.0	12	1.05	0.95				
	107	2	60.70633350877193	12.141266701754386	0.0	0.0	1	0.9941006802069394	-11.772110280399412	138.0	12	1.05	0.95				
	108	1	83.04626424	16.99777338245614	0.0	0.0	1	0.9983394301051844	-10.195821346775958	138.0	12	1.05	0.95				
	109	1	84.9888669122807	17.483424050526313	0.0	0.0	1	1.0246393695292992	-3.5427135267902328	138.0	13	1.05	0.95				
	110	1	94.7018802736842	19.42602672280702	0.0	0.0	1	1.05	-5.417047464751336	138.0	13	1.05	0.95				
	111	1	0.0	0.0	0.0	0.0	1	1.0213779981019877	-0.10173764130660311	230.0	13	1.05	0.95				
	112	1	0.0	0.0	0.0	0.0	1	1.0171563846394824	-1.2788982623567733	230.0	13	1.05	0.95				
	113	3	128.6974270385965	26.225136075789475	0.0	0.0	1	1.006961239403697	1.2452418478685068e-29	230.0	14	1.05	0.95				
	114	2	94.21622960561403	18.940376054736845	0.0	0.0	1	1.05	4.048896349381101	230.0	16	1.05	0.95				
	115	2	153.9512617782456	31.081642756491227	0.0	0.0	1	1.0383950878094295	15.340218321001053	230.0	16	1.05	0.95				
	116	2	48.565066807017544	9.71301336140351	0.0	0.0	1	1.039398177608441	13.107587945441106	230.0	16	1.05	0.95				
	117	1	0.0	0.0	0.0	0.0	1	1.039000773814145	20.037509030644898	230.0	17	1.05	0.95				
	118	2	161.72167246736842	33.024245428771934	0.0	0.0	1	1.05	21.002459019006174	230.0	17	1.05	0.95				
	119	1	87.90277092070176	17.969074718596488	0.0	0.0	1	1.0374220907207998	8.22707607334961	230.0	15	1.05	0.95				
	120	1	62.163285512982455	12.626917369824561	0.0	0.0	1	1.0444697864769592	4.931602466763593	230.0	15	1.05	0.95				
	121	2	0.0	0.0	0.0	0.0	1	1.0474445310163032	23.096200996060297	230.0	17	1.05	0.95				
	122	2	0.0	0.0	0.0	0.0	1	1.05	41.02083589196868	230.0	17	1.05	0.95				
	123	2	0.0	0.0	0.0	0.0	1	1.05	3.4945710477237473	230.0	15	1.05	0.95				
	124	1	0.0	0.0	0.0	0.0	1	1.0121078004030182	10.017493182081388	230.0	16	1.05	0.95				
	201	2	43.23059973473685	8.806233279298246	0.0	0.0	2	1.024433503031482	-13.888676274338172	138.0	21	1.05	0.95				
	202	2	38.827483095087715	8.005666617543861	0.0	0.0	2	1.0234599633725137	-14.147580793500664	138.0	22	1.05	0.95				
	203	1	72.05099955789474	14.81048324245614	0.0	0.0	2	1.0159796708250475	-10.403102563347419	138.0	21	1.05	0.95				
	204	1	29.62096648491228	6.0042499631578945	0.0	0.0	2	1.0164268666731215	-13.598518513999425	138.0	21	1.05	0.95				
	205	1	28.4201164922807	5.603966632280702	0.0	0.0	2	1.0324766265464163	-13.99415385978496	138.0	21	1.05	0.95				
	206	1	54.43853299929825	11.207933264561404	0.0	-100.0	2	1.0450765315885888	-14.558442222509619	138.0	22	1.05	0.95				
	207	2	50.03541635964912	10.007083271929824	0.0	0.0	2	1.005347816195068	-19.402886622797727	138.0	22	1.05	0.95				
	208	1	68.44844957999999	14.009916580701754	0.0	0.0	2	1.00694674040287	-17.57246697264108	138.0	22	1.05	0.95				
	209	1	70.04958290350876	14.410199911578946	0.0	0.0	2	1.0221310893694677	-11.49073078639937	138.0	23	1.05	0.95				
	210	1	78.05524952105263	16.011333235087722	0.0	0.0	2	1.0499994876672227	-12.81764082547196	138.0	23	1.05	0.95				
	211	1	0.0	0.0	0.0	0.0	2	1.0051680757825385	-8.328690848036917	230.0	23	1.05	0.95				
	212	1	0.0	0.0	0.0	0.0	2	0.9965241912489676	-7.05321722340059	230.0	23	1.05	0.95				
	213	2	106.07508268245613	21.615299867368424	0.0	0.0	2	0.9939105861501869	-6.357505167510546	230.0	24	1.05	0.95				
	214	2	77.65496619017543	15.611049904210528	0.0	0.0	2	1.0130253691504671	-6.110476959622099	230.0	26	1.05	0.95				
	215	2	126.88981588807017	25.61813317614035	0.0	0.0	2	1.0232055862185947	-0.3665860219036783	230.0	26	1.05	0.95				
	216	2	40.0283330877193	8.005666617543861	0.0	0.0	2	1.0198623804951732	-0.4210740114851897	230.0	26	1.05	0.95				
	217	1	0.0	0.0	0.0	0.0	2	1.0320464251186738	1.114165869382414	230.0	27	1.05	0.95				
	218	2	133.29434918210526	27.219266499649127	0.0	0.0	2	1.0309925639911397	0.6147386645910542	230.0	27	1.05	0.95				
	219	1	72.45128288877193	14.81048324245614	0.0	0.0	2	1.0073859792815978	0.7262527347463617	230.0	25	1.05	0.95				
	220	1	51.2362663522807	10.407366602807018	0.0	0.0	2	0.9997112645694382	2.559138098374273	230.0	25	1.05	0.95				
	221	2	0.0	0.0	0.0	0.0	2	1.0315514121832572	1.089185787771369	230.0	27	1.05	0.95				
	222	2	0.0	0.0	0.0	0.0	2	1.05	7.5933116782225865	230.0	27	1.05	0.95				
	223	2	0.0	0.0	0.0	0.0	2	0.9967379834320861	3.9081146797102315	230.0	25	1.05	0.95				
	224	1	0.0	0.0	0.0	0.0	2	1.0081730760549683	-4.137216325285963	230.0	26	1.05	0.95				
	301	2	52.29167983578948	10.652008855438599	0.0	0.0	3	1.0217515797168346	21.392429267008204	138.0	31	1.05	0.95				
	302	2	46.965675408070176	9.68364441403509	0.0	0.0	3	1.0188608543058353	21.041143440894558	138.0	32	1.05	0.95				
	303	1	87.1527997263158	17.914742165964913	0.0	0.0	3	1.05	37.33820714846464	138.0	31	1.05	0.95				
	304	1	35.82948433192983	7.2627333105263165	0.0	0.0	3	1.0089744015480169	22.712942373499224	138.0	31	1.05	0.95				
	305	1	34.376937669824564	6.778551089824562	0.0	0.0	3	1.026721289277348	19.882602865414814	138.0	31	1.05	0.95				
	306	1	65.84878201543862	13.557102179649124	0.0	-100.0	3	1.0362660209019043	18.4670417239012	138.0	32	1.05	0.95				
	307	2	60.522777587719304	12.104555517543861	0.0	0.0	3	0.95	14.251567220307354	138.0	32	1.05	0.95				
	308	1	82.79515974	16.946377724561405	0.0	0.0	3	0.9681146961486587	16.440057567465043	138.0	32	1.05	0.95				
	309	1	84.73188862280703	17.43055994526316	0.0	0.0	3	1.0168316898286258	26.10537736494306	138.0	33	1.05	0.95				
	310	1	94.41553303684212	19.36728882807018	0.0	0.0	3	1.043558402445018	19.91548239934683	138.0	33	1.05	0.95				
	311	1	0.0	0.0	0.0	0.0	3	1.0056148027290537	24.366975724044543	230.0	33	1.05	0.95				
	312	1	0.0	0.0	0.0	0.0	3	1.0111952951803704	24.45466409895698	230.0	33	1.05	0.95				
	313	2	128.3082884859649	26.14583991789474	0.0	0.0	3	1.0084259816603536	26.113323504685162	230.0	34	1.05	0.95				
	314	2	93.93135081614035	18.883106607368426	0.0	0.0	3	1.0018435408025959	24.286846108491353	230.0	36	1.05	0.95				
	315	2	153.48576396245613	30.987662124912283	0.0	0.0	3	1.05	27.482992264036497	230.0	36	1.05	0.95				
	316	2	48.418222070175446	9.68364441403509	0.0	0.0	3	1.0380777823035385	27.056388008878155	230.0	36	1.05	0.95				
	317	1	0.0	0.0	0.0	0.0	3	1.0448200932311773	31.674460204525726	230.0	37	1.05	0.95				
	318	2	161.23267949368423	32.92439100771931	0.0	0.0	3	1.0356174380869834	27.980395460985925	230.0	37	1.05	0.95				
	319	1	87.63698194701756	17.914742165964913	0.0	0.0	3	1.0279190719361653	25.25003740013156	230.0	35	1.05	0.95				
	320	1	61.97532424982457	12.588737738245614	0.0	0.0	3	1.0231645068409907	24.601176780319513	230.0	35	1.05	0.95				
	321	2	0.0	0.0	0.0	0.0	3	1.0475838845135703	28.46136953273921	230.0	37	1.05	0.95				
	322	2	0.0	0.0	0.0	0.0	3	1.05	34.057613707153216	230.0	37	1.05	0.95				
	323	2	0.0	0.0	0.0	0.0	3	1.0213206723786314	24.617664036774283	230.0	35	1.05	0.95				
	324	1	0.0	0.0	0.0	0.0	3	1.0468955710241283	31.248855885018738	230.0	36	1.05	0.95				
	325	1	0.0	0.0	0.0	0.0	3	1.0246032873244448	24.500362763664274	230.0	35	1.05	0.95				
];
