%% MATPOWER Case Format : Version 2
function mpc = RTS_GMLC
mpc.version = '2';

%%-----  Power Flow Data  -----%%
%% system MVA base
mpc.baseMVA = 100.0;
%% bus data
%    bus_i    type    Pd    Qd    Gs    Bs    area    Vm    Va    baseKV    zone    Vmax    Vmin
mpc.bus = [
	101	2	37.033151904	7.543790202666667	0.0	0.0	1	1.0399758578114708	3.2053533495238002	138.0	11	1.05	0.95				
	102	2	33.261256802666665	6.857991093333333	0.0	0.0	1	1.0391573168583381	2.937090284930026	138.0	12	1.05	0.95				
	103	1	61.721919840000005	12.687283522666668	0.0	0.0	1	1.0249240507017354	1.9566381319729491	138.0	11	1.05	0.95				
	104	1	25.374567045333336	5.14349332	0.0	0.0	1	1.0241520370396626	-0.20592833853483813	138.0	11	1.05	0.95				
	105	1	24.345868381333332	4.800593765333334	0.0	0.0	1	1.0401871123061164	0.005387334136760396	138.0	11	1.05	0.95				
	106	1	46.63433943466667	9.601187530666667	0.0	-100.0	1	1.0492067363683069	-2.2006855080308427	138.0	12	1.05	0.95				
	107	2	42.862444333333336	8.572488866666667	0.0	0.0	1	1.0019152490641918	-9.392730343952012	138.0	12	1.05	0.95				
	108	1	58.635823848	12.001484413333333	0.0	0.0	1	1.0064235440266183	-7.223173716491086	138.0	12	1.05	0.95				
	109	1	60.00742206666667	12.344383968	0.0	0.0	1	1.0219894358799049	-1.4051126545467278	138.0	13	1.05	0.95				
	110	1	66.86541316	13.715982186666666	0.0	0.0	1	1.05	-2.1803204112261065	138.0	13	1.05	0.95				
	111	1	0.0	0.0	0.0	0.0	1	0.9979681664471268	0.2471085284949321	230.0	13	1.05	0.95				
	112	1	0.0	0.0	0.0	0.0	1	1.0037330046325326	-0.4815445255285217	230.0	13	1.05	0.95				
	113	3	90.86838198666666	18.516575952	0.0	0.0	1	0.9902779542532326	2.8934444065016204e-31	230.0	14	1.05	0.95				
	114	2	66.52251360533333	13.373082632	0.0	0.0	1	0.9903258949698956	2.6741146237859312	230.0	16	1.05	0.95				
	115	2	108.69915882933331	21.945571498666666	0.0	0.0	1	1.018035841518622	9.514067876062994	230.0	16	1.05	0.95				
	116	2	34.28995546666667	6.857991093333333	0.0	0.0	1	1.014468163005118	8.109473656539658	230.0	16	1.05	0.95				
	117	1	0.0	0.0	0.0	0.0	1	1.0222046849750739	12.445909217618254	230.0	17	1.05	0.95				
	118	2	114.185551704	23.317169717333336	0.0	0.0	1	1.0265453437298022	13.000421821574962	230.0	17	1.05	0.95				
	119	1	62.06481939466667	12.687283522666668	0.0	0.0	1	1.005676724609571	4.896516945972983	230.0	15	1.05	0.95				
	120	1	43.89114299733333	8.915388421333335	0.0	0.0	1	1.0022794640882042	2.7727275666065103	230.0	15	1.05	0.95				
	121	2	0.0	0.0	0.0	0.0	1	1.0285120532760677	14.346383148531423	230.0	17	1.05	0.95				
	122	2	0.0	0.0	0.0	0.0	1	1.05	25.49789393279326	230.0	17	1.05	0.95				
	123	2	0.0	0.0	0.0	0.0	1	1.0008946665782064	1.8778210044649346	230.0	15	1.05	0.95				
	124	1	0.0	0.0	0.0	0.0	1	1.0110772495092364	6.6332160136627065	230.0	16	1.05	0.95				
	201	2	38.096647237894736	7.76042814105263	0.0	0.0	2	1.0130937130454813	-15.436477444145483	138.0	21	1.05	0.95				
	202	2	34.216433167368415	7.05493467368421	0.0	0.0	2	1.0122550292016843	-15.734333456125462	138.0	22	1.05	0.95				
	203	1	63.49441206315789	13.051629146315788	0.0	0.0	2	1.0137061662509148	-11.229126806034522	138.0	21	1.05	0.95				
	204	1	26.103258292631576	5.291201005263158	0.0	0.0	2	1.0122411986576023	-15.568729154751527	138.0	21	1.05	0.95				
	205	1	25.045018091578946	4.938454271578947	0.0	0.0	2	1.0273945961322346	-16.01261225724453	138.0	21	1.05	0.95				
	206	1	47.97355578105263	9.876908543157894	0.0	-100.0	2	1.0436395830056506	-16.802577234841486	138.0	22	1.05	0.95				
	207	2	44.09334171052631	8.818668342105262	0.0	0.0	2	0.9960809051112974	-20.93442423542428	138.0	22	1.05	0.95				
	208	1	60.319691459999994	12.346135678947366	0.0	0.0	2	1.003391132539429	-19.39027208101204	138.0	22	1.05	0.95				
	209	1	61.730678394736834	12.698882412631576	0.0	0.0	2	1.0217700781083954	-13.961927072427278	138.0	23	1.05	0.95				
	210	1	68.78561306842104	14.10986934736842	0.0	0.0	2	1.05	-15.449830655039742	138.0	23	1.05	0.95				
	211	1	0.0	0.0	0.0	0.0	2	1.0024549518535197	-11.424683576082654	230.0	23	1.05	0.95				
	212	1	0.0	0.0	0.0	0.0	2	1.0080710876693029	-11.132381947738464	230.0	23	1.05	0.95				
	213	2	93.47788442631578	19.048323618947368	0.0	0.0	2	0.9988438064252527	-10.591974117738229	230.0	24	1.05	0.95				
	214	2	68.43286633473683	13.757122613684212	0.0	0.0	2	0.9994258988110567	-8.726127523276899	230.0	26	1.05	0.95				
	215	2	111.82071457789473	22.575790955789472	0.0	0.0	2	1.0132741298163206	-2.098244050979255	230.0	26	1.05	0.95				
	216	2	35.27467336842105	7.05493467368421	0.0	0.0	2	1.0146002950718467	-2.7637044691316066	230.0	26	1.05	0.95				
	217	1	0.0	0.0	0.0	0.0	2	1.017146757216006	-0.8373454400830459	230.0	27	1.05	0.95				
	218	2	117.4646623168421	23.986777890526316	0.0	0.0	2	1.016905547666089	-1.1948868359005476	230.0	27	1.05	0.95				
	219	1	63.84715879684211	13.051629146315788	0.0	0.0	2	1.0186910228363764	-3.8085108422470575	230.0	25	1.05	0.95				
	220	1	45.151581911578944	9.171415075789472	0.0	0.0	2	1.0244235990082982	-4.00805759947006	230.0	25	1.05	0.95				
	221	2	0.0	0.0	0.0	0.0	2	1.0192677963817243	-0.6852274958386985	230.0	27	1.05	0.95				
	222	2	0.0	0.0	0.0	0.0	2	1.040976779445929	5.860210066945227	230.0	27	1.05	0.95				
	223	2	0.0	0.0	0.0	0.0	2	1.0277589243612986	-3.8451140117268174	230.0	25	1.05	0.95				
	224	1	0.0	0.0	0.0	0.0	2	1.0022663240086431	-5.554902329479573	230.0	26	1.05	0.95				
	301	2	42.09300852631579	8.574501736842105	0.0	0.0	3	1.034992698024695	2.0808093712822453	138.0	31	1.05	0.95				
	302	2	37.80575765789473	7.795001578947369	0.0	0.0	3	1.032173804487362	1.7427349646209396	138.0	32	1.05	0.95				
	303	1	70.15501421052632	14.420752921052632	0.0	0.0	3	1.05	16.134748544343417	138.0	31	1.05	0.95				
	304	1	28.841505842105263	5.846251184210526	0.0	0.0	3	1.0179170715172845	2.5822071501473705	138.0	31	1.05	0.95				
	305	1	27.672255605263157	5.4565011052631585	0.0	0.0	3	1.0375594883378156	0.8036205041770756	138.0	31	1.05	0.95				
	306	1	53.0060107368421	10.913002210526317	0.0	-100.0	3	1.046568323501908	-0.40821333427505285	138.0	32	1.05	0.95				
	307	2	48.71875986842105	9.74375197368421	0.0	0.0	3	0.95	-2.786335642052734	138.0	32	1.05	0.95				
	308	1	66.6472635	13.641252763157894	0.0	0.0	3	0.974374225235699	-1.6528787905164595	138.0	32	1.05	0.95				
	309	1	68.20626381578947	14.031002842105261	0.0	0.0	3	1.0175048465321384	4.899945430816001	138.0	33	1.05	0.95				
	310	1	76.00126539473683	15.590003157894738	0.0	0.0	3	1.0490450279967012	0.7444234602832951	138.0	33	1.05	0.95				
	311	1	0.0	0.0	0.0	0.0	3	1.0036234041986993	3.8059660859269675	230.0	33	1.05	0.95				
	312	1	0.0	0.0	0.0	0.0	3	1.0090208439036252	4.687749631557693	230.0	33	1.05	0.95				
	313	2	103.28377092105264	21.046504263157896	0.0	0.0	3	1.005484825579537	6.480514574925532	230.0	34	1.05	0.95				
	314	2	75.61151531578946	15.200253078947368	0.0	0.0	3	0.9949305259753871	2.5533407569570725	230.0	36	1.05	0.95				
	315	2	123.55077502631578	24.944005052631578	0.0	0.0	3	1.0424025591086892	3.5872700041335417	230.0	36	1.05	0.95				
	316	2	38.97500789473684	7.795001578947369	0.0	0.0	3	1.0216786736297658	3.1638649162753936	230.0	36	1.05	0.95				
	317	1	0.0	0.0	0.0	0.0	3	1.041256709736702	4.101950969350268	230.0	37	1.05	0.95				
	318	2	129.7867762894737	26.50300536842105	0.0	0.0	3	1.0464255114698149	2.9794083806018477	230.0	37	1.05	0.95				
	319	1	70.54476428947368	14.420752921052632	0.0	0.0	3	1.0143505938605897	3.556941687279114	230.0	35	1.05	0.95				
	320	1	49.888010105263156	10.133502052631579	0.0	0.0	3	1.0105678994683598	4.684328109366939	230.0	35	1.05	0.95				
	321	2	0.0	0.0	0.0	0.0	3	1.05	3.714373095198954	230.0	37	1.05	0.95				
	322	2	0.0	0.0	0.0	0.0	3	1.05	8.202797727581173	230.0	37	1.05	0.95				
	323	2	0.0	0.0	0.0	0.0	3	1.009259713313325	5.620484745250615	230.0	35	1.05	0.95				
	324	1	0.0	0.0	0.0	0.0	3	1.0412159401864993	8.388738636293695	230.0	36	1.05	0.95				
	325	1	0.0	0.0	0.0	0.0	3	1.0093253422752841	6.3671230889992145	230.0	35	1.05	0.95				
];
