%% MATPOWER Case Format : Version 2
function mpc = RTS_GMLC
mpc.version = '2';

%%-----  Power Flow Data  -----%%
%% system MVA base
mpc.baseMVA = 100.0;
%% bus data
%    bus_i    type    Pd    Qd    Gs    Bs    area    Vm    Va    baseKV    zone    Vmax    Vmin
mpc.bus = [
	101	2	70.00494805894736	14.260267197192983	0.0	0.0	1	1.0328266553337557	0.238546034437726	138.0	11	1.05	0.95				
	102	2	62.87481446035087	12.963879270175438	0.0	0.0	1	1.032855145249029	0.1967907683496142	138.0	12	1.05	0.95				
	103	1	116.67491343157894	23.983176649824557	0.0	0.0	1	1.0228454152619577	-1.1601299344959868	138.0	11	1.05	0.95				
	104	1	47.966353299649114	9.722909452631578	0.0	0.0	1	1.0179100625568243	-2.9251885603219234	138.0	11	1.05	0.95				
	105	1	46.021771409122806	9.074715489122807	0.0	0.0	1	1.032682837436805	-2.8600329407800413	138.0	11	1.05	0.95				
	106	1	88.15437903719298	18.149430978245615	0.0	-100.0	1	1.0391184007914045	-5.187275342987764	138.0	12	1.05	0.95				
	107	2	81.02424543859648	16.204849087719296	0.0	0.0	1	1.0469764796133194	-0.8815253946801748	138.0	12	1.05	0.95				
	108	1	110.84116775999999	22.686788722807012	0.0	0.0	1	1.0265776319734115	-3.949265633135045	138.0	12	1.05	0.95				
	109	1	113.43394361403507	23.334982686315787	0.0	0.0	1	1.0263132071977685	-2.857274989449182	138.0	13	1.05	0.95				
	110	1	126.39782288421051	25.927758540350876	0.0	0.0	1	1.05	-3.955998826822538	138.0	13	1.05	0.95				
	111	1	0.0	0.0	0.0	0.0	1	1.0099390726863209	-0.7794713500972832	230.0	13	1.05	0.95				
	112	1	0.0	0.0	0.0	0.0	1	1.0137407750844256	0.008205238788544268	230.0	13	1.05	0.95				
	113	3	171.77140032982453	35.00247402947368	0.0	0.0	1	1.0070261096594113	-7.690177039691161e-32	230.0	14	1.05	0.95				
	114	2	125.74962892070174	25.279564576842105	0.0	0.0	1	1.0093314459464597	1.250942310736595	230.0	16	1.05	0.95				
	115	2	205.47748643228067	41.4844136645614	0.0	0.0	1	1.0428003644865291	8.328590238182613	230.0	16	1.05	0.95				
	116	2	64.81939635087718	12.963879270175438	0.0	0.0	1	1.0400644469433873	7.98511614452467	230.0	16	1.05	0.95				
	117	1	0.0	0.0	0.0	0.0	1	1.0458006468594947	10.758545532296676	230.0	17	1.05	0.95				
	118	2	215.84858984842103	44.07718951859649	0.0	0.0	1	1.0486280440783506	11.223036429074547	230.0	17	1.05	0.95				
	119	1	117.32310739508772	23.983176649824557	0.0	0.0	1	1.0342500066361149	6.933097707828611	230.0	15	1.05	0.95				
	120	1	82.9688273291228	16.85304305122807	0.0	0.0	1	1.0347047392337556	7.252395957742558	230.0	15	1.05	0.95				
	121	2	0.0	0.0	0.0	0.0	1	1.05	11.55324648270097	230.0	17	1.05	0.95				
	122	2	0.0	0.0	0.0	0.0	1	1.05	18.50483101611259	230.0	17	1.05	0.95				
	123	2	0.0	0.0	0.0	0.0	1	1.0365945641500744	7.912807809377048	230.0	15	1.05	0.95				
	124	1	0.0	0.0	0.0	0.0	1	1.0234188218386988	4.810107829826876	230.0	16	1.05	0.95				
	201	2	69.85235322947369	14.22918306526316	0.0	0.0	2	1.0333427775777713	-8.21138631928013	138.0	21	1.05	0.95				
	202	2	62.73776169684211	12.935620968421055	0.0	0.0	2	1.0334183542684927	-8.303490848631348	138.0	22	1.05	0.95				
	203	1	116.42058871578949	23.930898791578947	0.0	0.0	2	1.0278465476567533	-5.432175133405986	138.0	21	1.05	0.95				
	204	1	47.861797583157895	9.70171572631579	0.0	0.0	2	1.017940425265882	-10.320017732294858	138.0	21	1.05	0.95				
	205	1	45.92145443789474	9.054934677894739	0.0	0.0	2	1.0333094702939627	-10.692221166960795	138.0	21	1.05	0.95				
	206	1	87.96222258526318	18.109869355789478	0.0	-100.0	2	1.0396963150403746	-12.695452952805699	138.0	22	1.05	0.95				
	207	2	80.84763105263158	16.169526210526318	0.0	0.0	2	0.9827374008172713	-22.378283727325655	138.0	22	1.05	0.95				
	208	1	110.59955928000001	22.63733669473684	0.0	0.0	2	0.983316977612354	-19.23774968474967	138.0	22	1.05	0.95				
	209	1	113.18668347368421	23.284117743157896	0.0	0.0	2	1.0252693578996617	-9.347671543648193	138.0	23	1.05	0.95				
	210	1	126.12230444210526	25.87124193684211	0.0	0.0	2	1.05	-11.166239253904088	138.0	23	1.05	0.95				
	211	1	0.0	0.0	0.0	0.0	2	1.0184696455623585	-5.461970975287937	230.0	23	1.05	0.95				
	212	1	0.0	0.0	0.0	0.0	2	1.0175262727680945	-4.6705360238986	230.0	23	1.05	0.95				
	213	2	171.39697783157894	34.926176614736846	0.0	0.0	2	1.0218024564056127	-3.2044890572782987	230.0	24	1.05	0.95				
	214	2	125.47552339368421	25.224460888421053	0.0	0.0	2	1.0289961530298752	-2.681472712732805	230.0	26	1.05	0.95				
	215	2	205.0295923494737	41.39398709894737	0.0	0.0	2	1.0430583702639455	5.2708606307576735	230.0	26	1.05	0.95				
	216	2	64.67810484210527	12.935620968421055	0.0	0.0	2	1.045429674941259	5.167751095938075	230.0	26	1.05	0.95				
	217	1	0.0	0.0	0.0	0.0	2	1.0474852146717828	8.466067640194296	230.0	27	1.05	0.95				
	218	2	215.37808912421053	43.98111129263159	0.0	0.0	2	1.0498815287638068	9.39506232678338	230.0	27	1.05	0.95				
	219	1	117.06736976421053	23.930898791578947	0.0	0.0	2	1.0431319725531467	4.101617479481674	230.0	25	1.05	0.95				
	220	1	82.78797419789474	16.81630725894737	0.0	0.0	2	1.0465473471565727	4.388470769643125	230.0	25	1.05	0.95				
	221	2	0.0	0.0	0.0	0.0	2	1.05	9.73346482421463	230.0	27	1.05	0.95				
	222	2	0.0	0.0	0.0	0.0	2	1.05	15.747837701652985	230.0	27	1.05	0.95				
	223	2	0.0	0.0	0.0	0.0	2	1.05	5.017012035621367	230.0	25	1.05	0.95				
	224	1	0.0	0.0	0.0	0.0	2	1.0239805847330172	1.2796967781034094	230.0	26	1.05	0.95				
	301	2	51.745017410526316	10.540651694736841	0.0	0.0	3	1.0075781528650503	-21.773065231008417	138.0	31	1.05	0.95				
	302	2	46.4746915631579	9.582410631578947	0.0	0.0	3	1.0070378857426383	-21.897945396551783	138.0	32	1.05	0.95				
	303	1	86.24169568421053	17.72745966842105	0.0	0.0	3	1.0234530670805562	-15.626312652196583	138.0	31	1.05	0.95				
	304	1	35.4549193368421	7.1868079736842105	0.0	0.0	3	1.0090457668305708	-20.30665198318348	138.0	31	1.05	0.95				
	305	1	34.01755774210526	6.7076874421052635	0.0	0.0	3	1.0224271206340085	-21.10554701399985	138.0	31	1.05	0.95				
	306	1	65.16039229473685	13.415374884210527	0.0	-100.0	3	1.038707150761933	-21.290476627049536	138.0	32	1.05	0.95				
	307	2	59.89006644736842	11.978013289473683	0.0	0.0	3	0.992763392843746	-26.653618867134615	138.0	32	1.05	0.95				
	308	1	81.9296109	16.769218605263156	0.0	0.0	3	0.9972718117983738	-24.450240258999802	138.0	32	1.05	0.95				
	309	1	83.84609302631578	17.2483391368421	0.0	0.0	3	1.0263050517746264	-17.046599949459253	138.0	33	1.05	0.95				
	310	1	93.42850365789474	19.164821263157894	0.0	0.0	3	1.05	-18.897970803727187	138.0	33	1.05	0.95				
	311	1	0.0	0.0	0.0	0.0	3	1.0123488018968094	-12.432908049528244	230.0	33	1.05	0.95				
	312	1	0.0	0.0	0.0	0.0	3	1.0132244289065648	-12.038266285589549	230.0	33	1.05	0.95				
	313	2	126.96694086842103	25.872508705263158	0.0	0.0	3	1.0152686600507097	-8.920964100682735	230.0	34	1.05	0.95				
	314	2	92.9493831263158	18.685700731578947	0.0	0.0	3	1.0199212311997432	-9.934621705280655	230.0	36	1.05	0.95				
	315	2	151.8812085105263	30.66371402105263	0.0	0.0	3	1.0450460485970712	-3.890896735116195	230.0	36	1.05	0.95				
	316	2	47.91205315789473	9.582410631578947	0.0	0.0	3	1.0435324387585143	-3.5701468543171124	230.0	36	1.05	0.95				
	317	1	0.0	0.0	0.0	0.0	3	1.046977908160901	-1.33599661697096	230.0	37	1.05	0.95				
	318	2	159.54713701578947	32.580196147368426	0.0	0.0	3	1.0479539670640885	-0.978878889981552	230.0	37	1.05	0.95				
	319	1	86.72081621578947	17.72745966842105	0.0	0.0	3	1.0385276358976614	-4.789122144746736	230.0	35	1.05	0.95				
	320	1	61.32742804210526	12.457133821052633	0.0	0.0	3	1.0377594227002944	-4.941484618768022	230.0	35	1.05	0.95				
	321	2	0.0	0.0	0.0	0.0	3	1.0499999965041236	-0.30466441629460633	230.0	37	1.05	0.95				
	322	2	0.0	0.0	0.0	0.0	3	1.05	5.065551986014685	230.0	37	1.05	0.95				
	323	2	0.0	0.0	0.0	0.0	3	1.0380676931106703	-4.665236217344808	230.0	35	1.05	0.95				
	324	1	0.0	0.0	0.0	0.0	3	1.022228870598779	-8.242509507803904	230.0	36	1.05	0.95				
	325	1	0.0	0.0	0.0	0.0	3	1.0339330032930076	-3.3178024927257477	230.0	35	1.05	0.95				
];
