%% MATPOWER Case Format : Version 2
function mpc = RTS_GMLC
mpc.version = '2';

%%-----  Power Flow Data  -----%%
%% system MVA base
mpc.baseMVA = 100.0;
%% bus data
%    bus_i    type    Pd    Qd    Gs    Bs    area    Vm    Va    baseKV    zone    Vmax    Vmin
mpc.bus = [
	101	2	42.336961882105264	8.624195938947368	0.0	0.0	1	1.0302080003417897	1.3394929834923144	138.0	11	1.05	0.95				
	102	2	38.024863912631574	7.840178126315789	0.0	0.0	1	1.0282804971237542	0.8235915882874429	138.0	12	1.05	0.95				
	103	1	70.5616031368421	14.50432953368421	0.0	0.0	1	1.034982599649248	1.790697001880292	138.0	11	1.05	0.95				
	104	1	29.00865906736842	5.880133594736842	0.0	0.0	1	1.0232138958920083	-1.1028654934808628	138.0	11	1.05	0.95				
	105	1	27.83263234842105	5.488124688421053	0.0	0.0	1	1.0347557801041365	-1.6439861805981912	138.0	11	1.05	0.95				
	106	1	53.31321125894737	10.976249376842105	0.0	-100.0	1	1.0454741467071664	-3.8198561276812852	138.0	12	1.05	0.95				
	107	2	49.00111328947368	9.800222657894736	0.0	0.0	1	1.0000808371649978	-10.004187690920551	138.0	12	1.05	0.95				
	108	1	67.03352297999999	13.72031172105263	0.0	0.0	1	1.004795175176714	-8.146143525441678	138.0	12	1.05	0.95				
	109	1	68.60155860526316	14.112320627368419	0.0	0.0	1	1.0252106166591488	-2.115431964125501	138.0	13	1.05	0.95				
	110	1	76.44173673157894	15.680356252631578	0.0	0.0	1	1.05	-3.420557192126034	138.0	13	1.05	0.95				
	111	1	0.0	0.0	0.0	0.0	1	1.0036193222383094	-0.4131558158440716	230.0	13	1.05	0.95				
	112	1	0.0	0.0	0.0	0.0	1	1.0082386820470375	-0.9894883012959327	230.0	13	1.05	0.95				
	113	3	103.88236017368419	21.168480941052632	0.0	0.0	1	0.9954890922394242	-1.4107825010248683e-32	230.0	14	1.05	0.95				
	114	2	76.04972782526315	15.288347346315788	0.0	0.0	1	1.0011196713188568	1.7186239164311894	230.0	16	1.05	0.95				
	115	2	124.26682330210525	25.088570004210524	0.0	0.0	1	1.039351243589974	8.301438406257837	230.0	16	1.05	0.95				
	116	2	39.20089063157894	7.840178126315789	0.0	0.0	1	1.0345883830459668	6.956752013789167	230.0	16	1.05	0.95				
	117	1	0.0	0.0	0.0	0.0	1	1.0424287301192134	10.730259012957745	230.0	17	1.05	0.95				
	118	2	130.53896580315788	26.656605629473685	0.0	0.0	1	1.0469717718603533	11.675487217114993	230.0	17	1.05	0.95				
	119	1	70.95361204315789	14.50432953368421	0.0	0.0	1	1.0232716147951604	4.291526255104698	230.0	15	1.05	0.95				
	120	1	50.17714000842105	10.192231564210525	0.0	0.0	1	1.0165850781019832	2.2225097282767967	230.0	15	1.05	0.95				
	121	2	0.0	0.0	0.0	0.0	1	1.0495779106070533	13.010462283310178	230.0	17	1.05	0.95				
	122	2	0.0	0.0	0.0	0.0	1	1.05	18.798855122645325	230.0	17	1.05	0.95				
	123	2	0.0	0.0	0.0	0.0	1	1.0135516822095536	1.3838878967269512	230.0	15	1.05	0.95				
	124	1	0.0	0.0	0.0	0.0	1	1.028997933443884	5.85256724381212	230.0	16	1.05	0.95				
	201	2	44.114591520000005	8.986305680000001	0.0	0.0	2	1.0159769682158275	-13.776842660366157	138.0	21	1.05	0.95				
	202	2	39.621438680000004	8.1693688	0.0	0.0	2	1.0151611208285511	-14.03697185722107	138.0	22	1.05	0.95				
	203	1	73.52431920000001	15.113332280000002	0.0	0.0	2	1.013883848560136	-10.465377921851184	138.0	21	1.05	0.95				
	204	1	30.226664560000003	6.127026600000001	0.0	0.0	2	1.0129614997426744	-13.501251786511697	138.0	21	1.05	0.95				
	205	1	29.00125924	5.7185581600000015	0.0	0.0	2	1.0280280538697475	-13.882944400329587	138.0	21	1.05	0.95				
	206	1	55.551707840000006	11.437116320000003	0.0	-100.0	2	1.0428048197505697	-14.455277011383089	138.0	22	1.05	0.95				
	207	2	51.058555000000005	10.211711000000001	0.0	0.0	2	0.9985807870767129	-19.36616631802622	138.0	22	1.05	0.95				
	208	1	69.84810324	14.2963954	0.0	0.0	2	1.00289856488751	-17.518250805190902	138.0	22	1.05	0.95				
	209	1	71.481977	14.704863840000002	0.0	0.0	2	1.022983344317351	-11.371309931794098	138.0	23	1.05	0.95				
	210	1	79.6513458	16.3387376	0.0	0.0	2	1.05	-12.675669877827003	138.0	23	1.05	0.95				
	211	1	0.0	0.0	0.0	0.0	2	1.003115358726257	-9.354034266136678	230.0	23	1.05	0.95				
	212	1	0.0	0.0	0.0	0.0	2	1.0090629708812235	-5.511370167820621	230.0	23	1.05	0.95				
	213	2	108.2441366	22.057295760000002	0.0	0.0	2	0.9964996983717692	-7.787883710062636	230.0	24	1.05	0.95				
	214	2	79.24287736000001	15.930269160000002	0.0	0.0	2	1.0006727163272469	-7.913308749890497	230.0	26	1.05	0.95				
	215	2	129.48449548	26.141980160000006	0.0	0.0	2	1.016678830702025	-2.119309170400823	230.0	26	1.05	0.95				
	216	2	40.846844000000004	8.1693688	0.0	0.0	2	1.0151107172049199	-3.339957912882535	230.0	26	1.05	0.95				
	217	1	0.0	0.0	0.0	0.0	2	1.0209514231549832	-1.3436691368174325	230.0	27	1.05	0.95				
	218	2	136.01999052000002	27.775853920000003	0.0	0.0	2	1.0208505382279658	-1.6826674437524096	230.0	27	1.05	0.95				
	219	1	73.93278764000002	15.113332280000002	0.0	0.0	2	1.0114771286139086	-4.462217454962166	230.0	25	1.05	0.95				
	220	1	52.28396032000001	10.620179440000003	0.0	0.0	2	1.0112261286710098	-4.6194716477040325	230.0	25	1.05	0.95				
	221	2	0.0	0.0	0.0	0.0	2	1.0230132660841553	-1.0257355133551898	230.0	27	1.05	0.95				
	222	2	0.0	0.0	0.0	0.0	2	1.0448526051827862	5.404591083380738	230.0	27	1.05	0.95				
	223	2	0.0	0.0	0.0	0.0	2	1.0115774850135468	-4.3816928892312434	230.0	25	1.05	0.95				
	224	1	0.0	0.0	0.0	0.0	2	1.005280078821135	-5.267464939772367	230.0	26	1.05	0.95				
	301	2	65.90699147368422	13.425498263157895	0.0	0.0	3	0.9914166006302328	1.1144182079585148	138.0	31	1.05	0.95				
	302	2	59.19424234210526	12.204998421052633	0.0	0.0	3	0.9913395655939978	1.0691089732859973	138.0	32	1.05	0.95				
	303	1	109.8449857894737	22.579247078947372	0.0	0.0	3	1.0175594729436674	4.53320680377789	138.0	31	1.05	0.95				
	304	1	45.158494157894744	9.153748815789474	0.0	0.0	3	0.9998877482899302	3.2242285605620817	138.0	31	1.05	0.95				
	305	1	43.32774439473685	8.543498894736844	0.0	0.0	3	1.0112647961848598	3.0002269502570496	138.0	31	1.05	0.95				
	306	1	82.99398926315791	17.08699778947369	0.0	-100.0	3	1.0305178059407953	3.3650615062142477	138.0	32	1.05	0.95				
	307	2	76.28124013157895	15.256248026315792	0.0	0.0	3	0.9878698519551546	-0.6888469234436768	138.0	32	1.05	0.95				
	308	1	104.3527365	21.358747236842106	0.0	0.0	3	0.9983213487536953	2.0615099510061845	138.0	32	1.05	0.95				
	309	1	106.79373618421053	21.968997157894737	0.0	0.0	3	1.0287476283410621	7.453241934880997	138.0	33	1.05	0.95				
	310	1	118.99873460526318	24.409996842105265	0.0	0.0	3	1.05	6.825754618623744	138.0	33	1.05	0.95				
	311	1	0.0	0.0	0.0	0.0	3	1.0188956327130831	12.889382594783802	230.0	33	1.05	0.95				
	312	1	0.0	0.0	0.0	0.0	3	1.024463013465116	14.589801698346701	230.0	33	1.05	0.95				
	313	2	161.71622907894738	32.95349573684211	0.0	0.0	3	1.04634068969035	21.706573508605974	230.0	34	1.05	0.95				
	314	2	118.38848468421052	23.799746921052638	0.0	0.0	3	1.020354320179416	10.734947956392114	230.0	36	1.05	0.95				
	315	2	193.4492249736842	39.055994947368426	0.0	0.0	3	1.033933334522151	4.47901723018912	230.0	36	1.05	0.95				
	316	2	61.024992105263166	12.204998421052633	0.0	0.0	3	1.036100093454432	5.920873048733229	230.0	36	1.05	0.95				
	317	1	0.0	0.0	0.0	0.0	3	1.0372853039978311	4.391839832694791	230.0	37	1.05	0.95				
	318	2	203.21322371052634	41.49699463157896	0.0	0.0	3	1.0343545706460362	3.019656247968373	230.0	37	1.05	0.95				
	319	1	110.45523571052634	22.579247078947372	0.0	0.0	3	1.0360033297269282	9.449198924111798	230.0	35	1.05	0.95				
	320	1	78.11198989473685	15.866497947368424	0.0	0.0	3	1.039891032049065	12.163982906542008	230.0	35	1.05	0.95				
	321	2	0.0	0.0	0.0	0.0	3	1.0363118253643602	4.079103040313225	230.0	37	1.05	0.95				
	322	2	0.0	0.0	0.0	0.0	3	1.049999680743269	8.50836207013301	230.0	37	1.05	0.95				
	323	2	0.0	0.0	0.0	0.0	3	1.042540829039372	13.306100886687299	230.0	35	1.05	0.95				
	324	1	0.0	0.0	0.0	0.0	3	1.0262000790203436	6.389511401351628	230.0	36	1.05	0.95				
	325	1	0.0	0.0	0.0	0.0	3	1.0440548441096504	13.284328902536659	230.0	35	1.05	0.95				
];
