%% MATPOWER Case Format : Version 2
function mpc = RTS_GMLC
mpc.version = '2';

%%-----  Power Flow Data  -----%%
%% system MVA base
mpc.baseMVA = 100.0;
%% bus data
%    bus_i    type    Pd    Qd    Gs    Bs    area    Vm    Va    baseKV    zone    Vmax    Vmin
mpc.bus = [
	101	2	42.49727856	8.65685304	0.0	0.0	1	1.0462859072421729	4.889154344426299	138.0	11	1.05	0.95				
	102	2	38.16885204	7.8698664	0.0	0.0	1	1.0436735847937606	4.21660350324661	138.0	12	1.05	0.95				
	103	1	70.82879759999999	14.559252840000001	0.0	0.0	1	1.035388311268623	2.4673086582207975	138.0	11	1.05	0.95				
	104	1	29.118505680000002	5.9023997999999995	0.0	0.0	1	1.0296997175540867	1.234057072887331	138.0	11	1.05	0.95				
	105	1	27.93802572	5.50890648	0.0	0.0	1	1.0421162085276394	0.9996553535477102	138.0	11	1.05	0.95				
	106	1	53.51509152	11.01781296	0.0	-100.0	1	1.0484992058312816	-1.7296099259958506	138.0	12	1.05	0.95				
	107	2	49.186665	9.837333	0.0	0.0	1	1.0006080066236602	-6.228526695739766	138.0	12	1.05	0.95				
	108	1	67.28735772	13.772266199999999	0.0	0.0	1	1.0060266586282571	-5.383316860798531	138.0	12	1.05	0.95				
	109	1	68.86133099999999	14.165759519999998	0.0	0.0	1	1.0246585951148033	-0.8836861849382652	138.0	13	1.05	0.95				
	110	1	76.7311974	15.7397328	0.0	0.0	1	1.05	-1.7613602101513208	138.0	13	1.05	0.95				
	111	1	0.0	0.0	0.0	0.0	1	1.001360990887339	-0.09617138577728973	230.0	13	1.05	0.95				
	112	1	0.0	0.0	0.0	0.0	1	1.0058944456592616	-0.18951593505870198	230.0	13	1.05	0.95				
	113	3	104.2757298	21.24863928	0.0	0.0	1	0.9902195611034491	2.2588467655927824e-28	230.0	14	1.05	0.95				
	114	2	76.33770408	15.346239479999998	0.0	0.0	1	0.9964367989604925	1.182206870401848	230.0	16	1.05	0.95				
	115	2	124.73738243999999	25.18357248	0.0	0.0	1	1.0340818340973241	6.041431966041156	230.0	16	1.05	0.95				
	116	2	39.349332	7.8698664	0.0	0.0	1	1.0284275433263277	5.2764293247662355	230.0	16	1.05	0.95				
	117	1	0.0	0.0	0.0	0.0	1	1.0382930358725124	8.113548545530476	230.0	17	1.05	0.95				
	118	2	131.03327556	26.75754576	0.0	0.0	1	1.0425660417753058	8.520463296569451	230.0	17	1.05	0.95				
	119	1	71.22229091999999	14.559252840000001	0.0	0.0	1	1.0187013586816827	3.7737546215423934	230.0	15	1.05	0.95				
	120	1	50.36714496	10.23082632	0.0	0.0	1	1.0119744358670073	2.6310812590782366	230.0	15	1.05	0.95				
	121	2	0.0	0.0	0.0	0.0	1	1.0462718507224031	9.398264516930011	230.0	17	1.05	0.95				
	122	2	0.0	0.0	0.0	0.0	1	1.05	16.4186614382911	230.0	17	1.05	0.95				
	123	2	0.0	0.0	0.0	0.0	1	1.0086943749638166	2.311299107968882	230.0	15	1.05	0.95				
	124	1	0.0	0.0	0.0	0.0	1	1.0283739227581745	4.692109463902239	230.0	16	1.05	0.95				
	201	2	41.989611221052634	8.55343932280702	0.0	0.0	2	1.01293080583844	-5.763398389263198	138.0	21	1.05	0.95				
	202	2	37.71289155964912	7.775853929824563	0.0	0.0	2	1.0121390571042492	-5.97967310517278	138.0	22	1.05	0.95				
	203	1	69.98268536842106	14.38532977017544	0.0	0.0	2	1.014251183819035	-4.0618887324475725	138.0	21	1.05	0.95				
	204	1	28.77065954035088	5.831890447368422	0.0	0.0	2	1.0125415187330506	-5.431183279463232	138.0	21	1.05	0.95				
	205	1	27.604281450877195	5.443097750877194	0.0	0.0	2	1.0267058540073715	-5.664403876984717	138.0	21	1.05	0.95				
	206	1	52.87580672280703	10.886195501754388	0.0	-100.0	2	1.0426328032486343	-6.1024742023366585	138.0	22	1.05	0.95				
	207	2	48.59908706140351	9.719817412280703	0.0	0.0	2	0.9962918179037411	-10.758287124845232	138.0	22	1.05	0.95				
	208	1	66.4835511	13.607744377192981	0.0	0.0	2	1.002602903101138	-9.028329993854022	138.0	22	1.05	0.95				
	209	1	68.03872188596492	13.996537073684213	0.0	0.0	2	1.023965498750105	-3.3728792333687103	138.0	23	1.05	0.95				
	210	1	75.81457581578948	15.551707859649126	0.0	0.0	2	1.05	-4.312395569380393	138.0	23	1.05	0.95				
	211	1	0.0	0.0	0.0	0.0	2	1.0021014386400957	-1.3578188837232454	230.0	23	1.05	0.95				
	212	1	0.0	0.0	0.0	0.0	2	1.0108689601812217	3.137762838865334	230.0	23	1.05	0.95				
	213	2	103.03006457017545	20.994805610526317	0.0	0.0	2	0.9966008423560944	0.653932205412147	230.0	24	1.05	0.95				
	214	2	75.42578311929825	15.162915163157898	0.0	0.0	2	0.9967475986605326	-0.48294010477878213	230.0	26	1.05	0.95				
	215	2	123.24728478771931	24.8827325754386	0.0	0.0	2	1.0167335079332476	3.3504536656767487	230.0	26	1.05	0.95				
	216	2	38.87926964912281	7.775853929824563	0.0	0.0	2	1.0163111271767038	3.125052538605747	230.0	26	1.05	0.95				
	217	1	0.0	0.0	0.0	0.0	2	1.0210782091747608	3.852214786447096	230.0	27	1.05	0.95				
	218	2	129.46796793157895	26.437903361403514	0.0	0.0	2	1.0207417870470377	3.620948346181479	230.0	27	1.05	0.95				
	219	1	70.37147806491228	14.38532977017544	0.0	0.0	2	1.016242110245063	2.8704146790133898	230.0	25	1.05	0.95				
	220	1	49.7654651508772	10.10861010877193	0.0	0.0	2	1.018636740719709	3.424092368848864	230.0	25	1.05	0.95				
	221	2	0.0	0.0	0.0	0.0	2	1.0229222948238603	4.3279529181775604	230.0	27	1.05	0.95				
	222	2	0.0	0.0	0.0	0.0	2	1.0446705847063191	10.698812942009605	230.0	27	1.05	0.95				
	223	2	0.0	0.0	0.0	0.0	2	1.0204784986944229	4.03137821236957	230.0	25	1.05	0.95				
	224	1	0.0	0.0	0.0	0.0	2	1.006411871758991	0.5547092008050427	230.0	26	1.05	0.95				
	301	2	64.33533693473686	13.10534641263158	0.0	0.0	3	1.0063576647010821	-19.842784964799712	138.0	31	1.05	0.95				
	302	2	57.782663728421056	11.913951284210528	0.0	0.0	3	1.006078914168879	-19.940335120047234	138.0	32	1.05	0.95				
	303	1	107.22556155789474	22.040809875789474	0.0	0.0	3	1.0158960242467072	-14.733391636232152	138.0	31	1.05	0.95				
	304	1	44.08161975157895	8.935463463157895	0.0	0.0	3	1.0049951250104567	-18.010498607531698	138.0	31	1.05	0.95				
	305	1	42.29452705894737	8.33976589894737	0.0	0.0	3	1.0193946815240833	-18.229457066176952	138.0	31	1.05	0.95				
	306	1	81.01486873263158	16.67953179789474	0.0	-100.0	3	1.034706881238019	-17.99641018520259	138.0	32	1.05	0.95				
	307	2	74.46219552631578	14.892439105263158	0.0	0.0	3	0.9936706870152517	-25.220632820600574	138.0	32	1.05	0.95				
	308	1	101.86428348000001	20.84941474736842	0.0	0.0	3	0.9928184477538601	-22.368438862970983	138.0	32	1.05	0.95				
	309	1	104.2470737368421	21.44511231157895	0.0	0.0	3	1.024936529713783	-13.993430777912511	138.0	33	1.05	0.95				
	310	1	116.16102502105264	23.827902568421056	0.0	0.0	3	1.05	-14.70772368349882	138.0	33	1.05	0.95				
	311	1	0.0	0.0	0.0	0.0	3	1.0150914162277282	-7.930573032781137	230.0	33	1.05	0.95				
	312	1	0.0	0.0	0.0	0.0	3	1.0172718666930745	-6.840739905242665	230.0	33	1.05	0.95				
	313	2	157.85985451578946	32.16766846736843	0.0	0.0	3	1.0290015573214577	-2.627075178468138	230.0	34	1.05	0.95				
	314	2	115.56532745684211	23.232205004210527	0.0	0.0	3	1.0212477039365693	-6.220602446328157	230.0	36	1.05	0.95				
	315	2	188.83612785473684	38.124644109473685	0.0	0.0	3	1.0330407931347956	-6.105620656587174	230.0	36	1.05	0.95				
	316	2	59.56975642105263	11.913951284210528	0.0	0.0	3	1.0337937820167613	-4.711172676743022	230.0	36	1.05	0.95				
	317	1	0.0	0.0	0.0	0.0	3	1.0358724975755158	-4.2650106843513695	230.0	37	1.05	0.95				
	318	2	198.36728888210527	40.50743436631579	0.0	0.0	3	1.0334146544774823	-4.593514391286801	230.0	37	1.05	0.95				
	319	1	107.82125912210527	22.040809875789474	0.0	0.0	3	1.034307390086796	-3.117073466501128	230.0	35	1.05	0.95				
	320	1	76.24928821894737	15.488136669473684	0.0	0.0	3	1.0356928771200071	-2.3686358930333156	230.0	35	1.05	0.95				
	321	2	0.0	0.0	0.0	0.0	3	1.035467983526068	-4.563259383279971	230.0	37	1.05	0.95				
	322	2	0.0	0.0	0.0	0.0	3	1.0487264746937122	-0.12848260452740332	230.0	37	1.05	0.95				
	323	2	0.0	0.0	0.0	0.0	3	1.037001629445308	-1.8780479232986254	230.0	35	1.05	0.95				
	324	1	0.0	0.0	0.0	0.0	3	1.0173247516041355	-8.264383091248371	230.0	36	1.05	0.95				
	325	1	0.0	0.0	0.0	0.0	3	1.0351507876693193	-0.934144633320813	230.0	35	1.05	0.95				
];
