%% MATPOWER Case Format : Version 2
function mpc = RTS_GMLC
mpc.version = '2';

%%-----  Power Flow Data  -----%%
%% system MVA base
mpc.baseMVA = 100.0;
%% bus data
%    bus_i    type    Pd    Qd    Gs    Bs    area    Vm    Va    baseKV    zone    Vmax    Vmin
mpc.bus = [
	101	2	40.76051460631579	8.303067790175438	0.0	0.0	1	1.0135751039994667	-3.7678889673479747	138.0	11	1.05	0.95				
	102	2	36.60898071122807	7.548243445614035	0.0	0.0	1	1.01342374859979	-3.9761648971535397	138.0	12	1.05	0.95				
	103	1	67.93419101052632	13.964250374385964	0.0	0.0	1	1.0028096496102077	0.1523510246463543	138.0	11	1.05	0.95				
	104	1	27.928500748771928	5.6611825842105254	0.0	0.0	1	1.0040443743758407	-4.012978670559538	138.0	11	1.05	0.95				
	105	1	26.796264231929822	5.283770411929824	0.0	0.0	1	1.0176889493516619	-5.002572218099092	138.0	11	1.05	0.95				
	106	1	51.32805543017543	10.567540823859648	0.0	-100.0	1	1.028024998762696	-6.1578381138114695	138.0	12	1.05	0.95				
	107	2	47.176521535087716	9.435304307017542	0.0	0.0	1	0.9861923996250654	-9.578982713061253	138.0	12	1.05	0.95				
	108	1	64.53748146	13.20942602982456	0.0	0.0	1	0.9889564872689293	-8.514411954310503	138.0	12	1.05	0.95				
	109	1	66.04713014912281	13.58683820210526	0.0	0.0	1	1.0025208741135259	-3.321554141766139	138.0	13	1.05	0.95				
	110	1	73.59537359473684	15.09648689122807	0.0	0.0	1	1.030660909927051	-5.008623291697911	138.0	13	1.05	0.95				
	111	1	0.0	0.0	0.0	0.0	1	0.980127700323118	-0.9719306336629926	230.0	13	1.05	0.95				
	112	1	0.0	0.0	0.0	0.0	1	0.9821428536516372	-1.5258388185490361	230.0	13	1.05	0.95				
	113	3	100.01422565438595	20.380257303157894	0.0	0.0	1	0.9622184321679944	-3.9433062294467294e-30	230.0	14	1.05	0.95				
	114	2	73.21796142245614	14.719074718947367	0.0	0.0	1	0.985766974270015	1.5455002365697548	230.0	16	1.05	0.95				
	115	2	119.63965861298244	24.15437902596491	0.0	0.0	1	0.9888001070404411	8.972688536232926	230.0	16	1.05	0.95				
	116	2	37.74121722807017	7.548243445614035	0.0	0.0	1	0.9884624144950498	7.674759936523813	230.0	16	1.05	0.95				
	117	1	0.0	0.0	0.0	0.0	1	0.993596436317102	12.186355008001891	230.0	17	1.05	0.95				
	118	2	125.67825336947367	25.664027715087716	0.0	0.0	1	0.9973779344350553	12.845220630754104	230.0	17	1.05	0.95				
	119	1	68.31160318280702	13.964250374385964	0.0	0.0	1	0.9888910725624068	4.8189995233752825	230.0	15	1.05	0.95				
	120	1	48.30875805192982	9.812716479298246	0.0	0.0	1	0.992746871431144	2.7262076538848166	230.0	15	1.05	0.95				
	121	2	0.0	0.0	0.0	0.0	1	0.9975460688023758	14.129460048742658	230.0	17	1.05	0.95				
	122	2	0.0	0.0	0.0	0.0	1	1.0157286156971497	25.275262438008532	230.0	17	1.05	0.95				
	123	2	0.0	0.0	0.0	0.0	1	0.9955259894255742	1.8904631115872699	230.0	15	1.05	0.95				
	124	1	0.0	0.0	0.0	0.0	1	0.9834872900042801	5.584745674494273	230.0	16	1.05	0.95				
	201	2	43.893593583157894	8.941287581754386	0.0	0.0	2	1.0107049308769587	-10.471530445518082	138.0	21	1.05	0.95				
	202	2	39.4229497922807	8.12844325614035	0.0	0.0	2	1.0095739655302216	-10.661926384164213	138.0	22	1.05	0.95				
	203	1	73.15598930526316	15.037620023859649	0.0	0.0	2	0.997057841217584	-7.89611257902459	138.0	21	1.05	0.95				
	204	1	30.075240047719298	6.096332442105263	0.0	0.0	2	1.001180752064821	-9.770458698436938	138.0	21	1.05	0.95				
	205	1	28.855973559298242	5.689910279298246	0.0	0.0	2	1.0173483363837625	-10.10875851957269	138.0	21	1.05	0.95				
	206	1	55.27341414175439	11.379820558596492	0.0	-100.0	2	1.029085014891159	-10.418708467586034	138.0	22	1.05	0.95				
	207	2	50.80277035087719	10.160554070175438	0.0	0.0	2	0.9712980660827989	-15.314168701415346	138.0	22	1.05	0.95				
	208	1	69.49818984000001	14.224775698245612	0.0	0.0	2	0.9800549243397276	-13.446558398067086	138.0	22	1.05	0.95				
	209	1	71.12387849122807	14.63119786105263	0.0	0.0	2	1.0065525100868504	-7.305176805859355	138.0	23	1.05	0.95				
	210	1	79.25232174736841	16.2568865122807	0.0	0.0	2	1.0340686561741128	-8.399909497745844	138.0	23	1.05	0.95				
	211	1	0.0	0.0	0.0	0.0	2	0.9873868404751347	-4.94591160949983	230.0	23	1.05	0.95				
	212	1	0.0	0.0	0.0	0.0	2	0.990187847195478	-0.38241485370420897	230.0	23	1.05	0.95				
	213	2	107.70187314385964	21.946796791578947	0.0	0.0	2	0.9841902662186295	-2.4799727349370655	230.0	24	1.05	0.95				
	214	2	78.8458995845614	15.850464349473684	0.0	0.0	2	0.9829459640479371	-4.056215995041669	230.0	26	1.05	0.95				
	215	2	128.83582560982455	26.011018419649123	0.0	0.0	2	0.9909093600115807	0.19038271062749737	230.0	26	1.05	0.95				
	216	2	40.64221628070175	8.12844325614035	0.0	0.0	2	0.989518275190383	-0.11698663109042866	230.0	26	1.05	0.95				
	217	1	0.0	0.0	0.0	0.0	2	0.9990861830958484	0.8423026765766672	230.0	27	1.05	0.95				
	218	2	135.33858021473685	27.636707070877193	0.0	0.0	2	0.9997877568710112	0.4019993336843757	230.0	27	1.05	0.95				
	219	1	73.56241146807018	15.037620023859649	0.0	0.0	2	0.9848070449091099	0.6894981874281935	230.0	25	1.05	0.95				
	220	1	52.022036839298245	10.566976232982457	0.0	0.0	2	0.9839055481578136	2.2563739302064607	230.0	25	1.05	0.95				
	221	2	0.0	0.0	0.0	0.0	2	1.0021329171963933	1.007168439884345	230.0	27	1.05	0.95				
	222	2	0.0	0.0	0.0	0.0	2	1.0201679323305408	6.537859283546078	230.0	27	1.05	0.95				
	223	2	0.0	0.0	0.0	0.0	2	0.9845730704150245	3.459897524607723	230.0	25	1.05	0.95				
	224	1	0.0	0.0	0.0	0.0	2	0.9833961766296686	-2.8900232911212007	230.0	26	1.05	0.95				
	301	2	63.805757684210526	12.997469157894736	0.0	0.0	3	1.0031389439980973	28.669317594076052	138.0	31	1.05	0.95				
	302	2	57.307023105263156	11.815881052631578	0.0	0.0	3	1.0039207754663155	28.247394563679034	138.0	32	1.05	0.95				
	303	1	106.3429294736842	21.85937994736842	0.0	0.0	3	1.0134202302848077	45.27743633036172	138.0	31	1.05	0.95				
	304	1	43.71875989473684	8.861910789473683	0.0	0.0	3	0.9906801940315336	29.840223614949394	138.0	31	1.05	0.95				
	305	1	41.9463777368421	8.271116736842107	0.0	0.0	3	1.010201635325563	27.95693677316077	138.0	31	1.05	0.95				
	306	1	80.34799115789474	16.542233473684213	0.0	-100.0	3	1.0209492362246666	26.86582455402235	138.0	32	1.05	0.95				
	307	2	73.84925657894736	14.769851315789474	0.0	0.0	3	0.9650552304497985	22.960047231134247	138.0	32	1.05	0.95				
	308	1	101.025783	20.67779184210526	0.0	0.0	3	0.9739362929145661	25.777331438216848	138.0	32	1.05	0.95				
	309	1	103.38895921052631	21.26858589473684	0.0	0.0	3	1.0004317782196512	33.6892973736082	138.0	33	1.05	0.95				
	310	1	115.20484026315789	23.631762105263157	0.0	0.0	3	1.0324740058610962	29.19260313703831	138.0	33	1.05	0.95				
	311	1	0.0	0.0	0.0	0.0	3	0.994944871014826	33.76490536554803	230.0	33	1.05	0.95				
	312	1	0.0	0.0	0.0	0.0	3	0.9993790060481873	34.12021021837107	230.0	33	1.05	0.95				
	313	2	156.5604239473684	31.902878842105263	0.0	0.0	3	1.0041913440341756	37.70354988336821	230.0	34	1.05	0.95				
	314	2	114.61404621052631	23.040968052631577	0.0	0.0	3	0.9917730946153924	32.677681489353645	230.0	36	1.05	0.95				
	315	2	187.2817146842105	37.81081936842105	0.0	0.0	3	0.9946184196843467	29.598564753902586	230.0	36	1.05	0.95				
	316	2	59.079405263157895	11.815881052631578	0.0	0.0	3	0.9895315794041648	29.825076591485253	230.0	36	1.05	0.95				
	317	1	0.0	0.0	0.0	0.0	3	1.00033377210995	30.23296719482277	230.0	37	1.05	0.95				
	318	2	196.73441952631578	40.17399557894737	0.0	0.0	3	0.9954257957129187	27.04419210325927	230.0	37	1.05	0.95				
	319	1	106.93372352631579	21.85937994736842	0.0	0.0	3	0.9938833064126916	30.16124023165547	230.0	35	1.05	0.95				
	320	1	75.6216387368421	15.360645368421052	0.0	0.0	3	0.9991582884263345	30.088185262491606	230.0	35	1.05	0.95				
	321	2	0.0	0.0	0.0	0.0	3	1.003279529961043	28.41428233914464	230.0	37	1.05	0.95				
	322	2	0.0	0.0	0.0	0.0	3	1.0200613461385664	32.569092702838454	230.0	37	1.05	0.95				
	323	2	0.0	0.0	0.0	0.0	3	1.0019449105323772	29.88022900575911	230.0	35	1.05	0.95				
	324	1	0.0	0.0	0.0	0.0	3	0.998255095941564	37.20576429915617	230.0	36	1.05	0.95				
	325	1	0.0	0.0	0.0	0.0	3	1.0021111388810353	28.557897968523545	230.0	35	1.05	0.95				
];
