%% MATPOWER Case Format : Version 2
function mpc = RTS_GMLC
mpc.version = '2';

%%-----  Power Flow Data  -----%%
%% system MVA base
mpc.baseMVA = 100.0;
%% bus data
%    bus_i    type    Pd    Qd    Gs    Bs    area    Vm    Va    baseKV    zone    Vmax    Vmin
mpc.bus = [
	101	2	55.349332029473686	11.274863931929826	0.0	0.0	1	1.0171694990448845	-5.76763655228335	138.0	11	1.05	0.95				
	102	2	49.71190006350877	10.249876301754385	0.0	0.0	1	1.0162067747643757	-5.999272225683052	138.0	12	1.05	0.95				
	103	1	92.24888671578948	18.962271158245613	0.0	0.0	1	1.0253011795929814	-1.0464603532823602	138.0	11	1.05	0.95				
	104	1	37.92454231649123	7.687407226315789	0.0	0.0	1	1.0156549207687904	-5.840482801769444	138.0	11	1.05	0.95				
	105	1	36.387060871228066	7.17491341122807	0.0	0.0	1	1.0272075795675433	-7.0333948570290685	138.0	11	1.05	0.95				
	106	1	69.69915885192984	14.34982682245614	0.0	-100.0	1	1.0398784343822796	-8.300362727288096	138.0	12	1.05	0.95				
	107	2	64.06172688596492	12.812345377192983	0.0	0.0	1	1.000040565486974	-11.266851474389817	138.0	12	1.05	0.95				
	108	1	87.63644238	17.937283528070175	0.0	0.0	1	1.0019614096281042	-10.501303161528323	138.0	12	1.05	0.95				
	109	1	89.68641764035088	18.449777343157894	0.0	0.0	1	1.0253253958636426	-4.638142189802584	138.0	13	1.05	0.95				
	110	1	99.93629394210527	20.49975260350877	0.0	0.0	1	1.05	-6.66127892452946	138.0	13	1.05	0.95				
	111	1	0.0	0.0	0.0	0.0	1	1.0121244377361887	-1.3835655780057396	230.0	13	1.05	0.95				
	112	1	0.0	0.0	0.0	0.0	1	1.0120444571565927	-1.992703987970718	230.0	13	1.05	0.95				
	113	3	135.81086099824563	27.674666014736843	0.0	0.0	1	1.0075799877490754	-4.5296824202276734e-30	230.0	14	1.05	0.95				
	114	2	99.42380012701754	19.98725878842105	0.0	0.0	1	1.0213440843850348	1.7157836197836274	230.0	16	1.05	0.95				
	115	2	162.460539382807	32.799604165614035	0.0	0.0	1	1.040228617110258	10.75496252953654	230.0	16	1.05	0.95				
	116	2	51.24938150877193	10.249876301754385	0.0	0.0	1	1.0363057968568297	9.226216750916837	230.0	16	1.05	0.95				
	117	1	0.0	0.0	0.0	0.0	1	1.0409908373646255	14.802040212505696	230.0	17	1.05	0.95				
	118	2	170.66044042421055	34.84957942596492	0.0	0.0	1	1.05	15.547815244828566	230.0	17	1.05	0.95				
	119	1	92.76138053087719	18.962271158245613	0.0	0.0	1	1.026755050040403	5.785981422375005	230.0	15	1.05	0.95				
	120	1	65.59920833122807	13.324839192280702	0.0	0.0	1	1.0243037386124472	3.4733875910636134	230.0	15	1.05	0.95				
	121	2	0.0	0.0	0.0	0.0	1	1.05	17.170430285788093	230.0	17	1.05	0.95				
	122	2	0.0	0.0	0.0	0.0	1	1.05	31.746804858935	230.0	17	1.05	0.95				
	123	2	0.0	0.0	0.0	0.0	1	1.0242186341782942	2.5916548888971382	230.0	15	1.05	0.95				
	124	1	0.0	0.0	0.0	0.0	1	1.019875591429597	6.3512285198169955	230.0	16	1.05	0.95				
	201	2	46.9875649263158	9.571541003508772	0.0	0.0	2	1.009257373835012	-9.036824892058336	138.0	21	1.05	0.95				
	202	2	42.201794424561406	8.701400912280704	0.0	0.0	2	1.0084292559857149	-9.250270372179832	138.0	22	1.05	0.95				
	203	1	78.31260821052632	16.097591687719298	0.0	0.0	2	1.0152683899098152	-7.299728688871105	138.0	21	1.05	0.95				
	204	1	32.195183375438596	6.526050684210527	0.0	0.0	2	1.010537738914464	-8.511971377579307	138.0	21	1.05	0.95				
	205	1	30.88997323859649	6.090980638596492	0.0	0.0	2	1.0240996269167926	-8.764786083723749	138.0	21	1.05	0.95				
	206	1	59.16952620350878	12.181961277192984	0.0	-100.0	2	1.0403775034563907	-9.146347708637357	138.0	22	1.05	0.95				
	207	2	54.38375570175439	10.876751140350878	0.0	0.0	2	0.9919783169512288	-14.39366157563649	138.0	22	1.05	0.95				
	208	1	74.3969778	15.227451596491228	0.0	0.0	2	0.9985125965132694	-12.431833390481257	138.0	22	1.05	0.95				
	209	1	76.13725798245613	15.662521642105265	0.0	0.0	2	1.0252878832074825	-6.115218222112868	138.0	23	1.05	0.95				
	210	1	84.83865889473685	17.402801824561408	0.0	0.0	2	1.05	-7.091700462052866	138.0	23	1.05	0.95				
	211	1	0.0	0.0	0.0	0.0	2	1.0061252498546434	-3.459477458957434	230.0	23	1.05	0.95				
	212	1	0.0	0.0	0.0	0.0	2	1.0155134553735436	1.1010516590543122	230.0	23	1.05	0.95				
	213	2	115.29356208771931	23.4937824631579	0.0	0.0	2	1.004955302386669	-0.8238463414729589	230.0	24	1.05	0.95				
	214	2	84.40358884912281	16.96773177894737	0.0	0.0	2	1.0025245539642584	-2.503570071512355	230.0	26	1.05	0.95				
	215	2	137.91720445964913	27.844482919298247	0.0	0.0	2	1.0270378101830424	1.6261161883886872	230.0	26	1.05	0.95				
	216	2	43.50700456140351	8.701400912280704	0.0	0.0	2	1.0270083870950744	1.4608727399367623	230.0	26	1.05	0.95				
	217	1	0.0	0.0	0.0	0.0	2	1.031316909937595	2.4339883958931314	230.0	27	1.05	0.95				
	218	2	144.8783251894737	29.58476310175439	0.0	0.0	2	1.0303140172717236	2.047683119816392	230.0	27	1.05	0.95				
	219	1	78.74767825614036	16.097591687719298	0.0	0.0	2	1.030731533560237	2.4405295626893677	230.0	25	1.05	0.95				
	220	1	55.688965838596495	11.311821185964915	0.0	0.0	2	1.0372799202456524	4.122323032884857	230.0	25	1.05	0.95				
	221	2	0.0	0.0	0.0	0.0	2	1.032218500110678	2.701050308255056	230.0	27	1.05	0.95				
	222	2	0.0	0.0	0.0	0.0	2	1.0499999970323506	9.090549855392435	230.0	27	1.05	0.95				
	223	2	0.0	0.0	0.0	0.0	2	1.042094505464285	5.362843543528635	230.0	25	1.05	0.95				
	224	1	0.0	0.0	0.0	0.0	2	1.011536094008999	-1.709767141774422	230.0	26	1.05	0.95				
	301	2	54.08541602526316	11.017399560701755	0.0	0.0	3	1.004253582848511	29.148441727009708	138.0	31	1.05	0.95				
	302	2	48.57671624491228	10.015817782456141	0.0	0.0	3	1.0038073690766824	28.96193286694514	138.0	32	1.05	0.95				
	303	1	90.14236004210527	18.52926289754386	0.0	0.0	3	1.040804560714656	36.86181761219633	138.0	31	1.05	0.95				
	304	1	37.05852579508772	7.511863336842104	0.0	0.0	3	1.0083828170965818	30.41749572582368	138.0	31	1.05	0.95				
	305	1	35.5561531277193	7.011072447719299	0.0	0.0	3	1.0205313666774225	29.507944610827234	138.0	31	1.05	0.95				
	306	1	68.10756092070176	14.022144895438599	0.0	-100.0	3	1.0373068567206924	29.127237970742925	138.0	32	1.05	0.95				
	307	2	62.59886114035087	12.519772228070176	0.0	0.0	3	0.9702925165393139	26.336501924265214	138.0	32	1.05	0.95				
	308	1	85.63524204	17.527681119298244	0.0	0.0	3	0.9906327140485662	28.471619684431136	138.0	32	1.05	0.95				
	309	1	87.63840559649122	18.02847200842105	0.0	0.0	3	1.028442232618231	33.64674481448408	138.0	33	1.05	0.95				
	310	1	97.65422337894736	20.031635564912282	0.0	0.0	3	1.05	31.47924387177912	138.0	33	1.05	0.95				
	311	1	0.0	0.0	0.0	0.0	3	1.0111354648035362	35.760019512331894	230.0	33	1.05	0.95				
	312	1	0.0	0.0	0.0	0.0	3	1.0171734183635004	35.85906765831345	230.0	33	1.05	0.95				
	313	2	132.70958561754384	27.04270801263158	0.0	0.0	3	1.016602692172961	39.75181456671072	230.0	34	1.05	0.95				
	314	2	97.15343248982455	19.530844675789474	0.0	0.0	3	1.0067421673481438	35.536327449314854	230.0	36	1.05	0.95				
	315	2	158.75071185192982	32.05061690385965	0.0	0.0	3	1.0392551977063749	32.32912181305584	230.0	36	1.05	0.95				
	316	2	50.0790889122807	10.015817782456141	0.0	0.0	3	1.0342713846334302	32.8605605769917	230.0	36	1.05	0.95				
	317	1	0.0	0.0	0.0	0.0	3	1.05	34.22703284040556	230.0	37	1.05	0.95				
	318	2	166.76336607789472	34.05378046035088	0.0	0.0	3	1.0489511488127377	30.81665189505591	230.0	37	1.05	0.95				
	319	1	90.64315093122806	18.52926289754386	0.0	0.0	3	1.0293248521181741	33.16813721978896	230.0	35	1.05	0.95				
	320	1	64.1012338077193	13.020563117192982	0.0	0.0	3	1.0253902736782174	32.97231117425805	230.0	35	1.05	0.95				
	321	2	0.0	0.0	0.0	0.0	3	1.0499999945476481	31.956990710718426	230.0	37	1.05	0.95				
	322	2	0.0	0.0	0.0	0.0	3	1.05	37.19608993489516	230.0	37	1.05	0.95				
	323	2	0.0	0.0	0.0	0.0	3	1.0225258783324733	32.60165767861582	230.0	35	1.05	0.95				
	324	1	0.0	0.0	0.0	0.0	3	1.039668318415456	35.92266825733996	230.0	36	1.05	0.95				
	325	1	0.0	0.0	0.0	0.0	3	1.0254355530034422	31.285788505295084	230.0	35	1.05	0.95				
];
