%% MATPOWER Case Format : Version 2
function mpc = RTS_GMLC
mpc.version = '2';

%%-----  Power Flow Data  -----%%
%% system MVA base
mpc.baseMVA = 100.0;
%% bus data
%    bus_i    type    Pd    Qd    Gs    Bs    area    Vm    Va    baseKV    zone    Vmax    Vmin
mpc.bus = [
	101	2	53.94656110736843	10.989114299649124	0.0	0.0	1	1.0365521054056406	0.8832346558036279	138.0	11	1.05	0.95				
	102	2	48.45200395754386	9.99010390877193	0.0	0.0	1	1.0354862017064363	0.5677457580766101	138.0	12	1.05	0.95				
	103	1	89.91093517894737	18.48169223122807	0.0	0.0	1	1.0274344559641382	0.569250222805678	138.0	11	1.05	0.95				
	104	1	36.96338446245614	7.492577931578948	0.0	0.0	1	1.0215629904763834	-2.371652753484056	138.0	11	1.05	0.95				
	105	1	35.46486887614035	6.993072736140352	0.0	0.0	1	1.0363668602027247	-2.4272571651921577	138.0	11	1.05	0.95				
	106	1	67.93270657964912	13.986145472280704	0.0	-100.0	1	1.0439290574759972	-4.8226114893891445	138.0	12	1.05	0.95				
	107	2	62.43814942982456	12.487629885964912	0.0	0.0	1	0.9986669910106871	-10.80781729572069	138.0	12	1.05	0.95				
	108	1	85.41538842	17.482681840350878	0.0	0.0	1	1.0005951058166551	-9.32165194248603	138.0	12	1.05	0.95				
	109	1	87.41340920175439	17.982187035789472	0.0	0.0	1	1.0242410883767175	-3.0239540555501785	138.0	13	1.05	0.95				
	110	1	97.40351311052632	19.98020781754386	0.0	0.0	1	1.05	-4.222278013110889	138.0	13	1.05	0.95				
	111	1	0.0	0.0	0.0	0.0	1	1.0083403125526296	-0.47293429264440096	230.0	13	1.05	0.95				
	112	1	0.0	0.0	0.0	0.0	1	1.0100934813311515	-1.125065501795943	230.0	13	1.05	0.95				
	113	3	132.36887679122808	26.973280553684216	0.0	0.0	1	1.0007258926488094	-8.330421733463337e-31	230.0	14	1.05	0.95				
	114	2	96.90400791508772	19.480702622105266	0.0	0.0	1	1.0131239584424103	2.3445595158660426	230.0	16	1.05	0.95				
	115	2	158.3431469540351	31.96833250807018	0.0	0.0	1	1.0399738879070983	10.922832271548153	230.0	16	1.05	0.95				
	116	2	49.95051954385965	9.99010390877193	0.0	0.0	1	1.0343158457249793	9.332584149098436	230.0	16	1.05	0.95				
	117	1	0.0	0.0	0.0	0.0	1	1.040213239831445	14.78125877339176	230.0	17	1.05	0.95				
	118	2	166.33523008105266	33.96635328982456	0.0	0.0	1	1.0499999925784305	15.377360410744144	230.0	17	1.05	0.95				
	119	1	90.41044037438597	18.48169223122807	0.0	0.0	1	1.0230859511676043	5.672234748331792	230.0	15	1.05	0.95				
	120	1	63.93666501614036	12.987135081403508	0.0	0.0	1	1.0198689029780508	3.4265225292931856	230.0	15	1.05	0.95				
	121	2	0.0	0.0	0.0	0.0	1	1.05	17.12857068157235	230.0	17	1.05	0.95				
	122	2	0.0	0.0	0.0	0.0	1	1.05	32.319449424249335	230.0	17	1.05	0.95				
	123	2	0.0	0.0	0.0	0.0	1	1.0192898301732025	2.5741655408906947	230.0	15	1.05	0.95				
	124	1	0.0	0.0	0.0	0.0	1	1.022366902545568	7.052600828322694	230.0	16	1.05	0.95				
	201	2	47.10656383578949	9.595781522105264	0.0	0.0	2	1.0122575176060737	-11.864839708309349	138.0	21	1.05	0.95				
	202	2	42.308673074736845	8.723437747368424	0.0	0.0	2	1.011417244854791	-12.113650149595273	138.0	22	1.05	0.95				
	203	1	78.5109397263158	16.13835983263158	0.0	0.0	2	1.0146689972631762	-8.89114813086019	138.0	21	1.05	0.95				
	204	1	32.27671966526316	6.542578310526316	0.0	0.0	2	1.0113169475443398	-11.448445987471072	138.0	21	1.05	0.95				
	205	1	30.968204003157894	6.106406423157896	0.0	0.0	2	1.0256850656866685	-11.810752398314547	138.0	21	1.05	0.95				
	206	1	59.31937668210527	12.212812846315792	0.0	-100.0	2	1.0410863672937007	-12.316778166906376	138.0	22	1.05	0.95				
	207	2	54.52148592105264	10.904297184210527	0.0	0.0	2	0.9945925043987183	-17.57714089394477	138.0	22	1.05	0.95				
	208	1	74.58539274000002	15.266016057894738	0.0	0.0	2	0.9997311938887463	-15.59674516062117	138.0	22	1.05	0.95				
	209	1	76.33008028947368	15.70218794526316	0.0	0.0	2	1.0242311248908014	-9.10349649244681	138.0	23	1.05	0.95				
	210	1	85.0535180368421	17.446875494736847	0.0	0.0	2	1.05	-10.353019383710787	138.0	23	1.05	0.95				
	211	1	0.0	0.0	0.0	0.0	2	1.0067606800909958	-6.0793349154166085	230.0	23	1.05	0.95				
	212	1	0.0	0.0	0.0	0.0	2	1.0114812026246534	-3.1703347350268705	230.0	23	1.05	0.95				
	213	2	115.58555015263158	23.553281917894743	0.0	0.0	2	1.005049618718512	-3.8387653054940283	230.0	24	1.05	0.95				
	214	2	84.61734614947369	17.010703607368423	0.0	0.0	2	1.0062545192588412	-4.280831728022564	230.0	26	1.05	0.95				
	215	2	138.2664882957895	27.915000791578954	0.0	0.0	2	1.0239648582799787	0.737614991164485	230.0	26	1.05	0.95				
	216	2	43.61718873684211	8.723437747368424	0.0	0.0	2	1.0249959569453353	0.9146337961815326	230.0	26	1.05	0.95				
	217	1	0.0	0.0	0.0	0.0	2	1.0289751915181753	1.8837473390229382	230.0	27	1.05	0.95				
	218	2	145.2452384936842	29.659688341052636	0.0	0.0	2	1.0279620515638606	1.4076258262574128	230.0	27	1.05	0.95				
	219	1	78.94711161368421	16.13835983263158	0.0	0.0	2	1.0264579390656787	1.6848387348989968	230.0	25	1.05	0.95				
	220	1	55.83000158315791	11.340469071578948	0.0	0.0	2	1.030965250087706	3.199161737415306	230.0	25	1.05	0.95				
	221	2	0.0	0.0	0.0	0.0	2	1.0299606888020758	1.9847784190120012	230.0	27	1.05	0.95				
	222	2	0.0	0.0	0.0	0.0	2	1.0499999967139333	8.437127808563277	230.0	27	1.05	0.95				
	223	2	0.0	0.0	0.0	0.0	2	1.034582612906833	4.356782369704408	230.0	25	1.05	0.95				
	224	1	0.0	0.0	0.0	0.0	2	1.0086272145436737	-2.8716546796222806	230.0	26	1.05	0.95				
	301	2	52.97500792421054	10.791205317894738	0.0	0.0	3	1.0107706885568222	7.2361465526258755	138.0	31	1.05	0.95				
	302	2	47.579405265263155	9.81018665263158	0.0	0.0	3	1.009709996654435	6.910198609944722	138.0	32	1.05	0.95				
	303	1	88.29167987368422	18.148845307368422	0.0	0.0	3	1.05	19.967413604424173	138.0	31	1.05	0.95				
	304	1	36.297690614736844	7.357639989473684	0.0	0.0	3	1.0094489937710354	8.08973216357645	138.0	31	1.05	0.95				
	305	1	34.826162616842105	6.867130656842106	0.0	0.0	3	1.0242585836786358	6.482689671785044	138.0	31	1.05	0.95				
	306	1	66.70926923789474	13.734261313684213	0.0	-100.0	3	1.0390354526878374	5.486035991906211	138.0	32	1.05	0.95				
	307	2	61.31366657894737	12.262733315789474	0.0	0.0	3	0.9857723036589093	0.4041234273197534	138.0	32	1.05	0.95				
	308	1	83.87709588000001	17.167826642105265	0.0	0.0	3	0.9925276082435418	2.654930737035538	138.0	32	1.05	0.95				
	309	1	85.83913321052631	17.65833597473684	0.0	0.0	3	1.0248279590257565	11.07057509919429	138.0	33	1.05	0.95				
	310	1	95.6493198631579	19.62037330526316	0.0	0.0	3	1.05	7.308331206740446	138.0	33	1.05	0.95				
	311	1	0.0	0.0	0.0	0.0	3	1.0103553689907692	11.64580196264227	230.0	33	1.05	0.95				
	312	1	0.0	0.0	0.0	0.0	3	1.0159615219915694	12.075338521531787	230.0	33	1.05	0.95				
	313	2	129.98497314736844	26.48750396210527	0.0	0.0	3	1.0136255870942499	14.340859482534979	230.0	34	1.05	0.95				
	314	2	95.15881053052631	19.12986397263158	0.0	0.0	3	1.0060608108145375	11.832487308912382	230.0	36	1.05	0.95				
	315	2	155.49145844421054	31.392597288421054	0.0	0.0	3	1.0445807365632358	12.891512973346059	230.0	36	1.05	0.95				
	316	2	49.050933263157894	9.81018665263158	0.0	0.0	3	1.0366696079574695	12.666674130730618	230.0	36	1.05	0.95				
	317	1	0.0	0.0	0.0	0.0	3	1.0474556647436009	14.89551472538779	230.0	37	1.05	0.95				
	318	2	163.3396077663158	33.35463461894737	0.0	0.0	3	1.0458042616363783	13.08103071154936	230.0	37	1.05	0.95				
	319	1	88.78218920631579	18.148845307368422	0.0	0.0	3	1.0296478661331163	12.517642859072494	230.0	35	1.05	0.95				
	320	1	62.78519457684211	12.753242648421054	0.0	0.0	3	1.0258675450441328	12.813890144868706	230.0	35	1.05	0.95				
	321	2	0.0	0.0	0.0	0.0	3	1.0461260816740638	13.614699936887197	230.0	37	1.05	0.95				
	322	2	0.0	0.0	0.0	0.0	3	1.05	18.45555342205933	230.0	37	1.05	0.95				
	323	2	0.0	0.0	0.0	0.0	3	1.0244095379850855	13.243650053628789	230.0	35	1.05	0.95				
	324	1	0.0	0.0	0.0	0.0	3	1.0453842424026558	16.502737008324697	230.0	36	1.05	0.95				
	325	1	0.0	0.0	0.0	0.0	3	1.0265551958682544	13.588581745269392	230.0	35	1.05	0.95				
];
