%% MATPOWER Case Format : Version 2
function mpc = RTS_GMLC
mpc.version = '2';

%%-----  Power Flow Data  -----%%
%% system MVA base
mpc.baseMVA = 100.0;
%% bus data
%    bus_i    type    Pd    Qd    Gs    Bs    area    Vm    Va    baseKV    zone    Vmax    Vmin
mpc.bus = [
	101	2	50.219198412631584	10.229836713684211	0.0	0.0	1	1.0338614277438407	0.10596783811584114	138.0	11	1.05	0.95				
	102	2	45.104280055789474	9.299851557894739	0.0	0.0	1	1.0329565858038587	-0.15847496501800087	138.0	12	1.05	0.95				
	103	1	83.69866402105264	17.204725382105263	0.0	0.0	1	1.0260190121070212	-1.019564982575828	138.0	11	1.05	0.95				
	104	1	34.409450764210526	6.974888668421054	0.0	0.0	1	1.0208268747412639	-2.888509222524344	138.0	11	1.05	0.95				
	105	1	33.01447303052632	6.509896090526317	0.0	0.0	1	1.0357590609593423	-2.768080138303867	138.0	11	1.05	0.95				
	106	1	63.23899059368422	13.019792181052633	0.0	-100.0	1	1.0445766050856962	-4.883984896525169	138.0	12	1.05	0.95				
	107	2	58.1240722368421	11.624814447368422	0.0	0.0	1	1.0018589808863214	-10.129868506322698	138.0	12	1.05	0.95				
	108	1	79.51373082	16.27474022631579	0.0	0.0	1	1.0039746261450089	-8.882652693883863	138.0	12	1.05	0.95				
	109	1	81.37370113157894	16.739732804210526	0.0	0.0	1	1.0244884174309254	-3.304964581489095	138.0	13	1.05	0.95				
	110	1	90.67355268947368	18.599703115789477	0.0	0.0	1	1.05	-4.2167257469370325	138.0	13	1.05	0.95				
	111	1	0.0	0.0	0.0	0.0	1	1.0047603443507316	-1.0400450840735604	230.0	13	1.05	0.95				
	112	1	0.0	0.0	0.0	0.0	1	1.0090192903862205	-0.6549896172261822	230.0	13	1.05	0.95				
	113	3	123.22303314210525	25.109599206315792	0.0	0.0	1	0.9994011470609521	2.0680274008473885e-30	230.0	14	1.05	0.95				
	114	2	90.20856011157895	18.134710537894737	0.0	0.0	1	1.0022467336267633	0.8975457485912445	230.0	16	1.05	0.95				
	115	2	147.40264719263158	29.75952498526316	0.0	0.0	1	1.0338967040902571	6.969887882743723	230.0	16	1.05	0.95				
	116	2	46.49925778947369	9.299851557894739	0.0	0.0	1	1.0304333173295497	6.3866851111465825	230.0	16	1.05	0.95				
	117	1	0.0	0.0	0.0	0.0	1	1.0370451520893869	8.553506180360756	230.0	17	1.05	0.95				
	118	2	154.84252843894737	31.61949529684211	0.0	0.0	1	1.0386636545252468	8.717484880337144	230.0	17	1.05	0.95				
	119	1	84.16365659894738	17.204725382105263	0.0	0.0	1	1.0245812449051723	5.202622469575586	230.0	15	1.05	0.95				
	120	1	59.51904997052632	12.089807025263159	0.0	0.0	1	1.0229977906252254	5.076904673175149	230.0	15	1.05	0.95				
	121	2	0.0	0.0	0.0	0.0	1	1.0416117254529191	9.942919528788469	230.0	17	1.05	0.95				
	122	2	0.0	0.0	0.0	0.0	1	1.05	16.049351622899117	230.0	17	1.05	0.95				
	123	2	0.0	0.0	0.0	0.0	1	1.0228474380372141	5.367747686057705	230.0	15	1.05	0.95				
	124	1	0.0	0.0	0.0	0.0	1	1.0207951381425207	3.973234771119336	230.0	16	1.05	0.95				
	201	2	48.43255153263157	9.865890127017543	0.0	0.0	2	1.0270094225252837	-8.746761416013738	138.0	21	1.05	0.95				
	202	2	43.499606469122796	8.968991024561403	0.0	0.0	2	1.0279669273760665	-8.546561874322128	138.0	22	1.05	0.95				
	203	1	80.72091922105263	16.592633395438593	0.0	0.0	2	1.0179440841999505	-8.057860074844886	138.0	21	1.05	0.95				
	204	1	33.185266790877186	6.726743268421051	0.0	0.0	2	1.018291973429792	-10.157023276682706	138.0	21	1.05	0.95				
	205	1	31.83991813719298	6.278293717192983	0.0	0.0	2	1.0330481718624507	-10.428015544890782	138.0	21	1.05	0.95				
	206	1	60.98913896701754	12.556587434385966	0.0	-100.0	2	1.0443684022955826	-11.768756006419547	138.0	22	1.05	0.95				
	207	2	56.05619390350876	11.211238780701754	0.0	0.0	2	0.9925437609168425	-18.259535307774254	138.0	22	1.05	0.95				
	208	1	76.68487325999999	15.695734292982452	0.0	0.0	2	0.9977941640821094	-16.21423433630379	138.0	22	1.05	0.95				
	209	1	78.47867146491228	16.144183844210524	0.0	0.0	2	1.0231356771083313	-9.636043433868515	138.0	23	1.05	0.95				
	210	1	87.44766248947367	17.937982049122805	0.0	0.0	2	1.05	-10.697960884006372	138.0	23	1.05	0.95				
	211	1	0.0	0.0	0.0	0.0	2	1.005922703743514	-6.739434320375264	230.0	23	1.05	0.95				
	212	1	0.0	0.0	0.0	0.0	2	1.0076843193967997	-5.917529311579811	230.0	23	1.05	0.95				
	213	2	118.83913107543857	24.216275766315785	0.0	0.0	2	1.0008388666140364	-5.483958589107619	230.0	24	1.05	0.95				
	214	2	86.99921293824559	17.489532497894736	0.0	0.0	2	1.007286864849826	-4.301191223509107	230.0	26	1.05	0.95				
	215	2	142.15850773929824	28.700771278596488	0.0	0.0	2	1.0255869156171062	1.9147342829510197	230.0	26	1.05	0.95				
	216	2	44.844955122807015	8.968991024561403	0.0	0.0	2	1.0260911724223862	1.8705530540247401	230.0	26	1.05	0.95				
	217	1	0.0	0.0	0.0	0.0	2	1.0315227123102435	4.033692374789347	230.0	27	1.05	0.95				
	218	2	149.33370055894736	30.49456948350877	0.0	0.0	2	1.032050327739672	4.077583065921912	230.0	27	1.05	0.95				
	219	1	81.16936877228069	16.592633395438593	0.0	0.0	2	1.0249638830107062	1.679264307978704	230.0	25	1.05	0.95				
	220	1	57.401542557192975	11.659688331929823	0.0	0.0	2	1.0270978989585438	2.3892588718796777	230.0	25	1.05	0.95				
	221	2	0.0	0.0	0.0	0.0	2	1.0329725228046707	4.135642529968683	230.0	27	1.05	0.95				
	222	2	0.0	0.0	0.0	0.0	2	1.05	10.5905659961427	230.0	27	1.05	0.95				
	223	2	0.0	0.0	0.0	0.0	2	1.0291084488638569	3.121831382801486	230.0	25	1.05	0.95				
	224	1	0.0	0.0	0.0	0.0	2	1.0104457349130522	-1.8302904292913513	230.0	26	1.05	0.95				
	301	2	38.28345461052632	7.798481494736842	0.0	0.0	3	1.013996945509782	-7.074171897050856	138.0	31	1.05	0.95				
	302	2	34.38421386315789	7.089528631578948	0.0	0.0	3	1.0138697915728034	-7.291978575259856	138.0	32	1.05	0.95				
	303	1	63.805757684210526	13.115627968421053	0.0	0.0	3	1.0367979676028685	1.2352921323629498	138.0	31	1.05	0.95				
	304	1	26.231255936842107	5.31714647368421	0.0	0.0	3	1.013928626111987	-6.449324042741145	138.0	31	1.05	0.95				
	305	1	25.16782664210526	4.962670042105264	0.0	0.0	3	1.0278226515220361	-7.455364864679694	138.0	31	1.05	0.95				
	306	1	48.208794694736845	9.925340084210529	0.0	-100.0	3	1.0440082311680428	-8.123397281529458	138.0	32	1.05	0.95				
	307	2	44.30955394736842	8.861910789473685	0.0	0.0	3	0.9916927456538845	-11.698052706504166	138.0	32	1.05	0.95				
	308	1	60.6154698	12.406675105263156	0.0	0.0	3	1.0012124820124169	-10.16838249052093	138.0	32	1.05	0.95				
	309	1	62.033375526315794	12.761151536842105	0.0	0.0	3	1.0239599457122492	-4.291853794821697	138.0	33	1.05	0.95				
	310	1	69.12290415789474	14.179057263157896	0.0	0.0	3	1.05	-6.693008214522715	138.0	33	1.05	0.95				
	311	1	0.0	0.0	0.0	0.0	3	1.0021164582597326	-2.775223959731325	230.0	33	1.05	0.95				
	312	1	0.0	0.0	0.0	0.0	3	1.008386490959392	-2.18696755221368	230.0	33	1.05	0.95				
	313	2	93.93625436842105	19.14172730526316	0.0	0.0	3	1.004775116675604	0.26354875360766356	230.0	34	1.05	0.95				
	314	2	68.76842772631578	13.824580831578947	0.0	0.0	3	0.991131820419264	-2.5713169058297978	230.0	36	1.05	0.95				
	315	2	112.3690288105263	22.68649162105263	0.0	0.0	3	1.0165144684853777	-0.29507144840888283	230.0	36	1.05	0.95				
	316	2	35.44764315789474	7.089528631578948	0.0	0.0	3	1.0129910538815952	-0.1607692770982892	230.0	36	1.05	0.95				
	317	1	0.0	0.0	0.0	0.0	3	1.0196946947284486	0.7497324412775448	230.0	37	1.05	0.95				
	318	2	118.04065171578948	24.104397347368423	0.0	0.0	3	1.019513244451788	0.49876161779297173	230.0	37	1.05	0.95				
	319	1	64.16023411578948	13.115627968421053	0.0	0.0	3	1.0095514128584921	-0.3529237621149568	230.0	35	1.05	0.95				
	320	1	45.37298324210526	9.216387221052633	0.0	0.0	3	1.0086463833332833	0.19747079900301454	230.0	35	1.05	0.95				
	321	2	0.0	0.0	0.0	0.0	3	1.020490905214653	0.7790830398053785	230.0	37	1.05	0.95				
	322	2	0.0	0.0	0.0	0.0	3	1.033713243193322	5.211894917449171	230.0	37	1.05	0.95				
	323	2	0.0	0.0	0.0	0.0	3	1.0085349967729438	0.7856380678186877	230.0	35	1.05	0.95				
	324	1	0.0	0.0	0.0	0.0	3	1.0208354985783978	0.2780662586100719	230.0	36	1.05	0.95				
	325	1	0.0	0.0	0.0	0.0	3	1.009565059045929	1.5851687707922077	230.0	35	1.05	0.95				
];
