%% MATPOWER Case Format : Version 2
function mpc = RTS_GMLC
mpc.version = '2';

%%-----  Power Flow Data  -----%%
%% system MVA base
mpc.baseMVA = 100.0;
%% bus data
%    bus_i    type    Pd    Qd    Gs    Bs    area    Vm    Va    baseKV    zone    Vmax    Vmin
mpc.bus = [
	101	2	33.89361702063158	6.904255319017545	0.0	0.0	1	1.034047950715966	4.528992805217411	138.0	11	1.05	0.95				
	102	2	30.44148936112281	6.276595744561404	0.0	0.0	1	1.0331574267993764	4.284154279014074	138.0	12	1.05	0.95				
	103	1	56.489361701052644	11.611702127438598	0.0	0.0	1	1.031714859256624	2.1674460618153373	138.0	11	1.05	0.95				
	104	1	23.223404254877195	4.707446808421053	0.0	0.0	1	1.0232489829496323	1.0086326147211442	138.0	11	1.05	0.95				
	105	1	22.281914893192983	4.393617021192983	0.0	0.0	1	1.037522703062741	1.319899081073979	138.0	11	1.05	0.95				
	106	1	42.68085106301755	8.787234042385967	0.0	-100.0	1	1.0485226083932182	-0.8572115755418851	138.0	12	1.05	0.95				
	107	2	39.22872340350877	7.845744680701755	0.0	0.0	1	1.0007770374382836	-6.193955564247031	138.0	12	1.05	0.95				
	108	1	53.664893616	10.984042552982457	0.0	0.0	1	1.0081740812581723	-4.824837018332552	138.0	12	1.05	0.95				
	109	1	54.92021276491228	11.297872340210526	0.0	0.0	1	1.0244492975898245	-0.396543308961605	138.0	13	1.05	0.95				
	110	1	61.19680850947369	12.553191489122808	0.0	0.0	1	1.05	-0.9448427398325856	138.0	13	1.05	0.95				
	111	1	0.0	0.0	0.0	0.0	1	1.0002968987600438	0.6693321154963112	230.0	13	1.05	0.95				
	112	1	0.0	0.0	0.0	0.0	1	1.0046629925526118	0.5351540713343187	230.0	13	1.05	0.95				
	113	3	83.1648936154386	16.94680851031579	0.0	0.0	1	0.9862766785061174	-1.2356406155419129e-29	230.0	14	1.05	0.95				
	114	2	60.88297872224562	12.239361701894738	0.0	0.0	1	0.9975266013036596	2.7271931526802704	230.0	16	1.05	0.95				
	115	2	99.48404255129824	20.085106382596493	0.0	0.0	1	1.0363161726915184	7.752217926000458	230.0	16	1.05	0.95				
	116	2	31.38297872280702	6.276595744561404	0.0	0.0	1	1.0310919823087368	7.370447469847983	230.0	16	1.05	0.95				
	117	1	0.0	0.0	0.0	0.0	1	1.0406244210949906	9.789727815534985	230.0	17	1.05	0.95				
	118	2	104.50531914694739	21.340425531508775	0.0	0.0	1	1.0451382431705065	9.816388647509049	230.0	17	1.05	0.95				
	119	1	56.80319148828071	11.611702127438598	0.0	0.0	1	1.0217037388097294	5.701012973342837	230.0	15	1.05	0.95				
	120	1	40.170212765192986	8.159574467929826	0.0	0.0	1	1.0156431664095613	4.852846218193221	230.0	15	1.05	0.95				
	121	2	0.0	0.0	0.0	0.0	1	1.0496621284964784	10.564304269836407	230.0	17	1.05	0.95				
	122	2	0.0	0.0	0.0	0.0	1	1.05	19.30928002415865	230.0	17	1.05	0.95				
	123	2	0.0	0.0	0.0	0.0	1	1.0123169623995858	4.634003380172269	230.0	15	1.05	0.95				
	124	1	0.0	0.0	0.0	0.0	1	1.026745684325264	5.65456299077137	230.0	16	1.05	0.95				
	201	2	34.84967731957895	7.099008342877193	0.0	0.0	2	1.0161998777807628	-8.975995059631636	138.0	21	1.05	0.95				
	202	2	31.300173148140352	6.453643948070176	0.0	0.0	2	1.0156412498246872	-9.158885914858708	138.0	22	1.05	0.95				
	203	1	58.08279553263158	11.939241303929824	0.0	0.0	2	1.01587898936231	-6.475087093800086	138.0	21	1.05	0.95				
	204	1	23.87848260785965	4.840232961052632	0.0	0.0	2	1.014715790101965	-9.439590499042877	138.0	21	1.05	0.95				
	205	1	22.910436015649122	4.5175507636491234	0.0	0.0	2	1.0294003726518952	-9.74367164469228	138.0	21	1.05	0.95				
	206	1	43.8847788468772	9.035101527298247	0.0	-100.0	2	1.0452678752203244	-10.586344701344727	138.0	22	1.05	0.95				
	207	2	40.3352746754386	8.06705493508772	0.0	0.0	2	0.9967159742144156	-14.528884880872326	138.0	22	1.05	0.95				
	208	1	55.178655756000005	11.293876909122806	0.0	0.0	2	1.0050145970523636	-13.144310285998504	138.0	22	1.05	0.95				
	209	1	56.469384545614034	11.616559106526315	0.0	0.0	2	1.0222068065106287	-8.320725931725468	138.0	23	1.05	0.95				
	210	1	62.92302849368421	12.907287896140351	0.0	0.0	2	1.05	-9.47109073170754	138.0	23	1.05	0.95				
	211	1	0.0	0.0	0.0	0.0	2	1.0006027259794785	-6.038682044234117	230.0	23	1.05	0.95				
	212	1	0.0	0.0	0.0	0.0	2	1.005294936966201	-5.6047238368836965	230.0	23	1.05	0.95				
	213	2	85.51078231192982	17.424838659789476	0.0	0.0	2	0.9931997651416774	-5.124814261307805	230.0	24	1.05	0.95				
	214	2	62.600346296280705	12.584605698736842	0.0	0.0	2	0.9973321114360872	-3.8207345688640384	230.0	26	1.05	0.95				
	215	2	102.29025657691228	20.651660633824562	0.0	0.0	2	1.0146696527638608	1.4455356528983936	230.0	26	1.05	0.95				
	216	2	32.26821974035088	6.453643948070176	0.0	0.0	2	1.0159577305758596	1.2423604745152232	230.0	26	1.05	0.95				
	217	1	0.0	0.0	0.0	0.0	2	1.0210524711242595	2.8626333598150953	230.0	27	1.05	0.95				
	218	2	107.45317173536844	21.9423894234386	0.0	0.0	2	1.0205463517059654	2.5201750357092223	230.0	27	1.05	0.95				
	219	1	58.405477730035095	11.939241303929824	0.0	0.0	2	1.0169097148681991	0.707511241046606	230.0	25	1.05	0.95				
	220	1	41.303321267649125	8.389737132491229	0.0	0.0	2	1.0194222450208301	0.8890684118336486	230.0	25	1.05	0.95				
	221	2	0.0	0.0	0.0	0.0	2	1.0222133182523225	2.96799111265106	230.0	27	1.05	0.95				
	222	2	0.0	0.0	0.0	0.0	2	1.0442896023045698	9.489086920996856	230.0	27	1.05	0.95				
	223	2	0.0	0.0	0.0	0.0	2	1.0209145615947548	1.2420719840843837	230.0	25	1.05	0.95				
	224	1	0.0	0.0	0.0	0.0	2	1.0052391597505828	-1.5548999604402147	230.0	26	1.05	0.95				
	301	2	41.7855109263158	8.511863336842106	0.0	0.0	3	1.0087511873509691	-20.96984826582815	138.0	31	1.05	0.95				
	302	2	37.52957925789474	7.7380575789473705	0.0	0.0	3	1.00875072392832	-21.0512168986591	138.0	32	1.05	0.95				
	303	1	69.64251821052633	14.315406521052635	0.0	0.0	3	1.0195285862189407	-16.67034534168747	138.0	31	1.05	0.95				
	304	1	28.63081304210527	5.803543184210526	0.0	0.0	3	1.01138655026683	-19.675634322137967	138.0	31	1.05	0.95				
	305	1	27.470104405263157	5.416640305263159	0.0	0.0	3	1.0244267775931593	-20.365369556294063	138.0	31	1.05	0.95				
	306	1	52.61879153684211	10.833280610526318	0.0	-100.0	3	1.0418341588548035	-20.502410711177692	138.0	32	1.05	0.95				
	307	2	48.36285986842106	9.672571973684212	0.0	0.0	3	0.9931993779706494	-24.577613337041992	138.0	32	1.05	0.95				
	308	1	66.1603923	13.541600763157897	0.0	0.0	3	1.0011570264694813	-22.873305216243004	138.0	32	1.05	0.95				
	309	1	67.70800381578948	13.928503642105264	0.0	0.0	3	1.0252800369461987	-16.960487718450967	138.0	33	1.05	0.95				
	310	1	75.44606139473686	15.476115157894741	0.0	0.0	3	1.05	-18.51407918594884	138.0	33	1.05	0.95				
	311	1	0.0	0.0	0.0	0.0	3	1.0042589584080914	-13.389817209281574	230.0	33	1.05	0.95				
	312	1	0.0	0.0	0.0	0.0	3	1.0099304840449415	-12.636348785850581	230.0	33	1.05	0.95				
	313	2	102.52926292105265	20.8927554631579	0.0	0.0	3	1.0085553768878646	-9.689134961850776	230.0	34	1.05	0.95				
	314	2	75.05915851578948	15.08921227894737	0.0	0.0	3	0.9986173025331382	-12.148004221320758	230.0	36	1.05	0.95				
	315	2	122.6482126263158	24.761784252631582	0.0	0.0	3	1.0218656160795498	-8.876003569437735	230.0	36	1.05	0.95				
	316	2	38.69028789473685	7.7380575789473705	0.0	0.0	3	1.0217518344828862	-8.085431854162639	230.0	36	1.05	0.95				
	317	1	0.0	0.0	0.0	0.0	3	1.026589692785304	-6.7298245310544145	230.0	37	1.05	0.95				
	318	2	128.8386586894737	26.309395768421055	0.0	0.0	3	1.0253790034065822	-6.81443580894077	230.0	37	1.05	0.95				
	319	1	70.0294210894737	14.315406521052635	0.0	0.0	3	1.0213441311346951	-8.108621073417558	230.0	35	1.05	0.95				
	320	1	49.523568505263164	10.059474852631581	0.0	0.0	3	1.0233994701391484	-7.365331714747169	230.0	35	1.05	0.95				
	321	2	0.0	0.0	0.0	0.0	3	1.0264208815487492	-6.967544391642034	230.0	37	1.05	0.95				
	322	2	0.0	0.0	0.0	0.0	3	1.0398466097975216	-2.4822573476720726	230.0	37	1.05	0.95				
	323	2	0.0	0.0	0.0	0.0	3	1.0250934148005881	-6.657829011348162	230.0	35	1.05	0.95				
	324	1	0.0	0.0	0.0	0.0	3	1.0111638977115542	-11.81690426094441	230.0	36	1.05	0.95				
	325	1	0.0	0.0	0.0	0.0	3	1.0214403374536638	-5.207528425629428	230.0	35	1.05	0.95				
];
