%% MATPOWER Case Format : Version 2
function mpc = RTS_GMLC
mpc.version = '2';

%%-----  Power Flow Data  -----%%
%% system MVA base
mpc.baseMVA = 100.0;
%% bus data
%    bus_i    type    Pd    Qd    Gs    Bs    area    Vm    Va    baseKV    zone    Vmax    Vmin
mpc.bus = [
	101	2	37.51410193010526	7.6417615042807014	0.0	0.0	1	1.00852743563374	-1.6168167040712005	138.0	11	1.05	0.95				
	102	2	33.69322117796491	6.9470559129824565	0.0	0.0	1	1.0067199600133288	-2.0923284752652886	138.0	12	1.05	0.95				
	103	1	62.5235032168421	12.852053439017544	0.0	0.0	1	1.026013896007991	2.363025622725418	138.0	11	1.05	0.95				
	104	1	25.704106878035088	5.2102919347368415	0.0	0.0	1	1.011206280354671	-2.847819063022342	138.0	11	1.05	0.95				
	105	1	24.662048491087717	4.86293913908772	0.0	0.0	1	1.02499708177759	-3.182467475437301	138.0	11	1.05	0.95				
	106	1	47.2399802082807	9.72587827817544	0.0	-100.0	1	1.042198702946018	-4.536762943821295	138.0	12	1.05	0.95				
	107	2	43.41909945614035	8.68381989122807	0.0	0.0	1	0.9986390370147114	-10.561104934161907	138.0	12	1.05	0.95				
	108	1	59.397328056	12.157347847719297	0.0	0.0	1	1.0047094409909534	-8.338902123375984	138.0	12	1.05	0.95				
	109	1	60.78673923859649	12.504700643368421	0.0	0.0	1	1.024025808375577	-2.007254962625229	138.0	13	1.05	0.95				
	110	1	67.73379515157895	13.894111825964913	0.0	0.0	1	1.05	-3.616328717169018	138.0	13	1.05	0.95				
	111	1	0.0	0.0	0.0	0.0	1	1.0070046718170869	0.6261302141956214	230.0	13	1.05	0.95				
	112	1	0.0	0.0	0.0	0.0	1	1.0102447372762395	-0.687919762211035	230.0	13	1.05	0.95				
	113	3	92.04849084701753	18.75705096505263	0.0	0.0	1	0.9982395303933695	1.3098116385834012e-29	230.0	14	1.05	0.95				
	114	2	67.38644235592982	13.546759030315789	0.0	0.0	1	1.0136454917299864	4.688661776819583	230.0	16	1.05	0.95				
	115	2	110.11083622077193	22.23057892154386	0.0	0.0	1	1.040388434408406	14.383167361855078	230.0	16	1.05	0.95				
	116	2	34.73527956491228	6.9470559129824565	0.0	0.0	1	1.034051524168677	12.449004828448357	230.0	16	1.05	0.95				
	117	1	0.0	0.0	0.0	0.0	1	1.038955476042949	18.5059306385488	230.0	17	1.05	0.95				
	118	2	115.66848095115789	23.61999010414035	0.0	0.0	1	1.05	19.222301492214307	230.0	17	1.05	0.95				
	119	1	62.87085601249123	12.852053439017544	0.0	0.0	1	1.02442039235698	7.891012036074011	230.0	15	1.05	0.95				
	120	1	44.46115784308772	9.031172686877193	0.0	0.0	1	1.02283046866527	4.572991443827473	230.0	15	1.05	0.95				
	121	2	0.0	0.0	0.0	0.0	1	1.05	20.750274769130343	230.0	17	1.05	0.95				
	122	2	0.0	0.0	0.0	0.0	1	1.05	37.624593000486946	230.0	17	1.05	0.95				
	123	2	0.0	0.0	0.0	0.0	1	1.023085661216842	3.015378656844844	230.0	15	1.05	0.95				
	124	1	0.0	0.0	0.0	0.0	1	1.0199461880899323	9.895168460664838	230.0	16	1.05	0.95				
	201	2	38.89563984000001	7.923185893333335	0.0	0.0	2	1.0120904730766962	-16.901473167019404	138.0	21	1.05	0.95				
	202	2	34.93404689333334	7.202896266666668	0.0	0.0	2	1.0111776581879321	-17.20248901661145	138.0	22	1.05	0.95				
	203	1	64.8260664	13.325358093333334	0.0	0.0	2	1.015481401483193	-12.586641768543625	138.0	21	1.05	0.95				
	204	1	26.650716186666667	5.4021722	0.0	0.0	2	1.0118820673735254	-17.02404656034603	138.0	21	1.05	0.95				
	205	1	25.570281746666666	5.042027386666668	0.0	0.0	2	1.0267771064980047	-17.482301514736708	138.0	21	1.05	0.95				
	206	1	48.97969461333334	10.084054773333335	0.0	-100.0	2	1.0431652675121175	-18.2811410741484	138.0	22	1.05	0.95				
	207	2	45.018101666666674	9.003620333333334	0.0	0.0	2	0.994297514986856	-22.491642937889537	138.0	22	1.05	0.95				
	208	1	61.58476308	12.605068466666665	0.0	0.0	2	1.0021867038328467	-20.91646456455982	138.0	22	1.05	0.95				
	209	1	63.02534233333334	12.965213280000002	0.0	0.0	2	1.0222856629194017	-15.377411472648589	138.0	23	1.05	0.95				
	210	1	70.2282386	14.405792533333337	0.0	0.0	2	1.05	-16.899738555068115	138.0	23	1.05	0.95				
	211	1	0.0	0.0	0.0	0.0	2	1.00428254802592	-12.833625060857521	230.0	23	1.05	0.95				
	212	1	0.0	0.0	0.0	0.0	2	1.0082349528353722	-12.449442790013519	230.0	23	1.05	0.95				
	213	2	95.43837553333334	19.447819920000004	0.0	0.0	2	0.9983888210558589	-11.900695932400968	230.0	24	1.05	0.95				
	214	2	69.86809378666668	14.045647720000002	0.0	0.0	2	1.0048632244997806	-10.219521774331241	230.0	26	1.05	0.95				
	215	2	114.16590582666669	23.049268053333336	0.0	0.0	2	1.0232927038253545	-3.3892107447044495	230.0	26	1.05	0.95				
	216	2	36.014481333333336	7.202896266666668	0.0	0.0	2	1.024238929374553	-4.375033893793522	230.0	26	1.05	0.95				
	217	1	0.0	0.0	0.0	0.0	2	1.028846476655769	-1.8764737401982714	230.0	27	1.05	0.95				
	218	2	119.92822284000002	24.48984730666667	0.0	0.0	2	1.0288219412177817	-2.314324494236012	230.0	27	1.05	0.95				
	219	1	65.18621121333335	13.325358093333334	0.0	0.0	2	1.0253169278934986	-5.197356334376241	230.0	25	1.05	0.95				
	220	1	46.09853610666667	9.363765146666667	0.0	0.0	2	1.0283978919694758	-5.203032864007876	230.0	25	1.05	0.95				
	221	2	0.0	0.0	0.0	0.0	2	1.0302796187547394	-1.8726634284915473	230.0	27	1.05	0.95				
	222	2	0.0	0.0	0.0	0.0	2	1.0499999988203632	4.618017834007109	230.0	27	1.05	0.95				
	223	2	0.0	0.0	0.0	0.0	2	1.030320567710999	-4.92952553974581	230.0	25	1.05	0.95				
	224	1	0.0	0.0	0.0	0.0	2	1.0090113285153735	-6.841394534166316	230.0	26	1.05	0.95				
	301	2	42.98133501473684	8.755457132631578	0.0	0.0	3	1.0115266193560835	5.672434023943238	138.0	31	1.05	0.95				
	302	2	38.60360644842105	7.959506484210527	0.0	0.0	3	1.011295053802822	5.389695549491967	138.0	32	1.05	0.95				
	303	1	71.63555835789474	14.725086995789471	0.0	0.0	3	1.0469612391096967	16.163778381823303	138.0	31	1.05	0.95				
	304	1	29.450173991578943	5.969629863157894	0.0	0.0	3	1.012371070178939	6.2552085365213035	138.0	31	1.05	0.95				
	305	1	28.256248018947367	5.571654538947368	0.0	0.0	3	1.0259569871665855	4.9713017018336805	138.0	31	1.05	0.95				
	306	1	54.12464409263158	11.143309077894736	0.0	-100.0	3	1.0420954800850974	4.084376592134102	138.0	32	1.05	0.95				
	307	2	49.74691552631578	9.949383105263157	0.0	0.0	3	0.9825618463734123	0.08933873818140528	138.0	32	1.05	0.95				
	308	1	68.05378043999998	13.929136347368418	0.0	0.0	3	0.9943711989858967	1.8199573652592616	138.0	32	1.05	0.95				
	309	1	69.6456817368421	14.327111671578946	0.0	0.0	3	1.0249286902251848	8.604779031775017	138.0	33	1.05	0.95				
	310	1	77.60518822105263	15.919012968421054	0.0	0.0	3	1.05	5.554284992549144	138.0	33	1.05	0.95				
	311	1	0.0	0.0	0.0	0.0	3	1.007513250728798	9.796339000130525	230.0	33	1.05	0.95				
	312	1	0.0	0.0	0.0	0.0	3	1.0129215614669795	10.179543344356832	230.0	33	1.05	0.95				
	313	2	105.46346091578947	21.49066750736842	0.0	0.0	3	1.0100022942633022	12.297232943195837	230.0	34	1.05	0.95				
	314	2	77.2072128968421	15.521037644210525	0.0	0.0	3	1.0013608285125182	10.436904346004532	230.0	36	1.05	0.95				
	315	2	126.15817777473683	25.470420749473682	0.0	0.0	3	1.037674531367158	13.693372632825152	230.0	36	1.05	0.95				
	316	2	39.79753242105263	7.959506484210527	0.0	0.0	3	1.0313825749763763	13.666996431449096	230.0	36	1.05	0.95				
	317	1	0.0	0.0	0.0	0.0	3	1.05	17.806966508587546	230.0	37	1.05	0.95				
	318	2	132.52578296210527	27.06232204631579	0.0	0.0	3	1.048830766911287	14.582646275932902	230.0	37	1.05	0.95				
	319	1	72.03353368210526	14.725086995789471	0.0	0.0	3	1.0245043418831685	12.844874011252939	230.0	35	1.05	0.95				
	320	1	50.940841498947364	10.347358429473683	0.0	0.0	3	1.0211187019798527	12.90588585954838	230.0	35	1.05	0.95				
	321	2	0.0	0.0	0.0	0.0	3	1.0457699971083665	14.951786497469326	230.0	37	1.05	0.95				
	322	2	0.0	0.0	0.0	0.0	3	1.05	20.415390373000346	230.0	37	1.05	0.95				
	323	2	0.0	0.0	0.0	0.0	3	1.0196936157146435	13.251725870913953	230.0	35	1.05	0.95				
	324	1	0.0	0.0	0.0	0.0	3	1.0380549969595483	14.63864977811526	230.0	36	1.05	0.95				
	325	1	0.0	0.0	0.0	0.0	3	1.0211026085808725	13.907708660505962	230.0	35	1.05	0.95				
];
