%% MATPOWER Case Format : Version 2
function mpc = RTS_GMLC
mpc.version = '2';

%%-----  Power Flow Data  -----%%
%% system MVA base
mpc.baseMVA = 100.0;
%% bus data
%    bus_i    type    Pd    Qd    Gs    Bs    area    Vm    Va    baseKV    zone    Vmax    Vmin
mpc.bus = [
	101	2	53.47897082526316	10.89386442736842	0.0	0.0	1	1.0331807548813825	1.8674874185734955	138.0	11	1.05	0.95				
	102	2	48.03203861157894	9.903513115789474	0.0	0.0	1	1.032747414270152	1.7279804793281985	138.0	12	1.05	0.95				
	103	1	89.13161804210526	18.321499264210527	0.0	0.0	1	1.0262468161481633	-0.06785420399459934	138.0	11	1.05	0.95				
	104	1	36.64299852842105	7.427634836842105	0.0	0.0	1	1.0202495963939675	-1.4038919303910697	138.0	11	1.05	0.95				
	105	1	35.15747156105263	6.932459181052632	0.0	0.0	1	1.034874686260328	-1.2146210706441236	138.0	11	1.05	0.95				
	106	1	67.34388918736842	13.864918362105264	0.0	-100.0	1	1.0434898166197273	-3.4361270101368384	138.0	12	1.05	0.95				
	107	2	61.896956973684205	12.37939139473684	0.0	0.0	1	1.0221202370926186	-3.572796512015349	138.0	12	1.05	0.95				
	108	1	84.67503713999999	17.331147952631575	0.0	0.0	1	1.0165710710765348	-4.62692014775134	138.0	12	1.05	0.95				
	109	1	86.6557397631579	17.826323608421053	0.0	0.0	1	1.0253164158683106	-1.9606831228293637	138.0	13	1.05	0.95				
	110	1	96.55925287894735	19.80702623157895	0.0	0.0	1	1.05	-2.77764577352214	138.0	13	1.05	0.95				
	111	1	0.0	0.0	0.0	0.0	1	1.0047678926037868	-0.3515867636220197	230.0	13	1.05	0.95				
	112	1	0.0	0.0	0.0	0.0	1	1.0098240799752114	0.255698954890328	230.0	13	1.05	0.95				
	113	3	131.2215487842105	26.73948541263158	0.0	0.0	1	0.9980268650720586	-2.148499796827132e-29	230.0	14	1.05	0.95				
	114	2	96.06407722315788	19.31185057578947	0.0	0.0	1	1.0011076750815473	1.480888697359367	230.0	16	1.05	0.95				
	115	2	156.97068288526316	31.691241970526313	0.0	0.0	1	1.0378276633494683	7.354463804311583	230.0	16	1.05	0.95				
	116	2	49.51756557894736	9.903513115789474	0.0	0.0	1	1.033852035851895	6.9730729201411386	230.0	16	1.05	0.95				
	117	1	0.0	0.0	0.0	0.0	1	1.0410194681467337	8.622238778974918	230.0	17	1.05	0.95				
	118	2	164.8934933778947	33.67194459368421	0.0	0.0	1	1.0430480696375464	8.561603757877174	230.0	17	1.05	0.95				
	119	1	89.62679369789474	18.321499264210527	0.0	0.0	1	1.028186484202569	6.168699064861896	230.0	15	1.05	0.95				
	120	1	63.38248394105263	12.874567050526315	0.0	0.0	1	1.0269622398929688	6.4268527542666	230.0	15	1.05	0.95				
	121	2	0.0	0.0	0.0	0.0	1	1.0471276455902965	9.635598641715013	230.0	17	1.05	0.95				
	122	2	0.0	0.0	0.0	0.0	1	1.05	15.746174479480295	230.0	17	1.05	0.95				
	123	2	0.0	0.0	0.0	0.0	1	1.0272123910586592	6.948866962792338	230.0	15	1.05	0.95				
	124	1	0.0	0.0	0.0	0.0	1	1.0238824411988101	4.583415060434742	230.0	16	1.05	0.95				
	201	2	55.41948685894737	11.289154730526317	0.0	0.0	2	1.032122741497509	-6.967817431826344	138.0	21	1.05	0.95				
	202	2	49.77490949368421	10.262867936842108	0.0	0.0	2	1.0324559024616236	-6.976893414430811	138.0	22	1.05	0.95				
	203	1	92.36581143157896	18.986305683157894	0.0	0.0	2	1.0227689379521496	-5.817446948232008	138.0	21	1.05	0.95				
	204	1	37.97261136631579	7.697150952631579	0.0	0.0	2	1.019146894639516	-9.236263452115292	138.0	21	1.05	0.95				
	205	1	36.43318117578948	7.184007555789475	0.0	0.0	2	1.0344730248050056	-9.449449309001132	138.0	21	1.05	0.95				
	206	1	69.78750197052632	14.36801511157895	0.0	-100.0	2	1.0432710326993737	-11.32638094345406	138.0	22	1.05	0.95				
	207	2	64.14292460526316	12.828584921052633	0.0	0.0	2	0.9892297076726375	-19.054256844235038	138.0	22	1.05	0.95				
	208	1	87.74752086000001	17.960018889473684	0.0	0.0	2	0.9931316511775582	-16.660597763096266	138.0	22	1.05	0.95				
	209	1	89.80009444736842	18.473162286315787	0.0	0.0	2	1.0235507590286155	-8.999382698192225	138.0	23	1.05	0.95				
	210	1	100.06296238421054	20.525735873684216	0.0	0.0	2	1.05	-10.34162509648819	138.0	23	1.05	0.95				
	211	1	0.0	0.0	0.0	0.0	2	1.0095687942993317	-6.18608763964824	230.0	23	1.05	0.95				
	212	1	0.0	0.0	0.0	0.0	2	1.0112464835493098	-5.502537044505238	230.0	23	1.05	0.95				
	213	2	135.9830001631579	27.709743429473686	0.0	0.0	2	1.0056218493944191	-5.192852360171022	230.0	24	1.05	0.95				
	214	2	99.54981898736843	20.01259247684211	0.0	0.0	2	1.0136693214979382	-3.4997702104961865	230.0	26	1.05	0.95				
	215	2	162.66645679894737	32.84117739789474	0.0	0.0	2	1.0308331044841015	3.4488118424669247	230.0	26	1.05	0.95				
	216	2	51.31433968421053	10.262867936842108	0.0	0.0	2	1.0327896554752767	3.4099026045937197	230.0	26	1.05	0.95				
	217	1	0.0	0.0	0.0	0.0	2	1.0375068132426006	6.253689101059961	230.0	27	1.05	0.95				
	218	2	170.87675114842108	34.89375098526316	0.0	0.0	2	1.0392440151909836	6.781503316564673	230.0	27	1.05	0.95				
	219	1	92.87895482842107	18.986305683157894	0.0	0.0	2	1.031752658688461	2.6258478242976544	230.0	25	1.05	0.95				
	220	1	65.68235479578948	13.341728317894738	0.0	0.0	2	1.0347287061538097	2.9324108237837425	230.0	25	1.05	0.95				
	221	2	0.0	0.0	0.0	0.0	2	1.0389211572498014	6.4266231522796335	230.0	27	1.05	0.95				
	222	2	0.0	0.0	0.0	0.0	2	1.05	12.859792604264944	230.0	27	1.05	0.95				
	223	2	0.0	0.0	0.0	0.0	2	1.0373604589643663	3.4853738384799104	230.0	25	1.05	0.95				
	224	1	0.0	0.0	0.0	0.0	2	1.0162950282302274	-0.028614704673549797	230.0	26	1.05	0.95				
	301	2	50.20752925894737	10.22745966385965	0.0	0.0	3	1.0103233781503038	-17.442788539541226	138.0	31	1.05	0.95				
	302	2	45.09379942701754	9.297690603508773	0.0	0.0	3	1.0095594863319726	-17.62478482622138	138.0	32	1.05	0.95				
	303	1	83.67921543157894	17.200727616491225	0.0	0.0	3	1.03369909474973	-9.51524074667241	138.0	31	1.05	0.95				
	304	1	34.40145523298245	6.973267952631579	0.0	0.0	3	1.010752831210317	-16.23263273490936	138.0	31	1.05	0.95				
	305	1	33.00680164245613	6.5083834224561405	0.0	0.0	3	1.0242318541753421	-17.243807833195017	138.0	31	1.05	0.95				
	306	1	63.22429610385964	13.016766844912281	0.0	-100.0	3	1.0397898325171653	-17.679513673913902	138.0	32	1.05	0.95				
	307	2	58.11056627192982	11.622113254385964	0.0	0.0	3	0.9931878747538745	-22.768325414126345	138.0	32	1.05	0.95				
	308	1	79.49525465999999	16.27095855614035	0.0	0.0	3	0.9981431099193943	-20.642428740392365	138.0	32	1.05	0.95				
	309	1	81.35479278070174	16.73584308631579	0.0	0.0	3	1.026521608012873	-13.19122637876189	138.0	33	1.05	0.95				
	310	1	90.65248338421051	18.595381207017546	0.0	0.0	3	1.05	-15.54916757821975	138.0	33	1.05	0.95				
	311	1	0.0	0.0	0.0	0.0	3	1.0102469031434715	-9.676987053464575	230.0	33	1.05	0.95				
	312	1	0.0	0.0	0.0	0.0	3	1.0121545564815235	-9.310149128565577	230.0	33	1.05	0.95				
	313	2	123.19440049649121	25.103764629473684	0.0	0.0	3	1.0116301854514673	-6.43606876723788	230.0	34	1.05	0.95				
	314	2	90.18759885403507	18.130496676842107	0.0	0.0	3	1.0136226605365029	-7.738924203714017	230.0	36	1.05	0.95				
	315	2	147.36839606561404	29.75260993122807	0.0	0.0	3	1.0379519995982387	-2.436775372909964	230.0	36	1.05	0.95				
	316	2	46.488453017543854	9.297690603508773	0.0	0.0	3	1.0362430744292377	-2.2187160430055104	230.0	36	1.05	0.95				
	317	1	0.0	0.0	0.0	0.0	3	1.0407791053023128	-0.5796972062328153	230.0	37	1.05	0.95				
	318	2	154.80654854842103	31.61214805192982	0.0	0.0	3	1.0408486473080778	-0.35029861471661256	230.0	37	1.05	0.95				
	319	1	84.14409996175438	17.200727616491225	0.0	0.0	3	1.0306844185860402	-3.4297082680841675	230.0	35	1.05	0.95				
	320	1	59.50521986245614	12.086997784561403	0.0	0.0	3	1.0293237876338646	-3.5893258133781805	230.0	35	1.05	0.95				
	321	2	0.0	0.0	0.0	0.0	3	1.0436138650254123	0.44985497107644384	230.0	37	1.05	0.95				
	322	2	0.0	0.0	0.0	0.0	3	1.05	4.370147290198244	230.0	37	1.05	0.95				
	323	2	0.0	0.0	0.0	0.0	3	1.0292683939265879	-3.3216221604234573	230.0	35	1.05	0.95				
	324	1	0.0	0.0	0.0	0.0	3	1.027103766690038	-5.100814302151628	230.0	36	1.05	0.95				
	325	1	0.0	0.0	0.0	0.0	3	1.027349123163735	-2.228076876062081	230.0	35	1.05	0.95				
];
