%% MATPOWER Case Format : Version 2
function mpc = RTS_GMLC
mpc.version = '2';

%%-----  Power Flow Data  -----%%
%% system MVA base
mpc.baseMVA = 100.0;
%% bus data
%    bus_i    type    Pd    Qd    Gs    Bs    area    Vm    Va    baseKV    zone    Vmax    Vmin
mpc.bus = [
	101	2	37.059871350315795	7.549233052842105	0.0	0.0	1	0.9893434584793233	-6.053421794518041	138.0	11	1.05	0.95				
	102	2	33.28525482389473	6.862939138947369	0.0	0.0	1	0.9891698094204605	-6.211313645263904	138.0	12	1.05	0.95				
	103	1	61.766452250526314	12.69643740705263	0.0	0.0	1	1.0220454354158104	0.07720330712302075	138.0	11	1.05	0.95				
	104	1	25.39287481410526	5.147204354210526	0.0	0.0	1	1.003912141318456	-5.42902099861424	138.0	11	1.05	0.95				
	105	1	24.363433943263153	4.804057397263159	0.0	0.0	1	1.0153366534902462	-6.187922781366637	138.0	11	1.05	0.95				
	106	1	46.667986144842104	9.608114794526317	0.0	-100.0	1	1.0383007142772511	-6.7058581350065705	138.0	12	1.05	0.95				
	107	2	42.89336961842105	8.57867392368421	0.0	0.0	1	0.9883095473229365	-9.859188771386146	138.0	12	1.05	0.95				
	108	1	58.678129638	12.010143493157893	0.0	0.0	1	1.0002600862866042	-8.563347399420753	138.0	12	1.05	0.95				
	109	1	60.050717465789475	12.353290450105263	0.0	0.0	1	1.0256432881333561	-3.371523245462121	138.0	13	1.05	0.95				
	110	1	66.91365660473684	13.725878277894738	0.0	0.0	1	1.05	-5.19984732887378	138.0	13	1.05	0.95				
	111	1	0.0	0.0	0.0	0.0	1	1.0167942029401906	-0.3113615645184704	230.0	13	1.05	0.95				
	112	1	0.0	0.0	0.0	0.0	1	1.012397950163136	-1.360706009598167	230.0	13	1.05	0.95				
	113	3	90.93394359105262	18.529935675157898	0.0	0.0	1	0.9971415083001035	-5.561954913029244e-30	230.0	14	1.05	0.95				
	114	2	66.57050964778946	13.38273132094737	0.0	0.0	1	1.0431044688738096	3.3302165280125746	230.0	16	1.05	0.95				
	115	2	108.77758535231578	21.961405244631578	0.0	0.0	1	1.0405131378341832	12.335656176413085	230.0	16	1.05	0.95				
	116	2	34.31469569473684	6.862939138947369	0.0	0.0	1	1.0413979119529608	10.701215322485615	230.0	16	1.05	0.95				
	117	1	0.0	0.0	0.0	0.0	1	1.0395686428890802	16.489938370398296	230.0	17	1.05	0.95				
	118	2	114.26793666347368	23.333993072421052	0.0	0.0	1	1.0473035077155146	16.998474129240506	230.0	17	1.05	0.95				
	119	1	62.109599207473686	12.69643740705263	0.0	0.0	1	1.0372838492144139	6.778514089452111	230.0	15	1.05	0.95				
	120	1	43.922810489263156	8.921820880631579	0.0	0.0	1	1.0390768381906723	4.02224523853433	230.0	15	1.05	0.95				
	121	2	0.0	0.0	0.0	0.0	1	1.0395229426961596	18.367561139561627	230.0	17	1.05	0.95				
	122	2	0.0	0.0	0.0	0.0	1	1.05	36.359117447454516	230.0	17	1.05	0.95				
	123	2	0.0	0.0	0.0	0.0	1	1.0407715231530357	2.7686900321414045	230.0	15	1.05	0.95				
	124	1	0.0	0.0	0.0	0.0	1	1.0182223918585274	7.775934082622813	230.0	16	1.05	0.95				
	201	2	37.60365181642105	7.660003147789474	0.0	0.0	2	1.0083783966482955	-13.046537522285929	138.0	21	1.05	0.95				
	202	2	33.77365024252631	6.963639225263157	0.0	0.0	2	1.0072660913127116	-13.314945617198557	138.0	22	1.05	0.95				
	203	1	62.67275302736842	12.88273256673684	0.0	0.0	2	1.0138813998077387	-9.847490234107338	138.0	21	1.05	0.95				
	204	1	25.76546513347368	5.222729418947368	0.0	0.0	2	1.0107443841498145	-13.133410773552189	138.0	21	1.05	0.95				
	205	1	24.720919249684208	4.87454745768421	0.0	0.0	2	1.0250402696223713	-13.489288057528565	138.0	21	1.05	0.95				
	206	1	47.35274673178947	9.74909491536842	0.0	-100.0	2	1.042564418193228	-14.198054518498305	138.0	22	1.05	0.95				
	207	2	43.52274515789473	8.704549031578948	0.0	0.0	2	0.9916237619757226	-18.24842798221169	138.0	22	1.05	0.95				
	208	1	59.539115376	12.186368644210525	0.0	0.0	2	1.001275179175254	-16.750546773252694	138.0	22	1.05	0.95				
	209	1	60.93184322105263	12.534550605473683	0.0	0.0	2	1.0229933547368264	-11.53272037007238	138.0	23	1.05	0.95				
	210	1	67.89548244631578	13.927278450526314	0.0	0.0	2	1.05	-12.803358866841105	138.0	23	1.05	0.95				
	211	1	0.0	0.0	0.0	0.0	2	1.0040085686494797	-8.926317070986991	230.0	23	1.05	0.95				
	212	1	0.0	0.0	0.0	0.0	2	1.010614748276271	-8.168382059759237	230.0	23	1.05	0.95				
	213	2	92.26821973473683	18.801825908210525	0.0	0.0	2	1.0002511652823538	-7.588200478223365	230.0	24	1.05	0.95				
	214	2	67.54730048505262	13.579096489263156	0.0	0.0	2	1.0017555363879782	-6.722042147541023	230.0	26	1.05	0.95				
	215	2	110.37368172042103	22.283645520842104	0.0	0.0	2	1.0245216806252244	-1.0677875485864023	230.0	26	1.05	0.95				
	216	2	34.81819612631579	6.963639225263157	0.0	0.0	2	1.026950902625973	-1.5875898101953931	230.0	26	1.05	0.95				
	217	1	0.0	0.0	0.0	0.0	2	1.0336348014032597	0.2518082327326415	230.0	27	1.05	0.95				
	218	2	115.94459310063156	23.676373365894737	0.0	0.0	2	1.032054663127002	-0.10826358642619063	230.0	27	1.05	0.95				
	219	1	63.02093498863157	12.88273256673684	0.0	0.0	2	1.031922116187781	-1.518743674212672	230.0	25	1.05	0.95				
	220	1	44.56729104168421	9.052730992842104	0.0	0.0	2	1.0381266809840868	-0.786062852678213	230.0	25	1.05	0.95				
	221	2	0.0	0.0	0.0	0.0	2	1.032461491701478	0.3668250534044056	230.0	27	1.05	0.95				
	222	2	0.0	0.0	0.0	0.0	2	1.0499999993863394	6.817117777087671	230.0	27	1.05	0.95				
	223	2	0.0	0.0	0.0	0.0	2	1.0418710765078243	-0.12495201447753299	230.0	25	1.05	0.95				
	224	1	0.0	0.0	0.0	0.0	2	1.0096312726101657	-4.352569394554461	230.0	26	1.05	0.95				
	301	2	40.299272374736844	8.209111039298246	0.0	0.0	3	1.0113160014173872	20.07846500102904	138.0	31	1.05	0.95				
	302	2	36.19471685508772	7.46282821754386	0.0	0.0	3	1.0105388518564211	19.718973597456277	138.0	32	1.05	0.95				
	303	1	67.16545395789474	13.80623220245614	0.0	0.0	3	1.05	34.65567222428629	138.0	31	1.05	0.95				
	304	1	27.61246440491228	5.597121163157895	0.0	0.0	3	1.0081438974786643	20.895958733914085	138.0	31	1.05	0.95				
	305	1	26.4930401722807	5.2239797522807025	0.0	0.0	3	1.0230123706400036	18.213423882588465	138.0	31	1.05	0.95				
	306	1	50.74723187929825	10.447959504561405	0.0	-100.0	3	1.0376051833558928	16.70005077279596	138.0	32	1.05	0.95				
	307	2	46.64267635964913	9.328535271929825	0.0	0.0	3	0.95	14.083152599848082	138.0	32	1.05	0.95				
	308	1	63.80718126	13.059949380701754	0.0	0.0	3	0.9731053782021821	15.616610623478845	138.0	32	1.05	0.95				
	309	1	65.29974690350878	13.433090791578946	0.0	0.0	3	1.0172607632024253	23.421569856453992	138.0	33	1.05	0.95				
	310	1	72.76257512105263	14.92565643508772	0.0	0.0	3	1.0440058025256722	17.557115362293057	138.0	33	1.05	0.95				
	311	1	0.0	0.0	0.0	0.0	3	1.0065511542134125	20.603777398726773	230.0	33	1.05	0.95				
	312	1	0.0	0.0	0.0	0.0	3	1.0115206738307347	20.327365617469056	230.0	33	1.05	0.95				
	313	2	98.88247388245614	20.149636187368422	0.0	0.0	3	1.0053296413369992	20.036225494319417	230.0	34	1.05	0.95				
	314	2	72.38943371017544	14.552515024210527	0.0	0.0	3	1.0037736345939714	21.30437391846288	230.0	36	1.05	0.95				
	315	2	118.28582724807018	23.88105029614035	0.0	0.0	3	1.05	25.08932352125171	230.0	36	1.05	0.95				
	316	2	37.3141410877193	7.46282821754386	0.0	0.0	3	1.037481679454553	24.445614591357995	230.0	36	1.05	0.95				
	317	1	0.0	0.0	0.0	0.0	3	1.05	29.075740032394496	230.0	37	1.05	0.95				
	318	2	124.25608982210528	25.373615939649124	0.0	0.0	3	1.0446092336936326	25.403087871653934	230.0	37	1.05	0.95				
	319	1	67.53859536877194	13.80623220245614	0.0	0.0	3	1.0277037159082016	22.2694207432641	230.0	35	1.05	0.95				
	320	1	47.7621005922807	9.701676682807019	0.0	0.0	3	1.0223801774888563	21.081734136980813	230.0	35	1.05	0.95				
	321	2	0.0	0.0	0.0	0.0	3	1.0475995809883698	25.977872637227343	230.0	37	1.05	0.95				
	322	2	0.0	0.0	0.0	0.0	3	1.05	31.53900569174403	230.0	37	1.05	0.95				
	323	2	0.0	0.0	0.0	0.0	3	1.019753226221696	20.716149309906093	230.0	35	1.05	0.95				
	324	1	0.0	0.0	0.0	0.0	3	1.0469696218154303	28.74518917395909	230.0	36	1.05	0.95				
	325	1	0.0	0.0	0.0	0.0	3	1.0226030886927957	20.52545387324181	230.0	35	1.05	0.95				
];
