%% MATPOWER Case Format : Version 2
function mpc = RTS_GMLC
mpc.version = '2';

%%-----  Power Flow Data  -----%%
%% system MVA base
mpc.baseMVA = 100.0;
%% bus data
%    bus_i    type    Pd    Qd    Gs    Bs    area    Vm    Va    baseKV    zone    Vmax    Vmin
mpc.bus = [
	101	2	80.73280553684212	16.445571498245613	0.0	0.0	1	1.0371135461256586	-1.484731689065602	138.0	11	1.05	0.95				
	102	2	72.5100197877193	14.95051954385965	0.0	0.0	1	1.0370486033707869	-1.547024383556362	138.0	12	1.05	0.95				
	103	1	134.55467589473687	27.65846115614035	0.0	0.0	1	1.020791525539061	-3.052198660475959	138.0	11	1.05	0.95				
	104	1	55.3169223122807	11.212889657894738	0.0	0.0	1	1.0189400419198205	-4.5237180475759535	138.0	11	1.05	0.95				
	105	1	53.07434438070175	10.465363680701756	0.0	0.0	1	1.033545494139956	-4.6090364641272235	138.0	11	1.05	0.95				
	106	1	101.66353289824563	20.930727361403513	0.0	-100.0	1	1.037245941900209	-7.040169697039482	138.0	12	1.05	0.95				
	107	2	93.44074714912281	18.688149429824563	0.0	0.0	1	1.0454762542447378	-1.3995233962146	138.0	12	1.05	0.95				
	108	1	127.82694210000001	26.16340920175439	0.0	0.0	1	1.022598908975846	-5.164834484554424	138.0	12	1.05	0.95				
	109	1	130.81704600877197	26.91093517894737	0.0	0.0	1	1.0268264744627278	-4.22566311501956	138.0	13	1.05	0.95				
	110	1	145.7675655526316	29.9010390877193	0.0	0.0	1	1.05	-5.434778588452825	138.0	13	1.05	0.95				
	111	1	0.0	0.0	0.0	0.0	1	1.014178620414736	-1.6886971420999324	230.0	13	1.05	0.95				
	112	1	0.0	0.0	0.0	0.0	1	1.0165116719554717	-0.5036094257130043	230.0	13	1.05	0.95				
	113	3	198.09438395614038	40.36640276842106	0.0	0.0	1	1.0150592774353986	3.1602277912577666e-32	230.0	14	1.05	0.95				
	114	2	145.0200395754386	29.15351311052632	0.0	0.0	1	1.0157838290685703	0.020491362118340052	230.0	16	1.05	0.95				
	115	2	236.96573477017546	47.84166254035088	0.0	0.0	1	1.0444528312987373	6.97497815124327	230.0	16	1.05	0.95				
	116	2	74.75259771929825	14.95051954385965	0.0	0.0	1	1.042702220200956	6.946831790496823	230.0	16	1.05	0.95				
	117	1	0.0	0.0	0.0	0.0	1	1.0469236112720914	9.463188685122285	230.0	17	1.05	0.95				
	118	2	248.9261504052632	50.83176644912282	0.0	0.0	1	1.0488321503054487	9.817705880481157	230.0	17	1.05	0.95				
	119	1	135.30220187192984	27.65846115614035	0.0	0.0	1	1.037737626324276	6.389270659948832	230.0	15	1.05	0.95				
	120	1	95.68332508070176	19.43567540701755	0.0	0.0	1	1.039981891999938	7.306959179674448	230.0	15	1.05	0.95				
	121	2	0.0	0.0	0.0	0.0	1	1.05	10.251509819095364	230.0	17	1.05	0.95				
	122	2	0.0	0.0	0.0	0.0	1	1.05	17.036566510520338	230.0	17	1.05	0.95				
	123	2	0.0	0.0	0.0	0.0	1	1.0435299171932562	8.360155346345305	230.0	15	1.05	0.95				
	124	1	0.0	0.0	0.0	0.0	1	1.0230294889739826	3.268935805338439	230.0	16	1.05	0.95				
	201	2	69.69935463157894	14.198016684210524	0.0	0.0	2	1.0328787553195722	-4.481677154419203	138.0	21	1.05	0.95				
	202	2	62.60034628947368	12.907287894736841	0.0	0.0	2	1.032955942050046	-4.5352536055143675	138.0	22	1.05	0.95				
	203	1	116.16559105263158	23.878482605263155	0.0	0.0	2	1.0294645285887873	-2.991304805384125	138.0	21	1.05	0.95				
	204	1	47.75696521052631	9.680465921052631	0.0	0.0	2	1.0184795519226113	-6.458336152180304	138.0	21	1.05	0.95				
	205	1	45.82087202631578	9.035101526315788	0.0	0.0	2	1.0331915589512808	-6.719880946394333	138.0	21	1.05	0.95				
	206	1	87.76955768421053	18.070203052631577	0.0	-100.0	2	1.03973916519445	-8.580965734731786	138.0	22	1.05	0.95				
	207	2	80.67054934210526	16.13410986842105	0.0	0.0	2	0.9837965511604643	-18.256279165254053	138.0	22	1.05	0.95				
	208	1	110.3573115	22.58775381578947	0.0	0.0	2	0.984314885436798	-15.128361503847222	138.0	22	1.05	0.95				
	209	1	112.93876907894736	23.233118210526314	0.0	0.0	2	1.0265395254273728	-5.4164834515797295	138.0	23	1.05	0.95				
	210	1	125.84605697368418	25.814575789473682	0.0	0.0	2	1.05	-6.949946456103999	138.0	23	1.05	0.95				
	211	1	0.0	0.0	0.0	0.0	2	1.017275926938703	-1.1521486772384428	230.0	23	1.05	0.95				
	212	1	0.0	0.0	0.0	0.0	2	1.0175464583635354	-0.13593819354070077	230.0	23	1.05	0.95				
	213	2	171.02156460526314	34.84967731578947	0.0	0.0	2	1.0226566248721494	2.1215654436736524	230.0	24	1.05	0.95				
	214	2	125.20069257894735	25.16921139473684	0.0	0.0	2	1.025284718470578	0.9918771581130641	230.0	26	1.05	0.95				
	215	2	204.5805131315789	41.30332126315789	0.0	0.0	2	1.044017681555836	7.681526199398249	230.0	26	1.05	0.95				
	216	2	64.5364394736842	12.907287894736841	0.0	0.0	2	1.045660934539446	7.9141245874504715	230.0	26	1.05	0.95				
	217	1	0.0	0.0	0.0	0.0	2	1.0484147526186998	10.697034414090663	230.0	27	1.05	0.95				
	218	2	214.9063434473684	43.88477884210526	0.0	0.0	2	1.05	11.67843029090554	230.0	27	1.05	0.95				
	219	1	116.81095544736841	23.878482605263155	0.0	0.0	2	1.0432710797337146	7.382408331544629	230.0	25	1.05	0.95				
	220	1	82.60664252631578	16.779474263157894	0.0	0.0	2	1.0465014825341619	8.130218400465788	230.0	25	1.05	0.95				
	221	2	0.0	0.0	0.0	0.0	2	1.05	12.05772406031974	230.0	27	1.05	0.95				
	222	2	0.0	0.0	0.0	0.0	2	1.05	18.03556469023042	230.0	27	1.05	0.95				
	223	2	0.0	0.0	0.0	0.0	2	1.05	9.010090582210937	230.0	25	1.05	0.95				
	224	1	0.0	0.0	0.0	0.0	2	1.025211450717918	3.6990619181007185	230.0	26	1.05	0.95				
	301	2	71.33944952842106	14.53211008912281	0.0	0.0	3	1.0106818681765746	-22.690583276057975	138.0	31	1.05	0.95				
	302	2	64.07339448385966	13.211009171929827	0.0	0.0	3	1.0096158066150245	-22.955944748987086	138.0	32	1.05	0.95				
	303	1	118.89908254736842	24.44036696807018	0.0	0.0	3	1.0189549322907434	-16.24592082110535	138.0	31	1.05	0.95				
	304	1	48.88073393614036	9.90825687894737	0.0	0.0	3	1.00606464973781	-21.36245842006774	138.0	31	1.05	0.95				
	305	1	46.89908256035088	9.247706420350879	0.0	0.0	3	1.021184837309249	-21.87846319327531	138.0	31	1.05	0.95				
	306	1	89.83486236912283	18.495412840701757	0.0	-100.0	3	1.033843596964722	-22.159790205144187	138.0	32	1.05	0.95				
	307	2	82.5688073245614	16.51376146491228	0.0	0.0	3	1.0047606226905494	-24.46312841159673	138.0	32	1.05	0.95				
	308	1	112.95412842000002	23.119266050877194	0.0	0.0	3	1.0005822110693097	-23.783661253482453	138.0	32	1.05	0.95				
	309	1	115.59633025438598	23.779816509473687	0.0	0.0	3	1.0260969961602242	-17.35548185899858	138.0	33	1.05	0.95				
	310	1	128.8073394263158	26.422018343859655	0.0	0.0	3	1.05	-18.947034674062206	138.0	33	1.05	0.95				
	311	1	0.0	0.0	0.0	0.0	3	1.018102752183201	-11.816420933761748	230.0	33	1.05	0.95				
	312	1	0.0	0.0	0.0	0.0	3	1.0178040175034124	-11.445122371914989	230.0	33	1.05	0.95				
	313	2	175.0458715280702	35.66972476421053	0.0	0.0	3	1.0269998095066601	-7.939883643767679	230.0	34	1.05	0.95				
	314	2	128.14678896771932	25.761467885263162	0.0	0.0	3	1.0297894836909667	-8.954772270505769	230.0	36	1.05	0.95				
	315	2	209.39449537508773	42.27522935017545	0.0	0.0	3	1.0470373837991553	-3.8518705892934797	230.0	36	1.05	0.95				
	316	2	66.05504585964913	13.211009171929827	0.0	0.0	3	1.04629706952399	-3.443400393984162	230.0	36	1.05	0.95				
	317	1	0.0	0.0	0.0	0.0	3	1.0486622924335547	-0.8820074787282923	230.0	37	1.05	0.95				
	318	2	219.96330271263162	44.917431184561416	0.0	0.0	3	1.0488807172472396	-0.5669458780946168	230.0	37	1.05	0.95				
	319	1	119.55963300596493	24.44036696807018	0.0	0.0	3	1.0402357591996718	-4.906520600600544	230.0	35	1.05	0.95				
	320	1	84.5504587003509	17.174311923508775	0.0	0.0	3	1.040725325596482	-4.937468724330614	230.0	35	1.05	0.95				
	321	2	0.0	0.0	0.0	0.0	3	1.05	0.048337223223000596	230.0	37	1.05	0.95				
	322	2	0.0	0.0	0.0	0.0	3	1.05	5.4589788507728665	230.0	37	1.05	0.95				
	323	2	0.0	0.0	0.0	0.0	3	1.0421647517532948	-4.626832173991692	230.0	35	1.05	0.95				
	324	1	0.0	0.0	0.0	0.0	3	1.022242090121212	-7.515984383534205	230.0	36	1.05	0.95				
	325	1	0.0	0.0	0.0	0.0	3	1.0384214640304377	-3.3934806645653386	230.0	35	1.05	0.95				
];
