%% MATPOWER Case Format : Version 2
function mpc = RTS_GMLC
mpc.version = '2';

%%-----  Power Flow Data  -----%%
%% system MVA base
mpc.baseMVA = 100.0;
%% bus data
%    bus_i    type    Pd    Qd    Gs    Bs    area    Vm    Va    baseKV    zone    Vmax    Vmin
mpc.bus = [
	101	2	47.70757049684211	9.718208804912281	0.0	0.0	1	1.0364030096360382	2.295501890196406	138.0	11	1.05	0.95				
	102	2	42.84846609438597	8.834735277192983	0.0	0.0	1	1.0359759756823637	2.154966187455915	138.0	12	1.05	0.95				
	103	1	79.51261749473684	16.34426026280702	0.0	0.0	1	1.0293483539621051	0.18538219848071416	138.0	11	1.05	0.95				
	104	1	32.68852052561404	6.626051457894737	0.0	0.0	1	1.0223929535049443	-1.1683627430713572	138.0	11	1.05	0.95				
	105	1	31.36331023403509	6.184314694035089	0.0	0.0	1	1.0370833982699343	-0.9455930398982206	138.0	11	1.05	0.95				
	106	1	60.0761998849123	12.368629388070177	0.0	-100.0	1	1.0456427858826307	-3.215570591846596	138.0	12	1.05	0.95				
	107	2	55.217095482456145	11.04341909649123	0.0	0.0	1	1.0005887963734155	-7.990639935025914	138.0	12	1.05	0.95				
	108	1	75.53698662000001	15.46078673508772	0.0	0.0	1	1.0044106270517397	-7.038495279320283	138.0	12	1.05	0.95				
	109	1	77.30393367543861	15.90252349894737	0.0	0.0	1	1.0249221489546798	-2.108784157177461	138.0	13	1.05	0.95				
	110	1	86.13866895263158	17.669470554385967	0.0	0.0	1	1.05	-2.850627540895026	138.0	13	1.05	0.95				
	111	1	0.0	0.0	0.0	0.0	1	1.0042009229148672	-0.36097442640685323	230.0	13	1.05	0.95				
	112	1	0.0	0.0	0.0	0.0	1	1.0087428172555335	0.07297829644478901	230.0	13	1.05	0.95				
	113	3	117.06024242280702	23.853785248421055	0.0	0.0	1	0.9962477427838613	-1.4229813550926276e-28	230.0	14	1.05	0.95				
	114	2	85.69693218877194	17.22773379052632	0.0	0.0	1	1.001511559462031	1.5668717669593362	230.0	16	1.05	0.95				
	115	2	140.03055414350877	28.271152887017546	0.0	0.0	1	1.0394542747870834	7.240544695463128	230.0	16	1.05	0.95				
	116	2	44.17367638596492	8.834735277192983	0.0	0.0	1	1.0348727482193418	6.8433356876310025	230.0	16	1.05	0.95				
	117	1	0.0	0.0	0.0	0.0	1	1.0423712654804902	8.906203692315447	230.0	17	1.05	0.95				
	118	2	147.0983423652632	30.03809994245615	0.0	0.0	1	1.0457279629357286	8.771688933684226	230.0	17	1.05	0.95				
	119	1	79.95435425859651	16.34426026280702	0.0	0.0	1	1.0279217297949663	5.888924762744486	230.0	15	1.05	0.95				
	120	1	56.54230577403509	11.48515586035088	0.0	0.0	1	1.0250011177645952	5.9126676818265285	230.0	15	1.05	0.95				
	121	2	0.0	0.0	0.0	0.0	1	1.05	9.65776555613687	230.0	17	1.05	0.95				
	122	2	0.0	0.0	0.0	0.0	1	1.05	18.25396675164429	230.0	17	1.05	0.95				
	123	2	0.0	0.0	0.0	0.0	1	1.0240204207156087	6.268008062263157	230.0	15	1.05	0.95				
	124	1	0.0	0.0	0.0	0.0	1	1.026415243353971	4.6032019252086505	230.0	16	1.05	0.95				
	201	2	43.63859592000001	8.889343613333335	0.0	0.0	2	1.0256765024321777	-5.5605637835268595	138.0	21	1.05	0.95				
	202	2	39.19392411333333	8.081221466666667	0.0	0.0	2	1.0265636439568084	-5.366232595735438	138.0	22	1.05	0.95				
	203	1	72.7309932	14.950259713333333	0.0	0.0	2	1.0190933878313944	-5.530621563295431	138.0	21	1.05	0.95				
	204	1	29.900519426666666	6.0609161	0.0	0.0	2	1.018524605748744	-7.239707840290033	138.0	21	1.05	0.95				
	205	1	28.688336206666666	5.656855026666667	0.0	0.0	2	1.032903006863421	-7.428984419654292	138.0	21	1.05	0.95				
	206	1	54.95230597333334	11.313710053333335	0.0	-100.0	2	1.0451838644972227	-8.837296939856715	138.0	22	1.05	0.95				
	207	2	50.50763416666667	10.101526833333335	0.0	0.0	2	0.9906603118563577	-14.748935996411952	138.0	22	1.05	0.95				
	208	1	69.09444354	14.142137566666666	0.0	0.0	2	0.9985742869173807	-12.953147460411294	138.0	22	1.05	0.95				
	209	1	70.71068783333334	14.54619864	0.0	0.0	2	1.0232308722554095	-7.111252697335435	138.0	23	1.05	0.95				
	210	1	78.7919093	16.162442933333335	0.0	0.0	2	1.05	-8.024983854408303	138.0	23	1.05	0.95				
	211	1	0.0	0.0	0.0	0.0	2	1.0037247091102453	-4.562158974608771	230.0	23	1.05	0.95				
	212	1	0.0	0.0	0.0	0.0	2	1.0084119580745867	-4.1110380252011405	230.0	23	1.05	0.95				
	213	2	107.07618443333334	21.819297960000004	0.0	0.0	2	0.9965227602026624	-3.7415196582053496	230.0	24	1.05	0.95				
	214	2	78.38784822666666	15.75838186	0.0	0.0	2	1.0033763457064329	-2.1447716671846764	230.0	26	1.05	0.95				
	215	2	128.08736024666666	25.859908693333335	0.0	0.0	2	1.0269367026039535	3.768678887974387	230.0	26	1.05	0.95				
	216	2	40.40610733333334	8.081221466666667	0.0	0.0	2	1.0277132848904107	3.6610645058583793	230.0	26	1.05	0.95				
	217	1	0.0	0.0	0.0	0.0	2	1.0337155215557496	6.226437311914927	230.0	27	1.05	0.95				
	218	2	134.55233742000001	27.47615298666667	0.0	0.0	2	1.0353420338071821	6.7147135576033445	230.0	27	1.05	0.95				
	219	1	73.13505427333334	14.950259713333333	0.0	0.0	2	1.0275092624101132	2.8204981850012762	230.0	25	1.05	0.95				
	220	1	51.71981738666667	10.505587906666667	0.0	0.0	2	1.029978948330815	2.8787043925603317	230.0	25	1.05	0.95				
	221	2	0.0	0.0	0.0	0.0	2	1.0354056135979288	6.492241296663808	230.0	27	1.05	0.95				
	222	2	0.0	0.0	0.0	0.0	2	1.05	12.885239508381565	230.0	27	1.05	0.95				
	223	2	0.0	0.0	0.0	0.0	2	1.031777753980672	3.2190901930675766	230.0	25	1.05	0.95				
	224	1	0.0	0.0	0.0	0.0	2	1.0124873005736084	0.2781089962736502	230.0	26	1.05	0.95				
	301	2	46.63714013052632	9.500158174736843	0.0	0.0	3	1.0067115306366599	-23.712130249975672	138.0	31	1.05	0.95				
	302	2	41.88706104315789	8.636507431578949	0.0	0.0	3	1.0065164661192838	-23.818528399336735	138.0	32	1.05	0.95				
	303	1	77.72856688421052	15.977538748421052	0.0	0.0	3	1.0225724195246657	-18.52654996124631	138.0	31	1.05	0.95				
	304	1	31.955077496842105	6.4773805736842105	0.0	0.0	3	1.0097577370277835	-22.38345666226461	138.0	31	1.05	0.95				
	305	1	30.65960138210526	6.045555202105263	0.0	0.0	3	1.0227045668106203	-23.078677084946417	138.0	31	1.05	0.95				
	306	1	58.728250534736844	12.091110404210527	0.0	-100.0	3	1.039974130017794	-23.241382179042862	138.0	32	1.05	0.95				
	307	2	53.97817144736842	10.795634289473684	0.0	0.0	3	0.9932856692378663	-27.980453010323203	138.0	32	1.05	0.95				
	308	1	73.84213854	15.113888005263156	0.0	0.0	3	0.99952790274566	-26.034323709494167	138.0	32	1.05	0.95				
	309	1	75.56944002631579	15.545713376842105	0.0	0.0	3	1.0259790711196786	-19.44097644149745	138.0	33	1.05	0.95				
	310	1	84.20594745789474	17.273014863157897	0.0	0.0	3	1.05	-21.055726774691674	138.0	33	1.05	0.95				
	311	1	0.0	0.0	0.0	0.0	3	1.0087122656491745	-15.286498535252687	230.0	33	1.05	0.95				
	312	1	0.0	0.0	0.0	0.0	3	1.011893587328203	-14.664426720505752	230.0	33	1.05	0.95				
	313	2	114.43372346842105	23.31857006526316	0.0	0.0	3	1.0119946404415088	-11.619452288928407	230.0	34	1.05	0.95				
	314	2	83.77412208631578	16.841189491578948	0.0	0.0	3	1.0102520245798219	-13.448531743101254	230.0	36	1.05	0.95				
	315	2	136.88864279052632	27.636823781052634	0.0	0.0	3	1.0344876623777528	-9.115818195884286	230.0	36	1.05	0.95				
	316	2	43.182537157894735	8.636507431578949	0.0	0.0	3	1.0342153766060116	-8.285023129971407	230.0	36	1.05	0.95				
	317	1	0.0	0.0	0.0	0.0	3	1.0389423129677486	-6.711418444604257	230.0	37	1.05	0.95				
	318	2	143.79784873578947	29.364125267368422	0.0	0.0	3	1.038070867489542	-6.668030715017619	230.0	37	1.05	0.95				
	319	1	78.16039225578947	15.977538748421052	0.0	0.0	3	1.0317469754832516	-8.800747808117796	230.0	35	1.05	0.95				
	320	1	55.27364756210527	11.227459661052631	0.0	0.0	3	1.032477839120143	-8.415573333882456	230.0	35	1.05	0.95				
	321	2	0.0	0.0	0.0	0.0	3	1.0391265794108535	-6.834594245502994	230.0	37	1.05	0.95				
	322	2	0.0	0.0	0.0	0.0	3	1.05	-2.4725203638129063	230.0	37	1.05	0.95				
	323	2	0.0	0.0	0.0	0.0	3	1.0335159148555395	-7.875547983920391	230.0	35	1.05	0.95				
	324	1	0.0	0.0	0.0	0.0	3	1.0183007462725195	-12.633831019786584	230.0	36	1.05	0.95				
	325	1	0.0	0.0	0.0	0.0	3	1.0290017739957271	-6.415195890360328	230.0	35	1.05	0.95				
];
