%% MATPOWER Case Format : Version 2
function mpc = RTS_GMLC
mpc.version = '2';

%%-----  Power Flow Data  -----%%
%% system MVA base
mpc.baseMVA = 100.0;
%% bus data
%    bus_i    type    Pd    Qd    Gs    Bs    area    Vm    Va    baseKV    zone    Vmax    Vmin
mpc.bus = [
	101	2	51.060860943157905	10.401286488421054	0.0	0.0	1	1.0340781903224534	1.78328681570332	138.0	11	1.05	0.95				
	102	2	45.860217698947366	9.455714989473684	0.0	0.0	1	1.033652222038762	1.6463023146869564	138.0	12	1.05	0.95				
	103	1	85.10143490526316	17.493072730526315	0.0	0.0	1	1.0277702244345357	-0.3356553792048033	138.0	11	1.05	0.95				
	104	1	34.98614546105263	7.091786242105264	0.0	0.0	1	1.021037702509401	-1.5637157607651626	138.0	11	1.05	0.95				
	105	1	33.56778821263158	6.61900049263158	0.0	0.0	1	1.0355834655593652	-1.3504365201092077	138.0	11	1.05	0.95				
	106	1	64.29886192842106	13.23800098526316	0.0	-100.0	1	1.044296894632239	-3.5828354737260852	138.0	12	1.05	0.95				
	107	2	59.09821868421052	11.819643736842107	0.0	0.0	1	1.009393747754217	-6.299559516586594	138.0	12	1.05	0.95				
	108	1	80.84636316	16.54750123157895	0.0	0.0	1	1.0093582861881447	-6.249655777859402	138.0	12	1.05	0.95				
	109	1	82.73750615789474	17.02028698105263	0.0	0.0	1	1.0253093558694124	-2.2780280297781657	138.0	13	1.05	0.95				
	110	1	92.19322114736842	18.911429978947368	0.0	0.0	1	1.05	-3.03975431771643	138.0	13	1.05	0.95				
	111	1	0.0	0.0	0.0	0.0	1	1.0048253475947304	-0.5277929974491612	230.0	13	1.05	0.95				
	112	1	0.0	0.0	0.0	0.0	1	1.0098200084564162	0.11840530132622537	230.0	13	1.05	0.95				
	113	3	125.28822361052632	25.530430471578953	0.0	0.0	1	0.9982222012885713	8.268891134277412e-30	230.0	14	1.05	0.95				
	114	2	91.72043539789473	18.438644229473685	0.0	0.0	1	1.0013795278482964	1.2644913359874868	230.0	16	1.05	0.95				
	115	2	149.8730825831579	30.258287966315795	0.0	0.0	1	1.0393945659571497	6.73155543113796	230.0	16	1.05	0.95				
	116	2	47.278574947368426	9.455714989473684	0.0	0.0	1	1.035261663584769	6.545289273066644	230.0	16	1.05	0.95				
	117	1	0.0	0.0	0.0	0.0	1	1.0428593418216168	8.155556947058034	230.0	17	1.05	0.95				
	118	2	157.43765457473685	32.14943096421053	0.0	0.0	1	1.0454597609738778	8.02180963830714	230.0	17	1.05	0.95				
	119	1	85.57422065473685	17.493072730526315	0.0	0.0	1	1.029508700441348	5.931682153711971	230.0	15	1.05	0.95				
	120	1	60.51657593263159	12.292429486315791	0.0	0.0	1	1.0278982402632129	6.311594895207006	230.0	15	1.05	0.95				
	121	2	0.0	0.0	0.0	0.0	1	1.05	8.972883719002331	230.0	17	1.05	0.95				
	122	2	0.0	0.0	0.0	0.0	1	1.05	15.67929717767595	230.0	17	1.05	0.95				
	123	2	0.0	0.0	0.0	0.0	1	1.0278569736317433	6.883815654956417	230.0	15	1.05	0.95				
	124	1	0.0	0.0	0.0	0.0	1	1.025773340935737	4.094332134108951	230.0	16	1.05	0.95				
	201	2	52.61451282947369	10.717771131929824	0.0	0.0	2	1.030802325891057	-6.37425782166877	138.0	21	1.05	0.95				
	202	2	47.25562726350878	9.743428301754387	0.0	0.0	2	1.0311982075907906	-6.349733490361123	138.0	22	1.05	0.95				
	203	1	87.69085471578948	18.025342358245616	0.0	0.0	2	1.0207924423272896	-6.019024759641552	138.0	21	1.05	0.95				
	204	1	36.05068471649123	7.30757122631579	0.0	0.0	2	1.0190494919790791	-8.61511780722317	138.0	21	1.05	0.95				
	205	1	34.58917047122807	6.8203998112280715	0.0	0.0	2	1.0341926485339152	-8.756434319569136	138.0	21	1.05	0.95				
	206	1	66.25531245192984	13.640799622456143	0.0	-100.0	2	1.0437466895599452	-10.550208247413105	138.0	22	1.05	0.95				
	207	2	60.896426885964914	12.179285377192983	0.0	0.0	2	0.9889018308616467	-17.903230682661178	138.0	22	1.05	0.95				
	208	1	83.30631198	17.050999528070175	0.0	0.0	2	0.9940942507809669	-15.65561045582005	138.0	22	1.05	0.95				
	209	1	85.25499764035088	17.538170943157898	0.0	0.0	2	1.0234952929301389	-8.484730758602268	138.0	23	1.05	0.95				
	210	1	94.99842594210527	19.486856603508773	0.0	0.0	2	1.05	-9.625232166920707	138.0	23	1.05	0.95				
	211	1	0.0	0.0	0.0	0.0	2	1.0080845436408892	-5.648420772549944	230.0	23	1.05	0.95				
	212	1	0.0	0.0	0.0	0.0	2	1.0108155061666457	-5.0412133594223265	230.0	23	1.05	0.95				
	213	2	129.10042499824561	26.307256414736845	0.0	0.0	2	1.003391452570976	-4.705299468939334	230.0	24	1.05	0.95				
	214	2	94.51125452701756	18.999685188421054	0.0	0.0	2	1.011106769754362	-2.981488144543117	230.0	26	1.05	0.95				
	215	2	154.43333858280704	31.17897056561404	0.0	0.0	2	1.0308700603727101	3.730364061999766	230.0	26	1.05	0.95				
	216	2	48.71714150877193	9.743428301754387	0.0	0.0	2	1.0325706256763747	3.7170486420835336	230.0	26	1.05	0.95				
	217	1	0.0	0.0	0.0	0.0	2	1.0376281091684334	6.532590642221849	230.0	27	1.05	0.95				
	218	2	162.22808122421054	33.12765622596492	0.0	0.0	2	1.0394554616213791	7.106526519857652	230.0	27	1.05	0.95				
	219	1	88.1780261308772	18.025342358245616	0.0	0.0	2	1.0318985825763214	2.868837854770637	230.0	25	1.05	0.95				
	220	1	62.35794113122808	12.666456792280703	0.0	0.0	2	1.0349017273559713	3.0706839856980013	230.0	25	1.05	0.95				
	221	2	0.0	0.0	0.0	0.0	2	1.0390660350817151	6.735105968984658	230.0	27	1.05	0.95				
	222	2	0.0	0.0	0.0	0.0	2	1.05	13.156797545922831	230.0	27	1.05	0.95				
	223	2	0.0	0.0	0.0	0.0	2	1.037399167452865	3.547236182594046	230.0	25	1.05	0.95				
	224	1	0.0	0.0	0.0	0.0	2	1.0150187799029333	0.07835340119673424	230.0	26	1.05	0.95				
	301	2	66.36823791157896	13.519455870877191	0.0	0.0	3	1.015168571627878	-19.799026545284224	138.0	31	1.05	0.95				
	302	2	59.60850997614035	12.290414428070177	0.0	0.0	3	1.0135858952248913	-20.16917798028811	138.0	32	1.05	0.95				
	303	1	110.61372985263158	22.737266691929825	0.0	0.0	3	1.05	-4.454700423769377	138.0	31	1.05	0.95				
	304	1	45.47453338385965	9.217810821052632	0.0	0.0	3	1.008385332613945	-18.473914510818	138.0	31	1.05	0.95				
	305	1	43.630971219649126	8.603290099649124	0.0	0.0	3	1.0247260300275087	-20.47191895577404	138.0	31	1.05	0.95				
	306	1	83.5748181108772	17.206580199298248	0.0	-100.0	3	1.0363543433210418	-21.534153290406245	138.0	32	1.05	0.95				
	307	2	76.8150901754386	15.36301803508772	0.0	0.0	3	0.9889528392790823	-28.378695009328112	138.0	32	1.05	0.95				
	308	1	105.08304336	21.508225249122805	0.0	0.0	3	0.988231035172966	-25.41019201213373	138.0	32	1.05	0.95				
	309	1	107.54112624561402	22.122745970526314	0.0	0.0	3	1.0252973406748866	-14.568697297351763	138.0	33	1.05	0.95				
	310	1	119.8315406736842	24.580828856140354	0.0	0.0	3	1.05	-19.177607164084552	138.0	33	1.05	0.95				
	311	1	0.0	0.0	0.0	0.0	3	1.0202532568336002	-12.442670778343293	230.0	33	1.05	0.95				
	312	1	0.0	0.0	0.0	0.0	3	1.0195436376568847	-12.003196876598277	230.0	33	1.05	0.95				
	313	2	162.84799117192983	33.18411895578948	0.0	0.0	3	1.0247790444331049	-9.574585488776178	230.0	34	1.05	0.95				
	314	2	119.2170199522807	23.966308134736845	0.0	0.0	3	1.0309749863901752	-10.549679063202468	230.0	36	1.05	0.95				
	315	2	194.8030686849123	39.32932616982456	0.0	0.0	3	1.0493210190244564	-4.055723050084975	230.0	36	1.05	0.95				
	316	2	61.45207214035088	12.290414428070177	0.0	0.0	3	1.0483531670410835	-4.1592877561924935	230.0	36	1.05	0.95				
	317	1	0.0	0.0	0.0	0.0	3	1.0497426581858886	-1.8438392565068706	230.0	37	1.05	0.95				
	318	2	204.63540022736845	41.7874090554386	0.0	0.0	3	1.0477532055755656	-1.9298768409620752	230.0	37	1.05	0.95				
	319	1	111.22825057403509	22.737266691929825	0.0	0.0	3	1.0421135133773083	-5.801931919376156	230.0	35	1.05	0.95				
	320	1	78.65865233964912	15.977538756491228	0.0	0.0	3	1.042009270013495	-6.080129183289392	230.0	35	1.05	0.95				
	321	2	0.0	0.0	0.0	0.0	3	1.05	-1.2943118328874235	230.0	37	1.05	0.95				
	322	2	0.0	0.0	0.0	0.0	3	1.05	2.83695874627075	230.0	37	1.05	0.95				
	323	2	0.0	0.0	0.0	0.0	3	1.0432822976273102	-5.778680379592894	230.0	35	1.05	0.95				
	324	1	0.0	0.0	0.0	0.0	3	1.045262296031019	-4.195631107114523	230.0	36	1.05	0.95				
	325	1	0.0	0.0	0.0	0.0	3	1.039512962556452	-4.55728812554228	230.0	35	1.05	0.95				
];
