%% MATPOWER Case Format : Version 2
function mpc = RTS_GMLC
mpc.version = '2';

%%-----  Power Flow Data  -----%%
%% system MVA base
mpc.baseMVA = 100.0;
%% bus data
%    bus_i    type    Pd    Qd    Gs    Bs    area    Vm    Va    baseKV    zone    Vmax    Vmin
mpc.bus = [
	101	2	38.43592279578947	7.82953982877193	0.0	0.0	1	1.0240539225333904	5.040939740555284	138.0	11	1.05	0.95				
	102	2	34.5211528814035	7.117763480701754	0.0	0.0	1	1.0228814576188328	4.7427073045718515	138.0	12	1.05	0.95				
	103	1	64.05987132631579	13.167862439298245	0.0	0.0	1	1.031746371087046	4.361686093557958	138.0	11	1.05	0.95				
	104	1	26.33572487859649	5.3383226105263155	0.0	0.0	1	1.0180650048189135	1.3748204038642846	138.0	11	1.05	0.95				
	105	1	25.26806035649123	4.9824344364912285	0.0	0.0	1	1.0316271806498563	1.5198713485251574	138.0	11	1.05	0.95				
	106	1	48.40079166877193	9.964868872982457	0.0	-100.0	1	1.0446523768999325	-0.8598035822501657	138.0	12	1.05	0.95				
	107	2	44.48602175438596	8.897204350877193	0.0	0.0	1	0.9842466282457469	-7.631846826869834	138.0	12	1.05	0.95				
	108	1	60.856877759999996	12.45608609122807	0.0	0.0	1	0.9966188763986558	-5.650302249819471	138.0	12	1.05	0.95				
	109	1	62.280430456140344	12.811974265263157	0.0	0.0	1	1.0249887743274027	0.09648677893143162	138.0	13	1.05	0.95				
	110	1	69.3981939368421	14.235526961403508	0.0	0.0	1	1.05	-0.8913656082637175	138.0	13	1.05	0.95				
	111	1	0.0	0.0	0.0	0.0	1	1.0123699034694302	1.5914461614490811	230.0	13	1.05	0.95				
	112	1	0.0	0.0	0.0	0.0	1	1.0100842864529918	0.6358720743940749	230.0	13	1.05	0.95				
	113	3	94.31036611929824	19.217961397894737	0.0	0.0	1	0.9865057675634273	2.4567462980066866e-29	230.0	14	1.05	0.95				
	114	2	69.042305762807	13.879638787368421	0.0	0.0	1	1.0345134561926617	4.927660594959231	230.0	16	1.05	0.95				
	115	2	112.81655116912279	22.776843138245614	0.0	0.0	1	1.0443749855617908	13.434371587109018	230.0	16	1.05	0.95				
	116	2	35.58881740350877	7.117763480701754	0.0	0.0	1	1.0429265043735731	11.852572238459425	230.0	16	1.05	0.95				
	117	1	0.0	0.0	0.0	0.0	1	1.0420870716787947	17.283939641888004	230.0	17	1.05	0.95				
	118	2	118.51076195368422	24.200395834385965	0.0	0.0	1	1.05	17.64134509734336	230.0	17	1.05	0.95				
	119	1	64.41575950035087	13.167862439298245	0.0	0.0	1	1.0375555247603188	8.111316478577184	230.0	15	1.05	0.95				
	120	1	45.55368627649123	9.253092524912281	0.0	0.0	1	1.0380497176176906	5.5289166458509	230.0	15	1.05	0.95				
	121	2	0.0	0.0	0.0	0.0	1	1.0425871859255984	18.893951928911857	230.0	17	1.05	0.95				
	122	2	0.0	0.0	0.0	0.0	1	1.05	36.86079591283812	230.0	17	1.05	0.95				
	123	2	0.0	0.0	0.0	0.0	1	1.0389898344303814	4.378356041169978	230.0	15	1.05	0.95				
	124	1	0.0	0.0	0.0	0.0	1	1.0281977638747581	10.045585079292023	230.0	16	1.05	0.95				
	201	2	46.68156776842105	9.509208249122807	0.0	0.0	2	1.0161040895794915	-12.634535411104862	138.0	21	1.05	0.95				
	202	2	41.926963643859644	8.644734771929825	0.0	0.0	2	1.0159377489736323	-12.773260905552318	138.0	22	1.05	0.95				
	203	1	77.80261294736842	15.992759328070175	0.0	0.0	2	1.0106987620725516	-9.225845214369308	138.0	21	1.05	0.95				
	204	1	31.98551865614035	6.483551078947368	0.0	0.0	2	1.0125414894007863	-12.983414710336042	138.0	21	1.05	0.95				
	205	1	30.688808440350872	6.051314340350878	0.0	0.0	2	1.0278190000884202	-13.41172948038959	138.0	21	1.05	0.95				
	206	1	58.7841964491228	12.102628680701756	0.0	-100.0	2	1.0422272064456162	-14.332330898402253	138.0	22	1.05	0.95				
	207	2	54.029592324561406	10.80591846491228	0.0	0.0	2	0.9941265923070488	-19.87669290312436	138.0	22	1.05	0.95				
	208	1	73.9124823	15.128285850877191	0.0	0.0	2	0.9991432850287869	-17.910982288387586	138.0	22	1.05	0.95				
	209	1	75.64142925438595	15.560522589473683	0.0	0.0	2	1.022099975216375	-11.362052558768069	138.0	23	1.05	0.95				
	210	1	84.28616402631577	17.28946954385965	0.0	0.0	2	1.05	-12.8022193017216	138.0	23	1.05	0.95				
	211	1	0.0	0.0	0.0	0.0	2	1.0080680923748844	-8.362779725675992	230.0	23	1.05	0.95				
	212	1	0.0	0.0	0.0	0.0	2	1.0087711578420726	-7.3119565318270645	230.0	23	1.05	0.95				
	213	2	114.54273572807017	23.340783884210524	0.0	0.0	2	1.0052759605219677	-6.741975860846412	230.0	24	1.05	0.95				
	214	2	83.85392728771929	16.85723280526316	0.0	0.0	2	1.0110709132938667	-5.977919646497612	230.0	26	1.05	0.95				
	215	2	137.0190461350877	27.66315127017544	0.0	0.0	2	1.0226751531632012	0.026108819102066902	230.0	26	1.05	0.95				
	216	2	43.22367385964912	8.644734771929825	0.0	0.0	2	1.0262667307454303	0.04256897188683153	230.0	26	1.05	0.95				
	217	1	0.0	0.0	0.0	0.0	2	1.03260695656713	1.5674604190307975	230.0	27	1.05	0.95				
	218	2	143.93483395263158	29.3920982245614	0.0	0.0	2	1.0307159013366776	0.9990779340652016	230.0	27	1.05	0.95				
	219	1	78.23484968596492	15.992759328070175	0.0	0.0	2	1.0270079267495116	0.4308814916556557	230.0	25	1.05	0.95				
	220	1	55.32630254035088	11.238155203508772	0.0	0.0	2	1.0306683947379625	1.6078022384213326	230.0	25	1.05	0.95				
	221	2	0.0	0.0	0.0	0.0	2	1.0311686049849493	1.480240284595503	230.0	27	1.05	0.95				
	222	2	0.0	0.0	0.0	0.0	2	1.05	8.008853761362353	230.0	27	1.05	0.95				
	223	2	0.0	0.0	0.0	0.0	2	1.0336244514001856	2.579846635646813	230.0	25	1.05	0.95				
	224	1	0.0	0.0	0.0	0.0	2	1.0067791513861195	-3.4314853984180065	230.0	26	1.05	0.95				
	301	2	55.69123695157895	11.344511230877192	0.0	0.0	3	1.0104896481276668	-15.62879593617624	138.0	31	1.05	0.95				
	302	2	50.01898133614034	10.313192028070176	0.0	0.0	3	1.0098697991778	-15.768848026332755	138.0	32	1.05	0.95				
	303	1	92.81872825263157	19.079405251929824	0.0	0.0	3	1.0225318162752308	-8.696465341212043	138.0	31	1.05	0.95				
	304	1	38.15881050385965	7.734894021052631	0.0	0.0	3	1.0092580904952952	-14.030471237061832	138.0	31	1.05	0.95				
	305	1	36.611831699649116	7.219234419649123	0.0	0.0	3	1.0233515128995294	-14.921122331533084	138.0	31	1.05	0.95				
	306	1	70.1297057908772	14.438468839298245	0.0	-100.0	3	1.0383143176629268	-15.115132109957718	138.0	32	1.05	0.95				
	307	2	64.4574501754386	12.891490035087719	0.0	0.0	3	0.9946581479836711	-20.97359578132341	138.0	32	1.05	0.95				
	308	1	88.17779184	18.048086049122805	0.0	0.0	3	0.9966697522880016	-18.561068774198773	138.0	32	1.05	0.95				
	309	1	90.24043024561404	18.563745650526315	0.0	0.0	3	1.0260047127597387	-10.499914161400065	138.0	33	1.05	0.95				
	310	1	100.55362227368421	20.626384056140353	0.0	0.0	3	1.05	-12.557090617813444	138.0	33	1.05	0.95				
	311	1	0.0	0.0	0.0	0.0	3	1.0147414356052396	-5.574179865495259	230.0	33	1.05	0.95				
	312	1	0.0	0.0	0.0	0.0	3	1.0124191367437192	-5.301616707407991	230.0	33	1.05	0.95				
	313	2	136.6497943719298	27.845618475789475	0.0	0.0	3	1.0176060312497315	-2.138601459994051	230.0	34	1.05	0.95				
	314	2	100.03796267228068	20.110724454736843	0.0	0.0	3	1.0266714901204417	-2.640055539580891	230.0	36	1.05	0.95				
	315	2	163.46409364491228	33.00221448982456	0.0	0.0	3	1.043774468723498	3.810419877308913	230.0	36	1.05	0.95				
	316	2	51.565960140350874	10.313192028070176	0.0	0.0	3	1.043429383981583	4.619737415274551	230.0	36	1.05	0.95				
	317	1	0.0	0.0	0.0	0.0	3	1.05	10.254726282346319	230.0	37	1.05	0.95				
	318	2	171.71464726736843	35.0648528954386	0.0	0.0	3	1.0427947401142903	7.6510972437092155	230.0	37	1.05	0.95				
	319	1	93.33438785403509	19.079405251929824	0.0	0.0	3	1.0359915410787457	2.9797870186515176	230.0	35	1.05	0.95				
	320	1	66.00442897964912	13.407149636491228	0.0	0.0	3	1.0337788132809516	2.5283770814334376	230.0	35	1.05	0.95				
	321	2	0.0	0.0	0.0	0.0	3	1.04507805221103	7.0067773500720545	230.0	37	1.05	0.95				
	322	2	0.0	0.0	0.0	0.0	3	1.05	12.624043024182845	230.0	37	1.05	0.95				
	323	2	0.0	0.0	0.0	0.0	3	1.033448111138999	2.6695727223639865	230.0	35	1.05	0.95				
	324	1	0.0	0.0	0.0	0.0	3	1.0200616344479543	-0.8303012570442938	230.0	36	1.05	0.95				
	325	1	0.0	0.0	0.0	0.0	3	1.0291130057542646	4.012790910613327	230.0	35	1.05	0.95				
];
