%% MATPOWER Case Format : Version 2
function mpc = RTS_GMLC
mpc.version = '2';

%%-----  Power Flow Data  -----%%
%% system MVA base
mpc.baseMVA = 100.0;
%% bus data
%    bus_i    type    Pd    Qd    Gs    Bs    area    Vm    Va    baseKV    zone    Vmax    Vmin
mpc.bus = [
	101	2	37.67441860421053	7.674418604561405	0.0	0.0	1	1.0353637110407223	2.185665886136288	138.0	11	1.05	0.95				
	102	2	33.837209301929825	6.976744185964913	0.0	0.0	1	1.0332330821777365	1.6355032238079348	138.0	12	1.05	0.95				
	103	1	62.790697673684214	12.906976744035086	0.0	0.0	1	1.0291614543834706	0.4199545445871931	138.0	11	1.05	0.95				
	104	1	25.813953488070172	5.232558139473684	0.0	0.0	1	1.0254387535663254	-0.6240734915754877	138.0	11	1.05	0.95				
	105	1	24.76744186017544	4.883720930175439	0.0	0.0	1	1.0378840884015574	-0.8645429199465888	138.0	11	1.05	0.95				
	106	1	47.44186046456141	9.767441860350878	0.0	-100.0	1	1.047828353623928	-3.057312922774872	138.0	12	1.05	0.95				
	107	2	43.6046511622807	8.72093023245614	0.0	0.0	1	1.0028265834266683	-8.41311762961896	138.0	12	1.05	0.95				
	108	1	59.65116279	12.209302325438596	0.0	0.0	1	1.0080958488425094	-6.971996578110526	138.0	12	1.05	0.95				
	109	1	61.04651162719299	12.558139534736842	0.0	0.0	1	1.0241797863796047	-2.059117503080737	138.0	13	1.05	0.95				
	110	1	68.0232558131579	13.953488371929826	0.0	0.0	1	1.05	-2.8623164657712024	138.0	13	1.05	0.95				
	111	1	0.0	0.0	0.0	0.0	1	0.999827385465355	-0.6385996219209514	230.0	13	1.05	0.95				
	112	1	0.0	0.0	0.0	0.0	1	1.0047087394909675	-0.910380936466516	230.0	13	1.05	0.95				
	113	3	92.44186046403509	18.837209302105265	0.0	0.0	1	0.9899939668635396	-6.992910950746342e-29	230.0	14	1.05	0.95				
	114	2	67.67441860385965	13.604651162631582	0.0	0.0	1	0.9939000656972902	0.7841825124299712	230.0	16	1.05	0.95				
	115	2	110.58139534754386	22.32558139508772	0.0	0.0	1	1.0283881764038834	5.7719906586946585	230.0	16	1.05	0.95				
	116	2	34.88372092982456	6.976744185964913	0.0	0.0	1	1.0235617038599985	4.81010401550566	230.0	16	1.05	0.95				
	117	1	0.0	0.0	0.0	0.0	1	1.0327689142751209	7.864772691129743	230.0	17	1.05	0.95				
	118	2	116.16279069631578	23.720930232280704	0.0	0.0	1	1.0361619013601808	8.371880162684047	230.0	17	1.05	0.95				
	119	1	63.13953488298246	12.906976744035086	0.0	0.0	1	1.014030707505026	2.7758205032491876	230.0	15	1.05	0.95				
	120	1	44.65116279017544	9.069767441754387	0.0	0.0	1	1.008329038885937	1.5465186577278243	230.0	15	1.05	0.95				
	121	2	0.0	0.0	0.0	0.0	1	1.0390198939823032	9.568195010716977	230.0	17	1.05	0.95				
	122	2	0.0	0.0	0.0	0.0	1	1.05	16.257331470213664	230.0	17	1.05	0.95				
	123	2	0.0	0.0	0.0	0.0	1	1.0054307377709748	1.1466460052091398	230.0	15	1.05	0.95				
	124	1	0.0	0.0	0.0	0.0	1	1.0211043319459034	3.748128245976649	230.0	16	1.05	0.95				
	201	2	36.719660004631585	7.47993074168421	0.0	0.0	2	1.017606235069413	-11.496669835950497	138.0	21	1.05	0.95				
	202	2	32.97969463378947	6.799937037894736	0.0	0.0	2	1.016700643787546	-11.760258762805831	138.0	22	1.05	0.95				
	203	1	61.19943334105263	12.579883520105263	0.0	0.0	2	1.0157634902384014	-8.351013618093518	138.0	21	1.05	0.95				
	204	1	25.159767040210525	5.099952778421053	0.0	0.0	2	1.0147217230114096	-11.53305073111917	138.0	21	1.05	0.95				
	205	1	24.139776484526312	4.759955926526316	0.0	0.0	2	1.0298745869067312	-11.880517190396144	138.0	21	1.05	0.95				
	206	1	46.23957185768421	9.519911853052632	0.0	-100.0	2	1.0451146891455383	-12.550026186188587	138.0	22	1.05	0.95				
	207	2	42.4996064868421	8.49992129736842	0.0	0.0	2	1.0001806224178251	-16.558918453835282	138.0	22	1.05	0.95				
	208	1	58.13946167399999	11.899889816315788	0.0	0.0	2	1.00634274728701	-15.068408047133165	138.0	22	1.05	0.95				
	209	1	59.499449081578945	12.239886668210525	0.0	0.0	2	1.0221568722768348	-9.930829399979697	138.0	23	1.05	0.95				
	210	1	66.29938611947368	13.599874075789472	0.0	0.0	2	1.05	-11.169603029379521	138.0	23	1.05	0.95				
	211	1	0.0	0.0	0.0	0.0	2	0.9999095971805575	-7.767440268700958	230.0	23	1.05	0.95				
	212	1	0.0	0.0	0.0	0.0	2	1.0040084309000117	-6.224073354132045	230.0	23	1.05	0.95				
	213	2	90.09916575210526	18.359830002315793	0.0	0.0	2	0.9903054316384268	-6.795268055526785	230.0	24	1.05	0.95				
	214	2	65.95938926757894	13.259877223894737	0.0	0.0	2	0.9976570108516885	-5.668827752825381	230.0	26	1.05	0.95				
	215	2	107.77900205063158	21.759798521263157	0.0	0.0	2	1.0133355828926927	0.1795824151743661	230.0	26	1.05	0.95				
	216	2	33.99968518947368	6.799937037894736	0.0	0.0	2	1.0122086900741305	-0.6126782605466469	230.0	26	1.05	0.95				
	217	1	0.0	0.0	0.0	0.0	2	1.0173696169480808	0.8494788610219517	230.0	27	1.05	0.95				
	218	2	113.21895168094738	23.119785928842106	0.0	0.0	2	1.0173393640887052	0.6642548194238768	230.0	27	1.05	0.95				
	219	1	61.539430192947364	12.579883520105263	0.0	0.0	2	1.0083842842157498	-1.7835976168610825	230.0	25	1.05	0.95				
	220	1	43.519597042526314	8.839918149263157	0.0	0.0	2	1.0072103923774536	-2.1150188316462337	230.0	25	1.05	0.95				
	221	2	0.0	0.0	0.0	0.0	2	1.0195512869468335	1.303581397687803	230.0	27	1.05	0.95				
	222	2	0.0	0.0	0.0	0.0	2	1.041308450770591	7.726118542210152	230.0	27	1.05	0.95				
	223	2	0.0	0.0	0.0	0.0	2	1.006722853318446	-2.0233491495612266	230.0	25	1.05	0.95				
	224	1	0.0	0.0	0.0	0.0	2	1.003733217292669	-3.0564736606784293	230.0	26	1.05	0.95				
	301	2	44.689655178947376	9.103448277192983	0.0	0.0	3	1.0069855983298985	-8.686678770742958	138.0	31	1.05	0.95				
	302	2	40.13793104035088	8.275862070175439	0.0	0.0	3	1.0067917343916493	-8.768564288986122	138.0	32	1.05	0.95				
	303	1	74.48275863157896	15.310344829824562	0.0	0.0	3	1.0174175550851468	-4.844570104824627	138.0	31	1.05	0.95				
	304	1	30.620689659649123	6.206896552631579	0.0	0.0	3	1.0089672760868962	-7.559167875240363	138.0	31	1.05	0.95				
	305	1	29.379310349122807	5.793103449122808	0.0	0.0	3	1.0229589114299613	-7.7328257118140895	138.0	31	1.05	0.95				
	306	1	56.275862077193	11.586206898245615	0.0	-100.0	3	1.0405202425072893	-7.705767624565308	138.0	32	1.05	0.95				
	307	2	51.72413793859649	10.3448275877193	0.0	0.0	3	0.9948040114332638	-12.556722183041657	138.0	32	1.05	0.95				
	308	1	70.75862070000001	14.482758622807019	0.0	0.0	3	1.000629578900772	-10.694931476024545	138.0	32	1.05	0.95				
	309	1	72.4137931140351	14.89655172631579	0.0	0.0	3	1.0234008531480103	-4.862639796133256	138.0	33	1.05	0.95				
	310	1	80.68965518421052	16.551724140350878	0.0	0.0	3	1.05	-5.4485763705104855	138.0	33	1.05	0.95				
	311	1	0.0	0.0	0.0	0.0	3	1.003315591337647	-0.822163085102466	230.0	33	1.05	0.95				
	312	1	0.0	0.0	0.0	0.0	3	1.0085309765018973	-0.26479702681253203	230.0	33	1.05	0.95				
	313	2	109.65517242982456	22.344827589473688	0.0	0.0	3	1.006898693752565	2.9804216655416953	230.0	34	1.05	0.95				
	314	2	80.27586208070176	16.137931036842108	0.0	0.0	3	0.9981800513095291	0.3098012891186785	230.0	36	1.05	0.95				
	315	2	131.1724138122807	26.48275862456141	0.0	0.0	3	1.0133363001117093	-0.31059170320528046	230.0	36	1.05	0.95				
	316	2	41.3793103508772	8.275862070175439	0.0	0.0	3	1.012582333534623	0.3231274533311169	230.0	36	1.05	0.95				
	317	1	0.0	0.0	0.0	0.0	3	1.018058679097762	1.2061758812414423	230.0	37	1.05	0.95				
	318	2	137.79310346842107	28.1379310385965	0.0	0.0	3	1.0155710865613001	0.25429632423871723	230.0	37	1.05	0.95				
	319	1	74.89655173508773	15.310344829824562	0.0	0.0	3	1.0129321056592102	1.6489956217440607	230.0	35	1.05	0.95				
	320	1	52.96551724912282	10.75862069122807	0.0	0.0	3	1.013285132930141	2.343339687521292	230.0	35	1.05	0.95				
	321	2	0.0	0.0	0.0	0.0	3	1.0169780222825817	0.6458100030605434	230.0	37	1.05	0.95				
	322	2	0.0	0.0	0.0	0.0	3	1.0310073798955215	5.334011116825101	230.0	37	1.05	0.95				
	323	2	0.0	0.0	0.0	0.0	3	1.0134230799946913	2.756752671028432	230.0	35	1.05	0.95				
	324	1	0.0	0.0	0.0	0.0	3	1.0102691526423395	-0.4361468938320921	230.0	36	1.05	0.95				
	325	1	0.0	0.0	0.0	0.0	3	1.014688243517439	3.3498781578910837	230.0	35	1.05	0.95				
];
