%% MATPOWER Case Format : Version 2
function mpc = RTS_GMLC
mpc.version = '2';

%%-----  Power Flow Data  -----%%
%% system MVA base
mpc.baseMVA = 100.0;
%% bus data
%    bus_i    type    Pd    Qd    Gs    Bs    area    Vm    Va    baseKV    zone    Vmax    Vmin
mpc.bus = [
	101	2	41.22810488842105	8.39831766245614	0.0	0.0	1	1.0123860570595253	-3.891114697105316	138.0	11	1.05	0.95				
	102	2	37.02894605719298	7.634834238596492	0.0	0.0	1	1.0123405008271897	-4.109891171062755	138.0	12	1.05	0.95				
	103	1	68.71350814736842	14.12444334140351	0.0	0.0	1	1.00147221689502	1.0309514463974898	138.0	11	1.05	0.95				
	104	1	28.24888668280702	5.726125678947367	0.0	0.0	1	1.0031576309540613	-3.976068130935566	138.0	11	1.05	0.95				
	105	1	27.103661547017538	5.344383967017544	0.0	0.0	1	1.0173784864643467	-5.001994231384134	138.0	11	1.05	0.95				
	106	1	51.91687282245614	10.688767934035088	0.0	-100.0	1	1.0282083575288392	-6.095187834359746	138.0	12	1.05	0.95				
	107	2	47.71771399122807	9.543542798245614	0.0	0.0	1	0.9867355994582471	-10.196511417581714	138.0	12	1.05	0.95				
	108	1	65.27783274	13.360959917543857	0.0	0.0	1	0.9889187017389252	-8.782894413595919	138.0	12	1.05	0.95				
	109	1	66.8047995877193	13.742701629473682	0.0	0.0	1	1.002532246935167	-3.01428620774234	138.0	13	1.05	0.95				
	110	1	74.43963382631578	15.269668477192983	0.0	0.0	1	1.0313480731208886	-4.866439683877516	138.0	13	1.05	0.95				
	111	1	0.0	0.0	0.0	0.0	1	0.9816740274811174	-0.39708954128236235	230.0	13	1.05	0.95				
	112	1	0.0	0.0	0.0	0.0	1	0.9831174103576067	-1.3112897283659313	230.0	13	1.05	0.95				
	113	3	101.16155366140349	20.614052444210525	0.0	0.0	1	0.9634749041822983	-4.768518063722986e-30	230.0	14	1.05	0.95				
	114	2	74.05789211438596	14.887926765263156	0.0	0.0	1	0.9903145990743122	2.944021474615141	230.0	16	1.05	0.95				
	115	2	121.01212268175436	24.43146956350877	0.0	0.0	1	0.9904168967085163	11.885053068357443	230.0	16	1.05	0.95				
	116	2	38.174171192982456	7.634834238596492	0.0	0.0	1	0.9888751233768658	10.309960761017004	230.0	16	1.05	0.95				
	117	1	0.0	0.0	0.0	0.0	1	0.9914434314836701	16.039882487064972	230.0	17	1.05	0.95				
	118	2	127.11999007263157	25.95843641122807	0.0	0.0	1	0.9999403421720165	16.57089834668284	230.0	17	1.05	0.95				
	119	1	69.09524985929825	14.12444334140351	0.0	0.0	1	0.988796434458188	6.52634851905309	230.0	15	1.05	0.95				
	120	1	48.86293912701754	9.92528451017544	0.0	0.0	1	0.9938332110071735	3.712627978732577	230.0	15	1.05	0.95				
	121	2	0.0	0.0	0.0	0.0	1	1.000779987341561	17.816608308510748	230.0	17	1.05	0.95				
	122	2	0.0	0.0	0.0	0.0	1	1.0063262816546188	35.24967858255635	230.0	17	1.05	0.95				
	123	2	0.0	0.0	0.0	0.0	1	0.9976188401081642	2.4879967298959422	230.0	15	1.05	0.95				
	124	1	0.0	0.0	0.0	0.0	1	0.9816427756589133	7.73231070432842	230.0	16	1.05	0.95				
	201	2	43.70659529684211	8.903195338245613	0.0	0.0	2	1.010424545560585	-12.438002622418383	138.0	21	1.05	0.95				
	202	2	39.2549976277193	8.093813943859649	0.0	0.0	2	1.0093732937859599	-12.625172087296262	138.0	22	1.05	0.95				
	203	1	72.84432549473684	14.973555796140351	0.0	0.0	2	0.9970925500433576	-9.343954827043033	138.0	21	1.05	0.95				
	204	1	29.947111592280702	6.070360457894736	0.0	0.0	2	1.000732802964351	-11.6890268128843	138.0	21	1.05	0.95				
	205	1	28.73303950070175	5.665669760701754	0.0	0.0	2	1.016957117681038	-12.084597760583904	138.0	21	1.05	0.95				
	206	1	55.03793481824562	11.331339521403509	0.0	-100.0	2	1.0286523876006717	-12.397678696828264	138.0	22	1.05	0.95				
	207	2	50.586337149122805	10.117267429824562	0.0	0.0	2	0.9714776821416041	-17.233799897981847	138.0	22	1.05	0.95				
	208	1	69.20210922	14.164174401754384	0.0	0.0	2	0.979954408702349	-15.370603955265906	138.0	22	1.05	0.95				
	209	1	70.82087200877193	14.568865098947366	0.0	0.0	2	1.0058820804623043	-9.191966041632488	138.0	23	1.05	0.95				
	210	1	78.91468595263159	16.187627887719298	0.0	0.0	2	1.0335099492791162	-10.389504829490022	138.0	23	1.05	0.95				
	211	1	0.0	0.0	0.0	0.0	2	0.9870525280045669	-6.773206648664357	230.0	23	1.05	0.95				
	212	1	0.0	0.0	0.0	0.0	2	0.9886603424321916	-2.6057511011898464	230.0	23	1.05	0.95				
	213	2	107.24303475614035	21.853297648421055	0.0	0.0	2	0.9833336592017596	-4.415897357527026	230.0	24	1.05	0.95				
	214	2	78.5099952554386	15.782937190526317	0.0	0.0	2	0.9836108676905806	-5.677430926455745	230.0	26	1.05	0.95				
	215	2	128.28695101017544	25.900204620350877	0.0	0.0	2	0.9911844145172771	-1.130426537651348	230.0	26	1.05	0.95				
	216	2	40.46906971929825	8.093813943859649	0.0	0.0	2	0.9896317377757334	-1.450609591231126	230.0	26	1.05	0.95				
	217	1	0.0	0.0	0.0	0.0	2	0.9998949301270152	-0.2900077218013136	230.0	27	1.05	0.95				
	218	2	134.76200216526314	27.51896740912281	0.0	0.0	2	1.0008435285261956	-0.8395365109524175	230.0	27	1.05	0.95				
	219	1	73.24901619192983	14.973555796140351	0.0	0.0	2	0.9836478761118577	-0.7277783004234132	230.0	25	1.05	0.95				
	220	1	51.800409240701754	10.521958127017545	0.0	0.0	2	0.9815837251812132	0.7665857804688299	230.0	25	1.05	0.95				
	221	2	0.0	0.0	0.0	0.0	2	1.00317362733803	-0.33915607228139	230.0	27	1.05	0.95				
	222	2	0.0	0.0	0.0	0.0	2	1.0207650013083254	4.590617463227452	230.0	27	1.05	0.95				
	223	2	0.0	0.0	0.0	0.0	2	0.9815700475471465	1.9325313963875916	230.0	25	1.05	0.95				
	224	1	0.0	0.0	0.0	0.0	2	0.9834478173996553	-4.25834117335768	230.0	26	1.05	0.95				
	301	2	63.72034165894737	12.980069597192982	0.0	0.0	3	1.002609956709195	23.919468314228357	138.0	31	1.05	0.95				
	302	2	57.23030686035088	11.800063270175439	0.0	0.0	3	1.0032673700355013	23.541846035876812	138.0	32	1.05	0.95				
	303	1	106.20056943157894	21.83011704982456	0.0	0.0	3	1.015681370664499	39.50788274417415	138.0	31	1.05	0.95				
	304	1	43.66023409964912	8.850047452631578	0.0	0.0	3	0.9925738777219834	25.444513241618235	138.0	31	1.05	0.95				
	305	1	41.890224609122804	8.260044289122808	0.0	0.0	3	1.010404211040925	23.264256069311177	138.0	31	1.05	0.95				
	306	1	80.24043023719298	16.520088578245616	0.0	-100.0	3	1.0215552920597397	22.21580517019593	138.0	32	1.05	0.95				
	307	2	73.7503954385965	14.750079087719298	0.0	0.0	3	0.9651328521455198	18.339750260630893	138.0	32	1.05	0.95				
	308	1	100.89054095999998	20.650110722807018	0.0	0.0	3	0.9743673758565372	21.146027013398083	138.0	32	1.05	0.95				
	309	1	103.25055361403508	21.240113886315786	0.0	0.0	3	1.0047571923655625	29.522019255474017	138.0	33	1.05	0.95				
	310	1	115.05061688421053	23.600126540350878	0.0	0.0	3	1.0334198446364284	24.55358613638946	138.0	33	1.05	0.95				
	311	1	0.0	0.0	0.0	0.0	3	0.9957906459544666	29.380329435848694	230.0	33	1.05	0.95				
	312	1	0.0	0.0	0.0	0.0	3	1.0022812021632295	29.696315272392685	230.0	33	1.05	0.95				
	313	2	156.35083832982454	31.860170829473685	0.0	0.0	3	1.0055602273571642	32.4619884946553	230.0	34	1.05	0.95				
	314	2	114.46061372070176	23.010123376842106	0.0	0.0	3	0.9896210043179716	29.079748968166843	230.0	36	1.05	0.95				
	315	2	187.03100283228068	37.7602024645614	0.0	0.0	3	0.9883918625073748	28.011656120327547	230.0	36	1.05	0.95				
	316	2	59.00031635087719	11.800063270175439	0.0	0.0	3	0.9813065577102464	28.325685820894297	230.0	36	1.05	0.95				
	317	1	0.0	0.0	0.0	0.0	3	0.9943596132293476	30.475819225008003	230.0	37	1.05	0.95				
	318	2	196.47105344842103	40.12021511859649	0.0	0.0	3	0.9879277200451979	26.643417570116974	230.0	37	1.05	0.95				
	319	1	106.79057259508772	21.83011704982456	0.0	0.0	3	0.9903532923982274	28.00969407129561	230.0	35	1.05	0.95				
	320	1	75.5204049291228	15.340082251228072	0.0	0.0	3	1.0005357841418805	27.722484002768486	230.0	35	1.05	0.95				
	321	2	0.0	0.0	0.0	0.0	3	0.9961918911548542	27.569174611724968	230.0	37	1.05	0.95				
	322	2	0.0	0.0	0.0	0.0	3	1.0131151410614865	31.441602484523578	230.0	37	1.05	0.95				
	323	2	0.0	0.0	0.0	0.0	3	1.0063004054100955	27.522428848887756	230.0	35	1.05	0.95				
	324	1	0.0	0.0	0.0	0.0	3	0.9971766447902368	33.77144473752042	230.0	36	1.05	0.95				
