%% MATPOWER Case Format : Version 2
function mpc = RTS_GMLC
mpc.version = '2';

%%-----  Power Flow Data  -----%%
%% system MVA base
mpc.baseMVA = 100.0;
%% bus data
%    bus_i    type    Pd    Qd    Gs    Bs    area    Vm    Va    baseKV    zone    Vmax    Vmin
mpc.bus = [
	101	2	77.80702623157894	15.849579417543858	0.0	0.0	1	1.0323135402636183	-1.8657390778571852	138.0	11	1.05	0.95				
	102	2	69.882236522807	14.408708561403508	0.0	0.0	1	1.0323227206113323	-1.9193974992166805	138.0	12	1.05	0.95				
	103	1	129.67837705263156	26.656110838596486	0.0	0.0	1	1.0207664280379023	-2.525749823294752	138.0	11	1.05	0.95				
	104	1	53.31222167719297	10.80653142105263	0.0	0.0	1	1.016528295997134	-4.773671978751695	138.0	11	1.05	0.95				
	105	1	51.15091539298244	10.086095992982456	0.0	0.0	1	1.031560508785084	-4.794742247427955	138.0	11	1.05	0.95				
	106	1	97.97921821754385	20.17219198596491	0.0	-100.0	1	1.0370020214335132	-7.090452571998006	138.0	12	1.05	0.95				
	107	2	90.05442850877192	18.010885701754383	0.0	0.0	1	1.0480147162363023	-3.034241347980984	138.0	12	1.05	0.95				
	108	1	123.19445819999999	25.215239982456133	0.0	0.0	1	1.025218390621926	-6.018357966964536	138.0	12	1.05	0.95				
	109	1	126.0761999122807	25.93567541052631	0.0	0.0	1	1.0266446234447608	-4.1917028461567645	138.0	13	1.05	0.95				
	110	1	140.4849084736842	28.817417122807015	0.0	0.0	1	1.05	-5.487882898768607	138.0	13	1.05	0.95				
	111	1	0.0	0.0	0.0	0.0	1	1.013120753466129	-1.4670178144171409	230.0	13	1.05	0.95				
	112	1	0.0	0.0	0.0	0.0	1	1.01564036481349	-0.5390131546042057	230.0	13	1.05	0.95				
	113	3	190.91538843859647	38.90351311578947	0.0	0.0	1	1.0133473877941357	2.5948825096143914e-27	230.0	14	1.05	0.95				
	114	2	139.764473045614	28.09698169473684	0.0	0.0	1	1.0151064174259388	0.6755599334871087	230.0	16	1.05	0.95				
	115	2	228.3780306982456	46.10786739649122	0.0	0.0	1	1.0447324623349734	8.314953687778296	230.0	16	1.05	0.95				
	116	2	72.04354280701753	14.408708561403508	0.0	0.0	1	1.0428419785443335	8.029519476525266	230.0	16	1.05	0.95				
	117	1	0.0	0.0	0.0	0.0	1	1.0470172272394103	10.84778185243988	230.0	17	1.05	0.95				
	118	2	239.9049975473684	48.98960910877192	0.0	0.0	1	1.0490568066576753	11.41211187072912	230.0	17	1.05	0.95				
	119	1	130.39881248070176	26.656110838596486	0.0	0.0	1	1.0374968191774088	6.985407434307611	230.0	15	1.05	0.95				
	120	1	92.21573479298245	18.73132112982456	0.0	0.0	1	1.0391735789725192	7.439564808999795	230.0	15	1.05	0.95				
	121	2	0.0	0.0	0.0	0.0	1	1.05	11.99689400011544	230.0	17	1.05	0.95				
	122	2	0.0	0.0	0.0	0.0	1	1.05	18.059797399844264	230.0	17	1.05	0.95				
	123	2	0.0	0.0	0.0	0.0	1	1.0421018226262595	8.220916824734095	230.0	15	1.05	0.95				
	124	1	0.0	0.0	0.0	0.0	1	1.0221913982217707	4.30666531683118	230.0	16	1.05	0.95				
	201	2	81.22524790736843	16.545883832982458	0.0	0.0	2	1.0412989460005782	-9.976832049292604	138.0	21	1.05	0.95				
	202	2	72.95230599087719	15.041712575438599	0.0	0.0	2	1.0412986475056538	-10.124362695572167	138.0	22	1.05	0.95				
	203	1	135.37541317894735	27.827168264561404	0.0	0.0	2	1.027058463984792	-6.874408810061603	138.0	21	1.05	0.95				
	204	1	55.65433652912281	11.281284431578948	0.0	0.0	2	1.0195736917439875	-11.884431279413109	138.0	21	1.05	0.95				
	205	1	53.39807964280702	10.529198802807018	0.0	0.0	2	1.0360343566192864	-12.274060702938058	138.0	21	1.05	0.95				
	206	1	102.28364551298246	21.058397605614037	0.0	-100.0	2	1.0386523438599793	-14.282159772793305	138.0	22	1.05	0.95				
	207	2	94.01070359649123	18.802140719298247	0.0	0.0	2	0.9585067817752377	-25.613480982140082	138.0	22	1.05	0.95				
	208	1	128.60664252	26.322997007017545	0.0	0.0	2	0.9635575337856556	-21.854879895055024	138.0	22	1.05	0.95				
	209	1	131.61498503508773	27.07508263578947	0.0	0.0	2	1.0255448835139653	-10.295184317820683	138.0	23	1.05	0.95				
	210	1	146.65669761052632	30.083425150877197	0.0	0.0	2	1.05	-12.254923240771754	138.0	23	1.05	0.95				
	211	1	0.0	0.0	0.0	0.0	2	1.0281313503000884	-5.375996712088412	230.0	23	1.05	0.95				
	212	1	0.0	0.0	0.0	0.0	2	1.021353740116865	-4.1841113005373725	230.0	23	1.05	0.95				
	213	2	199.3026916245614	40.61262395368421	0.0	0.0	2	1.0408537257088726	-1.7345856188086284	230.0	24	1.05	0.95				
	214	2	145.90461198175439	29.331339522105264	0.0	0.0	2	1.0447383138542572	-2.8670170169689144	230.0	26	1.05	0.95				
	215	2	238.41114432070177	48.13348024140352	0.0	0.0	2	1.0447006135380326	5.383265425905392	230.0	26	1.05	0.95				
	216	2	75.20856287719299	15.041712575438599	0.0	0.0	2	1.0486434195722274	5.316811929268773	230.0	26	1.05	0.95				
	217	1	0.0	0.0	0.0	0.0	2	1.049148902053471	8.444992168848993	230.0	27	1.05	0.95				
	218	2	250.44451438105267	51.14182275649123	0.0	0.0	2	1.05	9.231398514604598	230.0	27	1.05	0.95				
	219	1	136.1274988077193	27.827168264561404	0.0	0.0	2	1.0438948351551962	4.774283263371073	230.0	25	1.05	0.95				
	220	1	96.26696048280704	19.554226348070177	0.0	0.0	2	1.0463414621617142	5.707664673574667	230.0	25	1.05	0.95				
	221	2	0.0	0.0	0.0	0.0	2	1.05	9.669357892732702	230.0	27	1.05	0.95				
	222	2	0.0	0.0	0.0	0.0	2	1.05	15.700833607383297	230.0	27	1.05	0.95				
	223	2	0.0	0.0	0.0	0.0	2	1.05	6.765916957747898	230.0	25	1.05	0.95				
	224	1	0.0	0.0	0.0	0.0	2	1.0226561539462777	0.8199863969833865	230.0	26	1.05	0.95				
	301	2	71.35653274105265	14.53559000280702	0.0	0.0	3	1.0153428604571262	-17.111295775409303	138.0	31	1.05	0.95				
	302	2	64.08873773964913	13.214172729824563	0.0	0.0	3	1.0137683050619912	-17.515890647188865	138.0	32	1.05	0.95				
	303	1	118.92755456842106	24.446219550175442	0.0	0.0	3	1.029181139130113	-9.814350804794751	138.0	31	1.05	0.95				
	304	1	48.892439100350884	9.910629547368421	0.0	0.0	3	1.009312310873611	-16.4004958581071	138.0	31	1.05	0.95				
	305	1	46.9103131908772	9.249920910877195	0.0	0.0	3	1.0240068926240515	-17.206825987085853	138.0	31	1.05	0.95				
	306	1	89.85637456280703	18.49984182175439	0.0	-100.0	3	1.0350136729742963	-18.00486575958075	138.0	32	1.05	0.95				
	307	2	82.58857956140352	16.517715912280703	0.0	0.0	3	1.0055793962795019	-19.969334890246174	138.0	32	1.05	0.95				
	308	1	112.98117684	23.124802277192984	0.0	0.0	3	1.0010702091209098	-19.52113213112027	138.0	32	1.05	0.95				
	309	1	115.62401138596492	23.785510913684213	0.0	0.0	3	1.0278946935642832	-12.789932562946927	138.0	33	1.05	0.95				
	310	1	128.8381841157895	26.428345459649126	0.0	0.0	3	1.05	-15.18664578139321	138.0	33	1.05	0.95				
	311	1	0.0	0.0	0.0	0.0	3	1.019101245082537	-8.330113383371039	230.0	33	1.05	0.95				
	312	1	0.0	0.0	0.0	0.0	3	1.0183227031466182	-7.343749909934415	230.0	33	1.05	0.95				
	313	2	175.08778867017546	35.67826637052632	0.0	0.0	3	1.028037482204209	-4.126153683134448	230.0	34	1.05	0.95				
	314	2	128.17747547929827	25.767636823157897	0.0	0.0	3	1.0283313736857116	-6.404062327091205	230.0	36	1.05	0.95				
	315	2	209.4446377677193	42.2853527354386	0.0	0.0	3	1.047261307187122	0.4271540442645842	230.0	36	1.05	0.95				
	316	2	66.07086364912281	13.214172729824563	0.0	0.0	3	1.046130447679626	0.32522889269259936	230.0	36	1.05	0.95				
	317	1	0.0	0.0	0.0	0.0	3	1.047917987512162	2.4677408589973817	230.0	37	1.05	0.95				
	318	2	220.01597595157895	44.92818728140352	0.0	0.0	3	1.0478785229976966	2.666352828187114	230.0	37	1.05	0.95				
	319	1	119.5882632049123	24.446219550175442	0.0	0.0	3	1.0422520915341322	-0.31375020488760846	230.0	35	1.05	0.95				
	320	1	84.5707054708772	17.178424548771932	0.0	0.0	3	1.044386046897054	0.37127568605597017	230.0	35	1.05	0.95				
	321	2	0.0	0.0	0.0	0.0	3	1.05	3.835891933307641	230.0	37	1.05	0.95				
	322	2	0.0	0.0	0.0	0.0	3	1.05	9.074260745694316	230.0	37	1.05	0.95				
	323	2	0.0	0.0	0.0	0.0	3	1.0473389194218625	1.2308617381545253	230.0	35	1.05	0.95				
	324	1	0.0	0.0	0.0	0.0	3	1.0276306628903664	-3.3803213806440784	230.0	36	1.05	0.95				
	325	1	0.0	0.0	0.0	0.0	3	1.0451530264516695	2.1243076104721332	230.0	35	1.05	0.95				
];
