%% MATPOWER Case Format : Version 2
function mpc = RTS_GMLC
mpc.version = '2';

%%-----  Power Flow Data  -----%%
%% system MVA base
mpc.baseMVA = 100.0;
%% bus data
%    bus_i    type    Pd    Qd    Gs    Bs    area    Vm    Va    baseKV    zone    Vmax    Vmin
mpc.bus = [
	101	2	57.59376544421053	11.73206333122807	0.0	0.0	1	1.035414996653927	2.8091540405667663	138.0	11	1.05	0.95				
	102	2	51.727733778596495	10.665512119298247	0.0	0.0	1	1.0354628863714552	2.778373434432395	138.0	12	1.05	0.95				
	103	1	95.9896090736842	19.731197420701754	0.0	0.0	1	1.0265088104154256	0.5259181940875124	138.0	11	1.05	0.95				
	104	1	39.46239484140351	7.999134089473685	0.0	0.0	1	1.0206897296730126	-0.7664439124882364	138.0	11	1.05	0.95				
	105	1	37.86256802350877	7.465858483508773	0.0	0.0	1	1.03528444408672	-0.586819603081774	138.0	11	1.05	0.95				
	106	1	72.52548241122808	14.931716967017547	0.0	-100.0	1	1.0427988638139634	-2.984716410273507	138.0	12	1.05	0.95				
	107	2	66.65945074561404	13.331890149122808	0.0	0.0	1	1.031858918710328	-1.7255215948583749	138.0	12	1.05	0.95				
	108	1	91.19012862	18.664646208771927	0.0	0.0	1	1.0212489107693983	-3.488468341154873	138.0	12	1.05	0.95				
	109	1	93.32323104385965	19.197921814736844	0.0	0.0	1	1.0256133028703254	-1.5194918902292693	138.0	13	1.05	0.95				
	110	1	103.98874316315789	21.331024238596495	0.0	0.0	1	1.05	-2.35823222914753	138.0	13	1.05	0.95				
	111	1	0.0	0.0	0.0	0.0	1	1.0056904987715172	-0.015961399653594097	230.0	13	1.05	0.95				
	112	1	0.0	0.0	0.0	0.0	1	1.0106724972485448	0.4787111207050289	230.0	13	1.05	0.95				
	113	3	141.31803558070175	28.796882722105266	0.0	0.0	1	0.9986754175262833	-4.853646207719252e-30	230.0	14	1.05	0.95				
	114	2	103.45546755719299	20.79774863263158	0.0	0.0	1	1.002897309091686	2.0059974827658373	230.0	16	1.05	0.95				
	115	2	169.0483670908772	34.12963878175439	0.0	0.0	1	1.040772839495588	8.367195829635653	230.0	16	1.05	0.95				
	116	2	53.32756059649123	10.665512119298247	0.0	0.0	1	1.0369691746995122	7.985972378573697	230.0	16	1.05	0.95				
	117	1	0.0	0.0	0.0	0.0	1	1.0446908659585545	10.37125569387724	230.0	17	1.05	0.95				
	118	2	177.5807767863158	36.26274120561404	0.0	0.0	1	1.0478886451156249	10.746506412229179	230.0	17	1.05	0.95				
	119	1	96.52288467964914	19.731197420701754	0.0	0.0	1	1.0302352161245956	6.768529679844363	230.0	15	1.05	0.95				
	120	1	68.25927756350877	13.865165755087721	0.0	0.0	1	1.028647343323022	6.732924131639244	230.0	15	1.05	0.95				
	121	2	0.0	0.0	0.0	0.0	1	1.05	10.875685348638756	230.0	17	1.05	0.95				
	122	2	0.0	0.0	0.0	0.0	1	1.05	17.18872346981859	230.0	17	1.05	0.95				
	123	2	0.0	0.0	0.0	0.0	1	1.0288108766663533	7.120172099210328	230.0	15	1.05	0.95				
	124	1	0.0	0.0	0.0	0.0	1	1.0253618656514127	5.447002495899486	230.0	16	1.05	0.95				
	201	2	57.71446560000001	11.7566504	0.0	0.0	2	1.0325793700837997	-7.584635770701793	138.0	21	1.05	0.95				
	202	2	51.8361404	10.687864000000001	0.0	0.0	2	1.0327364127958991	-7.655065185447712	138.0	22	1.05	0.95				
	203	1	96.190776	19.7725484	0.0	0.0	2	1.024190405318461	-6.01893868854433	138.0	21	1.05	0.95				
	204	1	39.5450968	8.015898	0.0	0.0	2	1.0188513524702436	-10.091814221052562	138.0	21	1.05	0.95				
	205	1	37.9419172	7.481504800000001	0.0	0.0	2	1.0342851639047836	-10.318585104159549	138.0	21	1.05	0.95				
	206	1	72.6774752	14.963009600000001	0.0	-100.0	2	1.042599078566759	-12.364066528690646	138.0	22	1.05	0.95				
	207	2	66.79915000000001	13.35983	0.0	0.0	2	0.9873374014758176	-20.468487290249506	138.0	22	1.05	0.95				
	208	1	91.3812372	18.703761999999998	0.0	0.0	2	0.991080764951687	-17.96002178878507	138.0	22	1.05	0.95				
	209	1	93.51881	19.2381552	0.0	0.0	2	1.0236358021401852	-9.916182540656763	138.0	23	1.05	0.95				
	210	1	104.206674	21.375728000000002	0.0	0.0	2	1.05	-11.401906185955852	138.0	23	1.05	0.95				
	211	1	0.0	0.0	0.0	0.0	2	1.011032498276842	-7.177254882154314	230.0	23	1.05	0.95				
	212	1	0.0	0.0	0.0	0.0	2	1.0134445951316786	-6.531978829099143	230.0	23	1.05	0.95				
	213	2	141.614198	28.857232800000006	0.0	0.0	2	1.0080587661656852	-6.268450774847233	230.0	24	1.05	0.95				
	214	2	103.6722808	20.8413348	0.0	0.0	2	1.0157357146338961	-4.434255794230651	230.0	26	1.05	0.95				
	215	2	169.40264439999999	34.2011648	0.0	0.0	2	1.0326404211477966	2.8331917701956586	230.0	26	1.05	0.95				
	216	2	53.43932	10.687864000000001	0.0	0.0	2	1.0354564798766388	2.6737638030393502	230.0	26	1.05	0.95				
	217	1	0.0	0.0	0.0	0.0	2	1.0391913798969692	5.6741028240253355	230.0	27	1.05	0.95				
	218	2	177.95293560000002	36.3387376	0.0	0.0	2	1.04077064431484	6.152291583485767	230.0	27	1.05	0.95				
	219	1	96.72516920000001	19.7725484	0.0	0.0	2	1.0357599701224374	1.7031398777988977	230.0	25	1.05	0.95				
	220	1	68.4023296	13.894223199999999	0.0	0.0	2	1.0401650832610703	1.8815256908440339	230.0	25	1.05	0.95				
	221	2	0.0	0.0	0.0	0.0	2	1.0403450953490505	5.803003601237369	230.0	27	1.05	0.95				
	222	2	0.0	0.0	0.0	0.0	2	1.05	12.255017277585432	230.0	27	1.05	0.95				
	223	2	0.0	0.0	0.0	0.0	2	1.0436323287742815	2.3747331249518138	230.0	25	1.05	0.95				
	224	1	0.0	0.0	0.0	0.0	2	1.018404322141932	-0.4868194495872354	230.0	26	1.05	0.95				
	301	2	55.22999051368422	11.250553623157895	0.0	0.0	3	1.0068326927921998	-27.732568847894846	138.0	31	1.05	0.95				
	302	2	49.60471370210527	10.227776021052632	0.0	0.0	3	1.0062916016678798	-27.86405368238215	138.0	32	1.05	0.95				
	303	1	92.0499841894737	18.92138563894737	0.0	0.0	3	1.0224153662140067	-21.192655277972737	138.0	31	1.05	0.95				
	304	1	37.84277127789474	7.670832015789474	0.0	0.0	3	1.0080629535587036	-26.141632460273634	138.0	31	1.05	0.95				
	305	1	36.308604874736844	7.159443214736844	0.0	0.0	3	1.0215240591483878	-26.99277169350049	138.0	31	1.05	0.95				
	306	1	69.54887694315791	14.318886429473688	0.0	-100.0	3	1.0375549942115068	-27.166072813561005	138.0	32	1.05	0.95				
	307	2	63.92360013157895	12.78472002631579	0.0	0.0	3	0.9918074048650491	-32.95734085592086	138.0	32	1.05	0.95				
	308	1	87.44748498	17.898608036842106	0.0	0.0	3	0.9953499998240838	-30.57835726179298	138.0	32	1.05	0.95				
	309	1	89.49304018421054	18.409996837894738	0.0	0.0	3	1.02659047633005	-22.64572328991801	138.0	33	1.05	0.95				
	310	1	99.72081620526316	20.455552042105264	0.0	0.0	3	1.05	-24.610275439446166	138.0	33	1.05	0.95				
	311	1	0.0	0.0	0.0	0.0	3	1.0147834667086677	-17.774650004606038	230.0	33	1.05	0.95				
	312	1	0.0	0.0	0.0	0.0	3	1.0155427003426596	-17.23956888987241	230.0	33	1.05	0.95				
	313	2	135.51803227894737	27.61499525684211	0.0	0.0	3	1.020359166822948	-14.09829534623431	230.0	34	1.05	0.95				
	314	2	99.20942740421054	19.944163241052635	0.0	0.0	3	1.023721336829887	-15.147530232987402	230.0	36	1.05	0.95				
	315	2	162.1102499336842	32.728883267368424	0.0	0.0	3	1.0467396261594288	-8.777137612814736	230.0	36	1.05	0.95				
	316	2	51.13888010526316	10.227776021052632	0.0	0.0	3	1.0460886547506478	-8.402891490282713	230.0	36	1.05	0.95				
	317	1	0.0	0.0	0.0	0.0	3	1.0478515143841909	-6.038707656697463	230.0	37	1.05	0.95				
	318	2	170.29247075052635	34.774438471578954	0.0	0.0	3	1.0481402230595758	-5.603088449887446	230.0	37	1.05	0.95				
	319	1	92.56137299052632	18.92138563894737	0.0	0.0	3	1.0431079178562097	-9.458625077501127	230.0	35	1.05	0.95				
	320	1	65.45776653473685	13.296108827368421	0.0	0.0	3	1.0443655757048096	-9.414044975410748	230.0	35	1.05	0.95				
	321	2	0.0	0.0	0.0	0.0	3	1.05	-5.016712567909809	230.0	37	1.05	0.95				
	322	2	0.0	0.0	0.0	0.0	3	1.05	0.3575607826837322	230.0	37	1.05	0.95				
	323	2	0.0	0.0	0.0	0.0	3	1.0459478540636118	-9.011698911218756	230.0	35	1.05	0.95				
	324	1	0.0	0.0	0.0	0.0	3	1.0219616892107535	-13.370739952709611	230.0	36	1.05	0.95				
	325	1	0.0	0.0	0.0	0.0	3	1.0389339254883139	-7.389961638757959	230.0	35	1.05	0.95				
];

%% generator data
%    bus    Pg    Qg    Qmax    Qmin    Vg    mBase    status    Pmax    Pmin    Pc1    Pc2    Qc1min    Qc1max    Qc2min    Qc2max    ramp_agc    ramp_10    ramp_30    ramp_q    apf
