%% MATPOWER Case Format : Version 2
function mpc = RTS_GMLC
mpc.version = '2';

%%-----  Power Flow Data  -----%%
%% system MVA base
mpc.baseMVA = 100.0;
%% bus data
%    bus_i    type    Pd    Qd    Gs    Bs    area    Vm    Va    baseKV    zone    Vmax    Vmin
mpc.bus = [
	101	2	49.59129145263157	10.101929740350876	0.0	0.0	1	1.0357976320225266	1.5562788215661045	138.0	11	1.05	0.95				
	102	2	44.54032658245614	9.18357249122807	0.0	0.0	1	1.0353810166924604	1.423508839398271	138.0	12	1.05	0.95				
	103	1	82.65215242105263	16.989609108771926	0.0	0.0	1	1.0282674549623712	-0.7293972171175769	138.0	11	1.05	0.95				
	104	1	33.97921821754385	6.887679368421051	0.0	0.0	1	1.0219514139101107	-1.8117637688757253	138.0	11	1.05	0.95				
	105	1	32.60168234385964	6.428500743859648	0.0	0.0	1	1.0366355412971644	-1.5783564139301862	138.0	11	1.05	0.95				
	106	1	62.44829294035088	12.857001487719296	0.0	-100.0	1	1.0450945689637599	-3.8014645240019362	138.0	12	1.05	0.95				
	107	2	57.39732807017543	11.479465614035087	0.0	0.0	1	1.0010898771550951	-8.001247958213277	138.0	12	1.05	0.95				
	108	1	78.51954479999999	16.07125185964912	0.0	0.0	1	1.0044137571952212	-7.309323651676127	138.0	12	1.05	0.95				
	109	1	80.3562592982456	16.530430484210523	0.0	0.0	1	1.0251067026968286	-2.6074205061435043	138.0	13	1.05	0.95				
	110	1	89.53983178947367	18.36714498245614	0.0	0.0	1	1.05	-3.3177643636675564	138.0	13	1.05	0.95				
	111	1	0.0	0.0	0.0	0.0	1	1.0046943498649699	-0.7673044315592509	230.0	13	1.05	0.95				
	112	1	0.0	0.0	0.0	0.0	1	1.0093503805340678	-0.06472813397089908	230.0	13	1.05	0.95				
	113	3	121.68233550877193	24.795645726315787	0.0	0.0	1	0.9979623015446387	3.665866182523013e-27	230.0	14	1.05	0.95				
	114	2	89.08065316491228	17.907966357894736	0.0	0.0	1	1.0014628704571662	0.8806995104705487	230.0	16	1.05	0.95				
	115	2	145.5596239859649	29.38743197192982	0.0	0.0	1	1.0388477051693885	5.981901505829735	230.0	16	1.05	0.95				
	116	2	45.91786245614035	9.18357249122807	0.0	0.0	1	1.0346027244340863	5.883682915998761	230.0	16	1.05	0.95				
	117	1	0.0	0.0	0.0	0.0	1	1.0424290747780456	7.273328460643882	230.0	17	1.05	0.95				
	118	2	152.90648197894737	31.22414647017544	0.0	0.0	1	1.0448170581640839	7.0987062288035	230.0	17	1.05	0.95				
	119	1	83.11133104561402	16.989609108771926	0.0	0.0	1	1.0287516939446242	5.46120056425252	230.0	15	1.05	0.95				
	120	1	58.77486394385964	11.93864423859649	0.0	0.0	1	1.0268808372694749	5.983745038684503	230.0	15	1.05	0.95				
	121	2	0.0	0.0	0.0	0.0	1	1.04935272011307	7.980826711237588	230.0	17	1.05	0.95				
	122	2	0.0	0.0	0.0	0.0	1	1.05	14.213243976744252	230.0	17	1.05	0.95				
	123	2	0.0	0.0	0.0	0.0	1	1.0266763994680315	6.625482899129483	230.0	15	1.05	0.95				
	124	1	0.0	0.0	0.0	0.0	1	1.0259702448339996	3.475652377524385	230.0	16	1.05	0.95				
	201	2	44.33558949473684	9.031323785964911	0.0	0.0	2	1.0274104798809363	-4.290011188161833	138.0	21	1.05	0.95				
	202	2	39.81992760175438	8.210294350877193	0.0	0.0	2	1.0281000979668695	-4.139029403441336	138.0	22	1.05	0.95				
	203	1	73.89264915789472	15.189044549122805	0.0	0.0	2	1.0196721682720251	-4.843663004809261	138.0	21	1.05	0.95				
	204	1	30.37808909824561	6.157720763157894	0.0	0.0	2	1.019146435022503	-6.208126921152055	138.0	21	1.05	0.95				
	205	1	29.14654494561403	5.747206045614035	0.0	0.0	2	1.0336434747850283	-6.310691256759716	138.0	21	1.05	0.95				
	206	1	55.83000158596491	11.49441209122807	0.0	-100.0	2	1.0453101775981684	-7.817407071793235	138.0	22	1.05	0.95				
	207	2	51.31433969298244	10.26286793859649	0.0	0.0	2	0.9900050904923507	-13.933267356167521	138.0	22	1.05	0.95				
	208	1	70.19801669999998	14.368015114035085	0.0	0.0	2	0.9979764982903028	-12.105225562672702	138.0	22	1.05	0.95				
	209	1	71.84007557017543	14.778529831578947	0.0	0.0	2	1.0234160577004627	-6.217940142597389	138.0	23	1.05	0.95				
	210	1	80.05036992105262	16.420588701754387	0.0	0.0	2	1.05	-7.0447176052149585	138.0	23	1.05	0.95				
	211	1	0.0	0.0	0.0	0.0	2	1.0037994525434806	-3.6312692464013745	230.0	23	1.05	0.95				
	212	1	0.0	0.0	0.0	0.0	2	1.0085279400009035	-3.152415457188176	230.0	23	1.05	0.95				
	213	2	108.7864001491228	22.16779474736842	0.0	0.0	2	0.9965252577482956	-2.7952328849818033	230.0	24	1.05	0.95				
	214	2	79.63985520350876	16.010073984210525	0.0	0.0	2	1.003465812243532	-1.233919686063802	230.0	26	1.05	0.95				
	215	2	130.1331654614035	26.272941922807014	0.0	0.0	2	1.028349069589719	4.493783748046364	230.0	26	1.05	0.95				
	216	2	41.05147175438596	8.210294350877193	0.0	0.0	2	1.0290128072108935	4.572985278378454	230.0	26	1.05	0.95				
	217	1	0.0	0.0	0.0	0.0	2	1.0350475809736353	6.967564376170537	230.0	27	1.05	0.95				
	218	2	136.70140094210527	27.915000792982454	0.0	0.0	2	1.036507981158026	7.438811862600143	230.0	27	1.05	0.95				
	219	1	74.3031638754386	15.189044549122805	0.0	0.0	2	1.02849469828885	3.7722793853572814	230.0	25	1.05	0.95				
	220	1	52.54588384561403	10.67338265614035	0.0	0.0	2	1.0307487902382186	3.875592518445984	230.0	25	1.05	0.95				
	221	2	0.0	0.0	0.0	0.0	2	1.0365061065822896	7.216530181998897	230.0	27	1.05	0.95				
	222	2	0.0	0.0	0.0	0.0	2	1.05	13.617353271127477	230.0	27	1.05	0.95				
	223	2	0.0	0.0	0.0	0.0	2	1.0324651747984104	4.245146364592674	230.0	25	1.05	0.95				
	224	1	0.0	0.0	0.0	0.0	2	1.0135281333172264	0.9918191941594589	230.0	26	1.05	0.95				
	301	2	48.29421069473685	9.837709585964912	0.0	0.0	3	1.007621333021996	-23.747021105732145	138.0	31	1.05	0.95				
	302	2	43.37535590175439	8.943372350877194	0.0	0.0	3	1.0071971718876473	-23.85339809570857	138.0	32	1.05	0.95				
	303	1	80.49035115789475	16.545238849122807	0.0	0.0	3	1.0224523515141508	-18.274018235841954	138.0	31	1.05	0.95				
	304	1	33.090477698245614	6.707529263157895	0.0	0.0	3	1.0098318619712563	-22.308843338693343	138.0	31	1.05	0.95				
	305	1	31.748971845614033	6.2603606456140355	0.0	0.0	3	1.0229412410112404	-23.11122813995168	138.0	31	1.05	0.95				
	306	1	60.81493198596492	12.520721291228071	0.0	-100.0	3	1.0396919464560461	-23.28410678882228	138.0	32	1.05	0.95				
	307	2	55.89607719298246	11.179215438596492	0.0	0.0	3	0.9937951735673635	-28.169806215654624	138.0	32	1.05	0.95				
	308	1	76.4658336	15.650901614035087	0.0	0.0	3	0.9992334501697383	-26.139089487963144	138.0	32	1.05	0.95				
	309	1	78.25450807017545	16.098070231578948	0.0	0.0	3	1.0262781834299712	-19.21656297067617	138.0	33	1.05	0.95				
	310	1	87.19788042105263	17.886744701754388	0.0	0.0	3	1.05	-21.037066863191384	138.0	33	1.05	0.95				
	311	1	0.0	0.0	0.0	0.0	3	1.009681618957236	-15.030187201366223	230.0	33	1.05	0.95				
	312	1	0.0	0.0	0.0	0.0	3	1.0118360911259539	-14.55428581683585	230.0	33	1.05	0.95				
	313	2	118.4996836491228	24.147105347368424	0.0	0.0	3	1.0120109494807912	-11.502016215715829	230.0	34	1.05	0.95				
	314	2	86.75071180350878	17.43957608421053	0.0	0.0	3	1.0133526900421777	-12.944986964346333	230.0	36	1.05	0.95				
	315	2	141.7524517614035	28.61879152280702	0.0	0.0	3	1.0376839416165047	-7.880650051800295	230.0	36	1.05	0.95				
	316	2	44.71686175438597	8.943372350877194	0.0	0.0	3	1.0365443523480127	-7.336640879844602	230.0	36	1.05	0.95				
	317	1	0.0	0.0	0.0	0.0	3	1.0408116402966694	-5.52914430702555	230.0	37	1.05	0.95				
	318	2	148.90714964210528	30.40746599298246	0.0	0.0	3	1.0407954523222718	-5.1711918792881	230.0	37	1.05	0.95				
	319	1	80.9375197754386	16.545238849122807	0.0	0.0	3	1.0325998446541402	-8.24347408896615	230.0	35	1.05	0.95				
	320	1	57.23758304561404	11.62638405614035	0.0	0.0	3	1.0323061127102033	-8.172405744405163	230.0	35	1.05	0.95				
	321	2	0.0	0.0	0.0	0.0	3	1.0427845899397832	-4.95720591797234	230.0	37	1.05	0.95				
	322	2	0.0	0.0	0.0	0.0	3	1.05	-0.8589020897064239	230.0	37	1.05	0.95				
	323	2	0.0	0.0	0.0	0.0	3	1.032781016680674	-7.793097498541676	230.0	35	1.05	0.95				
	324	1	0.0	0.0	0.0	0.0	3	1.0190506116077114	-11.755337959436288	230.0	36	1.05	0.95				
	325	1	0.0	0.0	0.0	0.0	3	1.0292847604173236	-6.473329922041442	230.0	35	1.05	0.95				
];
