%% MATPOWER Case Format : Version 2
function mpc = RTS_GMLC
mpc.version = '2';

%%-----  Power Flow Data  -----%%
%% system MVA base
mpc.baseMVA = 100.0;
%% bus data
%    bus_i    type    Pd    Qd    Gs    Bs    area    Vm    Va    baseKV    zone    Vmax    Vmin
mpc.bus = [
	101	2	38.87679365052632	7.919346854736842	0.0	0.0	1	1.0325487052225286	3.489294037670001	138.0	11	1.05	0.95				
	102	2	34.91712022315789	7.199406231578946	0.0	0.0	1	1.0316513642419645	3.234967869731238	138.0	12	1.05	0.95				
	103	1	64.79465608421052	13.318901528421051	0.0	0.0	1	1.0307689485981846	1.6062929166677382	138.0	11	1.05	0.95				
	104	1	26.637803056842102	5.39955467368421	0.0	0.0	1	1.021954329465142	0.11041003372162426	138.0	11	1.05	0.95				
	105	1	25.557892122105258	5.039584362105263	0.0	0.0	1	1.0362486730040454	0.36508049138486354	138.0	11	1.05	0.95				
	106	1	48.95596237473684	10.079168724210525	0.0	-100.0	1	1.046975010460212	-1.8018202688198666	138.0	12	1.05	0.95				
	107	2	44.99628894736841	8.999257789473683	0.0	0.0	1	1.000103948332922	-7.3280290818911515	138.0	12	1.05	0.95				
	108	1	61.55492328	12.598960905263157	0.0	0.0	1	1.0062781630012663	-5.8980213784726185	138.0	12	1.05	0.95				
	109	1	62.99480452631578	12.958931216842103	0.0	0.0	1	1.0247030925991518	-0.9805564291251396	138.0	13	1.05	0.95				
	110	1	70.19421075789472	14.398812463157892	0.0	0.0	1	1.05	-1.6632842460418726	138.0	13	1.05	0.95				
	111	1	0.0	0.0	0.0	0.0	1	1.0017778766482275	0.4171548933233946	230.0	13	1.05	0.95				
	112	1	0.0	0.0	0.0	0.0	1	1.0069764930892509	0.5214350316681001	230.0	13	1.05	0.95				
	113	3	95.39213256842103	19.43839682526316	0.0	0.0	1	0.9910035442193372	-7.649043791177768e-27	230.0	14	1.05	0.95				
	114	2	69.83424044631577	14.038842151578946	0.0	0.0	1	0.998502073353322	2.6553870803667197	230.0	16	1.05	0.95				
	115	2	114.11058877052629	23.03809994105263	0.0	0.0	1	1.0379019121139392	8.107383390869817	230.0	16	1.05	0.95				
	116	2	35.99703115789473	7.199406231578946	0.0	0.0	1	1.0336596297470622	7.822977767089944	230.0	16	1.05	0.95				
	117	1	0.0	0.0	0.0	0.0	1	1.0417016942954267	10.340043482529463	230.0	17	1.05	0.95				
	118	2	119.87011375578946	24.47798118736842	0.0	0.0	1	1.0459268207868642	10.321736833007202	230.0	17	1.05	0.95				
	119	1	65.15462639578948	13.318901528421051	0.0	0.0	1	1.0262710721435275	6.472079584365881	230.0	15	1.05	0.95				
	120	1	46.07619988210526	9.35922810105263	0.0	0.0	1	1.0222257215149315	5.992289697787561	230.0	15	1.05	0.95				
	121	2	0.0	0.0	0.0	0.0	1	1.05	11.134222937145411	230.0	17	1.05	0.95				
	122	2	0.0	0.0	0.0	0.0	1	1.05	20.626237531597972	230.0	17	1.05	0.95				
	123	2	0.0	0.0	0.0	0.0	1	1.0201973552943306	6.0097063459524245	230.0	15	1.05	0.95				
	124	1	0.0	0.0	0.0	0.0	1	1.0265297183704827	5.670286246068516	230.0	16	1.05	0.95				
	201	2	40.47662520000001	8.245238466666667	0.0	0.0	2	1.0202588114387199	-8.793612413702009	138.0	21	1.05	0.95				
	202	2	36.35400596666667	7.495671333333334	0.0	0.0	2	1.0204386198567295	-8.79519758985586	138.0	22	1.05	0.95				
	203	1	67.461042	13.866991966666667	0.0	0.0	2	1.0164690712942919	-7.169679527975023	138.0	21	1.05	0.95				
	204	1	27.733983933333334	5.6217535	0.0	0.0	2	1.0160908673808666	-9.750264999983974	138.0	21	1.05	0.95				
	205	1	26.609633233333334	5.246969933333334	0.0	0.0	2	1.0307017985552285	-10.034635897463229	138.0	21	1.05	0.95				
	206	1	50.97056506666667	10.493939866666668	0.0	-100.0	2	1.0448162337895999	-11.128041837912273	138.0	22	1.05	0.95				
	207	2	46.84794583333334	9.369589166666668	0.0	0.0	2	0.9940823257203156	-16.16236576240991	138.0	22	1.05	0.95				
	208	1	64.0879899	13.117424833333333	0.0	0.0	2	1.001574741340962	-14.510661440820906	138.0	22	1.05	0.95				
	209	1	65.58712416666667	13.492208399999999	0.0	0.0	2	1.0225908184300934	-8.97620710885929	138.0	23	1.05	0.95				
	210	1	73.0827955	14.991342666666668	0.0	0.0	2	1.05	-10.078952218810135	138.0	23	1.05	0.95				
	211	1	0.0	0.0	0.0	0.0	2	1.0028503711261565	-6.52066440154911	230.0	23	1.05	0.95				
	212	1	0.0	0.0	0.0	0.0	2	1.007043419334265	-5.8928474599137255	230.0	23	1.05	0.95				
	213	2	99.31764516666667	20.238312600000004	0.0	0.0	2	0.9964546954264247	-5.457135782712999	230.0	24	1.05	0.95				
	214	2	72.70801193333334	14.616559100000002	0.0	0.0	2	1.0011943857203314	-4.304626658059288	230.0	26	1.05	0.95				
	215	2	118.80639063333334	23.986148266666667	0.0	0.0	2	1.0193063412825298	1.1776996505301849	230.0	26	1.05	0.95				
	216	2	37.47835666666667	7.495671333333334	0.0	0.0	2	1.0209125549374174	1.0805067137903728	230.0	26	1.05	0.95				
	217	1	0.0	0.0	0.0	0.0	2	1.0261742896836805	2.847687001748264	230.0	27	1.05	0.95				
	218	2	124.80292770000001	25.485282533333336	0.0	0.0	2	1.0254807432573785	2.3456999240220693	230.0	27	1.05	0.95				
	219	1	67.83582556666667	13.866991966666667	0.0	0.0	2	1.021976560307365	0.7586389837568099	230.0	25	1.05	0.95				
	220	1	47.972296533333335	9.744372733333334	0.0	0.0	2	1.0251507770201342	1.2187482417230804	230.0	25	1.05	0.95				
	221	2	0.0	0.0	0.0	0.0	2	1.0270603027207732	2.7627768653150055	230.0	27	1.05	0.95				
	222	2	0.0	0.0	0.0	0.0	2	1.0491705567859158	9.29652811380531	230.0	27	1.05	0.95				
	223	2	0.0	0.0	0.0	0.0	2	1.027306345188658	1.759953537811653	230.0	25	1.05	0.95				
	224	1	0.0	0.0	0.0	0.0	2	1.0078635801153488	-1.9708323229068856	230.0	26	1.05	0.95				
	301	2	47.098386568421056	9.594115782456141	0.0	0.0	3	1.0072555214879264	-20.148845142155178	138.0	31	1.05	0.95				
	302	2	42.301328677192984	8.721923438596493	0.0	0.0	3	1.0070525489391104	-20.269602752656237	138.0	32	1.05	0.95				
	303	1	78.49731094736842	16.13555836140351	0.0	0.0	3	1.0269502259846937	-14.147690386405266	138.0	31	1.05	0.95				
	304	1	32.27111672280702	6.541442578947368	0.0	0.0	3	1.0106839861177306	-18.69776368665906	138.0	31	1.05	0.95				
	305	1	30.962828207017544	6.105346407017545	0.0	0.0	3	1.023015814828017	-19.753177103240343	138.0	31	1.05	0.95				
	306	1	59.30907938245614	12.21069281403509	0.0	-100.0	3	1.040004258541044	-20.048559423083066	138.0	32	1.05	0.95				
	307	2	54.51202149122807	10.902404298245614	0.0	0.0	3	0.993208724822004	-24.59764267407333	138.0	32	1.05	0.95				
	308	1	74.57244539999999	15.26336601754386	0.0	0.0	3	0.9996007082499108	-22.63349042273228	138.0	32	1.05	0.95				
	309	1	76.3168300877193	15.699462189473683	0.0	0.0	3	1.0275259888985773	-15.633574391380645	138.0	33	1.05	0.95				
	310	1	85.03875352631579	17.443846877192986	0.0	0.0	3	1.05	-17.953172979264938	138.0	33	1.05	0.95				
	311	1	0.0	0.0	0.0	0.0	3	1.0084101894779922	-12.447173152610302	230.0	33	1.05	0.95				
	312	1	0.0	0.0	0.0	0.0	3	1.0126564566267662	-11.748395687074524	230.0	33	1.05	0.95				
	313	2	115.56548556140352	23.549193284210528	0.0	0.0	3	1.0117209335798134	-8.914014166154352	230.0	34	1.05	0.95				
	314	2	84.60265735438597	17.00775070526316	0.0	0.0	3	1.0066994611428215	-11.086350383525813	230.0	36	1.05	0.95				
	315	2	138.2424865017544	27.910155003508773	0.0	0.0	3	1.0310250372510066	-7.169447482455451	230.0	36	1.05	0.95				
	316	2	43.609617192982455	8.721923438596493	0.0	0.0	3	1.0305533977100978	-6.558061785675577	230.0	36	1.05	0.95				
	317	1	0.0	0.0	0.0	0.0	3	1.0374013849554302	-4.155017847060611	230.0	37	1.05	0.95				
	318	2	145.2200252526316	29.65453969122807	0.0	0.0	3	1.0351712011048269	-4.691959649360521	230.0	37	1.05	0.95				
	319	1	78.93340711929825	16.13555836140351	0.0	0.0	3	1.0282910271872743	-6.90203666195304	230.0	35	1.05	0.95				
	320	1	55.82031000701755	11.33850047017544	0.0	0.0	3	1.0292636815420289	-6.353719874221307	230.0	35	1.05	0.95				
	321	2	0.0	0.0	0.0	0.0	3	1.0361337408607858	-4.971482677027191	230.0	37	1.05	0.95				
	322	2	0.0	0.0	0.0	0.0	3	1.049952587492338	-0.34380192273829613	230.0	37	1.05	0.95				
	323	2	0.0	0.0	0.0	0.0	3	1.0305138319030607	-5.71914387138636	230.0	35	1.05	0.95				
	324	1	0.0	0.0	0.0	0.0	3	1.0204036888218424	-9.796022117932223	230.0	36	1.05	0.95				
	325	1	0.0	0.0	0.0	0.0	3	1.0266484448284625	-4.307653525059642	230.0	35	1.05	0.95				
];
