%% MATPOWER Case Format : Version 2
function mpc = RTS_GMLC
mpc.version = '2';

%%-----  Power Flow Data  -----%%
%% system MVA base
mpc.baseMVA = 100.0;
%% bus data
%    bus_i    type    Pd    Qd    Gs    Bs    area    Vm    Va    baseKV    zone    Vmax    Vmin
mpc.bus = [
	101	2	58.916378046315785	12.001484416842105	0.0	0.0	1	1.0331920463243056	2.6661663427684257	138.0	11	1.05	0.95				
	102	2	52.91563583789474	10.910440378947369	0.0	0.0	1	1.0332512891549568	2.6332553314846745	138.0	12	1.05	0.95				
	103	1	98.19396341052632	20.18431470105263	0.0	0.0	1	1.0259265727970548	0.4712080971790843	138.0	11	1.05	0.95				
	104	1	40.36862940210526	8.182830284210524	0.0	0.0	1	1.0196176273560151	-0.8942819386667211	138.0	11	1.05	0.95				
	105	1	38.73206334526316	7.637308265263158	0.0	0.0	1	1.0339937066832061	-0.7267125233173438	138.0	11	1.05	0.95				
	106	1	74.1909945768421	15.274616530526316	0.0	-100.0	1	1.0419184783417736	-3.130458248568643	138.0	12	1.05	0.95				
	107	2	68.19025236842104	13.63805047368421	0.0	0.0	1	1.035362153826466	-1.6462161685448609	138.0	12	1.05	0.95				
	108	1	93.28426524	19.093270663157895	0.0	0.0	1	1.0229915901338622	-3.505136637031146	138.0	12	1.05	0.95				
	109	1	95.46635331578948	19.63879268210526	0.0	0.0	1	1.0258892783884614	-1.5755380613157428	138.0	13	1.05	0.95				
	110	1	106.37679369473683	21.820880757894738	0.0	0.0	1	1.05	-2.4472931943009772	138.0	13	1.05	0.95				
	111	1	0.0	0.0	0.0	0.0	1	1.006355515883935	-0.0072143461256363025	230.0	13	1.05	0.95				
	112	1	0.0	0.0	0.0	0.0	1	1.0117712313378149	0.5069416587390541	230.0	13	1.05	0.95				
	113	3	144.56333502105264	29.458189023157892	0.0	0.0	1	1.0004810663686885	-4.985086841766003e-28	230.0	14	1.05	0.95				
	114	2	105.83127167578948	21.275358738947368	0.0	0.0	1	1.0033384799015037	2.1009422963373616	230.0	16	1.05	0.95				
	115	2	172.9304800063158	34.91340921263158	0.0	0.0	1	1.0414204339298383	8.534283181963069	230.0	16	1.05	0.95				
	116	2	54.55220189473684	10.910440378947369	0.0	0.0	1	1.038330930836154	8.264381712164957	230.0	16	1.05	0.95				
	117	1	0.0	0.0	0.0	0.0	1	1.044944785089878	10.946424931370515	230.0	17	1.05	0.95				
	118	2	181.6588323094737	37.09549728842105	0.0	0.0	1	1.0486344044127933	11.128602060949662	230.0	17	1.05	0.95				
	119	1	98.73948542947369	20.18431470105263	0.0	0.0	1	1.0322119075942653	7.033483261055991	230.0	15	1.05	0.95				
	120	1	69.82681842526316	14.18357249263158	0.0	0.0	1	1.0312897777809988	7.006300942039959	230.0	15	1.05	0.95				
	121	2	0.0	0.0	0.0	0.0	1	1.05	10.970972737023589	230.0	17	1.05	0.95				
	122	2	0.0	0.0	0.0	0.0	1	1.05	20.43372484369186	230.0	17	1.05	0.95				
	123	2	0.0	0.0	0.0	0.0	1	1.0318689873621956	7.404822649517245	230.0	15	1.05	0.95				
	124	1	0.0	0.0	0.0	0.0	1	1.025308426863246	5.534760830917605	230.0	16	1.05	0.95				
	201	2	60.41744056421054	12.307256411228071	0.0	0.0	2	1.0307305720707205	-9.373214640947829	138.0	21	1.05	0.95				
	202	2	54.263812358596496	11.188414919298246	0.0	0.0	2	1.030842977527192	-9.466261485813545	138.0	22	1.05	0.95				
	203	1	100.69573427368421	20.698567600701757	0.0	0.0	2	1.0250287064618218	-6.980953377158422	138.0	21	1.05	0.95				
	204	1	41.397135201403515	8.391311189473685	0.0	0.0	2	1.0175897064505532	-11.882003937221596	138.0	21	1.05	0.95				
	205	1	39.71887296350877	7.831890443508772	0.0	0.0	2	1.0329586372811688	-12.190720244608128	138.0	21	1.05	0.95				
	206	1	76.08122145122807	15.663780887017545	0.0	-100.0	2	1.0413773042363887	-14.304859455451625	138.0	22	1.05	0.95				
	207	2	69.92759324561403	13.985518649122808	0.0	0.0	2	0.9851314682789589	-22.743042158424796	138.0	22	1.05	0.95				
	208	1	95.66094756000001	19.57972610877193	0.0	0.0	2	0.9886607656639234	-20.09775658557666	138.0	22	1.05	0.95				
	209	1	97.89863054385965	20.139146854736843	0.0	0.0	2	1.0237883911986627	-11.582447140375969	138.0	23	1.05	0.95				
	210	1	109.0870454631579	22.376829838596493	0.0	0.0	2	1.05	-13.27355157751914	138.0	23	1.05	0.95				
	211	1	0.0	0.0	0.0	0.0	2	1.0133247296421946	-8.646942933868061	230.0	23	1.05	0.95				
	212	1	0.0	0.0	0.0	0.0	2	1.0161912296665723	-8.336701665476731	230.0	23	1.05	0.95				
	213	2	148.24649768070174	30.20872028210527	0.0	0.0	2	1.0111358930543108	-7.763468790071201	230.0	24	1.05	0.95				
	214	2	108.52762471719299	21.817409092631582	0.0	0.0	2	1.0206881484571693	-5.611739788784554	230.0	26	1.05	0.95				
	215	2	177.3363764708772	35.80292774175439	0.0	0.0	2	1.0387191821883786	2.600828362385577	230.0	26	1.05	0.95				
	216	2	55.94207459649123	11.188414919298246	0.0	0.0	2	1.0420337926726877	2.0245753768505272	230.0	26	1.05	0.95				
	217	1	0.0	0.0	0.0	0.0	2	1.0443035088834216	5.656517186637277	230.0	27	1.05	0.95				
	218	2	186.28710840631578	38.04061072561404	0.0	0.0	2	1.0468392902699057	6.3796275171373615	230.0	27	1.05	0.95				
	219	1	101.25515501964912	20.698567600701757	0.0	0.0	2	1.0416939390581417	0.2008215698045877	230.0	25	1.05	0.95				
	220	1	71.60585548350878	14.54493939508772	0.0	0.0	2	1.0462198106168898	-0.3245213302147401	230.0	25	1.05	0.95				
	221	2	0.0	0.0	0.0	0.0	2	1.046831712459611	6.326457669971742	230.0	27	1.05	0.95				
	222	2	0.0	0.0	0.0	0.0	2	1.05	12.572165200668412	230.0	27	1.05	0.95				
	223	2	0.0	0.0	0.0	0.0	2	1.0497515511919826	-0.2025890957594176	230.0	25	1.05	0.95				
	224	1	0.0	0.0	0.0	0.0	2	1.0216208983565969	-0.975174064669295	230.0	26	1.05	0.95				
	301	2	67.08573234947369	13.665612145263156	0.0	0.0	3	1.0082168784787284	-38.820619294347935	138.0	31	1.05	0.95				
	302	2	60.2529262768421	12.423283768421053	0.0	0.0	3	1.0075576756016333	-38.97119315354738	138.0	32	1.05	0.95				
	303	1	111.80955391578946	22.983074971578947	0.0	0.0	3	1.019903863978453	-30.99745994824002	138.0	31	1.05	0.95				
	304	1	45.966149943157895	9.317462826315788	0.0	0.0	3	1.0062088294079505	-36.789779897313885	138.0	31	1.05	0.95				
	305	1	44.10265737789473	8.696298637894737	0.0	0.0	3	1.0203845600332633	-37.786518456609556	138.0	31	1.05	0.95				
	306	1	84.47832962526316	17.392597275789473	0.0	-100.0	3	1.0344908737365797	-37.89272985518571	138.0	32	1.05	0.95				
	307	2	77.64552355263157	15.529104710526315	0.0	0.0	3	1.0061387853012853	-39.3868590903148	138.0	32	1.05	0.95				
	308	1	106.21907621999999	21.74074659473684	0.0	0.0	3	1.0025897550594036	-38.90186922084193	138.0	32	1.05	0.95				
	309	1	108.70373297368421	22.361910783157892	0.0	0.0	3	1.0273251353388642	-32.47701391724935	138.0	33	1.05	0.95				
	310	1	121.12701674210524	24.846567536842105	0.0	0.0	3	1.05	-34.7595915119597	138.0	33	1.05	0.95				
	311	1	0.0	0.0	0.0	0.0	3	1.0199172163709587	-27.33921402295602	230.0	33	1.05	0.95				
	312	1	0.0	0.0	0.0	0.0	3	1.0175584691788466	-26.519428944808954	230.0	33	1.05	0.95				
	313	2	164.60850993157894	33.542866174736844	0.0	0.0	3	1.0287995870729134	-23.477251228443368	230.0	34	1.05	0.95				
	314	2	120.5058525536842	24.22540334842105	0.0	0.0	3	1.0327044884974859	-24.53125549522449	230.0	36	1.05	0.95				
	315	2	196.90904772947366	39.754508058947366	0.0	0.0	3	1.048845698665738	-17.296213573782204	230.0	36	1.05	0.95				
	316	2	62.11641884210526	12.423283768421053	0.0	0.0	3	1.049221903337891	-16.820487448386608	230.0	36	1.05	0.95				
	317	1	0.0	0.0	0.0	0.0	3	1.0499024395579493	-13.893138034685995	230.0	37	1.05	0.95				
	318	2	206.8476747442105	42.23916481263158	0.0	0.0	3	1.0497714996735552	-13.33592472525893	230.0	37	1.05	0.95				
	319	1	112.43071810421053	22.983074971578947	0.0	0.0	3	1.0455923555109754	-17.6888174948805	230.0	35	1.05	0.95				
	320	1	79.50901611789473	16.150268898947367	0.0	0.0	3	1.047479547809915	-17.283831872668852	230.0	35	1.05	0.95				
	321	2	0.0	0.0	0.0	0.0	3	1.05	-13.007575955191186	230.0	37	1.05	0.95				
	322	2	0.0	0.0	0.0	0.0	3	1.05	-7.578747354957398	230.0	37	1.05	0.95				
	323	2	0.0	0.0	0.0	0.0	3	1.05	-16.608289359844303	230.0	35	1.05	0.95				
	324	1	0.0	0.0	0.0	0.0	3	1.020490232337176	-22.34693777810882	230.0	36	1.05	0.95				
	325	1	0.0	0.0	0.0	0.0	3	1.037010271192713	-14.417371044933887	230.0	35	1.05	0.95				
];
