%% MATPOWER Case Format : Version 2
function mpc = RTS_GMLC
mpc.version = '2';

%%-----  Power Flow Data  -----%%
%% system MVA base
mpc.baseMVA = 100.0;
%% bus data
%    bus_i    type    Pd    Qd    Gs    Bs    area    Vm    Va    baseKV    zone    Vmax    Vmin
mpc.bus = [
	101	2	47.146462143157905	9.60390895508772	0.0	0.0	1	1.0324381273744045	2.6000367378655125	138.0	11	1.05	0.95				
	102	2	42.34450766561404	8.730826322807019	0.0	0.0	1	1.0320353958551218	2.484905290550203	138.0	12	1.05	0.95				
	103	1	78.57743690526317	16.152028697192982	0.0	0.0	1	1.027675892132361	-0.42542140680700324	138.0	11	1.05	0.95				
	104	1	32.304057394385964	6.548119742105262	0.0	0.0	1	1.021051783347194	-0.8363185217253836	138.0	11	1.05	0.95				
	105	1	30.994433445964916	6.111578425964914	0.0	0.0	1	1.0352117725179841	-0.5321236826899467	138.0	11	1.05	0.95				
	106	1	59.36961899508773	12.223156851929827	0.0	-100.0	1	1.044903300637157	-2.728612099342631	138.0	12	1.05	0.95				
	107	2	54.56766451754387	10.913532903508774	0.0	0.0	1	1.0153770968188254	-3.6381776823917598	138.0	12	1.05	0.95				
	108	1	74.64856506000001	15.27894606491228	0.0	0.0	1	1.0143772844369656	-4.352089551349187	138.0	12	1.05	0.95				
	109	1	76.39473032456141	15.71548738105263	0.0	0.0	1	1.02554747595896	-1.7824374049458365	138.0	13	1.05	0.95				
	110	1	85.12555664736843	17.461652645614038	0.0	0.0	1	1.05	-2.327699653046578	138.0	13	1.05	0.95				
	111	1	0.0	0.0	0.0	0.0	1	1.0035816658029395	-0.49769658162731667	230.0	13	1.05	0.95				
	112	1	0.0	0.0	0.0	0.0	1	1.008941993378311	0.27890867296228944	230.0	13	1.05	0.95				
	113	3	115.683448777193	23.573231071578952	0.0	0.0	1	0.9948614911935393	-7.029988629483527e-29	230.0	14	1.05	0.95				
	114	2	84.68901533122808	17.025111329473685	0.0	0.0	1	0.9990583849948954	0.7503649809826377	230.0	16	1.05	0.95				
	115	2	138.38359721649124	27.93864423298246	0.0	0.0	1	1.0385026444370347	4.975183149823014	230.0	16	1.05	0.95				
	116	2	43.654131614035094	8.730826322807019	0.0	0.0	1	1.0337410422663253	5.0478507068703315	230.0	16	1.05	0.95				
	117	1	0.0	0.0	0.0	0.0	1	1.0427777579154398	6.036346487320193	230.0	17	1.05	0.95				
	118	2	145.36825827473686	29.684809497543863	0.0	0.0	1	1.0455706847521964	5.706874366862446	230.0	17	1.05	0.95				
	119	1	79.01397822140352	16.152028697192982	0.0	0.0	1	1.0280267870283077	4.9046583836720865	230.0	15	1.05	0.95				
	120	1	55.87728846596492	11.350074219649125	0.0	0.0	1	1.0260118758999088	5.629743812309773	230.0	15	1.05	0.95				
	121	2	0.0	0.0	0.0	0.0	1	1.05	5.994734158379397	230.0	17	1.05	0.95				
	122	2	0.0	0.0	0.0	0.0	1	1.05	12.520935375150156	230.0	17	1.05	0.95				
	123	2	0.0	0.0	0.0	0.0	1	1.025690322894445	6.367146446331962	230.0	15	1.05	0.95				
	124	1	0.0	0.0	0.0	0.0	1	1.02673023345508	2.9639205888322375	230.0	16	1.05	0.95				
	201	2	47.5315599031579	9.68235479508772	0.0	0.0	2	1.0283482324142525	-5.446847555528572	138.0	21	1.05	0.95				
	202	2	42.69038250561404	8.80214072280702	0.0	0.0	2	1.0285668875896135	-5.429131154854715	138.0	22	1.05	0.95				
	203	1	79.21926650526316	16.283960337192983	0.0	0.0	2	1.022581864276162	-5.072050368175026	138.0	21	1.05	0.95				
	204	1	32.56792067438597	6.601605542105263	0.0	0.0	2	1.0186396760574628	-7.950888285624115	138.0	21	1.05	0.95				
	205	1	31.24759956596491	6.1614985059649126	0.0	0.0	2	1.0334171406188113	-8.083105199381473	138.0	21	1.05	0.95				
	206	1	59.854556915087734	12.322997011929825	0.0	-100.0	2	1.0442674533505147	-9.977726480493896	138.0	22	1.05	0.95				
	207	2	55.01337951754386	11.002675903508772	0.0	0.0	2	0.9859734582117968	-16.65119256275207	138.0	22	1.05	0.95				
	208	1	75.25830318000001	15.40374626491228	0.0	0.0	2	0.9944124612940585	-14.67341512032114	138.0	22	1.05	0.95				
	209	1	77.0187313245614	15.843853301052633	0.0	0.0	2	1.0234334762424606	-8.21432849125063	138.0	23	1.05	0.95				
	210	1	85.82087204736843	17.60428144561404	0.0	0.0	2	1.05	-9.350143935480686	138.0	23	1.05	0.95				
	211	1	0.0	0.0	0.0	0.0	2	1.006221102337815	-5.91586849742137	230.0	23	1.05	0.95				
	212	1	0.0	0.0	0.0	0.0	2	1.0128005750634588	-5.774282352465377	230.0	23	1.05	0.95				
	213	2	116.62836457719298	23.76577995157895	0.0	0.0	2	1.0010250121375692	-5.551566729593986	230.0	24	1.05	0.95				
	214	2	85.38076501122808	17.164174409473688	0.0	0.0	2	1.0062476683070771	-3.2627515190896337	230.0	26	1.05	0.95				
	215	2	139.51393045649124	28.16685031298246	0.0	0.0	2	1.0302060819273005	3.4291900167206277	230.0	26	1.05	0.95				
	216	2	44.01070361403509	8.80214072280702	0.0	0.0	2	1.0329001278883103	3.065923614466283	230.0	26	1.05	0.95				
	217	1	0.0	0.0	0.0	0.0	2	1.037398677156937	6.091960192914363	230.0	27	1.05	0.95				
	218	2	146.55564303473685	29.927278457543867	0.0	0.0	2	1.0394645650656889	6.783942176761141	230.0	27	1.05	0.95				
	219	1	79.65937354140351	16.283960337192983	0.0	0.0	2	1.0339263648689732	1.3589527441533145	230.0	25	1.05	0.95				
	220	1	56.33370062596492	11.442782939649124	0.0	0.0	2	1.0382754927116424	0.7278656684214769	230.0	25	1.05	0.95				
	221	2	0.0	0.0	0.0	0.0	2	1.0388484552690962	6.414830942815804	230.0	27	1.05	0.95				
	222	2	0.0	0.0	0.0	0.0	2	1.05	12.789030588182731	230.0	27	1.05	0.95				
	223	2	0.0	0.0	0.0	0.0	2	1.0411882097354723	0.7116073133247466	230.0	25	1.05	0.95				
	224	1	0.0	0.0	0.0	0.0	2	1.0166905175096568	0.23870045063671974	230.0	26	1.05	0.95				
	301	2	66.74406832421053	13.596013917894739	0.0	0.0	3	1.008100189857228	-41.21231703194031	138.0	31	1.05	0.95				
	302	2	59.94606136526316	12.36001265263158	0.0	0.0	3	1.0074401432836604	-41.3629312734213	138.0	32	1.05	0.95				
	303	1	111.24011387368422	22.866023407368424	0.0	0.0	3	1.0188144328739788	-33.38537680271752	138.0	31	1.05	0.95				
	304	1	45.73204681473685	9.270009489473685	0.0	0.0	3	1.0060824612650396	-39.19694268778509	138.0	31	1.05	0.95				
	305	1	43.87804491684211	8.652008856842107	0.0	0.0	3	1.0203806536778366	-40.188997489362016	138.0	31	1.05	0.95				
	306	1	84.04808603789475	17.304017713684214	0.0	-100.0	3	1.0345613468058317	-40.29853312644388	138.0	32	1.05	0.95				
	307	2	77.25007907894738	15.450015815789476	0.0	0.0	3	1.004709380855042	-42.17338057874572	138.0	32	1.05	0.95				
	308	1	105.67810818000001	21.630022142105265	0.0	0.0	3	1.0016235613948024	-41.52489081982875	138.0	32	1.05	0.95				
	309	1	108.15011071052632	22.248022774736846	0.0	0.0	3	1.0270413858441005	-34.9081191494306	138.0	33	1.05	0.95				
	310	1	120.5101233631579	24.72002530526316	0.0	0.0	3	1.05	-37.18297266695242	138.0	33	1.05	0.95				
	311	1	0.0	0.0	0.0	0.0	3	1.0200119674079344	-29.676073972887917	230.0	33	1.05	0.95				
	312	1	0.0	0.0	0.0	0.0	3	1.0176399508158689	-29.001617498087228	230.0	33	1.05	0.95				
	313	2	163.77016764736842	33.372034162105265	0.0	0.0	3	1.0286652312560056	-25.931747905492227	230.0	34	1.05	0.95				
	314	2	119.89212273052632	24.10202467263158	0.0	0.0	3	1.0335951768902327	-26.68211946241703	230.0	36	1.05	0.95				
	315	2	195.90620054421055	39.552040488421056	0.0	0.0	3	1.0492457954712018	-19.104678603425302	230.0	36	1.05	0.95				
	316	2	61.8000632631579	12.36001265263158	0.0	0.0	3	1.0497626682422567	-18.73026694240078	230.0	36	1.05	0.95				
	317	1	0.0	0.0	0.0	0.0	3	1.049900964711772	-15.488577105239978	230.0	37	1.05	0.95				
	318	2	205.7942106663158	42.024043018947374	0.0	0.0	3	1.0497047271852837	-14.784297199131137	230.0	37	1.05	0.95				
	319	1	111.8581145063158	22.866023407368424	0.0	0.0	3	1.045905026131156	-19.914459972001143	230.0	35	1.05	0.95				
	320	1	79.10408097684211	16.068016448421055	0.0	0.0	3	1.0476484643676445	-19.791118685110277	230.0	35	1.05	0.95				
	321	2	0.0	0.0	0.0	0.0	3	1.05	-14.582003703718145	230.0	37	1.05	0.95				
	322	2	0.0	0.0	0.0	0.0	3	1.05	-9.161435679751266	230.0	37	1.05	0.95				
	323	2	0.0	0.0	0.0	0.0	3	1.05	-19.2723017717442	230.0	35	1.05	0.95				
	324	1	0.0	0.0	0.0	0.0	3	1.0194685662130465	-24.36306860792505	230.0	36	1.05	0.95				
	325	1	0.0	0.0	0.0	0.0	3	1.0388408826862112	-17.25106832386098	230.0	35	1.05	0.95				
];
