%% MATPOWER Case Format : Version 2
function mpc = RTS_GMLC
mpc.version = '2';

%%-----  Power Flow Data  -----%%
%% system MVA base
mpc.baseMVA = 100.0;
%% bus data
%    bus_i    type    Pd    Qd    Gs    Bs    area    Vm    Va    baseKV    zone    Vmax    Vmin
mpc.bus = [
	101	2	36.63236021684211	7.462147451578947	0.0	0.0	1	1.0260794289682882	1.9220151316980394	138.0	11	1.05	0.95				
	102	2	32.90128649105263	6.7837704105263175	0.0	0.0	1	1.0242860509411875	1.441341392289007	138.0	12	1.05	0.95				
	103	1	61.05393369473685	12.549975259473687	0.0	0.0	1	1.031705555366326	1.9466465626235028	138.0	11	1.05	0.95				
	104	1	25.099950518947374	5.087827807894737	0.0	0.0	1	1.019307134804973	-0.916509165518067	138.0	11	1.05	0.95				
	105	1	24.082384957368422	4.748639287368421	0.0	0.0	1	1.0335260379299447	-0.7798974568163777	138.0	11	1.05	0.95				
	106	1	46.129638791578955	9.497278574736843	0.0	-100.0	1	1.046134615516898	-2.750490152284308	138.0	12	1.05	0.95				
	107	2	42.39856506578948	8.479713013157895	0.0	0.0	1	1.000826959381921	-8.621248128516914	138.0	12	1.05	0.95				
	108	1	58.001237010000004	11.871598218421052	0.0	0.0	1	1.0069363486470801	-6.830305769085901	138.0	12	1.05	0.95				
	109	1	59.357991092105266	12.210786738947368	0.0	0.0	1	1.0245441245385234	-1.441747705855168	138.0	13	1.05	0.95				
	110	1	66.14176150263158	13.567540821052635	0.0	0.0	1	1.05	-2.4237714750629626	138.0	13	1.05	0.95				
	111	1	0.0	0.0	0.0	0.0	1	1.0022169111441726	0.3793336061742681	230.0	13	1.05	0.95				
	112	1	0.0	0.0	0.0	0.0	1	1.00663281441348	-0.3926417226550427	230.0	13	1.05	0.95				
	113	3	89.88495793947368	18.316180108421054	0.0	0.0	1	0.9912838648473372	2.684067221346473e-28	230.0	14	1.05	0.95				
	114	2	65.80257298210526	13.228352300526316	0.0	0.0	1	1.0013628449914824	3.158579816040295	230.0	16	1.05	0.95				
	115	2	107.5227610068421	21.708065313684212	0.0	0.0	1	1.0409396694248683	10.28032377479301	230.0	16	1.05	0.95				
	116	2	33.91885205263158	6.7837704105263175	0.0	0.0	1	1.034450435851907	8.958838810168459	230.0	16	1.05	0.95				
	117	1	0.0	0.0	0.0	0.0	1	1.040642770524322	13.559564643219796	230.0	17	1.05	0.95				
	118	2	112.94977733526316	23.064819395789478	0.0	0.0	1	1.0485166444589729	13.923770669320156	230.0	17	1.05	0.95				
	119	1	61.39312221526316	12.549975259473687	0.0	0.0	1	1.0224318274349813	5.739659993232994	230.0	15	1.05	0.95				
	120	1	43.416130627368425	8.818901533684212	0.0	0.0	1	1.016165836686838	3.5655687056087406	230.0	15	1.05	0.95				
	121	2	0.0	0.0	0.0	0.0	1	1.05	15.079788135616827	230.0	17	1.05	0.95				
	122	2	0.0	0.0	0.0	0.0	1	1.05	29.413953636716226	230.0	17	1.05	0.95				
	123	2	0.0	0.0	0.0	0.0	1	1.0131703557829719	2.628909060616863	230.0	15	1.05	0.95				
	124	1	0.0	0.0	0.0	0.0	1	1.0268916613976524	7.158175726330886	230.0	16	1.05	0.95				
	201	2	39.93263026105264	8.134424682807019	0.0	0.0	2	1.014197775909213	-13.495643996637313	138.0	21	1.05	0.95				
	202	2	35.865417919649126	7.394931529824563	0.0	0.0	2	1.0133072617244614	-13.779953861864756	138.0	22	1.05	0.95				
	203	1	66.55438376842106	13.68062333017544	0.0	0.0	2	1.0150820580160917	-9.621422135580362	138.0	21	1.05	0.95				
	204	1	27.36124666035088	5.5461986473684215	0.0	0.0	2	1.012705516065275	-13.498451406721182	138.0	21	1.05	0.95				
	205	1	26.252006930877194	5.176452070877194	0.0	0.0	2	1.027712691028901	-13.919671030554259	138.0	21	1.05	0.95				
	206	1	50.28553440280703	10.352904141754388	0.0	-100.0	2	1.0434348688283344	-14.638229848337755	138.0	22	1.05	0.95				
	207	2	46.21832206140352	9.243664412280703	0.0	0.0	2	0.9965002652125658	-19.002404184666982	138.0	22	1.05	0.95				
	208	1	63.226664580000005	12.941130177192983	0.0	0.0	2	1.0031200435391274	-17.368085704463326	138.0	22	1.05	0.95				
	209	1	64.70565088596491	13.310876753684212	0.0	0.0	2	1.0224342090347698	-11.730478422534361	138.0	23	1.05	0.95				
	210	1	72.10058241578949	14.789863059649125	0.0	0.0	2	1.05	-13.15204437512732	138.0	23	1.05	0.95				
	211	1	0.0	0.0	0.0	0.0	2	1.0039836029068232	-8.985899433026404	230.0	23	1.05	0.95				
	212	1	0.0	0.0	0.0	0.0	2	1.0064718142134887	-8.307056733804936	230.0	23	1.05	0.95				
	213	2	97.98284277017545	19.96631513052632	0.0	0.0	2	0.9988008377120274	-7.712490319295612	230.0	24	1.05	0.95				
	214	2	71.73083583929825	14.420116483157896	0.0	0.0	2	1.0039877908495611	-6.513972649938095	230.0	26	1.05	0.95				
	215	2	117.2096647477193	23.6637808954386	0.0	0.0	2	1.0183517685269534	-0.5115117045122045	230.0	26	1.05	0.95				
	216	2	36.97465764912281	7.394931529824563	0.0	0.0	2	1.0197360327281062	-0.7664895035440117	230.0	26	1.05	0.95				
	217	1	0.0	0.0	0.0	0.0	2	1.0240301756418237	0.7738185793018716	230.0	27	1.05	0.95				
	218	2	123.12560997157895	25.142767201403515	0.0	0.0	2	1.023454621282973	0.37920603665470404	230.0	27	1.05	0.95				
	219	1	66.92413034491229	13.68062333017544	0.0	0.0	2	1.0205194278651128	-0.9602068882225342	230.0	25	1.05	0.95				
	220	1	47.3275617908772	9.613410988771932	0.0	0.0	2	1.023397178645393	-0.39683672683928445	230.0	25	1.05	0.95				
	221	2	0.0	0.0	0.0	0.0	2	1.0253453961749641	0.8853760362378643	230.0	27	1.05	0.95				
	222	2	0.0	0.0	0.0	0.0	2	1.0472404472875823	7.366476039559769	230.0	27	1.05	0.95				
	223	2	0.0	0.0	0.0	0.0	2	1.0254011924817896	0.19840813754939762	230.0	25	1.05	0.95				
	224	1	0.0	0.0	0.0	0.0	2	1.005924605450659	-3.9469228856556633	230.0	26	1.05	0.95				
	301	2	44.9971528168421	9.166086684912282	0.0	0.0	3	1.009956755179374	-9.23597638068068	138.0	31	1.05	0.95				
	302	2	40.41410947438596	8.332806077192984	0.0	0.0	3	1.0097352695761843	-9.450966220711516	138.0	32	1.05	0.95				
	303	1	74.99525469473684	15.415691242807018	0.0	0.0	3	1.0395454885360544	-0.5801355027918019	138.0	31	1.05	0.95				
	304	1	30.831382485614036	6.249604557894736	0.0	0.0	3	1.0120577007741975	-8.26193273868338	138.0	31	1.05	0.95				
	305	1	29.581461574035085	5.832964254035089	0.0	0.0	3	1.024851914063769	-9.487871724418126	138.0	31	1.05	0.95				
	306	1	56.66308132491228	11.665928508070177	0.0	-100.0	3	1.0412283324077962	-10.134021787305654	138.0	32	1.05	0.95				
	307	2	52.08003798245614	10.416007596491228	0.0	0.0	3	0.9909762696460113	-14.400268455550531	138.0	32	1.05	0.95				
	308	1	71.24549196	14.582410635087717	0.0	0.0	3	0.9988751241150763	-12.545537829336944	138.0	32	1.05	0.95				
	309	1	72.9120531754386	14.999050938947367	0.0	0.0	3	1.0266420597230466	-5.580991484782736	138.0	33	1.05	0.95				
	310	1	81.24485925263157	16.66561215438597	0.0	0.0	3	1.05	-8.395973036601365	138.0	33	1.05	0.95				
	311	1	0.0	0.0	0.0	0.0	3	1.006790706341351	-3.71424044546948	230.0	33	1.05	0.95				
	312	1	0.0	0.0	0.0	0.0	3	1.0125127636146627	-2.984771558829562	230.0	33	1.05	0.95				
	313	2	110.40968052280702	22.49857640842105	0.0	0.0	3	1.010201016969315	-0.47492026661018744	230.0	34	1.05	0.95				
	314	2	80.82821894877192	16.248971850526317	0.0	0.0	3	1.0003038767227523	-3.1536148936964414	230.0	36	1.05	0.95				
	315	2	132.07497632350876	26.664979447017544	0.0	0.0	3	1.0299481384253735	0.006201179499344848	230.0	36	1.05	0.95				
	316	2	41.664030385964914	8.332806077192984	0.0	0.0	3	1.0272586117588502	0.11366237125447469	230.0	36	1.05	0.95				
	317	1	0.0	0.0	0.0	0.0	3	1.0370344270654448	2.9406784458100717	230.0	37	1.05	0.95				
	318	2	138.74122118526316	28.33154066245614	0.0	0.0	3	1.0344081148247881	1.7073662983077624	230.0	37	1.05	0.95				
	319	1	75.4118949985965	15.415691242807018	0.0	0.0	3	1.0233934743328523	-0.029091474761302312	230.0	35	1.05	0.95				
	320	1	53.32995889403509	10.832647900350878	0.0	0.0	3	1.0227791581300265	0.6652379636466882	230.0	35	1.05	0.95				
	321	2	0.0	0.0	0.0	0.0	3	1.035165628725016	1.71832554614568	230.0	37	1.05	0.95				
	322	2	0.0	0.0	0.0	0.0	3	1.0494790505521543	6.508855065163045	230.0	37	1.05	0.95				
	323	2	0.0	0.0	0.0	0.0	3	1.0231320688019014	1.371329488103225	230.0	35	1.05	0.95				
	324	1	0.0	0.0	0.0	0.0	3	1.0292542319981992	-0.2190727240205407	230.0	36	1.05	0.95				
	325	1	0.0	0.0	0.0	0.0	3	1.0215831138961449	2.540200288400348	230.0	35	1.05	0.95				
];
