%% MATPOWER Case Format : Version 2
function mpc = RTS_GMLC
mpc.version = '2';

%%-----  Power Flow Data  -----%%
%% system MVA base
mpc.baseMVA = 100.0;
%% bus data
%    bus_i    type    Pd    Qd    Gs    Bs    area    Vm    Va    baseKV    zone    Vmax    Vmin
mpc.bus = [
	101	2	46.304799612631584	9.432459180350875	0.0	0.0	1	1.0352403204680847	2.4179099818360834	138.0	11	1.05	0.95				
	102	2	41.58857002245613	8.57496289122807	0.0	0.0	1	1.0348374372116138	2.2853442378712825	138.0	12	1.05	0.95				
	103	1	77.17466602105263	15.86368134877193	0.0	0.0	1	1.0292485629613908	-0.04182641780142852	138.0	11	1.05	0.95				
	104	1	31.72736269754386	6.431222168421052	0.0	0.0	1	1.0221835650692634	-1.0839079383836685	138.0	11	1.05	0.95				
	105	1	30.441118263859646	6.002474023859649	0.0	0.0	1	1.0366529543782192	-0.8257938008007764	138.0	11	1.05	0.95				
	106	1	58.30974766035087	12.004948047719298	0.0	-100.0	1	1.0457195092584508	-3.083932273811022	138.0	12	1.05	0.95				
	107	2	53.59351807017544	10.718703614035087	0.0	0.0	1	1.000628757848775	-8.139863206401376	138.0	12	1.05	0.95				
	108	1	73.31593271999999	15.006185059649122	0.0	0.0	1	1.0047768224218325	-7.063622884362984	138.0	12	1.05	0.95				
	109	1	75.0309252982456	15.434933204210525	0.0	0.0	1	1.0250900057127457	-2.1104864563376093	138.0	13	1.05	0.95				
	110	1	83.60588818947367	17.14992578245614	0.0	0.0	1	1.05	-2.769849925222559	138.0	13	1.05	0.95				
	111	1	0.0	0.0	0.0	0.0	1	1.0037447298885978	-0.4316917922032453	230.0	13	1.05	0.95				
	112	1	0.0	0.0	0.0	0.0	1	1.0089819215201319	0.1371088708507731	230.0	13	1.05	0.95				
	113	3	113.61825830877193	23.152399806315792	0.0	0.0	1	0.9961994941422477	-1.0936540244286835e-30	230.0	14	1.05	0.95				
	114	2	83.17714004491226	16.721177637894733	0.0	0.0	1	0.9998175549520846	1.328205471362257	230.0	16	1.05	0.95				
	115	2	135.9131618259649	27.43988125192982	0.0	0.0	1	1.0391183998335598	6.385478948231473	230.0	16	1.05	0.95				
	116	2	42.87481445614035	8.57496289122807	0.0	0.0	1	1.0347410333246474	6.2754468305307975	230.0	16	1.05	0.95				
	117	1	0.0	0.0	0.0	0.0	1	1.0426242963013963	7.771115169887632	230.0	17	1.05	0.95				
	118	2	142.77313213894735	29.154873830175436	0.0	0.0	1	1.0454767688748647	7.498093360256919	230.0	17	1.05	0.95				
	119	1	77.60341416561403	15.86368134877193	0.0	0.0	1	1.0287167946293914	5.681911780425038	230.0	15	1.05	0.95				
	120	1	54.87976250385964	11.14745175859649	0.0	0.0	1	1.0263538624439879	5.996563104465845	230.0	15	1.05	0.95				
	121	2	0.0	0.0	0.0	0.0	1	1.05	8.222403485267598	230.0	17	1.05	0.95				
	122	2	0.0	0.0	0.0	0.0	1	1.05	15.877021323574532	230.0	17	1.05	0.95				
	123	2	0.0	0.0	0.0	0.0	1	1.0256760066784512	6.501747169939823	230.0	15	1.05	0.95				
	124	1	0.0	0.0	0.0	0.0	1	1.026775750573928	3.9842199839007564	230.0	16	1.05	0.95				
	201	2	47.820557216842104	9.741224618245612	0.0	0.0	2	1.030243929942773	-5.699223174958168	138.0	21	1.05	0.95				
	202	2	42.94994490771929	8.855658743859648	0.0	0.0	2	1.0306456018698293	-5.654885138635374	138.0	22	1.05	0.95				
	203	1	79.70092869473683	16.38296867614035	0.0	0.0	2	1.0192861876148218	-6.179682962617321	138.0	21	1.05	0.95				
	204	1	32.7659373522807	6.641744057894735	0.0	0.0	2	1.0194183241603167	-8.060043496394137	138.0	21	1.05	0.95				
	205	1	31.43758854070175	6.198961120701754	0.0	0.0	2	1.0344779106506665	-8.112765508305277	138.0	21	1.05	0.95				
	206	1	60.21847945824561	12.397922241403508	0.0	-100.0	2	1.0448338535198585	-9.88396040153776	138.0	22	1.05	0.95				
	207	2	55.3478671491228	11.06957342982456	0.0	0.0	2	0.988596224145189	-16.632501530802404	138.0	22	1.05	0.95				
	208	1	75.71588225999999	15.497402801754385	0.0	0.0	2	0.9957594676428828	-14.630760301903303	138.0	22	1.05	0.95				
	209	1	77.48701400877192	15.940185738947365	0.0	0.0	2	1.0231474671684422	-8.222269676286727	138.0	23	1.05	0.95				
	210	1	86.34267275263157	17.711317487719295	0.0	0.0	2	1.05	-9.151410269029851	138.0	23	1.05	0.95				
	211	1	0.0	0.0	0.0	0.0	2	1.0054748028233966	-5.613065712604692	230.0	23	1.05	0.95				
	212	1	0.0	0.0	0.0	0.0	2	1.0101100267328011	-5.236073281719681	230.0	23	1.05	0.95				
	213	2	117.33747835614032	23.910278608421052	0.0	0.0	2	0.9990264726088369	-4.9300998420455535	230.0	24	1.05	0.95				
	214	2	85.89988981543858	17.26853455052631	0.0	0.0	2	1.0065271013335662	-3.0272155367980247	230.0	26	1.05	0.95				
	215	2	140.36219109017543	28.338107980350873	0.0	0.0	2	1.0289605770480788	3.3901959381063755	230.0	26	1.05	0.95				
	216	2	44.27829371929824	8.855658743859648	0.0	0.0	2	1.0306359857934535	3.2576700471762234	230.0	26	1.05	0.95				
	217	1	0.0	0.0	0.0	0.0	2	1.0357991124730932	6.012761611427753	230.0	27	1.05	0.95				
	218	2	147.44671808526314	30.109239729122805	0.0	0.0	2	1.0374572080758753	6.525332732140204	230.0	27	1.05	0.95				
	219	1	80.14371163192982	16.38296867614035	0.0	0.0	2	1.0305441092748409	2.0763738320795873	230.0	25	1.05	0.95				
	220	1	56.67621596070175	11.512356367017542	0.0	0.0	2	1.0336658052364232	1.9084467386587736	230.0	25	1.05	0.95				
	221	2	0.0	0.0	0.0	0.0	2	1.0372836243275998	6.237796305153205	230.0	27	1.05	0.95				
	222	2	0.0	0.0	0.0	0.0	2	1.05	12.648804886111698	230.0	27	1.05	0.95				
	223	2	0.0	0.0	0.0	0.0	2	1.0359590533350973	2.150775468244589	230.0	25	1.05	0.95				
	224	1	0.0	0.0	0.0	0.0	2	1.013491782185407	-0.19567565033275489	230.0	26	1.05	0.95				
	301	2	59.60329010526317	12.141410947368424	0.0	0.0	3	1.0071431554038695	-30.825803324766607	138.0	31	1.05	0.95				
	302	2	53.53258463157895	11.037646315789477	0.0	0.0	3	1.0065490701879662	-30.97258855752063	138.0	32	1.05	0.95				
	303	1	99.33881684210529	20.41964568421053	0.0	0.0	3	1.0218892902752525	-23.76736451145693	138.0	31	1.05	0.95				
	304	1	40.83929136842106	8.278234736842107	0.0	0.0	3	1.006945716089631	-29.188885783569596	138.0	31	1.05	0.95				
	305	1	39.18364442105264	7.726352421052633	0.0	0.0	3	1.0209950007465596	-29.949857764979544	138.0	31	1.05	0.95				
	306	1	75.05599494736845	15.452704842105266	0.0	-100.0	3	1.0363791048284283	-30.08564262422297	138.0	32	1.05	0.95				
	307	2	68.98528947368422	13.797057894736845	0.0	0.0	3	0.9914898315913016	-36.549110003581596	138.0	32	1.05	0.95				
	308	1	94.37187600000001	19.315881052631582	0.0	0.0	3	0.9932228658988539	-33.942082253770245	138.0	32	1.05	0.95				
	309	1	96.57940526315791	19.867763368421056	0.0	0.0	3	1.0260730393721436	-25.47527763584792	138.0	33	1.05	0.95				
	310	1	107.61705157894738	22.075292631578954	0.0	0.0	3	1.05	-27.302427756800736	138.0	33	1.05	0.95				
	311	1	0.0	0.0	0.0	0.0	3	1.0162638627165967	-20.266438185910264	230.0	33	1.05	0.95				
	312	1	0.0	0.0	0.0	0.0	3	1.016714480305429	-19.765793960126025	230.0	33	1.05	0.95				
	313	2	146.24881368421055	29.801645052631585	0.0	0.0	3	1.0230505577089455	-16.731225939624274	230.0	34	1.05	0.95				
	314	2	107.0651692631579	21.52341031578948	0.0	0.0	3	1.0269673508192667	-17.282217186465754	230.0	36	1.05	0.95				
	315	2	174.9466941052632	35.32046821052632	0.0	0.0	3	1.0473317740194252	-11.34292569368401	230.0	36	1.05	0.95				
	316	2	55.18823157894738	11.037646315789477	0.0	0.0	3	1.0468452386492886	-10.941065042582656	230.0	36	1.05	0.95				
	317	1	0.0	0.0	0.0	0.0	3	1.0485205212416575	-8.6115966284966	230.0	37	1.05	0.95				
	318	2	183.77681115789477	37.52799747368422	0.0	0.0	3	1.0480392635725024	-8.165564020117447	230.0	37	1.05	0.95				
	319	1	99.89069915789476	20.41964568421053	0.0	0.0	3	1.043876191222964	-12.028563823531307	230.0	35	1.05	0.95				
	320	1	70.64093642105264	14.348940210526317	0.0	0.0	3	1.045575176573377	-11.954824833106315	230.0	35	1.05	0.95				
	321	2	0.0	0.0	0.0	0.0	3	1.05	-7.747809605972192	230.0	37	1.05	0.95				
	322	2	0.0	0.0	0.0	0.0	3	1.05	-3.741329813072681	230.0	37	1.05	0.95				
	323	2	0.0	0.0	0.0	0.0	3	1.0474245949034122	-11.571884688203715	230.0	35	1.05	0.95				
	324	1	0.0	0.0	0.0	0.0	3	1.0230899784669796	-15.303913917198173	230.0	36	1.05	0.95				
	325	1	0.0	0.0	0.0	0.0	3	1.0403472237120774	-9.960239920222536	230.0	35	1.05	0.95				
];
