%% MATPOWER Case Format : Version 2
function mpc = RTS_GMLC
mpc.version = '2';

%%-----  Power Flow Data  -----%%
%% system MVA base
mpc.baseMVA = 100.0;
%% bus data
%    bus_i    type    Pd    Qd    Gs    Bs    area    Vm    Va    baseKV    zone    Vmax    Vmin
mpc.bus = [
	101	2	45.00890647578948	9.168480948771931	0.0	0.0	1	1.0315993680659958	1.6748817507358542	138.0	11	1.05	0.95				
	102	2	40.42466600140351	8.334982680701755	0.0	0.0	1	1.0306486842371254	1.3881773965637658	138.0	12	1.05	0.95				
	103	1	75.0148441263158	15.419717959298247	0.0	0.0	1	1.0304512266079535	1.0776706453807468	138.0	11	1.05	0.95				
	104	1	30.839435918596493	6.2512370105263155	0.0	0.0	1	1.0204812560382979	-1.5979212736604413	138.0	11	1.05	0.95				
	105	1	29.589188516491227	5.834487876491229	0.0	0.0	1	1.035022653013587	-1.4750060355584451	138.0	11	1.05	0.95				
	106	1	56.677882228771935	11.668975752982458	0.0	-100.0	1	1.0451641101203408	-3.7061892650390087	138.0	12	1.05	0.95				
	107	2	52.09364175438596	10.418728350877194	0.0	0.0	1	0.9993811314785386	-10.666090131995267	138.0	12	1.05	0.95				
	108	1	71.26410192	14.58621969122807	0.0	0.0	1	1.0032101575966341	-8.635146642699716	138.0	12	1.05	0.95				
	109	1	72.93109845614035	15.002968825263158	0.0	0.0	1	1.024637998280039	-2.343690473376932	138.0	13	1.05	0.95				
	110	1	81.2660811368421	16.66996536140351	0.0	0.0	1	1.05	-3.3477279161045743	138.0	13	1.05	0.95				
	111	1	0.0	0.0	0.0	0.0	1	1.0048572916765717	-0.1596541778695024	230.0	13	1.05	0.95				
	112	1	0.0	0.0	0.0	0.0	1	1.0090796037213916	-0.7422221973453569	230.0	13	1.05	0.95				
	113	3	110.43852051929825	22.50445323789474	0.0	0.0	1	0.9970257709768743	-4.742631968896455e-33	230.0	14	1.05	0.95				
	114	2	80.84933200280702	16.253216227368423	0.0	0.0	1	1.004746140930808	2.506268331298897	230.0	16	1.05	0.95				
	115	2	132.10947548912281	26.671944578245615	0.0	0.0	1	1.042069572812325	10.021155551085053	230.0	16	1.05	0.95				
	116	2	41.674913403508775	8.334982680701755	0.0	0.0	1	1.0357575568512432	8.661716896807784	230.0	16	1.05	0.95				
	117	1	0.0	0.0	0.0	0.0	1	1.0412543385734507	13.375766367454284	230.0	17	1.05	0.95				
	118	2	138.7774616336842	28.338941114385968	0.0	0.0	1	1.0486582754719591	13.867682600804988	230.0	17	1.05	0.95				
	119	1	75.43159326035088	15.419717959298247	0.0	0.0	1	1.0247952388124804	5.528426904517619	230.0	15	1.05	0.95				
	120	1	53.34388915649123	10.835477484912282	0.0	0.0	1	1.0201117168029492	3.5836946070339892	230.0	15	1.05	0.95				
	121	2	0.0	0.0	0.0	0.0	1	1.05	15.316091757861741	230.0	17	1.05	0.95				
	122	2	0.0	0.0	0.0	0.0	1	1.05	28.73421018391312	230.0	17	1.05	0.95				
	123	2	0.0	0.0	0.0	0.0	1	1.0182358784661898	2.833111791106931	230.0	15	1.05	0.95				
	124	1	0.0	0.0	0.0	0.0	1	1.0264422798674648	6.677506592665689	230.0	16	1.05	0.95				
	201	2	44.862584589473684	9.138674638596491	0.0	0.0	2	1.012051271587161	-15.491966781279709	138.0	21	1.05	0.95				
	202	2	40.293247270175435	8.30788603508772	0.0	0.0	2	1.0111609764603373	-15.782493251298426	138.0	22	1.05	0.95				
	203	1	74.77097431578947	15.36958916491228	0.0	0.0	2	1.0148074399775464	-11.25106035710685	138.0	21	1.05	0.95				
	204	1	30.73917832982456	6.2309145263157895	0.0	0.0	2	1.0111291659865522	-15.32778845897827	138.0	21	1.05	0.95				
	205	1	29.492995424561403	5.8155202245614035	0.0	0.0	2	1.0259504750679629	-15.796001716763298	138.0	21	1.05	0.95				
	206	1	56.4936250385965	11.631040449122807	0.0	-100.0	2	1.041613191828452	-16.486891329360702	138.0	22	1.05	0.95				
	207	2	51.92428771929825	10.384857543859649	0.0	0.0	2	0.9939262088986396	-21.44007261611716	138.0	22	1.05	0.95				
	208	1	71.0324256	14.538800561403509	0.0	0.0	2	0.9999573631502313	-19.570819987371813	138.0	22	1.05	0.95				
	209	1	72.69400280701754	14.954194863157893	0.0	0.0	2	1.0231676538322572	-13.234644172361113	138.0	23	1.05	0.95				
	210	1	81.00188884210526	16.61577207017544	0.0	0.0	2	1.05	-14.761862977996453	138.0	23	1.05	0.95				
	211	1	0.0	0.0	0.0	0.0	2	1.0074930165941018	-10.074197682982577	230.0	23	1.05	0.95				
	212	1	0.0	0.0	0.0	0.0	2	1.009470874930624	-9.124860784721983	230.0	23	1.05	0.95				
	213	2	110.07948996491228	22.431292294736842	0.0	0.0	2	1.0055587699624058	-8.455187857312822	230.0	24	1.05	0.95				
	214	2	80.58649454035087	16.200377768421053	0.0	0.0	2	1.0094193206204503	-7.471804842999148	230.0	26	1.05	0.95				
	215	2	131.67999365614034	26.5852353122807	0.0	0.0	2	1.0239023190745613	-1.13216722491751	230.0	26	1.05	0.95				
	216	2	41.539430175438596	8.30788603508772	0.0	0.0	2	1.0259624498091804	-1.268730179206832	230.0	26	1.05	0.95				
	217	1	0.0	0.0	0.0	0.0	2	1.029114517069729	0.27593781291486824	230.0	27	1.05	0.95				
	218	2	138.32630248421054	28.24681251929825	0.0	0.0	2	1.0282903720961585	-0.23025780992857692	230.0	27	1.05	0.95				
	219	1	75.18636861754386	15.36958916491228	0.0	0.0	2	1.0283178170567013	-1.0599580887974194	230.0	25	1.05	0.95				
	220	1	53.1704706245614	10.800251845614035	0.0	0.0	2	1.0331124649972558	-0.07354584375106893	230.0	25	1.05	0.95				
	221	2	0.0	0.0	0.0	0.0	2	1.0301571938743739	0.27157348000725573	230.0	27	1.05	0.95				
	222	2	0.0	0.0	0.0	0.0	2	1.0499999988675779	6.765502513251193	230.0	27	1.05	0.95				
	223	2	0.0	0.0	0.0	0.0	2	1.0365168067825763	0.7790870224614439	230.0	25	1.05	0.95				
	224	1	0.0	0.0	0.0	0.0	2	1.0080643999204828	-4.92670946636717	230.0	26	1.05	0.95				
	301	2	47.081303393684216	9.590635876491229	0.0	0.0	3	1.012061281459475	1.4161236492187248	138.0	31	1.05	0.95				
	302	2	42.2859854554386	8.7187598877193	0.0	0.0	3	1.011387962959589	1.0870171142824292	138.0	32	1.05	0.95				
	303	1	78.46883898947368	16.129705792280703	0.0	0.0	3	1.05	14.249880527562658	138.0	31	1.05	0.95				
	304	1	32.259411584561406	6.539069915789473	0.0	0.0	3	1.0113585400282463	2.1840333701462677	138.0	31	1.05	0.95				
	305	1	30.951597601403506	6.103131921403509	0.0	0.0	3	1.0256791713523354	0.327479252028691	138.0	31	1.05	0.95				
	306	1	59.287567236491235	12.206263842807019	0.0	-100.0	3	1.0409564333796293	-0.8064043743809036	138.0	32	1.05	0.95				
	307	2	54.49224929824561	10.898449859649123	0.0	0.0	3	0.9878755337912475	-5.05904527316855	138.0	32	1.05	0.95				
	308	1	74.54539704000001	15.257829803508772	0.0	0.0	3	0.9956742327922198	-3.0980811089298155	138.0	32	1.05	0.95				
	309	1	76.28914901754386	15.693767797894736	0.0	0.0	3	1.0246896681606135	4.876201049919027	138.0	33	1.05	0.95				
	310	1	85.00790890526316	17.4375197754386	0.0	0.0	3	1.05	0.6433123264502862	138.0	33	1.05	0.95				
	311	1	0.0	0.0	0.0	0.0	3	1.0095251210140181	4.816785174801587	230.0	33	1.05	0.95				
	312	1	0.0	0.0	0.0	0.0	3	1.0146115920664773	5.399997754679045	230.0	33	1.05	0.95				
	313	2	115.52356851228069	23.540651696842108	0.0	0.0	3	1.0120310137384687	7.430205663403109	230.0	34	1.05	0.95				
	314	2	84.5719709108772	17.001581781052632	0.0	0.0	3	1.0042669116939609	4.6849408321899535	230.0	36	1.05	0.95				
	315	2	138.19234422035086	27.900031640701755	0.0	0.0	3	1.0434596442888469	7.449698766517225	230.0	36	1.05	0.95				
	316	2	43.59379943859649	8.7187598877193	0.0	0.0	3	1.0364652408414143	7.077963943594729	230.0	36	1.05	0.95				
	317	1	0.0	0.0	0.0	0.0	3	1.047843960097138	10.072480302968644	230.0	37	1.05	0.95				
	318	2	145.16735213052633	29.643783618245617	0.0	0.0	3	1.0460982340950378	8.310447491147542	230.0	37	1.05	0.95				
	319	1	78.90477698385965	16.129705792280703	0.0	0.0	3	1.0280685615364804	6.587265968917571	230.0	35	1.05	0.95				
	320	1	55.80006328140351	11.33438785403509	0.0	0.0	3	1.023720090884854	7.006024713619045	230.0	35	1.05	0.95				
	321	2	0.0	0.0	0.0	0.0	3	1.045970122955464	8.620162786090644	230.0	37	1.05	0.95				
	322	2	0.0	0.0	0.0	0.0	3	1.05	13.528780230127255	230.0	37	1.05	0.95				
	323	2	0.0	0.0	0.0	0.0	3	1.022020119696247	7.5774535297152115	230.0	35	1.05	0.95				
	324	1	0.0	0.0	0.0	0.0	3	1.0433218934519646	10.052786753151864	230.0	36	1.05	0.95				
	325	1	0.0	0.0	0.0	0.0	3	1.0231492898669106	8.251066591282054	230.0	35	1.05	0.95				
];
