%% MATPOWER Case Format : Version 2
function mpc = RTS_GMLC
mpc.version = '2';

%%-----  Power Flow Data  -----%%
%% system MVA base
mpc.baseMVA = 100.0;
%% bus data
%    bus_i    type    Pd    Qd    Gs    Bs    area    Vm    Va    baseKV    zone    Vmax    Vmin
mpc.bus = [
	101	2	43.84661058947369	8.931716971929825	0.0	0.0	1	1.0329784713049555	1.809090074337958	138.0	11	1.05	0.95				
	102	2	39.380752103508776	8.119742701754387	0.0	0.0	1	1.0320755851021854	1.5614226770687836	138.0	12	1.05	0.95				
	103	1	73.07768431578948	15.021523998245614	0.0	0.0	1	1.0287247796743193	-0.038140548819880424	138.0	11	1.05	0.95				
	104	1	30.04304799649123	6.08980702631579	0.0	0.0	1	1.0214654674217694	-1.3452613019027857	138.0	11	1.05	0.95				
	105	1	28.82508659122807	5.683819891228071	0.0	0.0	1	1.0360398499483383	-1.107195375261296	138.0	11	1.05	0.95				
	106	1	55.21425037192983	11.367639782456141	0.0	-100.0	1	1.045966600044007	-3.19549598715822	138.0	12	1.05	0.95				
	107	2	50.748391885964914	10.149678377192984	0.0	0.0	1	1.0013497772197175	-7.3604580880403905	138.0	12	1.05	0.95				
	108	1	69.4238001	14.209549728070176	0.0	0.0	1	1.0061160390341035	-6.542865714630447	138.0	12	1.05	0.95				
	109	1	71.04774864035089	14.615536863157896	0.0	0.0	1	1.0248047758497612	-2.0734174573708706	138.0	13	1.05	0.95				
	110	1	79.16749134210527	16.239485403508773	0.0	0.0	1	1.05	-2.7811262304922555	138.0	13	1.05	0.95				
	111	1	0.0	0.0	0.0	0.0	1	1.0027685483017963	-0.43322638977520883	230.0	13	1.05	0.95				
	112	1	0.0	0.0	0.0	0.0	1	1.0077008123373752	0.04532818223183544	230.0	13	1.05	0.95				
	113	3	107.58659079824562	21.923305294736846	0.0	0.0	1	0.9943039797087686	8.442632667081161e-29	230.0	14	1.05	0.95				
	114	2	78.76150420701755	15.833498268421053	0.0	0.0	1	0.9987745631778604	1.3182926458697983	230.0	16	1.05	0.95				
	115	2	128.69792182280702	25.983176645614037	0.0	0.0	1	1.0365976103869534	6.460236585632135	230.0	16	1.05	0.95				
	116	2	40.59871350877194	8.119742701754387	0.0	0.0	1	1.03188969552194	6.128822071907591	230.0	16	1.05	0.95				
	117	1	0.0	0.0	0.0	0.0	1	1.040392986629511	7.740133159032505	230.0	17	1.05	0.95				
	118	2	135.19371598421054	27.607125185964914	0.0	0.0	1	1.0430041623473931	7.67344532494147	230.0	17	1.05	0.95				
	119	1	73.4836714508772	15.021523998245614	0.0	0.0	1	1.0255643680834658	5.428204928883857	230.0	15	1.05	0.95				
	120	1	51.966353291228074	10.555665512280703	0.0	0.0	1	1.0227144905398882	5.6100858668534945	230.0	15	1.05	0.95				
	121	2	0.0	0.0	0.0	0.0	1	1.0473530421473554	8.538604835877052	230.0	17	1.05	0.95				
	122	2	0.0	0.0	0.0	0.0	1	1.05	14.737736661487972	230.0	17	1.05	0.95				
	123	2	0.0	0.0	0.0	0.0	1	1.0216411440839206	6.027508016794411	230.0	15	1.05	0.95				
	124	1	0.0	0.0	0.0	0.0	1	1.024960498219264	4.026364948843912	230.0	16	1.05	0.95				
	201	2	41.88761215578948	8.532661735438598	0.0	0.0	2	1.02562477176756	-4.913316192501765	138.0	21	1.05	0.95				
	202	2	37.62128128807018	7.756965214035088	0.0	0.0	2	1.0265263363430421	-4.697164868096365	138.0	22	1.05	0.95				
	203	1	69.8126869263158	14.350385645964913	0.0	0.0	2	1.0189246141589376	-5.0152959671522614	138.0	21	1.05	0.95				
	204	1	28.700771291929826	5.8177239105263165	0.0	0.0	2	1.0187584367893125	-6.544030150870919	138.0	21	1.05	0.95				
	205	1	27.537226509824563	5.429875649824563	0.0	0.0	2	1.033113710984747	-6.728119450617662	138.0	21	1.05	0.95				
	206	1	52.74736345543861	10.859751299649126	0.0	-100.0	2	1.0456491965815444	-8.08994772723323	138.0	22	1.05	0.95				
	207	2	48.481032587719305	9.69620651754386	0.0	0.0	2	0.9914744274004673	-13.754169197260453	138.0	22	1.05	0.95				
	208	1	66.32205258	13.574689124561404	0.0	0.0	2	0.9996712139301566	-12.043259322003488	138.0	22	1.05	0.95				
	209	1	67.87344562280703	13.96253738526316	0.0	0.0	2	1.0231022855078635	-6.458990027826982	138.0	23	1.05	0.95				
	210	1	75.63041083684212	15.513930428070177	0.0	0.0	2	1.05	-7.320826175911967	138.0	23	1.05	0.95				
	211	1	0.0	0.0	0.0	0.0	2	1.0026586157015513	-4.0353961491682435	230.0	23	1.05	0.95				
	212	1	0.0	0.0	0.0	0.0	2	1.0076377145889874	-3.5414077571668265	230.0	23	1.05	0.95				
	213	2	102.77978908596492	20.94380607789474	0.0	0.0	2	0.9954222800175335	-3.1887178050275735	230.0	24	1.05	0.95				
	214	2	75.24256257614036	15.126082167368423	0.0	0.0	2	1.0008298579166517	-1.7818736415718706	230.0	26	1.05	0.95				
	215	2	122.94789864245614	24.822288684912284	0.0	0.0	2	1.0242650268226032	3.7506202803189117	230.0	26	1.05	0.95				
	216	2	38.78482607017544	7.756965214035088	0.0	0.0	2	1.0248935107132338	3.697227032369878	230.0	26	1.05	0.95				
	217	1	0.0	0.0	0.0	0.0	2	1.0311565478967728	5.978618821869818	230.0	27	1.05	0.95				
	218	2	129.15347081368424	26.373681727719305	0.0	0.0	2	1.032339310443634	6.312961326690647	230.0	27	1.05	0.95				
	219	1	70.20053518701755	14.350385645964913	0.0	0.0	2	1.0248086194514963	3.027520588402567	230.0	25	1.05	0.95				
	220	1	49.64457736982457	10.084054778245616	0.0	0.0	2	1.0271661771770557	3.206910366249332	230.0	25	1.05	0.95				
	221	2	0.0	0.0	0.0	0.0	2	1.0327867778094606	6.226336077789883	230.0	27	1.05	0.95				
	222	2	0.0	0.0	0.0	0.0	2	1.05	12.623758658182576	230.0	27	1.05	0.95				
	223	2	0.0	0.0	0.0	0.0	2	1.0288591342777786	3.6034522163948393	230.0	25	1.05	0.95				
	224	1	0.0	0.0	0.0	0.0	2	1.0113792236444321	0.45245284439829025	230.0	26	1.05	0.95				
	301	2	44.33090794105263	9.03037013614035	0.0	0.0	3	1.007963647462009	-21.458054583254796	138.0	31	1.05	0.95				
	302	2	39.815722872982455	8.209427396491229	0.0	0.0	3	1.007867172940487	-21.577852673512318	138.0	32	1.05	0.95				
	303	1	73.88484656842105	15.187440683508772	0.0	0.0	3	1.0247829229595118	-16.002427136634537	138.0	31	1.05	0.95				
	304	1	30.374881367017544	6.157070547368421	0.0	0.0	3	1.0107520442759976	-20.267267828653935	138.0	31	1.05	0.95				
	305	1	29.143467257543858	5.74659917754386	0.0	0.0	3	1.0237264641198196	-20.981845922503727	138.0	31	1.05	0.95				
	306	1	55.82410629614035	11.49319835508772	0.0	-100.0	3	1.040943869866408	-21.214323657851047	138.0	32	1.05	0.95				
	307	2	51.30892122807017	10.261784245614034	0.0	0.0	3	0.9937375819700746	-25.65848548450481	138.0	32	1.05	0.95				
	308	1	70.19060424	14.366497943859649	0.0	0.0	3	1.0006041787312667	-23.82606250175108	138.0	32	1.05	0.95				
	309	1	71.83248971929824	14.77696931368421	0.0	0.0	3	1.0257037636612558	-17.510530849006017	138.0	33	1.05	0.95				
	310	1	80.04191711578947	16.418854792982458	0.0	0.0	3	1.05	-19.183353396105034	138.0	33	1.05	0.95				
	311	1	0.0	0.0	0.0	0.0	3	1.006717045709057	-13.799558300309682	230.0	33	1.05	0.95				
	312	1	0.0	0.0	0.0	0.0	3	1.0106898664487898	-13.198961152119173	230.0	33	1.05	0.95				
	313	2	108.77491300350877	22.165453970526315	0.0	0.0	3	1.0098276590899682	-10.245789689534568	230.0	34	1.05	0.95				
	314	2	79.63144574596491	16.008383423157895	0.0	0.0	3	1.0049710710739033	-12.250645587204598	230.0	36	1.05	0.95				
	315	2	130.11942423438597	26.270167668771933	0.0	0.0	3	1.0284030599787235	-8.424499027253152	230.0	36	1.05	0.95				
	316	2	41.04713698245614	8.209427396491229	0.0	0.0	3	1.0280664238304287	-7.611610280930675	230.0	36	1.05	0.95				
	317	1	0.0	0.0	0.0	0.0	3	1.0329426034801392	-6.41069417280999	230.0	37	1.05	0.95				
	318	2	136.68696615157893	27.912053148070175	0.0	0.0	3	1.0323092315005131	-6.329005366122733	230.0	37	1.05	0.95				
	319	1	74.29531793824562	15.187440683508772	0.0	0.0	3	1.0254727060479194	-8.077707876924416	230.0	35	1.05	0.95				
	320	1	52.540335337543866	10.672255615438598	0.0	0.0	3	1.025880490883701	-7.68026447191441	230.0	35	1.05	0.95				
	321	2	0.0	0.0	0.0	0.0	3	1.0331631234058558	-6.507540416135945	230.0	37	1.05	0.95				
	322	2	0.0	0.0	0.0	0.0	3	1.0463068426556008	-2.1320806198306403	230.0	37	1.05	0.95				
	323	2	0.0	0.0	0.0	0.0	3	1.0266640821900062	-7.144991291294874	230.0	35	1.05	0.95				
	324	1	0.0	0.0	0.0	0.0	3	1.0173786071881927	-11.279391741692438	230.0	36	1.05	0.95				
	325	1	0.0	0.0	0.0	0.0	3	1.0235706872836334	-5.825404351844983	230.0	35	1.05	0.95				
];
