%% MATPOWER Case Format : Version 2
function mpc = RTS_GMLC
mpc.version = '2';

%%-----  Power Flow Data  -----%%
%% system MVA base
mpc.baseMVA = 100.0;
%% bus data
%    bus_i    type    Pd    Qd    Gs    Bs    area    Vm    Va    baseKV    zone    Vmax    Vmin
mpc.bus = [
	101	2	61.49480456842106	12.526719449122806	0.0	0.0	1	1.0368343905843216	-0.03831501898653979	138.0	11	1.05	0.95				
	102	2	55.23144484385965	11.387926771929823	0.0	0.0	1	1.03576239281501	-0.3722015334812408	138.0	12	1.05	0.95				
	103	1	102.49134094736843	21.067664528070175	0.0	0.0	1	1.02542617542546	-0.4837240093976874	138.0	11	1.05	0.95				
	104	1	42.13532905614035	8.540945078947368	0.0	0.0	1	1.0210933495699532	-3.3183518781665162	138.0	11	1.05	0.95				
	105	1	40.42714004035087	7.971548740350877	0.0	0.0	1	1.035522034242471	-3.463974945597539	138.0	11	1.05	0.95				
	106	1	77.43790204912281	15.943097480701754	0.0	-100.0	1	1.0419469326353499	-5.981778943265148	138.0	12	1.05	0.95				
	107	2	71.1745423245614	14.23490846491228	0.0	0.0	1	0.9982350630498202	-13.179063948450361	138.0	12	1.05	0.95				
	108	1	97.3667739	19.92887185087719	0.0	0.0	1	0.9974444661652996	-11.281508148042308	138.0	12	1.05	0.95				
	109	1	99.64435925438596	20.49826818947368	0.0	0.0	1	1.0247724649451562	-3.87328166989145	138.0	13	1.05	0.95				
	110	1	111.03228602631579	22.775853543859647	0.0	0.0	1	1.05	-5.157843797342573	138.0	13	1.05	0.95				
	111	1	0.0	0.0	0.0	0.0	1	1.0115486836080179	-0.9353408813696185	230.0	13	1.05	0.95				
	112	1	0.0	0.0	0.0	0.0	1	1.013534986845731	-0.9751012706404616	230.0	13	1.05	0.95				
	113	3	150.89002972807015	30.74740228421053	0.0	0.0	1	1.008125171742821	-9.657395394653349e-31	230.0	14	1.05	0.95				
	114	2	110.4628896877193	22.20645720526316	0.0	0.0	1	1.0169292610049265	1.8792065379452523	230.0	16	1.05	0.95				
	115	2	180.4986393350877	36.441365670175436	0.0	0.0	1	1.0411536915986934	10.436512913606808	230.0	16	1.05	0.95				
	116	2	56.93963385964912	11.387926771929823	0.0	0.0	1	1.0375911767099628	9.295144458814075	230.0	16	1.05	0.95				
	117	1	0.0	0.0	0.0	0.0	1	1.0405902606343358	14.525788904947154	230.0	17	1.05	0.95				
	118	2	189.60898075263157	38.718951024561406	0.0	0.0	1	1.05	14.777043624694588	230.0	17	1.05	0.95				
	119	1	103.0607372859649	21.067664528070175	0.0	0.0	1	1.0311423507097885	6.688569568379997	230.0	15	1.05	0.95				
	120	1	72.88273134035087	14.804304803508773	0.0	0.0	1	1.0312741168522477	5.504453415544905	230.0	15	1.05	0.95				
	121	2	0.0	0.0	0.0	0.0	1	1.05	16.375188533194727	230.0	17	1.05	0.95				
	122	2	0.0	0.0	0.0	0.0	1	1.05	33.95925898805989	230.0	17	1.05	0.95				
	123	2	0.0	0.0	0.0	0.0	1	1.0325203077512317	5.283586262219997	230.0	15	1.05	0.95				
	124	1	0.0	0.0	0.0	0.0	1	1.0216342823015054	6.366093413716186	230.0	16	1.05	0.95				
	201	2	53.56650402947369	10.911695265263159	0.0	0.0	2	1.023796543513138	-12.609139484168914	138.0	21	1.05	0.95				
	202	2	48.1106563968421	9.919722968421054	0.0	0.0	2	1.0247571082949873	-12.42509195378064	138.0	22	1.05	0.95				
	203	1	89.27750671578949	18.351487491578947	0.0	0.0	2	1.0165380261951165	-11.38783699757619	138.0	21	1.05	0.95				
	204	1	36.702974983157894	7.439792226315789	0.0	0.0	2	1.0162039247346442	-13.842733080107081	138.0	21	1.05	0.95				
	205	1	35.21501653789474	6.943806077894737	0.0	0.0	2	1.0307825680097464	-14.173497501587946	138.0	21	1.05	0.95				
	206	1	67.45411618526317	13.887612155789474	0.0	-100.0	2	1.0422838013798013	-15.490638126431397	138.0	22	1.05	0.95				
	207	2	61.998268552631586	12.399653710526316	0.0	0.0	2	0.9900480111615629	-22.601501754063094	138.0	22	1.05	0.95				
	208	1	84.81363138	17.35951519473684	0.0	0.0	2	0.9944051316883121	-20.30224986098258	138.0	22	1.05	0.95				
	209	1	86.79757597368422	17.855501343157894	0.0	0.0	2	1.0236709564245219	-12.965359613848557	138.0	23	1.05	0.95				
	210	1	96.71729894210527	19.839445936842107	0.0	0.0	2	1.05	-14.168060129260768	138.0	23	1.05	0.95				
	211	1	0.0	0.0	0.0	0.0	2	1.0097887380349093	-9.700659300233493	230.0	23	1.05	0.95				
	212	1	0.0	0.0	0.0	0.0	2	1.0112536495255486	-8.52273917581623	230.0	23	1.05	0.95				
	213	2	131.43632933157895	26.783252014736846	0.0	0.0	2	1.008733262144241	-8.023541043207493	230.0	24	1.05	0.95				
	214	2	96.2213127936842	19.343459788421054	0.0	0.0	2	1.012714938978928	-7.232979767580576	230.0	26	1.05	0.95				
	215	2	157.22760904947367	31.743113498947373	0.0	0.0	2	1.0302097042702678	-0.6951639805242679	230.0	26	1.05	0.95				
	216	2	49.59861484210526	9.919722968421054	0.0	0.0	2	1.031816247441693	-0.7389291583606115	230.0	26	1.05	0.95				
	217	1	0.0	0.0	0.0	0.0	2	1.0349855028679458	0.9886252994286467	230.0	27	1.05	0.95				
	218	2	165.16338742421053	33.72705809263159	0.0	0.0	2	1.0337634824742197	0.2715430567465389	230.0	27	1.05	0.95				
	219	1	89.77349286421054	18.351487491578947	0.0	0.0	2	1.0332601984800096	-0.3437859608163885	230.0	25	1.05	0.95				
	220	1	63.48622699789475	12.89563985894737	0.0	0.0	2	1.0382696620030811	0.9476642911524157	230.0	25	1.05	0.95				
	221	2	0.0	0.0	0.0	0.0	2	1.035246297741312	0.7577705015312792	230.0	27	1.05	0.95				
	222	2	0.0	0.0	0.0	0.0	2	1.05	7.3462848576366655	230.0	27	1.05	0.95				
	223	2	0.0	0.0	0.0	0.0	2	1.0423097786422844	2.021534831420535	230.0	25	1.05	0.95				
	224	1	0.0	0.0	0.0	0.0	2	1.0118849611618268	-4.687794267599513	230.0	26	1.05	0.95				
	301	2	52.24043023578947	10.641569122105263	0.0	0.0	3	1.0074068770317683	-8.035913808785097	138.0	31	1.05	0.95				
	302	2	46.919645674736834	9.67415374736842	0.0	0.0	3	1.0069410052880976	-8.137832935728703	138.0	32	1.05	0.95				
	303	1	87.06738372631578	17.897184432631576	0.0	0.0	3	1.0231562053816812	-2.3922716739086938	138.0	31	1.05	0.95				
	304	1	35.79436886526315	7.255615310526315	0.0	0.0	3	1.0092843082496066	-6.361241509520996	138.0	31	1.05	0.95				
	305	1	34.34324580315789	6.771907623157896	0.0	0.0	3	1.022232435802216	-7.290362647352093	138.0	31	1.05	0.95				
	306	1	65.78424548210526	13.543815246315791	0.0	-100.0	3	1.038537036650768	-7.4320546985452065	138.0	32	1.05	0.95				
	307	2	60.46346092105262	12.092692184210525	0.0	0.0	3	0.993291945958661	-12.72659862159508	138.0	32	1.05	0.95				
	308	1	82.71401454	16.929769057894735	0.0	0.0	3	0.9975836495514896	-10.499973188848537	138.0	32	1.05	0.95				
	309	1	84.64884528947367	17.413476745263157	0.0	0.0	3	1.0272258085659742	-2.937240908516329	138.0	33	1.05	0.95				
	310	1	94.32299903684209	19.34830749473684	0.0	0.0	3	1.05	-4.9904815926568045	138.0	33	1.05	0.95				
	311	1	0.0	0.0	0.0	0.0	3	1.0103422794293706	1.023390078177833	230.0	33	1.05	0.95				
	312	1	0.0	0.0	0.0	0.0	3	1.0125581549600142	1.2520268204550782	230.0	33	1.05	0.95				
	313	2	128.18253715263157	26.120215117894734	0.0	0.0	3	1.0120605492763002	4.272591708803544	230.0	34	1.05	0.95				
	314	2	93.83929134947367	18.86459980736842	0.0	0.0	3	1.0142475123994559	3.2439010414470997	230.0	36	1.05	0.95				
	315	2	153.33533689578945	30.957291991578945	0.0	0.0	3	1.0389598456587263	7.036915385929666	230.0	36	1.05	0.95				
	316	2	48.3707687368421	9.67415374736842	0.0	0.0	3	1.0375517155094272	7.46702554233695	230.0	36	1.05	0.95				
	317	1	0.0	0.0	0.0	0.0	3	1.05	12.87796707765429	230.0	37	1.05	0.95				
	318	2	161.07465989368418	32.89212274105263	0.0	0.0	3	1.0458687753058407	10.163987076335516	230.0	37	1.05	0.95				
	319	1	87.5510914136842	17.897184432631576	0.0	0.0	3	1.031819858672412	6.697357318754131	230.0	35	1.05	0.95				
	320	1	61.91458398315789	12.576399871578946	0.0	0.0	3	1.0291788742466201	6.427885701441636	230.0	35	1.05	0.95				
	321	2	0.0	0.0	0.0	0.0	3	1.0449189305614113	9.768999608885526	230.0	37	1.05	0.95				
	322	2	0.0	0.0	0.0	0.0	3	1.05	15.331419147492786	230.0	37	1.05	0.95				
	323	2	0.0	0.0	0.0	0.0	3	1.0282888008264526	6.567285310161565	230.0	35	1.05	0.95				
	324	1	0.0	0.0	0.0	0.0	3	1.0223153956899291	4.225344621790791	230.0	36	1.05	0.95				
	325	1	0.0	0.0	0.0	0.0	3	1.0280956640798973	7.406519193532117	230.0	35	1.05	0.95				
];
