%% MATPOWER Case Format : Version 2
function mpc = RTS_GMLC
mpc.version = '2';

%%-----  Power Flow Data  -----%%
%% system MVA base
mpc.baseMVA = 100.0;
%% bus data
%    bus_i    type    Pd    Qd    Gs    Bs    area    Vm    Va    baseKV    zone    Vmax    Vmin
mpc.bus = [
	101	2	39.21078675789473	7.987382487719298	0.0	0.0	1	1.018690809282601	-2.7564016575127823	138.0	11	1.05	0.95				
	102	2	35.21709551403509	7.261256807017544	0.0	0.0	1	1.0179029539408162	-2.9526090119268846	138.0	12	1.05	0.95				
	103	1	65.35131126315788	13.433325092982454	0.0	0.0	1	1.0303275212595013	-0.17090151555654481	138.0	11	1.05	0.95				
	104	1	26.866650185964907	5.445942605263157	0.0	0.0	1	1.0191483498765253	-3.3641250241146796	138.0	11	1.05	0.95				
	105	1	25.777461664912277	5.08287976491228	0.0	0.0	1	1.029993780392593	-4.281696520326201	138.0	11	1.05	0.95				
	106	1	49.3765462877193	10.16575952982456	0.0	-100.0	1	1.0444552901527948	-5.564690546650817	138.0	12	1.05	0.95				
	107	2	45.38285504385964	9.076571008771928	0.0	0.0	1	1.002799031238553	-9.448316352640402	138.0	12	1.05	0.95				
	108	1	62.083745699999994	12.707199412280701	0.0	0.0	1	1.0080126558563753	-8.231487302903481	138.0	12	1.05	0.95				
	109	1	63.535997061403506	13.070262252631576	0.0	0.0	1	1.025082441411557	-3.1689154916991304	138.0	13	1.05	0.95				
	110	1	70.79725386842104	14.522513614035088	0.0	0.0	1	1.05	-4.64585865543451	138.0	13	1.05	0.95				
	111	1	0.0	0.0	0.0	0.0	1	1.002620107171885	-1.0676391342195022	230.0	13	1.05	0.95				
	112	1	0.0	0.0	0.0	0.0	1	1.0066975880855136	-1.4964626195875816	230.0	13	1.05	0.95				
	113	3	96.21165269298244	19.605393378947365	0.0	0.0	1	0.9951368910661182	5.198604110038842e-32	230.0	14	1.05	0.95				
	114	2	70.43419102807017	14.15945077368421	0.0	0.0	1	0.999991819200935	0.9941108522488511	230.0	16	1.05	0.95				
	115	2	115.09092039122805	23.23602178245614	0.0	0.0	1	1.033412183493684	7.132959329323746	230.0	16	1.05	0.95				
	116	2	36.306284035087714	7.261256807017544	0.0	0.0	1	1.0291982317713115	5.994344476195285	230.0	16	1.05	0.95				
	117	1	0.0	0.0	0.0	0.0	1	1.0369069586905426	9.52849276048885	230.0	17	1.05	0.95				
	118	2	120.8999258368421	24.68827314385965	0.0	0.0	1	1.0404109147697107	10.334188010415952	230.0	17	1.05	0.95				
	119	1	65.71437410350876	13.433325092982454	0.0	0.0	1	1.0194222860212303	3.700371847405196	230.0	15	1.05	0.95				
	120	1	46.47204356491228	9.439633849122806	0.0	0.0	1	1.013470825620826	2.010435152066248	230.0	15	1.05	0.95				
	121	2	0.0	0.0	0.0	0.0	1	1.0423513985540127	11.593309622134413	230.0	17	1.05	0.95				
	122	2	0.0	0.0	0.0	0.0	1	1.05	17.656322904643634	230.0	17	1.05	0.95				
	123	2	0.0	0.0	0.0	0.0	1	1.0105909729188665	1.3627475991933975	230.0	15	1.05	0.95				
	124	1	0.0	0.0	0.0	0.0	1	1.022819425270395	4.380050800849731	230.0	16	1.05	0.95				
	201	2	42.074610404210524	8.570753971228068	0.0	0.0	2	1.0153064244259982	-11.260211269356667	138.0	21	1.05	0.95				
	202	2	37.78923341859649	7.791594519298245	0.0	0.0	2	1.0144692664118313	-11.50346232004705	138.0	22	1.05	0.95				
	203	1	70.1243506736842	14.414449860701753	0.0	0.0	2	1.0148324846585128	-8.612623354356966	138.0	21	1.05	0.95				
	204	1	28.828899721403506	5.8436958894736835	0.0	0.0	2	1.0132509003187065	-11.01217910098068	138.0	21	1.05	0.95				
	205	1	27.660160543508766	5.454116163508773	0.0	0.0	2	1.02794901459926	-11.33023403453215	138.0	21	1.05	0.95				
	206	1	52.982842731228075	10.908232327017545	0.0	-100.0	2	1.0431790335526336	-11.865014271193873	138.0	22	1.05	0.95				
	207	2	48.69746574561403	9.739493149122806	0.0	0.0	2	0.9980496810226955	-16.527149131946352	138.0	22	1.05	0.95				
	208	1	66.61813314	13.635290408771928	0.0	0.0	2	1.0034376901618296	-14.784220290746745	138.0	22	1.05	0.95				
	209	1	68.17645204385965	14.024870134736842	0.0	0.0	2	1.0233290585744537	-8.995944642510706	138.0	23	1.05	0.95				
	210	1	75.96804656315788	15.58318903859649	0.0	0.0	2	1.05	-10.146156006456385	138.0	23	1.05	0.95				
	211	1	0.0	0.0	0.0	0.0	2	1.001957648436766	-6.869247221487404	230.0	23	1.05	0.95				
	212	1	0.0	0.0	0.0	0.0	2	1.0086771665023324	-3.31545677369592	230.0	23	1.05	0.95				
	213	2	103.23862738070176	21.037305202105262	0.0	0.0	2	0.995684292763387	-5.1011215189003245	230.0	24	1.05	0.95				
	214	2	75.57846683719298	15.193609312631578	0.0	0.0	2	0.9980061000920252	-5.560926935000913	230.0	26	1.05	0.95				
	215	2	123.49677313087719	24.933102461754384	0.0	0.0	2	1.0154056429919645	-0.47392347624990405	230.0	26	1.05	0.95				
	216	2	38.957972596491224	7.791594519298245	0.0	0.0	2	1.0140875196616033	-1.309508050117865	230.0	26	1.05	0.95				
	217	1	0.0	0.0	0.0	0.0	2	1.0196958298318808	0.23604255199056715	230.0	27	1.05	0.95				
	218	2	129.7300487463158	26.491421365614038	0.0	0.0	2	1.0194351373054253	-0.05032749354222019	230.0	27	1.05	0.95				
	219	1	70.51393039964911	14.414449860701753	0.0	0.0	2	1.0128973643499521	-1.668679636768484	230.0	25	1.05	0.95				
	220	1	49.86620492350877	10.129072875087719	0.0	0.0	2	1.0143529183406306	-1.1992694993798496	230.0	25	1.05	0.95				
	221	2	0.0	0.0	0.0	0.0	2	1.0216388729919237	0.6106138164874989	230.0	27	1.05	0.95				
	222	2	0.0	0.0	0.0	0.0	2	1.0434376760436892	7.036938897957612	230.0	27	1.05	0.95				
	223	2	0.0	0.0	0.0	0.0	2	1.0156702383999079	-0.6342706685407067	230.0	25	1.05	0.95				
	224	1	0.0	0.0	0.0	0.0	2	1.0050721043691606	-3.5510918023487745	230.0	26	1.05	0.95				
	301	2	51.71085098526317	10.533691867368422	0.0	0.0	3	1.0018195764801203	7.3275630750324865	138.0	31	1.05	0.95				
	302	2	46.44400505157895	9.576083515789474	0.0	0.0	3	1.001564715958487	7.2520441843526315	138.0	32	1.05	0.95				
	303	1	86.18475164210527	17.715754504210526	0.0	0.0	3	1.0227833710224867	11.008983985397315	138.0	31	1.05	0.95				
	304	1	35.43150900842105	7.182062636842105	0.0	0.0	3	1.006369598738339	8.684548406950968	138.0	31	1.05	0.95				
	305	1	33.995096481052634	6.703258461052633	0.0	0.0	3	1.0191425639273803	8.592631240026908	138.0	31	1.05	0.95				
	306	1	65.11736790736843	13.406516922105267	0.0	-100.0	3	1.037245126012743	8.733112072176148	138.0	32	1.05	0.95				
	307	2	59.85052197368421	11.970104394736843	0.0	0.0	3	0.9927341116707002	5.72019821862482	138.0	32	1.05	0.95				
	308	1	81.87551406	16.75814615263158	0.0	0.0	3	1.004162829169433	7.802276454244482	138.0	32	1.05	0.95				
	309	1	83.7907307631579	17.236950328421052	0.0	0.0	3	1.0257711778770644	11.815995651760947	138.0	33	1.05	0.95				
	310	1	93.36681427894737	19.152167031578948	0.0	0.0	3	1.05	11.390937926351562	138.0	33	1.05	0.95				
	311	1	0.0	0.0	0.0	0.0	3	1.0068975798025042	16.18139381557934	230.0	33	1.05	0.95				
	312	1	0.0	0.0	0.0	0.0	3	1.0130461350588376	16.826269452308583	230.0	33	1.05	0.95				
	313	2	126.88310658421054	25.855425492631586	0.0	0.0	3	1.0138631864573397	21.39400424718236	230.0	34	1.05	0.95				
	314	2	92.8880101031579	18.673362855789474	0.0	0.0	3	1.003640057384865	16.277425043368694	230.0	36	1.05	0.95				
	315	2	151.78092372526316	30.643467250526317	0.0	0.0	3	1.0303115356358656	13.364837639907615	230.0	36	1.05	0.95				
	316	2	47.88041757894737	9.576083515789474	0.0	0.0	3	1.0292685436003273	14.249194412464792	230.0	36	1.05	0.95				
	317	1	0.0	0.0	0.0	0.0	3	1.040653672937826	15.223688679405605	230.0	37	1.05	0.95				
	318	2	159.44179053789475	32.558683953684216	0.0	0.0	3	1.0386544984054866	12.989608307851361	230.0	37	1.05	0.95				
	319	1	86.66355581789475	17.715754504210526	0.0	0.0	3	1.0263242955864784	15.672740324379362	230.0	35	1.05	0.95				
	320	1	61.286934501052635	12.448908570526317	0.0	0.0	3	1.0241792863560215	16.42414026636002	230.0	35	1.05	0.95				
	321	2	0.0	0.0	0.0	0.0	3	1.0376261574142451	13.730898955057498	230.0	37	1.05	0.95				
	322	2	0.0	0.0	0.0	0.0	3	1.049999987449467	18.63132612765149	230.0	37	1.05	0.95				
	323	2	0.0	0.0	0.0	0.0	3	1.0222930743085228	16.544363828816273	230.0	35	1.05	0.95				
	324	1	0.0	0.0	0.0	0.0	3	1.0244269527116159	14.170605356895813	230.0	36	1.05	0.95				
	325	1	0.0	0.0	0.0	0.0	3	1.0253871039495748	16.130696590558546	230.0	35	1.05	0.95				
];
