%% MATPOWER Case Format : Version 2
function mpc = RTS_GMLC
mpc.version = '2';

%%-----  Power Flow Data  -----%%
%% system MVA base
mpc.baseMVA = 100.0;
%% bus data
%    bus_i    type    Pd    Qd    Gs    Bs    area    Vm    Va    baseKV    zone    Vmax    Vmin
mpc.bus = [
	101	2	53.31865414736843	10.86120732631579	0.0	0.0	1	1.0467438476095738	2.5429138655050916	138.0	11	1.05	0.95				
	102	2	47.88805048421053	9.873824842105265	0.0	0.0	1	1.0457125216603533	2.2426105185015874	138.0	12	1.05	0.95				
	103	1	88.86442357894738	18.26657595789474	0.0	0.0	1	1.0272493449543305	-0.7183998514940672	138.0	11	1.05	0.95				
	104	1	36.53315191578948	7.405368631578948	0.0	0.0	1	1.0273272582409076	-1.2715390247356275	138.0	11	1.05	0.95				
	105	1	35.05207818947368	6.911677389473686	0.0	0.0	1	1.041144347797199	-1.3180334569782135	138.0	11	1.05	0.95				
	106	1	67.1420089263158	13.823354778947373	0.0	-100.0	1	1.0461054161617787	-4.019073133252981	138.0	12	1.05	0.95				
	107	2	61.7114052631579	12.34228105263158	0.0	0.0	1	1.0001685390672648	-10.320252940049933	138.0	12	1.05	0.95				
	108	1	84.42120240000001	17.279193473684213	0.0	0.0	1	1.0018314296071174	-8.912730035934954	138.0	12	1.05	0.95				
	109	1	86.39596736842107	17.772884715789473	0.0	0.0	1	1.0244624389195771	-2.9923619671889115	138.0	13	1.05	0.95				
	110	1	96.26979221052633	19.74764968421053	0.0	0.0	1	1.05	-3.738527721837965	138.0	13	1.05	0.95				
	111	1	0.0	0.0	0.0	0.0	1	1.0043608311732477	-1.1215416800560805	230.0	13	1.05	0.95				
	112	1	0.0	0.0	0.0	0.0	1	1.009169923011109	-0.6434666435809804	230.0	13	1.05	0.95				
	113	3	130.82817915789477	26.659327073684214	0.0	0.0	1	0.9988366771822442	-1.5993802572569644e-30	230.0	14	1.05	0.95				
	114	2	95.77610096842106	19.253958442105265	0.0	0.0	1	1.0001712593723404	0.2673873308319672	230.0	16	1.05	0.95				
	115	2	156.50012374736843	31.596239494736842	0.0	0.0	1	1.0316652415514473	5.4285957466010375	230.0	16	1.05	0.95				
	116	2	49.36912421052632	9.873824842105265	0.0	0.0	1	1.028513513878591	5.183393727715997	230.0	16	1.05	0.95				
	117	1	0.0	0.0	0.0	0.0	1	1.03583901643872	7.454487331507359	230.0	17	1.05	0.95				
	118	2	164.39918362105266	33.5710044631579	0.0	0.0	1	1.0377266836491517	7.683764904166074	230.0	17	1.05	0.95				
	119	1	89.35811482105265	18.26657595789474	0.0	0.0	1	1.0225724982537745	4.178940333743468	230.0	15	1.05	0.95				
	120	1	63.192478989473685	12.835972294736845	0.0	0.0	1	1.0209381604632446	4.1563040388110695	230.0	15	1.05	0.95				
	121	2	0.0	0.0	0.0	0.0	1	1.0407725915816657	8.941310697613913	230.0	17	1.05	0.95				
	122	2	0.0	0.0	0.0	0.0	1	1.05	14.86006916236271	230.0	17	1.05	0.95				
	123	2	0.0	0.0	0.0	0.0	1	1.0209196778229033	4.5269975101143	230.0	15	1.05	0.95				
	124	1	0.0	0.0	0.0	0.0	1	1.0216965024072309	3.117635095748386	230.0	16	1.05	0.95				
	201	2	49.18054464	10.018259093333333	0.0	0.0	2	1.0252854958350763	-8.930336827453772	138.0	21	1.05	0.95				
	202	2	44.17141509333333	9.107508266666667	0.0	0.0	2	1.026078291570524	-8.767144848455455	138.0	22	1.05	0.95				
	203	1	81.9675744	16.848890293333334	0.0	0.0	2	1.016354610456793	-8.279167802654156	138.0	21	1.05	0.95				
	204	1	33.69778058666667	6.830631199999999	0.0	0.0	2	1.0174120303315664	-10.076057628956246	138.0	21	1.05	0.95				
	205	1	32.33165434666667	6.375255786666667	0.0	0.0	2	1.0321383479401083	-10.333343820887386	138.0	21	1.05	0.95				
	206	1	61.931056213333335	12.750511573333334	0.0	-100.0	2	1.0438322909015172	-11.537784780729476	138.0	22	1.05	0.95				
	207	2	56.921926666666664	11.384385333333332	0.0	0.0	2	0.9931992155677549	-18.021514151079035	138.0	22	1.05	0.95				
	208	1	77.86919567999999	15.938139466666664	0.0	0.0	2	0.9979131824326098	-15.936744863868407	138.0	22	1.05	0.95				
	209	1	79.69069733333333	16.393514879999998	0.0	0.0	2	1.0232835893575434	-9.275870775703885	138.0	23	1.05	0.95				
	210	1	88.79820559999999	18.215016533333333	0.0	0.0	2	1.05	-10.29625300023871	138.0	23	1.05	0.95				
	211	1	0.0	0.0	0.0	0.0	2	1.0054463443026327	-6.525232230172747	230.0	23	1.05	0.95				
	212	1	0.0	0.0	0.0	0.0	2	1.0089288907203298	-4.665323985598332	230.0	23	1.05	0.95				
	213	2	120.67448453333331	24.59027232	0.0	0.0	2	1.0010627057701336	-4.900570054413448	230.0	24	1.05	0.95				
	214	2	88.34283018666666	17.75964112	0.0	0.0	2	1.0050423865909976	-4.568317218268549	230.0	26	1.05	0.95				
	215	2	144.35400602666667	29.144026453333332	0.0	0.0	2	1.0230555426805357	1.0977220709703739	230.0	26	1.05	0.95				
	216	2	45.53754133333333	9.107508266666667	0.0	0.0	2	1.023342413268837	0.9842856200112153	230.0	26	1.05	0.95				
	217	1	0.0	0.0	0.0	0.0	2	1.028134757172751	2.348606063379639	230.0	27	1.05	0.95				
	218	2	151.64001264	30.965528106666667	0.0	0.0	2	1.0272496927584733	1.8093120906567028	230.0	27	1.05	0.95				
	219	1	82.42294981333333	16.848890293333334	0.0	0.0	2	1.0228770154617435	1.1726359449361339	230.0	25	1.05	0.95				
	220	1	58.288052906666664	11.839760746666666	0.0	0.0	2	1.025745629499396	2.2284114631191656	230.0	25	1.05	0.95				
	221	2	0.0	0.0	0.0	0.0	2	1.029283143114688	2.3761612064994537	230.0	27	1.05	0.95				
	222	2	0.0	0.0	0.0	0.0	2	1.0499999905098822	8.856600703050203	230.0	27	1.05	0.95				
	223	2	0.0	0.0	0.0	0.0	2	1.028338330300974	3.1554610760086703	230.0	25	1.05	0.95				
	224	1	0.0	0.0	0.0	0.0	2	1.0089892059142953	-2.426158765234616	230.0	26	1.05	0.95				
	301	2	49.285036383157895	10.039544448421053	0.0	0.0	3	1.0073354610199026	-9.142348667860418	138.0	31	1.05	0.95				
	302	2	44.26526415894736	9.126858589473684	0.0	0.0	3	1.0069643252895535	-9.237121856210276	138.0	32	1.05	0.95				
	303	1	82.14172730526315	16.884688390526314	0.0	0.0	3	1.020548211544476	-4.574158544596842	138.0	31	1.05	0.95				
	304	1	33.76937678105263	6.8451439421052624	0.0	0.0	3	1.0086625954945678	-7.844077341524332	138.0	31	1.05	0.95				
	305	1	32.40034799263157	6.388801012631578	0.0	0.0	3	1.0224818914766474	-8.15931879901831	138.0	31	1.05	0.95				
	306	1	62.062638408421044	12.777602025263157	0.0	-100.0	3	1.0393057526323688	-8.152105510931156	138.0	32	1.05	0.95				
	307	2	57.04286618421052	11.408573236842104	0.0	0.0	3	0.9961747118430528	-12.754551348617461	138.0	32	1.05	0.95				
	308	1	78.03464093999999	15.972002531578944	0.0	0.0	3	1.001875016124665	-10.6948909664335	138.0	32	1.05	0.95				
	309	1	79.86001265789473	16.42834546105263	0.0	0.0	3	1.0245555017734729	-4.829778793446128	138.0	33	1.05	0.95				
	310	1	88.9868712473684	18.25371717894737	0.0	0.0	3	1.05	-5.710333985800242	138.0	33	1.05	0.95				
	311	1	0.0	0.0	0.0	0.0	3	1.0055860127974607	-0.632108569364791	230.0	33	1.05	0.95				
	312	1	0.0	0.0	0.0	0.0	3	1.0100340523171594	0.003220988117928206	230.0	33	1.05	0.95				
	313	2	120.9308763105263	24.642518191578947	0.0	0.0	3	1.0104821540319293	3.955670585122043	230.0	34	1.05	0.95				
	314	2	88.53052831789472	17.797374249473684	0.0	0.0	3	1.002823206218718	0.093948079617132	230.0	36	1.05	0.95				
	315	2	144.66070864315788	29.205947486315786	0.0	0.0	3	1.0183414747318298	-0.44065486370260104	230.0	36	1.05	0.95				
	316	2	45.634292947368415	9.126858589473684	0.0	0.0	3	1.0174239462972776	0.2037613696388483	230.0	36	1.05	0.95				
	317	1	0.0	0.0	0.0	0.0	3	1.022923048356095	0.918495490963854	230.0	37	1.05	0.95				
	318	2	151.96219551473683	31.031319204210522	0.0	0.0	3	1.0216648300811166	0.414465853654073	230.0	37	1.05	0.95				
	319	1	82.59807023473684	16.884688390526314	0.0	0.0	3	1.0169408410051008	1.3813219458279806	230.0	35	1.05	0.95				
	320	1	58.41189497263157	11.864916166315789	0.0	0.0	3	1.0173835380649168	2.1882692368416765	230.0	35	1.05	0.95				
	321	2	0.0	0.0	0.0	0.0	3	1.0226187604615526	0.6838458926090099	230.0	37	1.05	0.95				
	322	2	0.0	0.0	0.0	0.0	3	1.0361909553102313	5.199146344414346	230.0	37	1.05	0.95				
	323	2	0.0	0.0	0.0	0.0	3	1.0178132324378957	2.7003915023859557	230.0	35	1.05	0.95				
	324	1	0.0	0.0	0.0	0.0	3	1.0146285371759352	-0.6031325575338252	230.0	36	1.05	0.95				
	325	1	0.0	0.0	0.0	0.0	3	1.0190456514294153	3.2425994204322652	230.0	35	1.05	0.95				
];
