%% MATPOWER Case Format : Version 2
function mpc = RTS_GMLC
mpc.version = '2';

%%-----  Power Flow Data  -----%%
%% system MVA base
mpc.baseMVA = 100.0;
%% bus data
%    bus_i    type    Pd    Qd    Gs    Bs    area    Vm    Va    baseKV    zone    Vmax    Vmin
mpc.bus = [
	101	2	71.03364669473685	14.469816919298244	0.0	0.0	1	1.034976096183425	0.7317190361239395	138.0	11	1.05	0.95				
	102	2	63.79873823508772	13.15437901754386	0.0	0.0	1	1.0349437783690023	0.6697334483767581	138.0	12	1.05	0.95				
	103	1	118.38941115789474	24.33560118245614	0.0	0.0	1	1.0229745542648445	-0.9067426330155366	138.0	11	1.05	0.95				
	104	1	48.67120236491228	9.865784263157895	0.0	0.0	1	1.0190608745402394	-2.5819327943311112	138.0	11	1.05	0.95				
	105	1	46.6980455122807	9.208065312280702	0.0	0.0	1	1.0335080932314207	-2.585055572565663	138.0	11	1.05	0.95				
	106	1	89.44977731929825	18.416130624561404	0.0	-100.0	1	1.0392054462804738	-5.045724476533002	138.0	12	1.05	0.95				
	107	2	82.21486885964913	16.442973771929825	0.0	0.0	1	1.0470879821795707	-1.278482127052941	138.0	12	1.05	0.95				
	108	1	112.4699406	23.02016328070175	0.0	0.0	1	1.0264446072892206	-4.172494468989674	138.0	12	1.05	0.95				
	109	1	115.10081640350877	23.67788223157895	0.0	0.0	1	1.0262922711658464	-2.767600719204725	138.0	13	1.05	0.95				
	110	1	128.25519542105263	26.30875803508772	0.0	0.0	1	1.05	-3.8817318638884415	138.0	13	1.05	0.95				
	111	1	0.0	0.0	0.0	0.0	1	1.0099564339318388	-0.7039158822732214	230.0	13	1.05	0.95				
	112	1	0.0	0.0	0.0	0.0	1	1.0137402241160192	0.023138114242266316	230.0	13	1.05	0.95				
	113	3	174.29552198245614	35.51682334736842	0.0	0.0	1	1.0069219868502366	3.372138048167453e-30	230.0	14	1.05	0.95				
	114	2	127.59747647017544	25.65103908421053	0.0	0.0	1	1.0094839031097196	1.3857524365596272	230.0	16	1.05	0.95				
	115	2	208.49690742807016	42.09401285614035	0.0	0.0	1	1.0429665967851076	8.724687808797894	230.0	16	1.05	0.95				
	116	2	65.7718950877193	13.15437901754386	0.0	0.0	1	1.0401344655987166	8.263457920989412	230.0	16	1.05	0.95				
	117	1	0.0	0.0	0.0	0.0	1	1.045877852465397	11.132892583912945	230.0	17	1.05	0.95				
	118	2	219.02041064210528	44.724888659649125	0.0	0.0	1	1.0486514038341093	11.720806148115773	230.0	17	1.05	0.95				
	119	1	119.04713010877195	24.33560118245614	0.0	0.0	1	1.033958462686312	7.033821199157661	230.0	15	1.05	0.95				
	120	1	84.1880257122807	17.10069272280702	0.0	0.0	1	1.0342715604144088	7.216269103632274	230.0	15	1.05	0.95				
	121	2	0.0	0.0	0.0	0.0	1	1.05	12.186170708691492	230.0	17	1.05	0.95				
	122	2	0.0	0.0	0.0	0.0	1	1.05	18.33634430612699	230.0	17	1.05	0.95				
	123	2	0.0	0.0	0.0	0.0	1	1.0360946743335822	7.808947087111878	230.0	15	1.05	0.95				
	124	1	0.0	0.0	0.0	0.0	1	1.0234027471529599	5.152942802225015	230.0	16	1.05	0.95				
	201	2	72.7593262863158	14.821344243508772	0.0	0.0	2	1.034971807969086	-9.37432171599125	138.0	21	1.05	0.95				
	202	2	65.34865416456141	13.473949312280704	0.0	0.0	2	1.0350679069731774	-9.475062014778205	138.0	22	1.05	0.95				
	203	1	121.26554381052632	24.926806227719297	0.0	0.0	2	1.0270591206385538	-6.158257653665455	138.0	21	1.05	0.95				
	204	1	49.85361245543859	10.105461984210526	0.0	0.0	2	1.018047790177409	-11.38152524266658	138.0	21	1.05	0.95				
	205	1	47.83252005859649	9.431764518596491	0.0	0.0	2	1.0338059385798855	-11.79817413785095	138.0	21	1.05	0.95				
	206	1	91.62285532350877	18.863529037192983	0.0	-100.0	2	1.0393503141630998	-13.79540952919632	138.0	22	1.05	0.95				
	207	2	84.21218320175439	16.842436640350876	0.0	0.0	2	0.9766158014529553	-23.85125556502156	138.0	22	1.05	0.95				
	208	1	115.20226661999999	23.579411296491227	0.0	0.0	2	0.9783063462943354	-20.55810386409468	138.0	22	1.05	0.95				
	209	1	117.89705648245614	24.253108762105263	0.0	0.0	2	1.0250621184352826	-10.213188443484862	138.0	23	1.05	0.95				
	210	1	131.37100579473685	26.947898624561407	0.0	0.0	2	1.05	-12.134649834112727	138.0	23	1.05	0.95				
	211	1	0.0	0.0	0.0	0.0	2	1.0212981971121593	-6.1357625316762405	230.0	23	1.05	0.95				
	212	1	0.0	0.0	0.0	0.0	2	1.018219569731484	-5.224641643633732	230.0	23	1.05	0.95				
	213	2	178.5298283877193	36.3796631431579	0.0	0.0	2	1.0264934116467666	-3.760183800790426	230.0	24	1.05	0.95				
	214	2	130.69730832912282	26.27420115894737	0.0	0.0	2	1.0340988165503313	-3.259353186616881	230.0	26	1.05	0.95				
	215	2	213.56209659964912	43.116637799298246	0.0	0.0	2	1.0432580743553042	5.042180658911928	230.0	26	1.05	0.95				
	216	2	67.3697465614035	13.473949312280704	0.0	0.0	2	1.0462558578955492	4.917810878967217	230.0	26	1.05	0.95				
	217	1	0.0	0.0	0.0	0.0	2	1.0476942369730833	8.199718278749556	230.0	27	1.05	0.95				
	218	2	224.3412560494737	45.81142766175439	0.0	0.0	2	1.0498852186797742	9.092131317566611	230.0	27	1.05	0.95				
	219	1	121.93924127614035	24.926806227719297	0.0	0.0	2	1.0433488704615739	4.019377612270803	230.0	25	1.05	0.95				
	220	1	86.23327559859649	17.516134105964912	0.0	0.0	2	1.046504583365177	4.5005940410725005	230.0	25	1.05	0.95				
	221	2	0.0	0.0	0.0	0.0	2	1.05	9.456909998274757	230.0	27	1.05	0.95				
	222	2	0.0	0.0	0.0	0.0	2	1.05	15.475313938707924	230.0	27	1.05	0.95				
	223	2	0.0	0.0	0.0	0.0	2	1.05	5.254857246248619	230.0	25	1.05	0.95				
	224	1	0.0	0.0	0.0	0.0	2	1.0231765597295066	0.8685621060326083	230.0	26	1.05	0.95				
	301	2	57.04080987789475	11.619424234385967	0.0	0.0	3	1.0079625767803784	-17.55993217317012	138.0	31	1.05	0.95				
	302	2	51.23109776070176	10.563112940350878	0.0	0.0	3	1.0074034416112776	-17.6927781784558	138.0	32	1.05	0.95				
	303	1	95.06801646315792	19.541758939649124	0.0	0.0	3	1.0224130288972724	-11.148765653292903	138.0	31	1.05	0.95				
	304	1	39.08351787929825	7.922334705263158	0.0	0.0	3	1.0077513077277394	-15.998953044864493	138.0	31	1.05	0.95				
	305	1	37.49905093824562	7.394179058245616	0.0	0.0	3	1.0217576125154955	-16.65120026575135	138.0	31	1.05	0.95				
	306	1	71.82916799438598	14.788358116491231	0.0	-100.0	3	1.0372942035120671	-16.7474248496718	138.0	32	1.05	0.95				
	307	2	66.019455877193	13.203891175438597	0.0	0.0	3	0.9927737484169126	-22.890203225154092	138.0	32	1.05	0.95				
	308	1	90.31461564	18.485447645614038	0.0	0.0	3	0.9951157481569294	-20.414476703244706	138.0	32	1.05	0.95				
	309	1	92.42723822807018	19.013603292631583	0.0	0.0	3	1.0257532450313638	-12.453187450590782	138.0	33	1.05	0.95				
	310	1	102.99035116842106	21.126225880701757	0.0	0.0	3	1.05	-14.046872688255736	138.0	33	1.05	0.95				
	311	1	0.0	0.0	0.0	0.0	3	1.0132129595673327	-7.452594757166028	230.0	33	1.05	0.95				
	312	1	0.0	0.0	0.0	0.0	3	1.0139911460708693	-7.195965424601718	230.0	33	1.05	0.95				
	313	2	139.96124645964915	28.520404938947376	0.0	0.0	3	1.0174501057264207	-3.9841199590370606	230.0	34	1.05	0.95				
	314	2	102.46219552140352	20.59807023368421	0.0	0.0	3	1.0217891695500123	-4.683752364859427	230.0	36	1.05	0.95				
	315	2	167.42534010456143	33.80196140912281	0.0	0.0	3	1.0437643385813922	-0.04658229271736035	230.0	36	1.05	0.95				
	316	2	52.81556470175439	10.563112940350878	0.0	0.0	3	1.0422181334873104	0.41551970372170344	230.0	36	1.05	0.95				
	317	1	0.0	0.0	0.0	0.0	3	1.0461780218455135	2.1780156644988042	230.0	37	1.05	0.95				
	318	2	175.87583045684212	35.91458399719299	0.0	0.0	3	1.046432829836109	2.2072348901961307	230.0	37	1.05	0.95				
	319	1	95.59617211017544	19.541758939649124	0.0	0.0	3	1.037018677402051	-0.5611236987059641	230.0	35	1.05	0.95				
	320	1	67.60392281824562	13.732046822456143	0.0	0.0	3	1.0356198653666036	-0.8274813486536824	230.0	35	1.05	0.95				
	321	2	0.0	0.0	0.0	0.0	3	1.0487791303169416	3.049319485490086	230.0	37	1.05	0.95				
	322	2	0.0	0.0	0.0	0.0	3	1.05	7.903016413306373	230.0	37	1.05	0.95				
	323	2	0.0	0.0	0.0	0.0	3	1.0355810729193147	-0.6646950842656397	230.0	35	1.05	0.95				
	324	1	0.0	0.0	0.0	0.0	3	1.0231208034590584	-3.342261179297522	230.0	36	1.05	0.95				
	325	1	0.0	0.0	0.0	0.0	3	1.033417106242734	0.4149615180943549	230.0	35	1.05	0.95				
];
