%% MATPOWER Case Format : Version 2
function mpc = RTS_GMLC
mpc.version = '2';

%%-----  Power Flow Data  -----%%
%% system MVA base
mpc.baseMVA = 100.0;
%% bus data
%    bus_i    type    Pd    Qd    Gs    Bs    area    Vm    Va    baseKV    zone    Vmax    Vmin
mpc.bus = [
	101	2	68.53537853052632	13.96091044140351	0.0	0.0	1	1.0323728868781472	0.0219313424668202	138.0	11	1.05	0.95				
	102	2	61.55492330982456	12.691736764912282	0.0	0.0	1	1.0324356182915417	0.0019806186082117466	138.0	12	1.05	0.95				
	103	1	114.22563088421052	23.479713015087718	0.0	0.0	1	1.022637283689562	-2.157210979514369	138.0	11	1.05	0.95				
	104	1	46.959426030175436	9.51880257368421	0.0	0.0	1	1.0181053231744426	-3.1213601522598573	138.0	11	1.05	0.95				
	105	1	45.05566551543859	8.884215735438596	0.0	0.0	1	1.032690140649173	-2.983542225623641	138.0	11	1.05	0.95				
	106	1	86.30381000140352	17.768431470877193	0.0	-100.0	1	1.039464613082922	-5.243728844887568	138.0	12	1.05	0.95				
	107	2	79.32335478070175	15.864670956140351	0.0	0.0	1	1.0464456352454536	-0.143056877673241	138.0	12	1.05	0.95				
	108	1	108.51434934	22.210539338596487	0.0	0.0	1	1.02650606578873	-3.5508916284664065	138.0	12	1.05	0.95				
	109	1	111.05269669298245	22.845126176842104	0.0	0.0	1	1.0265312713455466	-3.108407241266955	138.0	13	1.05	0.95				
	110	1	123.74443345789471	25.383473529824563	0.0	0.0	1	1.05	-4.026087186526612	138.0	13	1.05	0.95				
	111	1	0.0	0.0	0.0	0.0	1	1.0093098125112627	-1.1850198882842577	230.0	13	1.05	0.95				
	112	1	0.0	0.0	0.0	0.0	1	1.0139568313880891	-0.0528252970708559	230.0	13	1.05	0.95				
	113	3	168.1655121350877	34.26768926526316	0.0	0.0	1	1.0070410771677905	2.543847855481838e-28	230.0	14	1.05	0.95				
	114	2	123.10984661964912	24.748886691578946	0.0	0.0	1	1.0066093739759627	0.25195569016575525	230.0	16	1.05	0.95				
	115	2	201.16402772385965	40.613557647719304	0.0	0.0	1	1.04170675333157	5.852061103227314	230.0	16	1.05	0.95				
	116	2	63.458683824561405	12.691736764912282	0.0	0.0	1	1.0391571290976604	6.067053448885577	230.0	16	1.05	0.95				
	117	1	0.0	0.0	0.0	0.0	1	1.0457713112305445	7.878020434757427	230.0	17	1.05	0.95				
	118	2	211.3174171357895	43.15190500070176	0.0	0.0	1	1.0480673470808142	7.984767564681681	230.0	17	1.05	0.95				
	119	1	114.86021772245614	23.479713015087718	0.0	0.0	1	1.0345284825998813	5.864152168460072	230.0	15	1.05	0.95				
	120	1	81.22711529543861	16.499257794385965	0.0	0.0	1	1.0357885392980646	6.898439418623254	230.0	15	1.05	0.95				
	121	2	0.0	0.0	0.0	0.0	1	1.05	7.9475884923116835	230.0	17	1.05	0.95				
	122	2	0.0	0.0	0.0	0.0	1	1.05	14.431445442291105	230.0	17	1.05	0.95				
	123	2	0.0	0.0	0.0	0.0	1	1.0383203978221465	7.939436380021768	230.0	15	1.05	0.95				
	124	1	0.0	0.0	0.0	0.0	1	1.0243067337626444	2.8845124327209284	230.0	16	1.05	0.95				
	201	2	65.3983944631579	13.321895168421053	0.0	0.0	2	1.0309788005089915	-5.955441442789424	138.0	21	1.05	0.95				
	202	2	58.73744687894737	12.110813789473685	0.0	0.0	2	1.031035268967852	-6.02955014717515	138.0	22	1.05	0.95				
	203	1	108.99732410526317	22.405005510526316	0.0	0.0	2	1.0290843836646797	-3.9995531933741275	138.0	21	1.05	0.95				
	204	1	44.81001102105263	9.083110342105263	0.0	0.0	2	1.0178920138166467	-8.200399727532291	138.0	21	1.05	0.95				
	205	1	42.99338895263158	8.47756965263158	0.0	0.0	2	1.032626840424315	-8.49059876308147	138.0	21	1.05	0.95				
	206	1	82.35353376842106	16.95513930526316	0.0	-100.0	2	1.0402694404269273	-10.484212990449732	138.0	22	1.05	0.95				
	207	2	75.69258618421053	15.138517236842105	0.0	0.0	2	0.9858123985491651	-19.58417048329141	138.0	22	1.05	0.95				
	208	1	103.5474579	21.19392413157895	0.0	0.0	2	0.9872781715376562	-16.680803667536725	138.0	22	1.05	0.95				
	209	1	105.96962065789475	21.79946482105263	0.0	0.0	2	1.0257001671843866	-7.5164620613380055	138.0	23	1.05	0.95				
	210	1	118.08043444736842	24.22162757894737	0.0	0.0	2	1.05	-9.142100872302873	138.0	23	1.05	0.95				
	211	1	0.0	0.0	0.0	0.0	2	1.0146949616550331	-3.7868928019582433	230.0	23	1.05	0.95				
	212	1	0.0	0.0	0.0	0.0	2	1.017725010400872	-3.3369424653556803	230.0	23	1.05	0.95				
	213	2	160.46828271052632	32.69919723157895	0.0	0.0	2	1.016802065687503	-1.2996195429508433	230.0	24	1.05	0.95				
	214	2	117.47489375789473	23.616086889473685	0.0	0.0	2	1.0213307234373519	-1.4041386166759218	230.0	26	1.05	0.95				
	215	2	191.9563985631579	38.75460412631579	0.0	0.0	2	1.0428009483243939	5.802193936751243	230.0	26	1.05	0.95				
	216	2	60.55406894736842	12.110813789473685	0.0	0.0	2	1.0446073818503463	5.58648272354692	230.0	26	1.05	0.95				
	217	1	0.0	0.0	0.0	0.0	2	1.047431100532785	8.920326253073899	230.0	27	1.05	0.95				
	218	2	201.64504959473683	41.17676688421053	0.0	0.0	2	1.049999951919613	9.940011000523928	230.0	27	1.05	0.95				
	219	1	109.60286479473685	22.405005510526316	0.0	0.0	2	1.0429196704374155	3.9304957146323773	230.0	25	1.05	0.95				
	220	1	77.50920825263158	15.74405792631579	0.0	0.0	2	1.0466684485974416	3.630741595131007	230.0	25	1.05	0.95				
	221	2	0.0	0.0	0.0	0.0	2	1.05	10.270007061056534	230.0	27	1.05	0.95				
	222	2	0.0	0.0	0.0	0.0	2	1.05	16.252074629275214	230.0	27	1.05	0.95				
	223	2	0.0	0.0	0.0	0.0	2	1.05	3.908735561973597	230.0	25	1.05	0.95				
	224	1	0.0	0.0	0.0	0.0	2	1.0253861126487673	2.143491571491992	230.0	26	1.05	0.95				
	301	2	67.83739321263158	13.818728247017544	0.0	0.0	3	1.0097080688760356	-35.76289638363431	138.0	31	1.05	0.95				
	302	2	60.9280290891228	12.562480224561403	0.0	0.0	3	1.0087738801873583	-35.99623499463582	138.0	32	1.05	0.95				
	303	1	113.06232202105264	23.240588415438594	0.0	0.0	3	1.0188836435459867	-29.134341849594502	138.0	31	1.05	0.95				
	304	1	46.48117683087719	9.421860168421052	0.0	0.0	3	1.0069069102774129	-34.24780589288633	138.0	31	1.05	0.95				
	305	1	44.59680479719298	8.793736157192983	0.0	0.0	3	1.0212496785308718	-35.065633499320754	138.0	31	1.05	0.95				
	306	1	85.42486552701754	17.587472314385966	0.0	-100.0	3	1.0346572997423293	-35.3753995858326	138.0	32	1.05	0.95				
	307	2	78.51550140350876	15.703100280701754	0.0	0.0	3	1.0050174329767745	-37.19718233341174	138.0	32	1.05	0.95				
	308	1	107.40920591999998	21.984340392982453	0.0	0.0	3	1.0016500592962212	-36.68162838064952	138.0	32	1.05	0.95				
	309	1	109.92170196491227	22.612464404210524	0.0	0.0	3	1.0271998683221553	-30.254830060771383	138.0	33	1.05	0.95				
	310	1	122.48418218947367	25.124960449122806	0.0	0.0	3	1.05	-32.35260014964863	138.0	33	1.05	0.95				
	311	1	0.0	0.0	0.0	0.0	3	1.0193147831191751	-25.037865326433824	230.0	33	1.05	0.95				
	312	1	0.0	0.0	0.0	0.0	3	1.018223233981359	-24.305278839206157	230.0	33	1.05	0.95				
	313	2	166.45286297543856	33.91869660631579	0.0	0.0	3	1.0290293953943739	-20.879686501188218	230.0	34	1.05	0.95				
	314	2	121.8560581782456	24.496836437894736	0.0	0.0	3	1.0308758998903431	-22.49560227573095	230.0	36	1.05	0.95				
	315	2	199.11531155929822	40.19993671859649	0.0	0.0	3	1.0484811113810366	-15.538221974842928	230.0	36	1.05	0.95				
	316	2	62.81240112280702	12.562480224561403	0.0	0.0	3	1.0487874759929594	-15.12076733744043	230.0	36	1.05	0.95				
	317	1	0.0	0.0	0.0	0.0	3	1.0495475908374485	-12.17723979257199	230.0	37	1.05	0.95				
	318	2	209.16529573894738	42.71243276350877	0.0	0.0	3	1.05	-11.42652722006511	230.0	37	1.05	0.95				
	319	1	113.69044603228072	23.240588415438594	0.0	0.0	3	1.0452554806065086	-16.209561463006406	230.0	35	1.05	0.95				
	320	1	80.39987343719298	16.331224291929825	0.0	0.0	3	1.0473704548907468	-15.982773145143144	230.0	35	1.05	0.95				
	321	2	0.0	0.0	0.0	0.0	3	1.05	-11.156690021502401	230.0	37	1.05	0.95				
	322	2	0.0	0.0	0.0	0.0	3	1.05	-5.781087178921033	230.0	37	1.05	0.95				
	323	2	0.0	0.0	0.0	0.0	3	1.05	-15.400069833373255	230.0	35	1.05	0.95				
	324	1	0.0	0.0	0.0	0.0	3	1.020042473284367	-20.54690924538394	230.0	36	1.05	0.95				
	325	1	0.0	0.0	0.0	0.0	3	1.0402723763780208	-13.52225489617857	230.0	35	1.05	0.95				
];
