%% MATPOWER Case Format : Version 2
function mpc = RTS_GMLC
mpc.version = '2';

%%-----  Power Flow Data  -----%%
%% system MVA base
mpc.baseMVA = 100.0;
%% bus data
%    bus_i    type    Pd    Qd    Gs    Bs    area    Vm    Va    baseKV    zone    Vmax    Vmin
mpc.bus = [
	101	2	42.63087581052631	8.684067294736842	0.0	0.0	1	1.0359001126015384	3.1035720715266906	138.0	11	1.05	0.95				
	102	2	38.28884216315789	7.894606631578947	0.0	0.0	1	1.0355040751548834	2.9806825438495634	138.0	12	1.05	0.95				
	103	1	71.05145968421051	14.60502226842105	0.0	0.0	1	1.0297049459452787	0.1891689019743693	138.0	11	1.05	0.95				
	104	1	29.2100445368421	5.92095497368421	0.0	0.0	1	1.0229670882086175	-0.4962320578149878	138.0	11	1.05	0.95				
	105	1	28.02585354210526	5.526224642105263	0.0	0.0	1	1.0373809132626493	-0.18714288582161234	138.0	11	1.05	0.95				
	106	1	53.683325094736844	11.052449284210526	0.0	-100.0	1	1.0467745224896015	-2.4430113078132973	138.0	12	1.05	0.95				
	107	2	49.34129144736842	9.868258289473683	0.0	0.0	1	1.0003358797331638	-7.331950210320804	138.0	12	1.05	0.95				
	108	1	67.4988867	13.815561605263154	0.0	0.0	1	1.005744697601491	-6.3134767805793235	138.0	12	1.05	0.95				
	109	1	69.07780802631578	14.210291936842104	0.0	0.0	1	1.024949571728154	-1.7505040234240654	138.0	13	1.05	0.95				
	110	1	76.97241465789473	15.789213263157894	0.0	0.0	1	1.05	-2.2883468875430033	138.0	13	1.05	0.95				
	111	1	0.0	0.0	0.0	0.0	1	1.0025938738487779	-0.3481462869827159	230.0	13	1.05	0.95				
	112	1	0.0	0.0	0.0	0.0	1	1.0075885741851307	0.18526096250872712	230.0	13	1.05	0.95				
	113	3	104.60353786842104	21.315437905263156	0.0	0.0	1	0.9929444511850191	-7.208745216414785e-28	230.0	14	1.05	0.95				
	114	2	76.57768432631578	15.394482931578946	0.0	0.0	1	0.9985103113402812	1.1508100362695264	230.0	16	1.05	0.95				
	115	2	125.1295151105263	25.262741221052632	0.0	0.0	1	1.0378380003830465	5.754461421706118	230.0	16	1.05	0.95				
	116	2	39.47303315789473	7.894606631578947	0.0	0.0	1	1.0325183179866282	5.534127895402285	230.0	16	1.05	0.95				
	117	1	0.0	0.0	0.0	0.0	1	1.041871868346689	6.8994219620197	230.0	17	1.05	0.95				
	118	2	131.44520041578946	26.841662547368422	0.0	0.0	1	1.0449734799186114	6.721503735254943	230.0	17	1.05	0.95				
	119	1	71.44619001578947	14.60502226842105	0.0	0.0	1	1.0259631382347019	5.018861227993202	230.0	15	1.05	0.95				
	120	1	50.525482442105265	10.262988621052632	0.0	0.0	1	1.022744758455015	5.340906458378995	230.0	15	1.05	0.95				
	121	2	0.0	0.0	0.0	0.0	1	1.0499999975009866	7.454146971537003	230.0	17	1.05	0.95				
	122	2	0.0	0.0	0.0	0.0	1	1.05	13.746686084700839	230.0	17	1.05	0.95				
	123	2	0.0	0.0	0.0	0.0	1	1.021447021182944	5.827650659624002	230.0	15	1.05	0.95				
	124	1	0.0	0.0	0.0	0.0	1	1.026942369826772	3.6737602081683147	230.0	16	1.05	0.95				
	201	2	42.83960335578947	8.72658586877193	0.0	0.0	2	1.0244041118757101	-6.014283874739998	138.0	21	1.05	0.95				
	202	2	38.476310421403504	7.933259880701754	0.0	0.0	2	1.0252562504211893	-5.809652811898842	138.0	22	1.05	0.95				
	203	1	71.39933892631579	14.676530779298243	0.0	0.0	2	1.0186544301977944	-5.679956642069509	138.0	21	1.05	0.95				
	204	1	29.353061558596487	5.949944910526315	0.0	0.0	2	1.0179836762156624	-7.666736039998432	138.0	21	1.05	0.95				
	205	1	28.163072576491228	5.553281916491228	0.0	0.0	2	1.0323474863799853	-7.892801114035557	138.0	21	1.05	0.95				
	206	1	53.94616718877193	11.106563832982456	0.0	-100.0	2	1.0450632193190446	-9.297895420642572	138.0	22	1.05	0.95				
	207	2	49.58287425438596	9.916574850877193	0.0	0.0	2	0.990109638568548	-15.065739659592861	138.0	22	1.05	0.95				
	208	1	67.82937197999999	13.883204791228069	0.0	0.0	2	0.9985161100927906	-13.311497347156916	138.0	22	1.05	0.95				
	209	1	69.41602395614035	14.279867785263157	0.0	0.0	2	1.0230592765051891	-7.551686892885935	138.0	23	1.05	0.95				
	210	1	77.34928383684209	15.866519761403508	0.0	0.0	2	1.05	-8.519262266619588	138.0	23	1.05	0.95				
	211	1	0.0	0.0	0.0	0.0	2	1.0036685091895041	-5.102799727643709	230.0	23	1.05	0.95				
	212	1	0.0	0.0	0.0	0.0	2	1.0091181311554922	-4.76090324693251	230.0	23	1.05	0.95				
	213	2	105.11569341929822	21.419801677894736	0.0	0.0	2	0.9971561864106291	-4.41178316024717	230.0	24	1.05	0.95				
	214	2	76.95262084280701	15.46985676736842	0.0	0.0	2	1.0025504918574695	-2.6449849152161993	230.0	26	1.05	0.95				
	215	2	125.7421691091228	25.386431618245613	0.0	0.0	2	1.025679022651026	3.395632728040982	230.0	26	1.05	0.95				
	216	2	39.66629940350877	7.933259880701754	0.0	0.0	2	1.0270017785005727	3.167099332960355	230.0	26	1.05	0.95				
	217	1	0.0	0.0	0.0	0.0	2	1.032731233435364	5.792701328656714	230.0	27	1.05	0.95				
	218	2	132.0887770136842	26.973083594385965	0.0	0.0	2	1.0344353500821566	6.310962373358155	230.0	27	1.05	0.95				
	219	1	71.79600192035088	14.676530779298243	0.0	0.0	2	1.0274007428744416	2.105011500194702	230.0	25	1.05	0.95				
	220	1	50.772863236491226	10.31323784491228	0.0	0.0	2	1.030387739561636	1.9579931155226584	230.0	25	1.05	0.95				
	221	2	0.0	0.0	0.0	0.0	2	1.0344907712075346	6.098139286885446	230.0	27	1.05	0.95				
	222	2	0.0	0.0	0.0	0.0	2	1.05	12.474609348906332	230.0	27	1.05	0.95				
	223	2	0.0	0.0	0.0	0.0	2	1.0324042823311503	2.1799375376667918	230.0	25	1.05	0.95				
	224	1	0.0	0.0	0.0	0.0	2	1.0118030265556677	-0.013493114906069024	230.0	26	1.05	0.95				
	301	2	47.098386568421056	9.594115782456141	0.0	0.0	3	1.0064099688037569	-27.082631685967428	138.0	31	1.05	0.95				
	302	2	42.301328677192984	8.721923438596493	0.0	0.0	3	1.006196767308381	-27.184770623143393	138.0	32	1.05	0.95				
	303	1	78.49731094736842	16.13555836140351	0.0	0.0	3	1.0218702407529088	-21.998416139937714	138.0	31	1.05	0.95				
	304	1	32.27111672280702	6.541442578947368	0.0	0.0	3	1.0095223585212014	-25.72022706591362	138.0	31	1.05	0.95				
	305	1	30.962828207017544	6.105346407017545	0.0	0.0	3	1.0224677639313122	-26.407246290757826	138.0	31	1.05	0.95				
	306	1	59.30907938245614	12.21069281403509	0.0	-100.0	3	1.039765429084219	-26.550109190038576	138.0	32	1.05	0.95				
	307	2	54.51202149122807	10.902404298245614	0.0	0.0	3	0.9930899349106113	-31.34868632333964	138.0	32	1.05	0.95				
	308	1	74.57244539999999	15.26336601754386	0.0	0.0	3	0.999246220032465	-29.380006876132573	138.0	32	1.05	0.95				
	309	1	76.3168300877193	15.699462189473683	0.0	0.0	3	1.0260159908342994	-22.73688433956149	138.0	33	1.05	0.95				
	310	1	85.03875352631579	17.443846877192986	0.0	0.0	3	1.05	-24.329009886024043	138.0	33	1.05	0.95				
	311	1	0.0	0.0	0.0	0.0	3	1.009098701165028	-18.485043598813302	230.0	33	1.05	0.95				
	312	1	0.0	0.0	0.0	0.0	3	1.0122264782770476	-17.835479764167527	230.0	33	1.05	0.95				
	313	2	115.56548556140352	23.549193284210528	0.0	0.0	3	1.012562219513191	-14.77024602939238	230.0	34	1.05	0.95				
	314	2	84.60265735438597	17.00775070526316	0.0	0.0	3	1.0111982431383968	-16.608884047373238	230.0	36	1.05	0.95				
	315	2	138.2424865017544	27.910155003508773	0.0	0.0	3	1.0357816469079415	-12.173956236226047	230.0	36	1.05	0.95				
	316	2	43.609617192982455	8.721923438596493	0.0	0.0	3	1.0354384136299453	-11.369249329553258	230.0	36	1.05	0.95				
	317	1	0.0	0.0	0.0	0.0	3	1.0398358812220156	-9.837252941828615	230.0	37	1.05	0.95				
	318	2	145.2200252526316	29.65453969122807	0.0	0.0	3	1.039546711005218	-9.586017649161414	230.0	37	1.05	0.95				
	319	1	78.93340711929825	16.13555836140351	0.0	0.0	3	1.0332553543643181	-11.843543396068105	230.0	35	1.05	0.95				
	320	1	55.82031000701755	11.33850047017544	0.0	0.0	3	1.0342693147805546	-11.416546678095758	230.0	35	1.05	0.95				
	321	2	0.0	0.0	0.0	0.0	3	1.0404711619310107	-9.770055391796774	230.0	37	1.05	0.95				
	322	2	0.0	0.0	0.0	0.0	3	1.05	-5.479143362339363	230.0	37	1.05	0.95				
	323	2	0.0	0.0	0.0	0.0	3	1.0354891138582536	-10.851755946356187	230.0	35	1.05	0.95				
	324	1	0.0	0.0	0.0	0.0	3	1.0183497614471015	-15.840115693932187	230.0	36	1.05	0.95				
	325	1	0.0	0.0	0.0	0.0	3	1.0303449930747302	-9.33377881094891	230.0	35	1.05	0.95				
];
