%% MATPOWER Case Format : Version 2
function mpc = RTS_GMLC
mpc.version = '2';

%%-----  Power Flow Data  -----%%
%% system MVA base
mpc.baseMVA = 100.0;
%% bus data
%    bus_i    type    Pd    Qd    Gs    Bs    area    Vm    Va    baseKV    zone    Vmax    Vmin
mpc.bus = [
	101	2	51.55517069052632	10.50197921473684	0.0	0.0	1	1.0343634451613155	1.1362449015107714	138.0	11	1.05	0.95				
	102	2	46.30418108315789	9.547253831578947	0.0	0.0	1	1.0334007822104303	0.8094488248879715	138.0	12	1.05	0.95				
	103	1	85.92528448421052	17.662419588421052	0.0	0.0	1	1.0251446136882123	2.2701504570210544	138.0	11	1.05	0.95				
	104	1	35.324839176842104	7.16044037368421	0.0	0.0	1	1.0196669625004888	-1.99719714736752	138.0	11	1.05	0.95				
	105	1	33.892751102105265	6.683077682105264	0.0	0.0	1	1.0356389707090006	-2.0387596617997596	138.0	11	1.05	0.95				
	106	1	64.92132605473684	13.366155364210528	0.0	-100.0	1	1.0441467372521807	-4.343091870228276	138.0	12	1.05	0.95				
	107	2	59.67033644736842	11.934067289473683	0.0	0.0	1	0.9981927730591043	-12.449812055868524	138.0	12	1.05	0.95				
	108	1	81.62902025999999	16.707694205263156	0.0	0.0	1	0.9992778038664056	-9.940577940651611	138.0	12	1.05	0.95				
	109	1	83.53847102631579	17.185056896842106	0.0	0.0	1	1.022834764043982	-2.3585260749778194	138.0	13	1.05	0.95				
	110	1	93.08572485789472	19.094507663157895	0.0	0.0	1	1.05	-3.7567966968193707	138.0	13	1.05	0.95				
	111	1	0.0	0.0	0.0	0.0	1	1.0073816461253706	0.37185302679533105	230.0	13	1.05	0.95				
	112	1	0.0	0.0	0.0	0.0	1	1.0102251721554745	-0.6356147948046207	230.0	13	1.05	0.95				
	113	3	126.50111326842104	25.77758534526316	0.0	0.0	1	1.0021878733530751	4.813749183905209e-30	230.0	14	1.05	0.95				
	114	2	92.60836216631579	18.61714497157895	0.0	0.0	1	1.0115054024074688	4.206287957526636	230.0	16	1.05	0.95				
	115	2	151.32397323052632	30.55121226105263	0.0	0.0	1	1.0363111142382528	14.449233855665172	230.0	16	1.05	0.95				
	116	2	47.73626915789473	9.547253831578947	0.0	0.0	1	1.029796834635847	12.515043295121993	230.0	16	1.05	0.95				
	117	1	0.0	0.0	0.0	0.0	1	1.0364452854415347	18.85653436283647	230.0	17	1.05	0.95				
	118	2	158.96177629578946	32.46066302736842	0.0	0.0	1	1.0494760954703175	19.54756810654132	230.0	17	1.05	0.95				
	119	1	86.40264717578947	17.662419588421052	0.0	0.0	1	1.019386062268136	8.071162515437916	230.0	15	1.05	0.95				
	120	1	61.10242452210526	12.411429981052631	0.0	0.0	1	1.0181515262519312	5.111127362142043	230.0	15	1.05	0.95				
	121	2	0.0	0.0	0.0	0.0	1	1.05	21.359841545009168	230.0	17	1.05	0.95				
	122	2	0.0	0.0	0.0	0.0	1	1.05	39.24944734642058	230.0	17	1.05	0.95				
	123	2	0.0	0.0	0.0	0.0	1	1.0189388424349464	3.85269706353666	230.0	15	1.05	0.95				
	124	1	0.0	0.0	0.0	0.0	1	1.016908103092612	9.888219312522011	230.0	16	1.05	0.95				
	201	2	50.11553595789474	10.208720287719299	0.0	0.0	2	1.0087739929363344	-18.352573087898648	138.0	21	1.05	0.95				
	202	2	45.011175814035084	9.280654807017545	0.0	0.0	2	1.0079595761175462	-18.660958769657192	138.0	22	1.05	0.95				
	203	1	83.5258932631579	17.169211392982454	0.0	0.0	2	1.0132223158033538	-13.386737912482188	138.0	21	1.05	0.95				
	204	1	34.33842278596491	6.960491105263158	0.0	0.0	2	1.008833783251863	-18.05183956487529	138.0	21	1.05	0.95				
	205	1	32.94632456491228	6.496458364912281	0.0	0.0	2	1.0235610545355625	-18.598118997226987	138.0	21	1.05	0.95				
	206	1	63.10845268771931	12.992916729824563	0.0	-100.0	2	1.0394222586866588	-19.299492781853306	138.0	22	1.05	0.95				
	207	2	58.004092543859656	11.60081850877193	0.0	0.0	2	0.9909877683005383	-24.887889603268377	138.0	22	1.05	0.95				
	208	1	79.34959860000001	16.241145912280704	0.0	0.0	2	0.9963053655933195	-22.762723162603677	138.0	22	1.05	0.95				
	209	1	81.20572956140352	16.70517865263158	0.0	0.0	2	1.0236177510729183	-15.635552270334516	138.0	23	1.05	0.95				
	210	1	90.48638436842106	18.56130961403509	0.0	0.0	2	1.05	-17.34821601880432	138.0	23	1.05	0.95				
	211	1	0.0	0.0	0.0	0.0	2	1.011229713794981	-12.088221969256695	230.0	23	1.05	0.95				
	212	1	0.0	0.0	0.0	0.0	2	1.0141913841358379	-11.009986471224869	230.0	23	1.05	0.95				
	213	2	122.96867619298246	25.05776797894737	0.0	0.0	2	1.0153110100858547	-10.288289414508526	230.0	24	1.05	0.95				
	214	2	90.02235162807017	18.097276873684212	0.0	0.0	2	1.0132064485285492	-9.20907574094345	230.0	26	1.05	0.95				
	215	2	147.09837869122808	29.698095382456142	0.0	0.0	2	1.027150693491626	-2.1765408165879543	230.0	26	1.05	0.95				
	216	2	46.40327403508772	9.280654807017545	0.0	0.0	2	1.0302073169579495	-2.3303379619533895	230.0	26	1.05	0.95				
	217	1	0.0	0.0	0.0	0.0	2	1.0310981931853938	-0.4919771047139564	230.0	27	1.05	0.95				
	218	2	154.5229025368421	31.554226343859654	0.0	0.0	2	1.0300343698260477	-1.1532076690763775	230.0	27	1.05	0.95				
	219	1	83.98992600350877	17.169211392982454	0.0	0.0	2	1.03603212504952	-2.0769492446840614	230.0	25	1.05	0.95				
	220	1	59.396190764912284	12.064851249122809	0.0	0.0	2	1.044387642707341	-0.9761559353077904	230.0	25	1.05	0.95				
	221	2	0.0	0.0	0.0	0.0	2	1.0321485263015595	-0.6858925682967385	230.0	27	1.05	0.95				
	222	2	0.0	0.0	0.0	0.0	2	1.05	5.884548036291543	230.0	27	1.05	0.95				
	223	2	0.0	0.0	0.0	0.0	2	1.05	-0.03786290331517537	230.0	25	1.05	0.95				
	224	1	0.0	0.0	0.0	0.0	2	1.0081205878564348	-6.362080944590172	230.0	26	1.05	0.95				
	301	2	47.54254983157895	9.684593484210527	0.0	0.0	3	1.0230420784001455	13.255080983667021	138.0	31	1.05	0.95				
	302	2	42.700253089473684	8.804175894736844	0.0	0.0	3	1.0206561485225358	12.901714833587501	138.0	32	1.05	0.95				
	303	1	79.23758305263158	16.287725405263156	0.0	0.0	3	1.05	28.152383635754195	138.0	31	1.05	0.95				
	304	1	32.57545081052631	6.603131921052631	0.0	0.0	3	1.0113308831823975	14.098703303597427	138.0	31	1.05	0.95				
	305	1	31.254824426315786	6.16292312631579	0.0	0.0	3	1.0290785644289946	11.866975070790575	138.0	31	1.05	0.95				
	306	1	59.86839608421053	12.32584625263158	0.0	-100.0	3	1.0396853977859604	10.553723490857525	138.0	32	1.05	0.95				
	307	2	55.02609934210526	11.005219868421053	0.0	0.0	3	0.95	6.622637940003232	138.0	32	1.05	0.95				
	308	1	75.2757039	15.407307815789473	0.0	0.0	3	0.9708651977049628	8.537013914759594	138.0	32	1.05	0.95				
	309	1	77.03653907894736	15.847516610526316	0.0	0.0	3	1.0173315621231658	16.91807630259416	138.0	33	1.05	0.95				
	310	1	85.8407149736842	17.608351789473687	0.0	0.0	3	1.0457093764961278	11.878859786402439	138.0	33	1.05	0.95				
	311	1	0.0	0.0	0.0	0.0	3	1.0054939909044767	15.793315473983972	230.0	33	1.05	0.95				
	312	1	0.0	0.0	0.0	0.0	3	1.0114084743573497	16.27944566104407	230.0	33	1.05	0.95				
	313	2	116.65533060526316	23.771274915789476	0.0	0.0	3	1.008810087679171	18.069420649845654	230.0	34	1.05	0.95				
	314	2	85.40050617894737	17.168142994736844	0.0	0.0	3	0.9997976736468339	15.28708896808025	230.0	36	1.05	0.95				
	315	2	139.54618793157894	28.173362863157898	0.0	0.0	3	1.047811947574414	17.561091081711368	230.0	36	1.05	0.95				
	316	2	44.02087947368421	8.804175894736844	0.0	0.0	3	1.0317848780723209	17.217938598029367	230.0	36	1.05	0.95				
	317	1	0.0	0.0	0.0	0.0	3	1.0498620388158655	20.18351558200099	230.0	37	1.05	0.95				
	318	2	146.58952864736844	29.934198042105265	0.0	0.0	3	1.05	17.441355236808914	230.0	37	1.05	0.95				
	319	1	79.67779184736841	16.287725405263156	0.0	0.0	3	1.0244775729176219	16.48841531921182	230.0	35	1.05	0.95				
	320	1	56.346725726315796	11.445428663157895	0.0	0.0	3	1.0211907524225463	16.711926133653666	230.0	35	1.05	0.95				
	321	2	0.0	0.0	0.0	0.0	3	1.05	18.115225462872527	230.0	37	1.05	0.95				
	322	2	0.0	0.0	0.0	0.0	3	1.05	23.27490945458208	230.0	37	1.05	0.95				
	323	2	0.0	0.0	0.0	0.0	3	1.020054757839739	17.179277929302017	230.0	35	1.05	0.95				
	324	1	0.0	0.0	0.0	0.0	3	1.045327808415476	21.609334246741835	230.0	36	1.05	0.95				
	325	1	0.0	0.0	0.0	0.0	3	1.0224820034609068	17.553110619415268	230.0	35	1.05	0.95				
];
