%% MATPOWER Case Format : Version 2
function mpc = RTS_GMLC
mpc.version = '2';

%%-----  Power Flow Data  -----%%
%% system MVA base
mpc.baseMVA = 100.0;
%% bus data
%    bus_i    type    Pd    Qd    Gs    Bs    area    Vm    Va    baseKV    zone    Vmax    Vmin
mpc.bus = [
	101	2	92.74319643789474	18.892132607719297	0.0	0.0	1	1.0407117342343002	-3.402353399798766	138.0	11	1.05	0.95				
	102	2	83.29713013403509	17.174666007017546	0.0	0.0	1	1.0403950462749865	-3.562451309709723	138.0	12	1.05	0.95				
	103	1	154.5719940631579	31.773132112982456	0.0	0.0	1	1.020282673163973	-3.953170188004149	138.0	11	1.05	0.95				
	104	1	63.54626422596491	12.880999505263159	0.0	0.0	1	1.0194949194057281	-6.482647751493417	138.0	11	1.05	0.95				
	105	1	60.97006432491228	12.022266204912281	0.0	0.0	1	1.0337063359956453	-6.8377544509951305	138.0	11	1.05	0.95				
	106	1	116.78772884771931	24.044532409824562	0.0	-100.0	1	1.0345947632317793	-9.557917354873814	138.0	12	1.05	0.95				
	107	2	107.34166254385964	21.46833250877193	0.0	0.0	1	1.05	-6.262925536448149	138.0	12	1.05	0.95				
	108	1	146.84339436	30.0556655122807	0.0	0.0	1	1.0224589960918504	-9.151849764140124	138.0	12	1.05	0.95				
	109	1	150.2783275614035	30.91439881263158	0.0	0.0	1	1.0274031771011378	-6.033816714296683	138.0	13	1.05	0.95				
	110	1	167.45299356842105	34.34933201403509	0.0	0.0	1	1.05	-7.6455403222070935	138.0	13	1.05	0.95				
	111	1	0.0	0.0	0.0	0.0	1	1.017974869330778	-2.699309447967512	230.0	13	1.05	0.95				
	112	1	0.0	0.0	0.0	0.0	1	1.0189185220853332	-1.6060779598542982	230.0	13	1.05	0.95				
	113	3	227.56432459298242	46.37159821894737	0.0	0.0	1	1.0233679136929934	8.383163782756238e-29	230.0	14	1.05	0.95				
	114	2	166.59426026807017	33.490598713684214	0.0	0.0	1	1.0227514354670662	-0.9267083187978573	230.0	16	1.05	0.95				
	115	2	272.21845621122804	54.958931222456144	0.0	0.0	1	1.044033115567931	7.274906978386727	230.0	16	1.05	0.95				
	116	2	85.87333003508772	17.174666007017546	0.0	0.0	1	1.0441594479521703	6.811304583287572	230.0	16	1.05	0.95				
	117	1	0.0	0.0	0.0	0.0	1	1.0475824712830475	10.19523043866642	230.0	17	1.05	0.95				
	118	2	285.9581890168421	58.393864423859654	0.0	0.0	1	1.0499592009427547	10.99043326403144	230.0	17	1.05	0.95				
	119	1	155.43072736350877	31.773132112982456	0.0	0.0	1	1.0390390048095823	5.756814595077222	230.0	15	1.05	0.95				
	120	1	109.91786244491229	22.327065809122807	0.0	0.0	1	1.04186223881294	6.182795993649925	230.0	15	1.05	0.95				
	121	2	0.0	0.0	0.0	0.0	1	1.05	11.83676796796527	230.0	17	1.05	0.95				
	122	2	0.0	0.0	0.0	0.0	1	1.05	17.96637202916237	230.0	17	1.05	0.95				
	123	2	0.0	0.0	0.0	0.0	1	1.046060118484584	7.043991151061676	230.0	15	1.05	0.95				
	124	1	0.0	0.0	0.0	0.0	1	1.0210886031425246	3.1214265325720274	230.0	16	1.05	0.95				
	201	2	91.03415710736843	18.54399496631579	0.0	0.0	2	1.0430344513126255	-11.582468809079792	138.0	21	1.05	0.95				
	202	2	81.76215962421053	16.858177242105267	0.0	0.0	2	1.045628168111037	-11.678908465158484	138.0	22	1.05	0.95				
	203	1	151.7235951789474	31.18762789789474	0.0	0.0	2	1.0266426340036685	-8.575501409874503	138.0	21	1.05	0.95				
	204	1	62.37525579578948	12.643632931578946	0.0	0.0	2	1.0205516306385392	-12.660709580445136	138.0	21	1.05	0.95				
	205	1	59.84652920947369	11.800724069473684	0.0	0.0	2	1.0358083117922943	-13.101249616322479	138.0	21	1.05	0.95				
	206	1	114.63560524631579	23.60144813894737	0.0	-100.0	2	1.0372629905286757	-14.743951813813442	138.0	22	1.05	0.95				
	207	2	105.3636077631579	21.072721552631577	0.0	0.0	2	0.95	-25.74633936699977	138.0	22	1.05	0.95				
	208	1	144.13741542	29.501810173684206	0.0	0.0	2	0.9555270777991496	-22.137525117194635	138.0	22	1.05	0.95				
	209	1	147.50905086842104	30.344719035789474	0.0	0.0	2	1.027291276968481	-10.072062707056501	138.0	23	1.05	0.95				
	210	1	164.3672281105263	33.716354484210534	0.0	0.0	2	1.05	-12.000986312554346	138.0	23	1.05	0.95				
	211	1	0.0	0.0	0.0	0.0	2	1.0330622456679268	-5.259393919841708	230.0	23	1.05	0.95				
	212	1	0.0	0.0	0.0	0.0	2	1.027944190371623	-0.7837474572284621	230.0	23	1.05	0.95				
	213	2	223.3708484578947	45.517078553684215	0.0	0.0	2	1.05	-0.8865462425873989	230.0	24	1.05	0.95				
	214	2	163.52431924842105	32.873445622105265	0.0	0.0	2	1.05	-3.5639339498855427	230.0	26	1.05	0.95				
	215	2	267.20210928736844	53.94616717473685	0.0	0.0	2	1.0456041791703123	3.886154379060136	230.0	26	1.05	0.95				
	216	2	84.29088621052631	16.858177242105267	0.0	0.0	2	1.049853476924161	4.037081997494707	230.0	26	1.05	0.95				
	217	1	0.0	0.0	0.0	0.0	2	1.05	6.9606959925610905	230.0	27	1.05	0.95				
	218	2	280.6886510810526	57.317802623157895	0.0	0.0	2	1.0499575425123189	7.589726126439847	230.0	27	1.05	0.95				
	219	1	152.56650404105264	31.18762789789474	0.0	0.0	2	1.0435201236539429	3.8745637508239437	230.0	25	1.05	0.95				
	220	1	107.8923343494737	21.915630414736842	0.0	0.0	2	1.0457502973366954	5.307830181526676	230.0	25	1.05	0.95				
	221	2	0.0	0.0	0.0	0.0	2	1.05	8.083318625816121	230.0	27	1.05	0.95				
	222	2	0.0	0.0	0.0	0.0	2	1.05	14.154898377894089	230.0	27	1.05	0.95				
	223	2	0.0	0.0	0.0	0.0	2	1.05	6.70472630032996	230.0	25	1.05	0.95				
	224	1	0.0	0.0	0.0	0.0	2	1.0227747517026704	-0.7477314621818699	230.0	26	1.05	0.95				
	301	2	78.00189813473686	15.889275545964912	0.0	0.0	3	0.9935272698012599	-12.25000835724421	138.0	31	1.05	0.95				
	302	2	70.05726036175439	14.444795950877195	0.0	0.0	3	0.9937060950236153	-12.378655327765086	138.0	32	1.05	0.95				
	303	1	130.00316355789474	26.72287250912281	0.0	0.0	3	1.0065848879624233	-5.595617643628324	138.0	31	1.05	0.95				
	304	1	53.44574501824562	10.833596963157895	0.0	0.0	3	0.9882081832448247	-9.779201733081097	138.0	31	1.05	0.95				
	305	1	51.27902562561404	10.111357165614036	0.0	0.0	3	1.0018752121120709	-10.237513984665945	138.0	31	1.05	0.95				
	306	1	98.22461246596492	20.222714331228072	0.0	-100.0	3	1.0140288375686222	-9.915095001062902	138.0	32	1.05	0.95				
	307	2	90.27997469298245	18.05599493859649	0.0	0.0	3	0.9671769062142935	-16.73247137336045	138.0	32	1.05	0.95				
	308	1	123.50300538	25.278392914035088	0.0	0.0	3	0.9709104410568556	-13.167556550149444	138.0	32	1.05	0.95				
	309	1	126.39196457017545	26.000632711578948	0.0	0.0	3	1.011457064369649	-4.6163844181386136	138.0	33	1.05	0.95				
	310	1	140.83676052105264	28.88959190175439	0.0	0.0	3	1.032880551201288	-5.829643908756959	138.0	33	1.05	0.95				
	311	1	0.0	0.0	0.0	0.0	3	1.0072808456016915	2.480505558111957	230.0	33	1.05	0.95				
	312	1	0.0	0.0	0.0	0.0	3	1.0087322363360236	3.440647889672018	230.0	33	1.05	0.95				
	313	2	191.39354634912283	39.00094906736843	0.0	0.0	3	1.0328977817373528	9.740352299782984	230.0	34	1.05	0.95				
	314	2	140.11452072350878	28.16735210421053	0.0	0.0	3	1.0183854384745528	3.559885455532659	230.0	36	1.05	0.95				
	315	2	228.9500158214035	46.22334704280702	0.0	0.0	3	1.040288268058162	3.498800133997754	230.0	36	1.05	0.95				
	316	2	72.22397975438597	14.444795950877195	0.0	0.0	3	1.0375683027848759	4.285475398514986	230.0	36	1.05	0.95				
	317	1	0.0	0.0	0.0	0.0	3	1.0423736598955435	5.287487692353937	230.0	37	1.05	0.95				
	318	2	240.5058525821053	49.11230623298246	0.0	0.0	3	1.0424963151842919	4.978201125647638	230.0	37	1.05	0.95				
	319	1	130.7254033554386	26.72287250912281	0.0	0.0	3	1.0339733921688423	5.359949026775261	230.0	35	1.05	0.95				
	320	1	92.44669408561404	18.778234736140355	0.0	0.0	3	1.0342652718180627	6.380609280173675	230.0	35	1.05	0.95				
	321	2	0.0	0.0	0.0	0.0	3	1.045412955220759	6.1211442938867515	230.0	37	1.05	0.95				
	322	2	0.0	0.0	0.0	0.0	3	1.05	11.162291884770182	230.0	37	1.05	0.95				
	323	2	0.0	0.0	0.0	0.0	3	1.035020228844294	6.866459141067996	230.0	35	1.05	0.95				
	324	1	0.0	0.0	0.0	0.0	3	1.0187242911253767	2.0275788197941944	230.0	36	1.05	0.95				
	325	1	0.0	0.0	0.0	0.0	3	1.0359775646474776	7.293891942710166	230.0	35	1.05	0.95				
];
