%% MATPOWER Case Format : Version 2
function mpc = RTS_GMLC
mpc.version = '2';

%%-----  Power Flow Data  -----%%
%% system MVA base
mpc.baseMVA = 100.0;
%% bus data
%    bus_i    type    Pd    Qd    Gs    Bs    area    Vm    Va    baseKV    zone    Vmax    Vmin
mpc.bus = [
	101	2	42.844631381052636	8.727610096140351	0.0	0.0	1	1.011726426490118	-4.31621657158596	138.0	11	1.05	0.95				
	102	2	38.48082633298245	7.934190996491229	0.0	0.0	1	1.0116852491518613	-4.533780151833813	138.0	12	1.05	0.95				
	103	1	71.40771896842105	14.678253343508771	0.0	0.0	1	1.0000063661221286	0.5905988931359445	138.0	11	1.05	0.95				
	104	1	29.356506687017543	5.950643247368421	0.0	0.0	1	1.002119564398096	-4.339675562972737	138.0	11	1.05	0.95				
	105	1	28.16637803754386	5.553933697543861	0.0	0.0	1	1.0163488548123134	-5.373737147635106	138.0	11	1.05	0.95				
	106	1	53.95249877614036	11.107867395087721	0.0	-100.0	1	1.026862451945537	-6.450401619251655	138.0	12	1.05	0.95				
	107	2	49.588693728070176	9.917738745614034	0.0	0.0	1	0.9860635170154319	-9.724502046437424	138.0	12	1.05	0.95				
	108	1	67.83733302	13.884834243859649	0.0	0.0	1	0.9880124753941442	-8.679907045195597	138.0	12	1.05	0.95				
	109	1	69.42417121929824	14.28154379368421	0.0	0.0	1	1.0017217536617153	-3.2727989835487485	138.0	13	1.05	0.95				
	110	1	77.35836221578948	15.868381992982458	0.0	0.0	1	1.0303600419947585	-5.133243471391232	138.0	13	1.05	0.95				
	111	1	0.0	0.0	0.0	0.0	1	0.9813724958778314	-0.6302312180017215	230.0	13	1.05	0.95				
	112	1	0.0	0.0	0.0	0.0	1	0.9825919970263949	-1.4235027522295378	230.0	13	1.05	0.95				
	113	3	105.12803070350878	21.422315690526318	0.0	0.0	1	0.9637660694966701	1.2457755438851784e-23	230.0	14	1.05	0.95				
	114	2	76.9616526659649	15.471672443157896	0.0	0.0	1	0.9900296472901544	2.535968039492292	230.0	16	1.05	0.95				
	115	2	125.75692729438597	25.38941118877193	0.0	0.0	1	0.9886264098955253	11.306062085173918	230.0	16	1.05	0.95				
	116	2	39.67095498245614	7.934190996491229	0.0	0.0	1	0.9879502190497542	9.766247923144038	230.0	16	1.05	0.95				
	117	1	0.0	0.0	0.0	0.0	1	0.9909765881243522	15.26968201281635	230.0	17	1.05	0.95				
	118	2	132.10428009157894	26.97624938807018	0.0	0.0	1	0.9979304646251269	15.886389964200088	230.0	17	1.05	0.95				
	119	1	71.80442851824563	14.678253343508771	0.0	0.0	1	0.9883435135496929	6.198928571053678	230.0	15	1.05	0.95				
	120	1	50.77882237754386	10.314448295438597	0.0	0.0	1	0.9935474906595045	3.591608604570229	230.0	15	1.05	0.95				
	121	2	0.0	0.0	0.0	0.0	1	0.998280161432263	17.24005883209326	230.0	17	1.05	0.95				
	122	2	0.0	0.0	0.0	0.0	1	1.0085405713541653	32.817235915807174	230.0	17	1.05	0.95				
	123	2	0.0	0.0	0.0	0.0	1	0.9973829913571092	2.4918716773214484	230.0	15	1.05	0.95				
	124	1	0.0	0.0	0.0	0.0	1	0.9801651329533152	7.204749503662443	230.0	16	1.05	0.95				
	201	2	41.105619397894735	8.373366914385965	0.0	0.0	2	1.0109169607156048	-10.128756450214713	138.0	21	1.05	0.95				
	202	2	36.91893594070175	7.6121517403508765	0.0	0.0	2	1.0098726995980574	-10.28236111442223	138.0	22	1.05	0.95				
	203	1	68.5093656631579	14.082480719649121	0.0	0.0	2	0.9979223612210576	-7.726092824755997	138.0	21	1.05	0.95				
	204	1	28.164961439298242	5.709113805263157	0.0	0.0	2	1.0019699325238236	-9.337732945790384	138.0	21	1.05	0.95				
	205	1	27.023138678245612	5.328506218245614	0.0	0.0	2	1.017969141877851	-9.674025422575456	138.0	21	1.05	0.95				
	206	1	51.762631834385964	10.657012436491229	0.0	-100.0	2	1.0301667502845577	-9.905110274524132	138.0	22	1.05	0.95				
	207	2	47.57594837719298	9.515189675438595	0.0	0.0	2	0.9720785159270302	-14.371789343152523	138.0	22	1.05	0.95				
	208	1	65.08389737999998	13.321265545614033	0.0	0.0	2	0.981699916235088	-12.649705963917642	138.0	22	1.05	0.95				
	209	1	66.60632772807017	13.701873132631578	0.0	0.0	2	1.0067766417025152	-6.937369118558415	138.0	23	1.05	0.95				
	210	1	74.21847946842104	15.224303480701753	0.0	0.0	2	1.0343988915645521	-7.956620047362504	138.0	23	1.05	0.95				
	211	1	0.0	0.0	0.0	0.0	2	0.9866445256182096	-4.631595100072277	230.0	23	1.05	0.95				
	212	1	0.0	0.0	0.0	0.0	2	0.9883152326131064	-0.31725749554024185	230.0	23	1.05	0.95				
	213	2	100.86101055964912	20.552809698947367	0.0	0.0	2	0.9820093871608195	-2.1650165781808317	230.0	24	1.05	0.95				
	214	2	73.8378718814035	14.843695893684208	0.0	0.0	2	0.9821885639285398	-3.823243831491565	230.0	26	1.05	0.95				
	215	2	120.65260508456139	24.358885569122805	0.0	0.0	2	0.9912439691613667	-0.07003184525292364	230.0	26	1.05	0.95				
	216	2	38.06075870175438	7.6121517403508765	0.0	0.0	2	0.989126956186619	-0.1743664166876194	230.0	26	1.05	0.95				
	217	1	0.0	0.0	0.0	0.0	2	0.9998062277235378	0.6337907172587721	230.0	27	1.05	0.95				
	218	2	126.7423264768421	25.881315917192982	0.0	0.0	2	1.0007575727020133	0.12570018694634083	230.0	27	1.05	0.95				
	219	1	68.88997325017543	14.082480719649121	0.0	0.0	2	0.9823269193250384	0.9001950975752012	230.0	25	1.05	0.95				
	220	1	48.71777113824561	9.895797262456139	0.0	0.0	2	0.9794514718941649	2.6565489711520422	230.0	25	1.05	0.95				
	221	2	0.0	0.0	0.0	0.0	2	1.003003205011499	0.6045875423406113	230.0	27	1.05	0.95				
	222	2	0.0	0.0	0.0	0.0	2	1.0201296783481868	5.100610661420109	230.0	27	1.05	0.95				
	223	2	0.0	0.0	0.0	0.0	2	0.9790244703488976	3.950410955137836	230.0	25	1.05	0.95				
	224	1	0.0	0.0	0.0	0.0	2	0.9843602192840823	-2.9883509964643915	230.0	26	1.05	0.95				
	301	2	52.77000948631579	10.749446376842107	0.0	0.0	3	1.0073902231389882	29.35163852009994	138.0	31	1.05	0.95				
	302	2	47.395286297894735	9.77222397894737	0.0	0.0	3	1.007855311848704	29.033733977903523	138.0	32	1.05	0.95				
	303	1	87.95001581052631	18.07861436105263	0.0	0.0	3	1.016760191310469	42.33670793352394	138.0	31	1.05	0.95				
	304	1	36.15722872210526	7.3291679842105255	0.0	0.0	3	0.998569726984993	30.554112972575833	138.0	31	1.05	0.95				
	305	1	34.691395125263156	6.840556785263159	0.0	0.0	3	1.0156320928621556	28.743538479994942	138.0	31	1.05	0.95				
	306	1	66.4511230568421	13.681113570526318	0.0	-100.0	3	1.0277614483090742	27.817870303397516	138.0	32	1.05	0.95				
	307	2	61.07639986842105	12.215279973684211	0.0	0.0	3	0.9681067416496716	25.038059283599868	138.0	32	1.05	0.95				
	308	1	83.55251502	17.101391963157894	0.0	0.0	3	0.9809570852791161	27.255414308983656	138.0	32	1.05	0.95				
	309	1	85.50695981578947	17.590003162105265	0.0	0.0	3	1.0071373983288991	33.87872486289987	138.0	33	1.05	0.95				
	310	1	95.27918379473684	19.54444795789474	0.0	0.0	3	1.0360411770223117	29.736943716173283	138.0	33	1.05	0.95				
	311	1	0.0	0.0	0.0	0.0	3	0.9916839501481071	33.64131020976708	230.0	33	1.05	0.95				
	312	1	0.0	0.0	0.0	0.0	3	0.9997067046489352	33.76121806498186	230.0	33	1.05	0.95				
	313	2	129.48196772105263	26.385004743157896	0.0	0.0	3	0.9993339639794191	36.41708034754741	230.0	34	1.05	0.95				
	314	2	94.79057259578947	19.05583675894737	0.0	0.0	3	0.9790963301768768	33.14544528546137	230.0	36	1.05	0.95				
	315	2	154.88975006631577	31.271116732631583	0.0	0.0	3	0.9828296783480415	31.24674878837214	230.0	36	1.05	0.95				
	316	2	48.861119894736845	9.77222397894737	0.0	0.0	3	0.9723035753232118	31.573778548552045	230.0	36	1.05	0.95				
	317	1	0.0	0.0	0.0	0.0	3	0.9881477275937688	32.980069878155945	230.0	37	1.05	0.95				
	318	2	162.70752924947368	33.22556152842105	0.0	0.0	3	0.9839946185987363	29.41045271737885	230.0	37	1.05	0.95				
	319	1	88.43862700947369	18.07861436105263	0.0	0.0	3	0.9818178788262154	31.350021156946458	230.0	35	1.05	0.95				
	320	1	62.542233465263166	12.703891172631579	0.0	0.0	3	0.9912560831378003	30.942278982392132	230.0	35	1.05	0.95				
	321	2	0.0	0.0	0.0	0.0	3	0.9920150617701644	30.444201279669503	230.0	37	1.05	0.95				
	322	2	0.0	0.0	0.0	0.0	3	1.0084951170184269	33.919105992662374	230.0	37	1.05	0.95				
	323	2	0.0	0.0	0.0	0.0	3	0.9961632144421599	30.598217529845044	230.0	35	1.05	0.95				
	324	1	0.0	0.0	0.0	0.0	3	0.9942455942514413	36.8168702232254	230.0	36	1.05	0.95				
