%% MATPOWER Case Format : Version 2
function mpc = RTS_GMLC
mpc.version = '2';

%%-----  Power Flow Data  -----%%
%% system MVA base
mpc.baseMVA = 100.0;
%% bus data
%    bus_i    type    Pd    Qd    Gs    Bs    area    Vm    Va    baseKV    zone    Vmax    Vmin
mpc.bus = [
	101	2	47.761009389473685	9.729094505263157	0.0	0.0	1	1.041075256519117	2.8493678858707927	138.0	11	1.05	0.95				
	102	2	42.8964621368421	8.844631368421052	0.0	0.0	1	1.0400774041595755	2.5888185358986373	138.0	12	1.05	0.95				
	103	1	79.60168231578947	16.36256803157895	0.0	0.0	1	1.0290475741555152	-0.761965875798307	138.0	11	1.05	0.95				
	104	1	32.7251360631579	6.633473526315789	0.0	0.0	1	1.02580178823685	-0.7505229777819051	138.0	11	1.05	0.95				
	105	1	31.398441357894736	6.1912419578947375	0.0	0.0	1	1.0392190668324766	-0.6734306656935177	138.0	11	1.05	0.95				
	106	1	60.14349330526316	12.382483915789475	0.0	-100.0	1	1.046441321335817	-3.1322081283701557	138.0	12	1.05	0.95				
	107	2	55.278946052631575	11.055789210526315	0.0	0.0	1	0.9989891558382351	-7.326918312262068	138.0	12	1.05	0.95				
	108	1	75.6215982	15.478104894736841	0.0	0.0	1	1.0038258192703582	-6.71752248054808	138.0	12	1.05	0.95				
	109	1	77.39052447368421	15.920336463157895	0.0	0.0	1	1.0251711978657472	-2.3250546063191715	138.0	13	1.05	0.95				
	110	1	86.23515584210526	17.689262736842103	0.0	0.0	1	1.05	-2.883363976496151	138.0	13	1.05	0.95				
	111	1	0.0	0.0	0.0	0.0	1	1.003511340291216	-0.8698253989671105	230.0	13	1.05	0.95				
	112	1	0.0	0.0	0.0	0.0	1	1.0086884537923928	-0.1383675065758412	230.0	13	1.05	0.95				
	113	3	117.19136563157892	23.880504694736842	0.0	0.0	1	0.9957516883814802	-1.3596694778352843e-27	230.0	14	1.05	0.95				
	114	2	85.7929242736842	17.24703116842105	0.0	0.0	1	0.9986989163220232	0.23261019108255124	230.0	16	1.05	0.95				
	115	2	140.18740718947367	28.30282037894737	0.0	0.0	1	1.0381184607856515	4.417086431921022	230.0	16	1.05	0.95				
	116	2	44.22315684210526	8.844631368421052	0.0	0.0	1	1.033014984422633	4.370255063342646	230.0	16	1.05	0.95				
	117	1	0.0	0.0	0.0	0.0	1	1.0419685352875725	5.608525631458118	230.0	17	1.05	0.95				
	118	2	147.2631122842105	30.07174665263158	0.0	0.0	1	1.0449540365593357	5.2976049022977545	230.0	17	1.05	0.95				
	119	1	80.04391388421053	16.36256803157895	0.0	0.0	1	1.02649329056504	4.1778314076230725	230.0	15	1.05	0.95				
	120	1	56.60564075789474	11.498020778947367	0.0	0.0	1	1.0236091205243676	4.773156552355872	230.0	15	1.05	0.95				
	121	2	0.0	0.0	0.0	0.0	1	1.05	5.998539824147441	230.0	17	1.05	0.95				
	122	2	0.0	0.0	0.0	0.0	1	1.05	12.950233337415765	230.0	17	1.05	0.95				
	123	2	0.0	0.0	0.0	0.0	1	1.0227998168067591	5.445630130208015	230.0	15	1.05	0.95				
	124	1	0.0	0.0	0.0	0.0	1	1.0272002708794867	2.4847880164123364	230.0	16	1.05	0.95				
	201	2	46.61356839157895	9.495356524210525	0.0	0.0	2	1.0204981907313198	-3.2080411622616936	138.0	21	1.05	0.95				
	202	2	41.865890129473684	8.632142294736843	0.0	0.0	2	1.0211828719821472	-2.9612319516013916	138.0	22	1.05	0.95				
	203	1	77.68928065263158	15.969463245263157	0.0	0.0	2	1.0167921283413515	-3.97241562323599	138.0	21	1.05	0.95				
	204	1	31.938926490526313	6.474106721052632	0.0	0.0	2	1.0161471208530215	-4.6063958702885355	138.0	21	1.05	0.95				
	205	1	30.644105146315788	6.04249960631579	0.0	0.0	2	1.0299819887581294	-4.746449113152358	138.0	21	1.05	0.95				
	206	1	58.698567604210524	12.08499921263158	0.0	-100.0	2	1.0432349240864005	-5.98429663129136	138.0	22	1.05	0.95				
	207	2	53.950889342105256	10.790177868421052	0.0	0.0	2	0.9868233791716207	-12.230536980534701	138.0	22	1.05	0.95				
	208	1	73.80481662	15.106249015789471	0.0	0.0	2	0.9954522774376482	-10.300342066607215	138.0	22	1.05	0.95				
	209	1	75.53124507894738	15.537856130526315	0.0	0.0	2	1.0242396620616463	-4.169432304110934	138.0	23	1.05	0.95				
	210	1	84.1633873736842	17.264284589473686	0.0	0.0	2	1.05	-4.9110728355650135	138.0	23	1.05	0.95				
	211	1	0.0	0.0	0.0	0.0	2	1.0038619916913272	-1.9914991260498718	230.0	23	1.05	0.95				
	212	1	0.0	0.0	0.0	0.0	2	1.0148135853568805	0.8258054351848959	230.0	23	1.05	0.95				
	213	2	114.37588540526316	23.306784195789476	0.0	0.0	2	1.000568659635963	-0.687567141045417	230.0	24	1.05	0.95				
	214	2	83.73178025894737	16.832677474736844	0.0	0.0	2	0.9982142995820238	-0.45108341795879114	230.0	26	1.05	0.95				
	215	2	136.81945537157893	27.622855343157894	0.0	0.0	2	1.0262719612297795	4.373883960515342	230.0	26	1.05	0.95				
	216	2	43.16071147368421	8.632142294736843	0.0	0.0	2	1.027152281773833	4.2653924607678535	230.0	26	1.05	0.95				
	217	1	0.0	0.0	0.0	0.0	2	1.0328193557181837	6.355222990330065	230.0	27	1.05	0.95				
	218	2	143.72516920736842	29.349283802105262	0.0	0.0	2	1.03395075066785	6.758709961739597	230.0	27	1.05	0.95				
	219	1	78.12088776736842	15.969463245263157	0.0	0.0	2	1.0292252592312412	3.448962483029409	230.0	25	1.05	0.95				
	220	1	55.24571068631579	11.221784983157896	0.0	0.0	2	1.0339758432901505	3.5798168676792894	230.0	25	1.05	0.95				
	221	2	0.0	0.0	0.0	0.0	2	1.0342815000493737	6.726371919784712	230.0	27	1.05	0.95				
	222	2	0.0	0.0	0.0	0.0	2	1.05	13.076923811051596	230.0	27	1.05	0.95				
	223	2	0.0	0.0	0.0	0.0	2	1.0371611938528527	3.976463832278239	230.0	25	1.05	0.95				
	224	1	0.0	0.0	0.0	0.0	2	1.0122674353940928	1.2482579869985506	230.0	26	1.05	0.95				
	301	2	65.68490982315791	13.380259408421056	0.0	0.0	3	1.0075542055140683	-33.788214688399236	138.0	31	1.05	0.95				
	302	2	58.994780118947375	12.163872189473686	0.0	0.0	3	1.0069289522201674	-33.950664781067765	138.0	32	1.05	0.95				
	303	1	109.47484970526318	22.503163550526317	0.0	0.0	3	1.023507549708922	-26.15143832443887	138.0	31	1.05	0.95				
	304	1	45.006327101052634	9.122904142105263	0.0	0.0	3	1.0058823477811372	-32.02685801258151	138.0	31	1.05	0.95				
	305	1	43.181746272631585	8.51471053263158	0.0	0.0	3	1.020224966596186	-32.7242589244043	138.0	31	1.05	0.95				
	306	1	82.71433088842107	17.02942106526316	0.0	-100.0	3	1.0347197472236391	-32.80751603687154	138.0	32	1.05	0.95				
	307	2	76.02420118421054	15.204840236842108	0.0	0.0	3	0.9915622251332662	-40.17181624738377	138.0	32	1.05	0.95				
	308	1	104.00110722	21.28677633157895	0.0	0.0	3	0.9906221080728559	-37.24552452443671	138.0	32	1.05	0.95				
	309	1	106.43388165789476	21.894969941052633	0.0	0.0	3	1.0263256034254202	-27.970178388957162	138.0	33	1.05	0.95				
	310	1	118.59775384736844	24.327744378947372	0.0	0.0	3	1.05	-29.709228848261063	138.0	33	1.05	0.95				
	311	1	0.0	0.0	0.0	0.0	3	1.0186040250125572	-22.412822068679993	230.0	33	1.05	0.95				
	312	1	0.0	0.0	0.0	0.0	3	1.0192206145563856	-21.584965036992845	230.0	33	1.05	0.95				
	313	2	161.17130651052634	32.842454911578955	0.0	0.0	3	1.0291603014366641	-18.285841513401746	230.0	34	1.05	0.95				
	314	2	117.98956023789475	23.71955076947369	0.0	0.0	3	1.0297736550134042	-19.68799577460257	230.0	36	1.05	0.95				
	315	2	192.79737420315791	38.924391006315794	0.0	0.0	3	1.0475883530431462	-15.019443866524588	230.0	36	1.05	0.95				
	316	2	60.81936094736843	12.163872189473686	0.0	0.0	3	1.0477017400336377	-14.310651475306017	230.0	36	1.05	0.95				
	317	1	0.0	0.0	0.0	0.0	3	1.0499998141390339	-12.299365480381969	230.0	37	1.05	0.95				
	318	2	202.5284719547369	41.35716544421054	0.0	0.0	3	1.0497699325093643	-11.961226746310619	230.0	37	1.05	0.95				
	319	1	110.08304331473686	22.503163550526317	0.0	0.0	3	1.0450907054216	-15.002174478694492	230.0	35	1.05	0.95				
	320	1	77.84878201263159	15.813033846315792	0.0	0.0	3	1.0476214883130273	-14.491829041745646	230.0	35	1.05	0.95				
	321	2	0.0	0.0	0.0	0.0	3	1.05	-12.159071511626928	230.0	37	1.05	0.95				
	322	2	0.0	0.0	0.0	0.0	3	1.05	-7.866650481114937	230.0	37	1.05	0.95				
	323	2	0.0	0.0	0.0	0.0	3	1.05	-13.941206074959009	230.0	35	1.05	0.95				
	324	1	0.0	0.0	0.0	0.0	3	1.0264166481953614	-17.879097650155582	230.0	36	1.05	0.95				
	325	1	0.0	0.0	0.0	0.0	3	1.0426129882019248	-12.32331983534776	230.0	35	1.05	0.95				
];
