%% MATPOWER Case Format : Version 2
function mpc = RTS_GMLC
mpc.version = '2';

%%-----  Power Flow Data  -----%%
%% system MVA base
mpc.baseMVA = 100.0;
%% bus data
%    bus_i    type    Pd    Qd    Gs    Bs    area    Vm    Va    baseKV    zone    Vmax    Vmin
mpc.bus = [
	101	2	39.54477982736842	8.055418112982457	0.0	0.0	1	1.0117321100815975	-3.0503305325187107	138.0	11	1.05	0.95				
	102	2	35.51707077087719	7.323107375438596	0.0	0.0	1	1.0109306577983	-3.2472430329299575	138.0	12	1.05	0.95				
	103	1	65.90796637894736	13.547748644561402	0.0	0.0	1	1.033051087372854	1.4888764115942459	138.0	11	1.05	0.95				
	104	1	27.095497289122804	5.492330531578948	0.0	0.0	1	1.0154913963528505	-3.361875826691243	138.0	11	1.05	0.95				
	105	1	25.997031182807017	5.1261751628070185	0.0	0.0	1	1.0264426079552882	-4.363817781902511	138.0	11	1.05	0.95				
	106	1	49.79713015298246	10.252350325614037	0.0	-100.0	1	1.042740385262865	-5.533568218009464	138.0	12	1.05	0.95				
	107	2	45.76942109649123	9.153884219298245	0.0	0.0	1	1.0011487273215305	-10.403214989400734	138.0	12	1.05	0.95				
	108	1	62.612568059999994	12.815437907017543	0.0	0.0	1	1.0064199817514974	-8.643970629193813	138.0	12	1.05	0.95				
	109	1	64.07718953508773	13.181593275789474	0.0	0.0	1	1.0254266745395728	-2.6761408882112825	138.0	13	1.05	0.95				
	110	1	71.40029691052632	14.646214750877192	0.0	0.0	1	1.05	-4.493014654196152	138.0	13	1.05	0.95				
	111	1	0.0	0.0	0.0	0.0	1	1.005381844238165	-0.3169764687529916	230.0	13	1.05	0.95				
	112	1	0.0	0.0	0.0	0.0	1	1.008953809743382	-1.1854488938384646	230.0	13	1.05	0.95				
	113	3	97.0311727245614	19.77238991368421	0.0	0.0	1	0.9974120255940961	4.180322395495593e-29	230.0	14	1.05	0.95				
	114	2	71.03414154175438	14.280059382105264	0.0	0.0	1	1.00758338567728	2.7963971395516745	230.0	16	1.05	0.95				
	115	2	116.07125190070175	23.43394360140351	0.0	0.0	1	1.0435337759909111	10.710046496907575	230.0	16	1.05	0.95				
	116	2	36.61553687719298	7.323107375438596	0.0	0.0	1	1.0374296884319925	9.255881749015375	230.0	16	1.05	0.95				
	117	1	0.0	0.0	0.0	0.0	1	1.0430799062668203	14.003235868734354	230.0	17	1.05	0.95				
	118	2	121.92973780105262	24.89856507649123	0.0	0.0	1	1.0495875176018348	14.813722946902379	230.0	17	1.05	0.95				
	119	1	66.2741217477193	13.547748644561402	0.0	0.0	1	1.0263159851737296	6.017823881647653	230.0	15	1.05	0.95				
	120	1	46.86788720280702	9.520039588070176	0.0	0.0	1	1.0204020899509114	3.3871906172045514	230.0	15	1.05	0.95				
	121	2	0.0	0.0	0.0	0.0	1	1.05	15.992437439983304	230.0	17	1.05	0.95				
	122	2	0.0	0.0	0.0	0.0	1	1.05	27.069232563470006	230.0	17	1.05	0.95				
	123	2	0.0	0.0	0.0	0.0	1	1.0179306090374758	2.216106897013685	230.0	15	1.05	0.95				
	124	1	0.0	0.0	0.0	0.0	1	1.027999892128256	7.257847764633206	230.0	16	1.05	0.95				
	201	2	37.99464821052632	7.739650561403509	0.0	0.0	2	1.0159673610040774	-14.454177357744545	138.0	21	1.05	0.95				
	202	2	34.12482292982456	7.036045964912281	0.0	0.0	2	1.01506127151922	-14.727930063053526	138.0	22	1.05	0.95				
	203	1	63.32441368421053	13.016685035087718	0.0	0.0	2	1.0160815972099293	-10.971533422849257	138.0	21	1.05	0.95				
	204	1	26.033370070175437	5.2770344736842105	0.0	0.0	2	1.0138583316193321	-14.487442010922132	138.0	21	1.05	0.95				
	205	1	24.977963175438596	4.925232175438597	0.0	0.0	2	1.0288715493868446	-14.869111755048682	138.0	21	1.05	0.95				
	206	1	47.84511256140351	9.850464350877195	0.0	-100.0	2	1.0443752819185588	-15.566665104674572	138.0	22	1.05	0.95				
	207	2	43.97528728070176	8.79505745614035	0.0	0.0	2	0.9983747095365103	-19.71117442800959	138.0	22	1.05	0.95				
	208	1	60.158193000000004	12.31308043859649	0.0	0.0	2	1.004894686930498	-18.165672106351902	138.0	22	1.05	0.95				
	209	1	61.565402192982454	12.664882736842106	0.0	0.0	2	1.0223868647841694	-12.826348901519394	138.0	23	1.05	0.95				
	210	1	68.60144815789474	14.072091929824563	0.0	0.0	2	1.05	-14.150707127387669	138.0	23	1.05	0.95				
	211	1	0.0	0.0	0.0	0.0	2	1.0012183037636095	-10.64815239134206	230.0	23	1.05	0.95				
	212	1	0.0	0.0	0.0	0.0	2	1.0057275852998886	-9.069006816862395	230.0	23	1.05	0.95				
	213	2	93.22760903508772	18.99732410526316	0.0	0.0	2	0.9923017426961673	-9.619447037438846	230.0	24	1.05	0.95				
	214	2	68.24964585964912	13.720289631578947	0.0	0.0	2	0.9997376160529022	-8.552108900242745	230.0	26	1.05	0.95				
	215	2	111.52132854385965	22.5153470877193	0.0	0.0	2	1.0182446249609267	-2.280267931280967	230.0	26	1.05	0.95				
	216	2	35.1802298245614	7.036045964912281	0.0	0.0	2	1.0168252899687693	-3.4508372648639716	230.0	26	1.05	0.95				
	217	1	0.0	0.0	0.0	0.0	2	1.0232776850972474	-1.1906539948441408	230.0	27	1.05	0.95				
	218	2	117.15016531578948	23.922556280701755	0.0	0.0	2	1.0233654350925687	-1.5063653829785246	230.0	27	1.05	0.95				
	219	1	63.67621598245614	13.016685035087718	0.0	0.0	2	1.0132808721845987	-4.613298275657287	230.0	25	1.05	0.95				
	220	1	45.0306941754386	9.146859754385964	0.0	0.0	2	1.0124548440994345	-4.920108750033388	230.0	25	1.05	0.95				
	221	2	0.0	0.0	0.0	0.0	2	1.0252266366189027	-0.965114591175596	230.0	27	1.05	0.95				
	222	2	0.0	0.0	0.0	0.0	2	1.0471187273913225	5.472545140812203	230.0	27	1.05	0.95				
	223	2	0.0	0.0	0.0	0.0	2	1.0122006750048251	-4.808631190528928	230.0	25	1.05	0.95				
	224	1	0.0	0.0	0.0	0.0	2	1.0066954429716641	-5.561247577736748	230.0	26	1.05	0.95				
	301	2	49.26795317052631	10.036064534736841	0.0	0.0	3	1.0013852398556407	3.10596340780431	138.0	31	1.05	0.95				
	302	2	44.24992090315789	9.123695031578947	0.0	0.0	3	1.0012781584630515	3.089264567003414	138.0	32	1.05	0.95				
	303	1	82.11325528421052	16.87883580842105	0.0	0.0	3	1.014872298161496	4.983994908275956	138.0	31	1.05	0.95				
	304	1	33.7576716168421	6.84277127368421	0.0	0.0	3	1.0062208236405377	4.640305159037917	138.0	31	1.05	0.95				
	305	1	32.38911736210526	6.3865865221052625	0.0	0.0	3	1.0190788883006996	4.643416962857774	138.0	31	1.05	0.95				
	306	1	62.04112621473684	12.773173044210525	0.0	-100.0	3	1.0377731136654855	4.958680751688602	138.0	32	1.05	0.95				
	307	2	57.02309394736842	11.404618789473684	0.0	0.0	3	0.9941058585112468	2.5903265161965123	138.0	32	1.05	0.95				
	308	1	78.00759251999999	15.966466305263156	0.0	0.0	3	1.0063949804244179	4.545048431323272	138.0	32	1.05	0.95				
	309	1	79.83233152631578	16.422651056842103	0.0	0.0	3	1.0249863457424622	7.777279643124277	138.0	33	1.05	0.95				
	310	1	88.95602655789473	18.247390063157894	0.0	0.0	3	1.05	7.638714184226647	138.0	33	1.05	0.95				
	311	1	0.0	0.0	0.0	0.0	3	1.0054139727376534	12.060781429986832	230.0	33	1.05	0.95				
	312	1	0.0	0.0	0.0	0.0	3	1.012068990766341	13.366372914811466	230.0	33	1.05	0.95				
	313	2	120.88895916842104	24.633976585263156	0.0	0.0	3	1.0134871874578135	18.129201329753986	230.0	34	1.05	0.95				
	314	2	88.49984180631579	17.79120531157895	0.0	0.0	3	1.0008739099600739	11.179999403458957	230.0	36	1.05	0.95				
	315	2	144.61056625052632	29.19582410105263	0.0	0.0	3	1.024527478612377	7.261750158518607	230.0	36	1.05	0.95				
	316	2	45.618475157894736	9.123695031578947	0.0	0.0	3	1.0249566407251238	8.585704487337782	230.0	36	1.05	0.95				
	317	1	0.0	0.0	0.0	0.0	3	1.0327420485456411	8.314476285178513	230.0	37	1.05	0.95				
	318	2	151.90952227578947	31.02056310736842	0.0	0.0	3	1.0308152635025922	6.536301977429594	230.0	37	1.05	0.95				
	319	1	82.56944003578947	16.87883580842105	0.0	0.0	3	1.0238488568422883	11.515981256080378	230.0	35	1.05	0.95				
	320	1	58.39164820210526	11.860803541052631	0.0	0.0	3	1.0242170082493982	13.47956338356954	230.0	35	1.05	0.95				
	321	2	0.0	0.0	0.0	0.0	3	1.0307748108975825	7.376961114457836	230.0	37	1.05	0.95				
	322	2	0.0	0.0	0.0	0.0	3	1.0451482890193136	12.091782673841786	230.0	37	1.05	0.95				
	323	2	0.0	0.0	0.0	0.0	3	1.0237287798764765	14.102725829500828	230.0	35	1.05	0.95				
	324	1	0.0	0.0	0.0	0.0	3	1.016619902755379	7.089891881196979	230.0	36	1.05	0.95				
	325	1	0.0	0.0	0.0	0.0	3	1.0264185186287873	14.278018160469182	230.0	35	1.05	0.95				
];
