%% MATPOWER Case Format : Version 2
function mpc = RTS_GMLC
mpc.version = '2';

%%-----  Power Flow Data  -----%%
%% system MVA base
mpc.baseMVA = 100.0;
%% bus data
%    bus_i    type    Pd    Qd    Gs    Bs    area    Vm    Va    baseKV    zone    Vmax    Vmin
mpc.bus = [
	101	2	37.794656110736845	7.698911429964912	0.0	0.0	1	1.0302342848881285	4.484309982353495	138.0	11	1.05	0.95				
	102	2	33.945200395754384	6.999010390877193	0.0	0.0	1	1.0293289922425282	4.208583012007074	138.0	12	1.05	0.95				
	103	1	62.99109351789474	12.948169223122807	0.0	0.0	1	1.0319082090849023	3.154541866486344	138.0	11	1.05	0.95				
	104	1	25.896338446245615	5.249257793157894	0.0	0.0	1	1.0210103732413458	0.9568410410950084	138.0	11	1.05	0.95				
	105	1	24.846486887614034	4.899307273614036	0.0	0.0	1	1.0350309471658778	1.1643794694447849	138.0	11	1.05	0.95				
	106	1	47.593270657964915	9.798614547228071	0.0	-100.0	1	1.0465365438170164	-1.1035169728883385	138.0	12	1.05	0.95				
	107	2	43.74381494298245	8.748762988596491	0.0	0.0	1	0.9990377570096756	-8.011189814256662	138.0	12	1.05	0.95				
	108	1	59.841538842	12.248268184035087	0.0	0.0	1	1.005278761561475	-5.974673637194526	138.0	12	1.05	0.95				
	109	1	61.24134092017543	12.598218703578947	0.0	0.0	1	1.0247046511130624	-0.2715185134830368	138.0	13	1.05	0.95				
	110	1	68.24035131105262	13.998020781754386	0.0	0.0	1	1.05	-1.085819935562117	138.0	13	1.05	0.95				
	111	1	0.0	0.0	0.0	0.0	1	1.0027211776067533	1.1058803126371062	230.0	13	1.05	0.95				
	112	1	0.0	0.0	0.0	0.0	1	1.0085114322663742	0.8706862126757071	230.0	13	1.05	0.95				
	113	3	92.7368876791228	18.897328055368423	0.0	0.0	1	0.9924528344018986	5.0551452275335046e-30	230.0	14	1.05	0.95				
	114	2	67.89040079150877	13.648070262210526	0.0	0.0	1	1.000630108590478	3.9798253181137664	230.0	16	1.05	0.95				
	115	2	110.93431469540351	22.396833250807017	0.0	0.0	1	1.0406736964908074	10.807725633916025	230.0	16	1.05	0.95				
	116	2	34.995051954385964	6.999010390877193	0.0	0.0	1	1.036692696898041	9.945001262949202	230.0	16	1.05	0.95				
	117	1	0.0	0.0	0.0	0.0	1	1.0412872477195114	14.044794713502984	230.0	17	1.05	0.95				
	118	2	116.53352300810526	23.796635328982457	0.0	0.0	1	1.0485156716322783	14.023720298067543	230.0	17	1.05	0.95				
	119	1	63.3410440374386	12.948169223122807	0.0	0.0	1	1.0293458630415318	7.853031552386781	230.0	15	1.05	0.95				
	120	1	44.793666501614034	9.098713508140351	0.0	0.0	1	1.0257868905223224	6.699773645598699	230.0	15	1.05	0.95				
	121	2	0.0	0.0	0.0	0.0	1	1.05	14.846680428284028	230.0	17	1.05	0.95				
	122	2	0.0	0.0	0.0	0.0	1	1.05	30.875706165084342	230.0	17	1.05	0.95				
	123	2	0.0	0.0	0.0	0.0	1	1.0240099507632625	6.334904390512239	230.0	15	1.05	0.95				
	124	1	0.0	0.0	0.0	0.0	1	1.02752363274205	7.9406330169253305	230.0	16	1.05	0.95				
	201	2	47.123563680000004	9.599244453333334	0.0	0.0	2	1.0254262720050267	-11.049568494400578	138.0	21	1.05	0.95				
	202	2	42.32394145333333	8.726585866666667	0.0	0.0	2	1.026450418136893	-10.881479099389836	138.0	22	1.05	0.95				
	203	1	78.53927279999999	16.14418385333333	0.0	0.0	2	1.0156693711695823	-9.537444025003971	138.0	21	1.05	0.95				
	204	1	32.28836770666666	6.5449394	0.0	0.0	2	1.0172967752343307	-12.596051448294393	138.0	21	1.05	0.95				
	205	1	30.979379826666666	6.108610106666667	0.0	0.0	2	1.032335876472602	-12.932475172224104	138.0	21	1.05	0.95				
	206	1	59.34078389333334	12.217220213333334	0.0	-100.0	2	1.0442505412420477	-14.379270236932543	138.0	22	1.05	0.95				
	207	2	54.54116166666666	10.908232333333332	0.0	0.0	2	0.9917088527499138	-20.677637367784463	138.0	22	1.05	0.95				
	208	1	74.61230916	15.271525266666666	0.0	0.0	2	0.9976043016933096	-18.697732857065084	138.0	22	1.05	0.95				
	209	1	76.35762633333333	15.707854559999998	0.0	0.0	2	1.0221876136676484	-12.205178113117253	138.0	23	1.05	0.95				
	210	1	85.0842122	17.453171733333335	0.0	0.0	2	1.05	-13.440860916604317	138.0	23	1.05	0.95				
	211	1	0.0	0.0	0.0	0.0	2	1.0058598854770555	-9.690236775994709	230.0	23	1.05	0.95				
	212	1	0.0	0.0	0.0	0.0	2	1.0092272945381044	-9.092017992443042	230.0	23	1.05	0.95				
	213	2	115.62726273333332	23.561781840000002	0.0	0.0	2	1.0008899293153262	-8.749054736245068	230.0	24	1.05	0.95				
	214	2	84.64788290666667	17.016842439999998	0.0	0.0	2	1.0066074025875327	-7.274432254896859	230.0	26	1.05	0.95				
	215	2	138.31638598666666	27.925074773333332	0.0	0.0	2	1.022072093502028	-0.8646646805160229	230.0	26	1.05	0.95				
	216	2	43.63292933333333	8.726585866666667	0.0	0.0	2	1.024567531257922	-1.2035372645897329	230.0	26	1.05	0.95				
	217	1	0.0	0.0	0.0	0.0	2	1.0287313174236403	0.9942127798660564	230.0	27	1.05	0.95				
	218	2	145.29765468	29.67039194666667	0.0	0.0	2	1.0281826522530888	0.3311435472274791	230.0	27	1.05	0.95				
	219	1	78.97560209333334	16.14418385333333	0.0	0.0	2	1.0254533202155167	-1.8663184098533618	230.0	25	1.05	0.95				
	220	1	55.850149546666664	11.344561626666666	0.0	0.0	2	1.0292191247181297	-1.5884774567014397	230.0	25	1.05	0.95				
	221	2	0.0	0.0	0.0	0.0	2	1.0295684660677487	0.7439473404321368	230.0	27	1.05	0.95				
	222	2	0.0	0.0	0.0	0.0	2	1.0499999987365662	7.333947605268574	230.0	27	1.05	0.95				
	223	2	0.0	0.0	0.0	0.0	2	1.031933266886278	-1.1043990589599186	230.0	25	1.05	0.95				
	224	1	0.0	0.0	0.0	0.0	2	1.0089130762598615	-4.123911296596735	230.0	26	1.05	0.95				
	301	2	48.516292307368424	9.882948432982456	0.0	0.0	3	1.0047907979641353	-24.293824085786973	138.0	31	1.05	0.95				
	302	2	43.574818090877194	8.984498575438597	0.0	0.0	3	1.0046380677883073	-24.381276397854965	138.0	32	1.05	0.95				
	303	1	80.86048717894737	16.621322364561404	0.0	0.0	3	1.021297788552322	-19.387954354354427	138.0	31	1.05	0.95				
	304	1	33.24264472912281	6.7383739315789475	0.0	0.0	3	1.009098957119476	-22.71690877509678	138.0	31	1.05	0.95				
	305	1	31.894969942807016	6.289149002807018	0.0	0.0	3	1.021424565140146	-23.580489853676127	138.0	31	1.05	0.95				
	306	1	61.094590312982454	12.578298005614036	0.0	-100.0	3	1.0389930869730217	-23.710606340765775	138.0	32	1.05	0.95				
	307	2	56.15311609649123	11.230623219298245	0.0	0.0	3	0.9920256883356724	-28.53246985762739	138.0	32	1.05	0.95				
	308	1	76.81746281999999	15.722872507017543	0.0	0.0	3	0.9983405899186679	-26.49967248882316	138.0	32	1.05	0.95				
	309	1	78.61436253508772	16.172097435789475	0.0	0.0	3	1.0272732511838663	-19.525134804246974	138.0	33	1.05	0.95				
	310	1	87.59886111052631	17.968997150877193	0.0	0.0	3	1.05	-21.422798230223812	138.0	33	1.05	0.95				
	311	1	0.0	0.0	0.0	0.0	3	1.0099938229411667	-15.552024812087273	230.0	33	1.05	0.95				
	312	1	0.0	0.0	0.0	0.0	3	1.0143277410071563	-14.65356722186421	230.0	33	1.05	0.95				
	313	2	119.0446061245614	24.258146153684212	0.0	0.0	3	1.0148640583837507	-11.649708111164564	230.0	34	1.05	0.95				
	314	2	87.14963618175439	17.519772222105264	0.0	0.0	3	1.0108527546218846	-13.969268968438355	230.0	36	1.05	0.95				
	315	2	142.40430242070175	28.75039544140351	0.0	0.0	3	1.035292669628273	-10.176590322399376	230.0	36	1.05	0.95				
	316	2	44.92249287719298	8.984498575438597	0.0	0.0	3	1.036170162102408	-9.06784890109259	230.0	36	1.05	0.95				
	317	1	0.0	0.0	0.0	0.0	3	1.039939296425304	-7.764219991296446	230.0	37	1.05	0.95				
	318	2	149.59190128105263	30.547295156491227	0.0	0.0	3	1.037802779816975	-8.113801937830049	230.0	37	1.05	0.95				
	319	1	81.3097121077193	16.621322364561404	0.0	0.0	3	1.0364484256777016	-9.04031948516265	230.0	35	1.05	0.95				
	320	1	57.50079088280702	11.679848148070175	0.0	0.0	3	1.0397514092229923	-8.158512147122085	230.0	35	1.05	0.95				
	321	2	0.0	0.0	0.0	0.0	3	1.0388859340385717	-8.266008221765798	230.0	37	1.05	0.95				
	322	2	0.0	0.0	0.0	0.0	3	1.05	-3.7542494362980285	230.0	37	1.05	0.95				
	323	2	0.0	0.0	0.0	0.0	3	1.0424323554072474	-7.340622828230704	230.0	35	1.05	0.95				
	324	1	0.0	0.0	0.0	0.0	3	1.0185461363391268	-13.612214895750675	230.0	36	1.05	0.95				
	325	1	0.0	0.0	0.0	0.0	3	1.0341650583545399	-5.534584603265199	230.0	35	1.05	0.95				
];
