%% MATPOWER Case Format : Version 2
function mpc = RTS_GMLC
mpc.version = '2';

%%-----  Power Flow Data  -----%%
%% system MVA base
mpc.baseMVA = 100.0;
%% bus data
%    bus_i    type    Pd    Qd    Gs    Bs    area    Vm    Va    baseKV    zone    Vmax    Vmin
mpc.bus = [
	101	2	42.79119248842105	8.716724395789473	0.0	0.0	1	1.0136694345168573	1.757741971430264	138.0	11	1.05	0.95				
	102	2	38.43283029052631	7.9242949052631575	0.0	0.0	1	1.0119557499904983	1.243874442267317	138.0	12	1.05	0.95				
	103	1	71.31865414736842	14.65994557473684	0.0	0.0	1	1.0243981140192993	3.24399224291386	138.0	11	1.05	0.95				
	104	1	29.31989114947368	5.943221178947368	0.0	0.0	1	1.0123768230057844	-1.2401257204860936	138.0	11	1.05	0.95				
	105	1	28.131246913684205	5.547006433684211	0.0	0.0	1	1.0262425911668998	-1.249588840729688	138.0	11	1.05	0.95				
	106	1	53.88520535578948	11.094012867368422	0.0	-100.0	1	1.0413669804347498	-3.423211229270646	138.0	12	1.05	0.95				
	107	2	49.52684315789473	9.905368631578947	0.0	0.0	1	0.9842498518662609	-11.82552105895579	138.0	12	1.05	0.95				
	108	1	67.75272144	13.867516084210523	0.0	0.0	1	0.9937807793538315	-8.976435307125088	138.0	12	1.05	0.95				
	109	1	69.33758042105262	14.263730829473683	0.0	0.0	1	1.02418978002049	-1.6055028000378444	138.0	13	1.05	0.95				
	110	1	77.26187532631577	15.848589810526315	0.0	0.0	1	1.05	-2.9792151597066994	138.0	13	1.05	0.95				
	111	1	0.0	0.0	0.0	0.0	1	1.0162194242354698	0.8778410259429029	230.0	13	1.05	0.95				
	112	1	0.0	0.0	0.0	0.0	1	1.0134956088874396	-0.46414858762034783	230.0	13	1.05	0.95				
	113	3	104.99690749473683	21.395596244210527	0.0	0.0	1	0.9971454227997605	-4.179947090324603e-30	230.0	14	1.05	0.95				
	114	2	76.86566058105262	15.452375065263158	0.0	0.0	1	1.0400789613412247	4.740768383810084	230.0	16	1.05	0.95				
	115	2	125.60007424842104	25.357743696842107	0.0	0.0	1	1.0373015942368828	14.891900630383377	230.0	16	1.05	0.95				
	116	2	39.62147452631579	7.9242949052631575	0.0	0.0	1	1.0367419628872476	12.776022663055544	230.0	16	1.05	0.95				
	117	1	0.0	0.0	0.0	0.0	1	1.036256596942442	19.22870292897139	230.0	17	1.05	0.95				
	118	2	131.93951017263157	26.94260267789474	0.0	0.0	1	1.0456876925069378	19.99812597629221	230.0	17	1.05	0.95				
	119	1	71.71486889263157	14.65994557473684	0.0	0.0	1	1.03246461492857	7.9316829276181124	230.0	15	1.05	0.95				
	120	1	50.715487393684214	10.301583376842105	0.0	0.0	1	1.036601087992073	4.487935445037173	230.0	15	1.05	0.95				
	121	2	0.0	0.0	0.0	0.0	1	1.0402661703423828	21.727156510568445	230.0	17	1.05	0.95				
	122	2	0.0	0.0	0.0	0.0	1	1.05	39.71285545517556	230.0	17	1.05	0.95				
	123	2	0.0	0.0	0.0	0.0	1	1.0402782893558027	2.9036177332287547	230.0	15	1.05	0.95				
	124	1	0.0	0.0	0.0	0.0	1	1.0179474130512822	10.537446110893365	230.0	16	1.05	0.95				
	201	2	51.1695262231579	10.423422008421053	0.0	0.0	2	1.0080544700563465	-20.81003928283484	138.0	21	1.05	0.95				
	202	2	45.95781521894737	9.475838189473684	0.0	0.0	2	1.0073108722555313	-21.14226120142801	138.0	22	1.05	0.95				
	203	1	85.28254370526315	17.530300650526314	0.0	0.0	2	1.0088549354049927	-14.980201909896321	138.0	21	1.05	0.95				
	204	1	35.06060130105263	7.106878642105263	0.0	0.0	2	1.0076551281185662	-20.55032199136184	138.0	21	1.05	0.95				
	205	1	33.639225572631574	6.63308673263158	0.0	0.0	2	1.0230697375652424	-21.16981223685262	138.0	21	1.05	0.95				
	206	1	64.43569968842105	13.26617346526316	0.0	-100.0	2	1.038973227863223	-21.94496702727527	138.0	22	1.05	0.95				
	207	2	59.223988684210525	11.844797736842105	0.0	0.0	2	0.9907222592829592	-27.663253264986555	138.0	22	1.05	0.95				
	208	1	81.01841652	16.58271683157895	0.0	0.0	2	0.9954441988268171	-25.479854550936967	138.0	22	1.05	0.95				
	209	1	82.91358415789473	17.05650874105263	0.0	0.0	2	1.0223920797891695	-18.10357716712784	138.0	23	1.05	0.95				
	210	1	92.38942234736842	18.95167637894737	0.0	0.0	2	1.05	-20.001852248503823	138.0	23	1.05	0.95				
	211	1	0.0	0.0	0.0	0.0	2	1.0128352162972376	-14.61988605659135	230.0	23	1.05	0.95				
	212	1	0.0	0.0	0.0	0.0	2	1.0147049341759546	-13.751669524346786	230.0	23	1.05	0.95				
	213	2	125.55485601052632	25.58476311157895	0.0	0.0	2	1.016025054219386	-13.054963071804135	230.0	24	1.05	0.95				
	214	2	91.91563043789473	18.477884469473686	0.0	0.0	2	1.0179763308246543	-11.533198599739118	230.0	26	1.05	0.95				
	215	2	150.1920353031579	30.322682206315793	0.0	0.0	2	1.029245314482675	-3.824281243983712	230.0	26	1.05	0.95				
	216	2	47.37919094736842	9.475838189473684	0.0	0.0	2	1.0335362803632926	-4.295162753947005	230.0	26	1.05	0.95				
	217	1	0.0	0.0	0.0	0.0	2	1.0366011646011695	-2.1802064908757623	230.0	27	1.05	0.95				
	218	2	157.77270585473684	32.21784984421053	0.0	0.0	2	1.0348001933951343	-2.8455592963644283	230.0	27	1.05	0.95				
	219	1	85.75633561473684	17.530300650526314	0.0	0.0	2	1.0379835303103697	-4.550368825984418	230.0	25	1.05	0.95				
	220	1	60.64536441263159	12.31858964631579	0.0	0.0	2	1.045163430946703	-3.8705421104940085	230.0	25	1.05	0.95				
	221	2	0.0	0.0	0.0	0.0	2	1.0355031333193894	-2.3652892359622255	230.0	27	1.05	0.95				
	222	2	0.0	0.0	0.0	0.0	2	1.05	4.2061260095835795	230.0	27	1.05	0.95				
	223	2	0.0	0.0	0.0	0.0	2	1.05	-3.1531478141917684	230.0	25	1.05	0.95				
	224	1	0.0	0.0	0.0	0.0	2	1.0078451691054666	-7.9632388221494805	230.0	26	1.05	0.95				
	301	2	59.0395444294737	12.02657386526316	0.0	0.0	3	1.0350841520872365	8.907984107771782	138.0	31	1.05	0.95				
	302	2	53.02625749684211	10.933248968421056	0.0	0.0	3	1.0299868595444435	8.573612575965269	138.0	32	1.05	0.95				
	303	1	98.39924071578949	20.22651059157895	0.0	0.0	3	1.05	25.66431198694795	138.0	31	1.05	0.95				
	304	1	40.4530211831579	8.19993672631579	0.0	0.0	3	1.0104718115444455	10.532666200537975	138.0	31	1.05	0.95				
	305	1	38.813033837894736	7.65327427789474	0.0	0.0	3	1.0313622079296634	7.688299215475602	138.0	31	1.05	0.95				
	306	1	74.34609298526318	15.30654855578948	0.0	-100.0	3	1.0351041000924643	6.373426755359114	138.0	32	1.05	0.95				
	307	2	68.33280605263158	13.666561210526318	0.0	0.0	3	0.95	4.179169490837201	138.0	32	1.05	0.95				
	308	1	93.47927868000001	19.13318569473684	0.0	0.0	3	0.9657454027466218	5.422071597545128	138.0	32	1.05	0.95				
	309	1	95.66592847368423	19.679848143157898	0.0	0.0	3	1.0133296372126577	14.443818060535557	138.0	33	1.05	0.95				
	310	1	106.59917744210527	21.866497936842112	0.0	0.0	3	1.0407881748482937	8.192114902802045	138.0	33	1.05	0.95				
	311	1	0.0	0.0	0.0	0.0	3	0.9996152174115213	12.997325222907525	230.0	33	1.05	0.95				
	312	1	0.0	0.0	0.0	0.0	3	1.0046020573721648	13.51239880384317	230.0	33	1.05	0.95				
	313	2	144.86554883157896	29.51977221473685	0.0	0.0	3	1.000683916848342	15.225829185663645	230.0	34	1.05	0.95				
	314	2	106.05251499368423	21.319835488421056	0.0	0.0	3	0.9954612119532195	12.843926213894386	230.0	36	1.05	0.95				
	315	2	173.2919961494737	34.986396698947374	0.0	0.0	3	1.0481213641375493	16.17591758565603	230.0	36	1.05	0.95				
	316	2	54.66624484210527	10.933248968421056	0.0	0.0	3	1.0338910948021343	15.935262342663535	230.0	36	1.05	0.95				
	317	1	0.0	0.0	0.0	0.0	3	1.05	20.222837587504937	230.0	37	1.05	0.95				
	318	2	182.03859532421058	37.17304649263159	0.0	0.0	3	1.0469503360963621	16.723081811563183	230.0	37	1.05	0.95				
	319	1	98.94590316421055	20.22651059157895	0.0	0.0	3	1.0218112934289798	14.80056585847783	230.0	35	1.05	0.95				
	320	1	69.97279339789475	14.21322365894737	0.0	0.0	3	1.0157694904377015	14.873906312748723	230.0	35	1.05	0.95				
	321	2	0.0	0.0	0.0	0.0	3	1.05	17.20101608525884	230.0	37	1.05	0.95				
	322	2	0.0	0.0	0.0	0.0	3	1.05	22.735071670499174	230.0	37	1.05	0.95				
	323	2	0.0	0.0	0.0	0.0	3	1.0136156252008006	15.34430693941511	230.0	35	1.05	0.95				
	324	1	0.0	0.0	0.0	0.0	3	1.0458286188246437	19.80344383011959	230.0	36	1.05	0.95				
	325	1	0.0	0.0	0.0	0.0	3	1.0151094153465754	15.902317182525886	230.0	35	1.05	0.95				
];
