%% MATPOWER Case Format : Version 2
function mpc = RTS_GMLC
mpc.version = '2';

%%-----  Power Flow Data  -----%%
%% system MVA base
mpc.baseMVA = 100.0;
%% bus data
%    bus_i    type    Pd    Qd    Gs    Bs    area    Vm    Va    baseKV    zone    Vmax    Vmin
mpc.bus = [
	101	2	45.075705082105266	9.1820880722807	0.0	0.0	1	1.0288046894253136	-0.16157116215061804	138.0	11	1.05	0.95				
	102	2	40.48466104596491	8.347352792982457	0.0	0.0	1	1.0270948906085215	-0.6141934388759992	138.0	12	1.05	0.95				
	103	1	75.12617513684211	15.442602667017544	0.0	0.0	1	1.0341389072854221	1.066373799298369	138.0	11	1.05	0.95				
	104	1	30.88520533403509	6.260514594736842	0.0	0.0	1	1.0225464647055829	-2.1015873019537104	138.0	11	1.05	0.95				
	105	1	29.63310241508772	5.84314695508772	0.0	0.0	1	1.033942646295032	-2.8054051191076326	138.0	11	1.05	0.95				
	106	1	56.7619989922807	11.68629391017544	0.0	-100.0	1	1.0446846605519666	-4.80036912904078	138.0	12	1.05	0.95				
	107	2	52.17095495614035	10.434190991228071	0.0	0.0	1	1.0007429961917447	-10.061011334129383	138.0	12	1.05	0.95				
	108	1	71.36986638	14.607867387719297	0.0	0.0	1	1.0047632116510194	-8.547197702349123	138.0	12	1.05	0.95				
	109	1	73.0393369385965	15.025235027368423	0.0	0.0	1	1.0252970850239218	-2.707686929398553	138.0	13	1.05	0.95				
	110	1	81.38668973157895	16.694705585964915	0.0	0.0	1	1.05	-4.153145912178817	138.0	13	1.05	0.95				
	111	1	0.0	0.0	0.0	0.0	1	1.004479422474671	-0.7758661740227814	230.0	13	1.05	0.95				
	112	1	0.0	0.0	0.0	0.0	1	1.0082431010103219	-1.2629985638592625	230.0	13	1.05	0.95				
	113	3	110.60242450701753	22.537852541052633	0.0	0.0	1	0.9967804571554653	8.070780421606095e-32	230.0	14	1.05	0.95				
	114	2	80.96932209192983	16.27733794631579	0.0	0.0	1	1.0032537418863605	1.3349202801820963	230.0	16	1.05	0.95				
	115	2	132.30554176877195	26.71152893754386	0.0	0.0	1	1.0390375151655185	8.036020106067918	230.0	16	1.05	0.95				
	116	2	41.736763964912285	8.347352792982457	0.0	0.0	1	1.0343937946455941	6.728586737763571	230.0	16	1.05	0.95				
	117	1	0.0	0.0	0.0	0.0	1	1.0419656849261947	10.528719212830225	230.0	17	1.05	0.95				
	118	2	138.9834240031579	28.38099949614035	0.0	0.0	1	1.0462963291927379	11.505195539997052	230.0	17	1.05	0.95				
	119	1	75.54354277649124	15.442602667017544	0.0	0.0	1	1.0231078592316576	4.186551810978628	230.0	15	1.05	0.95				
	120	1	53.42305787508772	10.851558630877193	0.0	0.0	1	1.0164665847027476	2.22524703550363	230.0	15	1.05	0.95				
	121	2	0.0	0.0	0.0	0.0	1	1.048660703429404	12.886888673878227	230.0	17	1.05	0.95				
	122	2	0.0	0.0	0.0	0.0	1	1.05	18.472264085411652	230.0	17	1.05	0.95				
	123	2	0.0	0.0	0.0	0.0	1	1.0135327283782465	1.4659977146029615	230.0	15	1.05	0.95				
	124	1	0.0	0.0	0.0	0.0	1	1.028044223785395	5.415101527507073	230.0	16	1.05	0.95				
	201	2	43.24759954105264	8.809696202807018	0.0	0.0	2	1.0162841497267416	-12.020523221416553	138.0	21	1.05	0.95				
	202	2	38.84275143964912	8.008814729824563	0.0	0.0	2	1.0154672287146786	-12.263808280733686	138.0	22	1.05	0.95				
	203	1	72.07933256842105	14.81630725017544	0.0	0.0	2	1.0143279064790989	-9.294091886103914	138.0	21	1.05	0.95				
	204	1	29.63261450035088	6.006611047368421	0.0	0.0	2	1.0134051664547283	-11.716329184680745	138.0	21	1.05	0.95				
	205	1	28.43129229087719	5.606170310877193	0.0	0.0	2	1.0282838328195123	-12.044081379986185	138.0	21	1.05	0.95				
	206	1	54.459940162807015	11.212340621754386	0.0	-100.0	2	1.0431131489807	-12.562131550938718	138.0	22	1.05	0.95				
	207	2	50.055092061403506	10.011018412280702	0.0	0.0	2	0.9990396988707582	-17.377179981257182	138.0	22	1.05	0.95				
	208	1	68.47536594	14.015425777192982	0.0	0.0	2	1.00355109064863	-15.572000996014792	138.0	22	1.05	0.95				
	209	1	70.07712888596491	14.415866513684211	0.0	0.0	2	1.0232360834161185	-9.610281755990064	138.0	23	1.05	0.95				
	210	1	78.08594361578947	16.017629459649125	0.0	0.0	2	1.05	-10.779611761332268	138.0	23	1.05	0.95				
	211	1	0.0	0.0	0.0	0.0	2	1.0023479253911138	-7.614918572445235	230.0	23	1.05	0.95				
	212	1	0.0	0.0	0.0	0.0	2	1.0085114458109972	-3.5009039496267835	230.0	23	1.05	0.95				
	213	2	106.11679517017542	21.62379977052632	0.0	0.0	2	0.9955014842753044	-5.9010003725093805	230.0	24	1.05	0.95				
	214	2	77.68550287929824	15.617188723157897	0.0	0.0	2	0.9989692207237766	-6.385704795770907	230.0	26	1.05	0.95				
	215	2	126.9397134677193	25.628207135438597	0.0	0.0	2	1.0159993032964258	-1.0907159833814424	230.0	26	1.05	0.95				
	216	2	40.04407364912281	8.008814729824563	0.0	0.0	2	1.013937581850053	-2.163497873331138	230.0	26	1.05	0.95				
	217	1	0.0	0.0	0.0	0.0	2	1.0202468384064585	-0.39358099501366917	230.0	27	1.05	0.95				
	218	2	133.34676525157897	27.229970081403508	0.0	0.0	2	1.020063461284002	-0.6972746966097549	230.0	27	1.05	0.95				
	219	1	72.47977330491229	14.81630725017544	0.0	0.0	2	1.0102343678489352	-3.0376821469627124	230.0	25	1.05	0.95				
	220	1	51.256414270877194	10.41145914877193	0.0	0.0	2	1.0097460478993097	-2.992573283355973	230.0	25	1.05	0.95				
	221	2	0.0	0.0	0.0	0.0	2	1.0222544519919872	-0.026538083126494045	230.0	27	1.05	0.95				
	222	2	0.0	0.0	0.0	0.0	2	1.044069387954289	6.394591717991253	230.0	27	1.05	0.95				
	223	2	0.0	0.0	0.0	0.0	2	1.0099631796424624	-2.6484681524948535	230.0	25	1.05	0.95				
	224	1	0.0	0.0	0.0	0.0	2	1.0051798039535131	-4.188676974910695	230.0	26	1.05	0.95				
	301	2	59.34704206736843	12.089212272982456	0.0	0.0	3	0.9936737678906822	3.3547514068161366	138.0	31	1.05	0.95				
	302	2	53.3024359308772	10.990192975438598	0.0	0.0	3	0.9935415788829068	3.3247981766330814	138.0	32	1.05	0.95				
	303	1	98.91173677894739	20.331857004561403	0.0	0.0	3	1.014586378335587	5.909176641297956	138.0	31	1.05	0.95				
	304	1	40.663714009122806	8.242644731578947	0.0	0.0	3	1.0013211917854346	5.179596244569007	138.0	31	1.05	0.95				
	305	1	39.01518506280702	7.693135082807019	0.0	0.0	3	1.0134418378642498	5.180516373840249	138.0	31	1.05	0.95				
	306	1	74.73331223298246	15.386270165614038	0.0	-100.0	3	1.032951654737138	5.566457839848808	138.0	32	1.05	0.95				
	307	2	68.68870609649123	13.737741219298247	0.0	0.0	3	0.9922851476409393	2.6467685388328155	138.0	32	1.05	0.95				
	308	1	93.96614994000001	19.232837707017545	0.0	0.0	3	1.003942031289513	5.061998019821701	138.0	32	1.05	0.95				
	309	1	96.16418853508773	19.782347355789476	0.0	0.0	3	1.026610388516784	8.931848349315244	138.0	33	1.05	0.95				
	310	1	107.15438151052632	21.980385950877196	0.0	0.0	3	1.05	8.752960714769364	138.0	33	1.05	0.95				
	311	1	0.0	0.0	0.0	0.0	3	1.0132843657363417	14.05560840836423	230.0	33	1.05	0.95				
	312	1	0.0	0.0	0.0	0.0	3	1.0190871416226803	15.457787186927176	230.0	33	1.05	0.95				
	313	2	145.62005692456142	29.673521033684214	0.0	0.0	3	1.0312216284704625	21.471673072580533	230.0	34	1.05	0.95				
	314	2	106.6048718617544	21.430876302105265	0.0	0.0	3	1.012784539182865	12.71956224173176	230.0	36	1.05	0.95				
	315	2	174.19455866070177	35.16861752140351	0.0	0.0	3	1.0281144766403207	6.7310590971435325	230.0	36	1.05	0.95				
	316	2	54.95096487719299	10.990192975438598	0.0	0.0	3	1.0296796558340038	8.059312930003813	230.0	36	1.05	0.95				
	317	1	0.0	0.0	0.0	0.0	3	1.0318712557607674	6.630044589820736	230.0	37	1.05	0.95				
	318	2	182.98671304105264	37.36665611649123	0.0	0.0	3	1.0294561303801857	5.307719289472762	230.0	37	1.05	0.95				
	319	1	99.4612464277193	20.331857004561403	0.0	0.0	3	1.0297080325002788	11.344020422635102	230.0	35	1.05	0.95				
	320	1	70.33723504280702	14.287250868070178	0.0	0.0	3	1.0324052949349936	13.68199438761304	230.0	35	1.05	0.95				
	321	2	0.0	0.0	0.0	0.0	3	1.0310938535839707	6.3578236997574145	230.0	37	1.05	0.95				
	322	2	0.0	0.0	0.0	0.0	3	1.0448858777950556	10.813445756808463	230.0	37	1.05	0.95				
	323	2	0.0	0.0	0.0	0.0	3	1.0336006389204067	14.483485473906269	230.0	35	1.05	0.95				
	324	1	0.0	0.0	0.0	0.0	3	1.0211797307908719	8.439294108884138	230.0	36	1.05	0.95				
	325	1	0.0	0.0	0.0	0.0	3	1.0359759105816853	14.355106083353885	230.0	35	1.05	0.95				
];
