%% MATPOWER Case Format : Version 2
function mpc = RTS_GMLC
mpc.version = '2';

%%-----  Power Flow Data  -----%%
%% system MVA base
mpc.baseMVA = 100.0;
%% bus data
%    bus_i    type    Pd    Qd    Gs    Bs    area    Vm    Va    baseKV    zone    Vmax    Vmin
mpc.bus = [
	101	2	74.03958435789474	15.082137554385966	0.0	0.0	1	1.05	0.6933681847806011	138.0	11	1.05	0.95				
	102	2	66.49851558070175	13.711034140350877	0.0	0.0	1	1.049651005217022	0.4357165616818771	138.0	12	1.05	0.95				
	103	1	123.39930726315791	25.365413159649126	0.0	0.0	1	1.0289070584499673	-1.323655330279005	138.0	11	1.05	0.95				
	104	1	50.73082631929825	10.283275605263158	0.0	0.0	1	1.0267793225579303	-3.242186861916631	138.0	11	1.05	0.95				
	105	1	48.67417119824562	9.597723898245615	0.0	0.0	1	1.039994997623988	-3.5736015084084274	138.0	11	1.05	0.95				
	106	1	93.23503215438598	19.19544779649123	0.0	-100.0	1	1.041270690961937	-6.643950443808601	138.0	12	1.05	0.95				
	107	2	85.69396337719299	17.138792675438598	0.0	0.0	1	1.0036607857661857	-12.438777248302634	138.0	12	1.05	0.95				
	108	1	117.22934190000001	23.994309745614036	0.0	0.0	1	0.9981818911873133	-11.523371264166427	138.0	12	1.05	0.95				
	109	1	119.97154872807019	24.67986145263158	0.0	0.0	1	1.0259895766788225	-4.533548010246611	138.0	13	1.05	0.95				
	110	1	133.68258286842106	27.422068280701755	0.0	0.0	1	1.05	-5.827169484793555	138.0	13	1.05	0.95				
	111	1	0.0	0.0	0.0	0.0	1	1.0136559803109173	-1.7550248159043849	230.0	13	1.05	0.95				
	112	1	0.0	0.0	0.0	0.0	1	1.015467489670837	-1.2685183128347133	230.0	13	1.05	0.95				
	113	3	181.6712023596491	37.01979217894737	0.0	0.0	1	1.01330326192287	3.7991579672318403e-29	230.0	14	1.05	0.95				
	114	2	132.9970311614035	26.73651657368421	0.0	0.0	1	1.0171644015629118	0.17933911380192694	230.0	16	1.05	0.95				
	115	2	217.3198911245614	43.87530924912281	0.0	0.0	1	1.0446051550700033	7.769754925347482	230.0	16	1.05	0.95				
	116	2	68.55517070175439	13.711034140350877	0.0	0.0	1	1.0420024466661564	7.049230591984902	230.0	16	1.05	0.95				
	117	1	0.0	0.0	0.0	0.0	1	1.044292106751195	10.499025332750948	230.0	17	1.05	0.95				
	118	2	228.28871843684212	46.61751607719299	0.0	0.0	1	1.0480127731757585	10.57907917065692	230.0	17	1.05	0.95				
	119	1	124.08485897017545	25.365413159649126	0.0	0.0	1	1.0343410117581961	5.413210653866569	230.0	15	1.05	0.95				
	120	1	87.75061849824561	17.824344382456143	0.0	0.0	1	1.0331452096912022	4.953014821354921	230.0	15	1.05	0.95				
	121	2	0.0	0.0	0.0	0.0	1	1.05	12.049693461028339	230.0	17	1.05	0.95				
	122	2	0.0	0.0	0.0	0.0	1	1.05	23.961263152805344	230.0	17	1.05	0.95				
	123	2	0.0	0.0	0.0	0.0	1	1.0341703750634557	5.214270659718236	230.0	15	1.05	0.95				
	124	1	0.0	0.0	0.0	0.0	1	1.027251900357143	4.384000306715688	230.0	16	1.05	0.95				
	201	2	66.80938138105263	13.609318429473682	0.0	0.0	2	1.0291152597486573	-9.365879176746153	138.0	21	1.05	0.95				
	202	2	60.00472216631578	12.372107663157895	0.0	0.0	2	1.0297127713244905	-9.268619571887372	138.0	22	1.05	0.95				
	203	1	111.34896896842106	22.888399176842103	0.0	0.0	2	1.0169809122444378	-9.149887631680164	138.0	21	1.05	0.95				
	204	1	45.77679835368421	9.27908074736842	0.0	0.0	2	1.0167750224524492	-10.68658804737352	138.0	21	1.05	0.95				
	205	1	43.920982204210524	8.660475364210527	0.0	0.0	2	1.0318197103524889	-10.883197845120824	138.0	21	1.05	0.95				
	206	1	84.13033210947368	17.320950728421053	0.0	-100.0	2	1.0399898696842382	-12.294352507998997	138.0	22	1.05	0.95				
	207	2	77.32567289473684	15.465134578947367	0.0	0.0	2	0.9888402806469604	-21.44005336282683	138.0	22	1.05	0.95				
	208	1	105.78152051999999	21.651188410526316	0.0	0.0	2	0.9882797217238416	-18.454034263161567	138.0	22	1.05	0.95				
	209	1	108.25594205263158	22.269793793684208	0.0	0.0	2	1.0251013821909767	-9.325911855304007	138.0	23	1.05	0.95				
	210	1	120.62804971578946	24.74421532631579	0.0	0.0	2	1.05	-10.454894337840706	138.0	23	1.05	0.95				
	211	1	0.0	0.0	0.0	0.0	2	1.014066650015924	-6.102399817612534	230.0	23	1.05	0.95				
	212	1	0.0	0.0	0.0	0.0	2	1.0181196767738652	-1.5986411931053928	230.0	23	1.05	0.95				
	213	2	163.93042653684208	33.404690690526316	0.0	0.0	2	1.0153086104177864	-3.763101190882417	230.0	24	1.05	0.95				
	214	2	120.00944433263156	24.125609943157894	0.0	0.0	2	1.0183019767808226	-4.330455844118008	230.0	26	1.05	0.95				
	215	2	196.09790646105262	39.59074452210526	0.0	0.0	2	1.036205933050603	2.082049599494817	230.0	26	1.05	0.95				
	216	2	61.86053831578947	12.372107663157895	0.0	0.0	2	1.0362396286963644	1.9616797845400915	230.0	26	1.05	0.95				
	217	1	0.0	0.0	0.0	0.0	2	1.0403163137107199	4.242750849270756	230.0	27	1.05	0.95				
	218	2	205.99559259157894	42.06516605473684	0.0	0.0	2	1.0408654402659512	4.421037719358291	230.0	27	1.05	0.95				
	219	1	111.96757435157893	22.888399176842103	0.0	0.0	2	1.0346983058405614	1.8432931483375783	230.0	25	1.05	0.95				
	220	1	79.18148904421052	16.083739962105263	0.0	0.0	2	1.0384588159392623	2.9192419773295333	230.0	25	1.05	0.95				
	221	2	0.0	0.0	0.0	0.0	2	1.041311256643208	4.4077044073508445	230.0	27	1.05	0.95				
	222	2	0.0	0.0	0.0	0.0	2	1.05	10.84659945493514	230.0	27	1.05	0.95				
	223	2	0.0	0.0	0.0	0.0	2	1.0422976742052996	3.965546179123618	230.0	25	1.05	0.95				
	224	1	0.0	0.0	0.0	0.0	2	1.0150501166222852	-2.0906065863926684	230.0	26	1.05	0.95				
	301	2	76.97690605894738	15.68048086385965	0.0	0.0	3	1.008433742108623	-15.00748319767191	138.0	31	1.05	0.95				
	302	2	69.13666562701755	14.254982603508774	0.0	0.0	3	1.0077950402703764	-15.180116409880076	138.0	32	1.05	0.95				
	303	1	128.29484343157895	26.37171781649123	0.0	0.0	3	1.0285434647729714	-6.5764486701657345	138.0	31	1.05	0.95				
	304	1	52.74343563298246	10.691236952631579	0.0	0.0	3	1.0048472492443548	-12.785871543791869	138.0	31	1.05	0.95				
	305	1	50.60518824245614	9.978487822456142	0.0	0.0	3	1.0188014284816298	-13.621358304410062	138.0	31	1.05	0.95				
	306	1	96.93388170385965	19.956975644912283	0.0	-100.0	3	1.0315991383952376	-13.617726413317195	138.0	32	1.05	0.95				
	307	2	89.09364127192983	17.818728254385967	0.0	0.0	3	0.9874380814072262	-19.96066994359776	138.0	32	1.05	0.95				
	308	1	121.88010125999999	24.94621955614035	0.0	0.0	3	0.9906206976277177	-16.578471139746515	138.0	32	1.05	0.95				
	309	1	124.73109778070175	25.65896868631579	0.0	0.0	3	1.028831842926887	-7.9333042911846645	138.0	33	1.05	0.95				
	310	1	138.9860803842105	28.509965207017547	0.0	0.0	3	1.05	-9.949019735571405	138.0	33	1.05	0.95				
	311	1	0.0	0.0	0.0	0.0	3	1.022210548470913	-2.2850815442842047	230.0	33	1.05	0.95				
	312	1	0.0	0.0	0.0	0.0	3	1.0235305949807303	-1.3752795110274278	230.0	33	1.05	0.95				
	313	2	188.87851949649124	38.48845302947369	0.0	0.0	3	1.042501124686932	3.820611742694588	230.0	34	1.05	0.95				
	314	2	138.2733312540351	27.79721607684211	0.0	0.0	3	1.0302345846446435	-1.1360135338293549	230.0	36	1.05	0.95				
	315	2	225.941474265614	45.61594433122807	0.0	0.0	3	1.0404857073135674	-1.093245122341152	230.0	36	1.05	0.95				
	316	2	71.27491301754387	14.254982603508774	0.0	0.0	3	1.0408299908818985	-0.012060743805211546	230.0	36	1.05	0.95				
	317	1	0.0	0.0	0.0	0.0	3	1.0454622477039908	1.6253756944987092	230.0	37	1.05	0.95				
	318	2	237.34546034842108	48.46694085192983	0.0	0.0	3	1.0420266637146876	0.4219298717691086	230.0	37	1.05	0.95				
	319	1	129.0075925617544	26.37171781649123	0.0	0.0	3	1.0384452212437678	0.6153918601046262	230.0	35	1.05	0.95				
	320	1	91.23188866245614	18.531477384561406	0.0	0.0	3	1.0404223514922124	1.6021355104669468	230.0	35	1.05	0.95				
	321	2	0.0	0.0	0.0	0.0	3	1.042838176562399	0.48973175343437675	230.0	37	1.05	0.95				
	322	2	0.0	0.0	0.0	0.0	3	1.05	5.265289772724456	230.0	37	1.05	0.95				
	323	2	0.0	0.0	0.0	0.0	3	1.0427985519897238	2.3488824163358992	230.0	35	1.05	0.95				
	324	1	0.0	0.0	0.0	0.0	3	1.0305701097152116	-1.4226624276447697	230.0	36	1.05	0.95				
	325	1	0.0	0.0	0.0	0.0	3	1.0414407790981968	3.1610169943545516	230.0	35	1.05	0.95				
];
