%% MATPOWER Case Format : Version 2
function mpc = RTS_GMLC
mpc.version = '2';

%%-----  Power Flow Data  -----%%
%% system MVA base
mpc.baseMVA = 100.0;
%% bus data
%    bus_i    type    Pd    Qd    Gs    Bs    area    Vm    Va    baseKV    zone    Vmax    Vmin
mpc.bus = [
	101	2	42.978228593684214	8.754824343157894	0.0	0.0	1	1.0102621496799038	-6.804680187188362	138.0	11	1.05	0.95				
	102	2	38.60081642210527	7.958931221052633	0.0	0.0	1	1.0095229485804746	-6.959607521696967	138.0	12	1.05	0.95				
	103	1	71.63038098947368	14.724022758947369	0.0	0.0	1	1.0303595457911203	-1.5243593822290773	138.0	11	1.05	0.95				
	104	1	29.448045517894737	5.9691984157894735	0.0	0.0	1	1.0129739863382976	-6.3072872416810455	138.0	11	1.05	0.95				
	105	1	28.25420583473684	5.571251854736843	0.0	0.0	1	1.0252886587767256	-7.149177014726062	138.0	11	1.05	0.95				
	106	1	54.1207323031579	11.142503709473687	0.0	-100.0	1	1.0417026330065189	-7.816741190550191	138.0	12	1.05	0.95				
	107	2	49.74332013157895	9.94866402631579	0.0	0.0	1	1.0027708807466031	-9.42733879289204	138.0	12	1.05	0.95				
	108	1	68.04886194000001	13.928129636842105	0.0	0.0	1	1.0076336065803384	-8.939176616698163	138.0	12	1.05	0.95				
	109	1	69.64064818421053	14.326076197894738	0.0	0.0	1	1.025816522181724	-4.4150771581227835	138.0	13	1.05	0.95				
	110	1	77.59957940526317	15.917862442105266	0.0	0.0	1	1.05	-6.20919947980656	138.0	13	1.05	0.95				
	111	1	0.0	0.0	0.0	0.0	1	1.006374517513526	-1.543112384815187	230.0	13	1.05	0.95				
	112	1	0.0	0.0	0.0	0.0	1	1.0082928141442262	-2.0017823926647487	230.0	13	1.05	0.95				
	113	3	105.45583867894737	21.489114296842107	0.0	0.0	1	0.9997608098177937	1.821596834294164e-30	230.0	14	1.05	0.95				
	114	2	77.20163284421054	15.519915881052631	0.0	0.0	1	1.0095011425760587	0.9984925281552451	230.0	16	1.05	0.95				
	115	2	126.14905985368421	25.468579907368422	0.0	0.0	1	1.0426669267315853	7.8704533501229506	230.0	16	1.05	0.95				
	116	2	39.79465610526316	7.958931221052633	0.0	0.0	1	1.0369706946856383	6.894661869542457	230.0	16	1.05	0.95				
	117	1	0.0	0.0	0.0	0.0	1	1.0414975273589921	11.556362597939987	230.0	17	1.05	0.95				
	118	2	132.51620483052633	27.06036615157895	0.0	0.0	1	1.0496091382337447	11.77611297420081	230.0	17	1.05	0.95				
	119	1	72.02832755052631	14.724022758947369	0.0	0.0	1	1.0253926691740922	4.228396663096199	230.0	15	1.05	0.95				
	120	1	50.937159814736845	10.346610587368422	0.0	0.0	1	1.019108480954657	2.5190603326947265	230.0	15	1.05	0.95				
	121	2	0.0	0.0	0.0	0.0	1	1.05	12.611176685086422	230.0	17	1.05	0.95				
	122	2	0.0	0.0	0.0	0.0	1	1.05	28.841720883944433	230.0	17	1.05	0.95				
	123	2	0.0	0.0	0.0	0.0	1	1.0161932972442862	1.8837638135193824	230.0	15	1.05	0.95				
	124	1	0.0	0.0	0.0	0.0	1	1.0262589523514343	4.3594985544699725	230.0	16	1.05	0.95				
	201	2	42.19360931368421	8.594994489824561	0.0	0.0	2	1.014115010745116	-7.682393147938829	138.0	21	1.05	0.95				
	202	2	37.89611206877193	7.813631354385965	0.0	0.0	2	1.013300810708096	-7.889649856112174	138.0	22	1.05	0.95				
	203	1	70.32268218947368	14.455218005614034	0.0	0.0	2	1.0152441991833292	-6.238496221341073	138.0	21	1.05	0.95				
	204	1	28.910436011228068	5.860223515789474	0.0	0.0	2	1.0131225330780056	-7.301946505567771	138.0	21	1.05	0.95				
	205	1	27.738391308070177	5.469541948070176	0.0	0.0	2	1.0272665841322375	-7.513569822553831	138.0	21	1.05	0.95				
	206	1	53.132693209824566	10.939083896140351	0.0	-100.0	2	1.0428629836536036	-7.913406695843495	138.0	22	1.05	0.95				
	207	2	48.83519596491228	9.767039192982455	0.0	0.0	2	0.997259925077876	-12.604561706665924	138.0	22	1.05	0.95				
	208	1	66.80654808	13.673854870175436	0.0	0.0	2	1.0031306756102951	-10.861753004659898	138.0	22	1.05	0.95				
	209	1	68.36927435087719	14.064536437894738	0.0	0.0	2	1.0241583187532863	-5.204998784058054	138.0	23	1.05	0.95				
	210	1	76.18290570526315	15.62726270877193	0.0	0.0	2	1.05	-6.086180751235729	138.0	23	1.05	0.95				
	211	1	0.0	0.0	0.0	0.0	2	1.0019857666250782	-3.1912515120077525	230.0	23	1.05	0.95				
	212	1	0.0	0.0	0.0	0.0	2	1.0099346007315368	1.5888909520930963	230.0	23	1.05	0.95				
	213	2	103.53061544561403	21.096804656842107	0.0	0.0	2	0.9960840049987997	-1.0464039684563833	230.0	24	1.05	0.95				
	214	2	75.79222413754385	15.236581141052632	0.0	0.0	2	0.9967430183414522	-2.4617037839530775	230.0	26	1.05	0.95				
	215	2	123.84605696701753	25.003620334035087	0.0	0.0	2	1.0180686447260183	1.4757440106479627	230.0	26	1.05	0.95				
	216	2	39.06815677192982	7.813631354385965	0.0	0.0	2	1.0161203189817811	0.959522218222506	230.0	26	1.05	0.95				
	217	1	0.0	0.0	0.0	0.0	2	1.0227045557829795	2.0856200871068604	230.0	27	1.05	0.95				
	218	2	130.09696205052632	26.566346604912283	0.0	0.0	2	1.0223019657018442	1.8237923297372651	230.0	27	1.05	0.95				
	219	1	70.71336375719298	14.455218005614034	0.0	0.0	2	1.0147995630704882	1.0743468313234954	230.0	25	1.05	0.95				
	220	1	50.007240668070175	10.157720760701755	0.0	0.0	2	1.0161733082930193	1.9548963869759148	230.0	25	1.05	0.95				
	221	2	0.0	0.0	0.0	0.0	2	1.0244058684188857	2.5043936297742198	230.0	27	1.05	0.95				
	222	2	0.0	0.0	0.0	0.0	2	1.046168640261834	8.878499298942835	230.0	27	1.05	0.95				
	223	2	0.0	0.0	0.0	0.0	2	1.0175845508595784	2.745462494189913	230.0	25	1.05	0.95				
	224	1	0.0	0.0	0.0	0.0	2	1.0073021515846183	-1.433206618042864	230.0	26	1.05	0.95				
	301	2	64.24992090947369	13.087946851929825	0.0	0.0	3	1.0153012441617133	3.0809697497952895	138.0	31	1.05	0.95				
	302	2	57.705947483508766	11.898133501754387	0.0	0.0	3	1.0136129042569746	2.776516392614507	138.0	32	1.05	0.95				
	303	1	107.08320151578947	22.011546978245615	0.0	0.0	3	1.0499233787137259	16.71814556043308	138.0	31	1.05	0.95				
	304	1	44.02309395649123	8.92360012631579	0.0	0.0	3	1.009875995004576	4.784004304333527	138.0	31	1.05	0.95				
	305	1	42.23837393122807	8.328693451228071	0.0	0.0	3	1.0250610012277894	2.5409585725293407	138.0	31	1.05	0.95				
	306	1	80.90730781192983	16.657386902456143	0.0	-100.0	3	1.0369514148454484	1.5805291308047578	138.0	32	1.05	0.95				
	307	2	74.36333438596492	14.872666877192984	0.0	0.0	3	0.9902970315119962	-4.4891212236229965	138.0	32	1.05	0.95				
	308	1	101.72904144000002	20.821733628070174	0.0	0.0	3	0.9910172821883085	-1.6499515423935898	138.0	32	1.05	0.95				
	309	1	104.10866814035089	21.416640303157894	0.0	0.0	3	1.0276101277189544	8.850390270129227	138.0	33	1.05	0.95				
	310	1	116.00680164210526	23.796267003508774	0.0	0.0	3	1.05	3.9057783948229505	138.0	33	1.05	0.95				
	311	1	0.0	0.0	0.0	0.0	3	1.014234662609285	9.524472233922076	230.0	33	1.05	0.95				
	312	1	0.0	0.0	0.0	0.0	3	1.016478028293512	9.381421592383077	230.0	33	1.05	0.95				
	313	2	157.65026889824563	32.12496045473684	0.0	0.0	3	1.0124312751274556	10.872358610605335	230.0	34	1.05	0.95				
	314	2	115.41189496701753	23.201360328421057	0.0	0.0	3	1.0188724619857223	11.562773641553326	230.0	36	1.05	0.95				
	315	2	188.58541600280702	38.07402720561404	0.0	0.0	3	1.0449553739881932	14.388762118509295	230.0	36	1.05	0.95				
	316	2	59.490667508771935	11.898133501754387	0.0	0.0	3	1.0396603635376935	14.245946878270303	230.0	36	1.05	0.95				
	317	1	0.0	0.0	0.0	0.0	3	1.05	19.080935069784804	230.0	37	1.05	0.95				
	318	2	198.10392280421055	40.45365390596491	0.0	0.0	3	1.0442972149014487	16.000940638406277	230.0	37	1.05	0.95				
	319	1	107.6781081908772	22.011546978245615	0.0	0.0	3	1.0311977950368354	12.74051097502966	230.0	35	1.05	0.95				
	320	1	76.14805441122807	15.467573552280703	0.0	0.0	3	1.0277525777320462	11.994288075160936	230.0	35	1.05	0.95				
	321	2	0.0	0.0	0.0	0.0	3	1.045599874154985	16.121695051514802	230.0	37	1.05	0.95				
	322	2	0.0	0.0	0.0	0.0	3	1.05	21.626017876458402	230.0	37	1.05	0.95				
	323	2	0.0	0.0	0.0	0.0	3	1.0263772120080628	11.723510970499538	230.0	35	1.05	0.95				
	324	1	0.0	0.0	0.0	0.0	3	1.045404879601999	16.476975459458654	230.0	36	1.05	0.95				
	325	1	0.0	0.0	0.0	0.0	3	1.0290550623676364	11.811429354285929	230.0	35	1.05	0.95				
];
