%% MATPOWER Case Format : Version 2
function mpc = RTS_GMLC
mpc.version = '2';

%%-----  Power Flow Data  -----%%
%% system MVA base
mpc.baseMVA = 100.0;
%% bus data
%    bus_i    type    Pd    Qd    Gs    Bs    area    Vm    Va    baseKV    zone    Vmax    Vmin
mpc.bus = [
	101	2	48.04156356631579	9.786244430175438	0.0	0.0	1	1.0467762610958737	2.5094506534398873	138.0	11	1.05	0.95				
	102	2	43.148441351228065	8.896585845614036	0.0	0.0	1	1.0452300261653584	2.0962686934198524	138.0	12	1.05	0.95				
	103	1	80.06927261052631	16.458683814385964	0.0	0.0	1	1.0284198237283624	-0.5866145786099877	138.0	11	1.05	0.95				
	104	1	32.91736762877193	6.672439384210525	0.0	0.0	1	1.0281772440474168	-1.1638885283726166	138.0	11	1.05	0.95				
	105	1	31.58287975192982	6.227610091929825	0.0	0.0	1	1.041892142153062	-1.2256375491239535	138.0	11	1.05	0.95				
	106	1	60.49678375017544	12.45522018385965	0.0	-100.0	1	1.0474995802602918	-3.8471682148564073	138.0	12	1.05	0.95				
	107	2	55.60366153508771	11.120732307017542	0.0	0.0	1	1.0011416303233358	-9.343488922420867	138.0	12	1.05	0.95				
	108	1	76.06580898	15.56902522982456	0.0	0.0	1	1.0042392188593081	-8.17643758308851	138.0	12	1.05	0.95				
	109	1	77.8451261491228	16.013854522105262	0.0	0.0	1	1.0241157197800796	-2.951720025849259	138.0	13	1.05	0.95				
	110	1	86.74171199473683	17.79317169122807	0.0	0.0	1	1.05	-3.669384853044166	138.0	13	1.05	0.95				
	111	1	0.0	0.0	0.0	0.0	1	1.0021322879915895	-1.266690117931329	230.0	13	1.05	0.95				
	112	1	0.0	0.0	0.0	0.0	1	1.0065679786537765	-1.3220120867884935	230.0	13	1.05	0.95				
	113	3	117.87976245438597	24.020781783157894	0.0	0.0	1	0.9948763701960169	-2.24475796760327e-29	230.0	14	1.05	0.95				
	114	2	86.29688270245613	17.348342398947366	0.0	0.0	1	0.9968684196345258	-0.18796298926728722	230.0	16	1.05	0.95				
	115	2	141.01088565298247	28.469074705964907	0.0	0.0	1	1.0298859532478695	4.956568404197102	230.0	16	1.05	0.95				
	116	2	44.48292922807017	8.896585845614036	0.0	0.0	1	1.0250695779791406	3.994350854734876	230.0	16	1.05	0.95				
	117	1	0.0	0.0	0.0	0.0	1	1.0337433043349236	7.164291620037351	230.0	17	1.05	0.95				
	118	2	148.1281543294737	30.24839187508772	0.0	0.0	1	1.0370407022627164	7.752189867628865	230.0	17	1.05	0.95				
	119	1	80.51410190280701	16.458683814385964	0.0	0.0	1	1.0152870786986812	2.044418411620749	230.0	15	1.05	0.95				
	120	1	56.938149411929814	11.565561599298245	0.0	0.0	1	1.0103386333393203	1.0732163822345069	230.0	15	1.05	0.95				
	121	2	0.0	0.0	0.0	0.0	1	1.0399699281259362	9.197787231553892	230.0	17	1.05	0.95				
	122	2	0.0	0.0	0.0	0.0	1	1.05	15.429338416741755	230.0	17	1.05	0.95				
	123	2	0.0	0.0	0.0	0.0	1	1.0082636287319064	0.8899106275899218	230.0	15	1.05	0.95				
	124	1	0.0	0.0	0.0	0.0	1	1.02158172817932	2.8661896298145924	230.0	16	1.05	0.95				
	201	2	43.162600357894746	8.792381554385965	0.0	0.0	2	1.0154385642972936	-9.731339892138099	138.0	21	1.05	0.95				
	202	2	38.766409580701755	7.9930741403508785	0.0	0.0	2	1.0145949582040634	-9.96620660401711	138.0	22	1.05	0.95				
	203	1	71.9376672631579	14.787187159649124	0.0	0.0	2	1.0147253434231611	-7.299947865837118	138.0	21	1.05	0.95				
	204	1	29.574374319298247	5.994805605263158	0.0	0.0	2	1.0132012491093632	-9.406179781512098	138.0	21	1.05	0.95				
	205	1	28.375413198245614	5.595151898245615	0.0	0.0	2	1.027851542064514	-9.70815462713364	138.0	21	1.05	0.95				
	206	1	54.352904154385975	11.19030379649123	0.0	-100.0	2	1.0429224396200378	-10.198817362140485	138.0	22	1.05	0.95				
	207	2	49.95671337719298	9.991342675438597	0.0	0.0	2	0.9980545573153755	-14.999892752187751	138.0	22	1.05	0.95				
	208	1	68.3407839	13.987879745614034	0.0	0.0	2	1.0030887655107694	-13.203625141666505	138.0	22	1.05	0.95				
	209	1	69.93939872807017	14.38753345263158	0.0	0.0	2	1.0235613409940463	-7.293843640406062	138.0	23	1.05	0.95				
	210	1	77.93247286842106	15.986148280701757	0.0	0.0	2	1.05	-8.398839650082115	138.0	23	1.05	0.95				
	211	1	0.0	0.0	0.0	0.0	2	1.0028106912766603	-4.825726958056365	230.0	23	1.05	0.95				
	212	1	0.0	0.0	0.0	0.0	2	1.0083472536001938	-1.4539805253786613	230.0	23	1.05	0.95				
	213	2	105.90823235964912	21.581300178947373	0.0	0.0	2	0.9972371986668513	-2.8769517508736624	230.0	24	1.05	0.95				
	214	2	77.53281916140351	15.586494573684211	0.0	0.0	2	0.9999732711845117	-3.362060712242487	230.0	26	1.05	0.95				
	215	2	126.69022512456141	25.57783724912281	0.0	0.0	2	1.0170718093940057	1.3815686736572752	230.0	26	1.05	0.95				
	216	2	39.96537070175439	7.9930741403508785	0.0	0.0	2	1.0162723651459313	1.168702089862432	230.0	26	1.05	0.95				
	217	1	0.0	0.0	0.0	0.0	2	1.0209955037925378	1.970321305828207	230.0	27	1.05	0.95				
	218	2	133.0846844368421	27.176452077192987	0.0	0.0	2	1.0206678668052438	1.6973342012518018	230.0	27	1.05	0.95				
	219	1	72.33732097017544	14.787187159649124	0.0	0.0	2	1.0148488112304388	1.2426902298054165	230.0	25	1.05	0.95				
	220	1	51.15567449824562	10.39099638245614	0.0	0.0	2	1.016235804307819	2.1052312459810874	230.0	25	1.05	0.95				
	221	2	0.0	0.0	0.0	0.0	2	1.0229943227037388	2.3912483190012983	230.0	27	1.05	0.95				
	222	2	0.0	0.0	0.0	0.0	2	1.0446634107976196	8.783752000566162	230.0	27	1.05	0.95				
	223	2	0.0	0.0	0.0	0.0	2	1.017690952295112	2.8926324527268106	230.0	25	1.05	0.95				
	224	1	0.0	0.0	0.0	0.0	2	1.0054768153493496	-1.8950714548718983	230.0	26	1.05	0.95				
	301	2	54.23916482526317	11.048718760701757	0.0	0.0	3	1.010279261322336	-0.9585733605657976	138.0	31	1.05	0.95				
	302	2	48.71480544491229	10.044289782456142	0.0	0.0	3	1.0091993941137096	-1.1911213294742626	138.0	32	1.05	0.95				
	303	1	90.39860804210528	18.58193609754386	0.0	0.0	3	1.0384553819872537	8.148265296221847	138.0	31	1.05	0.95				
	304	1	37.16387219508772	7.533217336842106	0.0	0.0	3	1.008856155901771	-0.044360850252432894	138.0	31	1.05	0.95				
	305	1	35.6572287277193	7.0310028477193	0.0	0.0	3	1.0236446606498526	-0.7171852172651486	138.0	31	1.05	0.95				
	306	1	68.30117052070177	14.0620056954386	0.0	-100.0	3	1.038600834424458	-1.1711046466335933	138.0	32	1.05	0.95				
	307	2	62.77681114035089	12.555362228070177	0.0	0.0	3	0.9928833364254539	-6.087831651503247	138.0	32	1.05	0.95				
	308	1	85.87867764	17.577507119298247	0.0	0.0	3	0.9986790724909653	-3.797473636673694	138.0	32	1.05	0.95				
	309	1	87.88753559649123	18.079721608421053	0.0	0.0	3	1.024603516509808	2.9586962991607564	138.0	33	1.05	0.95				
	310	1	97.93182537894738	20.088579564912283	0.0	0.0	3	1.05	1.1386143478425046	138.0	33	1.05	0.95				
	311	1	0.0	0.0	0.0	0.0	3	1.007561353163776	5.79387230903726	230.0	33	1.05	0.95				
	312	1	0.0	0.0	0.0	0.0	3	1.0123627228733973	6.53161393496883	230.0	33	1.05	0.95				
	313	2	133.08683961754386	27.119582412631583	0.0	0.0	3	1.0125289727131253	10.435059601165912	230.0	34	1.05	0.95				
	314	2	97.42961088982457	19.586365075789477	0.0	0.0	3	1.0041525638263484	5.566403134544434	230.0	36	1.05	0.95				
	315	2	159.20199305192983	32.14172730385965	0.0	0.0	3	1.0254838400532904	3.9908538274790892	230.0	36	1.05	0.95				
	316	2	50.22144891228071	10.044289782456142	0.0	0.0	3	1.0211538509717868	4.209940389066903	230.0	36	1.05	0.95				
	317	1	0.0	0.0	0.0	0.0	3	1.0260135542616982	4.499851901419036	230.0	37	1.05	0.95				
	318	2	167.23742487789477	34.15058526035089	0.0	0.0	3	1.0242895192932555	3.7816504195968217	230.0	37	1.05	0.95				
	319	1	90.90082253122809	18.58193609754386	0.0	0.0	3	1.0191171690521492	5.641662744276238	230.0	35	1.05	0.95				
	320	1	64.2834546077193	13.057576717192983	0.0	0.0	3	1.0184885070182754	6.601160108620617	230.0	35	1.05	0.95				
	321	2	0.0	0.0	0.0	0.0	3	1.0267102489835684	4.408588099595995	230.0	37	1.05	0.95				
	322	2	0.0	0.0	0.0	0.0	3	1.039823108484203	8.836402370946038	230.0	37	1.05	0.95				
	323	2	0.0	0.0	0.0	0.0	3	1.0184145418948412	7.161295263706128	230.0	35	1.05	0.95				
	324	1	0.0	0.0	0.0	0.0	3	1.0297711211809866	7.060085002949292	230.0	36	1.05	0.95				
	325	1	0.0	0.0	0.0	0.0	3	1.0206753160841768	7.345999360373705	230.0	35	1.05	0.95				
];
