%% MATPOWER Case Format : Version 2
function mpc = RTS_GMLC
mpc.version = '2';

%%-----  Power Flow Data  -----%%
%% system MVA base
mpc.baseMVA = 100.0;
%% bus data
%    bus_i    type    Pd    Qd    Gs    Bs    area    Vm    Va    baseKV    zone    Vmax    Vmin
mpc.bus = [
	101	2	48.18852053052631	9.816180108070174	0.0	0.0	1	1.0153202739926956	2.0791956573309793	138.0	11	1.05	0.95				
	102	2	43.28043047649122	8.923800098245614	0.0	0.0	1	1.0142180230721323	1.7560282052176868	138.0	12	1.05	0.95				
	103	1	80.31420088421052	16.509030181754383	0.0	0.0	1	1.024313486731764	2.3946238322448936	138.0	11	1.05	0.95				
	104	1	33.018060363508766	6.692850073684211	0.0	0.0	1	1.0126465555662187	-1.3834936315626392	138.0	11	1.05	0.95				
	105	1	31.679490348771928	6.24666006877193	0.0	0.0	1	1.0261135393891234	-1.3481876031948437	138.0	11	1.05	0.95				
	106	1	60.68184066807017	12.49332013754386	0.0	-100.0	1	1.040150330636284	-3.7417680448723223	138.0	12	1.05	0.95				
	107	2	55.77375061403509	11.154750122807016	0.0	0.0	1	0.9860024925644894	-12.292666553148349	138.0	12	1.05	0.95				
	108	1	76.29849083999999	15.616650171929821	0.0	0.0	1	0.9934707065140745	-9.588090237761993	138.0	12	1.05	0.95				
	109	1	78.08325085964911	16.0628401768421	0.0	0.0	1	1.025104655145808	-2.0827933034004786	138.0	13	1.05	0.95				
	110	1	87.00705095789473	17.84760019649123	0.0	0.0	1	1.05	-3.3451341644976873	138.0	13	1.05	0.95				
	111	1	0.0	0.0	0.0	0.0	1	1.0190461061989757	0.44653265951466764	230.0	13	1.05	0.95				
	112	1	0.0	0.0	0.0	0.0	1	1.0157129728063305	-0.5053483191461489	230.0	13	1.05	0.95				
	113	3	118.24035130175436	24.094260265263156	0.0	0.0	1	1.0019609658153703	2.369704528114677e-32	230.0	14	1.05	0.95				
	114	2	86.56086095298244	17.401410191578947	0.0	0.0	1	1.0430178284858904	3.916815228415344	230.0	16	1.05	0.95				
	115	2	141.44223155719297	28.556160314385963	0.0	0.0	1	1.0395715265913528	13.525639950020588	230.0	16	1.05	0.95				
	116	2	44.619000491228064	8.923800098245614	0.0	0.0	1	1.0401056054575113	11.692360046410876	230.0	16	1.05	0.95				
	117	1	0.0	0.0	0.0	0.0	1	1.0385091929991717	17.76859236608747	230.0	17	1.05	0.95				
	118	2	148.58127163578948	30.340920334035086	0.0	0.0	1	1.0469392996465168	18.375541876403606	230.0	17	1.05	0.95				
	119	1	80.7603908891228	16.509030181754383	0.0	0.0	1	1.036878175855806	7.532106308852525	230.0	15	1.05	0.95				
	120	1	57.112320628771926	11.600940127719298	0.0	0.0	1	1.0409150428407639	4.77268630825944	230.0	15	1.05	0.95				
	121	2	0.0	0.0	0.0	0.0	1	1.0412853973485907	20.0629361331309	230.0	17	1.05	0.95				
	122	2	0.0	0.0	0.0	0.0	1	1.05	38.040460263904535	230.0	17	1.05	0.95				
	123	2	0.0	0.0	0.0	0.0	1	1.0442857486258157	3.5954127190573635	230.0	15	1.05	0.95				
	124	1	0.0	0.0	0.0	0.0	1	1.0199797378856172	9.374461559092408	230.0	16	1.05	0.95				
	201	2	55.72548401684211	11.35148748491228	0.0	0.0	2	1.0125087746266348	-19.137553123734083	138.0	21	1.05	0.95				
	202	2	50.04974027438597	10.319534077192982	0.0	0.0	2	1.012364435552686	-19.311389557891737	138.0	22	1.05	0.95				
	203	1	92.87580669473684	19.091138042807017	0.0	0.0	2	1.0100967242280685	-14.385294019025322	138.0	21	1.05	0.95				
	204	1	38.182276085614035	7.739650557894737	0.0	0.0	2	1.0095785612972352	-19.22983846457393	138.0	21	1.05	0.95				
	205	1	36.634345974035085	7.223673854035089	0.0	0.0	2	1.0247812065666009	-19.80133906604092	138.0	21	1.05	0.95				
	206	1	70.17283172491229	14.447347708070177	0.0	-100.0	2	1.0389489038188635	-20.733872434208305	138.0	22	1.05	0.95				
	207	2	64.49708798245614	12.899417596491228	0.0	0.0	2	0.9908152420846666	-27.38301474104912	138.0	22	1.05	0.95				
	208	1	88.23201636	18.059184635087718	0.0	0.0	2	0.9937694483571476	-24.966746177215906	138.0	22	1.05	0.95				
	209	1	90.2959231754386	18.575161338947368	0.0	0.0	2	1.0229820105001837	-17.02886646123405	138.0	23	1.05	0.95				
	210	1	100.61545725263157	20.639068154385964	0.0	0.0	2	1.05	-18.80764574582397	138.0	23	1.05	0.95				
	211	1	0.0	0.0	0.0	0.0	2	1.0146651702274019	-13.358435068366658	230.0	23	1.05	0.95				
	212	1	0.0	0.0	0.0	0.0	2	1.014611689144673	-12.121388925702067	230.0	23	1.05	0.95				
	213	2	136.73382652280702	27.862742008421055	0.0	0.0	2	1.0194538889633469	-11.45281893101691	230.0	24	1.05	0.95				
	214	2	100.09948054877194	20.123091450526314	0.0	0.0	2	1.0203375078313615	-10.464792375824842	230.0	26	1.05	0.95				
	215	2	163.56461512350876	33.02250904701754	0.0	0.0	2	1.031068408501079	-3.067188837935623	230.0	26	1.05	0.95				
	216	2	51.59767038596491	10.319534077192982	0.0	0.0	2	1.0351051165370315	-3.229786312183489	230.0	26	1.05	0.95				
	217	1	0.0	0.0	0.0	0.0	2	1.0382777133428276	-1.3464249307081626	230.0	27	1.05	0.95				
	218	2	171.82024238526316	35.08641586245614	0.0	0.0	2	1.0361453198350998	-2.1039999767924247	230.0	27	1.05	0.95				
	219	1	93.3917833985965	19.091138042807017	0.0	0.0	2	1.038238928939708	-2.8050971096411415	230.0	25	1.05	0.95				
	220	1	66.04501809403509	13.415394300350878	0.0	0.0	2	1.0449323870203602	-1.46205992850473	230.0	25	1.05	0.95				
	221	2	0.0	0.0	0.0	0.0	2	1.0368396079617825	-1.615438570964239	230.0	27	1.05	0.95				
	222	2	0.0	0.0	0.0	0.0	2	1.05	4.990514775922943	230.0	27	1.05	0.95				
	223	2	0.0	0.0	0.0	0.0	2	1.05	-0.35307522037079786	230.0	25	1.05	0.95				
	224	1	0.0	0.0	0.0	0.0	2	1.0092204261539	-7.264464169470198	230.0	26	1.05	0.95				
	301	2	66.7611515368421	13.599493831578949	0.0	0.0	3	1.038202032733429	3.6679795462675013	138.0	31	1.05	0.95				
	302	2	59.96140462105264	12.363176210526316	0.0	0.0	3	1.0348241355485743	3.301458961646999	138.0	32	1.05	0.95				
	303	1	111.26858589473684	22.871875989473686	0.0	0.0	3	1.05	21.399538446914374	138.0	31	1.05	0.95				
	304	1	45.74375197894737	9.272382157894738	0.0	0.0	3	1.0095475750868275	5.643903341599885	138.0	31	1.05	0.95				
	305	1	43.88927554736842	8.654223347368422	0.0	0.0	3	1.030391951106068	2.6217365841718308	138.0	31	1.05	0.95				
	306	1	84.06959823157895	17.308446694736844	0.0	-100.0	3	1.0317477524391223	1.3331418811007736	138.0	32	1.05	0.95				
	307	2	77.26985131578947	15.453970263157895	0.0	0.0	3	0.95	1.4276640603857433	138.0	32	1.05	0.95				
	308	1	105.7051566	21.635558368421055	0.0	0.0	3	0.9630464648323576	1.6566451752355629	138.0	32	1.05	0.95				
	309	1	108.17779184210528	22.25371717894737	0.0	0.0	3	1.011260518164925	10.187977884557306	138.0	33	1.05	0.95				
	310	1	120.5409680526316	24.72635242105263	0.0	0.0	3	1.0376218731691496	3.532286078848266	138.0	33	1.05	0.95				
	311	1	0.0	0.0	0.0	0.0	3	0.9976085486850863	8.915278567032999	230.0	33	1.05	0.95				
	312	1	0.0	0.0	0.0	0.0	3	1.0016859830452027	9.42174283962145	230.0	33	1.05	0.95				
	313	2	163.8120847894737	33.38057576842105	0.0	0.0	3	0.9975078318297776	11.132786072463459	230.0	34	1.05	0.95				
	314	2	119.92280924210527	24.108193610526317	0.0	0.0	3	0.9960760464782712	9.148503697876599	230.0	36	1.05	0.95				
	315	2	195.95634293684213	39.56216387368421	0.0	0.0	3	1.05	13.488922148938956	230.0	36	1.05	0.95				
	316	2	61.81588105263158	12.363176210526316	0.0	0.0	3	1.0412574805901695	13.18773066623294	230.0	36	1.05	0.95				
	317	1	0.0	0.0	0.0	0.0	3	1.05	18.37516015669236	230.0	37	1.05	0.95				
	318	2	205.84688390526318	42.034799115789475	0.0	0.0	3	1.0428106635444876	14.99984727544215	230.0	37	1.05	0.95				
	319	1	111.88674470526317	22.871875989473686	0.0	0.0	3	1.0252689984793593	11.737992319372793	230.0	35	1.05	0.95				
	320	1	79.12432774736843	16.072129073684213	0.0	0.0	3	1.0167742308477727	11.657930426002036	230.0	35	1.05	0.95				
	321	2	0.0	0.0	0.0	0.0	3	1.0458432569046936	15.168838453501396	230.0	37	1.05	0.95				
	322	2	0.0	0.0	0.0	0.0	3	1.049999997798842	20.77059330940522	230.0	37	1.05	0.95				
	323	2	0.0	0.0	0.0	0.0	3	1.0135804405640099	12.097889392994164	230.0	35	1.05	0.95				
	324	1	0.0	0.0	0.0	0.0	3	1.047272995438693	16.514220525863784	230.0	36	1.05	0.95				
	325	1	0.0	0.0	0.0	0.0	3	1.0146148276165659	12.790520327443582	230.0	35	1.05	0.95				
];
