%% MATPOWER Case Format : Version 2
function mpc = RTS_GMLC
mpc.version = '2';

%%-----  Power Flow Data  -----%%
%% system MVA base
mpc.baseMVA = 100.0;
%% bus data
%    bus_i    type    Pd    Qd    Gs    Bs    area    Vm    Va    baseKV    zone    Vmax    Vmin
mpc.bus = [
	101	2	60.98713506947367	12.423305291929823	0.0	0.0	1	1.034825568739716	-0.33843657774926533	138.0	11	1.05	0.95				
	102	2	54.77548242350876	11.293913901754385	0.0	0.0	1	1.0344168991033162	-0.5226502992799893	138.0	12	1.05	0.95				
	103	1	101.64522511578946	20.89374071824561	0.0	0.0	1	1.0243270209610862	-0.470223545053958	138.0	11	1.05	0.95				
	104	1	41.78748143649122	8.470435426315788	0.0	0.0	1	1.019358926711246	-3.4637713496072675	138.0	11	1.05	0.95				
	105	1	40.09339435122806	7.905739731228071	0.0	0.0	1	1.0347929268288765	-3.4497090068347815	138.0	11	1.05	0.95				
	106	1	76.79861453192981	15.811479462456141	0.0	-100.0	1	1.0419312383979753	-5.753923396192879	138.0	12	1.05	0.95				
	107	2	70.58696188596491	14.11739237719298	0.0	0.0	1	1.011018427862637	-10.969684193559178	138.0	12	1.05	0.95				
	108	1	96.56296385999998	19.76434932807017	0.0	0.0	1	1.006150431301205	-9.873649668402143	138.0	12	1.05	0.95				
	109	1	98.82174664035087	20.329045023157892	0.0	0.0	1	1.0245799360585877	-3.587929463030942	138.0	13	1.05	0.95				
	110	1	110.11566054210525	22.58782780350877	0.0	0.0	1	1.05	-4.8298104572257055	138.0	13	1.05	0.95				
	111	1	0.0	0.0	0.0	0.0	1	1.0079662210543274	-0.7543565922472135	230.0	13	1.05	0.95				
	112	1	0.0	0.0	0.0	0.0	1	1.0125520572569842	-0.6475014534047844	230.0	13	1.05	0.95				
	113	3	149.64435919824558	30.493567534736837	0.0	0.0	1	1.0075310142538703	-2.4347959771098465e-30	230.0	14	1.05	0.95				
	114	2	109.55096484701753	22.023132108421052	0.0	0.0	1	1.006895352029916	2.138428241592496	230.0	16	1.05	0.95				
	115	2	179.008535342807	36.14052448561403	0.0	0.0	1	1.0389814288778971	10.329806127672882	230.0	16	1.05	0.95				
	116	2	56.46956950877192	11.293913901754385	0.0	0.0	1	1.0361409286689593	9.564253254235366	230.0	16	1.05	0.95				
	117	1	0.0	0.0	0.0	0.0	1	1.0404989835859142	13.255861045871654	230.0	17	1.05	0.95				
	118	2	188.0436664642105	38.39930726596491	0.0	0.0	1	1.0462612647319736	13.183703195133415	230.0	17	1.05	0.95				
	119	1	102.20992081087718	20.89374071824561	0.0	0.0	1	1.0295681718721825	7.29401192516419	230.0	15	1.05	0.95				
	120	1	72.28104897122806	14.682088072280699	0.0	0.0	1	1.0292066067397436	6.3994468800238495	230.0	15	1.05	0.95				
	121	2	0.0	0.0	0.0	0.0	1	1.05	14.429244347663042	230.0	17	1.05	0.95				
	122	2	0.0	0.0	0.0	0.0	1	1.05	28.789716744680565	230.0	17	1.05	0.95				
	123	2	0.0	0.0	0.0	0.0	1	1.0301404987592349	6.335973309541853	230.0	15	1.05	0.95				
	124	1	0.0	0.0	0.0	0.0	1	1.0200426417366293	6.300318176220952	230.0	16	1.05	0.95				
	201	2	65.41539430736843	13.32535809964912	0.0	0.0	2	1.0286790570000885	-16.891659955435752	138.0	21	1.05	0.95				
	202	2	58.752715257543855	12.113961908771929	0.0	0.0	2	1.0291679545634067	-16.932619784118174	138.0	22	1.05	0.95				
	203	1	109.02565717894737	22.410829531228067	0.0	0.0	2	1.0169759438367916	-13.853673921572453	138.0	21	1.05	0.95				
	204	1	44.821659062456135	9.085471431578947	0.0	0.0	2	1.0155815343089039	-18.888355324581276	138.0	21	1.05	0.95				
	205	1	43.00456477614034	8.479773336140351	0.0	0.0	2	1.0315067689682358	-19.29643050512891	138.0	21	1.05	0.95				
	206	1	82.37494097964912	16.959546672280702	0.0	-100.0	2	1.0398699302414856	-21.209236715801023	138.0	22	1.05	0.95				
	207	2	75.71226192982455	15.14245238596491	0.0	0.0	2	0.9880065755605381	-30.22388941097949	138.0	22	1.05	0.95				
	208	1	103.57437431999999	21.199433340350872	0.0	0.0	2	0.9879210009341085	-27.304255957393696	138.0	22	1.05	0.95				
	209	1	105.99716670175438	21.80513143578947	0.0	0.0	2	1.0230176566817688	-18.01622690128856	138.0	23	1.05	0.95				
	210	1	118.11112861052631	24.227923817543857	0.0	0.0	2	1.05	-19.807594304894415	138.0	23	1.05	0.95				
	211	1	0.0	0.0	0.0	0.0	2	1.016514327688843	-14.42650341557001	230.0	23	1.05	0.95				
	212	1	0.0	0.0	0.0	0.0	2	1.0167312070727914	-13.820913592148356	230.0	23	1.05	0.95				
	213	2	160.50999529122805	32.707697153684215	0.0	0.0	2	1.0201969728863052	-13.39276907983427	230.0	24	1.05	0.95				
	214	2	117.50543051508771	23.622225722105263	0.0	0.0	2	1.0250012037126786	-10.869968061866263	230.0	26	1.05	0.95				
	215	2	192.00629625403508	38.76467810807017	0.0	0.0	2	1.0352386338745485	-1.5681998302871747	230.0	26	1.05	0.95				
	216	2	60.56980954385964	12.113961908771929	0.0	0.0	2	1.0378909573685187	-2.127204853219123	230.0	26	1.05	0.95				
	217	1	0.0	0.0	0.0	0.0	2	1.0398299607641834	1.5907040036320945	230.0	27	1.05	0.95				
	218	2	201.69746578105264	41.18747048982456	0.0	0.0	2	1.041456492455605	1.8603187399594099	230.0	27	1.05	0.95				
	219	1	109.63135527438597	22.410829531228067	0.0	0.0	2	1.0391208713921478	-3.526526270925899	230.0	25	1.05	0.95				
	220	1	77.52935621614034	15.748150481403508	0.0	0.0	2	1.0452939263082333	-3.591003045198255	230.0	25	1.05	0.95				
	221	2	0.0	0.0	0.0	0.0	2	1.0415172512132793	1.4825282312625068	230.0	27	1.05	0.95				
	222	2	0.0	0.0	0.0	0.0	2	1.05	8.02861616697344	230.0	27	1.05	0.95				
	223	2	0.0	0.0	0.0	0.0	2	1.0499999827443465	-3.1843125011448414	230.0	25	1.05	0.95				
	224	1	0.0	0.0	0.0	0.0	2	1.013065713169812	-6.138498211224724	230.0	26	1.05	0.95				
	301	2	61.92660550736843	12.614678899649123	0.0	0.0	3	1.0386077089011698	-11.342718282024409	138.0	31	1.05	0.95				
	302	2	55.61926605754386	11.467889908771932	0.0	0.0	3	1.0341958282552248	-11.697965651860805	138.0	32	1.05	0.95				
	303	1	103.21100917894739	21.215596331228074	0.0	0.0	3	1.05	4.882263771967059	138.0	31	1.05	0.95				
	304	1	42.43119266245615	8.60091743157895	0.0	0.0	3	1.0104539590209176	-10.078757967469887	138.0	31	1.05	0.95				
	305	1	40.71100917614036	8.027522936140352	0.0	0.0	3	1.0320556289147174	-12.091990153315503	138.0	31	1.05	0.95				
	306	1	77.98165137964914	16.055045872280704	0.0	-100.0	3	1.0342721841691287	-13.17720884213589	138.0	32	1.05	0.95				
	307	2	71.67431192982457	14.334862385964914	0.0	0.0	3	0.9576448337531979	-11.260021947172385	138.0	32	1.05	0.95				
	308	1	98.05045872000001	20.068807340350876	0.0	0.0	3	0.9703484297623725	-12.111420575053023	138.0	32	1.05	0.95				
	309	1	100.3440367017544	20.642201835789475	0.0	0.0	3	1.0104458049377547	-6.325441100301946	138.0	33	1.05	0.95				
	310	1	111.81192661052633	22.935779817543864	0.0	0.0	3	1.0392914624808838	-11.020872240754029	138.0	33	1.05	0.95				
	311	1	0.0	0.0	0.0	0.0	3	0.9968764434775548	-6.333529572299871	230.0	33	1.05	0.95				
	312	1	0.0	0.0	0.0	0.0	3	0.9997454899799779	-5.158043613479126	230.0	33	1.05	0.95				
	313	2	151.9495412912281	30.963302753684214	0.0	0.0	3	0.9969747148701599	-2.741355819943392	230.0	34	1.05	0.95				
	314	2	111.23853211508772	22.362385322105265	0.0	0.0	3	0.9950407302383514	-7.0191210913920505	230.0	36	1.05	0.95				
	315	2	181.76605505403512	36.69724770807018	0.0	0.0	3	1.05	-4.467802903644536	230.0	36	1.05	0.95				
	316	2	57.33944954385966	11.467889908771932	0.0	0.0	3	1.037663926294725	-4.479895432074239	230.0	36	1.05	0.95				
	317	1	0.0	0.0	0.0	0.0	3	1.046665073345252	-3.186169691301982	230.0	37	1.05	0.95				
	318	2	190.94036698105265	38.99082568982457	0.0	0.0	3	1.0470531212363836	-4.041971509201189	230.0	37	1.05	0.95				
	319	1	103.78440367438597	21.215596331228074	0.0	0.0	3	1.0214910817450906	-4.239423135653362	230.0	35	1.05	0.95				
	320	1	73.39449541614036	14.908256881403512	0.0	0.0	3	1.0122023965386762	-2.8929611579158134	230.0	35	1.05	0.95				
	321	2	0.0	0.0	0.0	0.0	3	1.05	-3.6418714561811196	230.0	37	1.05	0.95				
	322	2	0.0	0.0	0.0	0.0	3	1.05	0.880357388357379	230.0	37	1.05	0.95				
	323	2	0.0	0.0	0.0	0.0	3	1.0088843236827654	-1.6873900078446267	230.0	35	1.05	0.95				
	324	1	0.0	0.0	0.0	0.0	3	1.0470209585070833	-0.8942988199372796	230.0	36	1.05	0.95				
	325	1	0.0	0.0	0.0	0.0	3	1.0072451227942825	-0.2967397368174138	230.0	35	1.05	0.95				
];
