%% MATPOWER Case Format : Version 2
function mpc = RTS_GMLC
mpc.version = '2';

%%-----  Power Flow Data  -----%%
%% system MVA base
mpc.baseMVA = 100.0;
%% bus data
%    bus_i    type    Pd    Qd    Gs    Bs    area    Vm    Va    baseKV    zone    Vmax    Vmin
mpc.bus = [
	101	2	41.76249381473684	8.50717466596491	0.0	0.0	1	0.9938300143474852	-4.287984834052191	138.0	11	1.05	0.95				
	102	2	37.50890648175439	7.733795150877193	0.0	0.0	1	0.993533614780387	-4.4956828954829895	138.0	12	1.05	0.95				
	103	1	69.60415635789474	14.307521029122809	0.0	0.0	1	1.0196435100399428	1.0667203773466687	138.0	11	1.05	0.95				
	104	1	28.615042058245617	5.800346363157895	0.0	0.0	1	1.006196551945041	-4.320338974648126	138.0	11	1.05	0.95				
	105	1	27.454972785614036	5.413656605614035	0.0	0.0	1	1.0170432158399014	-5.250373449698811	138.0	11	1.05	0.95				
	106	1	52.589807025964916	10.82731321122807	0.0	-100.0	1	1.038000890967724	-6.247158696944069	138.0	12	1.05	0.95				
	107	2	48.33621969298246	9.66724393859649	0.0	0.0	1	0.9876853871879379	-11.191249740722906	138.0	12	1.05	0.95				
	108	1	66.12394854	13.534141514035086	0.0	0.0	1	0.9976957579852707	-9.328833113511454	138.0	12	1.05	0.95				
	109	1	67.67070757017544	13.920831271578946	0.0	0.0	1	1.025053606462251	-3.0414252250227887	138.0	13	1.05	0.95				
	110	1	75.40450272105262	15.467590301754386	0.0	0.0	1	1.05	-4.937637199613738	138.0	13	1.05	0.95				
	111	1	0.0	0.0	0.0	0.0	1	1.0187136434814077	0.03988039844226567	230.0	13	1.05	0.95				
	112	1	0.0	0.0	0.0	0.0	1	1.0140340835393433	-1.2089300745704392	230.0	13	1.05	0.95				
	113	3	102.47278574912279	20.88124690736842	0.0	0.0	1	1.0009324491236298	-3.466871692167826e-28	230.0	14	1.05	0.95				
	114	2	75.01781296350877	15.080900544210527	0.0	0.0	1	1.0461159437004846	4.005350861937884	230.0	16	1.05	0.95				
	115	2	122.5806531414035	24.748144482807017	0.0	0.0	1	1.0371849106721287	14.170531164183839	230.0	16	1.05	0.95				
	116	2	38.66897575438596	7.733795150877193	0.0	0.0	1	1.0380616414200348	12.17013394366661	230.0	16	1.05	0.95				
	117	1	0.0	0.0	0.0	0.0	1	1.0368001836384353	18.586086712830816	230.0	17	1.05	0.95				
	118	2	128.76768926210528	26.294903512982458	0.0	0.0	1	1.0458058360843812	19.345727857179853	230.0	17	1.05	0.95				
	119	1	69.9908461154386	14.307521029122809	0.0	0.0	1	1.0342344183873065	7.58086108069442	230.0	15	1.05	0.95				
	120	1	49.496288965614035	10.053933696140351	0.0	0.0	1	1.0380819044576284	4.337675682480991	230.0	15	1.05	0.95				
	121	2	0.0	0.0	0.0	0.0	1	1.0398464627960742	21.042823685535797	230.0	17	1.05	0.95				
	122	2	0.0	0.0	0.0	0.0	1	1.05	39.031841105084055	230.0	17	1.05	0.95				
	123	2	0.0	0.0	0.0	0.0	1	1.04140976557425	2.854271817225554	230.0	15	1.05	0.95				
	124	1	0.0	0.0	0.0	0.0	1	1.0141145357536376	9.291206455979486	230.0	16	1.05	0.95				
	201	2	39.11663781473685	7.968203999298247	0.0	0.0	2	1.0071680486527734	-15.990263201021442	138.0	21	1.05	0.95				
	202	2	35.13253581508772	7.243821817543861	0.0	0.0	2	1.0061292308113579	-16.28214717968187	138.0	22	1.05	0.95				
	203	1	65.19439635789475	13.40107036245614	0.0	0.0	2	1.0134093572935505	-12.017312604217178	138.0	21	1.05	0.95				
	204	1	26.80214072491228	5.4328663631578955	0.0	0.0	2	1.0098048961594257	-16.10571286424179	138.0	21	1.05	0.95				
	205	1	25.715567452280702	5.070675272280703	0.0	0.0	2	1.0242273710588568	-16.53406046149123	138.0	21	1.05	0.95				
	206	1	49.25798835929825	10.141350544561407	0.0	-100.0	2	1.0418750547866742	-17.312550486676912	138.0	22	1.05	0.95				
	207	2	45.273886359649126	9.054777271929826	0.0	0.0	2	0.9902487924245179	-21.52758817166915	138.0	22	1.05	0.95				
	208	1	61.93467654000001	12.676688180701756	0.0	0.0	2	0.9998764701009508	-19.958393168273183	138.0	22	1.05	0.95				
	209	1	63.383440903508784	13.03887927157895	0.0	0.0	2	1.0227506211247626	-14.45096294667134	138.0	23	1.05	0.95				
	210	1	70.62726272105265	14.487643635087721	0.0	0.0	2	1.05	-15.902988406747696	138.0	23	1.05	0.95				
	211	1	0.0	0.0	0.0	0.0	2	1.0050946000285006	-11.791422291733934	230.0	23	1.05	0.95				
	212	1	0.0	0.0	0.0	0.0	2	1.012571790276123	-11.340989167994094	230.0	23	1.05	0.95				
	213	2	95.98063908245615	19.558318907368424	0.0	0.0	2	1.0024627423456995	-10.764947444023623	230.0	24	1.05	0.95				
	214	2	70.26507163017544	14.125452544210528	0.0	0.0	2	1.0036465578347669	-9.18234729748151	230.0	26	1.05	0.95				
	215	2	114.8145758080702	23.180229816140354	0.0	0.0	2	1.0267167731480444	-2.405583244852397	230.0	26	1.05	0.95				
	216	2	36.2191090877193	7.243821817543861	0.0	0.0	2	1.0288867883610664	-3.399506085733592	230.0	26	1.05	0.95				
	217	1	0.0	0.0	0.0	0.0	2	1.0345924620475246	-1.0978541936897641	230.0	27	1.05	0.95				
	218	2	120.60963326210528	24.628994179649126	0.0	0.0	2	1.0331963976205778	-1.4799212392503356	230.0	27	1.05	0.95				
	219	1	65.55658744877194	13.40107036245614	0.0	0.0	2	1.0347216854024803	-4.1130598951662565	230.0	25	1.05	0.95				
	220	1	46.36045963228071	9.416968362807019	0.0	0.0	2	1.0418714958139725	-4.029530323275937	230.0	25	1.05	0.95				
	221	2	0.0	0.0	0.0	0.0	2	1.0337717352983136	-0.9936844788839267	230.0	27	1.05	0.95				
	222	2	0.0	0.0	0.0	0.0	2	1.05	5.462086003328969	230.0	27	1.05	0.95				
	223	2	0.0	0.0	0.0	0.0	2	1.0460183506939604	-3.714706109630521	230.0	25	1.05	0.95				
	224	1	0.0	0.0	0.0	0.0	2	1.009865608849531	-5.993666464349987	230.0	26	1.05	0.95				
	301	2	45.93672886736842	9.35748180631579	0.0	0.0	3	1.0192632459352993	12.923876535610923	138.0	31	1.05	0.95				
	302	2	41.25798796421052	8.506801642105263	0.0	0.0	3	1.0172062621784235	12.568786481589346	138.0	32	1.05	0.95				
	303	1	76.56121477894736	15.737583037894737	0.0	0.0	3	1.05	27.79392431696132	138.0	31	1.05	0.95				
	304	1	31.475166075789474	6.380101231578947	0.0	0.0	3	1.0093152132248477	13.78519451558381	138.0	31	1.05	0.95				
	305	1	30.199145829473682	5.9547611494736845	0.0	0.0	3	1.0265397288471747	11.410992960778549	138.0	31	1.05	0.95				
	306	1	57.84625116631579	11.909522298947369	0.0	-100.0	3	1.0379938193293945	10.041904890985352	138.0	32	1.05	0.95				
	307	2	53.167510263157894	10.633502052631579	0.0	0.0	3	0.95	6.418057095974674	138.0	32	1.05	0.95				
	308	1	72.73315403999999	14.88690287368421	0.0	0.0	3	0.9708261337374998	8.25714970464292	138.0	32	1.05	0.95				
	309	1	74.43451436842105	15.312242955789474	0.0	0.0	3	1.0159719207439064	16.563800845466748	138.0	33	1.05	0.95				
	310	1	82.94131601052631	17.013603284210525	0.0	0.0	3	1.0441311918232963	11.258046277904215	138.0	33	1.05	0.95				
	311	1	0.0	0.0	0.0	0.0	3	1.0039532895143881	14.493047635435111	230.0	33	1.05	0.95				
	312	1	0.0	0.0	0.0	0.0	3	1.0090260368515733	14.679232557426062	230.0	33	1.05	0.95				
	313	2	112.71512175789474	22.96836443368421	0.0	0.0	3	1.0022125409408207	14.563090772421933	230.0	34	1.05	0.95				
	314	2	82.51597592842104	16.588263202105264	0.0	0.0	3	1.0001931243239865	15.115888004942544	230.0	36	1.05	0.95				
	315	2	134.8328060273684	27.22176525473684	0.0	0.0	3	1.047768503345301	17.474429411897315	230.0	36	1.05	0.95				
	316	2	42.534008210526316	8.506801642105263	0.0	0.0	3	1.031360854966329	17.09495189588164	230.0	36	1.05	0.95				
	317	1	0.0	0.0	0.0	0.0	3	1.05	20.028509053006648	230.0	37	1.05	0.95				
	318	2	141.63824734105265	28.923125583157894	0.0	0.0	3	1.05	17.025200046790054	230.0	37	1.05	0.95				
	319	1	76.98655486105262	15.737583037894737	0.0	0.0	3	1.0235469412252285	16.339298300232297	230.0	35	1.05	0.95				
	320	1	54.44353050947368	11.058842134736842	0.0	0.0	3	1.018769542504092	16.1113208379628	230.0	35	1.05	0.95				
	321	2	0.0	0.0	0.0	0.0	3	1.05	17.81966568539309	230.0	37	1.05	0.95				
	322	2	0.0	0.0	0.0	0.0	3	1.05	23.034747181984194	230.0	37	1.05	0.95				
	323	2	0.0	0.0	0.0	0.0	3	1.0164923918449422	16.246179539009074	230.0	35	1.05	0.95				
	324	1	0.0	0.0	0.0	0.0	3	1.046231451186672	21.94986280478071	230.0	36	1.05	0.95				
	325	1	0.0	0.0	0.0	0.0	3	1.0181993223796395	16.666743903307395	230.0	35	1.05	0.95				
];
