%% MATPOWER Case Format : Version 2
function mpc = RTS_GMLC
mpc.version = '2';

%%-----  Power Flow Data  -----%%
%% system MVA base
mpc.baseMVA = 100.0;
%% bus data
%    bus_i    type    Pd    Qd    Gs    Bs    area    Vm    Va    baseKV    zone    Vmax    Vmin
mpc.bus = [
	101	2	72.46313704421053	14.761009397894737	0.0	0.0	1	1.0325921178553539	-0.543474767084941	138.0	11	1.05	0.95				
	102	2	65.08263234526315	13.419099452631578	0.0	0.0	1	1.0326245517020303	-0.5802284167854933	138.0	12	1.05	0.95				
	103	1	120.77189507368419	24.825333987368417	0.0	0.0	1	1.0221270485855665	-1.9954401594773592	138.0	11	1.05	0.95				
	104	1	49.650667974736834	10.064324589473683	0.0	0.0	1	1.0175384409284596	-3.5940958030822707	138.0	11	1.05	0.95				
	105	1	47.637803056842095	9.393369616842104	0.0	0.0	1	1.0323306799530623	-3.5314177122504313	138.0	11	1.05	0.95				
	106	1	91.24987627789474	18.78673923368421	0.0	-100.0	1	1.038476624303524	-5.8154563682173785	138.0	12	1.05	0.95				
	107	2	83.86937157894737	16.77387431578947	0.0	0.0	1	1.0464690616587522	-0.9685879518159808	138.0	12	1.05	0.95				
	108	1	114.73330031999997	23.48342404210526	0.0	0.0	1	1.0255638158153821	-4.277662247698823	138.0	12	1.05	0.95				
	109	1	117.4171202105263	24.154379014736836	0.0	0.0	1	1.0265544430220237	-3.3447466344612846	138.0	13	1.05	0.95				
	110	1	130.8362196631579	26.838198905263155	0.0	0.0	1	1.05	-4.442077646118012	138.0	13	1.05	0.95				
	111	1	0.0	0.0	0.0	0.0	1	1.0110880187410063	-1.1247205755857965	230.0	13	1.05	0.95				
	112	1	0.0	0.0	0.0	0.0	1	1.014630678204294	-0.11276353290940717	230.0	13	1.05	0.95				
	113	3	177.8030677473684	36.23156852210526	0.0	0.0	1	1.0094524165329386	-9.353192551118409e-27	230.0	14	1.05	0.95				
	114	2	130.1652646905263	26.167243932631578	0.0	0.0	1	1.0107698060790495	0.7356992706594098	230.0	16	1.05	0.95				
	115	2	212.69272632421047	42.94111824842105	0.0	0.0	1	1.0431588245829977	7.367900507571251	230.0	16	1.05	0.95				
	116	2	67.09549726315788	13.419099452631578	0.0	0.0	1	1.0410538148937802	7.375770857291508	230.0	16	1.05	0.95				
	117	1	0.0	0.0	0.0	0.0	1	1.046214983839962	9.791570895347188	230.0	17	1.05	0.95				
	118	2	223.4280058863158	45.62493813894737	0.0	0.0	1	1.048652878949839	10.005415063764556	230.0	17	1.05	0.95				
	119	1	121.44285004631578	24.825333987368417	0.0	0.0	1	1.0360793774645867	6.735445675152218	230.0	15	1.05	0.95				
	120	1	85.8822364968421	17.44482928842105	0.0	0.0	1	1.0374436177165813	7.452852524630923	230.0	15	1.05	0.95				
	121	2	0.0	0.0	0.0	0.0	1	1.05	10.154536328138994	230.0	17	1.05	0.95				
	122	2	0.0	0.0	0.0	0.0	1	1.05	17.999111035712783	230.0	17	1.05	0.95				
	123	2	0.0	0.0	0.0	0.0	1	1.0400648663289116	8.344805460895664	230.0	15	1.05	0.95				
	124	1	0.0	0.0	0.0	0.0	1	1.0235151142781216	3.900193044279217	230.0	16	1.05	0.95				
	201	2	70.70234536421053	14.40232961122807	0.0	0.0	2	1.0332259270871644	-6.9415334299739655	138.0	21	1.05	0.95				
	202	2	63.50118055859648	13.093026919298245	0.0	0.0	2	1.0333202868560682	-7.018427071208212	138.0	22	1.05	0.95				
	203	1	117.83724227368421	24.222099800701752	0.0	0.0	2	1.0282670993150695	-4.636637943010439	138.0	21	1.05	0.95				
	204	1	48.444199601403504	9.819770189473683	0.0	0.0	2	1.018076223021337	-8.960503911598522	138.0	21	1.05	0.95				
	205	1	46.48024556350877	9.165118843508772	0.0	0.0	2	1.0331981681404796	-9.294507837179337	138.0	21	1.05	0.95				
	206	1	89.03258305122807	18.330237687017544	0.0	-100.0	2	1.0395064869454351	-11.230983568347849	138.0	22	1.05	0.95				
	207	2	81.83141824561403	16.366283649122806	0.0	0.0	2	0.9813475604380643	-21.027368052793236	138.0	22	1.05	0.95				
	208	1	111.94538016	22.912797108771926	0.0	0.0	2	0.9822478351420681	-17.845126219749723	138.0	22	1.05	0.95				
	209	1	114.56398554385964	23.56744845473684	0.0	0.0	2	1.0258594010044253	-7.896031340539626	138.0	23	1.05	0.95				
	210	1	127.65701246315788	26.18605383859649	0.0	0.0	2	1.05	-9.613154233213194	138.0	23	1.05	0.95				
	211	1	0.0	0.0	0.0	0.0	2	1.0184332577961646	-3.714891567799645	230.0	23	1.05	0.95				
	212	1	0.0	0.0	0.0	0.0	2	1.018420265123948	-2.89596731812954	230.0	23	1.05	0.95				
	213	2	173.48260668070174	35.351172682105265	0.0	0.0	2	1.0240392013870332	-0.675193137007783	230.0	24	1.05	0.95				
	214	2	127.00236111719296	25.531402492631578	0.0	0.0	2	1.0277029877969892	-1.375482053002979	230.0	26	1.05	0.95				
	215	2	207.52447667087716	41.897686141754384	0.0	0.0	2	1.0431953561330214	5.871383826489997	230.0	26	1.05	0.95				
	216	2	65.46513459649123	13.093026919298245	0.0	0.0	2	1.0453395858698953	5.897085889546603	230.0	26	1.05	0.95				
	217	1	0.0	0.0	0.0	0.0	2	1.0479205544619619	9.090618631045627	230.0	27	1.05	0.95				
	218	2	217.99889820631577	44.51629152561404	0.0	0.0	2	1.0499999578320731	10.000969579391782	230.0	27	1.05	0.95				
	219	1	118.49189361964912	24.222099800701752	0.0	0.0	2	1.0430052416422142	4.876079905128322	230.0	25	1.05	0.95				
	220	1	83.79537228350877	17.020934995087718	0.0	0.0	2	1.0464684520450098	5.2169047935290385	230.0	25	1.05	0.95				
	221	2	0.0	0.0	0.0	0.0	2	1.05	10.339002283701209	230.0	27	1.05	0.95				
	222	2	0.0	0.0	0.0	0.0	2	1.05	16.360891680860362	230.0	27	1.05	0.95				
	223	2	0.0	0.0	0.0	0.0	2	1.05	5.8805910138283375	230.0	25	1.05	0.95				
	224	1	0.0	0.0	0.0	0.0	2	1.0244649394118144	1.9522253887210173	230.0	26	1.05	0.95				
	301	2	68.11072446315791	13.874406835087719	0.0	0.0	3	1.011348864321776	-29.40808205916527	138.0	31	1.05	0.95				
	302	2	61.17352104561403	12.613097122807018	0.0	0.0	3	1.0101239557789559	-29.72225684116678	138.0	32	1.05	0.95				
	303	1	113.51787410526318	23.334229677192983	0.0	0.0	3	1.0202252775519594	-23.35004131061935	138.0	31	1.05	0.95				
	304	1	46.668459354385966	9.459822842105263	0.0	0.0	3	1.0078209726296825	-28.367199646341707	138.0	31	1.05	0.95				
	305	1	44.77649478596491	8.829167985964913	0.0	0.0	3	1.0222513669288127	-29.105021943624465	138.0	31	1.05	0.95				
	306	1	85.76906043508772	17.658335971929827	0.0	-100.0	3	1.0349813518916258	-29.645444651068413	138.0	32	1.05	0.95				
	307	2	78.83185701754385	15.766371403508773	0.0	0.0	3	1.0038615654570342	-31.660053710915054	138.0	32	1.05	0.95				
	308	1	107.8419804	22.07291996491228	0.0	0.0	3	1.0009002064301527	-31.13789794261303	138.0	32	1.05	0.95				
	309	1	110.3645998245614	22.70357482105263	0.0	0.0	3	1.0273017665191881	-24.68209258680527	138.0	33	1.05	0.95				
	310	1	122.97769694736841	25.226194245614035	0.0	0.0	3	1.05	-26.77837294666674	138.0	33	1.05	0.95				
	311	1	0.0	0.0	0.0	0.0	3	1.0185919491092732	-19.69463799249663	230.0	33	1.05	0.95				
	312	1	0.0	0.0	0.0	0.0	3	1.0185043850573752	-19.045162953527303	230.0	33	1.05	0.95				
	313	2	167.12353687719298	34.055362231578954	0.0	0.0	3	1.0274549005959066	-15.661018613688494	230.0	34	1.05	0.95				
	314	2	122.34704209122806	24.595539389473686	0.0	0.0	3	1.0290648948288144	-17.253617657721147	230.0	36	1.05	0.95				
	315	2	199.91758939649122	40.36191079298246	0.0	0.0	3	1.047963642689293	-10.303909207523269	230.0	36	1.05	0.95				
	316	2	63.06548561403509	12.613097122807018	0.0	0.0	3	1.0483051647529134	-10.011985059551655	230.0	36	1.05	0.95				
	317	1	0.0	0.0	0.0	0.0	3	1.0491508306968558	-7.0975756136877965	230.0	37	1.05	0.95				
	318	2	210.00806709473684	42.88453021754386	0.0	0.0	3	1.0495462422585466	-6.403655127539854	230.0	37	1.05	0.95				
	319	1	114.1485289614035	23.334229677192983	0.0	0.0	3	1.0449196910690632	-11.298563601617051	230.0	35	1.05	0.95				
	320	1	80.72382158596491	16.397026259649124	0.0	0.0	3	1.0472681428199258	-11.238219399376446	230.0	35	1.05	0.95				
	321	2	0.0	0.0	0.0	0.0	3	1.05	-5.82537140993958	230.0	37	1.05	0.95				
	322	2	0.0	0.0	0.0	0.0	3	1.05	-0.5488399127930654	230.0	37	1.05	0.95				
	323	2	0.0	0.0	0.0	0.0	3	1.0499999873411363	-10.745016289150401	230.0	35	1.05	0.95				
	324	1	0.0	0.0	0.0	0.0	3	1.021015680218697	-15.117011512479564	230.0	36	1.05	0.95				
	325	1	0.0	0.0	0.0	0.0	3	1.041980070809781	-9.053272503923564	230.0	35	1.05	0.95				
];
