%% MATPOWER Case Format : Version 2
function mpc = RTS_GMLC
mpc.version = '2';

%%-----  Power Flow Data  -----%%
%% system MVA base
mpc.baseMVA = 100.0;
%% bus data
%    bus_i    type    Pd    Qd    Gs    Bs    area    Vm    Va    baseKV    zone    Vmax    Vmin
mpc.bus = [
	101	2	74.15982185684211	15.106630378245613	0.0	0.0	1	1.0393139724058462	0.8570945835582029	138.0	11	1.05	0.95				
	102	2	66.6065066677193	13.73330034385965	0.0	0.0	1	1.039234108829036	0.7816427112175843	138.0	12	1.05	0.95				
	103	1	123.59970309473684	25.406605636140352	0.0	0.0	1	1.0233758343442867	-1.6294202577362993	138.0	11	1.05	0.95				
	104	1	50.813211272280704	10.299975257894737	0.0	0.0	1	1.0204464072843336	-2.788404438005275	138.0	11	1.05	0.95				
	105	1	48.75321622070175	9.613310240701756	0.0	0.0	1	1.0351702246840973	-2.6987705083928013	138.0	11	1.05	0.95				
	106	1	93.38644233824563	19.22662048140351	0.0	-100.0	1	1.0392422266758696	-5.321490268731842	138.0	12	1.05	0.95				
	107	2	85.83312714912282	17.16662542982456	0.0	0.0	1	1.045189241739835	-1.1769191972032809	138.0	12	1.05	0.95				
	108	1	117.41971793999998	24.033275601754383	0.0	0.0	1	1.0244303698177315	-4.351115782998401	138.0	12	1.05	0.95				
	109	1	120.16637800877193	24.719940618947366	0.0	0.0	1	1.0264980569214022	-3.153547704547039	138.0	13	1.05	0.95				
	110	1	133.89967835263155	27.4666006877193	0.0	0.0	1	1.05	-4.166913258105936	138.0	13	1.05	0.95				
	111	1	0.0	0.0	0.0	0.0	1	1.0105903431858296	-1.1514695445078034	230.0	13	1.05	0.95				
	112	1	0.0	0.0	0.0	0.0	1	1.0146422582676318	-0.08197358460536881	230.0	13	1.05	0.95				
	113	3	181.96622955614035	37.07991092842106	0.0	0.0	1	1.0088063030383643	2.798789584554507e-29	230.0	14	1.05	0.95				
	114	2	133.2130133354386	26.779935670526317	0.0	0.0	1	1.0091342727898212	0.4301442405741442	230.0	16	1.05	0.95				
	115	2	217.6728104501754	43.94656110035088	0.0	0.0	1	1.042462710055957	6.905292034008975	230.0	16	1.05	0.95				
	116	2	68.66650171929824	13.73330034385965	0.0	0.0	1	1.039875908421316	6.785871905473397	230.0	16	1.05	0.95				
	117	1	0.0	0.0	0.0	0.0	1	1.045922748967319	9.183101991762486	230.0	17	1.05	0.95				
	118	2	228.65945072526316	46.693221169122815	0.0	0.0	1	1.0484119379249384	9.55799959145618	230.0	17	1.05	0.95				
	119	1	124.28636811192983	25.406605636140352	0.0	0.0	1	1.0349441956473797	6.269863364231087	230.0	15	1.05	0.95				
	120	1	87.89312220070175	17.853290447017546	0.0	0.0	1	1.0363374766519942	7.046841676597621	230.0	15	1.05	0.95				
	121	2	0.0	0.0	0.0	0.0	1	1.05	9.79591671041843	230.0	17	1.05	0.95				
	122	2	0.0	0.0	0.0	0.0	1	1.05	16.086317651626487	230.0	17	1.05	0.95				
	123	2	0.0	0.0	0.0	0.0	1	1.0390791790010157	7.983829627406724	230.0	15	1.05	0.95				
	124	1	0.0	0.0	0.0	0.0	1	1.024485024769541	3.7408992016494307	230.0	16	1.05	0.95				
	201	2	72.36832990736842	14.741696832982457	0.0	0.0	2	1.0332678488026281	-7.349290438354596	138.0	21	1.05	0.95				
	202	2	64.99748149087719	13.401542575438597	0.0	0.0	2	1.0333938070635496	-7.4234235897414145	138.0	22	1.05	0.95				
	203	1	120.61388317894736	24.792853764561404	0.0	0.0	2	1.0274820800975843	-5.062860850351333	138.0	21	1.05	0.95				
	204	1	49.58570752912281	10.051156931578948	0.0	0.0	2	1.0178722432871916	-9.289653776193383	138.0	21	1.05	0.95				
	205	1	47.57547614280702	9.381079802807019	0.0	0.0	2	1.0330395349094437	-9.62588062881596	138.0	21	1.05	0.95				
	206	1	91.13048951298246	18.762159605614038	0.0	-100.0	2	1.0391113846357758	-11.532632223462539	138.0	22	1.05	0.95				
	207	2	83.75964109649124	16.751928219298247	0.0	0.0	2	0.9779782410836284	-21.547087908086073	138.0	22	1.05	0.95				
	208	1	114.58318901999999	23.45269950701754	0.0	0.0	2	0.9795149954155449	-18.27823999520008	138.0	22	1.05	0.95				
	209	1	117.26349753508771	24.12277663578947	0.0	0.0	2	1.0259790889143268	-8.10065601154575	138.0	23	1.05	0.95				
	210	1	130.66504011052632	26.803085150877195	0.0	0.0	2	1.05	-9.818187826109007	138.0	23	1.05	0.95				
	211	1	0.0	0.0	0.0	0.0	2	1.0187877480193572	-4.565723069097176	230.0	23	1.05	0.95				
	212	1	0.0	0.0	0.0	0.0	2	1.0210633535354088	-1.9620551907789583	230.0	23	1.05	0.95				
	213	2	177.57043912456137	36.18416495368421	0.0	0.0	2	1.0219870886135949	-2.2436420144430396	230.0	24	1.05	0.95				
	214	2	129.99496298175438	26.133008022105265	0.0	0.0	2	1.0278300784551653	-2.231209605066629	230.0	26	1.05	0.95				
	215	2	212.41444982070178	42.88493624140351	0.0	0.0	2	1.0430483824102041	5.214192516591151	230.0	26	1.05	0.95				
	216	2	67.00771287719299	13.401542575438597	0.0	0.0	2	1.0451673784513476	5.132364694027499	230.0	26	1.05	0.95				
	217	1	0.0	0.0	0.0	0.0	2	1.0477028655269338	8.403182531442374	230.0	27	1.05	0.95				
	218	2	223.1356838810526	45.56524475649123	0.0	0.0	2	1.0499118192356027	9.293658599096734	230.0	27	1.05	0.95				
	219	1	121.28396030771931	24.792853764561404	0.0	0.0	2	1.042735430446418	3.952418523743226	230.0	25	1.05	0.95				
	220	1	85.76987248280702	17.422005348070176	0.0	0.0	2	1.0463446361349489	4.184370913727035	230.0	25	1.05	0.95				
	221	2	0.0	0.0	0.0	0.0	2	1.05	9.648705562526464	230.0	27	1.05	0.95				
	222	2	0.0	0.0	0.0	0.0	2	1.05	15.671691552651788	230.0	27	1.05	0.95				
	223	2	0.0	0.0	0.0	0.0	2	1.05	4.799479256584511	230.0	25	1.05	0.95				
	224	1	0.0	0.0	0.0	0.0	2	1.0243657700446642	1.3840928659912046	230.0	26	1.05	0.95				
	301	2	83.1610249768421	16.940208791578947	0.0	0.0	3	1.0041080352194702	-29.70804866377013	138.0	31	1.05	0.95				
	302	2	74.69092058105262	15.400189810526316	0.0	0.0	3	1.0040952899532276	-29.97708255116294	138.0	32	1.05	0.95				
	303	1	138.60170829473682	28.490351149473682	0.0	0.0	3	1.008069750695512	-22.107057504119155	138.0	31	1.05	0.95				
	304	1	56.980702298947364	11.550142357894735	0.0	0.0	3	0.9941386126897584	-27.754972550671777	138.0	31	1.05	0.95				
	305	1	54.67067382736841	10.78013286736842	0.0	0.0	3	1.0094546367116326	-28.30354075310495	138.0	31	1.05	0.95				
	306	1	104.72129071157894	21.56026573473684	0.0	-100.0	3	1.0190583975860785	-28.368194427649353	138.0	32	1.05	0.95				
	307	2	96.25118631578945	19.250237263157892	0.0	0.0	3	0.9886764919633626	-31.53561535222864	138.0	32	1.05	0.95				
	308	1	131.67162287999997	26.95033216842105	0.0	0.0	3	0.9830742189129733	-30.283631616694144	138.0	32	1.05	0.95				
	309	1	134.75166084210525	27.72034165894737	0.0	0.0	3	1.0148764918902404	-22.713583944443158	138.0	33	1.05	0.95				
	310	1	150.15185065263157	30.80037962105263	0.0	0.0	3	1.0375810410926882	-24.367034177950497	138.0	33	1.05	0.95				
	311	1	0.0	0.0	0.0	0.0	3	1.0115841876627591	-15.9708089844449	230.0	33	1.05	0.95				
	312	1	0.0	0.0	0.0	0.0	3	1.0108804827479698	-15.258851514145395	230.0	33	1.05	0.95				
	313	2	204.05251498947368	41.58051248842105	0.0	0.0	3	1.028448323181426	-10.919991812139704	230.0	34	1.05	0.95				
	314	2	149.38184116210525	30.03037013052631	0.0	0.0	3	1.0274752150271493	-13.0458094372437	230.0	36	1.05	0.95				
	315	2	244.0930084968421	49.28060739368421	0.0	0.0	3	1.0480334955862367	-8.729129504545378	230.0	36	1.05	0.95				
	316	2	77.00094905263157	15.400189810526316	0.0	0.0	3	1.0473177440157366	-7.882968217508902	230.0	36	1.05	0.95				
	317	1	0.0	0.0	0.0	0.0	3	1.0487164334228958	-5.946245885731121	230.0	37	1.05	0.95				
	318	2	256.4131603452632	52.36064535578947	0.0	0.0	3	1.0486023074134954	-5.728880114202412	230.0	37	1.05	0.95				
	319	1	139.37171778526317	28.490351149473682	0.0	0.0	3	1.0432735964493631	-8.198518467452804	230.0	35	1.05	0.95				
	320	1	98.56121478736841	20.02024675368421	0.0	0.0	3	1.0442565640097525	-7.957329292540428	230.0	35	1.05	0.95				
	321	2	0.0	0.0	0.0	0.0	3	1.05	-5.07190958194	230.0	37	1.05	0.95				
	322	2	0.0	0.0	0.0	0.0	3	1.05	0.36076010153866467	230.0	37	1.05	0.95				
	323	2	0.0	0.0	0.0	0.0	3	1.0462280864219276	-7.53185815418633	230.0	35	1.05	0.95				
	324	1	0.0	0.0	0.0	0.0	3	1.0180271121321998	-12.229527531674384	230.0	36	1.05	0.95				
	325	1	0.0	0.0	0.0	0.0	3	1.0407727457416482	-6.110694727592161	230.0	35	1.05	0.95				
];
