%% MATPOWER Case Format : Version 2
function mpc = RTS_GMLC
mpc.version = '2';

%%-----  Power Flow Data  -----%%
%% system MVA base
mpc.baseMVA = 100.0;
%% bus data
%    bus_i    type    Pd    Qd    Gs    Bs    area    Vm    Va    baseKV    zone    Vmax    Vmin
mpc.bus = [
	101	2	35.657100447157895	7.263483424421054	0.0	0.0	1	1.0349715102770247	3.4724608913838186	138.0	11	1.05	0.95				
	102	2	32.02535873494737	6.603166749473685	0.0	0.0	1	1.0340813392697297	3.221139234423949	138.0	12	1.05	0.95				
	103	1	59.42850074526316	12.215858486526317	0.0	0.0	1	1.030418653983149	1.4332467431182163	138.0	11	1.05	0.95				
	104	1	24.431716973052634	4.952375062105263	0.0	0.0	1	1.0231972140670216	0.0077132851917782975	138.0	11	1.05	0.95				
	105	1	23.44124196063158	4.6222167246315795	0.0	0.0	1	1.0378083922146304	0.28652417421433457	138.0	11	1.05	0.95				
	106	1	44.90153389642106	9.244433449263159	0.0	-100.0	1	1.0483259055333223	-1.8929519347686732	138.0	12	1.05	0.95				
	107	2	41.26979218421053	8.253958436842106	0.0	0.0	1	1.0016084834848085	-7.706334363480221	138.0	12	1.05	0.95				
	108	1	56.457075708000005	11.555541811578946	0.0	0.0	1	1.0078403118069499	-6.136088169706462	138.0	12	1.05	0.95				
	109	1	57.77770905789475	11.885700149052632	0.0	0.0	1	1.024068365647464	-1.2839613011728588	138.0	13	1.05	0.95				
	110	1	64.38087580736843	13.20633349894737	0.0	0.0	1	1.05	-1.9067718544147063	138.0	13	1.05	0.95				
	111	1	0.0	0.0	0.0	0.0	1	1.000095125289825	0.08964751560933547	230.0	13	1.05	0.95				
	112	1	0.0	0.0	0.0	0.0	1	1.0047018068400262	-0.31701432266784735	230.0	13	1.05	0.95				
	113	3	87.49195943052632	17.828550223578947	0.0	0.0	1	0.9881965451953078	1.180893303823512e-30	230.0	14	1.05	0.95				
	114	2	64.05071746989474	12.876175161473686	0.0	0.0	1	0.9961051053693315	1.9997340648009394	230.0	16	1.05	0.95				
	115	2	104.6601929791579	21.130133598315794	0.0	0.0	1	1.03354665830674	7.596280214546217	230.0	16	1.05	0.95				
	116	2	33.015833747368426	6.603166749473685	0.0	0.0	1	1.0284266122236132	6.555091675883812	230.0	16	1.05	0.95				
	117	1	0.0	0.0	0.0	0.0	1	1.0368652180163838	10.047520321816009	230.0	17	1.05	0.95				
	118	2	109.94272637873685	22.45076694821053	0.0	0.0	1	1.041812427796156	10.425852924016132	230.0	17	1.05	0.95				
	119	1	59.75865908273684	12.215858486526317	0.0	0.0	1	1.0176539748087525	4.208117454546233	230.0	15	1.05	0.95				
	120	1	42.26026719663159	8.58411677431579	0.0	0.0	1	1.0112264325276703	2.795758101660338	230.0	15	1.05	0.95				
	121	2	0.0	0.0	0.0	0.0	1	1.0449935539088706	11.551328530324154	230.0	17	1.05	0.95				
	122	2	0.0	0.0	0.0	0.0	1	1.05	21.202164297895077	230.0	17	1.05	0.95				
	123	2	0.0	0.0	0.0	0.0	1	1.007869159405567	2.2777533842039293	230.0	15	1.05	0.95				
	124	1	0.0	0.0	0.0	0.0	1	1.024032915923806	5.2755403697490175	230.0	16	1.05	0.95				
	201	2	37.60365181642105	7.660003147789474	0.0	0.0	2	1.015218805347509	-11.657973779932123	138.0	21	1.05	0.95				
	202	2	33.77365024252631	6.963639225263157	0.0	0.0	2	1.0143360407492916	-11.930522510149737	138.0	22	1.05	0.95				
	203	1	62.67275302736842	12.88273256673684	0.0	0.0	2	1.0151481449944155	-8.245831876661686	138.0	21	1.05	0.95				
	204	1	25.76546513347368	5.222729418947368	0.0	0.0	2	1.0135488620040989	-11.705965642645705	138.0	21	1.05	0.95				
	205	1	24.720919249684208	4.87454745768421	0.0	0.0	2	1.0285399517132043	-12.079363393321197	138.0	21	1.05	0.95				
	206	1	47.35274673178947	9.74909491536842	0.0	-100.0	2	1.044299400358316	-12.777347726451747	138.0	22	1.05	0.95				
	207	2	43.52274515789473	8.704549031578948	0.0	0.0	2	0.9978914627109111	-16.872727603465368	138.0	22	1.05	0.95				
	208	1	59.539115376	12.186368644210525	0.0	0.0	2	1.0047329157889107	-15.348006917358633	138.0	22	1.05	0.95				
	209	1	60.93184322105263	12.534550605473683	0.0	0.0	2	1.0222806826588582	-10.071968586855967	138.0	23	1.05	0.95				
	210	1	67.89548244631578	13.927278450526314	0.0	0.0	2	1.05	-11.378210740998709	138.0	23	1.05	0.95				
	211	1	0.0	0.0	0.0	0.0	2	1.0022154672328718	-7.475709312706142	230.0	23	1.05	0.95				
	212	1	0.0	0.0	0.0	0.0	2	1.005013260544126	-6.784898411835035	230.0	23	1.05	0.95				
	213	2	92.26821973473683	18.801825908210525	0.0	0.0	2	0.996067737982367	-6.21230043651735	230.0	24	1.05	0.95				
	214	2	67.54730048505262	13.579096489263156	0.0	0.0	2	1.000657933442007	-5.1833632823358675	230.0	26	1.05	0.95				
	215	2	110.37368172042103	22.283645520842104	0.0	0.0	2	1.0147761320726514	0.3504166643014516	230.0	26	1.05	0.95				
	216	2	34.81819612631579	6.963639225263157	0.0	0.0	2	1.0158754537432648	0.18247717817463657	230.0	26	1.05	0.95				
	217	1	0.0	0.0	0.0	0.0	2	1.0201482049711368	1.5059567100322144	230.0	27	1.05	0.95				
	218	2	115.94459310063156	23.676373365894737	0.0	0.0	2	1.0196677286796574	1.1836285126120922	230.0	27	1.05	0.95				
	219	1	63.02093498863157	12.88273256673684	0.0	0.0	2	1.0166061818471661	0.11522379193024984	230.0	25	1.05	0.95				
	220	1	44.56729104168421	9.052730992842104	0.0	0.0	2	1.019208733768599	0.7517099866747926	230.0	25	1.05	0.95				
	221	2	0.0	0.0	0.0	0.0	2	1.021633068782054	1.7110306816855025	230.0	27	1.05	0.95				
	222	2	0.0	0.0	0.0	0.0	2	1.0435440301151908	8.20258209042046	230.0	27	1.05	0.95				
	223	2	0.0	0.0	0.0	0.0	2	1.020992963516615	1.3733626816319287	230.0	25	1.05	0.95				
	224	1	0.0	0.0	0.0	0.0	2	1.0043169812605348	-2.903402072643233	230.0	26	1.05	0.95				
	301	2	40.31635558736843	8.212590952982456	0.0	0.0	3	1.0118447834483375	-10.305015075781691	138.0	31	1.05	0.95				
	302	2	36.21006011087719	7.465991775438596	0.0	0.0	3	1.0117722028431468	-10.413148507378223	138.0	32	1.05	0.95				
	303	1	67.19392597894736	13.812084784561405	0.0	0.0	3	1.0267551175841059	-4.8456683640471665	138.0	31	1.05	0.95				
	304	1	27.62416956912281	5.599493831578947	0.0	0.0	3	1.0137283826105383	-8.999018623413193	138.0	31	1.05	0.95				
	305	1	26.504270802807017	5.2261942428070185	0.0	0.0	3	1.0263424000518002	-10.086199602664966	138.0	31	1.05	0.95				
	306	1	50.768744072982464	10.452388485614037	0.0	-100.0	3	1.0429878720620789	-10.423276627534413	138.0	32	1.05	0.95				
	307	2	46.662448596491224	9.332489719298245	0.0	0.0	3	0.992105611517225	-14.03919837548606	138.0	32	1.05	0.95				
	308	1	63.83422968	13.065485607017543	0.0	0.0	3	1.0012887428199346	-12.41609861279461	138.0	32	1.05	0.95				
	309	1	65.32742803508772	13.438785195789475	0.0	0.0	3	1.0265416178877254	-6.310922587481542	138.0	33	1.05	0.95				
	310	1	72.79341981052632	14.931983550877192	0.0	0.0	3	1.05	-8.663149881118112	138.0	33	1.05	0.95				
	311	1	0.0	0.0	0.0	0.0	3	1.0027977414280405	-4.012132594725176	230.0	33	1.05	0.95				
	312	1	0.0	0.0	0.0	0.0	3	1.0088809451907588	-3.477895696530317	230.0	33	1.05	0.95				
	313	2	98.9243910245614	20.158177793684214	0.0	0.0	3	1.0056650832270198	-0.8051978645052473	230.0	34	1.05	0.95				
	314	2	72.42012022175437	14.558683962105262	0.0	0.0	3	0.9933108742479397	-3.183897960586834	230.0	36	1.05	0.95				
	315	2	118.33596964070175	23.891173681403508	0.0	0.0	3	1.0198891112032684	-0.05332346686004591	230.0	36	1.05	0.95				
	316	2	37.32995887719298	7.465991775438596	0.0	0.0	3	1.0182762071475502	0.1953931341727417	230.0	36	1.05	0.95				
	317	1	0.0	0.0	0.0	0.0	3	1.0289175805599513	3.444783534536985	230.0	37	1.05	0.95				
	318	2	124.30876306105263	25.384372036491232	0.0	0.0	3	1.0265162303417892	2.2051820958915336	230.0	37	1.05	0.95				
	319	1	67.5672255677193	13.812084784561405	0.0	0.0	3	1.0142686727527324	-0.22273771849467636	230.0	35	1.05	0.95				
	320	1	47.782347362807016	9.705789308070175	0.0	0.0	3	1.0130753630795208	0.1606990651967909	230.0	35	1.05	0.95				
	321	2	0.0	0.0	0.0	0.0	3	1.0266994956430802	2.0410000802885104	230.0	37	1.05	0.95				
	322	2	0.0	0.0	0.0	0.0	3	1.0414227092940196	6.970081433815191	230.0	37	1.05	0.95				
	323	2	0.0	0.0	0.0	0.0	3	1.0128360572154413	0.6690512135786758	230.0	35	1.05	0.95				
	324	1	0.0	0.0	0.0	0.0	3	1.015430718012621	-1.8801703884409044	230.0	36	1.05	0.95				
	325	1	0.0	0.0	0.0	0.0	3	1.0130692582330911	1.6119357870048192	230.0	35	1.05	0.95				
];
