%% MATPOWER Case Format : Version 2
function mpc = RTS_GMLC
mpc.version = '2';

%%-----  Power Flow Data  -----%%
%% system MVA base
mpc.baseMVA = 100.0;
%% bus data
%    bus_i    type    Pd    Qd    Gs    Bs    area    Vm    Va    baseKV    zone    Vmax    Vmin
mpc.bus = [
	101	2	42.59079663157895	8.67590301754386	0.0	0.0	1	1.03416294972843	2.1818802933194843	138.0	11	1.05	0.95				
	102	2	38.25284512280702	7.88718456140351	0.0	0.0	1	1.0319020603379772	1.5783987768394854	138.0	12	1.05	0.95				
	103	1	70.98466105263158	14.59129143859649	0.0	0.0	1	1.0347740103940404	1.7993635570285087	138.0	11	1.05	0.95				
	104	1	29.18258287719298	5.915388421052631	0.0	0.0	1	1.0244570636273416	-0.7250367441911646	138.0	11	1.05	0.95				
	105	1	27.999505192982454	5.521029192982456	0.0	0.0	1	1.0365070743331029	-1.1001084347083194	138.0	11	1.05	0.95				
	106	1	53.632855017543854	11.042058385964912	0.0	-100.0	1	1.0461031910102454	-3.465341655831325	138.0	12	1.05	0.95				
	107	2	49.294903508771924	9.858980701754385	0.0	0.0	1	1.0000290511736203	-9.897626067369458	138.0	12	1.05	0.95				
	108	1	67.435428	13.802572982456137	0.0	0.0	1	1.0046291525825115	-8.020078010888483	138.0	12	1.05	0.95				
	109	1	69.0128649122807	14.196932210526313	0.0	0.0	1	1.025037484495304	-2.011145744134528	138.0	13	1.05	0.95				
	110	1	76.9000494736842	15.77436912280702	0.0	0.0	1	1.05	-3.1870380045666518	138.0	13	1.05	0.95				
	111	1	0.0	0.0	0.0	0.0	1	1.0031487777441304	-0.41479441036094455	230.0	13	1.05	0.95				
	112	1	0.0	0.0	0.0	0.0	1	1.0079409962385402	-0.9358169825324983	230.0	13	1.05	0.95				
	113	3	104.50519543859649	21.295398315789473	0.0	0.0	1	0.9949068747431649	-1.6705283490026943e-31	230.0	14	1.05	0.95				
	114	2	76.50569024561403	15.380009894736842	0.0	0.0	1	0.9998310123256137	1.5465334646677555	230.0	16	1.05	0.95				
	115	2	125.0118752982456	25.238990596491227	0.0	0.0	1	1.037983294741739	7.8592507507406095	230.0	16	1.05	0.95				
	116	2	39.43592280701754	7.88718456140351	0.0	0.0	1	1.0331193901440594	6.568042327160055	230.0	16	1.05	0.95				
	117	1	0.0	0.0	0.0	0.0	1	1.0413220942209118	10.210804070399679	230.0	17	1.05	0.95				
	118	2	131.3216229473684	26.816427508771927	0.0	0.0	1	1.0457151131903137	11.113040459173655	230.0	17	1.05	0.95				
	119	1	71.37902028070175	14.59129143859649	0.0	0.0	1	1.022070368208807	4.007929424381374	230.0	15	1.05	0.95				
	120	1	50.477981192982455	10.253339929824563	0.0	0.0	1	1.015527353438234	2.0533874813402933	230.0	15	1.05	0.95				
	121	2	0.0	0.0	0.0	0.0	1	1.0484404137403533	12.422742920139372	230.0	17	1.05	0.95				
	122	2	0.0	0.0	0.0	0.0	1	1.05	18.06520801641632	230.0	17	1.05	0.95				
	123	2	0.0	0.0	0.0	0.0	1	1.012543846560905	1.2809598456069955	230.0	15	1.05	0.95				
	124	1	0.0	0.0	0.0	0.0	1	1.0284980034380609	5.5777786821180735	230.0	16	1.05	0.95				
	201	2	44.165591052631584	8.996694473684212	0.0	0.0	2	1.016080064623065	-13.719709409027208	138.0	21	1.05	0.95				
	202	2	39.66724381578947	8.178813157894737	0.0	0.0	2	1.0152627735789526	-13.980651955974201	138.0	22	1.05	0.95				
	203	1	73.60931842105262	15.130804342105261	0.0	0.0	2	1.0138212472496049	-10.375101623564529	138.0	21	1.05	0.95				
	204	1	30.261608684210522	6.134109868421052	0.0	0.0	2	1.0129770910253402	-13.444368355448725	138.0	21	1.05	0.95				
	205	1	29.034786710526312	5.725169210526316	0.0	0.0	2	1.028074711717373	-13.82906212169841	138.0	21	1.05	0.95				
	206	1	55.61592947368421	11.450338421052631	0.0	-100.0	2	1.0428160744849906	-14.403671192233054	138.0	22	1.05	0.95				
	207	2	51.11758223684211	10.223516447368421	0.0	0.0	2	0.9986586745363829	-19.321080736223717	138.0	22	1.05	0.95				
	208	1	69.92885249999999	14.312923026315788	0.0	0.0	2	1.0029157818550634	-17.470208134182037	138.0	22	1.05	0.95				
	209	1	71.56461513157895	14.721863684210525	0.0	0.0	2	1.0229464640231847	-11.311968222738107	138.0	23	1.05	0.95				
	210	1	79.74342828947368	16.357626315789474	0.0	0.0	2	1.05	-12.623621847295675	138.0	23	1.05	0.95				
	211	1	0.0	0.0	0.0	0.0	2	1.0031390337057293	-9.290425117558675	230.0	23	1.05	0.95				
	212	1	0.0	0.0	0.0	0.0	2	1.008985944401279	-5.466025471927236	230.0	23	1.05	0.95				
	213	2	108.36927434210526	22.082795526315792	0.0	0.0	2	0.9963592577122362	-7.779857727651169	230.0	24	1.05	0.95				
	214	2	79.33448763157894	15.948685657894737	0.0	0.0	2	1.0008996828034975	-7.793616914341964	230.0	26	1.05	0.95				
	215	2	129.63418855263157	26.17220210526316	0.0	0.0	2	1.016527150571865	-1.9796208157452042	230.0	26	1.05	0.95				
	216	2	40.894065789473686	8.178813157894737	0.0	0.0	2	1.0151397190646354	-3.1366626402198756	230.0	26	1.05	0.95				
	217	1	0.0	0.0	0.0	0.0	2	1.0207499394513093	-1.2161437696733293	230.0	27	1.05	0.95				
	218	2	136.17723907894737	27.807964736842106	0.0	0.0	2	1.0206089842146941	-1.552628414271367	230.0	27	1.05	0.95				
	219	1	74.01825907894737	15.130804342105261	0.0	0.0	2	1.0111384440599898	-4.409962740662497	230.0	25	1.05	0.95				
	220	1	52.34440421052632	10.632457105263157	0.0	0.0	2	1.0106458633645783	-4.698021873011908	230.0	25	1.05	0.95				
	221	2	0.0	0.0	0.0	0.0	2	1.022801387683467	-0.8923007955338288	230.0	27	1.05	0.95				
	222	2	0.0	0.0	0.0	0.0	2	1.0446241852763043	5.538651724240768	230.0	27	1.05	0.95				
	223	2	0.0	0.0	0.0	0.0	2	1.0108546289380924	-4.5314902219262345	230.0	25	1.05	0.95				
	224	1	0.0	0.0	0.0	0.0	2	1.0051108075550648	-5.14677708859815	230.0	26	1.05	0.95				
	301	2	68.69155331368422	13.992723823157895	0.0	0.0	3	0.9925925327481315	-0.5745171092136854	138.0	31	1.05	0.95				
	302	2	61.695191402105266	12.720658021052634	0.0	0.0	3	0.9925764096307066	-0.6201117863392079	138.0	32	1.05	0.95				
	303	1	114.48592218947371	23.53321733894737	0.0	0.0	3	1.0178792842747073	3.2893430203221246	138.0	31	1.05	0.95				
	304	1	47.06643467789474	9.540493515789475	0.0	0.0	3	1.0003218571998582	1.794619075331056	138.0	31	1.05	0.95				
	305	1	45.15833597473684	8.904460614736843	0.0	0.0	3	1.0114738891988655	1.29020134311328	138.0	31	1.05	0.95				
	306	1	86.5004745431579	17.808921229473686	0.0	-100.0	3	1.0300357764134804	1.6248612780761869	138.0	32	1.05	0.95				
	307	2	79.50411263157896	15.90082252631579	0.0	0.0	3	0.9888030664553461	-2.45482294062079	138.0	32	1.05	0.95				
	308	1	108.76162608000001	22.261151536842107	0.0	0.0	3	0.9983909000337843	0.4294555571739187	138.0	32	1.05	0.95				
	309	1	111.30575768421053	22.897184437894737	0.0	0.0	3	1.0300011862149387	6.329675786440901	138.0	33	1.05	0.95				
	310	1	124.02641570526316	25.441316042105267	0.0	0.0	3	1.05	5.179580695169327	138.0	33	1.05	0.95				
	311	1	0.0	0.0	0.0	0.0	3	1.0199473624782174	11.459641607094232	230.0	33	1.05	0.95				
	312	1	0.0	0.0	0.0	0.0	3	1.0253284300219438	13.1825555682324	230.0	33	1.05	0.95				
	313	2	168.5487187789474	34.34577665684211	0.0	0.0	3	1.0475464292244308	20.222281450463463	230.0	34	1.05	0.95				
	314	2	123.39038280421053	24.805283141052637	0.0	0.0	3	1.0214896527217334	9.30750982297322	230.0	36	1.05	0.95				
	315	2	201.62242963368425	40.706105667368426	0.0	0.0	3	1.0336344617757658	3.1418152494895275	230.0	36	1.05	0.95				
	316	2	63.60329010526316	12.720658021052634	0.0	0.0	3	1.0358193266312679	4.578639672559796	230.0	36	1.05	0.95				
	317	1	0.0	0.0	0.0	0.0	3	1.03654097307244	3.119727949575347	230.0	37	1.05	0.95				
	318	2	211.79895605052636	43.25023727157895	0.0	0.0	3	1.0333488546756018	1.7884897974448681	230.0	37	1.05	0.95				
	319	1	115.12195509052634	23.53321733894737	0.0	0.0	3	1.0357267884030357	8.100553347054195	230.0	35	1.05	0.95				
	320	1	81.41221133473685	16.536855427368423	0.0	0.0	3	1.0399568504936185	10.860321908149846	230.0	35	1.05	0.95				
	321	2	0.0	0.0	0.0	0.0	3	1.0355637668024387	2.8120238798506807	230.0	37	1.05	0.95				
	322	2	0.0	0.0	0.0	0.0	3	1.0493173855063522	7.244786328347639	230.0	37	1.05	0.95				
	323	2	0.0	0.0	0.0	0.0	3	1.042920559316085	12.032548528326457	230.0	35	1.05	0.95				
	324	1	0.0	0.0	0.0	0.0	3	1.0262533982321465	5.156976707700165	230.0	36	1.05	0.95				
	325	1	0.0	0.0	0.0	0.0	3	1.0441876010749245	12.06778654739238	230.0	35	1.05	0.95				
];
