%% MATPOWER Case Format : Version 2
function mpc = RTS_GMLC
mpc.version = '2';

%%-----  Power Flow Data  -----%%
%% system MVA base
mpc.baseMVA = 100.0;
%% bus data
%    bus_i    type    Pd    Qd    Gs    Bs    area    Vm    Va    baseKV    zone    Vmax    Vmin
mpc.bus = [
	101	2	48.14844135157895	9.808015830877192	0.0	0.0	1	1.0322291329961388	2.537217508869571	138.0	11	1.05	0.95				
	102	2	43.24443343614035	8.916378028070177	0.0	0.0	1	1.0318223554723784	2.418137039273707	138.0	12	1.05	0.95				
	103	1	80.24740225263159	16.495299351929823	0.0	0.0	1	1.0275870629427204	-0.32237160308855806	138.0	11	1.05	0.95				
	104	1	32.990598703859646	6.687283521052631	0.0	0.0	1	1.0208161579140667	-0.8773973478778592	138.0	11	1.05	0.95				
	105	1	31.65314199964912	6.241464619649124	0.0	0.0	1	1.034989219407684	-0.5911106675616209	138.0	11	1.05	0.95				
	106	1	60.6313705908772	12.482929239298247	0.0	-100.0	1	1.0445986791437498	-2.7934260303908425	138.0	12	1.05	0.95				
	107	2	55.7273626754386	11.14547253508772	0.0	0.0	1	1.01711114348287	-3.4724273917098065	138.0	12	1.05	0.95				
	108	1	76.23503214	15.603661549122805	0.0	0.0	1	1.0151416566830924	-4.286465018525523	138.0	12	1.05	0.95				
	109	1	78.01830774561404	16.049480450526314	0.0	0.0	1	1.0255818257641982	-1.7643741349382946	138.0	13	1.05	0.95				
	110	1	86.93468577368421	17.832756056140354	0.0	0.0	1	1.05	-2.352852478678939	138.0	13	1.05	0.95				
	111	1	0.0	0.0	0.0	0.0	1	1.0037443001711854	-0.4387328835134957	230.0	13	1.05	0.95				
	112	1	0.0	0.0	0.0	0.0	1	1.0092506992364847	0.2970170426063235	230.0	13	1.05	0.95				
	113	3	118.14200887192983	24.074220675789476	0.0	0.0	1	0.9955045029940746	-1.2223285683596434e-27	230.0	14	1.05	0.95				
	114	2	86.4888668722807	17.38693715473684	0.0	0.0	1	0.9991184849221213	0.9233198598264225	230.0	16	1.05	0.95				
	115	2	141.32459174491228	28.53240968982456	0.0	0.0	1	1.038790406846713	5.394683815739536	230.0	16	1.05	0.95				
	116	2	44.58189014035088	8.916378028070177	0.0	0.0	1	1.0342212082498632	5.432030569027792	230.0	16	1.05	0.95				
	117	1	0.0	0.0	0.0	0.0	1	1.0427654317115354	6.627636584111072	230.0	17	1.05	0.95				
	118	2	148.45769416736843	30.3156852954386	0.0	0.0	1	1.045709965140029	6.255552433428431	230.0	17	1.05	0.95				
	119	1	80.69322115403509	16.495299351929823	0.0	0.0	1	1.028484791076613	5.153372281719266	230.0	15	1.05	0.95				
	120	1	57.06481937964912	11.591291436491229	0.0	0.0	1	1.0265527566347319	5.776808790049525	230.0	15	1.05	0.95				
	121	2	0.0	0.0	0.0	0.0	1	1.05	6.559150693604368	230.0	17	1.05	0.95				
	122	2	0.0	0.0	0.0	0.0	1	1.05	14.267472796464396	230.0	17	1.05	0.95				
	123	2	0.0	0.0	0.0	0.0	1	1.0262842048806315	6.464578605753605	230.0	15	1.05	0.95				
	124	1	0.0	0.0	0.0	0.0	1	1.026597000823872	3.2650900603528945	230.0	16	1.05	0.95				
	201	2	49.26554382315789	10.035573741754385	0.0	0.0	2	1.0280867722667366	-5.90519635987318	138.0	21	1.05	0.95				
	202	2	44.247756952280696	9.12324885614035	0.0	0.0	2	1.0284060189337156	-5.893864675894294	138.0	22	1.05	0.95				
	203	1	82.10923970526315	16.87801038385965	0.0	0.0	2	1.0227149937611677	-5.29437264717378	138.0	21	1.05	0.95				
	204	1	33.7560207677193	6.8424366421052625	0.0	0.0	2	1.0183513396140333	-8.363624416180489	138.0	21	1.05	0.95				
	205	1	32.387533439298245	6.386274199298246	0.0	0.0	2	1.0330850711042003	-8.5214349115979	138.0	21	1.05	0.95				
	206	1	62.03809222175438	12.772548398596491	0.0	-100.0	2	1.0437948484126724	-10.418787185716953	138.0	22	1.05	0.95				
	207	2	57.02030535087719	11.404061070175437	0.0	0.0	2	0.9857803238122941	-17.31042422006057	138.0	22	1.05	0.95				
	208	1	78.00377771999999	15.965685498245612	0.0	0.0	2	0.9936468059230934	-15.244654615533904	138.0	22	1.05	0.95				
	209	1	79.82842749122806	16.42184794105263	0.0	0.0	2	1.0235663835855875	-8.519136820967805	138.0	23	1.05	0.95				
	210	1	88.95167634736842	18.2464977122807	0.0	0.0	2	1.05	-9.716793286962474	138.0	23	1.05	0.95				
	211	1	0.0	0.0	0.0	0.0	2	1.0070880562594753	-6.120847562040655	230.0	23	1.05	0.95				
	212	1	0.0	0.0	0.0	0.0	2	1.0134093735533292	-5.880202102157812	230.0	23	1.05	0.95				
	213	2	120.88304734385964	24.632771911578946	0.0	0.0	2	1.0019503964355505	-5.6357431340214825	230.0	24	1.05	0.95				
	214	2	88.49551390456139	17.790335269473683	0.0	0.0	2	1.008251402871835	-3.450859133492958	230.0	26	1.05	0.95				
	215	2	144.60349436982455	29.19439633964912	0.0	0.0	2	1.0312033407991226	3.3273831903970597	230.0	26	1.05	0.95				
	216	2	45.61624428070175	9.12324885614035	0.0	0.0	2	1.034272927479296	3.0071934057160616	230.0	26	1.05	0.95				
	217	1	0.0	0.0	0.0	0.0	2	1.038254547706258	6.016941452416669	230.0	27	1.05	0.95				
	218	2	151.90209345473684	31.01904611087719	0.0	0.0	2	1.040178374743428	6.672501824436568	230.0	27	1.05	0.95				
	219	1	82.56540214807018	16.87801038385965	0.0	0.0	2	1.036205240261981	1.4478251267317042	230.0	25	1.05	0.95				
	220	1	58.38879267929824	11.860223512982456	0.0	0.0	2	1.0414056278549724	0.9725176038879263	230.0	25	1.05	0.95				
	221	2	0.0	0.0	0.0	0.0	2	1.039563362152465	6.307553623127179	230.0	27	1.05	0.95				
	222	2	0.0	0.0	0.0	0.0	2	1.05	12.695200169882558	230.0	27	1.05	0.95				
	223	2	0.0	0.0	0.0	0.0	2	1.044853569759598	1.0510149950886019	230.0	25	1.05	0.95				
	224	1	0.0	0.0	0.0	0.0	2	1.0172221189655297	0.09438965035960722	230.0	26	1.05	0.95				
	301	2	69.97279342736843	14.253717179649126	0.0	0.0	3	1.009421453350695	-42.43108237951938	138.0	31	1.05	0.95				
	302	2	62.84593483754386	12.957924708771932	0.0	0.0	3	1.008694632542056	-42.59618791518605	138.0	32	1.05	0.95				
	303	1	116.62132237894738	23.97216071122807	0.0	0.0	3	1.0199079541625025	-33.869822976988544	138.0	31	1.05	0.95				
	304	1	47.94432142245614	9.718443531578949	0.0	0.0	3	1.006106099070932	-40.296785514122895	138.0	31	1.05	0.95				
	305	1	46.00063271614035	9.070547296140353	0.0	0.0	3	1.0206062800775937	-41.422134321121256	138.0	31	1.05	0.95				
	306	1	88.11388801964914	18.141094592280705	0.0	-100.0	3	1.033960921144075	-41.565580700322045	138.0	32	1.05	0.95				
	307	2	80.98702942982456	16.197405885964912	0.0	0.0	3	1.0061716449392433	-43.35421689489891	138.0	32	1.05	0.95				
	308	1	110.79025626	22.67636824035088	0.0	0.0	3	1.0015647356086192	-42.728645459699614	138.0	32	1.05	0.95				
	309	1	113.38184120175438	23.324264475789473	0.0	0.0	3	1.0275053525942501	-35.77915401923618	138.0	33	1.05	0.95				
	310	1	126.33976591052631	25.915849417543864	0.0	0.0	3	1.05	-38.334528420338145	138.0	33	1.05	0.95				
	311	1	0.0	0.0	0.0	0.0	3	1.02169273296442	-30.579066744752662	230.0	33	1.05	0.95				
	312	1	0.0	0.0	0.0	0.0	3	1.018242361648072	-29.885863530575236	230.0	33	1.05	0.95				
	313	2	171.6925023912281	34.986396713684215	0.0	0.0	3	1.031140564848011	-26.849443361383177	230.0	34	1.05	0.95				
	314	2	125.69186967508772	25.26795318210527	0.0	0.0	3	1.0365803683115722	-27.488929897820736	230.0	36	1.05	0.95				
	315	2	205.38310663403513	41.46535906807018	0.0	0.0	3	1.0498071993132967	-19.56525229868848	230.0	36	1.05	0.95				
	316	2	64.78962354385965	12.957924708771932	0.0	0.0	3	1.0497180559784094	-19.19478368113965	230.0	36	1.05	0.95				
	317	1	0.0	0.0	0.0	0.0	3	1.05	-15.676185969439821	230.0	37	1.05	0.95				
	318	2	215.74944640105267	44.05694400982457	0.0	0.0	3	1.0495224798855718	-15.032333942465543	230.0	37	1.05	0.95				
	319	1	117.26921861438598	23.97216071122807	0.0	0.0	3	1.0455713213989728	-20.459667235954964	230.0	35	1.05	0.95				
	320	1	82.93071813614036	16.84530212140351	0.0	0.0	3	1.0474412463512646	-20.351046000728857	230.0	35	1.05	0.95				
	321	2	0.0	0.0	0.0	0.0	3	1.05	-14.898052343376293	230.0	37	1.05	0.95				
	322	2	0.0	0.0	0.0	0.0	3	1.05	-9.426943732155353	230.0	37	1.05	0.95				
	323	2	0.0	0.0	0.0	0.0	3	1.05	-19.818959223908127	230.0	35	1.05	0.95				
	324	1	0.0	0.0	0.0	0.0	3	1.0201810361010637	-24.835095098597872	230.0	36	1.05	0.95				
	325	1	0.0	0.0	0.0	0.0	3	1.03797558381805	-17.715754473971973	230.0	35	1.05	0.95				
];
