%% MATPOWER Case Format : Version 2
function mpc = RTS_GMLC
mpc.version = '2';

%%-----  Power Flow Data  -----%%
%% system MVA base
mpc.baseMVA = 100.0;
%% bus data
%    bus_i    type    Pd    Qd    Gs    Bs    area    Vm    Va    baseKV    zone    Vmax    Vmin
mpc.bus = [
	101	2	49.53785256	10.09104404	0.0	0.0	1	1.0162522276961414	2.1011838331302295	138.0	11	1.05	0.95				
	102	2	44.49233054	9.1736764	0.0	0.0	1	1.0150591890877227	1.799934854942333	138.0	12	1.05	0.95				
	103	1	82.56308759999999	16.971301339999997	0.0	0.0	1	1.028198392149131	1.7964288781456068	138.0	11	1.05	0.95				
	104	1	33.94260267999999	6.880257299999999	0.0	0.0	1	1.0135873445776158	-1.2230079525633617	138.0	11	1.05	0.95				
	105	1	32.566551219999994	6.421573480000001	0.0	0.0	1	1.0265768173381802	-1.1421690798765138	138.0	11	1.05	0.95				
	106	1	62.38099952	12.843146960000002	0.0	-100.0	1	1.0401389093240632	-3.442926646916534	138.0	12	1.05	0.95				
	107	2	57.335477499999996	11.4670955	0.0	0.0	1	0.9883537302861128	-9.803988577727651	138.0	12	1.05	0.95				
	108	1	78.43493321999999	16.053933699999998	0.0	0.0	1	0.9961276048218781	-8.063558044251184	138.0	12	1.05	0.95				
	109	1	80.2696685	16.51261752	0.0	0.0	1	1.026430054818426	-1.780688894772117	138.0	13	1.05	0.95				
	110	1	89.44334489999999	18.3473528	0.0	0.0	1	1.05	-2.9191204685809367	138.0	13	1.05	0.95				
	111	1	0.0	0.0	0.0	0.0	1	1.0180551888677882	0.4409244209021061	230.0	13	1.05	0.95				
	112	1	0.0	0.0	0.0	0.0	1	1.0149855851811374	0.29577337801707354	230.0	13	1.05	0.95				
	113	3	121.55121229999999	24.76892628	0.0	0.0	1	0.9998290584198289	4.293461826578644e-29	230.0	14	1.05	0.95				
	114	2	88.98466108	17.88866898	0.0	0.0	1	1.0400473106031416	3.564961634075517	230.0	16	1.05	0.95				
	115	2	145.40277093999998	29.355764479999998	0.0	0.0	1	1.0480867225338169	11.654868670715016	230.0	16	1.05	0.95				
	116	2	45.868382	9.1736764	0.0	0.0	1	1.0495091760581978	10.793225292631398	230.0	16	1.05	0.95				
	117	1	0.0	0.0	0.0	0.0	1	1.0455812558003508	14.791445571937395	230.0	17	1.05	0.95				
	118	2	152.74171206	31.19049976	0.0	0.0	1	1.05	14.522592661425167	230.0	17	1.05	0.95				
	119	1	83.02177142000001	16.971301339999997	0.0	0.0	1	1.0466979244411339	8.431779787922025	230.0	15	1.05	0.95				
	120	1	58.711528959999995	11.925779319999998	0.0	0.0	1	1.0484334740259291	7.237829678806891	230.0	15	1.05	0.95				
	121	2	0.0	0.0	0.0	0.0	1	1.0408649332901327	15.419383122989691	230.0	17	1.05	0.95				
	122	2	0.0	0.0	0.0	0.0	1	1.05	33.40029957044944	230.0	17	1.05	0.95				
	123	2	0.0	0.0	0.0	0.0	1	1.05	6.919584126516141	230.0	15	1.05	0.95				
	124	1	0.0	0.0	0.0	0.0	1	1.0282330697977162	7.997465639046638	230.0	16	1.05	0.95				
	201	2	50.982527936842104	10.385329764912282	0.0	0.0	2	1.0227712977393852	-11.052964725717455	138.0	21	1.05	0.95				
	202	2	45.78986305438597	9.441208877192983	0.0	0.0	2	1.0237916892196135	-10.879927618277156	138.0	22	1.05	0.95				
	203	1	84.97087989473684	17.466236422807018	0.0	0.0	2	1.0156215046558192	-9.364327303575932	138.0	21	1.05	0.95				
	204	1	34.932472845614036	7.080906657894737	0.0	0.0	2	1.0157999037412064	-12.508059616096787	138.0	21	1.05	0.95				
	205	1	33.51629151403508	6.608846214035088	0.0	0.0	2	1.0305140615338373	-12.873922709699452	138.0	21	1.05	0.95				
	206	1	64.20022036491228	13.217692428070176	0.0	-100.0	2	1.0426188224612785	-14.312537556724637	138.0	22	1.05	0.95				
	207	2	59.00755548245614	11.801511096491229	0.0	0.0	2	0.9885735069829474	-21.09523791433112	138.0	22	1.05	0.95				
	208	1	80.72233589999999	16.52211553508772	0.0	0.0	2	0.9944277927844278	-18.9302718872468	138.0	22	1.05	0.95				
	209	1	82.6105776754386	16.994175978947368	0.0	0.0	2	1.0229172607829955	-11.896822988481972	138.0	23	1.05	0.95				
	210	1	92.05178655263157	18.882417754385965	0.0	0.0	2	1.05	-13.200517819854916	138.0	23	1.05	0.95				
	211	1	0.0	0.0	0.0	0.0	2	1.0095860140597788	-8.888598700273011	230.0	23	1.05	0.95				
	212	1	0.0	0.0	0.0	0.0	2	1.011469334014962	-8.415997199695983	230.0	23	1.05	0.95				
	213	2	125.09601762280703	25.491263968421052	0.0	0.0	2	1.0044619330215907	-7.971344374408002	230.0	24	1.05	0.95				
	214	2	91.57972610877194	18.410357310526315	0.0	0.0	2	1.0157024021946734	-5.968985940696289	230.0	26	1.05	0.95				
	215	2	149.64316070350876	30.211868407017544	0.0	0.0	2	1.0345145615838989	1.3112759989880114	230.0	26	1.05	0.95				
	216	2	47.206044385964915	9.441208877192983	0.0	0.0	2	1.0376803994409474	0.9682289000693163	230.0	26	1.05	0.95				
	217	1	0.0	0.0	0.0	0.0	2	1.0437837998439488	4.078901816294852	230.0	27	1.05	0.95				
	218	2	157.19612780526316	32.10011018245614	0.0	0.0	2	1.0442930279076432	4.354095567632708	230.0	27	1.05	0.95				
	219	1	85.4429403385965	17.466236422807018	0.0	0.0	2	1.036231754256891	-0.109590138185571	230.0	25	1.05	0.95				
	220	1	60.42373681403509	12.273571540350877	0.0	0.0	2	1.0384279604865494	-0.14374641663835022	230.0	25	1.05	0.95				
	221	2	0.0	0.0	0.0	0.0	2	1.042917714856225	4.104532371829896	230.0	27	1.05	0.95				
	222	2	0.0	0.0	0.0	0.0	2	1.05	10.60053716169025	230.0	27	1.05	0.95				
	223	2	0.0	0.0	0.0	0.0	2	1.0403509922174101	0.19058167690575073	230.0	25	1.05	0.95				
	224	1	0.0	0.0	0.0	0.0	2	1.0142057937393922	-2.6545992051330916	230.0	26	1.05	0.95				
	301	2	68.04239165052633	13.860487188070175	0.0	0.0	3	1.0126235667049157	-35.145960210308985	138.0	31	1.05	0.95				
	302	2	61.11214805649122	12.600442898245614	0.0	0.0	3	1.011956373885264	-35.31326292061662	138.0	32	1.05	0.95				
	303	1	113.40398608421054	23.310819361754387	0.0	0.0	3	1.0179280094704755	-26.578010086937226	138.0	31	1.05	0.95				
	304	1	46.621638723508774	9.45033217368421	0.0	0.0	3	1.0073228165737373	-33.10080467712505	138.0	31	1.05	0.95				
	305	1	44.73157228877193	8.820310028771932	0.0	0.0	3	1.0225570637783397	-34.182270675852244	138.0	31	1.05	0.95				
	306	1	85.68301170807018	17.640620057543863	0.0	-100.0	3	1.0353259726927242	-34.33449251802606	138.0	32	1.05	0.95				
	307	2	78.75276811403509	15.750553622807018	0.0	0.0	3	0.9867501181846523	-41.734810931730244	138.0	32	1.05	0.95				
	308	1	107.73378678	22.050775071929824	0.0	0.0	3	0.9866475561353826	-38.68892795174712	138.0	32	1.05	0.95				
	309	1	110.25387535964913	22.680797216842105	0.0	0.0	3	1.0261470520923646	-28.71714195632789	138.0	33	1.05	0.95				
	310	1	122.85431825789472	25.200885796491228	0.0	0.0	3	1.05	-31.197042702164424	138.0	33	1.05	0.95				
	311	1	0.0	0.0	0.0	0.0	3	1.0247763822510758	-22.820630323930953	230.0	33	1.05	0.95				
	312	1	0.0	0.0	0.0	0.0	3	1.0184272364557105	-22.247869935032355	230.0	33	1.05	0.95				
	313	2	166.95586840175437	34.02119582526316	0.0	0.0	3	1.0362473627357836	-18.998070383842656	230.0	34	1.05	0.95				
	314	2	122.22429611298244	24.570863651578946	0.0	0.0	3	1.0447468345189186	-19.244276745786788	230.0	36	1.05	0.95				
	315	2	199.717019937193	40.321417274385965	0.0	0.0	3	1.0491884481425342	-11.066109800681902	230.0	36	1.05	0.95				
	316	2	63.002214491228074	12.600442898245614	0.0	0.0	3	1.0495151453331213	-10.308280297389112	230.0	36	1.05	0.95				
	317	1	0.0	0.0	0.0	0.0	3	1.05	-5.689484056350534	230.0	37	1.05	0.95				
	318	2	209.7973742557895	42.84150585403509	0.0	0.0	3	1.0438472893256145	-6.565978224863363	230.0	37	1.05	0.95				
	319	1	114.03400822912282	23.310819361754387	0.0	0.0	3	1.0455813920920103	-11.773338018922223	230.0	35	1.05	0.95				
	320	1	80.64283454877193	16.3805757677193	0.0	0.0	3	1.0475249680963146	-11.87165492603423	230.0	35	1.05	0.95				
	321	2	0.0	0.0	0.0	0.0	3	1.0492005149483121	-6.83048673625607	230.0	37	1.05	0.95				
	322	2	0.0	0.0	0.0	0.0	3	1.05	-2.035914503558674	230.0	37	1.05	0.95				
	323	2	0.0	0.0	0.0	0.0	3	1.05	-11.465874622129888	230.0	35	1.05	0.95				
	324	1	0.0	0.0	0.0	0.0	3	1.0171927540842851	-16.775653772560172	230.0	36	1.05	0.95				
	325	1	0.0	0.0	0.0	0.0	3	1.0369120974847077	-9.347600433426408	230.0	35	1.05	0.95				
];
