%% MATPOWER Case Format : Version 2
function mpc = RTS_GMLC
mpc.version = '2';

%%-----  Power Flow Data  -----%%
%% system MVA base
mpc.baseMVA = 100.0;
%% bus data
%    bus_i    type    Pd    Qd    Gs    Bs    area    Vm    Va    baseKV    zone    Vmax    Vmin
mpc.bus = [
	101	2	82.60316674105263	16.826571002807018	0.0	0.0	1	1.0402553831453198	-0.0858583048077517	138.0	11	1.05	0.95				
	102	2	74.18988123964913	15.296882729824562	0.0	0.0	1	1.0396163973229748	-0.3395089210717379	138.0	12	1.05	0.95				
	103	1	137.67194456842105	28.299233050175438	0.0	0.0	1	1.0256508270018208	-1.066439204595043	138.0	11	1.05	0.95				
	104	1	56.598466100350876	11.47266204736842	0.0	0.0	1	1.0212573795698952	-3.6886967327870117	138.0	11	1.05	0.95				
	105	1	54.303933690877194	10.707817910877194	0.0	0.0	1	1.034277226816544	-4.069608738561933	138.0	11	1.05	0.95				
	106	1	104.01880256280702	21.41563582175439	0.0	-100.0	1	1.0367852609528803	-7.034005328682815	138.0	12	1.05	0.95				
	107	2	95.60551706140352	19.1211034122807	0.0	0.0	1	1.05	-5.85506629302763	138.0	12	1.05	0.95				
	108	1	130.78834734	26.769544777192984	0.0	0.0	1	1.0252860954029595	-7.8309905781485165	138.0	12	1.05	0.95				
	109	1	133.8477238859649	27.53438891368421	0.0	0.0	1	1.027249098554348	-4.193116990829901	138.0	13	1.05	0.95				
	110	1	149.14460661578948	30.593765459649124	0.0	0.0	1	1.05	-5.732889971643528	138.0	13	1.05	0.95				
	111	1	0.0	0.0	0.0	0.0	1	1.013351305266373	-1.6148509319078617	230.0	13	1.05	0.95				
	112	1	0.0	0.0	0.0	0.0	1	1.0170253407950633	-1.0618781682639185	230.0	13	1.05	0.95				
	113	3	202.6836961701754	41.301583370526316	0.0	0.0	1	1.0148616670311927	1.305554022127086e-28	230.0	14	1.05	0.95				
	114	2	148.37976247929825	29.828921323157896	0.0	0.0	1	1.014096231580367	0.376766340777854	230.0	16	1.05	0.95				
	115	2	242.45559126771929	48.950024735438596	0.0	0.0	1	1.0439631916016245	8.621976293160863	230.0	16	1.05	0.95				
	116	2	76.4844136491228	15.296882729824562	0.0	0.0	1	1.041837354889378	7.805017697701204	230.0	16	1.05	0.95				
	117	1	0.0	0.0	0.0	0.0	1	1.0451171543895732	11.175959661029866	230.0	17	1.05	0.95				
	118	2	254.69309745157895	52.00940128140351	0.0	0.0	1	1.0478904743948378	11.638427006409326	230.0	17	1.05	0.95				
	119	1	138.4367887049123	28.299233050175438	0.0	0.0	1	1.0354284812740828	6.023777570890535	230.0	15	1.05	0.95				
	120	1	97.90004947087719	19.88594754877193	0.0	0.0	1	1.0361082000437147	5.495164368002047	230.0	15	1.05	0.95				
	121	2	0.0	0.0	0.0	0.0	1	1.05	13.39429371131174	230.0	17	1.05	0.95				
	122	2	0.0	0.0	0.0	0.0	1	1.05	21.39237187452405	230.0	17	1.05	0.95				
	123	2	0.0	0.0	0.0	0.0	1	1.038518593050248	5.773251883493771	230.0	15	1.05	0.95				
	124	1	0.0	0.0	0.0	0.0	1	1.0249493352011172	5.022659379784529	230.0	16	1.05	0.95				
	201	2	87.65118841263158	17.85487171368421	0.0	0.0	2	1.0365799063804226	-15.18525089703262	138.0	21	1.05	0.95				
	202	2	78.72375255578947	16.23170155789474	0.0	0.0	2	1.0394965625743697	-15.318264207232717	138.0	22	1.05	0.95				
	203	1	146.08531402105265	30.028647882105265	0.0	0.0	2	1.0249390047145426	-11.317928603396277	138.0	21	1.05	0.95				
	204	1	60.05729576421053	12.173776168421051	0.0	0.0	2	1.0180645676398583	-16.585601654487945	138.0	21	1.05	0.95				
	205	1	57.62254053052631	11.362191090526318	0.0	0.0	2	1.0328834079395357	-17.08884523389268	138.0	21	1.05	0.95				
	206	1	110.37557059368422	22.724382181052636	0.0	-100.0	2	1.0365823896818394	-18.91958183744459	138.0	22	1.05	0.95				
	207	2	101.4481347368421	20.289626947368422	0.0	0.0	2	0.95	-30.34377747413969	138.0	22	1.05	0.95				
	208	1	138.78104832	28.405477726315787	0.0	0.0	2	0.9561465505611126	-26.524748889140973	138.0	22	1.05	0.95				
	209	1	142.02738863157896	29.217062804210524	0.0	0.0	2	1.0265939629587062	-14.344480423101047	138.0	23	1.05	0.95				
	210	1	158.25909018947368	32.46340311578948	0.0	0.0	2	1.05	-16.463538720100864	138.0	23	1.05	0.95				
	211	1	0.0	0.0	0.0	0.0	2	1.0344712697288823	-10.519433150318863	230.0	23	1.05	0.95				
	212	1	0.0	0.0	0.0	0.0	2	1.028869558083886	-5.57096053592069	230.0	23	1.05	0.95				
	213	2	215.07004564210524	43.82559420631579	0.0	0.0	2	1.05	-7.880279737235185	230.0	24	1.05	0.95				
	214	2	157.44750511157895	31.651818037894742	0.0	0.0	2	1.05	-8.173625612883656	230.0	26	1.05	0.95				
	215	2	257.2724696926316	51.94144498526316	0.0	0.0	2	1.0459272062528138	0.3887002069344559	230.0	26	1.05	0.95				
	216	2	81.15850778947369	16.23170155789474	0.0	0.0	2	1.0493689609412078	0.14876428277300863	230.0	26	1.05	0.95				
	217	1	0.0	0.0	0.0	0.0	2	1.0491588133944667	3.0191616729410122	230.0	27	1.05	0.95				
	218	2	270.2578309389474	55.18778529684211	0.0	0.0	2	1.0499858928862786	3.194134388567996	230.0	27	1.05	0.95				
	219	1	146.8968990989474	30.028647882105265	0.0	0.0	2	1.0435196962381648	0.12145366669270255	230.0	25	1.05	0.95				
	220	1	103.88288997052632	21.10121202526316	0.0	0.0	2	1.0458254721624969	1.614702540547201	230.0	25	1.05	0.95				
	221	2	0.0	0.0	0.0	0.0	2	1.05	3.203266558826444	230.0	27	1.05	0.95				
	222	2	0.0	0.0	0.0	0.0	2	1.05	9.643448854860118	230.0	27	1.05	0.95				
	223	2	0.0	0.0	0.0	0.0	2	1.05	3.0219716649672725	230.0	25	1.05	0.95				
	224	1	0.0	0.0	0.0	0.0	2	1.0233611298524525	-3.9547599698241522	230.0	26	1.05	0.95				
	301	2	73.90192975578948	15.054096802105263	0.0	0.0	3	0.9890133399469039	-2.0434966061501396	138.0	31	1.05	0.95				
	302	2	66.37488135473684	13.68554254736842	0.0	0.0	3	0.9906330288184242	-2.1201095493411155	138.0	32	1.05	0.95				
	303	1	123.1698829263158	25.318253712631577	0.0	0.0	3	1.0041327579671309	2.034446008831112	138.0	31	1.05	0.95				
	304	1	50.636507425263154	10.264156910526316	0.0	0.0	3	0.9881896283654582	0.42774724492723576	138.0	31	1.05	0.95				
	305	1	48.583676043157894	9.579879783157896	0.0	0.0	3	1.0003069618713643	0.3090366495014327	138.0	31	1.05	0.95				
	306	1	93.06168932210527	19.159759566315792	0.0	-100.0	3	1.0150611145555841	0.8515221419074395	138.0	32	1.05	0.95				
	307	2	85.53464092105263	17.106928184210528	0.0	0.0	3	0.9693611212845678	-4.040074469683785	138.0	32	1.05	0.95				
	308	1	117.01138877999999	23.949699457894734	0.0	0.0	3	0.9783315178606173	-0.7826982274547106	138.0	32	1.05	0.95				
	309	1	119.74849728947368	24.633976585263156	0.0	0.0	3	1.0122128073767553	5.379665923354625	138.0	33	1.05	0.95				
	310	1	133.4340398368421	27.37108509473684	0.0	0.0	3	1.033845370216796	4.919654773078841	138.0	33	1.05	0.95				
	311	1	0.0	0.0	0.0	0.0	3	1.0044375452098497	12.418092487444321	230.0	33	1.05	0.95				
	312	1	0.0	0.0	0.0	0.0	3	1.009113651714712	13.845487348765706	230.0	33	1.05	0.95				
	313	2	181.33343875263157	36.95096487789474	0.0	0.0	3	1.0340343843603774	21.42537110371764	230.0	34	1.05	0.95				
	314	2	132.74976270947369	26.68680796736842	0.0	0.0	3	1.0106199938610378	11.548782309726837	230.0	36	1.05	0.95				
	315	2	216.91584937578943	43.79373615157895	0.0	0.0	3	1.035785203261565	7.055605820934317	230.0	36	1.05	0.95				
	316	2	68.42771273684211	13.68554254736842	0.0	0.0	3	1.0359219596556342	8.705560102610578	230.0	36	1.05	0.95				
	317	1	0.0	0.0	0.0	0.0	3	1.0404209558495046	7.857217058442578	230.0	37	1.05	0.95				
	318	2	227.86428341368423	46.53084466105263	0.0	0.0	3	1.0390908204166882	6.630033097689425	230.0	37	1.05	0.95				
	319	1	123.85416005368421	25.318253712631577	0.0	0.0	3	1.0330856768890697	11.22865507873386	230.0	35	1.05	0.95				
	320	1	87.5874723031579	17.79120531157895	0.0	0.0	3	1.034293642985703	13.263205803313802	230.0	35	1.05	0.95				
	321	2	0.0	0.0	0.0	0.0	3	1.039935698784867	7.5235584945032725	230.0	37	1.05	0.95				
	322	2	0.0	0.0	0.0	0.0	3	1.05	11.971747012330994	230.0	37	1.05	0.95				
	323	2	0.0	0.0	0.0	0.0	3	1.0353084531205548	14.06824727975589	230.0	35	1.05	0.95				
	324	1	0.0	0.0	0.0	0.0	3	1.0190951130021475	7.19324663209115	230.0	36	1.05	0.95				
	325	1	0.0	0.0	0.0	0.0	3	1.0375198955544398	14.018193640151553	230.0	35	1.05	0.95				
];
