%% MATPOWER Case Format : Version 2
function mpc = RTS_GMLC
mpc.version = '2';

%%-----  Power Flow Data  -----%%
%% system MVA base
mpc.baseMVA = 100.0;
%% bus data
%    bus_i    type    Pd    Qd    Gs    Bs    area    Vm    Va    baseKV    zone    Vmax    Vmin
mpc.bus = [
	101	2	39.22414647157895	7.990103910877193	0.0	0.0	1	1.031730780490216	2.8862639767882987	138.0	11	1.05	0.95				
	102	2	35.22909451614035	7.263730828070175	0.0	0.0	1	1.0308437788623546	2.6452187058635377	138.0	12	1.05	0.95				
	103	1	65.37357745263158	13.437902031929823	0.0	0.0	1	1.030131286803981	0.573804219479538	138.0	11	1.05	0.95				
	104	1	26.875804063859647	5.447798121052632	0.0	0.0	1	1.0217084900605067	-0.4381623914309112	138.0	11	1.05	0.95				
	105	1	25.78624443964912	5.084611579649123	0.0	0.0	1	1.0358634591514957	-0.1459470007251339	138.0	11	1.05	0.95				
	106	1	49.393369630877196	10.169223159298246	0.0	-100.0	1	1.046756452670993	-2.2614185268499916	138.0	12	1.05	0.95				
	107	2	45.39831767543859	9.079663535087718	0.0	0.0	1	1.0003084049006656	-7.059275209068175	138.0	12	1.05	0.95				
	108	1	62.104898580000004	12.711528949122805	0.0	0.0	1	1.006672586897563	-5.951071001360861	138.0	12	1.05	0.95				
	109	1	63.55764474561403	13.074715490526314	0.0	0.0	1	1.0249827043188644	-1.47977850548958	138.0	13	1.05	0.95				
	110	1	70.82137557368421	14.52746165614035	0.0	0.0	1	1.05	-2.0678131491327982	138.0	13	1.05	0.95				
	111	1	0.0	0.0	0.0	0.0	1	1.0021344835052515	-0.11961431787164117	230.0	13	1.05	0.95				
	112	1	0.0	0.0	0.0	0.0	1	1.0069653289101799	0.28578808434221753	230.0	13	1.05	0.95				
	113	3	96.24443347192981	19.612073235789474	0.0	0.0	1	0.9913555561690602	2.6015312655751602e-28	230.0	14	1.05	0.95				
	114	2	70.4581890322807	14.16427511473684	0.0	0.0	1	0.9985844621640088	1.5642111216750316	230.0	16	1.05	0.95				
	115	2	115.13013362491226	23.24393864982456	0.0	0.0	1	1.0377114017869242	6.26016029855427	230.0	16	1.05	0.95				
	116	2	36.31865414035087	7.263730828070175	0.0	0.0	1	1.0323505166899836	6.002677599971745	230.0	16	1.05	0.95				
	117	1	0.0	0.0	0.0	0.0	1	1.0417537317207695	7.4654774377430435	230.0	17	1.05	0.95				
	118	2	120.94111828736843	24.696684815438598	0.0	0.0	1	1.0450788511788334	7.262763036062316	230.0	17	1.05	0.95				
	119	1	65.73676399403509	13.437902031929823	0.0	0.0	1	1.0256817631204547	5.33004135800228	230.0	15	1.05	0.95				
	120	1	46.48787729964912	9.44285007649123	0.0	0.0	1	1.022024740483401	5.453628446704927	230.0	15	1.05	0.95				
	121	2	0.0	0.0	0.0	0.0	1	1.05	7.902545456828807	230.0	17	1.05	0.95				
	122	2	0.0	0.0	0.0	0.0	1	1.05	14.887903141675718	230.0	17	1.05	0.95				
	123	2	0.0	0.0	0.0	0.0	1	1.0202933337536435	5.807619474724572	230.0	15	1.05	0.95				
	124	1	0.0	0.0	0.0	0.0	1	1.026918407130929	4.132204730568559	230.0	16	1.05	0.95				
	201	2	41.70061386947369	8.494569491929825	0.0	0.0	2	1.0240716579013784	-6.406141374912269	138.0	21	1.05	0.95				
	202	2	37.45332912350878	7.722335901754388	0.0	0.0	2	1.02482771639135	-6.202095643655536	138.0	22	1.05	0.95				
	203	1	69.50102311578948	14.286321418245615	0.0	0.0	2	1.0181320835793601	-6.057043736791396	138.0	21	1.05	0.95				
	204	1	28.57264283649123	5.79175192631579	0.0	0.0	2	1.0178558899513714	-8.113717625260271	138.0	21	1.05	0.95				
	205	1	27.41429245122807	5.405635131228071	0.0	0.0	2	1.0322978223258514	-8.33796376659798	138.0	21	1.05	0.95				
	206	1	52.51188413192983	10.811270262456143	0.0	-100.0	2	1.0452248234697563	-9.763776690555577	138.0	22	1.05	0.95				
	207	2	48.26459938596492	9.652919877192984	0.0	0.0	2	0.989864196433131	-15.387326373847062	138.0	22	1.05	0.95				
	208	1	66.02597196	13.514087828070176	0.0	0.0	2	0.9987485054077302	-13.690506521690635	138.0	22	1.05	0.95				
	209	1	67.57043914035089	13.900204623157897	0.0	0.0	2	1.0228355765043804	-8.084848184628632	138.0	23	1.05	0.95				
	210	1	75.29277504210528	15.444671803508776	0.0	0.0	2	1.05	-9.050661758020427	138.0	23	1.05	0.95				
	211	1	0.0	0.0	0.0	0.0	2	1.0031676841578558	-5.783199709542603	230.0	23	1.05	0.95				
	212	1	0.0	0.0	0.0	0.0	2	1.0094331807523695	-5.486981963688614	230.0	23	1.05	0.95				
	213	2	102.32095069824562	20.850306934736846	0.0	0.0	2	0.997321791503914	-5.1733922943164705	230.0	24	1.05	0.95				
	214	2	74.90665824701756	15.058555008421054	0.0	0.0	2	1.0006179888516753	-3.3978927038343922	230.0	26	1.05	0.95				
	215	2	122.39902404280703	24.711474885614038	0.0	0.0	2	1.0233573530615463	2.546988625503358	230.0	26	1.05	0.95				
	216	2	38.611679508771935	7.722335901754388	0.0	0.0	2	1.02505316953866	2.2456180376844204	230.0	26	1.05	0.95				
	217	1	0.0	0.0	0.0	0.0	2	1.030591457847794	4.738789332062253	230.0	27	1.05	0.95				
	218	2	128.57689276421053	26.255942065964916	0.0	0.0	2	1.0315931750572505	4.999351608648138	230.0	27	1.05	0.95				
	219	1	69.88713991087721	14.286321418245615	0.0	0.0	2	1.02617435414403	1.1219357350944945	230.0	25	1.05	0.95				
	220	1	49.422949771228076	10.039036672280703	0.0	0.0	2	1.029701481937343	0.9042008787147743	230.0	25	1.05	0.95				
	221	2	0.0	0.0	0.0	0.0	2	1.0320616205242297	4.953125763692239	230.0	27	1.05	0.95				
	222	2	0.0	0.0	0.0	0.0	2	1.05	11.362965378521235	230.0	27	1.05	0.95				
	223	2	0.0	0.0	0.0	0.0	2	1.031960301361907	1.0798237649392264	230.0	25	1.05	0.95				
	224	1	0.0	0.0	0.0	0.0	2	1.0107011141060724	-0.6904178306347634	230.0	26	1.05	0.95				
	301	2	47.91838024421053	9.76115153122807	0.0	0.0	3	1.0058665379460938	-29.16751623014823	138.0	31	1.05	0.95				
	302	2	43.03780447859649	8.873774119298245	0.0	0.0	3	1.005644812635015	-29.271493637459542	138.0	32	1.05	0.95				
	303	1	79.86396707368422	16.416482120701755	0.0	0.0	3	1.0224530145242896	-23.990390596511812	138.0	31	1.05	0.95				
	304	1	32.83296424140351	6.655330589473683	0.0	0.0	3	1.0092545391619947	-27.776915499953212	138.0	31	1.05	0.95				
	305	1	31.50189812350877	6.211641883508773	0.0	0.0	3	1.0220723406582128	-28.483920687609928	138.0	31	1.05	0.95				
	306	1	60.34166401122807	12.423283767017546	0.0	-100.0	3	1.039406086009225	-28.628921475980682	138.0	32	1.05	0.95				
	307	2	55.46108824561403	11.092217649122807	0.0	0.0	3	0.9924937727968103	-33.51704970602029	138.0	32	1.05	0.95				
	308	1	75.87076871999999	15.529104708771929	0.0	0.0	3	0.9986476419334614	-31.509782936225367	138.0	32	1.05	0.95				
	309	1	77.64552354385965	15.972793414736842	0.0	0.0	3	1.0263152976016139	-24.73984499025478	138.0	33	1.05	0.95				
	310	1	86.51929766315789	17.74754823859649	0.0	0.0	3	1.05	-26.373354394647066	138.0	33	1.05	0.95				
	311	1	0.0	0.0	0.0	0.0	3	1.009647483317832	-20.492881733561493	230.0	33	1.05	0.95				
	312	1	0.0	0.0	0.0	0.0	3	1.013133026587321	-19.726081367626993	230.0	33	1.05	0.95				
	313	2	117.57750708070176	23.959190122105266	0.0	0.0	3	1.013727576531597	-16.66768680696538	230.0	34	1.05	0.95				
	314	2	86.07560895719298	17.30385953263158	0.0	0.0	3	1.0117453495177948	-18.70367573682773	230.0	36	1.05	0.95				
	315	2	140.64931979087717	28.396077181754386	0.0	0.0	3	1.0362672545201104	-14.461381203178247	230.0	36	1.05	0.95				
	316	2	44.36887059649123	8.873774119298245	0.0	0.0	3	1.0364434251294563	-13.543020595464853	230.0	36	1.05	0.95				
	317	1	0.0	0.0	0.0	0.0	3	1.0405122319335491	-12.114226774421082	230.0	37	1.05	0.95				
	318	2	147.74833908631578	30.170832005614034	0.0	0.0	3	1.0400577237320094	-11.902284106020646	230.0	37	1.05	0.95				
	319	1	80.30765577964912	16.416482120701755	0.0	0.0	3	1.035399544117651	-13.78913148893227	230.0	35	1.05	0.95				
	320	1	56.79215436350877	11.53590635508772	0.0	0.0	3	1.0374694049119597	-13.152860020161098	230.0	35	1.05	0.95				
	321	2	0.0	0.0	0.0	0.0	3	1.0405441940310178	-12.24507131718193	230.0	37	1.05	0.95				
	322	2	0.0	0.0	0.0	0.0	3	1.05	-7.875361465405868	230.0	37	1.05	0.95				
	323	2	0.0	0.0	0.0	0.0	3	1.039361079934645	-12.470657939836268	230.0	35	1.05	0.95				
	324	1	0.0	0.0	0.0	0.0	3	1.019212304885419	-18.01699443303642	230.0	36	1.05	0.95				
	325	1	0.0	0.0	0.0	0.0	3	1.0325815610060654	-10.798148092590443	230.0	35	1.05	0.95				
];
