%% MATPOWER Case Format : Version 2
function mpc = RTS_GMLC
mpc.version = '2';

%%-----  Power Flow Data  -----%%
%% system MVA base
mpc.baseMVA = 100.0;
%% bus data
%    bus_i    type    Pd    Qd    Gs    Bs    area    Vm    Va    baseKV    zone    Vmax    Vmin
mpc.bus = [
	101	2	44.06036616000001	8.975259773333335	0.0	0.0	1	1.0057055818317138	-2.85559226749722	138.0	11	1.05	0.95				
	102	2	39.572736273333334	8.159327066666668	0.0	0.0	1	1.0049555171859021	-3.081229065961149	138.0	12	1.05	0.95				
	103	1	73.4339436	15.094755073333335	0.0	0.0	1	1.02990125082783	0.1619575153297918	138.0	11	1.05	0.95				
	104	1	30.18951014666667	6.1194953000000005	0.0	0.0	1	1.0135369646717385	-3.5726607777238018	138.0	11	1.05	0.95				
	105	1	28.965611086666666	5.711528946666668	0.0	0.0	1	1.0226797894123076	-4.580071908709752	138.0	11	1.05	0.95				
	106	1	55.483424053333344	11.423057893333336	0.0	-100.0	1	1.039950361984049	-6.00451111851394	138.0	12	1.05	0.95				
	107	2	50.99579416666668	10.199158833333334	0.0	0.0	1	0.9885485282318177	-10.253157686636516	138.0	12	1.05	0.95				
	108	1	69.76224642000001	14.278822366666667	0.0	0.0	1	0.9985170334003407	-8.93254421887305	138.0	12	1.05	0.95				
	109	1	71.39411183333334	14.686788720000003	0.0	0.0	1	1.0268651300958789	-3.312127317695177	138.0	13	1.05	0.95				
	110	1	79.5534389	16.318654133333336	0.0	0.0	1	1.05	-4.973110327965349	138.0	13	1.05	0.95				
	111	1	0.0	0.0	0.0	0.0	1	1.0157198163161278	-0.8669967061015994	230.0	13	1.05	0.95				
	112	1	0.0	0.0	0.0	0.0	1	1.0126583329116072	-1.5050509908904688	230.0	13	1.05	0.95				
	113	3	108.11108363333332	22.030183080000004	0.0	0.0	1	0.9982175145599478	2.2884150402967845e-28	230.0	14	1.05	0.95				
	114	2	79.14547254666667	15.910687780000002	0.0	0.0	1	1.0355313808284223	1.6583263259326468	230.0	16	1.05	0.95				
	115	2	129.32533400666668	26.10984661333334	0.0	0.0	1	1.0433727119812173	8.932455822254331	230.0	16	1.05	0.95				
	116	2	40.796635333333334	8.159327066666668	0.0	0.0	1	1.0429592670725323	7.77774171045342	230.0	16	1.05	0.95				
	117	1	0.0	0.0	0.0	0.0	1	1.0416604465579533	12.755267832170084	230.0	17	1.05	0.95				
	118	2	135.85279566000003	27.741712026666672	0.0	0.0	1	1.0484078635722864	12.922792014426914	230.0	17	1.05	0.95				
	119	1	73.84190995333334	15.094755073333335	0.0	0.0	1	1.0370287821864002	4.777963387474555	230.0	15	1.05	0.95				
	120	1	52.21969322666668	10.607125186666668	0.0	0.0	1	1.0358266309197162	2.603031724418169	230.0	15	1.05	0.95				
	121	2	0.0	0.0	0.0	0.0	1	1.0401990664026335	13.940024596729415	230.0	17	1.05	0.95				
	122	2	0.0	0.0	0.0	0.0	1	1.05	31.926256003327957	230.0	17	1.05	0.95				
	123	2	0.0	0.0	0.0	0.0	1	1.0358714101820838	1.7135355489706092	230.0	15	1.05	0.95				
	124	1	0.0	0.0	0.0	0.0	1	1.0272307069761692	5.66024027152615	230.0	16	1.05	0.95				
	201	2	43.077601136842105	8.775066898245614	0.0	0.0	2	1.0094862684708348	-12.121178566369263	138.0	21	1.05	0.95				
	202	2	38.69006768771929	7.9773335438596495	0.0	0.0	2	1.008758324924154	-12.370245295634193	138.0	22	1.05	0.95				
	203	1	71.79600189473683	14.758067056140348	0.0	0.0	2	1.01220044374158	-9.395173742640786	138.0	21	1.05	0.95				
	204	1	29.516134112280696	5.983000157894736	0.0	0.0	2	1.010624087360809	-11.884282519826934	138.0	21	1.05	0.95				
	205	1	28.319534080701747	5.584133480701754	0.0	0.0	2	1.0248382558752969	-12.210268757571685	138.0	21	1.05	0.95				
	206	1	54.24586809824561	11.168266961403509	0.0	-100.0	2	1.0415101218045573	-12.764530920588946	138.0	22	1.05	0.95				
	207	2	49.8583346491228	9.97166692982456	0.0	0.0	2	0.9932587755800291	-17.51938506667775	138.0	22	1.05	0.95				
	208	1	68.20620179999999	13.960333701754383	0.0	0.0	2	1.0003617129178377	-15.744176388655724	138.0	22	1.05	0.95				
	209	1	69.80166850877193	14.359200378947365	0.0	0.0	2	1.0236198582817073	-9.833649313140146	138.0	23	1.05	0.95				
	210	1	77.77900205263157	15.954667087719299	0.0	0.0	2	1.05	-11.012209273321	138.0	23	1.05	0.95				
	211	1	0.0	0.0	0.0	0.0	2	1.0041387488538487	-7.515948586027502	230.0	23	1.05	0.95				
	212	1	0.0	0.0	0.0	0.0	2	1.0134013437731224	-4.180001663746954	230.0	23	1.05	0.95				
	213	2	105.69966945614033	21.538800568421053	0.0	0.0	2	1.0010474461381544	-5.678765336700703	230.0	24	1.05	0.95				
	214	2	77.38013537543858	15.555800410526317	0.0	0.0	2	1.0000637890896198	-6.083104284403684	230.0	26	1.05	0.95				
	215	2	126.44073667017541	25.527467340350874	0.0	0.0	2	1.0222397468148532	-0.9715914041719568	230.0	26	1.05	0.95				
	216	2	39.88666771929824	7.9773335438596495	0.0	0.0	2	1.0229872268848377	-1.6710304536840084	230.0	26	1.05	0.95				
	217	1	0.0	0.0	0.0	0.0	2	1.03041333733534	-0.05381680098499616	230.0	27	1.05	0.95				
	218	2	132.82260350526315	27.122934049122804	0.0	0.0	2	1.0289499392066137	-0.4045747074829769	230.0	27	1.05	0.95				
	219	1	72.19486857192982	14.758067056140348	0.0	0.0	2	1.0256368440998058	-1.8620117686005926	230.0	25	1.05	0.95				
	220	1	51.05493468070175	10.370533607017544	0.0	0.0	2	1.030451685819947	-1.2479656537188115	230.0	25	1.05	0.95				
	221	2	0.0	0.0	0.0	0.0	2	1.0299341667235848	0.201289849259455	230.0	27	1.05	0.95				
	222	2	0.0	0.0	0.0	0.0	2	1.0499999850503592	6.5936184813779235	230.0	27	1.05	0.95				
	223	2	0.0	0.0	0.0	0.0	2	1.033655886078281	-0.6092636781147059	230.0	25	1.05	0.95				
	224	1	0.0	0.0	0.0	0.0	2	1.0079840211203972	-4.12428717120739	230.0	26	1.05	0.95				
	301	2	60.50869976842106	12.325846249122808	0.0	0.0	3	1.022423759106935	3.7756905498988997	138.0	31	1.05	0.95				
	302	2	54.345776643859644	11.205314771929825	0.0	0.0	3	1.0180999422049235	3.4239495699415223	138.0	32	1.05	0.95				
	303	1	100.8478329473684	20.729832328070174	0.0	0.0	3	1.05	20.57901484899657	138.0	31	1.05	0.95				
	304	1	41.45966465614035	8.403986078947367	0.0	0.0	3	1.0038010047255097	5.390239817761764	138.0	31	1.05	0.95				
	305	1	39.77886744035087	7.8437203403508775	0.0	0.0	3	1.022862802816631	2.528643974944786	138.0	31	1.05	0.95				
	306	1	76.19614044912281	15.687440680701755	0.0	-100.0	3	1.0289182777242258	1.18461391110702	138.0	32	1.05	0.95				
	307	2	70.0332173245614	14.00664346491228	0.0	0.0	3	0.95	-4.332742534659492	138.0	32	1.05	0.95				
	308	1	95.8054413	19.60930085087719	0.0	0.0	3	0.9619228604533994	-1.6386292379414813	138.0	32	1.05	0.95				
	309	1	98.04650425438595	20.169566589473682	0.0	0.0	3	1.0116338150661661	9.365751622986657	138.0	33	1.05	0.95				
	310	1	109.25181902631577	22.41062954385965	0.0	0.0	3	1.0371390146367871	3.0788565011207174	138.0	33	1.05	0.95				
	311	1	0.0	0.0	0.0	0.0	3	0.9996517468730018	8.420989093752075	230.0	33	1.05	0.95				
	312	1	0.0	0.0	0.0	0.0	3	1.0041265276968567	8.629161333824005	230.0	33	1.05	0.95				
	313	2	148.47042072807017	30.25434988421053	0.0	0.0	3	0.9991572842540426	9.502558462895253	230.0	34	1.05	0.95				
	314	2	108.69155328771929	21.850363805263157	0.0	0.0	3	1.0003710733686293	9.769753242679702	230.0	36	1.05	0.95				
	315	2	177.6042391350877	35.85700727017544	0.0	0.0	3	1.0499485409657887	14.875597651407302	230.0	36	1.05	0.95				
	316	2	56.02657385964912	11.205314771929825	0.0	0.0	3	1.045948105175689	14.3663089869689	230.0	36	1.05	0.95				
	317	1	0.0	0.0	0.0	0.0	3	1.05	19.354271244436564	230.0	37	1.05	0.95				
	318	2	186.56849095263158	38.098070224561404	0.0	0.0	3	1.040547261718053	16.08836554643653	230.0	37	1.05	0.95				
	319	1	101.40809868596492	20.729832328070174	0.0	0.0	3	1.03248089910943	13.007277035373958	230.0	35	1.05	0.95				
	320	1	71.71401454035087	14.566909203508771	0.0	0.0	3	1.0231483476953829	11.767853143817016	230.0	35	1.05	0.95				
	321	2	0.0	0.0	0.0	0.0	3	1.043698815885126	16.35752568445068	230.0	37	1.05	0.95				
	322	2	0.0	0.0	0.0	0.0	3	1.049948284428478	21.87495324213266	230.0	37	1.05	0.95				
	323	2	0.0	0.0	0.0	0.0	3	1.0191018444137707	11.478806203224797	230.0	35	1.05	0.95				
	324	1	0.0	0.0	0.0	0.0	3	1.0492685943322875	18.382613460030353	230.0	36	1.05	0.95				
	325	1	0.0	0.0	0.0	0.0	3	1.0212283593713467	11.69931220584052	230.0	35	1.05	0.95				
];
