%% MATPOWER Case Format : Version 2
function mpc = RTS_GMLC
mpc.version = '2';

%%-----  Power Flow Data  -----%%
%% system MVA base
mpc.baseMVA = 100.0;
%% bus data
%    bus_i    type    Pd    Qd    Gs    Bs    area    Vm    Va    baseKV    zone    Vmax    Vmin
mpc.bus = [
	101	2	74.73428996210527	15.223651658947372	0.0	0.0	1	1.0383832885472175	0.04436973498518102	138.0	11	1.05	0.95				
	102	2	67.12246413263158	13.839683326315791	0.0	0.0	1	1.0383665871354446	-0.025928960640522507	138.0	12	1.05	0.95				
	103	1	124.55714993684212	25.603414153684213	0.0	0.0	1	1.0230618573411348	-2.0671064847243845	138.0	11	1.05	0.95				
	104	1	51.206828307368426	10.379762494736843	0.0	0.0	1	1.020436136370992	-3.5283644319082472	138.0	11	1.05	0.95				
	105	1	49.13087580842105	9.687778328421054	0.0	0.0	1	1.0345623118818883	-3.5889349502788455	138.0	11	1.05	0.95				
	106	1	94.10984661894737	19.375556656842107	0.0	-100.0	1	1.0388117793013885	-6.255641219019332	138.0	12	1.05	0.95				
	107	2	86.49802078947368	17.299604157894738	0.0	0.0	1	1.0446671221664852	-4.579690408647207	138.0	12	1.05	0.95				
	108	1	118.32929244000002	24.21944582105263	0.0	0.0	1	1.024224636415698	-6.707690397090302	138.0	12	1.05	0.95				
	109	1	121.09722910526317	24.91142998736842	0.0	0.0	1	1.0265042607234631	-3.9902442444240833	138.0	13	1.05	0.95				
	110	1	134.93691243157895	27.679366652631582	0.0	0.0	1	1.05	-5.115199921479487	138.0	13	1.05	0.95				
	111	1	0.0	0.0	0.0	0.0	1	1.0102532380779015	-1.5629571720157232	230.0	13	1.05	0.95				
	112	1	0.0	0.0	0.0	0.0	1	1.0147574798001728	-0.8786928524552614	230.0	13	1.05	0.95				
	113	3	183.3758040736842	37.36714498105263	0.0	0.0	1	1.009889142384203	3.0163107058252178e-27	230.0	14	1.05	0.95				
	114	2	134.24492826526316	26.98738248631579	0.0	0.0	1	1.0087001900597248	0.14319980326062076	230.0	16	1.05	0.95				
	115	2	219.3589807221053	44.28698664421053	0.0	0.0	1	1.0425622739425666	7.253564398524724	230.0	16	1.05	0.95				
	116	2	69.19841663157895	13.839683326315791	0.0	0.0	1	1.039568934277211	6.706613026473208	230.0	16	1.05	0.95				
	117	1	0.0	0.0	0.0	0.0	1	1.0452797972574255	9.54759430870564	230.0	17	1.05	0.95				
	118	2	230.43072738315794	47.054923309473686	0.0	0.0	1	1.0479703162888596	10.100614243650911	230.0	17	1.05	0.95				
	119	1	125.2491341031579	25.603414153684213	0.0	0.0	1	1.0330486466968298	5.306959400609449	230.0	15	1.05	0.95				
	120	1	88.57397328842106	17.99158832421053	0.0	0.0	1	1.0333484518164529	5.323723489656158	230.0	15	1.05	0.95				
	121	2	0.0	0.0	0.0	0.0	1	1.05	10.92543559291388	230.0	17	1.05	0.95				
	122	2	0.0	0.0	0.0	0.0	1	1.05	16.896250859075163	230.0	17	1.05	0.95				
	123	2	0.0	0.0	0.0	0.0	1	1.0352939590322652	5.851262632569551	230.0	15	1.05	0.95				
	124	1	0.0	0.0	0.0	0.0	1	1.023547760662511	3.7963343707409525	230.0	16	1.05	0.95				
	201	2	75.59830000421053	15.399653704561404	0.0	0.0	2	1.0365296793449377	-14.757944044352044	138.0	21	1.05	0.95				
	202	2	67.89847315192982	13.999685185964914	0.0	0.0	2	1.036658522959307	-14.88051039812599	138.0	22	1.05	0.95				
	203	1	125.99716667368422	25.899417594035086	0.0	0.0	2	1.0249658401686286	-10.655781881632851	138.0	21	1.05	0.95				
	204	1	51.79883518807017	10.499763889473684	0.0	0.0	2	1.0177827253825311	-16.715436022778672	138.0	21	1.05	0.95				
	205	1	49.69888241017543	9.79977963017544	0.0	0.0	2	1.0342353603940735	-17.21282013116369	138.0	21	1.05	0.95				
	206	1	95.1978592645614	19.59955926035088	0.0	-100.0	2	1.0389617276571177	-19.254475658247543	138.0	22	1.05	0.95				
	207	2	87.49803241228071	17.49960648245614	0.0	0.0	2	0.9701056634774656	-29.68417310963882	138.0	22	1.05	0.95				
	208	1	119.69730833999999	24.499449075438594	0.0	0.0	2	0.9729054372595999	-26.23508043839475	138.0	22	1.05	0.95				
	209	1	122.49724537719298	25.19943333473684	0.0	0.0	2	1.0242330899700616	-15.383268661798365	138.0	23	1.05	0.95				
	210	1	136.4969305631579	27.999370371929828	0.0	0.0	2	1.05	-17.503241859478596	138.0	23	1.05	0.95				
	211	1	0.0	0.0	0.0	0.0	2	1.0247312477515491	-11.264490918239295	230.0	23	1.05	0.95				
	212	1	0.0	0.0	0.0	0.0	2	1.0189110252239983	-10.29698830585017	230.0	23	1.05	0.95				
	213	2	185.49582871403507	37.799150002105264	0.0	0.0	2	1.0312504753946332	-9.128693649148584	230.0	24	1.05	0.95				
	214	2	135.79694630385964	27.29938611263158	0.0	0.0	2	1.0408223523933966	-8.092975773410602	230.0	26	1.05	0.95				
	215	2	221.89501019754383	44.79899259508772	0.0	0.0	2	1.04438048673721	1.216815704382863	230.0	26	1.05	0.95				
	216	2	69.99842592982456	13.999685185964914	0.0	0.0	2	1.0471390740471302	0.6995804536894268	230.0	26	1.05	0.95				
	217	1	0.0	0.0	0.0	0.0	2	1.047769505687468	4.1076741853810566	230.0	27	1.05	0.95				
	218	2	233.09475834631579	47.5989296322807	0.0	0.0	2	1.0496844871338347	4.711488047581816	230.0	27	1.05	0.95				
	219	1	126.69715093298247	25.899417594035086	0.0	0.0	2	1.0435935604097037	-0.17141972477177533	230.0	25	1.05	0.95				
	220	1	89.59798519017544	18.19959074175439	0.0	0.0	2	1.0464953301381366	0.38118914862534226	230.0	25	1.05	0.95				
	221	2	0.0	0.0	0.0	0.0	2	1.05	4.866790597115635	230.0	27	1.05	0.95				
	222	2	0.0	0.0	0.0	0.0	2	1.05	11.080743537346855	230.0	27	1.05	0.95				
	223	2	0.0	0.0	0.0	0.0	2	1.05	1.1934487868472885	230.0	25	1.05	0.95				
	224	1	0.0	0.0	0.0	0.0	2	1.0222015706057679	-3.195049620774987	230.0	26	1.05	0.95				
	301	2	61.75577349473684	12.579879785964913	0.0	0.0	3	1.0084844042426342	-11.914027321012481	138.0	31	1.05	0.95				
	302	2	55.46583360175439	11.436254350877194	0.0	0.0	3	1.007777642862837	-12.084136882252084	138.0	32	1.05	0.95				
	303	1	102.92628915789474	21.157070549122807	0.0	0.0	3	1.031635835561207	-4.210106476423939	138.0	31	1.05	0.95				
	304	1	42.314141098245614	8.577190763157896	0.0	0.0	3	1.007745213126493	-10.31008048621668	138.0	31	1.05	0.95				
	305	1	40.598702945614036	8.005378045614036	0.0	0.0	3	1.0214127285088574	-11.096079108445645	138.0	31	1.05	0.95				
	306	1	77.76652958596492	16.01075609122807	0.0	-100.0	3	1.036093759417718	-11.283060439238866	138.0	32	1.05	0.95				
	307	2	71.47658969298246	14.295317938596492	0.0	0.0	3	0.9935439281860255	-17.199136770534263	138.0	32	1.05	0.95				
	308	1	97.7799747	20.013445114035086	0.0	0.0	3	0.9961044334708384	-14.5225331685555	138.0	32	1.05	0.95				
	309	1	100.06722557017544	20.585257831578947	0.0	0.0	3	1.0272857835574976	-6.528017049103308	138.0	33	1.05	0.95				
	310	1	111.50347992105263	22.872508701754388	0.0	0.0	3	1.05	-8.442662244341493	138.0	33	1.05	0.95				
	311	1	0.0	0.0	0.0	0.0	3	1.0129332418303254	-2.2563434962065245	230.0	33	1.05	0.95				
	312	1	0.0	0.0	0.0	0.0	3	1.0158614648843842	-1.5500790191602702	230.0	33	1.05	0.95				
	313	2	151.5303701491228	30.87788674736842	0.0	0.0	3	1.0209611108264323	2.415659051261664	230.0	34	1.05	0.95				
	314	2	110.93166720350878	22.300695984210527	0.0	0.0	3	1.0157695179314072	-1.088544218314024	230.0	36	1.05	0.95				
	315	2	181.2646314614035	36.59601392280702	0.0	0.0	3	1.0363185113479707	0.32671193111333807	230.0	36	1.05	0.95				
	316	2	57.18127175438597	11.436254350877194	0.0	0.0	3	1.0339719077659149	0.6186911404499663	230.0	36	1.05	0.95				
	317	1	0.0	0.0	0.0	0.0	3	1.040024093418195	1.5186334956741796	230.0	37	1.05	0.95				
	318	2	190.41363494210526	38.88326479298246	0.0	0.0	3	1.0404504607044591	1.3510072300999543	230.0	37	1.05	0.95				
	319	1	103.49810187543859	21.157070549122807	0.0	0.0	3	1.0308790740601832	1.1297640265466422	230.0	35	1.05	0.95				
	320	1	73.19202784561404	14.86713065614035	0.0	0.0	3	1.0305785466772732	1.7587884300293752	230.0	35	1.05	0.95				
	321	2	0.0	0.0	0.0	0.0	3	1.0427312129946515	2.5232612805430437	230.0	37	1.05	0.95				
	322	2	0.0	0.0	0.0	0.0	3	1.05	6.450722168047233	230.0	37	1.05	0.95				
	323	2	0.0	0.0	0.0	0.0	3	1.0310387580275457	2.2507783966505492	230.0	35	1.05	0.95				
	324	1	0.0	0.0	0.0	0.0	3	1.0293962763787838	-0.13813156915352354	230.0	36	1.05	0.95				
	325	1	0.0	0.0	0.0	0.0	3	1.031067767298669	2.9923227116537667	230.0	35	1.05	0.95				
];
