%% MATPOWER Case Format : Version 2
function mpc = RTS_GMLC
mpc.version = '2';

%%-----  Power Flow Data  -----%%
%% system MVA base
mpc.baseMVA = 100.0;
%% bus data
%    bus_i    type    Pd    Qd    Gs    Bs    area    Vm    Va    baseKV    zone    Vmax    Vmin
mpc.bus = [
	101	2	34.33448787915789	6.994062345754386	0.0	0.0	1	0.9915296539095532	-5.099120592564279	138.0	11	1.05	0.95				
	102	2	30.837456706280697	6.35823849614035	0.0	0.0	1	0.9913719861540767	-5.263043986590841	138.0	12	1.05	0.95				
	103	1	57.22414646526316	11.762741217859649	0.0	0.0	1	1.02283355542336	1.1134254247023239	138.0	11	1.05	0.95				
	104	1	23.525482435719297	4.768678872105263	0.0	0.0	1	1.0051190781055652	-4.598790715034335	138.0	11	1.05	0.95				
	105	1	22.571746661298242	4.450766947298246	0.0	0.0	1	1.01683383075774	-5.356249213790852	138.0	11	1.05	0.95				
	106	1	43.23602177375439	8.901533894596492	0.0	-100.0	1	1.0395482641410154	-5.920637971575096	138.0	12	1.05	0.95				
	107	2	39.73899060087719	7.947798120175438	0.0	0.0	1	0.9884371564193892	-9.975394813870656	138.0	12	1.05	0.95				
	108	1	54.362939142	11.126917368245612	0.0	0.0	1	1.00059855213898	-8.271882204832801	138.0	12	1.05	0.95				
	109	1	55.634586841228064	11.44482929305263	0.0	0.0	1	1.0249832488109878	-2.7361366491382046	138.0	13	1.05	0.95				
	110	1	61.992825337368416	12.7164769922807	0.0	0.0	1	1.05	-4.5701713118605305	138.0	13	1.05	0.95				
	111	1	0.0	0.0	0.0	0.0	1	1.014421446733465	0.18217959160453667	230.0	13	1.05	0.95				
	112	1	0.0	0.0	0.0	0.0	1	1.0109410041736517	-1.0749769792162218	230.0	13	1.05	0.95				
	113	3	84.24666007385963	17.167243939578945	0.0	0.0	1	0.9945395999013765	-5.508923944630927e-28	230.0	14	1.05	0.95				
	114	2	61.674913412561395	12.398565067473683	0.0	0.0	1	1.038785066037992	4.128399097537422	230.0	16	1.05	0.95				
	115	2	100.77808016382454	20.34636318764912	0.0	0.0	1	1.0399159948706596	13.549762083791425	230.0	16	1.05	0.95				
	116	2	31.791192480701753	6.35823849614035	0.0	0.0	1	1.0393950167439883	11.749573783353618	230.0	16	1.05	0.95				
	117	1	0.0	0.0	0.0	0.0	1	1.039024445654422	17.74716704203225	230.0	17	1.05	0.95				
	118	2	105.86467096073685	21.618010886877194	0.0	0.0	1	1.0478354343412262	18.34583675163367	230.0	17	1.05	0.95				
	119	1	57.542058390070174	11.762741217859649	0.0	0.0	1	1.0338966383595412	7.461836844751965	230.0	15	1.05	0.95				
	120	1	40.69272637529824	8.265710044982457	0.0	0.0	1	1.0349903671092615	4.337229846088986	230.0	15	1.05	0.95				
	121	2	0.0	0.0	0.0	0.0	1	1.0407095386567027	19.741373545930326	230.0	17	1.05	0.95				
	122	2	0.0	0.0	0.0	0.0	1	1.05	37.72353663784824	230.0	17	1.05	0.95				
	123	2	0.0	0.0	0.0	0.0	1	1.0364347787785715	2.863835026077854	230.0	15	1.05	0.95				
	124	1	0.0	0.0	0.0	0.0	1	1.0179062910504684	8.917628064388223	230.0	16	1.05	0.95				
	201	2	35.07067527157894	7.1440264442105255	0.0	0.0	2	1.0098172265155587	-15.019206394688839	138.0	21	1.05	0.95				
	202	2	31.49866204947368	6.494569494736842	0.0	0.0	2	1.0087956384786205	-15.305935649933506	138.0	22	1.05	0.95				
	203	1	58.45112545263158	12.014953565263156	0.0	0.0	2	1.0130649705696304	-11.320406048451616	138.0	21	1.05	0.95				
	204	1	24.02990713052631	4.870927121052631	0.0	0.0	2	1.0113645669198785	-15.263973704045767	138.0	21	1.05	0.95				
	205	1	23.055721706315786	4.54619864631579	0.0	0.0	2	1.0261111469549637	-15.65530407572353	138.0	21	1.05	0.95				
	206	1	44.16307256421052	9.09239729263158	0.0	-100.0	2	1.0435733260088902	-16.453432792210887	138.0	22	1.05	0.95				
	207	2	40.59105934210526	8.118211868421051	0.0	0.0	2	0.9934345498755273	-20.200081417230987	138.0	22	1.05	0.95				
	208	1	55.52856918	11.365496615789471	0.0	0.0	2	1.0029757812808338	-18.816760927066095	138.0	22	1.05	0.95				
	209	1	56.82748307894736	11.690225090526313	0.0	0.0	2	1.0219340709022806	-13.869931080307664	138.0	23	1.05	0.95				
	210	1	63.3220525736842	12.989138989473684	0.0	0.0	2	1.05	-15.237617193751031	138.0	23	1.05	0.95				
	211	1	0.0	0.0	0.0	0.0	2	1.0024000602496856	-11.555276240221005	230.0	23	1.05	0.95				
	212	1	0.0	0.0	0.0	0.0	2	1.0093382085990994	-11.321286103538753	230.0	23	1.05	0.95				
	213	2	86.05304580526315	17.53533763578947	0.0	0.0	2	0.9980855994237209	-10.818751241215912	230.0	24	1.05	0.95				
	214	2	62.99732409894736	12.66441051473684	0.0	0.0	2	0.9988971633858569	-9.056410412059737	230.0	26	1.05	0.95				
	215	2	102.93892649157894	20.782622383157893	0.0	0.0	2	1.0205065701198597	-2.638621289830104	230.0	26	1.05	0.95				
	216	2	32.472847473684205	6.494569494736842	0.0	0.0	2	1.0219731364716436	-3.640700147286883	230.0	26	1.05	0.95				
	217	1	0.0	0.0	0.0	0.0	2	1.0294942151729363	-1.2169777253665657	230.0	27	1.05	0.95				
	218	2	108.13458208736841	22.08153628210526	0.0	0.0	2	1.028482958076502	-1.5642193047190682	230.0	27	1.05	0.95				
	219	1	58.775853927368416	12.014953565263156	0.0	0.0	2	1.0250354661094587	-4.658580217309317	230.0	25	1.05	0.95				
	220	1	41.565244766315786	8.442940343157893	0.0	0.0	2	1.0295040068660308	-4.898463413416286	230.0	25	1.05	0.95				
	221	2	0.0	0.0	0.0	0.0	2	1.0291765145216947	-1.1249883204057216	230.0	27	1.05	0.95				
	222	2	0.0	0.0	0.0	0.0	2	1.0499999768882906	5.330619341360232	230.0	27	1.05	0.95				
	223	2	0.0	0.0	0.0	0.0	2	1.031992722408823	-4.780421615374669	230.0	25	1.05	0.95				
	224	1	0.0	0.0	0.0	0.0	2	1.0069647303443905	-5.897599773387688	230.0	26	1.05	0.95				
	301	2	43.408415065263156	8.842454920701753	0.0	0.0	3	1.0187958250031228	5.760102563554639	138.0	31	1.05	0.95				
	302	2	38.98718760491228	8.03859538245614	0.0	0.0	3	1.0168637046293243	5.408693016328947	138.0	32	1.05	0.95				
	303	1	72.34735844210526	14.87140145754386	0.0	0.0	3	1.05	20.526639680276055	138.0	31	1.05	0.95				
	304	1	29.74280291508772	6.0289465368421045	0.0	0.0	3	1.0091568309590115	6.619094263049127	138.0	31	1.05	0.95				
	305	1	28.53701360771929	5.627016767719298	0.0	0.0	3	1.0258193226578094	4.1289669642589635	138.0	31	1.05	0.95				
	306	1	54.66244860070175	11.254033535438596	0.0	-100.0	3	1.0373201219731847	2.713947827690646	138.0	32	1.05	0.95				
	307	2	50.24122114035088	10.048244228070175	0.0	0.0	3	0.95	-0.503227689703118	138.0	32	1.05	0.95				
	308	1	68.72999052	14.067541919298243	0.0	0.0	3	0.9711944156148197	1.209909742734073	138.0	32	1.05	0.95				
	309	1	70.33770959649121	14.46947168842105	0.0	0.0	3	1.0150561244964584	9.299628986547793	138.0	33	1.05	0.95				
	310	1	78.37630497894736	16.07719076491228	0.0	0.0	3	1.0425743852412233	3.7834618854548796	138.0	33	1.05	0.95				
	311	1	0.0	0.0	0.0	0.0	3	1.002620671006872	7.034377864774561	230.0	33	1.05	0.95				
	312	1	0.0	0.0	0.0	0.0	3	1.0065475228168097	7.453175589959994	230.0	33	1.05	0.95				
	313	2	106.51138881754385	21.704207532631578	0.0	0.0	3	0.9997972453817854	7.293453833942752	230.0	34	1.05	0.95				
	314	2	77.97437520982456	15.675260995789472	0.0	0.0	3	0.9995996819438164	7.4035708704977115	230.0	36	1.05	0.95				
	315	2	127.41173681192981	25.72350522385965	0.0	0.0	3	1.0494979757676148	10.771425481022234	230.0	36	1.05	0.95				
	316	2	40.1929769122807	8.03859538245614	0.0	0.0	3	1.034057666666081	10.28933381782095	230.0	36	1.05	0.95				
	317	1	0.0	0.0	0.0	0.0	3	1.05	13.452636806218003	230.0	37	1.05	0.95				
	318	2	133.84261311789473	27.331224300350875	0.0	0.0	3	1.0493464227782596	10.95366951951265	230.0	37	1.05	0.95				
	319	1	72.74928821122806	14.87140145754386	0.0	0.0	3	1.0235377578608138	9.547137927527002	230.0	35	1.05	0.95				
	320	1	51.4470104477193	10.450173997192982	0.0	0.0	3	1.0170191265051367	9.684560536717164	230.0	35	1.05	0.95				
	321	2	0.0	0.0	0.0	0.0	3	1.05	11.517743208955077	230.0	37	1.05	0.95				
	322	2	0.0	0.0	0.0	0.0	3	1.05	16.625299286218755	230.0	37	1.05	0.95				
	323	2	0.0	0.0	0.0	0.0	3	1.0139156768423419	10.080091628129123	230.0	35	1.05	0.95				
	324	1	0.0	0.0	0.0	0.0	3	1.0466119628765191	14.49959964206069	230.0	36	1.05	0.95				
	325	1	0.0	0.0	0.0	0.0	3	1.0142231901500132	10.91390964967476	230.0	35	1.05	0.95				
];
