%% MATPOWER Case Format : Version 2
function mpc = RTS_GMLC
mpc.version = '2';

%%-----  Power Flow Data  -----%%
%% system MVA base
mpc.baseMVA = 100.0;
%% bus data
%    bus_i    type    Pd    Qd    Gs    Bs    area    Vm    Va    baseKV    zone    Vmax    Vmin
mpc.bus = [
	101	2	43.94012866105264	8.950766949473685	0.0	0.0	1	1.0113195042874994	-4.6443561737520165	138.0	11	1.05	0.95				
	102	2	39.46474518631579	8.137060863157897	0.0	0.0	1	1.0112739356237712	-4.862399904550814	138.0	12	1.05	0.95				
	103	1	73.23354776842106	15.053562596842108	0.0	0.0	1	0.9997742317052202	0.3371417281297188	138.0	11	1.05	0.95				
	104	1	30.107125193684215	6.1027956473684215	0.0	0.0	1	1.0015892379882794	-4.618420848151059	138.0	11	1.05	0.95				
	105	1	28.886566064210527	5.6959426042105274	0.0	0.0	1	1.015757431618259	-5.6721871799250465	138.0	11	1.05	0.95				
	106	1	55.3320138694737	11.391885208421055	0.0	-100.0	1	1.0260932739309079	-6.741360622511611	138.0	12	1.05	0.95				
	107	2	50.85663039473685	10.17132607894737	0.0	0.0	1	0.9863077906338237	-9.643759902258447	138.0	12	1.05	0.95				
	108	1	69.57187038000001	14.239856510526316	0.0	0.0	1	0.9877985508823678	-8.764241011985122	138.0	12	1.05	0.95				
	109	1	71.19928255263159	14.646709553684211	0.0	0.0	1	1.0014239614815303	-3.481408780835324	138.0	13	1.05	0.95				
	110	1	79.33634341578949	16.274121726315794	0.0	0.0	1	1.0298681922848059	-5.367266482735604	138.0	13	1.05	0.95				
	111	1	0.0	0.0	0.0	0.0	1	0.9812601341424197	-0.8234683845653031	230.0	13	1.05	0.95				
	112	1	0.0	0.0	0.0	0.0	1	0.9824301958362617	-1.5316655535448094	230.0	13	1.05	0.95				
	113	3	107.81605643684212	21.97006433052632	0.0	0.0	1	0.9641357723268955	3.1234398123418936e-30	230.0	14	1.05	0.95				
	114	2	78.92949037263158	15.867268683157898	0.0	0.0	1	0.9897718984724536	2.2037019676607494	230.0	16	1.05	0.95				
	115	2	128.97241468105264	26.038594762105266	0.0	0.0	1	0.9880639514915718	10.806372125157315	230.0	16	1.05	0.95				
	116	2	40.68530431578948	8.137060863157897	0.0	0.0	1	0.9880179085557065	9.303206858219854	230.0	16	1.05	0.95				
	117	1	0.0	0.0	0.0	0.0	1	0.9918178106513351	14.570732891220022	230.0	17	1.05	0.95				
	118	2	135.48206337157896	27.66600693473685	0.0	0.0	1	0.9974180484439714	15.296058487518405	230.0	17	1.05	0.95				
	119	1	73.64040081157896	15.053562596842108	0.0	0.0	1	0.9886889187621372	5.950570247688176	230.0	15	1.05	0.95				
	120	1	52.07718952421053	10.578179122105265	0.0	0.0	1	0.9937533030949621	3.4557969697498767	230.0	15	1.05	0.95				
	121	2	0.0	0.0	0.0	0.0	1	0.9972345122352544	16.693282181833656	230.0	17	1.05	0.95				
	122	2	0.0	0.0	0.0	0.0	1	1.011879069617271	30.26155708410662	230.0	17	1.05	0.95				
	123	2	0.0	0.0	0.0	0.0	1	0.9975021221702663	2.4251283513334565	230.0	15	1.05	0.95				
	124	1	0.0	0.0	0.0	0.0	1	0.9800287373755245	6.797571475554863	230.0	16	1.05	0.95				
	201	2	42.159609625263165	8.588068627368422	0.0	0.0	2	1.0104127152536067	-9.133875925249072	138.0	21	1.05	0.95				
	202	2	37.86557531157895	7.807335115789475	0.0	0.0	2	1.0093809110086083	-9.271684994407167	138.0	22	1.05	0.95				
	203	1	70.26601604210528	14.443569964210528	0.0	0.0	2	0.9975216306748649	-7.054519931207453	138.0	21	1.05	0.95				
	204	1	28.887139928421057	5.855501336842106	0.0	0.0	2	1.001528087761464	-8.22992004698167	138.0	21	1.05	0.95				
	205	1	27.716039661052633	5.465134581052633	0.0	0.0	2	1.0173963941942807	-8.543564921417758	138.0	21	1.05	0.95				
	206	1	53.08987878736843	10.930269162105265	0.0	-100.0	2	1.0295637727353113	-8.705803774212853	138.0	22	1.05	0.95				
	207	2	48.79584447368421	9.759168894736844	0.0	0.0	2	0.9718197519161635	-13.309016004490063	138.0	22	1.05	0.95				
	208	1	66.75271524	13.66283645263158	0.0	0.0	2	0.98111479120019	-11.532157220469426	138.0	22	1.05	0.95				
	209	1	68.3141822631579	14.053203208421053	0.0	0.0	2	1.0068446163282911	-5.709151514582852	138.0	23	1.05	0.95				
	210	1	76.12151737894737	15.61467023157895	0.0	0.0	2	1.0341618594598472	-6.65651760222102	138.0	23	1.05	0.95				
	211	1	0.0	0.0	0.0	0.0	2	0.987091622528421	-3.435312475283768	230.0	23	1.05	0.95				
	212	1	0.0	0.0	0.0	0.0	2	0.9888833234382484	1.5767751804027303	230.0	23	1.05	0.95				
	213	2	103.44719028421052	21.079804812631583	0.0	0.0	2	0.9826771269826114	-0.7217067763837569	230.0	24	1.05	0.95				
	214	2	75.7311506231579	15.224303475789474	0.0	0.0	2	0.9829271909684766	-2.917419268378625	230.0	26	1.05	0.95				
	215	2	123.74626158526316	24.983472370526318	0.0	0.0	2	0.9915961724690909	0.38106207482105314	230.0	26	1.05	0.95				
	216	2	39.036675578947374	7.807335115789475	0.0	0.0	2	0.9895310821244349	0.3921450843397996	230.0	26	1.05	0.95				
	217	1	0.0	0.0	0.0	0.0	2	1.0001541345219227	0.9951360094579113	230.0	27	1.05	0.95				
	218	2	129.99212967789475	26.544939393684214	0.0	0.0	2	1.001014067657103	0.4781793302581807	230.0	27	1.05	0.95				
	219	1	70.65638279789475	14.443569964210528	0.0	0.0	2	0.982600889818146	1.6913781295120531	230.0	25	1.05	0.95				
	220	1	49.966944741052636	10.149535650526317	0.0	0.0	2	0.9799017596812125	3.664784947823922	230.0	25	1.05	0.95				
	221	2	0.0	0.0	0.0	0.0	2	1.0033137581673408	0.9717664781528709	230.0	27	1.05	0.95				
	222	2	0.0	0.0	0.0	0.0	2	1.020301707911048	5.317015189519315	230.0	27	1.05	0.95				
	223	2	0.0	0.0	0.0	0.0	2	0.9797593023576502	5.085540242214926	230.0	25	1.05	0.95				
	224	1	0.0	0.0	0.0	0.0	2	0.9846433804161293	-2.4508241951424887	230.0	26	1.05	0.95				
	301	2	50.58335970947368	10.30401771859649	0.0	0.0	3	1.0091937728353062	33.05037686281023	138.0	31	1.05	0.95				
	302	2	45.43135085017544	9.36728883508772	0.0	0.0	3	1.009557290504481	32.771262650175544	138.0	32	1.05	0.95				
	303	1	84.30559951578948	17.32948434491228	0.0	0.0	3	1.0159816418936816	44.52502729590696	138.0	31	1.05	0.95				
	304	1	34.65896868982456	7.025466626315789	0.0	0.0	3	1.000472548608632	34.23264456720918	138.0	31	1.05	0.95				
	305	1	33.2538753645614	6.557102184561405	0.0	0.0	3	1.017138729406317	32.68267877573877	138.0	31	1.05	0.95				
	306	1	63.69756407859649	13.11420436912281	0.0	-100.0	3	1.029293808729384	31.91162035613602	138.0	32	1.05	0.95				
	307	2	58.54555521929825	11.709111043859648	0.0	0.0	3	0.96922832703912	29.991666985418334	138.0	32	1.05	0.95				
	308	1	80.09031954	16.392755461403507	0.0	0.0	3	0.9844698603491919	32.0612463838291	138.0	32	1.05	0.95				
	309	1	81.96377730701754	16.861119903157896	0.0	0.0	3	1.008288052890843	37.419380774428504	138.0	33	1.05	0.95				
	310	1	91.33106614210527	18.73457767017544	0.0	0.0	3	1.0366787502177195	33.84939766315181	138.0	33	1.05	0.95				
	311	1	0.0	0.0	0.0	0.0	3	0.9903142748760311	37.4961271397294	230.0	33	1.05	0.95				
	312	1	0.0	0.0	0.0	0.0	3	0.9980607517968779	37.730536195432215	230.0	33	1.05	0.95				
	313	2	124.11657706491228	25.29167985473684	0.0	0.0	3	0.9977345715061413	41.101932603342995	230.0	34	1.05	0.95				
	314	2	90.86270170035088	18.26621322842105	0.0	0.0	3	0.9765215013282195	36.30034551781717	230.0	36	1.05	0.95				
	315	2	148.47152803614034	29.9753242722807	0.0	0.0	3	0.9817786539605314	32.988044297499236	230.0	36	1.05	0.95				
	316	2	46.836444175438594	9.36728883508772	0.0	0.0	3	0.9710190912727963	33.441212752538	230.0	36	1.05	0.95				
	317	1	0.0	0.0	0.0	0.0	3	0.9865453099097368	33.99398443608013	230.0	37	1.05	0.95				
	318	2	155.96535910421053	31.848782039298246	0.0	0.0	3	0.9832556830290939	30.623755181905317	230.0	37	1.05	0.95				
	319	1	84.77396395754386	17.32948434491228	0.0	0.0	3	0.9793060335814807	33.61074509824131	230.0	35	1.05	0.95				
	320	1	59.9506485445614	12.177475485614035	0.0	0.0	3	0.9874848226588069	33.53998038868495	230.0	35	1.05	0.95				
	321	2	0.0	0.0	0.0	0.0	3	0.9911860909775994	31.81125270114781	230.0	37	1.05	0.95				
	322	2	0.0	0.0	0.0	0.0	3	1.0074391605537438	35.06625636968622	230.0	37	1.05	0.95				
	323	2	0.0	0.0	0.0	0.0	3	0.991411937219769	33.27149896863393	230.0	35	1.05	0.95				
	324	1	0.0	0.0	0.0	0.0	3	0.9932110215975894	38.7931833041435	230.0	36	1.05	0.95				
	325	1	0.0	0.0	0.0	0.0	3	0.9922508623952911	31.872821526924746	230.0	35	1.05	0.95				
];
