%% MATPOWER Case Format : Version 2
function mpc = RTS_GMLC
mpc.version = '2';

%%-----  Power Flow Data  -----%%
%% system MVA base
mpc.baseMVA = 100.0;
%% bus data
%    bus_i    type    Pd    Qd    Gs    Bs    area    Vm    Va    baseKV    zone    Vmax    Vmin
mpc.bus = [
	101	2	75.2553191368421	15.329787231578948	0.0	0.0	1	1.0319577933445765	-1.0315548116279507	138.0	11	1.05	0.95				
	102	2	67.59042552105262	13.936170210526317	0.0	0.0	1	1.03197332838027	-1.0854310813098846	138.0	12	1.05	0.95				
	103	1	125.42553189473684	25.781914889473683	0.0	0.0	1	1.0214537956324576	-1.8103459794810888	138.0	11	1.05	0.95				
	104	1	51.563829778947365	10.452127657894735	0.0	0.0	1	1.0167371608814648	-4.045445273128614	138.0	11	1.05	0.95				
	105	1	49.47340424736842	9.755319147368422	0.0	0.0	1	1.0316428852446293	-4.048995077335533	138.0	11	1.05	0.95				
	106	1	94.76595743157895	19.510638294736843	0.0	-100.0	1	1.0375504348464328	-6.3732357132383965	138.0	12	1.05	0.95				
	107	2	87.10106381578947	17.420212763157895	0.0	0.0	1	1.047984962176359	-2.655687610700989	138.0	12	1.05	0.95				
	108	1	119.15425529999999	24.38829786842105	0.0	0.0	1	1.02591381683807	-5.487730039427264	138.0	12	1.05	0.95				
	109	1	121.94148934210527	25.085106378947366	0.0	0.0	1	1.0265291760522586	-3.6446973755521292	138.0	13	1.05	0.95				
	110	1	135.87765955263157	27.872340421052634	0.0	0.0	1	1.05	-4.905348500302984	138.0	13	1.05	0.95				
	111	1	0.0	0.0	0.0	0.0	1	1.0121236142827608	-1.1065923580768247	230.0	13	1.05	0.95				
	112	1	0.0	0.0	0.0	0.0	1	1.015051016149477	-0.26259925403328255	230.0	13	1.05	0.95				
	113	3	184.65425528947367	37.62765956842105	0.0	0.0	1	1.0111784665015808	7.796180213525359e-27	230.0	14	1.05	0.95				
	114	2	135.18085104210525	27.175531910526317	0.0	0.0	1	1.0135609989051575	1.1575460028205315	230.0	16	1.05	0.95				
	115	2	220.8882978368421	44.59574467368421	0.0	0.0	1	1.0444328694097496	8.840057304197549	230.0	16	1.05	0.95				
	116	2	69.68085105263158	13.936170210526317	0.0	0.0	1	1.042474555696506	8.525424927441597	230.0	16	1.05	0.95				
	117	1	0.0	0.0	0.0	0.0	1	1.0468422344335966	11.374769052683751	230.0	17	1.05	0.95				
	118	2	232.03723400526317	47.38297871578948	0.0	0.0	1	1.0490613986432848	11.918769521747501	230.0	17	1.05	0.95				
	119	1	126.12234040526316	25.781914889473683	0.0	0.0	1	1.0370846708842891	7.386302116439815	230.0	15	1.05	0.95				
	120	1	89.19148934736842	18.117021273684212	0.0	0.0	1	1.0384760141358784	7.714408187892796	230.0	15	1.05	0.95				
	121	2	0.0	0.0	0.0	0.0	1	1.05	12.432077147380882	230.0	17	1.05	0.95				
	122	2	0.0	0.0	0.0	0.0	1	1.05	18.86029502155563	230.0	17	1.05	0.95				
	123	2	0.0	0.0	0.0	0.0	1	1.0410988217923423	8.410554985890816	230.0	15	1.05	0.95				
	124	1	0.0	0.0	0.0	0.0	1	1.0225025533261818	4.898876026800575	230.0	16	1.05	0.95				
	201	2	80.9192507494737	16.48355107859649	0.0	0.0	2	1.041178963421311	-10.472215342101725	138.0	21	1.05	0.95				
	202	2	72.67747521017544	14.985046435087721	0.0	0.0	2	1.041182559410253	-10.62581181162076	138.0	22	1.05	0.95				
	203	1	134.8654179157895	27.72233590491228	0.0	0.0	2	1.026549302291161	-7.178767894202167	138.0	21	1.05	0.95				
	204	1	55.44467180982456	11.238784826315792	0.0	0.0	2	1.019421218076138	-12.41543897424128	138.0	21	1.05	0.95				
	205	1	53.196914844561405	10.489532504561405	0.0	0.0	2	1.035993501758154	-12.819868426104568	138.0	21	1.05	0.95				
	206	1	101.89831575859651	20.97906500912281	0.0	-100.0	2	1.0386854983387694	-14.854500365383773	138.0	22	1.05	0.95				
	207	2	93.65654021929825	18.731308043859652	0.0	0.0	2	0.9590268688210755	-26.142500915799314	138.0	22	1.05	0.95				
	208	1	128.12214702000003	26.223831261403515	0.0	0.0	2	0.9639542458322484	-22.400195300482256	138.0	22	1.05	0.95				
	209	1	131.11915630701756	26.973083583157898	0.0	0.0	2	1.0252645934963311	-10.86105781012401	138.0	23	1.05	0.95				
	210	1	146.10420274210526	29.970092870175442	0.0	0.0	2	1.05	-12.860981911040941	138.0	23	1.05	0.95				
	211	1	0.0	0.0	0.0	0.0	2	1.0280911564949597	-6.055630221157123	230.0	23	1.05	0.95				
	212	1	0.0	0.0	0.0	0.0	2	1.021129383983284	-4.87155589400825	230.0	23	1.05	0.95				
	213	2	198.5518652649123	40.45962537473685	0.0	0.0	2	1.040153837144076	-2.6290241764381808	230.0	24	1.05	0.95				
	214	2	145.3549504203509	29.220840548421055	0.0	0.0	2	1.0448980709196543	-3.4487255663236933	230.0	26	1.05	0.95				
	215	2	237.51298599614037	47.95214859228071	0.0	0.0	2	1.0441714700949323	4.894462630587065	230.0	26	1.05	0.95				
	216	2	74.92523217543861	14.985046435087721	0.0	0.0	2	1.0483726445377548	4.860462653220262	230.0	26	1.05	0.95				
	217	1	0.0	0.0	0.0	0.0	2	1.0489361010427232	8.102523487964904	230.0	27	1.05	0.95				
	218	2	249.50102314421056	50.949157879298255	0.0	0.0	2	1.0499999969952192	8.855286532697129	230.0	27	1.05	0.95				
	219	1	135.6146702375439	27.72233590491228	0.0	0.0	2	1.043769417016132	4.308117652541134	230.0	25	1.05	0.95				
	220	1	95.90429718456141	19.48056036561404	0.0	0.0	2	1.046309615147545	5.228060624413168	230.0	25	1.05	0.95				
	221	2	0.0	0.0	0.0	0.0	2	1.05	9.257089564412091	230.0	27	1.05	0.95				
	222	2	0.0	0.0	0.0	0.0	2	1.05	15.315960298851092	230.0	27	1.05	0.95				
	223	2	0.0	0.0	0.0	0.0	2	1.05	6.276856352438679	230.0	25	1.05	0.95				
	224	1	0.0	0.0	0.0	0.0	2	1.0223931732750995	0.40008773182302204	230.0	26	1.05	0.95				
	301	2	62.95159758315789	12.823473581754385	0.0	0.0	3	1.0104536518862237	-17.368224854238996	138.0	31	1.05	0.95				
	302	2	56.53986079228069	11.657703256140351	0.0	0.0	3	1.0094856856352687	-17.596460262889618	138.0	32	1.05	0.95				
	303	1	104.91932930526315	21.56675102385965	0.0	0.0	3	1.0269933777602673	-10.097005118902038	138.0	31	1.05	0.95				
	304	1	43.1335020477193	8.743277442105263	0.0	0.0	3	1.0085731970896494	-15.97249294990501	138.0	31	1.05	0.95				
	305	1	41.384846559298246	8.160392279298247	0.0	0.0	3	1.022429029760839	-16.883167055222433	138.0	31	1.05	0.95				
	306	1	79.27238214175439	16.320784558596493	0.0	-100.0	3	1.0362419115936565	-17.268980561360486	138.0	32	1.05	0.95				
	307	2	72.86064535087719	14.572129070175437	0.0	0.0	3	1.0064776679964607	-18.414506710847768	138.0	32	1.05	0.95				
	308	1	99.67336284	20.400980698245615	0.0	0.0	3	1.0043245650408255	-18.12856671547172	138.0	32	1.05	0.95				
	309	1	102.00490349122806	20.98386586105263	0.0	0.0	3	1.0276121148354636	-12.267294660282577	138.0	33	1.05	0.95				
	310	1	113.66260674736841	23.315406512280703	0.0	0.0	3	1.05	-14.526900251829376	138.0	33	1.05	0.95				
	311	1	0.0	0.0	0.0	0.0	3	1.0154615415100865	-7.91619234116742	230.0	33	1.05	0.95				
	312	1	0.0	0.0	0.0	0.0	3	1.0156768205300766	-7.25503520107198	230.0	33	1.05	0.95				
	313	2	154.46456814385965	31.475798791578946	0.0	0.0	3	1.0212683632082964	-3.9263362451653325	230.0	34	1.05	0.95				
	314	2	113.07972158456138	22.732521349473682	0.0	0.0	3	1.0230571238735373	-5.925590228367323	230.0	36	1.05	0.95				
	315	2	184.77459660982456	37.30465041964912	0.0	0.0	3	1.0455700599341484	0.41606588367681385	230.0	36	1.05	0.95				
	316	2	58.28851628070175	11.657703256140351	0.0	0.0	3	1.0437437036353527	0.40226944195562037	230.0	36	1.05	0.95				
	317	1	0.0	0.0	0.0	0.0	3	1.0468123737674637	2.521170023407007	230.0	37	1.05	0.95				
	318	2	194.10075921473685	39.636191070877196	0.0	0.0	3	1.0475070980506644	2.778618646393274	230.0	37	1.05	0.95				
	319	1	105.50221446807018	21.56675102385965	0.0	0.0	3	1.0384553109395411	-0.638145706175368	230.0	35	1.05	0.95				
	320	1	74.60930083929824	15.155014232982456	0.0	0.0	3	1.0385645267792096	-0.4402733938112478	230.0	35	1.05	0.95				
	321	2	0.0	0.0	0.0	0.0	3	1.05	3.90149879129138	230.0	37	1.05	0.95				
	322	2	0.0	0.0	0.0	0.0	3	1.05	9.134678643547224	230.0	37	1.05	0.95				
	323	2	0.0	0.0	0.0	0.0	3	1.0399059044907766	0.10293023130093769	230.0	35	1.05	0.95				
	324	1	0.0	0.0	0.0	0.0	3	1.025440413102354	-3.491026750460351	230.0	36	1.05	0.95				
	325	1	0.0	0.0	0.0	0.0	3	1.037630648410071	1.1337877696285177	230.0	35	1.05	0.95				
];
