%% MATPOWER Case Format : Version 2
function mpc = RTS_GMLC
mpc.version = '2';

%%-----  Power Flow Data  -----%%
%% system MVA base
mpc.baseMVA = 100.0;
%% bus data
%    bus_i    type    Pd    Qd    Gs    Bs    area    Vm    Va    baseKV    zone    Vmax    Vmin
mpc.bus = [
	101	2	79.16971797473684	16.127164772631577	0.0	0.0	1	1.05	-0.2372717996513041	138.0	11	1.05	0.95				
	102	2	71.10613558842105	14.661058884210526	0.0	0.0	1	1.0499927531993936	-0.5089056994832983	138.0	12	1.05	0.95				
	103	1	131.94952995789473	27.12295893578947	0.0	0.0	1	1.0283223480769035	-2.1981626324094057	138.0	11	1.05	0.95				
	104	1	54.24591787157894	10.995794163157893	0.0	0.0	1	1.0266702531531469	-4.131855958261682	138.0	11	1.05	0.95				
	105	1	52.046759038947364	10.262741218947369	0.0	0.0	1	1.03935738834376	-4.542705221482545	138.0	11	1.05	0.95				
	106	1	99.69520041263158	20.525482437894738	0.0	-100.0	1	1.039963191268511	-7.675302556005546	138.0	12	1.05	0.95				
	107	2	91.63161802631579	18.326323605263156	0.0	0.0	1	1.006010641965012	-12.848125912194444	138.0	12	1.05	0.95				
	108	1	125.35205345999998	25.656853047368415	0.0	0.0	1	0.9984217325050673	-12.260839512412527	138.0	12	1.05	0.95				
	109	1	128.2842652368421	26.389905991578942	0.0	0.0	1	1.0265112078965173	-5.307875663440793	138.0	13	1.05	0.95				
	110	1	142.9453241210526	29.32211776842105	0.0	0.0	1	1.05	-6.6867728405492395	138.0	13	1.05	0.95				
	111	1	0.0	0.0	0.0	0.0	1	1.0158239433714855	-2.3559485908201654	230.0	13	1.05	0.95				
	112	1	0.0	0.0	0.0	0.0	1	1.0171048281166915	-1.674891326958854	230.0	13	1.05	0.95				
	113	3	194.25903021578947	39.58485898736842	0.0	0.0	1	1.0180182666202708	3.7242341339074183e-29	230.0	14	1.05	0.95				
	114	2	142.2122711768421	28.589064824210524	0.0	0.0	1	1.0198408346310197	-0.7535360127348358	230.0	16	1.05	0.95				
	115	2	232.37778331473683	46.91538842947368	0.0	0.0	1	1.0445408404258494	6.766944097821842	230.0	16	1.05	0.95				
	116	2	73.30529442105262	14.661058884210526	0.0	0.0	1	1.0418622624293736	5.969267696141123	230.0	16	1.05	0.95				
	117	1	0.0	0.0	0.0	0.0	1	1.04555263062411	8.965063956212498	230.0	17	1.05	0.95				
	118	2	244.10663042210524	49.84760020631579	0.0	0.0	1	1.0474932233438614	9.52625239546843	230.0	17	1.05	0.95				
	119	1	132.68258290210525	27.12295893578947	0.0	0.0	1	1.0348849964517548	4.618049691547017	230.0	15	1.05	0.95				
	120	1	93.83077685894736	19.059376549473683	0.0	0.0	1	1.0345212646701596	4.437195527343491	230.0	15	1.05	0.95				
	121	2	0.0	0.0	0.0	0.0	1	1.05	11.333805557437524	230.0	17	1.05	0.95				
	122	2	0.0	0.0	0.0	0.0	1	1.05	16.91608125980749	230.0	17	1.05	0.95				
	123	2	0.0	0.0	0.0	0.0	1	1.0362544391582162	4.885272214678951	230.0	15	1.05	0.95				
	124	1	0.0	0.0	0.0	0.0	1	1.0271386357446768	3.4311612383050956	230.0	16	1.05	0.95				
	201	2	68.22036833684211	13.896741698245615	0.0	0.0	2	1.0267757937591444	-9.390088819301196	138.0	21	1.05	0.95				
	202	2	61.2719974877193	12.633401543859652	0.0	0.0	2	1.0276944827113499	-9.192725054735492	138.0	22	1.05	0.95				
	203	1	113.70061389473685	23.371792856140353	0.0	0.0	2	1.017462342966368	-8.698577493102965	138.0	21	1.05	0.95				
	204	1	46.743585712280705	9.475051157894738	0.0	0.0	2	1.0159013515301945	-10.076579706733325	138.0	21	1.05	0.95				
	205	1	44.848575480701754	8.843381080701757	0.0	0.0	2	1.0304671639619292	-10.388374328620671	138.0	21	1.05	0.95				
	206	1	85.90713049824564	17.686762161403514	0.0	-100.0	2	1.039239945518343	-11.505095796398766	138.0	22	1.05	0.95				
	207	2	78.95875964912281	15.791751929824564	0.0	0.0	2	0.9863740337745891	-20.60843848143749	138.0	22	1.05	0.95				
	208	1	108.0155832	22.108452701754384	0.0	0.0	2	0.9863381167341554	-17.553420355834525	138.0	22	1.05	0.95				
	209	1	110.54226350877194	22.74012277894737	0.0	0.0	2	1.0257326555638566	-8.22167923143896	138.0	23	1.05	0.95				
	210	1	123.17566505263157	25.266803087719303	0.0	0.0	2	1.05	-9.387462886271829	138.0	23	1.05	0.95				
	211	1	0.0	0.0	0.0	0.0	2	1.0163843255678768	-4.702423025548901	230.0	23	1.05	0.95				
	212	1	0.0	0.0	0.0	0.0	2	1.018883672225196	0.27002310382910705	230.0	23	1.05	0.95				
	213	2	167.39257045614036	34.11018416842106	0.0	0.0	2	1.0199223393023424	-1.8887229154469511	230.0	24	1.05	0.95				
	214	2	122.5439949754386	24.63513301052632	0.0	0.0	2	1.021851129606051	-3.05947108019603	230.0	26	1.05	0.95				
	215	2	200.23941447017543	40.42688494035088	0.0	0.0	2	1.0391125030091122	2.954876544708933	230.0	26	1.05	0.95				
	216	2	63.167007719298255	12.633401543859652	0.0	0.0	2	1.0387474511547221	3.128934469764184	230.0	26	1.05	0.95				
	217	1	0.0	0.0	0.0	0.0	2	1.0424243874116068	5.021870719471582	230.0	27	1.05	0.95				
	218	2	210.34613570526318	42.95356524912282	0.0	0.0	2	1.0428044472222473	5.2000599849493305	230.0	27	1.05	0.95				
	219	1	114.33228397192985	23.371792856140353	0.0	0.0	2	1.0367803427140425	3.7371558454600637	230.0	25	1.05	0.95				
	220	1	80.85376988070176	16.423422007017546	0.0	0.0	2	1.0405791342291641	5.463213159684271	230.0	25	1.05	0.95				
	221	2	0.0	0.0	0.0	0.0	2	1.0433003255374005	5.215967435069664	230.0	27	1.05	0.95				
	222	2	0.0	0.0	0.0	0.0	2	1.05	11.645475127032093	230.0	27	1.05	0.95				
	223	2	0.0	0.0	0.0	0.0	2	1.04486346763505	6.871820738955007	230.0	25	1.05	0.95				
	224	1	0.0	0.0	0.0	0.0	2	1.0164657616733304	-1.3654097100309426	230.0	26	1.05	0.95				
	301	2	52.92375828631579	10.780765576842107	0.0	0.0	3	0.9983100305874072	4.958485611099142	138.0	31	1.05	0.95				
	302	2	47.53337549789474	9.80069597894737	0.0	0.0	3	0.9981695427615511	4.931000767974394	138.0	32	1.05	0.95				
	303	1	88.20626381052632	18.131287561052634	0.0	0.0	3	1.0146134105987747	7.214605411819029	138.0	31	1.05	0.95				
	304	1	36.26257512210527	7.350521984210527	0.0	0.0	3	1.0042017058919492	6.545719551950284	138.0	31	1.05	0.95				
	305	1	34.79247072526316	6.860487185263159	0.0	0.0	3	1.016914960996926	6.582433684786968	138.0	31	1.05	0.95				
	306	1	66.64473265684211	13.720974370526317	0.0	-100.0	3	1.0359669479549536	6.912418219380827	138.0	32	1.05	0.95				
	307	2	61.25434986842105	12.250869973684212	0.0	0.0	3	0.9873883557566671	2.250489631777056	138.0	32	1.05	0.95				
	308	1	83.79595062	17.151217963157894	0.0	0.0	3	0.9968836324822256	4.443511997926827	138.0	32	1.05	0.95				
	309	1	85.75608981578948	17.641252762105264	0.0	0.0	3	1.025310872534516	9.869861306910607	138.0	33	1.05	0.95				
	310	1	95.55678579473684	19.60139195789474	0.0	0.0	3	1.05	9.769031647769438	138.0	33	1.05	0.95				
	311	1	0.0	0.0	0.0	0.0	3	1.0100553836060413	15.178630061812328	230.0	33	1.05	0.95				
	312	1	0.0	0.0	0.0	0.0	3	1.0163963092764499	16.2542892512325	230.0	33	1.05	0.95				
	313	2	129.85922172105265	26.461879143157894	0.0	0.0	3	1.0270047285962185	22.385178107884883	230.0	34	1.05	0.95				
	314	2	95.06675099578948	19.11135715894737	0.0	0.0	3	1.007700691500654	14.203787041863544	230.0	36	1.05	0.95				
	315	2	155.3410312663158	31.36222713263158	0.0	0.0	3	1.0256740593427704	9.678749208821253	230.0	36	1.05	0.95				
	316	2	49.00347989473685	9.80069597894737	0.0	0.0	3	1.0263030638236088	10.728088121380834	230.0	36	1.05	0.95				
	317	1	0.0	0.0	0.0	0.0	3	1.0314913362360405	10.193409654254614	230.0	37	1.05	0.95				
	318	2	163.1815880494737	33.322366328421055	0.0	0.0	3	1.030623740514072	9.343989967640118	230.0	37	1.05	0.95				
	319	1	88.69629860947369	18.131287561052634	0.0	0.0	3	1.0270968395413929	13.197610660241711	230.0	35	1.05	0.95				
	320	1	62.72445426526316	12.74090477263158	0.0	0.0	3	1.028892428545335	14.780186769104883	230.0	35	1.05	0.95				
	321	2	0.0	0.0	0.0	0.0	3	1.0309112457563607	10.013517619375493	230.0	37	1.05	0.95				
	322	2	0.0	0.0	0.0	0.0	3	1.044510693126653	14.436359345242312	230.0	37	1.05	0.95				
	323	2	0.0	0.0	0.0	0.0	3	1.0294497247784624	15.33449896930485	230.0	35	1.05	0.95				
	324	1	0.0	0.0	0.0	0.0	3	1.0180971219872352	10.192278445320513	230.0	36	1.05	0.95				
	325	1	0.0	0.0	0.0	0.0	3	1.0325346460470872	15.002418073505687	230.0	35	1.05	0.95				
];
