%% MATPOWER Case Format : Version 2
function mpc = RTS_GMLC
mpc.version = '2';

%%-----  Power Flow Data  -----%%
%% system MVA base
mpc.baseMVA = 100.0;
%% bus data
%    bus_i    type    Pd    Qd    Gs    Bs    area    Vm    Va    baseKV    zone    Vmax    Vmin
mpc.bus = [
	101	2	37.153389410526316	7.568283028070175	0.0	0.0	1	1.0336954799919462	4.1794120240440495	138.0	11	1.05	0.95				
	102	2	33.369247896491224	6.880257298245613	0.0	0.0	1	1.0327820257802907	3.9181102564376378	138.0	12	1.05	0.95				
	103	1	61.922315684210524	12.728476001754386	0.0	0.0	1	1.0318339973200341	2.475633936778356	138.0	11	1.05	0.95				
	104	1	25.45695200350877	5.16019297368421	0.0	0.0	1	1.0225780504852449	0.7194249137874346	138.0	11	1.05	0.95				
	105	1	24.424913408771925	4.81618010877193	0.0	0.0	1	1.0369577021122294	0.9622396498656005	138.0	11	1.05	0.95				
	106	1	46.78574962807017	9.63236021754386	0.0	-100.0	1	1.0476133452659249	-1.2458150051535388	138.0	12	1.05	0.95				
	107	2	43.001608114035086	8.600321622807016	0.0	0.0	1	1.0005280377591657	-6.940108124840992	138.0	12	1.05	0.95				
	108	1	58.8261999	12.040450271929823	0.0	0.0	1	1.0069026806241372	-5.426160535208254	138.0	12	1.05	0.95				
	109	1	60.20225135964912	12.384463136842104	0.0	0.0	1	1.02445513478063	-0.5002381774794717	138.0	13	1.05	0.95				
	110	1	67.08250865789472	13.760514596491227	0.0	0.0	1	1.05	-1.2148797919209708	138.0	13	1.05	0.95				
	111	1	0.0	0.0	0.0	0.0	1	1.0011980984839963	0.8096510976637512	230.0	13	1.05	0.95				
	112	1	0.0	0.0	0.0	0.0	1	1.00612783430236	0.5626425107265306	230.0	13	1.05	0.95				
	113	3	91.16340920175438	18.576694705263158	0.0	0.0	1	0.9891698325500236	3.458715952442863e-28	230.0	14	1.05	0.95				
	114	2	66.73849579298245	13.416501731578947	0.0	0.0	1	0.9986266127567993	3.3171637522361	230.0	16	1.05	0.95				
	115	2	109.05207817719298	22.016823354385963	0.0	0.0	1	1.0384481885269374	9.311761184380027	230.0	16	1.05	0.95				
	116	2	34.40128649122806	6.880257298245613	0.0	0.0	1	1.0341398146377978	8.751485466087749	230.0	16	1.05	0.95				
	117	1	0.0	0.0	0.0	0.0	1	1.041619048627386	11.756937363177153	230.0	17	1.05	0.95				
	118	2	114.55628401578946	23.392874814035086	0.0	0.0	1	1.0463918756072579	11.848648767673394	230.0	17	1.05	0.95				
	119	1	62.266328549122804	12.728476001754386	0.0	0.0	1	1.0245510789192123	6.6861833619741695	230.0	15	1.05	0.95				
	120	1	44.033646708771926	8.944334487719297	0.0	0.0	1	1.0189794180670255	5.544276953991002	230.0	15	1.05	0.95				
	121	2	0.0	0.0	0.0	0.0	1	1.05	12.731909070330467	230.0	17	1.05	0.95				
	122	2	0.0	0.0	0.0	0.0	1	1.05	23.189882348274963	230.0	17	1.05	0.95				
	123	2	0.0	0.0	0.0	0.0	1	1.016085072924611	5.1837490743439405	230.0	15	1.05	0.95				
	124	1	0.0	0.0	0.0	0.0	1	1.0269453430758417	6.746515079173568	230.0	16	1.05	0.95				
	201	2	39.25263656842105	7.995907449122807	0.0	0.0	2	1.0195556112962842	-9.272075575712535	138.0	21	1.05	0.95				
	202	2	35.25468284385965	7.269006771929824	0.0	0.0	2	1.0194771313631104	-9.340798644289329	138.0	22	1.05	0.95				
	203	1	65.42106094736843	13.447662528070175	0.0	0.0	2	1.0159613046510654	-7.191065308076799	138.0	21	1.05	0.95				
	204	1	26.89532505614035	5.451755078947369	0.0	0.0	2	1.0157291484482585	-10.026783335594429	138.0	21	1.05	0.95				
	205	1	25.804974040350874	5.088304740350877	0.0	0.0	2	1.0305260090268669	-10.332742496130114	138.0	21	1.05	0.95				
	206	1	49.42924604912281	10.176609480701755	0.0	-100.0	2	1.0449684602554064	-11.336600257163171	138.0	22	1.05	0.95				
	207	2	45.4312923245614	9.08625846491228	0.0	0.0	2	0.9956934984199746	-16.081434796187963	138.0	22	1.05	0.95				
	208	1	62.150007900000006	12.720761850877194	0.0	0.0	2	1.0028878234916878	-14.483675827699772	138.0	22	1.05	0.95				
	209	1	63.603809254385965	13.084212189473684	0.0	0.0	2	1.0223190829668176	-9.07712863953313	138.0	23	1.05	0.95				
	210	1	70.87281602631579	14.538013543859648	0.0	0.0	2	1.05	-10.230243774556044	138.0	23	1.05	0.95				
	211	1	0.0	0.0	0.0	0.0	2	1.002289321053962	-6.6457169517928945	230.0	23	1.05	0.95				
	212	1	0.0	0.0	0.0	0.0	2	1.005943262488301	-6.041951038998905	230.0	23	1.05	0.95				
	213	2	96.31433972807018	19.626318284210527	0.0	0.0	2	0.9955416024859375	-5.58572435201734	230.0	24	1.05	0.95				
	214	2	70.5093656877193	14.174563205263158	0.0	0.0	2	1.0005251754901747	-4.420611009805767	230.0	26	1.05	0.95				
	215	2	115.21375733508772	23.26082167017544	0.0	0.0	2	1.0169733938185546	1.059394618788593	230.0	26	1.05	0.95				
	216	2	36.34503385964912	7.269006771929824	0.0	0.0	2	1.0183369320922764	0.924601969993458	230.0	26	1.05	0.95				
	217	1	0.0	0.0	0.0	0.0	2	1.0234658206797376	2.6041653599043886	230.0	27	1.05	0.95				
	218	2	121.02896275263157	24.714623024561405	0.0	0.0	2	1.02283320675477	2.154558574324677	230.0	27	1.05	0.95				
	219	1	65.78451128596492	13.447662528070175	0.0	0.0	2	1.0188942151544076	0.5985370762859542	230.0	25	1.05	0.95				
	220	1	46.52164334035088	9.449708803508772	0.0	0.0	2	1.0215128416825705	1.0373627921300845	230.0	25	1.05	0.95				
	221	2	0.0	0.0	0.0	0.0	2	1.0245134575617705	2.597047557583171	230.0	27	1.05	0.95				
	222	2	0.0	0.0	0.0	0.0	2	1.0466010159729278	9.13280843902219	230.0	27	1.05	0.95				
	223	2	0.0	0.0	0.0	0.0	2	1.0233134786668823	1.560891356979924	230.0	25	1.05	0.95				
	224	1	0.0	0.0	0.0	0.0	2	1.0063418741434351	-2.0586384135785	230.0	26	1.05	0.95				
	301	2	44.62132236631579	9.089528630175439	0.0	0.0	3	1.0088849730843883	-16.40743941748937	138.0	31	1.05	0.95				
	302	2	40.07655805122807	8.263207845614035	0.0	0.0	3	1.0087262930639336	-16.572184959004677	138.0	32	1.05	0.95				
	303	1	74.36887061052632	15.286934514385964	0.0	0.0	3	1.030994543535521	-9.549049055982522	138.0	31	1.05	0.95				
	304	1	30.573869028771927	6.197405884210526	0.0	0.0	3	1.0112300424407645	-15.369632202540323	138.0	31	1.05	0.95				
	305	1	29.334387851929822	5.784245491929825	0.0	0.0	3	1.024257791121091	-16.227451584497413	138.0	31	1.05	0.95				
	306	1	56.18981335017544	11.56849098385965	0.0	-100.0	3	1.0410912109468116	-16.629634608437893	138.0	32	1.05	0.95				
	307	2	51.64504903508772	10.329009807017544	0.0	0.0	3	0.9930357633091353	-21.063381929878496	138.0	32	1.05	0.95				
	308	1	70.65042707999999	14.460613729824559	0.0	0.0	3	1.0001002122277227	-19.218899200187973	138.0	32	1.05	0.95				
	309	1	72.3030686491228	14.873774122105262	0.0	0.0	3	1.0258574943861942	-12.689394726776417	138.0	33	1.05	0.95				
	310	1	80.56627649473683	16.52641569122807	0.0	0.0	3	1.05	-14.715600608971625	138.0	33	1.05	0.95				
	311	1	0.0	0.0	0.0	0.0	3	1.0064430821513275	-9.635143894133263	230.0	33	1.05	0.95				
	312	1	0.0	0.0	0.0	0.0	3	1.0114470660543557	-8.91243587639856	230.0	33	1.05	0.95				
	313	2	109.48750395438596	22.310661183157894	0.0	0.0	3	1.010040048607269	-6.12235457955318	230.0	34	1.05	0.95				
	314	2	80.15311610245614	16.11325529894737	0.0	0.0	3	1.0023133778291	-8.524353866549582	230.0	36	1.05	0.95				
	315	2	130.97184435298243	26.442265105964914	0.0	0.0	3	1.0257021403395756	-4.991607721822758	230.0	36	1.05	0.95				
	316	2	41.316039228070174	8.263207845614035	0.0	0.0	3	1.0250367176351178	-4.47545727367476	230.0	36	1.05	0.95				
	317	1	0.0	0.0	0.0	0.0	3	1.0311493144957147	-2.5485954962366635	230.0	37	1.05	0.95				
	318	2	137.58241062947369	28.09490667508772	0.0	0.0	3	1.0289987517817234	-3.0704974928151794	230.0	37	1.05	0.95				
	319	1	74.78203100280702	15.286934514385964	0.0	0.0	3	1.023521572979548	-4.665909579512183	230.0	35	1.05	0.95				
	320	1	52.88453021192983	10.742170199298245	0.0	0.0	3	1.02490391249979	-4.0203992759760245	230.0	35	1.05	0.95				
	321	2	0.0	0.0	0.0	0.0	3	1.0301284042157834	-3.160599980811426	230.0	37	1.05	0.95				
	322	2	0.0	0.0	0.0	0.0	3	1.0438944427038352	1.4373920753839875	230.0	37	1.05	0.95				
	323	2	0.0	0.0	0.0	0.0	3	1.0263154279258813	-3.3471653903517646	230.0	35	1.05	0.95				
	324	1	0.0	0.0	0.0	0.0	3	1.0207997660720531	-6.72483202100891	230.0	36	1.05	0.95				
	325	1	0.0	0.0	0.0	0.0	3	1.023240766609583	-1.9905458474104802	230.0	35	1.05	0.95				
];
