%% MATPOWER Case Format : Version 2
function mpc = RTS_GMLC
mpc.version = '2';

%%-----  Power Flow Data  -----%%
%% system MVA base
mpc.baseMVA = 100.0;
%% bus data
%    bus_i    type    Pd    Qd    Gs    Bs    area    Vm    Va    baseKV    zone    Vmax    Vmin
mpc.bus = [
	101	2	63.966353305263155	13.030183080701754	0.0	0.0	1	1.0348760442345943	1.7740821916337741	138.0	11	1.05	0.95				
	102	2	57.451261764912275	11.84562098245614	0.0	0.0	1	1.034893109646988	1.730507537236899	138.0	12	1.05	0.95				
	103	1	106.61058884210526	21.91439881754386	0.0	0.0	1	1.0250968935016675	0.18995646640177105	138.0	11	1.05	0.95				
	104	1	43.82879763508772	8.884215736842105	0.0	0.0	1	1.0195328003799804	-1.6087628802506693	138.0	11	1.05	0.95				
	105	1	42.05195448771929	8.2919346877193	0.0	0.0	1	1.0343349333306673	-1.5095589323203278	138.0	11	1.05	0.95				
	106	1	80.55022268070175	16.5838693754386	0.0	-100.0	1	1.041085173586685	-3.895452224002077	138.0	12	1.05	0.95				
	107	2	74.03513114035087	14.807026228070175	0.0	0.0	1	1.0371007951873525	-1.2873010883400202	138.0	12	1.05	0.95				
	108	1	101.2800594	20.729836719298245	0.0	0.0	1	1.0225474842810172	-3.634860915352513	138.0	12	1.05	0.95				
	109	1	103.64918359649123	21.32211776842105	0.0	0.0	1	1.0258054076569891	-1.952502286289268	138.0	13	1.05	0.95				
	110	1	115.49480457894737	23.69124196491228	0.0	0.0	1	1.05	-2.9785053614152335	138.0	13	1.05	0.95				
	111	1	0.0	0.0	0.0	0.0	1	1.008107233292888	-0.15267223325884358	230.0	13	1.05	0.95				
	112	1	0.0	0.0	0.0	0.0	1	1.0120300499274841	0.3715475210426306	230.0	13	1.05	0.95				
	113	3	156.95447801754386	31.983176652631577	0.0	0.0	1	1.0023410234431032	2.1159327108393364e-27	230.0	14	1.05	0.95				
	114	2	114.90252352982455	23.098960915789473	0.0	0.0	1	1.007658212487429	2.121979884082167	230.0	16	1.05	0.95				
	115	2	187.7530925719298	37.90598714385965	0.0	0.0	1	1.0424390660740457	9.328156691417908	230.0	16	1.05	0.95				
	116	2	59.2281049122807	11.84562098245614	0.0	0.0	1	1.0393304215461767	8.838520075694735	230.0	16	1.05	0.95				
	117	1	0.0	0.0	0.0	0.0	1	1.0452834672811988	11.70332341123912	230.0	17	1.05	0.95				
	118	2	197.22958935789475	40.275111340350875	0.0	0.0	1	1.0484426392076458	12.124224858078694	230.0	17	1.05	0.95				
	119	1	107.20286989122808	21.91439881754386	0.0	0.0	1	1.0325667102105893	7.428075779166407	230.0	15	1.05	0.95				
	120	1	75.8119742877193	15.399307277192984	0.0	0.0	1	1.0317034848226114	7.330953190701133	230.0	15	1.05	0.95				
	121	2	0.0	0.0	0.0	0.0	1	1.05	12.4720263421284	230.0	17	1.05	0.95				
	122	2	0.0	0.0	0.0	0.0	1	1.05	20.138281474615958	230.0	17	1.05	0.95				
	123	2	0.0	0.0	0.0	0.0	1	1.0325226231563527	7.724947525528923	230.0	15	1.05	0.95				
	124	1	0.0	0.0	0.0	0.0	1	1.024442835984351	5.931553326762479	230.0	16	1.05	0.95				
	201	2	63.37541319157896	12.909806390877193	0.0	0.0	2	1.032488004479307	-7.141381970928304	138.0	21	1.05	0.95				
	202	2	56.92050999614035	11.736187628070176	0.0	0.0	2	1.0326474870419753	-7.206115002607825	138.0	22	1.05	0.95				
	203	1	105.62568865263158	21.711947111929824	0.0	0.0	2	1.0247748937135153	-5.52953600220521	138.0	21	1.05	0.95				
	204	1	43.42389422385965	8.80214072105263	0.0	0.0	2	1.0183788874668087	-9.406520784763282	138.0	21	1.05	0.95				
	205	1	41.663466079649126	8.215331339649124	0.0	0.0	2	1.033662483107446	-9.654381635823942	138.0	21	1.05	0.95				
	206	1	79.80607587087721	16.430662679298248	0.0	-100.0	2	1.0412144834462569	-11.620010808519606	138.0	22	1.05	0.95				
	207	2	73.3511726754386	14.67023453508772	0.0	0.0	2	0.9879531843071693	-20.47556531775604	138.0	22	1.05	0.95				
	208	1	100.34440422	20.538328349122807	0.0	0.0	2	0.9891856744549776	-17.67141290073457	138.0	22	1.05	0.95				
	209	1	102.69164174561405	21.125137730526315	0.0	0.0	2	1.0245967815378367	-8.82516352876362	138.0	23	1.05	0.95				
	210	1	114.4278293736842	23.472375256140353	0.0	0.0	2	1.05	-10.3475127741948	138.0	23	1.05	0.95				
	211	1	0.0	0.0	0.0	0.0	2	1.012858638031522	-5.987161021641962	230.0	23	1.05	0.95				
	212	1	0.0	0.0	0.0	0.0	2	1.0159636220008412	-3.9672941903584817	230.0	23	1.05	0.95				
	213	2	155.50448607192985	31.68770659578948	0.0	0.0	2	1.011627279945203	-4.570105362034427	230.0	24	1.05	0.95				
	214	2	113.8410199922807	22.885565874736844	0.0	0.0	2	1.017665691509736	-3.583896953098664	230.0	26	1.05	0.95				
	215	2	186.01857390491227	37.55580040982456	0.0	0.0	2	1.034237548562464	3.350641951360463	230.0	26	1.05	0.95				
	216	2	58.68093814035088	11.736187628070176	0.0	0.0	2	1.036652507921329	3.381312101789673	230.0	26	1.05	0.95				
	217	1	0.0	0.0	0.0	0.0	2	1.040600440145824	6.267273507721102	230.0	27	1.05	0.95				
	218	2	195.40752400736844	39.903037935438604	0.0	0.0	2	1.0419485571391143	6.6821632253733485	230.0	27	1.05	0.95				
	219	1	106.2124980340351	21.711947111929824	0.0	0.0	2	1.0364769710982344	2.7790365457002784	230.0	25	1.05	0.95				
	220	1	75.11160081964913	15.257043916491227	0.0	0.0	2	1.0410036651106052	3.3723875597886717	230.0	25	1.05	0.95				
	221	2	0.0	0.0	0.0	0.0	2	1.0416531449210604	6.39528676668024	230.0	27	1.05	0.95				
	222	2	0.0	0.0	0.0	0.0	2	1.05	12.849017550692873	230.0	27	1.05	0.95				
	223	2	0.0	0.0	0.0	0.0	2	1.0449019308545135	4.129218405861691	230.0	25	1.05	0.95				
	224	1	0.0	0.0	0.0	0.0	2	1.01957354080273	0.02355875878722206	230.0	26	1.05	0.95				
	301	2	61.22619424421053	12.47200253122807	0.0	0.0	3	1.0078311466027108	-23.740837639362745	138.0	31	1.05	0.95				
	302	2	54.99019297859648	11.338184119298244	0.0	0.0	3	1.0071994348048552	-23.89780595408799	138.0	32	1.05	0.95				
	303	1	102.04365707368422	20.975640620701753	0.0	0.0	3	1.023515414825572	-16.386528534661785	138.0	31	1.05	0.95				
	304	1	41.95128124140351	8.503638089473684	0.0	0.0	3	1.0068622956254396	-22.112331858645174	138.0	31	1.05	0.95				
	305	1	40.250553623508765	7.9367288835087715	0.0	0.0	3	1.0211013891871448	-22.83537405436103	138.0	31	1.05	0.95				
	306	1	77.09965201122807	15.873457767017543	0.0	-100.0	3	1.0360795326026726	-22.969199144218607	138.0	32	1.05	0.95				
	307	2	70.86365074561402	14.172730149122806	0.0	0.0	3	0.9918148912478162	-29.685801536261682	138.0	32	1.05	0.95				
	308	1	96.94147421999999	19.841822208771926	0.0	0.0	3	0.9927226125115731	-26.993442774967658	138.0	32	1.05	0.95				
	309	1	99.20911104385965	20.408731414736838	0.0	0.0	3	1.025997051796775	-18.3350237822808	138.0	33	1.05	0.95				
	310	1	110.54729516315788	22.67636823859649	0.0	0.0	3	1.05	-20.11043136524779	138.0	33	1.05	0.95				
	311	1	0.0	0.0	0.0	0.0	3	1.0163216530770647	-13.080177881418008	230.0	33	1.05	0.95				
	312	1	0.0	0.0	0.0	0.0	3	1.0165783454221329	-12.65422064522988	230.0	33	1.05	0.95				
	313	2	150.23093958070172	30.613097122105266	0.0	0.0	3	1.0233256898241263	-9.467003406809713	230.0	34	1.05	0.95				
	314	2	109.98038595719296	22.10945903263158	0.0	0.0	3	1.02702957068739	-10.146311573281109	230.0	36	1.05	0.95				
	315	2	179.71021829087718	36.28218918175438	0.0	0.0	3	1.0466816068535074	-4.745738037309427	230.0	36	1.05	0.95				
	316	2	56.690920596491225	11.338184119298244	0.0	0.0	3	1.0459608738696347	-4.298513748713481	230.0	36	1.05	0.95				
	317	1	0.0	0.0	0.0	0.0	3	1.0478428580839478	-2.28480700916165	230.0	37	1.05	0.95				
	318	2	188.78076558631577	38.54982600561404	0.0	0.0	3	1.047716057506878	-2.0607048068025113	230.0	37	1.05	0.95				
	319	1	102.6105662796491	20.975640620701753	0.0	0.0	3	1.0424810133248297	-5.220989066639127	230.0	35	1.05	0.95				
	320	1	72.56437836350877	14.73963935508772	0.0	0.0	3	1.043144468180466	-5.2874205303437884	230.0	35	1.05	0.95				
	321	2	0.0	0.0	0.0	0.0	3	1.05	-1.3331313851470865	230.0	37	1.05	0.95				
	322	2	0.0	0.0	0.0	0.0	3	1.05	3.8215690343161506	230.0	37	1.05	0.95				
	323	2	0.0	0.0	0.0	0.0	3	1.0444589003874125	-4.976106202792021	230.0	35	1.05	0.95				
	324	1	0.0	0.0	0.0	0.0	3	1.0244863795868275	-8.332699380759161	230.0	36	1.05	0.95				
	325	1	0.0	0.0	0.0	0.0	3	1.0390804103157447	-3.5423042676968843	230.0	35	1.05	0.95				
];
