%% MATPOWER Case Format : Version 2
function mpc = RTS_GMLC
mpc.version = '2';

%%-----  Power Flow Data  -----%%
%% system MVA base
mpc.baseMVA = 100.0;
%% bus data
%    bus_i    type    Pd    Qd    Gs    Bs    area    Vm    Va    baseKV    zone    Vmax    Vmin
mpc.bus = [
	101	2	48.37555667368421	9.854280063157894	0.0	0.0	1	1.013349532187773	-4.206177140219423	138.0	11	1.05	0.95				
	102	2	43.44841664210526	8.958436421052632	0.0	0.0	1	1.0131203124929022	-4.457536403539567	138.0	12	1.05	0.95				
	103	1	80.62592778947368	16.57310737894737	0.0	0.0	1	1.0034087237579863	0.5428562382195902	138.0	11	1.05	0.95				
	104	1	33.14621475789474	6.718827315789473	0.0	0.0	1	1.0031597421498297	-4.5106854956896445	138.0	11	1.05	0.95				
	105	1	31.80244929473684	6.270905494736842	0.0	0.0	1	1.0165332122519772	-5.671310079616411	138.0	11	1.05	0.95				
	106	1	60.9173676631579	12.541810989473683	0.0	-100.0	1	1.0258270066112083	-7.018125201228991	138.0	12	1.05	0.95				
	107	2	55.990227631578946	11.19804552631579	0.0	0.0	1	0.9870216604402757	-11.404872865157742	138.0	12	1.05	0.95				
	108	1	76.5946314	15.677263736842104	0.0	0.0	1	0.9868036125182121	-10.015068560737998	138.0	12	1.05	0.95				
	109	1	78.38631868421052	16.125185557894735	0.0	0.0	1	1.002983024960891	-3.6976384194902923	138.0	13	1.05	0.95				
	110	1	87.34475510526315	17.916872842105263	0.0	0.0	1	1.0306326955442529	-5.681763184258685	138.0	13	1.05	0.95				
	111	1	0.0	0.0	0.0	0.0	1	0.984660534942421	-0.8567534504960399	230.0	13	1.05	0.95				
	112	1	0.0	0.0	0.0	0.0	1	0.9848945742937095	-1.6312678840342287	230.0	13	1.05	0.95				
	113	3	118.69928257894735	24.187778336842104	0.0	0.0	1	0.9685807840624052	3.2003809568133182e-27	230.0	14	1.05	0.95				
	114	2	86.89683328421052	17.468951021052632	0.0	0.0	1	0.9953716990790145	2.3445633816085736	230.0	16	1.05	0.95				
	115	2	141.9912172736842	28.666996547368424	0.0	0.0	1	0.9978955565958685	11.440728802512329	230.0	16	1.05	0.95				
	116	2	44.79218210526316	8.958436421052632	0.0	0.0	1	0.9959055100974872	9.921389056413963	230.0	16	1.05	0.95				
	117	1	0.0	0.0	0.0	0.0	1	0.9997832310305923	15.743740118846326	230.0	17	1.05	0.95				
	118	2	149.1579664105263	30.45868383157895	0.0	0.0	1	1.0092282968063095	16.246854897689474	230.0	17	1.05	0.95				
	119	1	81.07384961052631	16.57310737894737	0.0	0.0	1	0.9937376110060685	6.283572241506819	230.0	15	1.05	0.95				
	120	1	57.33399309473685	11.64596734736842	0.0	0.0	1	0.9972144868957726	3.588576259916374	230.0	15	1.05	0.95				
	121	2	0.0	0.0	0.0	0.0	1	1.0099647610144926	17.549768500586072	230.0	17	1.05	0.95				
	122	2	0.0	0.0	0.0	0.0	1	1.0172759861648835	35.46642509052473	230.0	17	1.05	0.95				
	123	2	0.0	0.0	0.0	0.0	1	1.000367777738911	2.476198214116126	230.0	15	1.05	0.95				
	124	1	0.0	0.0	0.0	0.0	1	0.9869005723109542	7.294175082079133	230.0	16	1.05	0.95				
	201	2	47.191563056842114	9.613096178245614	0.0	0.0	2	1.0106920074161692	-12.566493276931322	138.0	21	1.05	0.95				
	202	2	42.3850149677193	8.739178343859649	0.0	0.0	2	1.0095180373493016	-12.789826106673653	138.0	22	1.05	0.95				
	203	1	78.65260509473686	16.16747993614035	0.0	0.0	2	0.9968866007349428	-9.546199197402256	138.0	21	1.05	0.95				
	204	1	32.3349598722807	6.554383757894737	0.0	0.0	2	1.000284268162864	-11.89212776031411	138.0	21	1.05	0.95				
	205	1	31.02408312070175	6.117424840701755	0.0	0.0	2	1.0166068328228903	-12.265639532591461	138.0	21	1.05	0.95				
	206	1	59.42641273824562	12.23484968140351	0.0	-100.0	2	1.0276958351275476	-12.641264621499023	138.0	22	1.05	0.95				
	207	2	54.6198646491228	10.923972929824561	0.0	0.0	2	0.9711217433576429	-18.017893180734543	138.0	22	1.05	0.95				
	208	1	74.71997484	15.293562101754384	0.0	0.0	2	0.9784264189236278	-15.972762353672834	138.0	22	1.05	0.95				
	209	1	76.46781050877193	15.73052101894737	0.0	0.0	2	1.0061750278875405	-9.292506440546742	138.0	23	1.05	0.95				
	210	1	85.20698885263158	17.478356687719298	0.0	0.0	2	1.0334540219666313	-10.518767749577231	138.0	23	1.05	0.95				
	211	1	0.0	0.0	0.0	0.0	2	0.9885958296290496	-6.654056959130106	230.0	23	1.05	0.95				
	212	1	0.0	0.0	0.0	0.0	2	0.9907124185160145	-2.240039507430548	230.0	23	1.05	0.95				
	213	2	115.79411305614036	23.595781528421057	0.0	0.0	2	0.9863455241859994	-4.226258853670831	230.0	24	1.05	0.95				
	214	2	84.7700299354386	17.041397770526316	0.0	0.0	2	0.9860205921066091	-5.40086586806455	230.0	26	1.05	0.95				
	215	2	138.51597675017544	27.965370700350878	0.0	0.0	2	0.9929720713053233	-0.23147749980459617	230.0	26	1.05	0.95				
	216	2	43.695891719298245	8.739178343859649	0.0	0.0	2	0.9917211428675891	-0.7357821826160066	230.0	26	1.05	0.95				
	217	1	0.0	0.0	0.0	0.0	2	1.001059785058455	0.6285604173363006	230.0	27	1.05	0.95				
	218	2	145.50731942526315	29.71320636912281	0.0	0.0	2	1.0014691949529453	0.15122532256415183	230.0	27	1.05	0.95				
	219	1	79.08956401192982	16.16747993614035	0.0	0.0	2	0.9871692958854211	-0.2350740129059279	230.0	25	1.05	0.95				
	220	1	55.930741400701756	11.360931847017545	0.0	0.0	2	0.9866398805025663	1.1233058857876175	230.0	25	1.05	0.95				
	221	2	0.0	0.0	0.0	0.0	2	1.0038535979271304	0.7927743747492793	230.0	27	1.05	0.95				
	222	2	0.0	0.0	0.0	0.0	2	1.0223267467300061	7.076636716143839	230.0	27	1.05	0.95				
	223	2	0.0	0.0	0.0	0.0	2	0.9875475878113327	2.2341020500874764	230.0	25	1.05	0.95				
	224	1	0.0	0.0	0.0	0.0	2	0.9832899821730298	-3.7707875259088603	230.0	26	1.05	0.95				
	301	2	53.846251200000005	10.9686808	0.0	0.0	3	1.0066175525513235	17.991466638546058	138.0	31	1.05	0.95				
	302	2	48.3619108	9.971528000000001	0.0	0.0	3	1.006862925067296	17.920253559823845	138.0	32	1.05	0.95				
	303	1	89.743752	18.4473268	0.0	0.0	3	0.997071783730409	22.005282732261037	138.0	31	1.05	0.95				
	304	1	36.8946536	7.4786459999999995	0.0	0.0	3	0.9986219814105484	19.673686774940204	138.0	31	1.05	0.95				
	305	1	35.3989244	6.980069600000001	0.0	0.0	3	1.0146083592396968	19.52395190899792	138.0	31	1.05	0.95				
	306	1	67.8063904	13.960139200000002	0.0	-100.0	3	1.0276412059355824	19.796361597527042	138.0	32	1.05	0.95				
	307	2	62.32205	12.464409999999999	0.0	0.0	3	0.9701285875178741	16.620955124838147	138.0	32	1.05	0.95				
	308	1	85.25656439999999	17.450174	0.0	0.0	3	0.9839326304594918	18.86107859394582	138.0	32	1.05	0.95				
	309	1	87.25086999999999	17.948750399999998	0.0	0.0	3	1.008734621529059	23.223857200451036	138.0	33	1.05	0.95				
	310	1	97.22239799999998	19.943056000000002	0.0	0.0	3	1.0369034843117204	22.704834296581808	138.0	33	1.05	0.95				
	311	1	0.0	0.0	0.0	0.0	3	0.9894040995907046	28.255811885562633	230.0	33	1.05	0.95				
	312	1	0.0	0.0	0.0	0.0	3	0.9974398059674008	28.41401481666562	230.0	33	1.05	0.95				
	313	2	132.12274599999998	26.923125600000002	0.0	0.0	3	1.0004442787165497	33.250464904924556	230.0	34	1.05	0.95				
	314	2	96.7238216	19.4444796	0.0	0.0	3	0.9817643851683223	29.276246165282142	230.0	36	1.05	0.95				
	315	2	158.0487188	31.908889600000002	0.0	0.0	3	0.9871508405797479	26.852188006715206	230.0	36	1.05	0.95				
	316	2	49.857639999999996	9.971528000000001	0.0	0.0	3	0.978716873990021	28.06280749625327	230.0	36	1.05	0.95				
	317	1	0.0	0.0	0.0	0.0	3	0.9945407264357788	30.45130240772922	230.0	37	1.05	0.95				
	318	2	166.0259412	33.9031952	0.0	0.0	3	0.9897674317419084	26.6491692674303	230.0	37	1.05	0.95				
	319	1	90.24232839999999	18.4473268	0.0	0.0	3	0.9889730798274402	28.612658441009078	230.0	35	1.05	0.95				
	320	1	63.817779200000004	12.962986400000002	0.0	0.0	3	0.9980286813586444	28.40038692655847	230.0	35	1.05	0.95				
	321	2	0.0	0.0	0.0	0.0	3	0.9966836126131918	27.366306359333688	230.0	37	1.05	0.95				
	322	2	0.0	0.0	0.0	0.0	3	1.0149610309400097	32.75907141442418	230.0	37	1.05	0.95				
	323	2	0.0	0.0	0.0	0.0	3	1.002303863294248	27.974112874741415	230.0	35	1.05	0.95				
	324	1	0.0	0.0	0.0	0.0	3	0.9866124009984476	27.022430130366455	230.0	36	1.05	0.95				
	325	1	0.0	0.0	0.0	0.0	3	1.0042416293646472	27.09394130024198	230.0	35	1.05	0.95				
];
