%% MATPOWER Case Format : Version 2
function mpc = RTS_GMLC
mpc.version = '2';

%%-----  Power Flow Data  -----%%
%% system MVA base
mpc.baseMVA = 100.0;
%% bus data
%    bus_i    type    Pd    Qd    Gs    Bs    area    Vm    Va    baseKV    zone    Vmax    Vmin
mpc.bus = [
	101	2	36.92627412252632	7.522018802736842	0.0	0.0	1	1.0095767434001004	0.20652616295908702	138.0	11	1.05	0.95				
	102	2	33.1652647211579	6.838198911578948	0.0	0.0	1	1.0076162941161717	-0.3745474718747326	138.0	12	1.05	0.95				
	103	1	61.54379020421054	12.650667986421052	0.0	0.0	1	1.0274571254867852	3.164893914245456	138.0	11	1.05	0.95				
	104	1	25.301335972842104	5.12864918368421	0.0	0.0	1	1.0118704759785486	-1.6894934640938633	138.0	11	1.05	0.95				
	105	1	24.275606136105264	4.786739238105263	0.0	0.0	1	1.025422673580886	-1.853915293411675	138.0	11	1.05	0.95				
	106	1	46.49975259873685	9.573478476210527	0.0	-100.0	1	1.0423842803118506	-3.492863881779163	138.0	12	1.05	0.95				
	107	2	42.73874319736842	8.547748639473685	0.0	0.0	1	0.9826653428473369	-9.685970416024697	138.0	12	1.05	0.95				
	108	1	58.46660069400001	11.966848095263158	0.0	0.0	1	0.9957407497044741	-7.489638860182658	138.0	12	1.05	0.95				
	109	1	59.83424047631579	12.308758040842104	0.0	0.0	1	1.0243564457262115	-1.3231442426415763	138.0	13	1.05	0.95				
	110	1	66.67243938789473	13.676397823157895	0.0	0.0	1	1.05	-2.7995836697167813	138.0	13	1.05	0.95				
	111	1	0.0	0.0	0.0	0.0	1	1.0128444143396724	1.0227071542567052	230.0	13	1.05	0.95				
	112	1	0.0	0.0	0.0	0.0	1	1.0103123128054519	-0.29739097527423564	230.0	13	1.05	0.95				
	113	3	90.60613557842106	18.46313706126316	0.0	0.0	1	0.9879650879467641	3.340683299398746e-31	230.0	14	1.05	0.95				
	114	2	66.3305294423158	13.33448787757895	0.0	0.0	1	1.0382052309755612	4.9434902605066195	230.0	16	1.05	0.95				
	115	2	108.38545274852632	21.882236517052633	0.0	0.0	1	1.0419550204319092	14.604434821067553	230.0	16	1.05	0.95				
	116	2	34.19099455789474	6.838198911578948	0.0	0.0	1	1.0408574347191877	12.66024355116749	230.0	16	1.05	0.95				
	117	1	0.0	0.0	0.0	0.0	1	1.0404319686722991	18.78140871031677	230.0	17	1.05	0.95				
	118	2	113.85601187778948	23.249876299368424	0.0	0.0	1	1.0496816788834955	19.432838314977776	230.0	17	1.05	0.95				
	119	1	61.88570014978948	12.650667986421052	0.0	0.0	1	1.0363431143781692	8.1258643862433	230.0	15	1.05	0.95				
	120	1	43.764473034105265	8.889658585052631	0.0	0.0	1	1.039050162251691	4.837914891848461	230.0	15	1.05	0.95				
	121	2	0.0	0.0	0.0	0.0	1	1.0433328417926586	20.926560553744093	230.0	17	1.05	0.95				
	122	2	0.0	0.0	0.0	0.0	1	1.05	38.88716643089537	230.0	17	1.05	0.95				
	123	2	0.0	0.0	0.0	0.0	1	1.0415913912528936	3.2943074453481507	230.0	15	1.05	0.95				
	124	1	0.0	0.0	0.0	0.0	1	1.0222152343620163	10.33441620214392	230.0	16	1.05	0.95				
	201	2	38.72564143578948	7.888556588771929	0.0	0.0	2	1.0139930720164758	-16.629282085857067	138.0	21	1.05	0.95				
	202	2	34.7813631414035	7.171415080701754	0.0	0.0	2	1.013147854125921	-16.93561345546556	138.0	22	1.05	0.95				
	203	1	64.5427357263158	13.267117899298245	0.0	0.0	2	1.0115265580263582	-12.048897328610519	138.0	21	1.05	0.95				
	204	1	26.53423579859649	5.378561310526315	0.0	0.0	2	1.0121260746636453	-16.75876460785682	138.0	21	1.05	0.95				
	205	1	25.458523536491224	5.019990556491228	0.0	0.0	2	1.027773565262857	-17.234657238582738	138.0	21	1.05	0.95				
	206	1	48.76562254877193	10.039981112982456	0.0	-100.0	2	1.043689109954622	-18.046673817715313	138.0	22	1.05	0.95				
	207	2	44.82134425438596	8.964268850877193	0.0	0.0	2	0.9966454450778033	-22.25906585580339	138.0	22	1.05	0.95				
	208	1	61.315598939999994	12.549976391228068	0.0	0.0	2	1.0033289885393777	-20.67889872513677	138.0	22	1.05	0.95				
	209	1	62.74988195614035	12.908547145263158	0.0	0.0	2	1.0210534960159754	-15.117877206035931	138.0	23	1.05	0.95				
	210	1	69.9212970368421	14.342830161403509	0.0	0.0	2	1.05	-16.683643027707426	138.0	23	1.05	0.95				
	211	1	0.0	0.0	0.0	0.0	2	1.0047862231845417	-12.527791408425085	230.0	23	1.05	0.95				
	212	1	0.0	0.0	0.0	0.0	2	1.0055843590239384	-12.417518231824584	230.0	23	1.05	0.95				
	213	2	95.02124981929823	19.36282071789474	0.0	0.0	2	0.9963335525934606	-11.863753979660183	230.0	24	1.05	0.95				
	214	2	69.562726282807	13.984259407368421	0.0	0.0	2	1.0090590049067332	-9.628820115707526	230.0	26	1.05	0.95				
	215	2	113.66692902912281	22.948528258245613	0.0	0.0	2	1.0232667113948817	-2.576815749901851	230.0	26	1.05	0.95				
	216	2	35.85707540350877	7.171415080701754	0.0	0.0	2	1.0255846847327355	-3.36483170857448	230.0	26	1.05	0.95				
	217	1	0.0	0.0	0.0	0.0	2	1.0328496345642713	-1.0394342404575458	230.0	27	1.05	0.95				
	218	2	119.4040610936842	24.382811274385965	0.0	0.0	2	1.0317912659581412	-1.4780165247972545	230.0	27	1.05	0.95				
	219	1	64.90130648035087	13.267117899298245	0.0	0.0	2	1.0212903738759542	-4.7630734803224755	230.0	25	1.05	0.95				
	220	1	45.897056516491226	9.32283960491228	0.0	0.0	2	1.0199721338986343	-5.274574870015796	230.0	25	1.05	0.95				
	221	2	0.0	0.0	0.0	0.0	2	1.0319646070091122	-1.04482620930406	230.0	27	1.05	0.95				
	222	2	0.0	0.0	0.0	0.0	2	1.05	5.452189716707973	230.0	27	1.05	0.95				
	223	2	0.0	0.0	0.0	0.0	2	1.019445462453663	-5.274777466639881	230.0	25	1.05	0.95				
	224	1	0.0	0.0	0.0	0.0	2	1.007202483693582	-6.118063592133739	230.0	26	1.05	0.95				
	301	2	44.05757672842106	8.974691555789475	0.0	0.0	3	1.0120628364477648	4.365802060529742	138.0	31	1.05	0.95				
	302	2	39.57023095052632	8.158810505263158	0.0	0.0	3	1.0116588036051462	4.055468348955554	138.0	32	1.05	0.95				
	303	1	73.42929454736843	15.093799434736843	0.0	0.0	3	1.048248331301912	16.27047060463336	138.0	31	1.05	0.95				
	304	1	30.187598869473685	6.119107878947369	0.0	0.0	3	1.012107236924003	5.04767874414948	138.0	31	1.05	0.95				
	305	1	28.963777293684213	5.711167353684211	0.0	0.0	3	1.026078499388921	3.3565452685052737	138.0	31	1.05	0.95				
	306	1	55.47991143578949	11.422334707368423	0.0	-100.0	3	1.0418395466510901	2.2910937175876382	138.0	32	1.05	0.95				
	307	2	50.99256565789474	10.198513131578949	0.0	0.0	3	0.9877108283729614	-1.646213132583638	138.0	32	1.05	0.95				
	308	1	69.75782982000001	14.277918384210528	0.0	0.0	3	0.9967771968633979	0.15961714483728004	138.0	32	1.05	0.95				
	309	1	71.38959192105264	14.685858909473684	0.0	0.0	3	1.0246436776451253	7.541242515989765	138.0	33	1.05	0.95				
	310	1	79.5484024263158	16.317621010526317	0.0	0.0	3	1.05	3.6628254371776054	138.0	33	1.05	0.95				
	311	1	0.0	0.0	0.0	0.0	3	1.0082254687843788	7.480735720968439	230.0	33	1.05	0.95				
	312	1	0.0	0.0	0.0	0.0	3	1.0128817674246742	8.282156013730223	230.0	33	1.05	0.95				
	313	2	108.10423919473683	22.02878836421053	0.0	0.0	3	1.010081351742395	10.3295520840087	230.0	34	1.05	0.95				
	314	2	79.14046190105265	15.909680485263161	0.0	0.0	3	1.0019597163027936	6.970093960398856	230.0	36	1.05	0.95				
	315	2	129.31714650842105	26.108193616842108	0.0	0.0	3	1.0400349218219367	8.65609303901283	230.0	36	1.05	0.95				
	316	2	40.794052526315795	8.158810505263158	0.0	0.0	3	1.031873201120129	8.684480425846752	230.0	36	1.05	0.95				
	317	1	0.0	0.0	0.0	0.0	3	1.0430486243150099	10.32429945912303	230.0	37	1.05	0.95				
	318	2	135.8441949126316	27.739955717894745	0.0	0.0	3	1.0410664774075677	8.28503719652709	230.0	37	1.05	0.95				
	319	1	73.83723507263159	15.093799434736843	0.0	0.0	3	1.0233885823657645	8.809410566206163	230.0	35	1.05	0.95				
	320	1	52.216387233684216	10.606453656842106	0.0	0.0	3	1.018690347647626	9.72353320208283	230.0	35	1.05	0.95				
	321	2	0.0	0.0	0.0	0.0	3	1.0420235069446047	9.01516651517941	230.0	37	1.05	0.95				
	322	2	0.0	0.0	0.0	0.0	3	1.05	13.853983072260558	230.0	37	1.05	0.95				
	323	2	0.0	0.0	0.0	0.0	3	1.0168498285227232	10.551843709892054	230.0	35	1.05	0.95				
	324	1	0.0	0.0	0.0	0.0	3	1.0404862812288382	11.570997126165095	230.0	36	1.05	0.95				
	325	1	0.0	0.0	0.0	0.0	3	1.0168313620396412	11.444695552859999	230.0	35	1.05	0.95				
];
