%% MATPOWER Case Format : Version 2
function mpc = RTS_GMLC
mpc.version = '2';

%%-----  Power Flow Data  -----%%
%% system MVA base
mpc.baseMVA = 100.0;
%% bus data
%    bus_i    type    Pd    Qd    Gs    Bs    area    Vm    Va    baseKV    zone    Vmax    Vmin
mpc.bus = [
	101	2	45.59673429473685	9.28822365263158	0.0	0.0	1	1.0329035904824513	1.0785798061370642	138.0	11	1.05	0.95				
	102	2	40.952622468421055	8.443839684210527	0.0	0.0	1	1.032015060260389	0.8201496197850336	138.0	12	1.05	0.95				
	103	1	75.99455715789473	15.621103415789475	0.0	0.0	1	1.0270924595575954	-0.34121051876706465	138.0	11	1.05	0.95				
	104	1	31.24220683157895	6.332879763157894	0.0	0.0	1	1.020948342636607	-2.047014333236581	138.0	11	1.05	0.95				
	105	1	29.975630878947367	5.910687778947369	0.0	0.0	1	1.03578480824753	-1.849674496155534	138.0	11	1.05	0.95				
	106	1	57.41810985263158	11.821375557894738	0.0	-100.0	1	1.0454987202891572	-3.959419862963532	138.0	12	1.05	0.95				
	107	2	52.773998026315795	10.554799605263158	0.0	0.0	1	1.0009521906087275	-9.564416826002384	138.0	12	1.05	0.95				
	108	1	72.19482930000001	14.776719447368421	0.0	0.0	1	1.004653078627097	-8.129232886315501	138.0	12	1.05	0.95				
	109	1	73.8835972368421	15.19891143157895	0.0	0.0	1	1.0244369944621536	-2.677209391758833	138.0	13	1.05	0.95				
	110	1	82.32743692105264	16.887679368421054	0.0	0.0	1	1.05	-3.484637000797334	138.0	13	1.05	0.95				
	111	1	0.0	0.0	0.0	0.0	1	1.0033013712669658	-0.6599161766883571	230.0	13	1.05	0.95				
	112	1	0.0	0.0	0.0	0.0	1	1.0082527764419966	-0.4176251468598429	230.0	13	1.05	0.95				
	113	3	111.88087581578947	22.798367147368424	0.0	0.0	1	0.9964467042243953	-9.082446872207711e-31	230.0	14	1.05	0.95				
	114	2	81.90524493684211	16.46548738421053	0.0	0.0	1	0.9998137101854958	1.320190992459493	230.0	16	1.05	0.95				
	115	2	133.83485899473683	27.020286989473686	0.0	0.0	1	1.0335394371084425	6.974057018226023	230.0	16	1.05	0.95				
	116	2	42.21919842105263	8.443839684210527	0.0	0.0	1	1.030228079359895	6.5749384622889355	230.0	16	1.05	0.95				
	117	1	0.0	0.0	0.0	0.0	1	1.0373270536991026	9.01058550499947	230.0	17	1.05	0.95				
	118	2	140.58993074210528	28.70905492631579	0.0	0.0	1	1.039748009376457	9.180067950986459	230.0	17	1.05	0.95				
	119	1	76.41674914210526	15.621103415789475	0.0	0.0	1	1.0240570464395367	5.256813713145656	230.0	15	1.05	0.95				
	120	1	54.04057397894737	10.976991589473686	0.0	0.0	1	1.0217728091262175	4.931429473939416	230.0	15	1.05	0.95				
	121	2	0.0	0.0	0.0	0.0	1	1.0428139102077967	10.313668067471925	230.0	17	1.05	0.95				
	122	2	0.0	0.0	0.0	0.0	1	1.05	17.53348682551847	230.0	17	1.05	0.95				
	123	2	0.0	0.0	0.0	0.0	1	1.021016686081651	5.080994059128464	230.0	15	1.05	0.95				
	124	1	0.0	0.0	0.0	0.0	1	1.0216704793440705	4.227353865163165	230.0	16	1.05	0.95				
	201	2	47.85455690526316	9.748150480701755	0.0	0.0	2	1.0265203746415295	-9.179075688098115	138.0	21	1.05	0.95				
	202	2	42.980481664912276	8.86195498245614	0.0	0.0	2	1.0275344765833396	-8.977779425523806	138.0	22	1.05	0.95				
	203	1	79.75759484210526	16.39461671754386	0.0	0.0	2	1.0166936740963983	-8.556292939862043	138.0	21	1.05	0.95				
	204	1	32.78923343508772	6.646466236842105	0.0	0.0	2	1.018070569639923	-10.610543336325359	138.0	21	1.05	0.95				
	205	1	31.459940187719297	6.203368487719299	0.0	0.0	2	1.0328667251973174	-10.872836664039431	138.0	21	1.05	0.95				
	206	1	60.26129388070176	12.406736975438598	0.0	-100.0	2	1.0444077066701485	-12.215649416221323	138.0	22	1.05	0.95				
	207	2	55.38721864035088	11.077443728070175	0.0	0.0	2	0.9925659324749967	-18.637057657877985	138.0	22	1.05	0.95				
	208	1	75.7697151	15.508421219298246	0.0	0.0	2	0.9979829698936242	-16.620208232240966	138.0	22	1.05	0.95				
	209	1	77.54210609649122	15.951518968421052	0.0	0.0	2	1.022907303804039	-10.1283142317704	138.0	23	1.05	0.95				
	210	1	86.40406107894736	17.72390996491228	0.0	0.0	2	1.05	-11.171188522976022	138.0	23	1.05	0.95				
	211	1	0.0	0.0	0.0	0.0	2	1.0055205849209545	-7.380093712359089	230.0	23	1.05	0.95				
	212	1	0.0	0.0	0.0	0.0	2	1.0080589056698854	-6.367263867021614	230.0	23	1.05	0.95				
	213	2	117.42090351754386	23.92727845263158	0.0	0.0	2	1.0013368699820495	-5.965429485459836	230.0	24	1.05	0.95				
	214	2	85.96096332982455	17.280812215789474	0.0	0.0	2	1.0052393795904542	-5.233895239870863	230.0	26	1.05	0.95				
	215	2	140.46198647192983	28.35825594385965	0.0	0.0	2	1.0219262740551573	0.4497570906703314	230.0	26	1.05	0.95				
	216	2	44.3097749122807	8.86195498245614	0.0	0.0	2	1.0233919816028212	0.5039125106250104	230.0	26	1.05	0.95				
	217	1	0.0	0.0	0.0	0.0	2	1.0280540279400099	2.111086716218852	230.0	27	1.05	0.95				
	218	2	147.55155045789473	30.13064694035088	0.0	0.0	2	1.0272579480801332	1.5650878941050483	230.0	27	1.05	0.95				
	219	1	80.20069259122808	16.39461671754386	0.0	0.0	2	1.024120207363444	0.7624127660125763	230.0	25	1.05	0.95				
	220	1	56.7165118877193	11.520541477192983	0.0	0.0	2	1.0278842257999998	1.8523899105353165	230.0	25	1.05	0.95				
	221	2	0.0	0.0	0.0	0.0	2	1.0289826220181748	1.9993268751276605	230.0	27	1.05	0.95				
	222	2	0.0	0.0	0.0	0.0	2	1.0499999878429227	8.534269392330472	230.0	27	1.05	0.95				
	223	2	0.0	0.0	0.0	0.0	2	1.0309182530771517	2.786453340629852	230.0	25	1.05	0.95				
	224	1	0.0	0.0	0.0	0.0	2	1.008840428988194	-2.9394367810772497	230.0	26	1.05	0.95				
	301	2	41.665928513684214	8.487503956491228	0.0	0.0	3	1.0099463010179808	-10.88209747622943	138.0	31	1.05	0.95				
	302	2	37.422176535438595	7.7159126877193	0.0	0.0	3	1.0099465557433185	-10.925283812526837	138.0	32	1.05	0.95				
	303	1	69.4432141894737	14.274438472280702	0.0	0.0	3	1.021018022624623	-6.636394075266485	138.0	31	1.05	0.95				
	304	1	28.548876944561403	5.786934515789474	0.0	0.0	3	1.0135062855907258	-8.967763209222573	138.0	31	1.05	0.95				
	305	1	27.39149004140351	5.40113888140351	0.0	0.0	3	1.025136384330575	-10.495628239456565	138.0	31	1.05	0.95				
	306	1	52.46820627649124	10.80227776280702	0.0	-100.0	3	1.0421767405076234	-10.738402651283582	138.0	32	1.05	0.95				
	307	2	48.22445429824562	9.644890859649124	0.0	0.0	3	0.9923313221539469	-14.115804793649096	138.0	32	1.05	0.95				
	308	1	65.97105348	13.502847203508772	0.0	0.0	3	1.0013437085369832	-12.431420173456697	138.0	32	1.05	0.95				
	309	1	67.51423601754387	13.888642837894738	0.0	0.0	3	1.0287460143138956	-5.799814977033364	138.0	33	1.05	0.95				
	310	1	75.23014870526316	15.4318253754386	0.0	0.0	3	1.05	-8.865194220839344	138.0	33	1.05	0.95				
	311	1	0.0	0.0	0.0	0.0	3	1.004129312956745	-3.9997119525534695	230.0	33	1.05	0.95				
	312	1	0.0	0.0	0.0	0.0	3	1.0098566077836741	-3.5088714237843326	230.0	33	1.05	0.95				
	313	2	102.2358431122807	20.832964256842107	0.0	0.0	3	1.006425983605948	-0.9135653656309279	230.0	34	1.05	0.95				
	314	2	74.84435307087719	15.046029741052633	0.0	0.0	3	0.9950586697734891	-3.206573516814494	230.0	36	1.05	0.95				
	315	2	122.29721610035087	24.690920600701755	0.0	0.0	3	1.0228323372701114	-0.13523170074957264	230.0	36	1.05	0.95				
	316	2	38.579563438596495	7.7159126877193	0.0	0.0	3	1.0209775806246415	0.193540470841302	230.0	36	1.05	0.95				
	317	1	0.0	0.0	0.0	0.0	3	1.0327695718012835	3.7080252537271052	230.0	37	1.05	0.95				
	318	2	128.46994625052633	26.23410313824562	0.0	0.0	3	1.0307745148011629	2.469936546443749	230.0	37	1.05	0.95				
	319	1	69.82900982385965	14.274438472280702	0.0	0.0	3	1.0156372148223696	-0.364524643852729	230.0	35	1.05	0.95				
	320	1	49.38184120140351	10.03068649403509	0.0	0.0	3	1.0134434744119947	-0.08146962808537707	230.0	35	1.05	0.95				
	321	2	0.0	0.0	0.0	0.0	3	1.030587328676942	2.187557530800592	230.0	37	1.05	0.95				
	322	2	0.0	0.0	0.0	0.0	3	1.0453146333431442	7.129414899377325	230.0	37	1.05	0.95				
	323	2	0.0	0.0	0.0	0.0	3	1.012687570868219	0.3815962654792862	230.0	35	1.05	0.95				
	324	1	0.0	0.0	0.0	0.0	3	1.0135875739864013	-2.5878549136907933	230.0	36	1.05	0.95				
	325	1	0.0	0.0	0.0	0.0	3	1.0131582383505773	1.2423370558440068	230.0	35	1.05	0.95				
];
