%% MATPOWER Case Format : Version 2
function mpc = RTS_GMLC
mpc.version = '2';

%%-----  Power Flow Data  -----%%
%% system MVA base
mpc.baseMVA = 100.0;
%% bus data
%    bus_i    type    Pd    Qd    Gs    Bs    area    Vm    Va    baseKV    zone    Vmax    Vmin
mpc.bus = [
	101	2	45.316180117894746	9.231073727719298	0.0	0.0	1	1.0317172231773348	0.736676167972829	138.0	11	1.05	0.95				
	102	2	40.70064325403509	8.391885207017545	0.0	0.0	1	1.0297593343340912	0.21510898182713248	138.0	12	1.05	0.95				
	103	1	75.5269668631579	15.524987632982457	0.0	0.0	1	1.0346482425887837	1.2456828444767634	138.0	11	1.05	0.95				
	104	1	31.049975265964914	6.2939139052631585	0.0	0.0	1	1.0234969490118229	-1.6658148893290539	138.0	11	1.05	0.95				
	105	1	29.791192484912283	5.874319644912282	0.0	0.0	1	1.0351847045103637	-2.2300885888445436	138.0	11	1.05	0.95				
	106	1	57.064819407719305	11.748639289824563	0.0	-100.0	1	1.045084164987871	-4.421135531774128	138.0	12	1.05	0.95				
	107	2	52.44928254385965	10.48985650877193	0.0	0.0	1	1.0001803341575555	-10.179615273919254	138.0	12	1.05	0.95				
	108	1	71.75061852	14.685799112280701	0.0	0.0	1	1.0042088039316324	-8.536866550030654	138.0	12	1.05	0.95				
	109	1	73.42899556140351	15.105393372631578	0.0	0.0	1	1.0252817804585266	-2.561863361016433	138.0	13	1.05	0.95				
	110	1	81.82088076842106	16.78377041403509	0.0	0.0	1	1.05	-3.90824260609889	138.0	13	1.05	0.95				
	111	1	0.0	0.0	0.0	0.0	1	1.0043656620773715	-0.7242028197104512	230.0	13	1.05	0.95				
	112	1	0.0	0.0	0.0	0.0	1	1.0084494311949925	-1.2048220497791677	230.0	13	1.05	0.95				
	113	3	111.19247899298246	22.658090058947373	0.0	0.0	1	0.996753872957257	4.073319787745872e-28	230.0	14	1.05	0.95				
	114	2	81.40128650807019	16.364176153684213	0.0	0.0	1	1.0025093265338052	1.287643834191282	230.0	16	1.05	0.95				
	115	2	133.01138053122807	26.85403266245614	0.0	0.0	1	1.039364862828256	7.859545596978862	230.0	16	1.05	0.95				
	116	2	41.95942603508772	8.391885207017545	0.0	0.0	1	1.0345698047289507	6.55001857593083	230.0	16	1.05	0.95				
	117	1	0.0	0.0	0.0	0.0	1	1.042332185725166	10.314859978402723	230.0	17	1.05	0.95				
	118	2	139.72488869684213	28.532409703859653	0.0	0.0	1	1.0467993297446079	11.261300064096895	230.0	17	1.05	0.95				
	119	1	75.94656112350879	15.524987632982457	0.0	0.0	1	1.0231903554809003	3.9855769546345807	230.0	15	1.05	0.95				
	120	1	53.70806532491228	10.909450769122808	0.0	0.0	1	1.0165988251667326	2.0571276884062604	230.0	15	1.05	0.95				
	121	2	0.0	0.0	0.0	0.0	1	1.0494220126438245	12.654033831884568	230.0	17	1.05	0.95				
	122	2	0.0	0.0	0.0	0.0	1	1.05	18.341030311167835	230.0	17	1.05	0.95				
	123	2	0.0	0.0	0.0	0.0	1	1.0136904459968403	1.3178096918215678	230.0	15	1.05	0.95				
	124	1	0.0	0.0	0.0	0.0	1	1.0287822195375347	5.37267359294194	230.0	16	1.05	0.95				
	201	2	44.42058871578948	9.048638442105265	0.0	0.0	2	1.0157005557044791	-12.644846509426966	138.0	21	1.05	0.95				
	202	2	39.89626949473684	8.226034947368422	0.0	0.0	2	1.0148905267599473	-12.893061764538647	138.0	22	1.05	0.95				
	203	1	74.0343145263158	15.21816465263158	0.0	0.0	2	1.0140503317487084	-9.720030992384965	138.0	21	1.05	0.95				
	204	1	30.43632930526316	6.169526210526316	0.0	0.0	2	1.012947154391907	-12.313798944781693	138.0	21	1.05	0.95				
	205	1	29.202424063157896	5.758224463157895	0.0	0.0	2	1.0278269511428624	-12.66239029669186	138.0	21	1.05	0.95				
	206	1	55.93703764210527	11.51644892631579	0.0	-100.0	2	1.042658882706592	-13.186787636286523	138.0	22	1.05	0.95				
	207	2	51.41271842105264	10.282543684210527	0.0	0.0	2	0.9983972118884878	-18.140357947924514	138.0	22	1.05	0.95				
	208	1	70.3325988	14.395561157894738	0.0	0.0	2	1.0027544706165896	-16.27908454837804	138.0	22	1.05	0.95				
	209	1	71.97780578947368	14.806862905263158	0.0	0.0	2	1.0233157131595776	-10.137828720452388	138.0	23	1.05	0.95				
	210	1	80.2038407368421	16.452069894736844	0.0	0.0	2	1.05	-11.357170643517753	138.0	23	1.05	0.95				
	211	1	0.0	0.0	0.0	0.0	2	1.003163883750325	-8.084027834624937	230.0	23	1.05	0.95				
	212	1	0.0	0.0	0.0	0.0	2	1.009489517326703	-3.915782613029544	230.0	23	1.05	0.95				
	213	2	108.99496305263159	22.21029435789474	0.0	0.0	2	0.9970545366766356	-6.327287323134618	230.0	24	1.05	0.95				
	214	2	79.79253898947368	16.04076814736842	0.0	0.0	2	1.0001706078391897	-6.815467025691213	230.0	26	1.05	0.95				
	215	2	130.38265391578946	26.32331183157895	0.0	0.0	2	1.0169484133124034	-1.3844783603339414	230.0	26	1.05	0.95				
	216	2	41.13017473684211	8.226034947368422	0.0	0.0	2	1.0152233821902028	-2.4709954311612004	230.0	26	1.05	0.95				
	217	1	0.0	0.0	0.0	0.0	2	1.0211643128387384	-0.6904690901912403	230.0	27	1.05	0.95				
	218	2	136.9634818736842	27.968518821052633	0.0	0.0	2	1.0209455284040503	-1.0130062537590736	230.0	27	1.05	0.95				
	219	1	74.44561627368421	15.21816465263158	0.0	0.0	2	1.0121885270479158	-3.3108790300502973	230.0	25	1.05	0.95				
	220	1	52.6466236631579	10.693845431578948	0.0	0.0	2	1.0123861618562546	-3.216869449841174	230.0	25	1.05	0.95				
	221	2	0.0	0.0	0.0	0.0	2	1.0231554091232473	-0.33551341688267683	230.0	27	1.05	0.95				
	222	2	0.0	0.0	0.0	0.0	2	1.0449482978492823	6.079122275912856	230.0	27	1.05	0.95				
	223	2	0.0	0.0	0.0	0.0	2	1.0130333428855989	-2.8395523924394843	230.0	25	1.05	0.95				
	224	1	0.0	0.0	0.0	0.0	2	1.0055194029676058	-4.528305270439571	230.0	26	1.05	0.95				
	301	2	71.45903194105264	14.556469469473685	0.0	0.0	3	1.0013962991632448	0.24665145129804933	138.0	31	1.05	0.95				
	302	2	64.18079720631579	13.233154063157896	0.0	0.0	3	1.002658610013513	0.17568886659819868	138.0	32	1.05	0.95				
	303	1	119.09838656842106	24.481335016842102	0.0	0.0	3	1.0185315904010492	4.5414982243472535	138.0	31	1.05	0.95				
	304	1	48.962670033684205	9.924865547368421	0.0	0.0	3	1.0036441811963583	2.693264744327321	138.0	31	1.05	0.95				
	305	1	46.97769692421052	9.263207844210527	0.0	0.0	3	1.015471138697194	2.2247724832901095	138.0	31	1.05	0.95				
	306	1	89.9854476294737	18.526415688421054	0.0	-100.0	3	1.0316669408125732	2.6017760047782335	138.0	32	1.05	0.95				
	307	2	82.70721289473684	16.54144257894737	0.0	0.0	3	0.9884468818004107	-1.8752786290073011	138.0	32	1.05	0.95				
	308	1	113.14346723999999	23.158019610526313	0.0	0.0	3	0.996849560162774	1.1559994693704272	138.0	32	1.05	0.95				
	309	1	115.79009805263158	23.81967731368421	0.0	0.0	3	1.0289709644969656	7.430070861558208	138.0	33	1.05	0.95				
	310	1	129.02325211578946	26.46630812631579	0.0	0.0	3	1.05	6.317164584187328	138.0	33	1.05	0.95				
	311	1	0.0	0.0	0.0	0.0	3	1.0177452897729422	13.021215142335775	230.0	33	1.05	0.95				
	312	1	0.0	0.0	0.0	0.0	3	1.022896321682788	14.50132445507928	230.0	33	1.05	0.95				
	313	2	175.3392913368421	35.72951597052632	0.0	0.0	3	1.0431339535419686	21.365775082080912	230.0	34	1.05	0.95				
	314	2	128.36159441263158	25.804650423157895	0.0	0.0	3	1.0195394142759744	11.710421392424214	230.0	36	1.05	0.95				
	315	2	209.74549190105262	42.34609300210526	0.0	0.0	3	1.0351795376835362	6.6234040925096815	230.0	36	1.05	0.95				
	316	2	66.16577031578947	13.233154063157896	0.0	0.0	3	1.0364758969899246	8.069245398749153	230.0	36	1.05	0.95				
	317	1	0.0	0.0	0.0	0.0	3	1.0409111999934102	7.8595234591439125	230.0	37	1.05	0.95				
	318	2	220.33201515157893	44.99272381473685	0.0	0.0	3	1.037153269518004	5.9351129121814825	230.0	37	1.05	0.95				
	319	1	119.76004427157896	24.481335016842102	0.0	0.0	3	1.0356629794285415	10.922753796257728	230.0	35	1.05	0.95				
	320	1	84.69218600421053	17.203100282105265	0.0	0.0	3	1.0385046274705394	13.118423092842024	230.0	35	1.05	0.95				
	321	2	0.0	0.0	0.0	0.0	3	1.0382976097150711	6.765597259464055	230.0	37	1.05	0.95				
	322	2	0.0	0.0	0.0	0.0	3	1.05	11.51059554601824	230.0	37	1.05	0.95				
	323	2	0.0	0.0	0.0	0.0	3	1.0402936809252392	13.955336251532934	230.0	35	1.05	0.95				
	324	1	0.0	0.0	0.0	0.0	3	1.026290394092584	7.824740607482103	230.0	36	1.05	0.95				
	325	1	0.0	0.0	0.0	0.0	3	1.0421363529445422	13.849529532187479	230.0	35	1.05	0.95				
];
