%% MATPOWER Case Format : Version 2
function mpc = RTS_GMLC
mpc.version = '2';

%%-----  Power Flow Data  -----%%
%% system MVA base
mpc.baseMVA = 100.0;
%% bus data
%    bus_i    type    Pd    Qd    Gs    Bs    area    Vm    Va    baseKV    zone    Vmax    Vmin
mpc.bus = [
	101	2	44.88866897684211	9.14398812491228	0.0	0.0	1	1.0347885720737628	0.6909682314998329	138.0	11	1.05	0.95				
	102	2	40.31667491438596	8.312716477192982	0.0	0.0	1	1.0329997733660665	0.21586708715181274	138.0	12	1.05	0.95				
	103	1	74.81444829473685	15.378525482807017	0.0	0.0	1	1.0321247119927763	0.6844916458470632	138.0	11	1.05	0.95				
	104	1	30.757050965614035	6.234537357894737	0.0	0.0	1	1.0252364593397034	-1.621178648257656	138.0	11	1.05	0.95				
	105	1	29.51014349403509	5.8189015340350885	0.0	0.0	1	1.036808475681359	-2.2692722031906056	138.0	11	1.05	0.95				
	106	1	56.52647204491229	11.637803068070177	0.0	-100.0	1	1.0459721225498362	-4.445702296440957	138.0	12	1.05	0.95				
	107	2	51.95447798245614	10.390895596491228	0.0	0.0	1	1.0016390595423486	-9.679063153747983	138.0	12	1.05	0.95				
	108	1	71.07372588000001	14.54725383508772	0.0	0.0	1	1.0053626211377344	-8.28416086281005	138.0	12	1.05	0.95				
	109	1	72.73626917543861	14.962889658947368	0.0	0.0	1	1.02472388721063	-2.707295736515938	138.0	13	1.05	0.95				
	110	1	81.04898565263157	16.625432954385964	0.0	0.0	1	1.05	-3.9639230237646834	138.0	13	1.05	0.95				
	111	1	0.0	0.0	0.0	0.0	1	1.0028400694928041	-1.0096088283634093	230.0	13	1.05	0.95				
	112	1	0.0	0.0	0.0	0.0	1	1.0069758858515088	-1.3100985592008543	230.0	13	1.05	0.95				
	113	3	110.14349332280702	22.444334488421056	0.0	0.0	1	0.9953293477791637	-2.8394077568907833e-30	230.0	14	1.05	0.95				
	114	2	80.63334982877193	16.20979713052632	0.0	0.0	1	0.9990383429620727	0.5795840267188974	230.0	16	1.05	0.95				
	115	2	131.75655616350878	26.600692727017545	0.0	0.0	1	1.031250101229732	6.372233667012276	230.0	16	1.05	0.95				
	116	2	41.563582385964914	8.312716477192982	0.0	0.0	1	1.0270267874475898	5.2774193039210635	230.0	16	1.05	0.95				
	117	1	0.0	0.0	0.0	0.0	1	1.034987905650853	8.634838555562945	230.0	17	1.05	0.95				
	118	2	138.40672934526316	28.263236022456145	0.0	0.0	1	1.0381452237937752	9.36929070892861	230.0	17	1.05	0.95				
	119	1	75.2300841185965	15.378525482807017	0.0	0.0	1	1.0174178688206499	3.149907967646575	230.0	15	1.05	0.95				
	120	1	53.20138545403509	10.806531420350877	0.0	0.0	1	1.0117467428121023	1.5661438160215158	230.0	15	1.05	0.95				
	121	2	0.0	0.0	0.0	0.0	1	1.040297933856383	10.709023638254681	230.0	17	1.05	0.95				
	122	2	0.0	0.0	0.0	0.0	1	1.05	16.57436962707189	230.0	17	1.05	0.95				
	123	2	0.0	0.0	0.0	0.0	1	1.0092382809319034	1.019130380126446	230.0	15	1.05	0.95				
	124	1	0.0	0.0	0.0	0.0	1	1.0236905500105313	4.220575180709857	230.0	16	1.05	0.95				
	201	2	41.78561309052632	8.511884148070175	0.0	0.0	2	1.0173584779125844	-11.069536104941328	138.0	21	1.05	0.95				
	202	2	37.52967101649123	7.738076498245615	0.0	0.0	2	1.0165403700113538	-11.305851600812876	138.0	22	1.05	0.95				
	203	1	69.64268848421052	14.315441521754385	0.0	0.0	2	1.0143459551830876	-8.605493655653053	138.0	21	1.05	0.95				
	204	1	28.63088304350877	5.80355737368421	0.0	0.0	2	1.0140787582895125	-10.792618970179252	138.0	21	1.05	0.95				
	205	1	27.470171568771928	5.41665354877193	0.0	0.0	2	1.0290287039482051	-11.092648857599922	138.0	21	1.05	0.95				
	206	1	52.618920188070184	10.83330709754386	0.0	-100.0	2	1.0437653195242242	-11.598290095587437	138.0	22	1.05	0.95				
	207	2	48.36297811403509	9.672595622807018	0.0	0.0	2	1.0002531766244056	-16.24557747179388	138.0	22	1.05	0.95				
	208	1	66.16055406	13.541633871929823	0.0	0.0	2	1.0047539822790807	-14.508127209086004	138.0	22	1.05	0.95				
	209	1	67.70816935964912	13.928537696842106	0.0	0.0	2	1.0230383089414934	-8.769164184725573	138.0	23	1.05	0.95				
	210	1	75.44624585789474	15.47615299649123	0.0	0.0	2	1.05	-9.871151494188378	138.0	23	1.05	0.95				
	211	1	0.0	0.0	0.0	0.0	2	1.001178912826491	-6.891023686482416	230.0	23	1.05	0.95				
	212	1	0.0	0.0	0.0	0.0	2	1.0071251140876805	-2.733947742180006	230.0	23	1.05	0.95				
	213	2	102.52951360175437	20.89280654526316	0.0	0.0	2	0.9934892162507187	-5.223528394774132	230.0	24	1.05	0.95				
	214	2	75.05934203298246	15.089249171578947	0.0	0.0	2	0.997024467342722	-5.763734725320397	230.0	26	1.05	0.95				
	215	2	122.64851249719297	24.761844794385965	0.0	0.0	2	1.013511194860272	-0.6666218419714223	230.0	26	1.05	0.95				
	216	2	38.69038249122807	7.738076498245615	0.0	0.0	2	1.0109416191147917	-1.7599300859749654	230.0	26	1.05	0.95				
	217	1	0.0	0.0	0.0	0.0	2	1.0172547700410182	-0.11083952090305599	230.0	27	1.05	0.95				
	218	2	128.83897369578946	26.309460094035092	0.0	0.0	2	1.0172038684198668	-0.3542705550086841	230.0	27	1.05	0.95				
	219	1	70.02959230912282	14.315441521754385	0.0	0.0	2	1.0065463480215866	-2.6554528910485966	230.0	25	1.05	0.95				
	220	1	49.52368958877193	10.059499447719299	0.0	0.0	2	1.0053275062631484	-2.6508818064111574	230.0	25	1.05	0.95				
	221	2	0.0	0.0	0.0	0.0	2	1.0195167547675326	0.3446392779895872	230.0	27	1.05	0.95				
	222	2	0.0	0.0	0.0	0.0	2	1.041298436391926	6.766720417059604	230.0	27	1.05	0.95				
	223	2	0.0	0.0	0.0	0.0	2	1.0050848719965446	-2.3364980795528227	230.0	25	1.05	0.95				
	224	1	0.0	0.0	0.0	0.0	2	1.0039325360183287	-3.6727406493692847	230.0	26	1.05	0.95				
	301	2	50.49794368421053	10.286618157894738	0.0	0.0	3	1.0033903695379363	1.4314706960883852	138.0	31	1.05	0.95				
	302	2	45.35463460526316	9.35147105263158	0.0	0.0	3	1.003189755976622	1.3127138897012673	138.0	32	1.05	0.95				
	303	1	84.16323947368421	17.300221447368422	0.0	0.0	3	1.0256384952664546	7.002898965872022	138.0	31	1.05	0.95				
	304	1	34.600442894736844	7.013603289473684	0.0	0.0	3	1.0077578477514169	2.826219035946573	138.0	31	1.05	0.95				
	305	1	33.197722236842104	6.546029736842105	0.0	0.0	3	1.0204375079217975	2.1331167138199425	138.0	31	1.05	0.95				
	306	1	63.59000315789475	13.09205947368421	0.0	-100.0	3	1.0380964303063174	1.9747888982332977	138.0	32	1.05	0.95				
	307	2	58.44669407894737	11.689338815789474	0.0	0.0	3	0.9921591959301381	-1.808129362649262	138.0	32	1.05	0.95				
	308	1	79.9550775	16.365074342105263	0.0	0.0	3	1.001253952296298	0.26340747009011695	138.0	32	1.05	0.95				
	309	1	81.82537171052631	16.83264789473684	0.0	0.0	3	1.0265883886380958	5.973897916317278	138.0	33	1.05	0.95				
	310	1	91.1768427631579	18.70294210526316	0.0	0.0	3	1.05	4.3377231944439245	138.0	33	1.05	0.95				
	311	1	0.0	0.0	0.0	0.0	3	1.0050966921677738	8.281823378330143	230.0	33	1.05	0.95				
	312	1	0.0	0.0	0.0	0.0	3	1.01291792610724	8.863290056869328	230.0	33	1.05	0.95				
	313	2	123.90699144736843	25.248971842105266	0.0	0.0	3	1.0086846251479427	11.147890425095406	230.0	34	1.05	0.95				
	314	2	90.70926921052632	18.23536855263158	0.0	0.0	3	0.99585502887772	9.028452813030025	230.0	36	1.05	0.95				
	315	2	148.22081618421052	29.924707368421053	0.0	0.0	3	1.0150993340666565	5.441671374549044	230.0	36	1.05	0.95				
	316	2	46.7573552631579	9.35147105263158	0.0	0.0	3	1.0128635128622874	5.951008248433222	230.0	36	1.05	0.95				
	317	1	0.0	0.0	0.0	0.0	3	1.0182014675086795	5.591584790603883	230.0	37	1.05	0.95				
	318	2	155.7019930263158	31.795001578947375	0.0	0.0	3	1.0165458385488881	4.450264269092039	230.0	37	1.05	0.95				
	319	1	84.63081302631579	17.300221447368422	0.0	0.0	3	1.013133395046926	7.676689397561745	230.0	35	1.05	0.95				
	320	1	59.84941473684211	12.156912368421054	0.0	0.0	3	1.012922734681444	8.265483623432182	230.0	35	1.05	0.95				
	321	2	0.0	0.0	0.0	0.0	3	1.0181265416376324	5.36298692933137	230.0	37	1.05	0.95				
	322	2	0.0	0.0	0.0	0.0	3	1.0318168091560045	9.913393076575655	230.0	37	1.05	0.95				
	323	2	0.0	0.0	0.0	0.0	3	1.0132981847412277	8.7868644316126	230.0	35	1.05	0.95				
	324	1	0.0	0.0	0.0	0.0	3	1.0187141371004356	8.38739853032536	230.0	36	1.05	0.95				
	325	1	0.0	0.0	0.0	0.0	3	1.0160366964353478	8.965607690815323	230.0	35	1.05	0.95				
];
