%% MATPOWER Case Format : Version 2
function mpc = RTS_GMLC
mpc.version = '2';

%%-----  Power Flow Data  -----%%
%% system MVA base
mpc.baseMVA = 100.0;
%% bus data
%    bus_i    type    Pd    Qd    Gs    Bs    area    Vm    Va    baseKV    zone    Vmax    Vmin
mpc.bus = [
	101	2	80.90648192842104	16.48095002245614	0.0	0.0	1	1.0484529377849143	-1.0266817246528945	138.0	11	1.05	0.95				
	102	2	72.66600691719297	14.98268183859649	0.0	0.0	1	1.04722304610886	-1.432668801854466	138.0	12	1.05	0.95				
	103	1	134.8441365473684	27.717961401403507	0.0	0.0	1	1.0283187398150588	-0.9891532522521324	138.0	11	1.05	0.95				
	104	1	55.43592280280701	11.237011378947367	0.0	0.0	1	1.0250489748779745	-4.550385133334851	138.0	11	1.05	0.95				
	105	1	53.18852052701754	10.487877287017543	0.0	0.0	1	1.038579768449113	-5.1132968711710305	138.0	11	1.05	0.95				
	106	1	101.88223650245614	20.975754574035086	0.0	-100.0	1	1.0390806642881385	-8.170966271515018	138.0	12	1.05	0.95				
	107	2	93.64176149122805	18.728352298245614	0.0	0.0	1	1.0042851582570553	-14.489744105107308	138.0	12	1.05	0.95				
	108	1	128.10192972	26.219693217543856	0.0	0.0	1	0.9958416220049342	-13.295841307969154	138.0	12	1.05	0.95				
	109	1	131.0984660877193	26.96882730947368	0.0	0.0	1	1.0258815394994891	-5.219459766229022	138.0	13	1.05	0.95				
	110	1	146.08114792631577	29.96536367719298	0.0	0.0	1	1.05	-6.973194772852813	138.0	13	1.05	0.95				
	111	1	0.0	0.0	0.0	0.0	1	1.0175545513280841	-1.9340058236982443	230.0	13	1.05	0.95				
	112	1	0.0	0.0	0.0	0.0	1	1.0177170354923084	-1.5883781953418288	230.0	13	1.05	0.95				
	113	3	198.5205343614035	40.45324096421052	0.0	0.0	1	1.0195984139679826	8.576182249880763e-29	230.0	14	1.05	0.95				
	114	2	145.33201383438595	29.216229585263154	0.0	0.0	1	1.0255632705411568	0.5270087426033719	230.0	16	1.05	0.95				
	115	2	237.47550714175435	47.94458188350877	0.0	0.0	1	1.0440700952693502	9.748195673345684	230.0	16	1.05	0.95				
	116	2	74.91340919298246	14.98268183859649	0.0	0.0	1	1.0430435379825718	8.575630440651176	230.0	16	1.05	0.95				
	117	1	0.0	0.0	0.0	0.0	1	1.046089559016484	12.511675356447705	230.0	17	1.05	0.95				
	118	2	249.46165261263155	50.94111825122807	0.0	0.0	1	1.0494121415579025	13.284245484363643	230.0	17	1.05	0.95				
	119	1	135.59327063929825	27.717961401403507	0.0	0.0	1	1.0366610237871692	6.440371173337485	230.0	15	1.05	0.95				
	120	1	95.88916376701754	19.47748639017544	0.0	0.0	1	1.0373146021374613	5.492951670293046	230.0	15	1.05	0.95				
	121	2	0.0	0.0	0.0	0.0	1	1.05	15.22704021537147	230.0	17	1.05	0.95				
	122	2	0.0	0.0	0.0	0.0	1	1.05	22.680373693558185	230.0	17	1.05	0.95				
	123	2	0.0	0.0	0.0	0.0	1	1.0396274435221244	5.528322789643485	230.0	15	1.05	0.95				
	124	1	0.0	0.0	0.0	0.0	1	1.0247347269028522	5.746224454206257	230.0	16	1.05	0.95				
	201	2	75.80229813473684	15.441208879298246	0.0	0.0	2	1.0326118224539886	-11.555900121372016	138.0	21	1.05	0.95				
	202	2	68.08169369508771	14.037462617543857	0.0	0.0	2	1.033269243053552	-11.467818378428253	138.0	22	1.05	0.95				
	203	1	126.33716355789473	25.969305842456137	0.0	0.0	2	1.0167800885565756	-10.7766536249549	138.0	21	1.05	0.95				
	204	1	51.938611684912274	10.528096963157894	0.0	0.0	2	1.016945229934522	-12.516870378828735	138.0	21	1.05	0.95				
	205	1	49.8329922922807	9.826223832280702	0.0	0.0	2	1.0324658851376896	-12.785652703974153	138.0	21	1.05	0.95				
	206	1	95.45474579929825	19.652447664561404	0.0	-100.0	2	1.0384941129673304	-14.111205036645208	138.0	22	1.05	0.95				
	207	2	87.73414135964912	17.546828271929822	0.0	0.0	2	0.9705858907825776	-24.4183542703372	138.0	22	1.05	0.95				
	208	1	120.02030538	24.565559580701752	0.0	0.0	2	0.9734589894799754	-20.964634362069038	138.0	22	1.05	0.95				
	209	1	122.82779790350877	25.267432711578948	0.0	0.0	2	1.0256220527549382	-10.523303628932926	138.0	23	1.05	0.95				
	210	1	136.86526052105262	28.074925235087715	0.0	0.0	2	1.05	-11.809659808903342	138.0	23	1.05	0.95				
	211	1	0.0	0.0	0.0	0.0	2	1.0229515127334181	-6.667216094964281	230.0	23	1.05	0.95				
	212	1	0.0	0.0	0.0	0.0	2	1.022489792995549	-1.3229341093101188	230.0	23	1.05	0.95				
	213	2	185.99637968245614	37.90114906736842	0.0	0.0	2	1.0310679921694796	-3.619596617673376	230.0	24	1.05	0.95				
	214	2	136.16338739017542	27.373052104210526	0.0	0.0	2	1.032521932401206	-4.919538663650125	230.0	26	1.05	0.95				
	215	2	222.49378248807017	44.91988037614035	0.0	0.0	2	1.042215830894405	1.7013695277743226	230.0	26	1.05	0.95				
	216	2	70.18731308771929	14.037462617543857	0.0	0.0	2	1.0429252616909468	1.8698714553761844	230.0	26	1.05	0.95				
	217	1	0.0	0.0	0.0	0.0	2	1.0451906035449514	3.982594981178118	230.0	27	1.05	0.95				
	218	2	233.72375258210525	47.727372899649126	0.0	0.0	2	1.0451848176453884	3.981616696312131	230.0	27	1.05	0.95				
	219	1	127.03903668877192	25.969305842456137	0.0	0.0	2	1.0405348853845224	2.6269833227739077	230.0	25	1.05	0.95				
	220	1	89.8397607522807	18.248701402807015	0.0	0.0	2	1.044901114945848	4.603476754364112	230.0	25	1.05	0.95				
	221	2	0.0	0.0	0.0	0.0	2	1.0456913971964976	3.991676459613178	230.0	27	1.05	0.95				
	222	2	0.0	0.0	0.0	0.0	2	1.05	10.496431594203953	230.0	27	1.05	0.95				
	223	2	0.0	0.0	0.0	0.0	2	1.05	6.1933923689323045	230.0	25	1.05	0.95				
	224	1	0.0	0.0	0.0	0.0	2	1.0170066447158788	-2.910192662184231	230.0	26	1.05	0.95				
	301	2	70.70737107789475	14.403353367719301	0.0	0.0	3	0.9948114432019093	7.983095625319079	138.0	31	1.05	0.95				
	302	2	63.505694394035096	13.093957607017545	0.0	0.0	3	0.9969376178067588	7.933771980070748	138.0	32	1.05	0.95				
	303	1	117.8456184631579	24.22382157298246	0.0	0.0	3	1.009810488358395	10.83663623111701	138.0	31	1.05	0.95				
	304	1	48.44764314596492	9.82046820526316	0.0	0.0	3	0.9963716635837991	10.384965097762507	138.0	31	1.05	0.95				
	305	1	46.48354950491228	9.165770324912282	0.0	0.0	3	1.0080896808170585	10.374938759564703	138.0	31	1.05	0.95				
	306	1	89.03891172771932	18.331540649824564	0.0	-100.0	3	1.0244269074698382	10.974746227934876	138.0	32	1.05	0.95				
	307	2	81.83723504385966	16.367447008771933	0.0	0.0	3	0.9723964596587237	7.211957744693779	138.0	32	1.05	0.95				
	308	1	111.95333754	22.914425812280705	0.0	0.0	3	0.9866062534601399	10.203839014264942	138.0	32	1.05	0.95				
	309	1	114.57212906140353	23.56912369263158	0.0	0.0	3	1.0202498809341058	15.088223603286634	138.0	33	1.05	0.95				
	310	1	127.66608666842107	26.18791521403509	0.0	0.0	3	1.0425970561693219	14.886157171891771	138.0	33	1.05	0.95				
	311	1	0.0	0.0	0.0	0.0	3	1.0107425163222392	21.805375729680694	230.0	33	1.05	0.95				
	312	1	0.0	0.0	0.0	0.0	3	1.0173329058193803	23.31779767923917	230.0	33	1.05	0.95				
	313	2	173.49493829298248	35.353685538947374	0.0	0.0	3	1.0432090692496228	31.620334655129803	230.0	34	1.05	0.95				
	314	2	127.01138878807019	25.533217333684217	0.0	0.0	3	1.0137076126110132	19.776601120457222	230.0	36	1.05	0.95				
	315	2	207.53922807122808	41.900664342456146	0.0	0.0	3	1.0386977793568726	13.649550774957381	230.0	36	1.05	0.95				
	316	2	65.46978803508773	13.093957607017545	0.0	0.0	3	1.0396905250223483	15.178034850122774	230.0	36	1.05	0.95				
	317	1	0.0	0.0	0.0	0.0	3	1.0446330727082769	14.591953633414505	230.0	37	1.05	0.95				
	318	2	218.01439415684212	44.51945586385966	0.0	0.0	3	1.0427062554228461	12.939528794369778	230.0	37	1.05	0.95				
	319	1	118.5003163435088	24.22382157298246	0.0	0.0	3	1.03849313638955	18.12289845254614	230.0	35	1.05	0.95				
	320	1	83.80132868491229	17.02214488912281	0.0	0.0	3	1.04113322499795	20.424782677911065	230.0	35	1.05	0.95				
	321	2	0.0	0.0	0.0	0.0	3	1.0425138501135351	13.763195701238084	230.0	37	1.05	0.95				
	322	2	0.0	0.0	0.0	0.0	3	1.05	18.41630772507914	230.0	37	1.05	0.95				
	323	2	0.0	0.0	0.0	0.0	3	1.0427287131616119	21.275432313854793	230.0	35	1.05	0.95				
	324	1	0.0	0.0	0.0	0.0	3	1.0246805859715993	14.593403033942426	230.0	36	1.05	0.95				
	325	1	0.0	0.0	0.0	0.0	3	1.044813762102248	20.766629900332823	230.0	35	1.05	0.95				
];
