%% MATPOWER Case Format : Version 2
function mpc = RTS_GMLC
mpc.version = '2';

%%-----  Power Flow Data  -----%%
%% system MVA base
mpc.baseMVA = 100.0;
%% bus data
%    bus_i    type    Pd    Qd    Gs    Bs    area    Vm    Va    baseKV    zone    Vmax    Vmin
mpc.bus = [
	101	2	44.38099951578948	9.040573975438598	0.0	0.0	1	1.03091799657834	0.966746141360251	138.0	11	1.05	0.95				
	102	2	39.86071252807018	8.218703614035089	0.0	0.0	1	1.0289678312689918	0.443427848329819	138.0	12	1.05	0.95				
	103	1	73.9683325263158	15.204601685964914	0.0	0.0	1	1.0344301771927784	1.5088736541348602	138.0	11	1.05	0.95				
	104	1	30.409203371929827	6.164027710526317	0.0	0.0	1	1.0231466654172046	-1.478003997861656	138.0	11	1.05	0.95				
	105	1	29.176397829824563	5.7530925298245625	0.0	0.0	1	1.0348711107657549	-2.022891261282329	138.0	11	1.05	0.95				
	106	1	55.88718457543861	11.506185059649125	0.0	-100.0	1	1.0451162858977607	-4.219210765724846	138.0	12	1.05	0.95				
	107	2	51.36689758771931	10.27337951754386	0.0	0.0	1	1.0001752090786424	-10.376321089780307	138.0	12	1.05	0.95				
	108	1	70.26991590000002	14.382731324561405	0.0	0.0	1	1.0042492913285563	-8.55252761493673	138.0	12	1.05	0.95				
	109	1	71.91365662280703	14.79366650526316	0.0	0.0	1	1.025183178711076	-2.4064340601233067	138.0	13	1.05	0.95				
	110	1	80.13236023684212	16.437407228070178	0.0	0.0	1	1.05	-3.748697638779639	138.0	13	1.05	0.95				
	111	1	0.0	0.0	0.0	0.0	1	1.004240603860522	-0.5734133325544097	230.0	13	1.05	0.95				
	112	1	0.0	0.0	0.0	0.0	1	1.0085893482469401	-1.1272083733360794	230.0	13	1.05	0.95				
	113	3	108.89782288596493	22.19049975789474	0.0	0.0	1	0.9967132693668442	-3.1859464186112015e-29	230.0	14	1.05	0.95				
	114	2	79.72142505614036	16.026472047368422	0.0	0.0	1	1.0022560510419911	1.5636525317556382	230.0	16	1.05	0.95				
	115	2	130.26645228245616	26.299851564912284	0.0	0.0	1	1.0391686765780286	8.337316619269586	230.0	16	1.05	0.95				
	116	2	41.09351807017544	8.218703614035089	0.0	0.0	1	1.034617593299413	6.939938808194406	230.0	16	1.05	0.95				
	117	1	0.0	0.0	0.0	0.0	1	1.0419754559303567	10.79047058786867	230.0	17	1.05	0.95				
	118	2	136.84141517368423	27.943592287719305	0.0	0.0	1	1.0462666953975468	11.784856886020068	230.0	17	1.05	0.95				
	119	1	74.37926770701756	15.204601685964914	0.0	0.0	1	1.023270347558382	4.217964654021902	230.0	15	1.05	0.95				
	120	1	52.59970312982457	10.684314698245617	0.0	0.0	1	1.0168903460807868	2.1725091845846736	230.0	15	1.05	0.95				
	121	2	0.0	0.0	0.0	0.0	1	1.048629255316975	13.266747902090515	230.0	17	1.05	0.95				
	122	2	0.0	0.0	0.0	0.0	1	1.05	18.80582917977467	230.0	17	1.05	0.95				
	123	2	0.0	0.0	0.0	0.0	1	1.0141010153172179	1.3616397881157036	230.0	15	1.05	0.95				
	124	1	0.0	0.0	0.0	0.0	1	1.0283724855308427	5.76932754090852	230.0	16	1.05	0.95				
	201	2	44.64158665263158	9.093656540350878	0.0	0.0	2	1.0158947242934473	-13.81620809740384	138.0	21	1.05	0.95				
	202	2	40.09475838245614	8.26696049122807	0.0	0.0	2	1.0150667685218981	-14.07598917606818	138.0	22	1.05	0.95				
	203	1	74.40264442105263	15.293876908771932	0.0	0.0	2	1.0141389905134324	-10.494559190503248	138.0	21	1.05	0.95				
	204	1	30.587753817543863	6.200220368421053	0.0	0.0	2	1.0128825513572792	-13.518822252267745	138.0	21	1.05	0.95				
	205	1	29.347709743859646	5.78687234385965	0.0	0.0	2	1.0279118862204344	-13.903300945151877	138.0	21	1.05	0.95				
	206	1	56.215331340350886	11.5737446877193	0.0	-100.0	2	1.0426417013374432	-14.469141728474431	138.0	22	1.05	0.95				
	207	2	51.66850307017544	10.333700614035088	0.0	0.0	2	0.9983527354495846	-19.4433163282058	138.0	22	1.05	0.95				
	208	1	70.6825122	14.467180859649122	0.0	0.0	2	1.0025971713741924	-17.5703233981129	138.0	22	1.05	0.95				
	209	1	72.33590429824561	14.880528884210525	0.0	0.0	2	1.0231174977569435	-11.35195631116045	138.0	23	1.05	0.95				
	210	1	80.60286478947368	16.53392098245614	0.0	0.0	2	1.05	-12.66146074762974	138.0	23	1.05	0.95				
	211	1	0.0	0.0	0.0	0.0	2	1.0034962001742744	-9.189826375018546	230.0	23	1.05	0.95				
	212	1	0.0	0.0	0.0	0.0	2	1.0091696106586292	-5.495891502794365	230.0	23	1.05	0.95				
	213	2	109.53722650877194	22.32079332631579	0.0	0.0	2	0.9972954503088759	-7.527438717523945	230.0	24	1.05	0.95				
	214	2	80.18951676491228	16.120572957894737	0.0	0.0	2	1.0014582711189297	-7.687968221003098	230.0	26	1.05	0.95				
	215	2	131.0313237859649	26.454273571929825	0.0	0.0	2	1.017688591868031	-1.8567148830938007	230.0	26	1.05	0.95				
	216	2	41.33480245614035	8.26696049122807	0.0	0.0	2	1.0160747297129795	-3.00003563036925	230.0	26	1.05	0.95				
	217	1	0.0	0.0	0.0	0.0	2	1.021852145476913	-1.1032464045711698	230.0	27	1.05	0.95				
	218	2	137.64489217894737	28.107665670175443	0.0	0.0	2	1.0216979408171638	-1.4448616548013962	230.0	27	1.05	0.95				
	219	1	74.81599244561404	15.293876908771932	0.0	0.0	2	1.0128791541691027	-3.8815226924705417	230.0	25	1.05	0.95				
	220	1	52.90854714385965	10.747048638596493	0.0	0.0	2	1.0129688305246403	-3.820989774455519	230.0	25	1.05	0.95				
	221	2	0.0	0.0	0.0	0.0	2	1.0239065156422777	-0.7809540318339108	230.0	27	1.05	0.95				
	222	2	0.0	0.0	0.0	0.0	2	1.0456871553183094	5.6370477658609905	230.0	27	1.05	0.95				
	223	2	0.0	0.0	0.0	0.0	2	1.0135582473925009	-3.4608320719287438	230.0	25	1.05	0.95				
	224	1	0.0	0.0	0.0	0.0	2	1.0056833760249653	-5.112640116344769	230.0	26	1.05	0.95				
	301	2	54.0	11.0	0.0	0.0	3	0.9972723898643322	6.169447287559889	138.0	31	1.05	0.95				
	302	2	48.5	10.0	0.0	0.0	3	0.9971074422636076	6.160539160288729	138.0	32	1.05	0.95				
	303	1	90.0	18.5	0.0	0.0	3	1.014297860105339	7.850133538739714	138.0	31	1.05	0.95				
	304	1	37.0	7.5	0.0	0.0	3	1.0035781401530122	7.852881112157402	138.0	31	1.05	0.95				
	305	1	35.5	7.000000000000001	0.0	0.0	3	1.016090747006158	7.964733705560161	138.0	31	1.05	0.95				
	306	1	68.0	14.000000000000002	0.0	-100.0	3	1.0353445654252396	8.380881541673167	138.0	32	1.05	0.95				
	307	2	62.5	12.5	0.0	0.0	3	0.987029782713011	5.182921605143194	138.0	32	1.05	0.95				
	308	1	85.5	17.5	0.0	0.0	3	1.0003156547387217	7.359301736748219	138.0	32	1.05	0.95				
	309	1	87.5	18.0	0.0	0.0	3	1.025551153725619	11.278482209760822	138.0	33	1.05	0.95				
	310	1	97.5	20.0	0.0	0.0	3	1.05	11.35141803730029	138.0	33	1.05	0.95				
	311	1	0.0	0.0	0.0	0.0	3	1.009982520420062	16.40991056300536	230.0	33	1.05	0.95				
	312	1	0.0	0.0	0.0	0.0	3	1.0165522986857727	17.71308490221094	230.0	33	1.05	0.95				
	313	2	132.5	27.0	0.0	0.0	3	1.0266794220003796	24.047501250095554	230.0	34	1.05	0.95				
	314	2	97.0	19.5	0.0	0.0	3	1.0079480297650658	14.793562353869271	230.0	36	1.05	0.95				
	315	2	158.5	32.0	0.0	0.0	3	1.0282049289914514	8.61691380691496	230.0	36	1.05	0.95				
	316	2	50.0	10.0	0.0	0.0	3	1.0294531393596598	9.914101381298446	230.0	36	1.05	0.95				
	317	1	0.0	0.0	0.0	0.0	3	1.0336205158756444	8.441819540784135	230.0	37	1.05	0.95				
	318	2	166.5	34.0	0.0	0.0	3	1.0320080003794052	6.984055773646764	230.0	37	1.05	0.95				
	319	1	90.5	18.5	0.0	0.0	3	1.0288034316291144	13.061119767560882	230.0	35	1.05	0.95				
	320	1	64.0	13.0	0.0	0.0	3	1.0303590422265099	15.28262865943549	230.0	35	1.05	0.95				
	321	2	0.0	0.0	0.0	0.0	3	1.0327869812572152	8.106748680598647	230.0	37	1.05	0.95				
	322	2	0.0	0.0	0.0	0.0	3	1.046655537786419	12.572003903090385	230.0	37	1.05	0.95				
	323	2	0.0	0.0	0.0	0.0	3	1.0310163553876652	16.13223119555779	230.0	35	1.05	0.95				
	324	1	0.0	0.0	0.0	0.0	3	1.0210539817534892	10.249024443213628	230.0	36	1.05	0.95				
	325	1	0.0	0.0	0.0	0.0	3	1.0337543293917881	15.896539188153076	230.0	35	1.05	0.95				
];

%% generator data
%    bus    Pg    Qg    Qmax    Qmin    Vg    mBase    status    Pmax    Pmin    Pc1    Pc2    Qc1min    Qc1max    Qc2min    Qc2max    ramp_agc    ramp_10    ramp_30    ramp_q    apf
