%% MATPOWER Case Format : Version 2
function mpc = RTS_GMLC
mpc.version = '2';

%%-----  Power Flow Data  -----%%
%% system MVA base
mpc.baseMVA = 100.0;
%% bus data
%    bus_i    type    Pd    Qd    Gs    Bs    area    Vm    Va    baseKV    zone    Vmax    Vmin
mpc.bus = [
	101	2	40.19940625263159	8.188767940350877	0.0	0.0	1	1.032177199925247	3.2871315108439743	138.0	11	1.05	0.95				
	102	2	36.10502228245614	7.44433449122807	0.0	0.0	1	1.0312727449604022	3.0263907360338567	138.0	12	1.05	0.95				
	103	1	66.99901042105265	13.77201880877193	0.0	0.0	1	1.0307201697430646	1.6560268019490003	138.0	11	1.05	0.95				
	104	1	27.54403761754386	5.583250868421053	0.0	0.0	1	1.0215887781428041	-0.06850115063858546	138.0	11	1.05	0.95				
	105	1	26.42738744385965	5.211034143859649	0.0	0.0	1	1.0359016441898061	0.15984539374969797	138.0	11	1.05	0.95				
	106	1	50.62147454035089	10.422068287719298	0.0	-100.0	1	1.046548182680165	-2.0192394178216744	138.0	12	1.05	0.95				
	107	2	46.527090570175446	9.305418114035088	0.0	0.0	1	1.0003214117032286	-7.715426924854074	138.0	12	1.05	0.95				
	108	1	63.649059900000005	13.027585359649125	0.0	0.0	1	1.0059335350587324	-6.216361484944714	138.0	12	1.05	0.95				
	109	1	65.13792679824562	13.399802084210528	0.0	0.0	1	1.0247315659823668	-1.0847032608807803	138.0	13	1.05	0.95				
	110	1	72.58226128947369	14.88866898245614	0.0	0.0	1	1.05	-1.8318857670048063	138.0	13	1.05	0.95				
	111	1	0.0	0.0	0.0	0.0	1	1.0022722207784889	0.4029765869382313	230.0	13	1.05	0.95				
	112	1	0.0	0.0	0.0	0.0	1	1.007573347483869	0.4954906046981397	230.0	13	1.05	0.95				
	113	3	98.63743200877192	20.099703126315795	0.0	0.0	1	0.9923612869235808	7.420146957689966e-28	230.0	14	1.05	0.95				
	114	2	72.21004456491228	14.516452257894738	0.0	0.0	1	0.9990763948715179	2.749908330570239	230.0	16	1.05	0.95				
	115	2	117.99270168596492	23.821870371929826	0.0	0.0	1	1.0387396799998194	8.640990071104188	230.0	16	1.05	0.95				
	116	2	37.221672456140354	7.44433449122807	0.0	0.0	1	1.0342897959382238	8.143547664644446	230.0	16	1.05	0.95				
	117	1	0.0	0.0	0.0	0.0	1	1.0421483132193312	10.5426117262436	230.0	17	1.05	0.95				
	118	2	123.94816927894739	25.310737270175444	0.0	0.0	1	1.0459088347869188	10.577423773206874	230.0	17	1.05	0.95				
	119	1	67.37122714561404	13.77201880877193	0.0	0.0	1	1.0270607941830228	6.708193096658139	230.0	15	1.05	0.95				
	120	1	47.64374074385965	9.677634838596493	0.0	0.0	1	1.0233389978918022	6.1771277965349025	230.0	15	1.05	0.95				
	121	2	0.0	0.0	0.0	0.0	1	1.05	11.46324091611444	230.0	17	1.05	0.95				
	122	2	0.0	0.0	0.0	0.0	1	1.05	19.958725217857975	230.0	17	1.05	0.95				
	123	2	0.0	0.0	0.0	0.0	1	1.0215413652409362	6.17471710463366	230.0	15	1.05	0.95				
	124	1	0.0	0.0	0.0	0.0	1	1.026560487349405	6.023776574275246	230.0	16	1.05	0.95				
	201	2	46.47756963789474	9.467653074385964	0.0	0.0	2	1.0257284668853823	-8.4134410508219	138.0	21	1.05	0.95				
	202	2	41.74374310070175	8.606957340350878	0.0	0.0	2	1.026750960422998	-8.221042388153244	138.0	22	1.05	0.95				
	203	1	77.4626160631579	15.922871079649124	0.0	0.0	2	1.0166679042378708	-7.565248998744962	138.0	21	1.05	0.95				
	204	1	31.845742159298247	6.455218005263158	0.0	0.0	2	1.017820236292541	-9.9417733371842	138.0	21	1.05	0.95				
	205	1	30.55469855824561	6.024870138245615	0.0	0.0	2	1.0325978187920455	-10.22033875247071	138.0	21	1.05	0.95				
	206	1	58.527309914385974	12.04974027649123	0.0	-100.0	2	1.0445238262061127	-11.616016377985307	138.0	22	1.05	0.95				
	207	2	53.793483377192985	10.758696675438596	0.0	0.0	2	0.991788468355694	-17.853612604803168	138.0	22	1.05	0.95				
	208	1	73.58948526	15.062175345614035	0.0	0.0	2	0.9980145069766888	-15.908208317505736	138.0	22	1.05	0.95				
	209	1	75.31087672807017	15.492523212631578	0.0	0.0	2	1.0226742608047104	-9.581439550571446	138.0	23	1.05	0.95				
	210	1	83.91783406842104	17.213914680701755	0.0	0.0	2	1.05	-10.6714626747147	138.0	23	1.05	0.95				
	211	1	0.0	0.0	0.0	0.0	2	1.0050884339663193	-6.992457428868706	230.0	23	1.05	0.95				
	212	1	0.0	0.0	0.0	0.0	2	1.008744602071182	-6.256606801481721	230.0	23	1.05	0.95				
	213	2	114.04218475964912	23.23878481894737	0.0	0.0	2	1.0001314635259957	-5.889389103535454	230.0	24	1.05	0.95				
	214	2	83.4874862014035	16.78356681368421	0.0	0.0	2	1.0047683453471765	-4.706713744233255	230.0	26	1.05	0.95				
	215	2	136.4202738445614	27.54226348912281	0.0	0.0	2	1.0220359011996014	1.2252334509931	230.0	26	1.05	0.95				
	216	2	43.034786701754385	8.606957340350878	0.0	0.0	2	1.0240041587519904	1.1336188434262455	230.0	26	1.05	0.95				
	217	1	0.0	0.0	0.0	0.0	2	1.0289155853963687	3.1991723504823653	230.0	27	1.05	0.95				
	218	2	143.3058397168421	29.263654957192987	0.0	0.0	2	1.0286681830095643	2.894956149961482	230.0	27	1.05	0.95				
	219	1	77.89296393017544	15.922871079649124	0.0	0.0	2	1.0251916384166437	0.811226243603866	230.0	25	1.05	0.95				
	220	1	55.08452697824562	11.189044542456141	0.0	0.0	2	1.029115387137966	1.3725372020083548	230.0	25	1.05	0.95				
	221	2	0.0	0.0	0.0	0.0	2	1.0298778852390824	3.1345525106168046	230.0	27	1.05	0.95				
	222	2	0.0	0.0	0.0	0.0	2	1.0499999986489092	9.651893967861561	230.0	27	1.05	0.95				
	223	2	0.0	0.0	0.0	0.0	2	1.0319672311284311	2.007212209839315	230.0	25	1.05	0.95				
	224	1	0.0	0.0	0.0	0.0	2	1.0091364925337767	-2.082074288777372	230.0	26	1.05	0.95				
	301	2	57.36539069052632	11.685542548070176	0.0	0.0	3	1.0153441642635592	-16.783275457421738	138.0	31	1.05	0.95				
	302	2	51.522619416491224	10.623220498245614	0.0	0.0	3	1.0136513140041632	-17.115128318859263	138.0	32	1.05	0.95				
	303	1	95.60898448421052	19.652957921754385	0.0	0.0	3	1.0494971698150088	-3.5462034273695053	138.0	31	1.05	0.95				
	304	1	39.30591584350877	7.96741537368421	0.0	0.0	3	1.0101144826126953	-15.872529079566561	138.0	31	1.05	0.95				
	305	1	37.712432768771926	7.4362543487719295	0.0	0.0	3	1.0260096312880693	-17.355906996929377	138.0	31	1.05	0.95				
	306	1	72.23789938807018	14.872508697543859	0.0	-100.0	3	1.0388407746970798	-18.29014171607018	138.0	32	1.05	0.95				
	307	2	66.39512811403509	13.279025622807017	0.0	0.0	3	0.9896716889701758	-24.219769706871073	138.0	32	1.05	0.95				
	308	1	90.82853526	18.590635871929823	0.0	0.0	3	0.99258131771314	-21.723976518556793	138.0	32	1.05	0.95				
	309	1	92.95317935964911	19.121796896842103	0.0	0.0	3	1.0244597736529164	-12.672696431982265	138.0	33	1.05	0.95				
	310	1	103.57639985789473	21.246440996491227	0.0	0.0	3	1.05	-16.22657787738414	138.0	33	1.05	0.95				
	311	1	0.0	0.0	0.0	0.0	3	1.0137785963812342	-10.411347879939838	230.0	33	1.05	0.95				
	312	1	0.0	0.0	0.0	0.0	3	1.0154912698258514	-9.786334310979278	230.0	33	1.05	0.95				
	313	2	140.75767160175437	28.68269534526316	0.0	0.0	3	1.0157486330692842	-7.269792661957863	230.0	34	1.05	0.95				
	314	2	103.04523883298245	20.715279971578948	0.0	0.0	3	1.019088318196556	-9.074325661779707	230.0	36	1.05	0.95				
	315	2	168.37804489719298	33.99430559438596	0.0	0.0	3	1.045173070635478	-4.41441440761536	230.0	36	1.05	0.95				
	316	2	53.11610249122807	10.623220498245614	0.0	0.0	3	1.0424113889808158	-3.989717418777485	230.0	36	1.05	0.95				
	317	1	0.0	0.0	0.0	0.0	3	1.0451767367197642	-2.4717322716335377	230.0	37	1.05	0.95				
	318	2	176.87662129578948	36.11894969403509	0.0	0.0	3	1.042498633545286	-3.0243587728718584	230.0	37	1.05	0.95				
	319	1	96.1401455091228	19.652957921754385	0.0	0.0	3	1.037226420254979	-4.870219266393485	230.0	35	1.05	0.95				
	320	1	67.98861118877193	13.810186647719297	0.0	0.0	3	1.0367883509187725	-4.627073576397875	230.0	35	1.05	0.95				
	321	2	0.0	0.0	0.0	0.0	3	1.044490534123396	-2.946633694057831	230.0	37	1.05	0.95				
	322	2	0.0	0.0	0.0	0.0	3	1.05	1.5714961518928552	230.0	37	1.05	0.95				
	323	2	0.0	0.0	0.0	0.0	3	1.0376017568542055	-4.094688154985624	230.0	35	1.05	0.95				
	324	1	0.0	0.0	0.0	0.0	3	1.0430897261047596	-4.076336163506806	230.0	36	1.05	0.95				
	325	1	0.0	0.0	0.0	0.0	3	1.03387270323509	-2.79933543491898	230.0	35	1.05	0.95				
];
