%% MATPOWER Case Format : Version 2
function mpc = RTS_GMLC
mpc.version = '2';

%%-----  Power Flow Data  -----%%
%% system MVA base
mpc.baseMVA = 100.0;
%% bus data
%    bus_i    type    Pd    Qd    Gs    Bs    area    Vm    Va    baseKV    zone    Vmax    Vmin
mpc.bus = [
	101	2	44.92874815578948	9.152152402105262	0.0	0.0	1	1.0344515548159239	1.0026558692068919	138.0	11	1.05	0.95				
	102	2	40.35267195473684	8.320138547368423	0.0	0.0	1	1.0335983556356174	0.7391935924572819	138.0	12	1.05	0.95				
	103	1	74.8812469263158	15.392256312631577	0.0	0.0	1	1.028206146084582	-0.2645442121527247	138.0	11	1.05	0.95				
	104	1	30.784512625263154	6.240103910526315	0.0	0.0	1	1.0216897277858314	-2.1504548079057426	138.0	11	1.05	0.95				
	105	1	29.53649184315789	5.824096983157895	0.0	0.0	1	1.0366266308323382	-1.9644575412852954	138.0	11	1.05	0.95				
	106	1	56.576942122105265	11.64819396631579	0.0	-100.0	1	1.046029542938172	-4.093184000386519	138.0	12	1.05	0.95				
	107	2	52.00086592105263	10.400173184210527	0.0	0.0	1	0.9998006448409475	-11.135481903682418	138.0	12	1.05	0.95				
	108	1	71.13718458	14.560242457894734	0.0	0.0	1	1.0033648291365864	-9.072610863993427	138.0	12	1.05	0.95				
	109	1	72.80121228947368	14.976249385263158	0.0	0.0	1	1.024288729317524	-2.8288137261865787	138.0	13	1.05	0.95				
	110	1	81.1213508368421	16.640277094736845	0.0	0.0	1	1.05	-3.6637736931494826	138.0	13	1.05	0.95				
	111	1	0.0	0.0	0.0	0.0	1	1.0023044440627145	-0.6600338954921735	230.0	13	1.05	0.95				
	112	1	0.0	0.0	0.0	0.0	1	1.0078998886521706	-0.5863622974403679	230.0	13	1.05	0.95				
	113	3	110.24183575263157	22.46437407789474	0.0	0.0	1	0.9966851070485094	-3.4999918878272945e-28	230.0	14	1.05	0.95				
	114	2	80.70534390947368	16.22427016736842	0.0	0.0	1	0.9973323251631777	1.4972623156198672	230.0	16	1.05	0.95				
	115	2	131.87419597578946	26.624443351578947	0.0	0.0	1	1.0349053048470678	7.311453278266643	230.0	16	1.05	0.95				
	116	2	41.600692736842106	8.320138547368423	0.0	0.0	1	1.030236897479969	6.934415843583827	230.0	16	1.05	0.95				
	117	1	0.0	0.0	0.0	0.0	1	1.039129987784519	9.845009738055756	230.0	17	1.05	0.95				
	118	2	138.5303068136842	28.288471061052633	0.0	0.0	1	1.044720406524271	9.754222442418634	230.0	17	1.05	0.95				
	119	1	75.29725385368421	15.392256312631577	0.0	0.0	1	1.0228232428401396	5.264586294571836	230.0	15	1.05	0.95				
	120	1	53.24888670315789	10.816180111578948	0.0	0.0	1	1.0196166909105377	4.618496375247892	230.0	15	1.05	0.95				
	121	2	0.0	0.0	0.0	0.0	1	1.05	10.632295135531733	230.0	17	1.05	0.95				
	122	2	0.0	0.0	0.0	0.0	1	1.05	22.229692871784557	230.0	17	1.05	0.95				
	123	2	0.0	0.0	0.0	0.0	1	1.0183190292844555	4.587544243020493	230.0	15	1.05	0.95				
	124	1	0.0	0.0	0.0	0.0	1	1.0226650912185302	4.467032172085732	230.0	16	1.05	0.95				
	201	2	46.069573414736844	9.384542732631578	0.0	0.0	2	1.0210342641258696	-14.342266990024326	138.0	21	1.05	0.95				
	202	2	41.37730204842105	8.531402484210526	0.0	0.0	2	1.021390397680262	-14.338241047814153	138.0	22	1.05	0.95				
	203	1	76.78262235789474	15.783094595789473	0.0	0.0	2	1.014714607174651	-11.796781356232938	138.0	21	1.05	0.95				
	204	1	31.566189191578946	6.398551863157895	0.0	0.0	2	1.0152894483415336	-15.296735327248568	138.0	21	1.05	0.95				
	205	1	30.286478818947366	5.9719817389473695	0.0	0.0	2	1.0303688107190514	-15.683719351647413	138.0	21	1.05	0.95				
	206	1	58.01353689263158	11.943963477894739	0.0	-100.0	2	1.0435516553829618	-16.869395440658202	138.0	22	1.05	0.95				
	207	2	53.321265526315784	10.664253105263159	0.0	0.0	2	0.993663483928447	-22.665839737651932	138.0	22	1.05	0.95				
	208	1	72.94349124	14.92995434736842	0.0	0.0	2	0.9991468917505121	-20.73317407450677	138.0	22	1.05	0.95				
	209	1	74.64977173684211	15.356524471578947	0.0	0.0	2	1.0222388366375186	-14.316341365885851	138.0	23	1.05	0.95				
	210	1	83.18117422105263	17.06280496842105	0.0	0.0	2	1.05	-15.667088343525936	138.0	23	1.05	0.95				
	211	1	0.0	0.0	0.0	0.0	2	1.0054154770467567	-11.54717542982476	230.0	23	1.05	0.95				
	212	1	0.0	0.0	0.0	0.0	2	1.0091642397955307	-10.980004309784105	230.0	23	1.05	0.95				
	213	2	113.04108291578947	23.034786707368422	0.0	0.0	2	1.0030160687868164	-10.5234362964275	230.0	24	1.05	0.95				
	214	2	82.7546040968421	16.636234844210527	0.0	0.0	2	1.0045237456310563	-8.88399560518882	230.0	26	1.05	0.95				
	215	2	135.22272937473682	27.300487949473684	0.0	0.0	2	1.0192402798058662	-2.0500827938013946	230.0	26	1.05	0.95				
	216	2	42.657012421052634	8.531402484210526	0.0	0.0	2	1.0204632547175112	-2.5069490081831995	230.0	26	1.05	0.95				
	217	1	0.0	0.0	0.0	0.0	2	1.0245559131561741	-0.33320755250445105	230.0	27	1.05	0.95				
	218	2	142.04785136210526	29.00676844631579	0.0	0.0	2	1.023870210955469	-0.9410750155150613	230.0	27	1.05	0.95				
	219	1	77.20919248210527	15.783094595789473	0.0	0.0	2	1.0224869749034435	-3.224839610157646	230.0	25	1.05	0.95				
	220	1	54.60097589894737	11.090823229473685	0.0	0.0	2	1.0271585197438617	-3.0078109806709823	230.0	25	1.05	0.95				
	221	2	0.0	0.0	0.0	0.0	2	1.025927845738333	-0.4978524107256715	230.0	27	1.05	0.95				
	222	2	0.0	0.0	0.0	0.0	2	1.0478252575827587	6.084260578308574	230.0	27	1.05	0.95				
	223	2	0.0	0.0	0.0	0.0	2	1.0303178612716686	-2.563570418022412	230.0	25	1.05	0.95				
	224	1	0.0	0.0	0.0	0.0	2	1.005605909345215	-5.7214946678966	230.0	26	1.05	0.95				
	301	2	65.13824739789474	13.2689022477193	0.0	0.0	3	1.0332562495402786	-19.447882781380937	138.0	31	1.05	0.95				
	302	2	58.50379627403509	12.062638407017545	0.0	0.0	3	1.0280416162651833	-19.801787499607713	138.0	32	1.05	0.95				
	303	1	108.56374566315792	22.31588105298246	0.0	0.0	3	1.05	-3.225178371620183	138.0	31	1.05	0.95				
	304	1	44.63176210596492	9.046978805263159	0.0	0.0	3	1.0091401172072183	-18.249465236930792	138.0	31	1.05	0.95				
	305	1	42.82236634491228	8.443846884912283	0.0	0.0	3	1.0306394642621897	-20.075498561870177	138.0	31	1.05	0.95				
	306	1	82.02594116771932	16.887693769824565	0.0	-100.0	3	1.0346786821755358	-21.114202500179562	138.0	32	1.05	0.95				
	307	2	75.39149004385965	15.078298008771931	0.0	0.0	3	0.9509497853416304	-19.643876387780107	138.0	32	1.05	0.95				
	308	1	103.13555838000002	21.109617212280703	0.0	0.0	3	0.9670345800599588	-20.404710999415666	138.0	32	1.05	0.95				
	309	1	105.54808606140351	21.712749132631583	0.0	0.0	3	1.014208474391795	-14.449095668445398	138.0	33	1.05	0.95				
	310	1	117.61072446842107	24.12527681403509	0.0	0.0	3	1.042864847494536	-18.783308626587424	138.0	33	1.05	0.95				
	311	1	0.0	0.0	0.0	0.0	3	1.0056597585271658	-13.470469219156769	230.0	33	1.05	0.95				
	312	1	0.0	0.0	0.0	0.0	3	1.010121361833564	-12.540371362862226	230.0	33	1.05	0.95				
	313	2	159.82995889298246	32.56912369894737	0.0	0.0	3	1.008822352764175	-10.435368257832009	230.0	34	1.05	0.95				
	314	2	117.00759254807018	23.522144893684214	0.0	0.0	3	1.0076920914727052	-12.919804466689012	230.0	36	1.05	0.95				
	315	2	191.1928187512281	38.600442902456145	0.0	0.0	3	1.045845887967784	-8.156108262684585	230.0	36	1.05	0.95				
	316	2	60.313192035087724	12.062638407017545	0.0	0.0	3	1.0499587115256364	-8.577261626270937	230.0	36	1.05	0.95				
	317	1	0.0	0.0	0.0	0.0	3	1.05	-4.444916635217274	230.0	37	1.05	0.95				
	318	2	200.84292947684213	41.01297058385966	0.0	0.0	3	1.0427780539979865	-5.723411620466714	230.0	37	1.05	0.95				
	319	1	109.16687758350878	22.31588105298246	0.0	0.0	3	1.0406968842280653	-9.029007369359478	230.0	35	1.05	0.95				
	320	1	77.20088580491229	15.681429929122809	0.0	0.0	3	1.0374768169134914	-8.284162068557388	230.0	35	1.05	0.95				
	321	2	0.0	0.0	0.0	0.0	3	1.043765160745863	-5.949867414143964	230.0	37	1.05	0.95				
	322	2	0.0	0.0	0.0	0.0	3	1.05	-1.020523689945399	230.0	37	1.05	0.95				
	323	2	0.0	0.0	0.0	0.0	3	1.0372594037598075	-7.420774729150752	230.0	35	1.05	0.95				
	324	1	0.0	0.0	0.0	0.0	3	1.0447341211934398	-6.267011364681211	230.0	36	1.05	0.95				
	325	1	0.0	0.0	0.0	0.0	3	1.032120926125971	-5.926092609944717	230.0	35	1.05	0.95				
];
