%% MATPOWER Case Format : Version 2
function mpc = RTS_GMLC
mpc.version = '2';

%%-----  Power Flow Data  -----%%
%% system MVA base
mpc.baseMVA = 100.0;
%% bus data
%    bus_i    type    Pd    Qd    Gs    Bs    area    Vm    Va    baseKV    zone    Vmax    Vmin
mpc.bus = [
	101	2	60.679861465263166	12.360712520701755	0.0	0.0	1	1.0496269104208875	-4.155497891895372	138.0	11	1.05	0.95				
	102	2	54.49950520491228	11.237011382456142	0.0	0.0	1	1.0468265804475516	-4.530024800139155	138.0	12	1.05	0.95				
	103	1	101.13310244210527	20.788471057543862	0.0	0.0	1	1.0204020398111162	1.8102384065447241	138.0	11	1.05	0.95				
	104	1	41.576942115087725	8.427758536842106	0.0	0.0	1	1.025576744000473	-4.772902150547691	138.0	11	1.05	0.95				
	105	1	39.8913904077193	7.8659079677193	0.0	0.0	1	1.043048486137645	-6.012328907989193	138.0	11	1.05	0.95				
	106	1	76.41167740070176	15.7318159354386	0.0	-100.0	1	1.0458088469536482	-7.690217267355478	138.0	12	1.05	0.95				
	107	2	70.23132114035089	14.046264228070177	0.0	0.0	1	1.0047657649284938	-13.41021456953969	138.0	12	1.05	0.95				
	108	1	96.07644732	19.664769919298248	0.0	0.0	1	1.0004206049853206	-11.601985286071203	138.0	12	1.05	0.95				
	109	1	98.32384959649123	20.226620488421055	0.0	0.0	1	1.01938501914525	-3.7954437903200082	138.0	13	1.05	0.95				
	110	1	109.56086097894737	22.474022764912284	0.0	0.0	1	1.05	-6.161433563868802	138.0	13	1.05	0.95				
	111	1	0.0	0.0	0.0	0.0	1	1.0007146156042765	-0.41036774682080274	230.0	13	1.05	0.95				
	112	1	0.0	0.0	0.0	0.0	1	1.004623957117356	-1.5460098101475543	230.0	13	1.05	0.95				
	113	3	148.89040081754388	30.339930732631583	0.0	0.0	1	1.0025517837246767	-4.813431936000328e-31	230.0	14	1.05	0.95				
	114	2	108.99901040982456	21.912172195789477	0.0	0.0	1	0.9979176331174312	3.9671550966276734	230.0	16	1.05	0.95				
	115	2	178.10663041192984	35.95843642385965	0.0	0.0	1	1.0177518889976507	15.93218135552667	230.0	16	1.05	0.95				
	116	2	56.18505691228071	11.237011382456142	0.0	0.0	1	1.0095422037071402	13.76223897621179	230.0	16	1.05	0.95				
	117	1	0.0	0.0	0.0	0.0	1	1.016223057776579	21.04159675688408	230.0	17	1.05	0.95				
	118	2	187.09623951789476	38.20583870035088	0.0	0.0	1	1.0283274832652134	22.110266462909987	230.0	17	1.05	0.95				
	119	1	101.69495301122808	20.788471057543862	0.0	0.0	1	0.9986944184292322	8.876741584412663	230.0	15	1.05	0.95				
	120	1	71.9168728477193	14.608114797192984	0.0	0.0	1	0.9982769131653785	5.180065724993222	230.0	15	1.05	0.95				
	121	2	0.0	0.0	0.0	0.0	1	1.037742279884794	23.918661668142086	230.0	17	1.05	0.95				
	122	2	0.0	0.0	0.0	0.0	1	1.05	41.92389459095616	230.0	17	1.05	0.95				
	123	2	0.0	0.0	0.0	0.0	1	1.0004490239143096	3.6005748804820454	230.0	15	1.05	0.95				
	124	1	0.0	0.0	0.0	0.0	1	1.0010212727225873	10.57742066581347	230.0	16	1.05	0.95				
	201	2	53.05650874105263	10.80780733614035	0.0	0.0	2	1.0083255411772467	-14.414487231011591	138.0	21	1.05	0.95				
	202	2	47.65260507298245	9.825279396491228	0.0	0.0	2	1.0076135315105261	-14.665139169440089	138.0	22	1.05	0.95				
	203	1	88.42751456842105	18.176766883508773	0.0	0.0	2	1.0130319866319009	-11.242465362955981	138.0	21	1.05	0.95				
	204	1	36.353533767017545	7.36895954736842	0.0	0.0	2	1.0088338143955484	-13.773274513218388	138.0	21	1.05	0.95				
	205	1	34.879741857543856	6.87769557754386	0.0	0.0	2	1.0228033042578217	-14.16957053291183	138.0	21	1.05	0.95				
	206	1	66.81189989614036	13.75539115508772	0.0	-100.0	2	1.038532063115777	-14.617637676055372	138.0	22	1.05	0.95				
	207	2	61.407996228070175	12.281599245614034	0.0	0.0	2	0.9914689896722836	-20.61277045742138	138.0	22	1.05	0.95				
	208	1	84.00613884	17.194238943859645	0.0	0.0	2	0.9957702832415727	-18.341829958571246	138.0	22	1.05	0.95				
	209	1	85.97119471929824	17.68550291368421	0.0	0.0	2	1.0251847804275385	-11.022974737151674	138.0	23	1.05	0.95				
	210	1	95.79647411578947	19.650558792982455	0.0	0.0	2	1.05	-12.344231987431998	138.0	23	1.05	0.95				
	211	1	0.0	0.0	0.0	0.0	2	1.0086520458338637	-8.139390353588764	230.0	23	1.05	0.95				
	212	1	0.0	0.0	0.0	0.0	2	1.0204953060494226	-3.454917363348927	230.0	23	1.05	0.95				
	213	2	130.18495200350878	26.528254370526316	0.0	0.0	2	1.0146056876927312	-5.630705215637567	230.0	24	1.05	0.95				
	214	2	95.3052101459649	19.159294823157893	0.0	0.0	2	1.002610961502814	-6.70345436378135	230.0	26	1.05	0.95				
	215	2	155.73067843438594	31.44089406877193	0.0	0.0	2	1.0207848502054206	-1.0526079453576942	230.0	26	1.05	0.95				
	216	2	49.126396982456136	9.825279396491228	0.0	0.0	2	1.021667195991795	-1.676903867506709	230.0	26	1.05	0.95				
	217	1	0.0	0.0	0.0	0.0	2	1.0216454864330633	0.08118198418689322	230.0	27	1.05	0.95				
	218	2	163.59090195157896	33.40594994807018	0.0	0.0	2	1.0209882810346749	-0.4934894679273594	230.0	27	1.05	0.95				
	219	1	88.91877853824562	18.176766883508773	0.0	0.0	2	1.0308511691145776	-1.5283509373804514	230.0	25	1.05	0.95				
	220	1	62.88178813754386	12.772863215438596	0.0	0.0	2	1.0424701365853513	-0.4602631416716349	230.0	25	1.05	0.95				
	221	2	0.0	0.0	0.0	0.0	2	1.024382974715094	0.1326114520597039	230.0	27	1.05	0.95				
	222	2	0.0	0.0	0.0	0.0	2	1.0453956468598455	6.661163383925625	230.0	27	1.05	0.95				
	223	2	0.0	0.0	0.0	0.0	2	1.05	0.47636898729129207	230.0	25	1.05	0.95				
	224	1	0.0	0.0	0.0	0.0	2	1.0054019291540983	-4.878929652812875	230.0	26	1.05	0.95				
	301	2	71.20278394105264	14.504270802807017	0.0	0.0	3	0.9939440294461983	20.28950810026135	138.0	31	1.05	0.95				
	302	2	63.95064853964912	13.185700729824562	0.0	0.0	3	0.9935188405244664	20.130662752965737	138.0	32	1.05	0.95				
	303	1	118.67130656842104	24.393546350175438	0.0	0.0	3	1.0333888318932236	27.57580116742773	138.0	31	1.05	0.95				
	304	1	48.787092700350875	9.88927554736842	0.0	0.0	3	1.0010641079060378	22.235884386613947	138.0	31	1.05	0.95				
	305	1	46.80923759087719	9.229990510877194	0.0	0.0	3	1.012315124922512	21.528725733042574	138.0	31	1.05	0.95				
	306	1	89.66276496280702	18.459981021754388	0.0	-100.0	3	1.0297834342191199	21.49075289939163	138.0	32	1.05	0.95				
	307	2	82.41062956140351	16.4821259122807	0.0	0.0	3	0.9889623451346085	17.75211651800183	138.0	32	1.05	0.95				
	308	1	112.73774124	23.07497627719298	0.0	0.0	3	0.9994069658877717	20.7313635737731	138.0	32	1.05	0.95				
	309	1	115.3748813859649	23.73426131368421	0.0	0.0	3	1.0310016447399286	26.616079093637588	138.0	33	1.05	0.95				
	310	1	128.56058211578946	26.371401459649125	0.0	0.0	3	1.05	24.879076664830787	138.0	33	1.05	0.95				
	311	1	0.0	0.0	0.0	0.0	3	1.019720864911991	30.866049235475128	230.0	33	1.05	0.95				
	312	1	0.0	0.0	0.0	0.0	3	1.0256412992079633	32.03444266640435	230.0	33	1.05	0.95				
	313	2	174.71053467017543	35.60139197052632	0.0	0.0	3	1.0396257862077227	38.01188988015057	230.0	34	1.05	0.95				
	314	2	127.90129707929825	25.712116423157894	0.0	0.0	3	1.0211219416931823	29.63146493004591	230.0	36	1.05	0.95				
	315	2	208.9933565677193	42.194242335438595	0.0	0.0	3	1.042218364795381	24.464297882978194	230.0	36	1.05	0.95				
	316	2	65.9285036491228	13.185700729824562	0.0	0.0	3	1.0355854802025322	25.791678606109127	230.0	36	1.05	0.95				
	317	1	0.0	0.0	0.0	0.0	3	1.05	25.800170535125527	230.0	37	1.05	0.95				
	318	2	219.54191715157893	44.83138248140351	0.0	0.0	3	1.0499403132715133	22.55247157080829	230.0	37	1.05	0.95				
	319	1	119.33059160491229	24.393546350175438	0.0	0.0	3	1.037556400611319	28.062282934424413	230.0	35	1.05	0.95				
	320	1	84.38848467087719	17.141410948771927	0.0	0.0	3	1.0420133196907544	29.71016348473726	230.0	35	1.05	0.95				
	321	2	0.0	0.0	0.0	0.0	3	1.05	23.826476214522422	230.0	37	1.05	0.95				
	322	2	0.0	0.0	0.0	0.0	3	1.0499999694462996	28.94926319293422	230.0	37	1.05	0.95				
	323	2	0.0	0.0	0.0	0.0	3	1.0442342916809866	30.19640361029191	230.0	35	1.05	0.95				
	324	1	0.0	0.0	0.0	0.0	3	1.0385972818596259	27.69627383551531	230.0	36	1.05	0.95				
	325	1	0.0	0.0	0.0	0.0	3	1.0451644631901353	29.66735262762661	230.0	35	1.05	0.95				
];
