%% MATPOWER Case Format : Version 2
function mpc = RTS_GMLC
mpc.version = '2';

%%-----  Power Flow Data  -----%%
%% system MVA base
mpc.baseMVA = 100.0;
%% bus data
%    bus_i    type    Pd    Qd    Gs    Bs    area    Vm    Va    baseKV    zone    Vmax    Vmin
mpc.bus = [
	101	2	34.00049480589474	6.926026719719299	0.0	0.0	1	1.031269102460847	4.426951546092428	138.0	11	1.05	0.95				
	102	2	30.537481446035088	6.296387927017544	0.0	0.0	1	1.0304004651896908	4.185291368099507	138.0	12	1.05	0.95				
	103	1	56.66749134315789	11.648317664982457	0.0	0.0	1	1.0312471298839563	1.8805113701816853	138.0	11	1.05	0.95				
	104	1	23.296635329964914	4.722290945263158	0.0	0.0	1	1.0221799950318542	0.8915465390922189	138.0	11	1.05	0.95				
	105	1	22.35217714091228	4.407471548912281	0.0	0.0	1	1.0360960853437695	1.2195440872275174	138.0	11	1.05	0.95				
	106	1	42.8154379037193	8.814943097824562	0.0	-100.0	1	1.0478279204736785	-0.9536541626948339	138.0	12	1.05	0.95				
	107	2	39.35242454385965	7.87048490877193	0.0	0.0	1	0.9999180714875928	-6.696404279053198	138.0	12	1.05	0.95				
	108	1	53.834116775999995	11.0186788722807	0.0	0.0	1	1.0075544945641821	-5.156468911337066	138.0	12	1.05	0.95				
	109	1	55.093394361403504	11.333498268631578	0.0	0.0	1	1.0248245381201946	-0.5156622333864169	138.0	13	1.05	0.95				
	110	1	61.389782288421046	12.592775854035088	0.0	0.0	1	1.05	-1.0304675473805815	138.0	13	1.05	0.95				
	111	1	0.0	0.0	0.0	0.0	1	1.0012088062851137	0.5338419085245102	230.0	13	1.05	0.95				
	112	1	0.0	0.0	0.0	0.0	1	1.0059339860295118	0.6893538935145026	230.0	13	1.05	0.95				
	113	3	83.42714003298245	17.00024740294737	0.0	0.0	1	0.987915144241414	2.578693836246873e-28	230.0	14	1.05	0.95				
	114	2	61.074962892070175	12.27795645768421	0.0	0.0	1	0.998357033518812	2.43567330134083	230.0	16	1.05	0.95				
	115	2	99.79774864322806	20.14844136645614	0.0	0.0	1	1.0369237083176137	7.1882765782689795	230.0	16	1.05	0.95				
	116	2	31.48193963508772	6.296387927017544	0.0	0.0	1	1.0315061682308673	6.871428109793927	230.0	16	1.05	0.95				
	117	1	0.0	0.0	0.0	0.0	1	1.0413992602545699	8.57029322513576	230.0	17	1.05	0.95				
	118	2	104.8348589848421	21.40771895185965	0.0	0.0	1	1.0451032770361244	8.473844469881165	230.0	17	1.05	0.95				
	119	1	56.98231073950877	11.648317664982457	0.0	0.0	1	1.0245857051018747	5.839702653267339	230.0	15	1.05	0.95				
	120	1	40.29688273291228	8.185304305122807	0.0	0.0	1	1.0202775364641494	5.555731199926061	230.0	15	1.05	0.95				
	121	2	0.0	0.0	0.0	0.0	1	1.05	9.102904889552702	230.0	17	1.05	0.95				
	122	2	0.0	0.0	0.0	0.0	1	1.05	16.1311903304921	230.0	17	1.05	0.95				
	123	2	0.0	0.0	0.0	0.0	1	1.0179089052807946	5.648675499371243	230.0	15	1.05	0.95				
	124	1	0.0	0.0	0.0	0.0	1	1.027183969329498	5.198359642481127	230.0	16	1.05	0.95				
	201	2	42.82260351157895	8.72312293754386	0.0	0.0	2	1.0259857625184896	-8.178810567669208	138.0	21	1.05	0.95				
	202	2	38.46104204280701	7.9301117614035075	0.0	0.0	2	1.0270278558249832	-7.988323446660138	138.0	22	1.05	0.95				
	203	1	71.37100585263157	14.670706758596488	0.0	0.0	2	1.0162939786739387	-7.430551080288083	138.0	21	1.05	0.95				
	204	1	29.341413517192976	5.947583821052631	0.0	0.0	2	1.0182765194079715	-9.854894654534187	138.0	21	1.05	0.95				
	205	1	28.151896752982452	5.551078232982456	0.0	0.0	2	1.0331367758479824	-10.113713697114111	138.0	21	1.05	0.95				
	206	1	53.92475997754386	11.102156465964912	0.0	-100.0	2	1.045474830317136	-11.552897580750573	138.0	22	1.05	0.95				
	207	2	49.56319850877192	9.912639701754385	0.0	0.0	2	0.9922544833226572	-17.33374489422078	138.0	22	1.05	0.95				
	208	1	67.80245555999998	13.877695582456138	0.0	0.0	2	0.999553642272282	-15.569367393632449	138.0	22	1.05	0.95				
	209	1	69.38847791228069	14.274201170526313	0.0	0.0	2	1.0221357359439311	-9.751269522177589	138.0	23	1.05	0.95				
	210	1	77.3185896736842	15.860223522807015	0.0	0.0	2	1.05	-10.801470818435618	138.0	23	1.05	0.95				
	211	1	0.0	0.0	0.0	0.0	2	1.0031433759752255	-7.5200060073413	230.0	23	1.05	0.95				
	212	1	0.0	0.0	0.0	0.0	2	1.0081339913487823	-7.032231235210622	230.0	23	1.05	0.95				
	213	2	105.07398083859647	21.411301755789474	0.0	0.0	2	0.9966596490728225	-6.736483926669114	230.0	24	1.05	0.95				
	214	2	76.92208408561402	15.46371793473684	0.0	0.0	2	1.0013236158527665	-5.317244665337036	230.0	26	1.05	0.95				
	215	2	125.6922714182456	25.376357636491225	0.0	0.0	2	1.0187211948956152	0.48955418218472235	230.0	26	1.05	0.95				
	216	2	39.65055880701754	7.9301117614035075	0.0	0.0	2	1.020988405373334	0.1904080220496526	230.0	26	1.05	0.95				
	217	1	0.0	0.0	0.0	0.0	2	1.0257646639433164	2.2124622071072224	230.0	27	1.05	0.95				
	218	2	132.0363608273684	26.96237998877193	0.0	0.0	2	1.0253357530270086	1.794305357466875	230.0	27	1.05	0.95				
	219	1	71.76751144070175	14.670706758596488	0.0	0.0	2	1.0225805170791065	-0.5486846095997872	230.0	25	1.05	0.95				
	220	1	50.75271527298245	10.30914528982456	0.0	0.0	2	1.0265274641400264	-0.40823562796609836	230.0	25	1.05	0.95				
	221	2	0.0	0.0	0.0	0.0	2	1.0267752978509619	2.162875981414464	230.0	27	1.05	0.95				
	222	2	0.0	0.0	0.0	0.0	2	1.0488911005710966	8.686227106920079	230.0	27	1.05	0.95				
	223	2	0.0	0.0	0.0	0.0	2	1.029130864329107	-0.027267337007880973	230.0	25	1.05	0.95				
	224	1	0.0	0.0	0.0	0.0	2	1.0078864288394358	-2.498639697334078	230.0	26	1.05	0.95				
	301	2	46.26130971789475	9.423600127719299	0.0	0.0	3	1.0062504753021808	-26.016935777142226	138.0	31	1.05	0.95				
	302	2	41.54950965403509	8.566909207017545	0.0	0.0	3	1.0061496244058024	-26.126083817000193	138.0	32	1.05	0.95				
	303	1	77.10218286315789	15.84878203298246	0.0	0.0	3	1.023510549243762	-20.793390526518603	138.0	31	1.05	0.95				
	304	1	31.69756406596492	6.425181905263158	0.0	0.0	3	1.0098076485124805	-24.704015417725728	138.0	31	1.05	0.95				
	305	1	30.412527684912284	5.996836444912282	0.0	0.0	3	1.0225363586609157	-25.42109615264811	138.0	31	1.05	0.95				
	306	1	58.254982607719306	11.993672889824564	0.0	-100.0	3	1.0399900788783503	-25.601920303783228	138.0	32	1.05	0.95				
	307	2	53.54318254385966	10.708636508771932	0.0	0.0	3	0.9925725487138282	-30.270696387880015	138.0	32	1.05	0.95				
	308	1	73.24707372	14.992091112280704	0.0	0.0	3	0.9993111879018645	-28.346743798777418	138.0	32	1.05	0.95				
	309	1	74.96045556140352	15.42043657263158	0.0	0.0	3	1.0262188055333492	-21.787220041079685	138.0	33	1.05	0.95				
	310	1	83.52736476842105	17.13381841403509	0.0	0.0	3	1.05	-23.446626511288777	138.0	33	1.05	0.95				
	311	1	0.0	0.0	0.0	0.0	3	1.0083021075665384	-17.829937433628654	230.0	33	1.05	0.95				
	312	1	0.0	0.0	0.0	0.0	3	1.0125251772218469	-17.059728800397277	230.0	33	1.05	0.95				
	313	2	113.51154699298247	23.130654858947373	0.0	0.0	3	1.0124939455303545	-14.060202909906435	230.0	34	1.05	0.95				
	314	2	83.09901930807018	16.70547295368421	0.0	0.0	3	1.0079464464501813	-16.25049523938769	230.0	36	1.05	0.95				
	315	2	135.7855109312281	27.414109462456143	0.0	0.0	3	1.0322834582576872	-12.40488468784183	230.0	36	1.05	0.95				
	316	2	42.834546035087726	8.566909207017545	0.0	0.0	3	1.0324800685889775	-11.472952224431383	230.0	36	1.05	0.95				
	317	1	0.0	0.0	0.0	0.0	3	1.0367071856032215	-10.320952225575068	230.0	37	1.05	0.95				
	318	2	142.63903829684213	29.127491303859653	0.0	0.0	3	1.0357026596016299	-10.261628583508143	230.0	37	1.05	0.95				
	319	1	77.53052832350879	15.84878203298246	0.0	0.0	3	1.0315357676325987	-11.640507060745504	230.0	35	1.05	0.95				
	320	1	54.828218924912285	11.13698196912281	0.0	0.0	3	1.0335402909502056	-10.95878336829769	230.0	35	1.05	0.95				
	321	2	0.0	0.0	0.0	0.0	3	1.0367339941149374	-10.458658604409138	230.0	37	1.05	0.95				
	322	2	0.0	0.0	0.0	0.0	3	1.049862097667877	-6.096595542450584	230.0	37	1.05	0.95				
	323	2	0.0	0.0	0.0	0.0	3	1.0353514408526088	-10.260344181201015	230.0	35	1.05	0.95				
	324	1	0.0	0.0	0.0	0.0	3	1.0184375205504226	-15.54900255441681	230.0	36	1.05	0.95				
	325	1	0.0	0.0	0.0	0.0	3	1.029560341404814	-8.65878425225934	230.0	35	1.05	0.95				
];
