%% MATPOWER Case Format : Version 2
function mpc = RTS_GMLC
mpc.version = '2';

%%-----  Power Flow Data  -----%%
%% system MVA base
mpc.baseMVA = 100.0;
%% bus data
%    bus_i    type    Pd    Qd    Gs    Bs    area    Vm    Va    baseKV    zone    Vmax    Vmin
mpc.bus = [
	101	2	44.006927267368425	8.964374072982457	0.0	0.0	1	1.018880746241687	-3.439615453390823	138.0	11	1.05	0.95				
	102	2	39.5247402308772	8.149430975438598	0.0	0.0	1	1.018015030876826	-3.6533158626542765	138.0	12	1.05	0.95				
	103	1	73.34487877894738	15.076447304561405	0.0	0.0	1	1.03245773825366	-0.27407310766424187	138.0	11	1.05	0.95				
	104	1	30.15289460912281	6.112073231578948	0.0	0.0	1	1.0189572586512583	-3.940339482154589	138.0	11	1.05	0.95				
	105	1	28.93047996280702	5.704601682807018	0.0	0.0	1	1.029482327187402	-4.982461610006445	138.0	11	1.05	0.95				
	106	1	55.416130632982465	11.409203365614037	0.0	-100.0	1	1.0432306873785033	-6.313084710988374	138.0	12	1.05	0.95				
	107	2	50.93394359649124	10.186788719298248	0.0	0.0	1	1.0017599690580026	-9.911668609439914	138.0	12	1.05	0.95				
	108	1	69.67763484	14.261504207017545	0.0	0.0	1	1.006247285094185	-8.847280160096917	138.0	12	1.05	0.95				
	109	1	71.30752103508773	14.668975755789473	0.0	0.0	1	1.0257502696385778	-3.5634689601128753	138.0	13	1.05	0.95				
	110	1	79.45695201052632	16.298861950877196	0.0	0.0	1	1.05	-5.224409806405966	138.0	13	1.05	0.95				
	111	1	0.0	0.0	0.0	0.0	1	1.0050311852112352	-1.2710895008759453	230.0	13	1.05	0.95				
	112	1	0.0	0.0	0.0	0.0	1	1.0084250647388773	-1.6639456038907559	230.0	13	1.05	0.95				
	113	3	107.97996042456141	22.003463633684213	0.0	0.0	1	0.998514260416823	-2.568485753420098e-28	230.0	14	1.05	0.95				
	114	2	79.0494804617544	15.891390402105266	0.0	0.0	1	1.004548641115409	0.8770757034515471	230.0	16	1.05	0.95				
	115	2	129.16848096070177	26.07817912140351	0.0	0.0	1	1.039534136989297	7.450947301812156	230.0	16	1.05	0.95				
	116	2	40.74715487719299	8.149430975438598	0.0	0.0	1	1.0347678856003641	6.266002828948986	230.0	16	1.05	0.95				
	117	1	0.0	0.0	0.0	0.0	1	1.0425009861446104	9.956427401399694	230.0	17	1.05	0.95				
	118	2	135.68802574105266	27.708065316491233	0.0	0.0	1	1.0468567978853274	10.882681126386908	230.0	17	1.05	0.95				
	119	1	73.75235032771931	15.076447304561405	0.0	0.0	1	1.0241304870876968	3.968906130749103	230.0	15	1.05	0.95				
	120	1	52.15635824280702	10.594260268070176	0.0	0.0	1	1.0176501301336447	2.2148762971965326	230.0	15	1.05	0.95				
	121	2	0.0	0.0	0.0	0.0	1	1.0494550426189804	12.213270169412683	230.0	17	1.05	0.95				
	122	2	0.0	0.0	0.0	0.0	1	1.05	17.839153182424468	230.0	17	1.05	0.95				
	123	2	0.0	0.0	0.0	0.0	1	1.0146879602808863	1.5626855779562228	230.0	15	1.05	0.95				
	124	1	0.0	0.0	0.0	0.0	1	1.0269549430106457	4.551361281866498	230.0	16	1.05	0.95				
	201	2	45.50857863157895	9.270266017543861	0.0	0.0	2	1.01344724461068	-10.449438445316277	138.0	21	1.05	0.95				
	202	2	40.87344562280701	8.427514561403509	0.0	0.0	2	1.0126418622839966	-10.680307118735943	138.0	22	1.05	0.95				
	203	1	75.84763105263158	15.590901938596492	0.0	0.0	2	1.0145927900145153	-8.108276239416888	138.0	21	1.05	0.95				
	204	1	31.181803877192984	6.320635921052631	0.0	0.0	2	1.0121499945783987	-10.023207179533292	138.0	21	1.05	0.95				
	205	1	29.917676692982454	5.899260192982457	0.0	0.0	2	1.026490786934251	-10.324118559212218	138.0	21	1.05	0.95				
	206	1	57.30709901754386	11.798520385964913	0.0	-100.0	2	1.0418153077685577	-10.7763186774967	138.0	22	1.05	0.95				
	207	2	52.67196600877193	10.534393201754385	0.0	0.0	2	0.9962537454015079	-15.858893710401876	138.0	22	1.05	0.95				
	208	1	72.0552495	14.748150482456138	0.0	0.0	2	1.0012953263656805	-13.953498492081904	138.0	22	1.05	0.95				
	209	1	73.7407524122807	15.169526210526316	0.0	0.0	2	1.0241585790885215	-7.745096041551281	138.0	23	1.05	0.95				
	210	1	82.1682669736842	16.855029122807018	0.0	0.0	2	1.05	-8.842706390615351	138.0	23	1.05	0.95				
	211	1	0.0	0.0	0.0	0.0	2	1.0040841720182725	-5.47919055168595	230.0	23	1.05	0.95				
	212	1	0.0	0.0	0.0	0.0	2	1.0118265198893277	-0.9853056800932551	230.0	23	1.05	0.95				
	213	2	111.66456793859649	22.754289315789475	0.0	0.0	2	1.0001981393135138	-3.2663984447703758	230.0	24	1.05	0.95				
	214	2	81.74689124561402	16.43365339473684	0.0	0.0	2	1.0002219460538022	-4.46485150801398	230.0	26	1.05	0.95				
	215	2	133.5761057982456	26.96804659649123	0.0	0.0	2	1.0192246111413679	0.19598118393942246	230.0	26	1.05	0.95				
	216	2	42.13757280701754	8.427514561403509	0.0	0.0	2	1.0182523042395641	-0.44210183034422584	230.0	26	1.05	0.95				
	217	1	0.0	0.0	0.0	0.0	2	1.0236555520186337	0.8580094343458743	230.0	27	1.05	0.95				
	218	2	140.31811744736842	28.65354950877193	0.0	0.0	2	1.0231480702418483	0.5274436926964196	230.0	27	1.05	0.95				
	219	1	76.26900678070176	15.590901938596492	0.0	0.0	2	1.018462356188649	-0.3712454826758666	230.0	25	1.05	0.95				
	220	1	53.93609319298246	10.955768929824561	0.0	0.0	2	1.0215085709731426	0.5241740383802789	230.0	25	1.05	0.95				
	221	2	0.0	0.0	0.0	0.0	2	1.0253622557903663	1.215243122853832	230.0	27	1.05	0.95				
	222	2	0.0	0.0	0.0	0.0	2	1.0470810222949278	7.601933903662817	230.0	27	1.05	0.95				
	223	2	0.0	0.0	0.0	0.0	2	1.0239789862939939	1.340644692769886	230.0	25	1.05	0.95				
	224	1	0.0	0.0	0.0	0.0	2	1.007155223120805	-2.930124587389845	230.0	26	1.05	0.95				
	301	2	63.925340096842106	13.021828538245614	0.0	0.0	3	1.001723632824357	23.869290805788168	138.0	31	1.05	0.95				
	302	2	57.4144258277193	11.83802594385965	0.0	0.0	3	1.0004637272734593	23.513709454165955	138.0	32	1.05	0.95				
	303	1	106.54223349473683	21.90034799614035	0.0	0.0	3	1.0416463945472547	37.536783360568826	138.0	31	1.05	0.95				
	304	1	43.8006959922807	8.878519457894736	0.0	0.0	3	1.002213640267011	24.777160105269356	138.0	31	1.05	0.95				
	305	1	42.02499210070175	8.286618160701757	0.0	0.0	3	1.0180965083464009	23.51149597628613	138.0	31	1.05	0.95				
	306	1	80.49857641824562	16.573236321403513	0.0	-100.0	3	1.0338017324222029	22.639748910911795	138.0	32	1.05	0.95				
	307	2	73.9876621491228	14.797532429824562	0.0	0.0	3	0.9817544533825895	19.25733209132818	138.0	32	1.05	0.95				
	308	1	101.21512182	20.716545401754384	0.0	0.0	3	0.9944584960268735	21.913300143830597	138.0	32	1.05	0.95				
	309	1	103.58272700877194	21.308446698947368	0.0	0.0	3	1.023501442112	28.247988880695427	138.0	33	1.05	0.95				
	310	1	115.42075295263157	23.6760518877193	0.0	0.0	3	1.05	25.06589128893649	138.0	33	1.05	0.95				
	311	1	0.0	0.0	0.0	0.0	3	1.0156215560841426	29.174516734181342	230.0	33	1.05	0.95				
	312	1	0.0	0.0	0.0	0.0	3	1.022775808301317	30.163356651470178	230.0	33	1.05	0.95				
	313	2	156.85384375614035	31.962670048421053	0.0	0.0	3	1.027643536454128	34.809654368091145	230.0	34	1.05	0.95				
	314	2	114.8288516554386	23.084150590526317	0.0	0.0	3	1.0140945929874572	26.751566380159993	230.0	36	1.05	0.95				
	315	2	187.63271121017544	37.88168302035088	0.0	0.0	3	1.05	20.790146696914775	230.0	36	1.05	0.95				
	316	2	59.19012971929825	11.83802594385965	0.0	0.0	3	1.0449927286458398	21.106976687573976	230.0	36	1.05	0.95				
	317	1	0.0	0.0	0.0	0.0	3	1.0493245462178917	18.982730808144694	230.0	37	1.05	0.95				
	318	2	197.10313196526317	40.24928820912281	0.0	0.0	3	1.0499252345549819	17.27109659578229	230.0	37	1.05	0.95				
	319	1	107.13413479192984	21.90034799614035	0.0	0.0	3	1.0421234929727639	23.267213867420697	230.0	35	1.05	0.95				
	320	1	75.76336604070175	15.389433727017545	0.0	0.0	3	1.0414342315802405	24.716587245671864	230.0	35	1.05	0.95				
	321	2	0.0	0.0	0.0	0.0	3	1.0499999819661459	19.02223773776545	230.0	37	1.05	0.95				
	322	2	0.0	0.0	0.0	0.0	3	1.05	23.353456460640444	230.0	37	1.05	0.95				
	323	2	0.0	0.0	0.0	0.0	3	1.0405409543877577	25.09894376985624	230.0	35	1.05	0.95				
	324	1	0.0	0.0	0.0	0.0	3	1.04273172811982	29.072678196195042	230.0	36	1.05	0.95				
	325	1	0.0	0.0	0.0	0.0	3	1.0423541002030936	24.009897087721964	230.0	35	1.05	0.95				
];
