%% MATPOWER Case Format : Version 2
function mpc = RTS_GMLC
mpc.version = '2';

%%-----  Power Flow Data  -----%%
%% system MVA base
mpc.baseMVA = 100.0;
%% bus data
%    bus_i    type    Pd    Qd    Gs    Bs    area    Vm    Va    baseKV    zone    Vmax    Vmin
mpc.bus = [
	101	2	40.92083128421053	8.33572489122807	0.0	0.0	1	1.028993964929368	2.253175504119923	138.0	11	1.05	0.95				
	102	2	36.75296883859649	7.577931719298246	0.0	0.0	1	1.0270433129788406	1.7299442715763937	138.0	12	1.05	0.95				
	103	1	68.20138547368421	14.019173680701755	0.0	0.0	1	1.0350797109696537	2.9473110703043672	138.0	11	1.05	0.95				
	104	1	28.03834736140351	5.683448789473684	0.0	0.0	1	1.0227491046169972	-0.21304889891550466	138.0	11	1.05	0.95				
	105	1	26.90165760350877	5.304552203508772	0.0	0.0	1	1.0342770974311453	-0.7660139627130907	138.0	11	1.05	0.95				
	106	1	51.52993569122807	10.609104407017544	0.0	-100.0	1	1.0455120595685885	-2.9516245714317058	138.0	12	1.05	0.95				
	107	2	47.362073245614035	9.472414649122808	0.0	0.0	1	0.9995083715870431	-9.190502911232787	138.0	12	1.05	0.95				
	108	1	64.7913162	13.261380508771929	0.0	0.0	1	1.004802299022179	-7.285902350805967	138.0	12	1.05	0.95				
	109	1	66.30690254385965	13.640277094736842	0.0	0.0	1	1.0250296203139801	-1.2724325640968104	138.0	13	1.05	0.95				
	110	1	73.8848342631579	15.155863438596493	0.0	0.0	1	1.05	-2.615799336963964	138.0	13	1.05	0.95				
	111	1	0.0	0.0	0.0	0.0	1	1.0040800641414533	0.3657055016711847	230.0	13	1.05	0.95				
	112	1	0.0	0.0	0.0	0.0	1	1.0081695707808296	-0.45512513625524315	230.0	13	1.05	0.95				
	113	3	100.40759528070176	20.460415642105264	0.0	0.0	1	0.9939472314599032	8.399236452938976e-30	230.0	14	1.05	0.95				
	114	2	73.50593767719297	14.77696685263158	0.0	0.0	1	1.0041671657373095	3.11863842517659	230.0	16	1.05	0.95				
	115	2	120.11021775087718	24.249381501754385	0.0	0.0	1	1.0419472657487607	10.574710875116374	230.0	16	1.05	0.95				
	116	2	37.88965859649123	7.577931719298246	0.0	0.0	1	1.0356619052046303	9.148905576928849	230.0	16	1.05	0.95				
	117	1	0.0	0.0	0.0	0.0	1	1.0419281645975833	13.77509823062463	230.0	17	1.05	0.95				
	118	2	126.1725631263158	25.764967845614034	0.0	0.0	1	1.0488993821152928	14.408517148440373	230.0	17	1.05	0.95				
	119	1	68.58028205964912	14.019173680701755	0.0	0.0	1	1.0238686458338437	5.903030963558391	230.0	15	1.05	0.95				
	120	1	48.49876300350877	9.851311235087719	0.0	0.0	1	1.0176711433594283	3.3984474135418465	230.0	15	1.05	0.95				
	121	2	0.0	0.0	0.0	0.0	1	1.05	15.573707360153128	230.0	17	1.05	0.95				
	122	2	0.0	0.0	0.0	0.0	1	1.05	27.674756095482767	230.0	17	1.05	0.95				
	123	2	0.0	0.0	0.0	0.0	1	1.0150405241759957	2.3080188070679446	230.0	15	1.05	0.95				
	124	1	0.0	0.0	0.0	0.0	1	1.0295246416540003	7.711267190725353	230.0	16	1.05	0.95				
	201	2	41.39461671157895	8.432236737543858	0.0	0.0	2	1.0160736676804891	-13.243528790069604	138.0	21	1.05	0.95				
	202	2	37.17849834280702	7.665669761403509	0.0	0.0	2	1.0152461932764714	-13.506318714109273	138.0	22	1.05	0.95				
	203	1	68.99102785263158	14.181489058596492	0.0	0.0	2	1.014144152886558	-9.9628129089015	138.0	21	1.05	0.95				
	204	1	28.362978117192984	5.749252321052631	0.0	0.0	2	1.013373994763052	-13.090248094323162	138.0	21	1.05	0.95				
	205	1	27.213127652982454	5.365968832982457	0.0	0.0	2	1.0284576927142473	-13.461546417300783	138.0	21	1.05	0.95				
	206	1	52.12655437754387	10.731937665964914	0.0	-100.0	2	1.0435426244701649	-14.075113530996585	138.0	22	1.05	0.95				
	207	2	47.91043600877193	9.582087201754385	0.0	0.0	2	0.9988352250970417	-18.65008478997954	138.0	22	1.05	0.95				
	208	1	65.54147646	13.414922082456137	0.0	0.0	2	1.0039824509908841	-16.935475245324067	138.0	22	1.05	0.95				
	209	1	67.0746104122807	13.798205570526315	0.0	0.0	2	1.0226325183893223	-11.15909879501614	138.0	23	1.05	0.95				
	210	1	74.7402801736842	15.331339522807019	0.0	0.0	2	1.05	-12.446264811196992	138.0	23	1.05	0.95				
	211	1	0.0	0.0	0.0	0.0	2	1.0018126597710404	-9.29888953759037	230.0	23	1.05	0.95				
	212	1	0.0	0.0	0.0	0.0	2	1.0078175819755588	-5.908237976016652	230.0	23	1.05	0.95				
	213	2	101.57012433859649	20.697308355789474	0.0	0.0	2	0.99366465500402	-8.033323860889109	230.0	24	1.05	0.95				
	214	2	74.35699668561404	14.948056034736842	0.0	0.0	2	0.9990723016218823	-7.752122580846378	230.0	26	1.05	0.95				
	215	2	121.5008657182456	24.530143236491227	0.0	0.0	2	1.0159678423153564	-1.886842154254903	230.0	26	1.05	0.95				
	216	2	38.32834880701754	7.665669761403509	0.0	0.0	2	1.0143957208986414	-3.198756290918831	230.0	26	1.05	0.95				
	217	1	0.0	0.0	0.0	0.0	2	1.020702597244667	-0.9828734910742881	230.0	27	1.05	0.95				
	218	2	127.63340152736842	26.063277188771934	0.0	0.0	2	1.0207304814098053	-1.3093170750799243	230.0	27	1.05	0.95				
	219	1	69.37431134070175	14.181489058596492	0.0	0.0	2	1.0098215871747485	-4.678007009368351	230.0	25	1.05	0.95				
	220	1	49.060286472982455	9.965370689824562	0.0	0.0	2	1.008658561718844	-5.195754244139763	230.0	25	1.05	0.95				
	221	2	0.0	0.0	0.0	0.0	2	1.0227100060020045	-0.6990183187215474	230.0	27	1.05	0.95				
	222	2	0.0	0.0	0.0	0.0	2	1.0446556454046454	5.747123183043792	230.0	27	1.05	0.95				
	223	2	0.0	0.0	0.0	0.0	2	1.0083697091693113	-5.17425314010418	230.0	25	1.05	0.95				
	224	1	0.0	0.0	0.0	0.0	2	1.0052248950327904	-4.936043971901702	230.0	26	1.05	0.95				
	301	2	66.53906992421054	13.554254984561407	0.0	0.0	3	1.0012095546896493	-10.452775322412235	138.0	31	1.05	0.95				
	302	2	59.761942431929825	12.322049985964915	0.0	0.0	3	1.0010312931454055	-10.523168889901847	138.0	32	1.05	0.95				
	303	1	110.89844987368423	22.79579247403509	0.0	0.0	3	1.0156018028912708	-6.165752662483995	138.0	31	1.05	0.95				
	304	1	45.59158494807018	9.241537489473686	0.0	0.0	3	1.0029158876990951	-8.421810861751847	138.0	31	1.05	0.95				
	305	1	43.74327745017544	8.62543499017544	0.0	0.0	3	1.016235776822788	-8.614035384240129	138.0	31	1.05	0.95				
	306	1	83.78993990456142	17.25086998035088	0.0	-100.0	3	1.0327433304572071	-8.275441037077357	138.0	32	1.05	0.95				
	307	2	77.01281241228071	15.402562482456142	0.0	0.0	3	0.9937207025626071	-13.716781306374005	138.0	32	1.05	0.95				
	308	1	105.35352738000002	21.5635874754386	0.0	0.0	3	0.9978515133973678	-10.857880721731306	138.0	32	1.05	0.95				
	309	1	107.81793737719299	22.179689974736842	0.0	0.0	3	1.0264219356963704	-4.193143333524708	138.0	33	1.05	0.95				
	310	1	120.1399873631579	24.64409997192983	0.0	0.0	3	1.05	-4.806925713423107	138.0	33	1.05	0.95				
	311	1	0.0	0.0	0.0	0.0	3	1.0163877707674656	1.8316945768351864	230.0	33	1.05	0.95				
	312	1	0.0	0.0	0.0	0.0	3	1.0201568621887513	3.2381373727069103	230.0	33	1.05	0.95				
	313	2	163.26716231403512	33.26953496210527	0.0	0.0	3	1.0369334087008075	8.88947754297327	230.0	34	1.05	0.95				
	314	2	119.52388486385965	24.027997472631583	0.0	0.0	3	1.019723567745298	1.870127248272281	230.0	36	1.05	0.95				
	315	2	195.3044922775439	39.43055995508772	0.0	0.0	3	1.0316315232070703	-0.923300654118024	230.0	36	1.05	0.95				
	316	2	61.61024992982457	12.322049985964915	0.0	0.0	3	1.0332601323565556	0.5476653600040914	230.0	36	1.05	0.95				
	317	1	0.0	0.0	0.0	0.0	3	1.0360486788367071	0.5285624184126053	230.0	37	1.05	0.95				
	318	2	205.16213226631584	41.89496995228071	0.0	0.0	3	1.0318115263378913	-0.9398851397782731	230.0	37	1.05	0.95				
	319	1	111.51455237298246	22.79579247403509	0.0	0.0	3	1.033823659907226	3.168557612256196	230.0	35	1.05	0.95				
	320	1	78.86111991017545	16.018664981754387	0.0	0.0	3	1.0374658338582854	5.2328008643148785	230.0	35	1.05	0.95				
	321	2	0.0	0.0	0.0	0.0	3	1.0339390574126897	-0.3495923208650266	230.0	37	1.05	0.95				
	322	2	0.0	0.0	0.0	0.0	3	1.0480831476785386	4.318140602043812	230.0	37	1.05	0.95				
	323	2	0.0	0.0	0.0	0.0	3	1.0400187700557084	6.18879862386422	230.0	35	1.05	0.95				
	324	1	0.0	0.0	0.0	0.0	3	1.0204979244096817	-1.0828742448301976	230.0	36	1.05	0.95				
	325	1	0.0	0.0	0.0	0.0	3	1.0390206825867176	6.978368327584441	230.0	35	1.05	0.95				
];
