%% MATPOWER Case Format : Version 2
function mpc = RTS_GMLC
mpc.version = '2';

%%-----  Power Flow Data  -----%%
%% system MVA base
mpc.baseMVA = 100.0;
%% bus data
%    bus_i    type    Pd    Qd    Gs    Bs    area    Vm    Va    baseKV    zone    Vmax    Vmin
mpc.bus = [
	101	2	46.398317646315796	9.451509150175438	0.0	0.0	1	1.0314416085084264	1.61020128718341	138.0	11	1.05	0.95				
	102	2	41.67256307122807	8.592281045614037	0.0	0.0	1	1.0304923398368064	1.3264987557133443	138.0	12	1.05	0.95				
	103	1	77.33052941052631	15.895719934385966	0.0	0.0	1	1.029962442256884	0.9766375331732203	138.0	11	1.05	0.95				
	104	1	31.79143986877193	6.444210784210526	0.0	0.0	1	1.0202714803474626	-1.5984680365849828	138.0	11	1.05	0.95				
	105	1	30.502597711929823	6.014596731929825	0.0	0.0	1	1.034826696424412	-1.4761884676047805	138.0	11	1.05	0.95				
	106	1	58.427511110175445	12.02919346385965	0.0	-100.0	1	1.0448165668513014	-3.682006175331399	138.0	12	1.05	0.95				
	107	2	53.70175653508772	10.740351307017544	0.0	0.0	1	0.9993527155044614	-10.152785430883402	138.0	12	1.05	0.95				
	108	1	73.46400294	15.036491829824561	0.0	0.0	1	1.0030776634109027	-8.340692897317604	138.0	12	1.05	0.95				
	109	1	75.1824591491228	15.466105882105264	0.0	0.0	1	1.0247677792178707	-2.2417588412251086	138.0	13	1.05	0.95				
	110	1	83.77474019473684	17.184562091228074	0.0	0.0	1	1.05	-3.243390664875925	138.0	13	1.05	0.95				
	111	1	0.0	0.0	0.0	0.0	1	1.0052728525709855	-0.10286101947666862	230.0	13	1.05	0.95				
	112	1	0.0	0.0	0.0	0.0	1	1.0094148289595772	-0.35364743801837156	230.0	13	1.05	0.95				
	113	3	113.84772385438598	23.199158823157898	0.0	0.0	1	0.9973656314057083	4.6273959250500444e-32	230.0	14	1.05	0.95				
	114	2	83.34512614245614	16.75494803894737	0.0	0.0	1	1.0054561233136865	2.5620112990809463	230.0	16	1.05	0.95				
	115	2	136.18765457298247	27.495299345964913	0.0	0.0	1	1.0419373713432338	9.837467137540342	230.0	16	1.05	0.95				
	116	2	42.96140522807018	8.592281045614037	0.0	0.0	1	1.0368060247226496	8.793242815547798	230.0	16	1.05	0.95				
	117	1	0.0	0.0	0.0	0.0	1	1.0412789489354868	13.290387654876803	230.0	17	1.05	0.95				
	118	2	143.0614794094737	29.213755555087722	0.0	0.0	1	1.048784420749476	13.491790569078413	230.0	17	1.05	0.95				
	119	1	77.76014346280702	15.895719934385966	0.0	0.0	1	1.0277879500125018	6.34037668278832	230.0	15	1.05	0.95				
	120	1	54.990598691929826	11.169965359298246	0.0	0.0	1	1.0240295613366042	5.02123925479717	230.0	15	1.05	0.95				
	121	2	0.0	0.0	0.0	0.0	1	1.05	14.704400274180447	230.0	17	1.05	0.95				
	122	2	0.0	0.0	0.0	0.0	1	1.05	30.035685406307145	230.0	17	1.05	0.95				
	123	2	0.0	0.0	0.0	0.0	1	1.0225406760120506	4.625155743903031	230.0	15	1.05	0.95				
	124	1	0.0	0.0	0.0	0.0	1	1.0262707190667464	6.5261596305197385	230.0	16	1.05	0.95				
	201	2	47.41256099368422	9.658114276491228	0.0	0.0	2	1.0223129555045665	-11.793817486576748	138.0	21	1.05	0.95				
	202	2	42.5835038554386	8.780103887719298	0.0	0.0	2	1.0228514819821835	-11.721112071437382	138.0	22	1.05	0.95				
	203	1	79.02093498947369	16.243192192280702	0.0	0.0	2	1.015920662748288	-10.029098978136778	138.0	21	1.05	0.95				
	204	1	32.486384384561404	6.585077915789474	0.0	0.0	2	1.0160410928227832	-12.850670065819365	138.0	21	1.05	0.95				
	205	1	31.169368801403508	6.14607272140351	0.0	0.0	2	1.0308428054602239	-13.186154775263402	138.0	21	1.05	0.95				
	206	1	59.70470643649123	12.29214544280702	0.0	-100.0	2	1.0435265804671932	-14.392826578384838	138.0	22	1.05	0.95				
	207	2	54.87564929824561	10.975129859649122	0.0	0.0	2	0.9926579508309097	-20.48134731835616	138.0	22	1.05	0.95				
	208	1	75.06988824	15.36518180350877	0.0	0.0	2	0.9981886981216228	-18.486316746772697	138.0	22	1.05	0.95				
	209	1	76.82590901754386	15.804186997894737	0.0	0.0	2	1.0228508160239473	-11.963304965322987	138.0	23	1.05	0.95				
	210	1	85.60601290526316	17.560207775438595	0.0	0.0	2	1.05	-13.184013259150001	138.0	23	1.05	0.95				
	211	1	0.0	0.0	0.0	0.0	2	1.006389360874131	-9.124439791768152	230.0	23	1.05	0.95				
	212	1	0.0	0.0	0.0	0.0	2	1.0087952472746942	-8.217182873973826	230.0	23	1.05	0.95				
	213	2	116.33637651228071	23.70628049684211	0.0	0.0	2	1.0027025009965536	-7.754715962627291	230.0	24	1.05	0.95				
	214	2	85.1670077108772	17.121202581052632	0.0	0.0	2	1.007203942713664	-6.768397682669392	230.0	26	1.05	0.95				
	215	2	139.16464662035088	28.096332440701755	0.0	0.0	2	1.0230071591538223	-0.651236256951308	230.0	26	1.05	0.95				
	216	2	43.90051943859649	8.780103887719298	0.0	0.0	2	1.0247862753996644	-0.7623119195331611	230.0	26	1.05	0.95				
	217	1	0.0	0.0	0.0	0.0	2	1.028967546465543	0.9701806672768996	230.0	27	1.05	0.95				
	218	2	146.18872973052632	29.852353218245614	0.0	0.0	2	1.0281077248712918	0.36573385310420403	230.0	27	1.05	0.95				
	219	1	79.45994018385966	16.243192192280702	0.0	0.0	2	1.0258598661442315	-0.7343351843638127	230.0	25	1.05	0.95				
	220	1	56.19266488140351	11.414135054035087	0.0	0.0	2	1.029809508051856	0.14538267733121715	230.0	25	1.05	0.95				
	221	2	0.0	0.0	0.0	0.0	2	1.029792957341673	0.8345086527423673	230.0	27	1.05	0.95				
	222	2	0.0	0.0	0.0	0.0	2	1.0499999983890116	7.379732974986702	230.0	27	1.05	0.95				
	223	2	0.0	0.0	0.0	0.0	2	1.0328291786442207	0.9600584258319268	230.0	25	1.05	0.95				
	224	1	0.0	0.0	0.0	0.0	2	1.0087958824810308	-4.17407480335373	230.0	26	1.05	0.95				
	301	2	43.90382789052632	8.943372348070175	0.0	0.0	3	1.0082794966461466	-14.13459261240606	138.0	31	1.05	0.95				
	302	2	39.43214171649122	8.130338498245615	0.0	0.0	3	1.0081840211880837	-14.234527479399402	138.0	32	1.05	0.95				
	303	1	73.17304648421053	15.041126221754386	0.0	0.0	3	1.023796601809674	-9.261773051254004	138.0	31	1.05	0.95				
	304	1	30.08225244350877	6.09775387368421	0.0	0.0	3	1.0110806036169007	-12.862394567247092	138.0	31	1.05	0.95				
	305	1	28.86270166877193	5.69123694877193	0.0	0.0	3	1.0239085354972284	-13.56170706173092	138.0	31	1.05	0.95				
	306	1	55.28630178807018	11.38247389754386	0.0	-100.0	3	1.041128482847562	-13.735032812337874	138.0	32	1.05	0.95				
	307	2	50.814615614035084	10.162923122807017	0.0	0.0	3	0.9907649197041328	-18.07996433867557	138.0	32	1.05	0.95				
	308	1	69.51439416	14.228092371929824	0.0	0.0	3	0.9991059159837207	-16.28013192419947	138.0	32	1.05	0.95				
	309	1	71.14046185964912	14.634609296842104	0.0	0.0	3	1.0259463207292596	-10.072873466852188	138.0	33	1.05	0.95				
	310	1	79.27080035789473	16.26067699649123	0.0	0.0	3	1.05	-11.679553757835945	138.0	33	1.05	0.95				
	311	1	0.0	0.0	0.0	0.0	3	1.0065791900002512	-6.217846737229884	230.0	33	1.05	0.95				
	312	1	0.0	0.0	0.0	0.0	3	1.0107805475017277	-5.714348945068627	230.0	33	1.05	0.95				
	313	2	107.72698510175438	21.95191394526316	0.0	0.0	3	1.009922818062374	-2.722707387730197	230.0	34	1.05	0.95				
	314	2	78.86428343298245	15.85416007157895	0.0	0.0	3	1.0047308876074739	-4.505006760698769	230.0	36	1.05	0.95				
	315	2	128.865865197193	26.017083194385965	0.0	0.0	3	1.0354703407326564	-0.13469478913189858	230.0	36	1.05	0.95				
	316	2	40.65169249122807	8.130338498245615	0.0	0.0	3	1.034519909212334	0.2726787877642187	230.0	36	1.05	0.95				
	317	1	0.0	0.0	0.0	0.0	3	1.045935815348449	4.813931818064622	230.0	37	1.05	0.95				
	318	2	135.37013599578947	27.64315089403509	0.0	0.0	3	1.0429737787552953	3.0362624351826515	230.0	37	1.05	0.95				
	319	1	73.57956340912281	15.041126221754386	0.0	0.0	3	1.029274079621354	-0.3723330578347473	230.0	35	1.05	0.95				
	320	1	52.03416638877193	10.569440047719299	0.0	0.0	3	1.02733168833672	-0.14563643950100694	230.0	35	1.05	0.95				
	321	2	0.0	0.0	0.0	0.0	3	1.0421492228816398	2.584821201109859	230.0	37	1.05	0.95				
	322	2	0.0	0.0	0.0	0.0	3	1.05	7.7902176436902915	230.0	37	1.05	0.95				
	323	2	0.0	0.0	0.0	0.0	3	1.0267552160078302	0.2935808908663942	230.0	35	1.05	0.95				
	324	1	0.0	0.0	0.0	0.0	3	1.0196869470408072	-3.5469479322131563	230.0	36	1.05	0.95				
	325	1	0.0	0.0	0.0	0.0	3	1.0245442406272813	1.5140817612891346	230.0	35	1.05	0.95				
];
