%% MATPOWER Case Format : Version 2
function mpc = RTS_GMLC
mpc.version = '2';

%%-----  Power Flow Data  -----%%
%% system MVA base
mpc.baseMVA = 100.0;
%% bus data
%    bus_i    type    Pd    Qd    Gs    Bs    area    Vm    Va    baseKV    zone    Vmax    Vmin
mpc.bus = [
	101	2	66.14398811368422	13.473775356491227	0.0	0.0	1	1.03236545705637	-0.2972535151123257	138.0	11	1.05	0.95				
	102	2	59.4071004354386	12.248886687719299	0.0	0.0	1	1.0318222646349824	-0.48280042834158315	138.0	12	1.05	0.95				
	103	1	110.2399801894737	22.660440372280704	0.0	0.0	1	1.0246170770145637	-0.17454988780090192	138.0	11	1.05	0.95				
	104	1	45.32088074456141	9.186665015789472	0.0	0.0	1	1.0178355607055158	-3.258253046851281	138.0	11	1.05	0.95				
	105	1	43.483547741403505	8.574220681403508	0.0	0.0	1	1.0329892785941126	-3.28648779449213	138.0	11	1.05	0.95				
	106	1	83.29242947649124	17.148441362807016	0.0	-100.0	1	1.0400167184818234	-5.560269867773001	138.0	12	1.05	0.95				
	107	2	76.55554179824561	15.311108359649122	0.0	0.0	1	1.0180238689594798	-6.317359714553783	138.0	12	1.05	0.95				
	108	1	104.72798118	21.43555170350877	0.0	0.0	1	1.010500481566498	-7.150906771274273	138.0	12	1.05	0.95				
	109	1	107.17775851754385	22.047996037894734	0.0	0.0	1	1.0255168205823717	-3.045473761576535	138.0	13	1.05	0.95				
	110	1	119.42664520526316	24.497773375438598	0.0	0.0	1	1.05	-4.382422961655504	138.0	13	1.05	0.95				
	111	1	0.0	0.0	0.0	0.0	1	1.0117260950268812	-0.4238764144576877	230.0	13	1.05	0.95				
	112	1	0.0	0.0	0.0	0.0	1	1.0134074572110174	-0.15082228349983082	230.0	13	1.05	0.95				
	113	3	162.2977486122807	33.07199405684211	0.0	0.0	1	1.007386064981551	4.4304576034332885e-28	230.0	14	1.05	0.95				
	114	2	118.8142008708772	23.885329041052632	0.0	0.0	1	1.0169361362157785	2.5490688955164753	230.0	16	1.05	0.95				
	115	2	194.14485400035088	39.196437400701754	0.0	0.0	1	1.0452550107943324	11.093354732409033	230.0	16	1.05	0.95				
	116	2	61.24443343859649	12.248886687719299	0.0	0.0	1	1.0422077189911514	10.402661032530634	230.0	16	1.05	0.95				
	117	1	0.0	0.0	0.0	0.0	1	1.0435688228702904	14.290124054620742	230.0	17	1.05	0.95				
	118	2	203.9439633505263	41.64621473824562	0.0	0.0	1	1.0493988691252194	14.126789356955957	230.0	17	1.05	0.95				
	119	1	110.85242452385967	22.660440372280704	0.0	0.0	1	1.0352993858402142	8.325774446434082	230.0	15	1.05	0.95				
	120	1	78.39287480140351	15.923552694035086	0.0	0.0	1	1.0349614266462688	7.677819346555819	230.0	15	1.05	0.95				
	121	2	0.0	0.0	0.0	0.0	1	1.05	15.41401040357107	230.0	17	1.05	0.95				
	122	2	0.0	0.0	0.0	0.0	1	1.05	31.456245298700395	230.0	17	1.05	0.95				
	123	2	0.0	0.0	0.0	0.0	1	1.0361013450359675	7.780384429114362	230.0	15	1.05	0.95				
	124	1	0.0	0.0	0.0	0.0	1	1.023403541881401	6.912296987041401	230.0	16	1.05	0.95				
	201	2	57.187470505263164	11.64929954736842	0.0	0.0	2	1.0307940574143604	-8.106946443844276	138.0	21	1.05	0.95				
	202	2	51.36282073157894	10.590272315789473	0.0	0.0	2	1.0311542752325988	-8.099215265610246	138.0	22	1.05	0.95				
	203	1	95.31245084210525	19.592003784210522	0.0	0.0	2	1.0228565317761322	-7.025620879636927	138.0	21	1.05	0.95				
	204	1	39.184007568421045	7.942704236842105	0.0	0.0	2	1.0185587096518791	-10.233531840180456	138.0	21	1.05	0.95				
	205	1	37.59546672105263	7.413190621052632	0.0	0.0	2	1.0336411713546871	-10.454112820822887	138.0	21	1.05	0.95				
	206	1	72.01385174736842	14.826381242105263	0.0	-100.0	2	1.0425607510805068	-12.266045443286757	138.0	22	1.05	0.95				
	207	2	66.1892019736842	13.23784039473684	0.0	0.0	2	0.9885835014769272	-20.1983803301473	138.0	22	1.05	0.95				
	208	1	90.54682829999999	18.532976552631578	0.0	0.0	2	0.9921335507057448	-17.716401171032402	138.0	22	1.05	0.95				
	209	1	92.66488276315789	19.06249016842105	0.0	0.0	2	1.0240763137440037	-9.824661025807496	138.0	23	1.05	0.95				
	210	1	103.25515507894735	21.180544631578947	0.0	0.0	2	1.05	-11.15396374066788	138.0	23	1.05	0.95				
	211	1	0.0	0.0	0.0	0.0	2	1.0109699055629804	-6.722191140098025	230.0	23	1.05	0.95				
	212	1	0.0	0.0	0.0	0.0	2	1.0119527571132836	-5.954520902768772	230.0	23	1.05	0.95				
	213	2	140.32110818421052	28.593735252631582	0.0	0.0	2	1.0078463770218582	-5.577906804541639	230.0	24	1.05	0.95				
	214	2	102.72564146315788	20.651031015789474	0.0	0.0	2	1.0164624017931874	-3.9012036178194487	230.0	26	1.05	0.95				
	215	2	167.85581620526315	33.88887141052631	0.0	0.0	2	1.0352423319592716	3.24120542681517	230.0	26	1.05	0.95				
	216	2	52.95136157894736	10.590272315789473	0.0	0.0	2	1.0367628891466139	3.2771140591960624	230.0	26	1.05	0.95				
	217	1	0.0	0.0	0.0	0.0	2	1.0415276550554464	6.2378465480783385	230.0	27	1.05	0.95				
	218	2	176.3280340578947	36.00692587368421	0.0	0.0	2	1.042990788108115	6.681047719592196	230.0	27	1.05	0.95				
	219	1	95.84196445789473	19.592003784210522	0.0	0.0	2	1.0353098256976863	2.619850691562951	230.0	25	1.05	0.95				
	220	1	67.77774282105263	13.767354010526315	0.0	0.0	2	1.038065553836509	3.0602504058763413	230.0	25	1.05	0.95				
	221	2	0.0	0.0	0.0	0.0	2	1.0424529095227781	6.291514545418802	230.0	27	1.05	0.95				
	222	2	0.0	0.0	0.0	0.0	2	1.05	12.775309996502225	230.0	27	1.05	0.95				
	223	2	0.0	0.0	0.0	0.0	2	1.0406784796746074	3.6961527286346345	230.0	25	1.05	0.95				
	224	1	0.0	0.0	0.0	0.0	2	1.017857225595346	-0.5968111624399169	230.0	26	1.05	0.95				
	301	2	66.64156912421053	13.575134451228072	0.0	0.0	3	1.0141011329153629	-18.186109422336866	138.0	31	1.05	0.95				
	302	2	59.854001898596486	12.341031319298246	0.0	0.0	3	1.0127645674607924	-18.467004367615086	138.0	32	1.05	0.95				
	303	1	111.06928187368422	22.830907940701756	0.0	0.0	3	1.0436510720469407	-5.515419314099409	138.0	31	1.05	0.95				
	304	1	45.66181588140351	9.255773489473684	0.0	0.0	3	1.0095375442135281	-16.40290241103199	138.0	31	1.05	0.95				
	305	1	43.81066118350877	8.638721923508772	0.0	0.0	3	1.024038659735272	-18.353938139594156	138.0	31	1.05	0.95				
	306	1	83.91901297122809	17.277443847017544	0.0	-100.0	3	1.0360872778407344	-19.126971431130276	138.0	32	1.05	0.95				
	307	2	77.13144574561403	15.426289149122807	0.0	0.0	3	0.9903761182257508	-25.882841719374902	138.0	32	1.05	0.95				
	308	1	105.51581778	21.596804808771928	0.0	0.0	3	0.989749603880409	-22.91243583485875	138.0	32	1.05	0.95				
	309	1	107.98402404385965	22.213856374736842	0.0	0.0	3	1.0286774696336434	-12.206264582345915	138.0	33	1.05	0.95				
	310	1	120.3250553631579	24.68206263859649	0.0	0.0	3	1.05	-16.544187867613868	138.0	33	1.05	0.95				
	311	1	0.0	0.0	0.0	0.0	3	1.0199078098612695	-9.380486923151437	230.0	33	1.05	0.95				
	312	1	0.0	0.0	0.0	0.0	3	1.0194109481752667	-8.910420647960477	230.0	33	1.05	0.95				
	313	2	163.51866498070174	33.32078456210527	0.0	0.0	3	1.0251059569161378	-6.29037765349234	230.0	34	1.05	0.95				
	314	2	119.70800379719297	24.065011072631577	0.0	0.0	3	1.0301815545045732	-7.1157941647837175	230.0	36	1.05	0.95				
	315	2	195.6053464108772	39.491300221754386	0.0	0.0	3	1.0460863134532012	-0.7656890595736525	230.0	36	1.05	0.95				
	316	2	61.70515659649123	12.341031319298246	0.0	0.0	3	1.0461079834984721	-0.17502988446559817	230.0	36	1.05	0.95				
	317	1	0.0	0.0	0.0	0.0	3	1.05	3.893606076987673	230.0	37	1.05	0.95				
	318	2	205.47817146631579	41.95950648561404	0.0	0.0	3	1.043839470147202	2.192751852731107	230.0	37	1.05	0.95				
	319	1	111.68633343964913	22.830907940701756	0.0	0.0	3	1.041507729441269	-1.7922100357536574	230.0	35	1.05	0.95				
	320	1	78.98260044350877	16.04334071508772	0.0	0.0	3	1.0428450780812422	-2.039143699880691	230.0	35	1.05	0.95				
	321	2	0.0	0.0	0.0	0.0	3	1.0458754431478545	1.8016048596291678	230.0	37	1.05	0.95				
	322	2	0.0	0.0	0.0	0.0	3	1.05	6.96515513894525	230.0	37	1.05	0.95				
	323	2	0.0	0.0	0.0	0.0	3	1.0449241001431715	-1.7199266483321782	230.0	35	1.05	0.95				
	324	1	0.0	0.0	0.0	0.0	3	1.0379735900092557	-2.5526462407570665	230.0	36	1.05	0.95				
	325	1	0.0	0.0	0.0	0.0	3	1.03969143627012	-0.3117427969528759	230.0	35	1.05	0.95				
];
