%% MATPOWER Case Format : Version 2
function mpc = RTS_GMLC
mpc.version = '2';

%%-----  Power Flow Data  -----%%
%% system MVA base
mpc.baseMVA = 100.0;
%% bus data
%    bus_i    type    Pd    Qd    Gs    Bs    area    Vm    Va    baseKV    zone    Vmax    Vmin
mpc.bus = [
	101	2	39.30430479157895	8.006432457543859	0.0	0.0	1	1.0336748256628718	3.768060709751245	138.0	11	1.05	0.95				
	102	2	35.30108856280702	7.27857496140351	0.0	0.0	1	1.0327453732914889	3.5013581777889136	138.0	12	1.05	0.95				
	103	1	65.50717465263159	13.465363678596493	0.0	0.0	1	1.0315534132087283	2.335823064715882	138.0	11	1.05	0.95				
	104	1	26.930727357192985	5.458931221052631	0.0	0.0	1	1.0222456029380056	0.37089153811038	138.0	11	1.05	0.95				
	105	1	25.838941112982454	5.095002472982457	0.0	0.0	1	1.0367234315599236	0.5832935208081532	138.0	11	1.05	0.95				
	106	1	49.494309737543865	10.190004945964914	0.0	-100.0	1	1.0470897409388062	-1.6236782827531737	138.0	12	1.05	0.95				
	107	2	45.49109350877193	9.098218701754385	0.0	0.0	1	1.0003327745979813	-7.157725536837278	138.0	12	1.05	0.95				
	108	1	62.23181592	12.73750618245614	0.0	0.0	1	1.0062225752454514	-5.721071119509465	138.0	12	1.05	0.95				
	109	1	63.6875309122807	13.101434930526315	0.0	0.0	1	1.0244738286717394	-0.7125323335290374	138.0	13	1.05	0.95				
	110	1	70.96610587368421	14.55714992280702	0.0	0.0	1	1.05	-1.498309696976056	138.0	13	1.05	0.95				
	111	1	0.0	0.0	0.0	0.0	1	1.0020497737634775	0.7229614246561077	230.0	13	1.05	0.95				
	112	1	0.0	0.0	0.0	0.0	1	1.006586144365099	0.49997826487527136	230.0	13	1.05	0.95				
	113	3	96.44111823859649	19.652152395789475	0.0	0.0	1	0.9903836527270223	1.288849263154433e-30	230.0	14	1.05	0.95				
	114	2	70.60217712561403	14.193221174736841	0.0	0.0	1	1.0004221327519653	3.3111536874255694	230.0	16	1.05	0.95				
	115	2	115.36541313824561	23.29143987649123	0.0	0.0	1	1.0392529940000086	9.673600814365887	230.0	16	1.05	0.95				
	116	2	36.39287480701754	7.27857496140351	0.0	0.0	1	1.0352187294061235	8.990416758645468	230.0	16	1.05	0.95				
	117	1	0.0	0.0	0.0	0.0	1	1.041533443457318	12.446637783107743	230.0	17	1.05	0.95				
	118	2	121.18827310736842	24.747154868771933	0.0	0.0	1	1.047026127972029	12.522825134395124	230.0	17	1.05	0.95				
	119	1	65.87110340070176	13.465363678596493	0.0	0.0	1	1.0255494138867394	6.891697478434256	230.0	15	1.05	0.95				
	120	1	46.58287975298246	9.462147449824561	0.0	0.0	1	1.0201533989135267	5.757587817467878	230.0	15	1.05	0.95				
	121	2	0.0	0.0	0.0	0.0	1	1.05	13.446176087521062	230.0	17	1.05	0.95				
	122	2	0.0	0.0	0.0	0.0	1	1.05	25.849360790101418	230.0	17	1.05	0.95				
	123	2	0.0	0.0	0.0	0.0	1	1.017442878096141	5.415955689088005	230.0	15	1.05	0.95				
	124	1	0.0	0.0	0.0	0.0	1	1.0268384063732499	6.9221945377208	230.0	16	1.05	0.95				
	201	2	37.96064852210527	7.732724698947369	0.0	0.0	2	1.018915051771147	-8.979438192561483	138.0	21	1.05	0.95				
	202	2	34.09428617263158	7.0297497263157895	0.0	0.0	2	1.018724239842395	-9.068600385828045	138.0	22	1.05	0.95				
	203	1	63.2677475368421	13.005036993684211	0.0	0.0	2	1.0163688465218483	-6.953470887670105	138.0	21	1.05	0.95				
	204	1	26.010073987368422	5.2723122947368415	0.0	0.0	2	1.0156761519762532	-9.671385981291923	138.0	21	1.05	0.95				
	205	1	24.955611528421052	4.920824808421053	0.0	0.0	2	1.030372545418531	-9.96352743309576	138.0	21	1.05	0.95				
	206	1	47.80229813894737	9.841649616842107	0.0	-100.0	2	1.0451457743456536	-10.92200999126495	138.0	22	1.05	0.95				
	207	2	43.93593578947368	8.787187157894737	0.0	0.0	2	0.9959826472279957	-15.453143438681835	138.0	22	1.05	0.95				
	208	1	60.10436015999999	12.302062021052631	0.0	0.0	2	1.0035413072862174	-13.918734267809093	138.0	22	1.05	0.95				
	209	1	61.51031010526316	12.65354950736842	0.0	0.0	2	1.0224130765188195	-8.701568100881763	138.0	23	1.05	0.95				
	210	1	68.54005983157894	14.059499452631579	0.0	0.0	2	1.05	-9.820830301574492	138.0	23	1.05	0.95				
	211	1	0.0	0.0	0.0	0.0	2	1.0017427989742866	-6.289756852878383	230.0	23	1.05	0.95				
	212	1	0.0	0.0	0.0	0.0	2	1.0055318908242463	-5.733204068131414	230.0	23	1.05	0.95				
	213	2	93.1441838736842	18.980324261052633	0.0	0.0	2	0.9944016985793741	-5.2654807803660395	230.0	24	1.05	0.95				
	214	2	68.18857234526315	13.708011966315789	0.0	0.0	2	0.9997933369044943	-4.064617261249861	230.0	26	1.05	0.95				
	215	2	111.42153316210526	22.495199124210526	0.0	0.0	2	1.0174096272264461	1.321580375485627	230.0	26	1.05	0.95				
	216	2	35.14874863157895	7.0297497263157895	0.0	0.0	2	1.018476660085495	1.1954508758287405	230.0	26	1.05	0.95				
	217	1	0.0	0.0	0.0	0.0	2	1.0239708593333905	2.8879332631743817	230.0	27	1.05	0.95				
	218	2	117.04533294315789	23.901149069473686	0.0	0.0	2	1.0233724307636745	2.4546925963917148	230.0	27	1.05	0.95				
	219	1	63.61923502315789	13.005036993684211	0.0	0.0	2	1.0186587981773254	0.818527045464191	230.0	25	1.05	0.95				
	220	1	44.99039824842105	9.138674644210527	0.0	0.0	2	1.0208134428474396	1.1903324747269306	230.0	25	1.05	0.95				
	221	2	0.0	0.0	0.0	0.0	2	1.0250168064177794	2.883167395770329	230.0	27	1.05	0.95				
	222	2	0.0	0.0	0.0	0.0	2	1.0470892834725611	9.411804589626199	230.0	27	1.05	0.95				
	223	2	0.0	0.0	0.0	0.0	2	1.0222856261510034	1.6688998874344307	230.0	25	1.05	0.95				
	224	1	0.0	0.0	0.0	0.0	2	1.0067369307218612	-1.8056723775074461	230.0	26	1.05	0.95				
	301	2	41.76842771368422	8.508383423157897	0.0	0.0	3	1.0094038741307791	-17.694895142306258	138.0	31	1.05	0.95				
	302	2	37.514236002105264	7.734894021052634	0.0	0.0	3	1.009362536494724	-17.79397473731698	138.0	32	1.05	0.95				
	303	1	69.6140461894737	14.309553938947369	0.0	0.0	3	1.0222514335398603	-12.911036135056355	138.0	31	1.05	0.95				
	304	1	28.619107877894738	5.801170515789474	0.0	0.0	3	1.0116907179049337	-16.49387696865653	138.0	31	1.05	0.95				
	305	1	27.458873774736848	5.414425814736844	0.0	0.0	3	1.0248001335431187	-17.184162743577783	138.0	31	1.05	0.95				
	306	1	52.59727934315791	10.828851629473688	0.0	-100.0	3	1.041996493187103	-17.37479096616261	138.0	32	1.05	0.95				
	307	2	48.34308763157896	9.66861752631579	0.0	0.0	3	0.9926671997772695	-21.466596639729094	138.0	32	1.05	0.95				
	308	1	66.13334388000001	13.536064536842108	0.0	0.0	3	1.0008465909034836	-19.764882088949545	138.0	32	1.05	0.95				
	309	1	67.68032268421054	13.92280923789474	0.0	0.0	3	1.025245243985197	-13.83996488041446	138.0	33	1.05	0.95				
	310	1	75.41521670526316	15.469788042105268	0.0	0.0	3	1.05	-15.426778647238233	138.0	33	1.05	0.95				
	311	1	0.0	0.0	0.0	0.0	3	1.004055700609345	-10.393234498434031	230.0	33	1.05	0.95				
	312	1	0.0	0.0	0.0	0.0	3	1.009962445411732	-9.61860163418303	230.0	33	1.05	0.95				
	313	2	102.48734577894739	20.88421385684211	0.0	0.0	3	1.0084244018921258	-6.706057091926876	230.0	34	1.05	0.95				
	314	2	75.02847200421053	15.083043341052635	0.0	0.0	3	0.9977969563581168	-9.245196503371751	230.0	36	1.05	0.95				
	315	2	122.59807023368423	24.751660867368425	0.0	0.0	3	1.021677057799905	-5.984222940305673	230.0	36	1.05	0.95				
	316	2	38.67447010526316	7.734894021052634	0.0	0.0	3	1.0214047283664525	-5.318583671990475	230.0	36	1.05	0.95				
	317	1	0.0	0.0	0.0	0.0	3	1.0274390494479342	-3.513158257016225	230.0	37	1.05	0.95				
	318	2	128.78598545052634	26.298639671578954	0.0	0.0	3	1.0256795912456855	-3.9075706328168933	230.0	37	1.05	0.95				
	319	1	70.00079089052633	14.309553938947369	0.0	0.0	3	1.0209306616004106	-5.287702769640301	230.0	35	1.05	0.95				
	320	1	49.50332173473685	10.055362227368423	0.0	0.0	3	1.0229360294843597	-4.4971776917014195	230.0	35	1.05	0.95				
	321	2	0.0	0.0	0.0	0.0	3	1.026600936352484	-4.051386583726903	230.0	37	1.05	0.95				
	322	2	0.0	0.0	0.0	0.0	3	1.0403453039001673	0.5476402518540323	230.0	37	1.05	0.95				
	323	2	0.0	0.0	0.0	0.0	3	1.02462035501941	-3.7635704438602926	230.0	35	1.05	0.95				
	324	1	0.0	0.0	0.0	0.0	3	1.0129361008296944	-8.605488931642663	230.0	36	1.05	0.95				
	325	1	0.0	0.0	0.0	0.0	3	1.0210404834656872	-2.31279151176355	230.0	35	1.05	0.95				
];
