%% MATPOWER Case Format : Version 2
function mpc = RTS_GMLC
mpc.version = '2';

%%-----  Power Flow Data  -----%%
%% system MVA base
mpc.baseMVA = 100.0;
%% bus data
%    bus_i    type    Pd    Qd    Gs    Bs    area    Vm    Va    baseKV    zone    Vmax    Vmin
mpc.bus = [
	101	2	52.83770411368421	10.763236023157894	0.0	0.0	1	1.0365742842410552	0.8358732841245151	138.0	11	1.05	0.95				
	102	2	47.45608610210527	9.784760021052632	0.0	0.0	1	1.0361447577839662	0.6815173463573049	138.0	12	1.05	0.95				
	103	1	88.06284018947369	18.10180603894737	0.0	0.0	1	1.0271782315126288	-0.5869170183922917	138.0	11	1.05	0.95				
	104	1	36.20361207789474	7.3385700157894735	0.0	0.0	1	1.0215331559357241	-2.4775458003755135	138.0	11	1.05	0.95				
	105	1	34.735898074736845	6.849332014736843	0.0	0.0	1	1.0366243057019806	-2.3281858846982466	138.0	11	1.05	0.95				
	106	1	66.5363681431579	13.698664029473687	0.0	-100.0	1	1.0444286987531546	-4.596682442624461	138.0	12	1.05	0.95				
	107	2	61.15475013157895	12.23095002631579	0.0	0.0	1	1.0014133086830417	-10.095880209548625	138.0	12	1.05	0.95				
	108	1	83.65969817999999	17.123330036842106	0.0	0.0	1	1.0029426565009554	-8.850120134531096	138.0	12	1.05	0.95				
	109	1	85.61665018421053	17.61256803789474	0.0	0.0	1	1.0246732938514638	-3.0918116739037296	138.0	13	1.05	0.95				
	110	1	95.40141020526316	19.569520042105264	0.0	0.0	1	1.05	-4.006128380051552	138.0	13	1.05	0.95				
	111	1	0.0	0.0	0.0	0.0	1	1.005892041942995	-0.8335613081466614	230.0	13	1.05	0.95				
	112	1	0.0	0.0	0.0	0.0	1	1.0097926639797725	-0.46704298998251265	230.0	13	1.05	0.95				
	113	3	129.6480702789474	26.418852056842105	0.0	0.0	1	1.000333403893778	2.7918977700633195e-29	230.0	14	1.05	0.95				
	114	2	94.91217220421053	19.080282041052634	0.0	0.0	1	1.004612351532311	1.26768810387717	230.0	16	1.05	0.95				
	115	2	155.0884463336842	31.311232067368422	0.0	0.0	1	1.0376844979194095	7.745617933513582	230.0	16	1.05	0.95				
	116	2	48.92380010526316	9.784760021052632	0.0	0.0	1	1.0340253816240785	7.12134740377957	230.0	16	1.05	0.95				
	117	1	0.0	0.0	0.0	0.0	1	1.0401038541929137	9.58688518908382	230.0	17	1.05	0.95				
	118	2	162.91625435052632	33.26818407157895	0.0	0.0	1	1.042563887572258	9.700465815320674	230.0	17	1.05	0.95				
	119	1	88.55207819052632	18.10180603894737	0.0	0.0	1	1.027401623417324	5.796646844915661	230.0	15	1.05	0.95				
	120	1	62.622464134736845	12.720188027368422	0.0	0.0	1	1.0254734996208532	5.588342258336051	230.0	15	1.05	0.95				
	121	2	0.0	0.0	0.0	0.0	1	1.0457819603679148	10.931473620574415	230.0	17	1.05	0.95				
	122	2	0.0	0.0	0.0	0.0	1	1.05	18.68763357220147	230.0	17	1.05	0.95				
	123	2	0.0	0.0	0.0	0.0	1	1.0252283228154018	5.850129647512462	230.0	15	1.05	0.95				
	124	1	0.0	0.0	0.0	0.0	1	1.0231935680077926	4.628278574420643	230.0	16	1.05	0.95				
	201	2	51.543522757894735	10.499606487719298	0.0	0.0	2	1.0319411611055502	-7.526821427881157	138.0	21	1.05	0.95				
	202	2	46.29371951403509	9.545096807017545	0.0	0.0	2	1.0324004147334709	-7.465447340352473	138.0	22	1.05	0.95				
	203	1	85.90587126315789	17.658429092982455	0.0	0.0	2	1.0185032121232132	-7.71118901925139	138.0	21	1.05	0.95				
	204	1	35.31685818596491	7.158822605263157	0.0	0.0	2	1.0196257611809594	-9.616207478722622	138.0	21	1.05	0.95				
	205	1	33.88509366491228	6.681567764912281	0.0	0.0	2	1.0349986574342684	-9.71637036888142	138.0	21	1.05	0.95				
	206	1	64.9066582877193	13.363135529824563	0.0	-100.0	2	1.044420053401213	-11.3901426100287	138.0	22	1.05	0.95				
	207	2	59.65685504385965	11.93137100877193	0.0	0.0	2	0.9910495227145819	-18.593985699203238	138.0	22	1.05	0.95				
	208	1	81.6105777	16.703919412280698	0.0	0.0	2	0.9956964050794723	-16.394182032671345	138.0	22	1.05	0.95				
	209	1	83.5195970614035	17.18117425263158	0.0	0.0	2	1.0231392736017633	-9.434107113871322	138.0	23	1.05	0.95				
	210	1	93.06469386842105	19.09019361403509	0.0	0.0	2	1.05	-10.423949580920416	138.0	23	1.05	0.95				
	211	1	0.0	0.0	0.0	0.0	2	1.0069351138840783	-6.500731377341477	230.0	23	1.05	0.95				
	212	1	0.0	0.0	0.0	0.0	2	1.008503132154945	-5.707503818224031	230.0	23	1.05	0.95				
	213	2	126.47253269298244	25.771761378947367	0.0	0.0	2	1.0019496615980117	-5.334995678750745	230.0	24	1.05	0.95				
	214	2	92.58743902807018	18.61293877368421	0.0	0.0	2	1.0092322224070207	-3.995870891545329	230.0	26	1.05	0.95				
	215	2	151.28978439122807	30.544309782456143	0.0	0.0	2	1.0281202724554162	2.4741275638671048	230.0	26	1.05	0.95				
	216	2	47.72548403508772	9.545096807017545	0.0	0.0	2	1.0286929155577496	2.4424541337355126	230.0	26	1.05	0.95				
	217	1	0.0	0.0	0.0	0.0	2	1.0343132032561209	4.9971732177109125	230.0	27	1.05	0.95				
	218	2	158.9258618368421	32.45332914385965	0.0	0.0	2	1.035653027407765	5.338360742959893	230.0	27	1.05	0.95				
	219	1	86.38312610350877	17.658429092982455	0.0	0.0	2	1.0270426519847924	2.0658576526927392	230.0	25	1.05	0.95				
	220	1	61.088619564912285	12.408625849122807	0.0	0.0	2	1.0290491539572704	2.666357749815009	230.0	25	1.05	0.95				
	221	2	0.0	0.0	0.0	0.0	2	1.035942425933149	5.148835831237407	230.0	27	1.05	0.95				
	222	2	0.0	0.0	0.0	0.0	2	1.05	11.587227067003571	230.0	27	1.05	0.95				
	223	2	0.0	0.0	0.0	0.0	2	1.0310835767628326	3.3589833031162093	230.0	25	1.05	0.95				
	224	1	0.0	0.0	0.0	0.0	2	1.0119561401263348	-1.34356052721731	230.0	26	1.05	0.95				
	301	2	41.32426448842105	8.417905729122808	0.0	0.0	3	1.0118879823611397	-9.388573793043278	138.0	31	1.05	0.95				
	302	2	37.11531162385965	7.652641571929824	0.0	0.0	3	1.0117552241192704	-9.556119607078951	138.0	32	1.05	0.95				
	303	1	68.87377414736842	14.157386908070174	0.0	0.0	3	1.0331222388520462	-2.190343415769142	138.0	31	1.05	0.95				
	304	1	28.31477381614035	5.7394811789473685	0.0	0.0	3	1.0134166542436303	-8.323840756563149	138.0	31	1.05	0.95				
	305	1	27.166877580350878	5.356849100350878	0.0	0.0	3	1.0263026514370817	-9.481330494397254	138.0	31	1.05	0.95				
	306	1	52.03796268912281	10.713698200701756	0.0	-100.0	3	1.0427098371357022	-10.005427520793347	138.0	32	1.05	0.95				
	307	2	47.8290098245614	9.56580196491228	0.0	0.0	3	0.9932485393822116	-13.796805412470519	138.0	32	1.05	0.95				
	308	1	65.43008544	13.392122750877192	0.0	0.0	3	1.0014768493693627	-12.117442819556384	138.0	32	1.05	0.95				
	309	1	66.96061375438596	13.774754829473684	0.0	0.0	3	1.0261717454587675	-5.743755856720622	138.0	33	1.05	0.95				
	310	1	74.61325532631578	15.305283143859649	0.0	0.0	3	1.05	-8.339932659822306	138.0	33	1.05	0.95				
	311	1	0.0	0.0	0.0	0.0	3	1.003602975638007	-3.8542964793306567	230.0	33	1.05	0.95				
	312	1	0.0	0.0	0.0	0.0	3	1.009636741749717	-3.2940559534226206	230.0	33	1.05	0.95				
	313	2	101.39750082807018	20.662132244210525	0.0	0.0	3	1.0063735241662064	-0.7418190272677362	230.0	34	1.05	0.95				
	314	2	74.2306232477193	14.92265106526316	0.0	0.0	3	0.9943199144212079	-3.241227956509592	230.0	36	1.05	0.95				
	315	2	121.29436891508772	24.48845303017544	0.0	0.0	3	1.0192328433126812	-0.5337894873968497	230.0	36	1.05	0.95				
	316	2	38.26320785964912	7.652641571929824	0.0	0.0	3	1.0174799712924032	-0.08736474195716874	230.0	36	1.05	0.95				
	317	1	0.0	0.0	0.0	0.0	3	1.0240274829423262	1.0074723957600564	230.0	37	1.05	0.95				
	318	2	127.41648217263158	26.018981344561404	0.0	0.0	3	1.0231696486486312	0.5948084410592324	230.0	37	1.05	0.95				
	319	1	69.25640622596492	14.157386908070174	0.0	0.0	3	1.0140023079704596	-0.48196446779827573	230.0	35	1.05	0.95				
	320	1	48.97690606035088	9.948434043508772	0.0	0.0	3	1.0133812586528548	-0.05914410675958839	230.0	35	1.05	0.95				
	321	2	0.0	0.0	0.0	0.0	3	1.0239041421691306	0.7684974580757788	230.0	37	1.05	0.95				
	322	2	0.0	0.0	0.0	0.0	3	1.0374063338763866	5.274972520032053	230.0	37	1.05	0.95				
	323	2	0.0	0.0	0.0	0.0	3	1.0135117336695203	0.4773597629810251	230.0	35	1.05	0.95				
	324	1	0.0	0.0	0.0	0.0	3	1.0196255484290848	-1.176573187776558	230.0	36	1.05	0.95				
	325	1	0.0	0.0	0.0	0.0	3	1.0139365990638969	1.3845564818648077	230.0	35	1.05	0.95				
];
