%% MATPOWER Case Format : Version 2
function mpc = RTS_GMLC
mpc.version = '2';

%%-----  Power Flow Data  -----%%
%% system MVA base
mpc.baseMVA = 100.0;
%% bus data
%    bus_i    type    Pd    Qd    Gs    Bs    area    Vm    Va    baseKV    zone    Vmax    Vmin
mpc.bus = [
	101	2	38.58287976	7.859475506666666	0.0	0.0	1	1.0367877391198344	2.2580431845660613	138.0	11	1.05	0.95				
	102	2	34.65314200666666	7.1449777333333335	0.0	0.0	1	1.0359573759637712	2.006746630874291	138.0	12	1.05	0.95				
	103	1	64.3047996	13.218208806666665	0.0	0.0	1	1.0264227387378162	0.4169602288633194	138.0	11	1.05	0.95				
	104	1	26.43641761333333	5.358733299999999	0.0	0.0	1	1.0231826689914003	-1.0679149442023792	138.0	11	1.05	0.95				
	105	1	25.36467095333333	5.001484413333333	0.0	0.0	1	1.0384891790762483	-0.8107175900930258	138.0	11	1.05	0.95				
	106	1	48.58584858666667	10.002968826666667	0.0	-100.0	1	1.0481368461595824	-2.9489516169648087	138.0	12	1.05	0.95				
	107	2	44.65611083333333	8.931222166666666	0.0	0.0	1	1.0014890725344725	-9.514373644988945	138.0	12	1.05	0.95				
	108	1	61.08955962	12.503711033333332	0.0	0.0	1	1.006341488920276	-7.630542575898615	138.0	12	1.05	0.95				
	109	1	62.518555166666665	12.860959919999997	0.0	0.0	1	1.0232570009254571	-2.1424349706631056	138.0	13	1.05	0.95				
	110	1	69.66353289999999	14.289955466666667	0.0	0.0	1	1.05	-2.8060382557650416	138.0	13	1.05	0.95				
	111	1	0.0	0.0	0.0	0.0	1	0.99919177396886	-0.40453775683087395	230.0	13	1.05	0.95				
	112	1	0.0	0.0	0.0	0.0	1	1.0050796442750183	-0.676127476371396	230.0	13	1.05	0.95				
	113	3	94.67095496666667	19.29143988	0.0	0.0	1	0.9916686667964744	4.6197774195393755e-28	230.0	14	1.05	0.95				
	114	2	69.30628401333333	13.932706580000001	0.0	0.0	1	0.9917879885041199	1.4761560050576128	230.0	16	1.05	0.95				
	115	2	113.24789707333333	22.863928746666666	0.0	0.0	1	1.0248824351102266	6.879525047021171	230.0	16	1.05	0.95				
	116	2	35.724888666666665	7.1449777333333335	0.0	0.0	1	1.0206374339182214	6.1959461020653395	230.0	16	1.05	0.95				
	117	1	0.0	0.0	0.0	0.0	1	1.0301245507638621	9.111458684471177	230.0	17	1.05	0.95				
	118	2	118.96387926	24.292924293333336	0.0	0.0	1	1.033566999349171	9.396895512355165	230.0	17	1.05	0.95				
	119	1	64.66204848666666	13.218208806666665	0.0	0.0	1	1.0126774962022966	3.9973304988138687	230.0	15	1.05	0.95				
	120	1	45.72785749333333	9.288471053333334	0.0	0.0	1	1.0088508387668234	2.7851852347610304	230.0	15	1.05	0.95				
	121	2	0.0	0.0	0.0	0.0	1	1.0373304039048914	10.498186291948018	230.0	17	1.05	0.95				
	122	2	0.0	0.0	0.0	0.0	1	1.05	18.578509886901234	230.0	17	1.05	0.95				
	123	2	0.0	0.0	0.0	0.0	1	1.0070198375152277	2.4020606855019873	230.0	15	1.05	0.95				
	124	1	0.0	0.0	0.0	0.0	1	1.0169190409043243	4.431633823657238	230.0	16	1.05	0.95				
	201	2	40.00062963789474	8.1482764077193	0.0	0.0	2	1.0130456837739152	-14.43638125402431	138.0	21	1.05	0.95				
	202	2	35.92649143403509	7.407524007017545	0.0	0.0	2	1.0121941831095183	-14.724573178425642	138.0	22	1.05	0.95				
	203	1	66.6677160631579	13.703919412982458	0.0	0.0	2	1.0144579591336982	-10.469196896038119	138.0	21	1.05	0.95				
	204	1	27.407838825964916	5.555643005263158	0.0	0.0	2	1.012169469149522	-14.456180758774273	138.0	21	1.05	0.95				
	205	1	26.296710224912278	5.185266804912281	0.0	0.0	2	1.0271157267741677	-14.885235612243772	138.0	21	1.05	0.95				
	206	1	50.37116324771931	10.370533609824562	0.0	-100.0	2	1.0431412647483957	-15.618426060656788	138.0	22	1.05	0.95				
	207	2	46.297025043859655	9.25940500877193	0.0	0.0	2	0.9957396408868184	-19.984950345589485	138.0	22	1.05	0.95				
	208	1	63.33433026	12.963167012280701	0.0	0.0	2	1.0026469092737689	-18.349902304156842	138.0	22	1.05	0.95				
	209	1	64.81583506140352	13.333543212631579	0.0	0.0	2	1.0223963859429743	-12.695712621478384	138.0	23	1.05	0.95				
	210	1	72.22335906842106	14.81504801403509	0.0	0.0	2	1.05	-14.139376700604357	138.0	23	1.05	0.95				
	211	1	0.0	0.0	0.0	0.0	2	1.0037404364148057	-9.942728889807515	230.0	23	1.05	0.95				
	212	1	0.0	0.0	0.0	0.0	2	1.0079980465427532	-9.345483257642492	230.0	23	1.05	0.95				
	213	2	98.14969309298246	20.00031481894737	0.0	0.0	2	1.0005971316039344	-8.756031761907472	230.0	24	1.05	0.95				
	214	2	71.85298286807019	14.444671813684213	0.0	0.0	2	1.001832547350748	-7.3713377072700315	230.0	26	1.05	0.95				
	215	2	117.40925551122807	23.70407682245614	0.0	0.0	2	1.0164863895106737	-1.1203279919958304	230.0	26	1.05	0.95				
	216	2	37.03762003508772	7.407524007017545	0.0	0.0	2	1.0179260340214284	-1.4855116026939843	230.0	26	1.05	0.95				
	217	1	0.0	0.0	0.0	0.0	2	1.0211125055198218	0.17841196986712135	230.0	27	1.05	0.95				
	218	2	123.33527471684211	25.185581623859655	0.0	0.0	2	1.0206317528103148	-0.22045497603824296	230.0	27	1.05	0.95				
	219	1	67.03809226350877	13.703919412982458	0.0	0.0	2	1.0210563742960919	-1.8939231604703277	230.0	25	1.05	0.95				
	220	1	47.40815364491228	9.629781209122807	0.0	0.0	2	1.0259854826705899	-1.5153141839989697	230.0	25	1.05	0.95				
	221	2	0.0	0.0	0.0	0.0	2	1.022821192922033	0.2868300112423248	230.0	27	1.05	0.95				
	222	2	0.0	0.0	0.0	0.0	2	1.044573777228756	6.803193688765117	230.0	27	1.05	0.95				
	223	2	0.0	0.0	0.0	0.0	2	1.0290616188302082	-1.0238877706690923	230.0	25	1.05	0.95				
	224	1	0.0	0.0	0.0	0.0	2	1.004275776879148	-4.650591238668845	230.0	26	1.05	0.95				
	301	2	46.21006011789475	9.413160394385967	0.0	0.0	3	1.0248618304876942	-6.173906862904549	138.0	31	1.05	0.95				
	302	2	41.50347992070176	8.557418540350879	0.0	0.0	3	1.0222099997743104	-6.527887455961693	138.0	32	1.05	0.95				
	303	1	77.0167668631579	15.831224299649124	0.0	0.0	3	1.05	8.037050092856981	138.0	31	1.05	0.95				
	304	1	31.662448599298248	6.418063905263159	0.0	0.0	3	1.010755881621839	-5.6792965006198	138.0	31	1.05	0.95				
	305	1	30.37883581824562	5.990192978245616	0.0	0.0	3	1.0293181955114576	-7.318407858821548	138.0	31	1.05	0.95				
	306	1	58.19044607438598	11.980385956491231	0.0	-100.0	3	1.0390689479275617	-8.493095497605196	138.0	32	1.05	0.95				
	307	2	53.48386587719299	10.696773175438597	0.0	0.0	3	0.95	-12.1199328845983	138.0	32	1.05	0.95				
	308	1	73.16592852000001	14.975482445614036	0.0	0.0	3	0.9707869614567319	-10.520561024702298	138.0	32	1.05	0.95				
	309	1	74.87741222807018	15.403353372631582	0.0	0.0	3	1.0142282115083747	-3.18694155739903	138.0	33	1.05	0.95				
	310	1	83.43483076842107	17.114837080701758	0.0	0.0	3	1.043884309442345	-7.100386914984821	138.0	33	1.05	0.95				
	311	1	0.0	0.0	0.0	0.0	3	1.0018694980201939	-3.2471380633547917	230.0	33	1.05	0.95				
	312	1	0.0	0.0	0.0	0.0	3	1.0059328582791351	-2.4381646156615413	230.0	33	1.05	0.95				
	313	2	113.38579565964915	23.105030058947374	0.0	0.0	3	1.0034569705659966	-0.40739606758715063	230.0	34	1.05	0.95				
	314	2	83.00695984140351	16.686966153684214	0.0	0.0	3	0.9975867446176665	-3.7379227656944396	230.0	36	1.05	0.95				
	315	2	135.6350838645614	27.383739329122815	0.0	0.0	3	1.0471576005784076	-1.3422099191434453	230.0	36	1.05	0.95				
	316	2	42.78709270175439	8.557418540350879	0.0	0.0	3	1.0312113901754412	-1.850393522163691	230.0	36	1.05	0.95				
	317	1	0.0	0.0	0.0	0.0	3	1.042898593965632	0.05664532772185938	230.0	37	1.05	0.95				
	318	2	142.48101869684214	29.09522303719299	0.0	0.0	3	1.0439651791437998	-0.7029531053672167	230.0	37	1.05	0.95				
	319	1	77.44463779017545	15.831224299649124	0.0	0.0	3	1.0207549677914987	-1.8093633537003537	230.0	35	1.05	0.95				
	320	1	54.76747865824563	11.124644102456143	0.0	0.0	3	1.014590318446302	-0.9253355303851435	230.0	35	1.05	0.95				
	321	2	0.0	0.0	0.0	0.0	3	1.0484854631160891	-0.3852367193464862	230.0	37	1.05	0.95				
	322	2	0.0	0.0	0.0	0.0	3	1.05	4.123929288192387	230.0	37	1.05	0.95				
	323	2	0.0	0.0	0.0	0.0	3	1.0120414466081404	-0.09416736904571596	230.0	35	1.05	0.95				
	324	1	0.0	0.0	0.0	0.0	3	1.0452592502376816	2.2443788471747057	230.0	36	1.05	0.95				
	325	1	0.0	0.0	0.0	0.0	3	1.0118443518191087	0.8153862884386279	230.0	35	1.05	0.95				
];
