%% MATPOWER Case Format : Version 2
function mpc = RTS_GMLC
mpc.version = '2';

%%-----  Power Flow Data  -----%%
%% system MVA base
mpc.baseMVA = 100.0;
%% bus data
%    bus_i    type    Pd    Qd    Gs    Bs    area    Vm    Va    baseKV    zone    Vmax    Vmin
mpc.bus = [
	101	2	41.241464640000004	8.401039093333333	0.0	0.0	1	1.0121845693988825	-3.9582739636115516	138.0	11	1.05	0.95				
	102	2	37.040945093333335	7.637308266666667	0.0	0.0	1	1.0121382266407015	-4.172958204281496	138.0	12	1.05	0.95				
	103	1	68.73577440000001	14.129020293333333	0.0	0.0	1	1.0013331516674278	0.8977036741787638	138.0	11	1.05	0.95				
	104	1	28.258040586666667	5.7279812	0.0	0.0	1	1.00289283904314	-4.0176073278219295	138.0	11	1.05	0.95				
	105	1	27.112444346666663	5.346115786666667	0.0	0.0	1	1.017024774959091	-5.050765472852745	138.0	11	1.05	0.95				
	106	1	51.933696213333334	10.692231573333334	0.0	-100.0	1	1.027764553869911	-6.133522101823606	138.0	12	1.05	0.95				
	107	2	47.733176666666665	9.546635333333334	0.0	0.0	1	0.9866331756155572	-9.654596702360038	138.0	12	1.05	0.95				
	108	1	65.29898568	13.365289466666667	0.0	0.0	1	0.988919439699566	-8.491040789336656	138.0	12	1.05	0.95				
	109	1	66.82644733333333	13.74715488	0.0	0.0	1	1.002145504786621	-3.054508351856733	138.0	13	1.05	0.95				
	110	1	74.4637556	15.274616533333335	0.0	0.0	1	1.0308398283755213	-4.895377006916326	138.0	13	1.05	0.95				
	111	1	0.0	0.0	0.0	0.0	1	0.9809177917753145	-0.5463866128291677	230.0	13	1.05	0.95				
	112	1	0.0	0.0	0.0	0.0	1	0.9826377074033021	-1.3469337220126605	230.0	13	1.05	0.95				
	113	3	101.19433453333333	20.620732320000002	0.0	0.0	1	0.9630547063046165	-4.497520453422049e-29	230.0	14	1.05	0.95				
	114	2	74.08189018666667	14.89275112	0.0	0.0	1	0.9884309543418225	2.558831681176381	230.0	16	1.05	0.95				
	115	2	121.05133602666666	24.439386453333334	0.0	0.0	1	0.9882059231864362	11.096980515428836	230.0	16	1.05	0.95				
	116	2	38.18654133333334	7.637308266666667	0.0	0.0	1	0.9875699967163297	9.588117981399016	230.0	16	1.05	0.95				
	117	1	0.0	0.0	0.0	0.0	1	0.9909934196430366	14.897615032006664	230.0	17	1.05	0.95				
	118	2	127.16118264	25.966848106666667	0.0	0.0	1	0.9971424912834808	15.535448772963758	230.0	17	1.05	0.95				
	119	1	69.11763981333334	14.129020293333333	0.0	0.0	1	0.9882181381768033	6.126682267195109	230.0	15	1.05	0.95				
	120	1	48.87877290666667	9.928500746666668	0.0	0.0	1	0.9932028903979244	3.5025447953758833	230.0	15	1.05	0.95				
	121	2	0.0	0.0	0.0	0.0	1	0.9973499769082544	16.83239769407322	230.0	17	1.05	0.95				
	122	2	0.0	0.0	0.0	0.0	1	1.0096855851405246	31.45989909948895	230.0	17	1.05	0.95				
	123	2	0.0	0.0	0.0	0.0	1	0.9968598666143345	2.3816527012024165	230.0	15	1.05	0.95				
	124	1	0.0	0.0	0.0	0.0	1	0.9810178311384811	7.185567356396607	230.0	16	1.05	0.95				
	201	2	43.298599073684215	8.820084996491229	0.0	0.0	2	1.01015413128576	-10.71406683556957	138.0	21	1.05	0.95				
	202	2	38.88855657543859	8.018259087719299	0.0	0.0	2	1.0091310175722517	-10.870178335449285	138.0	22	1.05	0.95				
	203	1	72.16433178947369	14.8337793122807	0.0	0.0	2	0.9971263799901503	-8.15246385606048	138.0	21	1.05	0.95				
	204	1	29.6675586245614	6.013694315789474	0.0	0.0	2	1.0009563860258794	-9.8384400610761	138.0	21	1.05	0.95				
	205	1	28.464819761403508	5.612781361403509	0.0	0.0	2	1.016957773427563	-10.195072581786967	138.0	21	1.05	0.95				
	206	1	54.524161796491235	11.225562722807018	0.0	-100.0	2	1.0289187272684814	-10.408583176336208	138.0	22	1.05	0.95				
	207	2	50.11411929824562	10.022823859649122	0.0	0.0	2	0.9715502870644512	-15.16634700329368	138.0	22	1.05	0.95				
	208	1	68.5561152	14.031953403508771	0.0	0.0	2	0.9803435855846588	-13.32762908198014	138.0	22	1.05	0.95				
	209	1	70.15976701754386	14.432866357894735	0.0	0.0	2	1.0064200270361354	-7.280387946788783	138.0	23	1.05	0.95				
	210	1	78.17802610526316	16.036518175438598	0.0	0.0	2	1.033801749842444	-8.34511042681679	138.0	23	1.05	0.95				
	211	1	0.0	0.0	0.0	0.0	2	0.9873369941959981	-4.974272053463093	230.0	23	1.05	0.95				
	212	1	0.0	0.0	0.0	0.0	2	0.9890818039620891	-0.12351991324448273	230.0	23	1.05	0.95				
	213	2	106.2419329122807	21.649299536842108	0.0	0.0	2	0.983389304074646	-2.343704874600858	230.0	24	1.05	0.95				
	214	2	77.77711315087718	15.635605221052632	0.0	0.0	2	0.983595721565921	-4.297533278581967	230.0	26	1.05	0.95				
	215	2	127.08940654035088	25.658429080701755	0.0	0.0	2	0.9911573536168026	-0.618790083590047	230.0	26	1.05	0.95				
	216	2	40.09129543859649	8.018259087719299	0.0	0.0	2	0.9895637771218279	-0.6874927661949306	230.0	26	1.05	0.95				
	217	1	0.0	0.0	0.0	0.0	2	0.999919650365622	0.13723544115633898	230.0	27	1.05	0.95				
	218	2	133.50401381052632	27.262080898245618	0.0	0.0	2	1.0008412123222141	-0.4258775231021365	230.0	27	1.05	0.95				
	219	1	72.56524474385965	14.8337793122807	0.0	0.0	2	0.9831597890775452	0.43638677162955275	230.0	25	1.05	0.95				
	220	1	51.31685816140351	10.423736814035088	0.0	0.0	2	0.9809246457243627	2.275787606888018	230.0	25	1.05	0.95				
	221	2	0.0	0.0	0.0	0.0	2	1.0031734643966483	0.05232813500207036	230.0	27	1.05	0.95				
	222	2	0.0	0.0	0.0	0.0	2	1.0203677811765073	4.541631946664403	230.0	27	1.05	0.95				
	223	2	0.0	0.0	0.0	0.0	2	0.981002331804036	3.6295509897755824	230.0	25	1.05	0.95				
	224	1	0.0	0.0	0.0	0.0	2	0.9841288601210246	-3.488169288444919	230.0	26	1.05	0.95				
	301	2	50.00253085894737	10.185700730526314	0.0	0.0	3	1.0090569488508903	29.095680130602158	138.0	31	1.05	0.95				
	302	2	44.909680493684206	9.259727936842104	0.0	0.0	3	1.0095115943959683	28.777058128704173	138.0	32	1.05	0.95				
	303	1	83.33755143157894	17.130496683157894	0.0	0.0	3	1.0175983226177832	41.84375348990369	138.0	31	1.05	0.95				
	304	1	34.26099336631579	6.944795952631579	0.0	0.0	3	0.9999694803331702	30.121980373926608	138.0	31	1.05	0.95				
	305	1	32.87203417578947	6.481809555789473	0.0	0.0	3	1.0172716314511325	28.44120922755842	138.0	31	1.05	0.95				
	306	1	62.96614997052632	12.963619111578947	0.0	-100.0	3	1.0295653846902024	27.511399597787037	138.0	32	1.05	0.95				
	307	2	57.87329960526315	11.57465992105263	0.0	0.0	3	0.9672725663262223	24.00188395863189	138.0	32	1.05	0.95				
	308	1	79.17067386	16.20452388947368	0.0	0.0	3	0.9792340350739492	26.11136866799228	138.0	32	1.05	0.95				
	309	1	81.02261944736841	16.667510286315785	0.0	0.0	3	1.007077678765117	33.19539492453515	138.0	33	1.05	0.95				
	310	1	90.28234738421051	18.51945587368421	0.0	0.0	3	1.0368736634389777	29.301067367386036	138.0	33	1.05	0.95				
	311	1	0.0	0.0	0.0	0.0	3	0.9912390050864798	33.09025013080689	230.0	33	1.05	0.95				
	312	1	0.0	0.0	0.0	0.0	3	0.9995235790482055	33.1774034555831	230.0	33	1.05	0.95				
	313	2	122.69139516315788	25.001265429473683	0.0	0.0	3	0.9984329954483558	35.603921995698954	230.0	34	1.05	0.95				
	314	2	89.81936098736841	18.056469476842103	0.0	0.0	3	0.9779287084907234	32.84258025999288	230.0	36	1.05	0.95				
	315	2	146.76668779894734	29.631129397894735	0.0	0.0	3	0.9820451739340478	30.935295893409833	230.0	36	1.05	0.95				
	316	2	46.29863968421052	9.259727936842104	0.0	0.0	3	0.9705650136823476	31.240122443025914	230.0	36	1.05	0.95				
	317	1	0.0	0.0	0.0	0.0	3	0.9873052725116562	32.4956320943911	230.0	37	1.05	0.95				
	318	2	154.17447014842105	31.48307498526316	0.0	0.0	3	0.9838719531837832	29.01669075250191	230.0	37	1.05	0.95				
	319	1	83.80053782842106	17.130496683157894	0.0	0.0	3	0.9804843918889452	31.03273768621746	230.0	35	1.05	0.95				
	320	1	59.26225879578947	12.037646317894737	0.0	0.0	3	0.9900003298229568	30.598634387042665	230.0	35	1.05	0.95				
	321	2	0.0	0.0	0.0	0.0	3	0.9916614466819665	30.072964837019175	230.0	37	1.05	0.95				
	322	2	0.0	0.0	0.0	0.0	3	1.008026120618377	33.50534782831804	230.0	37	1.05	0.95				
	323	2	0.0	0.0	0.0	0.0	3	0.9947610540648334	30.18759764467068	230.0	35	1.05	0.95				
	324	1	0.0	0.0	0.0	0.0	3	0.9941675857426648	36.45926830757716	230.0	36	1.05	0.95				
	325	1	0.0	0.0	0.0	0.0	3	0.9959288212160061	29.061717922589526	230.0	35	1.05	0.95				
];
