%% MATPOWER Case Format : Version 2
function mpc = RTS_GMLC
mpc.version = '2';

%%-----  Power Flow Data  -----%%
%% system MVA base
mpc.baseMVA = 100.0;
%% bus data
%    bus_i    type    Pd    Qd    Gs    Bs    area    Vm    Va    baseKV    zone    Vmax    Vmin
mpc.bus = [
	101	2	41.20138546105263	8.39287481614035	0.0	0.0	1	1.0340515873785183	2.722029735884586	138.0	11	1.05	0.95				
	102	2	37.004948052982456	7.629886196491229	0.0	0.0	1	1.033154125495158	2.471663335823331	138.0	12	1.05	0.95				
	103	1	68.66897576842105	14.11528946350877	0.0	0.0	1	1.0289400009715053	0.8772793976943577	138.0	11	1.05	0.95				
	104	1	28.23057892701754	5.722414647368421	0.0	0.0	1	1.0221371901302079	-0.533483266431165	138.0	11	1.05	0.95				
	105	1	27.086095997543858	5.34092033754386	0.0	0.0	1	1.0368317962309828	-0.2876289255115556	138.0	11	1.05	0.95				
	106	1	51.88322613614035	10.68184067508772	0.0	-100.0	1	1.0468364651717397	-2.4094567782945955	138.0	12	1.05	0.95				
	107	2	47.68678872807017	9.537357745614035	0.0	0.0	1	1.000940110325225	-7.09362726293877	138.0	12	1.05	0.95				
	108	1	65.23552698	13.352300843859648	0.0	0.0	1	1.0063691931011944	-6.037730264755194	138.0	12	1.05	0.95				
	109	1	66.76150421929825	13.733795153684209	0.0	0.0	1	1.0244024683299944	-1.4444094287647413	138.0	13	1.05	0.95				
	110	1	74.39139041578947	15.259772392982457	0.0	0.0	1	1.05	-2.1371675216050403	138.0	13	1.05	0.95				
	111	1	0.0	0.0	0.0	0.0	1	1.001782089393154	0.05725341912789015	230.0	13	1.05	0.95				
	112	1	0.0	0.0	0.0	0.0	1	1.0066407422902612	0.3091845094948462	230.0	13	1.05	0.95				
	113	3	101.09599210350876	20.600692730526315	0.0	0.0	1	0.9917373125646913	4.211267422382016e-30	230.0	14	1.05	0.95				
	114	2	74.00989610596491	14.878278083157895	0.0	0.0	1	0.9981412623361952	2.0932282107986158	230.0	16	1.05	0.95				
	115	2	120.93369621438596	24.415635828771933	0.0	0.0	1	1.034480438216567	7.3811934147460265	230.0	16	1.05	0.95				
	116	2	38.14943098245614	7.629886196491229	0.0	0.0	1	1.0305721171459783	7.1481462083962475	230.0	16	1.05	0.95				
	117	1	0.0	0.0	0.0	0.0	1	1.0386667510133603	9.456625355306867	230.0	17	1.05	0.95				
	118	2	127.03760517157893	25.941613068070176	0.0	0.0	1	1.0418324595712691	9.51181530010467	230.0	17	1.05	0.95				
	119	1	69.05047007824562	14.11528946350877	0.0	0.0	1	1.0238200528312007	6.032498277422365	230.0	15	1.05	0.95				
	120	1	48.831271657543866	9.918852055438597	0.0	0.0	1	1.0204660800641707	5.805243023258868	230.0	15	1.05	0.95				
	121	2	0.0	0.0	0.0	0.0	1	1.0455519257243713	10.442858306390985	230.0	17	1.05	0.95				
	122	2	0.0	0.0	0.0	0.0	1	1.05	18.32268988256512	230.0	17	1.05	0.95				
	123	2	0.0	0.0	0.0	0.0	1	1.0189419039065255	5.9795239896278805	230.0	15	1.05	0.95				
	124	1	0.0	0.0	0.0	0.0	1	1.023733463813158	4.938411653601406	230.0	16	1.05	0.95				
	201	2	39.201637035789474	7.985518655438597	0.0	0.0	2	1.0214605509387291	-6.51369941503933	138.0	21	1.05	0.95				
	202	2	35.208877708070176	7.259562414035088	0.0	0.0	2	1.021714906142546	-6.47597178895724	138.0	22	1.05	0.95				
	203	1	65.33606172631579	13.43019046596491	0.0	0.0	2	1.0170645551248911	-5.671134848180804	138.0	21	1.05	0.95				
	204	1	26.86038093192982	5.444671810526316	0.0	0.0	2	1.0170194148167193	-7.528801178422075	138.0	21	1.05	0.95				
	205	1	25.771446569824562	5.0816936898245615	0.0	0.0	2	1.0314802357395154	-7.745297164836789	138.0	21	1.05	0.95				
	206	1	49.365024415438604	10.163387379649123	0.0	-100.0	2	1.0454563828767987	-8.815654139015365	138.0	22	1.05	0.95				
	207	2	45.3722650877193	9.07445301754386	0.0	0.0	2	0.9947129229635444	-13.753921120102701	138.0	22	1.05	0.95				
	208	1	62.06925864	12.704234224561404	0.0	0.0	2	1.0024550991941623	-12.16428579965764	138.0	22	1.05	0.95				
	209	1	63.52117112280702	13.067212345263158	0.0	0.0	2	1.0228034311903897	-6.884590214703538	138.0	23	1.05	0.95				
	210	1	70.7807335368421	14.519124828070176	0.0	0.0	2	1.05	-7.819404794326542	138.0	23	1.05	0.95				
	211	1	0.0	0.0	0.0	0.0	2	1.0016714306696317	-4.465156425598923	230.0	23	1.05	0.95				
	212	1	0.0	0.0	0.0	0.0	2	1.005966446918299	-3.69465229819654	230.0	23	1.05	0.95				
	213	2	96.18920198596491	19.600818517894737	0.0	0.0	2	0.9947599338386093	-3.2632585571447437	230.0	24	1.05	0.95				
	214	2	70.41775541614035	14.156146707368421	0.0	0.0	2	0.998762223548073	-2.4783985934711157	230.0	26	1.05	0.95				
	215	2	115.06406426245614	23.23059972491228	0.0	0.0	2	1.0183783680719503	2.3840805431747216	230.0	26	1.05	0.95				
	216	2	36.29781207017544	7.259562414035088	0.0	0.0	2	1.0193569520646637	2.5045666869818595	230.0	26	1.05	0.95				
	217	1	0.0	0.0	0.0	0.0	2	1.0250026076697984	3.966319569962377	230.0	27	1.05	0.95				
	218	2	120.87171419368421	24.682512207719302	0.0	0.0	2	1.0242388474901336	3.5090345920949697	230.0	27	1.05	0.95				
	219	1	65.69903984701754	13.43019046596491	0.0	0.0	2	1.0201825350404592	2.5689563514666944	230.0	25	1.05	0.95				
	220	1	46.46119944982456	9.437431138245614	0.0	0.0	2	1.0230380653410984	3.3432119850210027	230.0	25	1.05	0.95				
	221	2	0.0	0.0	0.0	0.0	2	1.025912480037764	3.939977189519162	230.0	27	1.05	0.95				
	222	2	0.0	0.0	0.0	0.0	2	1.0479523389067953	10.46621436491527	230.0	27	1.05	0.95				
	223	2	0.0	0.0	0.0	0.0	2	1.0250690209663593	4.049165686813181	230.0	25	1.05	0.95				
	224	1	0.0	0.0	0.0	0.0	2	1.0078246134014448	-0.6589807062749491	230.0	26	1.05	0.95				
	301	2	41.15343247578947	8.383106615438598	0.0	0.0	3	1.0103669879360588	-15.985484664377802	138.0	31	1.05	0.95				
	302	2	36.96187916807017	7.621006014035088	0.0	0.0	3	1.010299670264943	-16.104042870909012	138.0	32	1.05	0.95				
	303	1	68.5890541263158	14.098861125964913	0.0	0.0	3	1.0247451569712094	-10.67975941101592	138.0	31	1.05	0.95				
	304	1	28.197722251929825	5.715754510526316	0.0	0.0	3	1.0121502266780908	-14.904530644588887	138.0	31	1.05	0.95				
	305	1	27.054571349824556	5.334704209824562	0.0	0.0	3	1.0254213969516621	-15.599693845469893	138.0	31	1.05	0.95				
	306	1	51.8228408954386	10.669408419649123	0.0	-100.0	3	1.0423984258668992	-15.856649681235123	138.0	32	1.05	0.95				
	307	2	47.63128758771929	9.52625751754386	0.0	0.0	3	0.9936238757840372	-19.901114455598933	138.0	32	1.05	0.95				
	308	1	65.15960142	13.336760524561402	0.0	0.0	3	1.0015666398554341	-18.225749737822927	138.0	32	1.05	0.95				
	309	1	66.68380262280702	13.717810825263157	0.0	0.0	3	1.0249904990743517	-12.353877588251072	138.0	33	1.05	0.95				
	310	1	74.3048086368421	15.242012028070176	0.0	0.0	3	1.05	-13.985057994979037	138.0	33	1.05	0.95				
	311	1	0.0	0.0	0.0	0.0	3	1.003786545367076	-9.022336939608083	230.0	33	1.05	0.95				
	312	1	0.0	0.0	0.0	0.0	3	1.0088943575830431	-8.453597339789955	230.0	33	1.05	0.95				
	313	2	100.97832968596492	20.576716237894736	0.0	0.0	3	1.0069525861267024	-5.569581863121448	230.0	34	1.05	0.95				
	314	2	73.92375833614034	14.860961727368421	0.0	0.0	3	0.9979577425427639	-7.756136904879554	230.0	36	1.05	0.95				
	315	2	120.79294532245615	24.38721924491228	0.0	0.0	3	1.0217985147585442	-4.209932244645308	230.0	36	1.05	0.95				
	316	2	38.10503007017544	7.621006014035088	0.0	0.0	3	1.0208890352330355	-3.6944885504762954	230.0	36	1.05	0.95				
	317	1	0.0	0.0	0.0	0.0	3	1.0279360338436008	-1.580756261952379	230.0	37	1.05	0.95				
	318	2	126.88975013368422	25.9114204477193	0.0	0.0	3	1.0264823397358773	-1.9636208518007983	230.0	37	1.05	0.95				
	319	1	68.97010442701755	14.098861125964913	0.0	0.0	3	1.0182871128368225	-4.098967879858277	230.0	35	1.05	0.95				
	320	1	48.77443848982456	9.907307818245615	0.0	0.0	3	1.018380293781962	-3.6939172859388716	230.0	35	1.05	0.95				
	321	2	0.0	0.0	0.0	0.0	3	1.0271930767529085	-2.1644900677800423	230.0	37	1.05	0.95				
	322	2	0.0	0.0	0.0	0.0	3	1.0409438456951563	2.447156321897368	230.0	37	1.05	0.95				
	323	2	0.0	0.0	0.0	0.0	3	1.018875688876176	-3.171854912891777	230.0	35	1.05	0.95				
	324	1	0.0	0.0	0.0	0.0	3	1.0143832886255173	-6.664748580192159	230.0	36	1.05	0.95				
	325	1	0.0	0.0	0.0	0.0	3	1.0173737164778447	-2.010801766338585	230.0	35	1.05	0.95				
];
