%% MATPOWER Case Format : Version 2
function mpc = RTS_GMLC
mpc.version = '2';

%%-----  Power Flow Data  -----%%
%% system MVA base
mpc.baseMVA = 100.0;
%% bus data
%    bus_i    type    Pd    Qd    Gs    Bs    area    Vm    Va    baseKV    zone    Vmax    Vmin
mpc.bus = [
	101	2	40.346363178947364	8.218703610526315	0.0	0.0	1	1.0150138017441164	-2.1777008154505815	138.0	11	1.05	0.95				
	102	2	36.237011373684204	7.471548736842104	0.0	0.0	1	1.0142361897510996	-2.379335721218144	138.0	12	1.05	0.95				
	103	1	67.24393863157894	13.822365163157894	0.0	0.0	1	1.0335721285785326	1.399730728172754	138.0	11	1.05	0.95				
	104	1	27.644730326315788	5.6036615526315785	0.0	0.0	1	1.0178290939435377	-2.8053091426966223	138.0	11	1.05	0.95				
	105	1	26.52399801578947	5.230084115789473	0.0	0.0	1	1.027910835038817	-3.8983237118754492	138.0	11	1.05	0.95				
	106	1	50.80653141052631	10.460168231578946	0.0	-100.0	1	1.0431850460096745	-5.293551815355443	138.0	12	1.05	0.95				
	107	2	46.69717960526315	9.33943592105263	0.0	0.0	1	1.0010263124464793	-10.79934450472937	138.0	12	1.05	0.95				
	108	1	63.881741699999985	13.075210289473683	0.0	0.0	1	1.005939852302717	-8.876795557723508	138.0	12	1.05	0.95				
	109	1	65.37605144736841	13.448787726315786	0.0	0.0	1	1.025588328714675	-2.6807845426136074	138.0	13	1.05	0.95				
	110	1	72.84760018421052	14.943097473684208	0.0	0.0	1	1.05	-4.417385164029041	138.0	13	1.05	0.95				
	111	1	0.0	0.0	0.0	0.0	1	1.0049494179958331	-0.4964594854320531	230.0	13	1.05	0.95				
	112	1	0.0	0.0	0.0	0.0	1	1.009374721823382	-1.249627966715691	230.0	13	1.05	0.95				
	113	3	98.99802076315788	20.173181589473682	0.0	0.0	1	0.9981319732906052	-1.5660953095913303e-28	230.0	14	1.05	0.95				
	114	2	72.47402274736841	14.569520036842103	0.0	0.0	1	1.0047534234607265	2.2548748514378993	230.0	16	1.05	0.95				
	115	2	118.42404747894734	23.908955957894733	0.0	0.0	1	1.0419660026956938	9.777792920156642	230.0	16	1.05	0.95				
	116	2	37.35774368421052	7.471548736842104	0.0	0.0	1	1.0370381379629718	8.236125111136486	230.0	16	1.05	0.95				
	117	1	0.0	0.0	0.0	0.0	1	1.0437794365373667	12.375807278354367	230.0	17	1.05	0.95				
	118	2	124.40128646842103	25.403265705263156	0.0	0.0	1	1.048339800923552	13.511441722438503	230.0	17	1.05	0.95				
	119	1	67.61751606842104	13.822365163157894	0.0	0.0	1	1.0262167628632564	5.242789546312348	230.0	15	1.05	0.95				
	120	1	47.817911915789466	9.713013357894736	0.0	0.0	1	1.020216365356064	2.832225757924704	230.0	15	1.05	0.95				
	121	2	0.0	0.0	0.0	0.0	1	1.049999995640727	15.046352250891509	230.0	17	1.05	0.95				
	122	2	0.0	0.0	0.0	0.0	1	1.05	20.510631661748523	230.0	17	1.05	0.95				
	123	2	0.0	0.0	0.0	0.0	1	1.0176174398736244	1.7888061293478834	230.0	15	1.05	0.95				
	124	1	0.0	0.0	0.0	0.0	1	1.028174602384583	6.636062745027745	230.0	16	1.05	0.95				
	201	2	43.162600357894746	8.792381554385965	0.0	0.0	2	1.014491750124581	-15.659042001929578	138.0	21	1.05	0.95				
	202	2	38.766409580701755	7.9930741403508785	0.0	0.0	2	1.0135920601044688	-15.94213478155593	138.0	22	1.05	0.95				
	203	1	71.9376672631579	14.787187159649124	0.0	0.0	2	1.0154426096523423	-11.675684737383639	138.0	21	1.05	0.95				
	204	1	29.574374319298247	5.994805605263158	0.0	0.0	2	1.0124290270862504	-15.522958110767371	138.0	21	1.05	0.95				
	205	1	28.375413198245614	5.595151898245615	0.0	0.0	2	1.0274258161388485	-15.963568579670914	138.0	21	1.05	0.95				
	206	1	54.352904154385975	11.19030379649123	0.0	-100.0	2	1.0426619507838415	-16.640806867661553	138.0	22	1.05	0.95				
	207	2	49.95671337719298	9.991342675438597	0.0	0.0	2	0.9964039938012167	-21.402852466014796	138.0	22	1.05	0.95				
	208	1	68.3407839	13.987879745614034	0.0	0.0	2	1.0019739502995988	-19.609565152312967	138.0	22	1.05	0.95				
	209	1	69.93939872807017	14.38753345263158	0.0	0.0	2	1.0229018147640487	-13.522869272448903	138.0	23	1.05	0.95				
	210	1	77.93247286842106	15.986148280701757	0.0	0.0	2	1.05	-14.981909938175727	138.0	23	1.05	0.95				
	211	1	0.0	0.0	0.0	0.0	2	1.0041063972195798	-11.08128587704281	230.0	23	1.05	0.95				
	212	1	0.0	0.0	0.0	0.0	2	1.008888575542948	-8.952375231406505	230.0	23	1.05	0.95				
	213	2	105.90823235964912	21.581300178947373	0.0	0.0	2	0.9978440763552109	-9.717830414212797	230.0	24	1.05	0.95				
	214	2	77.53281916140351	15.586494573684211	0.0	0.0	2	1.0039717925515632	-8.97051203493143	230.0	26	1.05	0.95				
	215	2	126.69022512456141	25.57783724912281	0.0	0.0	2	1.0217893565875822	-2.312697856694024	230.0	26	1.05	0.95				
	216	2	39.96537070175439	7.9930741403508785	0.0	0.0	2	1.0208040873362891	-3.5439833903036417	230.0	26	1.05	0.95				
	217	1	0.0	0.0	0.0	0.0	2	1.0261272007541395	-1.4255456441739494	230.0	27	1.05	0.95				
	218	2	133.0846844368421	27.176452077192987	0.0	0.0	2	1.026090987271277	-1.7757250151465955	230.0	27	1.05	0.95				
	219	1	72.33732097017544	14.787187159649124	0.0	0.0	2	1.0187755088883026	-4.474434052358798	230.0	25	1.05	0.95				
	220	1	51.15567449824562	10.39099638245614	0.0	0.0	2	1.0196944625226698	-4.491368097726182	230.0	25	1.05	0.95				
	221	2	0.0	0.0	0.0	0.0	2	1.0281875528315485	-1.1590988643657436	230.0	27	1.05	0.95				
	222	2	0.0	0.0	0.0	0.0	2	1.0498880874095433	5.227569259877208	230.0	27	1.05	0.95				
	223	2	0.0	0.0	0.0	0.0	2	1.0206395070056924	-4.1887087312375355	230.0	25	1.05	0.95				
	224	1	0.0	0.0	0.0	0.0	2	1.007885784767026	-5.832597727619558	230.0	26	1.05	0.95				
	301	2	51.07877253473685	10.404935145964913	0.0	0.0	3	1.001696794916524	12.623851735246987	138.0	31	1.05	0.95				
	302	2	45.876304961754386	9.459031950877195	0.0	0.0	3	1.0014302005154674	12.600258322757616	138.0	32	1.05	0.95				
	303	1	85.13128755789474	17.499209109122805	0.0	0.0	3	1.0207590991775202	14.544732956125907	138.0	31	1.05	0.95				
	304	1	34.99841821824561	7.094273963157895	0.0	0.0	3	1.0062786296559385	14.10514151392717	138.0	31	1.05	0.95				
	305	1	33.57956342561403	6.621322365614037	0.0	0.0	3	1.0189047099504027	14.26033565889046	138.0	31	1.05	0.95				
	306	1	64.32141726596493	13.242644731228074	0.0	-100.0	3	1.0372754354470566	14.613843631545262	138.0	32	1.05	0.95				
	307	2	59.11894969298246	11.823789938596493	0.0	0.0	3	0.9845961092851492	12.50711746064656	138.0	32	1.05	0.95				
	308	1	80.87472318	16.55330591403509	0.0	0.0	3	1.0016122979500324	14.50062689934374	138.0	32	1.05	0.95				
	309	1	82.76652957017544	17.026257511578947	0.0	0.0	3	1.0255710129131417	17.271433228972562	138.0	33	1.05	0.95				
	310	1	92.22556152105264	18.91806390175439	0.0	0.0	3	1.05	17.407669184898886	138.0	33	1.05	0.95				
	311	1	0.0	0.0	0.0	0.0	3	1.0060899481897814	21.66181202681154	230.0	33	1.05	0.95				
	312	1	0.0	0.0	0.0	0.0	3	1.0138162805105806	22.978118601618647	230.0	33	1.05	0.95				
	313	2	125.33217334912281	25.539386267368425	0.0	0.0	3	1.0159257005774855	28.6863757207636	230.0	34	1.05	0.95				
	314	2	91.75260992350877	18.44511230421053	0.0	0.0	3	1.0024505249322007	19.893413946515782	230.0	36	1.05	0.95				
	315	2	149.92565642140352	30.268902242807023	0.0	0.0	3	1.0324602412473554	13.015024188238957	230.0	36	1.05	0.95				
	316	2	47.29515975438597	9.459031950877195	0.0	0.0	3	1.0327006134197871	14.26654229350509	230.0	36	1.05	0.95				
	317	1	0.0	0.0	0.0	0.0	3	1.039209998075199	12.258393331461546	230.0	37	1.05	0.95				
	318	2	157.49288198210527	32.16070863298246	0.0	0.0	3	1.0394338467849351	10.574074522520647	230.0	37	1.05	0.95				
	319	1	85.6042391554386	17.499209109122805	0.0	0.0	3	1.0300695239370634	17.53996430307647	230.0	35	1.05	0.95				
	320	1	60.537804485614046	12.29674153614035	0.0	0.0	3	1.0294085367523722	19.71945461441964	230.0	35	1.05	0.95				
	321	2	0.0	0.0	0.0	0.0	3	1.0387812796269458	11.966732905604202	230.0	37	1.05	0.95				
	322	2	0.0	0.0	0.0	0.0	3	1.0499999887998486	16.394731479466138	230.0	37	1.05	0.95				
	323	2	0.0	0.0	0.0	0.0	3	1.0284541329402834	20.441766479829163	230.0	35	1.05	0.95				
	324	1	0.0	0.0	0.0	0.0	3	1.0272872992993114	15.653892411957145	230.0	36	1.05	0.95				
	325	1	0.0	0.0	0.0	0.0	3	1.0317027510781673	19.990144888546357	230.0	35	1.05	0.95				
];
