%% MATPOWER Case Format : Version 2
function mpc = RTS_GMLC
mpc.version = '2';

%%-----  Power Flow Data  -----%%
%% system MVA base
mpc.baseMVA = 100.0;
%% bus data
%    bus_i    type    Pd    Qd    Gs    Bs    area    Vm    Va    baseKV    zone    Vmax    Vmin
mpc.bus = [
	101	2	79.90450272	16.276843146666664	0.0	0.0	1	1.0469733914876809	-0.0665528818207275	138.0	11	1.05	0.95				
	102	2	71.76608114666666	14.797130133333333	0.0	0.0	1	1.0462573434810694	-0.33301393597091455	138.0	12	1.05	0.95				
	103	1	133.1741712	27.374690746666662	0.0	0.0	1	1.0258979904065648	-1.4684229416346728	138.0	11	1.05	0.95				
	104	1	54.749381493333324	11.097847599999998	0.0	0.0	1	1.0244403696209095	-3.819738641883441	138.0	11	1.05	0.95				
	105	1	52.52981197333333	10.357991093333332	0.0	0.0	1	1.037884446661143	-4.212063164365872	138.0	11	1.05	0.95				
	106	1	100.62048490666666	20.715982186666665	0.0	-100.0	1	1.0389996601241143	-7.258018931402039	138.0	12	1.05	0.95				
	107	2	92.48206333333331	18.496412666666664	0.0	0.0	1	1.018180955563993	-10.776048172180158	138.0	12	1.05	0.95				
	108	1	126.51546263999998	25.89497773333333	0.0	0.0	1	1.0060198405354883	-10.840804469131015	138.0	12	1.05	0.95				
	109	1	129.47488866666666	26.634834239999993	0.0	0.0	1	1.026232471346013	-4.699152756105285	138.0	13	1.05	0.95				
	110	1	144.27201879999998	29.594260266666666	0.0	0.0	1	1.05	-6.154203420422473	138.0	13	1.05	0.95				
	111	1	0.0	0.0	0.0	0.0	1	1.014669205926107	-1.745381050247974	230.0	13	1.05	0.95				
	112	1	0.0	0.0	0.0	0.0	1	1.0169878955921605	-1.23923579442091	230.0	13	1.05	0.95				
	113	3	196.06197426666662	39.95225136	0.0	0.0	1	1.0162580525545866	-4.565852795174236e-28	230.0	14	1.05	0.95				
	114	2	143.53216229333333	28.854403759999997	0.0	0.0	1	1.0182669961983772	0.4411536098131149	230.0	16	1.05	0.95				
	115	2	234.5345126133333	47.35081642666666	0.0	0.0	1	1.0443148952716206	8.909784203028714	230.0	16	1.05	0.95				
	116	2	73.98565066666666	14.797130133333333	0.0	0.0	1	1.0427644360934327	8.000646462414673	230.0	16	1.05	0.95				
	117	1	0.0	0.0	0.0	0.0	1	1.045661998237531	11.384075579124705	230.0	17	1.05	0.95				
	118	2	246.37221671999998	50.31024245333333	0.0	0.0	1	1.0480503214396826	11.94786499231683	230.0	17	1.05	0.95				
	119	1	133.91402770666664	27.374690746666662	0.0	0.0	1	1.0362920711307915	6.116345379685163	230.0	15	1.05	0.95				
	120	1	94.70163285333332	19.23626917333333	0.0	0.0	1	1.0370270407477558	5.602534098272948	230.0	15	1.05	0.95				
	121	2	0.0	0.0	0.0	0.0	1	1.05	13.904917533282289	230.0	17	1.05	0.95				
	122	2	0.0	0.0	0.0	0.0	1	1.05	20.897261250760742	230.0	17	1.05	0.95				
	123	2	0.0	0.0	0.0	0.0	1	1.0393475936521739	5.8695997246534155	230.0	15	1.05	0.95				
	124	1	0.0	0.0	0.0	0.0	1	1.024427229525408	5.052625200228953	230.0	16	1.05	0.95				
	201	2	75.2413033136842	15.326932156491226	0.0	0.0	2	1.034034179140346	-15.014803451926056	138.0	21	1.05	0.95				
	202	2	67.5778372354386	13.933574687719297	0.0	0.0	2	1.0344368536077035	-15.05166732673788	138.0	22	1.05	0.95				
	203	1	125.40217218947367	25.777113172280696	0.0	0.0	2	1.0205162533580234	-12.195716299503678	138.0	21	1.05	0.95				
	204	1	51.55422634456139	10.450181015789472	0.0	0.0	2	1.0171518369140546	-16.585485086770646	138.0	21	1.05	0.95				
	205	1	49.4641901414035	9.75350228140351	0.0	0.0	2	1.0331625169776102	-16.995764395613186	138.0	21	1.05	0.95				
	206	1	94.74830787649122	19.50700456280702	0.0	-100.0	2	1.0387115281997819	-18.754863797095553	138.0	22	1.05	0.95				
	207	2	87.0848417982456	17.416968359649122	0.0	0.0	2	0.9712393965570418	-29.068993393368082	138.0	22	1.05	0.95				
	208	1	119.13206358	24.383755703508765	0.0	0.0	2	0.9738961686035423	-25.641914879005146	138.0	22	1.05	0.95				
	209	1	121.91877851754384	25.080434437894734	0.0	0.0	2	1.0247825333549399	-15.013444104387599	138.0	23	1.05	0.95				
	210	1	135.85235320526314	27.867149375438593	0.0	0.0	2	1.05	-16.80527845092499	138.0	23	1.05	0.95				
	211	1	0.0	0.0	0.0	0.0	2	1.0240950826190862	-10.981622783653215	230.0	23	1.05	0.95				
	212	1	0.0	0.0	0.0	0.0	2	1.0195357881860434	-8.422971930015736	230.0	23	1.05	0.95				
	213	2	184.61986461228068	37.6206516568421	0.0	0.0	2	1.0302415279912747	-8.884195893048425	230.0	24	1.05	0.95				
	214	2	135.1556744708772	27.17047064105263	0.0	0.0	2	1.0385152548309997	-8.007753845270305	230.0	26	1.05	0.95				
	215	2	220.84715880035083	44.58743900070175	0.0	0.0	2	1.0439975895305753	0.6994634364195919	230.0	26	1.05	0.95				
	216	2	69.66787343859649	13.933574687719297	0.0	0.0	2	1.0458952827879495	0.4830587488132453	230.0	26	1.05	0.95				
	217	1	0.0	0.0	0.0	0.0	2	1.0472517881728796	3.3577322045663855	230.0	27	1.05	0.95				
	218	2	231.9940185505263	47.37415393824561	0.0	0.0	2	1.048103439504167	3.587257604351846	230.0	27	1.05	0.95				
	219	1	126.09885092385964	25.777113172280696	0.0	0.0	2	1.042779383319279	0.348912657778193	230.0	25	1.05	0.95				
	220	1	89.1748780014035	18.113647094035088	0.0	0.0	2	1.0460359686504086	1.5378761774275873	230.0	25	1.05	0.95				
	221	2	0.0	0.0	0.0	0.0	2	1.0479664569306966	3.384361363426205	230.0	27	1.05	0.95				
	222	2	0.0	0.0	0.0	0.0	2	1.05	9.884422311798946	230.0	27	1.05	0.95				
	223	2	0.0	0.0	0.0	0.0	2	1.05	2.6956594608655853	230.0	25	1.05	0.95				
	224	1	0.0	0.0	0.0	0.0	2	1.0189073875394903	-4.07609065049516	230.0	26	1.05	0.95				
	301	2	52.394179073684214	10.672888329824563	0.0	0.0	3	0.9999762050139136	10.140745625944149	138.0	31	1.05	0.95				
	302	2	47.057734908771934	9.702625754385966	0.0	0.0	3	0.9997598102289409	10.118698750933653	138.0	32	1.05	0.95				
	303	1	87.3236317894737	17.949857645614035	0.0	0.0	3	1.0182843981403742	12.242280078931469	138.0	31	1.05	0.95				
	304	1	35.89971529122807	7.276969315789474	0.0	0.0	3	1.0053926287416277	11.748042151738883	138.0	31	1.05	0.95				
	305	1	34.444321428070175	6.791838028070177	0.0	0.0	3	1.0178467091296601	11.761679933871687	138.0	31	1.05	0.95				
	306	1	65.97785512982458	13.583676056140353	0.0	-100.0	3	1.0365067401642876	12.096509019436006	138.0	32	1.05	0.95				
	307	2	60.64141096491228	12.128282192982457	0.0	0.0	3	0.9853371700336301	8.904901109249606	138.0	32	1.05	0.95				
	308	1	82.95745020000001	16.97959507017544	0.0	0.0	3	0.9993523242447352	11.005162707028642	138.0	32	1.05	0.95				
	309	1	84.8979753508772	17.464726357894737	0.0	0.0	3	1.0259733501400419	15.061574673426712	138.0	33	1.05	0.95				
	310	1	94.60060110526317	19.405251508771933	0.0	0.0	3	1.05	14.93107011450744	138.0	33	1.05	0.95				
	311	1	0.0	0.0	0.0	0.0	3	1.0081674715532558	19.811569136862165	230.0	33	1.05	0.95				
	312	1	0.0	0.0	0.0	0.0	3	1.01521671062876	20.86037363646766	230.0	33	1.05	0.95				
	313	2	128.55979124561404	26.197089536842107	0.0	0.0	3	1.0217943839286796	27.014578618621304	230.0	34	1.05	0.95				
	314	2	94.11546981754387	18.920120221052635	0.0	0.0	3	1.0048842765555002	18.3404537509477	230.0	36	1.05	0.95				
	315	2	153.78661820701754	31.04840241403509	0.0	0.0	3	1.030536241359357	12.699627853737926	230.0	36	1.05	0.95				
	316	2	48.51312877192983	9.702625754385966	0.0	0.0	3	1.0306932312091908	13.808773472543354	230.0	36	1.05	0.95				
	317	1	0.0	0.0	0.0	0.0	3	1.0377525414978823	12.585084871469377	230.0	37	1.05	0.95				
	318	2	161.54871881052634	32.98892756491229	0.0	0.0	3	1.037834931664716	11.297552428115132	230.0	37	1.05	0.95				
	319	1	87.80876307719299	17.949857645614035	0.0	0.0	3	1.0291170945101842	16.369089520975017	230.0	35	1.05	0.95				
	320	1	62.09680482807018	12.613413480701755	0.0	0.0	3	1.0291924132704755	18.14093096712903	230.0	35	1.05	0.95				
	321	2	0.0	0.0	0.0	0.0	3	1.037183110653568	12.331946396653178	230.0	37	1.05	0.95				
	322	2	0.0	0.0	0.0	0.0	3	1.0499999852199915	16.739978434899236	230.0	37	1.05	0.95				
	323	2	0.0	0.0	0.0	0.0	3	1.029009631557712	18.849014460192116	230.0	35	1.05	0.95				
	324	1	0.0	0.0	0.0	0.0	3	1.0241602814075017	14.43969037051212	230.0	36	1.05	0.95				
	325	1	0.0	0.0	0.0	0.0	3	1.032191162377748	18.436070205867654	230.0	35	1.05	0.95				
];
