%% MATPOWER Case Format : Version 2
function mpc = RTS_GMLC
mpc.version = '2';

%%-----  Power Flow Data  -----%%
%% system MVA base
mpc.baseMVA = 100.0;
%% bus data
%    bus_i    type    Pd    Qd    Gs    Bs    area    Vm    Va    baseKV    zone    Vmax    Vmin
mpc.bus = [
	101	2	66.71845621894737	13.59079663719298	0.0	0.0	1	1.05	2.473291530102607	138.0	11	1.05	0.95				
	102	2	59.92305790035088	12.355269670175439	0.0	0.0	1	1.0488649877257343	2.059625051602265	138.0	12	1.05	0.95				
	103	1	111.19742703157894	22.857248889824557	0.0	0.0	1	1.0312088561885435	1.7258275764520183	138.0	11	1.05	0.95				
	104	1	45.714497779649115	9.266452252631579	0.0	0.0	1	1.0271478832145282	-1.6083297184275507	138.0	11	1.05	0.95				
	105	1	43.8612073291228	8.648688769122808	0.0	0.0	1	1.040557136539223	-2.046499165756918	138.0	11	1.05	0.95				
	106	1	84.01583375719298	17.297377538245616	0.0	-100.0	1	1.0428203901401494	-5.240303753248691	138.0	12	1.05	0.95				
	107	2	77.22043543859648	15.444087087719296	0.0	0.0	1	0.9980464474364398	-13.10905315721208	138.0	12	1.05	0.95				
	108	1	105.63755567999999	21.621721922807012	0.0	0.0	1	0.9955256589013013	-11.185560372097694	138.0	12	1.05	0.95				
	109	1	108.10860961403507	22.239485406315787	0.0	0.0	1	1.0246530104741036	-3.2567713969110397	138.0	13	1.05	0.95				
	110	1	120.46387928421052	24.710539340350877	0.0	0.0	1	1.05	-4.7735701468546035	138.0	13	1.05	0.95				
	111	1	0.0	0.0	0.0	0.0	1	1.0129046433414421	-0.7845604926230436	230.0	13	1.05	0.95				
	112	1	0.0	0.0	0.0	0.0	1	1.0140773550061566	-1.3207503085673327	230.0	13	1.05	0.95				
	113	3	163.70732312982454	33.35922810947368	0.0	0.0	1	1.0087193264869903	3.7764044587776e-30	230.0	14	1.05	0.95				
	114	2	119.84611580070175	24.092775856842103	0.0	0.0	1	1.019198860970305	1.801783086262954	230.0	16	1.05	0.95				
	115	2	195.83102427228067	39.5368629445614	0.0	0.0	1	1.039587525308161	11.177528775704882	230.0	16	1.05	0.95				
	116	2	61.776348350877186	12.355269670175439	0.0	0.0	1	1.0361231022791035	9.241612799905493	230.0	16	1.05	0.95				
	117	1	0.0	0.0	0.0	0.0	1	1.0433231052549243	14.431590164233725	230.0	17	1.05	0.95				
	118	2	205.71524000842106	42.00791687859649	0.0	0.0	1	1.05	15.867306311910145	230.0	17	1.05	0.95				
	119	1	111.8151905150877	22.857248889824557	0.0	0.0	1	1.0262382917574993	5.670708895651459	230.0	15	1.05	0.95				
	120	1	79.0737258891228	16.06185057122807	0.0	0.0	1	1.0244686003509476	3.228960547714763	230.0	15	1.05	0.95				
	121	2	0.0	0.0	0.0	0.0	1	1.05	18.210716467602403	230.0	17	1.05	0.95				
	122	2	0.0	0.0	0.0	0.0	1	1.05	24.480113453117475	230.0	17	1.05	0.95				
	123	2	0.0	0.0	0.0	0.0	1	1.0252857237687605	2.3559335414090383	230.0	15	1.05	0.95				
	124	1	0.0	0.0	0.0	0.0	1	1.0246193689830356	7.631100053527758	230.0	16	1.05	0.95				
	201	2	62.20242405473685	12.670864159298246	0.0	0.0	2	1.0122543719032462	-14.323400698818936	138.0	21	1.05	0.95				
	202	2	55.86699197508772	11.51896741754386	0.0	0.0	2	1.0115149672828467	-14.57333219557486	138.0	22	1.05	0.95				
	203	1	103.67070675789473	21.31008972245614	0.0	0.0	2	1.013010652076237	-10.654474359140885	138.0	21	1.05	0.95				
	204	1	42.62017944491228	8.639225563157895	0.0	0.0	2	1.00891644270266	-13.271948692129508	138.0	21	1.05	0.95				
	205	1	40.8923343322807	8.063277192280701	0.0	0.0	2	1.023410257929999	-13.739444589873374	138.0	21	1.05	0.95				
	206	1	78.32897843929825	16.126554384561402	0.0	-100.0	2	1.0369319283354235	-14.071350463480725	138.0	22	1.05	0.95				
	207	2	71.99354635964912	14.398709271929825	0.0	0.0	2	0.9948111586796281	-21.25983537938188	138.0	22	1.05	0.95				
	208	1	98.48717142	20.158192980701752	0.0	0.0	2	0.9939804179169762	-18.509187944199955	138.0	22	1.05	0.95				
	209	1	100.79096490350877	20.73414135157895	0.0	0.0	2	1.0258883543964787	-9.847604580744715	138.0	23	1.05	0.95				
	210	1	112.30993232105261	23.03793483508772	0.0	0.0	2	1.05	-11.307033632382382	138.0	23	1.05	0.95				
	211	1	0.0	0.0	0.0	0.0	2	1.0162002209349876	-6.2225864452401165	230.0	23	1.05	0.95				
	212	1	0.0	0.0	0.0	0.0	2	1.0198489459911657	-0.7072682143790563	230.0	23	1.05	0.95				
	213	2	152.62631828245614	31.101212027368426	0.0	0.0	2	1.0227672013536147	-2.849653874213271	230.0	24	1.05	0.95				
	214	2	111.73398395017544	22.461986464210526	0.0	0.0	2	1.0199653219727107	-4.820235750647219	230.0	26	1.05	0.95				
	215	2	182.57563356807017	36.86069573614035	0.0	0.0	2	1.032935667004399	0.4773546564700947	230.0	26	1.05	0.95				
	216	2	57.5948370877193	11.51896741754386	0.0	0.0	2	1.0345404494873904	0.7066902714713245	230.0	26	1.05	0.95				
	217	1	0.0	0.0	0.0	0.0	2	1.0356377721728118	1.4011717578407779	230.0	27	1.05	0.95				
	218	2	191.79080750210525	39.16448921964913	0.0	0.0	2	1.0339879717085583	0.738880771545068	230.0	27	1.05	0.95				
	219	1	104.24665512877193	21.31008972245614	0.0	0.0	2	1.0365603094426876	2.1277333739753495	230.0	25	1.05	0.95				
	220	1	73.7213914722807	14.974657642807019	0.0	0.0	2	1.0437228753199979	4.444045718182953	230.0	25	1.05	0.95				
	221	2	0.0	0.0	0.0	0.0	2	1.036156531907032	1.4548052970677092	230.0	27	1.05	0.95				
	222	2	0.0	0.0	0.0	0.0	2	1.05	7.932356860595293	230.0	27	1.05	0.95				
	223	2	0.0	0.0	0.0	0.0	2	1.05	6.1239242686430835	230.0	25	1.05	0.95				
	224	1	0.0	0.0	0.0	0.0	2	1.0116902773009357	-3.654795171957464	230.0	26	1.05	0.95				
	301	2	51.89876621052632	10.571970894736841	0.0	0.0	3	1.0008066902364292	32.196381584480605	138.0	31	1.05	0.95				
	302	2	46.61278076315789	9.610882631578948	0.0	0.0	3	1.000555475187254	32.21424456709594	138.0	32	1.05	0.95				
	303	1	86.49794368421053	17.78013286842105	0.0	0.0	3	1.0193461276986702	33.2727700127333	138.0	31	1.05	0.95				
	304	1	35.5602657368421	7.20816197368421	0.0	0.0	3	1.0063298460294647	34.03850148729039	138.0	31	1.05	0.95				
	305	1	34.11863334210526	6.727617842105263	0.0	0.0	3	1.0182266984168915	33.96445233707411	138.0	31	1.05	0.95				
	306	1	65.35400189473684	13.455235684210527	0.0	-100.0	3	1.0367920687451728	34.390593976003	138.0	32	1.05	0.95				
	307	2	60.06801644736841	12.013603289473682	0.0	0.0	3	0.9704399068298262	33.18557959523587	138.0	32	1.05	0.95				
	308	1	82.1730465	16.819044605263155	0.0	0.0	3	0.9949411673357986	35.148640463813784	138.0	32	1.05	0.95				
	309	1	84.09522302631578	17.299588736842104	0.0	0.0	3	1.0270711405938167	37.48485122894731	138.0	33	1.05	0.95				
	310	1	93.70610565789472	19.221765263157895	0.0	0.0	3	1.05	37.26551753584891	138.0	33	1.05	0.95				
	311	1	0.0	0.0	0.0	0.0	3	1.0076560029840504	41.73405694026631	230.0	33	1.05	0.95				
	312	1	0.0	0.0	0.0	0.0	3	1.0174564529450172	42.564971266959375	230.0	33	1.05	0.95				
	313	2	127.34419486842103	25.94938310526316	0.0	0.0	3	1.0203446062962678	49.50052182362294	230.0	34	1.05	0.95				
	314	2	93.22556152631579	18.741221131578946	0.0	0.0	3	1.0044799905795387	39.32674749310195	230.0	36	1.05	0.95				
	315	2	152.3324897105263	30.75482442105263	0.0	0.0	3	1.0391256176268588	31.479039478907655	230.0	36	1.05	0.95				
	316	2	48.05441315789473	9.610882631578948	0.0	0.0	3	1.0406407105915647	32.78400911759627	230.0	36	1.05	0.95				
	317	1	0.0	0.0	0.0	0.0	3	1.05	31.504674277271363	230.0	37	1.05	0.95				
	318	2	160.02119581578947	32.67700094736842	0.0	0.0	3	1.05	28.83798470514854	230.0	37	1.05	0.95				
	319	1	86.97848781578946	17.78013286842105	0.0	0.0	3	1.041888466117114	35.08781122278189	230.0	35	1.05	0.95				
	320	1	61.50964884210526	12.49414742105263	0.0	0.0	3	1.0436170600423327	36.47410121331887	230.0	35	1.05	0.95				
	321	2	0.0	0.0	0.0	0.0	3	1.0476339617538395	30.33267029498844	230.0	37	1.05	0.95				
	322	2	0.0	0.0	0.0	0.0	3	1.05	35.13694239435046	230.0	37	1.05	0.95				
	323	2	0.0	0.0	0.0	0.0	3	1.0433848966010257	36.6929813232539	230.0	35	1.05	0.95				
	324	1	0.0	0.0	0.0	0.0	3	1.0308896932686715	34.15234543776337	230.0	36	1.05	0.95				
	325	1	0.0	0.0	0.0	0.0	3	1.0438174851697344	35.13454277434251	230.0	35	1.05	0.95				
];
