%% MATPOWER Case Format : Version 2
function mpc = RTS_GMLC
mpc.version = '2';

%%-----  Power Flow Data  -----%%
%% system MVA base
mpc.baseMVA = 100.0;
%% bus data
%    bus_i    type    Pd    Qd    Gs    Bs    area    Vm    Va    baseKV    zone    Vmax    Vmin
mpc.bus = [
	101	2	72.97080654315789	14.864423555087718	0.0	0.0	1	1.0499999979955126	0.35678374335176083	138.0	11	1.05	0.95				
	102	2	65.53859476561404	13.513112322807016	0.0	0.0	1	1.0489393875944473	-0.04105117412458445	138.0	12	1.05	0.95				
	103	1	121.61801090526316	24.999257797192982	0.0	0.0	1	1.031510513944121	-0.6375475948977147	138.0	11	1.05	0.95				
	104	1	49.998515594385964	10.134834242105264	0.0	0.0	1	1.0271099576864549	-3.393658873249551	138.0	11	1.05	0.95				
	105	1	47.97154874596491	9.459178625964913	0.0	0.0	1	1.0401766572650286	-3.8549527990511208	138.0	11	1.05	0.95				
	106	1	91.88916379508773	18.918357251929827	0.0	-100.0	1	1.0414964073363286	-6.921773010793629	138.0	12	1.05	0.95				
	107	2	84.45695201754387	16.891390403508773	0.0	0.0	1	0.9992289485204774	-13.964142066788378	138.0	12	1.05	0.95				
	108	1	115.53711035999999	23.647946564912278	0.0	0.0	1	0.9950089915954188	-12.428806701362745	138.0	12	1.05	0.95				
	109	1	118.2397328245614	24.32360218105263	0.0	0.0	1	1.0258532770812827	-4.586729501670721	138.0	13	1.05	0.95				
	110	1	131.75284514736842	27.026224645614032	0.0	0.0	1	1.05	-6.082585581944246	138.0	13	1.05	0.95				
	111	1	0.0	0.0	0.0	0.0	1	1.0138730587695746	-1.7602747869540396	230.0	13	1.05	0.95				
	112	1	0.0	0.0	0.0	0.0	1	1.0154470263933741	-1.4849123073935329	230.0	13	1.05	0.95				
	113	3	179.04873827719297	36.485403271578946	0.0	0.0	1	1.0135656561437187	-5.123451118326909e-31	230.0	14	1.05	0.95				
	114	2	131.07718953122807	26.350569029473686	0.0	0.0	1	1.0181559421995277	0.3151343752532604	230.0	16	1.05	0.95				
	115	2	214.18283031649122	43.241959432982455	0.0	0.0	1	1.043815126871616	8.164687954170873	230.0	16	1.05	0.95				
	116	2	67.56556161403509	13.513112322807016	0.0	0.0	1	1.0418296413520407	7.328120755105733	230.0	16	1.05	0.95				
	117	1	0.0	0.0	0.0	0.0	1	1.0455857072017967	10.990249280765445	230.0	17	1.05	0.95				
	118	2	224.99332017473685	45.94458189754386	0.0	0.0	1	1.0482718779625915	11.876921766117464	230.0	17	1.05	0.95				
	119	1	122.2936665214035	24.999257797192982	0.0	0.0	1	1.0336834341401173	5.38572764270137	230.0	15	1.05	0.95				
	120	1	86.48391886596491	17.567046019649123	0.0	0.0	1	1.0318097755196198	4.446983149991416	230.0	15	1.05	0.95				
	121	2	0.0	0.0	0.0	0.0	1	1.05	13.738229194629351	230.0	17	1.05	0.95				
	122	2	0.0	0.0	0.0	0.0	1	1.05	19.171774529034966	230.0	17	1.05	0.95				
	123	2	0.0	0.0	0.0	0.0	1	1.032415958048304	4.438517337816577	230.0	15	1.05	0.95				
	124	1	0.0	0.0	0.0	0.0	1	1.0280703788515038	4.876486404605844	230.0	16	1.05	0.95				
	201	2	63.61341097263158	12.958287420350874	0.0	0.0	2	1.0180004798155842	-11.232956672003068	138.0	21	1.05	0.95				
	202	2	57.13426726245613	11.78026129122807	0.0	0.0	2	1.01818545430168	-11.21448047719853	138.0	22	1.05	0.95				
	203	1	106.02235162105262	21.79348338877193	0.0	0.0	2	1.014087882199217	-9.720416210424414	138.0	21	1.05	0.95				
	204	1	43.58696677754386	8.835195968421052	0.0	0.0	2	1.0122041529027175	-11.044683707815508	138.0	21	1.05	0.95				
	205	1	41.819927583859645	8.24618290385965	0.0	0.0	2	1.0264501990912045	-11.381595561409883	138.0	21	1.05	0.95				
	206	1	80.10577678035088	16.4923658077193	0.0	-100.0	2	1.038264266634529	-12.050548949500463	138.0	22	1.05	0.95				
	207	2	73.62663307017543	14.725326614035087	0.0	0.0	2	0.9931035887503655	-20.010454924177726	138.0	22	1.05	0.95				
	208	1	100.72123404	20.61545725964912	0.0	0.0	2	0.9923524345955752	-17.188958406158942	138.0	22	1.05	0.95				
	209	1	103.0772862982456	21.204470324210522	0.0	0.0	2	1.0257710291080089	-8.488737725955	138.0	23	1.05	0.95				
	210	1	114.85754758947367	23.56052258245614	0.0	0.0	2	1.05	-9.645890137759523	138.0	23	1.05	0.95				
	211	1	0.0	0.0	0.0	0.0	2	1.014805932866663	-5.032414895970596	230.0	23	1.05	0.95				
	212	1	0.0	0.0	0.0	0.0	2	1.0192060801887386	0.5291688713358458	230.0	23	1.05	0.95				
	213	2	156.08846210877192	31.80670548631579	0.0	0.0	2	1.019705854272882	-1.78945336043556	230.0	24	1.05	0.95				
	214	2	114.26853452491225	22.971509517894738	0.0	0.0	2	1.017489521483532	-3.8160408775198507	230.0	26	1.05	0.95				
	215	2	186.7171414659649	37.69683613192982	0.0	0.0	2	1.0341967716849214	1.186655588192129	230.0	26	1.05	0.95				
	216	2	58.90130645614035	11.78026129122807	0.0	0.0	2	1.0350468548092215	1.514877270740595	230.0	26	1.05	0.95				
	217	1	0.0	0.0	0.0	0.0	2	1.0371932578459635	2.3945348583856716	230.0	27	1.05	0.95				
	218	2	196.14135049894736	40.05288839017544	0.0	0.0	2	1.0353977301384265	1.6382458361957168	230.0	27	1.05	0.95				
	219	1	106.61136468561403	21.79348338877193	0.0	0.0	2	1.0359336864589745	2.8419876131104775	230.0	25	1.05	0.95				
	220	1	75.39367226385964	15.31433967859649	0.0	0.0	2	1.0422007863734069	5.105999805890178	230.0	25	1.05	0.95				
	221	2	0.0	0.0	0.0	0.0	2	1.037368477868249	2.294764893398841	230.0	27	1.05	0.95				
	222	2	0.0	0.0	0.0	0.0	2	1.05	8.833981987793864	230.0	27	1.05	0.95				
	223	2	0.0	0.0	0.0	0.0	2	1.0480143330923235	6.770124426432153	230.0	25	1.05	0.95				
	224	1	0.0	0.0	0.0	0.0	2	1.0131496394546935	-2.8608814307961	230.0	26	1.05	0.95				
	301	2	80.18854791157896	16.334704204210528	0.0	0.0	3	1.0073530242371118	13.499504592757049	138.0	31	1.05	0.95				
	302	2	72.0211958094737	14.849731094736846	0.0	0.0	3	1.0091506887208401	13.24108797575181	138.0	32	1.05	0.95				
	303	1	133.6475798526316	27.47200252526316	0.0	0.0	3	1.042626775301592	23.6886090796727	138.0	31	1.05	0.95				
	304	1	54.94400505052632	11.137298321052633	0.0	0.0	3	1.0060916996791427	15.64141382054618	138.0	31	1.05	0.95				
	305	1	52.716545386315794	10.394811766315792	0.0	0.0	3	1.018019320080997	14.574021407923999	138.0	31	1.05	0.95				
	306	1	100.97817144421055	20.789623532631584	0.0	-100.0	3	1.031112843582957	14.368700591484611	138.0	32	1.05	0.95				
	307	2	92.81081934210528	18.562163868421056	0.0	0.0	3	0.9793194262731225	9.80162150757727	138.0	32	1.05	0.95				
	308	1	126.96520086000002	25.987029415789475	0.0	0.0	3	0.990568500472467	13.233829381467853	138.0	32	1.05	0.95				
	309	1	129.93514707894738	26.729515970526318	0.0	0.0	3	1.0311887917103533	20.60700508915458	138.0	33	1.05	0.95				
	310	1	144.78487817368423	29.699462189473692	0.0	0.0	3	1.05	18.030992888616403	138.0	33	1.05	0.95				
	311	1	0.0	0.0	0.0	0.0	3	1.020229083852574	24.729767561349927	230.0	33	1.05	0.95				
	312	1	0.0	0.0	0.0	0.0	3	1.0271890082261912	26.165208236122034	230.0	33	1.05	0.95				
	313	2	196.7589370052632	40.09427395578948	0.0	0.0	3	1.0490815705328487	33.66006968308661	230.0	34	1.05	0.95				
	314	2	144.0423916189474	28.95697563473685	0.0	0.0	3	1.0203939793999182	22.138061354435763	230.0	36	1.05	0.95				
	315	2	235.36823785157898	47.5191395031579	0.0	0.0	3	1.0490593349400086	16.290701452021285	230.0	36	1.05	0.95				
	316	2	74.24865547368422	14.849731094736846	0.0	0.0	3	1.0458745914108614	17.273757323688734	230.0	36	1.05	0.95				
	317	1	0.0	0.0	0.0	0.0	3	1.049441850656406	16.3352904350674	230.0	37	1.05	0.95				
	318	2	247.24802272736846	50.48908572210527	0.0	0.0	3	1.0478780276677324	14.658929329322147	230.0	37	1.05	0.95				
	319	1	134.39006640736844	27.47200252526316	0.0	0.0	3	1.0434360745596425	19.75555145137373	230.0	35	1.05	0.95				
	320	1	95.0382790063158	19.3046504231579	0.0	0.0	3	1.0456205460637533	21.86186795284408	230.0	35	1.05	0.95				
	321	2	0.0	0.0	0.0	0.0	3	1.0487178773372936	15.786885087643414	230.0	37	1.05	0.95				
	322	2	0.0	0.0	0.0	0.0	3	1.05	20.346985702299314	230.0	37	1.05	0.95				
	323	2	0.0	0.0	0.0	0.0	3	1.0472178442527482	22.659874461839582	230.0	35	1.05	0.95				
	324	1	0.0	0.0	0.0	0.0	3	1.0465015384175589	20.97244461127156	230.0	36	1.05	0.95				
	325	1	0.0	0.0	0.0	0.0	3	1.0488994877667228	21.907907714937767	230.0	35	1.05	0.95				
];
