%% MATPOWER Case Format : Version 2
function mpc = RTS_GMLC
mpc.version = '2';

%%-----  Power Flow Data  -----%%
%% system MVA base
mpc.baseMVA = 100.0;
%% bus data
%    bus_i    type    Pd    Qd    Gs    Bs    area    Vm    Va    baseKV    zone    Vmax    Vmin
mpc.bus = [
	101	2	35.951014349052635	7.323354774807019	0.0	0.0	1	1.010619477762966	0.19960085945020967	138.0	11	1.05	0.95				
	102	2	32.28933696164912	6.657595249824562	0.0	0.0	1	1.0086467948550446	-0.37667193302706486	138.0	12	1.05	0.95				
	103	1	59.91835724842106	12.316551212175439	0.0	0.0	1	1.0283708645251142	3.0005161905712683	138.0	11	1.05	0.95				
	104	1	24.633102424350877	4.993196437368421	0.0	0.0	1	1.0125343772484248	-1.7125610645090246	138.0	11	1.05	0.95				
	105	1	23.634463136877194	4.660316674877193	0.0	0.0	1	1.0260757212980576	-1.860856071341011	138.0	11	1.05	0.95				
	106	1	45.27164769880702	9.320633349754386	0.0	-100.0	1	1.0428857616677787	-3.492583227983748	138.0	12	1.05	0.95				
	107	2	41.60997031140351	8.321994062280702	0.0	0.0	1	0.9817119513564155	-9.926672289152624	138.0	12	1.05	0.95				
	108	1	56.922439386	11.650791687192982	0.0	0.0	1	0.9953578588766346	-7.6201135777032185	138.0	12	1.05	0.95				
	109	1	58.25395843596491	11.983671449684211	0.0	0.0	1	1.0243942535980173	-1.4014353250034415	138.0	13	1.05	0.95				
	110	1	64.91155368578947	13.315190499649123	0.0	0.0	1	1.05	-2.837736669862246	138.0	13	1.05	0.95				
	111	1	0.0	0.0	0.0	0.0	1	1.0117267555578622	0.9249528754701457	230.0	13	1.05	0.95				
	112	1	0.0	0.0	0.0	0.0	1	1.0100941184839605	-0.40312510189568546	230.0	13	1.05	0.95				
	113	3	88.21313706017544	17.975507174526317	0.0	0.0	1	0.9872521862886892	-7.666346367767621e-27	230.0	14	1.05	0.95				
	114	2	64.57867392329824	12.982310737157896	0.0	0.0	1	1.0353392570299766	4.741193576425401	230.0	16	1.05	0.95				
	115	2	105.52288470971929	21.304304799438597	0.0	0.0	1	1.0424492070318008	14.127790338924111	230.0	16	1.05	0.95				
	116	2	33.287976249122806	6.657595249824562	0.0	0.0	1	1.0409884112681413	12.224343497859637	230.0	16	1.05	0.95				
	117	1	0.0	0.0	0.0	0.0	1	1.0407893270318658	18.250671477702095	230.0	17	1.05	0.95				
	118	2	110.84896090957896	22.63582384940351	0.0	0.0	1	1.049999708188156	18.863751758084558	230.0	17	1.05	0.95				
	119	1	60.251237010912284	12.316551212175439	0.0	0.0	1	1.0363858653626596	7.715175318127332	230.0	15	1.05	0.95				
	120	1	42.608609598877194	8.654873824771931	0.0	0.0	1	1.038874723971011	4.431055650576152	230.0	15	1.05	0.95				
	121	2	0.0	0.0	0.0	0.0	1	1.043483807459958	20.301778633458902	230.0	17	1.05	0.95				
	122	2	0.0	0.0	0.0	0.0	1	1.05	38.26111086241018	230.0	17	1.05	0.95				
	123	2	0.0	0.0	0.0	0.0	1	1.041255294779329	2.8825372492148054	230.0	15	1.05	0.95				
	124	1	0.0	0.0	0.0	0.0	1	1.0232639276794646	9.97311300276761	230.0	16	1.05	0.95				
	201	2	38.24964583578947	7.791594522105262	0.0	0.0	2	1.0136385425821672	-17.27201487894566	138.0	21	1.05	0.95				
	202	2	34.35384857473684	7.08326774736842	0.0	0.0	2	1.0128091450311083	-17.57884894893738	138.0	22	1.05	0.95				
	203	1	63.74940972631579	13.104045332631578	0.0	0.0	2	1.0110951327029718	-12.705023194728362	138.0	21	1.05	0.95				
	204	1	26.208090665263157	5.3124508105263155	0.0	0.0	2	1.0120082676989222	-17.424187699386085	138.0	21	1.05	0.95				
	205	1	25.14560050315789	4.958287423157895	0.0	0.0	2	1.0276541481223804	-17.897074402201138	138.0	21	1.05	0.95				
	206	1	48.16622068210526	9.91657484631579	0.0	-100.0	2	1.0437278134927348	-18.716340424266978	138.0	22	1.05	0.95				
	207	2	44.27042342105263	8.854084684210525	0.0	0.0	2	0.9964878987732453	-22.869778240817563	138.0	22	1.05	0.95				
	208	1	60.561939239999994	12.395718557894735	0.0	0.0	2	1.0033855494259012	-21.31340417008934	138.0	22	1.05	0.95				
	209	1	61.97859278947367	12.749881945263155	0.0	0.0	2	1.0209446122019403	-15.818865581901452	138.0	23	1.05	0.95				
	210	1	69.0618605368421	14.16653549473684	0.0	0.0	2	1.05	-17.379307237967435	138.0	23	1.05	0.95				
	211	1	0.0	0.0	0.0	0.0	2	1.0045252636172588	-13.3395403737504	230.0	23	1.05	0.95				
	212	1	0.0	0.0	0.0	0.0	2	1.0058666205176814	-13.134023759254797	230.0	23	1.05	0.95				
	213	2	93.85329765263157	19.124822917894736	0.0	0.0	2	0.9963940249961432	-12.603338666468092	230.0	24	1.05	0.95				
	214	2	68.70769714947367	13.81237210736842	0.0	0.0	2	1.0078710948768932	-10.612333377997926	230.0	26	1.05	0.95				
	215	2	112.26979379578945	22.666456791578945	0.0	0.0	2	1.0228668564771055	-3.5711410821510423	230.0	26	1.05	0.95				
	216	2	35.4163387368421	7.08326774736842	0.0	0.0	2	1.02485029517287	-4.62114654300223	230.0	26	1.05	0.95				
	217	1	0.0	0.0	0.0	0.0	2	1.0323332538541918	-2.055707184857852	230.0	27	1.05	0.95				
	218	2	117.93640799368418	24.08311034105263	0.0	0.0	2	1.031604945631887	-2.4829770107858975	230.0	27	1.05	0.95				
	219	1	64.1035731136842	13.104045332631578	0.0	0.0	2	1.021571795348567	-5.787966275095336	230.0	25	1.05	0.95				
	220	1	45.33291358315789	9.208248071578947	0.0	0.0	2	1.0209579952458394	-6.104769654307907	230.0	25	1.05	0.95				
	221	2	0.0	0.0	0.0	0.0	2	1.0317335637033567	-2.046612287698293	230.0	27	1.05	0.95				
	222	2	0.0	0.0	0.0	0.0	2	1.05	4.444349250663135	230.0	27	1.05	0.95				
	223	2	0.0	0.0	0.0	0.0	2	1.0208048407649442	-6.001540062787457	230.0	25	1.05	0.95				
	224	1	0.0	0.0	0.0	0.0	2	1.0071780258589988	-6.985087143128068	230.0	26	1.05	0.95				
	301	2	50.70294212210526	10.328377098947369	0.0	0.0	3	1.0091863845615359	-3.104948588885488	138.0	31	1.05	0.95				
	302	2	45.53875357263158	9.38943372631579	0.0	0.0	3	1.0086263482481541	-3.2263051316564426	138.0	32	1.05	0.95				
	303	1	84.50490353684211	17.37045239368421	0.0	0.0	3	1.035047612399552	4.2694407656210664	138.0	31	1.05	0.95				
	304	1	34.74090478736842	7.042075294736843	0.0	0.0	3	1.0125079627614026	-1.0428328015197568	138.0	31	1.05	0.95				
	305	1	33.33248972842105	6.572603608421054	0.0	0.0	3	1.0236317349077797	-3.0758242985768587	138.0	31	1.05	0.95				
	306	1	63.84814933894738	13.145207216842108	0.0	-100.0	3	1.039431185495714	-3.5915228286845045	138.0	32	1.05	0.95				
	307	2	58.68396078947369	11.736792157894737	0.0	0.0	3	0.9936616963095444	-7.898162352580222	138.0	32	1.05	0.95				
	308	1	80.27965836	16.43150902105263	0.0	0.0	3	0.9991531226487895	-5.7618286723639915	138.0	32	1.05	0.95				
	309	1	82.15754510526317	16.900980707368422	0.0	0.0	3	1.0316337061642429	2.6320081033172316	138.0	33	1.05	0.95				
	310	1	91.54697883157895	18.77886745263158	0.0	0.0	3	1.05	-1.5353262048222103	138.0	33	1.05	0.95				
	311	1	0.0	0.0	0.0	0.0	3	1.010643602553274	3.9408772639093943	230.0	33	1.05	0.95				
	312	1	0.0	0.0	0.0	0.0	3	1.0132792638715178	4.465964930293949	230.0	33	1.05	0.95				
	313	2	124.40999687368421	25.35147106105263	0.0	0.0	3	1.010750906873112	6.905325886378064	230.0	34	1.05	0.95				
	314	2	91.07750714526316	18.30939576631579	0.0	0.0	3	1.009016924576471	4.85976204044663	230.0	36	1.05	0.95				
	315	2	148.8225245621053	30.04618792421053	0.0	0.0	3	1.0376507467249079	8.498515746042749	230.0	36	1.05	0.95				
	316	2	46.94716863157895	9.38943372631579	0.0	0.0	3	1.0359283305698412	8.952960530858988	230.0	36	1.05	0.95				
	317	1	0.0	0.0	0.0	0.0	3	1.05	13.93247893524482	230.0	37	1.05	0.95				
	318	2	156.3340715431579	31.92407466947369	0.0	0.0	3	1.045702736856345	10.555359575959162	230.0	37	1.05	0.95				
	319	1	84.9743752231579	17.37045239368421	0.0	0.0	3	1.026857726323965	8.143496906163854	230.0	35	1.05	0.95				
	320	1	60.09237584842106	12.206263844210527	0.0	0.0	3	1.0223843554582897	8.347747233385114	230.0	35	1.05	0.95				
	321	2	0.0	0.0	0.0	0.0	3	1.0443079183654327	10.545512404077492	230.0	37	1.05	0.95				
	322	2	0.0	0.0	0.0	0.0	3	1.05	16.21661453132925	230.0	37	1.05	0.95				
	323	2	0.0	0.0	0.0	0.0	3	1.0207264835388685	8.826438508812334	230.0	35	1.05	0.95				
	324	1	0.0	0.0	0.0	0.0	3	1.0299491108127916	6.909512554730749	230.0	36	1.05	0.95				
	325	1	0.0	0.0	0.0	0.0	3	1.0199179833688592	9.805474086272703	230.0	35	1.05	0.95				
];
