%% MATPOWER Case Format : Version 2
function mpc = RTS_GMLC
mpc.version = '2';

%%-----  Power Flow Data  -----%%
%% system MVA base
mpc.baseMVA = 100.0;
%% bus data
%    bus_i    type    Pd    Qd    Gs    Bs    area    Vm    Va    baseKV    zone    Vmax    Vmin
mpc.bus = [
	101	2	37.27362691705263	7.592775853473683	0.0	0.0	1	0.9890147854321345	-6.054072203931495	138.0	11	1.05	0.95				
	102	2	33.47723899031579	6.902523503157895	0.0	0.0	1	0.9888501856339383	-6.21305396639706	138.0	12	1.05	0.95				
	103	1	62.12271152842105	12.769668480842105	0.0	0.0	1	1.0216242111080744	0.12061386178129146	138.0	11	1.05	0.95				
	104	1	25.53933696168421	5.176892627368421	0.0	0.0	1	1.0037010715783998	-5.425777602514254	138.0	11	1.05	0.95				
	105	1	24.503958436210524	4.831766452210527	0.0	0.0	1	1.0151398929815414	-6.188921602140162	138.0	11	1.05	0.95				
	106	1	46.93715982147369	9.663532904421054	0.0	-100.0	1	1.03816579505223	-6.708820962493199	138.0	12	1.05	0.95				
	107	2	43.140771894736844	8.628154378947368	0.0	0.0	1	0.9893939952461552	-9.810867414520363	138.0	12	1.05	0.95				
	108	1	59.016575952	12.079416130526315	0.0	0.0	1	1.0008389437023013	-8.538219324417273	138.0	12	1.05	0.95				
	109	1	60.39708065263157	12.42454230568421	0.0	0.0	1	1.0256032313479195	-3.35614104590343	138.0	13	1.05	0.95				
	110	1	67.29960415578947	13.80504700631579	0.0	0.0	1	1.05	-5.194648619107428	138.0	13	1.05	0.95				
	111	1	0.0	0.0	0.0	0.0	1	1.0168128120280273	-0.28844467725268486	230.0	13	1.05	0.95				
	112	1	0.0	0.0	0.0	0.0	1	1.0125363715227627	-1.3477423923832712	230.0	13	1.05	0.95				
	113	3	91.4584364168421	18.636813458526316	0.0	0.0	1	0.9986026293086615	2.0949141271998802e-29	230.0	14	1.05	0.95				
	114	2	66.95447798063158	13.459920831157895	0.0	0.0	1	1.0419722427947908	3.3876130055521982	230.0	16	1.05	0.95				
	115	2	109.40499752505264	22.088075210105263	0.0	0.0	1	1.039980078650315	12.466099537346098	230.0	16	1.05	0.95				
	116	2	34.51261751578947	6.902523503157895	0.0	0.0	1	1.0405342002141333	10.815685253315685	230.0	16	1.05	0.95				
	117	1	0.0	0.0	0.0	0.0	1	1.039173196158936	16.637077923133038	230.0	17	1.05	0.95				
	118	2	114.92701632757895	23.468579910736846	0.0	0.0	1	1.0471687910093357	17.156955558209702	230.0	17	1.05	0.95				
	119	1	62.467837703578944	12.769668480842105	0.0	0.0	1	1.0358160498122395	6.861975226279962	230.0	15	1.05	0.95				
	120	1	44.176150420210526	8.973280554105264	0.0	0.0	1	1.037169272207039	4.080947046795087	230.0	15	1.05	0.95				
	121	2	0.0	0.0	0.0	0.0	1	1.0396570816345236	18.541054605607343	230.0	17	1.05	0.95				
	122	2	0.0	0.0	0.0	0.0	1	1.05	36.531560248152175	230.0	17	1.05	0.95				
	123	2	0.0	0.0	0.0	0.0	1	1.0386494012727685	2.815410793138164	230.0	15	1.05	0.95				
	124	1	0.0	0.0	0.0	0.0	1	1.017620141690699	7.873422163615635	230.0	16	1.05	0.95				
	201	2	36.07366598526316	7.348339367368421	0.0	0.0	2	1.0061082054243566	-12.725573833434357	138.0	21	1.05	0.95				
	202	2	32.39949630157894	6.6803085157894735	0.0	0.0	2	1.0045278419360808	-12.987495289768395	138.0	22	1.05	0.95				
	203	1	60.12277664210527	12.358570754210527	0.0	0.0	2	1.0140799664090012	-9.688587058288165	138.0	21	1.05	0.95				
	204	1	24.717141508421054	5.010231386842105	0.0	0.0	2	1.0099152797261708	-12.886371741464826	138.0	21	1.05	0.95				
	205	1	23.71509523105263	4.676215961052632	0.0	0.0	2	1.0240813777993827	-13.226476208102131	138.0	21	1.05	0.95				
	206	1	45.42609790736842	9.352431922105264	0.0	-100.0	2	1.0422867995857499	-13.954301486373039	138.0	22	1.05	0.95				
	207	2	41.75192822368421	8.350385644736843	0.0	0.0	2	0.9893009991026545	-17.799289327975806	138.0	22	1.05	0.95				
	208	1	57.11663781	11.690539902631578	0.0	0.0	2	1.0005194715053094	-16.38740133832917	138.0	22	1.05	0.95				
	209	1	58.45269951315789	12.024555328421052	0.0	0.0	2	1.0231803421026602	-11.407196807650784	138.0	23	1.05	0.95				
	210	1	65.13300802894737	13.360617031578947	0.0	0.0	2	1.05	-12.641192654999987	138.0	23	1.05	0.95				
	211	1	0.0	0.0	0.0	0.0	2	1.0034559828662506	-8.911885787697022	230.0	23	1.05	0.95				
	212	1	0.0	0.0	0.0	0.0	2	1.0127451357097335	-8.280282395555947	230.0	23	1.05	0.95				
	213	2	88.51408783421051	18.03683299263158	0.0	0.0	2	1.0022722597960454	-7.731037196586026	230.0	24	1.05	0.95				
	214	2	64.79899260315788	13.026601605789473	0.0	0.0	2	0.9979022505005404	-6.691645600615406	230.0	26	1.05	0.95				
	215	2	105.88288997526317	21.376987250526316	0.0	0.0	2	1.0240065694784286	-1.0695702398427482	230.0	26	1.05	0.95				
	216	2	33.40154257894737	6.6803085157894735	0.0	0.0	2	1.0264388176121393	-1.6647986342658467	230.0	26	1.05	0.95				
	217	1	0.0	0.0	0.0	0.0	2	1.0328476187172413	0.24550400156437557	230.0	27	1.05	0.95				
	218	2	111.22713678789474	22.71304895368421	0.0	0.0	2	1.0313160118874574	-0.0876776745491809	230.0	27	1.05	0.95				
	219	1	60.45679206789474	12.358570754210527	0.0	0.0	2	1.033482161398204	-1.8318806384774753	230.0	25	1.05	0.95				
	220	1	42.75397450105263	8.684401070526317	0.0	0.0	2	1.0412921974984557	-1.3305980651188365	230.0	25	1.05	0.95				
	221	2	0.0	0.0	0.0	0.0	2	1.0318630917624032	0.3793157963733507	230.0	27	1.05	0.95				
	222	2	0.0	0.0	0.0	0.0	2	1.0499999972725127	6.821525298348434	230.0	27	1.05	0.95				
	223	2	0.0	0.0	0.0	0.0	2	1.0457702136970863	-0.8087613324619497	230.0	25	1.05	0.95				
	224	1	0.0	0.0	0.0	0.0	2	1.0095643871267241	-4.296325815623015	230.0	26	1.05	0.95				
	301	2	40.14552357473684	8.177791839298246	0.0	0.0	3	1.0092832326602375	13.955132178384805	138.0	31	1.05	0.95				
	302	2	36.056627655087716	7.43435621754386	0.0	0.0	3	1.0085675133341618	13.587539707473345	138.0	32	1.05	0.95				
	303	1	66.90920595789474	13.75355900245614	0.0	0.0	3	1.05	27.86542904348662	138.0	31	1.05	0.95				
	304	1	27.50711800491228	5.575767163157894	0.0	0.0	3	1.0062603866715394	14.404939740776786	138.0	31	1.05	0.95				
	305	1	26.391964572280703	5.204049352280702	0.0	0.0	3	1.0212116724407705	12.356371296861722	138.0	31	1.05	0.95				
	306	1	50.55362227929825	10.408098704561404	0.0	-100.0	3	1.035907464415105	10.984072968292553	138.0	32	1.05	0.95				
	307	2	46.46472635964912	9.292945271929824	0.0	0.0	3	0.95	7.900028104387609	138.0	32	1.05	0.95				
	308	1	63.563745659999995	13.010123380701751	0.0	0.0	3	0.9725216123568127	9.43624974521361	138.0	32	1.05	0.95				
	309	1	65.05061690350877	13.381841191578946	0.0	0.0	3	1.0151229898767509	16.638183017831768	138.0	33	1.05	0.95				
	310	1	72.48497312105263	14.86871243508772	0.0	0.0	3	1.0422470184296673	11.967224020660234	138.0	33	1.05	0.95				
	311	1	0.0	0.0	0.0	0.0	3	1.0036000598816013	15.330476350991976	230.0	33	1.05	0.95				
	312	1	0.0	0.0	0.0	0.0	3	1.0086123068395858	15.122701866291433	230.0	33	1.05	0.95				
	313	2	98.50521988245613	20.07276178736842	0.0	0.0	3	1.0025380802053416	15.15400216801179	230.0	34	1.05	0.95				
	314	2	72.11325531017543	14.496994624210528	0.0	0.0	3	1.001007241418218	16.6038639943132	230.0	36	1.05	0.95				
	315	2	117.83454604807018	23.78993989614035	0.0	0.0	3	1.049769421952839	21.071692125998002	230.0	36	1.05	0.95				
	316	2	37.171781087719296	7.43435621754386	0.0	0.0	3	1.035686467324249	20.523722407906146	230.0	36	1.05	0.95				
	317	1	0.0	0.0	0.0	0.0	3	1.05	25.45714487414251	230.0	37	1.05	0.95				
	318	2	123.78203102210526	25.276811139649126	0.0	0.0	3	1.0456876580772825	21.92882205305094	230.0	37	1.05	0.95				
	319	1	67.28092376877193	13.75355900245614	0.0	0.0	3	1.0260110480966256	18.47910691197763	230.0	35	1.05	0.95				
	320	1	47.5798797922807	9.664663082807017	0.0	0.0	3	1.0206412497442496	17.40710426273953	230.0	35	1.05	0.95				
	321	2	0.0	0.0	0.0	0.0	3	1.046970174390785	22.324610700407586	230.0	37	1.05	0.95				
	322	2	0.0	0.0	0.0	0.0	3	1.0499998777236714	27.898643545193575	230.0	37	1.05	0.95				
	323	2	0.0	0.0	0.0	0.0	3	1.0179711930575135	17.105589800270305	230.0	35	1.05	0.95				
	324	1	0.0	0.0	0.0	0.0	3	1.0472187645837496	23.67161745900142	230.0	36	1.05	0.95				
	325	1	0.0	0.0	0.0	0.0	3	1.0203713885177317	17.239186030864644	230.0	35	1.05	0.95				
];
