%% MATPOWER Case Format : Version 2
function mpc = RTS_GMLC
mpc.version = '2';

%%-----  Power Flow Data  -----%%
%% system MVA base
mpc.baseMVA = 100.0;
%% bus data
%    bus_i    type    Pd    Qd    Gs    Bs    area    Vm    Va    baseKV    zone    Vmax    Vmin
mpc.bus = [
	101	2	87.76001978526317	17.877041067368424	0.0	0.0	1	1.0480915018969623	0.32669880755453456	138.0	11	1.05	0.95				
	102	2	78.82149925157896	16.251855515789476	0.0	0.0	1	1.0478882715897555	0.17300955351914507	138.0	12	1.05	0.95				
	103	1	146.26669964210527	30.065932704210528	0.0	0.0	1	1.0260750056110388	-1.6099006835320782	138.0	11	1.05	0.95				
	104	1	60.131865408421056	12.188891636842106	0.0	0.0	1	1.0242210948319133	-3.6514230809064756	138.0	11	1.05	0.95				
	105	1	57.694087081052636	11.376298861052634	0.0	0.0	1	1.0373033445487252	-4.046388844518701	138.0	11	1.05	0.95				
	106	1	110.51261750736845	22.752597722105268	0.0	-100.0	1	1.0370207170368149	-7.2509956586606865	138.0	12	1.05	0.95				
	107	2	101.57409697368422	20.314819394736844	0.0	0.0	1	1.05	-5.745566792735939	138.0	12	1.05	0.95				
	108	1	138.95336466	28.44074715263158	0.0	0.0	1	1.0238811040784959	-8.042678325623834	138.0	12	1.05	0.95				
	109	1	142.2037357631579	29.253339928421052	0.0	0.0	1	1.0273551915685526	-4.526725188308792	138.0	13	1.05	0.95				
	110	1	158.45559127894737	32.50371103157895	0.0	0.0	1	1.05	-5.9995735533038115	138.0	13	1.05	0.95				
	111	1	0.0	0.0	0.0	0.0	1	1.0140196034172098	-1.9897022004233202	230.0	13	1.05	0.95				
	112	1	0.0	0.0	0.0	0.0	1	1.017370424705988	-1.2006089656040313	230.0	13	1.05	0.95				
	113	3	215.33708558421054	43.880009892631584	0.0	0.0	1	1.0162785740288227	6.693149961563591e-28	230.0	14	1.05	0.95				
	114	2	157.6429985031579	31.69111825578948	0.0	0.0	1	1.014505339978489	-0.4075241672381038	230.0	16	1.05	0.95				
	115	2	257.59190992526317	52.00593765052632	0.0	0.0	1	1.0441754184738095	7.523761413289704	230.0	16	1.05	0.95				
	116	2	81.25927757894738	16.251855515789476	0.0	0.0	1	1.041869098936772	6.755409630178622	230.0	16	1.05	0.95				
	117	1	0.0	0.0	0.0	0.0	1	1.0453840694635907	9.717041475203972	230.0	17	1.05	0.95				
	118	2	270.5933943378948	55.25630875368422	0.0	0.0	1	1.047355849398012	10.183281639403488	230.0	17	1.05	0.95				
	119	1	147.07929241789475	30.065932704210528	0.0	0.0	1	1.0353082395529816	5.357550816041263	230.0	15	1.05	0.95				
	120	1	104.01187530105264	21.12741217052632	0.0	0.0	1	1.0360409803568433	5.198195659284293	230.0	15	1.05	0.95				
	121	2	0.0	0.0	0.0	0.0	1	1.05	11.994207181885692	230.0	17	1.05	0.95				
	122	2	0.0	0.0	0.0	0.0	1	1.05	18.24763218966804	230.0	17	1.05	0.95				
	123	2	0.0	0.0	0.0	0.0	1	1.0387500264164446	5.713791527951541	230.0	15	1.05	0.95				
	124	1	0.0	0.0	0.0	0.0	1	1.0258811776315264	4.1314476996344185	230.0	16	1.05	0.95				
	201	2	86.75019674526315	17.671336374035086	0.0	0.0	2	1.035047228800376	-13.636998286515345	138.0	21	1.05	0.95				
	202	2	77.91452855824559	16.064851249122807	0.0	0.0	2	1.0379578448162532	-13.760259052894508	138.0	22	1.05	0.95				
	203	1	144.58366124210525	29.719974810877186	0.0	0.0	2	1.025719075146019	-10.1651953358079	138.0	21	1.05	0.95				
	204	1	59.43994962175437	12.048638436842102	0.0	0.0	2	1.017791451897329	-15.052531684398534	138.0	21	1.05	0.95				
	205	1	57.03022193438595	11.245395874385965	0.0	0.0	2	1.0322155354316014	-15.52085110733952	138.0	21	1.05	0.95				
	206	1	109.24098849403508	22.49079174877193	0.0	-100.0	2	1.0364574749264992	-17.33076994786535	138.0	22	1.05	0.95				
	207	2	100.40532030701752	20.081064061403506	0.0	0.0	2	0.95	-28.917252619244326	138.0	22	1.05	0.95				
	208	1	137.35447817999997	28.113489685964904	0.0	0.0	2	0.9564160604028688	-25.0240425988345	138.0	22	1.05	0.95				
	209	1	140.56744842982454	28.916732248421045	0.0	0.0	2	1.027045995609323	-12.863980916252785	138.0	23	1.05	0.95				
	210	1	156.63229967894733	32.129702498245614	0.0	0.0	2	1.05	-14.89714334506862	138.0	23	1.05	0.95				
	211	1	0.0	0.0	0.0	0.0	2	1.0345853301464265	-9.021202459917092	230.0	23	1.05	0.95				
	212	1	0.0	0.0	0.0	0.0	2	1.0290375527170394	-4.004644337387267	230.0	23	1.05	0.95				
	213	2	212.85927905087715	43.37509837263158	0.0	0.0	2	1.05	-6.357514205313356	230.0	24	1.05	0.95				
	214	2	155.82905711649119	31.32645993578947	0.0	0.0	2	1.05	-6.720256038736509	230.0	26	1.05	0.95				
	215	2	254.62789229859646	51.407523997192975	0.0	0.0	2	1.0462242132676185	1.679945907019786	230.0	26	1.05	0.95				
	216	2	80.32425624561402	16.064851249122807	0.0	0.0	2	1.049653877383583	1.4832892331134027	230.0	26	1.05	0.95				
	217	1	0.0	0.0	0.0	0.0	2	1.049337928959695	4.277071262108829	230.0	27	1.05	0.95				
	218	2	267.4797732978947	54.62049424701754	0.0	0.0	2	1.049999953963963	4.631665671128338	230.0	27	1.05	0.95				
	219	1	145.38690380456137	29.719974810877186	0.0	0.0	2	1.0437425001643186	1.5264670551949946	230.0	25	1.05	0.95				
	220	1	102.81504799438595	20.884306623859647	0.0	0.0	2	1.0459127256050147	3.0652928639068224	230.0	25	1.05	0.95				
	221	2	0.0	0.0	0.0	0.0	2	1.05	4.786370367055439	230.0	27	1.05	0.95				
	222	2	0.0	0.0	0.0	0.0	2	1.05	11.098847612457044	230.0	27	1.05	0.95				
	223	2	0.0	0.0	0.0	0.0	2	1.05	4.491718538167178	230.0	25	1.05	0.95				
	224	1	0.0	0.0	0.0	0.0	2	1.023649439785788	-2.717249877443132	230.0	26	1.05	0.95				
	301	2	72.56944004210527	14.782663712280703	0.0	0.0	3	0.9983117951606385	-0.38498857169334355	138.0	31	1.05	0.95				
	302	2	65.17810818596492	13.438785192982458	0.0	0.0	3	0.9999442313250966	-0.45825333668999424	138.0	32	1.05	0.95				
	303	1	120.94906673684211	24.861752607017547	0.0	0.0	3	1.011955900647915	3.67590832023574	138.0	31	1.05	0.95				
	304	1	49.72350521403509	10.079088894736842	0.0	0.0	3	0.9981346436171782	2.0526579301212253	138.0	31	1.05	0.95				
	305	1	47.70768743508772	9.407149635087722	0.0	0.0	3	1.0103482564200834	1.8130475670773665	138.0	31	1.05	0.95				
	306	1	91.38373931228071	18.814299270175443	0.0	-100.0	3	1.025582080877126	2.294532231465654	138.0	32	1.05	0.95				
	307	2	83.99240745614036	16.79848149122807	0.0	0.0	3	0.980810612579983	-1.7584627250428706	138.0	32	1.05	0.95				
	308	1	114.9016134	23.5178740877193	0.0	0.0	3	0.9909976268246464	1.3384867275589674	138.0	32	1.05	0.95				
	309	1	117.58937043859649	24.18981334736842	0.0	0.0	3	1.0217735340764111	6.868963666732092	138.0	33	1.05	0.95				
	310	1	131.02815563157895	26.877570385964916	0.0	0.0	3	1.0436761869090248	6.186656594326777	138.0	33	1.05	0.95				
	311	1	0.0	0.0	0.0	0.0	3	1.0127650851946683	13.760975375989025	230.0	33	1.05	0.95				
	312	1	0.0	0.0	0.0	0.0	3	1.0174303556232565	14.7660569965474	230.0	33	1.05	0.95				
	313	2	178.06390380701754	36.284720021052635	0.0	0.0	3	1.0435055983240509	22.773121426443392	230.0	34	1.05	0.95				
	314	2	130.35621637192983	26.205631126315794	0.0	0.0	3	1.0169580309793822	12.86065622651065	230.0	36	1.05	0.95				
	315	2	213.0047453087719	43.00411261754386	0.0	0.0	3	1.038106204268387	8.4356499869721	230.0	36	1.05	0.95				
	316	2	67.19392596491228	13.438785192982458	0.0	0.0	3	1.0381389873931801	9.802998895182705	230.0	36	1.05	0.95				
	317	1	0.0	0.0	0.0	0.0	3	1.0418365673865464	9.066301950830038	230.0	37	1.05	0.95				
	318	2	223.75577346315788	45.691869656140355	0.0	0.0	3	1.0408221893695597	8.091612399324806	230.0	37	1.05	0.95				
	319	1	121.62100599649123	24.861752607017547	0.0	0.0	3	1.035882275276503	11.722633107873092	230.0	35	1.05	0.95				
	320	1	86.00822523508772	17.470420750877196	0.0	0.0	3	1.038106279212795	13.668049820992618	230.0	35	1.05	0.95				
	321	2	0.0	0.0	0.0	0.0	3	1.0421469586393206	9.182674976463638	230.0	37	1.05	0.95				
	322	2	0.0	0.0	0.0	0.0	3	1.05	13.459881812194118	230.0	37	1.05	0.95				
	323	2	0.0	0.0	0.0	0.0	3	1.0396948760702485	14.464806443178228	230.0	35	1.05	0.95				
	324	1	0.0	0.0	0.0	0.0	3	1.0237378793970382	8.693583882903875	230.0	36	1.05	0.95				
	325	1	0.0	0.0	0.0	0.0	3	1.0417849884931967	14.260325441920022	230.0	35	1.05	0.95				
];
