%% MATPOWER Case Format : Version 2
function mpc = RTS_GMLC
mpc.version = '2';

%%-----  Power Flow Data  -----%%
%% system MVA base
mpc.baseMVA = 100.0;
%% bus data
%    bus_i    type    Pd    Qd    Gs    Bs    area    Vm    Va    baseKV    zone    Vmax    Vmin
mpc.bus = [
	101	2	39.3978228631579	8.025482435087719	0.0	0.0	1	1.0067722020590395	-0.43927240689976627	138.0	11	1.05	0.95				
	102	2	35.38508164561404	7.295893122807017	0.0	0.0	1	1.0048492218037512	-1.0359400611629292	138.0	12	1.05	0.95				
	103	1	65.66303810526315	13.497402277192982	0.0	0.0	1	1.0249660937453824	3.0196225508010017	138.0	11	1.05	0.95				
	104	1	26.994804554385965	5.4719198421052635	0.0	0.0	1	1.0100518834707084	-2.3075919774128653	138.0	11	1.05	0.95				
	105	1	25.900420585964913	5.107125185964913	0.0	0.0	1	1.0236742968783548	-2.5204947038370316	138.0	11	1.05	0.95				
	106	1	49.61207323508772	10.214250371929825	0.0	-100.0	1	1.041063858077594	-4.189493552159812	138.0	12	1.05	0.95				
	107	2	45.59933201754386	9.119866403508773	0.0	0.0	1	0.9798593984384646	-11.489700989383504	138.0	12	1.05	0.95				
	108	1	62.3798862	12.767812964912281	0.0	0.0	1	0.9926001170838575	-8.818114400734043	138.0	12	1.05	0.95				
	109	1	63.83906482456141	13.13260762105263	0.0	0.0	1	1.0241512799911032	-1.8086606800793348	138.0	13	1.05	0.95				
	110	1	71.13495794736842	14.591786245614035	0.0	0.0	1	1.05	-3.4071469286678737	138.0	13	1.05	0.95				
	111	1	0.0	0.0	0.0	0.0	1	1.0157367066587806	0.8739322125149603	230.0	13	1.05	0.95				
	112	1	0.0	0.0	0.0	0.0	1	1.0124502485006412	-0.5939376270826262	230.0	13	1.05	0.95				
	113	3	96.67058387719298	19.69891143157895	0.0	0.0	1	0.9902590011078363	6.47306352281283e-25	230.0	14	1.05	0.95				
	114	2	70.77016329122807	14.226991589473686	0.0	0.0	1	1.045976366087408	5.014272434246182	230.0	16	1.05	0.95				
	115	2	115.63990599649124	23.346857992982457	0.0	0.0	1	1.041002433404206	15.44960410376869	230.0	16	1.05	0.95				
	116	2	36.47946561403509	7.295893122807017	0.0	0.0	1	1.041281076199377	13.25709871355003	230.0	16	1.05	0.95				
	117	1	0.0	0.0	0.0	0.0	1	1.0397407047811547	19.827923788512486	230.0	17	1.05	0.95				
	118	2	121.47662049473684	24.80603661754386	0.0	0.0	1	1.0492925677745568	20.668822944860036	230.0	17	1.05	0.95				
	119	1	66.02783276140352	13.497402277192982	0.0	0.0	1	1.0391856132139914	8.264034788454813	230.0	15	1.05	0.95				
	120	1	46.693715985964914	9.484661059649122	0.0	0.0	1	1.0452622933110651	4.639390366644663	230.0	15	1.05	0.95				
	121	2	0.0	0.0	0.0	0.0	1	1.0435908582647486	22.38787551238454	230.0	17	1.05	0.95				
	122	2	0.0	0.0	0.0	0.0	1	1.05	40.346302409289585	230.0	17	1.05	0.95				
	123	2	0.0	0.0	0.0	0.0	1	1.05	2.9336840715927566	230.0	15	1.05	0.95				
	124	1	0.0	0.0	0.0	0.0	1	1.0193743313529895	10.815242320303753	230.0	16	1.05	0.95				
	201	2	47.888556593684214	9.755076343157896	0.0	0.0	2	1.0162987659080172	-20.291173858424226	138.0	21	1.05	0.95				
	202	2	43.011018422105266	8.868251221052633	0.0	0.0	2	1.015425613574266	-20.610844987687333	138.0	22	1.05	0.95				
	203	1	79.8142609894737	16.40626475894737	0.0	0.0	2	1.0098283518229063	-14.751822517483951	138.0	21	1.05	0.95				
	204	1	32.81252951789474	6.651188415789473	0.0	0.0	2	1.011378269669238	-20.07703368844482	138.0	21	1.05	0.95				
	205	1	31.48229183473684	6.207775854736843	0.0	0.0	2	1.0277345306948193	-20.660723327152816	138.0	21	1.05	0.95				
	206	1	60.304108303157896	12.415551709473686	0.0	-100.0	2	1.0418485501261117	-21.414741789998843	138.0	22	1.05	0.95				
	207	2	55.42657013157894	11.08531402631579	0.0	0.0	2	0.9976644441222626	-26.76682629718567	138.0	22	1.05	0.95				
	208	1	75.82354794	15.519439636842106	0.0	0.0	2	1.0005065741570927	-24.725292187658486	138.0	22	1.05	0.95				
	209	1	77.59719818421054	15.962852197894737	0.0	0.0	2	1.0212426588533752	-17.800972651310126	138.0	23	1.05	0.95				
	210	1	86.46544940526316	17.736502442105266	0.0	0.0	2	1.05	-19.607277694567124	138.0	23	1.05	0.95				
	211	1	0.0	0.0	0.0	0.0	2	1.0103703795947925	-14.611331597304334	230.0	23	1.05	0.95				
	212	1	0.0	0.0	0.0	0.0	2	1.0054039603316565	-13.757582045376088	230.0	23	1.05	0.95				
	213	2	117.50432867894737	23.944278296842107	0.0	0.0	2	1.0043337896611684	-13.10023881689118	230.0	24	1.05	0.95				
	214	2	86.02203684421053	17.293089881052634	0.0	0.0	2	1.0203595767777702	-11.795141809725575	230.0	26	1.05	0.95				
	215	2	140.5617818536842	28.378403907368423	0.0	0.0	2	1.028691135157362	-4.304273903690226	230.0	26	1.05	0.95				
	216	2	44.34125610526316	8.868251221052633	0.0	0.0	2	1.0303388209655837	-5.052537652538715	230.0	26	1.05	0.95				
	217	1	0.0	0.0	0.0	0.0	2	1.0375604795448907	-2.6491687793577237	230.0	27	1.05	0.95				
	218	2	147.65638283052633	30.152054151578948	0.0	0.0	2	1.03680243367259	-3.2712896985627173	230.0	27	1.05	0.95				
	219	1	80.25767355052632	16.40626475894737	0.0	0.0	2	1.0240072847764654	-5.100924809191546	230.0	25	1.05	0.95				
	220	1	56.756807814736845	11.528726587368423	0.0	0.0	2	1.0215786096998911	-4.272829926566421	230.0	25	1.05	0.95				
	221	2	0.0	0.0	0.0	0.0	2	1.036536753276775	-2.811668263486041	230.0	27	1.05	0.95				
	222	2	0.0	0.0	0.0	0.0	2	1.05	3.751891251576621	230.0	27	1.05	0.95				
	223	2	0.0	0.0	0.0	0.0	2	1.021116277849052	-3.47012918552199	230.0	25	1.05	0.95				
	224	1	0.0	0.0	0.0	0.0	2	1.008747323111911	-8.18455622058467	230.0	26	1.05	0.95				
	301	2	56.86997786526317	11.584625120701753	0.0	0.0	3	1.0252627792573246	10.099044103376224	138.0	31	1.05	0.95				
	302	2	51.07766530491228	10.53147738245614	0.0	0.0	3	1.0214060335264146	9.74992826336086	138.0	32	1.05	0.95				
	303	1	94.78329644210527	19.483233157543857	0.0	0.0	3	1.05	26.410957059067346	138.0	31	1.05	0.95				
	304	1	38.966466315087715	7.898608036842105	0.0	0.0	3	1.0079263173281847	11.523088202398567	138.0	31	1.05	0.95				
	305	1	37.386744707719295	7.372034167719299	0.0	0.0	3	1.0268502761629152	8.804323568257178	138.0	31	1.05	0.95				
	306	1	71.61404620070176	14.744068335438598	0.0	-100.0	3	1.033962206614707	7.466800292794417	138.0	32	1.05	0.95				
	307	2	65.82173364035087	13.164346728070175	0.0	0.0	3	0.95	2.462992474254126	138.0	32	1.05	0.95				
	308	1	90.04413162	18.430085419298244	0.0	0.0	3	0.9652188055997339	4.922072248977789	138.0	32	1.05	0.95				
	309	1	92.15042709649123	18.95665928842105	0.0	0.0	3	1.0146939886586002	15.185242934329002	138.0	33	1.05	0.95				
	310	1	102.68190447894736	21.06295476491228	0.0	0.0	3	1.041300345306524	9.186234339809342	138.0	33	1.05	0.95				
	311	1	0.0	0.0	0.0	0.0	3	1.0033788308522449	14.20590935814957	230.0	33	1.05	0.95				
	312	1	0.0	0.0	0.0	0.0	3	1.0076460692263385	14.62010848987287	230.0	33	1.05	0.95				
	313	2	139.54207531754386	28.434988932631583	0.0	0.0	3	1.0051005468083125	16.465421877090645	230.0	34	1.05	0.95				
	314	2	102.15533060982456	20.536380895789474	0.0	0.0	3	1.0021643001242073	14.341706012264526	230.0	36	1.05	0.95				
	315	2	166.9239165119298	33.70072762385965	0.0	0.0	3	1.05	17.92230692686938	230.0	36	1.05	0.95				
	316	2	52.6573869122807	10.53147738245614	0.0	0.0	3	1.0436978819162965	17.654814890989133	230.0	36	1.05	0.95				
	317	1	0.0	0.0	0.0	0.0	3	1.05	22.254037825704202	230.0	37	1.05	0.95				
	318	2	175.34909841789474	35.80702310035088	0.0	0.0	3	1.0412397871398833	18.594353255080154	230.0	37	1.05	0.95				
	319	1	95.30987031122807	19.483233157543857	0.0	0.0	3	1.0304602000354532	16.403866453306446	230.0	35	1.05	0.95				
	320	1	67.4014552477193	13.690920597192981	0.0	0.0	3	1.0231586999253697	16.31666500950388	230.0	35	1.05	0.95				
	321	2	0.0	0.0	0.0	0.0	3	1.0478826058476183	19.03537255748916	230.0	37	1.05	0.95				
	322	2	0.0	0.0	0.0	0.0	3	1.05	24.644265334456147	230.0	37	1.05	0.95				
	323	2	0.0	0.0	0.0	0.0	3	1.0201566849687935	16.677505586672478	230.0	35	1.05	0.95				
	324	1	0.0	0.0	0.0	0.0	3	1.047190512666548	21.167755607015106	230.0	36	1.05	0.95				
	325	1	0.0	0.0	0.0	0.0	3	1.0215952159043409	17.17535384536991	230.0	35	1.05	0.95				
];
