%% MATPOWER Case Format : Version 2
function mpc = RTS_GMLC
mpc.version = '2';

%%-----  Power Flow Data  -----%%
%% system MVA base
mpc.baseMVA = 100.0;
%% bus data
%    bus_i    type    Pd    Qd    Gs    Bs    area    Vm    Va    baseKV    zone    Vmax    Vmin
mpc.bus = [
	101	2	50.00544284210526	10.186293912280702	0.0	0.0	1	1.0336303551457646	-0.025087135458454417	138.0	11	1.05	0.95				
	102	2	44.91229588596491	9.260267192982456	0.0	0.0	1	1.0327163000226192	-0.28548276062436445	138.0	12	1.05	0.95				
	103	1	83.3424047368421	17.13149430701754	0.0	0.0	1	1.0265116759016975	-1.1563083446907547	138.0	11	1.05	0.95				
	104	1	34.26298861403508	6.945200394736842	0.0	0.0	1	1.0206639201437844	-2.9782130437120067	138.0	11	1.05	0.95				
	105	1	32.87394853508771	6.482187035087719	0.0	0.0	1	1.0357194062888289	-2.8194931486895283	138.0	11	1.05	0.95				
	106	1	62.9698169122807	12.964374070175438	0.0	-100.0	1	1.0446255641570525	-4.889455613405058	138.0	12	1.05	0.95				
	107	2	57.87666995614035	11.575333991228069	0.0	0.0	1	1.0014999412557974	-9.45727815937182	138.0	12	1.05	0.95				
	108	1	79.17528449999999	16.205467587719298	0.0	0.0	1	1.0041521963293525	-8.488480623241351	138.0	12	1.05	0.95				
	109	1	81.02733793859649	16.66848094736842	0.0	0.0	1	1.0246032645546437	-3.302594345199635	138.0	13	1.05	0.95				
	110	1	90.28760513157894	18.52053438596491	0.0	0.0	1	1.05	-4.192483955015976	138.0	13	1.05	0.95				
	111	1	0.0	0.0	0.0	0.0	1	1.0047267251059488	-1.0801610363786902	230.0	13	1.05	0.95				
	112	1	0.0	0.0	0.0	0.0	1	1.0088043544836562	-0.6549770033388758	230.0	13	1.05	0.95				
	113	3	122.69854030701752	25.00272142105263	0.0	0.0	1	0.9988552836593141	1.8593356803518025e-27	230.0	14	1.05	0.95				
	114	2	89.82459177192982	18.05752102631579	0.0	0.0	1	1.0023990166446632	0.769307204609267	230.0	16	1.05	0.95				
	115	2	146.77523500877192	29.632855017543857	0.0	0.0	1	1.035078425040996	6.646437419908274	230.0	16	1.05	0.95				
	116	2	46.301335964912276	9.260267192982456	0.0	0.0	1	1.031214053885858	6.117945061980634	230.0	16	1.05	0.95				
	117	1	0.0	0.0	0.0	0.0	1	1.0382987207595156	8.18013635158679	230.0	17	1.05	0.95				
	118	2	154.18344876315788	31.48490845614035	0.0	0.0	1	1.0402268005680808	8.308707799389413	230.0	17	1.05	0.95				
	119	1	83.80541809649122	17.13149430701754	0.0	0.0	1	1.024943706866001	5.04123734491793	230.0	15	1.05	0.95				
	120	1	59.265710035087714	12.038347350877192	0.0	0.0	1	1.0229269362592408	5.004504390722329	230.0	15	1.05	0.95				
	121	2	0.0	0.0	0.0	0.0	1	1.0436294459440238	9.492510247098858	230.0	17	1.05	0.95				
	122	2	0.0	0.0	0.0	0.0	1	1.05	15.523962537129151	230.0	17	1.05	0.95				
	123	2	0.0	0.0	0.0	0.0	1	1.0225421676924364	5.343224945572939	230.0	15	1.05	0.95				
	124	1	0.0	0.0	0.0	0.0	1	1.0219016253771245	3.72244150188173	230.0	16	1.05	0.95				
	201	2	44.81158509473684	9.128285852631578	0.0	0.0	2	1.026385713114354	-6.633563585055635	138.0	21	1.05	0.95				
	202	2	40.24744216842105	8.298441684210527	0.0	0.0	2	1.0273471717940517	-6.414733960285699	138.0	22	1.05	0.95				
	203	1	74.68597515789473	15.352117115789474	0.0	0.0	2	1.0181669015391945	-6.7091864429990355	138.0	21	1.05	0.95				
	204	1	30.704234231578948	6.223831263157894	0.0	0.0	2	1.0186967669731106	-8.12582124221604	138.0	21	1.05	0.95				
	205	1	29.459467978947362	5.808909178947368	0.0	0.0	2	1.0331818658382814	-8.319293282540789	138.0	21	1.05	0.95				
	206	1	56.429403452631576	11.617818357894736	0.0	-100.0	2	1.045154581662124	-9.631960400498375	138.0	22	1.05	0.95				
	207	2	51.86526052631578	10.373052105263158	0.0	0.0	2	0.9922702905327281	-15.672133424836632	138.0	22	1.05	0.95				
	208	1	70.9516764	14.52227294736842	0.0	0.0	2	0.9990584548282379	-13.811637667011558	138.0	22	1.05	0.95				
	209	1	72.6113647368421	14.937195031578945	0.0	0.0	2	1.0232159154582157	-7.821838743335357	138.0	23	1.05	0.95				
	210	1	80.90980642105262	16.596883368421054	0.0	0.0	2	1.05	-8.697950622297276	138.0	23	1.05	0.95				
	211	1	0.0	0.0	0.0	0.0	2	1.0037815916961994	-5.157117777945414	230.0	23	1.05	0.95				
	212	1	0.0	0.0	0.0	0.0	2	1.007323820235082	-4.300916610068066	230.0	23	1.05	0.95				
	213	2	109.95435231578948	22.40579254736842	0.0	0.0	2	0.9978331775406198	-3.8995860923244745	230.0	24	1.05	0.95				
	214	2	80.4948843368421	16.181961284210526	0.0	0.0	2	1.0026147728828227	-3.02273325016619	230.0	26	1.05	0.95				
	215	2	131.53030069473684	26.55501338947368	0.0	0.0	2	1.0237780997703338	2.378543502731333	230.0	26	1.05	0.95				
	216	2	41.49220842105263	8.298441684210527	0.0	0.0	2	1.0242848685080153	2.487126417970465	230.0	26	1.05	0.95				
	217	1	0.0	0.0	0.0	0.0	2	1.0300071951370313	4.278419115069915	230.0	27	1.05	0.95				
	218	2	138.16905404210527	28.214701726315788	0.0	0.0	2	1.0300285371626328	4.173344963821391	230.0	27	1.05	0.95				
	219	1	75.10089724210526	15.352117115789474	0.0	0.0	2	1.024371875184832	2.5202324099346014	230.0	25	1.05	0.95				
	220	1	53.11002677894736	10.787974189473685	0.0	0.0	2	1.0271833763049865	3.361313670910095	230.0	25	1.05	0.95				
	221	2	0.0	0.0	0.0	0.0	2	1.0312006053616303	4.361279824360606	230.0	27	1.05	0.95				
	222	2	0.0	0.0	0.0	0.0	2	1.05	10.821969355798686	230.0	27	1.05	0.95				
	223	2	0.0	0.0	0.0	0.0	2	1.0294535547821952	4.14011584696058	230.0	25	1.05	0.95				
	224	1	0.0	0.0	0.0	0.0	2	1.0104388895536829	-1.040174406043376	230.0	26	1.05	0.95				
	301	2	49.353369195789476	10.053464095438597	0.0	0.0	3	1.0136419486239703	-9.090856168194955	138.0	31	1.05	0.95				
	302	2	44.326637148070176	9.13951281403509	0.0	0.0	3	1.0126922935927491	-9.350223927655868	138.0	32	1.05	0.95				
	303	1	82.25561532631579	16.908098705964914	0.0	0.0	3	1.0450605302332723	2.0113661709370354	138.0	31	1.05	0.95				
	304	1	33.81619741192983	6.854634610526316	0.0	0.0	3	1.012571478773296	-7.888172490305659	138.0	31	1.05	0.95				
	305	1	32.445270489824566	6.397658969824562	0.0	0.0	3	1.0262041867204716	-9.741149100261387	138.0	31	1.05	0.95				
	306	1	62.14868713543861	12.795317939649124	0.0	-100.0	3	1.0407504821509108	-10.641590748408477	138.0	32	1.05	0.95				
	307	2	57.1219550877193	11.42439101754386	0.0	0.0	3	0.9919429152311368	-15.116328632427207	138.0	32	1.05	0.95				
	308	1	78.14283456	15.994147424561403	0.0	0.0	3	0.9976698652854575	-13.036090593368966	138.0	32	1.05	0.95				
	309	1	79.97073712280702	16.451123065263157	0.0	0.0	3	1.0269997864826728	-4.823307461338345	138.0	33	1.05	0.95				
	310	1	89.1102499368421	18.27902562807018	0.0	0.0	3	1.05	-8.922899061030268	138.0	33	1.05	0.95				
	311	1	0.0	0.0	0.0	0.0	3	1.0088428379737748	-4.132212983227741	230.0	33	1.05	0.95				
	312	1	0.0	0.0	0.0	0.0	3	1.0130963885649056	-3.575022639605918	230.0	33	1.05	0.95				
	313	2	121.09854478596492	24.676684597894738	0.0	0.0	3	1.0102614487513581	-1.338726302940942	230.0	34	1.05	0.95				
	314	2	88.65327429614035	17.82204998736842	0.0	0.0	3	1.0045214482078249	-3.7197829076256865	230.0	36	1.05	0.95				
	315	2	144.86127810245614	29.24644100491228	0.0	0.0	3	1.0332689075662316	-0.5131547849726843	230.0	36	1.05	0.95				
	316	2	45.69756407017544	9.13951281403509	0.0	0.0	3	1.029063014667838	-0.3811520516046051	230.0	36	1.05	0.95				
	317	1	0.0	0.0	0.0	0.0	3	1.035491453810173	1.136961547677848	230.0	37	1.05	0.95				
	318	2	152.17288835368421	31.074343567719303	0.0	0.0	3	1.0338623652988077	0.6359574395168286	230.0	37	1.05	0.95				
	319	1	82.71259096701755	16.908098705964914	0.0	0.0	3	1.022794460284014	-1.0711179947888192	230.0	35	1.05	0.95				
	320	1	58.49288200982456	11.881366658245614	0.0	0.0	3	1.0206121843207965	-0.7770267806025881	230.0	35	1.05	0.95				
	321	2	0.0	0.0	0.0	0.0	3	1.0357266631908548	0.7945876047577403	230.0	37	1.05	0.95				
	322	2	0.0	0.0	0.0	0.0	3	1.0488757846219205	5.244956344069646	230.0	37	1.05	0.95				
	323	2	0.0	0.0	0.0	0.0	3	1.020183733430209	-0.2585337714216507	230.0	35	1.05	0.95				
	324	1	0.0	0.0	0.0	0.0	3	1.0346289774990132	0.45066387464666996	230.0	36	1.05	0.95				
	325	1	0.0	0.0	0.0	0.0	3	1.0201704499187214	0.5783689107337507	230.0	35	1.05	0.95				
];
