%% MATPOWER Case Format : Version 2
function mpc = RTS_GMLC
mpc.version = '2';

%%-----  Power Flow Data  -----%%
%% system MVA base
mpc.baseMVA = 100.0;
%% bus data
%    bus_i    type    Pd    Qd    Gs    Bs    area    Vm    Va    baseKV    zone    Vmax    Vmin
mpc.bus = [
	101	2	38.20880751157895	7.783275604210525	0.0	0.0	1	1.0253742912107622	0.34714597054663715	138.0	11	1.05	0.95				
	102	2	34.31716970947368	7.0757050947368425	0.0	0.0	1	1.0237399038345225	-0.08739064698180034	138.0	12	1.05	0.95				
	103	1	63.68134585263158	13.090054425263157	0.0	0.0	1	1.033169974686919	1.671831018549195	138.0	11	1.05	0.95				
	104	1	26.180108850526313	5.306778821052631	0.0	0.0	1	1.0196149713142804	-1.8441273168810604	138.0	11	1.05	0.95				
	105	1	25.118753086315788	4.952993566315789	0.0	0.0	1	1.0331734744948107	-2.036140562734496	138.0	11	1.05	0.95				
	106	1	48.11479464421053	9.905987132631578	0.0	-100.0	1	1.0457807560447745	-3.8342715179647304	138.0	12	1.05	0.95				
	107	2	44.22315684210526	8.844631368421052	0.0	0.0	1	1.0012863141794868	-9.004967020354513	138.0	12	1.05	0.95				
	108	1	60.49727855999999	12.382483915789471	0.0	0.0	1	1.0069543793098352	-7.422123897601426	138.0	12	1.05	0.95				
	109	1	61.912419578947365	12.736269170526315	0.0	0.0	1	1.0245639010783714	-2.064104951310587	138.0	13	1.05	0.95				
	110	1	68.9881246736842	14.151410189473685	0.0	0.0	1	1.05	-3.309975227924395	138.0	13	1.05	0.95				
	111	1	0.0	0.0	0.0	0.0	1	1.002099674958382	-0.27280277048764806	230.0	13	1.05	0.95				
	112	1	0.0	0.0	0.0	0.0	1	1.0063945000908805	-0.8960013989016015	230.0	13	1.05	0.95				
	113	3	93.75309250526314	19.104403755789473	0.0	0.0	1	0.9925906763390371	6.113710641180305e-30	230.0	14	1.05	0.95				
	114	2	68.63433941894736	13.797624934736842	0.0	0.0	1	0.999842767193383	2.0506929425048037	230.0	16	1.05	0.95				
	115	2	112.14992575157893	22.642256303157893	0.0	0.0	1	1.0361710902878793	8.667006521634587	230.0	16	1.05	0.95				
	116	2	35.378525473684206	7.0757050947368425	0.0	0.0	1	1.0316473168915512	7.32907848697347	230.0	16	1.05	0.95				
	117	1	0.0	0.0	0.0	0.0	1	1.0394282052059234	11.073545678600757	230.0	17	1.05	0.95				
	118	2	117.81048982736841	24.057397322105263	0.0	0.0	1	1.043485573036779	12.011063670794906	230.0	17	1.05	0.95				
	119	1	64.03513110736841	13.090054425263157	0.0	0.0	1	1.0205545825514548	4.670959759234509	230.0	15	1.05	0.95				
	120	1	45.284512606315786	9.198416623157895	0.0	0.0	1	1.0137551665225675	2.5939384976832125	230.0	15	1.05	0.95				
	121	2	0.0	0.0	0.0	0.0	1	1.0455832923957853	13.309946856702657	230.0	17	1.05	0.95				
	122	2	0.0	0.0	0.0	0.0	1	1.05	19.066215468762174	230.0	17	1.05	0.95				
	123	2	0.0	0.0	0.0	0.0	1	1.010498307366532	1.7229677317615286	230.0	15	1.05	0.95				
	124	1	0.0	0.0	0.0	0.0	1	1.0258914688913923	6.030692177607801	230.0	16	1.05	0.95				
	201	2	40.2556272631579	8.200220368421054	0.0	0.0	2	1.0170575210660466	-12.011080541922574	138.0	21	1.05	0.95				
	202	2	36.15551707894737	7.4547457894736855	0.0	0.0	2	1.0162508067129374	-12.258723035906916	138.0	22	1.05	0.95				
	203	1	67.09271210526316	13.791279710526316	0.0	0.0	2	1.0137657923716	-9.249246152539914	138.0	21	1.05	0.95				
	204	1	27.582559421052633	5.591059342105263	0.0	0.0	2	1.014018614288097	-11.840482250743399	138.0	21	1.05	0.95				
	205	1	26.46434755263158	5.21832205263158	0.0	0.0	2	1.0291015405995747	-12.1618777124498	138.0	21	1.05	0.95				
	206	1	50.69227136842106	10.43664410526316	0.0	-100.0	2	1.0440944594969426	-12.727762518268614	138.0	22	1.05	0.95				
	207	2	46.59216118421053	9.318432236842106	0.0	0.0	2	1.0001697563901393	-17.181607209210316	138.0	22	1.05	0.95				
	208	1	63.738076500000005	13.045805131578947	0.0	0.0	2	1.0051630735274861	-15.518483978900084	138.0	22	1.05	0.95				
	209	1	65.22902565789475	13.418542421052631	0.0	0.0	2	1.0225773378225123	-9.950594247787906	138.0	23	1.05	0.95				
	210	1	72.68377144736843	14.909491578947371	0.0	0.0	2	1.05	-11.113178803311392	138.0	23	1.05	0.95				
	211	1	0.0	0.0	0.0	0.0	2	1.0006127928892696	-8.106359785838112	230.0	23	1.05	0.95				
	212	1	0.0	0.0	0.0	0.0	2	1.0066471108803487	-4.568610911104695	230.0	23	1.05	0.95				
	213	2	98.77538171052632	20.12781363157895	0.0	0.0	2	0.9926241549929953	-6.616089829948379	230.0	24	1.05	0.95				
	214	2	72.31103415789474	14.536754289473686	0.0	0.0	2	0.9963423442027063	-6.824247571848271	230.0	26	1.05	0.95				
	215	2	118.1577207631579	23.85518652631579	0.0	0.0	2	1.011456800724678	-1.7720630985376613	230.0	26	1.05	0.95				
	216	2	37.273728947368426	7.4547457894736855	0.0	0.0	2	1.0100162693616412	-2.6932892417279994	230.0	26	1.05	0.95				
	217	1	0.0	0.0	0.0	0.0	2	1.0164153697139902	-0.763155008574436	230.0	27	1.05	0.95				
	218	2	124.12151739473684	25.34613568421053	0.0	0.0	2	1.0162738168996481	-1.0964381916417196	230.0	27	1.05	0.95				
	219	1	67.46544939473684	13.791279710526316	0.0	0.0	2	1.0065933736528538	-3.5688233522725166	230.0	25	1.05	0.95				
	220	1	47.71037305263158	9.69116952631579	0.0	0.0	2	1.0060448081993658	-3.5741571041768814	230.0	25	1.05	0.95				
	221	2	0.0	0.0	0.0	0.0	2	1.0182740909278363	-0.5114776289675467	230.0	27	1.05	0.95				
	222	2	0.0	0.0	0.0	0.0	2	1.0403370970431376	6.002924437272797	230.0	27	1.05	0.95				
	223	2	0.0	0.0	0.0	0.0	2	1.0060990365858222	-3.2769675028868197	230.0	25	1.05	0.95				
	224	1	0.0	0.0	0.0	0.0	2	1.0029197891111732	-4.607775562929455	230.0	26	1.05	0.95				
	301	2	49.01170517052632	9.983865868070176	0.0	0.0	3	1.0044926869803117	2.928291714293094	138.0	31	1.05	0.95				
	302	2	44.01977223649123	9.076241698245614	0.0	0.0	3	1.0043170110380442	2.867844907132163	138.0	32	1.05	0.95				
	303	1	81.68617528421052	16.791047141754387	0.0	0.0	3	1.0228335752575488	6.808194410660932	138.0	31	1.05	0.95				
	304	1	33.58209428350877	6.807181273684209	0.0	0.0	3	1.009083836277956	4.560801365435709	138.0	31	1.05	0.95				
	305	1	32.22065802877193	6.35336918877193	0.0	0.0	3	1.0210718892971888	3.896901551409478	138.0	31	1.05	0.95				
	306	1	61.71844354807018	12.70673837754386	0.0	-100.0	3	1.0387364321859176	3.904735426759658	138.0	32	1.05	0.95				
	307	2	56.726510614035085	11.345302122807018	0.0	0.0	3	0.996100103764503	2.0508022742658363	138.0	32	1.05	0.95				
	308	1	77.60186652	15.883422971929823	0.0	0.0	3	1.0083341284219967	3.987144788073161	138.0	32	1.05	0.95				
	309	1	79.41711485964912	16.337235056842108	0.0	0.0	3	1.027723005229325	7.792190161366758	138.0	33	1.05	0.95				
	310	1	88.49335655789473	18.152483396491228	0.0	0.0	3	1.05	6.322563919800431	138.0	33	1.05	0.95				
	311	1	0.0	0.0	0.0	0.0	3	1.0072533304392606	11.660586817527486	230.0	33	1.05	0.95				
	312	1	0.0	0.0	0.0	0.0	3	1.0133266883939005	12.47940300556829	230.0	33	1.05	0.95				
	313	2	120.26020250175438	24.50585258526316	0.0	0.0	3	1.0196837548223023	18.51631602427565	230.0	34	1.05	0.95				
	314	2	88.03954447298246	17.69867131157895	0.0	0.0	3	1.001951117644598	10.317053844588658	230.0	36	1.05	0.95				
	315	2	143.85843091719298	29.04397343438597	0.0	0.0	3	1.0201963866527246	6.102581626603583	230.0	36	1.05	0.95				
	316	2	45.38120849122807	9.076241698245614	0.0	0.0	3	1.0205013227319801	7.137190560548287	230.0	36	1.05	0.95				
	317	1	0.0	0.0	0.0	0.0	3	1.0240030847963455	6.009166391512601	230.0	37	1.05	0.95				
	318	2	151.11942427578947	30.85922177403509	0.0	0.0	3	1.0222401082311272	4.833353748765384	230.0	37	1.05	0.95				
	319	1	82.1399873691228	16.791047141754387	0.0	0.0	3	1.0213131931761967	10.215064696232641	230.0	35	1.05	0.95				
	320	1	58.08794686877194	11.799114207719299	0.0	0.0	3	1.0231736840944412	12.175488118763614	230.0	35	1.05	0.95				
	321	2	0.0	0.0	0.0	0.0	3	1.0236158628625263	5.83330458496298	230.0	37	1.05	0.95				
	322	2	0.0	0.0	0.0	0.0	3	1.0373627298069599	10.314932815110984	230.0	37	1.05	0.95				
	323	2	0.0	0.0	0.0	0.0	3	1.0237275088926623	12.87991512138415	230.0	35	1.05	0.95				
	324	1	0.0	0.0	0.0	0.0	3	1.0193194308188767	7.649906296971803	230.0	36	1.05	0.95				
	325	1	0.0	0.0	0.0	0.0	3	1.0263420939984997	12.927747641821998	230.0	35	1.05	0.95				
];
