%% MATPOWER Case Format : Version 2
function mpc = RTS_GMLC
mpc.version = '2';

%%-----  Power Flow Data  -----%%
%% system MVA base
mpc.baseMVA = 100.0;
%% bus data
%    bus_i    type    Pd    Qd    Gs    Bs    area    Vm    Va    baseKV    zone    Vmax    Vmin
mpc.bus = [
	101	2	34.25432954021053	6.977733795228071	0.0	0.0	1	1.0338809122047359	4.248648369014349	138.0	11	1.05	0.95				
	102	2	30.765462642596493	6.343394359298246	0.0	0.0	1	1.0330141136946593	4.009116431306081	138.0	12	1.05	0.95				
	103	1	57.09054923368421	11.735279564701754	0.0	0.0	1	1.0300186538205272	1.7369718536769836	138.0	11	1.05	0.95				
	104	1	23.470559129403508	4.757545769473684	0.0	0.0	1	1.0230404202224974	0.7620319682473586	138.0	11	1.05	0.95				
	105	1	22.51904997550877	4.440376051508772	0.0	0.0	1	1.0374363253375296	1.0872673566873012	138.0	11	1.05	0.95				
	106	1	43.13508164322808	8.880752103017544	0.0	-100.0	1	1.0484341751959219	-1.0649964421323392	138.0	12	1.05	0.95				
	107	2	39.64621474561403	7.929242949122807	0.0	0.0	1	1.0010845168280613	-6.41801463364928	138.0	12	1.05	0.95				
	108	1	54.236021772	11.100940128771928	0.0	0.0	1	1.0082030724727093	-5.045550872000454	138.0	12	1.05	0.95				
	109	1	55.50470064385965	11.418109846736842	0.0	0.0	1	1.024266072179232	-0.6060032907569939	138.0	13	1.05	0.95				
	110	1	61.84809500315789	12.686788718596492	0.0	0.0	1	1.05	-1.1178223485242171	138.0	13	1.05	0.95				
	111	1	0.0	0.0	0.0	0.0	1	1.000039162329677	0.46979947271175154	230.0	13	1.05	0.95				
	112	1	0.0	0.0	0.0	0.0	1	1.004786451507436	0.5491497586732713	230.0	13	1.05	0.95				
	113	3	84.04997526070174	17.127164770105264	0.0	0.0	1	0.9869034217618325	-4.5935365551983394e-30	230.0	14	1.05	0.95				
	114	2	61.530925285192986	12.369619000631578	0.0	0.0	1	0.9961879961091109	2.3495908560015564	230.0	16	1.05	0.95				
	115	2	100.54280059487719	20.29886194975439	0.0	0.0	1	1.0328106203608962	7.0258434729291395	230.0	16	1.05	0.95				
	116	2	31.71697179649123	6.343394359298246	0.0	0.0	1	1.0281018107268867	6.7830689383184435	230.0	16	1.05	0.95				
	117	1	0.0	0.0	0.0	0.0	1	1.0377584951090089	8.808622926450578	230.0	17	1.05	0.95				
	118	2	105.6175160823158	21.56754082161404	0.0	0.0	1	1.0411240652849827	8.84701344881743	230.0	17	1.05	0.95				
	119	1	57.40771895164912	11.735279564701754	0.0	0.0	1	1.020702934710015	5.567694556327887	230.0	15	1.05	0.95				
	120	1	40.59772389950878	8.24641266708772	0.0	0.0	1	1.0161164858600198	5.1308636415386975	230.0	15	1.05	0.95				
	121	2	0.0	0.0	0.0	0.0	1	1.0453138201693994	9.613057817810926	230.0	17	1.05	0.95				
	122	2	0.0	0.0	0.0	0.0	1	1.05	16.640334835482864	230.0	17	1.05	0.95				
	123	2	0.0	0.0	0.0	0.0	1	1.0136090389352927	5.142836607087207	230.0	15	1.05	0.95				
	124	1	0.0	0.0	0.0	0.0	1	1.0242045100212123	5.035456293680112	230.0	16	1.05	0.95				
	201	2	36.20966472378947	7.376042814105263	0.0	0.0	2	1.0181651209991127	-8.890734024333831	138.0	21	1.05	0.95				
	202	2	32.52164331673684	6.705493467368422	0.0	0.0	2	1.017839625352688	-9.016182686884937	138.0	22	1.05	0.95				
	203	1	60.34944120631579	12.405162914631578	0.0	0.0	2	1.0161172358840904	-6.6567784190795525	138.0	21	1.05	0.95				
	204	1	24.810325829263157	5.029120100526315	0.0	0.0	2	1.0154691846484634	-9.526189879686221	138.0	21	1.05	0.95				
	205	1	23.804501809157895	4.693845427157895	0.0	0.0	2	1.0302181836249191	-9.823754015821365	138.0	21	1.05	0.95				
	206	1	45.597355578105265	9.38769085431579	0.0	-100.0	2	1.045403671580144	-10.751063431862354	138.0	22	1.05	0.95				
	207	2	41.909334171052635	8.381866834210525	0.0	0.0	2	0.9965689823191819	-14.992250124623528	138.0	22	1.05	0.95				
	208	1	57.33196914599999	11.734613567894737	0.0	0.0	2	1.0044501626766027	-13.541240879037607	138.0	22	1.05	0.95				
	209	1	58.67306783947368	12.069888241263158	0.0	0.0	2	1.0221860873106814	-8.545046283532029	138.0	23	1.05	0.95				
	210	1	65.3785613068421	13.410986934736844	0.0	0.0	2	1.05	-9.679842056197383	138.0	23	1.05	0.95				
	211	1	0.0	0.0	0.0	0.0	2	1.0009216285073186	-6.248455078501382	230.0	23	1.05	0.95				
	212	1	0.0	0.0	0.0	0.0	2	1.0052172226175546	-5.798234297495052	230.0	23	1.05	0.95				
	213	2	88.84778844263157	18.104832361894736	0.0	0.0	2	0.9931474884185019	-5.339728875448479	230.0	24	1.05	0.95				
	214	2	65.04328663347368	13.075712261368421	0.0	0.0	2	0.9983235231744246	-4.023206096599916	230.0	26	1.05	0.95				
	215	2	106.28207145778947	21.457579095578946	0.0	0.0	2	1.0152555838602049	1.3378165022075783	230.0	26	1.05	0.95				
	216	2	33.5274673368421	6.705493467368422	0.0	0.0	2	1.0165410322620154	1.1372785497560136	230.0	26	1.05	0.95				
	217	1	0.0	0.0	0.0	0.0	2	1.0216872701878998	2.8449058144131083	230.0	27	1.05	0.95				
	218	2	111.64646623168422	22.798677789052633	0.0	0.0	2	1.0211725847301827	2.456197835650228	230.0	27	1.05	0.95				
	219	1	60.68471587968421	12.405162914631578	0.0	0.0	2	1.0171428200589667	0.5854465261068263	230.0	25	1.05	0.95				
	220	1	42.91515819115789	8.717141507578948	0.0	0.0	2	1.0195017793929537	0.7763216781783602	230.0	25	1.05	0.95				
	221	2	0.0	0.0	0.0	0.0	2	1.0228364042831315	2.8907551355300583	230.0	27	1.05	0.95				
	222	2	0.0	0.0	0.0	0.0	2	1.0449305112384524	9.426998241689382	230.0	27	1.05	0.95				
	223	2	0.0	0.0	0.0	0.0	2	1.0209712845747916	1.1439656193774763	230.0	25	1.05	0.95				
	224	1	0.0	0.0	0.0	0.0	2	1.0056122965918102	-1.6895245689936231	230.0	26	1.05	0.95				
	301	2	44.75798799157895	9.117367924210527	0.0	0.0	3	1.0074892125613628	-19.0364091798116	138.0	31	1.05	0.95				
	302	2	40.19930402947368	8.288516294736842	0.0	0.0	3	1.0074675340602572	-19.10407265462634	138.0	32	1.05	0.95				
	303	1	74.59664665263158	15.333755145263156	0.0	0.0	3	1.021682072533145	-14.07134462334487	138.0	31	1.05	0.95				
	304	1	30.667510290526312	6.216387221052631	0.0	0.0	3	1.0118209904748683	-17.16999753187744	138.0	31	1.05	0.95				
	305	1	29.424232846315785	5.80196140631579	0.0	0.0	3	1.0234584318298967	-18.65088701680623	138.0	31	1.05	0.95				
	306	1	56.361910804210524	11.60392281263158	0.0	-100.0	3	1.0407391898424878	-18.92259229565711	138.0	32	1.05	0.95				
	307	2	51.80322684210527	10.360645368421052	0.0	0.0	3	0.9952617571128846	-22.796320972489312	138.0	32	1.05	0.95				
	308	1	70.86681431999999	14.504903515789472	0.0	0.0	3	1.0019046610583884	-20.947192060651307	138.0	32	1.05	0.95				
	309	1	72.52451757894737	14.919329330526315	0.0	0.0	3	1.0288282973327898	-13.907409389206528	138.0	33	1.05	0.95				
	310	1	80.8130338736842	16.577032589473685	0.0	0.0	3	1.05	-16.929993217771134	138.0	33	1.05	0.95				
	311	1	0.0	0.0	0.0	0.0	3	1.0061833421083441	-11.840980265211266	230.0	33	1.05	0.95				
	312	1	0.0	0.0	0.0	0.0	3	1.0118432529117816	-11.054214730880616	230.0	33	1.05	0.95				
	313	2	109.82284090526315	22.378993995789475	0.0	0.0	3	1.0094112078772712	-8.422590661088437	230.0	34	1.05	0.95				
	314	2	80.39860805894736	16.162606774736844	0.0	0.0	3	0.9992849722166143	-11.115792904468062	230.0	36	1.05	0.95				
	315	2	131.37298327157893	26.523252143157894	0.0	0.0	3	1.0201719358953565	-8.331049880734625	230.0	36	1.05	0.95				
	316	2	41.44258147368421	8.288516294736842	0.0	0.0	3	1.0199216405851266	-7.582330328561437	230.0	36	1.05	0.95				
	317	1	0.0	0.0	0.0	0.0	3	1.024544681199772	-6.43598537069269	230.0	37	1.05	0.95				
	318	2	138.00379630736842	28.180955402105262	0.0	0.0	3	1.0233790985388562	-6.540380514198086	230.0	37	1.05	0.95				
	319	1	75.01107246736842	15.333755145263156	0.0	0.0	3	1.0188893611964158	-7.620242251684408	230.0	35	1.05	0.95				
	320	1	53.04650428631579	10.775071183157895	0.0	0.0	3	1.0207519075162086	-6.832675148834764	230.0	35	1.05	0.95				
	321	2	0.0	0.0	0.0	0.0	3	1.0244770753294234	-6.600944665993592	230.0	37	1.05	0.95				
	322	2	0.0	0.0	0.0	0.0	3	1.0378916587125662	-2.127544675683641	230.0	37	1.05	0.95				
	323	2	0.0	0.0	0.0	0.0	3	1.022497731466412	-6.078586242090699	230.0	35	1.05	0.95				
	324	1	0.0	0.0	0.0	0.0	3	1.012890461792335	-10.50446972632196	230.0	36	1.05	0.95				
	325	1	0.0	0.0	0.0	0.0	3	1.0195869898637007	-4.754618688441911	230.0	35	1.05	0.95				
];
