%% MATPOWER Case Format : Version 2
function mpc = RTS_GMLC
mpc.version = '2';

%%-----  Power Flow Data  -----%%
%% system MVA base
mpc.baseMVA = 100.0;
%% bus data
%    bus_i    type    Pd    Qd    Gs    Bs    area    Vm    Va    baseKV    zone    Vmax    Vmin
mpc.bus = [
	101	2	40.62691735578948	8.275853535438598	0.0	0.0	1	1.0118005283524538	-4.651122627008047	138.0	11	1.05	0.95				
	102	2	36.48899058807018	7.523503214035089	0.0	0.0	1	1.0117880747448684	-4.853437739785115	138.0	12	1.05	0.95				
	103	1	67.7115289263158	13.918480945964914	0.0	0.0	1	1.0036466643432138	0.4472937367561098	138.0	11	1.05	0.95				
	104	1	27.83696189192983	5.642627410526316	0.0	0.0	1	1.0038341687520527	-4.558022412243702	138.0	11	1.05	0.95				
	105	1	26.708436409824564	5.266452249824562	0.0	0.0	1	1.0181789078021144	-5.518893239199792	138.0	11	1.05	0.95				
	106	1	51.1598218554386	10.532904499649124	0.0	-100.0	1	1.0298648151637055	-6.470776393264689	138.0	12	1.05	0.95				
	107	2	47.02189508771931	9.40437901754386	0.0	0.0	1	0.9875506750873204	-10.681546303955352	138.0	12	1.05	0.95				
	108	1	64.32595248	13.166130624561404	0.0	0.0	1	0.9904038256385436	-9.164842381303767	138.0	12	1.05	0.95				
	109	1	65.83065312280702	13.542305785263158	0.0	0.0	1	1.0048327304495215	-3.3293624845244145	138.0	13	1.05	0.95				
	110	1	73.35415633684211	15.047006428070178	0.0	0.0	1	1.0333691077509084	-5.155486570758551	138.0	13	1.05	0.95				
	111	1	0.0	0.0	0.0	0.0	1	0.9844049073919229	-0.5018834112992411	230.0	13	1.05	0.95				
	112	1	0.0	0.0	0.0	0.0	1	0.9848256768753307	-1.4476099848937427	230.0	13	1.05	0.95				
	113	3	99.68641758596493	20.31345867789474	0.0	0.0	1	0.9644788101437594	4.8280231950152786e-30	230.0	14	1.05	0.95				
	114	2	72.97798117614036	14.670831267368422	0.0	0.0	1	0.9958486053909336	2.932374234167298	230.0	16	1.05	0.95				
	115	2	119.24752594245615	24.075210284912284	0.0	0.0	1	0.9974446911419179	11.932465273198462	230.0	16	1.05	0.95				
	116	2	37.61751607017544	7.523503214035089	0.0	0.0	1	0.9956237048788696	10.361567899581184	230.0	16	1.05	0.95				
	117	1	0.0	0.0	0.0	0.0	1	0.998062906686193	16.239645566387427	230.0	17	1.05	0.95				
	118	2	125.26632851368421	25.5799109277193	0.0	0.0	1	1.0078596272607387	16.66870245757775	230.0	17	1.05	0.95				
	119	1	68.08770408701756	13.918480945964914	0.0	0.0	1	0.9939281645244503	6.468196669112057	230.0	15	1.05	0.95				
	120	1	48.15042056982457	9.780554178245616	0.0	0.0	1	0.9979028002372425	3.685141102702264	230.0	15	1.05	0.95				
	121	2	0.0	0.0	0.0	0.0	1	1.0080762971251596	17.914987465926128	230.0	17	1.05	0.95				
	122	2	0.0	0.0	0.0	0.0	1	1.0127471299656914	36.880020444284206	230.0	17	1.05	0.95				
	123	2	0.0	0.0	0.0	0.0	1	1.0010521983257124	2.468347355520285	230.0	15	1.05	0.95				
	124	1	0.0	0.0	0.0	0.0	1	0.9859790179408882	7.560082213022756	230.0	16	1.05	0.95				
	201	2	43.162600357894746	8.792381554385965	0.0	0.0	2	1.011436644654279	-13.643393156764374	138.0	21	1.05	0.95				
	202	2	38.766409580701755	7.9930741403508785	0.0	0.0	2	1.0102937523486248	-13.874311276770165	138.0	22	1.05	0.95				
	203	1	71.9376672631579	14.787187159649124	0.0	0.0	2	0.9972481421572448	-10.194224429456462	138.0	21	1.05	0.95				
	204	1	29.574374319298247	5.994805605263158	0.0	0.0	2	1.0006373850064876	-13.135416128312283	138.0	21	1.05	0.95				
	205	1	28.375413198245614	5.595151898245615	0.0	0.0	2	1.017178255751335	-13.54139157143156	138.0	21	1.05	0.95				
	206	1	54.352904154385975	11.19030379649123	0.0	-100.0	2	1.0283303899293643	-13.99650351293133	138.0	22	1.05	0.95				
	207	2	49.95671337719298	9.991342675438597	0.0	0.0	2	0.9722038169538751	-18.8389298762174	138.0	22	1.05	0.95				
	208	1	68.3407839	13.987879745614034	0.0	0.0	2	0.9800956819635986	-16.993357727090043	138.0	22	1.05	0.95				
	209	1	69.93939872807017	14.38753345263158	0.0	0.0	2	1.0046030645230468	-10.81783634810958	138.0	23	1.05	0.95				
	210	1	77.93247286842106	15.986148280701757	0.0	0.0	2	1.032604936508385	-12.116100092980293	138.0	23	1.05	0.95				
	211	1	0.0	0.0	0.0	0.0	2	0.9859561432621337	-8.234060473781089	230.0	23	1.05	0.95				
	212	1	0.0	0.0	0.0	0.0	2	0.9856379859811667	-5.1365445673029635	230.0	23	1.05	0.95				
	213	2	105.90823235964912	21.581300178947373	0.0	0.0	2	0.9812371917490915	-6.203517595877042	230.0	24	1.05	0.95				
	214	2	77.53281916140351	15.586494573684211	0.0	0.0	2	0.9839163254518087	-6.634059974289032	230.0	26	1.05	0.95				
	215	2	126.69022512456141	25.57783724912281	0.0	0.0	2	0.9910087331818954	-1.2366913027449433	230.0	26	1.05	0.95				
	216	2	39.96537070175439	7.9930741403508785	0.0	0.0	2	0.9891654035095134	-1.7149088835516313	230.0	26	1.05	0.95				
	217	1	0.0	0.0	0.0	0.0	2	1.000174632174381	-0.1958531318608217	230.0	27	1.05	0.95				
	218	2	133.0846844368421	27.176452077192987	0.0	0.0	2	1.0012116443877903	-0.6883349395658469	230.0	27	1.05	0.95				
	219	1	72.33732097017544	14.787187159649124	0.0	0.0	2	0.9817716519475906	-1.2608690038033634	230.0	25	1.05	0.95				
	220	1	51.15567449824562	10.39099638245614	0.0	0.0	2	0.9783149921055968	-0.007428998667442449	230.0	25	1.05	0.95				
	221	2	0.0	0.0	0.0	0.0	2	1.003309692399058	-0.1465300615930432	230.0	27	1.05	0.95				
	222	2	0.0	0.0	0.0	0.0	2	1.021724454026409	5.810287670909815	230.0	27	1.05	0.95				
	223	2	0.0	0.0	0.0	0.0	2	0.9773961960725748	1.0261167520104315	230.0	25	1.05	0.95				
	224	1	0.0	0.0	0.0	0.0	2	0.9826111908703574	-4.6488304016920345	230.0	26	1.05	0.95				
	301	2	61.157861431578944	12.458082884210524	0.0	0.0	3	1.0035829820267619	22.59583774868965	138.0	31	1.05	0.95				
	302	2	54.92881998947367	11.32552989473684	0.0	0.0	3	1.0043539718278127	22.182104799057406	138.0	32	1.05	0.95				
	303	1	101.92976905263158	20.952230305263157	0.0	0.0	3	1.0179557533396746	39.53777679197581	138.0	31	1.05	0.95				
	304	1	41.904460610526314	8.49414742105263	0.0	0.0	3	0.9926484787677251	24.001526548263538	138.0	31	1.05	0.95				
	305	1	40.20563112631578	7.92787092631579	0.0	0.0	3	1.0112633435427831	21.518957641147143	138.0	31	1.05	0.95				
	306	1	77.01360328421052	15.85574185263158	0.0	-100.0	3	1.022473341490684	20.25530661669949	138.0	32	1.05	0.95				
	307	2	70.78456184210525	14.156912368421052	0.0	0.0	3	0.9634974674693445	15.736371693655157	138.0	32	1.05	0.95				
	308	1	96.8332806	19.819677315789473	0.0	0.0	3	0.9709746321783963	18.465080767378907	138.0	32	1.05	0.95				
	309	1	99.09838657894736	20.385953810526313	0.0	0.0	3	1.0029138273493912	27.919839769990915	138.0	33	1.05	0.95				
	310	1	110.42391647368419	22.65105978947368	0.0	0.0	3	1.0334058242671418	22.304726459586377	138.0	33	1.05	0.95				
	311	1	0.0	0.0	0.0	0.0	3	0.995718597426431	26.933868911442506	230.0	33	1.05	0.95				
	312	1	0.0	0.0	0.0	0.0	3	1.0023751587870293	26.929117455468184	230.0	33	1.05	0.95				
	313	2	150.06327110526314	30.578930715789472	0.0	0.0	3	1.0032391056200827	28.54454823180099	230.0	34	1.05	0.95				
	314	2	109.85763997894735	22.08478329473684	0.0	0.0	3	0.9903884612818381	27.420453784082145	230.0	36	1.05	0.95				
	315	2	179.50964883157891	36.24169566315789	0.0	0.0	3	0.9932549266835371	28.109524476561642	230.0	36	1.05	0.95				
	316	2	56.62764947368421	11.32552989473684	0.0	0.0	3	0.9878543123673945	28.017997627413123	230.0	36	1.05	0.95				
	317	1	0.0	0.0	0.0	0.0	3	0.9974649283772468	31.341586336343916	230.0	37	1.05	0.95				
	318	2	188.5700727473684	38.50680164210526	0.0	0.0	3	0.9884443001430536	27.335711641042757	230.0	37	1.05	0.95				
	319	1	102.49604554736842	20.952230305263157	0.0	0.0	3	0.9947829389250019	26.939003462473845	230.0	35	1.05	0.95				
	320	1	72.48339132631578	14.723188863157894	0.0	0.0	3	1.0034125469092097	26.087987361799275	230.0	35	1.05	0.95				
	321	2	0.0	0.0	0.0	0.0	3	0.997929978079609	28.18001289144952	230.0	37	1.05	0.95				
	322	2	0.0	0.0	0.0	0.0	3	1.0161707838644454	32.99922480514286	230.0	37	1.05	0.95				
	323	2	0.0	0.0	0.0	0.0	3	1.0085629034060455	25.711108955045816	230.0	35	1.05	0.95				
	324	1	0.0	0.0	0.0	0.0	3	1.0009565609673718	33.74328248251962	230.0	36	1.05	0.95				
