%% MATPOWER Case Format : Version 2
function mpc = RTS_GMLC
mpc.version = '2';

%%-----  Power Flow Data  -----%%
%% system MVA base
mpc.baseMVA = 100.0;
%% bus data
%    bus_i    type    Pd    Qd    Gs    Bs    area    Vm    Va    baseKV    zone    Vmax    Vmin
mpc.bus = [
	101	2	94.98762989052632	19.34933201473684	0.0	0.0	1	1.0419871329106163	-4.076892700134323	138.0	11	1.05	0.95				
	102	2	85.31296388315789	17.590301831578948	0.0	0.0	1	1.0418207567523505	-4.193659275767563	138.0	12	1.05	0.95				
	103	1	158.3127164842105	32.542058388421054	0.0	0.0	1	1.0174930468406531	-5.031798076222127	138.0	11	1.05	0.95				
	104	1	65.08411677684211	13.192726373684211	0.0	0.0	1	1.0194336911288837	-7.136840524533174	138.0	11	1.05	0.95				
	105	1	62.44557150210526	12.313211282105264	0.0	0.0	1	1.0341341817659027	-7.43391118536632	138.0	11	1.05	0.95				
	106	1	119.61405245473684	24.62642256421053	0.0	-100.0	1	1.034363864738958	-10.119587974149818	138.0	12	1.05	0.95				
	107	2	109.93938644736842	21.987877289473683	0.0	0.0	1	1.05	-6.410651150020778	138.0	12	1.05	0.95				
	108	1	150.39708066	30.783028205263157	0.0	0.0	1	1.0217453222058852	-9.512013468548227	138.0	12	1.05	0.95				
	109	1	153.91514102631578	31.662543296842106	0.0	0.0	1	1.0271541606349657	-6.570311382492321	138.0	13	1.05	0.95				
	110	1	171.50544285789474	35.180603663157896	0.0	0.0	1	1.05	-8.101558326710679	138.0	13	1.05	0.95				
	111	1	0.0	0.0	0.0	0.0	1	1.0187646954373686	-2.9946723676771945	230.0	13	1.05	0.95				
	112	1	0.0	0.0	0.0	0.0	1	1.0190486316113336	-1.8131787914297446	230.0	13	1.05	0.95				
	113	3	233.07149926842104	47.49381494526316	0.0	0.0	1	1.0249564502536388	-8.259356686212042e-29	230.0	14	1.05	0.95				
	114	2	170.62592776631578	34.301088571578944	0.0	0.0	1	1.0245623503746804	-1.2952725732693688	230.0	16	1.05	0.95				
	115	2	278.80628403052634	56.28896586105263	0.0	0.0	1	1.0436724574577618	6.7801535894504426	230.0	16	1.05	0.95				
	116	2	87.95150915789473	17.590301831578948	0.0	0.0	1	1.0444204935928307	6.47891602173307	230.0	16	1.05	0.95				
	117	1	0.0	0.0	0.0	0.0	1	1.0475326251262769	9.731272753540395	230.0	17	1.05	0.95				
	118	2	292.87852549578946	59.80702622736842	0.0	0.0	1	1.0497788888969104	10.379422557148258	230.0	17	1.05	0.95				
	119	1	159.1922315757895	32.542058388421054	0.0	0.0	1	1.039061171303431	5.431165354575449	230.0	15	1.05	0.95				
	120	1	112.57793172210526	22.867392381052632	0.0	0.0	1	1.0423179802237175	6.06424109022674	230.0	15	1.05	0.95				
	121	2	0.0	0.0	0.0	0.0	1	1.05	11.283549409729797	230.0	17	1.05	0.95				
	122	2	0.0	0.0	0.0	0.0	1	1.05	18.087141527509146	230.0	17	1.05	0.95				
	123	2	0.0	0.0	0.0	0.0	1	1.0469273784860595	7.052458790501667	230.0	15	1.05	0.95				
	124	1	0.0	0.0	0.0	0.0	1	1.0190644821330932	2.4193428714877987	230.0	16	1.05	0.95				
	201	2	90.77915944421053	18.492050997894736	0.0	0.0	2	1.045379625554645	-10.629697011210066	138.0	21	1.05	0.95				
	202	2	81.53313394526316	16.810955452631582	0.0	0.0	2	1.0465542084626138	-10.764924754218143	138.0	22	1.05	0.95				
	203	1	151.29859907368422	31.100267587368425	0.0	0.0	2	1.027225332718677	-7.913270155110404	138.0	21	1.05	0.95				
	204	1	62.20053517473685	12.608216589473683	0.0	0.0	2	1.0209118071098686	-12.022495699122345	138.0	21	1.05	0.95				
	205	1	59.67889185684211	11.767668816842107	0.0	0.0	2	1.0370274875890384	-12.403007436952967	138.0	21	1.05	0.95				
	206	1	114.31449707789474	23.535337633684215	0.0	-100.0	2	1.0374997650165185	-14.195535785429913	138.0	22	1.05	0.95				
	207	2	105.06847157894737	21.013694315789476	0.0	0.0	2	0.95	-25.340708661702475	138.0	22	1.05	0.95				
	208	1	143.73366912	29.419172042105263	0.0	0.0	2	0.9555373329436814	-21.722557705845144	138.0	22	1.05	0.95				
	209	1	147.09586021052633	30.25971981473684	0.0	0.0	2	1.0269896532741214	-9.674690141271675	138.0	23	1.05	0.95				
	210	1	163.90681566315791	33.621910905263164	0.0	0.0	2	1.05	-11.578990273084148	138.0	23	1.05	0.95				
	211	1	0.0	0.0	0.0	0.0	2	1.0327915143096955	-4.667635286630037	230.0	23	1.05	0.95				
	212	1	0.0	0.0	0.0	0.0	2	1.0263853888411563	-0.9853936869587144	230.0	23	1.05	0.95				
	213	2	222.7451597473684	45.38957972210527	0.0	0.0	2	1.05	-0.4253309020686722	230.0	24	1.05	0.95				
	214	2	163.06626789052632	32.78136313263158	0.0	0.0	2	1.05	-2.684676027969331	230.0	26	1.05	0.95				
	215	2	266.45364392421055	53.795057448421055	0.0	0.0	2	1.0462616670703948	5.293818857740566	230.0	26	1.05	0.95				
	216	2	84.0547772631579	16.810955452631582	0.0	0.0	2	1.05	5.306208243937034	230.0	26	1.05	0.95				
	217	1	0.0	0.0	0.0	0.0	2	1.05	8.04288568172058	230.0	27	1.05	0.95				
	218	2	279.90240828631585	57.15724853894737	0.0	0.0	2	1.0496781493752962	8.76140192002889	230.0	27	1.05	0.95				
	219	1	152.1391468463158	31.100267587368425	0.0	0.0	2	1.043575512264673	5.270357913277416	230.0	25	1.05	0.95				
	220	1	107.59011489684211	21.854242088421056	0.0	0.0	2	1.0457348171839747	6.809700419108193	230.0	25	1.05	0.95				
	221	2	0.0	0.0	0.0	0.0	2	1.05	9.328550844814858	230.0	27	1.05	0.95				
	222	2	0.0	0.0	0.0	0.0	2	1.05	15.336036896243694	230.0	27	1.05	0.95				
	223	2	0.0	0.0	0.0	0.0	2	1.05	8.26303111282782	230.0	25	1.05	0.95				
	224	1	0.0	0.0	0.0	0.0	2	1.022342993458428	0.3819473336749222	230.0	26	1.05	0.95				
	301	2	66.52198671157895	13.550775070877192	0.0	0.0	3	1.0062582291187632	-10.209837529497964	138.0	31	1.05	0.95				
	302	2	59.74659917614035	12.318886428070176	0.0	0.0	3	1.0057329416767773	-10.330788772748488	138.0	32	1.05	0.95				
	303	1	110.86997785263158	22.789939891929823	0.0	0.0	3	1.0199157521576157	-4.06681726089935	138.0	31	1.05	0.95				
	304	1	45.579879783859646	9.239164821052631	0.0	0.0	3	1.0049976376483312	-8.327446941659044	138.0	31	1.05	0.95				
	305	1	43.73204681964912	8.623220499649124	0.0	0.0	3	1.019157422801293	-8.758890260591674	138.0	31	1.05	0.95				
	306	1	83.76842771087719	17.246440999298247	0.0	-100.0	3	1.034062668438653	-8.633609233135275	138.0	32	1.05	0.95				
	307	2	76.9930401754386	15.398608035087719	0.0	0.0	3	1.0048487801871724	-10.46981772804548	138.0	32	1.05	0.95				
	308	1	105.32647896	21.558051249122805	0.0	0.0	3	1.004221714592901	-9.533606251342237	138.0	32	1.05	0.95				
	309	1	107.79025624561402	22.173995570526316	0.0	0.0	3	1.0261535436759384	-4.174357176920229	138.0	33	1.05	0.95				
	310	1	120.1091426736842	24.63777285614035	0.0	0.0	3	1.05	-5.333940633694188	138.0	33	1.05	0.95				
	311	1	0.0	0.0	0.0	0.0	3	1.014301699840993	1.2442222952959263	230.0	33	1.05	0.95				
	312	1	0.0	0.0	0.0	0.0	3	1.0163864097433946	1.7682486526105308	230.0	33	1.05	0.95				
	313	2	163.22524517192983	33.26099335578947	0.0	0.0	3	1.025428760176198	6.260091337050095	230.0	34	1.05	0.95				
	314	2	119.4931983522807	24.02182853473684	0.0	0.0	3	1.0195366799072931	2.826384221780372	230.0	36	1.05	0.95				
	315	2	195.25434988491227	39.42043656982456	0.0	0.0	3	1.038060069006449	4.508833652781079	230.0	36	1.05	0.95				
	316	2	61.594432140350875	12.318886428070176	0.0	0.0	3	1.0358597183502984	4.817356757678053	230.0	36	1.05	0.95				
	317	1	0.0	0.0	0.0	0.0	3	1.0416456120410131	6.544855472354322	230.0	37	1.05	0.95				
	318	2	205.10945902736842	41.884213855438595	0.0	0.0	3	1.0422454264076448	6.40634341650778	230.0	37	1.05	0.95				
	319	1	111.48592217403508	22.789939891929823	0.0	0.0	3	1.0320672419587875	4.94536126132835	230.0	35	1.05	0.95				
	320	1	78.84087313964912	16.014552356491226	0.0	0.0	3	1.0314321516797031	5.244136337384775	230.0	35	1.05	0.95				
	321	2	0.0	0.0	0.0	0.0	3	1.0446922025860124	7.451965904345221	230.0	37	1.05	0.95				
	322	2	0.0	0.0	0.0	0.0	3	1.05	12.861836708351392	230.0	37	1.05	0.95				
	323	2	0.0	0.0	0.0	0.0	3	1.0316488571634186	5.516939256834046	230.0	35	1.05	0.95				
	324	1	0.0	0.0	0.0	0.0	3	1.0225341848675444	2.8181504936119812	230.0	36	1.05	0.95				
	325	1	0.0	0.0	0.0	0.0	3	1.0326437934816186	6.014448346109613	230.0	35	1.05	0.95				
];
