%% MATPOWER Case Format : Version 2
function mpc = RTS_GMLC
mpc.version = '2';

%%-----  Power Flow Data  -----%%
%% system MVA base
mpc.baseMVA = 100.0;
%% bus data
%    bus_i    type    Pd    Qd    Gs    Bs    area    Vm    Va    baseKV    zone    Vmax    Vmin
mpc.bus = [
	101	2	37.72785749684211	7.685304304912282	0.0	0.0	1	1.0338131515556097	4.034767673387867	138.0	11	1.05	0.95				
	102	2	33.885205344385966	6.986640277192984	0.0	0.0	1	1.0328926351651497	3.771869418535761	138.0	12	1.05	0.95				
	103	1	62.879762494736845	12.925284512807018	0.0	0.0	1	1.0317608484124507	2.4133058637801654	138.0	11	1.05	0.95				
	104	1	25.850569025614035	5.239980207894736	0.0	0.0	1	1.0225326562181878	0.5922805527059933	138.0	11	1.05	0.95				
	105	1	24.802572984035088	4.890648194035088	0.0	0.0	1	1.0369579273149607	0.8260529257687234	138.0	11	1.05	0.95				
	106	1	47.50915388491229	9.781296388070176	0.0	-100.0	1	1.047502892188367	-1.3819889959379126	138.0	12	1.05	0.95				
	107	2	43.66650173245614	8.733300346491228	0.0	0.0	1	1.000513393601298	-6.962345767480388	138.0	12	1.05	0.95				
	108	1	59.735774369999994	12.22662048508772	0.0	0.0	1	1.0067706227107716	-5.49961278708891	138.0	12	1.05	0.95				
	109	1	61.1331024254386	12.575952498947368	0.0	0.0	1	1.0244383916619124	-0.5906658062032072	138.0	13	1.05	0.95				
	110	1	68.11974270263158	13.973280554385967	0.0	0.0	1	1.05	-1.3262051714546814	138.0	13	1.05	0.95				
	111	1	0.0	0.0	0.0	0.0	1	1.0013765469596383	0.736054404488533	230.0	13	1.05	0.95				
	112	1	0.0	0.0	0.0	0.0	1	1.0062229098776552	0.5022941759292872	230.0	13	1.05	0.95				
	113	3	92.57298367280701	18.863928748421056	0.0	0.0	1	0.9895332254719182	-6.574263750577498e-30	230.0	14	1.05	0.95				
	114	2	67.77041068877193	13.623948540526317	0.0	0.0	1	0.9988549840203502	3.206269498696338	230.0	16	1.05	0.95				
	115	2	110.73824839350877	22.357248887017544	0.0	0.0	1	1.0385919021955479	9.398896182343586	230.0	16	1.05	0.95				
	116	2	34.933201385964914	6.986640277192984	0.0	0.0	1	1.0340333772849084	8.626518971647467	230.0	16	1.05	0.95				
	117	1	0.0	0.0	0.0	0.0	1	1.0413683902096715	11.978024798770473	230.0	17	1.05	0.95				
	118	2	116.32756061526317	23.754576942456143	0.0	0.0	1	1.0465895417498534	12.17734043849355	230.0	17	1.05	0.95				
	119	1	63.229094508596496	12.925284512807018	0.0	0.0	1	1.024424336902744	6.569036731167854	230.0	15	1.05	0.95				
	120	1	44.71449777403509	9.082632360350877	0.0	0.0	1	1.0188864529748727	5.444482243310835	230.0	15	1.05	0.95				
	121	2	0.0	0.0	0.0	0.0	1	1.05	13.175741532292198	230.0	17	1.05	0.95				
	122	2	0.0	0.0	0.0	0.0	1	1.05	23.992867504069267	230.0	17	1.05	0.95				
	123	2	0.0	0.0	0.0	0.0	1	1.016032970892848	5.097691992444987	230.0	15	1.05	0.95				
	124	1	0.0	0.0	0.0	0.0	1	1.0268602572277215	6.777830683426071	230.0	16	1.05	0.95				
	201	2	40.51062488842106	8.252164329122808	0.0	0.0	2	1.0182249610561316	-9.201391624630965	138.0	21	1.05	0.95				
	202	2	36.38454272385965	7.501967571929826	0.0	0.0	2	1.018062519497252	-9.290044547106977	138.0	22	1.05	0.95				
	203	1	67.51770814736842	13.878640008070175	0.0	0.0	2	1.0157824293115494	-7.008528375636811	138.0	21	1.05	0.95				
	204	1	27.75728001614035	5.626475678947369	0.0	0.0	2	1.0150122761663338	-9.817355639210216	138.0	21	1.05	0.95				
	205	1	26.631984880350878	5.251377300350878	0.0	0.0	2	1.0296976716797592	-10.1318902179946	138.0	21	1.05	0.95				
	206	1	51.01337948912281	10.502754600701756	0.0	-100.0	2	1.0443329351067685	-11.07938079442173	138.0	22	1.05	0.95				
	207	2	46.8872973245614	9.377459464912281	0.0	0.0	2	0.9950982946135795	-15.92523455691187	138.0	22	1.05	0.95				
	208	1	64.14182274	13.128443250877192	0.0	0.0	2	1.0021537156211215	-14.268204409211204	138.0	22	1.05	0.95				
	209	1	65.64221625438597	13.503541629473684	0.0	0.0	2	1.0226256887286262	-8.68995233219734	138.0	23	1.05	0.95				
	210	1	73.1441838263158	15.003935143859652	0.0	0.0	2	1.05	-9.859842640547662	138.0	23	1.05	0.95				
	211	1	0.0	0.0	0.0	0.0	2	1.0031738134330392	-6.11156862515168	230.0	23	1.05	0.95				
	212	1	0.0	0.0	0.0	0.0	2	1.0067424027821155	-5.321154647436398	230.0	23	1.05	0.95				
	213	2	99.40107032807019	20.25531244421053	0.0	0.0	2	0.9976521094976547	-4.82544861371506	230.0	24	1.05	0.95				
	214	2	72.7690854477193	14.62883676526316	0.0	0.0	2	1.0015437429413234	-3.934867814196079	230.0	26	1.05	0.95				
	215	2	118.90618601508774	24.00629623017544	0.0	0.0	2	1.017931596659295	1.4001111401572073	230.0	26	1.05	0.95				
	216	2	37.509837859649124	7.501967571929826	0.0	0.0	2	1.0195808215386404	1.413021795199105	230.0	26	1.05	0.95				
	217	1	0.0	0.0	0.0	0.0	2	1.02437433839769	2.920562347315125	230.0	27	1.05	0.95				
	218	2	124.9077600726316	25.506689744561406	0.0	0.0	2	1.023619529298601	2.4566658617624415	230.0	27	1.05	0.95				
	219	1	67.89280652596491	13.878640008070175	0.0	0.0	2	1.0210100233580401	1.4560870700949744	230.0	25	1.05	0.95				
	220	1	48.01259246035088	9.752557843508773	0.0	0.0	2	1.0245288438456301	2.2338063701283506	230.0	25	1.05	0.95				
	221	2	0.0	0.0	0.0	0.0	2	1.0253492509571702	2.9112952561432843	230.0	27	1.05	0.95				
	222	2	0.0	0.0	0.0	0.0	2	1.0473904582322138	9.437931885521087	230.0	27	1.05	0.95				
	223	2	0.0	0.0	0.0	0.0	2	1.0269802595103004	2.9491162636339063	230.0	25	1.05	0.95				
	224	1	0.0	0.0	0.0	0.0	2	1.0066956861879133	-1.77394655568563	230.0	26	1.05	0.95				
	301	2	45.526732029473685	9.273963931929826	0.0	0.0	3	1.0068370358129117	-15.676855930946855	138.0	31	1.05	0.95				
	302	2	40.88975006350877	8.430876301754386	0.0	0.0	3	1.006741168338153	-15.790975693488042	138.0	32	1.05	0.95				
	303	1	75.87788671578947	15.597121158245614	0.0	0.0	3	1.0238356373439856	-10.351896858403958	138.0	31	1.05	0.95				
	304	1	31.194242316491227	6.323157226315789	0.0	0.0	3	1.010098565812679	-14.420760120175668	138.0	31	1.05	0.95				
	305	1	29.929610871228068	5.901613411228071	0.0	0.0	3	1.022956379925287	-15.125871630498306	138.0	31	1.05	0.95				
	306	1	57.32995885192983	11.803226822456143	0.0	-100.0	3	1.040338465356754	-15.326215617791503	138.0	32	1.05	0.95				
	307	2	52.69297688596492	10.538595377192983	0.0	0.0	3	0.9931329901837929	-19.92009181343711	138.0	32	1.05	0.95				
	308	1	72.08399238000001	14.754033528070176	0.0	0.0	3	0.9998548253525599	-18.030366560694482	138.0	32	1.05	0.95				
	309	1	73.77016764035088	15.175577343157896	0.0	0.0	3	1.0259390558410806	-11.572142741242224	138.0	33	1.05	0.95				
	310	1	82.20104394210527	16.861752603508773	0.0	0.0	3	1.05	-13.217670918620763	138.0	33	1.05	0.95				
	311	1	0.0	0.0	0.0	0.0	3	1.0082412575707134	-7.551533524891799	230.0	33	1.05	0.95				
	312	1	0.0	0.0	0.0	0.0	3	1.0112684617401497	-7.114031604497581	230.0	33	1.05	0.95				
	313	2	111.7091109982456	22.763366014736842	0.0	0.0	3	1.010923581381215	-4.097678103730807	230.0	34	1.05	0.95				
	314	2	81.77950012701754	16.440208788421053	0.0	0.0	3	1.0092977494316993	-5.637365637405914	230.0	36	1.05	0.95				
	315	2	133.629389382807	26.97880416561404	0.0	0.0	3	1.0349601270771132	-1.1002534231627568	230.0	36	1.05	0.95				
	316	2	42.154381508771934	8.430876301754386	0.0	0.0	3	1.0345728867203985	-0.4455794575115548	230.0	36	1.05	0.95				
	317	1	0.0	0.0	0.0	0.0	3	1.0428250877622522	2.991443958753647	230.0	37	1.05	0.95				
	318	2	140.37409042421055	28.664979425964916	0.0	0.0	3	1.0394770306925711	1.720849750512509	230.0	37	1.05	0.95				
	319	1	76.2994305308772	15.597121158245614	0.0	0.0	3	1.0299769520233149	-1.318601430172825	230.0	35	1.05	0.95				
	320	1	53.95760833122808	10.960139192280703	0.0	0.0	3	1.0288275160823228	-1.263159988554877	230.0	35	1.05	0.95				
	321	2	0.0	0.0	0.0	0.0	3	1.039914583766946	1.3607407594166256	230.0	37	1.05	0.95				
	322	2	0.0	0.0	0.0	0.0	3	1.05	6.322369734878859	230.0	37	1.05	0.95				
	323	2	0.0	0.0	0.0	0.0	3	1.0287191417906734	-0.9086900306086345	230.0	35	1.05	0.95				
	324	1	0.0	0.0	0.0	0.0	3	1.0192464684768114	-4.561308376268037	230.0	36	1.05	0.95				
	325	1	0.0	0.0	0.0	0.0	3	1.0265128355877162	0.28205272984443946	230.0	35	1.05	0.95				
];
