%% MATPOWER Case Format : Version 2
function mpc = RTS_GMLC
mpc.version = '2';

%%-----  Power Flow Data  -----%%
%% system MVA base
mpc.baseMVA = 100.0;
%% bus data
%    bus_i    type    Pd    Qd    Gs    Bs    area    Vm    Va    baseKV    zone    Vmax    Vmin
mpc.bus = [
	101	2	40.76051460631579	8.303067790175438	0.0	0.0	1	1.0347910896576418	2.608052265232212	138.0	11	1.05	0.95				
	102	2	36.60898071122807	7.548243445614035	0.0	0.0	1	1.0339021308833871	2.3652261648444273	138.0	12	1.05	0.95				
	103	1	67.93419101052632	13.964250374385964	0.0	0.0	1	1.0282690648327968	0.5305715767524196	138.0	11	1.05	0.95				
	104	1	27.928500748771928	5.6611825842105254	0.0	0.0	1	1.0224849517042325	-0.6274216625070501	138.0	11	1.05	0.95				
	105	1	26.796264231929822	5.283770411929824	0.0	0.0	1	1.0372932614958912	-0.3590841426261004	138.0	11	1.05	0.95				
	106	1	51.32805543017543	10.567540823859648	0.0	-100.0	1	1.0471592075718168	-2.4536154494729456	138.0	12	1.05	0.95				
	107	2	47.176521535087716	9.435304307017542	0.0	0.0	1	1.0012523749753652	-6.648611404618734	138.0	12	1.05	0.95				
	108	1	64.53748146	13.20942602982456	0.0	0.0	1	1.006840600357243	-5.803696406354229	138.0	12	1.05	0.95				
	109	1	66.04713014912281	13.58683820210526	0.0	0.0	1	1.0242683288014878	-1.54673581389959	138.0	13	1.05	0.95				
	110	1	73.59537359473684	15.09648689122807	0.0	0.0	1	1.05	-2.180648873211483	138.0	13	1.05	0.95				
	111	1	0.0	0.0	0.0	0.0	1	1.001205167443338	-0.12139240865300217	230.0	13	1.05	0.95				
	112	1	0.0	0.0	0.0	0.0	1	1.006156803206542	0.24242646249288335	230.0	13	1.05	0.95				
	113	3	100.01422565438595	20.380257303157894	0.0	0.0	1	0.9911452861642848	4.270456799597122e-30	230.0	14	1.05	0.95				
	114	2	73.21796142245614	14.719074718947367	0.0	0.0	1	0.9966923952044564	1.6566671074048305	230.0	16	1.05	0.95				
	115	2	119.63965861298244	24.15437902596491	0.0	0.0	1	1.0324947314368618	6.56351690094786	230.0	16	1.05	0.95				
	116	2	37.74121722807017	7.548243445614035	0.0	0.0	1	1.0283497755230686	6.338161710367331	230.0	16	1.05	0.95				
	117	1	0.0	0.0	0.0	0.0	1	1.0370195426293904	8.172326479609291	230.0	17	1.05	0.95				
	118	2	125.67825336947367	25.664027715087716	0.0	0.0	1	1.0394280198947443	8.206988950688892	230.0	17	1.05	0.95				
	119	1	68.31160318280702	13.964250374385964	0.0	0.0	1	1.0220316675757608	5.496226525203523	230.0	15	1.05	0.95				
	120	1	48.30875805192982	9.812716479298246	0.0	0.0	1	1.0189144443128564	5.504187474686649	230.0	15	1.05	0.95				
	121	2	0.0	0.0	0.0	0.0	1	1.043211909797687	9.107852104553011	230.0	17	1.05	0.95				
	122	2	0.0	0.0	0.0	0.0	1	1.05	15.277688250769529	230.0	17	1.05	0.95				
	123	2	0.0	0.0	0.0	0.0	1	1.0175373006127237	5.806306212725613	230.0	15	1.05	0.95				
	124	1	0.0	0.0	0.0	0.0	1	1.0226949950610649	4.295180212222268	230.0	16	1.05	0.95				
	201	2	36.9576578008421	7.528411774245614	0.0	0.0	2	1.021981744260532	-5.0195719774901795	138.0	21	1.05	0.95				
	202	2	33.193451913719294	6.844010703859649	0.0	0.0	2	1.022119141854476	-4.947342968725294	138.0	22	1.05	0.95				
	203	1	61.59609633473684	12.661419802140351	0.0	0.0	2	1.0173864002912152	-4.732802199154039	138.0	21	1.05	0.95				
	204	1	25.322839604280702	5.1330080278947365	0.0	0.0	2	1.017581058972048	-6.17550333692791	138.0	21	1.05	0.95				
	205	1	24.296237998701752	4.790807492701755	0.0	0.0	2	1.0320114630307893	-6.3425299150762555	138.0	21	1.05	0.95				
	206	1	46.53927278624562	9.58161498540351	0.0	-100.0	2	1.0460958759655572	-7.438317126015144	138.0	22	1.05	0.95				
	207	2	42.775066899122805	8.555013379824562	0.0	0.0	2	0.9944712546233522	-12.154517421980286	138.0	22	1.05	0.95				
	208	1	58.516291517999996	11.977018731754384	0.0	0.0	2	1.0031155842719164	-10.67711048866656	138.0	22	1.05	0.95				
	209	1	59.88509365877193	12.319219266947368	0.0	0.0	2	1.0227725775027856	-5.7592478681709665	138.0	23	1.05	0.95				
	210	1	66.72910436263157	13.688021407719297	0.0	0.0	2	1.05	-6.575046011471684	138.0	23	1.05	0.95				
	211	1	0.0	0.0	0.0	0.0	2	1.0003683665269563	-3.511700783800794	230.0	23	1.05	0.95				
	212	1	0.0	0.0	0.0	0.0	2	1.0056867387278023	-2.814981906108628	230.0	23	1.05	0.95				
	213	2	90.68314182614034	18.47882890042105	0.0	0.0	2	0.993246872756795	-2.4244367962879814	230.0	24	1.05	0.95				
	214	2	66.38690382743859	13.345820872526314	0.0	0.0	2	0.9956394927533916	-1.646110759631818	230.0	26	1.05	0.95				
	215	2	108.47756965617543	21.900834252350876	0.0	0.0	2	1.0171313890668892	2.8904468341014655	230.0	26	1.05	0.95				
	216	2	34.22005351929825	6.844010703859649	0.0	0.0	2	1.0177981938766685	3.0182724706464064	230.0	26	1.05	0.95				
	217	1	0.0	0.0	0.0	0.0	2	1.0236874726718121	4.392810034409825	230.0	27	1.05	0.95				
	218	2	113.95277821926315	23.26963639312281	0.0	0.0	2	1.022985719638297	3.99373340983958	230.0	27	1.05	0.95				
	219	1	61.93829686992982	12.661419802140351	0.0	0.0	2	1.0187183025861917	3.012764988124089	230.0	25	1.05	0.95				
	220	1	43.80166850470175	8.897213915017543	0.0	0.0	2	1.0214048063755403	3.6882980996510883	230.0	25	1.05	0.95				
	221	2	0.0	0.0	0.0	0.0	2	1.024654864260585	4.431047465714041	230.0	27	1.05	0.95				
	222	2	0.0	0.0	0.0	0.0	2	1.0466883461899055	10.947967413987335	230.0	27	1.05	0.95				
	223	2	0.0	0.0	0.0	0.0	2	1.0232127373437698	4.325676572108372	230.0	25	1.05	0.95				
	224	1	0.0	0.0	0.0	0.0	2	1.00762279892864	0.005955888495918417	230.0	26	1.05	0.95				
	301	2	41.22176525052632	8.397026254736843	0.0	0.0	3	1.00949111581942	-17.903119151121768	138.0	31	1.05	0.95				
	302	2	37.023252123157896	7.633660231578948	0.0	0.0	3	1.0094751184338993	-17.998609502361134	138.0	32	1.05	0.95				
	303	1	68.70294208421053	14.122271428421055	0.0	0.0	3	1.021101236106523	-13.24994722742731	138.0	31	1.05	0.95				
	304	1	28.24454285684211	5.725245173684211	0.0	0.0	3	1.01171760667443	-16.709565614421543	138.0	31	1.05	0.95				
	305	1	27.099493822105263	5.343562162105265	0.0	0.0	3	1.0249158921743864	-17.38369532922737	138.0	31	1.05	0.95				
	306	1	51.90888957473685	10.68712432421053	0.0	-100.0	3	1.0421698426255874	-17.564972511422873	138.0	32	1.05	0.95				
	307	2	47.710376447368425	9.542075289473685	0.0	0.0	3	0.9946742123813019	-21.611741352550272	138.0	32	1.05	0.95				
	308	1	65.26779498	13.358905405263158	0.0	0.0	3	1.0021536025662006	-19.929270561835864	138.0	32	1.05	0.95				
	309	1	66.79452702631579	13.740588416842106	0.0	0.0	3	1.0249961196259134	-14.08426565288691	138.0	33	1.05	0.95				
	310	1	74.42818725789473	15.267320463157896	0.0	0.0	3	1.05	-15.633723072698237	138.0	33	1.05	0.95				
	311	1	0.0	0.0	0.0	0.0	3	1.0041200627629796	-10.52646521064739	230.0	33	1.05	0.95				
	312	1	0.0	0.0	0.0	0.0	3	1.0086865859706096	-9.998087718098814	230.0	33	1.05	0.95				
	313	2	101.14599806842106	20.61088262526316	0.0	0.0	3	1.007003587352359	-7.054137662409131	230.0	34	1.05	0.95				
	314	2	74.04650424631579	14.885637451578948	0.0	0.0	3	0.9995002357103511	-9.095138447427162	230.0	36	1.05	0.95				
	315	2	120.99351467052632	24.427712741052634	0.0	0.0	3	1.0216703499415793	-5.626429986632639	230.0	36	1.05	0.95				
	316	2	38.16830115789474	7.633660231578948	0.0	0.0	3	1.0213087184649614	-4.788461760523523	230.0	36	1.05	0.95				
	317	1	0.0	0.0	0.0	0.0	3	1.0259905063562114	-3.72251358952242	230.0	37	1.05	0.95				
	318	2	127.1004428557895	25.954444787368423	0.0	0.0	3	1.0251587514801177	-3.7343182411148175	230.0	37	1.05	0.95				
	319	1	69.08462509578949	14.122271428421055	0.0	0.0	3	1.018657857785494	-5.29541200621214	230.0	35	1.05	0.95				
	320	1	48.85542548210527	9.923758301052633	0.0	0.0	3	1.018724724382296	-4.978952287188805	230.0	35	1.05	0.95				
	321	2	0.0	0.0	0.0	0.0	3	1.0261557298117592	-3.8343503156589955	230.0	37	1.05	0.95				
	322	2	0.0	0.0	0.0	0.0	3	1.0394474055244571	0.604881120974407	230.0	37	1.05	0.95				
	323	2	0.0	0.0	0.0	0.0	3	1.019184893129213	-4.505338992023929	230.0	35	1.05	0.95				
	324	1	0.0	0.0	0.0	0.0	3	1.0118090565951248	-8.508358763327884	230.0	36	1.05	0.95				
	325	1	0.0	0.0	0.0	0.0	3	1.0174709616002482	-3.3485057371765405	230.0	35	1.05	0.95				
];
