%% MATPOWER Case Format : Version 2
function mpc = RTS_GMLC
mpc.version = '2';

%%-----  Power Flow Data  -----%%
%% system MVA base
mpc.baseMVA = 100.0;
%% bus data
%    bus_i    type    Pd    Qd    Gs    Bs    area    Vm    Va    baseKV    zone    Vmax    Vmin
mpc.bus = [
	101	2	37.84809500336842	7.709797130315789	0.0	0.0	1	1.0134257805332403	1.3720105130306899	138.0	11	1.05	0.95				
	102	2	33.99319643821052	7.008906482105264	0.0	0.0	1	1.01101669643672	0.6974726759890076	138.0	12	1.05	0.95				
	103	1	63.08015833894737	12.966476991894735	0.0	0.0	1	1.028621333291627	3.28025532175671	138.0	11	1.05	0.95				
	104	1	25.93295398378947	5.256679861578947	0.0	0.0	1	1.0133072077974414	-1.0726892762124258	138.0	11	1.05	0.95				
	105	1	24.88161801147368	4.906234537473685	0.0	0.0	1	1.0270812889574232	-1.0699004346720815	138.0	11	1.05	0.95				
	106	1	47.66056407831579	9.81246907494737	0.0	-100.0	1	1.042805436760422	-2.944204319590973	138.0	12	1.05	0.95				
	107	2	43.80566551315789	8.761133102631579	0.0	0.0	1	0.9865444436805059	-8.832242793574618	138.0	12	1.05	0.95				
	108	1	59.92615042199999	12.265586343684209	0.0	0.0	1	0.9980858396806365	-6.885329661654228	138.0	12	1.05	0.95				
	109	1	61.32793171842105	12.616031667789473	0.0	0.0	1	1.0246216287255423	-1.0452422942880872	138.0	13	1.05	0.95				
	110	1	68.3368382005263	14.017812964210528	0.0	0.0	1	1.05	-2.379139809829706	138.0	13	1.05	0.95				
	111	1	0.0	0.0	0.0	0.0	1	1.0121134682208321	1.0811586519563918	230.0	13	1.05	0.95				
	112	1	0.0	0.0	0.0	0.0	1	1.009931557069166	-0.07555707046775745	230.0	13	1.05	0.95				
	113	3	92.86801088789473	18.92404750168421	0.0	0.0	1	0.9888653833717865	1.1689386820064168e-28	230.0	14	1.05	0.95				
	114	2	67.98639287642104	13.667367640105264	0.0	0.0	1	1.034157522551583	4.785468449683879	230.0	16	1.05	0.95				
	115	2	111.0911677413684	22.42850074273684	0.0	0.0	1	1.0424665308909637	13.990255564548644	230.0	16	1.05	0.95				
	116	2	35.044532410526315	7.008906482105264	0.0	0.0	1	1.040625397340372	12.211325928119116	230.0	16	1.05	0.95				
	117	1	0.0	0.0	0.0	0.0	1	1.0408836499958827	18.053210229546643	230.0	17	1.05	0.95				
	118	2	116.69829292705262	23.830282039157893	0.0	0.0	1	1.05	18.582467725686154	230.0	17	1.05	0.95				
	119	1	63.43060366305263	12.966476991894735	0.0	0.0	1	1.034699789597655	8.024558464996165	230.0	15	1.05	0.95				
	120	1	44.85700148547368	9.111578426736843	0.0	0.0	1	1.0355300558820315	5.046062883228649	230.0	15	1.05	0.95				
	121	2	0.0	0.0	0.0	0.0	1	1.0436351324838398	19.98166963198658	230.0	17	1.05	0.95				
	122	2	0.0	0.0	0.0	0.0	1	1.05	37.93972157305045	230.0	17	1.05	0.95				
	123	2	0.0	0.0	0.0	0.0	1	1.0368710043800693	3.675966868405498	230.0	15	1.05	0.95				
	124	1	0.0	0.0	0.0	0.0	1	1.0238979825917236	9.991166914341887	230.0	16	1.05	0.95				
	201	2	43.893593583157894	8.941287581754386	0.0	0.0	2	1.0126852254713345	-14.754154693578572	138.0	21	1.05	0.95				
	202	2	39.4229497922807	8.12844325614035	0.0	0.0	2	1.0118684615301439	-15.049023517365004	138.0	22	1.05	0.95				
	203	1	73.15598930526316	15.037620023859649	0.0	0.0	2	1.011428657276521	-10.365470191293122	138.0	21	1.05	0.95				
	204	1	30.075240047719298	6.096332442105263	0.0	0.0	2	1.0110971852308261	-14.635514746601302	138.0	21	1.05	0.95				
	205	1	28.855973559298242	5.689910279298246	0.0	0.0	2	1.0264100674612133	-15.10963857126862	138.0	21	1.05	0.95				
	206	1	55.27341414175439	11.379820558596492	0.0	-100.0	2	1.0420407963597582	-15.822035804201269	138.0	22	1.05	0.95				
	207	2	50.80277035087719	10.160554070175438	0.0	0.0	2	0.9951959834213876	-20.668089923786088	138.0	22	1.05	0.95				
	208	1	69.49818984000001	14.224775698245612	0.0	0.0	2	1.0008344614154765	-18.83948614653847	138.0	22	1.05	0.95				
	209	1	71.12387849122807	14.63119786105263	0.0	0.0	2	1.0221667831316705	-12.60972077016009	138.0	23	1.05	0.95				
	210	1	79.25232174736841	16.2568865122807	0.0	0.0	2	1.05	-14.155921088780055	138.0	23	1.05	0.95				
	211	1	0.0	0.0	0.0	0.0	2	1.0073495735112445	-9.572965056963156	230.0	23	1.05	0.95				
	212	1	0.0	0.0	0.0	0.0	2	1.008061641786973	-8.720257015903014	230.0	23	1.05	0.95				
	213	2	107.70187314385964	21.946796791578947	0.0	0.0	2	1.0036831034652864	-8.076814325753274	230.0	24	1.05	0.95				
	214	2	78.8458995845614	15.850464349473684	0.0	0.0	2	1.0107346187121942	-6.981168528840247	230.0	26	1.05	0.95				
	215	2	128.83582560982455	26.011018419649123	0.0	0.0	2	1.0231637702083187	-0.6768019580072618	230.0	26	1.05	0.95				
	216	2	40.64221628070175	8.12844325614035	0.0	0.0	2	1.0261330912092212	-0.8367203031955972	230.0	26	1.05	0.95				
	217	1	0.0	0.0	0.0	0.0	2	1.032308370534455	0.8181888110190774	230.0	27	1.05	0.95				
	218	2	135.33858021473685	27.636707070877193	0.0	0.0	2	1.0307072807449331	0.30751745594945273	230.0	27	1.05	0.95				
	219	1	73.56241146807018	15.037620023859649	0.0	0.0	2	1.0262502080392217	-0.7873888528636603	230.0	25	1.05	0.95				
	220	1	52.022036839298245	10.566976232982457	0.0	0.0	2	1.0289739203662787	0.04865163649429902	230.0	25	1.05	0.95				
	221	2	0.0	0.0	0.0	0.0	2	1.031310425927807	0.7820816299571025	230.0	27	1.05	0.95				
	222	2	0.0	0.0	0.0	0.0	2	1.05	7.290547860211005	230.0	27	1.05	0.95				
	223	2	0.0	0.0	0.0	0.0	2	1.0311470927926176	0.8174860903566179	230.0	25	1.05	0.95				
	224	1	0.0	0.0	0.0	0.0	2	1.0068531443796405	-4.299489254369533	230.0	26	1.05	0.95				
	301	2	45.202151216842104	9.207845618245614	0.0	0.0	3	1.0088119419854538	-6.085009049399291	138.0	31	1.05	0.95				
	302	2	40.5982284077193	8.37076874385965	0.0	0.0	3	1.0086309230295758	-6.2100948788114305	138.0	32	1.05	0.95				
	303	1	75.33691869473684	15.48592217614035	0.0	0.0	3	1.0296258751831697	-0.229795858915655	138.0	31	1.05	0.95				
	304	1	30.9718443522807	6.278076557894736	0.0	0.0	3	1.011660234802295	-4.788196244683861	138.0	31	1.05	0.95				
	305	1	29.71622904070175	5.859538120701755	0.0	0.0	3	1.0240797185915202	-5.711390372497059	138.0	31	1.05	0.95				
	306	1	56.92122745824562	11.71907624140351	0.0	-100.0	3	1.0409044266397605	-6.0055105350476214	138.0	32	1.05	0.95				
	307	2	52.31730464912281	10.463460929824562	0.0	0.0	3	0.9923135810339777	-10.398793709491773	138.0	32	1.05	0.95				
	308	1	71.57007275999999	14.648845301754385	0.0	0.0	3	0.9997439045031087	-8.53222998052469	138.0	32	1.05	0.95				
	309	1	73.24422650877193	15.067383738947369	0.0	0.0	3	1.027141307831008	-1.9139021298539949	138.0	33	1.05	0.95				
	310	1	81.61499525263157	16.7415374877193	0.0	0.0	3	1.05	-3.9895356643258806	138.0	33	1.05	0.95				
	311	1	0.0	0.0	0.0	0.0	3	1.0078706660252683	1.4451079712161805	230.0	33	1.05	0.95				
	312	1	0.0	0.0	0.0	0.0	3	1.0102943939721492	1.871324747994701	230.0	33	1.05	0.95				
	313	2	110.91268585614034	22.601075608421052	0.0	0.0	3	1.0090157191188056	4.751403843282956	230.0	34	1.05	0.95				
	314	2	81.1964568154386	16.322999050526317	0.0	0.0	3	1.0076899700354602	3.0618880282944625	230.0	36	1.05	0.95				
	315	2	132.67668459017543	26.78645998035088	0.0	0.0	3	1.0377049570665327	7.195904615271785	230.0	36	1.05	0.95				
	316	2	41.85384371929825	8.37076874385965	0.0	0.0	3	1.0366793889100376	7.788929666176863	230.0	36	1.05	0.95				
	317	1	0.0	0.0	0.0	0.0	3	1.048684596545573	11.926291537525689	230.0	37	1.05	0.95				
	318	2	139.37329958526317	28.46061372912281	0.0	0.0	3	1.0452991233571745	9.548986748020841	230.0	37	1.05	0.95				
	319	1	75.75545713192983	15.48592217614035	0.0	0.0	3	1.0279803167131012	6.947953654655246	230.0	35	1.05	0.95				
	320	1	53.57291996070176	10.881999367017544	0.0	0.0	3	1.0232349068923834	7.025041399522475	230.0	35	1.05	0.95				
	321	2	0.0	0.0	0.0	0.0	3	1.044103825787039	9.394948332744272	230.0	37	1.05	0.95				
	322	2	0.0	0.0	0.0	0.0	3	1.05	14.726686495827419	230.0	37	1.05	0.95				
	323	2	0.0	0.0	0.0	0.0	3	1.0211547753542949	7.394724372669839	230.0	35	1.05	0.95				
	324	1	0.0	0.0	0.0	0.0	3	1.0250731591108129	4.412538971004099	230.0	36	1.05	0.95				
	325	1	0.0	0.0	0.0	0.0	3	1.0198096913581396	8.464965182233955	230.0	35	1.05	0.95				
];
