%% MATPOWER Case Format : Version 2
function mpc = RTS_GMLC
mpc.version = '2';

%%-----  Power Flow Data  -----%%
%% system MVA base
mpc.baseMVA = 100.0;
%% bus data
%    bus_i    type    Pd    Qd    Gs    Bs    area    Vm    Va    baseKV    zone    Vmax    Vmin
mpc.bus = [
	101	2	43.352300842105265	8.831024245614035	0.0	0.0	1	1.0133455757640621	-3.6996973572080867	138.0	11	1.05	0.95				
	102	2	38.93678871929825	8.028203859649125	0.0	0.0	1	1.013181621425288	-3.934809503487895	138.0	12	1.05	0.95				
	103	1	72.25383473684211	14.852177140350879	0.0	0.0	1	1.002535711734225	0.8819500393864012	138.0	11	1.05	0.95				
	104	1	29.704354280701757	6.021152894736842	0.0	0.0	1	1.0033598299793163	-3.9746765138738898	138.0	11	1.05	0.95				
	105	1	28.500123701754386	5.619742701754387	0.0	0.0	1	1.0170124475674667	-5.072947451742755	138.0	11	1.05	0.95				
	106	1	54.59178624561404	11.239485403508773	0.0	-100.0	1	1.0269223931561573	-6.32908824041119	138.0	12	1.05	0.95				
	107	2	50.176274122807015	10.035254824561404	0.0	0.0	1	0.985666471851383	-10.930847097103724	138.0	12	1.05	0.95				
	108	1	68.641143	14.049356754385963	0.0	0.0	1	0.9871199790116308	-9.382215915629706	138.0	12	1.05	0.95				
	109	1	70.24678377192983	14.450766947368422	0.0	0.0	1	1.0019637372031105	-3.267457252214808	138.0	13	1.05	0.95				
	110	1	78.27498763157895	16.05640771929825	0.0	0.0	1	1.030258301341691	-5.141256918023998	138.0	13	1.05	0.95				
	111	1	0.0	0.0	0.0	0.0	1	0.9812886324688616	-0.6980028752263376	230.0	13	1.05	0.95				
	112	1	0.0	0.0	0.0	0.0	1	0.9827867949936278	-1.465047318642384	230.0	13	1.05	0.95				
	113	3	106.37370114035087	21.676150421052633	0.0	0.0	1	0.9641537338233307	1.698006265087563e-28	230.0	14	1.05	0.95				
	114	2	77.8735774385965	15.654997526315793	0.0	0.0	1	0.9891066515110497	2.347527281761676	230.0	16	1.05	0.95				
	115	2	127.24703117543861	25.690252350877195	0.0	0.0	1	0.9910928140106045	10.917193666865654	230.0	16	1.05	0.95				
	116	2	40.14101929824562	8.028203859649125	0.0	0.0	1	0.99007384521732	9.402350222943562	230.0	16	1.05	0.95				
	117	1	0.0	0.0	0.0	0.0	1	0.9949392625374289	14.661629382227375	230.0	17	1.05	0.95				
	118	2	133.6695942631579	27.29589312280702	0.0	0.0	1	1.0011052841391939	15.361465426198434	230.0	17	1.05	0.95				
	119	1	72.65524492982458	14.852177140350879	0.0	0.0	1	0.9897002231712153	5.993751723077385	230.0	15	1.05	0.95				
	120	1	51.38050470175439	10.436665017543861	0.0	0.0	1	0.9938174594226327	3.377949707272204	230.0	15	1.05	0.95				
	121	2	0.0	0.0	0.0	0.0	1	1.0015468431881442	16.69590038175892	230.0	17	1.05	0.95				
	122	2	0.0	0.0	0.0	0.0	1	1.015660214875797	30.47224203876557	230.0	17	1.05	0.95				
	123	2	0.0	0.0	0.0	0.0	1	0.9970802080591907	2.275312742141169	230.0	15	1.05	0.95				
	124	1	0.0	0.0	0.0	0.0	1	0.9834313870084495	7.075067989531993	230.0	16	1.05	0.95				
	201	2	39.50763419368421	8.047851409824561	0.0	0.0	2	1.0126722817053193	-13.764857377710667	138.0	21	1.05	0.95				
	202	2	35.483708488771924	7.316228554385964	0.0	0.0	2	1.0115398157887425	-13.99654663603962	138.0	22	1.05	0.95				
	203	1	65.84605698947368	13.535022825614032	0.0	0.0	2	0.9984452610752441	-10.178664551420043	138.0	21	1.05	0.95				
	204	1	27.070045651228064	5.487171415789473	0.0	0.0	2	1.0023669073759653	-13.402144520284581	138.0	21	1.05	0.95				
	205	1	25.97261136807017	5.121359988070175	0.0	0.0	2	1.0190157444907666	-13.813725937821715	138.0	21	1.05	0.95				
	206	1	49.750354169824554	10.24271997614035	0.0	-100.0	2	1.030685345305164	-14.322878000190636	138.0	22	1.05	0.95				
	207	2	45.726428464912274	9.145285692982455	0.0	0.0	2	0.9732314237761974	-18.655659338573713	138.0	22	1.05	0.95				
	208	1	62.553754139999995	12.803399970175436	0.0	0.0	2	0.982534024338101	-17.005194748580376	138.0	22	1.05	0.95				
	209	1	64.01699985087718	13.169211397894735	0.0	0.0	2	1.0052977756448251	-11.347726195932504	138.0	23	1.05	0.95				
	210	1	71.33322840526316	14.632457108771929	0.0	0.0	2	1.0339745209640634	-12.654745468912493	138.0	23	1.05	0.95				
	211	1	0.0	0.0	0.0	0.0	2	0.9854385691134905	-8.692115030766136	230.0	23	1.05	0.95				
	212	1	0.0	0.0	0.0	0.0	2	0.9853649784453181	-6.9035884329254245	230.0	23	1.05	0.95				
	213	2	96.94002834561401	19.753817096842106	0.0	0.0	2	0.9810135164954505	-7.014502138097074	230.0	24	1.05	0.95				
	214	2	70.96741697754385	14.266645681052632	0.0	0.0	2	0.981835030531274	-6.690941955047206	230.0	26	1.05	0.95				
	215	2	115.96222258701752	23.411931374035085	0.0	0.0	2	0.9914697813133292	-0.7544091254551688	230.0	26	1.05	0.95				
	216	2	36.58114277192982	7.316228554385964	0.0	0.0	2	0.9891889797039592	-1.4599450021760754	230.0	26	1.05	0.95				
	217	1	0.0	0.0	0.0	0.0	2	0.9995909875834589	0.04940196401819265	230.0	27	1.05	0.95				
	218	2	121.8152054305263	24.875177084912277	0.0	0.0	2	1.0008544934576553	-0.34032386709782647	230.0	27	1.05	0.95				
	219	1	66.21186841719297	13.535022825614032	0.0	0.0	2	0.9831421365454598	-1.2425458225781958	230.0	25	1.05	0.95				
	220	1	46.82386274807017	9.511097120701754	0.0	0.0	2	0.9803407102178003	-0.2709788994832174	230.0	25	1.05	0.95				
	221	2	0.0	0.0	0.0	0.0	2	1.0030248678317215	0.21308975694067783	230.0	27	1.05	0.95				
	222	2	0.0	0.0	0.0	0.0	2	1.0210017806104674	5.888423294181753	230.0	27	1.05	0.95				
	223	2	0.0	0.0	0.0	0.0	2	0.9794780198161184	0.5770126802193791	230.0	25	1.05	0.95				
	224	1	0.0	0.0	0.0	0.0	2	0.9828290017878042	-4.346794216130098	230.0	26	1.05	0.95				
	301	2	63.51534325894737	12.938310663859648	0.0	0.0	3	1.0051037775327925	27.82175136257275	138.0	31	1.05	0.95				
	302	2	57.04618792701754	11.762100603508772	0.0	0.0	3	1.0053985534900076	27.534830501857783	138.0	32	1.05	0.95				
	303	1	105.85890543157895	21.759886116491227	0.0	0.0	3	1.0146429856557353	39.740305444536375	138.0	31	1.05	0.95				
	304	1	43.519772232982454	8.82157545263158	0.0	0.0	3	0.9951966127514964	29.371024351744484	138.0	31	1.05	0.95				
	305	1	41.75545714245614	8.23347042245614	0.0	0.0	3	1.0118744250618457	28.01009018204658	138.0	31	1.05	0.95				
	306	1	79.98228410385966	16.46694084491228	0.0	-100.0	3	1.022717374795634	27.437098876301008	138.0	32	1.05	0.95				
	307	2	73.51312877192983	14.702625754385965	0.0	0.0	3	0.965978038927166	23.20692666293842	138.0	32	1.05	0.95				
	308	1	100.56596015999999	20.583676056140348	0.0	0.0	3	0.976080368460156	25.982564257116493	138.0	32	1.05	0.95				
	309	1	102.91838028070175	21.17178108631579	0.0	0.0	3	1.0075324226985214	33.37185143090521	138.0	33	1.05	0.95				
	310	1	114.68048088421052	23.524201207017544	0.0	0.0	3	1.034174025394933	30.137754204754966	138.0	33	1.05	0.95				
	311	1	0.0	0.0	0.0	0.0	3	0.9937507431279918	35.231124047812116	230.0	33	1.05	0.95				
	312	1	0.0	0.0	0.0	0.0	3	0.99967846430614	35.83165615546687	230.0	33	1.05	0.95				
	313	2	155.8478329964912	31.757671629473684	0.0	0.0	3	1.0045207041999007	40.595931055659015	230.0	34	1.05	0.95				
	314	2	114.09237585403508	22.936096176842106	0.0	0.0	3	0.9882371248366869	34.0593040057137	230.0	36	1.05	0.95				
	315	2	186.42929456561404	37.63872193122807	0.0	0.0	3	0.9892706948012936	29.416250743286536	230.0	36	1.05	0.95				
	316	2	58.81050301754386	11.762100603508772	0.0	0.0	3	0.9827866909938917	30.375493375110786	230.0	36	1.05	0.95				
	317	1	0.0	0.0	0.0	0.0	3	0.9930709828608147	30.80441702953819	230.0	37	1.05	0.95				
	318	2	195.83897504842105	39.99114205192983	0.0	0.0	3	0.9870773218577986	27.162843212588786	230.0	37	1.05	0.95				
	319	1	106.44701046175437	21.759886116491227	0.0	0.0	3	0.9903742862088065	31.405158044582702	230.0	35	1.05	0.95				
	320	1	75.27744386245614	15.290730784561404	0.0	0.0	3	0.9983793450557954	31.84107282444841	230.0	35	1.05	0.95				
	321	2	0.0	0.0	0.0	0.0	3	0.996115531036311	28.476590070456172	230.0	37	1.05	0.95				
	322	2	0.0	0.0	0.0	0.0	3	1.0138614717687484	32.99138988754309	230.0	37	1.05	0.95				
	323	2	0.0	0.0	0.0	0.0	3	1.002437108869802	31.78758947029785	230.0	35	1.05	0.95				
	324	1	0.0	0.0	0.0	0.0	3	0.9971241594823635	34.25297449931038	230.0	36	1.05	0.95				
