%% MATPOWER Case Format : Version 2
function mpc = RTS_GMLC
mpc.version = '2';

%%-----  Power Flow Data  -----%%
%% system MVA base
mpc.baseMVA = 100.0;
%% bus data
%    bus_i    type    Pd    Qd    Gs    Bs    area    Vm    Va    baseKV    zone    Vmax    Vmin
mpc.bus = [
	101	2	49.056902526315795	9.993072736842105	0.0	0.0	1	1.0352184856150803	0.8028665804593678	138.0	11	1.05	0.95				
	102	2	44.060366157894734	9.08461157894737	0.0	0.0	1	1.03432315152725	0.5096523291738206	138.0	12	1.05	0.95				
	103	1	81.76150421052633	16.806531421052632	0.0	0.0	1	1.027519729466205	0.7144334543815922	138.0	11	1.05	0.95				
	104	1	33.613062842105265	6.813458684210527	0.0	0.0	1	1.0210601768444023	-2.292975501779508	138.0	11	1.05	0.95				
	105	1	32.250371105263156	6.35922810526316	0.0	0.0	1	1.0364849788519983	-2.2225145045838626	138.0	11	1.05	0.95				
	106	1	61.775358736842115	12.71845621052632	0.0	-100.0	1	1.0451140016476996	-4.420397741040254	138.0	12	1.05	0.95				
	107	2	56.778822368421054	11.35576447368421	0.0	0.0	1	0.9992963797376828	-11.82590031896423	138.0	12	1.05	0.95				
	108	1	77.673429	15.898070263157896	0.0	0.0	1	1.0014250006679706	-9.615844680858412	138.0	12	1.05	0.95				
	109	1	79.49035131578948	16.352300842105265	0.0	0.0	1	1.023790144242762	-2.74769647627798	138.0	13	1.05	0.95				
	110	1	88.57496289473684	18.16922315789474	0.0	0.0	1	1.05	-3.8639409738875954	138.0	13	1.05	0.95				
	111	1	0.0	0.0	0.0	0.0	1	1.0044607811351167	-0.23536328723985214	230.0	13	1.05	0.95				
	112	1	0.0	0.0	0.0	0.0	1	1.0089501450023879	-0.6531480788769904	230.0	13	1.05	0.95				
	113	3	120.37110342105264	24.528451263157898	0.0	0.0	1	0.9997241589094356	5.894781106008182e-29	230.0	14	1.05	0.95				
	114	2	88.12073231578947	17.71499257894737	0.0	0.0	1	1.0029507810074558	2.755751198224927	230.0	16	1.05	0.95				
	115	2	143.9910935263158	29.070757052631578	0.0	0.0	1	1.0366044814053859	10.51384956671268	230.0	16	1.05	0.95				
	116	2	45.42305789473684	9.08461157894737	0.0	0.0	1	1.0328324949352716	9.617863962538186	230.0	16	1.05	0.95				
	117	1	0.0	0.0	0.0	0.0	1	1.0389005901801134	13.908447905456038	230.0	17	1.05	0.95				
	118	2	151.25878278947368	30.887679368421058	0.0	0.0	1	1.0460566822218067	14.12294447979273	230.0	17	1.05	0.95				
	119	1	82.2157347894737	16.806531421052632	0.0	0.0	1	1.0229223535140806	6.658551933403651	230.0	15	1.05	0.95				
	120	1	58.141514105263155	11.80999505263158	0.0	0.0	1	1.0193059894430188	4.9475125924794465	230.0	15	1.05	0.95				
	121	2	0.0	0.0	0.0	0.0	1	1.05	15.386424974918803	230.0	17	1.05	0.95				
	122	2	0.0	0.0	0.0	0.0	1	1.05	29.626384158223814	230.0	17	1.05	0.95				
	123	2	0.0	0.0	0.0	0.0	1	1.018115351986455	4.356321110711957	230.0	15	1.05	0.95				
	124	1	0.0	0.0	0.0	0.0	1	1.0209983286615671	6.839122936581387	230.0	16	1.05	0.95				
	201	2	46.562568858947365	9.484967730526314	0.0	0.0	2	1.0130625790757668	-16.048713554536434	138.0	21	1.05	0.95				
	202	2	41.820084993684205	8.622697936842105	0.0	0.0	2	1.0127107287776347	-16.22272312651554	138.0	22	1.05	0.95				
	203	1	77.60428143157894	15.951991183157894	0.0	0.0	2	1.0143916307072165	-12.33631225028531	138.0	21	1.05	0.95				
	204	1	31.903982366315788	6.467023452631578	0.0	0.0	2	1.0116247206684001	-16.337921859105005	138.0	21	1.05	0.95				
	205	1	30.610577675789468	6.035888555789474	0.0	0.0	2	1.0262760583134418	-16.79144445918922	138.0	21	1.05	0.95				
	206	1	58.63434597052631	12.071777111578948	0.0	-100.0	2	1.0414765738680274	-17.700866728485938	138.0	22	1.05	0.95				
	207	2	53.89186210526316	10.77837242105263	0.0	0.0	2	0.9916165220109555	-23.135346670014258	138.0	22	1.05	0.95				
	208	1	73.72406735999999	15.08972138947368	0.0	0.0	2	0.9979552938758421	-21.187435739305734	138.0	22	1.05	0.95				
	209	1	75.44860694736842	15.520856286315787	0.0	0.0	2	1.02308686679307	-14.643473011848913	138.0	23	1.05	0.95				
	210	1	84.07130488421052	17.24539587368421	0.0	0.0	2	1.05	-16.146830731331317	138.0	23	1.05	0.95				
	211	1	0.0	0.0	0.0	0.0	2	1.0075496108182365	-11.537656707572118	230.0	23	1.05	0.95				
	212	1	0.0	0.0	0.0	0.0	2	1.0121414405559284	-10.786256632354402	230.0	23	1.05	0.95				
	213	2	114.25074766315788	23.281284429473683	0.0	0.0	2	1.0080114597091216	-10.189329473553618	230.0	24	1.05	0.95				
	214	2	83.64016998736841	16.814260976842103	0.0	0.0	2	1.0072883376474726	-8.764398117314503	230.0	26	1.05	0.95				
	215	2	136.66976229894735	27.592633397894733	0.0	0.0	2	1.0234808221177947	-1.918164628963233	230.0	26	1.05	0.95				
	216	2	43.11348968421052	8.622697936842105	0.0	0.0	2	1.0256484199619744	-2.241705267012222	230.0	26	1.05	0.95				
	217	1	0.0	0.0	0.0	0.0	2	1.0281724275628568	-0.21415222170482875	230.0	27	1.05	0.95				
	218	2	143.56792064842102	29.317172985263156	0.0	0.0	2	1.027365236974282	-0.824172215651965	230.0	27	1.05	0.95				
	219	1	78.03541632842105	15.951991183157894	0.0	0.0	2	1.0305567637741841	-2.582411338138532	230.0	25	1.05	0.95				
	220	1	55.18526679578947	11.209507317894737	0.0	0.0	2	1.0376850320671756	-2.043643795321962	230.0	25	1.05	0.95				
	221	2	0.0	0.0	0.0	0.0	2	1.0294906072577525	-0.3803674580987145	230.0	27	1.05	0.95				
	222	2	0.0	0.0	0.0	0.0	2	1.049999991653156	6.176314317022406	230.0	27	1.05	0.95				
	223	2	0.0	0.0	0.0	0.0	2	1.0422692802441658	-1.428947751112762	230.0	25	1.05	0.95				
	224	1	0.0	0.0	0.0	0.0	2	1.0072899647817297	-5.825345844501565	230.0	26	1.05	0.95				
	301	2	58.868712416842094	11.991774751578946	0.0	0.0	3	1.0343067352210773	-4.686601071176159	138.0	31	1.05	0.95				
	302	2	52.87282504105262	10.901613410526314	0.0	0.0	3	1.0292236700180857	-5.027671503752686	138.0	32	1.05	0.95				
	303	1	98.11452069473683	20.16798480947368	0.0	0.0	3	1.05	11.416351174983994	138.0	31	1.05	0.95				
	304	1	40.33596961894736	8.176210057894735	0.0	0.0	3	1.009467413984987	-3.4177363150862745	138.0	31	1.05	0.95				
	305	1	38.700727607368414	7.631129387368421	0.0	0.0	3	1.0305288652497306	-5.642269651684739	138.0	31	1.05	0.95				
	306	1	74.13097119157894	15.262258774736843	0.0	-100.0	3	1.034277915119994	-6.813627044925869	138.0	32	1.05	0.95				
	307	2	68.13508381578947	13.627016763157892	0.0	0.0	3	0.95	-4.651384873250307	138.0	32	1.05	0.95				
	308	1	93.20879465999998	19.077823468421048	0.0	0.0	3	0.967107871808456	-5.5349143790878665	138.0	32	1.05	0.95				
	309	1	95.38911734210525	19.622904138947366	0.0	0.0	3	1.0115946593095382	0.20326467020383082	138.0	33	1.05	0.95				
	310	1	106.29073075263156	21.80322682105263	0.0	0.0	3	1.0398393533564152	-4.8686514605011455	138.0	33	1.05	0.95				
	311	1	0.0	0.0	0.0	0.0	3	0.9992344911171528	-0.5434111839060103	230.0	33	1.05	0.95				
	312	1	0.0	0.0	0.0	0.0	3	1.002964740478604	0.3437890548879978	230.0	33	1.05	0.95				
	313	2	144.44637768947365	29.434356208421047	0.0	0.0	3	0.9995061686625929	2.1266183383477624	230.0	34	1.05	0.95				
	314	2	105.74565008210524	21.258146150526315	0.0	0.0	3	0.996764876443164	-0.9852982744094719	230.0	36	1.05	0.95				
	315	2	172.79057255684208	34.885162913684205	0.0	0.0	3	1.05	2.073569191259838	230.0	36	1.05	0.95				
	316	2	54.50806705263157	10.901613410526314	0.0	0.0	3	1.0373382326890457	1.696911278471533	230.0	36	1.05	0.95				
	317	1	0.0	0.0	0.0	0.0	3	1.05	4.7045921292698205	230.0	37	1.05	0.95				
	318	2	181.51186328526313	37.06548559578947	0.0	0.0	3	1.0494353306027322	3.0414467376153613	230.0	37	1.05	0.95				
	319	1	98.65960136526314	20.16798480947368	0.0	0.0	3	1.0233718321344565	1.4150464860433998	230.0	35	1.05	0.95				
	320	1	69.77032582736841	14.172097433684208	0.0	0.0	3	1.0155260545899867	2.236793721980774	230.0	35	1.05	0.95				
	321	2	0.0	0.0	0.0	0.0	3	1.05	3.3086256237462273	230.0	37	1.05	0.95				
	322	2	0.0	0.0	0.0	0.0	3	1.05	8.204594806247702	230.0	37	1.05	0.95				
	323	2	0.0	0.0	0.0	0.0	3	1.0125990936365001	3.1238105078243055	230.0	35	1.05	0.95				
	324	1	0.0	0.0	0.0	0.0	3	1.0470226261107327	5.644299174668967	230.0	36	1.05	0.95				
	325	1	0.0	0.0	0.0	0.0	3	1.0126322976545652	4.189292464908916	230.0	35	1.05	0.95				
];
