%% MATPOWER Case Format : Version 2
function mpc = RTS_GMLC
mpc.version = '2';

%%-----  Power Flow Data  -----%%
%% system MVA base
mpc.baseMVA = 100.0;
%% bus data
%    bus_i    type    Pd    Qd    Gs    Bs    area    Vm    Va    baseKV    zone    Vmax    Vmin
mpc.bus = [
	101	2	37.24690747073684	7.587333003298245	0.0	0.0	1	1.0315565539999014	3.541354933090508	138.0	11	1.05	0.95				
	102	2	33.453240969087716	6.89757545754386	0.0	0.0	1	1.0306746934722564	3.2976098219461183	138.0	12	1.05	0.95				
	103	1	62.07817911789474	12.76051459645614	0.0	0.0	1	1.0307130707058876	1.217647389632775	138.0	11	1.05	0.95				
	104	1	25.52102919291228	5.173181593157895	0.0	0.0	1	1.0218755685525283	0.12767776855114465	138.0	11	1.05	0.95				
	105	1	24.486392874280703	4.828302820280702	0.0	0.0	1	1.035941150649561	0.426440369808724	138.0	11	1.05	0.95				
	106	1	46.90351311129825	9.656605640561404	0.0	-100.0	1	1.047152823137504	-1.7203245956805258	138.0	12	1.05	0.95				
	107	2	43.109846609649125	8.621969321929825	0.0	0.0	1	1.0002481949147746	-7.0240710775857105	138.0	12	1.05	0.95				
	108	1	58.974270161999996	12.070757050701754	0.0	0.0	1	1.0069944077875028	-5.687563812375573	138.0	12	1.05	0.95				
	109	1	60.353785253508775	12.415635823578947	0.0	0.0	1	1.0249046928964578	-1.0580425403910545	138.0	13	1.05	0.95				
	110	1	67.25136071105263	13.79515091508772	0.0	0.0	1	1.05	-1.6363138824177204	138.0	13	1.05	0.95				
	111	1	0.0	0.0	0.0	0.0	1	1.0017646371110807	0.1893877585373531	230.0	13	1.05	0.95				
	112	1	0.0	0.0	0.0	0.0	1	1.006602808557641	0.4671972337803836	230.0	13	1.05	0.95				
	113	3	91.39287481245614	18.62345373536842	0.0	0.0	1	0.9900558154355462	-3.1116294437727914e-27	230.0	14	1.05	0.95				
	114	2	66.90648193817543	13.450272142210526	0.0	0.0	1	0.9984951910516904	2.023961708619223	230.0	16	1.05	0.95				
	115	2	109.32657100207017	22.07224146414035	0.0	0.0	1	1.0376371258916324	6.911196798743333	230.0	16	1.05	0.95				
	116	2	34.4878772877193	6.89757545754386	0.0	0.0	1	1.0321747749544257	6.553851355361229	230.0	16	1.05	0.95				
	117	1	0.0	0.0	0.0	0.0	1	1.0416988372265379	8.112876732644267	230.0	17	1.05	0.95				
	118	2	114.84463136810528	23.451756555649126	0.0	0.0	1	1.0451115891778657	7.969004208876393	230.0	17	1.05	0.95				
	119	1	62.42305789077193	12.76051459645614	0.0	0.0	1	1.025362196781171	5.668892445249395	230.0	15	1.05	0.95				
	120	1	44.1444829282807	8.966848094807018	0.0	0.0	1	1.0214313190119346	5.571088807227896	230.0	15	1.05	0.95				
	121	2	0.0	0.0	0.0	0.0	1	1.05	8.621499045110609	230.0	17	1.05	0.95				
	122	2	0.0	0.0	0.0	0.0	1	1.05	15.476851612780198	230.0	17	1.05	0.95				
	123	2	0.0	0.0	0.0	0.0	1	1.0194282694130492	5.7891687013758775	230.0	15	1.05	0.95				
	124	1	0.0	0.0	0.0	0.0	1	1.0270854846874935	4.778720676712923	230.0	16	1.05	0.95				
	201	2	42.7886038231579	8.71619707508772	0.0	0.0	2	1.0252399208483047	-7.46736036655687	138.0	21	1.05	0.95				
	202	2	38.43050528561404	7.923815522807019	0.0	0.0	2	1.0262481989542511	-7.273162335936824	138.0	22	1.05	0.95				
	203	1	71.31433970526317	14.659058717192982	0.0	0.0	2	1.0174070196173621	-6.8432366571235725	138.0	21	1.05	0.95				
	204	1	29.318117434385965	5.942861642105264	0.0	0.0	2	1.0181425155801334	-9.142514505591327	138.0	21	1.05	0.95				
	205	1	28.129545105964915	5.546670865964914	0.0	0.0	2	1.0327636022347548	-9.391849774863301	138.0	21	1.05	0.95				
	206	1	53.88194555508773	11.093341731929828	0.0	-100.0	2	1.0452976283609934	-10.82398202667596	138.0	22	1.05	0.95				
	207	2	49.523847017543865	9.904769403508773	0.0	0.0	2	0.9913016335282852	-16.592681660462702	138.0	22	1.05	0.95				
	208	1	67.74862272	13.86667716491228	0.0	0.0	2	0.9991026215893056	-14.834804031054192	138.0	22	1.05	0.95				
	209	1	69.33338582456142	14.262867941052631	0.0	0.0	2	1.0225226057402963	-9.041101467174595	138.0	23	1.05	0.95				
	210	1	77.25720134736844	15.847631045614039	0.0	0.0	2	1.05	-10.068252516795186	138.0	23	1.05	0.95				
	211	1	0.0	0.0	0.0	0.0	2	1.0033584418453514	-6.727657221637495	230.0	23	1.05	0.95				
	212	1	0.0	0.0	0.0	0.0	2	1.0086589666526093	-6.33814783863583	230.0	23	1.05	0.95				
	213	2	104.990555677193	21.39430191157895	0.0	0.0	2	0.9966019218897997	-6.021143169150788	230.0	24	1.05	0.95				
	214	2	76.86101057122808	15.451440269473688	0.0	0.0	2	1.0020554229063672	-4.388058886183504	230.0	26	1.05	0.95				
	215	2	125.59247603649123	25.35620967298246	0.0	0.0	2	1.0217430219062262	1.5923002918273625	230.0	26	1.05	0.95				
	216	2	39.61907761403509	7.923815522807019	0.0	0.0	2	1.023745732121512	1.286801782387195	230.0	26	1.05	0.95				
	217	1	0.0	0.0	0.0	0.0	2	1.0289166204366647	3.620896301988373	230.0	27	1.05	0.95				
	218	2	131.93152845473685	26.940972777543866	0.0	0.0	2	1.0292873497749397	3.599639295450661	230.0	27	1.05	0.95				
	219	1	71.71053048140352	14.659058717192982	0.0	0.0	2	1.0250236434264104	0.3269134950045216	230.0	25	1.05	0.95				
	220	1	50.71241934596492	10.300960179649124	0.0	0.0	2	1.0287445357635225	0.2719806428533857	230.0	25	1.05	0.95				
	221	2	0.0	0.0	0.0	0.0	2	1.0301785504512317	3.7146695047792475	230.0	27	1.05	0.95				
	222	2	0.0	0.0	0.0	0.0	2	1.0499999996263245	10.169985684495733	230.0	27	1.05	0.95				
	223	2	0.0	0.0	0.0	0.0	2	1.0311808650870748	0.5446414339626885	230.0	25	1.05	0.95				
	224	1	0.0	0.0	0.0	0.0	2	1.00961889455714	-1.584475119242271	230.0	26	1.05	0.95				
	301	2	54.08541602526316	11.017399560701755	0.0	0.0	3	1.0101691022345425	-26.1618565715654	138.0	31	1.05	0.95				
	302	2	48.57671624491228	10.015817782456141	0.0	0.0	3	1.0092472240226822	-26.37128167829598	138.0	32	1.05	0.95				
	303	1	90.14236004210527	18.52926289754386	0.0	0.0	3	1.0382128331751121	-16.98104006873007	138.0	31	1.05	0.95				
	304	1	37.05852579508772	7.511863336842104	0.0	0.0	3	1.0103832371064871	-24.81563001304926	138.0	31	1.05	0.95				
	305	1	35.5561531277193	7.011072447719299	0.0	0.0	3	1.023670233106912	-26.109918784067318	138.0	31	1.05	0.95				
	306	1	68.10756092070176	14.022144895438599	0.0	-100.0	3	1.0386651644144487	-26.658204928713413	138.0	32	1.05	0.95				
	307	2	62.59886114035087	12.519772228070176	0.0	0.0	3	0.9917399078772813	-32.08171151571663	138.0	32	1.05	0.95				
	308	1	85.63524204	17.527681119298244	0.0	0.0	3	0.995949484772009	-29.764871730920536	138.0	32	1.05	0.95				
	309	1	87.63840559649122	18.02847200842105	0.0	0.0	3	1.0277099970747128	-21.501112653671452	138.0	33	1.05	0.95				
	310	1	97.65422337894736	20.031635564912282	0.0	0.0	3	1.05	-24.44760181526732	138.0	33	1.05	0.95				
	311	1	0.0	0.0	0.0	0.0	3	1.0120668992696158	-18.546750942244657	230.0	33	1.05	0.95				
	312	1	0.0	0.0	0.0	0.0	3	1.0153077327417315	-17.726309489003654	230.0	33	1.05	0.95				
	313	2	132.70958561754384	27.04270801263158	0.0	0.0	3	1.015254184912193	-14.997117864302327	230.0	34	1.05	0.95				
	314	2	97.15343248982455	19.530844675789474	0.0	0.0	3	1.0144575141256085	-17.154972943655896	230.0	36	1.05	0.95				
	315	2	158.75071185192982	32.05061690385965	0.0	0.0	3	1.0371582440074663	-12.862076824423575	230.0	36	1.05	0.95				
	316	2	50.0790889122807	10.015817782456141	0.0	0.0	3	1.0370148229172413	-12.17226039389705	230.0	36	1.05	0.95				
	317	1	0.0	0.0	0.0	0.0	3	1.0401922984169207	-10.966043841895347	230.0	37	1.05	0.95				
	318	2	166.76336607789472	34.05378046035088	0.0	0.0	3	1.0391086309238184	-10.877638122104935	230.0	37	1.05	0.95				
	319	1	90.64315093122806	18.52926289754386	0.0	0.0	3	1.0355175445687352	-12.519511762038611	230.0	35	1.05	0.95				
	320	1	64.1012338077193	13.020563117192982	0.0	0.0	3	1.0378708362280118	-11.86423889962901	230.0	35	1.05	0.95				
	321	2	0.0	0.0	0.0	0.0	3	1.0401479072803257	-11.024585369970797	230.0	37	1.05	0.95				
	322	2	0.0	0.0	0.0	0.0	3	1.05	-6.68443103471616	230.0	37	1.05	0.95				
	323	2	0.0	0.0	0.0	0.0	3	1.0401960397937087	-11.130853148304123	230.0	35	1.05	0.95				
	324	1	0.0	0.0	0.0	0.0	3	1.030926146826387	-14.417998036836558	230.0	36	1.05	0.95				
	325	1	0.0	0.0	0.0	0.0	3	1.0337507078456931	-9.50833887762831	230.0	35	1.05	0.95				
];
