%% MATPOWER Case Format : Version 2
function mpc = RTS_GMLC
mpc.version = '2';

%%-----  Power Flow Data  -----%%
%% system MVA base
mpc.baseMVA = 100.0;
%% bus data
%    bus_i    type    Pd    Qd    Gs    Bs    area    Vm    Va    baseKV    zone    Vmax    Vmin
mpc.bus = [
	101	2	45.062345368421056	9.179366649122807	0.0	0.0	1	1.0136908512018772	-4.0639651972976925	138.0	11	1.05	0.95				
	102	2	40.47266204385965	8.344878771929826	0.0	0.0	1	1.0134511030689983	-4.292783001778471	138.0	12	1.05	0.95				
	103	1	75.10390894736842	15.438025728070176	0.0	0.0	1	1.0023876019598827	-0.20895892516072168	138.0	11	1.05	0.95				
	104	1	30.876051456140353	6.2586590789473675	0.0	0.0	1	1.0034539545830856	-4.379774930816189	138.0	11	1.05	0.95				
	105	1	29.624319640350876	5.841415140350878	0.0	0.0	1	1.016648383958349	-5.466601679355857	138.0	11	1.05	0.95				
	106	1	56.745175649122814	11.682830280701756	0.0	-100.0	1	1.0260257302700262	-6.750743209089391	138.0	12	1.05	0.95				
	107	2	52.1554923245614	10.431098464912282	0.0	0.0	1	0.9863188140892765	-10.014226520747703	138.0	12	1.05	0.95				
	108	1	71.34871349999999	14.60353785087719	0.0	0.0	1	0.9875070210968343	-9.096982263048327	138.0	12	1.05	0.95				
	109	1	73.01768925438597	15.020781789473684	0.0	0.0	1	1.0020127697103887	-3.7445519466296644	138.0	13	1.05	0.95				
	110	1	81.36256802631578	16.689757543859653	0.0	0.0	1	1.029621880624108	-5.5134828205054225	138.0	13	1.05	0.95				
	111	1	0.0	0.0	0.0	0.0	1	0.9810877517059812	-1.2771322012037445	230.0	13	1.05	0.95				
	112	1	0.0	0.0	0.0	0.0	1	0.9824788546585606	-1.7217931698374853	230.0	13	1.05	0.95				
	113	3	110.56964372807016	22.531172684210528	0.0	0.0	1	0.9643631170473425	1.616606044083699e-26	230.0	14	1.05	0.95				
	114	2	80.9453240877193	16.272513605263157	0.0	0.0	1	0.9878646309123801	1.1197061651189648	230.0	16	1.05	0.95				
	115	2	132.2663285350877	26.703612070175435	0.0	0.0	1	0.990156290122165	8.617424978399875	230.0	16	1.05	0.95				
	116	2	41.724393859649126	8.344878771929826	0.0	0.0	1	0.9901522723322833	7.352626598760408	230.0	16	1.05	0.95				
	117	1	0.0	0.0	0.0	0.0	1	0.9954097952616224	11.864965929119876	230.0	17	1.05	0.95				
	118	2	138.9422315526316	28.372587824561407	0.0	0.0	1	0.9991135787125754	12.54970667194116	230.0	17	1.05	0.95				
	119	1	75.52115288596491	15.438025728070176	0.0	0.0	1	0.9902750347423265	4.63800823443897	230.0	15	1.05	0.95				
	120	1	53.40722414035087	10.848342403508772	0.0	0.0	1	0.9939458917709884	2.6469641927691154	230.0	15	1.05	0.95				
	121	2	0.0	0.0	0.0	0.0	1	0.998859537061147	13.90333837394498	230.0	17	1.05	0.95				
	122	2	0.0	0.0	0.0	0.0	1	1.017967240371187	24.754850571525036	230.0	17	1.05	0.95				
	123	2	0.0	0.0	0.0	0.0	1	0.9967666630179011	1.8975825247597413	230.0	15	1.05	0.95				
	124	1	0.0	0.0	0.0	0.0	1	0.9841557787591585	5.2336136037688235	230.0	16	1.05	0.95				
	201	2	45.25358096842106	9.218322049122808	0.0	0.0	2	1.010775288122563	-9.629664294138832	138.0	21	1.05	0.95				
	202	2	40.64441994385965	8.380292771929826	0.0	0.0	2	1.0096053832571108	-9.820998330451696	138.0	22	1.05	0.95				
	203	1	75.42263494736842	15.503541628070176	0.0	0.0	2	0.9968474359895348	-7.36757442826695	138.0	21	1.05	0.95				
	204	1	31.00708325614035	6.285219578947368	0.0	0.0	2	1.0008764661247072	-8.896417904982775	138.0	21	1.05	0.95				
	205	1	29.750039340350874	5.866204940350878	0.0	0.0	2	1.0170059243398049	-9.203895004772495	138.0	21	1.05	0.95				
	206	1	56.985990849122814	11.732409880701756	0.0	-100.0	2	1.0284510855437992	-9.490182373836566	138.0	22	1.05	0.95				
	207	2	52.3768298245614	10.475365964912282	0.0	0.0	2	0.9712466597808794	-14.598529863450114	138.0	22	1.05	0.95				
	208	1	71.6515032	14.665512350877192	0.0	0.0	2	0.9794072069876848	-12.657945492519156	138.0	22	1.05	0.95				
	209	1	73.32756175438597	15.084526989473684	0.0	0.0	2	1.0064953169165338	-6.350988252325645	138.0	23	1.05	0.95				
	210	1	81.7078545263158	16.76058554385965	0.0	0.0	2	1.0337270324644507	-7.389439225353138	138.0	23	1.05	0.95				
	211	1	0.0	0.0	0.0	0.0	2	0.9878618443503485	-3.923976075701376	230.0	23	1.05	0.95				
	212	1	0.0	0.0	0.0	0.0	2	0.990237537574221	1.0623197295133426	230.0	23	1.05	0.95				
	213	2	111.03887922807016	22.62679048421053	0.0	0.0	2	0.9847585468137102	-1.2886034992136675	230.0	24	1.05	0.95				
	214	2	81.2888398877193	16.341570905263158	0.0	0.0	2	0.9842038610261119	-3.149662070425095	230.0	26	1.05	0.95				
	215	2	132.82764043508772	26.81693687017544	0.0	0.0	2	0.9917717725669594	0.9992359757379664	230.0	26	1.05	0.95				
	216	2	41.90146385964913	8.380292771929826	0.0	0.0	2	0.9902400039277337	0.7178528726247024	230.0	26	1.05	0.95				
	217	1	0.0	0.0	0.0	0.0	2	0.9997628406190483	1.5882049990040625	230.0	27	1.05	0.95				
	218	2	139.5318746526316	28.492995424561407	0.0	0.0	2	1.0003630242831685	1.1783772324109267	230.0	27	1.05	0.95				
	219	1	75.84164958596492	15.503541628070176	0.0	0.0	2	0.9849725431624209	1.63167206776939	230.0	25	1.05	0.95				
	220	1	53.63387374035088	10.894380603508774	0.0	0.0	2	0.9838133194155518	3.3191066251994044	230.0	25	1.05	0.95				
	221	2	0.0	0.0	0.0	0.0	2	1.0027488701608953	1.8408994280785733	230.0	27	1.05	0.95				
	222	2	0.0	0.0	0.0	0.0	2	1.0209912331203825	7.735481242294007	230.0	27	1.05	0.95				
	223	2	0.0	0.0	0.0	0.0	2	0.9844742677692084	4.59962018161886	230.0	25	1.05	0.95				
	224	1	0.0	0.0	0.0	0.0	2	0.9835579059315255	-2.1840814488580635	230.0	26	1.05	0.95				
	301	2	48.27712748210527	9.834229672280703	0.0	0.0	3	1.0094138070373917	24.99537081660901	138.0	31	1.05	0.95				
	302	2	43.360012645964915	8.940208792982457	0.0	0.0	3	1.009666220756909	24.95562991566549	138.0	32	1.05	0.95				
	303	1	80.46187913684211	16.539386267017544	0.0	0.0	3	0.997467812268671	27.726871366288172	138.0	31	1.05	0.95				
	304	1	33.07877253403509	6.705156594736843	0.0	0.0	3	1.0011984187320908	26.559023239358748	138.0	31	1.05	0.95				
	305	1	31.737741215087723	6.258146155087721	0.0	0.0	3	1.017217304728752	26.55563145243302	138.0	31	1.05	0.95				
	306	1	60.79341979228071	12.516292310175443	0.0	-100.0	3	1.0305039212966651	26.893383574963373	138.0	32	1.05	0.95				
	307	2	55.87630495614035	11.175260991228072	0.0	0.0	3	0.9716188554881616	24.940595872409403	138.0	32	1.05	0.95				
	308	1	76.43878518	15.645365387719298	0.0	0.0	3	0.9881655901056768	26.87180278659221	138.0	32	1.05	0.95				
	309	1	78.22682693859649	16.09237582736842	0.0	0.0	3	1.0088257408919228	29.770888941651634	138.0	33	1.05	0.95				
	310	1	87.16703573157896	17.880417585964913	0.0	0.0	3	1.0377039830314	29.59622130169406	138.0	33	1.05	0.95				
	311	1	0.0	0.0	0.0	0.0	3	0.9868154863353739	34.42897279105368	230.0	33	1.05	0.95				
	312	1	0.0	0.0	0.0	0.0	3	0.994032579517826	34.60223224142955	230.0	33	1.05	0.95				
	313	2	118.45776650701755	24.138563741052636	0.0	0.0	3	0.9960450475202688	40.08066692345514	230.0	34	1.05	0.95				
	314	2	86.72002529192983	17.43340714631579	0.0	0.0	3	0.9767923508801911	34.35343081943222	230.0	36	1.05	0.95				
	315	2	141.70230936877195	28.608668137543862	0.0	0.0	3	0.9838617487049053	30.02323072342683	230.0	36	1.05	0.95				
	316	2	44.70104396491229	8.940208792982457	0.0	0.0	3	0.973316845748466	31.261223774348547	230.0	36	1.05	0.95				
	317	1	0.0	0.0	0.0	0.0	3	0.9897045988358879	32.243173045349636	230.0	37	1.05	0.95				
	318	2	148.85447640315792	30.396709896140354	0.0	0.0	3	0.98683489792755	28.861512837986808	230.0	37	1.05	0.95				
	319	1	80.90888957649123	16.539386267017544	0.0	0.0	3	0.9817016716331075	32.1719547987518	230.0	35	1.05	0.95				
	320	1	57.217336275087725	11.622271430877195	0.0	0.0	3	0.9884055426207378	32.07372910357924	230.0	35	1.05	0.95				
	321	2	0.0	0.0	0.0	0.0	3	0.9938524704496425	29.837972934282604	230.0	37	1.05	0.95				
	322	2	0.0	0.0	0.0	0.0	3	1.0115283086066904	34.679012359531434	230.0	37	1.05	0.95				
	323	2	0.0	0.0	0.0	0.0	3	0.991034214005786	31.60384745919787	230.0	35	1.05	0.95				
	324	1	0.0	0.0	0.0	0.0	3	0.9865162088326765	31.15325652291854	230.0	36	1.05	0.95				
	325	1	0.0	0.0	0.0	0.0	3	0.9917750676921799	30.109497885044046	230.0	35	1.05	0.95				
];
