%% MATPOWER Case Format : Version 2
function mpc = RTS_GMLC
mpc.version = '2';

%%-----  Power Flow Data  -----%%
%% system MVA base
mpc.baseMVA = 100.0;
%% bus data
%    bus_i    type    Pd    Qd    Gs    Bs    area    Vm    Va    baseKV    zone    Vmax    Vmin
mpc.bus = [
	101	2	45.944087077894736	9.358980701052632	0.0	0.0	1	0.998482012521296	-3.8467812684822182	138.0	11	1.05	0.95				
	102	2	41.26459672736842	8.50816427368421	0.0	0.0	1	0.9979017951570032	-4.07962625388901	138.0	12	1.05	0.95				
	103	1	76.5734784631579	15.740103906315788	0.0	0.0	1	1.02580035844709	0.6925288807537738	138.0	11	1.05	0.95				
	104	1	31.480207812631576	6.381123205263157	0.0	0.0	1	1.0091748051181106	-4.204719410714684	138.0	11	1.05	0.95				
	105	1	30.203983171578948	5.955714991578947	0.0	0.0	1	1.0188222636331274	-5.252109294288354	138.0	11	1.05	0.95				
	106	1	57.85551706105263	11.911429983157895	0.0	-100.0	1	1.0378454110189401	-6.519117983762683	138.0	12	1.05	0.95				
	107	2	53.176026710526315	10.635205342105262	0.0	0.0	1	0.9865385594445831	-10.9827391827011	138.0	12	1.05	0.95				
	108	1	72.74480453999999	14.889287478947367	0.0	0.0	1	0.9964542059093747	-9.47479161164692	138.0	12	1.05	0.95				
	109	1	74.44643739473685	15.314695692631577	0.0	0.0	1	1.0264657626212517	-3.3582905648283234	138.0	13	1.05	0.95				
	110	1	82.95460166842105	17.01632854736842	0.0	0.0	1	1.05	-5.258878832617918	138.0	13	1.05	0.95				
	111	1	0.0	0.0	0.0	0.0	1	1.0201169987634386	-0.495780683596929	230.0	13	1.05	0.95				
	112	1	0.0	0.0	0.0	0.0	1	1.0146835583178364	-1.4391500119890543	230.0	13	1.05	0.95				
	113	3	112.7331766263158	22.972043538947368	0.0	0.0	1	1.0001092112151022	6.464496989566181e-27	230.0	14	1.05	0.95				
	114	2	82.52919345473684	16.59092033368421	0.0	0.0	1	1.0488694036356174	2.802017633740329	230.0	16	1.05	0.95				
	115	2	134.85440373789473	27.226125675789476	0.0	0.0	1	1.0432195152367152	11.841311560842001	230.0	16	1.05	0.95				
	116	2	42.54082136842105	8.50816427368421	0.0	0.0	1	1.0443539872081007	10.218331672443831	230.0	16	1.05	0.95				
	117	1	0.0	0.0	0.0	0.0	1	1.0420711234594482	16.073360189554254	230.0	17	1.05	0.95				
	118	2	141.6609351568421	28.927758530526315	0.0	0.0	1	1.049999993434124	16.623882197086694	230.0	17	1.05	0.95				
	119	1	76.9988866768421	15.740103906315788	0.0	0.0	1	1.040605208728375	6.378567059019913	230.0	15	1.05	0.95				
	120	1	54.45225135157895	11.060613555789473	0.0	0.0	1	1.0429903030422936	3.5832949298677588	230.0	15	1.05	0.95				
	121	2	0.0	0.0	0.0	0.0	1	1.043039402150703	17.987873064374984	230.0	17	1.05	0.95				
	122	2	0.0	0.0	0.0	0.0	1	1.05	35.95094431753253	230.0	17	1.05	0.95				
	123	2	0.0	0.0	0.0	0.0	1	1.0453786849207658	2.3671708279355137	230.0	15	1.05	0.95				
	124	1	0.0	0.0	0.0	0.0	1	1.0227497883342058	7.6919438948491585	230.0	16	1.05	0.95				
	201	2	44.64158665263158	9.093656540350878	0.0	0.0	2	1.013870244094238	-13.593359604602208	138.0	21	1.05	0.95				
	202	2	40.09475838245614	8.26696049122807	0.0	0.0	2	1.013085497423853	-13.85028175511378	138.0	22	1.05	0.95				
	203	1	74.40264442105263	15.293876908771932	0.0	0.0	2	1.0124565085875135	-10.40793057472673	138.0	21	1.05	0.95				
	204	1	30.587753817543863	6.200220368421053	0.0	0.0	2	1.011977484195126	-13.294775326426167	138.0	21	1.05	0.95				
	205	1	29.347709743859646	5.78687234385965	0.0	0.0	2	1.026871708838433	-13.66574552585438	138.0	21	1.05	0.95				
	206	1	56.215331340350886	11.5737446877193	0.0	-100.0	2	1.042155626093907	-14.22334451550103	138.0	22	1.05	0.95				
	207	2	51.66850307017544	10.333700614035088	0.0	0.0	2	0.9967807354229629	-19.19146652339667	138.0	22	1.05	0.95				
	208	1	70.6825122	14.467180859649122	0.0	0.0	2	1.0016888729340971	-17.323744536400206	138.0	22	1.05	0.95				
	209	1	72.33590429824561	14.880528884210525	0.0	0.0	2	1.0231087699836978	-11.128662950452048	138.0	23	1.05	0.95				
	210	1	80.60286478947368	16.53392098245614	0.0	0.0	2	1.05	-12.407862256496609	138.0	23	1.05	0.95				
	211	1	0.0	0.0	0.0	0.0	2	1.004901682205299	-8.719746604054693	230.0	23	1.05	0.95				
	212	1	0.0	0.0	0.0	0.0	2	1.0095890333139013	-5.415590120304254	230.0	23	1.05	0.95				
	213	2	109.53722650877194	22.32079332631579	0.0	0.0	2	0.9985727082670098	-6.955090954458403	230.0	24	1.05	0.95				
	214	2	80.18951676491228	16.120572957894737	0.0	0.0	2	1.0050995541828218	-7.089054031316103	230.0	26	1.05	0.95				
	215	2	131.0313237859649	26.454273571929825	0.0	0.0	2	1.0241079187070867	-1.417569462457647	230.0	26	1.05	0.95				
	216	2	41.33480245614035	8.26696049122807	0.0	0.0	2	1.0236318745954858	-2.2617169673127706	230.0	26	1.05	0.95				
	217	1	0.0	0.0	0.0	0.0	2	1.032708583371425	-0.39398434900625584	230.0	27	1.05	0.95				
	218	2	137.64489217894737	28.107665670175443	0.0	0.0	2	1.0313152024912686	-0.7984413219436711	230.0	27	1.05	0.95				
	219	1	74.81599244561404	15.293876908771932	0.0	0.0	2	1.019889301357993	-2.673123214581228	230.0	25	1.05	0.95				
	220	1	52.90854714385965	10.747048638596493	0.0	0.0	2	1.0193672426020168	-2.214104053844784	230.0	25	1.05	0.95				
	221	2	0.0	0.0	0.0	0.0	2	1.031896080184757	-0.20884389900307393	230.0	27	1.05	0.95				
	222	2	0.0	0.0	0.0	0.0	2	1.0499999983858106	6.213149038401267	230.0	27	1.05	0.95				
	223	2	0.0	0.0	0.0	0.0	2	1.0196913329652246	-1.6380624175114604	230.0	25	1.05	0.95				
	224	1	0.0	0.0	0.0	0.0	2	1.0086105792785156	-4.778020236882983	230.0	26	1.05	0.95				
	301	2	64.06200568421053	13.049667824561404	0.0	0.0	3	1.0104397008261483	6.067829011526143	138.0	31	1.05	0.95				
	302	2	57.53717177192982	11.863334385964913	0.0	0.0	3	1.009198211453033	5.826301178610145	138.0	32	1.05	0.95				
	303	1	106.7700094736842	21.947168614035085	0.0	0.0	3	1.0445672028466437	16.517830675043726	138.0	31	1.05	0.95				
	304	1	43.89433722807017	8.897500789473684	0.0	0.0	3	1.008583778993749	7.617696503439356	138.0	31	1.05	0.95				
	305	1	42.11483707017544	8.30433407017544	0.0	0.0	3	1.0223711715643033	6.314759589332396	138.0	31	1.05	0.95				
	306	1	80.67067382456142	16.60866814035088	0.0	-100.0	3	1.035894182572938	5.790661524665601	138.0	32	1.05	0.95				
	307	2	74.14583991228069	14.82916798245614	0.0	0.0	3	0.9933711381027939	0.9842357696477565	138.0	32	1.05	0.95				
	308	1	101.43150899999999	20.760835175438594	0.0	0.0	3	0.9982943467266908	3.7212684561969516	138.0	32	1.05	0.95				
	309	1	103.80417587719298	21.35400189473684	0.0	0.0	3	1.0285073608869288	11.495527604701454	138.0	33	1.05	0.95				
	310	1	115.6675102631579	23.726668771929827	0.0	0.0	3	1.05	8.466108397693082	138.0	33	1.05	0.95				
	311	1	0.0	0.0	0.0	0.0	3	1.0128994179514834	13.967007051485279	230.0	33	1.05	0.95				
	312	1	0.0	0.0	0.0	0.0	3	1.0159022470679846	14.60582266410554	230.0	33	1.05	0.95				
	313	2	157.18918061403508	32.031002842105266	0.0	0.0	3	1.0155037275946872	17.871334633588127	230.0	34	1.05	0.95				
	314	2	115.07434354385964	23.13350205263158	0.0	0.0	3	1.0150985217850588	14.608439563215528	230.0	36	1.05	0.95				
	315	2	188.03385001754384	37.96267003508772	0.0	0.0	3	1.042442230521363	14.19620539114768	230.0	36	1.05	0.95				
	316	2	59.31667192982456	11.863334385964913	0.0	0.0	3	1.0387855895577092	14.757309972183355	230.0	36	1.05	0.95				
	317	1	0.0	0.0	0.0	0.0	3	1.0499999252641434	17.119536913142802	230.0	37	1.05	0.95				
	318	2	197.52451752631578	40.33533691228071	0.0	0.0	3	1.0465347821078412	14.227710188215346	230.0	37	1.05	0.95				
	319	1	107.36317619298245	21.947168614035085	0.0	0.0	3	1.0320232979623385	15.445340171712536	230.0	35	1.05	0.95				
	320	1	75.92534007017544	15.422334701754387	0.0	0.0	3	1.028147718260329	15.994210825031997	230.0	35	1.05	0.95				
	321	2	0.0	0.0	0.0	0.0	3	1.0459411522249928	14.863281158802545	230.0	37	1.05	0.95				
	322	2	0.0	0.0	0.0	0.0	3	1.05	20.09153899020681	230.0	37	1.05	0.95				
	323	2	0.0	0.0	0.0	0.0	3	1.026097870428965	16.215823122035506	230.0	35	1.05	0.95				
	324	1	0.0	0.0	0.0	0.0	3	1.0418814230054276	16.338239372352295	230.0	36	1.05	0.95				
	325	1	0.0	0.0	0.0	0.0	3	1.0280345462933305	16.374854138278256	230.0	35	1.05	0.95				
];
