%% MATPOWER Case Format : Version 2
function mpc = RTS_GMLC
mpc.version = '2';

%%-----  Power Flow Data  -----%%
%% system MVA base
mpc.baseMVA = 100.0;
%% bus data
%    bus_i    type    Pd    Qd    Gs    Bs    area    Vm    Va    baseKV    zone    Vmax    Vmin
mpc.bus = [
	101	2	69.00296881263158	14.05616031368421	0.0	0.0	1	1.023469263189359	-1.8767573225006968	138.0	11	1.05	0.95				
	102	2	61.97488865578947	12.77832755789474	0.0	0.0	1	1.022388039200203	-2.227491135356249	138.0	12	1.05	0.95				
	103	1	115.00494802105263	23.639905982105265	0.0	0.0	1	1.0194551205343405	-1.5972360795677822	138.0	11	1.05	0.95				
	104	1	47.27981196421053	9.583745668421052	0.0	0.0	1	1.0142386428915922	-4.926995980795168	138.0	11	1.05	0.95				
	105	1	45.36306283052632	8.944829290526316	0.0	0.0	1	1.0279082669073938	-5.128637406602978	138.0	11	1.05	0.95				
	106	1	86.89262739368422	17.889658581052633	0.0	-100.0	1	1.036818259495716	-7.59527342558843	138.0	12	1.05	0.95				
	107	2	79.86454723684211	15.972909447368423	0.0	0.0	1	0.9918524443385102	-13.300488202585038	138.0	12	1.05	0.95				
	108	1	109.25470062	22.36207322631579	0.0	0.0	1	0.9924261779630789	-12.063078076999359	138.0	12	1.05	0.95				
	109	1	111.81036613157896	23.000989604210524	0.0	0.0	1	1.025889701529488	-4.894608850636561	138.0	13	1.05	0.95				
	110	1	124.5886936894737	25.55665511578948	0.0	0.0	1	1.05	-6.371134709491861	138.0	13	1.05	0.95				
	111	1	0.0	0.0	0.0	0.0	1	1.0245021174422029	-1.4555830583167777	230.0	13	1.05	0.95				
	112	1	0.0	0.0	0.0	0.0	1	1.0182586546343573	-1.3926827377979454	230.0	13	1.05	0.95				
	113	3	169.31284014210524	34.50148440631579	0.0	0.0	1	1.0145179975618517	-4.204326168011917e-30	230.0	14	1.05	0.95				
	114	2	123.94977731157894	24.91773873789474	0.0	0.0	1	1.05	1.3402875634286278	230.0	16	1.05	0.95				
	115	2	202.5364917926316	40.89064818526316	0.0	0.0	1	1.0397571428063483	10.521656664351202	230.0	16	1.05	0.95				
	116	2	63.89163778947369	12.77832755789474	0.0	0.0	1	1.0429568660957251	9.374377135117042	230.0	16	1.05	0.95				
	117	1	0.0	0.0	0.0	0.0	1	1.040317836033655	14.864695929779575	230.0	17	1.05	0.95				
	118	2	212.75915383894736	43.44631369684211	0.0	0.0	1	1.0475066750126953	15.191545780905496	230.0	17	1.05	0.95				
	119	1	115.64386439894739	23.639905982105265	0.0	0.0	1	1.0411212776720828	6.723451739754979	230.0	15	1.05	0.95				
	120	1	81.78129637052632	16.61182582526316	0.0	0.0	1	1.0459281796966353	5.5955708404183975	230.0	15	1.05	0.95				
	121	2	0.0	0.0	0.0	0.0	1	1.0432991430401688	16.991311019554104	230.0	17	1.05	0.95				
	122	2	0.0	0.0	0.0	0.0	1	1.05	34.952200710616175	230.0	17	1.05	0.95				
	123	2	0.0	0.0	0.0	0.0	1	1.05	5.445352955538536	230.0	15	1.05	0.95				
	124	1	0.0	0.0	0.0	0.0	1	1.0169838347633973	6.021962246045152	230.0	16	1.05	0.95				
	201	2	55.99748148631579	11.406894376842104	0.0	0.0	2	1.023733801381606	-9.015822792385121	138.0	21	1.05	0.95				
	202	2	50.29403429789473	10.369903978947368	0.0	0.0	2	1.0246758011025818	-8.801175044141695	138.0	22	1.05	0.95				
	203	1	93.32913581052631	19.18432236105263	0.0	0.0	2	1.0147990614002909	-8.979213233738761	138.0	21	1.05	0.95				
	204	1	38.36864472210526	7.777427984210526	0.0	0.0	2	1.0160752978792875	-9.939341882731688	138.0	21	1.05	0.95				
	205	1	36.813159125263155	7.258932785263158	0.0	0.0	2	1.030501967991961	-10.168210585445284	138.0	21	1.05	0.95				
	206	1	70.5153470568421	14.517865570526316	0.0	-100.0	2	1.0417569313996464	-11.274114564938229	138.0	22	1.05	0.95				
	207	2	64.81189986842105	12.96237997368421	0.0	0.0	2	0.9911849132008795	-18.702146817100417	138.0	22	1.05	0.95				
	208	1	88.66267901999998	18.147331963157892	0.0	0.0	2	0.994208531164265	-16.27685910185102	138.0	22	1.05	0.95				
	209	1	90.73665981578947	18.665827162105263	0.0	0.0	2	1.0243055284273908	-8.742902454411116	138.0	23	1.05	0.95				
	210	1	101.10656379473684	20.739807957894737	0.0	0.0	2	1.05	-9.675590446114539	138.0	23	1.05	0.95				
	211	1	0.0	0.0	0.0	0.0	2	1.0096357691825952	-5.534000401034995	230.0	23	1.05	0.95				
	212	1	0.0	0.0	0.0	0.0	2	1.012497211642646	-2.428749385202736	230.0	23	1.05	0.95				
	213	2	137.4012277210526	27.998740743157896	0.0	0.0	2	1.0081831296140236	-3.158649354598755	230.0	24	1.05	0.95				
	214	2	100.58806859578947	20.22131275894737	0.0	0.0	2	1.0118109678855591	-3.8606265503571398	230.0	26	1.05	0.95				
	215	2	164.36297806631578	33.18369273263158	0.0	0.0	2	1.0326568374398701	1.2638574723695455	230.0	26	1.05	0.95				
	216	2	51.84951989473684	10.369903978947368	0.0	0.0	2	1.0332556245659812	1.6501636673217315	230.0	26	1.05	0.95				
	217	1	0.0	0.0	0.0	0.0	2	1.039287960828022	2.8140764637584845	230.0	27	1.05	0.95				
	218	2	172.65890124947367	35.25767352842105	0.0	0.0	2	1.0371013096225588	2.0970493974977265	230.0	27	1.05	0.95				
	219	1	93.84763100947369	19.18432236105263	0.0	0.0	2	1.0321996879231299	2.7702340364887355	230.0	25	1.05	0.95				
	220	1	66.36738546526315	13.48087517263158	0.0	0.0	2	1.035740830059167	4.736854220786034	230.0	25	1.05	0.95				
	221	2	0.0	0.0	0.0	0.0	2	1.037895842191916	2.62558111487773	230.0	27	1.05	0.95				
	222	2	0.0	0.0	0.0	0.0	2	1.05	9.200921494575121	230.0	27	1.05	0.95				
	223	2	0.0	0.0	0.0	0.0	2	1.0395059832031792	6.199721804947664	230.0	25	1.05	0.95				
	224	1	0.0	0.0	0.0	0.0	2	1.0132869441348205	-2.544089606629796	230.0	26	1.05	0.95				
	301	2	68.2644732631579	13.905726035087717	0.0	0.0	3	1.0144515447577551	-2.759121225004925	138.0	31	1.05	0.95				
	302	2	61.311610245614034	12.641569122807017	0.0	0.0	3	1.013131752879159	-3.0200787998858982	138.0	32	1.05	0.95				
	303	1	113.77412210526316	23.38690287719298	0.0	0.0	3	1.045196246504437	9.022323350212549	138.0	31	1.05	0.95				
	304	1	46.77380575438596	9.481176842105263	0.0	0.0	3	1.0095116537348172	-0.9279251235980701	138.0	31	1.05	0.95				
	305	1	44.87757038596491	8.849098385964913	0.0	0.0	3	1.0239001449175513	-2.640349999053816	138.0	31	1.05	0.95				
	306	1	85.96267003508771	17.698196771929826	0.0	-100.0	3	1.0357084167564743	-3.2673420650907223	138.0	32	1.05	0.95				
	307	2	79.00980701754385	15.801961403508772	0.0	0.0	3	0.9918786814513618	-9.757549784640847	138.0	32	1.05	0.95				
	308	1	108.085416	22.122745964912276	0.0	0.0	3	0.991838003542367	-6.734557254644717	138.0	32	1.05	0.95				
	309	1	110.61372982456139	22.75482442105263	0.0	0.0	3	1.0289853400285163	3.351378274643197	138.0	33	1.05	0.95				
	310	1	123.25529894736842	25.283138245614033	0.0	0.0	3	1.05	-0.4958286894774199	138.0	33	1.05	0.95				
	311	1	0.0	0.0	0.0	0.0	3	1.0166507668212483	5.968596475159138	230.0	33	1.05	0.95				
	312	1	0.0	0.0	0.0	0.0	3	1.0173140367855882	6.495591821919589	230.0	33	1.05	0.95				
	313	2	167.50079087719297	34.13223663157895	0.0	0.0	3	1.021478100053929	9.835098751180006	230.0	34	1.05	0.95				
	314	2	122.62322049122807	24.651059789473685	0.0	0.0	3	1.022454415352943	7.151780861358734	230.0	36	1.05	0.95				
	315	2	200.36887059649123	40.453021192982455	0.0	0.0	3	1.0437687567075016	9.531155401036367	230.0	36	1.05	0.95				
	316	2	63.20784561403509	12.641569122807017	0.0	0.0	3	1.0406453228042365	9.739357148086647	230.0	36	1.05	0.95				
	317	1	0.0	0.0	0.0	0.0	3	1.05	13.79818217432287	230.0	37	1.05	0.95				
	318	2	210.48212589473684	42.981335017543856	0.0	0.0	3	1.0455806996848447	11.50324768605616	230.0	37	1.05	0.95				
	319	1	114.40620056140351	23.38690287719298	0.0	0.0	3	1.0329729685267262	9.433009448126858	230.0	35	1.05	0.95				
	320	1	80.90604238596491	16.434039859649122	0.0	0.0	3	1.0296407421794138	9.584503361743762	230.0	35	1.05	0.95				
	321	2	0.0	0.0	0.0	0.0	3	1.0460793726412214	11.468509824588049	230.0	37	1.05	0.95				
	322	2	0.0	0.0	0.0	0.0	3	1.05	16.725830265087318	230.0	37	1.05	0.95				
	323	2	0.0	0.0	0.0	0.0	3	1.028772497272972	9.926639186656864	230.0	35	1.05	0.95				
	324	1	0.0	0.0	0.0	0.0	3	1.0415361452020968	10.396309012731361	230.0	36	1.05	0.95				
	325	1	0.0	0.0	0.0	0.0	3	1.0290266669861803	10.529082924276954	230.0	35	1.05	0.95				
];
