%% MATPOWER Case Format : Version 2
function mpc = RTS_GMLC
mpc.version = '2';

%%-----  Power Flow Data  -----%%
%% system MVA base
mpc.baseMVA = 100.0;
%% bus data
%    bus_i    type    Pd    Qd    Gs    Bs    area    Vm    Va    baseKV    zone    Vmax    Vmin
mpc.bus = [
	101	2	57.72736269473684	11.759277585964911	0.0	0.0	1	1.0499999945426062	3.4620455704957007	138.0	11	1.05	0.95				
	102	2	51.847723901754385	10.690252350877193	0.0	0.0	1	1.048982476707656	3.1278199682469	138.0	12	1.05	0.95				
	103	1	96.21227115789472	19.776966849122804	0.0	0.0	1	1.0306543081453712	0.4629233611857117	138.0	11	1.05	0.95				
	104	1	39.55393369824561	8.017689263157894	0.0	0.0	1	1.0287598319987634	-0.4960672360335668	138.0	11	1.05	0.95				
	105	1	37.950395845614025	7.483176645614035	0.0	0.0	1	1.0420107330113604	-0.6757977393681959	138.0	11	1.05	0.95				
	106	1	72.69371598596491	14.96635329122807	0.0	-100.0	1	1.0455200396152737	-3.573922182835677	138.0	12	1.05	0.95				
	107	2	66.81407719298245	13.36281543859649	0.0	0.0	1	0.9989507199636959	-8.735581947699657	138.0	12	1.05	0.95				
	108	1	91.4016576	18.707941614035086	0.0	0.0	1	1.0005184252478307	-7.906809459013216	138.0	12	1.05	0.95				
	109	1	93.53970807017544	19.242454231578947	0.0	0.0	1	1.0250454207593551	-2.354567002064593	138.0	13	1.05	0.95				
	110	1	104.22996042105261	21.380504701754386	0.0	0.0	1	1.05	-3.2692941080327764	138.0	13	1.05	0.95				
	111	1	0.0	0.0	0.0	0.0	1	1.006745310179949	-0.6823624445045131	230.0	13	1.05	0.95				
	112	1	0.0	0.0	0.0	0.0	1	1.0102574490636205	-0.17815402180395776	230.0	13	1.05	0.95				
	113	3	141.64584364912278	28.86368134736842	0.0	0.0	1	1.000055052663005	3.401159388694607e-30	230.0	14	1.05	0.95				
	114	2	103.69544780350877	20.845992084210526	0.0	0.0	1	1.0053901934220555	0.9560668002584745	230.0	16	1.05	0.95				
	115	2	169.4404997614035	34.208807522807014	0.0	0.0	1	1.0377409896737309	6.8469319082857325	230.0	16	1.05	0.95				
	116	2	53.45126175438596	10.690252350877193	0.0	0.0	1	1.0339754869635047	6.4655351094998235	230.0	16	1.05	0.95				
	117	1	0.0	0.0	0.0	0.0	1	1.0409868976805436	8.85357108351516	230.0	17	1.05	0.95				
	118	2	177.99270164210526	36.34685799298246	0.0	0.0	1	1.0436053607057647	9.088213318573919	230.0	17	1.05	0.95				
	119	1	96.74678377543859	19.776966849122804	0.0	0.0	1	1.026971459836716	5.460354706237419	230.0	15	1.05	0.95				
	120	1	68.41761504561403	13.897328056140351	0.0	0.0	1	1.0244903099177607	5.342655116509282	230.0	15	1.05	0.95				
	121	2	0.0	0.0	0.0	0.0	1	1.0470616494646254	10.260572718761907	230.0	17	1.05	0.95				
	122	2	0.0	0.0	0.0	0.0	1	1.05	16.72585165515971	230.0	17	1.05	0.95				
	123	2	0.0	0.0	0.0	0.0	1	1.0241708531755458	5.68917835288949	230.0	15	1.05	0.95				
	124	1	0.0	0.0	0.0	0.0	1	1.0264977801401955	4.45394275454836	230.0	16	1.05	0.95				
	201	2	48.602549974736846	9.900519439298245	0.0	0.0	2	1.018528591342795	-4.711092550637109	138.0	21	1.05	0.95				
	202	2	43.65229025508772	9.00047221754386	0.0	0.0	2	1.0187461286489878	-4.6502196470310775	138.0	22	1.05	0.95				
	203	1	81.00424995789474	16.65087360245614	0.0	0.0	2	1.0151625868854524	-4.653034358413004	138.0	21	1.05	0.95				
	204	1	33.30174720491228	6.750354163157894	0.0	0.0	2	1.0147904446731046	-5.1513763325041255	138.0	21	1.05	0.95				
	205	1	31.9516763722807	6.300330552280703	0.0	0.0	2	1.0288056360562494	-5.320470438070286	138.0	21	1.05	0.95				
	206	1	61.20321107929825	12.600661104561405	0.0	-100.0	2	1.0424192114726538	-6.118052793474642	138.0	22	1.05	0.95				
	207	2	56.25295135964913	11.250590271929825	0.0	0.0	2	0.9925906488910994	-12.202552419198868	138.0	22	1.05	0.95				
	208	1	76.95403746	15.750826380701755	0.0	0.0	2	0.9980495708674285	-10.153555782760272	138.0	22	1.05	0.95				
	209	1	78.75413190350878	16.20084999157895	0.0	0.0	2	1.024418659387507	-3.7034641374396284	138.0	23	1.05	0.95				
	210	1	87.75460412105264	18.00094443508772	0.0	0.0	2	1.05	-4.489348988742246	138.0	23	1.05	0.95				
	211	1	0.0	0.0	0.0	0.0	2	1.0047666359213892	-1.2351666337986007	230.0	23	1.05	0.95				
	212	1	0.0	0.0	0.0	0.0	2	1.0126765567867637	2.942347609578663	230.0	23	1.05	0.95				
	213	2	119.25625688245614	24.301274987368423	0.0	0.0	2	1.0010132166743277	1.0045921184491358	230.0	24	1.05	0.95				
	214	2	87.30458051017544	17.55092082421053	0.0	0.0	2	1.001456651991997	-0.20590363419617047	230.0	26	1.05	0.95				
	215	2	142.65748464807018	28.801511096140352	0.0	0.0	2	1.0244043447414939	3.7641967371869223	230.0	26	1.05	0.95				
	216	2	45.0023610877193	9.00047221754386	0.0	0.0	2	1.02424102894915	3.97995117927687	230.0	26	1.05	0.95				
	217	1	0.0	0.0	0.0	0.0	2	1.0294976737403685	4.923122619116549	230.0	27	1.05	0.95				
	218	2	149.85786242210528	30.601605539649125	0.0	0.0	2	1.028408270588798	4.419019686520923	230.0	27	1.05	0.95				
	219	1	81.45427356877194	16.65087360245614	0.0	0.0	2	1.0245976723884154	4.4418622901109766	230.0	25	1.05	0.95				
	220	1	57.603022192280704	11.70061388280702	0.0	0.0	2	1.0281890152186233	5.720623539452627	230.0	25	1.05	0.95				
	221	2	0.0	0.0	0.0	0.0	2	1.030349470218033	5.002207446202168	230.0	27	1.05	0.95				
	222	2	0.0	0.0	0.0	0.0	2	1.05	11.463634823759856	230.0	27	1.05	0.95				
	223	2	0.0	0.0	0.0	0.0	2	1.0312520752309338	6.763026787500649	230.0	25	1.05	0.95				
	224	1	0.0	0.0	0.0	0.0	2	1.0104323633496033	0.6110859868976433	230.0	26	1.05	0.95				
	301	2	76.44732680842105	15.572603609122806	0.0	0.0	3	0.995357265668735	-16.97654923372593	138.0	31	1.05	0.95				
	302	2	68.66102500385965	14.156912371929826	0.0	0.0	3	0.9954967062834803	-17.08860967584415	138.0	32	1.05	0.95				
	303	1	127.41221134736843	26.190287888070173	0.0	0.0	3	1.0065314700730756	-10.954362791968968	138.0	31	1.05	0.95				
	304	1	52.38057577614035	10.617684278947367	0.0	0.0	3	0.9907382581024163	-14.558028832656076	138.0	31	1.05	0.95				
	305	1	50.25703892035087	9.909838660350879	0.0	0.0	3	1.0045501424936156	-14.909565915944494	138.0	31	1.05	0.95				
	306	1	96.26700412912281	19.819677320701757	0.0	-100.0	3	1.0173616803454548	-14.539944992508806	138.0	32	1.05	0.95				
	307	2	88.4807023245614	17.69614046491228	0.0	0.0	3	0.9731645452733648	-21.189964917409934	138.0	32	1.05	0.95				
	308	1	121.04160078	24.77459665087719	0.0	0.0	3	0.9762607189626782	-17.729193179221006	138.0	32	1.05	0.95				
	309	1	123.87298325438596	25.482442269473683	0.0	0.0	3	1.0137620455905936	-9.526453385459652	138.0	33	1.05	0.95				
	310	1	138.02989562631578	28.31382474385965	0.0	0.0	3	1.0359954501242763	-10.510373906746004	138.0	33	1.05	0.95				
	311	1	0.0	0.0	0.0	0.0	3	1.0090649800078464	-2.406473581181487	230.0	33	1.05	0.95				
	312	1	0.0	0.0	0.0	0.0	3	1.0106685011106356	-1.3054462448860735	230.0	33	1.05	0.95				
	313	2	187.57908892807015	38.22366340421053	0.0	0.0	3	1.034758483222894	4.930579994965426	230.0	34	1.05	0.95				
	314	2	137.3220500077193	27.605979125263158	0.0	0.0	3	1.0190216975218667	-1.4725593773065726	230.0	36	1.05	0.95				
	315	2	224.38706109508772	45.30211959017544	0.0	0.0	3	1.0360736207193197	-2.5901452234749853	230.0	36	1.05	0.95				
	316	2	70.78456185964912	14.156912371929826	0.0	0.0	3	1.0356320428861019	-1.0746930296553898	230.0	36	1.05	0.95				
	317	1	0.0	0.0	0.0	0.0	3	1.038510356655803	-0.8112706359555046	230.0	37	1.05	0.95				
	318	2	235.71259099263156	48.133502064561405	0.0	0.0	3	1.036283846342143	-1.358365862302754	230.0	37	1.05	0.95				
	319	1	128.12005696596492	26.190287888070173	0.0	0.0	3	1.0333225777294037	0.42267391333650145	230.0	35	1.05	0.95				
	320	1	90.60423918035087	18.403986083508773	0.0	0.0	3	1.0348625443099637	1.8012262052365553	230.0	35	1.05	0.95				
	321	2	0.0	0.0	0.0	0.0	3	1.0381819992657249	-1.2267868881303974	230.0	37	1.05	0.95				
	322	2	0.0	0.0	0.0	0.0	3	1.04999999481251	3.2478802333843224	230.0	37	1.05	0.95				
	323	2	0.0	0.0	0.0	0.0	3	1.0363968609383623	2.476335212644418	230.0	35	1.05	0.95				
	324	1	0.0	0.0	0.0	0.0	3	1.0170186967158696	-3.697387338999313	230.0	36	1.05	0.95				
	325	1	0.0	0.0	0.0	0.0	3	1.0360716527691824	3.134394739633768	230.0	35	1.05	0.95				
];
