%% MATPOWER Case Format : Version 2
function mpc = RTS_GMLC
mpc.version = '2';

%%-----  Power Flow Data  -----%%
%% system MVA base
mpc.baseMVA = 100.0;
%% bus data
%    bus_i    type    Pd    Qd    Gs    Bs    area    Vm    Va    baseKV    zone    Vmax    Vmin
mpc.bus = [
	101	2	35.09599208210527	7.149183572280703	0.0	0.0	1	1.0268240785574732	5.479701234085418	138.0	11	1.05	0.95				
	102	2	31.521400295964913	6.4992577929824575	0.0	0.0	1	1.0256277419594146	5.191101968681798	138.0	12	1.05	0.95				
	103	1	58.49332013684211	12.023626917017545	0.0	0.0	1	1.033710536216535	4.3067803602245425	138.0	11	1.05	0.95				
	104	1	24.04725383403509	4.874443344736842	0.0	0.0	1	1.0198650737934576	1.783439483461926	138.0	11	1.05	0.95				
	105	1	23.07236516508772	4.54948045508772	0.0	0.0	1	1.0334455346764373	1.9818511785289092	138.0	11	1.05	0.95				
	106	1	44.19495299228071	9.09896091017544	0.0	-100.0	1	1.0461727158290473	-0.36286769602898733	138.0	12	1.05	0.95				
	107	2	40.62036120614035	8.12407224122807	0.0	0.0	1	0.9848182744881507	-6.640194009472074	138.0	12	1.05	0.95				
	108	1	55.568654130000006	11.373701137719298	0.0	0.0	1	0.9982271689679827	-4.854863645799053	138.0	12	1.05	0.95				
	109	1	56.86850568859649	11.698664027368421	0.0	0.0	1	1.0250164132370652	0.3391564200821336	138.0	13	1.05	0.95				
	110	1	63.367763481578955	12.998515585964915	0.0	0.0	1	1.05	-0.5141471158201546	138.0	13	1.05	0.95				
	111	1	0.0	0.0	0.0	0.0	1	1.0097555346826372	1.5825314753670188	230.0	13	1.05	0.95				
	112	1	0.0	0.0	0.0	0.0	1	1.0082189718675498	0.6262028923295045	230.0	13	1.05	0.95				
	113	3	86.11516575701755	17.547996041052635	0.0	0.0	1	0.9830290730577403	7.874457180958874e-30	230.0	14	1.05	0.95				
	114	2	63.042800591929826	12.67355269631579	0.0	0.0	1	1.028989880180655	4.622900594013952	230.0	16	1.05	0.95				
	115	2	103.01323601877195	20.797624937543862	0.0	0.0	1	1.0449069390587291	12.34300938292154	230.0	16	1.05	0.95				
	116	2	32.49628896491228	6.4992577929824575	0.0	0.0	1	1.042463742668842	10.89785666958694	230.0	16	1.05	0.95				
	117	1	0.0	0.0	0.0	0.0	1	1.042314611752937	16.013939011609157	230.0	17	1.05	0.95				
	118	2	108.21264225315792	22.097476496140356	0.0	0.0	1	1.05	16.2411379288482	230.0	17	1.05	0.95				
	119	1	58.81828302649124	12.023626917017545	0.0	0.0	1	1.0355049839752721	7.310414213183944	230.0	15	1.05	0.95				
	120	1	41.595249875087724	8.449035130877194	0.0	0.0	1	1.0340474325820252	4.796483084967909	230.0	15	1.05	0.95				
	121	2	0.0	0.0	0.0	0.0	1	1.0419478012964125	17.305276245649274	230.0	17	1.05	0.95				
	122	2	0.0	0.0	0.0	0.0	1	1.05	35.27739935357631	230.0	17	1.05	0.95				
	123	2	0.0	0.0	0.0	0.0	1	1.0337523982677688	3.6596103058519067	230.0	15	1.05	0.95				
	124	1	0.0	0.0	0.0	0.0	1	1.0304019300937244	9.33929479305794	230.0	16	1.05	0.95				
	201	2	37.92664883368422	7.725798836491229	0.0	0.0	2	1.0124223162436825	-11.898354302155283	138.0	21	1.05	0.95				
	202	2	34.0637494154386	7.023453487719299	0.0	0.0	2	1.011620894884181	-12.181798030898998	138.0	22	1.05	0.95				
	203	1	63.21108138947369	12.993388952280702	0.0	0.0	2	1.01155098256758	-8.165195662083049	138.0	21	1.05	0.95				
	204	1	25.986777904561404	5.267590115789474	0.0	0.0	2	1.011960390022591	-11.985131450576583	138.0	21	1.05	0.95				
	205	1	24.93325988140351	4.916417441403509	0.0	0.0	2	1.0270701174693317	-12.384372127413465	138.0	21	1.05	0.95				
	206	1	47.75948371649123	9.832834882807019	0.0	-100.0	2	1.043541416720656	-13.121666776529462	138.0	22	1.05	0.95				
	207	2	43.896584298245614	8.779316859649123	0.0	0.0	2	0.9957617574106495	-17.241213723923142	138.0	22	1.05	0.95				
	208	1	60.05052732	12.291043603508772	0.0	0.0	2	1.0032664332908166	-15.706683205960193	138.0	22	1.05	0.95				
	209	1	61.455218017543864	12.642216277894738	0.0	0.0	2	1.0217385529793397	-10.359146819091345	138.0	23	1.05	0.95				
	210	1	68.47867150526316	14.046906975438597	0.0	0.0	2	1.05	-11.73585322582973	138.0	23	1.05	0.95				
	211	1	0.0	0.0	0.0	0.0	2	1.003868429018138	-7.783231415286334	230.0	23	1.05	0.95				
	212	1	0.0	0.0	0.0	0.0	2	1.0067753848203445	-7.213200149882311	230.0	23	1.05	0.95				
	213	2	93.06075871228072	18.96332441684211	0.0	0.0	2	0.9974208429496743	-6.648255507980975	230.0	24	1.05	0.95				
	214	2	68.1274988308772	13.695734301052633	0.0	0.0	2	1.004562054642006	-5.385059176396321	230.0	26	1.05	0.95				
	215	2	111.32173778035089	22.475051160701756	0.0	0.0	2	1.019608027410538	0.35755796625914654	230.0	26	1.05	0.95				
	216	2	35.11726743859649	7.023453487719299	0.0	0.0	2	1.0226241429214482	0.11588235691827355	230.0	26	1.05	0.95				
	217	1	0.0	0.0	0.0	0.0	2	1.0297292031653003	1.7178757925888872	230.0	27	1.05	0.95				
	218	2	116.94050057052634	23.879741858245616	0.0	0.0	2	1.0282588161974309	1.3395570733001205	230.0	27	1.05	0.95				
	219	1	63.562254063859655	12.993388952280702	0.0	0.0	2	1.0230054983837793	-0.232643223232497	230.0	25	1.05	0.95				
	220	1	44.95010232140351	9.130489534035089	0.0	0.0	2	1.025300087125894	0.15744230924191582	230.0	25	1.05	0.95				
	221	2	0.0	0.0	0.0	0.0	2	1.0288072122712189	1.8108069206225563	230.0	27	1.05	0.95				
	222	2	0.0	0.0	0.0	0.0	2	1.049999994950889	8.265901897597162	230.0	27	1.05	0.95				
	223	2	0.0	0.0	0.0	0.0	2	1.0268390121342428	0.6433991281347193	230.0	25	1.05	0.95				
	224	1	0.0	0.0	0.0	0.0	2	1.0060166600309852	-2.839275378971464	230.0	26	1.05	0.95				
	301	2	43.18633345263158	8.797216073684211	0.0	0.0	3	1.0081942635061676	-18.36641720989374	138.0	31	1.05	0.95				
	302	2	38.78772541578947	7.997469157894738	0.0	0.0	3	1.0081375481193926	-18.44995338948572	138.0	32	1.05	0.95				
	303	1	71.97722242105263	14.795317942105262	0.0	0.0	3	1.0212293712862726	-14.048343174629517	138.0	31	1.05	0.95				
	304	1	29.590635884210524	5.998101868421052	0.0	0.0	3	1.0110023498680627	-17.068032111302916	138.0	31	1.05	0.95				
	305	1	28.391015510526312	5.598228410526316	0.0	0.0	3	1.0239224496883257	-17.696823928043568	138.0	31	1.05	0.95				
	306	1	54.382790273684215	11.196456821052632	0.0	-100.0	3	1.0413002596782073	-17.809896543758345	138.0	32	1.05	0.95				
	307	2	49.9841822368421	9.996836447368421	0.0	0.0	3	0.9950303076440027	-22.12802275892684	138.0	32	1.05	0.95				
	308	1	68.3783613	13.995571026315787	0.0	0.0	3	1.0017695333285235	-20.34842042293909	138.0	32	1.05	0.95				
	309	1	69.97785513157895	14.395444484210525	0.0	0.0	3	1.0255970017348164	-14.296399424515839	138.0	33	1.05	0.95				
	310	1	77.97532428947368	15.994938315789476	0.0	0.0	3	1.05	-15.739502086539108	138.0	33	1.05	0.95				
	311	1	0.0	0.0	0.0	0.0	3	1.0061779678935414	-10.444250550461117	230.0	33	1.05	0.95				
	312	1	0.0	0.0	0.0	0.0	3	1.0091474299043348	-9.574389359177728	230.0	33	1.05	0.95				
	313	2	105.96646634210525	21.59316672631579	0.0	0.0	3	1.0084818976666459	-6.563839823281403	230.0	34	1.05	0.95				
	314	2	77.57545083157893	15.595064857894736	0.0	0.0	3	1.0049397696784572	-9.149999755162831	230.0	36	1.05	0.95				
	315	2	126.75988615263157	25.59190130526316	0.0	0.0	3	1.0292513693817178	-5.738843096829794	230.0	36	1.05	0.95				
	316	2	39.987345789473686	7.997469157894738	0.0	0.0	3	1.0281298511582961	-4.9283894835394975	230.0	36	1.05	0.95				
	317	1	0.0	0.0	0.0	0.0	3	1.0356426964417487	-2.9292816000152495	230.0	37	1.05	0.95				
	318	2	133.15786147894738	27.191395136842107	0.0	0.0	3	1.0338360846700745	-3.562225323770645	230.0	37	1.05	0.95				
	319	1	72.37709587894737	14.795317942105262	0.0	0.0	3	1.0247052998112227	-4.72744009690867	230.0	35	1.05	0.95				
	320	1	51.18380261052632	10.396709905263158	0.0	0.0	3	1.024312371555871	-3.7676298663591328	230.0	35	1.05	0.95				
	321	2	0.0	0.0	0.0	0.0	3	1.0347022876468512	-3.7367110006057573	230.0	37	1.05	0.95				
	322	2	0.0	0.0	0.0	0.0	3	1.0483946604464	0.9003427959559294	230.0	37	1.05	0.95				
	323	2	0.0	0.0	0.0	0.0	3	1.024803057693396	-2.929077268512235	230.0	35	1.05	0.95				
	324	1	0.0	0.0	0.0	0.0	3	1.0158028019682057	-8.855629693715937	230.0	36	1.05	0.95				
	325	1	0.0	0.0	0.0	0.0	3	1.0187175148028984	-1.253991616513566	230.0	35	1.05	0.95				
];
