%% MATPOWER Case Format : Version 2
function mpc = RTS_GMLC
mpc.version = '2';

%%-----  Power Flow Data  -----%%
%% system MVA base
mpc.baseMVA = 100.0;
%% bus data
%    bus_i    type    Pd    Qd    Gs    Bs    area    Vm    Va    baseKV    zone    Vmax    Vmin
mpc.bus = [
	101	2	76.69816923789475	15.623701141052631	0.0	0.0	1	1.0488593895145817	0.6263581135174963	138.0	11	1.05	0.95				
	102	2	68.88631866736841	14.203364673684213	0.0	0.0	1	1.0475324714555123	0.18866010694915245	138.0	12	1.05	0.95				
	103	1	127.8302820631579	26.27622464631579	0.0	0.0	1	1.0248578148081544	1.2610988785954624	138.0	11	1.05	0.95				
	104	1	52.55244929263158	10.652523505263158	0.0	0.0	1	1.024697247148202	-3.1634619154051067	138.0	11	1.05	0.95				
	105	1	50.42194459157895	9.942355271578949	0.0	0.0	1	1.038987210405825	-3.750587295379319	138.0	11	1.05	0.95				
	106	1	96.58287978105264	19.884710543157897	0.0	-100.0	1	1.0400267166178263	-6.944548141365512	138.0	12	1.05	0.95				
	107	2	88.77102921052632	17.754205842105264	0.0	0.0	1	0.9985566689083553	-14.751081286510606	138.0	12	1.05	0.95				
	108	1	121.43876795999999	24.855888178947367	0.0	0.0	1	0.9923980190734543	-12.898086672206016	138.0	12	1.05	0.95				
	109	1	124.27944089473684	25.56605641263158	0.0	0.0	1	1.023960303428812	-4.179479473472628	138.0	13	1.05	0.95				
	110	1	138.48280556842104	28.406729347368426	0.0	0.0	1	1.05	-6.034246884405818	138.0	13	1.05	0.95				
	111	1	0.0	0.0	0.0	0.0	1	1.018521868126433	-0.9865162332425239	230.0	13	1.05	0.95				
	112	1	0.0	0.0	0.0	0.0	1	1.0167282779937317	-1.5369037758628734	230.0	13	1.05	0.95				
	113	3	188.1945819263158	38.34908461894737	0.0	0.0	1	1.0159631812825394	-6.2352371499119844e-30	230.0	14	1.05	0.95				
	114	2	137.77263733473683	27.696561113684215	0.0	0.0	1	1.0325566136953859	2.2277096951303115	230.0	16	1.05	0.95				
	115	2	225.12333007789476	45.450766955789476	0.0	0.0	1	1.0353880997897318	13.394531131140226	230.0	16	1.05	0.95				
	116	2	71.01682336842106	14.203364673684213	0.0	0.0	1	1.0342236064396517	11.267791003433537	230.0	16	1.05	0.95				
	117	1	0.0	0.0	0.0	0.0	1	1.0405569064786937	17.58185800103153	230.0	17	1.05	0.95				
	118	2	236.48602181684214	48.29143989052632	0.0	0.0	1	1.05	19.026840864716306	230.0	17	1.05	0.95				
	119	1	128.54045029684212	26.27622464631579	0.0	0.0	1	1.0273006924443961	7.238664990027532	230.0	15	1.05	0.95				
	120	1	90.90153391157895	18.464374075789475	0.0	0.0	1	1.029784886349859	4.548324949252222	230.0	15	1.05	0.95				
	121	2	0.0	0.0	0.0	0.0	1	1.05	21.525907332608806	230.0	17	1.05	0.95				
	122	2	0.0	0.0	0.0	0.0	1	1.05	32.06795521440966	230.0	17	1.05	0.95				
	123	2	0.0	0.0	0.0	0.0	1	1.0334539969837795	3.6091228462870686	230.0	15	1.05	0.95				
	124	1	0.0	0.0	0.0	0.0	1	1.016297337163354	8.847980777848733	230.0	16	1.05	0.95				
	201	2	66.67338266526316	13.58161498736842	0.0	0.0	2	1.0154934835766665	-14.410908323854997	138.0	21	1.05	0.95				
	202	2	59.88257517157894	12.346922715789473	0.0	0.0	2	1.0147737982304414	-14.650491219307959	138.0	22	1.05	0.95				
	203	1	111.12230444210525	22.84180702421052	0.0	0.0	2	1.0135360383867082	-10.815278079690284	138.0	21	1.05	0.95				
	204	1	45.68361404842104	9.260192036842103	0.0	0.0	2	1.009561220242626	-13.112970246531226	138.0	21	1.05	0.95				
	205	1	43.83157564105262	8.642845901052631	0.0	0.0	2	1.0243131427139305	-13.58773226434268	138.0	21	1.05	0.95				
	206	1	83.95907446736842	17.285691802105262	0.0	-100.0	2	1.036435765657134	-13.820555742982432	138.0	22	1.05	0.95				
	207	2	77.1682669736842	15.43365339473684	0.0	0.0	2	0.9897471250064099	-21.568690472442615	138.0	22	1.05	0.95				
	208	1	105.56618921999998	21.607114752631578	0.0	0.0	2	0.9891341249219708	-18.593306435414235	138.0	22	1.05	0.95				
	209	1	108.03557376315788	22.22446088842105	0.0	0.0	2	1.0263265392839365	-9.329440254731024	138.0	23	1.05	0.95				
	210	1	120.38249647894735	24.693845431578946	0.0	0.0	2	1.05	-10.783994892576017	138.0	23	1.05	0.95				
	211	1	0.0	0.0	0.0	0.0	2	1.0207486872802414	-5.252518728937531	230.0	23	1.05	0.95				
	212	1	0.0	0.0	0.0	0.0	2	1.0203064158513502	0.7468753016343636	230.0	23	1.05	0.95				
	213	2	163.5967259842105	33.33669133263158	0.0	0.0	2	1.0305836928735266	-1.3778668606221645	230.0	24	1.05	0.95				
	214	2	119.76515034315788	24.07649929578947	0.0	0.0	2	1.0279178571684993	-3.905152621578255	230.0	26	1.05	0.95				
	215	2	195.69872504526313	39.51015269052631	0.0	0.0	2	1.038001428237786	1.2090437110972923	230.0	26	1.05	0.95				
	216	2	61.73461357894736	12.346922715789473	0.0	0.0	2	1.039125569777943	1.8081316993872907	230.0	26	1.05	0.95				
	217	1	0.0	0.0	0.0	0.0	2	1.0399538850910521	2.3524184667624564	230.0	27	1.05	0.95				
	218	2	205.5762632178947	41.97953723368421	0.0	0.0	2	1.037955007203299	1.5669566565728732	230.0	27	1.05	0.95				
	219	1	111.73965057789472	22.84180702421052	0.0	0.0	2	1.0378421700109584	4.023717841935912	230.0	25	1.05	0.95				
	220	1	79.02030538105262	16.050999530526315	0.0	0.0	2	1.0435899534377755	7.108945232714843	230.0	25	1.05	0.95				
	221	2	0.0	0.0	0.0	0.0	2	1.0400025463643863	2.253779609192093	230.0	27	1.05	0.95				
	222	2	0.0	0.0	0.0	0.0	2	1.05	8.79529536780764	230.0	27	1.05	0.95				
	223	2	0.0	0.0	0.0	0.0	2	1.05	9.23869263253222	230.0	25	1.05	0.95				
	224	1	0.0	0.0	0.0	0.0	2	1.0138305387313618	-3.2374630496742016	230.0	26	1.05	0.95				
	301	2	68.98196773894738	14.051882317192982	0.0	0.0	3	0.9957358720078322	30.518704028074318	138.0	31	1.05	0.95				
	302	2	61.95602658035087	12.77443847017544	0.0	0.0	3	0.9966949407647566	30.490362516544106	138.0	32	1.05	0.95				
	303	1	114.96994623157894	23.63271116982456	0.0	0.0	3	1.0164661673466042	33.646204143774824	138.0	31	1.05	0.95				
	304	1	47.26542233964912	9.580828852631578	0.0	0.0	3	1.0019293016840995	33.07122026766728	138.0	31	1.05	0.95				
	305	1	45.3492565691228	8.942106929122808	0.0	0.0	3	1.01287981968374	32.555749807049686	138.0	31	1.05	0.95				
	306	1	86.86618159719298	17.884213858245616	0.0	-100.0	3	1.0308883038867778	32.98621167044819	138.0	32	1.05	0.95				
	307	2	79.84024043859648	15.968048087719296	0.0	0.0	3	0.9786336125359569	29.870038290070312	138.0	32	1.05	0.95				
	308	1	109.22144891999999	22.355267322807016	0.0	0.0	3	0.9945601201813666	32.71325967780549	138.0	32	1.05	0.95				
	309	1	111.77633661403507	22.993989246315788	0.0	0.0	3	1.029924152601268	37.753315295063004	138.0	33	1.05	0.95				
	310	1	124.55077508421051	25.54887694035088	0.0	0.0	3	1.05	36.62656758798734	138.0	33	1.05	0.95				
	311	1	0.0	0.0	0.0	0.0	3	1.0174083488215013	43.14671957468135	230.0	33	1.05	0.95				
	312	1	0.0	0.0	0.0	0.0	3	1.0267139980776527	44.04282927938008	230.0	33	1.05	0.95				
	313	2	169.26130972982455	34.49098386947369	0.0	0.0	3	1.0487953596624646	52.050426511456735	230.0	34	1.05	0.95				
	314	2	123.91205316070175	24.910155016842104	0.0	0.0	3	1.0143139346335348	41.10534519366005	230.0	36	1.05	0.95				
	315	2	202.47484975228068	40.8782031045614	0.0	0.0	3	1.0388739750355938	34.73549104475938	230.0	36	1.05	0.95				
	316	2	63.872192350877185	12.77443847017544	0.0	0.0	3	1.0384363739416025	36.2852327733156	230.0	36	1.05	0.95				
	317	1	0.0	0.0	0.0	0.0	3	1.05	36.89904307293342	230.0	37	1.05	0.95				
	318	2	212.69440052842103	43.43309079859649	0.0	0.0	3	1.0470977863668576	33.30396845726891	230.0	37	1.05	0.95				
	319	1	115.60866815508773	23.63271116982456	0.0	0.0	3	1.0421575248226016	37.9798257561417	230.0	35	1.05	0.95				
	320	1	81.7564062091228	16.60677001122807	0.0	0.0	3	1.0475725175421469	39.16664302089572	230.0	35	1.05	0.95				
	321	2	0.0	0.0	0.0	0.0	3	1.0460836608482038	34.446223110964084	230.0	37	1.05	0.95				
	322	2	0.0	0.0	0.0	0.0	3	1.05	39.75198379864763	230.0	37	1.05	0.95				
	323	2	0.0	0.0	0.0	0.0	3	1.0499334662034374	39.35523677235281	230.0	35	1.05	0.95				
	324	1	0.0	0.0	0.0	0.0	3	1.0283440367617158	36.29844013203304	230.0	36	1.05	0.95				
	325	1	0.0	0.0	0.0	0.0	3	1.05	37.85658458681703	230.0	35	1.05	0.95				
];
