%% MATPOWER Case Format : Version 2
function mpc = RTS_GMLC
mpc.version = '2';

%%-----  Power Flow Data  -----%%
%% system MVA base
mpc.baseMVA = 100.0;
%% bus data
%    bus_i    type    Pd    Qd    Gs    Bs    area    Vm    Va    baseKV    zone    Vmax    Vmin
mpc.bus = [
	101	2	35.617021275789476	7.25531914877193	0.0	0.0	1	0.9918941622135465	-6.142671889940245	138.0	11	1.05	0.95				
	102	2	31.989361701403507	6.595744680701754	0.0	0.0	1	0.9916375437076009	-6.284474140573463	138.0	12	1.05	0.95				
	103	1	59.361702126315784	12.202127659298244	0.0	0.0	1	1.025336505754402	-0.5808102854501617	138.0	11	1.05	0.95				
	104	1	24.404255318596487	4.946808510526315	0.0	0.0	1	1.0056202021748797	-5.51134554163418	138.0	11	1.05	0.95				
	105	1	23.414893616491224	4.617021276491228	0.0	0.0	1	1.016825488874355	-6.21817268184828	138.0	11	1.05	0.95				
	106	1	44.85106382877193	9.234042552982457	0.0	-100.0	1	1.039290435455234	-6.691065236182773	138.0	12	1.05	0.95				
	107	2	41.22340425438596	8.244680850877192	0.0	0.0	1	0.9884176338133831	-9.175574215011098	138.0	12	1.05	0.95				
	108	1	56.39361702	11.542553191228068	0.0	0.0	1	1.0011380370560394	-8.16880501947141	138.0	12	1.05	0.95				
	109	1	57.712765956140345	11.872340425263156	0.0	0.0	1	1.0261892166179922	-3.517064038302611	138.0	13	1.05	0.95				
	110	1	64.3085106368421	13.191489361403509	0.0	0.0	1	1.05	-5.216595111884702	138.0	13	1.05	0.95				
	111	1	0.0	0.0	0.0	0.0	1	1.0149972581072448	-0.6074257406373049	230.0	13	1.05	0.95				
	112	1	0.0	0.0	0.0	0.0	1	1.0107776179742831	-1.4687704894951645	230.0	13	1.05	0.95				
	113	3	87.39361701929823	17.808510637894738	0.0	0.0	1	0.9932385617173486	-5.390302850872754e-29	230.0	14	1.05	0.95				
	114	2	63.97872340280701	12.861702127368421	0.0	0.0	1	1.040035828788159	2.6006179062993637	230.0	16	1.05	0.95				
	115	2	104.5425531891228	21.106382978245612	0.0	0.0	1	1.044132706295096	10.569636084982921	230.0	16	1.05	0.95				
	116	2	32.978723403508766	6.595744680701754	0.0	0.0	1	1.044302249474733	9.223781560873183	230.0	16	1.05	0.95				
	117	1	0.0	0.0	0.0	0.0	1	1.0427221985203345	14.49682574856386	230.0	17	1.05	0.95				
	118	2	109.8191489336842	22.425531914385964	0.0	0.0	1	1.0499999295278672	14.794844927818625	230.0	17	1.05	0.95				
	119	1	59.69148936035088	12.202127659298244	0.0	0.0	1	1.0390143521427033	5.815626226424706	230.0	15	1.05	0.95				
	120	1	42.212765956491225	8.574468084912281	0.0	0.0	1	1.0387332686294388	3.4714094572981034	230.0	15	1.05	0.95				
	121	2	0.0	0.0	0.0	0.0	1	1.0416339674609019	15.935107134780871	230.0	17	1.05	0.95				
	122	2	0.0	0.0	0.0	0.0	1	1.05	33.909797802330246	230.0	17	1.05	0.95				
	123	2	0.0	0.0	0.0	0.0	1	1.0390107153241004	2.431151835009747	230.0	15	1.05	0.95				
	124	1	0.0	0.0	0.0	0.0	1	1.023134846501222	6.4251200044879155	230.0	16	1.05	0.95				
	201	2	34.2376829848421	6.974342830245614	0.0	0.0	2	1.012829061725908	-11.336872595575816	138.0	21	1.05	0.95				
	202	2	30.750511569719297	6.340311663859649	0.0	0.0	2	1.0119725930810488	-11.594600563669848	138.0	22	1.05	0.95				
	203	1	57.06280497473685	11.729576578140351	0.0	0.0	2	1.0142680301420115	-8.616439081644488	138.0	21	1.05	0.95				
	204	1	23.459153156280703	4.755233747894737	0.0	0.0	2	1.0131803602289167	-11.482865104174993	138.0	21	1.05	0.95				
	205	1	22.508106406701753	4.438218164701755	0.0	0.0	2	1.0277574255545037	-11.784655354615579	138.0	21	1.05	0.95				
	206	1	43.11411931424562	8.87643632940351	0.0	-100.0	2	1.044597230336283	-12.469754346739874	138.0	22	1.05	0.95				
	207	2	39.626947899122804	7.925389579824562	0.0	0.0	2	0.9964552204862709	-16.153496005660433	138.0	22	1.05	0.95				
	208	1	54.20966472599999	11.095545411754385	0.0	0.0	2	1.005108019805743	-14.80057784700526	138.0	22	1.05	0.95				
	209	1	55.47772705877193	11.412560994947368	0.0	0.0	2	1.0223492949485575	-10.066105889325376	138.0	23	1.05	0.95				
	210	1	61.81803872263158	12.680623327719298	0.0	0.0	2	1.05	-11.20635566574593	138.0	23	1.05	0.95				
	211	1	0.0	0.0	0.0	0.0	2	1.0014843397422581	-7.677147047995777	230.0	23	1.05	0.95				
	212	1	0.0	0.0	0.0	0.0	2	1.0053846423368007	-7.007826519449291	230.0	23	1.05	0.95				
	213	2	84.00912954614034	17.11884149242105	0.0	0.0	2	0.993926860452977	-6.46322240016648	230.0	24	1.05	0.95				
	214	2	61.501023139438594	12.363607744526316	0.0	0.0	2	0.9994260857942384	-5.62679919654862	230.0	26	1.05	0.95				
	215	2	100.49393987217543	20.288997324350877	0.0	0.0	2	1.0202557072572784	-0.36190665028391034	230.0	26	1.05	0.95				
	216	2	31.701558319298247	6.340311663859649	0.0	0.0	2	1.0210707453393317	-0.8638423440416856	230.0	26	1.05	0.95				
	217	1	0.0	0.0	0.0	0.0	2	1.030106925382437	0.8338341154409282	230.0	27	1.05	0.95				
	218	2	105.56618920326315	21.55705965712281	0.0	0.0	2	1.0288357903635406	0.558648374643958	230.0	27	1.05	0.95				
	219	1	57.379820557929825	11.729576578140351	0.0	0.0	2	1.020940520207049	-0.8181173071212384	230.0	25	1.05	0.95				
	220	1	40.577994648701754	8.242405163017544	0.0	0.0	2	1.0224013710483697	-0.14924781954997748	230.0	25	1.05	0.95				
	221	2	0.0	0.0	0.0	0.0	2	1.02931544004713	1.0450159502556096	230.0	27	1.05	0.95				
	222	2	0.0	0.0	0.0	0.0	2	1.0499999819269221	7.454087931571005	230.0	27	1.05	0.95				
	223	2	0.0	0.0	0.0	0.0	2	1.0234080560229837	0.46645799071331334	230.0	25	1.05	0.95				
	224	1	0.0	0.0	0.0	0.0	2	1.0077198158770704	-3.464633342903657	230.0	26	1.05	0.95				
	301	2	35.72097437557895	7.276494780210525	0.0	0.0	3	1.014109064450843	15.823429070808649	138.0	31	1.05	0.95				
	302	2	32.082726985473684	6.614995254736843	0.0	0.0	3	1.014094651879601	15.475559120711198	138.0	32	1.05	0.95				
	303	1	59.534957292631574	12.237741221263157	0.0	0.0	3	1.05	28.570699777595973	138.0	31	1.05	0.95				
	304	1	24.475482442526314	4.961246441052631	0.0	0.0	3	1.0133964031088014	16.1042364017541	138.0	31	1.05	0.95				
	305	1	23.483233154315787	4.630496678315789	0.0	0.0	3	1.0280829210475002	14.279824463866909	138.0	31	1.05	0.95				
	306	1	44.98196773221053	9.260993356631579	0.0	-100.0	3	1.0444499123217375	12.97894082678351	138.0	32	1.05	0.95				
	307	2	41.343720342105264	8.268744068421052	0.0	0.0	3	0.9663610475371898	10.358107377179977	138.0	32	1.05	0.95				
	308	1	56.558209428	11.576241695789474	0.0	0.0	3	0.9868170939889284	11.670137076401035	138.0	32	1.05	0.95				
	309	1	57.881208478947364	11.906991458526313	0.0	0.0	3	1.0217757401362966	17.997415684788667	138.0	33	1.05	0.95				
	310	1	64.49620373368421	13.229990509473685	0.0	0.0	3	1.05	13.804307274944726	138.0	33	1.05	0.95				
	311	1	0.0	0.0	0.0	0.0	3	1.0082165503693956	16.783049235626134	230.0	33	1.05	0.95				
	312	1	0.0	0.0	0.0	0.0	3	1.0141971784860369	16.415266197618617	230.0	33	1.05	0.95				
	313	2	87.64868712526315	17.860487187789474	0.0	0.0	3	1.0075823080131214	16.46715091601542	230.0	34	1.05	0.95				
	314	2	64.16545397094737	12.899240746736842	0.0	0.0	3	1.0023461847334616	18.04872187164406	230.0	36	1.05	0.95				
	315	2	104.84767478757895	21.167984815157894	0.0	0.0	3	1.037874127718274	22.36716534025393	230.0	36	1.05	0.95				
	316	2	33.07497627368421	6.614995254736843	0.0	0.0	3	1.0307285677099205	21.717124447585814	230.0	36	1.05	0.95				
	317	1	0.0	0.0	0.0	0.0	3	1.05	26.575048573566484	230.0	37	1.05	0.95				
	318	2	110.1396709913684	22.490983866105264	0.0	0.0	3	1.048598995826408	23.16169537018944	230.0	37	1.05	0.95				
	319	1	59.865707055368425	12.237741221263157	0.0	0.0	3	1.0238493998295748	19.467741857137565	230.0	35	1.05	0.95				
	320	1	42.33596963031579	8.599493831157895	0.0	0.0	3	1.020671689461719	18.147796565669953	230.0	35	1.05	0.95				
	321	2	0.0	0.0	0.0	0.0	3	1.046513856698191	23.56504441583372	230.0	37	1.05	0.95				
	322	2	0.0	0.0	0.0	0.0	3	1.05	29.090398924889467	230.0	37	1.05	0.95				
	323	2	0.0	0.0	0.0	0.0	3	1.0190607424739173	17.67898896220416	230.0	35	1.05	0.95				
	324	1	0.0	0.0	0.0	0.0	3	1.0398814250247574	24.74198993340611	230.0	36	1.05	0.95				
	325	1	0.0	0.0	0.0	0.0	3	1.0220717993633455	17.541162439670252	230.0	35	1.05	0.95				
];
