%% MATPOWER Case Format : Version 2
function mpc = RTS_GMLC
mpc.version = '2';

%%-----  Power Flow Data  -----%%
%% system MVA base
mpc.baseMVA = 100.0;
%% bus data
%    bus_i    type    Pd    Qd    Gs    Bs    area    Vm    Va    baseKV    zone    Vmax    Vmin
mpc.bus = [
	101	2	37.327065809684214	7.603661553824562	0.0	0.0	1	1.0254871866966788	0.3407576980203571	138.0	11	1.05	0.95				
	102	2	33.525235032771924	6.912419594385964	0.0	0.0	1	1.0231363663937618	-0.3093309945349403	138.0	12	1.05	0.95				
	103	1	62.21177634947368	12.787976249614033	0.0	0.0	1	1.0260128960402237	2.0980288053552907	138.0	11	1.05	0.95				
	104	1	25.575952499228066	5.184314695789474	0.0	0.0	1	1.0178851351418212	-1.944870276037302	138.0	11	1.05	0.95				
	105	1	24.539089560070174	4.838693716070176	0.0	0.0	1	1.0334032108419453	-1.9229086675851612	138.0	11	1.05	0.95				
	106	1	47.004453241824564	9.677387432140351	0.0	-100.0	1	1.0459834847577807	-3.7018068559943504	138.0	12	1.05	0.95				
	107	2	43.202622464912274	8.640524492982456	0.0	0.0	1	1.0007634046155125	-10.210910526327819	138.0	12	1.05	0.95				
	108	1	59.101187532	12.096734290175437	0.0	0.0	1	1.0057411689571099	-7.991471759215525	138.0	12	1.05	0.95				
	109	1	60.48367145087718	12.442355269894735	0.0	0.0	1	1.0227324214180757	-1.8498879683643457	138.0	13	1.05	0.95				
	110	1	67.39609104526315	13.824839188771929	0.0	0.0	1	1.05	-3.101851675999273	138.0	13	1.05	0.95				
	111	1	0.0	0.0	0.0	0.0	1	1.000939120630053	0.400497620114923	230.0	13	1.05	0.95				
	112	1	0.0	0.0	0.0	0.0	1	1.006076123323041	-0.6415775607662391	230.0	13	1.05	0.95				
	113	3	91.58955962561403	18.663532904842107	0.0	0.0	1	0.9942417116104465	6.68541675140235e-30	230.0	14	1.05	0.95				
	114	2	67.05047006554385	13.479218209052632	0.0	0.0	1	0.9979792134845985	3.7827237232566295	230.0	16	1.05	0.95				
	115	2	109.56185057101753	22.119742702035087	0.0	0.0	1	1.0288976747556395	12.27393094783205	230.0	16	1.05	0.95				
	116	2	34.56209797192982	6.912419594385964	0.0	0.0	1	1.0238565890266813	10.542508931868388	230.0	16	1.05	0.95				
	117	1	0.0	0.0	0.0	0.0	1	1.030385261098848	15.769633091499056	230.0	17	1.05	0.95				
	118	2	115.09178624652631	23.502226620912282	0.0	0.0	1	1.0374870902954885	16.51058066849899	230.0	17	1.05	0.95				
	119	1	62.55739732919297	12.787976249614033	0.0	0.0	1	1.0132004809585868	6.605709864130518	230.0	15	1.05	0.95				
	120	1	44.23948540407017	8.986145472701754	0.0	0.0	1	1.009437210675627	3.833847922302125	230.0	15	1.05	0.95				
	121	2	0.0	0.0	0.0	0.0	1	1.0393402597826291	18.03643909933393	230.0	17	1.05	0.95				
	122	2	0.0	0.0	0.0	0.0	1	1.05	31.118084546612067	230.0	17	1.05	0.95				
	123	2	0.0	0.0	0.0	0.0	1	1.0081621187418859	2.578451486018474	230.0	15	1.05	0.95				
	124	1	0.0	0.0	0.0	0.0	1	1.0152524813315458	8.434066885241581	230.0	16	1.05	0.95				
	201	2	39.643632947368424	8.075554859649122	0.0	0.0	2	1.0084923207365692	-16.606095121951856	138.0	21	1.05	0.95				
	202	2	35.60585551754386	7.3414135087719306	0.0	0.0	2	1.0076372276058034	-16.91279721667152	138.0	22	1.05	0.95				
	203	1	66.07272157894737	13.581614991228069	0.0	0.0	2	1.0141891534100205	-12.175261537470695	138.0	21	1.05	0.95				
	204	1	27.163229982456137	5.5060601315789475	0.0	0.0	2	1.0102483031366642	-16.738986369354382	138.0	21	1.05	0.95				
	205	1	26.062017956140348	5.138989456140351	0.0	0.0	2	1.0248379959676543	-17.208920672789564	138.0	21	1.05	0.95				
	206	1	49.921611859649126	10.277978912280702	0.0	-100.0	2	1.042097844981366	-18.025841624998446	138.0	22	1.05	0.95				
	207	2	45.88383442982457	9.176766885964913	0.0	0.0	2	0.9912929099691963	-22.3057914660451	138.0	22	1.05	0.95				
	208	1	62.7690855	12.847473640350875	0.0	0.0	2	1.000226549856336	-20.70529562840789	138.0	22	1.05	0.95				
	209	1	64.23736820175438	13.214544315789473	0.0	0.0	2	1.022496027808527	-15.066620321343018	138.0	23	1.05	0.95				
	210	1	71.57878171052631	14.682827017543861	0.0	0.0	2	1.05	-16.622462891240616	138.0	23	1.05	0.95				
	211	1	0.0	0.0	0.0	0.0	2	1.004446405465984	-12.4155060444977	230.0	23	1.05	0.95				
	212	1	0.0	0.0	0.0	0.0	2	1.012504875777825	-12.156879709513438	230.0	23	1.05	0.95				
	213	2	97.27372899122807	19.821816473684212	0.0	0.0	2	1.002696712675619	-11.593537273296464	230.0	24	1.05	0.95				
	214	2	71.21171103508772	14.315756342105265	0.0	0.0	2	1.0019580555178633	-9.576105868343951	230.0	26	1.05	0.95				
	215	2	116.36140411403508	23.492523228070176	0.0	0.0	2	1.0198240138617802	-2.6540939400821606	230.0	26	1.05	0.95				
	216	2	36.70706754385965	7.3414135087719306	0.0	0.0	2	1.022494309100214	-3.388735184831591	230.0	26	1.05	0.95				
	217	1	0.0	0.0	0.0	0.0	2	1.0242279838447046	-1.2404621543614658	230.0	27	1.05	0.95				
	218	2	122.23453492105263	24.960805929824563	0.0	0.0	2	1.02383853726391	-1.6623259973581046	230.0	27	1.05	0.95				
	219	1	66.43979225438596	13.581614991228069	0.0	0.0	2	1.0299314092822491	-4.597390140539563	230.0	25	1.05	0.95				
	220	1	46.98504645614035	9.543837561403508	0.0	0.0	2	1.03874411972465	-4.920462945877905	230.0	25	1.05	0.95				
	221	2	0.0	0.0	0.0	0.0	2	1.0260519419727852	-1.189109899577089	230.0	27	1.05	0.95				
	222	2	0.0	0.0	0.0	0.0	2	1.0476765776177936	5.310163800889981	230.0	27	1.05	0.95				
	223	2	0.0	0.0	0.0	0.0	2	1.0437878722501566	-4.822432365624192	230.0	25	1.05	0.95				
	224	1	0.0	0.0	0.0	0.0	2	1.0060284951240532	-6.236253373336624	230.0	26	1.05	0.95				
	301	2	43.527997477894736	8.866814301052631	0.0	0.0	3	1.0170311843163335	7.975427768124947	138.0	31	1.05	0.95				
	302	2	39.094590327368415	8.06074027368421	0.0	0.0	3	1.0154623299204468	7.609728952384801	138.0	32	1.05	0.95				
	303	1	72.5466624631579	14.91236950631579	0.0	0.0	3	1.05	21.700901818930863	138.0	31	1.05	0.95				
	304	1	29.82473901263158	6.045555205263158	0.0	0.0	3	1.0089308529546592	8.253766974485703	138.0	31	1.05	0.95				
	305	1	28.615627971578945	5.642518191578947	0.0	0.0	3	1.0259657504315758	6.759661724774487	138.0	31	1.05	0.95				
	306	1	54.81303386105264	11.285036383157895	0.0	-100.0	3	1.0386159166494662	5.567240907820041	138.0	32	1.05	0.95				
	307	2	50.37962671052632	10.075925342105263	0.0	0.0	3	0.95	1.6424473095911567	138.0	32	1.05	0.95				
	308	1	68.91932934	14.106295478947366	0.0	0.0	3	0.9719482939916371	3.3481425594817975	138.0	32	1.05	0.95				
	309	1	70.53147739473684	14.509332492631577	0.0	0.0	3	1.015354847305953	10.47284964961799	138.0	33	1.05	0.95				
	310	1	78.59221766842104	16.12148054736842	0.0	0.0	3	1.0445394380629294	6.839592644349882	138.0	33	1.05	0.95				
	311	1	0.0	0.0	0.0	0.0	3	1.0041652634896419	10.64225958948707	230.0	33	1.05	0.95				
	312	1	0.0	0.0	0.0	0.0	3	1.009195264182426	11.104257475555448	230.0	33	1.05	0.95				
	313	2	106.80480862631579	21.763998738947368	0.0	0.0	3	1.0073336161509556	13.170016818387278	230.0	34	1.05	0.95				
	314	2	78.18918065473683	15.718443533684212	0.0	0.0	3	0.9997587118147545	10.498002827751796	230.0	36	1.05	0.95				
	315	2	127.76273333789474	25.794368875789473	0.0	0.0	3	1.0486131422455411	12.972504064481475	230.0	36	1.05	0.95				
	316	2	40.30370136842105	8.06074027368421	0.0	0.0	3	1.0321553267228725	12.693128767059152	230.0	36	1.05	0.95				
	317	1	0.0	0.0	0.0	0.0	3	1.049999951019657	15.720245748321046	230.0	37	1.05	0.95				
	318	2	134.2113255568421	27.40651693052632	0.0	0.0	3	1.05	12.988409987136714	230.0	37	1.05	0.95				
	319	1	72.94969947684211	14.91236950631579	0.0	0.0	3	1.0239542273196283	12.054114722571402	230.0	35	1.05	0.95				
	320	1	51.58873775157895	10.478962355789474	0.0	0.0	3	1.0194376798885043	12.285621184145958	230.0	35	1.05	0.95				
	321	2	0.0	0.0	0.0	0.0	3	1.05	13.618682427395703	230.0	37	1.05	0.95				
	322	2	0.0	0.0	0.0	0.0	3	1.05	18.79165868517381	230.0	37	1.05	0.95				
	323	2	0.0	0.0	0.0	0.0	3	1.0174541656852842	12.73140349429391	230.0	35	1.05	0.95				
	324	1	0.0	0.0	0.0	0.0	3	1.046292568334825	16.310015869845493	230.0	36	1.05	0.95				
	325	1	0.0	0.0	0.0	0.0	3	1.0188896414906252	13.193609175307762	230.0	35	1.05	0.95				
];
