%% MATPOWER Case Format : Version 2
function mpc = RTS_GMLC
mpc.version = '2';

%%-----  Power Flow Data  -----%%
%% system MVA base
mpc.baseMVA = 100.0;
%% bus data
%    bus_i    type    Pd    Qd    Gs    Bs    area    Vm    Va    baseKV    zone    Vmax    Vmin
mpc.bus = [
	101	2	56.36467095157896	11.481692230877194	0.0	0.0	1	1.049999999291021	2.557879678040319	138.0	11	1.05	0.95				
	102	2	50.62382483614035	10.437902028070177	0.0	0.0	1	1.0490774362523605	2.228534862736576	138.0	12	1.05	0.95				
	103	1	93.94111825263158	19.310118751929824	0.0	0.0	1	1.0296168541879727	-0.6888303265955888	138.0	11	1.05	0.95				
	104	1	38.62023750385965	7.8284265210526325	0.0	0.0	1	1.0289046815767917	-1.429870665395216	138.0	11	1.05	0.95				
	105	1	37.05455219964912	7.306531419649125	0.0	0.0	1	1.042157120056388	-1.5882662568120487	138.0	11	1.05	0.95				
	106	1	70.97773379087721	14.61306283929825	0.0	-100.0	1	1.0458826077666652	-4.4796333988226555	138.0	12	1.05	0.95				
	107	2	65.23688767543861	13.04737753508772	0.0	0.0	1	0.9999317208393923	-10.952252350116595	138.0	12	1.05	0.95				
	108	1	89.24406234000001	18.266328549122807	0.0	0.0	1	1.0008175255353153	-9.552855154163067	138.0	12	1.05	0.95				
	109	1	91.33164274561403	18.788223650526316	0.0	0.0	1	1.024827018600378	-3.379407804089488	138.0	13	1.05	0.95				
	110	1	101.7695447736842	20.875804056140353	0.0	0.0	1	1.05	-4.2297914410363315	138.0	13	1.05	0.95				
	111	1	0.0	0.0	0.0	0.0	1	1.0057171502638935	-1.433735941535183	230.0	13	1.05	0.95				
	112	1	0.0	0.0	0.0	0.0	1	1.0097620612288876	-1.2486038532700825	230.0	13	1.05	0.95				
	113	3	138.30220187192984	28.18233547578948	0.0	0.0	1	1.0007451522170543	1.3095314879804948e-29	230.0	14	1.05	0.95				
	114	2	101.2476496722807	20.353908954736845	0.0	0.0	1	1.002609353255037	-0.1995010287733454	230.0	16	1.05	0.95				
	115	2	165.44074714491228	33.401286489824564	0.0	0.0	1	1.0343134341222444	5.166866115233671	230.0	16	1.05	0.95				
	116	2	52.18951014035088	10.437902028070177	0.0	0.0	1	1.030530439327554	4.682563543955618	230.0	16	1.05	0.95				
	117	1	0.0	0.0	0.0	0.0	1	1.038073547100347	7.336700253797338	230.0	17	1.05	0.95				
	118	2	173.79106876736842	35.488866895438605	0.0	0.0	1	1.040720544409847	7.741185915335401	230.0	17	1.05	0.95				
	119	1	94.4630133540351	19.310118751929824	0.0	0.0	1	1.0218577542253333	3.0429797285195677	230.0	15	1.05	0.95				
	120	1	66.80257297964913	13.569272636491231	0.0	0.0	1	1.018141152374686	2.3330573597450814	230.0	15	1.05	0.95				
	121	2	0.0	0.0	0.0	0.0	1	1.0439257559944373	9.080704369667737	230.0	17	1.05	0.95				
	122	2	0.0	0.0	0.0	0.0	1	1.05	14.971650844379148	230.0	17	1.05	0.95				
	123	2	0.0	0.0	0.0	0.0	1	1.0170649512082266	2.3479046650870252	230.0	15	1.05	0.95				
	124	1	0.0	0.0	0.0	0.0	1	1.0244819855231149	2.966933012140794	230.0	16	1.05	0.95				
	201	2	49.469541953684214	10.077128916491228	0.0	0.0	2	1.0139943598339276	-11.212059450950571	138.0	21	1.05	0.95				
	202	2	44.4309774954386	9.161026287719299	0.0	0.0	2	1.0131952683566086	-11.442692098532575	138.0	22	1.05	0.95				
	203	1	82.44923658947368	16.947898632280705	0.0	0.0	2	1.0145194655506447	-8.48031058610175	138.0	21	1.05	0.95				
	204	1	33.89579726456141	6.870769715789474	0.0	0.0	2	1.011731535323649	-10.678667930915106	138.0	21	1.05	0.95				
	205	1	32.52164332140351	6.4127184014035095	0.0	0.0	2	1.0262185899200766	-11.027808987458375	138.0	21	1.05	0.95				
	206	1	62.29497875649124	12.825436802807019	0.0	-100.0	2	1.0408831091312198	-11.476516140399973	138.0	22	1.05	0.95				
	207	2	57.256414298245616	11.451282859649123	0.0	0.0	2	0.9960127674282956	-17.066422741056627	138.0	22	1.05	0.95				
	208	1	78.32677475999999	16.031796003508774	0.0	0.0	2	0.9996752807342321	-14.962810555325929	138.0	22	1.05	0.95				
	209	1	80.15898001754385	16.48984731789474	0.0	0.0	2	1.0244362858564509	-8.16559578943077	138.0	23	1.05	0.95				
	210	1	89.32000630526315	18.322052575438597	0.0	0.0	2	1.05	-9.371288581828885	138.0	23	1.05	0.95				
	211	1	0.0	0.0	0.0	0.0	2	1.0068584558819527	-5.34009530616918	230.0	23	1.05	0.95				
	212	1	0.0	0.0	0.0	0.0	2	1.0123408694124798	-1.2029023477448482	230.0	23	1.05	0.95				
	213	2	121.3835983122807	24.734770976842107	0.0	0.0	2	1.0045545587918814	-2.9774827308760874	230.0	24	1.05	0.95				
	214	2	88.8619549908772	17.864001261052632	0.0	0.0	2	1.006172290755162	-3.868114728001491	230.0	26	1.05	0.95				
	215	2	145.2022666603509	29.315284120701758	0.0	0.0	2	1.0236665838032843	1.1363371944232092	230.0	26	1.05	0.95				
	216	2	45.80513143859649	9.161026287719299	0.0	0.0	2	1.0233837379035609	1.029006987863469	230.0	26	1.05	0.95				
	217	1	0.0	0.0	0.0	0.0	2	1.027746234441218	1.976524026313072	230.0	27	1.05	0.95				
	218	2	152.53108769052633	31.14748937824562	0.0	0.0	2	1.0269711363046592	1.5371636750151438	230.0	27	1.05	0.95				
	219	1	82.90728790385965	16.947898632280705	0.0	0.0	2	1.0228000820293743	1.3443532195440404	230.0	25	1.05	0.95				
	220	1	58.630568241403516	11.909334174035088	0.0	0.0	2	1.0256359616796167	2.5155731510797956	230.0	25	1.05	0.95				
	221	2	0.0	0.0	0.0	0.0	2	1.029281277294195	2.2019111117127053	230.0	27	1.05	0.95				
	222	2	0.0	0.0	0.0	0.0	2	1.0499999844008567	8.604503049615635	230.0	27	1.05	0.95				
	223	2	0.0	0.0	0.0	0.0	2	1.0282778211142518	3.507898238336258	230.0	25	1.05	0.95				
	224	1	0.0	0.0	0.0	0.0	2	1.0084020845705854	-2.4689130050124666	230.0	26	1.05	0.95				
	301	2	63.44701044631579	12.924391016842105	0.0	0.0	3	1.0000965995820417	-8.751973742206912	138.0	31	1.05	0.95				
	302	2	56.98481493789473	11.749446378947368	0.0	0.0	3	0.9999662293124041	-8.807874614392611	138.0	32	1.05	0.95				
	303	1	105.74501741052632	21.73647580105263	0.0	0.0	3	1.0126087263672654	-5.146779357063316	138.0	31	1.05	0.95				
	304	1	43.47295160210526	8.812084784210526	0.0	0.0	3	1.0026277705251145	-6.837531710897265	138.0	31	1.05	0.95				
	305	1	41.71053464526315	8.224612465263158	0.0	0.0	3	1.016099195150878	-6.889684772417422	138.0	31	1.05	0.95				
	306	1	79.8962353768421	16.449224930526317	0.0	-100.0	3	1.0333524751935064	-6.5139406455360795	138.0	32	1.05	0.95				
	307	2	73.43403986842105	14.68680797368421	0.0	0.0	3	0.9940612687314585	-11.329212293600452	138.0	32	1.05	0.95				
	308	1	100.45776654000001	20.56153116315789	0.0	0.0	3	0.9998642808424002	-8.638994006877809	138.0	32	1.05	0.95				
	309	1	102.80765581578947	21.14900348210526	0.0	0.0	3	1.0254110600964874	-2.8272229326778078	138.0	33	1.05	0.95				
	310	1	114.55710219473683	23.498892757894737	0.0	0.0	3	1.05	-3.152508713875219	138.0	33	1.05	0.95				
	311	1	0.0	0.0	0.0	0.0	3	1.0141367766192253	3.036300931688686	230.0	33	1.05	0.95				
	312	1	0.0	0.0	0.0	0.0	3	1.0184034830682243	4.2978379533296165	230.0	33	1.05	0.95				
	313	2	155.68016452105263	31.723505223157893	0.0	0.0	3	1.0347751955102402	10.311052890040422	230.0	34	1.05	0.95				
	314	2	113.96962987578947	22.91142043894737	0.0	0.0	3	1.0149726393828933	2.598749484095953	230.0	36	1.05	0.95				
	315	2	186.22872510631578	37.59822841263158	0.0	0.0	3	1.024963325111897	-0.7194046375369413	230.0	36	1.05	0.95				
	316	2	58.74723189473684	11.749446378947368	0.0	0.0	3	1.0257280670653504	0.3259389554835743	230.0	36	1.05	0.95				
	317	1	0.0	0.0	0.0	0.0	3	1.0286752783167028	0.32512695383885987	230.0	37	1.05	0.95				
	318	2	195.62828220947367	39.94811768842105	0.0	0.0	3	1.026668564616632	-0.2374910384019038	230.0	37	1.05	0.95				
	319	1	106.33248972947369	21.73647580105263	0.0	0.0	3	1.0265073962573772	2.804214718638782	230.0	35	1.05	0.95				
	320	1	75.19645682526316	15.274280292631579	0.0	0.0	3	1.0297810692028126	4.666773284535584	230.0	35	1.05	0.95				
	321	2	0.0	0.0	0.0	0.0	3	1.0281582074535598	0.1521341989446899	230.0	37	1.05	0.95				
	322	2	0.0	0.0	0.0	0.0	3	1.041663873201757	4.596644307658787	230.0	37	1.05	0.95				
	323	2	0.0	0.0	0.0	0.0	3	1.0319145054379695	5.50001952375595	230.0	35	1.05	0.95				
	324	1	0.0	0.0	0.0	0.0	3	1.0160994212580647	-0.40393868455768206	230.0	36	1.05	0.95				
	325	1	0.0	0.0	0.0	0.0	3	1.0330113628107738	5.808179462367913	230.0	35	1.05	0.95				
];
