%% MATPOWER Case Format : Version 2
function mpc = RTS_GMLC
mpc.version = '2';

%%-----  Power Flow Data  -----%%
%% system MVA base
mpc.baseMVA = 100.0;
%% bus data
%    bus_i    type    Pd    Qd    Gs    Bs    area    Vm    Va    baseKV    zone    Vmax    Vmin
mpc.bus = [
	101	2	33.71994062526316	6.868876794035088	0.0	0.0	1	1.032975108763391	4.441711491119593	138.0	11	1.05	0.95				
	102	2	30.285502228245615	6.244433449122807	0.0	0.0	1	1.0320793543527231	4.183962875294355	138.0	12	1.05	0.95				
	103	1	56.19990104210526	11.552201880877194	0.0	0.0	1	1.0323497273119808	2.4450460849367515	138.0	11	1.05	0.95				
	104	1	23.104403761754387	4.683325086842105	0.0	0.0	1	1.0227517865264228	0.8537479056487939	138.0	11	1.05	0.95				
	105	1	22.167738744385964	4.371103414385965	0.0	0.0	1	1.0369089007335919	1.13267743433766	138.0	11	1.05	0.95				
	106	1	42.46214745403509	8.74220682877193	0.0	-100.0	1	1.04822739401808	-1.0993778165947157	138.0	12	1.05	0.95				
	107	2	39.027709057017546	7.805541811403509	0.0	0.0	1	1.0005350730546754	-7.557573447008697	138.0	12	1.05	0.95				
	108	1	53.389905989999995	10.92775853596491	0.0	0.0	1	1.0075640125653833	-5.699876827961786	138.0	12	1.05	0.95				
	109	1	54.63879267982457	11.239980208421052	0.0	0.0	1	1.024445348038836	-0.5994925979951284	138.0	13	1.05	0.95				
	110	1	60.88322612894736	12.488866898245615	0.0	0.0	1	1.05	-1.234970893630565	138.0	13	1.05	0.95				
	111	1	0.0	0.0	0.0	0.0	1	1.0007924092179818	0.6236134849549492	230.0	13	1.05	0.95				
	112	1	0.0	0.0	0.0	0.0	1	1.0053383580019255	0.12876348714794938	230.0	13	1.05	0.95				
	113	3	82.7387432008772	16.85997031263158	0.0	0.0	1	0.9876875678674426	-6.752943571230942e-32	230.0	14	1.05	0.95				
	114	2	60.57100445649123	12.176645225789475	0.0	0.0	1	0.9982543676897105	2.8432315417788407	230.0	16	1.05	0.95				
	115	2	98.97427016859649	19.982187037192983	0.0	0.0	1	1.0377019940086005	8.774710220631578	230.0	16	1.05	0.95				
	116	2	31.222167245614035	6.244433449122807	0.0	0.0	1	1.0323821770838286	7.691530212522274	230.0	16	1.05	0.95				
	117	1	0.0	0.0	0.0	0.0	1	1.040556651233288	11.352501069847902	230.0	17	1.05	0.95				
	118	2	103.96981692789473	21.231073727017545	0.0	0.0	1	1.0465007985352677	11.685333695833348	230.0	17	1.05	0.95				
	119	1	56.51212271456141	11.552201880877194	0.0	0.0	1	1.0213116241129963	5.225561728462803	230.0	15	1.05	0.95				
	120	1	39.964374074385965	8.11776348385965	0.0	0.0	1	1.014553799232132	3.6674113184179657	230.0	15	1.05	0.95				
	121	2	0.0	0.0	0.0	0.0	1	1.05	12.725598818149823	230.0	17	1.05	0.95				
	122	2	0.0	0.0	0.0	0.0	1	1.05	23.575686765814982	230.0	17	1.05	0.95				
	123	2	0.0	0.0	0.0	0.0	1	1.0109584396949094	3.052658383743043	230.0	15	1.05	0.95				
	124	1	0.0	0.0	0.0	0.0	1	1.027162725489333	6.39723889223229	230.0	16	1.05	0.95				
	201	2	40.561624421052635	8.262553122807017	0.0	0.0	2	1.0136295403769893	-13.087296950535018	138.0	21	1.05	0.95				
	202	2	36.43034785964912	7.511411929824561	0.0	0.0	2	1.0127563448135735	-13.374908298994592	138.0	22	1.05	0.95				
	203	1	67.60270736842105	13.896112070175437	0.0	0.0	2	1.014322779087649	-9.08692559437608	138.0	21	1.05	0.95				
	204	1	27.792224140350875	5.63355894736842	0.0	0.0	2	1.0122910396005227	-13.078655242766109	138.0	21	1.05	0.95				
	205	1	26.66551235087719	5.257988350877193	0.0	0.0	2	1.0273393121395615	-13.512085720502231	138.0	21	1.05	0.95				
	206	1	51.07760112280702	10.515976701754386	0.0	-100.0	2	1.0431339332181297	-14.23625442387518	138.0	22	1.05	0.95				
	207	2	46.94632456140351	9.389264912280701	0.0	0.0	2	0.9960138462818783	-18.6740208386607	138.0	22	1.05	0.95				
	208	1	64.22257199999999	13.14497087719298	0.0	0.0	2	1.0025927978525717	-17.00992043304382	138.0	22	1.05	0.95				
	209	1	65.7248543859649	13.520541473684208	0.0	0.0	2	1.0223638730795526	-11.274601366469495	138.0	23	1.05	0.95				
	210	1	73.23626631578946	15.022823859649122	0.0	0.0	2	1.05	-12.726264080959004	138.0	23	1.05	0.95				
	211	1	0.0	0.0	0.0	0.0	2	1.004415487860912	-8.522084010430069	230.0	23	1.05	0.95				
	212	1	0.0	0.0	0.0	0.0	2	1.0072028302676068	-7.777753601720831	230.0	23	1.05	0.95				
	213	2	99.52620807017543	20.280812210526317	0.0	0.0	2	1.000048439185948	-7.184879198190465	230.0	24	1.05	0.95				
	214	2	72.86069571929823	14.647253263157895	0.0	0.0	2	1.0042399140320764	-6.087215690051555	230.0	26	1.05	0.95				
	215	2	119.05587908771929	24.036518175438594	0.0	0.0	2	1.0174456545685764	-0.15878600835700085	230.0	26	1.05	0.95				
	216	2	37.557059649122806	7.511411929824561	0.0	0.0	2	1.0194998072687598	-0.3506162822693005	230.0	26	1.05	0.95				
	217	1	0.0	0.0	0.0	0.0	2	1.0232162738042898	1.1621759745395046	230.0	27	1.05	0.95				
	218	2	125.06500863157895	25.53880056140351	0.0	0.0	2	1.0225867224292509	0.7478740750816988	230.0	27	1.05	0.95				
	219	1	67.97827796491228	13.896112070175437	0.0	0.0	2	1.021409672670916	-0.42926103693089857	230.0	25	1.05	0.95				
	220	1	48.07303635087719	9.76483550877193	0.0	0.0	2	1.0253360442709263	0.24343456649569767	230.0	25	1.05	0.95				
	221	2	0.0	0.0	0.0	0.0	2	1.0244783137315505	1.2509648487392135	230.0	27	1.05	0.95				
	222	2	0.0	0.0	0.0	0.0	2	1.0464180049582612	7.751452210739774	230.0	27	1.05	0.95				
	223	2	0.0	0.0	0.0	0.0	2	1.0279747011676648	0.9007535863925622	230.0	25	1.05	0.95				
	224	1	0.0	0.0	0.0	0.0	2	1.0052854173041432	-3.5259829617424123	230.0	26	1.05	0.95				
	301	2	44.75798799157895	9.117367924210527	0.0	0.0	3	1.0074418114190584	-14.79308847339028	138.0	31	1.05	0.95				
	302	2	40.19930402947368	8.288516294736842	0.0	0.0	3	1.0073523517124452	-14.89646594548973	138.0	32	1.05	0.95				
	303	1	74.59664665263158	15.333755145263156	0.0	0.0	3	1.0233720248519755	-9.778709937902978	138.0	31	1.05	0.95				
	304	1	30.667510290526312	6.216387221052631	0.0	0.0	3	1.0105583938956697	-13.50262851720268	138.0	31	1.05	0.95				
	305	1	29.424232846315785	5.80196140631579	0.0	0.0	3	1.0233609288400864	-14.216259383567433	138.0	31	1.05	0.95				
	306	1	56.361910804210524	11.60392281263158	0.0	-100.0	3	1.040693713927552	-14.394685047588835	138.0	32	1.05	0.95				
	307	2	51.80322684210527	10.360645368421052	0.0	0.0	3	0.9917611023434658	-18.854593912185734	138.0	32	1.05	0.95				
	308	1	70.86681431999999	14.504903515789472	0.0	0.0	3	0.9993720217689118	-17.00851653377607	138.0	32	1.05	0.95				
	309	1	72.52451757894737	14.919329330526315	0.0	0.0	3	1.0260155741078676	-10.6640133424774	138.0	33	1.05	0.95				
	310	1	80.8130338736842	16.577032589473685	0.0	0.0	3	1.05	-12.305021516378545	138.0	33	1.05	0.95				
	311	1	0.0	0.0	0.0	0.0	3	1.0076062258336622	-6.68274188221203	230.0	33	1.05	0.95				
	312	1	0.0	0.0	0.0	0.0	3	1.0109779405708523	-6.300131497585434	230.0	33	1.05	0.95				
	313	2	109.82284090526315	22.378993995789475	0.0	0.0	3	1.010376836141249	-3.2853523832595704	230.0	34	1.05	0.95				
	314	2	80.39860805894736	16.162606774736844	0.0	0.0	3	1.0077322856321005	-4.752368334026911	230.0	36	1.05	0.95				
	315	2	131.37298327157893	26.523252143157894	0.0	0.0	3	1.0367949984801572	-0.11919600731720757	230.0	36	1.05	0.95				
	316	2	41.44258147368421	8.288516294736842	0.0	0.0	3	1.0361089016427796	0.38760480472253034	230.0	36	1.05	0.95				
	317	1	0.0	0.0	0.0	0.0	3	1.0465450605734654	4.819297679594536	230.0	37	1.05	0.95				
	318	2	138.00379630736842	28.180955402105262	0.0	0.0	3	1.0431352101849565	3.02715945955497	230.0	37	1.05	0.95				
	319	1	75.01107246736842	15.333755145263156	0.0	0.0	3	1.0302022380722085	-0.5658208266153042	230.0	35	1.05	0.95				
	320	1	53.04650428631579	10.775071183157895	0.0	0.0	3	1.0278567038791233	-0.5959722448940956	230.0	35	1.05	0.95				
	321	2	0.0	0.0	0.0	0.0	3	1.042650637225405	2.583666780643475	230.0	37	1.05	0.95				
	322	2	0.0	0.0	0.0	0.0	3	1.05	7.7933690848693296	230.0	37	1.05	0.95				
	323	2	0.0	0.0	0.0	0.0	3	1.0270447154953164	-0.2927984166490011	230.0	35	1.05	0.95				
	324	1	0.0	0.0	0.0	0.0	3	1.0197281522138701	-3.7252812748042397	230.0	36	1.05	0.95				
	325	1	0.0	0.0	0.0	0.0	3	1.0255113847094153	0.8133814089615897	230.0	35	1.05	0.95				
];
