%% MATPOWER Case Format : Version 2
function mpc = RTS_GMLC
mpc.version = '2';

%%-----  Power Flow Data  -----%%
%% system MVA base
mpc.baseMVA = 100.0;
%% bus data
%    bus_i    type    Pd    Qd    Gs    Bs    area    Vm    Va    baseKV    zone    Vmax    Vmin
mpc.bus = [
	101	2	41.308263246315796	8.414646216842106	0.0	0.0	1	1.0129684571393436	-1.5615985361430267	138.0	11	1.05	0.95				
	102	2	37.10094013789474	7.649678378947369	0.0	0.0	1	1.01082801835411	-2.1296061650001756	138.0	12	1.05	0.95				
	103	1	68.84710541052632	14.151905001052631	0.0	0.0	1	1.0265213740784844	1.4120124798774958	138.0	11	1.05	0.95				
	104	1	28.303810002105262	5.7372587842105265	0.0	0.0	1	1.0126001193053904	-3.2143638014238123	138.0	11	1.05	0.95				
	105	1	27.156358245263156	5.354774865263159	0.0	0.0	1	1.0267059912089216	-3.3926460068404727	138.0	11	1.05	0.95				
	106	1	52.017812976842116	10.709549730526318	0.0	-100.0	1	1.0421316512802665	-4.939427149112206	138.0	12	1.05	0.95				
	107	2	47.81048986842106	9.56209797368421	0.0	0.0	1	0.9983862834981815	-10.171727933516154	138.0	12	1.05	0.95				
	108	1	65.40475014	13.386937163157894	0.0	0.0	1	1.0040870923611234	-8.418505548964832	138.0	12	1.05	0.95				
	109	1	66.93468581578948	13.769421082105262	0.0	0.0	1	1.024456644066815	-2.5030617512386106	138.0	13	1.05	0.95				
	110	1	74.58436419473684	15.299356757894738	0.0	0.0	1	1.05	-3.9892704973078477	138.0	13	1.05	0.95				
	111	1	0.0	0.0	0.0	0.0	1	1.0083497617697126	0.14435877556552557	230.0	13	1.05	0.95				
	112	1	0.0	0.0	0.0	0.0	1	1.0099162794578114	-0.9147220841611341	230.0	13	1.05	0.95				
	113	3	101.35823852105264	20.654131623157898	0.0	0.0	1	0.9979027782976553	-6.064566290774622e-31	230.0	14	1.05	0.95				
	114	2	74.20188027578948	14.91687283894737	0.0	0.0	1	1.0168806312075758	3.726203011705327	230.0	16	1.05	0.95				
	115	2	121.24740230631579	24.47897081263158	0.0	0.0	1	1.0407687675315638	12.745143359715225	230.0	16	1.05	0.95				
	116	2	38.24839189473684	7.649678378947369	0.0	0.0	1	1.0352547419461389	11.060025038921925	230.0	16	1.05	0.95				
	117	1	0.0	0.0	0.0	0.0	1	1.0392125095800693	16.871590342938163	230.0	17	1.05	0.95				
	118	2	127.3671450094737	26.008906488421058	0.0	0.0	1	1.05	17.372394739840086	230.0	17	1.05	0.95				
	119	1	69.22958932947368	14.151905001052631	0.0	0.0	1	1.025476172005779	6.956442870219962	230.0	15	1.05	0.95				
	120	1	48.95794162526316	9.944581892631579	0.0	0.0	1	1.0231432017153048	4.1006528358758345	230.0	15	1.05	0.95				
	121	2	0.0	0.0	0.0	0.0	1	1.0485869675547879	18.79219582527816	230.0	17	1.05	0.95				
	122	2	0.0	0.0	0.0	0.0	1	1.05	36.70636473195049	230.0	17	1.05	0.95				
	123	2	0.0	0.0	0.0	0.0	1	1.022834906060252	2.822391940818821	230.0	15	1.05	0.95				
	124	1	0.0	0.0	0.0	0.0	1	1.021277231013488	8.514057276364053	230.0	16	1.05	0.95				
	201	2	33.795687077052634	6.884306626807017	0.0	0.0	2	1.0139076781034961	-13.995476411372819	138.0	21	1.05	0.95				
	202	2	30.35353376364912	6.258460569824561	0.0	0.0	2	1.0129712686446741	-14.27491114646849	138.0	22	1.05	0.95				
	203	1	56.32614512842105	11.578152054175437	0.0	0.0	2	1.016786865490285	-10.57123501250991	138.0	21	1.05	0.95				
	204	1	23.156304108350874	4.69384542736842	0.0	0.0	2	1.0136389876440686	-14.23811544733807	138.0	21	1.05	0.95				
	205	1	22.21753502287719	4.3809223988771935	0.0	0.0	2	1.028369025498591	-14.60389180870663	138.0	21	1.05	0.95				
	206	1	42.55753187480702	8.761844797754387	0.0	-100.0	2	1.0449318402611527	-15.37676048797908	138.0	22	1.05	0.95				
	207	2	39.11537856140351	7.823075712280701	0.0	0.0	2	0.9966248055800154	-18.991289758148742	138.0	22	1.05	0.95				
	208	1	53.509837872	10.952305997192981	0.0	0.0	2	1.0053146633842562	-17.658657499800793	138.0	22	1.05	0.95				
	209	1	54.761529985964906	11.26522902568421	0.0	0.0	2	1.0221810264288167	-12.89893042477197	138.0	23	1.05	0.95				
	210	1	61.01999055578947	12.516921139649122	0.0	0.0	2	1.05	-14.200137550473231	138.0	23	1.05	0.95				
	211	1	0.0	0.0	0.0	0.0	2	1.0012738191700048	-10.59039597171259	230.0	23	1.05	0.95				
	212	1	0.0	0.0	0.0	0.0	2	1.005080622083418	-10.481554942272748	230.0	23	1.05	0.95				
	213	2	82.92460255017544	16.897843538526317	0.0	0.0	2	0.9930775586847684	-9.971259185969013	230.0	24	1.05	0.95				
	214	2	60.70706752729824	12.203998111157894	0.0	0.0	2	0.9998331264756899	-8.020826777984322	230.0	26	1.05	0.95				
	215	2	99.19660003171929	20.027073823438595	0.0	0.0	2	1.020455394194761	-1.7458581502583042	230.0	26	1.05	0.95				
	216	2	31.292302849122805	6.258460569824561	0.0	0.0	2	1.020323604290757	-2.5492245492614245	230.0	26	1.05	0.95				
	217	1	0.0	0.0	0.0	0.0	2	1.026842863658917	-0.38061640723067647	230.0	27	1.05	0.95				
	218	2	104.20336848757894	21.27876593740351	0.0	0.0	2	1.0266831889652839	-0.6946268768322464	230.0	27	1.05	0.95				
	219	1	56.63906815691227	11.578152054175437	0.0	0.0	2	1.0179529725015752	-3.761230402519149	230.0	25	1.05	0.95				
	220	1	40.05414764687719	8.13599874077193	0.0	0.0	2	1.017697560145191	-4.191722149915655	230.0	25	1.05	0.95				
	221	2	0.0	0.0	0.0	0.0	2	1.028172700672901	-0.24918055866407324	230.0	27	1.05	0.95				
	222	2	0.0	0.0	0.0	0.0	2	1.049999859604046	6.189232429596491	230.0	27	1.05	0.95				
	223	2	0.0	0.0	0.0	0.0	2	1.0175513123324027	-4.1807263027751755	230.0	25	1.05	0.95				
	224	1	0.0	0.0	0.0	0.0	2	1.008171560840133	-5.072304858945561	230.0	26	1.05	0.95				
	301	2	44.27965834105264	9.019930402807018	0.0	0.0	3	1.010485387847223	-4.789318196330501	138.0	31	1.05	0.95				
	302	2	39.76969313964913	8.199936729824563	0.0	0.0	3	1.0102652747267082	-4.928959957218654	138.0	32	1.05	0.95				
	303	1	73.79943056842106	15.16988295017544	0.0	0.0	3	1.0335294356981344	1.6139640356177474	138.0	31	1.05	0.95				
	304	1	30.33976590035088	6.149952547368421	0.0	0.0	3	1.0128331067825909	-3.520484538775136	138.0	31	1.05	0.95				
	305	1	29.10977539087719	5.739955710877194	0.0	0.0	3	1.0251213512113755	-4.6010374556364875	138.0	31	1.05	0.95				
	306	1	55.759569762807025	11.479911421754387	0.0	-100.0	3	1.0415607163553968	-4.990139741369203	138.0	32	1.05	0.95				
	307	2	51.24960456140351	10.249920912280702	0.0	0.0	3	0.9885943633905934	-9.134726571173132	138.0	32	1.05	0.95				
	308	1	70.10945904	14.34988927719298	0.0	0.0	3	0.9980147320902854	-7.328447831657697	138.0	32	1.05	0.95				
	309	1	71.74944638596492	14.759886113684212	0.0	0.0	3	1.0275702252304748	-0.6925807522105156	138.0	33	1.05	0.95				
	310	1	79.94938311578947	16.399873459649125	0.0	0.0	3	1.05	-3.091589065280152	138.0	33	1.05	0.95				
	311	1	0.0	0.0	0.0	0.0	3	1.0063601757628486	2.0250262276876008	230.0	33	1.05	0.95				
	312	1	0.0	0.0	0.0	0.0	3	1.0111176413647003	2.4886063107237395	230.0	33	1.05	0.95				
	313	2	108.64916167017545	22.13982917052632	0.0	0.0	3	1.008959994290282	5.222063285702468	230.0	34	1.05	0.95				
	314	2	79.53938627929826	15.989876623157894	0.0	0.0	3	1.0015607504161395	3.2767984311973946	230.0	36	1.05	0.95				
	315	2	129.9689971677193	26.239797535438598	0.0	0.0	3	1.0362230184871062	7.0990602798089695	230.0	36	1.05	0.95				
	316	2	40.99968364912281	8.199936729824563	0.0	0.0	3	1.0346463011324945	7.40756933763647	230.0	36	1.05	0.95				
	317	1	0.0	0.0	0.0	0.0	3	1.05	12.416454639687752	230.0	37	1.05	0.95				
	318	2	136.52894655157897	27.879784881403513	0.0	0.0	3	1.047100152583949	9.440668430382921	230.0	37	1.05	0.95				
	319	1	74.20942740491229	15.16988295017544	0.0	0.0	3	1.026685044253533	6.697833352936343	230.0	35	1.05	0.95				
	320	1	52.479595070877195	10.659917748771932	0.0	0.0	3	1.0224553048498461	6.876558626070434	230.0	35	1.05	0.95				
	321	2	0.0	0.0	0.0	0.0	3	1.0445836257782402	9.320026228396447	230.0	37	1.05	0.95				
	322	2	0.0	0.0	0.0	0.0	3	1.05	14.877127202472986	230.0	37	1.05	0.95				
	323	2	0.0	0.0	0.0	0.0	3	1.0206414236269052	7.29631647437222	230.0	35	1.05	0.95				
	324	1	0.0	0.0	0.0	0.0	3	1.0274593430959165	5.033999881180117	230.0	36	1.05	0.95				
	325	1	0.0	0.0	0.0	0.0	3	1.0202429343620982	8.284233895835282	230.0	35	1.05	0.95				
];
