%% MATPOWER Case Format : Version 2
function mpc = RTS_GMLC
mpc.version = '2';

%%-----  Power Flow Data  -----%%
%% system MVA base
mpc.baseMVA = 100.0;
%% bus data
%    bus_i    type    Pd    Qd    Gs    Bs    area    Vm    Va    baseKV    zone    Vmax    Vmin
mpc.bus = [
	101	2	47.921326067368426	9.761751606315789	0.0	0.0	1	1.015449074736186	2.1519421915643266	138.0	11	1.05	0.95				
	102	2	43.04045026421052	8.874319642105263	0.0	0.0	1	1.014350331240323	1.8282784634852045	138.0	12	1.05	0.95				
	103	1	79.86887677894737	16.417491337894734	0.0	0.0	1	1.0242528542509985	2.47526992364448	138.0	11	1.05	0.95				
	104	1	32.83498267578947	6.655739731578947	0.0	0.0	1	1.0127082513516246	-1.3215693318080723	138.0	11	1.05	0.95				
	105	1	31.503834729473677	6.212023749473684	0.0	0.0	1	1.026201996970352	-1.2860933340931646	138.0	11	1.05	0.95				
	106	1	60.3453735663158	12.424047498947369	0.0	-100.0	1	1.0402431465912272	-3.6837410607985768	138.0	12	1.05	0.95				
	107	2	55.464497763157894	11.092899552631579	0.0	0.0	1	0.9860531753178914	-12.19860873076762	138.0	12	1.05	0.95				
	108	1	75.87543294	15.53005937368421	0.0	0.0	1	0.9935961623550316	-9.508203941982474	138.0	12	1.05	0.95				
	109	1	77.65029686842105	15.97377535578947	0.0	0.0	1	1.0250330169021618	-2.0396689384757085	138.0	13	1.05	0.95				
	110	1	86.52461651052631	17.748639284210526	0.0	0.0	1	1.05	-3.302050200614548	138.0	13	1.05	0.95				
	111	1	0.0	0.0	0.0	0.0	1	1.0189822286306054	0.4767494237391852	230.0	13	1.05	0.95				
	112	1	0.0	0.0	0.0	0.0	1	1.0155418216026801	-0.5294969720183478	230.0	13	1.05	0.95				
	113	3	117.58473525789472	23.960663033684213	0.0	0.0	1	1.0016420547688998	6.969717187365477e-31	230.0	14	1.05	0.95				
	114	2	86.08090052842104	17.304923302105262	0.0	0.0	1	1.0431286130571435	3.959595348576318	230.0	16	1.05	0.95				
	115	2	140.65796632736843	28.397822854736845	0.0	0.0	1	1.0391988496137097	13.623011976537247	230.0	16	1.05	0.95				
	116	2	44.371598210526315	8.874319642105263	0.0	0.0	1	1.0396048006494412	11.745130320701609	230.0	16	1.05	0.95				
	117	1	0.0	0.0	0.0	0.0	1	1.0381407504231452	17.88112004632991	230.0	17	1.05	0.95				
	118	2	147.75742204105262	30.1726867831579	0.0	0.0	1	1.0467106667729582	18.512836059288055	230.0	17	1.05	0.95				
	119	1	80.31259276105263	16.417491337894734	0.0	0.0	1	1.0360915584997985	7.473151605042658	230.0	15	1.05	0.95				
	120	1	56.79564570947369	11.536615534736843	0.0	0.0	1	1.040084057825362	4.612315666353679	230.0	15	1.05	0.95				
	121	2	0.0	0.0	0.0	0.0	1	1.041153683446532	20.218036161336283	230.0	17	1.05	0.95				
	122	2	0.0	0.0	0.0	0.0	1	1.05	38.19662597095211	230.0	17	1.05	0.95				
	123	2	0.0	0.0	0.0	0.0	1	1.0434813186325012	3.378318234128524	230.0	15	1.05	0.95				
	124	1	0.0	0.0	0.0	0.0	1	1.0197070434112125	9.464330943760247	230.0	16	1.05	0.95				
	201	2	54.80749250526317	11.164489214035088	0.0	0.0	2	1.0108665572249573	-19.40489280207239	138.0	21	1.05	0.95				
	202	2	49.22524789824562	10.149535649122807	0.0	0.0	2	1.0104571627331889	-19.644332925830362	138.0	22	1.05	0.95				
	203	1	91.34582084210527	18.776640950877194	0.0	0.0	2	1.0099962974468515	-14.287657048354658	138.0	21	1.05	0.95				
	204	1	37.55328190175439	7.612151736842105	0.0	0.0	2	1.008823767514892	-19.272823633682613	138.0	21	1.05	0.95				
	205	1	36.03085155438596	7.104674954385966	0.0	0.0	2	1.0240390289750112	-19.859362695129242	138.0	21	1.05	0.95				
	206	1	69.0168424140351	14.209349908771932	0.0	-100.0	2	1.0387540561325088	-20.68913707989407	138.0	22	1.05	0.95				
	207	2	63.434597807017546	12.68691956140351	0.0	0.0	2	0.9911511636447391	-27.0680139839845	138.0	22	1.05	0.95				
	208	1	86.7785298	17.761687385964912	0.0	0.0	2	0.9943588876631275	-24.698655188673236	138.0	22	1.05	0.95				
	209	1	88.80843692982457	18.269164168421053	0.0	0.0	2	1.0230474226147934	-16.870312126866256	138.0	23	1.05	0.95				
	210	1	98.95797257894738	20.299071298245615	0.0	0.0	2	1.05	-18.68161390578678	138.0	23	1.05	0.95				
	211	1	0.0	0.0	0.0	0.0	2	1.0145825002389384	-13.163765118540551	230.0	23	1.05	0.95				
	212	1	0.0	0.0	0.0	0.0	2	1.0144826768777075	-11.915652748412695	230.0	23	1.05	0.95				
	213	2	134.4813473508772	27.403746252631585	0.0	0.0	2	1.0194915218857374	-11.212125709620345	230.0	24	1.05	0.95				
	214	2	98.45049579649124	19.791594515789473	0.0	0.0	2	1.0202430834726472	-10.257515119008328	230.0	26	1.05	0.95				
	215	2	160.8701400385965	32.47851407719298	0.0	0.0	2	1.030996944685402	-2.918189457740224	230.0	26	1.05	0.95				
	216	2	50.74767824561404	10.149535649122807	0.0	0.0	2	1.0350224485582162	-3.058639340254259	230.0	26	1.05	0.95				
	217	1	0.0	0.0	0.0	0.0	2	1.038172875329207	-1.2385054996935632	230.0	27	1.05	0.95				
	218	2	168.98976855789473	34.50842120701755	0.0	0.0	2	1.0360236316809908	-1.9702248645038143	230.0	27	1.05	0.95				
	219	1	91.8532976245614	18.776640950877194	0.0	0.0	2	1.038253234332137	-2.5735408841304057	230.0	25	1.05	0.95				
	220	1	64.95702815438597	13.19439634385965	0.0	0.0	2	1.0449513341651693	-1.1943749508465782	230.0	25	1.05	0.95				
	221	2	0.0	0.0	0.0	0.0	2	1.0367450812018544	-1.477759683986663	230.0	27	1.05	0.95				
	222	2	0.0	0.0	0.0	0.0	2	1.05	5.116386570357283	230.0	27	1.05	0.95				
	223	2	0.0	0.0	0.0	0.0	2	1.05	-0.07179694914292417	230.0	25	1.05	0.95				
	224	1	0.0	0.0	0.0	0.0	2	1.0090733361668545	-7.134510585778314	230.0	26	1.05	0.95				
	301	2	66.14615626105264	13.474217016140352	0.0	0.0	3	1.0375955442205882	4.460294542890724	138.0	31	1.05	0.95				
	302	2	59.40904775298246	12.249288196491229	0.0	0.0	3	1.034026523438739	4.096759363037134	138.0	32	1.05	0.95				
	303	1	110.24359376842105	22.66118316350877	0.0	0.0	3	1.05	22.104454075474923	138.0	31	1.05	0.95				
	304	1	45.32236632701754	9.186966147368421	0.0	0.0	3	1.0094458301363625	6.403441547096831	138.0	31	1.05	0.95				
	305	1	43.48497309754386	8.57450173754386	0.0	0.0	3	1.030270153312661	3.400556893819944	138.0	31	1.05	0.95				
	306	1	83.29515973614036	17.14900347508772	0.0	-100.0	3	1.0318895144953446	2.1101774798701562	138.0	32	1.05	0.95				
	307	2	76.55805122807018	15.311610245614036	0.0	0.0	3	0.95	2.214427643851179	138.0	32	1.05	0.95				
	308	1	104.73141408	21.43625434385965	0.0	0.0	3	0.9633469563520963	2.437275332332437	138.0	32	1.05	0.95				
	309	1	107.18127171929825	22.04871875368421	0.0	0.0	3	1.0114320517027624	10.89210613481762	138.0	33	1.05	0.95				
	310	1	119.43055991578947	24.498576392982457	0.0	0.0	3	1.0378412163604616	4.279649229841906	138.0	33	1.05	0.95				
	311	1	0.0	0.0	0.0	0.0	3	0.9978608944235706	9.600892811560877	230.0	33	1.05	0.95				
	312	1	0.0	0.0	0.0	0.0	3	1.0020556684125983	10.092433413071133	230.0	33	1.05	0.95				
	313	2	162.30306860350876	33.07307813052632	0.0	0.0	3	0.9979136942209915	11.798269216418035	230.0	34	1.05	0.95				
	314	2	118.81809550596492	23.886111983157896	0.0	0.0	3	0.9961255084132578	9.810527969352448	230.0	36	1.05	0.95				
	315	2	194.15121791438597	39.19772222877193	0.0	0.0	3	1.05	14.088727847019486	230.0	36	1.05	0.95				
	316	2	61.24644098245614	12.249288196491229	0.0	0.0	3	1.040765713985997	13.783810734190537	230.0	36	1.05	0.95				
	317	1	0.0	0.0	0.0	0.0	3	1.05	18.929079942371878	230.0	37	1.05	0.95				
	318	2	203.95064847157894	41.64757986807018	0.0	0.0	3	1.0430810565833626	15.54786439897339	230.0	37	1.05	0.95				
	319	1	110.85605817824562	22.66118316350877	0.0	0.0	3	1.0251382066540924	12.324254267583246	230.0	35	1.05	0.95				
	320	1	78.39544445754386	15.924074655438597	0.0	0.0	3	1.0168971615716715	12.225288527016279	230.0	35	1.05	0.95				
	321	2	0.0	0.0	0.0	0.0	3	1.0464257862139652	15.731370763986405	230.0	37	1.05	0.95				
	322	2	0.0	0.0	0.0	0.0	3	1.0499999988749842	21.33039588909996	230.0	37	1.05	0.95				
	323	2	0.0	0.0	0.0	0.0	3	1.0138120223121772	12.650147839286848	230.0	35	1.05	0.95				
	324	1	0.0	0.0	0.0	0.0	3	1.0472598663432455	17.15405923420374	230.0	36	1.05	0.95				
	325	1	0.0	0.0	0.0	0.0	3	1.0149590947533909	13.308915121426729	230.0	35	1.05	0.95				
];
