%% MATPOWER Case Format : Version 2
function mpc = RTS_GMLC
mpc.version = '2';

%%-----  Power Flow Data  -----%%
%% system MVA base
mpc.baseMVA = 100.0;
%% bus data
%    bus_i    type    Pd    Qd    Gs    Bs    area    Vm    Va    baseKV    zone    Vmax    Vmin
mpc.bus = [
	101	2	47.37357742736842	9.650173179649121	0.0	0.0	1	1.017022720548803	3.0070531779581824	138.0	11	1.05	0.95				
	102	2	42.54849083754385	8.77288470877193	0.0	0.0	1	1.0158672316827497	2.695858122649757	138.0	12	1.05	0.95				
	103	1	78.95596237894736	16.229836711228067	0.0	0.0	1	1.0272192758868903	2.9469791678447304	138.0	11	1.05	0.95				
	104	1	32.459673422456135	6.579663531578945	0.0	0.0	1	1.0138535433337692	-0.4288051451203181	138.0	11	1.05	0.95				
	105	1	31.143740716140343	6.1410192961403505	0.0	0.0	1	1.0271271929650005	-0.3622602807832292	138.0	11	1.05	0.95				
	106	1	59.655616019649116	12.282038592280701	0.0	-100.0	1	1.0408020698128948	-2.71825315064177	138.0	12	1.05	0.95				
	107	2	54.83052942982456	10.966105885964911	0.0	0.0	1	0.9853824752868906	-8.809872615766944	138.0	12	1.05	0.95				
	108	1	75.00816425999999	15.352548240350874	0.0	0.0	1	0.9950415404006039	-7.1728561421565065	138.0	12	1.05	0.95				
	109	1	76.76274120175437	15.79119247578947	0.0	0.0	1	1.025657776658804	-1.152226314469633	138.0	13	1.05	0.95				
	110	1	85.5356259105263	17.54576941754386	0.0	0.0	1	1.05	-2.3317925489099935	138.0	13	1.05	0.95				
	111	1	0.0	0.0	0.0	0.0	1	1.0186425717768466	0.9079962985032526	230.0	13	1.05	0.95				
	112	1	0.0	0.0	0.0	0.0	1	1.0140539731453269	0.3001249445229313	230.0	13	1.05	0.95				
	113	3	116.24072239122805	23.68678871368421	0.0	0.0	1	0.9958606162711394	-4.341372641703879e-34	230.0	14	1.05	0.95				
	114	2	85.0969816750877	17.10712518210526	0.0	0.0	1	1.0455153445050953	4.263172476165959	230.0	16	1.05	0.95				
	115	2	139.05022263403507	28.07323106807017	0.0	0.0	1	1.0442466040417837	13.295717180942981	230.0	16	1.05	0.95				
	116	2	43.864423543859644	8.77288470877193	0.0	0.0	1	1.045297873270626	11.798210829703521	230.0	16	1.05	0.95				
	117	1	0.0	0.0	0.0	0.0	1	1.0426623063535136	17.327335307565445	230.0	17	1.05	0.95				
	118	2	146.0685304010526	29.827808009824558	0.0	0.0	1	1.05	17.715289617020268	230.0	17	1.05	0.95				
	119	1	79.39460661438595	16.229836711228067	0.0	0.0	1	1.042605992286081	8.467104895941688	230.0	15	1.05	0.95				
	120	1	56.14646213614034	11.404750121403508	0.0	0.0	1	1.0455378029330735	6.402760855105792	230.0	15	1.05	0.95				
	121	2	0.0	0.0	0.0	0.0	1	1.0432255663669918	19.177801388959583	230.0	17	1.05	0.95				
	122	2	0.0	0.0	0.0	0.0	1	1.05	37.139310128883544	230.0	17	1.05	0.95				
	123	2	0.0	0.0	0.0	0.0	1	1.04791986542466	5.595644267854297	230.0	15	1.05	0.95				
	124	1	0.0	0.0	0.0	0.0	1	1.0249152779525368	9.444266752973723	230.0	16	1.05	0.95				
	201	2	51.10152684631579	10.409570283508772	0.0	0.0	2	1.0228368968136696	-9.646152770443463	138.0	21	1.05	0.95				
	202	2	45.89674170456141	9.463245712280703	0.0	0.0	2	1.0237556135264692	-9.49971050769123	138.0	22	1.05	0.95				
	203	1	85.16921141052633	17.5070045677193	0.0	0.0	2	1.012647065185579	-8.402311688856555	138.0	21	1.05	0.95				
	204	1	35.0140091354386	7.097434284210527	0.0	0.0	2	1.0157172048515541	-10.787202575311976	138.0	21	1.05	0.95				
	205	1	33.594522278596486	6.624271998596493	0.0	0.0	2	1.0306289962731545	-11.098907148396979	138.0	21	1.05	0.95				
	206	1	64.35007084350877	13.248543997192986	0.0	-100.0	2	1.0427406222685829	-12.346853255240058	138.0	22	1.05	0.95				
	207	2	59.14528570175439	11.829057140350878	0.0	0.0	2	0.9916944743572982	-19.06418715441096	138.0	22	1.05	0.95				
	208	1	80.91075084	16.560679996491228	0.0	0.0	2	0.9961594045490842	-16.88367502108938	138.0	22	1.05	0.95				
	209	1	82.80339998245616	17.03384228210526	0.0	0.0	2	1.0227753204390342	-9.892119476657223	138.0	23	1.05	0.95				
	210	1	92.26664569473685	18.926491424561405	0.0	0.0	2	1.05	-11.050890311837847	138.0	23	1.05	0.95				
	211	1	0.0	0.0	0.0	0.0	2	1.0088925378206837	-6.83932439546722	230.0	23	1.05	0.95				
	212	1	0.0	0.0	0.0	0.0	2	1.0097533206539073	-5.498138682453907	230.0	23	1.05	0.95				
	213	2	125.3880056877193	25.550763423157896	0.0	0.0	2	1.0068926321412182	-5.021695643180702	230.0	24	1.05	0.95				
	214	2	91.79348340912281	18.453329138947367	0.0	0.0	2	1.0113422879666363	-4.720192372444592	230.0	26	1.05	0.95				
	215	2	149.9924445396491	30.282386279298244	0.0	0.0	2	1.0263499603760329	0.8595171852932515	230.0	26	1.05	0.95				
	216	2	47.31622856140351	9.463245712280703	0.0	0.0	2	1.029522916879013	1.1570112999901105	230.0	26	1.05	0.95				
	217	1	0.0	0.0	0.0	0.0	2	1.036172226405646	2.5493035645283912	230.0	27	1.05	0.95				
	218	2	157.5630411094737	32.17503542175439	0.0	0.0	2	1.0338719229822846	1.873491047161324	230.0	27	1.05	0.95				
	219	1	85.64237369614037	17.5070045677193	0.0	0.0	2	1.030155707932363	2.0380602153970804	230.0	25	1.05	0.95				
	220	1	60.56477255859649	12.302219425964914	0.0	0.0	2	1.034442297716904	3.713161496042035	230.0	25	1.05	0.95				
	221	2	0.0	0.0	0.0	0.0	2	1.034112948274466	2.343830962881227	230.0	27	1.05	0.95				
	222	2	0.0	0.0	0.0	0.0	2	1.05	8.922283163935434	230.0	27	1.05	0.95				
	223	2	0.0	0.0	0.0	0.0	2	1.0382047427249166	4.983596632440622	230.0	25	1.05	0.95				
	224	1	0.0	0.0	0.0	0.0	2	1.0097551812092158	-2.595680729867164	230.0	26	1.05	0.95				
	301	2	57.31414109052631	11.675102814736842	0.0	0.0	3	1.0141912828263167	-8.33755475262916	138.0	31	1.05	0.95				
	302	2	51.47658968315789	10.613729831578947	0.0	0.0	3	1.0130396729867976	-8.578965023405749	138.0	32	1.05	0.95				
	303	1	95.52356848421051	19.635400188421052	0.0	0.0	3	1.0397243154771871	2.0145406043118292	138.0	31	1.05	0.95				
	304	1	39.270800376842104	7.9602973736842095	0.0	0.0	3	1.0108196415285209	-7.024152996883335	138.0	31	1.05	0.95				
	305	1	37.678740902105254	7.429610882105263	0.0	0.0	3	1.0253056753005534	-8.323426522459002	138.0	31	1.05	0.95				
	306	1	72.17336285473685	14.859221764210526	0.0	-100.0	3	1.0387192023703207	-8.92202370622421	138.0	32	1.05	0.95				
	307	2	66.33581144736841	13.267162289473683	0.0	0.0	3	0.993454099314184	-14.841970897982577	138.0	32	1.05	0.95				
	308	1	90.74739005999999	18.574027205263157	0.0	0.0	3	0.9953327694996938	-12.3493351156294	138.0	32	1.05	0.95				
	309	1	92.87013602631578	19.1047136968421	0.0	0.0	3	1.0265749638046737	-3.582255648401992	138.0	33	1.05	0.95				
	310	1	103.48386585789473	21.227459663157894	0.0	0.0	3	1.05	-6.606579766282144	138.0	33	1.05	0.95				
	311	1	0.0	0.0	0.0	0.0	3	1.0144778470470321	-0.08079817710812436	230.0	33	1.05	0.95				
	312	1	0.0	0.0	0.0	0.0	3	1.0128754990356201	0.1480247909488952	230.0	33	1.05	0.95				
	313	2	140.63192026842103	28.657070545263156	0.0	0.0	3	1.0147727936943962	2.977282047495779	230.0	34	1.05	0.95				
	314	2	102.95317936631578	20.696773171578947	0.0	0.0	3	1.0243085964734868	2.2841567241488674	230.0	36	1.05	0.95				
	315	2	168.2276178305263	33.96393546105263	0.0	0.0	3	1.043093299438176	8.372031492765577	230.0	36	1.05	0.95				
	316	2	53.06864915789473	10.613729831578947	0.0	0.0	3	1.0424035862810281	8.836370215340379	230.0	36	1.05	0.95				
	317	1	0.0	0.0	0.0	0.0	3	1.05	14.00189966530888	230.0	37	1.05	0.95				
	318	2	176.71860169578946	36.086681427368426	0.0	0.0	3	1.0436011626545556	11.4412293196745	230.0	37	1.05	0.95				
	319	1	96.05425497578946	19.635400188421052	0.0	0.0	3	1.0334374650565883	7.059308285774142	230.0	35	1.05	0.95				
	320	1	67.92787092210526	13.797848781052629	0.0	0.0	3	1.0301799284737285	6.517759116822557	230.0	35	1.05	0.95				
	321	2	0.0	0.0	0.0	0.0	3	1.0450351644915918	11.05365503314186	230.0	37	1.05	0.95				
	322	2	0.0	0.0	0.0	0.0	3	1.05	16.552984981198456	230.0	37	1.05	0.95				
	323	2	0.0	0.0	0.0	0.0	3	1.0293533730755684	6.62304960759188	230.0	35	1.05	0.95				
	324	1	0.0	0.0	0.0	0.0	3	1.0332300362391786	5.978239848283023	230.0	36	1.05	0.95				
	325	1	0.0	0.0	0.0	0.0	3	1.0273069171524192	7.677891864817339	230.0	35	1.05	0.95				
];
