%% MATPOWER Case Format : Version 2
function mpc = RTS_GMLC
mpc.version = '2';

%%-----  Power Flow Data  -----%%
%% system MVA base
mpc.baseMVA = 100.0;
%% bus data
%    bus_i    type    Pd    Qd    Gs    Bs    area    Vm    Va    baseKV    zone    Vmax    Vmin
mpc.bus = [
	101	2	42.27016327578947	8.610588815438595	0.0	0.0	1	1.0230274175886067	-2.725970822909537	138.0	11	1.05	0.95				
	102	2	37.96486886807017	7.827808014035087	0.0	0.0	1	1.022201079361495	-2.934056882309754	138.0	12	1.05	0.95				
	103	1	70.45027212631578	14.481444825964912	0.0	0.0	1	1.0306400997682348	-0.5073290881104904	138.0	11	1.05	0.95				
	104	1	28.962889651929824	5.870856010526316	0.0	0.0	1	1.021061355189547	-3.463242429076247	138.0	11	1.05	0.95				
	105	1	27.788718449824557	5.479465609824562	0.0	0.0	1	1.0317676717883566	-4.45344149268756	138.0	11	1.05	0.95				
	106	1	53.2290944954386	10.958931219649124	0.0	-100.0	1	1.0446317376698229	-5.871441936192586	138.0	12	1.05	0.95				
	107	2	48.92380008771929	9.784760017543858	0.0	0.0	1	1.003182484190829	-9.276071619276543	138.0	12	1.05	0.95				
	108	1	66.92775852	13.698664024561403	0.0	0.0	1	1.0075919259361785	-8.349714116400445	138.0	12	1.05	0.95				
	109	1	68.493320122807	14.090054425263157	0.0	0.0	1	1.0250911477290605	-3.452560079796029	138.0	13	1.05	0.95				
	110	1	76.32112813684209	15.655616028070174	0.0	0.0	1	1.05	-4.9409054567615	138.0	13	1.05	0.95				
	111	1	0.0	0.0	0.0	0.0	1	1.0028649525779918	-1.4376471280143022	230.0	13	1.05	0.95				
	112	1	0.0	0.0	0.0	0.0	1	1.0065740774169953	-1.6721662413137535	230.0	13	1.05	0.95				
	113	3	103.7184561859649	21.135081637894736	0.0	0.0	1	0.9958713959239278	5.054367417534205e-29	230.0	14	1.05	0.95				
	114	2	75.92973773614034	15.264225627368418	0.0	0.0	1	0.9997706218732465	0.21860269030817636	230.0	16	1.05	0.95				
	115	2	124.07075702245614	25.048985644912282	0.0	0.0	1	1.0306567380049392	5.7866915310184925	230.0	16	1.05	0.95				
	116	2	39.13904007017543	7.827808014035087	0.0	0.0	1	1.0265999637089358	4.8636012534375155	230.0	16	1.05	0.95				
	117	1	0.0	0.0	0.0	0.0	1	1.0346496505869482	8.145793868963146	230.0	17	1.05	0.95				
	118	2	130.33300343368418	26.6145472477193	0.0	0.0	1	1.0377972106843507	8.812633734533394	230.0	17	1.05	0.95				
	119	1	70.84166252701753	14.481444825964912	0.0	0.0	1	1.0175714514225385	2.9846451229459507	230.0	15	1.05	0.95				
	120	1	50.097971289824564	10.176150418245614	0.0	0.0	1	1.0118837927896358	1.573406363075333	230.0	15	1.05	0.95				
	121	2	0.0	0.0	0.0	0.0	1	1.0396383614559037	9.882579960206787	230.0	17	1.05	0.95				
	122	2	0.0	0.0	0.0	0.0	1	1.05	16.28686808685294	230.0	17	1.05	0.95				
	123	2	0.0	0.0	0.0	0.0	1	1.009213947375098	1.1033951822035821	230.0	15	1.05	0.95				
	124	1	0.0	0.0	0.0	0.0	1	1.0222167569923561	3.407348987697022	230.0	16	1.05	0.95				
	201	2	40.91862111157894	8.335274670877192	0.0	0.0	2	1.0166189777132801	-9.226604444863051	138.0	21	1.05	0.95				
	202	2	36.750983776140345	7.577522428070176	0.0	0.0	2	1.0157977794836426	-9.448412836402055	138.0	22	1.05	0.95				
	203	1	68.19770185263158	14.018416491929822	0.0	0.0	2	1.014822730921086	-7.296349112224039	138.0	21	1.05	0.95				
	204	1	28.036832983859643	5.68314182105263	0.0	0.0	2	1.0140952001345152	-8.936694488222146	138.0	21	1.05	0.95				
	205	1	26.90020461964912	5.304265699649123	0.0	0.0	2	1.0287517741366201	-9.187295510572365	138.0	21	1.05	0.95				
	206	1	51.527152510877194	10.608531399298245	0.0	-100.0	2	1.0438146405551463	-9.65016296646212	138.0	22	1.05	0.95				
	207	2	47.359515175438595	9.471903035087719	0.0	0.0	2	0.999687415657505	-14.194071481569868	138.0	22	1.05	0.95				
	208	1	64.78781676	13.260664249122806	0.0	0.0	2	1.0048248086227631	-12.502947122546551	138.0	22	1.05	0.95				
	209	1	66.30332124561403	13.639540370526316	0.0	0.0	2	1.0233727482805366	-6.947788618676333	138.0	23	1.05	0.95				
	210	1	73.88084367368421	15.155044856140352	0.0	0.0	2	1.05	-7.928140129072687	138.0	23	1.05	0.95				
	211	1	0.0	0.0	0.0	0.0	2	1.000701964352465	-5.063423745617224	230.0	23	1.05	0.95				
	212	1	0.0	0.0	0.0	0.0	2	1.0074255028406467	-0.7491545256899804	230.0	23	1.05	0.95				
	213	2	100.40217217192982	20.45931055578947	0.0	0.0	2	0.9932861437792722	-3.2190642308474704	230.0	24	1.05	0.95				
	214	2	73.50196755228069	14.776168734736842	0.0	0.0	2	0.9955581307928146	-4.141312054864437	230.0	26	1.05	0.95				
	215	2	120.10373048491228	24.24807176982456	0.0	0.0	2	1.013504595278265	0.3578217159526206	230.0	26	1.05	0.95				
	216	2	37.887612140350875	7.577522428070176	0.0	0.0	2	1.011037934513429	-0.49105090405186375	230.0	26	1.05	0.95				
	217	1	0.0	0.0	0.0	0.0	2	1.017410083744386	0.8845926985595083	230.0	27	1.05	0.95				
	218	2	126.16574842736841	25.763576255438597	0.0	0.0	2	1.017288948137297	0.6638447207672247	230.0	27	1.05	0.95				
	219	1	68.57657797403508	14.018416491929822	0.0	0.0	2	1.007838202218628	-0.9652787251195728	230.0	25	1.05	0.95				
	220	1	48.49614353964912	9.850779156491228	0.0	0.0	2	1.0074622100480621	-0.6100847363951719	230.0	25	1.05	0.95				
	221	2	0.0	0.0	0.0	0.0	2	1.0195649051951192	1.3637369114343285	230.0	27	1.05	0.95				
	222	2	0.0	0.0	0.0	0.0	2	1.0413476335128506	7.775920169241431	230.0	27	1.05	0.95				
	223	2	0.0	0.0	0.0	0.0	2	1.0077105726811664	-0.11049190796650164	230.0	25	1.05	0.95				
	224	1	0.0	0.0	0.0	0.0	2	1.0043983611340828	-2.5418645848275307	230.0	26	1.05	0.95				
	301	2	54.66624487578948	11.135716548771931	0.0	0.0	3	0.9988898185353111	8.28081326985374	138.0	31	1.05	0.95				
	302	2	49.09838660140352	10.123378680701755	0.0	0.0	3	0.9986452839216491	8.216411542191189	138.0	32	1.05	0.95				
	303	1	91.1104081263158	18.72825055929825	0.0	0.0	3	1.0206486838235496	11.84050086165888	138.0	31	1.05	0.95				
	304	1	37.4565011185965	7.592534010526316	0.0	0.0	3	1.0047345273970576	9.834845444579678	138.0	31	1.05	0.95				
	305	1	35.93799431649123	7.08636507649123	0.0	0.0	3	1.0171342686328781	9.671516329377557	138.0	31	1.05	0.95				
	306	1	68.83897502877194	14.17273015298246	0.0	-100.0	3	1.0356733393897108	9.857846591850889	138.0	32	1.05	0.95				
	307	2	63.27111675438597	12.654223350877194	0.0	0.0	3	0.9917338770658446	7.266657101362634	138.0	32	1.05	0.95				
	308	1	86.55488772000001	17.715912691228073	0.0	0.0	3	1.0044107626844423	9.461264888845589	138.0	32	1.05	0.95				
	309	1	88.57956345614036	18.222081625263158	0.0	0.0	3	1.026521745215489	13.223070130311681	138.0	33	1.05	0.95				
	310	1	98.70294213684213	20.24675736140351	0.0	0.0	3	1.05	12.680024859763847	138.0	33	1.05	0.95				
	311	1	0.0	0.0	0.0	0.0	3	1.008779483744221	17.358755205517586	230.0	33	1.05	0.95				
	312	1	0.0	0.0	0.0	0.0	3	1.0154923738677597	18.390610230437247	230.0	33	1.05	0.95				
	313	2	134.13476751929824	27.33312243789474	0.0	0.0	3	1.0205009031412964	23.825120679700348	230.0	34	1.05	0.95				
	314	2	98.19677320280704	19.740588427368426	0.0	0.0	3	1.00471734038104	16.139472245515908	230.0	36	1.05	0.95				
	315	2	160.45555208912282	32.39481177824562	0.0	0.0	3	1.0233388134580643	10.499133751817157	230.0	36	1.05	0.95				
	316	2	50.616893403508776	10.123378680701755	0.0	0.0	3	1.023507813846926	11.498340369645947	230.0	36	1.05	0.95				
	317	1	0.0	0.0	0.0	0.0	3	1.0272346869000093	10.272947503653866	230.0	37	1.05	0.95				
	318	2	168.55425503368423	34.41948751438597	0.0	0.0	3	1.0253713084807974	8.947404074318023	230.0	37	1.05	0.95				
	319	1	91.61657706035089	18.72825055929825	0.0	0.0	3	1.0236107433435755	14.113303358363188	230.0	35	1.05	0.95				
	320	1	64.78962355649124	13.160392284912284	0.0	0.0	3	1.0250414425367758	15.802948557200217	230.0	35	1.05	0.95				
	321	2	0.0	0.0	0.0	0.0	3	1.0267642831662176	10.044024966334675	230.0	37	1.05	0.95				
	322	2	0.0	0.0	0.0	0.0	3	1.0405224987507151	14.519425482486469	230.0	37	1.05	0.95				
	323	2	0.0	0.0	0.0	0.0	3	1.025184138562996	16.292592055312543	230.0	35	1.05	0.95				
	324	1	0.0	0.0	0.0	0.0	3	1.0215024509439872	13.026256911662125	230.0	36	1.05	0.95				
	325	1	0.0	0.0	0.0	0.0	3	1.0278581436559162	15.75345936339364	230.0	35	1.05	0.95				
];
