%% MATPOWER Case Format : Version 2
function mpc = RTS_GMLC
mpc.version = '2';

%%-----  Power Flow Data  -----%%
%% system MVA base
mpc.baseMVA = 100.0;
%% bus data
%    bus_i    type    Pd    Qd    Gs    Bs    area    Vm    Va    baseKV    zone    Vmax    Vmin
mpc.bus = [
	101	2	41.33498267368421	8.420089063157894	0.0	0.0	1	1.0324547251420937	2.358442600372117	138.0	11	1.05	0.95				
	102	2	37.124938142105265	7.654626421052632	0.0	0.0	1	1.0316619687296178	2.1447510504156058	138.0	12	1.05	0.95				
	103	1	68.89163778947368	14.161058878947369	0.0	0.0	1	1.0294316217465618	-0.14663457092060134	138.0	11	1.05	0.95				
	104	1	28.322117757894738	5.740969815789473	0.0	0.0	1	1.0217589451370361	-0.9463656990966385	138.0	11	1.05	0.95				
	105	1	27.173923794736844	5.358238494736843	0.0	0.0	1	1.0360036072563676	-0.6480766998455803	138.0	11	1.05	0.95				
	106	1	52.05145966315789	10.716476989473685	0.0	-100.0	1	1.0464286047485414	-2.75874718312455	138.0	12	1.05	0.95				
	107	2	47.84141513157895	9.56828302631579	0.0	0.0	1	1.0003846593806205	-7.067230733212239	138.0	12	1.05	0.95				
	108	1	65.4470559	13.395596236842106	0.0	0.0	1	1.0063235258698546	-6.203614518993609	138.0	12	1.05	0.95				
	109	1	66.97798118421052	13.778327557894738	0.0	0.0	1	1.0250695850216738	-1.9183854376537612	138.0	13	1.05	0.95				
	110	1	74.63260760526316	15.309252842105264	0.0	0.0	1	1.05	-2.4849908150423525	138.0	13	1.05	0.95				
	111	1	0.0	0.0	0.0	0.0	1	1.0025614495683344	-0.47496280325743534	230.0	13	1.05	0.95				
	112	1	0.0	0.0	0.0	0.0	1	1.0074078646108882	0.0944415094364834	230.0	13	1.05	0.95				
	113	3	101.42380007894735	20.667491336842104	0.0	0.0	1	0.9927602423386688	-2.288543207112064e-29	230.0	14	1.05	0.95				
	114	2	74.24987628421053	14.926521521052633	0.0	0.0	1	0.9986458259056789	0.9707894078808702	230.0	16	1.05	0.95				
	115	2	121.32582877368421	24.49480454736842	0.0	0.0	1	1.0376235699897012	5.352646838651486	230.0	16	1.05	0.95				
	116	2	38.27313210526316	7.654626421052632	0.0	0.0	1	1.032300719019761	5.207315157224618	230.0	16	1.05	0.95				
	117	1	0.0	0.0	0.0	0.0	1	1.0418167577820518	6.455513860219913	230.0	17	1.05	0.95				
	118	2	127.44952991052631	26.025729831578946	0.0	0.0	1	1.0449245753804965	6.225269142766467	230.0	17	1.05	0.95				
	119	1	69.27436911052631	14.161058878947369	0.0	0.0	1	1.0258953833040088	4.82594165443784	230.0	15	1.05	0.95				
	120	1	48.98960909473684	9.951014347368421	0.0	0.0	1	1.022651430306872	5.2425231231740534	230.0	15	1.05	0.95				
	121	2	0.0	0.0	0.0	0.0	1	1.05	6.882251283912842	230.0	17	1.05	0.95				
	122	2	0.0	0.0	0.0	0.0	1	1.05	13.224843659921982	230.0	17	1.05	0.95				
	123	2	0.0	0.0	0.0	0.0	1	1.0213071027787255	5.7726442236194515	230.0	15	1.05	0.95				
	124	1	0.0	0.0	0.0	0.0	1	1.026765046075846	3.2970495668442585	230.0	16	1.05	0.95				
	201	2	41.122619242105266	8.376829845614035	0.0	0.0	2	1.023291276882987	-5.265547234805335	138.0	21	1.05	0.95				
	202	2	36.934204319298246	7.615299859649123	0.0	0.0	2	1.0238344026730297	-5.051717053661244	138.0	22	1.05	0.95				
	203	1	68.53769873684212	14.088304740350877	0.0	0.0	2	1.0188565488852095	-5.181559020743602	138.0	21	1.05	0.95				
	204	1	28.176609480701753	5.711474894736842	0.0	0.0	2	1.0176847868237826	-6.979234844198462	138.0	21	1.05	0.95				
	205	1	27.034314501754388	5.330709901754386	0.0	0.0	2	1.0319770584698433	-7.180262532302083	138.0	21	1.05	0.95				
	206	1	51.78403904561404	10.661419803508773	0.0	-100.0	2	1.0451376091449338	-8.59038466765197	138.0	22	1.05	0.95				
	207	2	47.59562412280702	9.519124824561404	0.0	0.0	2	0.9888386879504607	-14.136051789042982	138.0	22	1.05	0.95				
	208	1	65.1108138	13.326774754385964	0.0	0.0	2	0.998443466329532	-12.473255371001283	138.0	22	1.05	0.95				
	209	1	66.63387377192981	13.707539747368422	0.0	0.0	2	1.0231607097300799	-6.983083296528976	138.0	23	1.05	0.95				
	210	1	74.24917363157894	15.230599719298246	0.0	0.0	2	1.05	-7.890675578524789	138.0	23	1.05	0.95				
	211	1	0.0	0.0	0.0	0.0	2	1.0031062850711412	-4.648799896324257	230.0	23	1.05	0.95				
	212	1	0.0	0.0	0.0	0.0	2	1.00989659328419	-4.38876592880574	230.0	23	1.05	0.95				
	213	2	100.90272314035087	20.561309621052633	0.0	0.0	2	0.9977855678066295	-4.066846708786658	230.0	24	1.05	0.95				
	214	2	73.86840863859649	14.84983472631579	0.0	0.0	2	0.9998965237257961	-2.233290555067814	230.0	26	1.05	0.95				
	215	2	120.70250277543859	24.368959550877193	0.0	0.0	2	1.0253818719091894	3.6441783874140548	230.0	26	1.05	0.95				
	216	2	38.076499298245615	7.615299859649123	0.0	0.0	2	1.0266511376559806	3.392662107735074	230.0	26	1.05	0.95				
	217	1	0.0	0.0	0.0	0.0	2	1.0325542389827875	6.003245183697169	230.0	27	1.05	0.95				
	218	2	126.79474266315789	25.89201952280702	0.0	0.0	2	1.0343316222738772	6.559604865873954	230.0	27	1.05	0.95				
	219	1	68.91846372982457	14.088304740350877	0.0	0.0	2	1.0274546310517498	2.2155626407597353	230.0	25	1.05	0.95				
	220	1	48.737919101754386	9.89988981754386	0.0	0.0	2	1.0306613606171888	1.9390971466227218	230.0	25	1.05	0.95				
	221	2	0.0	0.0	0.0	0.0	2	1.03433472133669	6.345234740491047	230.0	27	1.05	0.95				
	222	2	0.0	0.0	0.0	0.0	2	1.05	12.70718508247442	230.0	27	1.05	0.95				
	223	2	0.0	0.0	0.0	0.0	2	1.032710052675418	2.078170546272031	230.0	25	1.05	0.95				
	224	1	0.0	0.0	0.0	0.0	2	1.011974128390759	0.3275585864165473	230.0	26	1.05	0.95				
	301	2	50.73710850947369	10.335336918596493	0.0	0.0	3	1.007522040511212	-29.433470367882336	138.0	31	1.05	0.95				
	302	2	45.569440050175444	9.39576083508772	0.0	0.0	3	1.0069468112932352	-29.573615812886157	138.0	32	1.05	0.95				
	303	1	84.56184751578948	17.382157544912282	0.0	0.0	3	1.0275117649854126	-22.903322479125134	138.0	31	1.05	0.95				
	304	1	34.764315089824564	7.046820626315789	0.0	0.0	3	1.0094680113921537	-28.073362666243042	138.0	31	1.05	0.95				
	305	1	33.354950964561404	6.577032584561405	0.0	0.0	3	1.0226017244164036	-28.908305556179982	138.0	31	1.05	0.95				
	306	1	63.8911736785965	13.15406516912281	0.0	-100.0	3	1.0389780499537544	-29.16531378836954	138.0	32	1.05	0.95				
	307	2	58.72350521929825	11.74470104385965	0.0	0.0	3	0.9924363788697436	-34.38498950000293	138.0	32	1.05	0.95				
	308	1	80.33375514000001	16.442581461403506	0.0	0.0	3	0.9975605239816272	-32.23536733534386	138.0	32	1.05	0.95				
	309	1	82.21290730701755	16.912369503157894	0.0	0.0	3	1.0266626793379114	-24.926229072221812	138.0	33	1.05	0.95				
	310	1	91.60866814210526	18.79152167017544	0.0	0.0	3	1.05	-26.87217104628801	138.0	33	1.05	0.95				
	311	1	0.0	0.0	0.0	0.0	3	1.011075654249872	-20.7997274830361	230.0	33	1.05	0.95				
	312	1	0.0	0.0	0.0	0.0	3	1.0137249625448639	-20.09666810905944	230.0	33	1.05	0.95				
	313	2	124.49383106491227	25.368554254736846	0.0	0.0	3	1.0146590761771537	-17.08537463248285	230.0	34	1.05	0.95				
	314	2	91.13888010035089	18.321733628421054	0.0	0.0	3	1.0149843179404385	-18.890644173620615	230.0	36	1.05	0.95				
	315	2	148.92280923614035	30.066434672280707	0.0	0.0	3	1.0383968942307378	-14.13328318424521	230.0	36	1.05	0.95				
	316	2	46.9788041754386	9.39576083508772	0.0	0.0	3	1.0384172525010014	-13.391636732342407	230.0	36	1.05	0.95				
	317	1	0.0	0.0	0.0	0.0	3	1.0422595931706347	-11.749824722675838	230.0	37	1.05	0.95				
	318	2	156.43941790421053	31.94558683929825	0.0	0.0	3	1.0420553661834935	-11.437802808351751	230.0	37	1.05	0.95				
	319	1	85.03163555754386	17.382157544912282	0.0	0.0	3	1.0366161227090451	-13.889929522056772	230.0	35	1.05	0.95				
	320	1	60.13286934456141	12.214489085614035	0.0	0.0	3	1.038336769455212	-13.425891908460022	230.0	35	1.05	0.95				
	321	2	0.0	0.0	0.0	0.0	3	1.0426562089931457	-11.690192823306429	230.0	37	1.05	0.95				
	322	2	0.0	0.0	0.0	0.0	3	1.05	-7.389210226133158	230.0	37	1.05	0.95				
	323	2	0.0	0.0	0.0	0.0	3	1.0401023684998685	-12.819485597028711	230.0	35	1.05	0.95				
	324	1	0.0	0.0	0.0	0.0	3	1.0232777925168195	-17.414078161026858	230.0	36	1.05	0.95				
	325	1	0.0	0.0	0.0	0.0	3	1.0336974368266558	-11.200735567279702	230.0	35	1.05	0.95				
];
