%% MATPOWER Case Format : Version 2
function mpc = RTS_GMLC
mpc.version = '2';

%%-----  Power Flow Data  -----%%
%% system MVA base
mpc.baseMVA = 100.0;
%% bus data
%    bus_i    type    Pd    Qd    Gs    Bs    area    Vm    Va    baseKV    zone    Vmax    Vmin
mpc.bus = [
	101	2	54.13359721263158	11.027214247017545	0.0	0.0	1	1.0310669426622583	0.583294514331276	138.0	11	1.05	0.95				
	102	2	48.61999008912281	10.024740224561404	0.0	0.0	1	1.028669382727577	-0.06533242782554653	138.0	12	1.05	0.95				
	103	1	90.22266202105264	18.545769415438595	0.0	0.0	1	1.0315686630045846	1.6223013076970605	138.0	11	1.05	0.95				
	104	1	37.09153883087719	7.518555168421052	0.0	0.0	1	1.0214983024709494	-2.160979360721861	138.0	11	1.05	0.95				
	105	1	35.587827797192986	7.0173181571929835	0.0	0.0	1	1.033517861015623	-2.758332697154407	138.0	11	1.05	0.95				
	106	1	68.16823352701755	14.034636314385967	0.0	-100.0	1	1.0423170686715924	-5.246090978355032	138.0	12	1.05	0.95				
	107	2	62.65462640350877	12.530925280701755	0.0	0.0	1	0.9983928905349958	-12.408271503698572	138.0	12	1.05	0.95				
	108	1	85.71152892	17.543295392982454	0.0	0.0	1	0.9996945098290774	-10.294403165919928	138.0	12	1.05	0.95				
	109	1	87.71647696491229	18.044532404210525	0.0	0.0	1	1.025228215722308	-2.9618934562972736	138.0	13	1.05	0.95				
	110	1	97.74121718947369	20.049480449122807	0.0	0.0	1	1.05	-4.557796504780592	138.0	13	1.05	0.95				
	111	1	0.0	0.0	0.0	0.0	1	1.0104565757681174	-0.5224278073315048	230.0	13	1.05	0.95				
	112	1	0.0	0.0	0.0	0.0	1	1.012630004608958	-1.2498300560889515	230.0	13	1.05	0.95				
	113	3	132.8278079754386	27.06679860631579	0.0	0.0	1	1.0040071159149517	-1.2124817957116825e-31	230.0	14	1.05	0.95				
	114	2	97.23998017824562	19.548243437894737	0.0	0.0	1	1.0161840784840046	2.324829781453504	230.0	16	1.05	0.95				
	115	2	158.89213255929823	32.07916871859649	0.0	0.0	1	1.0421747208649077	11.106008771633379	230.0	16	1.05	0.95				
	116	2	50.12370112280702	10.024740224561404	0.0	0.0	1	1.0376709628665335	9.348396420141421	230.0	16	1.05	0.95				
	117	1	0.0	0.0	0.0	0.0	1	1.043331880972518	14.439252476858227	230.0	17	1.05	0.95				
	118	2	166.9119247389474	34.084116763508774	0.0	0.0	1	1.05	15.517755333997647	230.0	17	1.05	0.95				
	119	1	90.72389903228071	18.545769415438595	0.0	0.0	1	1.0279554146906444	5.797227829053792	230.0	15	1.05	0.95				
	120	1	64.15833743719298	13.032162291929824	0.0	0.0	1	1.0252253077966977	3.2213632519521345	230.0	15	1.05	0.95				
	121	2	0.0	0.0	0.0	0.0	1	1.05	17.42043759885015	230.0	17	1.05	0.95				
	122	2	0.0	0.0	0.0	0.0	1	1.05	26.850254383357978	230.0	17	1.05	0.95				
	123	2	0.0	0.0	0.0	0.0	1	1.0250593073193963	2.1848523905757458	230.0	15	1.05	0.95				
	124	1	0.0	0.0	0.0	0.0	1	1.0263058834256347	7.5554984533165275	230.0	16	1.05	0.95				
	201	2	47.446560682105265	9.665040138947369	0.0	0.0	2	1.013126051950735	-16.30897044169707	138.0	21	1.05	0.95				
	202	2	42.614040612631584	8.78640012631579	0.0	0.0	2	1.0121880836208828	-16.594400625389	138.0	22	1.05	0.95				
	203	1	79.07760113684212	16.254840233684213	0.0	0.0	2	1.0154258143793995	-12.081729679876807	138.0	21	1.05	0.95				
	204	1	32.509680467368426	6.589800094736842	0.0	0.0	2	1.0112763106655431	-16.014418257592695	138.0	21	1.05	0.95				
	205	1	31.19172044842105	6.1504800884210535	0.0	0.0	2	1.0261372197633225	-16.489674561763835	138.0	21	1.05	0.95				
	206	1	59.747520858947375	12.300960176842107	0.0	-100.0	2	1.041181431632433	-17.131871882997483	138.0	22	1.05	0.95				
	207	2	54.91500078947369	10.983000157894738	0.0	0.0	2	0.9943804822791047	-22.41187613894191	138.0	22	1.05	0.95				
	208	1	75.12372108000001	15.37620022105263	0.0	0.0	2	0.9993190088381503	-20.412240605351855	138.0	22	1.05	0.95				
	209	1	76.88100110526315	15.81552022736842	0.0	0.0	2	1.0235845875277358	-13.723859794711368	138.0	23	1.05	0.95				
	210	1	85.66740123157895	17.57280025263158	0.0	0.0	2	1.05	-15.257259938887989	138.0	23	1.05	0.95				
	211	1	0.0	0.0	0.0	0.0	2	1.008207032609349	-10.528662714494242	230.0	23	1.05	0.95				
	212	1	0.0	0.0	0.0	0.0	2	1.0100119588969136	-8.881946206017606	230.0	23	1.05	0.95				
	213	2	116.41980167368422	23.723280341052632	0.0	0.0	2	1.0046555470968253	-8.789637400668738	230.0	24	1.05	0.95				
	214	2	85.22808122526317	17.13348024631579	0.0	0.0	2	1.0121782013893674	-8.000190845007351	230.0	26	1.05	0.95				
	215	2	139.26444200210526	28.116480404210524	0.0	0.0	2	1.0280407108557015	-1.3216359994739961	230.0	26	1.05	0.95				
	216	2	43.93200063157895	8.78640012631579	0.0	0.0	2	1.0286902272043776	-1.748062660504511	230.0	26	1.05	0.95				
	217	1	0.0	0.0	0.0	0.0	2	1.032306134522321	-0.1933660291356631	230.0	27	1.05	0.95				
	218	2	146.29356210315788	29.873760429473688	0.0	0.0	2	1.0314598652478086	-0.6695284790645516	230.0	27	1.05	0.95				
	219	1	79.5169211431579	16.254840233684213	0.0	0.0	2	1.028107288730919	-1.882524195054624	230.0	25	1.05	0.95				
	220	1	56.23296080842105	11.422320164210527	0.0	0.0	2	1.0305848227371466	-1.1459106550141709	230.0	25	1.05	0.95				
	221	2	0.0	0.0	0.0	0.0	2	1.0332297792846914	-0.08904238078465192	230.0	27	1.05	0.95				
	222	2	0.0	0.0	0.0	0.0	2	1.05	6.365422105074752	230.0	27	1.05	0.95				
	223	2	0.0	0.0	0.0	0.0	2	1.032738368417114	-0.4080605375209727	230.0	25	1.05	0.95				
	224	1	0.0	0.0	0.0	0.0	2	1.0100549100892857	-5.3436484674601274	230.0	26	1.05	0.95				
	301	2	60.2695349431579	12.277127488421053	0.0	0.0	3	1.0009792887653701	13.348595078536313	138.0	31	1.05	0.95				
	302	2	54.130971198947364	11.161024989473685	0.0	0.0	3	1.0004578234315329	13.20332899408228	138.0	32	1.05	0.95				
	303	1	100.44922490526315	20.647896230526317	0.0	0.0	3	1.03112875901534	19.72040900772623	138.0	31	1.05	0.95				
	304	1	41.295792461052635	8.370768742105263	0.0	0.0	3	1.005102272156312	14.838733276807837	138.0	31	1.05	0.95				
	305	1	39.62163871263158	7.812717492631579	0.0	0.0	3	1.0176492626620262	14.372733794405905	138.0	31	1.05	0.95				
	306	1	75.89496992842106	15.625434985263158	0.0	-100.0	3	1.034655052583196	14.307754173060546	138.0	32	1.05	0.95				
	307	2	69.75640618421053	13.951281236842107	0.0	0.0	3	0.9880578627804516	8.527397510028337	138.0	32	1.05	0.95				
	308	1	95.42676366	19.531793731578947	0.0	0.0	3	0.9939518063417229	11.107681494717813	138.0	32	1.05	0.95				
	309	1	97.65896865789475	20.089844981052632	0.0	0.0	3	1.0277870182775972	18.44811870690687	138.0	33	1.05	0.95				
	310	1	108.81999364736843	22.32204997894737	0.0	0.0	3	1.05	17.186221937816967	138.0	33	1.05	0.95				
	311	1	0.0	0.0	0.0	0.0	3	1.013786397998084	23.288553508376776	230.0	33	1.05	0.95				
	312	1	0.0	0.0	0.0	0.0	3	1.0184738030527771	23.399978978264066	230.0	33	1.05	0.95				
	313	2	147.8835811105263	30.13476747157895	0.0	0.0	3	1.022667609522232	28.080048709971628	230.0	34	1.05	0.95				
	314	2	108.26194239789473	21.763998729473684	0.0	0.0	3	1.0174138105604906	24.575004062638385	230.0	36	1.05	0.95				
	315	2	176.9022460831579	35.71527996631579	0.0	0.0	3	1.0420895134662451	22.92694714408044	230.0	36	1.05	0.95				
	316	2	55.80512494736843	11.161024989473685	0.0	0.0	3	1.0424125593247382	23.811475600227272	230.0	36	1.05	0.95				
	317	1	0.0	0.0	0.0	0.0	3	1.05	26.490201502746338	230.0	37	1.05	0.95				
	318	2	185.83106607473684	37.94748496421053	0.0	0.0	3	1.0429630375326686	22.822708672710547	230.0	37	1.05	0.95				
	319	1	101.00727615473686	20.647896230526317	0.0	0.0	3	1.0391795148983105	24.28368696866103	230.0	35	1.05	0.95				
	320	1	71.43055993263158	14.50933248631579	0.0	0.0	3	1.0367479399340371	24.082546164582627	230.0	35	1.05	0.95				
	321	2	0.0	0.0	0.0	0.0	3	1.0453584750844165	23.52946379047545	230.0	37	1.05	0.95				
	322	2	0.0	0.0	0.0	0.0	3	1.05	29.034090396925105	230.0	37	1.05	0.95				
	323	2	0.0	0.0	0.0	0.0	3	1.0352054869728395	23.86612512143572	230.0	35	1.05	0.95				
	324	1	0.0	0.0	0.0	0.0	3	1.034778945624743	23.87568786338968	230.0	36	1.05	0.95				
	325	1	0.0	0.0	0.0	0.0	3	1.0379229839681126	23.323954698210382	230.0	35	1.05	0.95				
];
