%% MATPOWER Case Format : Version 2
function mpc = RTS_GMLC
mpc.version = '2';

%%-----  Power Flow Data  -----%%
%% system MVA base
mpc.baseMVA = 100.0;
%% bus data
%    bus_i    type    Pd    Qd    Gs    Bs    area    Vm    Va    baseKV    zone    Vmax    Vmin
mpc.bus = [
	101	2	48.5225136	9.884215733333333	0.0	0.0	1	1.0422801347865105	3.643581678635314	138.0	11	1.05	0.95				
	102	2	43.580405733333336	8.985650666666666	0.0	0.0	1	1.04125029994745	3.3427153996600927	138.0	12	1.05	0.95				
	103	1	80.870856	16.623453733333335	0.0	0.0	1	1.0303193851960175	1.3365783732889238	138.0	11	1.05	0.95				
	104	1	33.24690746666667	6.739238	0.0	0.0	1	1.0255134827634758	-0.07621226082832826	138.0	11	1.05	0.95				
	105	1	31.89905986666667	6.289955466666668	0.0	0.0	1	1.0395976504152025	-0.03741352013958188	138.0	11	1.05	0.95				
	106	1	61.10242453333334	12.579910933333336	0.0	-100.0	1	1.0464111299214898	-2.5992813570513458	138.0	12	1.05	0.95				
	107	2	56.16031666666667	11.232063333333334	0.0	0.0	1	1.000068672406974	-8.176840102230935	138.0	12	1.05	0.95				
	108	1	76.8273132	15.724888666666667	0.0	0.0	1	1.0034990096218417	-6.951988202682842	138.0	12	1.05	0.95				
	109	1	78.62444333333333	16.1741712	0.0	0.0	1	1.0245701681101371	-1.5621123615402008	138.0	13	1.05	0.95				
	110	1	87.610094	17.971301333333333	0.0	0.0	1	1.05	-2.3924731706852316	138.0	13	1.05	0.95				
	111	1	0.0	0.0	0.0	0.0	1	1.003959889697489	-0.02514233695938465	230.0	13	1.05	0.95				
	112	1	0.0	0.0	0.0	0.0	1	1.0083545808606778	0.22324879361847108	230.0	13	1.05	0.95				
	113	3	119.05987133333333	24.2612568	0.0	0.0	1	0.995203799821143	6.532347355421765e-28	230.0	14	1.05	0.95				
	114	2	87.16081146666667	17.5220188	0.0	0.0	1	1.0015526136158552	2.0274969022484095	230.0	16	1.05	0.95				
	115	2	142.42256306666667	28.754082133333338	0.0	0.0	1	1.0365344690279759	8.162794431973774	230.0	16	1.05	0.95				
	116	2	44.92825333333334	8.985650666666666	0.0	0.0	1	1.0324324806196117	7.5510517904496925	230.0	16	1.05	0.95				
	117	1	0.0	0.0	0.0	0.0	1	1.0397901591500411	9.834593758570659	230.0	17	1.05	0.95				
	118	2	149.61108360000003	30.55121226666667	0.0	0.0	1	1.042269595959683	10.054028784205883	230.0	17	1.05	0.95				
	119	1	81.32013853333333	16.623453733333335	0.0	0.0	1	1.0254450320219006	6.213980224084526	230.0	15	1.05	0.95				
	120	1	57.508164266666675	11.681345866666668	0.0	0.0	1	1.0225125390737384	5.80263667483978	230.0	15	1.05	0.95				
	121	2	0.0	0.0	0.0	0.0	1	1.045694577990979	11.167727071785832	230.0	17	1.05	0.95				
	122	2	0.0	0.0	0.0	0.0	1	1.05	17.389002063958657	230.0	17	1.05	0.95				
	123	2	0.0	0.0	0.0	0.0	1	1.0215183238059333	5.924701977875537	230.0	15	1.05	0.95				
	124	1	0.0	0.0	0.0	0.0	1	1.0252079455402403	5.600128229024087	230.0	16	1.05	0.95				
	201	2	43.5535967368421	8.87202896491228	0.0	0.0	2	1.0268291834085732	-6.257292678037747	138.0	21	1.05	0.95				
	202	2	39.117582254385965	8.065480877192982	0.0	0.0	2	1.0278228104160096	-6.041387671424253	138.0	22	1.05	0.95				
	203	1	72.58932789473684	14.921139622807017	0.0	0.0	2	1.017435677548585	-6.2964121128015424	138.0	21	1.05	0.95				
	204	1	29.842279245614034	6.049110657894737	0.0	0.0	2	1.01891861218421	-7.802949295007817	138.0	21	1.05	0.95				
	205	1	28.632457114035088	5.645836614035088	0.0	0.0	2	1.033549339652564	-7.995084298135692	138.0	21	1.05	0.95				
	206	1	54.845269964912276	11.291673228070175	0.0	-100.0	2	1.0455733778077168	-9.327696450990565	138.0	22	1.05	0.95				
	207	2	50.40925548245614	10.081851096491228	0.0	0.0	2	0.9929749184684608	-15.215271866799148	138.0	22	1.05	0.95				
	208	1	68.9598615	14.114591535087717	0.0	0.0	2	0.9998563605785739	-13.414353304342308	138.0	22	1.05	0.95				
	209	1	70.5729576754386	14.517865578947367	0.0	0.0	2	1.022834920533652	-7.5880627759352235	138.0	23	1.05	0.95				
	210	1	78.63843855263157	16.130961754385964	0.0	0.0	2	1.05	-8.464088134249485	138.0	23	1.05	0.95				
	211	1	0.0	0.0	0.0	0.0	2	1.0030232905759289	-5.102016311454379	230.0	23	1.05	0.95				
	212	1	0.0	0.0	0.0	0.0	2	1.0068055991852198	-4.265936025022842	230.0	23	1.05	0.95				
	213	2	106.86762162280701	21.77679836842105	0.0	0.0	2	0.9966567743697727	-3.8893518611676665	230.0	24	1.05	0.95				
	214	2	78.23516450877193	15.727687710526315	0.0	0.0	2	1.0010771012838042	-3.101600524215614	230.0	26	1.05	0.95				
	215	2	127.83787190350877	25.80953880701754	0.0	0.0	2	1.0212382400000986	2.167776002539936	230.0	26	1.05	0.95				
	216	2	40.32740438596491	8.065480877192982	0.0	0.0	2	1.0218436489749088	2.1578476198377654	230.0	26	1.05	0.95				
	217	1	0.0	0.0	0.0	0.0	2	1.027350107761789	3.6320587630011825	230.0	27	1.05	0.95				
	218	2	134.29025660526315	27.422634982456138	0.0	0.0	2	1.0265392388658563	3.131991829246788	230.0	27	1.05	0.95				
	219	1	72.9926019385965	14.921139622807017	0.0	0.0	2	1.022082307004926	2.1986328491880403	230.0	25	1.05	0.95				
	220	1	51.61907761403508	10.485125140350878	0.0	0.0	2	1.024901442198993	3.0274905412976154	230.0	25	1.05	0.95				
	221	2	0.0	0.0	0.0	0.0	2	1.0283365881564006	3.6145012823370153	230.0	27	1.05	0.95				
	222	2	0.0	0.0	0.0	0.0	2	1.0499999316835054	10.111743833554478	230.0	27	1.05	0.95				
	223	2	0.0	0.0	0.0	0.0	2	1.0271220110230739	3.792309699339284	230.0	25	1.05	0.95				
	224	1	0.0	0.0	0.0	0.0	2	1.0092886368031095	-1.0216548998356174	230.0	26	1.05	0.95				
	301	2	56.57956344	11.525466626666667	0.0	0.0	3	1.0066458567235672	-14.057389294829024	138.0	31	1.05	0.95				
	302	2	50.816830126666666	10.477696933333334	0.0	0.0	3	1.0063338647572764	-14.144447860353798	138.0	32	1.05	0.95				
	303	1	94.2992724	19.383739326666667	0.0	0.0	3	1.0172485865087353	-9.324121378897546	138.0	31	1.05	0.95				
	304	1	38.767478653333335	7.8582727000000006	0.0	0.0	3	1.0070482572076727	-12.393860961514902	138.0	31	1.05	0.95				
	305	1	37.19582411333333	7.334387853333333	0.0	0.0	3	1.0209171250737845	-12.783289562716023	138.0	31	1.05	0.95				
	306	1	71.24833914666667	14.668775706666667	0.0	-100.0	3	1.0370670626948117	-12.672037056132384	138.0	32	1.05	0.95				
	307	2	65.48560583333334	13.097121166666668	0.0	0.0	3	0.9960691869837797	-17.83853360261151	138.0	32	1.05	0.95				
	308	1	89.58430878	18.33596963333333	0.0	0.0	3	0.9999627603489427	-15.427071524648337	138.0	32	1.05	0.95				
	309	1	91.67984816666667	18.85985448	0.0	0.0	3	1.0252711877309542	-8.81803528474236	138.0	33	1.05	0.95				
	310	1	102.1575451	20.955393866666668	0.0	0.0	3	1.05	-9.829185239266673	138.0	33	1.05	0.95				
	311	1	0.0	0.0	0.0	0.0	3	1.010637099837326	-3.6172692702767306	230.0	33	1.05	0.95				
	312	1	0.0	0.0	0.0	0.0	3	1.0136527697148197	-2.859916589877817	230.0	33	1.05	0.95				
	313	2	138.82948436666666	28.28978172	0.0	0.0	3	1.0206948357316394	1.5506113337620921	230.0	34	1.05	0.95				
	314	2	101.63366025333333	20.431509020000004	0.0	0.0	3	1.0125767795670777	-2.4121521127903893	230.0	36	1.05	0.95				
	315	2	166.07149639333335	33.52863018666667	0.0	0.0	3	1.0275540274401505	-1.7755242040052146	230.0	36	1.05	0.95				
	316	2	52.38848466666667	10.477696933333334	0.0	0.0	3	1.02797408423208	-0.4939079069634638	230.0	36	1.05	0.95				
	317	1	0.0	0.0	0.0	0.0	3	1.031048208510751	-0.30845295959732955	230.0	37	1.05	0.95				
	318	2	174.45365394	35.62416957333333	0.0	0.0	3	1.0290698553490922	-0.7841356918287022	230.0	37	1.05	0.95				
	319	1	94.82315724666667	19.383739326666667	0.0	0.0	3	1.0263919963440302	0.0706986481398869	230.0	35	1.05	0.95				
	320	1	67.05726037333334	13.621006013333334	0.0	0.0	3	1.0273599155019608	0.8537301230696722	230.0	35	1.05	0.95				
	321	2	0.0	0.0	0.0	0.0	3	1.030661528609877	-0.5695333721618826	230.0	37	1.05	0.95				
	322	2	0.0	0.0	0.0	0.0	3	1.0440499810239203	3.8895276897734603	230.0	37	1.05	0.95				
	323	2	0.0	0.0	0.0	0.0	3	1.0283650753900073	1.4004664348038767	230.0	35	1.05	0.95				
	324	1	0.0	0.0	0.0	0.0	3	1.0156689258607772	-3.490286556801814	230.0	36	1.05	0.95				
	325	1	0.0	0.0	0.0	0.0	3	1.0278317952010978	2.2308461005021423	230.0	35	1.05	0.95				
];
