%% MATPOWER Case Format : Version 2
function mpc = RTS_GMLC
mpc.version = '2';

%%-----  Power Flow Data  -----%%
%% system MVA base
mpc.baseMVA = 100.0;
%% bus data
%    bus_i    type    Pd    Qd    Gs    Bs    area    Vm    Va    baseKV    zone    Vmax    Vmin
mpc.bus = [
	101	2	43.09846609263158	8.779317167017545	0.0	0.0	1	1.034288884976925	1.539196665634087	138.0	11	1.05	0.95				
	102	2	38.708807509122806	7.981197424561404	0.0	0.0	1	1.033400895515255	1.280612766650456	138.0	12	1.05	0.95				
	103	1	71.83077682105264	14.765215235438598	0.0	0.0	1	1.0274517726933639	0.05671081041119235	138.0	11	1.05	0.95				
	104	1	29.530430470877196	5.9858980684210525	0.0	0.0	1	1.0217686139158604	-1.6693605897731252	138.0	11	1.05	0.95				
	105	1	28.333250857192983	5.586838197192983	0.0	0.0	1	1.0367373988634931	-1.4591068770253883	138.0	11	1.05	0.95				
	106	1	54.27214248701755	11.173676394385966	0.0	-100.0	1	1.0464247578060726	-3.5904454473861533	138.0	12	1.05	0.95				
	107	2	49.88248390350877	9.976496780701755	0.0	0.0	1	1.001495877593779	-9.46225861157497	138.0	12	1.05	0.95				
	108	1	68.23923798	13.967095492982457	0.0	0.0	1	1.005513780048513	-7.898919476695029	138.0	12	1.05	0.95				
	109	1	69.83547746491227	14.366155364210526	0.0	0.0	1	1.0240747065800069	-2.464976731580005	138.0	13	1.05	0.95				
	110	1	77.81667488947367	15.962394849122807	0.0	0.0	1	1.05	-3.242805559786822	138.0	13	1.05	0.95				
	111	1	0.0	0.0	0.0	0.0	1	1.0020831094270375	-0.5197585518807608	230.0	13	1.05	0.95				
	112	1	0.0	0.0	0.0	0.0	1	1.0068819046843376	-0.615318503736889	230.0	13	1.05	0.95				
	113	3	105.7508658754386	21.54923304631579	0.0	0.0	1	0.9940394442901308	9.269936306560006e-30	230.0	14	1.05	0.95				
	114	2	77.41761501824561	15.563334977894739	0.0	0.0	1	0.998372521051035	1.5039614027218282	230.0	16	1.05	0.95				
	115	2	126.50197917929825	25.539831758596492	0.0	0.0	1	1.0318248189873283	7.240665474237755	230.0	16	1.05	0.95				
	116	2	39.90598712280702	7.981197424561404	0.0	0.0	1	1.0284405265521264	6.677730229093331	230.0	16	1.05	0.95				
	117	1	0.0	0.0	0.0	0.0	1	1.0355696711820601	9.536378151636795	230.0	17	1.05	0.95				
	118	2	132.88693711894737	27.136071243508773	0.0	0.0	1	1.0384012947038994	9.810662685465076	230.0	17	1.05	0.95				
	119	1	72.2298366922807	14.765215235438598	0.0	0.0	1	1.0201758706512687	4.706907111406073	230.0	15	1.05	0.95				
	120	1	51.079663517192984	10.375556651929825	0.0	0.0	1	1.0162956739362436	3.765543502067921	230.0	15	1.05	0.95				
	121	2	0.0	0.0	0.0	0.0	1	1.041078178661947	10.995135453081057	230.0	17	1.05	0.95				
	122	2	0.0	0.0	0.0	0.0	1	1.05	18.950342523362377	230.0	17	1.05	0.95				
	123	2	0.0	0.0	0.0	0.0	1	1.014572586833736	3.560206612338627	230.0	15	1.05	0.95				
	124	1	0.0	0.0	0.0	0.0	1	1.0208818002527003	4.537164917201224	230.0	16	1.05	0.95				
	201	2	42.55060600421053	8.667716037894737	0.0	0.0	2	1.0211361658392215	-11.208953804623395	138.0	21	1.05	0.95				
	202	2	38.216747985263154	7.879741852631579	0.0	0.0	2	1.0211194404859196	-11.258741577917313	138.0	22	1.05	0.95				
	203	1	70.91767667368421	14.57752242736842	0.0	0.0	2	1.0161061081318667	-9.069285551145502	138.0	21	1.05	0.95				
	204	1	29.15504485473684	5.909806389473684	0.0	0.0	2	1.0159720945405335	-11.898750290052362	138.0	21	1.05	0.95				
	205	1	27.973083576842107	5.515819296842105	0.0	0.0	2	1.030918354294185	-12.223559594491658	138.0	21	1.05	0.95				
	206	1	53.582244597894736	11.03163859368421	0.0	-100.0	2	1.0445197459868594	-13.22181412212099	138.0	22	1.05	0.95				
	207	2	49.24838657894737	9.849677315789474	0.0	0.0	2	0.9961586030574701	-18.422848520489108	138.0	22	1.05	0.95				
	208	1	67.37179284	13.789548242105262	0.0	0.0	2	1.0019897480310518	-16.65981599629032	138.0	22	1.05	0.95				
	209	1	68.94774121052632	14.183535334736842	0.0	0.0	2	1.0225249232791016	-10.7901279542409	138.0	23	1.05	0.95				
	210	1	76.82748306315789	15.759483705263158	0.0	0.0	2	1.05	-11.980793751934973	138.0	23	1.05	0.95				
	211	1	0.0	0.0	0.0	0.0	2	1.003720339174466	-8.094151720039061	230.0	23	1.05	0.95				
	212	1	0.0	0.0	0.0	0.0	2	1.0056308968711691	-7.2876010890970315	230.0	23	1.05	0.95				
	213	2	104.40657954736841	21.275303002105264	0.0	0.0	2	0.9980164954785796	-6.790380063288883	230.0	24	1.05	0.95				
	214	2	76.43349597052631	15.36549661263158	0.0	0.0	2	1.0032710780188063	-5.811285305596313	230.0	26	1.05	0.95				
	215	2	124.89390836421053	25.215173928421052	0.0	0.0	2	1.0182247615152291	-0.05331137939264887	230.0	26	1.05	0.95				
	216	2	39.3987092631579	7.879741852631579	0.0	0.0	2	1.0189691040712707	-0.16832632925814406	230.0	26	1.05	0.95				
	217	1	0.0	0.0	0.0	0.0	2	1.0237632457149926	1.348754971096046	230.0	27	1.05	0.95				
	218	2	131.1977018463158	26.791122298947368	0.0	0.0	2	1.023153190614527	0.8800520985474912	230.0	27	1.05	0.95				
	219	1	71.31166376631579	14.57752242736842	0.0	0.0	2	1.018501241741556	-0.16263141894112754	230.0	25	1.05	0.95				
	220	1	50.430347856842104	10.243664408421052	0.0	0.0	2	1.0206134890578062	0.6236135509625559	230.0	25	1.05	0.95				
	221	2	0.0	0.0	0.0	0.0	2	1.0251209035199855	1.375860686347062	230.0	27	1.05	0.95				
	222	2	0.0	0.0	0.0	0.0	2	1.0470308229257168	7.892761273300659	230.0	27	1.05	0.95				
	223	2	0.0	0.0	0.0	0.0	2	1.0223974225272652	1.3614760072907164	230.0	25	1.05	0.95				
	224	1	0.0	0.0	0.0	0.0	2	1.0063350529345183	-3.457317884209663	230.0	26	1.05	0.95				
	301	2	38.180955410526316	7.777602028070175	0.0	0.0	3	1.0138808926049716	-4.563931179121843	138.0	31	1.05	0.95				
	302	2	34.29215439649123	7.070547298245615	0.0	0.0	3	1.0138446897806965	-4.715840532390194	138.0	32	1.05	0.95				
	303	1	63.63492568421053	13.080512501754384	0.0	0.0	3	1.0319361475306215	2.842400290787171	138.0	31	1.05	0.95				
	304	1	26.16102500350877	5.30291047368421	0.0	0.0	3	1.0153371210874376	-3.2209031025707344	138.0	31	1.05	0.95				
	305	1	25.10044290877193	4.94938310877193	0.0	0.0	3	1.027778526351974	-4.96893419687316	138.0	31	1.05	0.95				
	306	1	48.07972162807018	9.89876621754386	0.0	-100.0	3	1.044021583729434	-5.633522260013531	138.0	32	1.05	0.95				
	307	2	44.19092061403509	8.838184122807018	0.0	0.0	3	0.9902309880608625	-8.541382453731996	138.0	32	1.05	0.95				
	308	1	60.4531794	12.373457771929825	0.0	0.0	3	1.0009538234927327	-7.031536222897836	138.0	32	1.05	0.95				
	309	1	61.86728885964913	12.726985136842107	0.0	0.0	3	1.0270695569169663	-0.5480798826063796	138.0	33	1.05	0.95				
	310	1	68.93783615789474	14.14109459649123	0.0	0.0	3	1.05	-4.233302241837306	138.0	33	1.05	0.95				
	311	1	0.0	0.0	0.0	0.0	3	1.0020070583978686	-0.6082821214666061	230.0	33	1.05	0.95				
	312	1	0.0	0.0	0.0	0.0	3	1.0093831184880138	0.15403495934013375	230.0	33	1.05	0.95				
	313	2	93.6847517017544	19.090477705263158	0.0	0.0	3	1.0046152474496959	2.2990316008710754	230.0	34	1.05	0.95				
	314	2	68.58430879298245	13.787567231578949	0.0	0.0	3	0.9874770409090597	-1.224484170386787	230.0	36	1.05	0.95				
	315	2	112.06817467719299	22.625751354385965	0.0	0.0	3	1.0083339493470649	0.13612852441340267	230.0	36	1.05	0.95				
	316	2	35.35273649122807	7.070547298245615	0.0	0.0	3	1.0046233561599869	0.053323683878662556	230.0	36	1.05	0.95				
	317	1	0.0	0.0	0.0	0.0	3	1.0133306173443288	1.6512799091914403	230.0	37	1.05	0.95				
	318	2	117.72461251578947	24.03986081403509	0.0	0.0	3	1.0127651666893556	1.0557043404125244	230.0	37	1.05	0.95				
	319	1	63.9884530491228	13.080512501754384	0.0	0.0	3	1.003326484593511	0.2917972193645964	230.0	35	1.05	0.95				
	320	1	45.25150270877193	9.1917114877193	0.0	0.0	3	1.0043650778745679	1.223208706163975	230.0	35	1.05	0.95				
	321	2	0.0	0.0	0.0	0.0	3	1.0133448067768949	1.3178519201088212	230.0	37	1.05	0.95				
	322	2	0.0	0.0	0.0	0.0	3	1.027100476641898	5.950816149847668	230.0	37	1.05	0.95				
	323	2	0.0	0.0	0.0	0.0	3	1.0054651214063015	2.020371091731922	230.0	35	1.05	0.95				
	324	1	0.0	0.0	0.0	0.0	3	1.0143019222713008	1.1595981366088046	230.0	36	1.05	0.95				
	325	1	0.0	0.0	0.0	0.0	3	1.0067785064837234	2.8077292413041093	230.0	35	1.05	0.95				
];
