%% MATPOWER Case Format : Version 2
function mpc = RTS_GMLC
mpc.version = '2';

%%-----  Power Flow Data  -----%%
%% system MVA base
mpc.baseMVA = 100.0;
%% bus data
%    bus_i    type    Pd    Qd    Gs    Bs    area    Vm    Va    baseKV    zone    Vmax    Vmin
mpc.bus = [
	101	2	34.98911430063158	7.127412172350878	0.0	0.0	1	0.991085467381025	-5.425026406259748	138.0	11	1.05	0.95				
	102	2	31.42540821445614	6.47946561122807	0.0	0.0	1	0.9909189521365597	-5.584995416667574	138.0	12	1.05	0.95				
	103	1	58.31519050105264	11.98701138077193	0.0	0.0	1	1.022699500641953	0.6896814661331636	138.0	11	1.05	0.95				
	104	1	23.97402276154386	4.859599208421052	0.0	0.0	1	1.004899645983522	-4.885593723281464	138.0	11	1.05	0.95				
	105	1	23.00210291985965	4.53562592785965	0.0	0.0	1	1.016514613572144	-5.636458620498947	138.0	11	1.05	0.95				
	106	1	44.06036615635088	9.0712518557193	0.0	-100.0	1	1.0392695842527933	-6.180565793870234	138.0	12	1.05	0.95				
	107	2	40.49666007017544	8.099332014035088	0.0	0.0	1	0.9883353168635758	-9.94259619516135	138.0	12	1.05	0.95				
	108	1	55.399430976	11.339064819649122	0.0	0.0	1	1.000531508233374	-8.370928929368151	138.0	12	1.05	0.95				
	109	1	56.695324098245614	11.663038100210526	0.0	0.0	1	1.025209483533997	-2.9708945852146553	138.0	13	1.05	0.95				
	110	1	63.17478970947368	12.95893122245614	0.0	0.0	1	1.05	-4.786005927098888	138.0	13	1.05	0.95				
	111	1	0.0	0.0	0.0	0.0	1	1.0147767898762423	-0.019513220138504355	230.0	13	1.05	0.95				
	112	1	0.0	0.0	0.0	0.0	1	1.0113911709712355	-1.183038579516184	230.0	13	1.05	0.95				
	113	3	85.85291934877193	17.49455715031579	0.0	0.0	1	0.9956483217440839	3.981604551391008e-27	230.0	14	1.05	0.95				
	114	2	62.85081642891228	12.634957941894736	0.0	0.0	1	1.0386250093553213	3.779667849827127	230.0	16	1.05	0.95				
	115	2	102.69952993796491	20.734289955929825	0.0	0.0	1	1.0397913605432472	12.93409139478706	230.0	16	1.05	0.95				
	116	2	32.39732805614035	6.47946561122807	0.0	0.0	1	1.0396681023885193	11.226569118595247	230.0	16	1.05	0.95				
	117	1	0.0	0.0	0.0	0.0	1	1.0388598166570524	17.092185782987944	230.0	17	1.05	0.95				
	118	2	107.88310242694736	22.03018307817544	0.0	0.0	1	1.0471638178829787	17.633302648162296	230.0	17	1.05	0.95				
	119	1	58.63916378161404	11.98701138077193	0.0	0.0	1	1.034622272193996	7.124687793874017	230.0	15	1.05	0.95				
	120	1	41.46857991185965	8.423305294596492	0.0	0.0	1	1.0357798683172896	4.174472546764356	230.0	15	1.05	0.95				
	121	2	0.0	0.0	0.0	0.0	1	1.0396398068486639	18.99027936086882	230.0	17	1.05	0.95				
	122	2	0.0	0.0	0.0	0.0	1	1.05	36.980920471235336	230.0	17	1.05	0.95				
	123	2	0.0	0.0	0.0	0.0	1	1.0371683339853812	2.8009179753734	230.0	15	1.05	0.95				
	124	1	0.0	0.0	0.0	0.0	1	1.0180425073041024	8.373765101072621	230.0	16	1.05	0.95				
	201	2	37.67165118947368	7.673854871929824	0.0	0.0	2	1.0068334778602144	-14.485020246058692	138.0	21	1.05	0.95				
	202	2	33.83472375350877	6.976231701754386	0.0	0.0	2	1.0056133958665021	-14.765590580295703	138.0	22	1.05	0.95				
	203	1	62.786085315789464	12.906028648245613	0.0	0.0	2	1.0130204998274113	-10.875929135201796	138.0	21	1.05	0.95				
	204	1	25.812057296491226	5.232173776315788	0.0	0.0	2	1.0098525824107305	-14.627778401729511	138.0	21	1.05	0.95				
	205	1	24.765622541228066	4.883362191228071	0.0	0.0	2	1.0242448465411058	-15.020296423385599	138.0	21	1.05	0.95				
	206	1	47.43837557192982	9.766724382456141	0.0	-100.0	2	1.0421293331432708	-15.781628748872027	138.0	22	1.05	0.95				
	207	2	43.6014481359649	8.720289627192981	0.0	0.0	2	0.9901769645051153	-19.823730881218296	138.0	22	1.05	0.95				
	208	1	59.64678104999999	12.208405478070175	0.0	0.0	2	1.0003567950298808	-18.327063723192946	138.0	22	1.05	0.95				
	209	1	61.042027390350874	12.557217063157895	0.0	0.0	2	1.0227433155236971	-13.058396735246633	138.0	23	1.05	0.95				
	210	1	68.01825909210525	13.952463403508771	0.0	0.0	2	1.05	-14.422889679783431	138.0	23	1.05	0.95				
	211	1	0.0	0.0	0.0	0.0	2	1.0041917597059085	-10.517237246110385	230.0	23	1.05	0.95				
	212	1	0.0	0.0	0.0	0.0	2	1.0125701962295388	-9.95397984665687	230.0	23	1.05	0.95				
	213	2	92.4350700482456	18.83582559473684	0.0	0.0	2	1.0022490128486323	-9.399810478425144	230.0	24	1.05	0.95				
	214	2	67.66944750701754	13.603651818421051	0.0	0.0	2	1.0006476513997382	-8.139601694343943	230.0	26	1.05	0.95				
	215	2	110.57327247280699	22.323941445614032	0.0	0.0	2	1.0234860797465495	-2.0260609106133214	230.0	26	1.05	0.95				
	216	2	34.881158508771925	6.976231701754386	0.0	0.0	2	1.0263808431425134	-2.7693712916193522	230.0	26	1.05	0.95				
	217	1	0.0	0.0	0.0	0.0	2	1.0322825544499494	-0.6424595960224508	230.0	27	1.05	0.95				
	218	2	116.15425783421051	23.71918778596491	0.0	0.0	2	1.0308385621971865	-1.0205567548715984	230.0	27	1.05	0.95				
	219	1	63.134896900877195	12.906028648245613	0.0	0.0	2	1.0333758135955138	-3.1674838403905494	230.0	25	1.05	0.95				
	220	1	44.647882891228065	9.069101212280701	0.0	0.0	2	1.0413297032407018	-2.8362413174912744	230.0	25	1.05	0.95				
	221	2	0.0	0.0	0.0	0.0	2	1.031436870054787	-0.5589667683758412	230.0	27	1.05	0.95				
	222	2	0.0	0.0	0.0	0.0	2	1.0499999960245514	5.902535382488341	230.0	27	1.05	0.95				
	223	2	0.0	0.0	0.0	0.0	2	1.045911048836775	-2.396427043579138	230.0	25	1.05	0.95				
	224	1	0.0	0.0	0.0	0.0	2	1.0085951469716599	-5.337834197257732	230.0	26	1.05	0.95				
	301	2	45.441316042105264	9.256564378947367	0.0	0.0	3	1.0163961114242446	11.8965350190019	138.0	31	1.05	0.95				
	302	2	40.81303385263158	8.41505852631579	0.0	0.0	3	1.0143747629935922	11.543098198060042	138.0	32	1.05	0.95				
	303	1	75.73552673684209	15.567858273684209	0.0	0.0	3	1.05	27.04135290757759	138.0	31	1.05	0.95				
	304	1	31.135716547368418	6.311293894736841	0.0	0.0	3	1.007165997517874	12.920108473007875	138.0	31	1.05	0.95				
	305	1	29.873457768421048	5.890540968421052	0.0	0.0	3	1.023558315904583	10.226012462132326	138.0	31	1.05	0.95				
	306	1	57.22239797894737	11.781081936842105	0.0	-100.0	3	1.0349573262621143	8.773893923376862	138.0	32	1.05	0.95				
	307	2	52.59411578947368	10.518823157894735	0.0	0.0	3	0.95	5.389311472366953	138.0	32	1.05	0.95				
	308	1	71.9487504	14.72635242105263	0.0	0.0	3	0.9698413655313813	7.222220289909115	138.0	32	1.05	0.95				
	309	1	73.63176210526315	15.14710534736842	0.0	0.0	3	1.014411506591035	15.81667603279558	138.0	33	1.05	0.95				
	310	1	82.04682063157892	16.83011705263158	0.0	0.0	3	1.0410289070166912	9.90678274305616	138.0	33	1.05	0.95				
	311	1	0.0	0.0	0.0	0.0	3	1.0017951126855695	13.568199026527221	230.0	33	1.05	0.95				
	312	1	0.0	0.0	0.0	0.0	3	1.0066852572293576	13.526331396686558	230.0	33	1.05	0.95				
	313	2	111.4995254736842	22.720658021052632	0.0	0.0	3	0.9997751180732961	13.367735670195145	230.0	34	1.05	0.95				
	314	2	81.62606770526315	16.409364126315786	0.0	0.0	3	0.9989813409470842	14.554335951993579	230.0	36	1.05	0.95				
	315	2	133.37867764210526	26.928187284210527	0.0	0.0	3	1.0499999982724206	18.915691972187595	230.0	36	1.05	0.95				
	316	2	42.07529263157894	8.41505852631579	0.0	0.0	3	1.0350529120066962	18.393619356930586	230.0	36	1.05	0.95				
	317	1	0.0	0.0	0.0	0.0	3	1.05	23.20229639873501	230.0	37	1.05	0.95				
	318	2	140.11072446315788	28.611198989473685	0.0	0.0	3	1.0460690407417668	19.671822198664653	230.0	37	1.05	0.95				
	319	1	76.15627966315789	15.567858273684209	0.0	0.0	3	1.0244592330011715	16.519940539905285	230.0	35	1.05	0.95				
	320	1	53.85637456842105	10.939576084210525	0.0	0.0	3	1.018692936304715	15.693622192920673	230.0	35	1.05	0.95				
	321	2	0.0	0.0	0.0	0.0	3	1.0499497973722975	20.082563692584007	230.0	37	1.05	0.95				
	322	2	0.0	0.0	0.0	0.0	3	1.0499999752604738	25.654965699239508	230.0	37	1.05	0.95				
	323	2	0.0	0.0	0.0	0.0	3	1.0160160589573255	15.56669216746738	230.0	35	1.05	0.95				
	324	1	0.0	0.0	0.0	0.0	3	1.0472452382404012	22.02289363045906	230.0	36	1.05	0.95				
	325	1	0.0	0.0	0.0	0.0	3	1.018118199319018	15.870973763881898	230.0	35	1.05	0.95				
];
