%% MATPOWER Case Format : Version 2
function mpc = RTS_GMLC
mpc.version = '2';

%%-----  Power Flow Data  -----%%
%% system MVA base
mpc.baseMVA = 100.0;
%% bus data
%    bus_i    type    Pd    Qd    Gs    Bs    area    Vm    Va    baseKV    zone    Vmax    Vmin
mpc.bus = [
	101	2	41.48193963789474	8.450024741052632	0.0	0.0	1	1.0123181934123604	1.2023544298939062	138.0	11	1.05	0.95				
	102	2	37.25692726736842	7.681840673684211	0.0	0.0	1	1.0103073508842988	0.6066214387641519	138.0	12	1.05	0.95				
	103	1	69.1365660631579	14.211405246315788	0.0	0.0	1	1.0248057197126474	3.1032100486421643	138.0	11	1.05	0.95				
	104	1	28.422810492631577	5.7613805052631575	0.0	0.0	1	1.0119880255587892	-1.5309185053855434	138.0	11	1.05	0.95				
	105	1	27.270534391578945	5.3772884715789475	0.0	0.0	1	1.0258826950272792	-1.554708572174556	138.0	11	1.05	0.95				
	106	1	52.23651658105264	10.754576943157895	0.0	-100.0	1	1.0414913751628254	-3.603284606036689	138.0	12	1.05	0.95				
	107	2	48.01150421052631	9.602300842105263	0.0	0.0	1	0.9839942762776709	-11.569350631045712	138.0	12	1.05	0.95				
	108	1	65.67973776	13.443221178947368	0.0	0.0	1	0.9942255655416985	-8.823494903331591	138.0	12	1.05	0.95				
	109	1	67.21610589473684	13.827313212631578	0.0	0.0	1	1.0241905938839833	-1.6616491679185277	138.0	13	1.05	0.95				
	110	1	74.89794656842105	15.363681347368422	0.0	0.0	1	1.05	-3.068488674041006	138.0	13	1.05	0.95				
	111	1	0.0	0.0	0.0	0.0	1	1.0153700686182576	0.8409862354840425	230.0	13	1.05	0.95				
	112	1	0.0	0.0	0.0	0.0	1	1.0128502016987815	-0.5024962815606973	230.0	13	1.05	0.95				
	113	3	101.78438892631578	20.74096981894737	0.0	0.0	1	0.9959586877627973	9.818879319062181e-31	230.0	14	1.05	0.95				
	114	2	74.51385453473684	14.97958931368421	0.0	0.0	1	1.038784055005819	4.716656892900276	230.0	16	1.05	0.95				
	115	2	121.75717467789472	24.581890155789473	0.0	0.0	1	1.037915276739324	14.757245128172675	230.0	16	1.05	0.95				
	116	2	38.40920336842105	7.681840673684211	0.0	0.0	1	1.037091841338396	12.677613769686552	230.0	16	1.05	0.95				
	117	1	0.0	0.0	0.0	0.0	1	1.0368385662974098	19.0653073813536	230.0	17	1.05	0.95				
	118	2	127.9026472168421	26.11825829052632	0.0	0.0	1	1.0463141697025125	19.810600517235866	230.0	17	1.05	0.95				
	119	1	69.5206580968421	14.211405246315788	0.0	0.0	1	1.0325040513661523	7.887023678864451	230.0	15	1.05	0.95				
	120	1	49.16378031157895	9.986392875789473	0.0	0.0	1	1.0361330374252793	4.463892128950411	230.0	15	1.05	0.95				
	121	2	0.0	0.0	0.0	0.0	1	1.040759530409896	21.489449955232843	230.0	17	1.05	0.95				
	122	2	0.0	0.0	0.0	0.0	1	1.05	39.47121239803667	230.0	17	1.05	0.95				
	123	2	0.0	0.0	0.0	0.0	1	1.0394653218819367	2.8809986301107786	230.0	15	1.05	0.95				
	124	1	0.0	0.0	0.0	0.0	1	1.0184676041351786	10.401315508402972	230.0	16	1.05	0.95				
	201	2	48.27955297263158	9.83472375368421	0.0	0.0	2	1.0073423162394144	-20.236863855532572	138.0	21	1.05	0.95				
	202	2	43.36219109578947	8.940657957894738	0.0	0.0	2	1.0065838435258896	-20.566417201493195	138.0	22	1.05	0.95				
	203	1	80.46592162105263	16.540217222105262	0.0	0.0	2	1.0092683338701165	-14.64898378324132	138.0	21	1.05	0.95				
	204	1	33.080434444210525	6.705493468421052	0.0	0.0	2	1.0078543720573536	-20.09328970101206	138.0	21	1.05	0.95				
	205	1	31.739335750526315	6.258460570526315	0.0	0.0	2	1.0231011502727017	-20.68400462945693	138.0	21	1.05	0.95				
	206	1	60.79647411368422	12.51692114105263	0.0	-100.0	2	1.0395650110025776	-21.484397767630448	138.0	22	1.05	0.95				
	207	2	55.8791122368421	11.17582244736842	0.0	0.0	2	0.9901006339269965	-26.832982915757103	138.0	22	1.05	0.95				
	208	1	76.44262554	15.646151426315788	0.0	0.0	2	0.9962021625285268	-24.79886149578428	138.0	22	1.05	0.95				
	209	1	78.23075713157894	16.093184324210526	0.0	0.0	2	1.022236029977148	-17.851345084864832	138.0	23	1.05	0.95				
	210	1	87.17141508947368	17.881315915789475	0.0	0.0	2	1.05	-19.687372853872063	138.0	23	1.05	0.95				
	211	1	0.0	0.0	0.0	0.0	2	1.0109857933183903	-14.585347560444282	230.0	23	1.05	0.95				
	212	1	0.0	0.0	0.0	0.0	2	1.01465202902681	-13.938623007660398	230.0	23	1.05	0.95				
	213	2	118.46371794210526	24.13977648631579	0.0	0.0	2	1.0125962153789103	-13.276306130165795	230.0	24	1.05	0.95				
	214	2	86.72438219157894	17.434283017894735	0.0	0.0	2	1.0148469756327962	-11.498780537560242	230.0	26	1.05	0.95				
	215	2	141.70942863263156	28.610105465263157	0.0	0.0	2	1.0282952572591872	-3.839954124542299	230.0	26	1.05	0.95				
	216	2	44.70328978947368	8.940657957894738	0.0	0.0	2	1.0326020555964475	-4.447160117029804	230.0	26	1.05	0.95				
	217	1	0.0	0.0	0.0	0.0	2	1.0359059849332197	-2.2200499656417128	230.0	27	1.05	0.95				
	218	2	148.86195499894737	30.39823705684211	0.0	0.0	2	1.0342356139809006	-2.8324105282520606	230.0	27	1.05	0.95				
	219	1	80.91295451894737	16.540217222105262	0.0	0.0	2	1.037738293499247	-5.09889561131805	230.0	25	1.05	0.95				
	220	1	57.220210930526314	11.622855345263158	0.0	0.0	2	1.0452333693373503	-4.808789259054216	230.0	25	1.05	0.95				
	221	2	0.0	0.0	0.0	0.0	2	1.0348850002784913	-2.363556011126564	230.0	27	1.05	0.95				
	222	2	0.0	0.0	0.0	0.0	2	1.05	4.190839378567752	230.0	27	1.05	0.95				
	223	2	0.0	0.0	0.0	0.0	2	1.05	-4.322859050451275	230.0	25	1.05	0.95				
	224	1	0.0	0.0	0.0	0.0	2	1.007851258199597	-7.854734024579825	230.0	26	1.05	0.95				
	301	2	60.14995253052632	12.252768108070175	0.0	0.0	3	1.0333558371553533	7.076954910302955	138.0	31	1.05	0.95				
	302	2	54.02356847649122	11.138880098245615	0.0	0.0	3	1.0282064310570962	6.739119706122355	138.0	32	1.05	0.95				
	303	1	100.24992088421052	20.606928181754387	0.0	0.0	3	1.05	23.83068697913279	138.0	31	1.05	0.95				
	304	1	41.213856363508775	8.35416007368421	0.0	0.0	3	1.0088957045997065	8.675486604268142	138.0	31	1.05	0.95				
	305	1	39.54302434877193	7.79721606877193	0.0	0.0	3	1.0296611133254114	5.9261135088738515	138.0	31	1.05	0.95				
	306	1	75.74438466807017	15.59443213754386	0.0	-100.0	3	1.0333149820649838	4.638673941851012	138.0	32	1.05	0.95				
	307	2	69.6180006140351	13.923600122807017	0.0	0.0	3	0.95	2.710512785270346	138.0	32	1.05	0.95				
	308	1	95.23742483999999	19.493040171929824	0.0	0.0	3	0.9650889100732981	3.7941302230987866	138.0	32	1.05	0.95				
	309	1	97.46520085964912	20.049984176842102	0.0	0.0	3	1.0123376538516773	12.614322527931446	138.0	33	1.05	0.95				
	310	1	108.60408095789474	22.27776019649123	0.0	0.0	3	1.0394253352476237	6.539008747985562	138.0	33	1.05	0.95				
	311	1	0.0	0.0	0.0	0.0	3	0.9989243696822775	11.500500479907446	230.0	33	1.05	0.95				
	312	1	0.0	0.0	0.0	0.0	3	1.0034926753480373	12.017479061747746	230.0	33	1.05	0.95				
	313	2	147.59016130175436	30.07497626526316	0.0	0.0	3	0.9997836024041896	13.79671885256483	230.0	34	1.05	0.95				
	314	2	108.04713695298244	21.720816191578947	0.0	0.0	3	0.9959144859014852	11.528962163177125	230.0	36	1.05	0.95				
	315	2	176.55124955719296	35.644416314385964	0.0	0.0	3	1.0494971941881628	15.132400462056976	230.0	36	1.05	0.95				
	316	2	55.694400491228066	11.138880098245615	0.0	0.0	3	1.0364181540052773	14.92435945048697	230.0	36	1.05	0.95				
	317	1	0.0	0.0	0.0	0.0	3	1.05	19.48805094450513	230.0	37	1.05	0.95				
	318	2	185.46235363578947	37.872192334035084	0.0	0.0	3	1.0452676361704465	15.874586065921216	230.0	37	1.05	0.95				
	319	1	100.8068648891228	20.606928181754387	0.0	0.0	3	1.0232085064347525	13.750212827135362	230.0	35	1.05	0.95				
	320	1	71.28883262877193	14.480544127719297	0.0	0.0	3	1.0163091176386834	13.804370195712602	230.0	35	1.05	0.95				
	321	2	0.0	0.0	0.0	0.0	3	1.05	16.289526725971456	230.0	37	1.05	0.95				
	322	2	0.0	0.0	0.0	0.0	3	1.049999997820483	21.89288777124066	230.0	37	1.05	0.95				
	323	2	0.0	0.0	0.0	0.0	3	1.0137264451713832	14.272021694872583	230.0	35	1.05	0.95				
	324	1	0.0	0.0	0.0	0.0	3	1.0468439096855875	18.45795907521281	230.0	36	1.05	0.95				
	325	1	0.0	0.0	0.0	0.0	3	1.0149710726620054	14.900908468150345	230.0	35	1.05	0.95				
];
