%% MATPOWER Case Format : Version 2
function mpc = RTS_GMLC
mpc.version = '2';

%%-----  Power Flow Data  -----%%
%% system MVA base
mpc.baseMVA = 100.0;
%% bus data
%    bus_i    type    Pd    Qd    Gs    Bs    area    Vm    Va    baseKV    zone    Vmax    Vmin
mpc.bus = [
	101	2	39.37110339789474	8.020039581052632	0.0	0.0	1	1.0307622044321045	3.143869866597119	138.0	11	1.05	0.95				
	102	2	35.36108360736842	7.290945073684211	0.0	0.0	1	1.0298770466668745	2.8913367126203178	138.0	12	1.05	0.95				
	103	1	65.6185056631579	13.48824838631579	0.0	0.0	1	1.0304451781147086	1.1687724064171965	138.0	11	1.05	0.95				
	104	1	26.97649677263158	5.468208805263157	0.0	0.0	1	1.0212190642168268	-0.22865210720635218	138.0	11	1.05	0.95				
	105	1	25.882855011578947	5.1036615515789485	0.0	0.0	1	1.0352904115330643	0.033064650380820175	138.0	11	1.05	0.95				
	106	1	49.57842650105263	10.207323103157897	0.0	-100.0	1	1.0464287272608577	-2.1277594177011228	138.0	12	1.05	0.95				
	107	2	45.56840671052632	9.113681342105263	0.0	0.0	1	1.0006290438462955	-7.89440816727413	138.0	12	1.05	0.95				
	108	1	62.33758038	12.759153878947368	0.0	0.0	1	1.0063861182686304	-6.365473936715644	138.0	12	1.05	0.95				
	109	1	63.795769394736844	13.12370113263158	0.0	0.0	1	1.0249743792138448	-1.2918687199910137	138.0	13	1.05	0.95				
	110	1	71.08671446842105	14.581890147368423	0.0	0.0	1	1.05	-1.960961596307179	138.0	13	1.05	0.95				
	111	1	0.0	0.0	0.0	0.0	1	1.002425754189591	0.1518234580878971	230.0	13	1.05	0.95				
	112	1	0.0	0.0	0.0	0.0	1	1.007662577710534	0.40621402514077076	230.0	13	1.05	0.95				
	113	3	96.60502222631578	19.68555169894737	0.0	0.0	1	0.9924378470430087	-6.45548919934109e-28	230.0	14	1.05	0.95				
	114	2	70.72216721473684	14.217342893684211	0.0	0.0	1	0.9989412318536003	2.195734233330128	230.0	16	1.05	0.95				
	115	2	115.56147941789474	23.331024235789474	0.0	0.0	1	1.0384686004579637	7.537464020557183	230.0	16	1.05	0.95				
	116	2	36.45472536842105	7.290945073684211	0.0	0.0	1	1.033545691052938	7.128214673446139	230.0	16	1.05	0.95				
	117	1	0.0	0.0	0.0	0.0	1	1.0420498871468298	8.985197024349922	230.0	17	1.05	0.95				
	118	2	121.39423547684211	24.789213250526316	0.0	0.0	1	1.0455295772316806	8.832614147876583	230.0	17	1.05	0.95				
	119	1	65.98305291684211	13.48824838631579	0.0	0.0	1	1.0270301625312008	6.097068591212792	230.0	15	1.05	0.95				
	120	1	46.66204847157895	9.478228595789474	0.0	0.0	1	1.0236306305506242	5.907049484342335	230.0	15	1.05	0.95				
	121	2	0.0	0.0	0.0	0.0	1	1.05	9.524980057753273	230.0	17	1.05	0.95				
	122	2	0.0	0.0	0.0	0.0	1	1.05	17.62470843892782	230.0	17	1.05	0.95				
	123	2	0.0	0.0	0.0	0.0	1	1.021995268185721	6.087483355209101	230.0	15	1.05	0.95				
	124	1	0.0	0.0	0.0	0.0	1	1.0268811842572303	5.152967881962112	230.0	16	1.05	0.95				
	201	2	48.07555484210526	9.793168578947368	0.0	0.0	2	1.0268997704750396	-8.940510447822994	138.0	21	1.05	0.95				
	202	2	43.178970552631576	8.902880526315789	0.0	0.0	2	1.0276908891142291	-8.818994175226347	138.0	22	1.05	0.95				
	203	1	80.12592473684211	16.470328973684207	0.0	0.0	2	1.0177499781552806	-7.934672641884591	138.0	21	1.05	0.95				
	204	1	32.940657947368415	6.67716039473684	0.0	0.0	2	1.0178943898810628	-10.794314079387238	138.0	21	1.05	0.95				
	205	1	31.60522586842105	6.2320163684210526	0.0	0.0	2	1.032881440795888	-11.051605528367281	138.0	21	1.05	0.95				
	206	1	60.53958757894736	12.464032736842105	0.0	-100.0	2	1.0441988643519355	-12.640283457374615	138.0	22	1.05	0.95				
	207	2	55.64300328947368	11.128600657894735	0.0	0.0	2	0.9899346996598791	-19.188385323168408	138.0	22	1.05	0.95				
	208	1	76.11962849999999	15.580040921052628	0.0	0.0	2	0.9963162213092476	-17.167437309665154	138.0	22	1.05	0.95				
	209	1	77.90020460526314	16.025184947368416	0.0	0.0	2	1.0226636357779615	-10.5854114197093	138.0	23	1.05	0.95				
	210	1	86.80308513157894	17.805761052631578	0.0	0.0	2	1.05	-11.766790315781058	138.0	23	1.05	0.95				
	211	1	0.0	0.0	0.0	0.0	2	1.006313584648863	-7.95957000022454	230.0	23	1.05	0.95				
	212	1	0.0	0.0	0.0	0.0	2	1.0100810265302802	-7.614517938503976	230.0	23	1.05	0.95				
	213	2	117.96316697368418	24.03777742105263	0.0	0.0	2	1.0005683552176101	-7.272838966989206	230.0	24	1.05	0.95				
	214	2	86.35794110526315	17.36061702631579	0.0	0.0	2	1.0083382104083793	-5.243723209278378	230.0	26	1.05	0.95				
	215	2	141.11065634210524	28.489217684210523	0.0	0.0	2	1.0265897870347143	1.6889234810100047	230.0	26	1.05	0.95				
	216	2	44.51440263157894	8.902880526315789	0.0	0.0	2	1.0288147948195874	1.2730712700816378	230.0	26	1.05	0.95				
	217	1	0.0	0.0	0.0	0.0	2	1.033518748117625	4.255081957949912	230.0	27	1.05	0.95				
	218	2	148.23296076315788	30.26979378947368	0.0	0.0	2	1.0350940960913888	4.642253724127751	230.0	27	1.05	0.95				
	219	1	80.57106876315788	16.470328973684207	0.0	0.0	2	1.028806808506939	-0.0006034674305455044	230.0	25	1.05	0.95				
	220	1	56.978435368421046	11.573744684210526	0.0	0.0	2	1.0320838789011562	-0.2410579152189973	230.0	25	1.05	0.95				
	221	2	0.0	0.0	0.0	0.0	2	1.0351675973594157	4.422229328703783	230.0	27	1.05	0.95				
	222	2	0.0	0.0	0.0	0.0	2	1.05	10.853736463539576	230.0	27	1.05	0.95				
	223	2	0.0	0.0	0.0	0.0	2	1.0344709630424156	-0.035791440748567216	230.0	25	1.05	0.95				
	224	1	0.0	0.0	0.0	0.0	2	1.0113984299818444	-1.9201776661717305	230.0	26	1.05	0.95				
	301	2	47.76463144421052	9.729832331228069	0.0	0.0	3	1.0060385733863668	-27.04430676450943	138.0	31	1.05	0.95				
	302	2	42.89971527859649	8.845302119298246	0.0	0.0	3	1.0058284794089951	-27.15632880219677	138.0	32	1.05	0.95				
	303	1	79.60771907368421	16.363808920701754	0.0	0.0	3	1.0237746478272585	-21.640664990573175	138.0	31	1.05	0.95				
	304	1	32.72761784140351	6.633976589473684	0.0	0.0	3	1.0094277484268432	-25.690389150869294	138.0	31	1.05	0.95				
	305	1	31.40082252350877	6.191711483508772	0.0	0.0	3	1.0222077668604141	-26.418473989585763	138.0	31	1.05	0.95				
	306	1	60.14805441122807	12.383422967017545	0.0	-100.0	3	1.0395002023371818	-26.594826613635203	138.0	32	1.05	0.95				
	307	2	55.283138245614026	11.056627649122806	0.0	0.0	3	0.9924261938755269	-31.456878202856807	138.0	32	1.05	0.95				
	308	1	75.62733311999999	15.479278708771929	0.0	0.0	3	0.9986816382270153	-29.457853122066652	138.0	32	1.05	0.95				
	309	1	77.39639354385965	15.921543814736841	0.0	0.0	3	1.0263886881472017	-22.68236954941793	138.0	33	1.05	0.95				
	310	1	86.24169566315788	17.690604238596492	0.0	0.0	3	1.05	-24.36984064348893	138.0	33	1.05	0.95				
	311	1	0.0	0.0	0.0	0.0	3	1.009430424898457	-18.56372453137888	230.0	33	1.05	0.95				
	312	1	0.0	0.0	0.0	0.0	3	1.0131486759053308	-17.78682207331478	230.0	33	1.05	0.95				
	313	2	117.20025308070174	23.88231572210526	0.0	0.0	3	1.0135577006041203	-14.758758778395878	230.0	34	1.05	0.95				
	314	2	85.79943055719298	17.24833913263158	0.0	0.0	3	1.0108493634329228	-16.853576587459816	230.0	36	1.05	0.95				
	315	2	140.1980385908772	28.304966781754388	0.0	0.0	3	1.0352161000907079	-12.718902680653574	230.0	36	1.05	0.95				
	316	2	44.226510596491224	8.845302119298246	0.0	0.0	3	1.0354509707295623	-11.810023714028505	230.0	36	1.05	0.95				
	317	1	0.0	0.0	0.0	0.0	3	1.0395480354863216	-10.48850288143207	230.0	37	1.05	0.95				
	318	2	147.2742802863158	30.074027205614033	0.0	0.0	3	1.0387118208605157	-10.41777404830863	230.0	37	1.05	0.95				
	319	1	80.04998417964913	16.363808920701754	0.0	0.0	3	1.0345104417155115	-12.025401091461909	230.0	35	1.05	0.95				
	320	1	56.609933563508775	11.49889275508772	0.0	0.0	3	1.0366606127929079	-11.363704183011398	230.0	35	1.05	0.95				
	321	2	0.0	0.0	0.0	0.0	3	1.039548838052953	-10.597714903343848	230.0	37	1.05	0.95				
	322	2	0.0	0.0	0.0	0.0	3	1.05	-6.239575165985261	230.0	37	1.05	0.95				
	323	2	0.0	0.0	0.0	0.0	3	1.0386011465261926	-10.668177256400798	230.0	35	1.05	0.95				
	324	1	0.0	0.0	0.0	0.0	3	1.0197535348670344	-16.05473264669157	230.0	36	1.05	0.95				
	325	1	0.0	0.0	0.0	0.0	3	1.032003329417125	-9.008148029207167	230.0	35	1.05	0.95				
];
