%% MATPOWER Case Format : Version 2
function mpc = RTS_GMLC
mpc.version = '2';

%%-----  Power Flow Data  -----%%
%% system MVA base
mpc.baseMVA = 100.0;
%% bus data
%    bus_i    type    Pd    Qd    Gs    Bs    area    Vm    Va    baseKV    zone    Vmax    Vmin
mpc.bus = [
	101	2	47.9614052463158	9.769915883508773	0.0	0.0	1	1.0495995348167684	5.071881700965787	138.0	11	1.05	0.95				
	102	2	43.07644730456141	8.881741712280704	0.0	0.0	1	1.048497239780913	4.740455496641361	138.0	12	1.05	0.95				
	103	1	79.93567541052633	16.4312221677193	0.0	0.0	1	1.032647751452803	1.4258495535413946	138.0	11	1.05	0.95				
	104	1	32.8624443354386	6.661306284210528	0.0	0.0	1	1.029544786921687	0.710239479940147	138.0	11	1.05	0.95				
	105	1	31.530183078596497	6.217219198596493	0.0	0.0	1	1.0425654589796718	0.6367786464701584	138.0	11	1.05	0.95				
	106	1	60.39584364350878	12.434438397192986	0.0	-100.0	1	1.0475780088311535	-2.3529641475475427	138.0	12	1.05	0.95				
	107	2	55.5108857017544	11.102177140350879	0.0	0.0	1	0.9991759649666735	-10.536392248679547	138.0	12	1.05	0.95				
	108	1	75.93889164000001	15.54304799649123	0.0	0.0	1	1.0019758363985134	-8.361886296041327	138.0	12	1.05	0.95				
	109	1	77.71523998245615	15.987135082105263	0.0	0.0	1	1.0247287911240865	-1.8182245925530098	138.0	13	1.05	0.95				
	110	1	86.59698169473685	17.763483424561407	0.0	0.0	1	1.05	-2.544311745291824	138.0	13	1.05	0.95				
	111	1	0.0	0.0	0.0	0.0	1	1.0035018110679057	-0.358230463935312	230.0	13	1.05	0.95				
	112	1	0.0	0.0	0.0	0.0	1	1.0089134915761904	-0.5520112855390048	230.0	13	1.05	0.95				
	113	3	117.6830776877193	23.9807026231579	0.0	0.0	1	0.9960010460187253	-6.6337506016956705e-31	230.0	14	1.05	0.95				
	114	2	86.15289460912282	17.31939633894737	0.0	0.0	1	0.9989730074338302	1.279829997737679	230.0	16	1.05	0.95				
	115	2	140.77560613964914	28.42157347929825	0.0	0.0	1	1.0378640893532938	7.208473033209926	230.0	16	1.05	0.95				
	116	2	44.408708561403515	8.881741712280704	0.0	0.0	1	1.0330901922671945	6.166824478076777	230.0	16	1.05	0.95				
	117	1	0.0	0.0	0.0	0.0	1	1.040344295003936	9.834366304250384	230.0	17	1.05	0.95				
	118	2	147.8809995094737	30.19792182175439	0.0	0.0	1	1.0454143531580502	10.274449582587142	230.0	17	1.05	0.95				
	119	1	80.37976249614036	16.4312221677193	0.0	0.0	1	1.023053583121813	3.9413941350146686	230.0	15	1.05	0.95				
	120	1	56.8431469585965	11.546264225964913	0.0	0.0	1	1.018012853037501	2.669340889209374	230.0	15	1.05	0.95				
	121	2	0.0	0.0	0.0	0.0	1	1.0485839763285298	11.567126327068738	230.0	17	1.05	0.95				
	122	2	0.0	0.0	0.0	0.0	1	1.05	21.28696981538282	230.0	17	1.05	0.95				
	123	2	0.0	0.0	0.0	0.0	1	1.0158958887097898	2.3134395919762336	230.0	15	1.05	0.95				
	124	1	0.0	0.0	0.0	0.0	1	1.0278747217844124	5.03759347318281	230.0	16	1.05	0.95				
	201	2	46.95356523789474	9.564615141052633	0.0	0.0	2	1.0187110795579308	-14.459747652736757	138.0	21	1.05	0.95				
	202	2	42.17125766736842	8.695104673684211	0.0	0.0	2	1.018574496801721	-14.562200511847083	138.0	22	1.05	0.95				
	203	1	78.2559420631579	16.08594364631579	0.0	0.0	2	1.0152922478018993	-11.12149183281003	138.0	21	1.05	0.95				
	204	1	32.17188729263158	6.521328505263158	0.0	0.0	2	1.0140134716439324	-14.978033851262289	138.0	21	1.05	0.95				
	205	1	30.86762159157895	6.086573271578948	0.0	0.0	2	1.0291135340447977	-15.415113845356077	138.0	21	1.05	0.95				
	206	1	59.12671178105264	12.173146543157896	0.0	-100.0	2	1.0427588986888934	-16.424902110586256	138.0	22	1.05	0.95				
	207	2	54.34440421052632	10.868880842105263	0.0	0.0	2	0.9941308313207738	-22.08811684273705	138.0	22	1.05	0.95				
	208	1	74.34314495999999	15.216433178947367	0.0	0.0	2	0.9991549718330501	-20.110597020348827	138.0	22	1.05	0.95				
	209	1	76.08216589473685	15.651188412631578	0.0	0.0	2	1.0226195258523287	-13.518077429733232	138.0	23	1.05	0.95				
	210	1	84.77727056842105	17.390209347368422	0.0	0.0	2	1.05	-14.980252274759494	138.0	23	1.05	0.95				
	211	1	0.0	0.0	0.0	0.0	2	1.0072089837330878	-10.524685240946233	230.0	23	1.05	0.95				
	212	1	0.0	0.0	0.0	0.0	2	1.0083666788486247	-9.772085164896502	230.0	23	1.05	0.95				
	213	2	115.21013692631578	23.47678261894737	0.0	0.0	2	1.0036066769787682	-9.198509895962507	230.0	24	1.05	0.95				
	214	2	84.34251533473685	16.955454113684212	0.0	0.0	2	1.0098967574925835	-7.866286404042614	230.0	26	1.05	0.95				
	215	2	137.81740907789475	27.824334955789475	0.0	0.0	2	1.023931867101309	-0.8554717597847846	230.0	26	1.05	0.95				
	216	2	43.47552336842105	8.695104673684211	0.0	0.0	2	1.024816662885091	-1.4396914301137218	230.0	26	1.05	0.95				
	217	1	0.0	0.0	0.0	0.0	2	1.0281519705205793	0.1334253265633335	230.0	27	1.05	0.95				
	218	2	144.77349281684212	29.56335589052632	0.0	0.0	2	1.0275512671133664	-0.3022454079952232	230.0	27	1.05	0.95				
	219	1	78.6906972968421	16.08594364631579	0.0	0.0	2	1.0248453268208038	-1.7461753851359074	230.0	25	1.05	0.95				
	220	1	55.64866991157895	11.303636075789475	0.0	0.0	2	1.0278171930407478	-1.1621626543630077	230.0	25	1.05	0.95				
	221	2	0.0	0.0	0.0	0.0	2	1.0297074246031224	0.3117070737980901	230.0	27	1.05	0.95				
	222	2	0.0	0.0	0.0	0.0	2	1.0499999937433822	6.733231968159935	230.0	27	1.05	0.95				
	223	2	0.0	0.0	0.0	0.0	2	1.0301777435770358	-0.5100723800112722	230.0	25	1.05	0.95				
	224	1	0.0	0.0	0.0	0.0	2	1.0080874147918806	-4.7071517862984145	230.0	26	1.05	0.95				
	301	2	55.998734589473685	11.40714963859649	0.0	0.0	3	1.0065153396957396	-8.498052769191943	138.0	31	1.05	0.95				
	302	2	50.29515977017544	10.370136035087718	0.0	0.0	3	1.0059793280708746	-8.635374724437867	138.0	32	1.05	0.95				
	303	1	93.33122431578946	19.184751664912277	0.0	0.0	3	1.0273780452213348	-2.368619086412011	138.0	31	1.05	0.95				
	304	1	38.36950332982455	7.777602026315789	0.0	0.0	3	1.0075701635328977	-7.109564671731183	138.0	31	1.05	0.95				
	305	1	36.813982924561394	7.259095224561403	0.0	0.0	3	1.0211480544806653	-7.564859118064216	138.0	31	1.05	0.95				
	306	1	70.51692503859648	14.518190449122805	0.0	-100.0	3	1.037225429349491	-7.6424291290871444	138.0	32	1.05	0.95				
	307	2	64.81335021929824	12.962670043859648	0.0	0.0	3	0.9938222946201758	-12.829052638215126	138.0	32	1.05	0.95				
	308	1	88.66466309999998	18.14773806140351	0.0	0.0	3	0.9988051310565769	-10.451340094074514	138.0	32	1.05	0.95				
	309	1	90.73869030701754	18.666244863157893	0.0	0.0	3	1.0259950935542823	-3.740327474584249	138.0	33	1.05	0.95				
	310	1	101.10882634210525	20.740272070175436	0.0	0.0	3	1.05	-4.967236529266645	138.0	33	1.05	0.95				
	311	1	0.0	0.0	0.0	0.0	3	1.0093331107791277	0.49852300841034547	230.0	33	1.05	0.95				
	312	1	0.0	0.0	0.0	0.0	3	1.0138715452100477	1.3898949366047808	230.0	33	1.05	0.95				
	313	2	137.40430246491226	27.999367294736842	0.0	0.0	3	1.017746703967908	5.678098427825985	230.0	34	1.05	0.95				
	314	2	100.59031954035088	20.221765268421052	0.0	0.0	3	1.0080567272856167	0.8740634834999429	230.0	36	1.05	0.95				
	315	2	164.36665615614032	33.1844353122807	0.0	0.0	3	1.0250246465808592	-0.3294103223608767	230.0	36	1.05	0.95				
	316	2	51.85068017543859	10.370136035087718	0.0	0.0	3	1.0241062750267662	0.4120267141652175	230.0	36	1.05	0.95				
	317	1	0.0	0.0	0.0	0.0	3	1.0297443769490675	0.9349700450462911	230.0	37	1.05	0.95				
	318	2	172.66276498421053	35.25846251929824	0.0	0.0	3	1.0277659955348464	0.032341031626634875	230.0	37	1.05	0.95				
	319	1	93.84973111754385	19.184751664912277	0.0	0.0	3	1.023630731498682	2.067130365350168	230.0	35	1.05	0.95				
	320	1	66.3688706245614	13.481176845614035	0.0	0.0	3	1.0248110253961429	3.3028071293417045	230.0	35	1.05	0.95				
	321	2	0.0	0.0	0.0	0.0	3	1.0289007142414048	0.4767478881158791	230.0	37	1.05	0.95				
	322	2	0.0	0.0	0.0	0.0	3	1.0425978819756025	5.025263152164445	230.0	37	1.05	0.95				
	323	2	0.0	0.0	0.0	0.0	3	1.0258592399844606	4.006425702845198	230.0	35	1.05	0.95				
	324	1	0.0	0.0	0.0	0.0	3	1.0228987516037304	0.40127729917477695	230.0	36	1.05	0.95				
	325	1	0.0	0.0	0.0	0.0	3	1.0266165458513492	4.659205742889671	230.0	35	1.05	0.95				
];
