%% MATPOWER Case Format : Version 2
function mpc = RTS_GMLC
mpc.version = '2';

%%-----  Power Flow Data  -----%%
%% system MVA base
mpc.baseMVA = 100.0;
%% bus data
%    bus_i    type    Pd    Qd    Gs    Bs    area    Vm    Va    baseKV    zone    Vmax    Vmin
mpc.bus = [
	101	2	69.35032163368422	14.126917369824563	0.0	0.0	1	1.032605148817436	0.354100286984721	138.0	11	1.05	0.95				
	102	2	62.286862948771926	12.842652154385966	0.0	0.0	1	1.0326413042402762	0.3140129616531126	138.0	12	1.05	0.95				
	103	1	115.58386938947369	23.758906485614034	0.0	0.0	1	1.0229142105379099	-1.1336153527989339	138.0	11	1.05	0.95				
	104	1	47.51781297122807	9.631989115789473	0.0	0.0	1	1.0179218996550576	-2.831587248125088	138.0	11	1.05	0.95				
	105	1	45.591415148070176	8.989856508070176	0.0	0.0	1	1.0326413377098775	-2.756675970431391	138.0	11	1.05	0.95				
	106	1	87.33003464982457	17.97971301614035	0.0	-100.0	1	1.0392316532864405	-5.08504214038052	138.0	12	1.05	0.95				
	107	2	80.26657596491228	16.053315192982456	0.0	0.0	1	1.0472411614747639	-0.9265178195232399	138.0	12	1.05	0.95				
	108	1	109.80467592000001	22.47464127017544	0.0	0.0	1	1.0269364258956868	-3.929543528559735	138.0	12	1.05	0.95				
	109	1	112.3732063508772	23.116773877894737	0.0	0.0	1	1.0263159178535772	-2.806838056527425	138.0	13	1.05	0.95				
	110	1	125.21585850526316	25.685304308771933	0.0	0.0	1	1.05	-3.883305037189085	138.0	13	1.05	0.95				
	111	1	0.0	0.0	0.0	0.0	1	1.0095985123925555	-0.7670228510606807	230.0	13	1.05	0.95				
	112	1	0.0	0.0	0.0	0.0	1	1.0136178078344111	0.042102340628013976	230.0	13	1.05	0.95				
	113	3	170.165141045614	34.67516081684211	0.0	0.0	1	1.0066182423486778	-1.5497289344562289e-32	230.0	14	1.05	0.95				
	114	2	124.57372589754385	25.04317170105263	0.0	0.0	1	1.0085576485263024	1.2284350882685227	230.0	16	1.05	0.95				
	115	2	203.55603664701755	41.09648689403509	0.0	0.0	1	1.0425376980906673	8.197276495884061	230.0	16	1.05	0.95				
	116	2	64.21326077192982	12.842652154385966	0.0	0.0	1	1.0397310328150702	7.8737481474643936	230.0	16	1.05	0.95				
	117	1	0.0	0.0	0.0	0.0	1	1.0457532259147237	10.543023656629034	230.0	17	1.05	0.95				
	118	2	213.8301583705263	43.665017324912284	0.0	0.0	1	1.0485085762634736	11.01610480270239	230.0	17	1.05	0.95				
	119	1	116.226001997193	23.758906485614034	0.0	0.0	1	1.034120784972641	6.894927177321828	230.0	15	1.05	0.95				
	120	1	82.19297378807018	16.695447800701753	0.0	0.0	1	1.034663335401025	7.267188796408242	230.0	15	1.05	0.95				
	121	2	0.0	0.0	0.0	0.0	1	1.05	11.339068640577494	230.0	17	1.05	0.95				
	122	2	0.0	0.0	0.0	0.0	1	1.05	17.800330111213498	230.0	17	1.05	0.95				
	123	2	0.0	0.0	0.0	0.0	1	1.0365879911995894	7.952239011575465	230.0	15	1.05	0.95				
	124	1	0.0	0.0	0.0	0.0	1	1.0234656281387653	4.736666500760752	230.0	16	1.05	0.95				
	201	2	71.45033843368422	14.554698569824561	0.0	0.0	2	1.0341043758337982	-8.650661541543213	138.0	21	1.05	0.95				
	202	2	64.17298914877193	13.231544154385965	0.0	0.0	2	1.0341958265750502	-8.745411123641922	138.0	22	1.05	0.95				
	203	1	119.08389738947369	24.478356685614035	0.0	0.0	2	1.027442942113319	-5.704586345689397	138.0	21	1.05	0.95				
	204	1	48.95671337122807	9.923658115789474	0.0	0.0	2	1.0179854630942882	-10.696904882827619	138.0	21	1.05	0.95				
	205	1	46.97198174807017	9.262080908070176	0.0	0.0	2	1.0335196678986158	-11.08731136208135	138.0	21	1.05	0.95				
	206	1	89.97450024982457	18.524161816140353	0.0	-100.0	2	1.0394811874440484	-13.079647880143296	138.0	22	1.05	0.95				
	207	2	82.69715096491228	16.539430192982458	0.0	0.0	2	0.9794381812484322	-22.967052891629358	138.0	22	1.05	0.95				
	208	1	113.12970252000001	23.155202270175437	0.0	0.0	2	0.9806255485153531	-19.74345361380605	138.0	22	1.05	0.95				
	209	1	115.77601135087721	23.816779477894737	0.0	0.0	2	1.025233381152512	-9.612969088769466	138.0	23	1.05	0.95				
	210	1	129.00755550526318	26.46308830877193	0.0	0.0	2	1.05	-11.472184930448238	138.0	23	1.05	0.95				
	211	1	0.0	0.0	0.0	0.0	2	1.0197933081977686	-5.584230594041565	230.0	23	1.05	0.95				
	212	1	0.0	0.0	0.0	0.0	2	1.0181456910301698	-4.745579805600998	230.0	23	1.05	0.95				
	213	2	175.31796004561403	35.72516921684211	0.0	0.0	2	1.0245390574942617	-3.095666942611786	230.0	24	1.05	0.95				
	214	2	128.34597829754387	25.801511101052633	0.0	0.0	2	1.031076298927973	-2.863140964032784	230.0	26	1.05	0.95				
	215	2	209.71997484701754	42.34094129403509	0.0	0.0	2	1.0429750816578012	5.093759620333675	230.0	26	1.05	0.95				
	216	2	66.15772077192983	13.231544154385965	0.0	0.0	2	1.0456356128305595	5.006936866039306	230.0	26	1.05	0.95				
	217	1	0.0	0.0	0.0	0.0	2	1.0475348192209244	8.310516841079371	230.0	27	1.05	0.95				
	218	2	220.30521017052632	44.987250124912286	0.0	0.0	2	1.049844455234572	9.208519381254677	230.0	27	1.05	0.95				
	219	1	119.74547459719301	24.478356685614035	0.0	0.0	2	1.0431075408768025	3.9923221466740855	230.0	25	1.05	0.95				
	220	1	84.68188258807018	17.201007400701755	0.0	0.0	2	1.0464803583851954	4.351097142088105	230.0	25	1.05	0.95				
	221	2	0.0	0.0	0.0	0.0	2	1.05	9.551253188604292	230.0	27	1.05	0.95				
	222	2	0.0	0.0	0.0	0.0	2	1.05	15.576097662900278	230.0	27	1.05	0.95				
	223	2	0.0	0.0	0.0	0.0	2	1.05	5.0295924589307015	230.0	25	1.05	0.95				
	224	1	0.0	0.0	0.0	0.0	2	1.02365892604289	1.0681339880087286	230.0	26	1.05	0.95				
	301	2	53.70958557473685	10.940841505964913	0.0	0.0	3	1.0084832722877985	-21.490762044897178	138.0	31	1.05	0.95				
	302	2	48.239164821754386	9.946219550877194	0.0	0.0	3	1.007830571176506	-21.64298360497623	138.0	32	1.05	0.95				
	303	1	89.51597595789474	18.400506169122806	0.0	0.0	3	1.0271773197921774	-14.35931431547171	138.0	31	1.05	0.95				
	304	1	36.80101233824561	7.459664663157895	0.0	0.0	3	1.0091936439894407	-20.038422900624287	138.0	31	1.05	0.95				
	305	1	35.309079405614035	6.962353685614037	0.0	0.0	3	1.0226774121205584	-20.95052431848745	138.0	31	1.05	0.95				
	306	1	67.63429294596493	13.924707371228074	0.0	-100.0	3	1.0383812996330177	-21.22319719595477	138.0	32	1.05	0.95				
	307	2	62.16387219298246	12.432774438596491	0.0	0.0	3	0.9925188456365758	-26.8006475196563	138.0	32	1.05	0.95				
	308	1	85.04017716	17.405884214035087	0.0	0.0	3	0.9963922910160191	-24.498214565306952	138.0	32	1.05	0.95				
	309	1	87.02942107017545	17.903195191578945	0.0	0.0	3	1.0266558337357112	-16.69461878895442	138.0	33	1.05	0.95				
	310	1	96.97564062105263	19.892439101754388	0.0	0.0	3	1.05	-18.811789746169573	138.0	33	1.05	0.95				
	311	1	0.0	0.0	0.0	0.0	3	1.0133546834813814	-12.24028750331117	230.0	33	1.05	0.95				
	312	1	0.0	0.0	0.0	0.0	3	1.013905900453747	-11.873953010289187	230.0	33	1.05	0.95				
	313	2	131.7874090491228	26.854792787368424	0.0	0.0	3	1.0163665491385063	-8.80872176418036	230.0	34	1.05	0.95				
	314	2	96.47832964350877	19.39512812421053	0.0	0.0	3	1.0215890012968716	-9.707277502949887	230.0	36	1.05	0.95				
	315	2	157.64757988140352	31.82790256280702	0.0	0.0	3	1.0454274912399932	-3.4400350138349127	230.0	36	1.05	0.95				
	316	2	49.731097754385964	9.946219550877194	0.0	0.0	3	1.044244490788697	-3.1756368546173794	230.0	36	1.05	0.95				
	317	1	0.0	0.0	0.0	0.0	3	1.0475906105804138	-0.764869987312708	230.0	37	1.05	0.95				
	318	2	165.60455552210527	33.817146472982465	0.0	0.0	3	1.0481437970860878	-0.5112552939036609	230.0	37	1.05	0.95				
	319	1	90.01328693543861	18.400506169122806	0.0	0.0	3	1.0389440962623295	-4.532268838021535	230.0	35	1.05	0.95				
	320	1	63.65580512561404	12.930085416140352	0.0	0.0	3	1.0381909892300438	-4.771910138751202	230.0	35	1.05	0.95				
	321	2	0.0	0.0	0.0	0.0	3	1.05	0.16326918740883142	230.0	37	1.05	0.95				
	322	2	0.0	0.0	0.0	0.0	3	1.05	5.574273003949557	230.0	37	1.05	0.95				
	323	2	0.0	0.0	0.0	0.0	3	1.038580166059356	-4.530833600356054	230.0	35	1.05	0.95				
	324	1	0.0	0.0	0.0	0.0	3	1.0249116243504215	-7.500367150401084	230.0	36	1.05	0.95				
	325	1	0.0	0.0	0.0	0.0	3	1.0345974567118565	-3.2121397895388144	230.0	35	1.05	0.95				
];
