%% MATPOWER Case Format : Version 2
function mpc = RTS_GMLC
mpc.version = '2';

%%-----  Power Flow Data  -----%%
%% system MVA base
mpc.baseMVA = 100.0;
%% bus data
%    bus_i    type    Pd    Qd    Gs    Bs    area    Vm    Va    baseKV    zone    Vmax    Vmin
mpc.bus = [
	101	2	49.69816923789474	10.123701141052631	0.0	0.0	1	1.0315809059322236	1.5337575041601939	138.0	11	1.05	0.95				
	102	2	44.63631866736842	9.203364673684211	0.0	0.0	1	1.0306114131530058	1.2458165076077548	138.0	12	1.05	0.95				
	103	1	82.8302820631579	17.02622464631579	0.0	0.0	1	1.0291420251416186	1.1986613729776132	138.0	11	1.05	0.95				
	104	1	34.05244929263158	6.902523505263157	0.0	0.0	1	1.0198309226005078	-1.560080030870045	138.0	11	1.05	0.95				
	105	1	32.67194459157894	6.442355271578948	0.0	0.0	1	1.0345631567748175	-1.4737736083728195	138.0	11	1.05	0.95				
	106	1	62.58287978105264	12.884710543157896	0.0	-100.0	1	1.0440544358563364	-3.66170385216815	138.0	12	1.05	0.95				
	107	2	57.52102921052631	11.504205842105263	0.0	0.0	1	0.9999539341557442	-9.125675910721265	138.0	12	1.05	0.95				
	108	1	78.68876795999999	16.105888178947367	0.0	0.0	1	1.0029582118217695	-7.762525650092183	138.0	12	1.05	0.95				
	109	1	80.52944089473684	16.56605641263158	0.0	0.0	1	1.0248182267021864	-1.9828385539386342	138.0	13	1.05	0.95				
	110	1	89.73280556842104	18.406729347368422	0.0	0.0	1	1.05	-3.0652788962890756	138.0	13	1.05	0.95				
	111	1	0.0	0.0	0.0	0.0	1	1.0066500990680043	0.1792094204059319	230.0	13	1.05	0.95				
	112	1	0.0	0.0	0.0	0.0	1	1.009900486074656	0.1891041441145741	230.0	13	1.05	0.95				
	113	3	121.94458192631579	24.84908461894737	0.0	0.0	1	0.9987275480131139	4.3515950738210935e-29	230.0	14	1.05	0.95				
	114	2	89.27263733473684	17.946561113684208	0.0	0.0	1	1.0085999143093887	3.137470635450547	230.0	16	1.05	0.95				
	115	2	145.87333007789474	29.45076695578947	0.0	0.0	1	1.0425736014970304	10.591259626649224	230.0	16	1.05	0.95				
	116	2	46.01682336842105	9.203364673684211	0.0	0.0	1	1.0396134543020434	9.966473428086166	230.0	16	1.05	0.95				
	117	1	0.0	0.0	0.0	0.0	1	1.0429562697430879	13.632511375428445	230.0	17	1.05	0.95				
	118	2	153.2360218168421	31.29143989052632	0.0	0.0	1	1.0482407186554823	13.60288399627148	230.0	17	1.05	0.95				
	119	1	83.2904502968421	17.02622464631579	0.0	0.0	1	1.0315649557437663	7.9564871789280245	230.0	15	1.05	0.95				
	120	1	58.90153391157894	11.964374075789474	0.0	0.0	1	1.0285180629835642	7.081496126346465	230.0	15	1.05	0.95				
	121	2	0.0	0.0	0.0	0.0	1	1.05	14.654630880200443	230.0	17	1.05	0.95				
	122	2	0.0	0.0	0.0	0.0	1	1.05	28.789212539268267	230.0	17	1.05	0.95				
	123	2	0.0	0.0	0.0	0.0	1	1.0274910369699337	6.9513367908276	230.0	15	1.05	0.95				
	124	1	0.0	0.0	0.0	0.0	1	1.0257483274769463	7.085190822397688	230.0	16	1.05	0.95				
	201	2	48.2965528168421	9.83818668491228	0.0	0.0	2	1.0250889632101416	-8.216755200590896	138.0	21	1.05	0.95				
	202	2	43.37745947438596	8.943806077192983	0.0	0.0	2	1.0260654274192493	-8.01897815240467	138.0	22	1.05	0.95				
	203	1	80.49425469473684	16.546041242807018	0.0	0.0	2	1.017679542588278	-7.459389631924943	138.0	21	1.05	0.95				
	204	1	33.092082485614036	6.707854557894737	0.0	0.0	2	1.0175143654992052	-9.663267278241591	138.0	21	1.05	0.95				
	205	1	31.750511574035084	6.260664254035088	0.0	0.0	2	1.0320692055673744	-9.940514580966928	138.0	21	1.05	0.95				
	206	1	60.81788132491228	12.521328508070177	0.0	-100.0	2	1.0439193930496964	-11.302917641305385	138.0	22	1.05	0.95				
	207	2	55.898787982456135	11.179757596491227	0.0	0.0	2	0.9908290366899366	-17.764463953248274	138.0	22	1.05	0.95				
	208	1	76.46954195999999	15.651660635087715	0.0	0.0	2	0.9968829272932166	-15.731832095416713	138.0	22	1.05	0.95				
	209	1	78.2583031754386	16.09885093894737	0.0	0.0	2	1.0232578029287056	-9.171368904035685	138.0	23	1.05	0.95				
	210	1	87.20210925263157	17.887612154385966	0.0	0.0	2	1.05	-10.25301667752354	138.0	23	1.05	0.95				
	211	1	0.0	0.0	0.0	0.0	2	1.0063522974821992	-6.30497015437816	230.0	23	1.05	0.95				
	212	1	0.0	0.0	0.0	0.0	2	1.0093459118217445	-5.548163746874039	230.0	23	1.05	0.95				
	213	2	118.505430522807	24.14827640842105	0.0	0.0	2	1.0017196449178416	-5.1205045359380135	230.0	24	1.05	0.95				
	214	2	86.75491894877192	17.440421850526313	0.0	0.0	2	1.0076377803508216	-3.8289324609601776	230.0	26	1.05	0.95				
	215	2	141.75932632350876	28.62017944701754	0.0	0.0	2	1.0271234887140601	2.3643593594018832	230.0	26	1.05	0.95				
	216	2	44.719030385964906	8.943806077192983	0.0	0.0	2	1.0285089012931532	2.3624145540888595	230.0	26	1.05	0.95				
	217	1	0.0	0.0	0.0	0.0	2	1.0337276462776106	4.769548213772163	230.0	27	1.05	0.95				
	218	2	148.91437118526315	30.40894066245614	0.0	0.0	2	1.034176498349019	4.795074885636661	230.0	27	1.05	0.95				
	219	1	80.9414449985965	16.546041242807018	0.0	0.0	2	1.028835388133567	2.0190645728759713	230.0	25	1.05	0.95				
	220	1	57.24035889403508	11.626947900350878	0.0	0.0	2	1.0321860088641228	2.5883139983969383	230.0	25	1.05	0.95				
	221	2	0.0	0.0	0.0	0.0	2	1.0347106835467001	4.764333572366309	230.0	27	1.05	0.95				
	222	2	0.0	0.0	0.0	0.0	2	1.05	11.263327905587232	230.0	27	1.05	0.95				
	223	2	0.0	0.0	0.0	0.0	2	1.034795134746866	3.2383442328432426	230.0	25	1.05	0.95				
	224	1	0.0	0.0	0.0	0.0	2	1.0114660112027365	-1.3178716384710725	230.0	26	1.05	0.95				
	301	2	59.65453970526317	12.151850680701754	0.0	0.0	3	1.0107561969219931	-18.677016332828785	138.0	31	1.05	0.95				
	302	2	53.57861436491228	11.047136982456141	0.0	0.0	3	1.0098127751414214	-18.886838391234733	138.0	32	1.05	0.95				
	303	1	99.42423284210527	20.43720341754386	0.0	0.0	3	1.0385226897191449	-8.81178304366875	138.0	31	1.05	0.95				
	304	1	40.87440683508772	8.285352736842105	0.0	0.0	3	1.010157493686711	-16.935141050063933	138.0	31	1.05	0.95				
	305	1	39.2173362877193	7.732995887719299	0.0	0.0	3	1.0231999028352714	-18.589870390179893	138.0	31	1.05	0.95				
	306	1	75.12053148070176	15.465991775438598	0.0	-100.0	3	1.037279140607433	-19.159497705394138	138.0	32	1.05	0.95				
	307	2	69.04460614035088	13.808921228070176	0.0	0.0	3	0.9919775409730318	-25.063751903864873	138.0	32	1.05	0.95				
	308	1	94.4530212	19.332489719298245	0.0	0.0	3	0.994049893601167	-22.46313075778827	138.0	32	1.05	0.95				
	309	1	96.66244859649123	19.884846568421054	0.0	0.0	3	1.0294185888675451	-13.098841384630171	138.0	33	1.05	0.95				
	310	1	107.70958557894737	22.094273964912283	0.0	0.0	3	1.05	-16.72849746966727	138.0	33	1.05	0.95				
	311	1	0.0	0.0	0.0	0.0	3	1.0158335235367209	-10.125831291593979	230.0	33	1.05	0.95				
	312	1	0.0	0.0	0.0	0.0	3	1.016973309685966	-9.557570021503203	230.0	33	1.05	0.95				
	313	2	146.37456501754386	29.827269852631584	0.0	0.0	3	1.0190149226864036	-6.841168062188406	230.0	34	1.05	0.95				
	314	2	107.15722872982457	21.541917115789474	0.0	0.0	3	1.0225065035202805	-8.179848886646958	230.0	36	1.05	0.95				
	315	2	175.0971211719298	35.35083834385965	0.0	0.0	3	1.0434576387439964	-2.9013405534576573	230.0	36	1.05	0.95				
	316	2	55.2356849122807	11.047136982456141	0.0	0.0	3	1.0441325693731522	-2.117802297044827	230.0	36	1.05	0.95				
	317	1	0.0	0.0	0.0	0.0	3	1.0487631412756624	0.6938806120933111	230.0	37	1.05	0.95				
	318	2	183.93483075789473	37.56026574035088	0.0	0.0	3	1.0449497725432375	-0.4391527699422241	230.0	37	1.05	0.95				
	319	1	99.97658969122809	20.43720341754386	0.0	0.0	3	1.0395989495227302	-3.2369007662534455	230.0	35	1.05	0.95				
	320	1	70.7016766877193	14.361278077192981	0.0	0.0	3	1.0400288523789454	-3.1663249831296687	230.0	35	1.05	0.95				
	321	2	0.0	0.0	0.0	0.0	3	1.0455628620231388	-0.689385516551387	230.0	37	1.05	0.95				
	322	2	0.0	0.0	0.0	0.0	3	1.05	4.192874384776851	230.0	37	1.05	0.95				
	323	2	0.0	0.0	0.0	0.0	3	1.0413688753889796	-2.7165558050581393	230.0	35	1.05	0.95				
	324	1	0.0	0.0	0.0	0.0	3	1.033415506814357	-5.121449696059009	230.0	36	1.05	0.95				
	325	1	0.0	0.0	0.0	0.0	3	1.0362941153208198	-1.2832953319299927	230.0	35	1.05	0.95				
];
