%% MATPOWER Case Format : Version 2
function mpc = RTS_GMLC
mpc.version = '2';

%%-----  Power Flow Data  -----%%
%% system MVA base
mpc.baseMVA = 100.0;
%% bus data
%    bus_i    type    Pd    Qd    Gs    Bs    area    Vm    Va    baseKV    zone    Vmax    Vmin
mpc.bus = [
	101	2	41.46857992421052	8.447303317894736	0.0	0.0	1	1.031689822240859	2.1637478199106766	138.0	11	1.05	0.95				
	102	2	37.244928265263155	7.679366652631579	0.0	0.0	1	1.0307779518216797	1.8922919947945345	138.0	12	1.05	0.95				
	103	1	69.1142998736842	14.206828307368419	0.0	0.0	1	1.0306808244832797	0.9150081502998175	138.0	11	1.05	0.95				
	104	1	28.413656614736837	5.759524989473683	0.0	0.0	1	1.0211251133782262	-1.1882388346038433	138.0	11	1.05	0.95				
	105	1	27.2617516168421	5.375556656842105	0.0	0.0	1	1.0354771503253937	-0.9969978168066016	138.0	11	1.05	0.95				
	106	1	52.21969323789474	10.75111331368421	0.0	-100.0	1	1.0460840173241386	-3.205268306942676	138.0	12	1.05	0.95				
	107	2	47.99604157894737	9.599208315789474	0.0	0.0	1	0.9998693792440563	-10.21166706305467	138.0	12	1.05	0.95				
	108	1	65.65858487999999	13.438891642105261	0.0	0.0	1	1.0045776831009072	-8.149061374579816	138.0	12	1.05	0.95				
	109	1	67.1944582105263	13.82285997473684	0.0	0.0	1	1.0246795627046303	-2.143877017454541	138.0	13	1.05	0.95				
	110	1	74.87382486315789	15.358733305263158	0.0	0.0	1	1.05	-2.984079464729035	138.0	13	1.05	0.95				
	111	1	0.0	0.0	0.0	0.0	1	1.0029863927083182	-0.20976408730570348	230.0	13	1.05	0.95				
	112	1	0.0	0.0	0.0	0.0	1	1.0081936334125314	-0.6356762360654935	230.0	13	1.05	0.95				
	113	3	101.75160814736842	20.73428996210526	0.0	0.0	1	0.9948875728052943	4.097627145071423e-32	230.0	14	1.05	0.95				
	114	2	74.48985653052631	14.97476497263158	0.0	0.0	1	1.0001174305355485	2.0980528957800395	230.0	16	1.05	0.95				
	115	2	121.71796144421052	24.57397328842105	0.0	0.0	1	1.0396813834352454	8.640677541853478	230.0	16	1.05	0.95				
	116	2	38.396833263157895	7.679366652631579	0.0	0.0	1	1.0347352925514532	7.517190441933923	230.0	16	1.05	0.95				
	117	1	0.0	0.0	0.0	0.0	1	1.0409893532732815	11.664802078384865	230.0	17	1.05	0.95				
	118	2	127.86145476631579	26.10984661894737	0.0	0.0	1	1.047500267691103	11.997016485061403	230.0	17	1.05	0.95				
	119	1	69.49826820631579	14.206828307368419	0.0	0.0	1	1.0242812711915283	4.889183006483603	230.0	15	1.05	0.95				
	120	1	49.1479465768421	9.983176648421052	0.0	0.0	1	1.0190098521113204	3.327472380014069	230.0	15	1.05	0.95				
	121	2	0.0	0.0	0.0	0.0	1	1.05	13.210906045868402	230.0	17	1.05	0.95				
	122	2	0.0	0.0	0.0	0.0	1	1.05	25.916602336340596	230.0	17	1.05	0.95				
	123	2	0.0	0.0	0.0	0.0	1	1.0165485152402094	2.764442314043206	230.0	15	1.05	0.95				
	124	1	0.0	0.0	0.0	0.0	1	1.0263774979418894	5.747027367792702	230.0	16	1.05	0.95				
	201	2	44.13159136421053	8.989768611228069	0.0	0.0	2	1.0130814069182739	-15.567722511017429	138.0	21	1.05	0.95				
	202	2	39.636707058596485	8.172516919298245	0.0	0.0	2	1.0122509408623024	-15.846441150568609	138.0	22	1.05	0.95				
	203	1	73.5526522736842	15.119156300701754	0.0	0.0	2	1.0147233742921566	-11.310099595293785	138.0	21	1.05	0.95				
	204	1	30.238312601403507	6.129387689473684	0.0	0.0	2	1.0116184818699472	-15.50582655516883	138.0	21	1.05	0.95				
	205	1	29.012435063508768	5.720761843508772	0.0	0.0	2	1.026587354052889	-15.976534493792652	138.0	21	1.05	0.95				
	206	1	55.57311505122807	11.441523687017543	0.0	-100.0	2	1.0420654374980587	-16.71530952069162	138.0	22	1.05	0.95				
	207	2	51.07823074561403	10.215646149122806	0.0	0.0	2	0.9944903711926931	-21.616016127248564	138.0	22	1.05	0.95				
	208	1	69.87501965999999	14.30190460877193	0.0	0.0	2	1.0004850074134144	-19.780369527679365	138.0	22	1.05	0.95				
	209	1	71.50952304385964	14.710530454736839	0.0	0.0	2	1.0228313882015898	-13.532248003047945	138.0	23	1.05	0.95				
	210	1	79.68203996315789	16.34503383859649	0.0	0.0	2	1.05	-15.069508682411234	138.0	23	1.05	0.95				
	211	1	0.0	0.0	0.0	0.0	2	1.0068269016433402	-10.4937521874098	230.0	23	1.05	0.95				
	212	1	0.0	0.0	0.0	0.0	2	1.0087955444661163	-9.667854566264705	230.0	23	1.05	0.95				
	213	2	108.28584918070175	22.065795682105264	0.0	0.0	2	1.0039762226843538	-9.030582670610551	230.0	24	1.05	0.95				
	214	2	79.27341411719297	15.93640799263158	0.0	0.0	2	1.0086574334752199	-7.865790993017509	230.0	26	1.05	0.95				
	215	2	129.5343931708772	26.152054141754384	0.0	0.0	2	1.0225393892154933	-1.4126475103445792	230.0	26	1.05	0.95				
	216	2	40.862584596491224	8.172516919298245	0.0	0.0	2	1.02448101251909	-1.6596552333741053	230.0	26	1.05	0.95				
	217	1	0.0	0.0	0.0	0.0	2	1.027887439197569	-0.011758022045144204	230.0	27	1.05	0.95				
	218	2	136.07240670631577	27.786557525614036	0.0	0.0	2	1.0272096919569087	-0.5053107766282248	230.0	27	1.05	0.95				
	219	1	73.96127811964912	15.119156300701754	0.0	0.0	2	1.0262155901923342	-1.6989224771329285	230.0	25	1.05	0.95				
	220	1	52.30410828350877	10.624271995087717	0.0	0.0	2	1.0303597043088233	-0.9359757877448822	230.0	25	1.05	0.95				
	221	2	0.0	0.0	0.0	0.0	2	1.0291197294671697	-0.005048337243927242	230.0	27	1.05	0.95				
	222	2	0.0	0.0	0.0	0.0	2	1.0499999864149132	6.483373324576556	230.0	27	1.05	0.95				
	223	2	0.0	0.0	0.0	0.0	2	1.033293359441502	-0.20797861550181643	230.0	25	1.05	0.95				
	224	1	0.0	0.0	0.0	0.0	2	1.0074585539209044	-5.128617257364074	230.0	26	1.05	0.95				
	301	2	50.03669724631579	10.192660550175438	0.0	0.0	3	1.0133287661392847	-6.2231311797740885	138.0	31	1.05	0.95				
	302	2	44.940366971228066	9.266055045614035	0.0	0.0	3	1.0123235267277102	-6.525173494315244	138.0	32	1.05	0.95				
	303	1	83.39449541052632	17.142201834385965	0.0	0.0	3	1.0490805281312356	6.369631689872075	138.0	31	1.05	0.95				
	304	1	34.28440366877193	6.949541284210525	0.0	0.0	3	1.0119159482460418	-5.105226720298164	138.0	31	1.05	0.95				
	305	1	32.89449541192982	6.486238531929825	0.0	0.0	3	1.0259543139325253	-7.183740278337174	138.0	31	1.05	0.95				
	306	1	63.00917431017544	12.97247706385965	0.0	-100.0	3	1.0404262027124593	-8.264723373907989	138.0	32	1.05	0.95				
	307	2	57.912844035087716	11.582568807017543	0.0	0.0	3	0.9888335096736709	-12.715094849444135	138.0	32	1.05	0.95				
	308	1	79.22477064	16.215596329824557	0.0	0.0	3	0.9953720184296851	-10.605215671873573	138.0	32	1.05	0.95				
	309	1	81.0779816491228	16.67889908210526	0.0	0.0	3	1.0263226109635617	-2.0461689878269924	138.0	33	1.05	0.95				
	310	1	90.34403669473683	18.53211009122807	0.0	0.0	3	1.05	-6.655251217532378	138.0	33	1.05	0.95				
	311	1	0.0	0.0	0.0	0.0	3	1.0098591457168689	-2.208739898680562	230.0	33	1.05	0.95				
	312	1	0.0	0.0	0.0	0.0	3	1.0152248880545363	-1.406073201817044	230.0	33	1.05	0.95				
	313	2	122.77522935438596	25.018348623157895	0.0	0.0	3	1.0125427639268603	0.6174168444179965	230.0	34	1.05	0.95				
	314	2	89.88073394245613	18.06880733894737	0.0	0.0	3	1.0045016454850053	-2.43833087109554	230.0	36	1.05	0.95				
	315	2	146.86697247298244	29.651376145964907	0.0	0.0	3	1.0410877707076047	0.33143923854549645	230.0	36	1.05	0.95				
	316	2	46.33027522807017	9.266055045614035	0.0	0.0	3	1.0342117775261215	0.011093066171359077	230.0	36	1.05	0.95				
	317	1	0.0	0.0	0.0	0.0	3	1.0431447212457536	2.703673762606067	230.0	37	1.05	0.95				
	318	2	154.27981650947368	31.50458715508772	0.0	0.0	3	1.0410205206607246	1.5169276592613594	230.0	37	1.05	0.95				
	319	1	83.85779816280701	17.142201834385965	0.0	0.0	3	1.027782217112858	-0.11185162125958954	230.0	35	1.05	0.95				
	320	1	59.302752291929814	12.045871559298245	0.0	0.0	3	1.0254719687259708	0.682636884481811	230.0	35	1.05	0.95				
	321	2	0.0	0.0	0.0	0.0	3	1.0423723688839197	1.692906013550997	230.0	37	1.05	0.95				
	322	2	0.0	0.0	0.0	0.0	3	1.05	6.415187795561177	230.0	37	1.05	0.95				
	323	2	0.0	0.0	0.0	0.0	3	1.0251451026234901	1.4788908235802056	230.0	35	1.05	0.95				
	324	1	0.0	0.0	0.0	0.0	3	1.0415144351238346	2.643081200753538	230.0	36	1.05	0.95				
	325	1	0.0	0.0	0.0	0.0	3	1.0243779784911706	2.4819145141099677	230.0	35	1.05	0.95				
];
