%% MATPOWER Case Format : Version 2
function mpc = RTS_GMLC
mpc.version = '2';

%%-----  Power Flow Data  -----%%
%% system MVA base
mpc.baseMVA = 100.0;
%% bus data
%    bus_i    type    Pd    Qd    Gs    Bs    area    Vm    Va    baseKV    zone    Vmax    Vmin
mpc.bus = [
	101	2	37.059871350315795	7.549233052842105	0.0	0.0	1	0.9869625605812393	-5.060736798875855	138.0	11	1.05	0.95				
	102	2	33.28525482389473	6.862939138947369	0.0	0.0	1	0.9869435875134572	-5.252222943792292	138.0	12	1.05	0.95				
	103	1	61.766452250526314	12.69643740705263	0.0	0.0	1	1.0174841576229803	2.1383789072932315	138.0	11	1.05	0.95				
	104	1	25.39287481410526	5.147204354210526	0.0	0.0	1	1.0020780356586731	-4.5627335668840505	138.0	11	1.05	0.95				
	105	1	24.363433943263153	4.804057397263159	0.0	0.0	1	1.0141438317550977	-5.410671034945038	138.0	11	1.05	0.95				
	106	1	46.667986144842104	9.608114794526317	0.0	-100.0	1	1.0377362799601209	-6.049202162142208	138.0	12	1.05	0.95				
	107	2	42.89336961842105	8.57867392368421	0.0	0.0	1	0.9852837356685175	-11.281824219451655	138.0	12	1.05	0.95				
	108	1	58.678129638	12.010143493157893	0.0	0.0	1	0.9971054934922126	-9.069525575852005	138.0	12	1.05	0.95				
	109	1	60.050717465789475	12.353290450105263	0.0	0.0	1	1.0240971539160655	-2.574325187560504	138.0	13	1.05	0.95				
	110	1	66.91365660473684	13.725878277894738	0.0	0.0	1	1.05	-4.630990009744143	138.0	13	1.05	0.95				
	111	1	0.0	0.0	0.0	0.0	1	1.0185632316666793	0.6339181931595677	230.0	13	1.05	0.95				
	112	1	0.0	0.0	0.0	0.0	1	1.0140708067648492	-0.9369811444668473	230.0	13	1.05	0.95				
	113	3	90.93394359105262	18.529935675157898	0.0	0.0	1	0.9991612573147278	-3.614226315255647e-30	230.0	14	1.05	0.95				
	114	2	66.57050964778946	13.38273132094737	0.0	0.0	1	1.0492838022418434	5.281442233464924	230.0	16	1.05	0.95				
	115	2	108.77758535231578	21.961405244631578	0.0	0.0	1	1.0363271519247506	16.494265141582147	230.0	16	1.05	0.95				
	116	2	34.31469569473684	6.862939138947369	0.0	0.0	1	1.0374315092167836	14.184618706157345	230.0	16	1.05	0.95				
	117	1	0.0	0.0	0.0	0.0	1	1.0361725785786928	21.073578681977104	230.0	17	1.05	0.95				
	118	2	114.26793666347368	23.333993072421052	0.0	0.0	1	1.0460678946597597	22.043520444697155	230.0	17	1.05	0.95				
	119	1	62.109599207473686	12.69643740705263	0.0	0.0	1	1.0349882638065064	9.014542137878825	230.0	15	1.05	0.95				
	120	1	43.922810489263156	8.921820880631579	0.0	0.0	1	1.041001789807144	5.200084218705807	230.0	15	1.05	0.95				
	121	2	0.0	0.0	0.0	0.0	1	1.0403760611330968	23.83930884632609	230.0	17	1.05	0.95				
	122	2	0.0	0.0	0.0	0.0	1	1.05	41.82413431618532	230.0	17	1.05	0.95				
	123	2	0.0	0.0	0.0	0.0	1	1.0457804129161024	3.3775799607710457	230.0	15	1.05	0.95				
	124	1	0.0	0.0	0.0	0.0	1	1.010956667498486	11.153898142225101	230.0	16	1.05	0.95				
	201	2	43.33259876210526	8.827010858947368	0.0	0.0	2	1.0065503698115086	-18.34672823964228	138.0	21	1.05	0.95				
	202	2	38.919093332631576	8.02455532631579	0.0	0.0	2	1.005755833526797	-18.65892894912336	138.0	22	1.05	0.95				
	203	1	72.2209979368421	14.84542735368421	0.0	0.0	2	1.011514512770826	-13.602014900393836	138.0	21	1.05	0.95				
	204	1	29.69085470736842	6.018416494736841	0.0	0.0	2	1.0086869665498686	-18.354150414600547	138.0	21	1.05	0.95				
	205	1	28.487171408421048	5.617188728421053	0.0	0.0	2	1.0233557641401998	-18.859656652330038	138.0	21	1.05	0.95				
	206	1	54.566976218947374	11.234377456842106	0.0	-100.0	2	1.0406738659467092	-19.655936366857773	138.0	22	1.05	0.95				
	207	2	50.15347078947367	10.030694157894736	0.0	0.0	2	0.989498934147765	-24.38318739577737	138.0	22	1.05	0.95				
	208	1	68.60994803999999	14.04297182105263	0.0	0.0	2	0.9978403123518815	-22.60382199105747	138.0	22	1.05	0.95				
	209	1	70.21485910526314	14.44419958736842	0.0	0.0	2	1.022571566092289	-16.436004938552717	138.0	23	1.05	0.95				
	210	1	78.23941443157894	16.04911065263158	0.0	0.0	2	1.05	-18.07325420008191	138.0	23	1.05	0.95				
	211	1	0.0	0.0	0.0	0.0	2	1.008020543773943	-13.550912587721719	230.0	23	1.05	0.95				
	212	1	0.0	0.0	0.0	0.0	2	1.0139285762630246	-12.938275466857586	230.0	23	1.05	0.95				
	213	2	106.3253580736842	21.66629938105263	0.0	0.0	2	1.007115346253418	-12.33177616356661	230.0	24	1.05	0.95				
	214	2	77.83818666526315	15.64788288631579	0.0	0.0	2	1.009160121928535	-10.825629181913007	230.0	26	1.05	0.95				
	215	2	127.18920192210525	25.678577044210527	0.0	0.0	2	1.0285167941195141	-3.735358322025303	230.0	26	1.05	0.95				
	216	2	40.122776631578944	8.02455532631579	0.0	0.0	2	1.0320093523887803	-4.614575153593039	230.0	26	1.05	0.95				
	217	1	0.0	0.0	0.0	0.0	2	1.0368633131718832	-2.0959264699054523	230.0	27	1.05	0.95				
	218	2	133.60884618315788	27.283488109473687	0.0	0.0	2	1.03543927308774	-2.6327691555613693	230.0	27	1.05	0.95				
	219	1	72.6222257031579	14.84542735368421	0.0	0.0	2	1.0378543806863647	-5.134397461308002	230.0	25	1.05	0.95				
	220	1	51.357154088421055	10.431921924210526	0.0	0.0	2	1.045408757879893	-4.816109393538601	230.0	25	1.05	0.95				
	221	2	0.0	0.0	0.0	0.0	2	1.0356450205041021	-2.1991482574281584	230.0	27	1.05	0.95				
	222	2	0.0	0.0	0.0	0.0	2	1.05	4.34027189889043	230.0	27	1.05	0.95				
	223	2	0.0	0.0	0.0	0.0	2	1.05	-4.34762424882456	230.0	25	1.05	0.95				
	224	1	0.0	0.0	0.0	0.0	2	1.0099648604494527	-7.405336392776021	230.0	26	1.05	0.95				
	301	2	51.40335338526316	10.47105346736842	0.0	0.0	3	1.0268579539597444	16.431406835634608	138.0	31	1.05	0.95				
	302	2	46.16782665157894	9.519139515789474	0.0	0.0	3	1.02364091617143	16.087480062145485	138.0	32	1.05	0.95				
	303	1	85.67225564210526	17.610408104210524	0.0	0.0	3	1.05	32.32268345108463	138.0	31	1.05	0.95				
	304	1	35.22081620842105	7.139354636842104	0.0	0.0	3	1.011480629751195	17.742862896000883	138.0	31	1.05	0.95				
	305	1	33.792945281052624	6.663397661052632	0.0	0.0	3	1.0300306862840125	14.934298387182261	138.0	31	1.05	0.95				
	306	1	64.73014870736841	13.326795322105264	0.0	-100.0	3	1.0385875811676635	13.532538841789837	138.0	32	1.05	0.95				
	307	2	59.494621973684204	11.898924394736841	0.0	0.0	3	0.95	9.449477022113882	138.0	32	1.05	0.95				
	308	1	81.38864285999999	16.65849415263158	0.0	0.0	3	0.9688088607538241	11.58333044817514	138.0	32	1.05	0.95				
	309	1	83.2924707631579	17.134451128421052	0.0	0.0	3	1.017083230963751	21.08910134838587	138.0	33	1.05	0.95				
	310	1	92.81161027894737	19.03827903157895	0.0	0.0	3	1.0447229262522117	14.941907151311163	138.0	33	1.05	0.95				
	311	1	0.0	0.0	0.0	0.0	3	1.0050833721252157	19.09877420355846	230.0	33	1.05	0.95				
	312	1	0.0	0.0	0.0	0.0	3	1.0104007986888153	19.53291441614414	230.0	33	1.05	0.95				
	313	2	126.12859858421051	25.70167669263158	0.0	0.0	3	1.0070415009140756	21.010184801317955	230.0	34	1.05	0.95				
	314	2	92.33565330315788	18.562322055789473	0.0	0.0	3	1.0003803552208992	18.60937210369944	230.0	36	1.05	0.95				
	315	2	150.87836132526314	30.461246450526314	0.0	0.0	3	1.049164299918115	21.036594813667598	230.0	36	1.05	0.95				
	316	2	47.595697578947366	9.519139515789474	0.0	0.0	3	1.0350374775092348	20.78111022792738	230.0	36	1.05	0.95				
	317	1	0.0	0.0	0.0	0.0	3	1.05	24.38225216830175	230.0	37	1.05	0.95				
	318	2	158.49367293789473	32.36507435368421	0.0	0.0	3	1.046415509346782	20.70650062885135	230.0	37	1.05	0.95				
	319	1	86.14821261789474	17.610408104210524	0.0	0.0	3	1.0253068163399712	19.790271479345108	230.0	35	1.05	0.95				
	320	1	60.92249290105263	12.374881370526316	0.0	0.0	3	1.0204007560506376	19.849399922268606	230.0	35	1.05	0.95				
	321	2	0.0	0.0	0.0	0.0	3	1.05	21.482933703101953	230.0	37	1.05	0.95				
	322	2	0.0	0.0	0.0	0.0	3	1.05	26.968936569596973	230.0	37	1.05	0.95				
	323	2	0.0	0.0	0.0	0.0	3	1.0185125222960478	20.254208929049334	230.0	35	1.05	0.95				
	324	1	0.0	0.0	0.0	0.0	3	1.0459204458980522	25.348177204792446	230.0	36	1.05	0.95				
	325	1	0.0	0.0	0.0	0.0	3	1.0204269161975839	20.570763464944555	230.0	35	1.05	0.95				
];
