%% MATPOWER Case Format : Version 2
function mpc = RTS_GMLC
mpc.version = '2';

%%-----  Power Flow Data  -----%%
%% system MVA base
mpc.baseMVA = 100.0;
%% bus data
%    bus_i    type    Pd    Qd    Gs    Bs    area    Vm    Va    baseKV    zone    Vmax    Vmin
mpc.bus = [
	101	2	42.550717452631574	8.667738740350876	0.0	0.0	1	1.036582980421132	0.9560884335023062	138.0	11	1.05	0.95				
	102	2	38.21684808245613	7.879762491228071	0.0	0.0	1	1.0357998870914698	0.7107899166448728	138.0	12	1.05	0.95				
	103	1	70.91786242105262	14.577560608771927	0.0	0.0	1	1.0227342984767107	-0.8944558494399522	138.0	11	1.05	0.95				
	104	1	29.155121217543854	5.9098218684210515	0.0	0.0	1	1.022386824161154	-2.1917002010233992	138.0	11	1.05	0.95				
	105	1	27.97315684385965	5.515833743859649	0.0	0.0	1	1.038047170622352	-1.9416269784031275	138.0	11	1.05	0.95				
	106	1	53.58238494035088	11.031667487719298	0.0	-100.0	1	1.0472167647592248	-4.013317107059549	138.0	12	1.05	0.95				
	107	2	49.248515570175435	9.849703114035087	0.0	0.0	1	1.0015552657352123	-10.696536125727894	138.0	12	1.05	0.95				
	108	1	67.37196929999999	13.78958435964912	0.0	0.0	1	1.0050584071100026	-8.782297595131446	138.0	12	1.05	0.95				
	109	1	68.9479217982456	14.183572484210524	0.0	0.0	1	1.0230114523101677	-2.975697756488045	138.0	13	1.05	0.95				
	110	1	76.82768428947368	15.759524982456142	0.0	0.0	1	1.05	-3.646524031618039	138.0	13	1.05	0.95				
	111	1	0.0	0.0	0.0	0.0	1	0.9997588508960418	-0.9803731611315022	230.0	13	1.05	0.95				
	112	1	0.0	0.0	0.0	0.0	1	1.0061833742290482	-0.6903955352578279	230.0	13	1.05	0.95				
	113	3	104.40685300877193	21.275358726315787	0.0	0.0	1	0.9951691526161799	3.270214834066418e-21	230.0	14	1.05	0.95				
	114	2	76.43369616491226	15.365536857894735	0.0	0.0	1	0.9911208974126741	0.6564339947328777	230.0	16	1.05	0.95				
	115	2	124.8942354859649	25.21523997192982	0.0	0.0	1	1.0191150940483271	5.511861985521003	230.0	16	1.05	0.95				
	116	2	39.39881245614035	7.879762491228071	0.0	0.0	1	1.016673227467955	5.306243421779633	230.0	16	1.05	0.95				
	117	1	0.0	0.0	0.0	0.0	1	1.0253905453819832	7.46436763218538	230.0	17	1.05	0.95				
	118	2	131.19804547894736	26.79119247017544	0.0	0.0	1	1.0266584348735415	7.580251935006019	230.0	17	1.05	0.95				
	119	1	71.31185054561404	14.577560608771927	0.0	0.0	1	1.0131458708395364	4.191354483489632	230.0	15	1.05	0.95				
	120	1	50.43047994385964	10.24369123859649	0.0	0.0	1	1.0128040959679396	4.009472784464594	230.0	15	1.05	0.95				
	121	2	0.0	0.0	0.0	0.0	1	1.0296476808711421	8.61466630217629	230.0	17	1.05	0.95				
	122	2	0.0	0.0	0.0	0.0	1	1.05	15.17120458480891	230.0	17	1.05	0.95				
	123	2	0.0	0.0	0.0	0.0	1	1.0130281112405621	4.221693472935367	230.0	15	1.05	0.95				
	124	1	0.0	0.0	0.0	0.0	1	1.012034432717596	3.0791879777082674	230.0	16	1.05	0.95				
	201	2	41.224618307368424	8.397607432982456	0.0	0.0	2	1.01366436701085	-15.24829075953542	138.0	21	1.05	0.95				
	202	2	37.02581459087719	7.634188575438597	0.0	0.0	2	1.0128746091729373	-15.522563506835358	138.0	22	1.05	0.95				
	203	1	68.70769717894737	14.123248864561402	0.0	0.0	2	1.0147260854396878	-11.230296399854302	138.0	21	1.05	0.95				
	204	1	28.246497729122805	5.725641431578947	0.0	0.0	2	1.0122911246931476	-15.294526827179062	138.0	21	1.05	0.95				
	205	1	27.101369442807016	5.343932002807017	0.0	0.0	2	1.0272745875530156	-15.735598517323664	138.0	21	1.05	0.95				
	206	1	51.912482312982455	10.687864005614035	0.0	-100.0	2	1.0429791607737857	-16.49465113268034	138.0	22	1.05	0.95				
	207	2	47.71367859649123	9.542735719298246	0.0	0.0	2	0.9956690458664637	-21.048737302528746	138.0	22	1.05	0.95				
	208	1	65.27231232	13.359830007017543	0.0	0.0	2	1.002171021769491	-19.3531945041372	138.0	22	1.05	0.95				
	209	1	66.79915003508772	13.741539435789473	0.0	0.0	2	1.0224615839765452	-13.521191691510948	138.0	23	1.05	0.95				
	210	1	74.4333386105263	15.268377150877194	0.0	0.0	2	1.05	-14.992908865700374	138.0	23	1.05	0.95				
	211	1	0.0	0.0	0.0	0.0	2	1.0042427278972434	-10.65498083951334	230.0	23	1.05	0.95				
	212	1	0.0	0.0	0.0	0.0	2	1.0082022699277222	-10.13612979743098	230.0	23	1.05	0.95				
	213	2	101.15299862456139	20.612309153684212	0.0	0.0	2	1.0015909247727413	-9.535049478770544	230.0	24	1.05	0.95				
	214	2	74.05162918175438	14.886667722105262	0.0	0.0	2	1.0028540236656296	-7.903207534797822	230.0	26	1.05	0.95				
	215	2	121.00188892070175	24.429403441403508	0.0	0.0	2	1.0179516509419546	-1.290054581090385	230.0	26	1.05	0.95				
	216	2	38.170942877192985	7.634188575438597	0.0	0.0	2	1.0188789629652721	-1.6912188392838745	230.0	26	1.05	0.95				
	217	1	0.0	0.0	0.0	0.0	2	1.0227016440822567	0.3339017407280184	230.0	27	1.05	0.95				
	218	2	127.10923978105264	25.956241156491227	0.0	0.0	2	1.022174722866969	-0.16824057431853515	230.0	27	1.05	0.95				
	219	1	69.0894066077193	14.123248864561402	0.0	0.0	2	1.021313856763395	-2.3298611426768496	230.0	25	1.05	0.95				
	220	1	48.858806882807016	9.924445148070175	0.0	0.0	2	1.0258048403377622	-2.1287030639551254	230.0	25	1.05	0.95				
	221	2	0.0	0.0	0.0	0.0	2	1.0243553397698908	0.2682534491618417	230.0	27	1.05	0.95				
	222	2	0.0	0.0	0.0	0.0	2	1.0461088769776792	6.833356672156815	230.0	27	1.05	0.95				
	223	2	0.0	0.0	0.0	0.0	2	1.0286524022166261	-1.7254408881174659	230.0	25	1.05	0.95				
	224	1	0.0	0.0	0.0	0.0	2	1.0045922827031935	-5.039453964333381	230.0	26	1.05	0.95				
	301	2	50.17336287157895	10.220499844210526	0.0	0.0	3	1.0415007030500236	-7.89490926290046	138.0	31	1.05	0.95				
	302	2	45.063112949473684	9.291363494736842	0.0	0.0	3	1.0370147554525397	-8.225824376566457	138.0	32	1.05	0.95				
	303	1	83.62227145263158	17.189022465263157	0.0	0.0	3	1.05	7.132083376918442	138.0	31	1.05	0.95				
	304	1	34.378044930526315	6.968522621052631	0.0	0.0	3	1.016701959996373	-7.027014463407683	138.0	31	1.05	0.95				
	305	1	32.98434040631579	6.503954446315789	0.0	0.0	3	1.0382651442355273	-8.946168470125048	138.0	31	1.05	0.95				
	306	1	63.181271764210535	13.007908892631578	0.0	-100.0	3	1.0431215163918404	-10.098104889578517	138.0	32	1.05	0.95				
	307	2	58.07102184210527	11.614204368421053	0.0	0.0	3	0.9506707379682396	-6.525390856675855	138.0	32	1.05	0.95				
	308	1	79.44115787999999	16.25988611578947	0.0	0.0	3	0.9722109996555243	-8.057807285911139	138.0	32	1.05	0.95				
	309	1	81.29943057894737	16.724454290526314	0.0	0.0	3	1.0145606271533993	-4.093143888730162	138.0	33	1.05	0.95				
	310	1	90.5907940736842	18.582726989473684	0.0	0.0	3	1.0457454511737694	-8.54677817060519	138.0	33	1.05	0.95				
	311	1	0.0	0.0	0.0	0.0	3	1.0014661417004265	-5.435094171463084	230.0	33	1.05	0.95				
	312	1	0.0	0.0	0.0	0.0	3	1.0058122702148462	-4.387387582318104	230.0	33	1.05	0.95				
	313	2	123.11056630526316	25.086681435789476	0.0	0.0	3	1.0017644475791063	-2.7507508692279594	230.0	34	1.05	0.95				
	314	2	90.12622589894737	18.118158814736844	0.0	0.0	3	0.9949944620530382	-6.792865902936493	230.0	36	1.05	0.95				
	315	2	147.26811139157894	29.732363183157894	0.0	0.0	3	1.0449023004330686	-5.28964970396659	230.0	36	1.05	0.95				
	316	2	46.45681747368421	9.291363494736842	0.0	0.0	3	1.0275315259363849	-5.847861889630092	230.0	36	1.05	0.95				
	317	1	0.0	0.0	0.0	0.0	3	1.0394075679566617	-4.809121256540233	230.0	37	1.05	0.95				
	318	2	154.70120218736844	31.590635882105268	0.0	0.0	3	1.0422936178429971	-5.065548373485606	230.0	37	1.05	0.95				
	319	1	84.08683962736842	17.189022465263157	0.0	0.0	3	1.0160730723231008	-5.403616380407311	230.0	35	1.05	0.95				
	320	1	59.46472636631579	12.078772543157895	0.0	0.0	3	1.0096419717854306	-4.082884523423776	230.0	35	1.05	0.95				
	321	2	0.0	0.0	0.0	0.0	3	1.05	-4.655016475231979	230.0	37	1.05	0.95				
	322	2	0.0	0.0	0.0	0.0	3	1.05	-0.38059046789086487	230.0	37	1.05	0.95				
	323	2	0.0	0.0	0.0	0.0	3	1.0073468862151576	-2.9776072919311907	230.0	35	1.05	0.95				
	324	1	0.0	0.0	0.0	0.0	3	1.0428166764279243	-0.5397150615817533	230.0	36	1.05	0.95				
	325	1	0.0	0.0	0.0	0.0	3	1.0064843019682617	-1.9891347452093004	230.0	35	1.05	0.95				
];
