%% MATPOWER Case Format : Version 2
function mpc = RTS_GMLC
mpc.version = '2';

%%-----  Power Flow Data  -----%%
%% system MVA base
mpc.baseMVA = 100.0;
%% bus data
%    bus_i    type    Pd    Qd    Gs    Bs    area    Vm    Va    baseKV    zone    Vmax    Vmin
mpc.bus = [
	101	2	78.64868876210527	16.0210291922807	0.0	0.0	1	1.0468627643285828	2.8322735808189514	138.0	11	1.05	0.95				
	102	2	70.63817416596491	14.564571992982456	0.0	0.0	1	1.0467190825655053	2.7099825276615332	138.0	12	1.05	0.95				
	103	1	131.08114793684211	26.944458187017545	0.0	0.0	1	1.0256545764827545	0.33104104455197736	138.0	11	1.05	0.95				
	104	1	53.88891637403509	10.923428994736842	0.0	0.0	1	1.0245408672944865	-1.2392769606143201	138.0	11	1.05	0.95				
	105	1	51.70423057508772	10.195200395087719	0.0	0.0	1	1.0377535311588766	-1.5319962524643447	138.0	11	1.05	0.95				
	106	1	99.0390895522807	20.390400790175438	0.0	-100.0	1	1.03917342005361	-4.653002798212785	138.0	12	1.05	0.95				
	107	2	91.02857495614035	18.20571499122807	0.0	0.0	1	1.045287761766292	-2.824734037657092	138.0	12	1.05	0.95				
	108	1	124.52709053999999	25.488000987719296	0.0	0.0	1	1.023496314419747	-5.1951258461717895	138.0	12	1.05	0.95				
	109	1	127.44000493859649	26.216229587368417	0.0	0.0	1	1.0265433661828136	-2.477867725085836	138.0	13	1.05	0.95				
	110	1	142.00457693157892	29.129143985964912	0.0	0.0	1	1.05	-3.735158498594618	138.0	13	1.05	0.95				
	111	1	0.0	0.0	0.0	0.0	1	1.0116263578054308	-0.5131232846353273	230.0	13	1.05	0.95				
	112	1	0.0	0.0	0.0	0.0	1	1.0150908947322559	0.1039325122876757	230.0	13	1.05	0.95				
	113	3	192.98057890701753	39.32434438105263	0.0	0.0	1	1.0089575630556615	3.7162452062345403e-28	230.0	14	1.05	0.95				
	114	2	141.27634833192982	28.400915386315788	0.0	0.0	1	1.0123642600997755	1.7014083121718564	230.0	16	1.05	0.95				
	115	2	230.84846608877191	46.60663037754386	0.0	0.0	1	1.0444208534463233	9.846489770811246	230.0	16	1.05	0.95				
	116	2	72.82285996491228	14.564571992982456	0.0	0.0	1	1.042159335244892	9.19637304701819	230.0	16	1.05	0.95				
	117	1	0.0	0.0	0.0	0.0	1	1.0466040447394769	12.596292150820029	230.0	17	1.05	0.95				
	118	2	242.50012368315788	49.51954477614035	0.0	0.0	1	1.0495434655000777	13.33651573642262	230.0	17	1.05	0.95				
	119	1	131.80937653649124	26.944458187017545	0.0	0.0	1	1.0353873961587394	7.586120506284662	230.0	15	1.05	0.95				
	120	1	93.21326075508772	18.933943590877192	0.0	0.0	1	1.0356137183003657	7.318818404463542	230.0	15	1.05	0.95				
	121	2	0.0	0.0	0.0	0.0	1	1.05	13.862296320768358	230.0	17	1.05	0.95				
	122	2	0.0	0.0	0.0	0.0	1	1.05	20.81744444013797	230.0	17	1.05	0.95				
	123	2	0.0	0.0	0.0	0.0	1	1.0376312798740086	7.714463937962331	230.0	15	1.05	0.95				
	124	1	0.0	0.0	0.0	0.0	1	1.0254346107636516	6.313566504007593	230.0	16	1.05	0.95				
	201	2	84.03022193684212	17.11726743157895	0.0	0.0	2	1.040203172525073	-12.12578661692441	138.0	21	1.05	0.95				
	202	2	75.47158822105263	15.56115221052632	0.0	0.0	2	1.0404701869849338	-12.22925153628745	138.0	22	1.05	0.95				
	203	1	140.05036989473686	28.788131589473686	0.0	0.0	2	1.0243663064489106	-8.278671555232963	138.0	21	1.05	0.95				
	204	1	57.57626317894737	11.670864157894737	0.0	0.0	2	1.0185457927226633	-13.634181057307359	138.0	21	1.05	0.95				
	205	1	55.242090347368425	10.892806547368423	0.0	0.0	2	1.0351968670882188	-14.131862399619907	138.0	21	1.05	0.95				
	206	1	105.81583503157897	21.785613094736846	0.0	-100.0	2	1.0377875089014974	-15.99072741442818	138.0	22	1.05	0.95				
	207	2	97.25720131578947	19.451440263157895	0.0	0.0	2	0.9519518656176069	-27.602581835544015	138.0	22	1.05	0.95				
	208	1	133.04785139999998	27.232016368421053	0.0	0.0	2	0.9581652363603204	-23.678699432316993	138.0	22	1.05	0.95				
	209	1	136.16008184210526	28.010073978947368	0.0	0.0	2	1.025369046808881	-11.64145671368672	138.0	23	1.05	0.95				
	210	1	151.7212340526316	31.12230442105264	0.0	0.0	2	1.05	-13.72865368297688	138.0	23	1.05	0.95				
	211	1	0.0	0.0	0.0	0.0	2	1.030292597373875	-7.656642125130496	230.0	23	1.05	0.95				
	212	1	0.0	0.0	0.0	0.0	2	1.0258333153835666	-3.783256844607523	230.0	23	1.05	0.95				
	213	2	206.1852667894737	42.01511096842106	0.0	0.0	2	1.0404689038843271	-5.016096943525089	230.0	24	1.05	0.95				
	214	2	150.94317644210525	30.34424681052632	0.0	0.0	2	1.0475062408174145	-5.129677687458252	230.0	26	1.05	0.95				
	215	2	246.64426253684212	49.79568707368421	0.0	0.0	2	1.043602207253673	3.4221384091979448	230.0	26	1.05	0.95				
	216	2	77.80576105263158	15.56115221052632	0.0	0.0	2	1.0481905588591345	3.258974765325443	230.0	26	1.05	0.95				
	217	1	0.0	0.0	0.0	0.0	2	1.0484223169238784	6.65008047826458	230.0	27	1.05	0.95				
	218	2	259.09318430526315	52.907917515789485	0.0	0.0	2	1.0499146358679168	7.344905684335485	230.0	27	1.05	0.95				
	219	1	140.82842750526316	28.788131589473686	0.0	0.0	2	1.0433979406992548	2.477339390757043	230.0	25	1.05	0.95				
	220	1	99.59137414736843	20.229497873684213	0.0	0.0	2	1.0461292056048606	3.251674952619327	230.0	25	1.05	0.95				
	221	2	0.0	0.0	0.0	0.0	2	1.05	7.761134072550456	230.0	27	1.05	0.95				
	222	2	0.0	0.0	0.0	0.0	2	1.05	13.83702085322721	230.0	27	1.05	0.95				
	223	2	0.0	0.0	0.0	0.0	2	1.05	4.2412078193421205	230.0	25	1.05	0.95				
	224	1	0.0	0.0	0.0	0.0	2	1.0217295885032134	-0.9262394194332175	230.0	26	1.05	0.95				
	301	2	81.6235368631579	16.62701676842105	0.0	0.0	3	1.0029161346771605	-18.227403982529946	138.0	31	1.05	0.95				
	302	2	73.31002847894736	15.115469789473684	0.0	0.0	3	1.0026377935974302	-18.427075395133315	138.0	32	1.05	0.95				
	303	1	136.03922810526313	27.963619110526317	0.0	0.0	3	1.0202765703157475	-8.908857420043416	138.0	31	1.05	0.95				
	304	1	55.92723822105263	11.336602342105262	0.0	0.0	3	0.9945885932233722	-15.857027431488328	138.0	31	1.05	0.95				
	305	1	53.65991775263157	10.58082885263158	0.0	0.0	3	1.0089992810772506	-16.66834158196293	138.0	31	1.05	0.95				
	306	1	102.78519456842106	21.16165770526316	0.0	-100.0	3	1.0191963178768482	-16.623058782376237	138.0	32	1.05	0.95				
	307	2	94.47168618421053	18.894337236842105	0.0	0.0	3	0.9638877102816533	-23.901497397300076	138.0	32	1.05	0.95				
	308	1	129.2372667	26.452072131578948	0.0	0.0	3	0.9690345225774302	-20.168597918415365	138.0	32	1.05	0.95				
	309	1	132.26036065789472	27.207845621052627	0.0	0.0	3	1.0169116853155036	-10.607013355279364	138.0	33	1.05	0.95				
	310	1	147.37583044736843	30.230939578947368	0.0	0.0	3	1.0377099227959088	-12.62420691801346	138.0	33	1.05	0.95				
	311	1	0.0	0.0	0.0	0.0	3	1.0146657139392565	-4.388295675259697	230.0	33	1.05	0.95				
	312	1	0.0	0.0	0.0	0.0	3	1.0147693333335654	-2.838582310392429	230.0	33	1.05	0.95				
	313	2	200.2799747105263	40.81176843157895	0.0	0.0	3	1.0395093170660576	2.7013116370598387	230.0	34	1.05	0.95				
	314	2	146.62005695789472	29.47516608947368	0.0	0.0	3	1.0267429712503222	-3.6357138818444206	230.0	36	1.05	0.95				
	315	2	239.5801961631579	48.36950332631579	0.0	0.0	3	1.0476488063155394	-0.21472971330801957	230.0	36	1.05	0.95				
	316	2	75.57734894736842	15.115469789473684	0.0	0.0	3	1.0460586527232887	0.7737520391031276	230.0	36	1.05	0.95				
	317	1	0.0	0.0	0.0	0.0	3	1.0479154774195354	1.4686347962975284	230.0	37	1.05	0.95				
	318	2	251.67257199473684	51.39259728421053	0.0	0.0	3	1.0470407986793062	1.1839472106091484	230.0	37	1.05	0.95				
	319	1	136.79500159473685	27.963619110526317	0.0	0.0	3	1.0427149199531698	1.4424224965049277	230.0	35	1.05	0.95				
	320	1	96.73900665263157	19.650110726315788	0.0	0.0	3	1.0433830759178417	2.1627476850325444	230.0	35	1.05	0.95				
	321	2	0.0	0.0	0.0	0.0	3	1.049999971195002	2.243764537744159	230.0	37	1.05	0.95				
	322	2	0.0	0.0	0.0	0.0	3	1.05	6.47725730560972	230.0	37	1.05	0.95				
	323	2	0.0	0.0	0.0	0.0	3	1.0448064050595072	2.6733324695695746	230.0	35	1.05	0.95				
	324	1	0.0	0.0	0.0	0.0	3	1.0286509075398191	-1.739768012266508	230.0	36	1.05	0.95				
	325	1	0.0	0.0	0.0	0.0	3	1.0426454218262569	3.6045654648396663	230.0	35	1.05	0.95				
];
