%% MATPOWER Case Format : Version 2
function mpc = RTS_GMLC
mpc.version = '2';

%%-----  Power Flow Data  -----%%
%% system MVA base
mpc.baseMVA = 100.0;
%% bus data
%    bus_i    type    Pd    Qd    Gs    Bs    area    Vm    Va    baseKV    zone    Vmax    Vmin
mpc.bus = [
	101	2	41.69569520842105	8.493567542456141	0.0	0.0	1	1.0127822818733598	0.7711783026931703	138.0	11	1.05	0.95				
	102	2	37.44891143719298	7.721425038596491	0.0	0.0	1	1.0106442164173943	0.17049457123822104	138.0	12	1.05	0.95				
	103	1	69.49282534736842	14.284636321403507	0.0	0.0	1	1.0273206064661342	2.3828914935564387	138.0	11	1.05	0.95				
	104	1	28.569272642807015	5.791068778947368	0.0	0.0	1	1.0125779167453892	-1.8305616672285538	138.0	11	1.05	0.95				
	105	1	27.411058887017543	5.404997527017544	0.0	0.0	1	1.026192384761006	-1.828781207670596	138.0	11	1.05	0.95				
	106	1	52.50569026245614	10.809995054035088	0.0	-100.0	1	1.041613938252308	-3.7966740620352204	138.0	12	1.05	0.95				
	107	2	48.25890649122807	9.651781298245615	0.0	0.0	1	0.9840388674670413	-10.302102597449707	138.0	12	1.05	0.95				
	108	1	66.01818408	13.512493817543858	0.0	0.0	1	0.9952718622239117	-8.178446425383994	138.0	12	1.05	0.95				
	109	1	67.56246908771931	13.898565069473683	0.0	0.0	1	1.0249734105906858	-1.8445473249340316	138.0	13	1.05	0.95				
	110	1	75.28389412631579	15.442850077192983	0.0	0.0	1	1.05	-3.18104565890122	138.0	13	1.05	0.95				
	111	1	0.0	0.0	0.0	0.0	1	1.015170363083128	0.556308826319233	230.0	13	1.05	0.95				
	112	1	0.0	0.0	0.0	0.0	1	1.011842958508358	-0.5409117310961576	230.0	13	1.05	0.95				
	113	3	102.30888176140351	20.847847604210525	0.0	0.0	1	0.9919597682154643	-5.461495055705804e-29	230.0	14	1.05	0.95				
	114	2	74.89782287438597	15.056778825263159	0.0	0.0	1	1.0404921716946307	4.056176751563843	230.0	16	1.05	0.95				
	115	2	122.38458686175437	24.70856012350877	0.0	0.0	1	1.0426340254938475	13.255814972272841	230.0	16	1.05	0.95				
	116	2	38.60712519298246	7.721425038596491	0.0	0.0	1	1.042072690707823	11.463939447563346	230.0	16	1.05	0.95				
	117	1	0.0	0.0	0.0	0.0	1	1.041119747954085	17.37822455424685	230.0	17	1.05	0.95				
	118	2	128.56172689263158	26.25284513122807	0.0	0.0	1	1.049822792509659	17.934803989643097	230.0	17	1.05	0.95				
	119	1	69.87889659929824	14.284636321403507	0.0	0.0	1	1.0374711450040803	7.259858082521446	230.0	15	1.05	0.95				
	120	1	49.41712024701754	10.037852550175439	0.0	0.0	1	1.0398220064188568	4.339004527183598	230.0	15	1.05	0.95				
	121	2	0.0	0.0	0.0	0.0	1	1.0435826439300684	19.43777610131699	230.0	17	1.05	0.95				
	122	2	0.0	0.0	0.0	0.0	1	1.05	37.39627253133185	230.0	17	1.05	0.95				
	123	2	0.0	0.0	0.0	0.0	1	1.04210610961258	3.0272952645857574	230.0	15	1.05	0.95				
	124	1	0.0	0.0	0.0	0.0	1	1.0233097575788028	9.2013971632362	230.0	16	1.05	0.95				
	201	2	47.17456321263159	9.609633247017545	0.0	0.0	2	1.0117463303600593	-16.572935639707886	138.0	21	1.05	0.95				
	202	2	42.36974658912281	8.736030224561404	0.0	0.0	2	1.0109411067339928	-16.87439864043909	138.0	22	1.05	0.95				
	203	1	78.62427202105265	16.161655915438597	0.0	0.0	2	1.010623452086969	-11.837671677905183	138.0	21	1.05	0.95				
	204	1	32.323311830877195	6.552022668421052	0.0	0.0	2	1.010132718329968	-16.347355320514467	138.0	21	1.05	0.95				
	205	1	31.01290729719298	6.115221157192983	0.0	0.0	2	1.0254846329881133	-16.860788552343955	138.0	21	1.05	0.95				
	206	1	59.40500552701755	12.230442314385966	0.0	-100.0	2	1.040942924034031	-17.561961950337974	138.0	22	1.05	0.95				
	207	2	54.60018890350877	10.920037780701755	0.0	0.0	2	0.9940929049626568	-22.808240211856987	138.0	22	1.05	0.95				
	208	1	74.69305842	15.288052892982456	0.0	0.0	2	0.9989924574182141	-20.81871044735518	138.0	22	1.05	0.95				
	209	1	76.44026446491229	15.724854404210529	0.0	0.0	2	1.0224152824054904	-14.10588649166924	138.0	23	1.05	0.95				
	210	1	85.17629468947369	17.472060449122807	0.0	0.0	2	1.05	-15.74228462753076	138.0	23	1.05	0.95				
	211	1	0.0	0.0	0.0	0.0	2	1.009745292484382	-10.81400532344011	230.0	23	1.05	0.95				
	212	1	0.0	0.0	0.0	0.0	2	1.0096617757431436	-9.80496239653339	230.0	23	1.05	0.95				
	213	2	115.7524004754386	23.587281606315795	0.0	0.0	2	1.0080675278444262	-9.11888809465692	230.0	24	1.05	0.95				
	214	2	84.73949317824562	17.03525893789474	0.0	0.0	2	1.0147390456752186	-8.12444454676581	230.0	26	1.05	0.95				
	215	2	138.46607905929824	27.955296718596497	0.0	0.0	2	1.0262751423360008	-1.5093301082088382	230.0	26	1.05	0.95				
	216	2	43.68015112280702	8.736030224561404	0.0	0.0	2	1.0296656863686056	-1.6541987757799743	230.0	26	1.05	0.95				
	217	1	0.0	0.0	0.0	0.0	2	1.0353033328597012	-0.027413546446010552	230.0	27	1.05	0.95				
	218	2	145.4549032389474	29.702502763508775	0.0	0.0	2	1.0334002796247566	-0.5867399047293957	230.0	27	1.05	0.95				
	219	1	79.06107353228072	16.161655915438597	0.0	0.0	2	1.0303557164909147	-1.3860043594390086	230.0	25	1.05	0.95				
	220	1	55.91059343719299	11.356839291929825	0.0	0.0	2	1.0339653005830831	-0.3096678256367681	230.0	25	1.05	0.95				
	221	2	0.0	0.0	0.0	0.0	2	1.0338036041276748	-0.09148533959739016	230.0	27	1.05	0.95				
	222	2	0.0	0.0	0.0	0.0	2	1.05	6.430767056214788	230.0	27	1.05	0.95				
	223	2	0.0	0.0	0.0	0.0	2	1.0368579250647039	0.6087828316708074	230.0	25	1.05	0.95				
	224	1	0.0	0.0	0.0	0.0	2	1.0077057097160378	-5.35735245419013	230.0	26	1.05	0.95				
	301	2	59.893704530526314	12.200569441403509	0.0	0.0	3	1.0168490630119862	0.21017948027918468	138.0	31	1.05	0.95				
	302	2	53.79341980982456	11.091426764912281	0.0	0.0	3	1.0153631403877021	-0.17068368104247617	138.0	32	1.05	0.95				
	303	1	99.82284088421052	20.519139515087716	0.0	0.0	3	1.05	16.496546670035517	138.0	31	1.05	0.95				
	304	1	41.03827903017543	8.31857007368421	0.0	0.0	3	1.0097581164436753	1.5757175689761276	138.0	31	1.05	0.95				
	305	1	39.37456501543859	7.763998735438597	0.0	0.0	3	1.0264519945843436	-1.0607594700171281	138.0	31	1.05	0.95				
	306	1	75.42170200140352	15.527997470877194	0.0	-100.0	3	1.0384654829075233	-2.3987304953343074	138.0	32	1.05	0.95				
	307	2	69.32141728070175	13.86428345614035	0.0	0.0	3	0.9926132968320529	-7.955402899844648	138.0	32	1.05	0.95				
	308	1	94.83169883999999	19.409996838596488	0.0	0.0	3	0.9927081064940818	-5.311976480301127	138.0	32	1.05	0.95				
	309	1	97.04998419298245	19.964568176842103	0.0	0.0	3	1.0239785604929368	5.283911767969208	138.0	33	1.05	0.95				
	310	1	108.14141095789473	22.182853529824563	0.0	0.0	3	1.05	-0.5596539736099498	138.0	33	1.05	0.95				
	311	1	0.0	0.0	0.0	0.0	3	1.015947741202527	4.711048578044581	230.0	33	1.05	0.95				
	312	1	0.0	0.0	0.0	0.0	3	1.0164110007141718	5.3590595791912605	230.0	33	1.05	0.95				
	313	2	146.96140463508772	29.946852265263157	0.0	0.0	3	1.0163346483167381	7.248561213668346	230.0	34	1.05	0.95				
	314	2	107.58683961964913	21.628282191578947	0.0	0.0	3	1.0206058137369118	4.902642446585491	230.0	36	1.05	0.95				
	315	2	175.79911422385962	35.492565647719296	0.0	0.0	3	1.0451388225547735	8.835969328195931	230.0	36	1.05	0.95				
	316	2	55.4571338245614	11.091426764912281	0.0	0.0	3	1.0409530794961304	8.571573480291164	230.0	36	1.05	0.95				
	317	1	0.0	0.0	0.0	0.0	3	1.05	12.224955636995908	230.0	37	1.05	0.95				
	318	2	184.67225563578947	37.71085100070176	0.0	0.0	3	1.0456399007260155	9.908282303048976	230.0	37	1.05	0.95				
	319	1	100.37741222245613	20.519139515087716	0.0	0.0	3	1.0320870490889618	7.70002252666699	230.0	35	1.05	0.95				
	320	1	70.98513129543859	14.418854794385966	0.0	0.0	3	1.0287640714273718	8.00256067687234	230.0	35	1.05	0.95				
	321	2	0.0	0.0	0.0	0.0	3	1.0463407253665615	10.172870812237221	230.0	37	1.05	0.95				
	322	2	0.0	0.0	0.0	0.0	3	1.05	15.321361990173463	230.0	37	1.05	0.95				
	323	2	0.0	0.0	0.0	0.0	3	1.0281469072761549	8.593321940011366	230.0	35	1.05	0.95				
	324	1	0.0	0.0	0.0	0.0	3	1.0442989458244771	11.767521261332424	230.0	36	1.05	0.95				
	325	1	0.0	0.0	0.0	0.0	3	1.0270062532696624	9.510209200288038	230.0	35	1.05	0.95				
];
