%% MATPOWER Case Format : Version 2
function mpc = RTS_GMLC
mpc.version = '2';

%%-----  Power Flow Data  -----%%
%% system MVA base
mpc.baseMVA = 100.0;
%% bus data
%    bus_i    type    Pd    Qd    Gs    Bs    area    Vm    Va    baseKV    zone    Vmax    Vmin
mpc.bus = [
	101	2	61.02721424842106	12.431469569122806	0.0	0.0	1	1.0499999923641432	2.6680871918982714	138.0	11	1.05	0.95				
	102	2	54.81147946385965	11.301335971929825	0.0	0.0	1	1.0489771576498335	2.3100403499312288	138.0	12	1.05	0.95				
	103	1	101.71202374736843	20.907471548070173	0.0	0.0	1	1.0317290562386645	0.1526031352357443	138.0	11	1.05	0.95				
	104	1	41.81494309614035	8.47600197894737	0.0	0.0	1	1.028515887373898	-1.3733367926175999	138.0	11	1.05	0.95				
	105	1	40.119742700350876	7.9109351803508785	0.0	0.0	1	1.0414363761111527	-1.6495610260884659	138.0	11	1.05	0.95				
	106	1	76.84908460912281	15.821870360701757	0.0	-100.0	1	1.0445014591538524	-4.6765643820448135	138.0	12	1.05	0.95				
	107	2	70.63334982456139	14.126669964912281	0.0	0.0	1	0.99913778098461	-12.214944326918818	138.0	12	1.05	0.95				
	108	1	96.62642256000001	19.77733795087719	0.0	0.0	1	0.9983857627112882	-10.405288466133022	138.0	12	1.05	0.95				
	109	1	98.88668975438597	20.342404749473683	0.0	0.0	1	1.025314976939241	-3.250197110494126	138.0	13	1.05	0.95				
	110	1	110.18802572631579	22.60267194385965	0.0	0.0	1	1.05	-4.333098274845445	138.0	13	1.05	0.95				
	111	1	0.0	0.0	0.0	0.0	1	1.0082130642021483	-1.2107309701618942	230.0	13	1.05	0.95				
	112	1	0.0	0.0	0.0	0.0	1	1.0122648991409626	-0.807470478846454	230.0	13	1.05	0.95				
	113	3	149.74270162807017	30.51360712421053	0.0	0.0	1	1.00469527822166	-9.04634724397952e-31	230.0	14	1.05	0.95				
	114	2	109.6229589277193	22.037605145263157	0.0	0.0	1	1.0066997604348558	0.40936113360259496	230.0	16	1.05	0.95				
	115	2	179.1261751550877	36.16427511017544	0.0	0.0	1	1.0376196582230897	6.485327617217107	230.0	16	1.05	0.95				
	116	2	56.506679859649125	11.301335971929825	0.0	0.0	1	1.034735322325717	6.085678817566442	230.0	16	1.05	0.95				
	117	1	0.0	0.0	0.0	0.0	1	1.0410451943882326	8.81566051327734	230.0	17	1.05	0.95				
	118	2	188.16724393263158	38.424542304561406	0.0	0.0	1	1.0434592896535924	9.277338164709333	230.0	17	1.05	0.95				
	119	1	102.27709054596492	20.907471548070173	0.0	0.0	1	1.0284704544973713	4.863602660654518	230.0	15	1.05	0.95				
	120	1	72.32855022035088	14.691736763508773	0.0	0.0	1	1.026609416577554	4.398303320389607	230.0	15	1.05	0.95				
	121	2	0.0	0.0	0.0	0.0	1	1.0461253956269065	10.53367412492648	230.0	17	1.05	0.95				
	122	2	0.0	0.0	0.0	0.0	1	1.05	16.367226675176454	230.0	17	1.05	0.95				
	123	2	0.0	0.0	0.0	0.0	1	1.0267307631107438	4.57381061867528	230.0	15	1.05	0.95				
	124	1	0.0	0.0	0.0	0.0	1	1.0268755877668503	4.108257340249826	230.0	16	1.05	0.95				
	201	2	58.61545726736842	11.940185739649122	0.0	0.0	2	1.0258844825769784	-11.187061793062172	138.0	21	1.05	0.95				
	202	2	52.64536439754386	10.854714308771928	0.0	0.0	2	1.0269166904846174	-10.98132458924565	138.0	22	1.05	0.95				
	203	1	97.69242877894736	20.08122147122807	0.0	0.0	2	1.015156199630011	-10.224827831759201	138.0	21	1.05	0.95				
	204	1	40.16244294245614	8.141035731578947	0.0	0.0	2	1.0164201469064764	-12.177519141781422	138.0	21	1.05	0.95				
	205	1	38.53423579614035	7.598300016140351	0.0	0.0	2	1.0312496053720956	-12.499670078954706	138.0	21	1.05	0.95				
	206	1	73.81205729964913	15.196600032280703	0.0	-100.0	2	1.0415588289667133	-13.713293213327082	138.0	22	1.05	0.95				
	207	2	67.84196442982456	13.568392885964911	0.0	0.0	2	0.9924203432835219	-21.52145022644231	138.0	22	1.05	0.95				
	208	1	92.80780734	18.995750040350874	0.0	0.0	2	0.9937324267145528	-18.955673795940555	138.0	22	1.05	0.95				
	209	1	94.97875020175438	19.538485755789473	0.0	0.0	2	1.0239748994087108	-10.933778675046344	138.0	23	1.05	0.95				
	210	1	105.83346451052631	21.709428617543857	0.0	0.0	2	1.05	-12.0965924279079	138.0	23	1.05	0.95				
	211	1	0.0	0.0	0.0	0.0	2	1.0098761933079827	-7.917722823848581	230.0	23	1.05	0.95				
	212	1	0.0	0.0	0.0	0.0	2	1.0135483857523517	-4.6146034869139445	230.0	23	1.05	0.95				
	213	2	143.82496459122805	29.30772863368421	0.0	0.0	2	1.0087315009410436	-5.822868288976177	230.0	24	1.05	0.95				
	214	2	105.29072879508772	21.16669290210526	0.0	0.0	2	1.0118843744944168	-6.079422867567999	230.0	26	1.05	0.95				
	215	2	172.04722179403507	34.73508578807017	0.0	0.0	2	1.0278663566923818	0.1028700243428029	230.0	26	1.05	0.95				
	216	2	54.273571543859646	10.854714308771928	0.0	0.0	2	1.0282551267194593	-0.1328225317069817	230.0	26	1.05	0.95				
	217	1	0.0	0.0	0.0	0.0	2	1.0321272796741565	1.45333335157525	230.0	27	1.05	0.95				
	218	2	180.73099324105263	36.90602864982456	0.0	0.0	2	1.0311605402334822	0.8647523174616532	230.0	27	1.05	0.95				
	219	1	98.23516449438597	20.08122147122807	0.0	0.0	2	1.0273747668826636	-0.026710937236268918	230.0	25	1.05	0.95				
	220	1	69.47017157614034	14.111128601403507	0.0	0.0	2	1.030898344925029	1.1161521466817388	230.0	25	1.05	0.95				
	221	2	0.0	0.0	0.0	0.0	2	1.03301178744873	1.414365574031686	230.0	27	1.05	0.95				
	222	2	0.0	0.0	0.0	0.0	2	1.05	7.924909236437078	230.0	27	1.05	0.95				
	223	2	0.0	0.0	0.0	0.0	2	1.0342998804887502	2.150442279428257	230.0	25	1.05	0.95				
	224	1	0.0	0.0	0.0	0.0	2	1.0103773449373994	-3.7564129572030316	230.0	26	1.05	0.95				
	301	2	77.28440365894737	15.743119263859647	0.0	0.0	3	0.9732078556732034	-11.588425481502274	138.0	31	1.05	0.95				
	302	2	69.41284402701754	14.31192660350877	0.0	0.0	3	0.9748236635136037	-11.673370336207944	138.0	32	1.05	0.95				
	303	1	128.80733943157892	26.477064216491225	0.0	0.0	3	0.987861419581555	-6.972446281226138	138.0	31	1.05	0.95				
	304	1	52.95412843298245	10.733944952631578	0.0	0.0	3	0.9705528861294923	-8.866892537962517	138.0	31	1.05	0.95				
	305	1	50.80733944245613	10.018348622456141	0.0	0.0	3	0.982502985554123	-9.052301176237103	138.0	31	1.05	0.95				
	306	1	97.32110090385964	20.036697244912283	0.0	-100.0	3	0.99586989219867	-8.459280586333117	138.0	32	1.05	0.95				
	307	2	89.44954127192982	17.889908254385965	0.0	0.0	3	0.9511246997541091	-14.373518776035974	138.0	32	1.05	0.95				
	308	1	122.36697245999999	25.045871556140348	0.0	0.0	3	0.9575952574802465	-10.774403343058346	138.0	32	1.05	0.95				
	309	1	125.22935778070175	25.761467886315785	0.0	0.0	3	0.995524110870133	-3.468878028283942	138.0	33	1.05	0.95				
	310	1	139.5412843842105	28.62385320701754	0.0	0.0	3	1.015903661050317	-4.067219883809946	138.0	33	1.05	0.95				
	311	1	0.0	0.0	0.0	0.0	3	0.9913400117488232	4.15313166765745	230.0	33	1.05	0.95				
	312	1	0.0	0.0	0.0	0.0	3	0.9956312055821595	5.911028086509695	230.0	33	1.05	0.95				
	313	2	189.6330274964912	38.642201829473684	0.0	0.0	3	1.0271654022686587	13.967835127295317	230.0	34	1.05	0.95				
	314	2	138.82568805403508	27.908256876842103	0.0	0.0	3	1.0003065931554902	3.099328402870439	230.0	36	1.05	0.95				
	315	2	226.844036665614	45.79816513122807	0.0	0.0	3	1.025256120938665	-0.9606759732697618	230.0	36	1.05	0.95				
	316	2	71.55963301754386	14.31192660350877	0.0	0.0	3	1.0252057415980493	0.6432880118725864	230.0	36	1.05	0.95				
	317	1	0.0	0.0	0.0	0.0	3	1.029947713798045	0.6435748707764534	230.0	37	1.05	0.95				
	318	2	238.29357794842105	48.66055045192982	0.0	0.0	3	1.0276646311768984	-0.4031468494696088	230.0	37	1.05	0.95				
	319	1	129.52293576175438	26.477064216491225	0.0	0.0	3	1.0229388690931607	3.5035554697945877	230.0	35	1.05	0.95				
	320	1	91.59633026245614	18.6055045845614	0.0	0.0	3	1.0258324243053707	5.9882868077157605	230.0	35	1.05	0.95				
	321	2	0.0	0.0	0.0	0.0	3	1.028987564058391	-0.017073797752052304	230.0	37	1.05	0.95				
	322	2	0.0	0.0	0.0	0.0	3	1.0427528757816067	4.609644205477648	230.0	37	1.05	0.95				
	323	2	0.0	0.0	0.0	0.0	3	1.0282584187515318	7.061894940413586	230.0	35	1.05	0.95				
	324	1	0.0	0.0	0.0	0.0	3	1.0055178823754767	-1.2570193777444185	230.0	36	1.05	0.95				
	325	1	0.0	0.0	0.0	0.0	3	1.0298704844202384	7.365530076653651	230.0	35	1.05	0.95				
];
