%% MATPOWER Case Format : Version 2
function mpc = RTS_GMLC
mpc.version = '2';

%%-----  Power Flow Data  -----%%
%% system MVA base
mpc.baseMVA = 100.0;
%% bus data
%    bus_i    type    Pd    Qd    Gs    Bs    area    Vm    Va    baseKV    zone    Vmax    Vmin
mpc.bus = [
	101	2	44.006927267368425	8.964374072982457	0.0	0.0	1	1.0148829800580863	-2.361714149969708	138.0	11	1.05	0.95				
	102	2	39.5247402308772	8.149430975438598	0.0	0.0	1	1.0139484016051743	-2.6099686331407095	138.0	12	1.05	0.95				
	103	1	73.34487877894738	15.076447304561405	0.0	0.0	1	1.0328178203327838	1.4560989803127846	138.0	11	1.05	0.95				
	104	1	30.15289460912281	6.112073231578948	0.0	0.0	1	1.0170682859735065	-3.107379166873975	138.0	11	1.05	0.95				
	105	1	28.93047996280702	5.704601682807018	0.0	0.0	1	1.0273431459511402	-4.206340653889558	138.0	11	1.05	0.95				
	106	1	55.416130632982465	11.409203365614037	0.0	-100.0	1	1.042118539182848	-5.70477653597283	138.0	12	1.05	0.95				
	107	2	50.93394359649124	10.186788719298248	0.0	0.0	1	0.9999190131846553	-11.687035775893836	138.0	12	1.05	0.95				
	108	1	69.67763484	14.261504207017545	0.0	0.0	1	1.0039514144298234	-9.608303569583738	138.0	12	1.05	0.95				
	109	1	71.30752103508773	14.668975755789473	0.0	0.0	1	1.0256469500767522	-2.9045822168401343	138.0	13	1.05	0.95				
	110	1	79.45695201052632	16.298861950877196	0.0	0.0	1	1.05	-4.741916340736905	138.0	13	1.05	0.95				
	111	1	0.0	0.0	0.0	0.0	1	1.0072430160842905	-0.4643446668165783	230.0	13	1.05	0.95				
	112	1	0.0	0.0	0.0	0.0	1	1.011105425762474	-1.3044476114025632	230.0	13	1.05	0.95				
	113	3	107.97996042456141	22.003463633684213	0.0	0.0	1	1.0014487671868706	-6.4249415475770546e-27	230.0	14	1.05	0.95				
	114	2	79.0494804617544	15.891390402105266	0.0	0.0	1	1.0095260371885533	2.5957445491592637	230.0	16	1.05	0.95				
	115	2	129.16848096070177	26.07817912140351	0.0	0.0	1	1.0439935369362647	10.792013893638059	230.0	16	1.05	0.95				
	116	2	40.74715487719299	8.149430975438598	0.0	0.0	1	1.0381215418786252	9.252018443662832	230.0	16	1.05	0.95				
	117	1	0.0	0.0	0.0	0.0	1	1.0435013992141686	14.13469143941703	230.0	17	1.05	0.95				
	118	2	135.68802574105266	27.708065316491233	0.0	0.0	1	1.0499981856814142	15.04230394427459	230.0	17	1.05	0.95				
	119	1	73.75235032771931	15.076447304561405	0.0	0.0	1	1.0279017706787903	5.9062453185026875	230.0	15	1.05	0.95				
	120	1	52.15635824280702	10.594260268070176	0.0	0.0	1	1.0233238336138968	3.243939333133907	230.0	15	1.05	0.95				
	121	2	0.0	0.0	0.0	0.0	1	1.05	16.39452670385188	230.0	17	1.05	0.95				
	122	2	0.0	0.0	0.0	0.0	1	1.05	27.018855637789436	230.0	17	1.05	0.95				
	123	2	0.0	0.0	0.0	0.0	1	1.0217791201794544	2.0872596047729863	230.0	15	1.05	0.95				
	124	1	0.0	0.0	0.0	0.0	1	1.0280625942761683	7.29909161984611	230.0	16	1.05	0.95				
	201	2	41.768613246315795	8.508421216842105	0.0	0.0	2	1.0108000271232467	-16.915291845051623	138.0	21	1.05	0.95				
	202	2	37.51440263789474	7.7349283789473695	0.0	0.0	2	1.0098462347396129	-17.21548646681739	138.0	22	1.05	0.95				
	203	1	69.61435541052631	14.309617501052632	0.0	0.0	2	1.0163291097597453	-12.534985962731826	138.0	21	1.05	0.95				
	204	1	28.619235002105263	5.801196284210526	0.0	0.0	2	1.0111031501817924	-16.927289156758903	138.0	21	1.05	0.95				
	205	1	27.45899574526316	5.414449865263158	0.0	0.0	2	1.0257363369239672	-17.4011304545351	138.0	21	1.05	0.95				
	206	1	52.59751297684211	10.828899730526317	0.0	-100.0	2	1.0420945567134337	-18.169379841313916	138.0	22	1.05	0.95				
	207	2	48.34330236842106	9.668660473684211	0.0	0.0	2	0.9924186972742701	-22.718936902276653	138.0	22	1.05	0.95				
	208	1	66.13363764	13.536124663157894	0.0	0.0	2	1.0002131895551327	-21.009841487314322	138.0	22	1.05	0.95				
	209	1	67.68062331578948	13.922871082105262	0.0	0.0	2	1.0230204561611451	-15.084699352941422	138.0	23	1.05	0.95				
	210	1	75.41555169473685	15.469856757894739	0.0	0.0	2	1.05	-16.63813938599496	138.0	23	1.05	0.95				
	211	1	0.0	0.0	0.0	0.0	2	1.0060075748049135	-12.236902812646159	230.0	23	1.05	0.95				
	212	1	0.0	0.0	0.0	0.0	2	1.0101659550921827	-11.712390855223692	230.0	23	1.05	0.95				
	213	2	102.48780102105263	20.884306623157897	0.0	0.0	2	1.001951579209641	-11.036169253022102	230.0	24	1.05	0.95				
	214	2	75.02880527578948	15.08311033894737	0.0	0.0	2	1.0073949324127802	-9.551852264271758	230.0	26	1.05	0.95				
	215	2	122.5986148063158	24.751770812631584	0.0	0.0	2	1.0271630277612465	-2.291957568110531	230.0	26	1.05	0.95				
	216	2	38.674641894736844	7.7349283789473695	0.0	0.0	2	1.027740923471753	-3.45328391304028	230.0	26	1.05	0.95				
	217	1	0.0	0.0	0.0	0.0	2	1.0310531799886862	-1.2964450589319454	230.0	27	1.05	0.95				
	218	2	128.7865575094737	26.298756488421056	0.0	0.0	2	1.0307568864475065	-1.6468520517300451	230.0	27	1.05	0.95				
	219	1	70.00110182947368	14.309617501052632	0.0	0.0	2	1.0302322157338446	-4.085120725446269	230.0	25	1.05	0.95				
	220	1	49.50354162526317	10.05540689263158	0.0	0.0	2	1.0347721797357914	-3.8812081027063043	230.0	25	1.05	0.95				
	221	2	0.0	0.0	0.0	0.0	2	1.0325316552467652	-1.0692302413936032	230.0	27	1.05	0.95				
	222	2	0.0	0.0	0.0	0.0	2	1.0499999982982828	5.336035070869537	230.0	27	1.05	0.95				
	223	2	0.0	0.0	0.0	0.0	2	1.0376427309183853	-3.47766021362569	230.0	25	1.05	0.95				
	224	1	0.0	0.0	0.0	0.0	2	1.010486247747861	-6.126642385466409	230.0	26	1.05	0.95				
	301	2	57.04080987789475	11.619424234385967	0.0	0.0	3	1.0016546744794779	20.707752976912754	138.0	31	1.05	0.95				
	302	2	51.23109776070176	10.563112940350878	0.0	0.0	3	1.0011428418951884	20.553173295166694	138.0	32	1.05	0.95				
	303	1	95.06801646315792	19.541758939649124	0.0	0.0	3	1.0377931282848865	27.080844508362066	138.0	31	1.05	0.95				
	304	1	39.08351787929825	7.922334705263158	0.0	0.0	3	1.0065074722706333	22.00979731797401	138.0	31	1.05	0.95				
	305	1	37.49905093824562	7.394179058245616	0.0	0.0	3	1.0185516738455966	21.564693380560875	138.0	31	1.05	0.95				
	306	1	71.82916799438598	14.788358116491231	0.0	-100.0	3	1.03576100638687	21.432626982756535	138.0	32	1.05	0.95				
	307	2	66.019455877193	13.203891175438597	0.0	0.0	3	0.9841431034377969	18.527654901978064	138.0	32	1.05	0.95				
	308	1	90.31461564	18.485447645614038	0.0	0.0	3	0.9992029666172679	20.82169524416751	138.0	32	1.05	0.95				
	309	1	92.42723822807018	19.013603292631583	0.0	0.0	3	1.028334563651934	25.351451965494114	138.0	33	1.05	0.95				
	310	1	102.99035116842106	21.126225880701757	0.0	0.0	3	1.05	24.11688836126364	138.0	33	1.05	0.95				
	311	1	0.0	0.0	0.0	0.0	3	1.0097959529756033	28.63535901461621	230.0	33	1.05	0.95				
	312	1	0.0	0.0	0.0	0.0	3	1.0175412679545675	29.574270525041786	230.0	33	1.05	0.95				
	313	2	139.96124645964915	28.520404938947376	0.0	0.0	3	1.0190533799939656	34.81976321579668	230.0	34	1.05	0.95				
	314	2	102.46219552140352	20.59807023368421	0.0	0.0	3	1.0061710773846797	27.175779852696046	230.0	36	1.05	0.95				
	315	2	167.42534010456143	33.80196140912281	0.0	0.0	3	1.0426033010137956	21.68653498384901	230.0	36	1.05	0.95				
	316	2	52.81556470175439	10.563112940350878	0.0	0.0	3	1.0387508269535592	22.6776519922848	230.0	36	1.05	0.95				
	317	1	0.0	0.0	0.0	0.0	3	1.05	22.053357064131767	230.0	37	1.05	0.95				
	318	2	175.87583045684212	35.91458399719299	0.0	0.0	3	1.0498630910806024	19.24232298549485	230.0	37	1.05	0.95				
	319	1	95.59617211017544	19.541758939649124	0.0	0.0	3	1.0356314851379091	24.776841872881345	230.0	35	1.05	0.95				
	320	1	67.60392281824562	13.732046822456143	0.0	0.0	3	1.0340245222824418	26.090394952165394	230.0	35	1.05	0.95				
	321	2	0.0	0.0	0.0	0.0	3	1.049567703599016	20.67447982912754	230.0	37	1.05	0.95				
	322	2	0.0	0.0	0.0	0.0	3	1.05	25.563075128023634	230.0	37	1.05	0.95				
	323	2	0.0	0.0	0.0	0.0	3	1.0324501213472697	26.411569260132886	230.0	35	1.05	0.95				
	324	1	0.0	0.0	0.0	0.0	3	1.0405811216308911	25.519106147218096	230.0	36	1.05	0.95				
	325	1	0.0	0.0	0.0	0.0	3	1.0352923884859468	25.563803898893127	230.0	35	1.05	0.95				
];
