%% MATPOWER Case Format : Version 2
function mpc = RTS_GMLC
mpc.version = '2';

%%-----  Power Flow Data  -----%%
%% system MVA base
mpc.baseMVA = 100.0;
%% bus data
%    bus_i    type    Pd    Qd    Gs    Bs    area    Vm    Va    baseKV    zone    Vmax    Vmin
mpc.bus = [
	101	2	64.84809501473686	13.209797132631579	0.0	0.0	1	1.032890898460427	1.5501807596796817	138.0	11	1.05	0.95				
	102	2	58.24319644842105	12.008906484210527	0.0	0.0	1	1.0329283749232314	1.507887120814463	138.0	12	1.05	0.95				
	103	1	108.08015835789475	22.216476995789474	0.0	0.0	1	1.024366084087876	-0.0710545131617389	138.0	11	1.05	0.95				
	104	1	44.43295399157895	9.006679863157894	0.0	0.0	1	1.0186238339301867	-1.8175598545207157	138.0	11	1.05	0.95				
	105	1	42.631618018947364	8.406234538947368	0.0	0.0	1	1.0332245001947522	-1.7178513218602451	138.0	11	1.05	0.95				
	106	1	81.66056409263159	16.812469077894736	0.0	-100.0	1	1.040383504803387	-4.099160987107925	138.0	12	1.05	0.95				
	107	2	75.05566552631579	15.011133105263157	0.0	0.0	1	1.042039704321974	-1.243522448475833	138.0	12	1.05	0.95				
	108	1	102.67615044	21.01558634736842	0.0	0.0	1	1.0252306817781187	-3.690361592452492	138.0	12	1.05	0.95				
	109	1	105.0779317368421	21.61603167157895	0.0	0.0	1	1.026047746581798	-2.1098979508172397	138.0	13	1.05	0.95				
	110	1	117.08683822105263	24.017812968421055	0.0	0.0	1	1.05	-3.137080042952985	138.0	13	1.05	0.95				
	111	1	0.0	0.0	0.0	0.0	1	1.0082372914453446	-0.2716061842391896	230.0	13	1.05	0.95				
	112	1	0.0	0.0	0.0	0.0	1	1.012751983900059	0.3093730189616732	230.0	13	1.05	0.95				
	113	3	159.11801091578948	32.42404750736843	0.0	0.0	1	1.0036666346019658	3.5562823990342514e-30	230.0	14	1.05	0.95				
	114	2	116.4863928968421	23.417367644210525	0.0	0.0	1	1.0068230679762833	1.9401369141465368	230.0	16	1.05	0.95				
	115	2	190.34116777473685	38.428500749473685	0.0	0.0	1	1.042327534042526	9.043919475002301	230.0	16	1.05	0.95				
	116	2	60.04453242105263	12.008906484210527	0.0	0.0	1	1.0394015747010616	8.611967664887947	230.0	16	1.05	0.95				
	117	1	0.0	0.0	0.0	0.0	1	1.0455257230271038	11.450937027292806	230.0	17	1.05	0.95				
	118	2	199.94829296210528	40.830282046315794	0.0	0.0	1	1.0486627546076321	11.911536922737389	230.0	17	1.05	0.95				
	119	1	108.68060368210526	22.216476995789474	0.0	0.0	1	1.0332656533842821	7.292325134929514	230.0	15	1.05	0.95				
	120	1	76.85700149894737	15.611578429473685	0.0	0.0	1	1.0329928416904253	7.289471957034021	230.0	15	1.05	0.95				
	121	2	0.0	0.0	0.0	0.0	1	1.05	12.131452756451646	230.0	17	1.05	0.95				
	122	2	0.0	0.0	0.0	0.0	1	1.05	19.48109097678316	230.0	17	1.05	0.95				
	123	2	0.0	0.0	0.0	0.0	1	1.0341868745913703	7.73993605418244	230.0	15	1.05	0.95				
	124	1	0.0	0.0	0.0	0.0	1	1.024126947891981	5.658227550767851	230.0	16	1.05	0.95				
	201	2	65.14339683789474	13.269951207719297	0.0	0.0	2	1.0320451648891846	-9.33694371087044	138.0	21	1.05	0.95				
	202	2	58.50842123403508	12.063592007017544	0.0	0.0	2	1.032130540349749	-9.435217408021456	138.0	22	1.05	0.95				
	203	1	108.57232806315788	22.317645212982455	0.0	0.0	2	1.0263981034653713	-6.560485432972354	138.0	21	1.05	0.95				
	204	1	44.63529042596491	9.047694005263157	0.0	0.0	2	1.0176787538006598	-11.666811708967115	138.0	21	1.05	0.95				
	205	1	42.82575162491227	8.44451440491228	0.0	0.0	2	1.0331265609676727	-12.0237448027211	138.0	21	1.05	0.95				
	206	1	82.0324256477193	16.88902880982456	0.0	-100.0	2	1.0405241545732034	-14.104199440651973	138.0	22	1.05	0.95				
	207	2	75.39745004385965	15.079490008771929	0.0	0.0	2	0.986599415187789	-23.173023385900763	138.0	22	1.05	0.95				
	208	1	103.14371165999998	21.1112860122807	0.0	0.0	2	0.987534211378822	-20.276049025609357	138.0	22	1.05	0.95				
	209	1	105.55643006140349	21.714465612631574	0.0	0.0	2	1.0243608941218052	-11.04294063321283	138.0	23	1.05	0.95				
	210	1	117.62002206842104	24.127184014035088	0.0	0.0	2	1.05	-12.84040617163691	138.0	23	1.05	0.95				
	211	1	0.0	0.0	0.0	0.0	2	1.0159708490447321	-7.775214110632858	230.0	23	1.05	0.95				
	212	1	0.0	0.0	0.0	0.0	2	1.0159908059834437	-7.085234169483065	230.0	23	1.05	0.95				
	213	2	159.84259409298244	32.57169841894737	0.0	0.0	2	1.0156349928900827	-6.545851556665511	230.0	24	1.05	0.95				
	214	2	117.01684246807017	23.52400441368421	0.0	0.0	2	1.0254061281074383	-4.689443886194249	230.0	26	1.05	0.95				
	215	2	191.20793331122806	38.60349442245614	0.0	0.0	2	1.0410783491800053	3.6364176660991405	230.0	26	1.05	0.95				
	216	2	60.317960035087715	12.063592007017544	0.0	0.0	2	1.0435692083889732	3.3109421652849353	230.0	26	1.05	0.95				
	217	1	0.0	0.0	0.0	0.0	2	1.0460586734502835	6.77309578666938	230.0	27	1.05	0.95				
	218	2	200.85880691684207	41.01621282385965	0.0	0.0	2	1.048687278854104	7.537111950816554	230.0	27	1.05	0.95				
	219	1	109.17550766350877	22.317645212982455	0.0	0.0	2	1.0423451398990395	2.1707304196251607	230.0	25	1.05	0.95				
	220	1	77.20698884491227	15.682669609122806	0.0	0.0	2	1.0462205306186123	2.3154878693010255	230.0	25	1.05	0.95				
	221	2	0.0	0.0	0.0	0.0	2	1.0490725261410834	7.6223133190569845	230.0	27	1.05	0.95				
	222	2	0.0	0.0	0.0	0.0	2	1.05	13.799799537468022	230.0	27	1.05	0.95				
	223	2	0.0	0.0	0.0	0.0	2	1.0496874376233638	2.8352261247979555	230.0	25	1.05	0.95				
	224	1	0.0	0.0	0.0	0.0	2	1.0228488386845875	-0.16688778788480652	230.0	26	1.05	0.95				
	301	2	56.95539385263157	11.602024673684209	0.0	0.0	3	1.0083921067427049	-23.90946744527013	138.0	31	1.05	0.95				
	302	2	51.154381515789474	10.547295157894737	0.0	0.0	3	1.0077053333741974	-24.071917793811576	138.0	32	1.05	0.95				
	303	1	94.92565642105262	19.512496042105262	0.0	0.0	3	1.0285982742753246	-16.127781221508844	138.0	31	1.05	0.95				
	304	1	39.024992084210524	7.910471368421051	0.0	0.0	3	1.008897432491401	-22.287932995409342	138.0	31	1.05	0.95				
	305	1	37.44289781052631	7.383106610526316	0.0	0.0	3	1.0221943125055677	-23.399595361718273	138.0	31	1.05	0.95				
	306	1	71.72160707368421	14.766213221052633	0.0	-100.0	3	1.0374629605170038	-23.71413322623518	138.0	32	1.05	0.95				
	307	2	65.92059473684209	13.18411894736842	0.0	0.0	3	0.9919855677010991	-29.586915594843653	138.0	32	1.05	0.95				
	308	1	90.17937359999999	18.457766526315787	0.0	0.0	3	0.9949263558429179	-27.12165187559435	138.0	32	1.05	0.95				
	309	1	92.28883263157894	18.985131284210524	0.0	0.0	3	1.0276487896537394	-18.681361129372412	138.0	33	1.05	0.95				
	310	1	102.83612778947366	21.094590315789475	0.0	0.0	3	1.05	-21.195215142222054	138.0	33	1.05	0.95				
	311	1	0.0	0.0	0.0	0.0	3	1.0152750023154002	-14.388195559706206	230.0	33	1.05	0.95				
	312	1	0.0	0.0	0.0	0.0	3	1.0158780887800705	-13.900464056420802	230.0	33	1.05	0.95				
	313	2	139.75166084210525	28.477696926315787	0.0	0.0	3	1.0197500952031735	-10.890136421335196	230.0	34	1.05	0.95				
	314	2	102.30876303157895	20.567225557894737	0.0	0.0	3	1.0239234312483665	-11.895406054381622	230.0	36	1.05	0.95				
	315	2	167.17462825263155	33.751344505263155	0.0	0.0	3	1.0463201268316997	-5.543300955563806	230.0	36	1.05	0.95				
	316	2	52.73647578947368	10.547295157894737	0.0	0.0	3	1.0457773432494997	-5.23347764208108	230.0	36	1.05	0.95				
	317	1	0.0	0.0	0.0	0.0	3	1.048371323451085	-2.8015194562991548	230.0	37	1.05	0.95				
	318	2	175.61246437894735	35.860803536842106	0.0	0.0	3	1.048376168988507	-2.622741649666732	230.0	37	1.05	0.95				
	319	1	95.45302117894737	19.512496042105262	0.0	0.0	3	1.041711290782202	-6.449038587827988	230.0	35	1.05	0.95				
	320	1	67.50268901052631	13.711483705263158	0.0	0.0	3	1.0422836282616232	-6.5126867913376785	230.0	35	1.05	0.95				
	321	2	0.0	0.0	0.0	0.0	3	1.05	-1.9402508278858757	230.0	37	1.05	0.95				
	322	2	0.0	0.0	0.0	0.0	3	1.05	3.4973846716335024	230.0	37	1.05	0.95				
	323	2	0.0	0.0	0.0	0.0	3	1.0435517913600663	-6.1564888942473965	230.0	35	1.05	0.95				
	324	1	0.0	0.0	0.0	0.0	3	1.02641148164394	-9.480478551756025	230.0	36	1.05	0.95				
	325	1	0.0	0.0	0.0	0.0	3	1.0377443370231831	-4.654964941934868	230.0	35	1.05	0.95				
];
