%% MATPOWER Case Format : Version 2
function mpc = RTS_GMLC
mpc.version = '2';

%%-----  Power Flow Data  -----%%
%% system MVA base
mpc.baseMVA = 100.0;
%% bus data
%    bus_i    type    Pd    Qd    Gs    Bs    area    Vm    Va    baseKV    zone    Vmax    Vmin
mpc.bus = [
	101	2	89.59030184842106	18.24987630245614	0.0	0.0	1	1.0333256240716466	-6.137445934205074	138.0	11	1.05	0.95				
	102	2	80.46536369719298	16.590796638596494	0.0	0.0	1	1.0334249608198705	-6.202061618179881	138.0	12	1.05	0.95				
	103	1	149.31716974736844	30.69297378140351	0.0	0.0	1	1.015296883432033	-5.889149100289955	138.0	11	1.05	0.95				
	104	1	61.38594756280702	12.443097478947369	0.0	0.0	1	1.014958311861117	-8.601618377605412	138.0	11	1.05	0.95				
	105	1	58.89732806701754	11.613557647017545	0.0	0.0	1	1.0307558581865102	-8.730265518540836	138.0	11	1.05	0.95				
	106	1	112.81741714245615	23.22711529403509	0.0	-100.0	1	1.0342271550059547	-10.936167442758116	138.0	12	1.05	0.95				
	107	2	103.69247899122809	20.738495798245616	0.0	0.0	1	1.05	-7.939333219171313	138.0	12	1.05	0.95				
	108	1	141.85131126000002	29.033894117543856	0.0	0.0	1	1.0232220558730953	-10.508146044242471	138.0	12	1.05	0.95				
	109	1	145.1694705877193	29.863433949473684	0.0	0.0	1	1.0266988071233638	-7.205929467412241	138.0	13	1.05	0.95				
	110	1	161.7602672263158	33.18159327719299	0.0	0.0	1	1.05	-8.739675584554423	138.0	13	1.05	0.95				
	111	1	0.0	0.0	0.0	0.0	1	1.01654251858705	-3.2593026344918834	230.0	13	1.05	0.95				
	112	1	0.0	0.0	0.0	0.0	1	1.0191340935026199	-2.1903767388800772	230.0	13	1.05	0.95				
	113	3	219.82805546140352	44.79515092421053	0.0	0.0	1	1.026814232308133	4.58346890569378e-27	230.0	14	1.05	0.95				
	114	2	160.93072739438597	32.35205344526316	0.0	0.0	1	1.0182570302888478	-1.4101397720596898	230.0	16	1.05	0.95				
	115	2	262.9641267217544	53.090549243508775	0.0	0.0	1	1.0418617340834206	6.583703987444966	230.0	16	1.05	0.95				
	116	2	82.95398319298246	16.590796638596494	0.0	0.0	1	1.0408830442328751	6.259782008743126	230.0	16	1.05	0.95				
	117	1	0.0	0.0	0.0	0.0	1	1.0452345239044587	9.476240568658191	230.0	17	1.05	0.95				
	118	2	276.23676403263164	56.408708571228075	0.0	0.0	1	1.0477541890162145	10.12316043131344	230.0	17	1.05	0.95				
	119	1	150.14670957929826	30.69297378140351	0.0	0.0	1	1.037021722671855	5.066492693672052	230.0	15	1.05	0.95				
	120	1	106.18109848701755	21.56803563017544	0.0	0.0	1	1.0413174378007344	5.597080171161289	230.0	15	1.05	0.95				
	121	2	0.0	0.0	0.0	0.0	1	1.05	11.028064756440356	230.0	17	1.05	0.95				
	122	2	0.0	0.0	0.0	0.0	1	1.05	17.65473708408374	230.0	17	1.05	0.95				
	123	2	0.0	0.0	0.0	0.0	1	1.04622528407553	6.493593540507497	230.0	15	1.05	0.95				
	124	1	0.0	0.0	0.0	0.0	1	1.0162450045970186	1.9790288526329256	230.0	16	1.05	0.95				
	201	2	92.70014165052632	18.883362188070173	0.0	0.0	2	1.05	-14.671058435435986	138.0	21	1.05	0.95				
	202	2	83.25846055649122	17.166692898245614	0.0	0.0	2	1.05	-14.708258864736807	138.0	22	1.05	0.95				
	203	1	154.5002360842105	31.75838186175438	0.0	0.0	2	1.0257745002746363	-11.43645546718869	138.0	21	1.05	0.95				
	204	1	63.51676372350876	12.87501967368421	0.0	0.0	2	1.0211751392398574	-16.53097369382273	138.0	21	1.05	0.95				
	205	1	60.94175978877192	12.01668502877193	0.0	0.0	2	1.0387861016963624	-16.98826453134352	138.0	21	1.05	0.95				
	206	1	116.73351170807018	24.03337005754386	0.0	-100.0	2	1.0371935355621238	-19.07656619719788	138.0	22	1.05	0.95				
	207	2	107.29183061403509	21.458366122807014	0.0	0.0	2	0.95	-30.05958062957812	138.0	22	1.05	0.95				
	208	1	146.77522427999997	30.041712571929818	0.0	0.0	2	0.9547573040035018	-26.64025532433117	138.0	22	1.05	0.95				
	209	1	150.2085628596491	30.900047216842104	0.0	0.0	2	1.0252169978492	-14.586545400990376	138.0	23	1.05	0.95				
	210	1	167.3752557578947	34.33338579649123	0.0	0.0	2	1.0494937513852411	-16.683967220785355	138.0	23	1.05	0.95				
	211	1	0.0	0.0	0.0	0.0	2	1.032278057062862	-9.526854908514325	230.0	23	1.05	0.95				
	212	1	0.0	0.0	0.0	0.0	2	1.0247409539157344	-7.076922901037895	230.0	23	1.05	0.95				
	213	2	227.45868090175435	46.35007082526316	0.0	0.0	2	1.05	-5.777758665501855	230.0	24	1.05	0.95				
	214	2	166.51692111298243	33.475051151578946	0.0	0.0	2	1.05	-6.978758416771826	230.0	26	1.05	0.95				
	215	2	272.0920824371929	54.93341727438597	0.0	0.0	2	1.0454740461800407	2.2184554238726846	230.0	26	1.05	0.95				
	216	2	85.83346449122806	17.166692898245614	0.0	0.0	2	1.0490051375032383	1.9346052134453227	230.0	26	1.05	0.95				
	217	1	0.0	0.0	0.0	0.0	2	1.0496203687341101	5.2416620047297835	230.0	27	1.05	0.95				
	218	2	285.82543675578944	58.36675585403509	0.0	0.0	2	1.05	5.8543186411625605	230.0	27	1.05	0.95				
	219	1	155.3585707291228	31.75838186175438	0.0	0.0	2	1.042994712589512	1.3682861358589304	230.0	25	1.05	0.95				
	220	1	109.86683454877193	22.316700767719297	0.0	0.0	2	1.045632410101154	2.4791989314062355	230.0	25	1.05	0.95				
	221	2	0.0	0.0	0.0	0.0	2	1.05	6.371081397671799	230.0	27	1.05	0.95				
	222	2	0.0	0.0	0.0	0.0	2	1.05	12.439932965697608	230.0	27	1.05	0.95				
	223	2	0.0	0.0	0.0	0.0	2	1.05	3.710336368483008	230.0	25	1.05	0.95				
	224	1	0.0	0.0	0.0	0.0	2	1.0206713542781793	-2.85736612831934	230.0	26	1.05	0.95				
	301	2	89.17431192000002	18.165137613333336	0.0	0.0	3	1.0437090476263102	-14.19446774615787	138.0	31	1.05	0.95				
	302	2	80.09174311333334	16.51376146666667	0.0	0.0	3	1.0428192221117962	-14.634004798089721	138.0	32	1.05	0.95				
	303	1	148.6238532	30.550458713333335	0.0	0.0	3	1.05	4.480967205440916	138.0	31	1.05	0.95				
	304	1	61.10091742666667	12.3853211	0.0	0.0	3	1.0117424913292743	-12.201228566457056	138.0	31	1.05	0.95				
	305	1	58.623853206666666	11.559633026666669	0.0	0.0	3	1.0337363105558524	-14.157965363807458	138.0	31	1.05	0.95				
	306	1	112.29357797333334	23.119266053333337	0.0	-100.0	3	1.0334272823703539	-15.02991958728609	138.0	32	1.05	0.95				
	307	2	103.21100916666668	20.642201833333335	0.0	0.0	3	0.958216361899654	-14.736241892302633	138.0	32	1.05	0.95				
	308	1	141.19266054000002	28.899082566666667	0.0	0.0	3	0.9644957552995727	-15.108174533246373	138.0	32	1.05	0.95				
	309	1	144.49541283333335	29.724770640000003	0.0	0.0	3	1.0174276011123502	-6.753615943142128	138.0	33	1.05	0.95				
	310	1	161.0091743	33.02752293333334	0.0	0.0	3	1.045283955275497	-11.4927584972173	138.0	33	1.05	0.95				
	311	1	0.0	0.0	0.0	0.0	3	1.0191421259925197	-4.327355703118927	230.0	33	1.05	0.95				
	312	1	0.0	0.0	0.0	0.0	3	1.0127775857771193	-2.686517221235536	230.0	33	1.05	0.95				
	313	2	218.8073394333333	44.58715596000001	0.0	0.0	3	1.018374463466156	0.10500468258190966	230.0	34	1.05	0.95				
	314	2	160.18348622666667	32.20183486	0.0	0.0	3	1.0419016196125466	-3.469127559250368	230.0	36	1.05	0.95				
	315	2	261.7431192466667	52.844036693333344	0.0	0.0	3	1.0456012220485382	1.0250478274771462	230.0	36	1.05	0.95				
	316	2	82.56880733333334	16.51376146666667	0.0	0.0	3	1.0480774460943107	0.9290736339747665	230.0	36	1.05	0.95				
	317	1	0.0	0.0	0.0	0.0	3	1.04999999902465	2.810368801213963	230.0	37	1.05	0.95				
	318	2	274.95412842	56.14678898666667	0.0	0.0	3	1.0484163964812043	2.315382048554205	230.0	37	1.05	0.95				
	319	1	149.44954127333335	30.550458713333335	0.0	0.0	3	1.0424531740371035	1.635417711365041	230.0	35	1.05	0.95				
	320	1	105.68807338666669	21.467889906666667	0.0	0.0	3	1.0452988883623993	3.7209767197177857	230.0	35	1.05	0.95				
	321	2	0.0	0.0	0.0	0.0	3	1.048620296765617	3.5599752206755326	230.0	37	1.05	0.95				
	322	2	0.0	0.0	0.0	0.0	3	1.05	8.887484572090036	230.0	37	1.05	0.95				
	323	2	0.0	0.0	0.0	0.0	3	1.05	5.376880948274964	230.0	35	1.05	0.95				
	324	1	0.0	0.0	0.0	0.0	3	1.0455170282309674	3.100938307461318	230.0	36	1.05	0.95				
	325	1	0.0	0.0	0.0	0.0	3	1.04950472099951	5.847340723886185	230.0	35	1.05	0.95				
];

%% generator data
%    bus    Pg    Qg    Qmax    Qmin    Vg    mBase    status    Pmax    Pmin    Pc1    Pc2    Qc1min    Qc1max    Qc2min    Qc2max    ramp_agc    ramp_10    ramp_30    ramp_q    apf
