%% MATPOWER Case Format : Version 2
function mpc = RTS_GMLC
mpc.version = '2';

%%-----  Power Flow Data  -----%%
%% system MVA base
mpc.baseMVA = 100.0;
%% bus data
%    bus_i    type    Pd    Qd    Gs    Bs    area    Vm    Va    baseKV    zone    Vmax    Vmin
mpc.bus = [
	101	2	43.27214252210527	8.814695698947368	0.0	0.0	1	1.024102655653742	4.759040011338993	138.0	11	1.05	0.95				
	102	2	38.86479467263158	8.01335972631579	0.0	0.0	1	1.0228449116131295	4.455094612040703	138.0	12	1.05	0.95				
	103	1	72.12023753684211	14.82471549368421	0.0	0.0	1	1.0309584414765145	3.1588892457928752	138.0	11	1.05	0.95				
	104	1	29.64943098736842	6.010019794736842	0.0	0.0	1	1.0183080459821172	0.9366672197018759	138.0	11	1.05	0.95				
	105	1	28.447427028421053	5.609351808421053	0.0	0.0	1	1.0308720656365564	1.0063968583221188	138.0	11	1.05	0.95				
	106	1	54.49084613894737	11.218703616842106	0.0	-100.0	1	1.0432199209597968	-1.5341173290172825	138.0	12	1.05	0.95				
	107	2	50.08349828947368	10.016699657894737	0.0	0.0	1	0.9861949688452395	-7.520997046111505	138.0	12	1.05	0.95				
	108	1	68.51422566000001	14.02337952105263	0.0	0.0	1	0.9970131659686711	-6.011317000582691	138.0	12	1.05	0.95				
	109	1	70.11689760526316	14.424047507368421	0.0	0.0	1	1.0259278763406714	-0.5695960950746298	138.0	13	1.05	0.95				
	110	1	78.13025733157895	16.02671945263158	0.0	0.0	1	1.05	-1.4972677676667387	138.0	13	1.05	0.95				
	111	1	0.0	0.0	0.0	0.0	1	1.0151269085217984	0.9583352205688228	230.0	13	1.05	0.95				
	112	1	0.0	0.0	0.0	0.0	1	1.01191066171724	0.3686466974283631	230.0	13	1.05	0.95				
	113	3	106.17701637368422	21.636071261052635	0.0	0.0	1	0.9913681402774194	6.332387963689547e-31	230.0	14	1.05	0.95				
	114	2	77.72958934526316	15.62605146631579	0.0	0.0	1	1.037051677455443	3.7533431419122074	230.0	16	1.05	0.95				
	115	2	127.01175166210525	25.642751124210527	0.0	0.0	1	1.045281283363702	11.472304041056333	230.0	16	1.05	0.95				
	116	2	40.06679863157895	8.01335972631579	0.0	0.0	1	1.0447411609971682	10.202504140014488	230.0	16	1.05	0.95				
	117	1	0.0	0.0	0.0	0.0	1	1.0431076524463092	15.216677806509527	230.0	17	1.05	0.95				
	118	2	133.4224394431579	27.245423069473684	0.0	0.0	1	1.05	15.394068059111675	230.0	17	1.05	0.95				
	119	1	72.5209055231579	14.82471549368421	0.0	0.0	1	1.039513441817649	7.1322715181724705	230.0	15	1.05	0.95				
	120	1	51.285502248421054	10.417367644210525	0.0	0.0	1	1.0394241496252032	5.183718461520966	230.0	15	1.05	0.95				
	121	2	0.0	0.0	0.0	0.0	1	1.042153449247903	16.529506536458186	230.0	17	1.05	0.95				
	122	2	0.0	0.0	0.0	0.0	1	1.05	34.499938744802186	230.0	17	1.05	0.95				
	123	2	0.0	0.0	0.0	0.0	1	1.039950262727255	4.412797679974853	230.0	15	1.05	0.95				
	124	1	0.0	0.0	0.0	0.0	1	1.0293020565740085	8.374665149399666	230.0	16	1.05	0.95				
	201	2	41.85361246736842	8.525735872982455	0.0	0.0	2	1.0121520854970165	-10.202086381754812	138.0	21	1.05	0.95				
	202	2	37.59074453087719	7.750668975438596	0.0	0.0	2	1.011476614829152	-10.433290897370638	138.0	22	1.05	0.95				
	203	1	69.75602077894737	14.338737604561402	0.0	0.0	2	1.0122513644917308	-7.2941443535834125	138.0	21	1.05	0.95				
	204	1	28.677475209122804	5.813001731578947	0.0	0.0	2	1.0117787772135203	-10.155280089905105	138.0	21	1.05	0.95				
	205	1	27.514874862807016	5.425468282807018	0.0	0.0	2	1.0263997083796341	-10.500080242455917	138.0	21	1.05	0.95				
	206	1	52.70454903298246	10.850936565614036	0.0	-100.0	2	1.0424886174355334	-11.152490972486113	138.0	22	1.05	0.95				
	207	2	48.44168109649122	9.688336219298245	0.0	0.0	2	0.994551931133633	-15.823415721606956	138.0	22	1.05	0.95				
	208	1	66.26821973999999	13.563670707017542	0.0	0.0	2	1.0014082215199303	-14.102380313035404	138.0	22	1.05	0.95				
	209	1	67.81835353508771	13.951204155789473	0.0	0.0	2	1.022926781547505	-8.318240154576232	138.0	23	1.05	0.95				
	210	1	75.56902251052631	15.501337950877192	0.0	0.0	2	1.05	-9.548333625402607	138.0	23	1.05	0.95				
	211	1	0.0	0.0	0.0	0.0	2	1.0045387665894507	-5.710101904146387	230.0	23	1.05	0.95				
	212	1	0.0	0.0	0.0	0.0	2	1.0095164771322642	-3.6950981244305456	230.0	23	1.05	0.95				
	213	2	102.69636392456138	20.92680623368421	0.0	0.0	2	0.9991432248857687	-4.079207335869019	230.0	24	1.05	0.95				
	214	2	75.18148906175438	15.113804502105262	0.0	0.0	2	1.0041909795035506	-3.786297321091183	230.0	26	1.05	0.95				
	215	2	122.84810326070175	24.802140721403507	0.0	0.0	2	1.0222835793202154	1.2552172219796656	230.0	26	1.05	0.95				
	216	2	38.75334487719298	7.750668975438596	0.0	0.0	2	1.0245804135509105	1.2632389545906977	230.0	26	1.05	0.95				
	217	1	0.0	0.0	0.0	0.0	2	1.0320911131783221	2.6545823463703404	230.0	27	1.05	0.95				
	218	2	129.04863844105265	26.35227451649123	0.0	0.0	2	1.030299760129966	2.2029944853262227	230.0	27	1.05	0.95				
	219	1	70.14355422771929	14.338737604561402	0.0	0.0	2	1.0249729525525961	1.3045651974612147	230.0	25	1.05	0.95				
	220	1	49.604281442807014	10.075869668070176	0.0	0.0	2	1.0277147883195432	2.0994071676464583	230.0	25	1.05	0.95				
	221	2	0.0	0.0	0.0	0.0	2	1.030798605830968	2.6873407940652108	230.0	27	1.05	0.95				
	222	2	0.0	0.0	0.0	0.0	2	1.05	9.168316750844662	230.0	27	1.05	0.95				
	223	2	0.0	0.0	0.0	0.0	2	1.0297951344800538	2.832447655333446	230.0	25	1.05	0.95				
	224	1	0.0	0.0	0.0	0.0	2	1.0078950778685847	-1.9448786374252458	230.0	26	1.05	0.95				
	301	2	68.11072446315791	13.874406835087719	0.0	0.0	3	1.0110750873975503	-22.658248486036083	138.0	31	1.05	0.95				
	302	2	61.17352104561403	12.613097122807018	0.0	0.0	3	1.0103938845040954	-22.827024527757704	138.0	32	1.05	0.95				
	303	1	113.51787410526318	23.334229677192983	0.0	0.0	3	1.0251208614925333	-14.580316134348022	138.0	31	1.05	0.95				
	304	1	46.668459354385966	9.459822842105263	0.0	0.0	3	1.0070353751912466	-20.772639112435353	138.0	31	1.05	0.95				
	305	1	44.77649478596491	8.829167985964913	0.0	0.0	3	1.02167052625583	-21.57239519152481	138.0	31	1.05	0.95				
	306	1	85.76906043508772	17.658335971929827	0.0	-100.0	3	1.0348836544069893	-21.661127112950837	138.0	32	1.05	0.95				
	307	2	78.83185701754385	15.766371403508773	0.0	0.0	3	0.9912812638490968	-28.671653614720206	138.0	32	1.05	0.95				
	308	1	107.8419804	22.07291996491228	0.0	0.0	3	0.9911867987164069	-25.65086382044467	138.0	32	1.05	0.95				
	309	1	110.3645998245614	22.70357482105263	0.0	0.0	3	1.0266748248020943	-16.518368176478454	138.0	33	1.05	0.95				
	310	1	122.97769694736841	25.226194245614035	0.0	0.0	3	1.05	-18.463010420400206	138.0	33	1.05	0.95				
	311	1	0.0	0.0	0.0	0.0	3	1.019977674066028	-10.838249182959082	230.0	33	1.05	0.95				
	312	1	0.0	0.0	0.0	0.0	3	1.0178872797741993	-10.136595382261214	230.0	33	1.05	0.95				
	313	2	167.12353687719298	34.055362231578954	0.0	0.0	3	1.031465371675521	-6.287604706642333	230.0	34	1.05	0.95				
	314	2	122.34704209122806	24.595539389473686	0.0	0.0	3	1.0328194661447216	-8.284161277278102	230.0	36	1.05	0.95				
	315	2	199.91758939649122	40.36191079298246	0.0	0.0	3	1.0450839729818029	-4.042249937497467	230.0	36	1.05	0.95				
	316	2	63.06548561403509	12.613097122807018	0.0	0.0	3	1.0452267093430523	-3.0358365811960804	230.0	36	1.05	0.95				
	317	1	0.0	0.0	0.0	0.0	3	1.05	0.5925522619250995	230.0	37	1.05	0.95				
	318	2	210.00806709473684	42.88453021754386	0.0	0.0	3	1.044927670170252	-0.931537449876014	230.0	37	1.05	0.95				
	319	1	114.1485289614035	23.334229677192983	0.0	0.0	3	1.0409188003095595	-3.3449789885096792	230.0	35	1.05	0.95				
	320	1	80.72382158596491	16.397026259649124	0.0	0.0	3	1.0410354293351958	-2.948648924410864	230.0	35	1.05	0.95				
	321	2	0.0	0.0	0.0	0.0	3	1.0464106882589859	-1.3818523155310505	230.0	37	1.05	0.95				
	322	2	0.0	0.0	0.0	0.0	3	1.05	3.7361817618935587	230.0	37	1.05	0.95				
	323	2	0.0	0.0	0.0	0.0	3	1.0422160272114989	-2.426324760267821	230.0	35	1.05	0.95				
	324	1	0.0	0.0	0.0	0.0	3	1.025620443727855	-7.1579215182060425	230.0	36	1.05	0.95				
	325	1	0.0	0.0	0.0	0.0	3	1.0355014569225314	-0.8847723199516561	230.0	35	1.05	0.95				
];
