%% MATPOWER Case Format : Version 2
function mpc = RTS_GMLC
mpc.version = '2';

%%-----  Power Flow Data  -----%%
%% system MVA base
mpc.baseMVA = 100.0;
%% bus data
%    bus_i    type    Pd    Qd    Gs    Bs    area    Vm    Va    baseKV    zone    Vmax    Vmin
mpc.bus = [
	101	2	35.76397822863158	7.2852548243508775	0.0	0.0	1	1.0107395902858016	0.5895981149596483	138.0	11	1.05	0.95				
	102	2	32.12135081645614	6.62295893122807	0.0	0.0	1	1.0087681256654832	0.012550366119724597	138.0	12	1.05	0.95				
	103	1	59.606630381052625	12.25247402277193	0.0	0.0	1	1.028426631651299	3.4117916349540303	138.0	11	1.05	0.95				
	104	1	24.50494804554386	4.967219198421052	0.0	0.0	1	1.012595416491301	-1.3319266392870601	138.0	11	1.05	0.95				
	105	1	23.511504205859648	4.63607125185965	0.0	0.0	1	1.0261550230762635	-1.4819614138732138	138.0	11	1.05	0.95				
	106	1	45.03612073235088	9.2721425037193	0.0	-100.0	1	1.0429583531637725	-3.1185592186949074	138.0	12	1.05	0.95				
	107	2	41.39349332017544	8.278698664035087	0.0	0.0	1	0.9827618911048837	-9.047475250075681	138.0	12	1.05	0.95				
	108	1	56.626298862	11.590178129649122	0.0	0.0	1	0.9963006673423659	-6.960999596839626	138.0	12	1.05	0.95				
	109	1	57.95089064824561	11.921326076210526	0.0	0.0	1	1.0243457813074244	-1.0348925663721595	138.0	13	1.05	0.95				
	110	1	64.57384957947369	13.24591786245614	0.0	0.0	1	1.05	-2.4756844874913413	138.0	13	1.05	0.95				
	111	1	0.0	0.0	0.0	0.0	1	1.0119497634267323	1.1735685016857105	230.0	13	1.05	0.95				
	112	1	0.0	0.0	0.0	0.0	1	1.0094935980440947	-0.12567598882365522	230.0	13	1.05	0.95				
	113	3	87.75420583877192	17.88198911431579	0.0	0.0	1	0.9860926271328657	-8.848756702358156e-29	230.0	14	1.05	0.95				
	114	2	64.24270163291229	12.914769915894736	0.0	0.0	1	1.0368713024397112	5.076561425342291	230.0	16	1.05	0.95				
	115	2	104.97389905996491	21.193468579929824	0.0	0.0	1	1.0424732272453758	14.579448566262277	230.0	16	1.05	0.95				
	116	2	33.11479465614035	6.62295893122807	0.0	0.0	1	1.0411050494609593	12.685787301838229	230.0	16	1.05	0.95				
	117	1	0.0	0.0	0.0	0.0	1	1.0408029767629905	18.701082194723316	230.0	17	1.05	0.95				
	118	2	110.27226620494737	22.51806036617544	0.0	0.0	1	1.0499366651638475	19.310063630698554	230.0	17	1.05	0.95				
	119	1	59.93777832761403	12.25247402277193	0.0	0.0	1	1.0361935476474429	8.251057065448823	230.0	15	1.05	0.95				
	120	1	42.38693715985965	8.609846610596492	0.0	0.0	1	1.038235775833255	5.025991220173252	230.0	15	1.05	0.95				
	121	2	0.0	0.0	0.0	0.0	1	1.0433238911257263	20.74064953666651	230.0	17	1.05	0.95				
	122	2	0.0	0.0	0.0	0.0	1	1.05	38.701330814956606	230.0	17	1.05	0.95				
	123	2	0.0	0.0	0.0	0.0	1	1.0403222036553583	3.507829084915646	230.0	15	1.05	0.95				
	124	1	0.0	0.0	0.0	0.0	1	1.0232475141345654	10.409499381987928	230.0	16	1.05	0.95				
	201	2	38.36864474526316	7.815835040701755	0.0	0.0	2	1.01408067455911	-15.70780340520707	138.0	21	1.05	0.95				
	202	2	34.46072722491228	7.1053045824561405	0.0	0.0	2	1.0132441748548906	-16.009893433617098	138.0	22	1.05	0.95				
	203	1	63.94774124210526	13.14481347754386	0.0	0.0	2	1.0114267894685924	-11.281668966087237	138.0	21	1.05	0.95				
	204	1	26.28962695508772	5.328978436842105	0.0	0.0	2	1.0122551204804593	-15.835288054052736	138.0	21	1.05	0.95				
	205	1	25.223831267719294	4.973713207719299	0.0	0.0	2	1.0278645928587884	-16.29643568751022	138.0	21	1.05	0.95				
	206	1	48.31607116070175	9.947426415438597	0.0	-100.0	2	1.0438088227913944	-17.096008129803565	138.0	22	1.05	0.95				
	207	2	44.408153640350875	8.881630728070174	0.0	0.0	2	0.9968706707038715	-21.26868194201882	138.0	22	1.05	0.95				
	208	1	60.75035418	12.434283019298244	0.0	0.0	2	1.0035958492542163	-19.70549128777908	138.0	22	1.05	0.95				
	209	1	62.17141509649122	12.78954824842105	0.0	0.0	2	1.0210832262754028	-14.20980214255032	138.0	23	1.05	0.95				
	210	1	69.27671967894736	14.210609164912281	0.0	0.0	2	1.05	-15.739219737679196	138.0	23	1.05	0.95				
	211	1	0.0	0.0	0.0	0.0	2	1.0044463407028041	-11.638885427966331	230.0	23	1.05	0.95				
	212	1	0.0	0.0	0.0	0.0	2	1.0054114930422702	-11.466416515889927	230.0	23	1.05	0.95				
	213	2	94.14528571754384	19.18432237263158	0.0	0.0	2	0.996065089092066	-10.914028517887226	230.0	24	1.05	0.95				
	214	2	68.92145444982457	13.855343935789474	0.0	0.0	2	1.008136360733776	-8.825499363238778	230.0	26	1.05	0.95				
	215	2	112.61907763192983	22.736974663859648	0.0	0.0	2	1.0221119598254635	-2.003039518596894	230.0	26	1.05	0.95				
	216	2	35.5265229122807	7.1053045824561405	0.0	0.0	2	1.0245471272680697	-2.7001462098660007	230.0	26	1.05	0.95				
	217	1	0.0	0.0	0.0	0.0	2	1.0320045352188851	-0.4783244582569203	230.0	27	1.05	0.95				
	218	2	118.30332129789474	24.158035580350877	0.0	0.0	2	1.0308744677682384	-0.9076624764720566	230.0	27	1.05	0.95				
	219	1	64.30300647122807	13.14481347754386	0.0	0.0	2	1.0207267940658917	-3.9458715169602994	230.0	25	1.05	0.95				
	220	1	45.473949327719296	9.236895957192983	0.0	0.0	2	1.0196997578821558	-4.329080077600966	230.0	25	1.05	0.95				
	221	2	0.0	0.0	0.0	0.0	2	1.031084966970146	-0.47307369469885113	230.0	27	1.05	0.95				
	222	2	0.0	0.0	0.0	0.0	2	1.05	6.018862182693259	230.0	27	1.05	0.95				
	223	2	0.0	0.0	0.0	0.0	2	1.0193237891964344	-4.260891837881777	230.0	25	1.05	0.95				
	224	1	0.0	0.0	0.0	0.0	2	1.006675730232359	-5.475344074082118	230.0	26	1.05	0.95				
	301	2	40.79468523789473	8.310028474385964	0.0	0.0	3	1.0125104792196342	-3.0649328077163953	138.0	31	1.05	0.95				
	302	2	36.63967100070175	7.5545713403508765	0.0	0.0	3	1.0123226919124466	-3.192301703567284	138.0	32	1.05	0.95				
	303	1	67.99114206315788	13.975956979649121	0.0	0.0	3	1.030964569185123	2.4664035802050757	138.0	31	1.05	0.95				
	304	1	27.951913959298242	5.665928505263157	0.0	0.0	3	1.0135582953236006	-2.033252357604364	138.0	31	1.05	0.95				
	305	1	26.81872825824561	5.288199938245614	0.0	0.0	3	1.0265899352710002	-2.748868041572775	138.0	31	1.05	0.95				
	306	1	51.37108511438596	10.576399876491228	0.0	-100.0	3	1.0429931751076686	-3.0417904420292214	138.0	32	1.05	0.95				
	307	2	47.216070877192976	9.443214175438595	0.0	0.0	3	0.9892164723637269	-6.991023825320327	138.0	32	1.05	0.95				
	308	1	64.59158495999999	13.220499845614034	0.0	0.0	3	0.9993089295814587	-5.352216942904084	138.0	32	1.05	0.95				
	309	1	66.10249922807017	13.598228412631578	0.0	0.0	3	1.025706516364383	0.4693993621896807	138.0	33	1.05	0.95				
	310	1	73.65707056842105	15.109142680701753	0.0	0.0	3	1.05	-1.2147622682775727	138.0	33	1.05	0.95				
	311	1	0.0	0.0	0.0	0.0	3	1.004086721993698	3.688829178265554	230.0	33	1.05	0.95				
	312	1	0.0	0.0	0.0	0.0	3	1.007949930619836	4.150475742470776	230.0	33	1.05	0.95				
	313	2	100.09807025964909	20.397342618947366	0.0	0.0	3	1.0057067231119976	7.011498400867454	230.0	34	1.05	0.95				
	314	2	73.2793420014035	14.73141411368421	0.0	0.0	3	0.9991994447292992	4.987435321728843	230.0	36	1.05	0.95				
	315	2	119.73995574456137	24.174628289122804	0.0	0.0	3	1.0326656851359384	8.393375281313931	230.0	36	1.05	0.95				
	316	2	37.77285670175438	7.5545713403508765	0.0	0.0	3	1.0310413956201507	8.995831114864316	230.0	36	1.05	0.95				
	317	1	0.0	0.0	0.0	0.0	3	1.0456403038111528	12.81522784063935	230.0	37	1.05	0.95				
	318	2	125.7836128168421	25.68554255719298	0.0	0.0	3	1.0427093336793583	10.054303839143142	230.0	37	1.05	0.95				
	319	1	68.36887063017544	13.975956979649121	0.0	0.0	3	1.0218986084891293	8.418299615707221	230.0	35	1.05	0.95				
	320	1	48.34925657824561	9.82094274245614	0.0	0.0	3	1.0162673589096698	8.657376343007867	230.0	35	1.05	0.95				
	321	2	0.0	0.0	0.0	0.0	3	1.0409382291291882	10.148730588720644	230.0	37	1.05	0.95				
	322	2	0.0	0.0	0.0	0.0	3	1.05	15.524063271153198	230.0	37	1.05	0.95				
	323	2	0.0	0.0	0.0	0.0	3	1.0135605446259588	9.090850944111828	230.0	35	1.05	0.95				
	324	1	0.0	0.0	0.0	0.0	3	1.0239112223754525	6.158071800906165	230.0	36	1.05	0.95				
	325	1	0.0	0.0	0.0	0.0	3	1.0132579622522329	10.094365671164503	230.0	35	1.05	0.95				
];
