%% MATPOWER Case Format : Version 2
function mpc = RTS_GMLC
mpc.version = '2';

%%-----  Power Flow Data  -----%%
%% system MVA base
mpc.baseMVA = 100.0;
%% bus data
%    bus_i    type    Pd    Qd    Gs    Bs    area    Vm    Va    baseKV    zone    Vmax    Vmin
mpc.bus = [
	101	2	56.57842652210526	11.525235032280703	0.0	0.0	1	1.05	4.580798923740652	138.0	11	1.05	0.95				
	102	2	50.81580900596491	10.477486392982456	0.0	0.0	1	1.0495989665756973	4.218404237895255	138.0	12	1.05	0.95				
	103	1	94.2973775368421	19.383349827017543	0.0	0.0	1	1.0322907860122008	1.4118713578652224	138.0	11	1.05	0.95				
	104	1	38.76669965403509	7.858114794736841	0.0	0.0	1	1.0294647773221361	0.3210732539854428	138.0	11	1.05	0.95				
	105	1	37.195076695087714	7.33424047508772	0.0	0.0	1	1.0417342980505124	0.08683638829979429	138.0	11	1.05	0.95				
	106	1	71.24690747228071	14.66848095017544	0.0	-100.0	1	1.0456147118143504	-3.0042848674788827	138.0	12	1.05	0.95				
	107	2	65.48428995614034	13.09685799122807	0.0	0.0	1	0.9998981108432086	-9.016619328405623	138.0	12	1.05	0.95				
	108	1	89.58250865999999	18.3356011877193	0.0	0.0	1	1.001130270435151	-7.868036796968065	138.0	12	1.05	0.95				
	109	1	91.67800593859648	18.85947550736842	0.0	0.0	1	1.0252815221710183	-1.9630558430966198	138.0	13	1.05	0.95				
	110	1	102.15549233157894	20.954972785964912	0.0	0.0	1	1.05	-2.9076254484612636	138.0	13	1.05	0.95				
	111	1	0.0	0.0	0.0	0.0	1	1.007592731131871	-0.4696619918958134	230.0	13	1.05	0.95				
	112	1	0.0	0.0	0.0	0.0	1	1.010829813717073	-0.26912138222123855	230.0	13	1.05	0.95				
	113	3	138.82669470701754	28.28921326105263	0.0	0.0	1	1.0005907513064953	-1.6614941243533026e-28	230.0	14	1.05	0.95				
	114	2	101.63161801192982	20.431098466315788	0.0	0.0	1	1.0068198505598067	1.1826316421363867	230.0	16	1.05	0.95				
	115	2	166.0681593287719	33.52795645754386	0.0	0.0	1	1.037693077509407	7.163177070153082	230.0	16	1.05	0.95				
	116	2	52.38743196491228	10.477486392982456	0.0	0.0	1	1.034227118485663	6.649588050175998	230.0	16	1.05	0.95				
	117	1	0.0	0.0	0.0	0.0	1	1.040999459665278	9.429523147131732	230.0	17	1.05	0.95				
	118	2	174.4501484431579	35.623453736140355	0.0	0.0	1	1.0438061616982892	9.866051522389858	230.0	17	1.05	0.95				
	119	1	94.82125185649123	19.383349827017543	0.0	0.0	1	1.0259006053169941	5.097352446255789	230.0	15	1.05	0.95				
	120	1	67.05591291508772	13.620732310877193	0.0	0.0	1	1.0222070245155326	4.358097166614211	230.0	15	1.05	0.95				
	121	2	0.0	0.0	0.0	0.0	1	1.0466803389793733	11.098289170242053	230.0	17	1.05	0.95				
	122	2	0.0	0.0	0.0	0.0	1	1.05	17.360703233338572	230.0	17	1.05	0.95				
	123	2	0.0	0.0	0.0	0.0	1	1.0211374987751707	4.35506246832311	230.0	15	1.05	0.95				
	124	1	0.0	0.0	0.0	0.0	1	1.027662940272646	5.004664656143929	230.0	16	1.05	0.95				
	201	2	47.837557061052635	9.744687549473683	0.0	0.0	2	1.011968328514197	-8.030850680412968	138.0	21	1.05	0.95				
	202	2	42.96521328631579	8.858806863157895	0.0	0.0	2	1.0111444378669172	-8.253602299105268	138.0	22	1.05	0.95				
	203	1	79.72926176842104	16.388792696842106	0.0	0.0	2	1.0149193498644449	-5.8846797226898575	138.0	21	1.05	0.95				
	204	1	32.77758539368421	6.64410514736842	0.0	0.0	2	1.0113361301484078	-7.487557386160418	138.0	21	1.05	0.95				
	205	1	31.448764364210525	6.201164804210527	0.0	0.0	2	1.0253798839131893	-7.778695428474585	138.0	21	1.05	0.95				
	206	1	60.239886669473684	12.402329608421054	0.0	-100.0	2	1.0408163287028023	-8.178260887582063	138.0	22	1.05	0.95				
	207	2	55.36754289473684	11.073508578947369	0.0	0.0	2	0.9945148245753994	-13.543800716529939	138.0	22	1.05	0.95				
	208	1	75.74279867999999	15.502912010526316	0.0	0.0	2	0.9995422840036324	-11.529072012886902	138.0	22	1.05	0.95				
	209	1	77.51456005263158	15.94585235368421	0.0	0.0	2	1.024825872977166	-5.035303183585001	138.0	23	1.05	0.95				
	210	1	86.37336691578946	17.71761372631579	0.0	0.0	2	1.05	-6.101397014998619	138.0	23	1.05	0.95				
	211	1	0.0	0.0	0.0	0.0	2	1.0061174727873259	-2.3713255284572914	230.0	23	1.05	0.95				
	212	1	0.0	0.0	0.0	0.0	2	1.013522066475229	2.1351559239288536	230.0	23	1.05	0.95				
	213	2	117.37919093684211	23.918778530526318	0.0	0.0	2	1.0035718256464816	0.0649932501556536	230.0	24	1.05	0.95				
	214	2	85.93042657263157	17.274673383157893	0.0	0.0	2	1.004006767818053	-1.186823390334298	230.0	26	1.05	0.95				
	215	2	140.41208878105263	28.34818196210526	0.0	0.0	2	1.0248615839419017	3.101274462826605	230.0	26	1.05	0.95				
	216	2	44.294034315789474	8.858806863157895	0.0	0.0	2	1.0247625231170236	3.181463497816003	230.0	26	1.05	0.95				
	217	1	0.0	0.0	0.0	0.0	2	1.0293493069492827	4.077116435669035	230.0	27	1.05	0.95				
	218	2	147.49913427157895	30.119943334736842	0.0	0.0	2	1.0284093763742475	3.632244365713595	230.0	27	1.05	0.95				
	219	1	80.17220211157895	16.388792696842106	0.0	0.0	2	1.0253227519544668	3.5666299573712315	230.0	25	1.05	0.95				
	220	1	56.69636392421052	11.516448922105264	0.0	0.0	2	1.0289695535979086	4.76407364361082	230.0	25	1.05	0.95				
	221	2	0.0	0.0	0.0	0.0	2	1.0304813241803419	4.253419776207598	230.0	27	1.05	0.95				
	222	2	0.0	0.0	0.0	0.0	2	1.05	10.676686098225721	230.0	27	1.05	0.95				
	223	2	0.0	0.0	0.0	0.0	2	1.0319855476543016	5.756250859284976	230.0	25	1.05	0.95				
	224	1	0.0	0.0	0.0	0.0	2	1.0100013970979669	-0.26364019113880865	230.0	26	1.05	0.95				
	301	2	79.48813664842106	16.192027835789474	0.0	0.0	3	0.9715311237448503	-13.451356972200456	138.0	31	1.05	0.95				
	302	2	71.39212273052632	14.72002530526316	0.0	0.0	3	0.9729585993438	-13.566424442724712	138.0	32	1.05	0.95				
	303	1	132.48022774736842	27.232046814736844	0.0	0.0	3	0.9961314639211271	-7.874146003418711	138.0	31	1.05	0.95				
	304	1	54.46409362947369	11.040018978947368	0.0	0.0	3	0.9683545098236723	-10.73636142555732	138.0	31	1.05	0.95				
	305	1	52.25608983368421	10.304017713684212	0.0	0.0	3	0.9794908375137386	-11.021254112117093	138.0	31	1.05	0.95				
	306	1	100.0961720757895	20.608035427368424	0.0	-100.0	3	0.9917522690329826	-10.511659749403503	138.0	32	1.05	0.95				
	307	2	92.00015815789475	18.400031631578948	0.0	0.0	3	0.95	-16.87139571205795	138.0	32	1.05	0.95				
	308	1	125.85621635999999	25.760044284210526	0.0	0.0	3	0.9544656997722648	-13.1166437229167	138.0	32	1.05	0.95				
	309	1	128.80022142105264	26.496045549473685	0.0	0.0	3	0.9940724301147962	-5.219893225217408	138.0	33	1.05	0.95				
	310	1	143.52024672631578	29.44005061052632	0.0	0.0	3	1.0120534296390131	-6.049457738364732	138.0	33	1.05	0.95				
	311	1	0.0	0.0	0.0	0.0	3	0.9886633295867414	2.4980926439443074	230.0	33	1.05	0.95				
	312	1	0.0	0.0	0.0	0.0	3	0.9918027274804949	3.9988914447121124	230.0	33	1.05	0.95				
	313	2	195.04033529473682	39.74406832421053	0.0	0.0	3	1.0168606618247038	11.556427049652337	230.0	34	1.05	0.95				
	314	2	142.78424546105265	28.70404934526316	0.0	0.0	3	1.0027424621383516	2.3817144607874647	230.0	36	1.05	0.95				
	315	2	233.31240108842107	47.104080976842106	0.0	0.0	3	1.0499037347613567	-0.5227315356820107	230.0	36	1.05	0.95				
	316	2	73.60012652631579	14.72002530526316	0.0	0.0	3	1.0475135941090172	1.1866260984273864	230.0	36	1.05	0.95				
	317	1	0.0	0.0	0.0	0.0	3	1.047977035055465	0.8484195912841096	230.0	37	1.05	0.95				
	318	2	245.0884213326316	50.04808603789475	0.0	0.0	3	1.0459752138987646	0.13206169100097334	230.0	37	1.05	0.95				
	319	1	133.2162290126316	27.232046814736844	0.0	0.0	3	1.0381114343997375	3.4913489983512185	230.0	35	1.05	0.95				
	320	1	94.20816195368421	19.136032896842107	0.0	0.0	3	1.033982826941483	5.445945396367258	230.0	35	1.05	0.95				
	321	2	0.0	0.0	0.0	0.0	3	1.049999996169276	0.44589932265176313	230.0	37	1.05	0.95				
	322	2	0.0	0.0	0.0	0.0	3	1.05	4.94899224570033	230.0	37	1.05	0.95				
	323	2	0.0	0.0	0.0	0.0	3	1.0324369123098955	6.317349657595383	230.0	35	1.05	0.95				
	324	1	0.0	0.0	0.0	0.0	3	1.0226922398288674	-1.1616684471800627	230.0	36	1.05	0.95				
	325	1	0.0	0.0	0.0	0.0	3	1.0333892353228447	6.728255042058297	230.0	35	1.05	0.95				
];
