%% MATPOWER Case Format : Version 2
function mpc = RTS_GMLC
mpc.version = '2';

%%-----  Power Flow Data  -----%%
%% system MVA base
mpc.baseMVA = 100.0;
%% bus data
%    bus_i    type    Pd    Qd    Gs    Bs    area    Vm    Va    baseKV    zone    Vmax    Vmin
mpc.bus = [
	101	2	63.99307273263158	13.035625927017543	0.0	0.0	1	1.0343273168895972	0.07150671357427446	138.0	11	1.05	0.95				
	102	2	57.47525976912281	11.850569024561404	0.0	0.0	1	1.0336523084568658	-0.198954350244049	138.0	12	1.05	0.95				
	103	1	106.65512122105262	21.923552695438598	0.0	0.0	1	1.0307516587129943	0.7618055065784305	138.0	11	1.05	0.95				
	104	1	43.847105390877196	8.887926768421051	0.0	0.0	1	1.0195060222810297	-3.3735703695766586	138.0	11	1.05	0.95				
	105	1	42.06952003719298	8.295398317192983	0.0	0.0	1	1.0337796256626814	-3.551145076467966	138.0	11	1.05	0.95				
	106	1	80.58386936701754	16.590796634385967	0.0	-100.0	1	1.0405947640465418	-6.175588500176839	138.0	12	1.05	0.95				
	107	2	74.06605640350877	14.813211280701754	0.0	0.0	1	1.002608068203988	-14.799497697854378	138.0	12	1.05	0.95				
	108	1	101.32236515999999	20.738495792982455	0.0	0.0	1	0.9983354827869182	-12.309684032610948	138.0	12	1.05	0.95				
	109	1	103.6924789649123	21.331024244210525	0.0	0.0	1	1.0255671614718416	-3.811015808766996	138.0	13	1.05	0.95				
	110	1	115.54304798947368	23.701138049122807	0.0	0.0	1	1.05	-5.362073173384388	138.0	13	1.05	0.95				
	111	1	0.0	0.0	0.0	0.0	1	1.0129385266132471	-0.8692572053010388	230.0	13	1.05	0.95				
	112	1	0.0	0.0	0.0	0.0	1	1.0163471820739962	-0.9391634737526481	230.0	13	1.05	0.95				
	113	3	157.0200395754386	31.99653636631579	0.0	0.0	1	1.0129662576809986	7.524553423575105e-30	230.0	14	1.05	0.95				
	114	2	114.95051953824562	23.108609597894738	0.0	0.0	1	1.016874310789006	2.132382417336784	230.0	16	1.05	0.95				
	115	2	187.83151903929826	37.92182087859649	0.0	0.0	1	1.0465235350410882	11.004031987978259	230.0	16	1.05	0.95				
	116	2	59.25284512280702	11.850569024561404	0.0	0.0	1	1.0434492952293246	9.876898132516237	230.0	16	1.05	0.95				
	117	1	0.0	0.0	0.0	0.0	1	1.0454691841384567	13.844351817870091	230.0	17	1.05	0.95				
	118	2	197.31197425894737	40.29193468350877	0.0	0.0	1	1.049432323645309	14.267897176487283	230.0	17	1.05	0.95				
	119	1	107.24764967228072	21.923552695438598	0.0	0.0	1	1.0374207468740864	7.441034046377304	230.0	15	1.05	0.95				
	120	1	75.84364175719298	15.405739731929827	0.0	0.0	1	1.0370254743943226	5.945816833036495	230.0	15	1.05	0.95				
	121	2	0.0	0.0	0.0	0.0	1	1.05	15.7116606094923	230.0	17	1.05	0.95				
	122	2	0.0	0.0	0.0	0.0	1	1.05	26.8160390662243	230.0	17	1.05	0.95				
	123	2	0.0	0.0	0.0	0.0	1	1.0381182013622767	5.565747345563951	230.0	15	1.05	0.95				
	124	1	0.0	0.0	0.0	0.0	1	1.0277638961045674	7.187572380231331	230.0	16	1.05	0.95				
	201	2	82.3812372	16.781363133333333	0.0	0.0	2	1.0367752390517602	-17.876662015828742	138.0	21	1.05	0.95				
	202	2	73.99055563333332	15.255784666666667	0.0	0.0	2	1.037434965347675	-17.88306001327384	138.0	22	1.05	0.95				
	203	1	137.30206199999998	28.22320163333333	0.0	0.0	2	1.0148370083350065	-15.182131238364049	138.0	21	1.05	0.95				
	204	1	56.44640326666666	11.441838499999998	0.0	0.0	2	1.017019154525277	-18.972946700391176	138.0	21	1.05	0.95				
	205	1	54.15803556666666	10.679049266666667	0.0	0.0	2	1.0337264339500374	-19.394846012030538	138.0	21	1.05	0.95				
	206	1	103.73933573333333	21.358098533333333	0.0	-100.0	2	1.0376398433994227	-20.950182377230227	138.0	22	1.05	0.95				
	207	2	95.34865416666666	19.06973083333333	0.0	0.0	2	0.9553744929741561	-32.23775526115153	138.0	22	1.05	0.95				
	208	1	130.43695889999998	26.697623166666663	0.0	0.0	2	0.9609063693745811	-28.408073139273156	138.0	22	1.05	0.95				
	209	1	133.48811583333332	27.460412399999996	0.0	0.0	2	1.024622537903743	-16.77067670448458	138.0	23	1.05	0.95				
	210	1	148.7439005	30.511569333333334	0.0	0.0	2	1.05	-18.530579883858604	138.0	23	1.05	0.95				
	211	1	0.0	0.0	0.0	0.0	2	1.029974625023156	-12.70008230492876	230.0	23	1.05	0.95				
	212	1	0.0	0.0	0.0	0.0	2	1.0254063898189305	-7.8399816587056	230.0	23	1.05	0.95				
	213	2	202.13914683333329	41.1906186	0.0	0.0	2	1.0409857258339652	-10.012453967423333	230.0	24	1.05	0.95				
	214	2	147.98111126666663	29.7487801	0.0	0.0	2	1.0461365962927214	-10.291177182577727	230.0	26	1.05	0.95				
	215	2	241.80418696666663	48.81851093333333	0.0	0.0	2	1.0419581257330537	-1.9472557312085228	230.0	26	1.05	0.95				
	216	2	76.27892333333332	15.255784666666667	0.0	0.0	2	1.0458638807060647	-2.144625646235931	230.0	26	1.05	0.95				
	217	1	0.0	0.0	0.0	0.0	2	1.0459835810097267	0.7408120726737857	230.0	27	1.05	0.95				
	218	2	254.00881469999996	51.86966786666667	0.0	0.0	2	1.0464062897504034	0.5656571679795864	230.0	27	1.05	0.95				
	219	1	138.06485123333331	28.22320163333333	0.0	0.0	2	1.0420564653641644	-2.273876631377924	230.0	25	1.05	0.95				
	220	1	97.63702186666666	19.832520066666664	0.0	0.0	2	1.045526245127223	-0.9566946306527326	230.0	25	1.05	0.95				
	221	2	0.0	0.0	0.0	0.0	2	1.0467198589828657	0.5041303633212645	230.0	27	1.05	0.95				
	222	2	0.0	0.0	0.0	0.0	2	1.05	7.106373303795063	230.0	27	1.05	0.95				
	223	2	0.0	0.0	0.0	0.0	2	1.05	0.3181164101878863	230.0	25	1.05	0.95				
	224	1	0.0	0.0	0.0	0.0	2	1.0150668437402053	-6.832492817957299	230.0	26	1.05	0.95				
	301	2	62.81493199578948	12.795634295438596	0.0	0.0	3	1.0040539534436592	-6.766316026572577	138.0	31	1.05	0.95				
	302	2	56.41711484807017	11.632394814035088	0.0	0.0	3	1.0037157169553972	-6.864465776540977	138.0	32	1.05	0.95				
	303	1	104.69155332631578	21.519930405964914	0.0	0.0	3	1.0201461123485132	-1.8747371290739345	138.0	31	1.05	0.95				
	304	1	43.03986081192983	8.724296110526316	0.0	0.0	3	1.0047255928935293	-5.054174488455912	138.0	31	1.05	0.95				
	305	1	41.29500158982456	8.142676369824562	0.0	0.0	3	1.0184701859520762	-5.196687890234985	138.0	31	1.05	0.95				
	306	1	79.10028473543859	16.285352739649124	0.0	-100.0	3	1.0345712461295002	-4.977874990894107	138.0	32	1.05	0.95				
	307	2	72.7024675877193	14.54049351754386	0.0	0.0	3	0.9912939719090881	-11.874273982105528	138.0	32	1.05	0.95				
	308	1	99.45697566	20.356690924561402	0.0	0.0	3	0.9927183268921141	-9.11763727408131	138.0	32	1.05	0.95				
	309	1	101.78345462280703	20.938310665263156	0.0	0.0	3	1.0256390805618456	-1.196032724946394	138.0	33	1.05	0.95				
	310	1	113.41584943684211	23.264789628070176	0.0	0.0	3	1.05	-1.7652512934659552	138.0	33	1.05	0.95				
	311	1	0.0	0.0	0.0	0.0	3	1.0144387773100587	4.7228294299271925	230.0	33	1.05	0.95				
	312	1	0.0	0.0	0.0	0.0	3	1.0173067401851437	5.573753798702265	230.0	33	1.05	0.95				
	313	2	154.1292312859649	31.40746599789474	0.0	0.0	3	1.026418444086473	10.005685220790768	230.0	34	1.05	0.95				
	314	2	112.83422969614034	22.68316988736842	0.0	0.0	3	1.0203657767347933	6.258250889359313	230.0	36	1.05	0.95				
	315	2	184.37345780245613	37.22366340491228	0.0	0.0	3	1.0378471455866278	4.610669638200454	230.0	36	1.05	0.95				
	316	2	58.16197407017544	11.632394814035088	0.0	0.0	3	1.0375436884158158	5.664903590700661	230.0	36	1.05	0.95				
	317	1	0.0	0.0	0.0	0.0	3	1.0458214080196566	7.074668364863377	230.0	37	1.05	0.95				
	318	2	193.67937365368422	39.550142367719296	0.0	0.0	3	1.043397785979865	5.336862437323012	230.0	37	1.05	0.95				
	319	1	105.27317306701754	21.519930405964914	0.0	0.0	3	1.035500734389182	7.328500621394336	230.0	35	1.05	0.95				
	320	1	74.44732680982456	15.122113258245614	0.0	0.0	3	1.0348428375726866	8.239657066510693	230.0	35	1.05	0.95				
	321	2	0.0	0.0	0.0	0.0	3	1.0427122371303708	5.691191452444087	230.0	37	1.05	0.95				
	322	2	0.0	0.0	0.0	0.0	3	1.05	10.564584668523239	230.0	37	1.05	0.95				
	323	2	0.0	0.0	0.0	0.0	3	1.0348749398249397	8.7570818049996	230.0	35	1.05	0.95				
	324	1	0.0	0.0	0.0	0.0	3	1.0252487692443073	4.286693770668818	230.0	36	1.05	0.95				
	325	1	0.0	0.0	0.0	0.0	3	1.0352107198120888	9.35086875962756	230.0	35	1.05	0.95				
];
