%% MATPOWER Case Format : Version 2
function mpc = RTS_GMLC
mpc.version = '2';

%%-----  Power Flow Data  -----%%
%% system MVA base
mpc.baseMVA = 100.0;
%% bus data
%    bus_i    type    Pd    Qd    Gs    Bs    area    Vm    Va    baseKV    zone    Vmax    Vmin
mpc.bus = [
	101	2	44.11380505263158	8.986145473684209	0.0	0.0	1	1.0146729277131619	-3.8203079283008345	138.0	11	1.05	0.95				
	102	2	39.62073231578947	8.169223157894736	0.0	0.0	1	1.0145038689888248	-4.016522336310935	138.0	12	1.05	0.95				
	103	1	73.52300842105262	15.113062842105263	0.0	0.0	1	0.9976602528891081	-1.6601841725754636	138.0	11	1.05	0.95				
	104	1	30.226125684210526	6.126917368421052	0.0	0.0	1	1.006793942142646	-4.353628209348081	138.0	11	1.05	0.95				
	105	1	29.000742210526308	5.718456210526316	0.0	0.0	1	1.0194763129351379	-5.395437135562358	138.0	11	1.05	0.95				
	106	1	55.55071747368421	11.436912421052632	0.0	-100.0	1	1.03000193275584	-6.753829410005901	138.0	12	1.05	0.95				
	107	2	51.0576447368421	10.21152894736842	0.0	0.0	1	0.9941415049929069	-9.245150547783362	138.0	12	1.05	0.95				
	108	1	69.84685799999998	14.296140526315787	0.0	0.0	1	0.9945232661945933	-8.742442149382033	138.0	12	1.05	0.95				
	109	1	71.48070263157894	14.704601684210525	0.0	0.0	1	1.0057980371062418	-4.1917373970674765	138.0	13	1.05	0.95				
	110	1	79.64992578947367	16.338446315789472	0.0	0.0	1	1.0341615851383326	-5.650957725319864	138.0	13	1.05	0.95				
	111	1	0.0	0.0	0.0	0.0	1	0.9842239658136211	-2.005997225087809	230.0	13	1.05	0.95				
	112	1	0.0	0.0	0.0	0.0	1	0.9897502823351153	-2.006050408354214	230.0	13	1.05	0.95				
	113	3	108.24220684210526	22.05690252631579	0.0	0.0	1	0.9835728140155009	1.5429488809010974e-23	230.0	14	1.05	0.95				
	114	2	79.24146463157894	15.929985157894736	0.0	0.0	1	0.9746210150458753	-0.6749496128480678	230.0	16	1.05	0.95				
	115	2	129.48218705263156	26.14151410526316	0.0	0.0	1	0.9718787850666883	4.829479217221666	230.0	16	1.05	0.95				
	116	2	40.84611578947368	8.169223157894736	0.0	0.0	1	0.9741695662504021	3.974698796320973	230.0	16	1.05	0.95				
	117	1	0.0	0.0	0.0	0.0	1	0.9747337844458314	7.268962399736257	230.0	17	1.05	0.95				
	118	2	136.01756557894734	27.775358736842104	0.0	0.0	1	0.9730797820055996	7.913440347521293	230.0	17	1.05	0.95				
	119	1	73.93146957894736	15.113062842105263	0.0	0.0	1	0.9777534010268168	2.3142290260543583	230.0	15	1.05	0.95				
	120	1	52.28302821052632	10.619990105263158	0.0	0.0	1	0.983305485595395	1.2478289119378185	230.0	15	1.05	0.95				
	121	2	0.0	0.0	0.0	0.0	1	0.9717226266930588	9.21261305154589	230.0	17	1.05	0.95				
	122	2	0.0	0.0	0.0	0.0	1	0.9963375039859242	15.730517565599223	230.0	17	1.05	0.95				
	123	2	0.0	0.0	0.0	0.0	1	0.9869438294955764	1.0051309136788185	230.0	15	1.05	0.95				
	124	1	0.0	0.0	0.0	0.0	1	0.9734562109075743	2.296341155550267	230.0	16	1.05	0.95				
	201	2	41.87061231157895	8.529198804210527	0.0	0.0	2	1.0135320268154004	-7.146468704684164	138.0	21	1.05	0.95				
	202	2	37.606012909473684	7.753817094736842	0.0	0.0	2	1.012090156486272	-7.342661576246418	138.0	22	1.05	0.95				
	203	1	69.78435385263158	14.344561625263157	0.0	0.0	2	1.008896576435383	-5.738639059858286	138.0	21	1.05	0.95				
	204	1	28.689123250526315	5.815362821052632	0.0	0.0	2	1.0113673004993127	-6.7497170391949055	138.0	21	1.05	0.95				
	205	1	27.526050686315788	5.42767196631579	0.0	0.0	2	1.026433969318526	-6.956434651834173	138.0	21	1.05	0.95				
	206	1	52.725956244210536	10.85534393263158	0.0	-100.0	2	1.0417528369838773	-7.340923392595014	138.0	22	1.05	0.95				
	207	2	48.46135684210526	9.692271368421054	0.0	0.0	2	0.9856317394092201	-11.922264380654756	138.0	22	1.05	0.95				
	208	1	66.29513616	13.569179915789473	0.0	0.0	2	0.9957782643227486	-10.224098960577347	138.0	22	1.05	0.95				
	209	1	67.84589957894737	13.956870770526317	0.0	0.0	2	1.021879894386849	-4.653855764923064	138.0	23	1.05	0.95				
	210	1	75.59971667368421	15.507634189473684	0.0	0.0	2	1.0488442011253039	-5.514757264900863	138.0	23	1.05	0.95				
	211	1	0.0	0.0	0.0	0.0	2	1.0003722593780935	-2.466633313206526	230.0	23	1.05	0.95				
	212	1	0.0	0.0	0.0	0.0	2	1.0117827269646258	1.9693250316953503	230.0	23	1.05	0.95				
	213	2	102.73807650526317	20.935306155789476	0.0	0.0	2	1.0007438870549168	-0.16834405708458597	230.0	24	1.05	0.95				
	214	2	75.21202581894737	15.119943334736844	0.0	0.0	2	0.9902184086244029	-1.7163642964046943	230.0	26	1.05	0.95				
	215	2	122.89800095157895	24.812214703157895	0.0	0.0	2	1.005691155836791	2.154367590625598	230.0	26	1.05	0.95				
	216	2	38.769085473684214	7.753817094736842	0.0	0.0	2	1.0057582073912599	1.7365661468163356	230.0	26	1.05	0.95				
	217	1	0.0	0.0	0.0	0.0	2	1.0081639481038904	2.553849996528783	230.0	27	1.05	0.95				
	218	2	129.10105462736843	26.362978122105268	0.0	0.0	2	1.0084830154266808	2.344703152442118	230.0	27	1.05	0.95				
	219	1	70.17204470736843	14.344561625263157	0.0	0.0	2	1.0124616007199647	2.2606713581593008	230.0	25	1.05	0.95				
	220	1	49.62442940631579	10.079962223157896	0.0	0.0	2	1.0209027997981759	3.4845333783151826	230.0	25	1.05	0.95				
	221	2	0.0	0.0	0.0	0.0	2	1.0115624143042916	3.090545550127301	230.0	27	1.05	0.95				
	222	2	0.0	0.0	0.0	0.0	2	1.0306904427645256	9.607764710128839	230.0	27	1.05	0.95				
	223	2	0.0	0.0	0.0	0.0	2	1.0263238292240193	4.447768578721984	230.0	25	1.05	0.95				
	224	1	0.0	0.0	0.0	0.0	2	0.9971258230748244	-0.8422867922063272	230.0	26	1.05	0.95				
	301	2	55.4520721263158	11.295792470175439	0.0	0.0	3	1.0448039808754424	30.486622580925978	138.0	31	1.05	0.95				
	302	2	49.80417589122807	10.268902245614036	0.0	0.0	3	1.0430696567862792	30.105849846963984	138.0	32	1.05	0.95				
	303	1	92.42012021052632	18.997469154385964	0.0	0.0	3	1.0401873238882604	45.452424552083585	138.0	31	1.05	0.95				
	304	1	37.99493830877193	7.701676684210526	0.0	0.0	3	1.0145989271397258	31.052019497711893	138.0	31	1.05	0.95				
	305	1	36.45460297192982	7.188231571929826	0.0	0.0	3	1.0382555339458381	29.999746029921017	138.0	31	1.05	0.95				
	306	1	69.82853527017545	14.376463143859652	0.0	-100.0	3	1.0417062601725084	29.10709002464728	138.0	32	1.05	0.95				
	307	2	64.18063903508772	12.836127807017544	0.0	0.0	3	0.9535361615256875	25.354575164097433	138.0	32	1.05	0.95				
	308	1	87.7991142	17.97057892982456	0.0	0.0	3	0.9731048566662752	27.648800721433748	138.0	32	1.05	0.95				
	309	1	89.8528946491228	18.48402404210526	0.0	0.0	3	1.007468384091198	34.001802935011334	138.0	33	1.05	0.95				
	310	1	100.12179689473683	20.537804491228073	0.0	0.0	3	1.0437150691784143	31.13537960649431	138.0	33	1.05	0.95				
	311	1	0.0	0.0	0.0	0.0	3	0.9931926853370492	34.381016525229256	230.0	33	1.05	0.95				
	312	1	0.0	0.0	0.0	0.0	3	0.9944710787106352	34.94050818751905	230.0	33	1.05	0.95				
	313	2	136.06295475438597	27.7260360631579	0.0	0.0	3	0.9910725594465729	38.85599010420376	230.0	34	1.05	0.95				
	314	2	99.60835178245614	20.02435937894737	0.0	0.0	3	0.9886208191983555	32.42027852353116	230.0	36	1.05	0.95				
	315	2	162.76210059298245	32.860487185964914	0.0	0.0	3	1.036922002991658	26.35818636976528	230.0	36	1.05	0.95				
	316	2	51.344511228070175	10.268902245614036	0.0	0.0	3	1.0216554462979104	26.348700039975824	230.0	36	1.05	0.95				
	317	1	0.0	0.0	0.0	0.0	3	1.0383713156779204	24.173672891591096	230.0	37	1.05	0.95				
	318	2	170.9772223894737	34.914267635087725	0.0	0.0	3	1.0445323247298954	22.439116290242186	230.0	37	1.05	0.95				
	319	1	92.93356532280703	18.997469154385964	0.0	0.0	3	1.0042913675138179	27.92241590230771	230.0	35	1.05	0.95				
	320	1	65.72097437192983	13.349572919298247	0.0	0.0	3	0.9895214066127198	28.587580021836676	230.0	35	1.05	0.95				
	321	2	0.0	0.0	0.0	0.0	3	1.04957501674	24.27013636557182	230.0	37	1.05	0.95				
	322	2	0.0	0.0	0.0	0.0	3	1.0478602203391338	28.57866532930314	230.0	37	1.05	0.95				
	323	2	0.0	0.0	0.0	0.0	3	0.9808587086260765	28.659955516648964	230.0	35	1.05	0.95				
	324	1	0.0	0.0	0.0	0.0	3	1.0323453774880362	35.83361768784776	230.0	36	1.05	0.95				
	325	1	0.0	0.0	0.0	0.0	3	0.979728595901116	27.035938685438623	230.0	35	1.05	0.95				
];
