%% MATPOWER Case Format : Version 2
function mpc = RTS_GMLC
mpc.version = '2';

%%-----  Power Flow Data  -----%%
%% system MVA base
mpc.baseMVA = 100.0;
%% bus data
%    bus_i    type    Pd    Qd    Gs    Bs    area    Vm    Va    baseKV    zone    Vmax    Vmin
mpc.bus = [
	101	2	54.94854031578949	11.193221175438598	0.0	0.0	1	1.0326328500857154	1.8443691433337734	138.0	11	1.05	0.95				
	102	2	49.351929728070175	10.17565561403509	0.0	0.0	1	1.032205623227179	1.7059404050512335	138.0	12	1.05	0.95				
	103	1	91.5809005263158	18.824962885964915	0.0	0.0	1	1.0267533824476052	0.05267404395500134	138.0	11	1.05	0.95				
	104	1	37.64992577192983	7.631741710526316	0.0	0.0	1	1.0198973926759811	-1.4124125976937787	138.0	11	1.05	0.95				
	105	1	36.12357742982456	7.122958929824563	0.0	0.0	1	1.0344151323435655	-1.2425320954141899	138.0	11	1.05	0.95				
	106	1	69.19445817543861	14.245917859649126	0.0	-100.0	1	1.042971784438179	-3.476446297208582	138.0	12	1.05	0.95				
	107	2	63.5978475877193	12.71956951754386	0.0	0.0	1	1.0248038997534825	-3.0162466049997088	138.0	12	1.05	0.95				
	108	1	87.0018555	17.807397324561403	0.0	0.0	1	1.017827884802874	-4.332109461588803	138.0	12	1.05	0.95				
	109	1	89.03698662280702	18.316180105263157	0.0	0.0	1	1.0255786306114043	-1.9015673108922047	138.0	13	1.05	0.95				
	110	1	99.21264223684211	20.35131122807018	0.0	0.0	1	1.05	-2.765554379990425	138.0	13	1.05	0.95				
	111	1	0.0	0.0	0.0	0.0	1	1.0054569460464062	-0.26761083559017346	230.0	13	1.05	0.95				
	112	1	0.0	0.0	0.0	0.0	1	1.01028322996331	0.2916461124705172	230.0	13	1.05	0.95				
	113	3	134.82743688596491	27.474270157894743	0.0	0.0	1	0.9985856223333417	2.4135669240699073e-28	230.0	14	1.05	0.95				
	114	2	98.70385945614035	19.842528447368423	0.0	0.0	1	1.002641487089454	1.6816000089268532	230.0	16	1.05	0.95				
	115	2	161.28414148245616	32.56209796491228	0.0	0.0	1	1.0403723591568481	7.801302394483247	230.0	16	1.05	0.95				
	116	2	50.87827807017544	10.17565561403509	0.0	0.0	1	1.0363051408758306	7.409307015374479	230.0	16	1.05	0.95				
	117	1	0.0	0.0	0.0	0.0	1	1.0429715007044824	9.356725511235986	230.0	17	1.05	0.95				
	118	2	169.42466597368423	34.597229087719306	0.0	0.0	1	1.0457998213698723	9.195065011251101	230.0	17	1.05	0.95				
	119	1	92.08968330701755	18.824962885964915	0.0	0.0	1	1.0299559103659783	6.442812523695919	230.0	15	1.05	0.95				
	120	1	65.12419592982457	13.228352298245616	0.0	0.0	1	1.0283273966980297	6.5812044792014985	230.0	15	1.05	0.95				
	121	2	0.0	0.0	0.0	0.0	1	1.05	10.206515550360756	230.0	17	1.05	0.95				
	122	2	0.0	0.0	0.0	0.0	1	1.05	18.460096857231033	230.0	17	1.05	0.95				
	123	2	0.0	0.0	0.0	0.0	1	1.028387136638669	7.046563901312691	230.0	15	1.05	0.95				
	124	1	0.0	0.0	0.0	0.0	1	1.0253037303984864	4.913868168096004	230.0	16	1.05	0.95				
	201	2	55.929482147368425	11.393042659649122	0.0	0.0	2	1.033400122410379	-6.674849446180707	138.0	21	1.05	0.95				
	202	2	50.23296081754386	10.35731150877193	0.0	0.0	2	1.0335800297319309	-6.728630018561706	138.0	22	1.05	0.95				
	203	1	93.21580357894736	19.16102629122807	0.0	0.0	2	1.0234886834067987	-5.712371291701731	138.0	21	1.05	0.95				
	204	1	38.32205258245614	7.767983631578947	0.0	0.0	2	1.0195219182135398	-9.179053174728477	138.0	21	1.05	0.95				
	205	1	36.76845585614035	7.250118056140351	0.0	0.0	2	1.0349594451473871	-9.346684067969726	138.0	21	1.05	0.95				
	206	1	70.42971825964912	14.500236112280701	0.0	-100.0	2	1.043308146027212	-11.342276042249994	138.0	22	1.05	0.95				
	207	2	64.73319692982456	12.946639385964911	0.0	0.0	2	0.9884201357325836	-19.227754644271226	138.0	22	1.05	0.95				
	208	1	88.55501339999999	18.125295140350875	0.0	0.0	2	0.9924563941932161	-16.809744194381675	138.0	22	1.05	0.95				
	209	1	90.62647570175439	18.643160715789474	0.0	0.0	2	1.0235793237185988	-9.083891369812138	138.0	23	1.05	0.95				
	210	1	100.9837872105263	20.71462301754386	0.0	0.0	2	1.05	-10.4216392313032	138.0	23	1.05	0.95				
	211	1	0.0	0.0	0.0	0.0	2	1.009688313007044	-6.344763346047752	230.0	23	1.05	0.95				
	212	1	0.0	0.0	0.0	0.0	2	1.011862543994254	-5.695265694475919	230.0	23	1.05	0.95				
	213	2	137.23437749122806	27.964741073684213	0.0	0.0	2	1.005717696011532	-5.421816020742103	230.0	24	1.05	0.95				
	214	2	100.46592163508772	20.196757442105262	0.0	0.0	2	1.0136668084035751	-3.674176930773497	230.0	26	1.05	0.95				
	215	2	164.16338741403507	33.14339682807017	0.0	0.0	2	1.03138817233195	3.3171337309989024	230.0	26	1.05	0.95				
	216	2	51.786557543859644	10.35731150877193	0.0	0.0	2	1.033546794885781	3.2344401418879736	230.0	26	1.05	0.95				
	217	1	0.0	0.0	0.0	0.0	2	1.038117587777043	6.130750188854986	230.0	27	1.05	0.95				
	218	2	172.44923662105262	35.21485912982456	0.0	0.0	2	1.0397904445766994	6.646969553139161	230.0	27	1.05	0.95				
	219	1	93.73366915438595	19.16102629122807	0.0	0.0	2	1.0328772463544318	2.3515808759917127	230.0	25	1.05	0.95				
	220	1	66.28679365614035	13.46450496140351	0.0	0.0	2	1.0362425460371973	2.5795514268152577	230.0	25	1.05	0.95				
	221	2	0.0	0.0	0.0	0.0	2	1.039401806027853	6.29322935367045	230.0	27	1.05	0.95				
	222	2	0.0	0.0	0.0	0.0	2	1.05	12.731044066090945	230.0	27	1.05	0.95				
	223	2	0.0	0.0	0.0	0.0	2	1.0390857185140205	3.091529492800167	230.0	25	1.05	0.95				
	224	1	0.0	0.0	0.0	0.0	2	1.0171736616315852	-0.07164795368372441	230.0	26	1.05	0.95				
	301	2	52.46251184842106	10.686807969122807	0.0	0.0	3	1.0082282597138288	-22.526883098549234	138.0	31	1.05	0.95				
	302	2	47.11910786385965	9.715279971929824	0.0	0.0	3	1.0076408801679728	-22.663708661032803	138.0	32	1.05	0.95				
	303	1	87.43751974736841	17.973267948070177	0.0	0.0	3	1.025840540861528	-15.875756278281516	138.0	31	1.05	0.95				
	304	1	35.946535896140354	7.286459978947368	0.0	0.0	3	1.0094222234212105	-21.035599518896728	138.0	31	1.05	0.95				
	305	1	34.48924390035087	6.800695980350878	0.0	0.0	3	1.0227052764104279	-21.955394331668177	138.0	31	1.05	0.95				
	306	1	66.06390380912282	13.601391960701756	0.0	-100.0	3	1.0386724933896738	-22.199020016620654	138.0	32	1.05	0.95				
	307	2	60.7204998245614	12.14409996491228	0.0	0.0	3	0.9929341853476304	-27.584830404969203	138.0	32	1.05	0.95				
	308	1	83.06564376	17.001739950877194	0.0	0.0	3	0.9971729376700847	-25.34583999327169	138.0	32	1.05	0.95				
	309	1	85.00869975438596	17.487503949473684	0.0	0.0	3	1.0267948891775531	-17.7206024641368	138.0	33	1.05	0.95				
	310	1	94.72397972631579	19.43055994385965	0.0	0.0	3	1.05	-19.822305899103927	138.0	33	1.05	0.95				
	311	1	0.0	0.0	0.0	0.0	3	1.0124298476246871	-13.389117115764147	230.0	33	1.05	0.95				
	312	1	0.0	0.0	0.0	0.0	3	1.013460062680441	-12.980996806149282	230.0	33	1.05	0.95				
	313	2	128.72745962807016	26.23125592421053	0.0	0.0	3	1.0151593587456385	-9.927622640390172	230.0	34	1.05	0.95				
	314	2	94.2382157277193	18.944795945263156	0.0	0.0	3	1.019396533332402	-10.996301778666323	230.0	36	1.05	0.95				
	315	2	153.9871875550877	31.08889591017544	0.0	0.0	3	1.0433931301192394	-5.1121542209334425	230.0	36	1.05	0.95				
	316	2	48.57639985964912	9.715279971929824	0.0	0.0	3	1.0422309467141089	-4.727744053725003	230.0	36	1.05	0.95				
	317	1	0.0	0.0	0.0	0.0	3	1.04614775335023	-2.437871418392955	230.0	37	1.05	0.95				
	318	2	161.7594115326316	33.03195190456141	0.0	0.0	3	1.0456902162193482	-2.3087696938607953	230.0	37	1.05	0.95				
	319	1	87.92328374596491	17.973267948070177	0.0	0.0	3	1.0374112404330997	-5.9451248896855216	230.0	35	1.05	0.95				
	320	1	62.17779182035088	12.629863963508772	0.0	0.0	3	1.0368867646384952	-6.081412794839974	230.0	35	1.05	0.95				
	321	2	0.0	0.0	0.0	0.0	3	1.0482195076056158	-1.7521082476761176	230.0	37	1.05	0.95				
	322	2	0.0	0.0	0.0	0.0	3	1.05	2.318208636992758	230.0	37	1.05	0.95				
	323	2	0.0	0.0	0.0	0.0	3	1.0373656644158258	-5.790986743964625	230.0	35	1.05	0.95				
	324	1	0.0	0.0	0.0	0.0	3	1.0233608943049726	-9.116847384886759	230.0	36	1.05	0.95				
	325	1	0.0	0.0	0.0	0.0	3	1.0334134257570589	-4.460017064300019	230.0	35	1.05	0.95				
];
