%% MATPOWER Case Format : Version 2
function mpc = RTS_GMLC
mpc.version = '2';

%%-----  Power Flow Data  -----%%
%% system MVA base
mpc.baseMVA = 100.0;
%% bus data
%    bus_i    type    Pd    Qd    Gs    Bs    area    Vm    Va    baseKV    zone    Vmax    Vmin
mpc.bus = [
	101	2	67.2127659663158	13.691489363508774	0.0	0.0	1	1.041511234462947	1.1675422595314684	138.0	11	1.05	0.95				
	102	2	60.3670212845614	12.446808512280704	0.0	0.0	1	1.0414479846233715	1.1140989726975334	138.0	12	1.05	0.95				
	103	1	112.02127661052631	23.0265957477193	0.0	0.0	1	1.0245786429161365	-1.4026683466901195	138.0	11	1.05	0.95				
	104	1	46.0531914954386	9.335106384210528	0.0	0.0	1	1.0224754763784567	-2.3601182522896273	138.0	11	1.05	0.95				
	105	1	44.186170218596494	8.712765958596492	0.0	0.0	1	1.0371946413794122	-2.3043594649978885	138.0	11	1.05	0.95				
	106	1	84.63829788350878	17.425531917192984	0.0	-100.0	1	1.0416874128619449	-4.827063599391304	138.0	12	1.05	0.95				
	107	2	77.79255320175439	15.558510640350878	0.0	0.0	1	1.0286231308354097	-2.65742077014296	138.0	12	1.05	0.95				
	108	1	106.42021278	21.781914896491227	0.0	0.0	1	1.016698239534619	-4.95047626740735	138.0	12	1.05	0.95				
	109	1	108.90957448245615	22.404255322105264	0.0	0.0	1	1.0257234143381702	-2.9816857780825603	138.0	13	1.05	0.95				
	110	1	121.35638299473686	24.893617024561408	0.0	0.0	1	1.05	-3.8987725920812983	138.0	13	1.05	0.95				
	111	1	0.0	0.0	0.0	0.0	1	1.008589473028231	-1.0535315728686325	230.0	13	1.05	0.95				
	112	1	0.0	0.0	0.0	0.0	1	1.0122076591934668	-0.2193026520972957	230.0	13	1.05	0.95				
	113	3	164.92021278771932	33.6063829831579	0.0	0.0	1	1.0043505850588448	1.3760574171961565e-29	230.0	14	1.05	0.95				
	114	2	120.7340425691228	24.271276598947374	0.0	0.0	1	1.0072994459928726	0.5059362156329721	230.0	16	1.05	0.95				
	115	2	197.28191491964913	39.82978723929825	0.0	0.0	1	1.0406872525775985	6.803829729641405	230.0	16	1.05	0.95				
	116	2	62.23404256140351	12.446808512280704	0.0	0.0	1	1.0369887905860333	6.446274417885133	230.0	16	1.05	0.95				
	117	1	0.0	0.0	0.0	0.0	1	1.0434220039494897	8.531491065504586	230.0	17	1.05	0.95				
	118	2	207.2393617294737	42.31914894175439	0.0	0.0	1	1.0456610398634154	8.692421631409387	230.0	17	1.05	0.95				
	119	1	112.64361703614037	23.0265957477193	0.0	0.0	1	1.0304533404739327	5.636825766412473	230.0	15	1.05	0.95				
	120	1	79.6595744785965	16.180851065964912	0.0	0.0	1	1.0299178408537082	6.111381871518011	230.0	15	1.05	0.95				
	121	2	0.0	0.0	0.0	0.0	1	1.0490979665117552	9.719149102009942	230.0	17	1.05	0.95				
	122	2	0.0	0.0	0.0	0.0	1	1.05	15.76783138163606	230.0	17	1.05	0.95				
	123	2	0.0	0.0	0.0	0.0	1	1.0312059841576455	6.843450422361647	230.0	15	1.05	0.95				
	124	1	0.0	0.0	0.0	0.0	1	1.0241993339089257	3.752539905094293	230.0	16	1.05	0.95				
	201	2	52.2745159831579	10.64851251508772	0.0	0.0	2	1.0318442615853167	-3.921491633474074	138.0	21	1.05	0.95				
	202	2	46.95025972561403	9.680465922807018	0.0	0.0	2	1.0321437437030414	-3.9004645381015246	138.0	22	1.05	0.95				
	203	1	87.12419330526316	17.908861957192983	0.0	0.0	2	1.0264801411070412	-3.494281688162279	138.0	21	1.05	0.95				
	204	1	35.817723914385965	7.260349442105262	0.0	0.0	2	1.020042156409079	-6.184923108143078	138.0	21	1.05	0.95				
	205	1	34.36565402596491	6.776326145964913	0.0	0.0	2	1.0347504871837443	-6.337458082781063	138.0	21	1.05	0.95				
	206	1	65.82716827508773	13.552652291929826	0.0	-100.0	2	1.0440476812901092	-8.148822409746018	138.0	22	1.05	0.95				
	207	2	60.50291201754386	12.100582403508772	0.0	0.0	2	0.989010489986274	-15.442958730257878	138.0	22	1.05	0.95				
	208	1	82.76798364	16.94081536491228	0.0	0.0	2	0.9944986721823492	-13.216145326126332	138.0	22	1.05	0.95				
	209	1	84.7040768245614	17.42483866105263	0.0	0.0	2	1.0244076864680547	-6.0865241360672195	138.0	23	1.05	0.95				
	210	1	94.38454274736841	19.360931845614036	0.0	0.0	2	1.05	-7.253659746060369	138.0	23	1.05	0.95				
	211	1	0.0	0.0	0.0	0.0	2	1.0076126207442948	-3.4057407955783567	230.0	23	1.05	0.95				
	212	1	0.0	0.0	0.0	0.0	2	1.0102743709980855	-2.6968433972445514	230.0	23	1.05	0.95				
	213	2	128.26617347719298	26.13725799157895	0.0	0.0	2	1.0020089874896596	-2.389261989720777	230.0	24	1.05	0.95				
	214	2	93.90051945122806	18.876908549473686	0.0	0.0	2	1.0100050718670808	-0.9340335615635079	230.0	26	1.05	0.95				
	215	2	153.4353848764912	30.977490952982457	0.0	0.0	2	1.0333450509940758	5.397859584110206	230.0	26	1.05	0.95				
	216	2	48.40232961403509	9.680465922807018	0.0	0.0	2	1.0336437581045796	5.451618321973097	230.0	26	1.05	0.95				
	217	1	0.0	0.0	0.0	0.0	2	1.0392456799884582	7.922532069797784	230.0	27	1.05	0.95				
	218	2	161.17975761473684	32.913584137543864	0.0	0.0	2	1.0411098542373762	8.569177346727024	230.0	27	1.05	0.95				
	219	1	87.60821660140351	17.908861957192983	0.0	0.0	2	1.031949656401364	4.865611564377423	230.0	25	1.05	0.95				
	220	1	61.954981905964914	12.584605699649124	0.0	0.0	2	1.033976379748535	5.288343657532236	230.0	25	1.05	0.95				
	221	2	0.0	0.0	0.0	0.0	2	1.0407049850715309	8.26068970742921	230.0	27	1.05	0.95				
	222	2	0.0	0.0	0.0	0.0	2	1.05	14.630774950042246	230.0	27	1.05	0.95				
	223	2	0.0	0.0	0.0	0.0	2	1.0359815383618227	5.885069351093538	230.0	25	1.05	0.95				
	224	1	0.0	0.0	0.0	0.0	2	1.0196509039067811	2.057192164711868	230.0	26	1.05	0.95				
	301	2	61.07244544421053	12.440683331228069	0.0	0.0	3	1.0091859481311207	-17.387053847105985	138.0	31	1.05	0.95				
	302	2	54.85210377859649	11.309712119298245	0.0	0.0	3	1.0085653820106568	-17.541279293317636	138.0	32	1.05	0.95				
	303	1	101.78740907368422	20.922967420701756	0.0	0.0	3	1.0245826749434455	-10.229295281599848	138.0	31	1.05	0.95				
	304	1	41.84593484140351	8.482284089473684	0.0	0.0	3	1.0074254043307809	-15.784991286054979	138.0	31	1.05	0.95				
	305	1	40.14947802350876	7.916798483508772	0.0	0.0	3	1.0217846231058785	-16.42567001430321	138.0	31	1.05	0.95				
	306	1	76.90604241122807	15.833596967017543	0.0	-100.0	3	1.0364455440257385	-16.527250675388363	138.0	32	1.05	0.95				
	307	2	70.68570074561403	14.137140149122807	0.0	0.0	3	0.993858350352983	-22.972316994107175	138.0	32	1.05	0.95				
	308	1	96.69803861999999	19.791996208771927	0.0	0.0	3	0.9948190374225963	-20.298887441786565	138.0	32	1.05	0.95				
	309	1	98.95998104385964	20.35748181473684	0.0	0.0	3	1.025793895028591	-12.03555372719589	138.0	33	1.05	0.95				
	310	1	110.26969316315788	22.61942423859649	0.0	0.0	3	1.05	-13.649384976611872	138.0	33	1.05	0.95				
	311	1	0.0	0.0	0.0	0.0	3	1.0143725351906732	-6.804843333204852	230.0	33	1.05	0.95				
	312	1	0.0	0.0	0.0	0.0	3	1.0151022661258409	-6.4647211279308765	230.0	33	1.05	0.95				
	313	2	149.85368558070172	30.536222722105265	0.0	0.0	3	1.0217190914612844	-2.7796944715106586	230.0	34	1.05	0.95				
	314	2	109.70420755719297	22.053938632631578	0.0	0.0	3	1.0226193696744392	-4.307608388740921	230.0	36	1.05	0.95				
	315	2	179.2589370908772	36.191078781754385	0.0	0.0	3	1.0405281217836184	-0.5669904874118248	230.0	36	1.05	0.95				
	316	2	56.54856059649123	11.309712119298245	0.0	0.0	3	1.0392438607145815	-0.022062237116031655	230.0	36	1.05	0.95				
	317	1	0.0	0.0	0.0	0.0	3	1.0425320727794702	1.345974467077242	230.0	37	1.05	0.95				
	318	2	188.30670678631577	38.453021205614036	0.0	0.0	3	1.042000331127166	1.44074883196616	230.0	37	1.05	0.95				
	319	1	102.35289467964913	20.922967420701756	0.0	0.0	3	1.0348918863750778	-0.6585388201399512	230.0	35	1.05	0.95				
	320	1	72.38215756350877	14.70262575508772	0.0	0.0	3	1.0339472774485794	-0.8270408837648769	230.0	35	1.05	0.95				
	321	2	0.0	0.0	0.0	0.0	3	1.045084656050496	2.269354728632023	230.0	37	1.05	0.95				
	322	2	0.0	0.0	0.0	0.0	3	1.05	6.236181426082521	230.0	37	1.05	0.95				
	323	2	0.0	0.0	0.0	0.0	3	1.0341161318878864	-0.6746325959091415	230.0	35	1.05	0.95				
	324	1	0.0	0.0	0.0	0.0	3	1.0238938682707277	-3.2113898853078817	230.0	36	1.05	0.95				
	325	1	0.0	0.0	0.0	0.0	3	1.033118982755194	0.20442147831649526	230.0	35	1.05	0.95				
];
