%% MATPOWER Case Format : Version 2
function mpc = RTS_GMLC
mpc.version = '2';

%%-----  Power Flow Data  -----%%
%% system MVA base
mpc.baseMVA = 100.0;
%% bus data
%    bus_i    type    Pd    Qd    Gs    Bs    area    Vm    Va    baseKV    zone    Vmax    Vmin
mpc.bus = [
	101	2	41.1212271031579	8.376546261754386	0.0	0.0	1	1.0145952009084922	-3.7705021097719533	138.0	11	1.05	0.95				
	102	2	36.9329539722807	7.615042056140352	0.0	0.0	1	1.0143462340301603	-3.9701667743363194	138.0	12	1.05	0.95				
	103	1	68.53537850526315	14.087827803859648	0.0	0.0	1	1.0036801915286997	-0.7944306880912237	138.0	11	1.05	0.95				
	104	1	28.175655607719296	5.7112815421052625	0.0	0.0	1	1.0048387894493118	-4.105290602619197	138.0	11	1.05	0.95				
	105	1	27.033399299298246	5.330529439298246	0.0	0.0	1	1.0178346399367524	-5.092578803670714	138.0	11	1.05	0.95				
	106	1	51.78228598175439	10.661058878596492	0.0	-100.0	1	1.0276317193118991	-6.296819776763722	138.0	12	1.05	0.95				
	107	2	47.59401285087719	9.518802570175438	0.0	0.0	1	0.9843510698656807	-8.551290882401	138.0	12	1.05	0.95				
	108	1	65.10860957999999	13.326323598245612	0.0	0.0	1	0.9881169079223513	-8.046903347513332	138.0	12	1.05	0.95				
	109	1	66.63161799122807	13.707075701052633	0.0	0.0	1	1.0025784198452063	-3.636849969797322	138.0	13	1.05	0.95				
	110	1	74.24666004736842	15.230084112280704	0.0	0.0	1	1.0300262569332117	-5.178294166744016	138.0	13	1.05	0.95				
	111	1	0.0	0.0	0.0	0.0	1	0.9797701020533243	-1.5292892716368118	230.0	13	1.05	0.95				
	112	1	0.0	0.0	0.0	0.0	1	0.9814515168210189	-1.7208320013144758	230.0	13	1.05	0.95				
	113	3	100.89930724385965	20.56061355157895	0.0	0.0	1	0.9613352206380089	-1.6775642153428277e-26	230.0	14	1.05	0.95				
	114	2	73.8659079445614	14.849332009473684	0.0	0.0	1	0.9846839311199822	0.19698115755681658	230.0	16	1.05	0.95				
	115	2	120.69841658982456	24.368134579649123	0.0	0.0	1	0.98873538970609	6.207241303908765	230.0	16	1.05	0.95				
	116	2	38.075210280701754	7.615042056140352	0.0	0.0	1	0.9892792469248187	5.2175244520707516	230.0	16	1.05	0.95				
	117	1	0.0	0.0	0.0	0.0	1	0.995009826172555	8.661339798990788	230.0	17	1.05	0.95				
	118	2	126.79045023473685	25.891142990877196	0.0	0.0	1	0.9962875606284963	9.369030737972187	230.0	17	1.05	0.95				
	119	1	68.91613060807018	14.087827803859648	0.0	0.0	1	0.9897913770128165	3.287893945880241	230.0	15	1.05	0.95				
	120	1	48.736269159298246	9.899554672982456	0.0	0.0	1	0.9924876184359821	1.8857964103288676	230.0	15	1.05	0.95				
	121	2	0.0	0.0	0.0	0.0	1	0.9951606576420352	10.619129179854713	230.0	17	1.05	0.95				
	122	2	0.0	0.0	0.0	0.0	1	1.0166554886167771	17.135701507026546	230.0	17	1.05	0.95				
	123	2	0.0	0.0	0.0	0.0	1	0.994443723370152	1.429848697564241	230.0	15	1.05	0.95				
	124	1	0.0	0.0	0.0	0.0	1	0.985616812589421	3.512007950325378	230.0	16	1.05	0.95				
	201	2	40.170628042105264	8.182905712280702	0.0	0.0	2	1.0116892146944747	-6.9238166191475505	138.0	21	1.05	0.95				
	202	2	36.079175185964914	7.4390051929824565	0.0	0.0	2	1.0104917875540116	-7.093955256068618	138.0	22	1.05	0.95				
	203	1	66.95104673684212	13.762159607017544	0.0	0.0	2	0.9975466076780038	-5.415498806499623	138.0	21	1.05	0.95				
	204	1	27.52431921403509	5.579253894736842	0.0	0.0	2	1.0030773373708561	-6.327910760631296	138.0	21	1.05	0.95				
	205	1	26.408468435087716	5.20730363508772	0.0	0.0	2	1.0191024791542178	-6.55524348117063	138.0	21	1.05	0.95				
	206	1	50.58523531228071	10.41460727017544	0.0	-100.0	2	1.0314891526892693	-6.829386925015664	138.0	22	1.05	0.95				
	207	2	46.49378245614035	9.29875649122807	0.0	0.0	2	0.971562432333473	-11.248749554628183	138.0	22	1.05	0.95				
	208	1	63.6034944	13.018259087719297	0.0	0.0	2	0.9822427149542972	-9.585668761719944	138.0	22	1.05	0.95				
	209	1	65.0912954385965	13.39020934736842	0.0	0.0	2	1.007789516998198	-4.113700998036263	138.0	23	1.05	0.95				
	210	1	72.53030063157895	14.878010385964913	0.0	0.0	2	1.0355723853251053	-4.955905166672052	138.0	23	1.05	0.95				
	211	1	0.0	0.0	0.0	0.0	2	0.9865984689621093	-2.0850696133337743	230.0	23	1.05	0.95				
	212	1	0.0	0.0	0.0	0.0	2	0.9909772209205778	2.7933118367392025	230.0	23	1.05	0.95				
	213	2	98.56681880701754	20.085314021052632	0.0	0.0	2	0.9824084480684074	0.29888439253263965	230.0	24	1.05	0.95				
	214	2	72.15835037192983	14.50606012631579	0.0	0.0	2	0.9796063886693767	-1.5675390048652302	230.0	26	1.05	0.95				
	215	2	117.90823230877191	23.80481661754386	0.0	0.0	2	0.9896602737809536	1.8964586642153798	230.0	26	1.05	0.95				
	216	2	37.19502596491228	7.4390051929824565	0.0	0.0	2	0.9876053445523387	1.5958252337602756	230.0	26	1.05	0.95				
	217	1	0.0	0.0	0.0	0.0	2	0.9971627132566455	2.2945721924250946	230.0	27	1.05	0.95				
	218	2	123.85943646315789	25.292617656140354	0.0	0.0	2	0.9977505540867999	2.0139943582117685	230.0	27	1.05	0.95				
	219	1	67.32299699649124	13.762159607017544	0.0	0.0	2	0.9829882163870904	2.288020156352795	230.0	25	1.05	0.95				
	220	1	47.60963323508772	9.670706750877194	0.0	0.0	2	0.9816745500025698	3.6864914957347423	230.0	25	1.05	0.95				
	221	2	0.0	0.0	0.0	0.0	2	0.9999703520703351	2.6832935074212805	230.0	27	1.05	0.95				
	222	2	0.0	0.0	0.0	0.0	2	1.0180532204015902	8.447640347323555	230.0	27	1.05	0.95				
	223	2	0.0	0.0	0.0	0.0	2	0.9818541567685066	4.771744606200452	230.0	25	1.05	0.95				
	224	1	0.0	0.0	0.0	0.0	2	0.9835824006176127	-0.8947538049020192	230.0	26	1.05	0.95				
	301	2	45.748813680000005	9.319202786666667	0.0	0.0	3	1.012659852265904	28.459958085498346	138.0	31	1.05	0.95				
	302	2	41.089212286666665	8.472002533333335	0.0	0.0	3	1.0127894036554437	28.385923393645317	138.0	32	1.05	0.95				
	303	1	76.2480228	15.673204686666667	0.0	0.0	3	1.0061056499023568	32.250773562473846	138.0	31	1.05	0.95				
	304	1	31.346409373333334	6.3540019	0.0	0.0	3	1.0039190827247513	29.826019335659105	138.0	31	1.05	0.95				
	305	1	30.075608993333336	5.930401773333334	0.0	0.0	3	1.0197102789336558	29.656102270643157	138.0	31	1.05	0.95				
	306	1	57.60961722666668	11.860803546666668	0.0	-100.0	3	1.0324236822676234	29.81088686044769	138.0	32	1.05	0.95				
	307	2	52.95001583333334	10.590003166666667	0.0	0.0	3	0.9728983592228125	28.88214636314563	138.0	32	1.05	0.95				
	308	1	72.43562166000001	14.826004433333335	0.0	0.0	3	0.9914107829221155	30.65969958910125	138.0	32	1.05	0.95				
	309	1	74.13002216666666	15.24960456	0.0	0.0	3	1.0100518181173597	32.80234877408918	138.0	33	1.05	0.95				
	310	1	82.6020247	16.94400506666667	0.0	0.0	3	1.0381542401377999	32.25365922128904	138.0	33	1.05	0.95				
	311	1	0.0	0.0	0.0	0.0	3	0.9850127303736697	35.89233059510391	230.0	33	1.05	0.95				
	312	1	0.0	0.0	0.0	0.0	3	0.9921793544643399	36.579413641250426	230.0	33	1.05	0.95				
	313	2	112.25403356666668	22.874406840000002	0.0	0.0	3	0.9925956465476045	42.35419022156491	230.0	34	1.05	0.95				
	314	2	82.17842457333333	16.520404940000002	0.0	0.0	3	0.9718813704034619	33.72392345928972	230.0	36	1.05	0.95				
	315	2	134.28124015333333	27.110408106666668	0.0	0.0	3	0.9821378854482447	26.15041929418794	230.0	36	1.05	0.95				
	316	2	42.36001266666667	8.472002533333335	0.0	0.0	3	0.9706813105973437	27.24682953006786	230.0	36	1.05	0.95				
	317	1	0.0	0.0	0.0	0.0	3	0.9839743777586973	24.982789594984382	230.0	37	1.05	0.95				
	318	2	141.05884218	28.80480861333334	0.0	0.0	3	0.9858027834310218	23.03463385723389	230.0	37	1.05	0.95				
	319	1	76.67162292666667	15.673204686666667	0.0	0.0	3	0.9769447485842317	29.41700417184275	230.0	35	1.05	0.95				
	320	1	54.220816213333336	11.013603293333334	0.0	0.0	3	0.9823134083429514	30.445769655705973	230.0	35	1.05	0.95				
	321	2	0.0	0.0	0.0	0.0	3	0.9918747039496129	24.586849114062776	230.0	37	1.05	0.95				
	322	2	0.0	0.0	0.0	0.0	3	1.0082144186212811	28.636752612836816	230.0	37	1.05	0.95				
	323	2	0.0	0.0	0.0	0.0	3	0.9841693940477204	30.522552576269167	230.0	35	1.05	0.95				
	324	1	0.0	0.0	0.0	0.0	3	0.9912920006745586	30.42291836485152	230.0	36	1.05	0.95				
	325	1	0.0	0.0	0.0	0.0	3	0.9845702780941806	28.840886374274856	230.0	35	1.05	0.95				
];
