%% MATPOWER Case Format : Version 2
function mpc = RTS_GMLC
mpc.version = '2';

%%-----  Power Flow Data  -----%%
%% system MVA base
mpc.baseMVA = 100.0;
%% bus data
%    bus_i    type    Pd    Qd    Gs    Bs    area    Vm    Va    baseKV    zone    Vmax    Vmin
mpc.bus = [
	101	2	55.93715981052632	11.394606628070173	0.0	0.0	1	1.0275315773921805	-0.24290955081123497	138.0	11	1.05	0.95				
	102	2	50.23985649649122	10.358733298245614	0.0	0.0	1	1.0265479388631968	-0.5597911013507263	138.0	12	1.05	0.95				
	103	1	93.22859968421051	19.163656601754383	0.0	0.0	1	1.0256351110606443	0.5382496917441771	138.0	11	1.05	0.95				
	104	1	38.327313203508766	7.76904997368421	0.0	0.0	1	1.016845539750517	-3.2409293575938394	138.0	11	1.05	0.95				
	105	1	36.77350320877192	7.25111330877193	0.0	0.0	1	1.0317321503973464	-3.2671350018499083	138.0	11	1.05	0.95				
	106	1	70.43938642807018	14.50222661754386	0.0	-100.0	1	1.041438589321555	-5.511748920071853	138.0	12	1.05	0.95				
	107	2	64.74208311403508	12.948416622807017	0.0	0.0	1	0.9978179261417414	-13.472180148198362	138.0	12	1.05	0.95				
	108	1	88.56716969999998	18.12778327192982	0.0	0.0	1	0.9981748187439387	-11.055935001816769	138.0	12	1.05	0.95				
	109	1	90.63891635964912	18.645719936842102	0.0	0.0	1	1.0246747004736612	-3.3155258536797683	138.0	13	1.05	0.95				
	110	1	100.99764965789473	20.717466596491228	0.0	0.0	1	1.05	-4.678713032268734	138.0	13	1.05	0.95				
	111	1	0.0	0.0	0.0	0.0	1	1.0113094679443555	-0.3027959941461727	230.0	13	1.05	0.95				
	112	1	0.0	0.0	0.0	0.0	1	1.0141306589765682	-0.6551611592520233	230.0	13	1.05	0.95				
	113	3	137.25321620175436	27.96857990526316	0.0	0.0	1	1.0078811232748912	8.703491582280542e-31	230.0	14	1.05	0.95				
	114	2	100.47971299298244	20.199529931578944	0.0	0.0	1	1.017317720195278	3.1744555218161437	230.0	16	1.05	0.95				
	115	2	164.18592277719296	33.14794655438596	0.0	0.0	1	1.0429055805836456	12.127512158167931	230.0	16	1.05	0.95				
	116	2	51.793666491228066	10.358733298245614	0.0	0.0	1	1.0397460248261436	11.164499233898692	230.0	16	1.05	0.95				
	117	1	0.0	0.0	0.0	0.0	1	1.0415444911550327	16.16381560805808	230.0	17	1.05	0.95				
	118	2	172.47290941578945	35.21969321403509	0.0	0.0	1	1.05	16.326036219208373	230.0	17	1.05	0.95				
	119	1	93.7465363491228	19.163656601754383	0.0	0.0	1	1.033510409980228	8.050157168151186	230.0	15	1.05	0.95				
	120	1	66.29589310877192	13.466353287719295	0.0	0.0	1	1.0339122824110638	6.3235549948574805	230.0	15	1.05	0.95				
	121	2	0.0	0.0	0.0	0.0	1	1.05	17.718049675275537	230.0	17	1.05	0.95				
	122	2	0.0	0.0	0.0	0.0	1	1.05	35.38195360462241	230.0	17	1.05	0.95				
	123	2	0.0	0.0	0.0	0.0	1	1.0351770990309106	5.7646189757440665	230.0	15	1.05	0.95				
	124	1	0.0	0.0	0.0	0.0	1	1.0219225476681844	7.81275213246735	230.0	16	1.05	0.95				
	201	2	58.32645995368421	11.881315916491227	0.0	0.0	2	1.0231526897919392	-16.026808155795152	138.0	21	1.05	0.95				
	202	2	52.385801995438584	10.801196287719298	0.0	0.0	2	1.0241835235575216	-15.86416224028125	138.0	22	1.05	0.95				
	203	1	97.21076658947368	19.982213132280698	0.0	0.0	2	1.015475081787487	-13.678524059121239	138.0	21	1.05	0.95				
	204	1	39.964426264561396	8.100897215789473	0.0	0.0	2	1.0149659260818606	-17.221610967160185	138.0	21	1.05	0.95				
	205	1	38.3442468214035	7.560837401403509	0.0	0.0	2	1.0298277727296123	-17.66604657913888	138.0	21	1.05	0.95				
	206	1	73.44813475649123	15.121674802807018	0.0	-100.0	2	1.0408522613207178	-19.06250443622999	138.0	22	1.05	0.95				
	207	2	67.5074767982456	13.501495359649121	0.0	0.0	2	0.9892578361510744	-26.795450410400907	138.0	22	1.05	0.95				
	208	1	92.35022826	18.90209350350877	0.0	0.0	2	0.9919036244334738	-24.249940458689824	138.0	22	1.05	0.95				
	209	1	94.51046751754384	19.442153317894732	0.0	0.0	2	1.0235084703830626	-16.114507742878345	138.0	23	1.05	0.95				
	210	1	105.31166380526314	21.602392575438596	0.0	0.0	2	1.05	-17.59533085716237	138.0	23	1.05	0.95				
	211	1	0.0	0.0	0.0	0.0	2	1.013317796900885	-12.633946129021972	230.0	23	1.05	0.95				
	212	1	0.0	0.0	0.0	0.0	2	1.0134448917138796	-11.522478860699094	230.0	23	1.05	0.95				
	213	2	143.11585081228068	29.163229976842103	0.0	0.0	2	1.0142888486841781	-11.006895741301477	230.0	24	1.05	0.95				
	214	2	104.77160399087717	21.06233276105263	0.0	0.0	2	1.0194240679730728	-9.813558628858274	230.0	26	1.05	0.95				
	215	2	171.19896116035085	34.56382812070175	0.0	0.0	2	1.0329476109559077	-2.3616368179645373	230.0	26	1.05	0.95				
	216	2	54.005981438596486	10.801196287719298	0.0	0.0	2	1.0357163262124403	-2.5373480346131614	230.0	26	1.05	0.95				
	217	1	0.0	0.0	0.0	0.0	2	1.037744172327603	-0.18843705550749681	230.0	27	1.05	0.95				
	218	2	179.8399181905263	36.724067378245614	0.0	0.0	2	1.0371032465195331	-0.8676628882980971	230.0	27	1.05	0.95				
	219	1	97.75082640385963	19.982213132280698	0.0	0.0	2	1.037274998540474	-2.4879371314314906	230.0	25	1.05	0.95				
	220	1	69.1276562414035	14.041555174035086	0.0	0.0	2	1.0427852441455288	-1.42039563513938	230.0	25	1.05	0.95				
	221	2	0.0	0.0	0.0	0.0	2	1.038062180717317	-0.559588819815342	230.0	27	1.05	0.95				
	222	2	0.0	0.0	0.0	0.0	2	1.05	6.086911002565062	230.0	27	1.05	0.95				
	223	2	0.0	0.0	0.0	0.0	2	1.0471870715629719	-0.44092787748435464	230.0	25	1.05	0.95				
	224	1	0.0	0.0	0.0	0.0	2	1.0123806477527242	-6.572984047905961	230.0	26	1.05	0.95				
	301	2	49.3875355831579	10.06042391508772	0.0	0.0	3	1.009727634157579	-5.103915297233281	138.0	31	1.05	0.95				
	302	2	44.35732362561403	9.145839922807019	0.0	0.0	3	1.0092236572256776	-5.3452235682302645	138.0	32	1.05	0.95				
	303	1	82.31255930526315	16.91980385719298	0.0	0.0	3	1.0458671584310482	5.246105041308763	138.0	31	1.05	0.95				
	304	1	33.83960771438596	6.859379942105264	0.0	0.0	3	1.0119371793833771	-3.7958762430237774	138.0	31	1.05	0.95				
	305	1	32.46773172596491	6.4020879459649125	0.0	0.0	3	1.0241873294573443	-5.663134129550281	138.0	31	1.05	0.95				
	306	1	62.19171147508772	12.804175891929825	0.0	-100.0	3	1.0398999421957449	-6.510395015907224	138.0	32	1.05	0.95				
	307	2	57.16149951754386	11.432299903508772	0.0	0.0	3	0.9893503503117501	-10.913053675583043	138.0	32	1.05	0.95				
	308	1	78.19693133999999	16.005219864912277	0.0	0.0	3	0.9965629927623654	-8.845899353717586	138.0	32	1.05	0.95				
	309	1	80.0260993245614	16.462511861052633	0.0	0.0	3	1.028805408138609	-0.6678173594390133	138.0	33	1.05	0.95				
	310	1	89.17193924736841	18.291679845614038	0.0	0.0	3	1.05	-4.7481167319504864	138.0	33	1.05	0.95				
	311	1	0.0	0.0	0.0	0.0	3	1.0099206451607412	0.015249066681819263	230.0	33	1.05	0.95				
	312	1	0.0	0.0	0.0	0.0	3	1.0153549199698098	0.7945966916960974	230.0	33	1.05	0.95				
	313	2	121.18237897719297	24.69376779157895	0.0	0.0	3	1.0128769513652165	3.0293595873735257	230.0	34	1.05	0.95				
	314	2	88.71464725122806	17.834387849473686	0.0	0.0	3	1.0045776177110863	0.20826343516006843	230.0	36	1.05	0.95				
	315	2	144.9615627764912	29.266687752982456	0.0	0.0	3	1.039371333377782	3.2528745307198887	230.0	36	1.05	0.95				
	316	2	45.72919961403509	9.145839922807019	0.0	0.0	3	1.0353227577878412	3.1897439596779438	230.0	36	1.05	0.95				
	317	1	0.0	0.0	0.0	0.0	3	1.047240168512771	6.5867560432113015	230.0	37	1.05	0.95				
	318	2	152.27823471473684	31.09585573754386	0.0	0.0	3	1.04540321527075	4.821691839527019	230.0	37	1.05	0.95				
	319	1	82.7698513014035	16.91980385719298	0.0	0.0	3	1.0291586665163106	3.025044573218932	230.0	35	1.05	0.95				
	320	1	58.53337550596491	11.889591899649123	0.0	0.0	3	1.026992470828933	3.7690689252807696	230.0	35	1.05	0.95				
	321	2	0.0	0.0	0.0	0.0	3	1.0443801887154218	4.898817870210767	230.0	37	1.05	0.95				
	322	2	0.0	0.0	0.0	0.0	3	1.05	9.8967293582142	230.0	37	1.05	0.95				
	323	2	0.0	0.0	0.0	0.0	3	1.0266915094738178	4.531837336669148	230.0	35	1.05	0.95				
	324	1	0.0	0.0	0.0	0.0	3	1.0385420025674996	4.018191714100376	230.0	36	1.05	0.95				
	325	1	0.0	0.0	0.0	0.0	3	1.0251054744780326	5.652321880270468	230.0	35	1.05	0.95				
];
