%% MATPOWER Case Format : Version 2
function mpc = RTS_GMLC
mpc.version = '2';

%%-----  Power Flow Data  -----%%
%% system MVA base
mpc.baseMVA = 100.0;
%% bus data
%    bus_i    type    Pd    Qd    Gs    Bs    area    Vm    Va    baseKV    zone    Vmax    Vmin
mpc.bus = [
	101	2	39.21078675789473	7.987382487719298	0.0	0.0	1	1.0132653652900507	-0.9541670228135679	138.0	11	1.05	0.95				
	102	2	35.21709551403509	7.261256807017544	0.0	0.0	1	1.0111171989639798	-1.5263252693678826	138.0	12	1.05	0.95				
	103	1	65.35131126315788	13.433325092982454	0.0	0.0	1	1.0272153262350687	2.06545284744484	138.0	11	1.05	0.95				
	104	1	26.866650185964907	5.445942605263157	0.0	0.0	1	1.012964955572139	-2.706528833485569	138.0	11	1.05	0.95				
	105	1	25.777461664912277	5.08287976491228	0.0	0.0	1	1.0270816658818787	-2.8829030613354303	138.0	11	1.05	0.95				
	106	1	49.3765462877193	10.16575952982456	0.0	-100.0	1	1.042706549375755	-4.46822697329572	138.0	12	1.05	0.95				
	107	2	45.38285504385964	9.076571008771928	0.0	0.0	1	0.9989166729259176	-10.76270578717246	138.0	12	1.05	0.95				
	108	1	62.083745699999994	12.707199412280701	0.0	0.0	1	1.00438138924384	-8.539641307850248	138.0	12	1.05	0.95				
	109	1	63.535997061403506	13.070262252631576	0.0	0.0	1	1.0241920181725215	-2.151183505921698	138.0	13	1.05	0.95				
	110	1	70.79725386842104	14.522513614035088	0.0	0.0	1	1.05	-3.639273802434451	138.0	13	1.05	0.95				
	111	1	0.0	0.0	0.0	0.0	1	1.0065123200590096	0.41573447339871716	230.0	13	1.05	0.95				
	112	1	0.0	0.0	0.0	0.0	1	1.010106270831523	-0.7513923579223457	230.0	13	1.05	0.95				
	113	3	96.21165269298244	19.605393378947365	0.0	0.0	1	0.9983571642603727	-2.1353541859794636e-31	230.0	14	1.05	0.95				
	114	2	70.43419102807017	14.15945077368421	0.0	0.0	1	1.0113087878563418	4.1807626919452705	230.0	16	1.05	0.95				
	115	2	115.09092039122805	23.23602178245614	0.0	0.0	1	1.041090328059987	13.511480635079822	230.0	16	1.05	0.95				
	116	2	36.306284035087714	7.261256807017544	0.0	0.0	1	1.0350479048473848	11.589646491431532	230.0	16	1.05	0.95				
	117	1	0.0	0.0	0.0	0.0	1	1.0410010296186714	17.197756348891208	230.0	17	1.05	0.95				
	118	2	120.8999258368421	24.68827314385965	0.0	0.0	1	1.05	18.104824905808726	230.0	17	1.05	0.95				
	119	1	65.71437410350876	13.433325092982454	0.0	0.0	1	1.024857214701625	7.316489615609849	230.0	15	1.05	0.95				
	120	1	46.47204356491228	9.439633849122806	0.0	0.0	1	1.0223235556040444	4.273017023102882	230.0	15	1.05	0.95				
	121	2	0.0	0.0	0.0	0.0	1	1.05	19.830597554067143	230.0	17	1.05	0.95				
	122	2	0.0	0.0	0.0	0.0	1	1.05	32.98384112136579	230.0	17	1.05	0.95				
	123	2	0.0	0.0	0.0	0.0	1	1.0219397252505835	2.8766791944301993	230.0	15	1.05	0.95				
	124	1	0.0	0.0	0.0	0.0	1	1.0215862278560062	9.236532901816656	230.0	16	1.05	0.95				
	201	2	42.584605692631584	8.674641900350878	0.0	0.0	2	1.0103313332136292	-17.16994966155357	138.0	21	1.05	0.95				
	202	2	38.24728474245614	7.8860380912280705	0.0	0.0	2	1.0094134375035817	-17.475980203557988	138.0	22	1.05	0.95				
	203	1	70.97434282105264	14.58917046877193	0.0	0.0	2	1.0150563966742727	-12.56759596555834	138.0	21	1.05	0.95				
	204	1	29.17834093754386	5.914528568421053	0.0	0.0	2	1.0106191686898105	-17.169956875208072	138.0	21	1.05	0.95				
	205	1	27.995435223859648	5.520226663859649	0.0	0.0	2	1.0253896183645848	-17.664299477148415	138.0	21	1.05	0.95				
	206	1	53.62505902035088	11.040453327719298	0.0	-100.0	2	1.0417715895061659	-18.444166627099495	138.0	22	1.05	0.95				
	207	2	49.28773807017544	9.857547614035088	0.0	0.0	2	0.9921619516754293	-23.092878554804642	138.0	22	1.05	0.95				
	208	1	67.42562568	13.800566659649121	0.0	0.0	2	0.9997096079095481	-21.342832824464875	138.0	22	1.05	0.95				
	209	1	69.00283329824562	14.194868564210525	0.0	0.0	2	1.0227965272155943	-15.281373723018117	138.0	23	1.05	0.95				
	210	1	76.88887138947368	15.772076182456141	0.0	0.0	2	1.05	-16.885353513480744	138.0	23	1.05	0.95				
	211	1	0.0	0.0	0.0	0.0	2	1.0067171756848219	-12.394691385649192	230.0	23	1.05	0.95				
	212	1	0.0	0.0	0.0	0.0	2	1.0106842383615198	-11.880804208756478	230.0	23	1.05	0.95				
	213	2	104.49000470877192	21.292302846315792	0.0	0.0	2	1.0031778969218952	-11.267422302998334	230.0	24	1.05	0.95				
	214	2	76.49456948491228	15.377774277894737	0.0	0.0	2	1.0087302910875378	-9.590786663301111	230.0	26	1.05	0.95				
	215	2	124.99370374596491	25.235321891929825	0.0	0.0	2	1.0256713714447157	-2.664657332028126	230.0	26	1.05	0.95				
	216	2	39.43019045614035	7.8860380912280705	0.0	0.0	2	1.0280254471734938	-3.2692222963532696	230.0	26	1.05	0.95				
	217	1	0.0	0.0	0.0	0.0	2	1.0308843636521123	-1.176422946149018	230.0	27	1.05	0.95				
	218	2	131.3025342189474	26.81252951017544	0.0	0.0	2	1.0303283095296323	-1.665839144982247	230.0	27	1.05	0.95				
	219	1	71.36864472561403	14.58917046877193	0.0	0.0	2	1.0309609155678259	-3.9673029513213156	230.0	25	1.05	0.95				
	220	1	50.47064378385965	10.251849518596492	0.0	0.0	2	1.035984553782696	-3.806988801159894	230.0	25	1.05	0.95				
	221	2	0.0	0.0	0.0	0.0	2	1.031871929164314	-1.1980154354776273	230.0	27	1.05	0.95				
	222	2	0.0	0.0	0.0	0.0	2	1.05	5.304481128976315	230.0	27	1.05	0.95				
	223	2	0.0	0.0	0.0	0.0	2	1.0391439954531163	-3.422744559243018	230.0	25	1.05	0.95				
	224	1	0.0	0.0	0.0	0.0	2	1.0094998075802117	-6.3722261450538324	230.0	26	1.05	0.95				
	301	2	46.67130655578947	9.507118002105262	0.0	0.0	3	1.013413763766369	17.16323379876807	138.0	31	1.05	0.95				
	302	2	41.917747554736835	8.642834547368421	0.0	0.0	3	1.0125221059301495	16.802418442172847	138.0	32	1.05	0.95				
	303	1	77.78551092631578	15.989243912631576	0.0	0.0	3	1.0494132578883566	31.908660594969152	138.0	31	1.05	0.95				
	304	1	31.97848782526315	6.482125910526316	0.0	0.0	3	1.0109800742636676	18.08550196198	138.0	31	1.05	0.95				
	305	1	30.682062643157888	6.049984183157894	0.0	0.0	3	1.0263345135247348	15.576109884128963	138.0	31	1.05	0.95				
	306	1	58.771274922105256	12.099968366315789	0.0	-100.0	3	1.0411969543632922	14.170978358582046	138.0	32	1.05	0.95				
	307	2	54.01771592105262	10.803543184210525	0.0	0.0	3	0.9842168952951399	10.39479510036396	138.0	32	1.05	0.95				
	308	1	73.89623537999998	15.124960457894735	0.0	0.0	3	0.993146100259361	12.332982088337358	138.0	32	1.05	0.95				
	309	1	75.62480228947366	15.557102185263155	0.0	0.0	3	1.0231213873940765	20.91900050440879	138.0	33	1.05	0.95				
	310	1	84.2676368368421	17.285669094736843	0.0	0.0	3	1.05	15.37947502087936	138.0	33	1.05	0.95				
	311	1	0.0	0.0	0.0	0.0	3	1.0102773398104863	19.08158009159075	230.0	33	1.05	0.95				
	312	1	0.0	0.0	0.0	0.0	3	1.0165691088017437	19.418059893195974	230.0	33	1.05	0.95				
	313	2	114.51755775263155	23.335653277894735	0.0	0.0	3	1.0136390376711673	21.040172770572788	230.0	34	1.05	0.95				
	314	2	83.83549510947367	16.85352736736842	0.0	0.0	3	1.0034855938280054	18.390721448982962	230.0	36	1.05	0.95				
	315	2	136.98892757578943	27.657070551578943	0.0	0.0	3	1.0480416455936468	20.33766334615737	230.0	36	1.05	0.95				
	316	2	43.2141727368421	8.642834547368421	0.0	0.0	3	1.0335236660862686	19.999962463664044	230.0	36	1.05	0.95				
	317	1	0.0	0.0	0.0	0.0	3	1.05	23.15433972617828	230.0	37	1.05	0.95				
	318	2	143.9031952136842	29.385637461052628	0.0	0.0	3	1.0481550666020227	19.85791727632597	230.0	37	1.05	0.95				
	319	1	78.2176526536842	15.989243912631576	0.0	0.0	3	1.0269579805109703	18.988812162416533	230.0	35	1.05	0.95				
	320	1	55.31414110315789	11.235684911578945	0.0	0.0	3	1.0242876065828999	18.946372592344073	230.0	35	1.05	0.95				
	321	2	0.0	0.0	0.0	0.0	3	1.0486060392287548	20.679642177336465	230.0	37	1.05	0.95				
	322	2	0.0	0.0	0.0	0.0	3	1.05	25.997259054950014	230.0	37	1.05	0.95				
	323	2	0.0	0.0	0.0	0.0	3	1.023390680116902	19.25829657182821	230.0	35	1.05	0.95				
	324	1	0.0	0.0	0.0	0.0	3	1.0448952053563294	24.758390639438492	230.0	36	1.05	0.95				
	325	1	0.0	0.0	0.0	0.0	3	1.0263770702055661	19.321001870928633	230.0	35	1.05	0.95				
];
