%% MATPOWER Case Format : Version 2
function mpc = RTS_GMLC
mpc.version = '2';

%%-----  Power Flow Data  -----%%
%% system MVA base
mpc.baseMVA = 100.0;
%% bus data
%    bus_i    type    Pd    Qd    Gs    Bs    area    Vm    Va    baseKV    zone    Vmax    Vmin
mpc.bus = [
	101	2	37.59426026905264	7.658090054807018	0.0	0.0	1	1.0334052159668996	3.6059621800690813	138.0	11	1.05	0.95				
	102	2	33.76521524164913	6.961900049824562	0.0	0.0	1	1.0325321668957532	3.3580674168875326	138.0	12	1.05	0.95				
	103	1	62.657100448421055	12.879515092175438	0.0	0.0	1	1.0293014688683637	1.4969242474411932	138.0	11	1.05	0.95				
	104	1	25.759030184350877	5.221425037368421	0.0	0.0	1	1.0223380241136306	0.21274724642997936	138.0	11	1.05	0.95				
	105	1	24.71474517687719	4.873330034877195	0.0	0.0	1	1.0368444620664001	0.4928234467810386	138.0	11	1.05	0.95				
	106	1	47.340920338807024	9.74666006975439	0.0	-100.0	1	1.0475190188320285	-1.6583168894351723	138.0	12	1.05	0.95				
	107	2	43.511875311403514	8.702375062280703	0.0	0.0	1	1.0008086877660838	-7.08565585084709	138.0	12	1.05	0.95				
	108	1	59.524245426	12.183325087192982	0.0	0.0	1	1.007029216297931	-5.693914858749396	138.0	12	1.05	0.95				
	109	1	60.916625435964924	12.531420089684211	0.0	0.0	1	1.0243020663168807	-0.9458695677574646	138.0	13	1.05	0.95				
	110	1	67.87852548578948	13.923800099649124	0.0	0.0	1	1.05	-1.56455151519832	138.0	13	1.05	0.95				
	111	1	0.0	0.0	0.0	0.0	1	1.000821112183887	0.35054370201925367	230.0	13	1.05	0.95				
	112	1	0.0	0.0	0.0	0.0	1	1.0061963182577318	0.520098306358942	230.0	13	1.05	0.95				
	113	3	92.24517566017543	18.79713013452632	0.0	0.0	1	0.9900179703987282	1.9838860267235213e-30	230.0	14	1.05	0.95				
	114	2	67.53043048329826	13.575705097157897	0.0	0.0	1	0.9963879432648434	2.4028133322590137	230.0	16	1.05	0.95				
	115	2	110.3461157897193	22.2780801594386	0.0	0.0	1	1.0331823556571749	7.546883192877292	230.0	16	1.05	0.95				
	116	2	34.80950024912281	6.961900049824562	0.0	0.0	1	1.0291179756510154	7.262644709970544	230.0	16	1.05	0.95				
	117	1	0.0	0.0	0.0	0.0	1	1.0379130435415378	9.398701000889949	230.0	17	1.05	0.95				
	118	2	115.91563582957896	23.670460169403512	0.0	0.0	1	1.0408200349854317	9.53501330156609	230.0	17	1.05	0.95				
	119	1	63.00519545091229	12.879515092175438	0.0	0.0	1	1.0228296059399373	6.102070184088535	230.0	15	1.05	0.95				
	120	1	44.5561603188772	9.050470064771932	0.0	0.0	1	1.0195217265909504	5.772679098509893	230.0	15	1.05	0.95				
	121	2	0.0	0.0	0.0	0.0	1	1.044659220270483	10.462171217711637	230.0	17	1.05	0.95				
	122	2	0.0	0.0	0.0	0.0	1	1.05	16.95174694828883	230.0	17	1.05	0.95				
	123	2	0.0	0.0	0.0	0.0	1	1.01785964714425	5.865731978997263	230.0	15	1.05	0.95				
	124	1	0.0	0.0	0.0	0.0	1	1.023491503620994	5.271118997751743	230.0	16	1.05	0.95				
	201	2	42.3126082231579	8.619235008421052	0.0	0.0	2	1.0221702545275115	-8.269017943599382	138.0	21	1.05	0.95				
	202	2	38.00299071894737	7.835668189473685	0.0	0.0	2	1.0226063670953043	-8.210175913458931	138.0	22	1.05	0.95				
	203	1	70.52101370526316	14.495986150526315	0.0	0.0	2	1.0162224917157199	-6.965416083184413	138.0	21	1.05	0.95				
	204	1	28.99197230105263	5.876751142105263	0.0	0.0	2	1.0167217577479695	-9.376561035394321	138.0	21	1.05	0.95				
	205	1	27.81662207263158	5.48496773263158	0.0	0.0	2	1.0314190421308915	-9.650873055275413	138.0	21	1.05	0.95				
	206	1	53.28254368842106	10.96993546526316	0.0	-100.0	2	1.0448068278938487	-10.81897307449592	138.0	22	1.05	0.95				
	207	2	48.97292618421053	9.794585236842106	0.0	0.0	2	0.9938433375986825	-16.21989019897938	138.0	22	1.05	0.95				
	208	1	66.99496302	13.712419331578948	0.0	0.0	2	1.000758812760646	-14.477201093970296	138.0	22	1.05	0.95				
	209	1	68.56209665789474	14.104202741052632	0.0	0.0	2	1.022581984990298	-8.709789563392418	138.0	23	1.05	0.95				
	210	1	76.39776484736842	15.67133637894737	0.0	0.0	2	1.05	-9.786864090361128	138.0	23	1.05	0.95				
	211	1	0.0	0.0	0.0	0.0	2	1.0033126710041136	-6.218800609169273	230.0	23	1.05	0.95				
	212	1	0.0	0.0	0.0	0.0	2	1.0072650736220488	-5.447551248468504	230.0	23	1.05	0.95				
	213	2	103.82260351052632	21.15630411157895	0.0	0.0	2	0.9977226306759573	-5.03254199960469	230.0	24	1.05	0.95				
	214	2	76.00598143789475	15.279552969473686	0.0	0.0	2	1.0014636829335568	-4.091709527987024	230.0	26	1.05	0.95				
	215	2	124.1953408031579	25.074138206315794	0.0	0.0	2	1.0184686836137684	1.2950655140331424	230.0	26	1.05	0.95				
	216	2	39.178340947368426	7.835668189473685	0.0	0.0	2	1.0202185951679514	1.2879420636159515	230.0	26	1.05	0.95				
	217	1	0.0	0.0	0.0	0.0	2	1.0250775138127906	2.9334325919024544	230.0	27	1.05	0.95				
	218	2	130.46387535473684	26.64127184421053	0.0	0.0	2	1.0243056508250425	2.408817483030383	230.0	27	1.05	0.95				
	219	1	70.91279711473685	14.495986150526315	0.0	0.0	2	1.0216876782368634	1.2161295504532825	230.0	25	1.05	0.95				
	220	1	50.14827641263159	10.186368646315792	0.0	0.0	2	1.025425715931864	1.925597413438943	230.0	25	1.05	0.95				
	221	2	0.0	0.0	0.0	0.0	2	1.0259984873810575	2.8463960490420193	230.0	27	1.05	0.95				
	222	2	0.0	0.0	0.0	0.0	2	1.048092762936453	9.394632908810635	230.0	27	1.05	0.95				
	223	2	0.0	0.0	0.0	0.0	2	1.0280511741900336	2.615197843053705	230.0	25	1.05	0.95				
	224	1	0.0	0.0	0.0	0.0	2	1.0073484133561958	-1.8225839031506836	230.0	26	1.05	0.95				
	301	2	53.09459033684211	10.815564698245613	0.0	0.0	3	1.0166423920735501	-10.591406034353058	138.0	31	1.05	0.95				
	302	2	47.68680798771929	9.832331543859649	0.0	0.0	3	1.014879335262972	-10.96402491234623	138.0	32	1.05	0.95				
	303	1	88.49098389473683	18.18981335614035	0.0	0.0	3	1.05	3.9908414699549453	138.0	31	1.05	0.95				
	304	1	36.3796267122807	7.374248657894736	0.0	0.0	3	1.0101410396925352	-9.954650690983664	138.0	31	1.05	0.95				
	305	1	34.904776980701754	6.882632080701755	0.0	0.0	3	1.0272511052133277	-11.619978322795118	138.0	31	1.05	0.95				
	306	1	66.85985449824561	13.76526416140351	0.0	-100.0	3	1.0402298663502805	-12.77727858813884	138.0	32	1.05	0.95				
	307	2	61.452072149122806	12.29041442982456	0.0	0.0	3	0.9898565318458519	-18.08934046497654	138.0	32	1.05	0.95				
	308	1	84.06643469999999	17.206580201754385	0.0	0.0	3	0.9937948322532507	-15.80277983765679	138.0	32	1.05	0.95				
	309	1	86.03290100877192	17.698196778947366	0.0	0.0	3	1.0217183924697621	-7.095279760520137	138.0	33	1.05	0.95				
	310	1	95.86523255263157	19.664663087719298	0.0	0.0	3	1.05	-11.075195356395835	138.0	33	1.05	0.95				
	311	1	0.0	0.0	0.0	0.0	3	1.011450057911652	-6.170198486618512	230.0	33	1.05	0.95				
	312	1	0.0	0.0	0.0	0.0	3	1.0141944038787094	-5.516200761905211	230.0	33	1.05	0.95				
	313	2	130.27839295614035	26.547295168421055	0.0	0.0	3	1.0129584112824157	-3.297014764642086	230.0	34	1.05	0.95				
	314	2	95.37361597543858	19.173046510526316	0.0	0.0	3	1.012706698189049	-5.694224408530034	230.0	36	1.05	0.95				
	315	2	155.84245497017542	31.463460940350874	0.0	0.0	3	1.0429745730304025	-1.9703430072454602	230.0	36	1.05	0.95				
	316	2	49.16165771929824	9.832331543859649	0.0	0.0	3	1.0372177895661747	-2.0458835841402205	230.0	36	1.05	0.95				
	317	1	0.0	0.0	0.0	0.0	3	1.041438885885731	-0.5879366328471017	230.0	37	1.05	0.95				
	318	2	163.70832020526313	33.429927249122805	0.0	0.0	3	1.039384383123493	-1.0606157900053137	230.0	37	1.05	0.95				
	319	1	88.98260047192981	18.18981335614035	0.0	0.0	3	1.0308494192530617	-2.6619042669223187	230.0	35	1.05	0.95				
	320	1	62.92692188070175	12.782031007017544	0.0	0.0	3	1.0289167059486848	-2.2509242874391164	230.0	35	1.05	0.95				
	321	2	0.0	0.0	0.0	0.0	3	1.0419828389027774	-0.8268770361070551	230.0	37	1.05	0.95				
	322	2	0.0	0.0	0.0	0.0	3	1.05	3.589132585675928	230.0	37	1.05	0.95				
	323	2	0.0	0.0	0.0	0.0	3	1.0287931331711453	-1.6480786538367749	230.0	35	1.05	0.95				
	324	1	0.0	0.0	0.0	0.0	3	1.0430272347072358	0.3119037498001354	230.0	36	1.05	0.95				
	325	1	0.0	0.0	0.0	0.0	3	1.0271171950264748	-0.6266889270067477	230.0	35	1.05	0.95				
];
