%% MATPOWER Case Format : Version 2
function mpc = RTS_GMLC
mpc.version = '2';

%%-----  Power Flow Data  -----%%
%% system MVA base
mpc.baseMVA = 100.0;
%% bus data
%    bus_i    type    Pd    Qd    Gs    Bs    area    Vm    Va    baseKV    zone    Vmax    Vmin
mpc.bus = [
	101	2	43.0316674863158	8.765710043508772	0.0	0.0	1	1.0193562552613242	-2.040623310347944	138.0	11	1.05	0.95				
	102	2	38.6488124645614	7.968827312280702	0.0	0.0	1	1.017595442713894	-2.4941355253517825	138.0	12	1.05	0.95				
	103	1	71.71944581052631	14.7423305277193	0.0	0.0	1	1.032668203998065	1.01618594553344	138.0	11	1.05	0.95				
	104	1	29.4846610554386	5.976620484210526	0.0	0.0	1	1.0170827066941763	-3.3162858827608876	138.0	11	1.05	0.95				
	105	1	28.28933695859649	5.578179118596492	0.0	0.0	1	1.029762333764568	-3.86135908831243	138.0	11	1.05	0.95				
	106	1	54.18802572350878	11.156358237192984	0.0	-100.0	1	1.043318967458131	-5.39146573320909	138.0	12	1.05	0.95				
	107	2	49.805170701754385	9.961034140350877	0.0	0.0	1	1.0005369020128794	-9.69814767855788	138.0	12	1.05	0.95				
	108	1	68.13347352	13.945447796491228	0.0	0.0	1	1.005442942202682	-8.361233734932766	138.0	12	1.05	0.95				
	109	1	69.72723898245614	14.343889162105263	0.0	0.0	1	1.02521898953939	-2.8206706355816293	138.0	13	1.05	0.95				
	110	1	77.69606629473684	15.937654624561404	0.0	0.0	1	1.05	-4.412081006394551	138.0	13	1.05	0.95				
	111	1	0.0	0.0	0.0	0.0	1	1.005660444484307	-0.46519095459438053	230.0	13	1.05	0.95				
	112	1	0.0	0.0	0.0	0.0	1	1.0083705653433896	-1.2081289240993116	230.0	13	1.05	0.95				
	113	3	105.5869618877193	21.5158337431579	0.0	0.0	1	0.9969077344851279	3.9779010177092826e-29	230.0	14	1.05	0.95				
	114	2	77.2976249291228	15.539213258947369	0.0	0.0	1	1.0083767940267137	2.3968356912953808	230.0	16	1.05	0.95				
	115	2	126.30591289964912	25.50024739929825	0.0	0.0	1	1.043255845723774	10.072067583552165	230.0	16	1.05	0.95				
	116	2	39.84413656140351	7.968827312280702	0.0	0.0	1	1.036512860041251	8.734342461266017	230.0	16	1.05	0.95				
	117	1	0.0	0.0	0.0	0.0	1	1.041800820928775	13.681014402492961	230.0	17	1.05	0.95				
	118	2	132.68097474947368	27.09401286175439	0.0	0.0	1	1.0498294090719622	14.216268676041926	230.0	17	1.05	0.95				
	119	1	72.11788717614034	14.7423305277193	0.0	0.0	1	1.024489650295032	5.474776985320772	230.0	15	1.05	0.95				
	120	1	51.0004947985965	10.359475505964912	0.0	0.0	1	1.0185442844088621	3.1526919088319962	230.0	15	1.05	0.95				
	121	2	0.0	0.0	0.0	0.0	1	1.05	15.293313445450256	230.0	17	1.05	0.95				
	122	2	0.0	0.0	0.0	0.0	1	1.05	29.67110284964554	230.0	17	1.05	0.95				
	123	2	0.0	0.0	0.0	0.0	1	1.0160491372945175	2.178318074605974	230.0	15	1.05	0.95				
	124	1	0.0	0.0	0.0	0.0	1	1.027874653094478	6.682464684690152	230.0	16	1.05	0.95				
	201	2	42.601605536842115	8.678104831578947	0.0	0.0	2	1.015183411555278	-11.233830524004592	138.0	21	1.05	0.95				
	202	2	38.26255312105263	7.889186210526317	0.0	0.0	2	1.014376897459	-11.471838513055175	138.0	22	1.05	0.95				
	203	1	71.00267589473685	14.594994489473686	0.0	0.0	2	1.014392489148937	-8.741093360656688	138.0	21	1.05	0.95				
	204	1	29.189988978947373	5.916889657894737	0.0	0.0	2	1.0131414453997578	-10.943494059112991	138.0	21	1.05	0.95				
	205	1	28.006611047368423	5.522430347368422	0.0	0.0	2	1.0278043645640862	-11.248807398068635	138.0	21	1.05	0.95				
	206	1	53.64646623157896	11.044860694736844	0.0	-100.0	2	1.0430177398760174	-11.756665286990927	138.0	22	1.05	0.95				
	207	2	49.30741381578948	9.861482763157897	0.0	0.0	2	0.9981608929285355	-16.488654563919955	138.0	22	1.05	0.95				
	208	1	67.4525421	13.806075868421052	0.0	0.0	2	1.003326607290523	-14.71943170973028	138.0	22	1.05	0.95				
	209	1	69.03037934210528	14.200535178947367	0.0	0.0	2	1.0234151599703554	-8.877531745957388	138.0	23	1.05	0.95				
	210	1	76.91956555263158	15.778372421052634	0.0	0.0	2	1.05	-9.994048608106194	138.0	23	1.05	0.95				
	211	1	0.0	0.0	0.0	0.0	2	1.0021838584483131	-6.976239949150891	230.0	23	1.05	0.95				
	212	1	0.0	0.0	0.0	0.0	2	1.0092659658715055	-2.6900483534014303	230.0	23	1.05	0.95				
	213	2	104.5317172894737	21.300802768421057	0.0	0.0	2	0.9954031338567689	-5.30009260067024	230.0	24	1.05	0.95				
	214	2	76.52510624210527	15.383913110526318	0.0	0.0	2	0.9981421015050673	-5.833979029421591	230.0	26	1.05	0.95				
	215	2	125.04360143684212	25.245395873684213	0.0	0.0	2	1.0163716220077794	-0.8112727061012613	230.0	26	1.05	0.95				
	216	2	39.445931052631586	7.889186210526317	0.0	0.0	2	1.014719990305076	-1.7876667434259403	230.0	26	1.05	0.95				
	217	1	0.0	0.0	0.0	0.0	2	1.0212455254850954	0.02734733981826339	230.0	27	1.05	0.95				
	218	2	131.35495040526317	26.82323311578948	0.0	0.0	2	1.0209552449835397	-0.3010651974235044	230.0	27	1.05	0.95				
	219	1	71.39713520526317	14.594994489473686	0.0	0.0	2	1.011858339174294	-2.650528911795932	230.0	25	1.05	0.95				
	220	1	50.49079174736843	10.255942073684212	0.0	0.0	2	1.0120162461957214	-2.6090756510340953	230.0	25	1.05	0.95				
	221	2	0.0	0.0	0.0	0.0	2	1.0229825198411802	0.3311641845576614	230.0	27	1.05	0.95				
	222	2	0.0	0.0	0.0	0.0	2	1.0448876566717489	6.766625821607469	230.0	27	1.05	0.95				
	223	2	0.0	0.0	0.0	0.0	2	1.0125523326792327	-2.273290551397054	230.0	25	1.05	0.95				
	224	1	0.0	0.0	0.0	0.0	2	1.0057179492574202	-3.8046144237734025	230.0	26	1.05	0.95				
	301	2	64.24992090947369	13.087946851929825	0.0	0.0	3	1.0106737143315836	-14.025636332955735	138.0	31	1.05	0.95				
	302	2	57.705947483508766	11.898133501754387	0.0	0.0	3	1.009940823575406	-14.19074392722254	138.0	32	1.05	0.95				
	303	1	107.08320151578947	22.011546978245615	0.0	0.0	3	1.031573082565266	-5.211367092916512	138.0	31	1.05	0.95				
	304	1	44.02309395649123	8.92360012631579	0.0	0.0	3	1.0093562872265918	-11.848950174764084	138.0	31	1.05	0.95				
	305	1	42.23837393122807	8.328693451228071	0.0	0.0	3	1.0223482555851253	-13.514883471149032	138.0	31	1.05	0.95				
	306	1	80.90730781192983	16.657386902456143	0.0	-100.0	3	1.0359938233780848	-13.881500989099928	138.0	32	1.05	0.95				
	307	2	74.36333438596492	14.872666877192984	0.0	0.0	3	0.9940108223810422	-20.197669021668677	138.0	32	1.05	0.95				
	308	1	101.72904144000002	20.821733628070174	0.0	0.0	3	0.9938075450807018	-17.363060313972177	138.0	32	1.05	0.95				
	309	1	104.10866814035089	21.416640303157894	0.0	0.0	3	1.0302049463654457	-7.528568425611928	138.0	33	1.05	0.95				
	310	1	116.00680164210526	23.796267003508774	0.0	0.0	3	1.05	-11.094628380789421	138.0	33	1.05	0.95				
	311	1	0.0	0.0	0.0	0.0	3	1.0167936573696381	-4.12636902081783	230.0	33	1.05	0.95				
	312	1	0.0	0.0	0.0	0.0	3	1.017867234604683	-3.479912027514795	230.0	33	1.05	0.95				
	313	2	157.65026889824563	32.12496045473684	0.0	0.0	3	1.022990514666674	-0.32601646215985114	230.0	34	1.05	0.95				
	314	2	115.41189496701753	23.201360328421057	0.0	0.0	3	1.0231835193533187	-2.2547965616095023	230.0	36	1.05	0.95				
	315	2	188.58541600280702	38.07402720561404	0.0	0.0	3	1.0418831909082573	2.0829928477501487	230.0	36	1.05	0.95				
	316	2	59.490667508771935	11.898133501754387	0.0	0.0	3	1.0414396049474552	2.457413775779296	230.0	36	1.05	0.95				
	317	1	0.0	0.0	0.0	0.0	3	1.05	7.399253668341652	230.0	37	1.05	0.95				
	318	2	198.10392280421055	40.45365390596491	0.0	0.0	3	1.044033049343577	4.746177210848598	230.0	37	1.05	0.95				
	319	1	107.6781081908772	22.011546978245615	0.0	0.0	3	1.0383829916660008	2.3703329476939152	230.0	35	1.05	0.95				
	320	1	76.14805441122807	15.467573552280703	0.0	0.0	3	1.0383633935899559	2.5516530397184836	230.0	35	1.05	0.95				
	321	2	0.0	0.0	0.0	0.0	3	1.044680363137522	4.499836793331306	230.0	37	1.05	0.95				
	322	2	0.0	0.0	0.0	0.0	3	1.05	9.979533693341777	230.0	37	1.05	0.95				
	323	2	0.0	0.0	0.0	0.0	3	1.0387740612432648	2.742261739471987	230.0	35	1.05	0.95				
	324	1	0.0	0.0	0.0	0.0	3	1.0309090273211048	1.0999062595005697	230.0	36	1.05	0.95				
	325	1	0.0	0.0	0.0	0.0	3	1.036487889911325	3.7928119135038236	230.0	35	1.05	0.95				
];
