%% MATPOWER Case Format : Version 2
function mpc = RTS_GMLC
mpc.version = '2';

%%-----  Power Flow Data  -----%%
%% system MVA base
mpc.baseMVA = 100.0;
%% bus data
%    bus_i    type    Pd    Qd    Gs    Bs    area    Vm    Va    baseKV    zone    Vmax    Vmin
mpc.bus = [
	101	2	51.48837208421052	10.488372091228069	0.0	0.0	1	1.0211662485251143	-0.05551259396930986	138.0	11	1.05	0.95				
	102	2	46.24418603859649	9.534883719298245	0.0	0.0	1	1.0179501863615399	-0.6032079707273246	138.0	12	1.05	0.95				
	103	1	85.81395347368421	17.639534880701753	0.0	0.0	1	1.0232967604633687	2.990702240836077	138.0	11	1.05	0.95				
	104	1	35.279069761403505	7.151162789473683	0.0	0.0	1	1.0157068082670953	-2.1807202771543754	138.0	11	1.05	0.95				
	105	1	33.84883720350877	6.674418603508772	0.0	0.0	1	1.0291289297599104	-2.9105608745051725	138.0	11	1.05	0.95				
	106	1	64.83720929122808	13.348837207017544	0.0	-100.0	1	1.0406842149079214	-5.08278500263903	138.0	12	1.05	0.95				
	107	2	59.59302324561403	11.918604649122805	0.0	0.0	1	0.9972130251347175	-13.466073134898704	138.0	12	1.05	0.95				
	108	1	81.52325579999999	16.68604650877193	0.0	0.0	1	0.998277648825584	-10.634688292578566	138.0	12	1.05	0.95				
	109	1	83.43023254385965	17.16279069473684	0.0	0.0	1	1.0234242209495155	-2.407639642396287	138.0	13	1.05	0.95				
	110	1	92.96511626315788	19.06976743859649	0.0	0.0	1	1.05	-4.258804966205084	138.0	13	1.05	0.95				
	111	1	0.0	0.0	0.0	0.0	1	1.0112993396895038	0.48849501242176285	230.0	13	1.05	0.95				
	112	1	0.0	0.0	0.0	0.0	1	1.015521025195156	-0.8864107808651558	230.0	13	1.05	0.95				
	113	3	126.33720928070173	25.74418604210526	0.0	0.0	1	1.0054949666307558	-7.398772715622098e-30	230.0	14	1.05	0.95				
	114	2	92.48837207719298	18.59302325263158	0.0	0.0	1	1.0213307733830466	4.761384848518394	230.0	16	1.05	0.95				
	115	2	151.1279069508772	30.511627901754384	0.0	0.0	1	1.0362610173190852	16.080722901021282	230.0	16	1.05	0.95				
	116	2	47.67441859649122	9.534883719298245	0.0	0.0	1	1.031921653951929	13.750762156218418	230.0	16	1.05	0.95				
	117	1	0.0	0.0	0.0	0.0	1	1.035105216467335	20.76031410856967	230.0	17	1.05	0.95				
	118	2	158.7558139263158	32.41860464561404	0.0	0.0	1	1.0474951264255283	21.75694365459926	230.0	17	1.05	0.95				
	119	1	86.29069765964911	17.639534880701753	0.0	0.0	1	1.0280828954646937	8.507076670087867	230.0	15	1.05	0.95				
	120	1	61.02325580350877	12.395348835087718	0.0	0.0	1	1.0341462690711105	4.723971722938512	230.0	15	1.05	0.95				
	121	2	0.0	0.0	0.0	0.0	1	1.05	23.709465224320287	230.0	17	1.05	0.95				
	122	2	0.0	0.0	0.0	0.0	1	1.05	41.6104063256387	230.0	17	1.05	0.95				
	123	2	0.0	0.0	0.0	0.0	1	1.0394977096518807	3.0205547371288843	230.0	15	1.05	0.95				
	124	1	0.0	0.0	0.0	0.0	1	1.0149253537083038	11.186030411545179	230.0	16	1.05	0.95				
	201	2	47.820557216842104	9.741224618245612	0.0	0.0	2	1.0106900855848018	-20.75747960709731	138.0	21	1.05	0.95				
	202	2	42.94994490771929	8.855658743859648	0.0	0.0	2	1.0093290722522108	-21.076806541898332	138.0	22	1.05	0.95				
	203	1	79.70092869473683	16.38296867614035	0.0	0.0	2	1.007219812172594	-15.155192540791212	138.0	21	1.05	0.95				
	204	1	32.7659373522807	6.641744057894735	0.0	0.0	2	0.9991856986241843	-20.443839207586155	138.0	21	1.05	0.95				
	205	1	31.43758854070175	6.198961120701754	0.0	0.0	2	1.0153739583619463	-21.05103241688221	138.0	21	1.05	0.95				
	206	1	60.21847945824561	12.397922241403508	0.0	-100.0	2	1.0254405862373428	-21.776383992622936	138.0	22	1.05	0.95				
	207	2	55.3478671491228	11.06957342982456	0.0	0.0	2	0.987346224578269	-27.38191039867398	138.0	22	1.05	0.95				
	208	1	75.71588225999999	15.497402801754385	0.0	0.0	2	0.9865285758937172	-25.235801904940555	138.0	22	1.05	0.95				
	209	1	77.48701400877192	15.940185738947365	0.0	0.0	2	1.0043640257363078	-18.031498106376855	138.0	23	1.05	0.95				
	210	1	86.34267275263157	17.711317487719295	0.0	0.0	2	1.0308352042288014	-19.88289890352303	138.0	23	1.05	0.95				
	211	1	0.0	0.0	0.0	0.0	2	0.991958127072129	-14.731801004985055	230.0	23	1.05	0.95				
	212	1	0.0	0.0	0.0	0.0	2	0.9757415619760252	-13.75535262777719	230.0	23	1.05	0.95				
	213	2	117.33747835614032	23.910278608421052	0.0	0.0	2	0.9736578633857381	-13.23126634213885	230.0	24	1.05	0.95				
	214	2	85.89988981543858	17.26853455052631	0.0	0.0	2	1.0122801756576338	-11.77924155669086	230.0	26	1.05	0.95				
	215	2	140.36219109017543	28.338107980350873	0.0	0.0	2	1.026539013357161	-3.6804761494696114	230.0	26	1.05	0.95				
	216	2	44.27829371929824	8.855658743859648	0.0	0.0	2	1.0195238991118247	-4.717311323510936	230.0	26	1.05	0.95				
	217	1	0.0	0.0	0.0	0.0	2	1.0311555759683944	-2.2805166882965255	230.0	27	1.05	0.95				
	218	2	147.44671808526314	30.109239729122805	0.0	0.0	2	1.0326459328016846	-2.849412714612463	230.0	27	1.05	0.95				
	219	1	80.14371163192982	16.38296867614035	0.0	0.0	2	0.9933619760603705	-4.905671974850933	230.0	25	1.05	0.95				
	220	1	56.67621596070175	11.512356367017542	0.0	0.0	2	0.9739146265555252	-4.143414752821975	230.0	25	1.05	0.95				
	221	2	0.0	0.0	0.0	0.0	2	1.0335460813472406	-2.3242862359865764	230.0	27	1.05	0.95				
	222	2	0.0	0.0	0.0	0.0	2	1.05	4.188049747735102	230.0	27	1.05	0.95				
	223	2	0.0	0.0	0.0	0.0	2	0.9642234759525643	-3.322763388626026	230.0	25	1.05	0.95				
	224	1	0.0	0.0	0.0	0.0	2	1.0051683935735796	-7.9427163329387	230.0	26	1.05	0.95				
	301	2	55.84498575157896	11.375830430877194	0.0	0.0	3	1.049999998065963	27.308497571086356	138.0	31	1.05	0.95				
	302	2	50.15707053614036	10.341664028070177	0.0	0.0	3	1.0490128016786908	26.933114956639354	138.0	32	1.05	0.95				
	303	1	93.07497625263159	19.132078451929825	0.0	0.0	3	1.0239490396003534	44.45137308976011	138.0	31	1.05	0.95				
	304	1	38.26415690385965	7.756248021052632	0.0	0.0	3	1.0119217542621435	28.811080229149777	138.0	31	1.05	0.95				
	305	1	36.712907299649125	7.239164819649124	0.0	0.0	3	1.0369588113438684	26.29135873140399	138.0	31	1.05	0.95				
	306	1	70.32331539087721	14.478329639298249	0.0	-100.0	3	1.0367862488052084	25.09685481172373	138.0	32	1.05	0.95				
	307	2	64.6354001754386	12.927080035087721	0.0	0.0	3	0.95	20.785243819852326	138.0	32	1.05	0.95				
	308	1	88.42122744000001	18.097912049122808	0.0	0.0	3	0.9632142710802608	23.232108578894405	138.0	32	1.05	0.95				
	309	1	90.48956024561404	18.614995250526317	0.0	0.0	3	0.999122332615371	32.61285848929455	138.0	33	1.05	0.95				
	310	1	100.83122427368423	20.683328056140354	0.0	0.0	3	1.0357731350708197	26.89065199757422	138.0	33	1.05	0.95				
	311	1	0.0	0.0	0.0	0.0	3	0.978192748209206	30.869135117904445	230.0	33	1.05	0.95				
	312	1	0.0	0.0	0.0	0.0	3	0.9901733312233633	30.825232396199738	230.0	33	1.05	0.95				
	313	2	137.02704837192982	27.92249287578948	0.0	0.0	3	0.9806451963116025	31.860619669438094	230.0	34	1.05	0.95				
	314	2	100.31414107228072	20.166244854736846	0.0	0.0	3	0.9587660196128599	31.33436514012146	230.0	36	1.05	0.95				
	315	2	163.9153748449123	33.093324889824565	0.0	0.0	3	0.9841642827681079	31.388472080370416	230.0	36	1.05	0.95				
	316	2	51.708320140350885	10.341664028070177	0.0	0.0	3	0.9689731512046916	31.290366709639983	230.0	36	1.05	0.95				
	317	1	0.0	0.0	0.0	0.0	3	0.96997760045067	34.06081371766443	230.0	37	1.05	0.95				
	318	2	172.18870606736846	35.161657695438606	0.0	0.0	3	0.9592369235416316	29.776413735376703	230.0	37	1.05	0.95				
	319	1	93.59205945403511	19.132078451929825	0.0	0.0	3	0.9756758995795883	30.672712060847484	230.0	35	1.05	0.95				
	320	1	66.18664977964913	13.44416323649123	0.0	0.0	3	0.9832097507449503	30.002005071505867	230.0	35	1.05	0.95				
	321	2	0.0	0.0	0.0	0.0	3	0.9807563732039529	31.023356224443237	230.0	37	1.05	0.95				
	322	2	0.0	0.0	0.0	0.0	3	0.9734804150884168	37.27136833518648	230.0	37	1.05	0.95				
	323	2	0.0	0.0	0.0	0.0	3	0.9876625637767411	29.725590306863975	230.0	35	1.05	0.95				
	324	1	0.0	0.0	0.0	0.0	3	0.9971070056295244	37.841949719101336	230.0	36	1.05	0.95				
	325	1	0.0	0.0	0.0	0.0	3	0.9943181609602165	29.223990577716382	230.0	35	1.05	0.95				
];
