%% MATPOWER Case Format : Version 2
function mpc = RTS_GMLC
mpc.version = '2';

%%-----  Power Flow Data  -----%%
%% system MVA base
mpc.baseMVA = 100.0;
%% bus data
%    bus_i    type    Pd    Qd    Gs    Bs    area    Vm    Va    baseKV    zone    Vmax    Vmin
mpc.bus = [
	101	2	39.49134093473684	8.044532412631579	0.0	0.0	1	1.0332314036448091	2.3778811462147655	138.0	11	1.05	0.95				
	102	2	35.46907472842105	7.313211284210526	0.0	0.0	1	1.0323321648064299	2.120039272201245	138.0	12	1.05	0.95				
	103	1	65.81890155789473	13.529440875789472	0.0	0.0	1	1.0303551472807029	0.6584204179997114	138.0	11	1.05	0.95				
	104	1	27.058881751578944	5.484908463157894	0.0	0.0	1	1.022059616884219	-0.9825037476900444	138.0	11	1.05	0.95				
	105	1	25.961900058947364	5.119247898947369	0.0	0.0	1	1.036527244014444	-0.7432934135042621	138.0	11	1.05	0.95				
	106	1	49.729836732631576	10.238495797894737	0.0	-100.0	1	1.046988531195916	-2.914450113136198	138.0	12	1.05	0.95				
	107	2	45.70757052631579	9.141514105263157	0.0	0.0	1	1.0007550037931192	-9.191285245116964	138.0	12	1.05	0.95				
	108	1	62.52795647999999	12.79811974736842	0.0	0.0	1	1.0060622769135383	-7.437684515969905	138.0	12	1.05	0.95				
	109	1	63.990598736842095	13.163780311578947	0.0	0.0	1	1.024503697322285	-2.0346847799627232	138.0	13	1.05	0.95				
	110	1	71.30381002105263	14.626422568421052	0.0	0.0	1	1.05	-2.753143747353381	138.0	13	1.05	0.95				
	111	1	0.0	0.0	0.0	0.0	1	1.0016190644227223	-0.3125548243139118	230.0	13	1.05	0.95				
	112	1	0.0	0.0	0.0	0.0	1	1.006602673524066	-0.6064401655088061	230.0	13	1.05	0.95				
	113	3	96.90004951578946	19.74567046736842	0.0	0.0	1	0.9921149847278351	9.953388556774828e-31	230.0	14	1.05	0.95				
	114	2	70.9381494568421	14.260762004210525	0.0	0.0	1	0.9978260380479704	1.6407073027632488	230.0	16	1.05	0.95				
	115	2	115.91439885473682	23.402276109473682	0.0	0.0	1	1.0368568072130775	7.450943492633817	230.0	16	1.05	0.95				
	116	2	36.56605642105263	7.313211284210526	0.0	0.0	1	1.031912112911261	6.463701439352967	230.0	16	1.05	0.95				
	117	1	0.0	0.0	0.0	0.0	1	1.0396259311980087	10.093477695089996	230.0	17	1.05	0.95				
	118	2	121.76496788210525	24.864918366315788	0.0	0.0	1	1.0451321205024429	10.419733029574129	230.0	17	1.05	0.95				
	119	1	66.18456212210526	13.529440875789472	0.0	0.0	1	1.0215504336071113	4.219545452014237	230.0	15	1.05	0.95				
	120	1	46.804552218947364	9.507174669473685	0.0	0.0	1	1.0157380877370903	2.9640373617082063	230.0	15	1.05	0.95				
	121	2	0.0	0.0	0.0	0.0	1	1.0484687971432014	11.576883399059339	230.0	17	1.05	0.95				
	122	2	0.0	0.0	0.0	0.0	1	1.05	22.24029181350664	230.0	17	1.05	0.95				
	123	2	0.0	0.0	0.0	0.0	1	1.0128389731827807	2.558496603966608	230.0	15	1.05	0.95				
	124	1	0.0	0.0	0.0	0.0	1	1.025452318766179	4.901867233211647	230.0	16	1.05	0.95				
	201	2	40.102628665263154	8.16905398736842	0.0	0.0	2	1.0141000518203782	-13.508785482384626	138.0	21	1.05	0.95				
	202	2	36.01810167157895	7.426412715789474	0.0	0.0	2	1.013204192048778	-13.7896438327524	138.0	22	1.05	0.95				
	203	1	66.83771444210525	13.738863524210526	0.0	0.0	2	1.0152634500093587	-9.743260545103894	138.0	21	1.05	0.95				
	204	1	27.477727048421052	5.569809536842104	0.0	0.0	2	1.0127038946156903	-13.492868101958512	138.0	21	1.05	0.95				
	205	1	26.36376514105263	5.198488901052632	0.0	0.0	2	1.0276381313799794	-13.905210423945553	138.0	21	1.05	0.95				
	206	1	50.499606467368416	10.396977802105264	0.0	-100.0	2	1.0433678020430914	-14.609425913985262	138.0	22	1.05	0.95				
	207	2	46.41507947368421	9.283015894736842	0.0	0.0	2	0.996363327174051	-18.9948559784792	138.0	22	1.05	0.95				
	208	1	63.49582871999999	12.99622225263158	0.0	0.0	2	1.0030129379181796	-17.353160379970195	138.0	22	1.05	0.95				
	209	1	64.98111126315789	13.367542888421053	0.0	0.0	2	1.0225823514118295	-11.706420880698285	138.0	23	1.05	0.95				
	210	1	72.40752397894737	14.852825431578948	0.0	0.0	2	1.05	-13.104891628285914	138.0	23	1.05	0.95				
	211	1	0.0	0.0	0.0	0.0	2	1.0040652739745417	-8.913699343103069	230.0	23	1.05	0.95				
	212	1	0.0	0.0	0.0	0.0	2	1.0065420099643752	-8.196963803350778	230.0	23	1.05	0.95				
	213	2	98.39996848421052	20.051314332631577	0.0	0.0	2	0.9990278491438043	-7.590425040275019	230.0	24	1.05	0.95				
	214	2	72.0362033431579	14.481504795789474	0.0	0.0	2	1.004066483473521	-6.44895959719818	230.0	26	1.05	0.95				
	215	2	117.70864154526315	23.764520690526314	0.0	0.0	2	1.0187644718613564	-0.48260121257632504	230.0	26	1.05	0.95				
	216	2	37.13206357894737	7.426412715789474	0.0	0.0	2	1.0200775048252666	-0.7043765160011344	230.0	26	1.05	0.95				
	217	1	0.0	0.0	0.0	0.0	2	1.0242640245133063	0.7983609060477765	230.0	27	1.05	0.95				
	218	2	123.64977171789474	25.249803233684208	0.0	0.0	2	1.0237060918614538	0.40210014062532107	230.0	27	1.05	0.95				
	219	1	67.20903507789473	13.738863524210526	0.0	0.0	2	1.020970687694287	-0.8192121619044404	230.0	25	1.05	0.95				
	220	1	47.52904138105263	9.654336530526315	0.0	0.0	2	1.02396276686824	-0.18515943140570865	230.0	25	1.05	0.95				
	221	2	0.0	0.0	0.0	0.0	2	1.0256490782666297	0.9098664279802222	230.0	27	1.05	0.95				
	222	2	0.0	0.0	0.0	0.0	2	1.0474989825701255	7.387719716018867	230.0	27	1.05	0.95				
	223	2	0.0	0.0	0.0	0.0	2	1.0260580026286235	0.4495626727407945	230.0	25	1.05	0.95				
	224	1	0.0	0.0	0.0	0.0	2	1.0060766412718942	-3.9741676070851386	230.0	26	1.05	0.95				
	301	2	42.58842138947369	8.675419171929825	0.0	0.0	3	1.0111063172013137	-10.900508269509972	138.0	31	1.05	0.95				
	302	2	38.25071180350877	7.886744701754386	0.0	0.0	3	1.0109501028542958	-11.034428508516443	138.0	32	1.05	0.95				
	303	1	70.98070231578947	14.590477698245612	0.0	0.0	3	1.0312213383363489	-4.641428981969903	138.0	31	1.05	0.95				
	304	1	29.180955396491225	5.915058526315789	0.0	0.0	3	1.0132239430153207	-9.637709413827768	138.0	31	1.05	0.95				
	305	1	27.997943691228066	5.520721291228071	0.0	0.0	3	1.0256797525784374	-10.757483144410319	138.0	31	1.05	0.95				
	306	1	53.62986397192982	11.041442582456142	0.0	-100.0	3	1.042181412514136	-11.157209235719806	138.0	32	1.05	0.95				
	307	2	49.292154385964906	9.858430877192982	0.0	0.0	3	0.9904413570037702	-15.063194196030485	138.0	32	1.05	0.95				
	308	1	67.4316672	13.801803228070176	0.0	0.0	3	0.9996049549070523	-13.334045044464473	138.0	32	1.05	0.95				
	309	1	69.00901614035088	14.196140463157894	0.0	0.0	3	1.0270971060173646	-6.8807709903560115	138.0	33	1.05	0.95				
	310	1	76.89576084210526	15.773489403508773	0.0	0.0	3	1.05	-9.343144355502831	138.0	33	1.05	0.95				
	311	1	0.0	0.0	0.0	0.0	3	1.0046793805886962	-4.4893631700754035	230.0	33	1.05	0.95				
	312	1	0.0	0.0	0.0	0.0	3	1.0103473616863234	-3.9777422560815543	230.0	33	1.05	0.95				
	313	2	104.4993672982456	21.294210694736844	0.0	0.0	3	1.007608359510129	-1.3060294424080636	230.0	34	1.05	0.95				
	314	2	76.50142360701754	15.379152168421054	0.0	0.0	3	0.9972071437081477	-3.5067438191700147	230.0	36	1.05	0.95				
	315	2	125.00490352280703	25.237583045614038	0.0	0.0	3	1.0277193239388147	0.06967119974808814	230.0	36	1.05	0.95				
	316	2	39.433723508771926	7.886744701754386	0.0	0.0	3	1.0257933715843635	0.19151086515334942	230.0	36	1.05	0.95				
	317	1	0.0	0.0	0.0	0.0	3	1.0382612302016627	4.232541850236267	230.0	37	1.05	0.95				
	318	2	131.31429928421053	26.81493198596491	0.0	0.0	3	1.035626107812522	2.657237211341492	230.0	37	1.05	0.95				
	319	1	71.37503955087719	14.590477698245612	0.0	0.0	3	1.0203358303497065	-0.3583914104266538	230.0	35	1.05	0.95				
	320	1	50.475166091228076	10.252768112280702	0.0	0.0	3	1.018109215856471	-0.0585946348493299	230.0	35	1.05	0.95				
	321	2	0.0	0.0	0.0	0.0	3	1.0354071963780973	2.3919009720563977	230.0	37	1.05	0.95				
	322	2	0.0	0.0	0.0	0.0	3	1.049999966733489	7.4218888393902	230.0	37	1.05	0.95				
	323	2	0.0	0.0	0.0	0.0	3	1.0173652416548025	0.4174952881034193	230.0	35	1.05	0.95				
	324	1	0.0	0.0	0.0	0.0	3	1.022004015541961	-1.7175625341907879	230.0	36	1.05	0.95				
	325	1	0.0	0.0	0.0	0.0	3	1.0173806684894893	1.3818881322287915	230.0	35	1.05	0.95				
];
