%% MATPOWER Case Format : Version 2
function mpc = RTS_GMLC
mpc.version = '2';

%%-----  Power Flow Data  -----%%
%% system MVA base
mpc.baseMVA = 100.0;
%% bus data
%    bus_i    type    Pd    Qd    Gs    Bs    area    Vm    Va    baseKV    zone    Vmax    Vmin
mpc.bus = [
	101	2	49.952003949473685	10.175408211929824	0.0	0.0	1	1.0357395510208138	1.571037863610375	138.0	11	1.05	0.95				
	102	2	44.86429984350877	9.250371101754386	0.0	0.0	1	1.0353236639458188	1.4360165910367966	138.0	12	1.05	0.95				
	103	1	83.25333991578947	17.11318653824561	0.0	0.0	1	1.0279661573184815	-0.6258533074318942	138.0	11	1.05	0.95				
	104	1	34.22637307649122	6.937778326315788	0.0	0.0	1	1.0218332016165188	-1.7918639430166778	138.0	11	1.05	0.95				
	105	1	32.838817411228064	6.47525977122807	0.0	0.0	1	1.0365603775277492	-1.5671510647375015	138.0	11	1.05	0.95				
	106	1	62.90252349192983	12.95051954245614	0.0	-100.0	1	1.044985882117129	-3.7952588865729493	138.0	12	1.05	0.95				
	107	2	57.81481938596491	11.562963877192981	0.0	0.0	1	1.0017518393740725	-7.994193765059113	138.0	12	1.05	0.95				
	108	1	79.09067291999999	16.188149428070172	0.0	0.0	1	1.0046786836947397	-7.303409424404837	138.0	12	1.05	0.95				
	109	1	80.94074714035088	16.650667983157895	0.0	0.0	1	1.0250460697474335	-2.567787514480632	138.0	13	1.05	0.95				
	110	1	90.19111824210526	18.50074220350877	0.0	0.0	1	1.05	-3.2994794124347986	138.0	13	1.05	0.95				
	111	1	0.0	0.0	0.0	0.0	1	1.0047803794928674	-0.7142542337508824	230.0	13	1.05	0.95				
	112	1	0.0	0.0	0.0	0.0	1	1.0094151886467715	-0.020698672568418054	230.0	13	1.05	0.95				
	113	3	122.56741709824561	24.976001974736842	0.0	0.0	1	0.9981567721037411	7.5278693665173385e-28	230.0	14	1.05	0.95				
	114	2	89.72859968701754	18.038223648421052	0.0	0.0	1	1.0016488270366926	1.0034021927592367	230.0	16	1.05	0.95				
	115	2	146.618381962807	29.601187525614037	0.0	0.0	1	1.0382976576030738	6.256011813336577	230.0	16	1.05	0.95				
	116	2	46.251855508771925	9.250371101754386	0.0	0.0	1	1.0342689560139486	6.128372307369435	230.0	16	1.05	0.95				
	117	1	0.0	0.0	0.0	0.0	1	1.04183504047073	7.576403691768576	230.0	17	1.05	0.95				
	118	2	154.0186788442105	31.451261745964914	0.0	0.0	1	1.0440421060182532	7.428111747782976	230.0	17	1.05	0.95				
	119	1	83.7158584708772	17.11318653824561	0.0	0.0	1	1.0286844689079648	5.6657338029094735	230.0	15	1.05	0.95				
	120	1	59.202375051228074	12.025482432280702	0.0	0.0	1	1.027088111814682	6.159670030973494	230.0	15	1.05	0.95				
	121	2	0.0	0.0	0.0	0.0	1	1.0483533091832913	8.343912014005973	230.0	17	1.05	0.95				
	122	2	0.0	0.0	0.0	0.0	1	1.05	14.551925253570658	230.0	17	1.05	0.95				
	123	2	0.0	0.0	0.0	0.0	1	1.0270413037731327	6.787703247757382	230.0	15	1.05	0.95				
	124	1	0.0	0.0	0.0	0.0	1	1.025353700488949	3.684727126725368	230.0	16	1.05	0.95				
	201	2	45.96757438736842	9.363765152982456	0.0	0.0	2	1.0297932673653338	-4.379484911531492	138.0	21	1.05	0.95				
	202	2	41.28569181087719	8.512513775438595	0.0	0.0	2	1.0303079887582147	-4.283168005258529	138.0	22	1.05	0.95				
	203	1	76.61262397894737	15.748150484561402	0.0	0.0	2	1.0197756254177284	-5.112532227207444	138.0	21	1.05	0.95				
	204	1	31.496300969122803	6.384385331578947	0.0	0.0	2	1.019744881003912	-6.533102902230979	138.0	21	1.05	0.95				
	205	1	30.219423902807012	5.958759642807018	0.0	0.0	2	1.0345781333682253	-6.586553895150183	138.0	21	1.05	0.95				
	206	1	57.88509367298246	11.917519285614036	0.0	-100.0	2	1.045338461738825	-8.22010793049967	138.0	22	1.05	0.95				
	207	2	53.20321109649122	10.640642219298245	0.0	0.0	2	0.9899389676509693	-14.658964356272616	138.0	22	1.05	0.95				
	208	1	72.78199278	14.896899107017541	0.0	0.0	2	0.9972938818869901	-12.748034409218041	138.0	22	1.05	0.95				
	209	1	74.48449553508772	15.322524795789471	0.0	0.0	2	1.0233172374036519	-6.636015771061814	138.0	23	1.05	0.95				
	210	1	82.99700931052631	17.02502755087719	0.0	0.0	2	1.05	-7.468309824407627	138.0	23	1.05	0.95				
	211	1	0.0	0.0	0.0	0.0	2	1.0042909316678237	-4.034252449665142	230.0	23	1.05	0.95				
	212	1	0.0	0.0	0.0	0.0	2	1.0085476535403641	-3.532026818657484	230.0	23	1.05	0.95				
	213	2	112.79080752456139	22.98378719368421	0.0	0.0	2	0.9971505707848571	-3.2000629193207626	230.0	24	1.05	0.95				
	214	2	82.57138362175438	16.59940186210526	0.0	0.0	2	1.0044364437616273	-1.6231387758028175	230.0	26	1.05	0.95				
	215	2	134.92334334070176	27.240044081403507	0.0	0.0	2	1.028306933514917	4.242098233161551	230.0	26	1.05	0.95				
	216	2	42.56256887719298	8.512513775438595	0.0	0.0	2	1.0290279893688867	4.308806929954053	230.0	26	1.05	0.95				
	217	1	0.0	0.0	0.0	0.0	2	1.0350369502540875	6.75802698609797	230.0	27	1.05	0.95				
	218	2	141.73335436105262	28.94254683649123	0.0	0.0	2	1.036423408723673	7.191926940312067	230.0	27	1.05	0.95				
	219	1	77.0382496677193	15.748150484561402	0.0	0.0	2	1.0281606405221557	3.4966774161691254	230.0	25	1.05	0.95				
	220	1	54.480088162807014	11.066267908070175	0.0	0.0	2	1.030292925827082	3.6191035023244376	230.0	25	1.05	0.95				
	221	2	0.0	0.0	0.0	0.0	2	1.0364481740600353	6.969791750421056	230.0	27	1.05	0.95				
	222	2	0.0	0.0	0.0	0.0	2	1.05	13.385182016727166	230.0	27	1.05	0.95				
	223	2	0.0	0.0	0.0	0.0	2	1.0320189138364886	4.0106043954748865	230.0	25	1.05	0.95				
	224	1	0.0	0.0	0.0	0.0	2	1.0135213536335808	0.7331322640799571	230.0	26	1.05	0.95				
	301	2	45.45839925473685	9.26004429263158	0.0	0.0	3	1.0071416766656691	-21.968052961791862	138.0	31	1.05	0.95				
	302	2	40.82837710842105	8.418222084210528	0.0	0.0	3	1.0070021179545063	-22.073199206378053	138.0	32	1.05	0.95				
	303	1	75.76399875789474	15.573710855789475	0.0	0.0	3	1.0222237728300756	-16.884933977176356	138.0	31	1.05	0.95				
	304	1	31.14742171157895	6.313666563157895	0.0	0.0	3	1.0100980785014357	-20.679253360277453	138.0	31	1.05	0.95				
	305	1	29.884688398947368	5.892755458947369	0.0	0.0	3	1.023098405508829	-21.36093484950795	138.0	31	1.05	0.95				
	306	1	57.24391017263159	11.785510917894738	0.0	-100.0	3	1.0404153171394737	-21.52878316483838	138.0	32	1.05	0.95				
	307	2	52.61388802631579	10.522777605263158	0.0	0.0	3	0.9937962924604933	-26.126162604849647	138.0	32	1.05	0.95				
	308	1	71.97579882000001	14.731888647368422	0.0	0.0	3	1.0002200689237457	-24.23694531763466	138.0	32	1.05	0.95				
	309	1	73.65944323684211	15.15279975157895	0.0	0.0	3	1.0257257172529706	-17.81321804682418	138.0	33	1.05	0.95				
	310	1	82.07766532105263	16.836444168421057	0.0	0.0	3	1.05	-19.39892350175605	138.0	33	1.05	0.95				
	311	1	0.0	0.0	0.0	0.0	3	1.0079700795048363	-13.71872507982378	230.0	33	1.05	0.95				
	312	1	0.0	0.0	0.0	0.0	3	1.0109634799108351	-13.22315071318512	230.0	33	1.05	0.95				
	313	2	111.54144261578949	22.729199627368423	0.0	0.0	3	1.0106888384640476	-10.185079388119934	230.0	34	1.05	0.95				
	314	2	81.6567542168421	16.41553306421053	0.0	0.0	3	1.0090250970813217	-11.829274936962435	230.0	36	1.05	0.95				
	315	2	133.42882003473687	26.938310669473687	0.0	0.0	3	1.0338066658792964	-7.310550571974574	230.0	36	1.05	0.95				
	316	2	42.09111042105263	8.418222084210528	0.0	0.0	3	1.032809461746897	-6.659695196062003	230.0	36	1.05	0.95				
	317	1	0.0	0.0	0.0	0.0	3	1.037765403065872	-5.1183658965209275	230.0	37	1.05	0.95				
	318	2	140.16339770210527	28.621955086315793	0.0	0.0	3	1.0375340863907467	-4.885300893643265	230.0	37	1.05	0.95				
	319	1	76.18490986210527	15.573710855789475	0.0	0.0	3	1.0291019873883152	-7.408483964855095	230.0	35	1.05	0.95				
	320	1	53.87662133894737	10.943688709473685	0.0	0.0	3	1.0286888121096323	-7.243674969692482	230.0	35	1.05	0.95				
	321	2	0.0	0.0	0.0	0.0	3	1.0391841972930065	-4.783580258984087	230.0	37	1.05	0.95				
	322	2	0.0	0.0	0.0	0.0	3	1.0499999992169118	-0.6027454688838746	230.0	37	1.05	0.95				
	323	2	0.0	0.0	0.0	0.0	3	1.0290047940295228	-6.829767986524411	230.0	35	1.05	0.95				
	324	1	0.0	0.0	0.0	0.0	3	1.0175624679161095	-10.891281728388842	230.0	36	1.05	0.95				
	325	1	0.0	0.0	0.0	0.0	3	1.0260718899604748	-5.553693594849548	230.0	35	1.05	0.95				
];
