%% MATPOWER Case Format : Version 2
function mpc = RTS_GMLC
mpc.version = '2';

%%-----  Power Flow Data  -----%%
%% system MVA base
mpc.baseMVA = 100.0;
%% bus data
%    bus_i    type    Pd    Qd    Gs    Bs    area    Vm    Va    baseKV    zone    Vmax    Vmin
mpc.bus = [
	101	2	40.0257298231579	8.153389408421054	0.0	0.0	1	1.0180610408048447	-2.3905270055458376	138.0	11	1.05	0.95				
	102	2	35.94903511894737	7.412172189473686	0.0	0.0	1	1.017713379943879	-2.6243690241898006	138.0	12	1.05	0.95				
	103	1	66.70954970526316	13.712518550526317	0.0	0.0	1	1.0149925939431983	1.6081067692241606	138.0	11	1.05	0.95				
	104	1	27.425037101052634	5.559129142105263	0.0	0.0	1	1.0106083383673492	-2.950982261126792	138.0	11	1.05	0.95				
	105	1	26.31321127263158	5.18852053263158	0.0	0.0	1	1.023380203435549	-3.998150825499577	138.0	11	1.05	0.95				
	106	1	50.40277088842105	10.37704106526316	0.0	-100.0	1	1.0344732973468855	-5.35132179124374	138.0	12	1.05	0.95				
	107	2	46.32607618421053	9.265215236842106	0.0	0.0	1	0.9867920882796353	-11.318959278007725	138.0	12	1.05	0.95				
	108	1	63.37407222	12.971301331578946	0.0	0.0	1	0.9914315763756882	-9.188575770953776	138.0	12	1.05	0.95				
	109	1	64.85650665789474	13.341909941052633	0.0	0.0	1	1.0100617633632196	-2.6493150598119253	138.0	13	1.05	0.95				
	110	1	72.26867884736843	14.824344378947371	0.0	0.0	1	1.037521974193623	-4.4171949226171074	138.0	13	1.05	0.95				
	111	1	0.0	0.0	0.0	0.0	1	0.9897559707924365	-0.26314860772158477	230.0	13	1.05	0.95				
	112	1	0.0	0.0	0.0	0.0	1	0.9894177949030719	-1.2017673767616732	230.0	13	1.05	0.95				
	113	3	98.21128151052632	20.01286491157895	0.0	0.0	1	0.9670678741035296	-4.617780271345858e-30	230.0	14	1.05	0.95				
	114	2	71.89807023789474	14.453735769473685	0.0	0.0	1	1.0027911477635625	2.8927634076998068	230.0	16	1.05	0.95				
	115	2	117.48292920315791	23.71895100631579	0.0	0.0	1	1.0102157334661586	11.199250219424405	230.0	16	1.05	0.95				
	116	2	37.060860947368425	7.412172189473686	0.0	0.0	1	1.0087836676120603	9.790210925340439	230.0	16	1.05	0.95				
	117	1	0.0	0.0	0.0	0.0	1	1.0121344326651749	15.320752686026912	230.0	17	1.05	0.95				
	118	2	123.41266695473685	25.201385444210526	0.0	0.0	1	1.0213306140951355	15.643011604295298	230.0	17	1.05	0.95				
	119	1	67.08015831473685	13.712518550526317	0.0	0.0	1	1.0042589289806194	6.189477895853228	230.0	15	1.05	0.95				
	120	1	47.43790201263158	9.63582384631579	0.0	0.0	1	1.004862756962421	3.3769325998844226	230.0	15	1.05	0.95				
	121	2	0.0	0.0	0.0	0.0	1	1.0180638976885807	16.5666791609252	230.0	17	1.05	0.95				
	122	2	0.0	0.0	0.0	0.0	1	1.0288875691131842	35.288582903026516	230.0	17	1.05	0.95				
	123	2	0.0	0.0	0.0	0.0	1	1.0061339382946193	2.129242721310354	230.0	15	1.05	0.95				
	124	1	0.0	0.0	0.0	0.0	1	1.000348017508227	7.552033568434722	230.0	16	1.05	0.95				
	201	2	43.519597048421055	8.86510310245614	0.0	0.0	2	1.0109103672256348	-17.143761157338815	138.0	21	1.05	0.95				
	202	2	39.08704549719298	8.059184638596491	0.0	0.0	2	1.0097502926792599	-17.427470513969983	138.0	22	1.05	0.95				
	203	1	72.53266174736842	14.909491581403508	0.0	0.0	2	0.9969636583475862	-12.572217124133514	138.0	21	1.05	0.95				
	204	1	29.818983162807015	6.0443884789473685	0.0	0.0	2	1.0003373171123227	-16.864056290479752	138.0	21	1.05	0.95				
	205	1	28.610105467017544	5.641429247017545	0.0	0.0	2	1.01726576218959	-17.35699011711719	138.0	21	1.05	0.95				
	206	1	54.80245554245615	11.28285849403509	0.0	-100.0	2	1.0286255835064584	-17.997121838465777	138.0	22	1.05	0.95				
	207	2	50.36990399122807	10.073980798245614	0.0	0.0	2	0.9733951270810229	-22.905883648344123	138.0	22	1.05	0.95				
	208	1	68.90602866	14.10357311754386	0.0	0.0	2	0.9807627824280256	-21.039569347520086	138.0	22	1.05	0.95				
	209	1	70.5178655877193	14.506532349473684	0.0	0.0	2	1.0045068874321441	-14.676888427650443	138.0	23	1.05	0.95				
	210	1	78.57705022631579	16.118369277192983	0.0	0.0	2	1.0332883568833369	-16.241771797946466	138.0	23	1.05	0.95				
	211	1	0.0	0.0	0.0	0.0	2	0.9868100293165543	-11.994759119562271	230.0	23	1.05	0.95				
	212	1	0.0	0.0	0.0	0.0	2	0.987713667142372	-10.111767006327392	230.0	23	1.05	0.95				
	213	2	106.78419646140351	21.759798524210527	0.0	0.0	2	0.9833397548910686	-10.538029777172161	230.0	24	1.05	0.95				
	214	2	78.17409099438596	15.715410045263159	0.0	0.0	2	0.9850183197348873	-9.665817831278444	230.0	26	1.05	0.95				
	215	2	127.7380765217544	25.789390843508777	0.0	0.0	2	0.9927828014356266	-2.5959478149891893	230.0	26	1.05	0.95				
	216	2	40.29592319298246	8.059184638596491	0.0	0.0	2	0.9914392629078184	-3.7113008477738076	230.0	26	1.05	0.95				
	217	1	0.0	0.0	0.0	0.0	2	1.0018282947656982	-1.5486269845207667	230.0	27	1.05	0.95				
	218	2	134.1854242326316	27.401227771228076	0.0	0.0	2	1.002559817226647	-1.985862728807735	230.0	27	1.05	0.95				
	219	1	72.93562097929825	14.909491581403508	0.0	0.0	2	0.9865999826398676	-4.304148357101223	230.0	25	1.05	0.95				
	220	1	51.57878168701755	10.47694003017544	0.0	0.0	2	0.9852546962188201	-3.970565185737575	230.0	25	1.05	0.95				
	221	2	0.0	0.0	0.0	0.0	2	1.004551877752435	-1.3893561355765531	230.0	27	1.05	0.95				
	222	2	0.0	0.0	0.0	0.0	2	1.0233599594169491	5.159209275038945	230.0	27	1.05	0.95				
	223	2	0.0	0.0	0.0	0.0	2	0.9851559676276471	-3.44936209244603	230.0	25	1.05	0.95				
	224	1	0.0	0.0	0.0	0.0	2	0.9824529481881811	-6.387438079888467	230.0	26	1.05	0.95				
	301	2	65.49699463578949	13.341980388771931	0.0	0.0	3	1.0024914414464146	4.33759591231305	138.0	31	1.05	0.95				
	302	2	58.82600444140351	12.129073080701756	0.0	0.0	3	1.0026657445698726	4.219603864557069	138.0	32	1.05	0.95				
	303	1	109.16165772631581	22.43878519929825	0.0	0.0	3	0.9975980421725914	10.342973684892243	138.0	31	1.05	0.95				
	304	1	44.8775703985965	9.096804810526317	0.0	0.0	3	0.9930063147058247	6.333889721378234	138.0	31	1.05	0.95				
	305	1	43.05820943649123	8.49035115649123	0.0	0.0	3	1.0089382727073735	6.003829864481025	138.0	31	1.05	0.95				
	306	1	82.47769694877194	16.98070231298246	0.0	-100.0	3	1.0204835466003759	6.246641090642779	138.0	32	1.05	0.95				
	307	2	75.80670675438597	15.161341350877194	0.0	0.0	3	0.9681064734400998	1.6365141870068072	138.0	32	1.05	0.95				
	308	1	103.70357484000002	21.22587789122807	0.0	0.0	3	0.9774359533141538	4.505680267331709	138.0	32	1.05	0.95				
	309	1	106.12938945614036	21.83233154526316	0.0	0.0	3	1.0070226674430116	10.642026349556133	138.0	33	1.05	0.95				
	310	1	118.25846253684212	24.258146161403513	0.0	0.0	3	1.0333941366695667	9.684837877785183	138.0	33	1.05	0.95				
	311	1	0.0	0.0	0.0	0.0	3	0.9946369574183719	16.506593146875932	230.0	33	1.05	0.95				
	312	1	0.0	0.0	0.0	0.0	3	0.998907081920718	17.05696435607095	230.0	33	1.05	0.95				
	313	2	160.71021831929826	32.748497317894746	0.0	0.0	3	1.008340235279042	22.256811417535964	230.0	34	1.05	0.95				
	314	2	117.65200888280702	23.651692507368423	0.0	0.0	3	0.9973450275494153	17.79812085842302	230.0	36	1.05	0.95				
	315	2	192.2458083291228	38.81303385824562	0.0	0.0	3	0.9960035332177097	16.99640559977679	230.0	36	1.05	0.95				
	316	2	60.64536540350878	12.129073080701756	0.0	0.0	3	0.9936501972375613	18.268832649372644	230.0	36	1.05	0.95				
	317	1	0.0	0.0	0.0	0.0	3	1.0037511969024793	21.80347489320078	230.0	37	1.05	0.95				
	318	2	201.94906679368424	41.23884847438597	0.0	0.0	3	0.9953425634875506	17.847240639277675	230.0	37	1.05	0.95				
	319	1	109.7681113803509	22.43878519929825	0.0	0.0	3	1.0011715343689307	18.84615833078359	230.0	35	1.05	0.95				
	320	1	77.62606771649124	15.767795004912283	0.0	0.0	3	1.0095144891238983	19.08527677678875	230.0	35	1.05	0.95				
	321	2	0.0	0.0	0.0	0.0	3	1.0019796095262195	18.2557437235273	230.0	37	1.05	0.95				
	322	2	0.0	0.0	0.0	0.0	3	1.0205990738881683	24.0229067269567	230.0	37	1.05	0.95				
	323	2	0.0	0.0	0.0	0.0	3	1.013868837930107	18.978736940458813	230.0	35	1.05	0.95				
	324	1	0.0	0.0	0.0	0.0	3	0.9905036527678069	16.286097202369227	230.0	36	1.05	0.95				
	325	1	0.0	0.0	0.0	0.0	3	1.0154075858444216	18.777159556678818	230.0	35	1.05	0.95				
