%% MATPOWER Case Format : Version 2
function mpc = RTS_GMLC
mpc.version = '2';

%%-----  Power Flow Data  -----%%
%% system MVA base
mpc.baseMVA = 100.0;
%% bus data
%    bus_i    type    Pd    Qd    Gs    Bs    area    Vm    Va    baseKV    zone    Vmax    Vmin
mpc.bus = [
	101	2	35.456704601684216	7.2226620484912285	0.0	0.0	1	1.033252116007427	3.8646941160620756	138.0	11	1.05	0.95				
	102	2	31.845373577438597	6.566056407719299	0.0	0.0	1	1.0323922392762572	3.626968502387804	138.0	12	1.05	0.95				
	103	1	59.094507669473685	12.147204354280703	0.0	0.0	1	1.029333603892732	1.3315162930769329	138.0	11	1.05	0.95				
	104	1	24.294408708561406	4.9245423057894735	0.0	0.0	1	1.0226310908311886	0.42489857563198635	138.0	11	1.05	0.95				
	105	1	23.30950024740351	4.59623948540351	0.0	0.0	1	1.0370140226568139	0.7491112481981649	138.0	11	1.05	0.95				
	106	1	44.64918357249123	9.19247897080702	0.0	-100.0	1	1.0480174801303799	-1.3856699907190082	138.0	12	1.05	0.95				
	107	2	41.03785254824561	8.207570509649123	0.0	0.0	1	1.0008604606385567	-6.704931208181324	138.0	12	1.05	0.95				
	108	1	56.13978228599999	11.490598713508772	0.0	0.0	1	1.0077532821429538	-5.353758565311795	138.0	12	1.05	0.95				
	109	1	57.452993567543864	11.818901533894737	0.0	0.0	1	1.0243509265844093	-0.8594108232335352	138.0	13	1.05	0.95				
	110	1	64.01904997526316	13.132112815438598	0.0	0.0	1	1.05	-1.37225723189153	138.0	13	1.05	0.95				
	111	1	0.0	0.0	0.0	0.0	1	1.0004076321442228	0.2859829467566107	230.0	13	1.05	0.95				
	112	1	0.0	0.0	0.0	0.0	1	1.0053615898207322	0.5344720350044884	230.0	13	1.05	0.95				
	113	3	87.0002474022807	17.728352300842108	0.0	0.0	1	0.9881138164971447	3.905529462057339e-31	230.0	14	1.05	0.95				
	114	2	63.690747154877194	12.803809995052632	0.0	0.0	1	0.9962429942519707	2.076102715866216	230.0	16	1.05	0.95				
	115	2	104.07199406235088	21.011380504701755	0.0	0.0	1	1.0324426896375212	6.58271334827159	230.0	16	1.05	0.95				
	116	2	32.83028203859649	6.566056407719299	0.0	0.0	1	1.028013438194912	6.45773424252239	230.0	16	1.05	0.95				
	117	1	0.0	0.0	0.0	0.0	1	1.0375612670358916	8.286231347469245	230.0	17	1.05	0.95				
	118	2	109.32483918852631	22.324591786245616	0.0	0.0	1	1.0405757265358724	8.286601392470894	230.0	17	1.05	0.95				
	119	1	59.42281048985966	12.147204354280703	0.0	0.0	1	1.021712663225714	5.570753707376788	230.0	15	1.05	0.95				
	120	1	42.02276100940351	8.53587333003509	0.0	0.0	1	1.0180561466892837	5.444250771157842	230.0	15	1.05	0.95				
	121	2	0.0	0.0	0.0	0.0	1	1.0447397915104204	9.041973310207748	230.0	17	1.05	0.95				
	122	2	0.0	0.0	0.0	0.0	1	1.05	15.617155011717166	230.0	17	1.05	0.95				
	123	2	0.0	0.0	0.0	0.0	1	1.0161322333394462	5.635501119791425	230.0	15	1.05	0.95				
	124	1	0.0	0.0	0.0	0.0	1	1.0237518619816262	4.607452103076203	230.0	16	1.05	0.95				
	201	2	37.535652447157894	7.646151424421052	0.0	0.0	2	1.0192713678249885	-8.683159148749716	138.0	21	1.05	0.95				
	202	2	33.71257673494736	6.951046749473684	0.0	0.0	2	1.0191573984016273	-8.755323954977499	138.0	22	1.05	0.95				
	203	1	62.55942074526316	12.859436486526315	0.0	0.0	2	1.016335632196688	-6.748907195260872	138.0	21	1.05	0.95				
	204	1	25.71887297305263	5.213285062105263	0.0	0.0	2	1.0158945250257527	-9.469840147853107	138.0	21	1.05	0.95				
	205	1	24.676215960631577	4.865732724631579	0.0	0.0	2	1.0305976882464283	-9.756785558404717	138.0	21	1.05	0.95				
	206	1	47.26711789642105	9.731465449263158	0.0	-100.0	2	1.0453333335257038	-10.756284160747093	138.0	22	1.05	0.95				
	207	2	43.444042184210524	8.688808436842105	0.0	0.0	2	0.9957661931612594	-15.275467184819615	138.0	22	1.05	0.95				
	208	1	59.431449707999995	12.164331811578947	0.0	0.0	2	1.0035442066840725	-13.762535398946303	138.0	22	1.05	0.95				
	209	1	60.82165905789474	12.51188414905263	0.0	0.0	2	1.0223028066570974	-8.607468084787449	138.0	23	1.05	0.95				
	210	1	67.77270580736841	13.902093498947368	0.0	0.0	2	1.05	-9.717027614057853	138.0	23	1.05	0.95				
	211	1	0.0	0.0	0.0	0.0	2	1.0014266714981948	-6.277788320140563	230.0	23	1.05	0.95				
	212	1	0.0	0.0	0.0	0.0	2	1.0057054009486335	-5.787178741770726	230.0	23	1.05	0.95				
	213	2	92.1013694305263	18.767826223578947	0.0	0.0	2	0.9939309817072008	-5.344636611754333	230.0	24	1.05	0.95				
	214	2	67.42515346989472	13.554541161473685	0.0	0.0	2	0.9990877341786688	-4.058055193556606	230.0	26	1.05	0.95				
	215	2	110.1740909791579	22.24334959831579	0.0	0.0	2	1.0165024316950533	1.3384139598095866	230.0	26	1.05	0.95				
	216	2	34.75523374736842	6.951046749473684	0.0	0.0	2	1.0178591697876356	1.1683603811505416	230.0	26	1.05	0.95				
	217	1	0.0	0.0	0.0	0.0	2	1.023138563078005	2.927073905387411	230.0	27	1.05	0.95				
	218	2	115.73492837873684	23.633558948210524	0.0	0.0	2	1.0225708698664262	2.4950687852010542	230.0	27	1.05	0.95				
	219	1	62.90697308273684	12.859436486526315	0.0	0.0	2	1.0184719379797889	0.6553854462687833	230.0	25	1.05	0.95				
	220	1	44.48669919663158	9.03636077431579	0.0	0.0	2	1.0209713429276273	0.9020617077971431	230.0	25	1.05	0.95				
	221	2	0.0	0.0	0.0	0.0	2	1.02418901327996	2.9169581001580065	230.0	27	1.05	0.95				
	222	2	0.0	0.0	0.0	0.0	2	1.0463041363151355	9.457651505050187	230.0	27	1.05	0.95				
	223	2	0.0	0.0	0.0	0.0	2	1.0225842919964137	1.3087003016067058	230.0	25	1.05	0.95				
	224	1	0.0	0.0	0.0	0.0	2	1.0063642494485263	-1.7206487642181356	230.0	26	1.05	0.95				
	301	2	41.136349263157896	8.379626701754384	0.0	0.0	3	1.0095311659581896	-20.40546236974682	138.0	31	1.05	0.95				
	302	2	36.946535912280694	7.61784245614035	0.0	0.0	3	1.0095113133337523	-20.501756113561406	138.0	32	1.05	0.95				
	303	1	68.56058210526315	14.093008543859648	0.0	0.0	3	1.0211027032745117	-15.794082764263111	138.0	31	1.05	0.95				
	304	1	28.186017087719296	5.713381842105263	0.0	0.0	3	1.0116590642798924	-19.244434080922222	138.0	31	1.05	0.95				
	305	1	27.043340719298243	5.332489719298246	0.0	0.0	3	1.0249412828010067	-19.868384606476933	138.0	31	1.05	0.95				
	306	1	51.80132870175439	10.664979438596491	0.0	-100.0	3	1.0422000845194197	-20.039840516961227	138.0	32	1.05	0.95				
	307	2	47.611515350877184	9.522303070175438	0.0	0.0	3	0.9939495512917839	-24.1074203301604	138.0	32	1.05	0.95				
	308	1	65.13255299999999	13.331224298245612	0.0	0.0	3	1.0017282562354373	-22.431184010149355	138.0	32	1.05	0.95				
	309	1	66.65612149122806	13.712116421052631	0.0	0.0	3	1.0247999239568726	-16.647306912396463	138.0	33	1.05	0.95				
	310	1	74.27396394736842	15.2356849122807	0.0	0.0	3	1.05	-18.10332478734356	138.0	33	1.05	0.95				
	311	1	0.0	0.0	0.0	0.0	3	1.0038466820199423	-13.046513194182033	230.0	33	1.05	0.95				
	312	1	0.0	0.0	0.0	0.0	3	1.0090250372983423	-12.38642767926364	230.0	33	1.05	0.95				
	313	2	100.93641254385963	20.568174631578948	0.0	0.0	3	1.0074739531206658	-9.43561781403519	230.0	34	1.05	0.95				
	314	2	73.89307182456139	14.854792789473684	0.0	0.0	3	0.9984657256369401	-11.741302731100136	230.0	36	1.05	0.95				
	315	2	120.74280292982455	24.37709585964912	0.0	0.0	3	1.0208672311514522	-8.438040260366737	230.0	36	1.05	0.95				
	316	2	38.08921228070175	7.61784245614035	0.0	0.0	3	1.020678556217798	-7.619230960005309	230.0	36	1.05	0.95				
	317	1	0.0	0.0	0.0	0.0	3	1.0252179864443138	-6.562389658702072	230.0	37	1.05	0.95				
	318	2	126.83707689473682	25.900664350877197	0.0	0.0	3	1.0243098865768965	-6.581088121673476	230.0	37	1.05	0.95				
	319	1	68.94147422807018	14.093008543859648	0.0	0.0	3	1.0193463276489148	-7.827085864702759	230.0	35	1.05	0.95				
	320	1	48.75419171929824	9.903195192982455	0.0	0.0	3	1.020527343240511	-7.25266237690096	230.0	35	1.05	0.95				
	321	2	0.0	0.0	0.0	0.0	3	1.0253167835082377	-6.6682990268896	230.0	37	1.05	0.95				
	322	2	0.0	0.0	0.0	0.0	3	1.0386477777291079	-2.224566114124317	230.0	37	1.05	0.95				
	323	2	0.0	0.0	0.0	0.0	3	1.0216632733180118	-6.639802678835816	230.0	35	1.05	0.95				
	324	1	0.0	0.0	0.0	0.0	3	1.0115848854880802	-11.221112442962227	230.0	36	1.05	0.95				
	325	1	0.0	0.0	0.0	0.0	3	1.0187823304407433	-5.316162664848334	230.0	35	1.05	0.95				
];
