%% MATPOWER Case Format : Version 2
function mpc = RTS_GMLC
mpc.version = '2';

%%-----  Power Flow Data  -----%%
%% system MVA base
mpc.baseMVA = 100.0;
%% bus data
%    bus_i    type    Pd    Qd    Gs    Bs    area    Vm    Va    baseKV    zone    Vmax    Vmin
mpc.bus = [
	101	2	35.36318654147369	7.203612073263158	0.0	0.0	1	1.0345203910829424	4.744169444557514	138.0	11	1.05	0.95				
	102	2	31.7613805048421	6.548738248421053	0.0	0.0	1	1.0335946339141666	4.479349566976598	138.0	12	1.05	0.95				
	103	1	58.938644235789475	12.115165759578947	0.0	0.0	1	1.0327956052352822	3.096781246088041	138.0	11	1.05	0.95				
	104	1	24.230331519157893	4.911553686315789	0.0	0.0	1	1.0231169345814295	1.2101535529693455	138.0	11	1.05	0.95				
	105	1	23.248020781894734	4.5841167738947375	0.0	0.0	1	1.0375212142413512	1.4522274653894431	138.0	11	1.05	0.95				
	106	1	44.53142008926316	9.168233547789475	0.0	-100.0	1	1.0482002531473678	-0.7855563217575334	138.0	12	1.05	0.95				
	107	2	40.92961405263157	8.185922810526316	0.0	0.0	1	1.0007774306141817	-6.467843975708232	138.0	12	1.05	0.95				
	108	1	55.991712023999995	11.46029193473684	0.0	0.0	1	1.0075476400404888	-4.948999485315618	138.0	12	1.05	0.95				
	109	1	57.30145967368421	11.787728847157894	0.0	0.0	1	1.0242963227922168	-0.13675100974331894	138.0	13	1.05	0.95				
	110	1	63.85019792210526	13.097476496842106	0.0	0.0	1	1.05	-0.8560046154179032	138.0	13	1.05	0.95				
	111	1	0.0	0.0	0.0	0.0	1	1.0006914956327673	1.02961091344391	230.0	13	1.05	0.95				
	112	1	0.0	0.0	0.0	0.0	1	1.0054344168343725	0.5710757673561364	230.0	13	1.05	0.95				
	113	3	86.77078179157893	17.681593270736844	0.0	0.0	1	0.9876124327955237	-1.471967932360946e-29	230.0	14	1.05	0.95				
	114	2	63.5227610096842	12.770039584421053	0.0	0.0	1	0.9983736681438389	3.586148868459631	230.0	16	1.05	0.95				
	115	2	103.79750123747367	20.955962394947367	0.0	0.0	1	1.039011354858732	10.03925940727636	230.0	16	1.05	0.95				
	116	2	32.743691242105264	6.548738248421053	0.0	0.0	1	1.0340965458660991	8.980810824343148	230.0	16	1.05	0.95				
	117	1	0.0	0.0	0.0	0.0	1	1.040734440168176	12.948375973801888	230.0	17	1.05	0.95				
	118	2	109.03649183621052	22.26571004463158	0.0	0.0	1	1.04733747453454	13.16072085400076	230.0	17	1.05	0.95				
	119	1	59.266081148210525	12.115165759578947	0.0	0.0	1	1.0230173257537731	6.521277552419081	230.0	15	1.05	0.95				
	120	1	41.911924789894734	8.513359722947369	0.0	0.0	1	1.0164011279132767	4.996625539413457	230.0	15	1.05	0.95				
	121	2	0.0	0.0	0.0	0.0	1	1.05	14.13490470562155	230.0	17	1.05	0.95				
	122	2	0.0	0.0	0.0	0.0	1	1.05	27.37455052061793	230.0	17	1.05	0.95				
	123	2	0.0	0.0	0.0	0.0	1	1.0129395614283134	4.411393443862863	230.0	15	1.05	0.95				
	124	1	0.0	0.0	0.0	0.0	1	1.0275496774337542	7.432607922628575	230.0	16	1.05	0.95				
	201	2	37.96064852210527	7.732724698947369	0.0	0.0	2	1.0179246493156902	-9.417371482123757	138.0	21	1.05	0.95				
	202	2	34.09428617263158	7.0297497263157895	0.0	0.0	2	1.0175639931658185	-9.55718927480616	138.0	22	1.05	0.95				
	203	1	63.2677475368421	13.005036993684211	0.0	0.0	2	1.0155796612688779	-6.941822345415893	138.0	21	1.05	0.95				
	204	1	26.010073987368422	5.2723122947368415	0.0	0.0	2	1.0150369387028333	-9.944425674157518	138.0	21	1.05	0.95				
	205	1	24.955611528421052	4.920824808421053	0.0	0.0	2	1.0298780125913813	-10.265178269965832	138.0	21	1.05	0.95				
	206	1	47.80229813894737	9.841649616842107	0.0	-100.0	2	1.0449043418654376	-11.162512476528093	138.0	22	1.05	0.95				
	207	2	43.93593578947368	8.787187157894737	0.0	0.0	2	0.9966098171301813	-15.591128942826488	138.0	22	1.05	0.95				
	208	1	60.10436015999999	12.302062021052631	0.0	0.0	2	1.003862547866602	-14.053639308797031	138.0	22	1.05	0.95				
	209	1	61.51031010526316	12.65354950736842	0.0	0.0	2	1.0222409367156977	-8.797299809644509	138.0	23	1.05	0.95				
	210	1	68.54005983157894	14.059499452631579	0.0	0.0	2	1.05	-9.98421588833165	138.0	23	1.05	0.95				
	211	1	0.0	0.0	0.0	0.0	2	1.0018672649840645	-6.37031539667636	230.0	23	1.05	0.95				
	212	1	0.0	0.0	0.0	0.0	2	1.0054693291967636	-5.748081372001009	230.0	23	1.05	0.95				
	213	2	93.1441838736842	18.980324261052633	0.0	0.0	2	0.9951054282979508	-5.261915536554288	230.0	24	1.05	0.95				
	214	2	68.18857234526315	13.708011966315789	0.0	0.0	2	0.9997691627446829	-4.170342735770134	230.0	26	1.05	0.95				
	215	2	111.42153316210526	22.495199124210526	0.0	0.0	2	1.0155013294815523	1.1900819161024323	230.0	26	1.05	0.95				
	216	2	35.14874863157895	7.0297497263157895	0.0	0.0	2	1.0168342819952276	1.0699864908294443	230.0	26	1.05	0.95				
	217	1	0.0	0.0	0.0	0.0	2	1.0217640814601143	2.6013112820719386	230.0	27	1.05	0.95				
	218	2	117.04533294315789	23.901149069473686	0.0	0.0	2	1.0211470755413783	2.207809268986479	230.0	27	1.05	0.95				
	219	1	63.61923502315789	13.005036993684211	0.0	0.0	2	1.0175963082181352	0.8368902599519623	230.0	25	1.05	0.95				
	220	1	44.99039824842105	9.138674644210527	0.0	0.0	2	1.020254719240313	1.334835139541632	230.0	25	1.05	0.95				
	221	2	0.0	0.0	0.0	0.0	2	1.0228888317254448	2.6757105759415305	230.0	27	1.05	0.95				
	222	2	0.0	0.0	0.0	0.0	2	1.0449476830302025	9.200564478052863	230.0	27	1.05	0.95				
	223	2	0.0	0.0	0.0	0.0	2	1.0220401706474749	1.8824360248821603	230.0	25	1.05	0.95				
	224	1	0.0	0.0	0.0	0.0	2	1.0054184664933008	-1.8867051511187112	230.0	26	1.05	0.95				
	301	2	41.93925972631579	8.543182536842107	0.0	0.0	3	1.0095387013527934	-16.171474183688154	138.0	31	1.05	0.95				
	302	2	37.667668457894735	7.766529578947369	0.0	0.0	3	1.009482333453935	-16.277853682422474	138.0	32	1.05	0.95				
	303	1	69.89876621052632	14.368079721052633	0.0	0.0	3	1.0233862625341725	-11.14448735850249	138.0	31	1.05	0.95				
	304	1	28.736159442105265	5.824897184210527	0.0	0.0	3	1.0117809284466195	-14.986889703422532	138.0	31	1.05	0.95				
	305	1	27.57118000526316	5.436570705263159	0.0	0.0	3	1.0248638473766358	-15.708962717073515	138.0	31	1.05	0.95				
	306	1	52.81240113684211	10.873141410526317	0.0	-100.0	3	1.0419835278473912	-15.928096960925814	138.0	32	1.05	0.95				
	307	2	48.54080986842105	9.708161973684211	0.0	0.0	3	0.9927421351518453	-20.029139878345315	138.0	32	1.05	0.95				
	308	1	66.4038279	13.591426763157893	0.0	0.0	3	1.0008482233322724	-18.318961156736556	138.0	32	1.05	0.95				
	309	1	67.95713381578948	13.979753242105264	0.0	0.0	3	1.0253614655188492	-12.334282531092345	138.0	33	1.05	0.95				
	310	1	75.72366339473685	15.533059157894739	0.0	0.0	3	1.05	-13.994629979621966	138.0	33	1.05	0.95				
	311	1	0.0	0.0	0.0	0.0	3	1.0041690723567855	-8.975118110369317	230.0	33	1.05	0.95				
	312	1	0.0	0.0	0.0	0.0	3	1.0099950218662064	-8.22692729778106	230.0	33	1.05	0.95				
	313	2	102.90651692105264	20.969629863157895	0.0	0.0	3	1.008361758029785	-5.336415581618329	230.0	34	1.05	0.95				
	314	2	75.33533691578947	15.14473267894737	0.0	0.0	3	0.9979257265759788	-7.83501759870369	230.0	36	1.05	0.95				
	315	2	123.0994938263158	24.85289465263158	0.0	0.0	3	1.0217417036426328	-4.565129127741983	230.0	36	1.05	0.95				
	316	2	38.832647894736844	7.766529578947369	0.0	0.0	3	1.021446783837111	-3.908819019491914	230.0	36	1.05	0.95				
	317	1	0.0	0.0	0.0	0.0	3	1.0277067240803954	-2.042753804952589	230.0	37	1.05	0.95				
	318	2	129.31271748947367	26.406200568421056	0.0	0.0	3	1.0257137058073467	-2.5588859014816885	230.0	37	1.05	0.95				
	319	1	70.28709268947368	14.368079721052633	0.0	0.0	3	1.0206676872540064	-3.9422926794316666	230.0	35	1.05	0.95				
	320	1	49.70578930526316	10.09648845263158	0.0	0.0	3	1.0224210610287474	-3.204068115619097	230.0	35	1.05	0.95				
	321	2	0.0	0.0	0.0	0.0	3	1.0266476438061014	-2.6738104880443228	230.0	37	1.05	0.95				
	322	2	0.0	0.0	0.0	0.0	3	1.040494862365599	1.9604110166742303	230.0	37	1.05	0.95				
	323	2	0.0	0.0	0.0	0.0	3	1.0239569135561308	-2.4973934625101295	230.0	35	1.05	0.95				
	324	1	0.0	0.0	0.0	0.0	3	1.013734231680496	-7.057706942261422	230.0	36	1.05	0.95				
	325	1	0.0	0.0	0.0	0.0	3	1.020766515898994	-1.0919218916249716	230.0	35	1.05	0.95				
];
