%% MATPOWER Case Format : Version 2
function mpc = RTS_GMLC
mpc.version = '2';

%%-----  Power Flow Data  -----%%
%% system MVA base
mpc.baseMVA = 100.0;
%% bus data
%    bus_i    type    Pd    Qd    Gs    Bs    area    Vm    Va    baseKV    zone    Vmax    Vmin
mpc.bus = [
	101	2	50.88718455157895	10.365907964210527	0.0	0.0	1	1.0299295837310674	-0.09670393352160328	138.0	11	1.05	0.95				
	102	2	45.70423056947368	9.423552694736841	0.0	0.0	1	1.0290121996753796	-0.3763074289171595	138.0	12	1.05	0.95				
	103	1	84.81197425263159	17.433572485263156	0.0	0.0	1	1.0280157383917443	-0.7070461179510252	138.0	11	1.05	0.95				
	104	1	34.86714497052631	7.067664521052632	0.0	0.0	1	1.019096824362513	-3.1283057254413262	138.0	11	1.05	0.95				
	105	1	33.453612066315785	6.59648688631579	0.0	0.0	1	1.0336363904921115	-3.0191696166002893	138.0	11	1.05	0.95				
	106	1	64.08015832421053	13.19297377263158	0.0	-100.0	1	1.0434130203449559	-5.165843637046009	138.0	12	1.05	0.95				
	107	2	58.897204342105255	11.779440868421052	0.0	0.0	1	1.0006474752233234	-12.022134680925898	138.0	12	1.05	0.95				
	108	1	80.57137554	16.491217215789472	0.0	0.0	1	1.002295891923961	-10.067446855951918	138.0	12	1.05	0.95				
	109	1	82.45608607894737	16.962394850526316	0.0	0.0	1	1.025139706136213	-3.457776858298955	138.0	13	1.05	0.95				
	110	1	91.8796387736842	18.847105389473683	0.0	0.0	1	1.05	-4.483792316747004	138.0	13	1.05	0.95				
	111	1	0.0	0.0	0.0	0.0	1	1.0065784692002786	-0.9264109235715715	230.0	13	1.05	0.95				
	112	1	0.0	0.0	0.0	0.0	1	1.0111967629321235	-0.7493838691067306	230.0	13	1.05	0.95				
	113	3	124.86207320526314	25.443592275789474	0.0	0.0	1	1.0026237102746003	5.357718008961128e-31	230.0	14	1.05	0.95				
	114	2	91.40846113894736	18.375927754736843	0.0	0.0	1	1.005413268159535	1.4201132714197362	230.0	16	1.05	0.95				
	115	2	149.36331021157895	30.155368623157898	0.0	0.0	1	1.0412990288057895	8.188607596345644	230.0	16	1.05	0.95				
	116	2	47.11776347368421	9.423552694736841	0.0	0.0	1	1.0376420670418074	7.462384387318784	230.0	16	1.05	0.95				
	117	1	0.0	0.0	0.0	0.0	1	1.0432912887311847	10.22529311788132	230.0	17	1.05	0.95				
	118	2	156.90215236736842	32.040079162105265	0.0	0.0	1	1.0466233389589383	10.34275796452841	230.0	17	1.05	0.95				
	119	1	85.28315188736842	17.433572485263156	0.0	0.0	1	1.0307536902400745	5.791578702729651	230.0	15	1.05	0.95				
	120	1	60.310737246315796	12.250618503157895	0.0	0.0	1	1.028574755084005	5.239100890105926	230.0	15	1.05	0.95				
	121	2	0.0	0.0	0.0	0.0	1	1.05	11.532202501209643	230.0	17	1.05	0.95				
	122	2	0.0	0.0	0.0	0.0	1	1.05	20.531090163401643	230.0	17	1.05	0.95				
	123	2	0.0	0.0	0.0	0.0	1	1.0280705020470238	5.295350577735043	230.0	15	1.05	0.95				
	124	1	0.0	0.0	0.0	0.0	1	1.025109866537038	4.868794169773771	230.0	16	1.05	0.95				
	201	2	58.58145757894737	11.933259877192983	0.0	0.0	2	1.0279688892002448	-13.275935535474993	138.0	21	1.05	0.95				
	202	2	52.61482764035087	10.84841807017544	0.0	0.0	2	1.0286118890024203	-13.211755789108484	138.0	22	1.05	0.95				
	203	1	97.63576263157894	20.069573429824562	0.0	0.0	2	1.016791047940576	-11.67845008237021	138.0	21	1.05	0.95				
	204	1	40.139146859649124	8.136313552631579	0.0	0.0	2	1.0167769378802902	-15.021248738721138	138.0	21	1.05	0.95				
	205	1	38.51188414912281	7.593892649122807	0.0	0.0	2	1.032142906462167	-15.326919701326592	138.0	21	1.05	0.95				
	206	1	73.76924287719298	15.187785298245615	0.0	-100.0	2	1.041710000048846	-16.973260426556166	138.0	22	1.05	0.95				
	207	2	67.80261293859648	13.560522587719298	0.0	0.0	2	0.9892519151401877	-24.97266235480201	138.0	22	1.05	0.95				
	208	1	92.7539745	18.984731622807015	0.0	0.0	2	0.9917481420207235	-22.41305808854449	138.0	22	1.05	0.95				
	209	1	94.92365811403509	19.52715252631579	0.0	0.0	2	1.0232988086470391	-14.285041209584744	138.0	23	1.05	0.95				
	210	1	105.77207618421052	21.69683614035088	0.0	0.0	2	1.05	-15.677401872317601	138.0	23	1.05	0.95				
	211	1	0.0	0.0	0.0	0.0	2	1.0123912632136518	-10.896809757583641	230.0	23	1.05	0.95				
	212	1	0.0	0.0	0.0	0.0	2	1.0125560940068552	-10.023404231090458	230.0	23	1.05	0.95				
	213	2	143.74153942982454	29.290728789473686	0.0	0.0	2	1.0115615930438568	-9.569211055811556	230.0	24	1.05	0.95				
	214	2	105.22965528070173	21.154415236842105	0.0	0.0	2	1.0188024553103066	-7.942024173888742	230.0	26	1.05	0.95				
	215	2	171.9474264122807	34.7149378245614	0.0	0.0	2	1.032527898653087	-0.1891330500942612	230.0	26	1.05	0.95				
	216	2	54.24209035087719	10.84841807017544	0.0	0.0	2	1.0348786085640946	-0.45448883005162	230.0	26	1.05	0.95				
	217	1	0.0	0.0	0.0	0.0	2	1.0380465698464445	2.4658514584442663	230.0	27	1.05	0.95				
	218	2	180.62616086842104	36.88462143859649	0.0	0.0	2	1.0391216815876796	2.6525498589528484	230.0	27	1.05	0.95				
	219	1	98.17818353508773	20.069573429824562	0.0	0.0	2	1.0350359244119611	-0.9496152391730469	230.0	25	1.05	0.95				
	220	1	69.4298756491228	14.102943491228071	0.0	0.0	2	1.0393299985015183	-0.3435147709213473	230.0	25	1.05	0.95				
	221	2	0.0	0.0	0.0	0.0	2	1.0392909314640568	2.4745887114416507	230.0	27	1.05	0.95				
	222	2	0.0	0.0	0.0	0.0	2	1.05	8.972687404428207	230.0	27	1.05	0.95				
	223	2	0.0	0.0	0.0	0.0	2	1.0428996048443282	0.38990521252224036	230.0	25	1.05	0.95				
	224	1	0.0	0.0	0.0	0.0	2	1.0123913166093856	-4.472139922883755	230.0	26	1.05	0.95				
	301	2	50.17336287157895	10.220499844210526	0.0	0.0	3	1.0125279110997307	-10.6572616848685	138.0	31	1.05	0.95				
	302	2	45.063112949473684	9.291363494736842	0.0	0.0	3	1.011574958287373	-10.94928319482463	138.0	32	1.05	0.95				
	303	1	83.62227145263158	17.189022465263157	0.0	0.0	3	1.047253272165972	0.6981186346602392	138.0	31	1.05	0.95				
	304	1	34.378044930526315	6.968522621052631	0.0	0.0	3	1.0111482408581718	-9.858240021155476	138.0	31	1.05	0.95				
	305	1	32.98434040631579	6.503954446315789	0.0	0.0	3	1.0255173835719216	-11.197926235886062	138.0	31	1.05	0.95				
	306	1	63.181271764210535	13.007908892631578	0.0	-100.0	3	1.0402723817439807	-12.053235281249478	138.0	32	1.05	0.95				
	307	2	58.07102184210527	11.614204368421053	0.0	0.0	3	0.989691867142254	-17.042144264897775	138.0	32	1.05	0.95				
	308	1	79.44115787999999	16.25988611578947	0.0	0.0	3	0.9957719300806487	-14.921992633576364	138.0	32	1.05	0.95				
	309	1	81.29943057894737	16.724454290526314	0.0	0.0	3	1.0252584377224392	-7.056380692108908	138.0	33	1.05	0.95				
	310	1	90.5907940736842	18.582726989473684	0.0	0.0	3	1.05	-10.244606467426001	138.0	33	1.05	0.95				
	311	1	0.0	0.0	0.0	0.0	3	1.010132015430797	-5.134290542325274	230.0	33	1.05	0.95				
	312	1	0.0	0.0	0.0	0.0	3	1.0136520260089268	-4.608468041858673	230.0	33	1.05	0.95				
	313	2	123.11056630526316	25.086681435789476	0.0	0.0	3	1.0121836452907091	-2.133069305092455	230.0	34	1.05	0.95				
	314	2	90.12622589894737	18.118158814736844	0.0	0.0	3	1.0094807448676784	-4.1536003387473155	230.0	36	1.05	0.95				
	315	2	147.26811139157894	29.732363183157894	0.0	0.0	3	1.0407525851101347	-0.0853158469739219	230.0	36	1.05	0.95				
	316	2	46.45681747368421	9.291363494736842	0.0	0.0	3	1.0371609977419523	-0.008244317158381963	230.0	36	1.05	0.95				
	317	1	0.0	0.0	0.0	0.0	3	1.0458757233915783	2.8882818467815103	230.0	37	1.05	0.95				
	318	2	154.70120218736844	31.590635882105268	0.0	0.0	3	1.043545571951865	1.5990897632402659	230.0	37	1.05	0.95				
	319	1	84.08683962736842	17.189022465263157	0.0	0.0	3	1.0304559173369932	-0.8093738566295665	230.0	35	1.05	0.95				
	320	1	59.46472636631579	12.078772543157895	0.0	0.0	3	1.0279518424799687	-0.6115959963234578	230.0	35	1.05	0.95				
	321	2	0.0	0.0	0.0	0.0	3	1.043760286739951	1.6151136204938543	230.0	37	1.05	0.95				
	322	2	0.0	0.0	0.0	0.0	3	1.05	6.446845760264144	230.0	37	1.05	0.95				
	323	2	0.0	0.0	0.0	0.0	3	1.0273335533276122	-0.14532196015899887	230.0	35	1.05	0.95				
	324	1	0.0	0.0	0.0	0.0	3	1.0394757916261343	0.2176749590279666	230.0	36	1.05	0.95				
	325	1	0.0	0.0	0.0	0.0	3	1.0264088624113645	0.850082458096361	230.0	35	1.05	0.95				
];
