%% MATPOWER Case Format : Version 2
function mpc = RTS_GMLC
mpc.version = '2';

%%-----  Power Flow Data  -----%%
%% system MVA base
mpc.baseMVA = 100.0;
%% bus data
%    bus_i    type    Pd    Qd    Gs    Bs    area    Vm    Va    baseKV    zone    Vmax    Vmin
mpc.bus = [
	101	2	76.35081641684211	15.55294408491228	0.0	0.0	1	1.05	0.8542809640201572	138.0	11	1.05	0.95				
	102	2	68.57434437438596	14.139040077192982	0.0	0.0	1	1.0495549933245067	0.5785407950073311	138.0	12	1.05	0.95				
	103	1	127.25136069473683	26.157224142807017	0.0	0.0	1	1.030014138349969	-1.0002123618530152	138.0	11	1.05	0.95				
	104	1	52.314448285614034	10.604280057894735	0.0	0.0	1	1.026834811246773	-3.111157618793708	138.0	11	1.05	0.95				
	105	1	50.19359227403508	9.89732805403509	0.0	0.0	1	1.039608895447797	-3.5237909733749975	138.0	11	1.05	0.95				
	106	1	96.14547252491228	19.79465610807018	0.0	-100.0	1	1.0405356131460977	-6.677170675740187	138.0	12	1.05	0.95				
	107	2	88.36900048245613	17.673800096491227	0.0	0.0	1	1.0112483277050957	-11.162214434987462	138.0	12	1.05	0.95				
	108	1	120.88879266	24.743320135087714	0.0	0.0	1	1.002697791450137	-10.837132429412177	138.0	12	1.05	0.95				
	109	1	123.7166006754386	25.450272138947366	0.0	0.0	1	1.026410206750152	-4.439915919399812	138.0	13	1.05	0.95				
	110	1	137.85564075263156	28.278080154385965	0.0	0.0	1	1.05	-5.824787003939846	138.0	13	1.05	0.95				
	111	1	0.0	0.0	0.0	0.0	1	1.0135376515783545	-1.8598277091940556	230.0	13	1.05	0.95				
	112	1	0.0	0.0	0.0	0.0	1	1.0161477962355097	-1.3021135811043079	230.0	13	1.05	0.95				
	113	3	187.342281022807	38.175408208421054	0.0	0.0	1	1.0141489621572637	-4.723188452854817e-30	230.0	14	1.05	0.95				
	114	2	137.14868874877192	27.571128150526313	0.0	0.0	1	1.0154029242574212	-0.1642348320624658	230.0	16	1.05	0.95				
	115	2	224.10378522350874	45.24492824701754	0.0	0.0	1	1.0433225834464743	7.244388146304959	230.0	16	1.05	0.95				
	116	2	70.69520038596491	14.139040077192982	0.0	0.0	1	1.0407033056278112	6.509058620456184	230.0	16	1.05	0.95				
	117	1	0.0	0.0	0.0	0.0	1	1.0449132521963678	9.379169115761732	230.0	17	1.05	0.95				
	118	2	235.41501728526316	48.07273626245614	0.0	0.0	1	1.0468937035790946	9.892664226045278	230.0	17	1.05	0.95				
	119	1	127.95831269859647	26.157224142807017	0.0	0.0	1	1.0339407715715239	5.077221670982711	230.0	15	1.05	0.95				
	120	1	90.48985649403508	18.38075210035088	0.0	0.0	1	1.033210474203751	4.634743102338349	230.0	15	1.05	0.95				
	121	2	0.0	0.0	0.0	0.0	1	1.0493718425803473	11.483052128862	230.0	17	1.05	0.95				
	122	2	0.0	0.0	0.0	0.0	1	1.05	17.16856439221014	230.0	17	1.05	0.95				
	123	2	0.0	0.0	0.0	0.0	1	1.0345935151986638	4.921256405585308	230.0	15	1.05	0.95				
	124	1	0.0	0.0	0.0	0.0	1	1.027817965284194	4.169312442453122	230.0	16	1.05	0.95				
	201	2	75.49630097684211	15.37887612491228	0.0	0.0	2	1.033392386687353	-11.547628116756743	138.0	21	1.05	0.95				
	202	2	67.80686291438597	13.980796477192984	0.0	0.0	2	1.0339388766985589	-11.519010540001677	138.0	22	1.05	0.95				
	203	1	125.82716829473685	25.864473482807014	0.0	0.0	2	1.0183523496875553	-10.342273781768181	138.0	21	1.05	0.95				
	204	1	51.72894696561403	10.485597357894736	0.0	0.0	2	1.0172579683285676	-12.82913295369502	138.0	21	1.05	0.95				
	205	1	49.631827494035086	9.786557534035088	0.0	0.0	2	1.0328830526025021	-13.107845335597453	138.0	21	1.05	0.95				
	206	1	95.06941604491229	19.573115068070177	0.0	-100.0	2	1.038660009140286	-14.624677150924718	138.0	22	1.05	0.95				
	207	2	87.37997798245614	17.475995596491227	0.0	0.0	2	0.9711454578901663	-24.96693259951953	138.0	22	1.05	0.95				
	208	1	119.53580988000002	24.466393835087718	0.0	0.0	2	0.9738989839743838	-21.52918089088942	138.0	22	1.05	0.95				
	209	1	122.3319691754386	25.165433658947368	0.0	0.0	2	1.025481235664791	-11.06366997893517	138.0	23	1.05	0.95				
	210	1	136.31276565263158	27.961592954385967	0.0	0.0	2	1.05	-12.47937437164728	138.0	23	1.05	0.95				
	211	1	0.0	0.0	0.0	0.0	2	1.0219027680488468	-7.552927332502405	230.0	23	1.05	0.95				
	212	1	0.0	0.0	0.0	0.0	2	1.0229363205773438	-2.4006425579455466	230.0	23	1.05	0.95				
	213	2	185.245553322807	37.748150488421054	0.0	0.0	2	1.0283354081488183	-4.908606153438037	230.0	24	1.05	0.95				
	214	2	135.61372582877195	27.262553130526317	0.0	0.0	2	1.0308282714925097	-5.711740492238897	230.0	26	1.05	0.95				
	215	2	221.59562416350877	44.738548727017545	0.0	0.0	2	1.0393813739458346	1.1109973604518089	230.0	26	1.05	0.95				
	216	2	69.90398238596491	13.980796477192984	0.0	0.0	2	1.0410854609527491	1.2021656369203004	230.0	26	1.05	0.95				
	217	1	0.0	0.0	0.0	0.0	2	1.043531279757921	3.687800694029208	230.0	27	1.05	0.95				
	218	2	232.78026134526314	47.534708022456144	0.0	0.0	2	1.0442912812924188	3.9400871677161797	230.0	27	1.05	0.95				
	219	1	126.5262081185965	25.864473482807014	0.0	0.0	2	1.0392537890643836	1.1860888704830364	230.0	25	1.05	0.95				
	220	1	89.47709745403509	18.175035420350877	0.0	0.0	2	1.043720446437086	2.489655746567817	230.0	25	1.05	0.95				
	221	2	0.0	0.0	0.0	0.0	2	1.0443565518370157	3.758665796877774	230.0	27	1.05	0.95				
	222	2	0.0	0.0	0.0	0.0	2	1.05	10.237671384227149	230.0	27	1.05	0.95				
	223	2	0.0	0.0	0.0	0.0	2	1.0484331127174584	3.7118852898227708	230.0	25	1.05	0.95				
	224	1	0.0	0.0	0.0	0.0	2	1.017223931097783	-3.1371882636261925	230.0	26	1.05	0.95				
	301	2	78.51439417263158	15.993672887017544	0.0	0.0	3	0.9621003729034698	-5.940121846349422	138.0	31	1.05	0.95				
	302	2	70.5175577291228	14.539702624561404	0.0	0.0	3	0.964610170913552	-6.029669206334212	138.0	32	1.05	0.95				
	303	1	130.85732362105264	26.898449855438596	0.0	0.0	3	0.9810083776253201	-1.5158527581533565	138.0	31	1.05	0.95				
	304	1	53.79689971087719	10.904776968421052	0.0	0.0	3	0.9601678832137259	-3.0842510420610934	138.0	31	1.05	0.95				
	305	1	51.615944317192984	10.177791837192983	0.0	0.0	3	0.9709898559984518	-3.2327092606501426	138.0	31	1.05	0.95				
	306	1	98.86997784701755	20.355583674385965	0.0	-100.0	3	0.9842947723473126	-2.5737581730767958	138.0	32	1.05	0.95				
	307	2	90.87314140350877	18.174628280701754	0.0	0.0	3	0.95	-7.994082927540294	138.0	32	1.05	0.95				
	308	1	124.31445744	25.444479592982454	0.0	0.0	3	0.9540871993137197	-4.279105292934752	138.0	32	1.05	0.95				
	309	1	127.22239796491228	26.171464724210523	0.0	0.0	3	0.9861508324478109	2.5369019264452977	138.0	33	1.05	0.95				
	310	1	141.76210058947368	29.079405249122807	0.0	0.0	3	1.005080261756356	2.016173026805104	138.0	33	1.05	0.95				
	311	1	0.0	0.0	0.0	0.0	3	0.980183683607618	10.450229981003256	230.0	33	1.05	0.95				
	312	1	0.0	0.0	0.0	0.0	3	0.9857667806195067	12.160061793333611	230.0	33	1.05	0.95				
	313	2	192.6510597754386	39.25719708631579	0.0	0.0	3	1.0169915304470456	20.92961388920879	230.0	34	1.05	0.95				
	314	2	141.0351154582456	28.352420117894738	0.0	0.0	3	0.9896956477723382	9.055925104110157	230.0	36	1.05	0.95				
	315	2	230.45428659929823	46.52704839859649	0.0	0.0	3	1.0269405447475992	4.057445424628373	230.0	36	1.05	0.95				
	316	2	72.69851312280701	14.539702624561404	0.0	0.0	3	1.02586561550371	5.933655967595619	230.0	36	1.05	0.95				
	317	1	0.0	0.0	0.0	0.0	3	1.0317421446322284	5.176783409694961	230.0	37	1.05	0.95				
	318	2	242.0860486989474	49.434988923508776	0.0	0.0	3	1.0305459009145024	3.964958185260955	230.0	37	1.05	0.95				
	319	1	131.58430875228072	26.898449855438596	0.0	0.0	3	1.0214045539578556	8.679454687264297	230.0	35	1.05	0.95				
	320	1	93.05409679719298	18.901613411929823	0.0	0.0	3	1.0222172790383508	11.033599470253293	230.0	35	1.05	0.95				
	321	2	0.0	0.0	0.0	0.0	3	1.0313687128448987	4.570926473987733	230.0	37	1.05	0.95				
	322	2	0.0	0.0	0.0	0.0	3	1.044987320842166	9.156826480559323	230.0	37	1.05	0.95				
	323	2	0.0	0.0	0.0	0.0	3	1.0234982282455864	12.056864530140825	230.0	35	1.05	0.95				
	324	1	0.0	0.0	0.0	0.0	3	1.0043719556733444	3.968466801311826	230.0	36	1.05	0.95				
	325	1	0.0	0.0	0.0	0.0	3	1.0266219683771562	12.020845316693666	230.0	35	1.05	0.95				
];
