%% MATPOWER Case Format : Version 2
function mpc = RTS_GMLC
mpc.version = '2';

%%-----  Power Flow Data  -----%%
%% system MVA base
mpc.baseMVA = 100.0;
%% bus data
%    bus_i    type    Pd    Qd    Gs    Bs    area    Vm    Va    baseKV    zone    Vmax    Vmin
mpc.bus = [
	101	2	54.82830281684211	11.168728351578947	0.0	0.0	1	1.033614277415466	1.1628460993339065	138.0	11	1.05	0.95				
	102	2	49.24393864105264	10.153389410526318	0.0	0.0	1	1.0331694011228816	1.030501324448896	138.0	12	1.05	0.95				
	103	1	91.38050469473686	18.783770409473686	0.0	0.0	1	1.0266241193381205	-0.9340463717482067	138.0	11	1.05	0.95				
	104	1	37.56754081894737	7.615042057894737	0.0	0.0	1	1.0203933366476639	-2.0246211384715567	138.0	11	1.05	0.95				
	105	1	36.04453240736842	7.107372587368423	0.0	0.0	1	1.035000859446516	-1.8255295109067269	138.0	11	1.05	0.95				
	106	1	69.04304799157896	14.214745174736846	0.0	-100.0	1	1.0433071863687393	-4.004706193200922	138.0	12	1.05	0.95				
	107	2	63.45868381578947	12.691736763157897	0.0	0.0	1	1.018274547092438	-3.7353101609322743	138.0	12	1.05	0.95				
	108	1	86.81147946	17.768431468421053	0.0	0.0	1	1.0140373575259976	-4.9765482396102545	138.0	12	1.05	0.95				
	109	1	88.84215734210528	18.27610093894737	0.0	0.0	1	1.0255866871561177	-2.4694989853593596	138.0	13	1.05	0.95				
	110	1	98.99554675263158	20.306778821052635	0.0	0.0	1	1.05	-3.255471979216786	138.0	13	1.05	0.95				
	111	1	0.0	0.0	0.0	0.0	1	1.0056115556083896	-0.7597097837766135	230.0	13	1.05	0.95				
	112	1	0.0	0.0	0.0	0.0	1	1.01031887670565	0.018147352034113988	230.0	13	1.05	0.95				
	113	3	134.5324096894737	27.414151408421056	0.0	0.0	1	0.9993989923122556	1.1439543885586405e-30	230.0	14	1.05	0.95				
	114	2	98.48787728210527	19.79910935052632	0.0	0.0	1	1.0023505206253907	0.7962342384091148	230.0	16	1.05	0.95				
	115	2	160.93122215684213	32.49084611368421	0.0	0.0	1	1.0398627686990383	6.14364978887762	230.0	16	1.05	0.95				
	116	2	50.766947052631586	10.153389410526318	0.0	0.0	1	1.035638567467455	5.978245211650759	230.0	16	1.05	0.95				
	117	1	0.0	0.0	0.0	0.0	1	1.042918446715025	7.456194806213356	230.0	17	1.05	0.95				
	118	2	169.0539336852632	34.52152399578948	0.0	0.0	1	1.0454380700561177	7.189950718903789	230.0	17	1.05	0.95				
	119	1	91.88817416526317	18.783770409473686	0.0	0.0	1	1.029651645009617	5.521269311219928	230.0	15	1.05	0.95				
	120	1	64.98169222736843	13.199406233684213	0.0	0.0	1	1.028235371121956	6.104351935989787	230.0	15	1.05	0.95				
	121	2	0.0	0.0	0.0	0.0	1	1.05	8.098817312942483	230.0	17	1.05	0.95				
	122	2	0.0	0.0	0.0	0.0	1	1.05	15.448527594251537	230.0	17	1.05	0.95				
	123	2	0.0	0.0	0.0	0.0	1	1.0285290127820195	6.813938485705973	230.0	15	1.05	0.95				
	124	1	0.0	0.0	0.0	0.0	1	1.0256201599452273	3.5074227277500176	230.0	16	1.05	0.95				
	201	2	48.585550130526315	9.897056508070175	0.0	0.0	2	1.0308680031296669	-3.890055416728661	138.0	21	1.05	0.95				
	202	2	43.637021876491225	8.997324098245613	0.0	0.0	2	1.03121709926048	-3.8595848235451817	138.0	22	1.05	0.95				
	203	1	80.97591688421053	16.645049581754385	0.0	0.0	2	1.0239969707618128	-3.922723586694108	138.0	21	1.05	0.95				
	204	1	33.29009916350877	6.747993073684209	0.0	0.0	2	1.0199186110807925	-6.27068752119073	138.0	21	1.05	0.95				
	205	1	31.940500548771926	6.298126868771931	0.0	0.0	2	1.03466796615998	-6.369720916572259	138.0	21	1.05	0.95				
	206	1	61.181803868070176	12.596253737543861	0.0	-100.0	2	1.0447385678856425	-8.185996802145535	138.0	22	1.05	0.95				
	207	2	56.23327561403508	11.246655122807017	0.0	0.0	2	0.9885351665626048	-15.014225689938653	138.0	22	1.05	0.95				
	208	1	76.92712103999999	15.745317171929823	0.0	0.0	2	0.9955726495935425	-12.97611689455666	138.0	22	1.05	0.95				
	209	1	78.72658585964912	16.195183376842103	0.0	0.0	2	1.023830449224951	-6.411312541791283	138.0	23	1.05	0.95				
	210	1	87.72390995789473	17.994648196491227	0.0	0.0	2	1.05	-7.455108711153445	138.0	23	1.05	0.95				
	211	1	0.0	0.0	0.0	0.0	2	1.0058262308852728	-3.937936060092174	230.0	23	1.05	0.95				
	212	1	0.0	0.0	0.0	0.0	2	1.0102649408760798	-3.4829733969381773	230.0	23	1.05	0.95				
	213	2	119.21454430175437	24.292775065263157	0.0	0.0	2	0.9991514258653903	-3.211419457480812	230.0	24	1.05	0.95				
	214	2	87.27404375298245	17.544781991578947	0.0	0.0	2	1.00682532610775	-1.4676637709924714	230.0	26	1.05	0.95				
	215	2	142.60758695719298	28.791437114385964	0.0	0.0	2	1.0307573206042064	4.712716705255032	230.0	26	1.05	0.95				
	216	2	44.98662049122807	8.997324098245613	0.0	0.0	2	1.0319180654665092	4.690021329174009	230.0	26	1.05	0.95				
	217	1	0.0	0.0	0.0	0.0	2	1.0375993075048056	7.385123794166213	230.0	27	1.05	0.95				
	218	2	149.80544623578947	30.590901934035088	0.0	0.0	2	1.0396040022279887	8.057441168590367	230.0	27	1.05	0.95				
	219	1	81.4257830891228	16.645049581754385	0.0	0.0	2	1.0312479142911888	3.6671340074671863	230.0	25	1.05	0.95				
	220	1	57.58287422877193	11.6965213277193	0.0	0.0	2	1.03387905048759	3.648034882605403	230.0	25	1.05	0.95				
	221	2	0.0	0.0	0.0	0.0	2	1.0390942063010158	7.692124237349876	230.0	27	1.05	0.95				
	222	2	0.0	0.0	0.0	0.0	2	1.05	14.072791843538115	230.0	27	1.05	0.95				
	223	2	0.0	0.0	0.0	0.0	2	1.0359560316484793	3.977190999811511	230.0	25	1.05	0.95				
	224	1	0.0	0.0	0.0	0.0	2	1.017413736086389	1.4686101624293117	230.0	26	1.05	0.95				
	301	2	53.29958873684211	10.857323631578947	0.0	0.0	3	1.0075071490096719	-27.038927215205998	138.0	31	1.05	0.95				
	302	2	47.87092692105263	9.870294210526314	0.0	0.0	3	1.0069603635165145	-27.167546873975567	138.0	32	1.05	0.95				
	303	1	88.83264789473684	18.260044289473683	0.0	0.0	3	1.0229869238213438	-20.689547102336576	138.0	31	1.05	0.95				
	304	1	36.520088578947366	7.402720657894736	0.0	0.0	3	1.0086892713133702	-25.520654220763227	138.0	31	1.05	0.95				
	305	1	35.039544447368414	6.909205947368421	0.0	0.0	3	1.0221604720451547	-26.341809695499006	138.0	31	1.05	0.95				
	306	1	67.11800063157895	13.818411894736842	0.0	-100.0	3	1.0382575896437094	-26.523004043855035	138.0	32	1.05	0.95				
	307	2	61.68933881578946	12.337867763157893	0.0	0.0	3	0.9925284340759971	-32.080099435522726	138.0	32	1.05	0.95				
	308	1	84.3910155	17.27301486842105	0.0	0.0	3	0.9965154659063525	-29.79783414266828	138.0	32	1.05	0.95				
	309	1	86.36507434210526	17.766529578947367	0.0	0.0	3	1.0263643572383259	-22.157321963063808	138.0	33	1.05	0.95				
	310	1	96.23536855263156	19.740588421052628	0.0	0.0	3	1.05	-24.05885275170784	138.0	33	1.05	0.95				
	311	1	0.0	0.0	0.0	0.0	3	1.0133970909349745	-17.414098002855436	230.0	33	1.05	0.95				
	312	1	0.0	0.0	0.0	0.0	3	1.0140117456602	-16.989149668255774	230.0	33	1.05	0.95				
	313	2	130.78139828947366	26.649794368421055	0.0	0.0	3	1.0172789401756426	-13.857121977136174	230.0	34	1.05	0.95				
	314	2	95.74185384210526	19.247073710526312	0.0	0.0	3	1.0218140607647215	-14.818866740022537	230.0	36	1.05	0.95				
	315	2	156.4441632368421	31.584941473684207	0.0	0.0	3	1.045753255719654	-8.596789227515698	230.0	36	1.05	0.95				
	316	2	49.351471052631574	9.870294210526314	0.0	0.0	3	1.044523023718438	-8.225992800966266	230.0	36	1.05	0.95				
	317	1	0.0	0.0	0.0	0.0	3	1.0475785580123196	-5.789532049388882	230.0	37	1.05	0.95				
	318	2	164.34039860526315	33.559000315789476	0.0	0.0	3	1.047609332472049	-5.353382335451443	230.0	37	1.05	0.95				
	319	1	89.32616260526315	18.260044289473683	0.0	0.0	3	1.040040230897546	-9.443335801553618	230.0	35	1.05	0.95				
	320	1	63.169882947368414	12.831382473684211	0.0	0.0	3	1.0398778574163918	-9.569220999970543	230.0	35	1.05	0.95				
	321	2	0.0	0.0	0.0	0.0	3	1.049999984093226	-4.9604225978421495	230.0	37	1.05	0.95				
	322	2	0.0	0.0	0.0	0.0	3	1.05	-0.9412888451512087	230.0	37	1.05	0.95				
	323	2	0.0	0.0	0.0	0.0	3	1.0405829207850237	-9.269644007929095	230.0	35	1.05	0.95				
	324	1	0.0	0.0	0.0	0.0	3	1.0220101419418286	-13.076768507543184	230.0	36	1.05	0.95				
	325	1	0.0	0.0	0.0	0.0	3	1.0355754643210673	-7.835188701042175	230.0	35	1.05	0.95				
];
