%% MATPOWER Case Format : Version 2
function mpc = RTS_GMLC
mpc.version = '2';

%%-----  Power Flow Data  -----%%
%% system MVA base
mpc.baseMVA = 100.0;
%% bus data
%    bus_i    type    Pd    Qd    Gs    Bs    area    Vm    Va    baseKV    zone    Vmax    Vmin
mpc.bus = [
	101	2	51.2612568	10.442107866666666	0.0	0.0	1	0.9969345395903803	-4.965538971403392	138.0	11	1.05	0.95				
	102	2	46.04020286666666	9.492825333333332	0.0	0.0	1	0.9962294635232831	-5.20389586602849	138.0	12	1.05	0.95				
	103	1	85.43542799999999	17.561726866666667	0.0	0.0	1	1.019879633645927	-0.4731406239966505	138.0	11	1.05	0.95				
	104	1	35.123453733333335	7.119618999999999	0.0	0.0	1	1.0075331032272383	-5.214977370442742	138.0	11	1.05	0.95				
	105	1	33.69952993333333	6.6449777333333335	0.0	0.0	1	1.0173529419044294	-6.304834659720825	138.0	11	1.05	0.95				
	106	1	64.55121226666667	13.289955466666667	0.0	-100.0	1	1.0360429774564426	-7.575539612155041	138.0	12	1.05	0.95				
	107	2	59.33015833333333	11.866031666666665	0.0	0.0	1	0.9900077339675519	-11.27738605891033	138.0	12	1.05	0.95				
	108	1	81.1636566	16.612444333333332	0.0	0.0	1	0.9972192979915996	-10.155683060821177	138.0	12	1.05	0.95				
	109	1	83.06222166666666	17.087085599999998	0.0	0.0	1	1.0263251787521763	-4.1522447531527735	138.0	13	1.05	0.95				
	110	1	92.55504699999999	18.985650666666665	0.0	0.0	1	1.05	-6.086141383885495	138.0	13	1.05	0.95				
	111	1	0.0	0.0	0.0	0.0	1	1.0226444319892307	-0.932621049890895	230.0	13	1.05	0.95				
	112	1	0.0	0.0	0.0	0.0	1	1.0169323570641293	-1.752084188163604	230.0	13	1.05	0.95				
	113	3	125.77993566666666	25.6306284	0.0	0.0	1	1.0085634481792676	5.375502581569204e-28	230.0	14	1.05	0.95				
	114	2	92.08040573333332	18.5110094	0.0	0.0	1	1.0499999719412125	2.335196225970248	230.0	16	1.05	0.95				
	115	2	150.4612815333333	30.377041066666667	0.0	0.0	1	1.0375827555656287	11.750671381682473	230.0	16	1.05	0.95				
	116	2	47.46412666666666	9.492825333333332	0.0	0.0	1	1.039958667501993	10.066792037437276	230.0	16	1.05	0.95				
	117	1	0.0	0.0	0.0	0.0	1	1.0372659830617563	16.12431328351947	230.0	17	1.05	0.95				
	118	2	158.0555418	32.27560613333333	0.0	0.0	1	1.04490247721913	16.724758447494544	230.0	17	1.05	0.95				
	119	1	85.91006926666665	17.561726866666667	0.0	0.0	1	1.0371547325581856	6.180132843555077	230.0	15	1.05	0.95				
	120	1	60.754082133333334	12.340672933333332	0.0	0.0	1	1.0411212897702473	3.57817213550723	230.0	15	1.05	0.95				
	121	2	0.0	0.0	0.0	0.0	1	1.0386645915875956	18.383675898178353	230.0	17	1.05	0.95				
	122	2	0.0	0.0	0.0	0.0	1	1.05	36.38188776961877	230.0	17	1.05	0.95				
	123	2	0.0	0.0	0.0	0.0	1	1.0444893849042092	2.50729593575548	230.0	15	1.05	0.95				
	124	1	0.0	0.0	0.0	0.0	1	1.0156670080745256	7.2008286265926476	230.0	16	1.05	0.95				
	201	2	46.392570454736855	9.450338425964913	0.0	0.0	2	1.0059869532928511	-11.50924472762637	138.0	21	1.05	0.95				
	202	2	41.66740124175439	8.591216750877194	0.0	0.0	2	1.0052240465417623	-11.750999648159915	138.0	22	1.05	0.95				
	203	1	77.32095075789475	15.89375098912281	0.0	0.0	2	1.0136734764669246	-8.973656409092374	138.0	21	1.05	0.95				
	204	1	31.78750197824562	6.443412563157895	0.0	0.0	2	1.0090445078765486	-11.132133336447726	138.0	21	1.05	0.95				
	205	1	30.498819465614034	6.013851725614037	0.0	0.0	2	1.0225675333744713	-11.453228330008635	138.0	21	1.05	0.95				
	206	1	58.420273905964926	12.027703451228074	0.0	-100.0	2	1.0397567078248307	-11.952756278578823	138.0	22	1.05	0.95				
	207	2	53.69510469298247	10.739020938596493	0.0	0.0	2	0.9893287264801187	-17.095546507060874	138.0	22	1.05	0.95				
	208	1	73.45490322	15.034629314035088	0.0	0.0	2	0.9971234876027415	-15.170924551896448	138.0	22	1.05	0.95				
	209	1	75.17314657017545	15.464190151578949	0.0	0.0	2	1.024924030106979	-8.852138652175201	138.0	23	1.05	0.95				
	210	1	83.76436332105264	17.18243350175439	0.0	0.0	2	1.05	-10.01115007534409	138.0	23	1.05	0.95				
	211	1	0.0	0.0	0.0	0.0	2	1.0069976790897086	-6.155495890330428	230.0	23	1.05	0.95				
	212	1	0.0	0.0	0.0	0.0	2	1.0173724471071255	-2.5391540985236913	230.0	23	1.05	0.95				
	213	2	113.83362194912281	23.196285227368428	0.0	0.0	2	1.0069188225156518	-3.9142743989281232	230.0	24	1.05	0.95				
	214	2	83.33480248350878	16.752872664210532	0.0	0.0	2	1.0037433921452552	-4.731425644787184	230.0	26	1.05	0.95				
	215	2	136.17078550140354	27.49189360280702	0.0	0.0	2	1.0302756252234948	0.23551169231980568	230.0	26	1.05	0.95				
	216	2	42.95608375438597	8.591216750877194	0.0	0.0	2	1.031630833794911	-0.1907155525092148	230.0	26	1.05	0.95				
	217	1	0.0	0.0	0.0	0.0	2	1.0373245448266855	1.1626998099047468	230.0	27	1.05	0.95				
	218	2	143.04375890210528	29.210136952982463	0.0	0.0	2	1.0353455734714831	0.7611003764556038	230.0	27	1.05	0.95				
	219	1	77.75051159543861	15.89375098912281	0.0	0.0	2	1.0371226133495608	0.29855400980095986	230.0	25	1.05	0.95				
	220	1	54.98378720561404	11.168581776140353	0.0	0.0	2	1.044839634460832	1.5363074266315602	230.0	25	1.05	0.95				
	221	2	0.0	0.0	0.0	0.0	2	1.0360636513432653	1.3783986773000814	230.0	27	1.05	0.95				
	222	2	0.0	0.0	0.0	0.0	2	1.05	7.792827745399049	230.0	27	1.05	0.95				
	223	2	0.0	0.0	0.0	0.0	2	1.05	2.525142187879826	230.0	25	1.05	0.95				
	224	1	0.0	0.0	0.0	0.0	2	1.0126108026825607	-3.1896339650429364	230.0	26	1.05	0.95				
	301	2	56.13540017684211	11.434988924912282	0.0	0.0	3	1.0231471877872271	22.601554512165606	138.0	31	1.05	0.95				
	302	2	50.41790571438597	10.395444477192983	0.0	0.0	3	1.0197922747674333	22.240346910038987	138.0	32	1.05	0.95				
	303	1	93.55900029473685	19.23157228280702	0.0	0.0	3	1.05	38.04786193177184	138.0	31	1.05	0.95				
	304	1	38.46314456561404	7.796583357894738	0.0	0.0	3	1.0078284828644948	23.561961985237545	138.0	31	1.05	0.95				
	305	1	36.90382789403509	7.276811134035088	0.0	0.0	3	1.0272367023617832	21.577963084588465	138.0	31	1.05	0.95				
	306	1	70.68902244491228	14.553622268070177	0.0	-100.0	3	1.0359630216515774	20.394354066844233	138.0	32	1.05	0.95				
	307	2	64.97152798245615	12.994305596491229	0.0	0.0	3	0.95	15.021470732103817	138.0	32	1.05	0.95				
	308	1	88.88105028000001	18.19202783508772	0.0	0.0	3	0.9665252163953347	17.42163631694906	138.0	32	1.05	0.95				
	309	1	90.9601391754386	18.711800058947368	0.0	0.0	3	1.0149921631424954	26.821077529597282	138.0	33	1.05	0.95				
	310	1	101.35558365263158	20.790888954385967	0.0	0.0	3	1.0440339509991674	22.2143230262015	138.0	33	1.05	0.95				
	311	1	0.0	0.0	0.0	0.0	3	1.0037705848173726	26.433901872454875	230.0	33	1.05	0.95				
	312	1	0.0	0.0	0.0	0.0	3	1.0094559939583176	26.238720267842172	230.0	33	1.05	0.95				
	313	2	137.73963932280702	28.067700088421056	0.0	0.0	3	1.0049108869120589	27.565261295965556	230.0	34	1.05	0.95				
	314	2	100.83581142877193	20.271116730526316	0.0	0.0	3	1.0006832115605402	27.45793765920586	230.0	36	1.05	0.95				
	315	2	164.76779496350878	33.265422327017546	0.0	0.0	3	1.0465168382282084	27.88002475449102	230.0	36	1.05	0.95				
	316	2	51.977222385964915	10.395444477192983	0.0	0.0	3	1.0307022414700688	27.71802961127029	230.0	36	1.05	0.95				
	317	1	0.0	0.0	0.0	0.0	3	1.05	30.30844920237649	230.0	37	1.05	0.95				
	318	2	173.08415054526318	35.34451122245614	0.0	0.0	3	1.04976331503116	26.829468453420613	230.0	37	1.05	0.95				
	319	1	94.0787725185965	19.23157228280702	0.0	0.0	3	1.0235336172589755	27.028616506154524	230.0	35	1.05	0.95				
	320	1	66.53084465403509	13.514077820350877	0.0	0.0	3	1.0185140956758825	26.143306504326983	230.0	35	1.05	0.95				
	321	2	0.0	0.0	0.0	0.0	3	1.05	27.84040323834233	230.0	37	1.05	0.95				
	322	2	0.0	0.0	0.0	0.0	3	1.05	33.15720328503957	230.0	37	1.05	0.95				
	323	2	0.0	0.0	0.0	0.0	3	1.0158321056630144	25.680603550087664	230.0	35	1.05	0.95				
	324	1	0.0	0.0	0.0	0.0	3	1.0468765791144998	33.319990918454664	230.0	36	1.05	0.95				
	325	1	0.0	0.0	0.0	0.0	3	1.0192045583682288	25.065567247060148	230.0	35	1.05	0.95				
];
