%% MATPOWER Case Format : Version 2
function mpc = RTS_GMLC
mpc.version = '2';

%%-----  Power Flow Data  -----%%
%% system MVA base
mpc.baseMVA = 100.0;
%% bus data
%    bus_i    type    Pd    Qd    Gs    Bs    area    Vm    Va    baseKV    zone    Vmax    Vmin
mpc.bus = [
	101	2	42.57743691789474	8.673181594385964	0.0	0.0	1	1.0336217861022947	2.523197992443729	138.0	11	1.05	0.95				
	102	2	38.24084612070175	7.884710540350877	0.0	0.0	1	1.0327111997573668	2.266312139537384	138.0	12	1.05	0.95				
	103	1	70.9623948631579	14.586714499649123	0.0	0.0	1	1.0291890035210292	0.9339094119667335	138.0	11	1.05	0.95				
	104	1	29.173428999298245	5.913532905263157	0.0	0.0	1	1.0217735443181781	-0.7084451766422181	138.0	11	1.05	0.95				
	105	1	27.99072241824561	5.519297378245614	0.0	0.0	1	1.0364475449207387	-0.48971919044864376	138.0	11	1.05	0.95				
	106	1	53.616031674385965	11.038594756491229	0.0	-100.0	1	1.0463784063372756	-2.624243467640166	138.0	12	1.05	0.95				
	107	2	49.27944087719298	9.855888175438595	0.0	0.0	1	1.0010078910720335	-7.336407490345726	138.0	12	1.05	0.95				
	108	1	67.41427511999999	13.798243445614034	0.0	0.0	1	1.0060096449109448	-6.2730522818007985	138.0	12	1.05	0.95				
	109	1	68.99121722807017	14.192478972631578	0.0	0.0	1	1.0245082154386183	-1.5417851544959527	138.0	13	1.05	0.95				
	110	1	76.87592776842105	15.769421080701754	0.0	0.0	1	1.05	-2.301105771924995	138.0	13	1.05	0.95				
	111	1	0.0	0.0	0.0	0.0	1	1.0024459262660628	0.02660237613590914	230.0	13	1.05	0.95				
	112	1	0.0	0.0	0.0	0.0	1	1.007255288930992	0.2793708312592676	230.0	13	1.05	0.95				
	113	3	104.47241465964912	21.28871845894737	0.0	0.0	1	0.993019399057334	-2.784069622348979e-29	230.0	14	1.05	0.95				
	114	2	76.4816922414035	15.37518555368421	0.0	0.0	1	0.9991557633903256	2.1325893508070783	230.0	16	1.05	0.95				
	115	2	124.97266206456139	25.231073729122805	0.0	0.0	1	1.0361004257195532	7.930991501345551	230.0	16	1.05	0.95				
	116	2	39.42355270175438	7.884710540350877	0.0	0.0	1	1.0315569344524405	7.3643977487372	230.0	16	1.05	0.95				
	117	1	0.0	0.0	0.0	0.0	1	1.039639484641271	9.313184571750918	230.0	17	1.05	0.95				
	118	2	131.28043049684211	26.808015837192983	0.0	0.0	1	1.0421614616355408	9.404678423120096	230.0	17	1.05	0.95				
	119	1	71.35663039017544	14.586714499649123	0.0	0.0	1	1.024862190264628	6.193507633942649	230.0	15	1.05	0.95				
	120	1	50.46214745824561	10.25012370245614	0.0	0.0	1	1.0217235301458139	5.9410207137665	230.0	15	1.05	0.95				
	121	2	0.0	0.0	0.0	0.0	1	1.0460577491536271	10.392047525113144	230.0	17	1.05	0.95				
	122	2	0.0	0.0	0.0	0.0	1	1.05	16.47583616101541	230.0	17	1.05	0.95				
	123	2	0.0	0.0	0.0	0.0	1	1.0203715398020663	6.110142871335287	230.0	15	1.05	0.95				
	124	1	0.0	0.0	0.0	0.0	1	1.0243492784517754	5.30587993278205	230.0	16	1.05	0.95				
	201	2	42.907602694736845	8.740437585964912	0.0	0.0	2	1.0264254778462982	-5.747894746995707	138.0	21	1.05	0.95				
	202	2	38.53738390175438	7.945852350877193	0.0	0.0	2	1.0274232220159167	-5.533543223647147	138.0	22	1.05	0.95				
	203	1	71.51267115789473	14.699826849122807	0.0	0.0	2	1.0176457705074478	-5.769228675991948	138.0	21	1.05	0.95				
	204	1	29.399653698245615	5.959389263157894	0.0	0.0	2	1.0188452211415633	-7.329846844510663	138.0	21	1.05	0.95				
	205	1	28.20777584561403	5.5620966456140355	0.0	0.0	2	1.0334109363310815	-7.522071508964254	138.0	21	1.05	0.95				
	206	1	54.03179598596491	11.124193291228071	0.0	-100.0	2	1.0456255597085045	-8.869895477940297	138.0	22	1.05	0.95				
	207	2	49.661577192982456	9.932315438596492	0.0	0.0	2	0.9926205662091687	-14.672755953609713	138.0	22	1.05	0.95				
	208	1	67.9370376	13.905241614035086	0.0	0.0	2	0.9998935188466673	-12.90554309913226	138.0	22	1.05	0.95				
	209	1	69.52620807017543	14.302534231578948	0.0	0.0	2	1.022833740098214	-7.166820354036711	138.0	23	1.05	0.95				
	210	1	77.47206042105262	15.891704701754387	0.0	0.0	2	1.05	-8.045804340898776	138.0	23	1.05	0.95				
	211	1	0.0	0.0	0.0	0.0	2	1.0027816559848062	-4.744215277745148	230.0	23	1.05	0.95				
	212	1	0.0	0.0	0.0	0.0	2	1.0071426392388616	-3.9918172008860764	230.0	23	1.05	0.95				
	213	2	105.2825436491228	21.453801347368422	0.0	0.0	2	0.9962384439744993	-3.641775403129431	230.0	24	1.05	0.95				
	214	2	77.07476780350876	15.494412084210527	0.0	0.0	2	1.0005679252534077	-2.7075377720267397	230.0	26	1.05	0.95				
	215	2	125.94175976140349	25.42672752280702	0.0	0.0	2	1.020861290343374	2.4927168909324067	230.0	26	1.05	0.95				
	216	2	39.729261754385966	7.945852350877193	0.0	0.0	2	1.02192939862806	2.5580700316904696	230.0	26	1.05	0.95				
	217	1	0.0	0.0	0.0	0.0	2	1.027707022179705	4.3287689805783955	230.0	27	1.05	0.95				
	218	2	132.29844164210527	27.015897992982456	0.0	0.0	2	1.0274595788863543	4.081637495349722	230.0	27	1.05	0.95				
	219	1	71.9099637754386	14.699826849122807	0.0	0.0	2	1.0226342674270963	2.430847924102785	230.0	25	1.05	0.95				
	220	1	50.85345504561404	10.329608056140351	0.0	0.0	2	1.025764011141212	3.10173803476202	230.0	25	1.05	0.95				
	221	2	0.0	0.0	0.0	0.0	2	1.0288085053404838	4.346087278402344	230.0	27	1.05	0.95				
	222	2	0.0	0.0	0.0	0.0	2	1.0499999781253895	10.830073355127084	230.0	27	1.05	0.95				
	223	2	0.0	0.0	0.0	0.0	2	1.0280668031414009	3.774769668118448	230.0	25	1.05	0.95				
	224	1	0.0	0.0	0.0	0.0	2	1.0093516091368804	-0.6222220549019579	230.0	26	1.05	0.95				
	301	2	51.47168616	10.484973106666667	0.0	0.0	3	1.0138614315591186	-13.35449562180967	138.0	31	1.05	0.95				
	302	2	46.22919960666666	9.531793733333332	0.0	0.0	3	1.01267528317889	-13.630997533982923	138.0	32	1.05	0.95				
	303	1	85.7861436	17.633818406666666	0.0	0.0	3	1.045491888730057	-1.9964629224238915	138.0	31	1.05	0.95				
	304	1	35.26763681333333	7.1488453	0.0	0.0	3	1.011633331461642	-12.32909138427848	138.0	31	1.05	0.95				
	305	1	33.83786775333333	6.672255613333333	0.0	0.0	3	1.0260269546321847	-13.872516367278191	138.0	31	1.05	0.95				
	306	1	64.81619738666666	13.344511226666667	0.0	-100.0	3	1.0401958172448458	-14.721671661964074	138.0	32	1.05	0.95				
	307	2	59.57371083333333	11.914742166666665	0.0	0.0	3	0.9914624942962929	-19.72967103080593	138.0	32	1.05	0.95				
	308	1	81.49683642	16.680639033333332	0.0	0.0	3	0.9963798172101466	-17.53963658309193	138.0	32	1.05	0.95				
	309	1	83.40319516666665	17.15722872	0.0	0.0	3	1.02591478127957	-9.309877086671946	138.0	33	1.05	0.95				
	310	1	92.9349889	19.063587466666664	0.0	0.0	3	1.05	-12.859963820589488	138.0	33	1.05	0.95				
	311	1	0.0	0.0	0.0	0.0	3	1.0100417843562821	-7.6781519277131975	230.0	33	1.05	0.95				
	312	1	0.0	0.0	0.0	0.0	3	1.0134709038830294	-7.063560062652429	230.0	33	1.05	0.95				
	313	2	126.29626696666665	25.73584308	0.0	0.0	3	1.0117216757167733	-4.638659761146747	230.0	34	1.05	0.95				
	314	2	92.45839921333332	18.58699778	0.0	0.0	3	1.0091037242850769	-6.833347301288626	230.0	36	1.05	0.95				
	315	2	151.0789306733333	30.501739946666667	0.0	0.0	3	1.035807428883855	-3.2004945240650646	230.0	36	1.05	0.95				
	316	2	47.65896866666666	9.531793733333332	0.0	0.0	3	1.0327662043269983	-2.7633814172827487	230.0	36	1.05	0.95				
	317	1	0.0	0.0	0.0	0.0	3	1.0365570967353641	-2.0396219290298285	230.0	37	1.05	0.95				
	318	2	158.70436565999998	32.40809869333333	0.0	0.0	3	1.035129166182546	-2.218696372190581	230.0	37	1.05	0.95				
	319	1	86.26273328666666	17.633818406666666	0.0	0.0	3	1.0275260900495558	-3.4292649401813655	230.0	35	1.05	0.95				
	320	1	61.003479893333335	12.391331853333334	0.0	0.0	3	1.0264295543252178	-3.0840763389586616	230.0	35	1.05	0.95				
	321	2	0.0	0.0	0.0	0.0	3	1.0373431551932224	-2.0211137057413655	230.0	37	1.05	0.95				
	322	2	0.0	0.0	0.0	0.0	3	1.0499998711687213	2.2789474205424227	230.0	37	1.05	0.95				
	323	2	0.0	0.0	0.0	0.0	3	1.0266853407138214	-2.5276045087779435	230.0	35	1.05	0.95				
	324	1	0.0	0.0	0.0	0.0	3	1.0359225308301963	-2.7404958690829524	230.0	36	1.05	0.95				
	325	1	0.0	0.0	0.0	0.0	3	1.0249139572621508	-1.4348212566112597	230.0	35	1.05	0.95				
];
