%% MATPOWER Case Format : Version 2
function mpc = RTS_GMLC
mpc.version = '2';

%%-----  Power Flow Data  -----%%
%% system MVA base
mpc.baseMVA = 100.0;
%% bus data
%    bus_i    type    Pd    Qd    Gs    Bs    area    Vm    Va    baseKV    zone    Vmax    Vmin
mpc.bus = [
	101	2	64.1934685894737	13.076447305263159	0.0	0.0	1	1.0306001763999255	0.6919416903505685	138.0	11	1.05	0.95				
	102	2	57.65524493684211	11.887679368421054	0.0	0.0	1	1.03003822510129	0.4935288558611982	138.0	12	1.05	0.95				
	103	1	106.98911431578948	21.992206831578947	0.0	0.0	1	1.0249488331250536	0.4922442563973251	138.0	11	1.05	0.95				
	104	1	43.984413663157895	8.91575952631579	0.0	0.0	1	1.0178130134057488	-2.4263414669080716	138.0	11	1.05	0.95				
	105	1	42.201261757894734	8.321375557894738	0.0	0.0	1	1.0321855132143718	-2.5010574176754417	138.0	11	1.05	0.95				
	106	1	80.83621970526316	16.642751115789476	0.0	-100.0	1	1.0399607532179307	-4.872095930921866	138.0	12	1.05	0.95				
	107	2	74.29799605263159	14.859599210526317	0.0	0.0	1	1.0242468672505312	-5.930654843358696	138.0	12	1.05	0.95				
	108	1	101.63965860000002	20.803438894736843	0.0	0.0	1	1.0147120863725672	-6.6429974813545885	138.0	12	1.05	0.95				
	109	1	104.01719447368423	21.397822863157895	0.0	0.0	1	1.0257157819280198	-2.5488568962807863	138.0	13	1.05	0.95				
	110	1	115.90487384210526	23.775358736842108	0.0	0.0	1	1.05	-3.8539990847606775	138.0	13	1.05	0.95				
	111	1	0.0	0.0	0.0	0.0	1	1.0105304371744597	-0.12675549276603215	230.0	13	1.05	0.95				
	112	1	0.0	0.0	0.0	0.0	1	1.0136981975793877	-0.00803880229270144	230.0	13	1.05	0.95				
	113	3	157.51175163157896	32.09673429473685	0.0	0.0	1	1.0062202875090154	-8.806407171240252e-29	230.0	14	1.05	0.95				
	114	2	115.31048987368422	23.180974768421056	0.0	0.0	1	1.0138468734914434	2.905791458403778	230.0	16	1.05	0.95				
	115	2	188.4197179894737	38.04057397894737	0.0	0.0	1	1.0452083430228742	11.520975299333406	230.0	16	1.05	0.95				
	116	2	59.43839684210527	11.887679368421054	0.0	0.0	1	1.0417521139390113	10.707089471524332	230.0	16	1.05	0.95				
	117	1	0.0	0.0	0.0	0.0	1	1.043513527640701	14.658071397676638	230.0	17	1.05	0.95				
	118	2	197.92986148421053	40.41810985263158	0.0	0.0	1	1.0493158041310402	14.581493386545752	230.0	17	1.05	0.95				
	119	1	107.58349828421055	21.992206831578947	0.0	0.0	1	1.0349940745923158	8.351806903714268	230.0	15	1.05	0.95				
	120	1	76.08114795789474	15.45398317894737	0.0	0.0	1	1.0348430743557087	7.4275432283457725	230.0	15	1.05	0.95				
	121	2	0.0	0.0	0.0	0.0	1	1.05	15.906502196717136	230.0	17	1.05	0.95				
	122	2	0.0	0.0	0.0	0.0	1	1.05	31.40219650043685	230.0	17	1.05	0.95				
	123	2	0.0	0.0	0.0	0.0	1	1.036009005641499	7.364953479907791	230.0	15	1.05	0.95				
	124	1	0.0	0.0	0.0	0.0	1	1.023806050310568	7.427733190291363	230.0	16	1.05	0.95				
	201	2	65.60239255578948	13.363450335438595	0.0	0.0	2	1.0318111438731088	-12.491784148354062	138.0	21	1.05	0.95				
	202	2	58.92066738807017	12.148591214035086	0.0	0.0	2	1.0320116515659794	-12.580922506559238	138.0	22	1.05	0.95				
	203	1	109.33732092631578	22.47489374596491	0.0	0.0	2	1.0216307660888395	-9.968506256573077	138.0	21	1.05	0.95				
	204	1	44.94978749192982	9.111443410526315	0.0	0.0	2	1.0171968576747366	-14.763740575950742	138.0	21	1.05	0.95				
	205	1	43.12749880982455	8.504013849824561	0.0	0.0	2	1.0329947208698933	-15.093580956250666	138.0	21	1.05	0.95				
	206	1	82.6104202554386	17.008027699649123	0.0	-100.0	2	1.040420668857815	-17.128788922333218	138.0	22	1.05	0.95				
	207	2	75.92869508771929	15.18573901754386	0.0	0.0	2	0.9875076173680113	-26.279609784797614	138.0	22	1.05	0.95				
	208	1	103.87045488	21.260034624561403	0.0	0.0	2	0.9877121374498691	-23.35393523351993	138.0	22	1.05	0.95				
	209	1	106.30017312280702	21.867464185263156	0.0	0.0	2	1.0237259999211485	-14.080864039947635	138.0	23	1.05	0.95				
	210	1	118.4487643368421	24.297182428070172	0.0	0.0	2	1.05	-15.809635258328077	138.0	23	1.05	0.95				
	211	1	0.0	0.0	0.0	0.0	2	1.016546254064118	-10.690664697638706	230.0	23	1.05	0.95				
	212	1	0.0	0.0	0.0	0.0	2	1.0154523704316656	-9.844669976957436	230.0	23	1.05	0.95				
	213	2	160.9688335859649	32.80119627789474	0.0	0.0	2	1.0171114334235247	-9.470462627385928	230.0	24	1.05	0.95				
	214	2	117.84133477614034	23.689752867368423	0.0	0.0	2	1.0264064149057914	-7.52147576997511	230.0	26	1.05	0.95				
	215	2	192.5551707424561	38.87549188491228	0.0	0.0	2	1.0382210468210413	0.9094191233724587	230.0	26	1.05	0.95				
	216	2	60.74295607017544	12.148591214035086	0.0	0.0	2	1.0415111352876207	0.6557462825338832	230.0	26	1.05	0.95				
	217	1	0.0	0.0	0.0	0.0	2	1.0437881370900606	3.952673676748446	230.0	27	1.05	0.95				
	218	2	202.2740437136842	41.3052101277193	0.0	0.0	2	1.0451173778353413	4.2424766368427465	230.0	27	1.05	0.95				
	219	1	109.94475048701756	22.47489374596491	0.0	0.0	2	1.0409373991089226	-0.16236844873508832	230.0	25	1.05	0.95				
	220	1	77.75098376982456	15.793168578245615	0.0	0.0	2	1.045351070383965	0.27281010611854273	230.0	25	1.05	0.95				
	221	2	0.0	0.0	0.0	0.0	2	1.0445695968375477	3.893243811996955	230.0	27	1.05	0.95				
	222	2	0.0	0.0	0.0	0.0	2	1.05	10.423668212753736	230.0	27	1.05	0.95				
	223	2	0.0	0.0	0.0	0.0	2	1.0492156467054623	0.9545736347557701	230.0	25	1.05	0.95				
	224	1	0.0	0.0	0.0	0.0	2	1.0184713972920816	-3.141543261393454	230.0	26	1.05	0.95				
	301	2	61.58494148210526	12.545080672280701	0.0	0.0	3	1.0085926134858576	-17.138954543464926	138.0	31	1.05	0.95				
	302	2	55.312401145964905	11.404618792982456	0.0	0.0	3	1.0078993743733697	-17.303854289577263	138.0	32	1.05	0.95				
	303	1	102.64156913684211	21.09854476701754	0.0	0.0	3	1.0288765922910175	-9.193634368143671	138.0	31	1.05	0.95				
	304	1	42.19708953403508	8.553464094736842	0.0	0.0	3	1.007990115257824	-15.37606461217267	138.0	31	1.05	0.95				
	305	1	40.486396715087714	7.98323315508772	0.0	0.0	3	1.0215536018514355	-16.43206898488729	138.0	31	1.05	0.95				
	306	1	77.5514077922807	15.96646631017544	0.0	-100.0	3	1.0361958459637488	-16.675652305537387	138.0	32	1.05	0.95				
	307	2	71.27886745614033	14.25577349122807	0.0	0.0	3	0.9920791844667162	-23.18994414897279	138.0	32	1.05	0.95				
	308	1	97.50949067999998	19.958082887719293	0.0	0.0	3	0.9931053676038281	-20.48521545744719	138.0	32	1.05	0.95				
	309	1	99.79041443859649	20.528313827368418	0.0	0.0	3	1.0277804188491753	-11.478929425298997	138.0	33	1.05	0.95				
	310	1	111.19503323157893	22.80923758596491	0.0	0.0	3	1.05	-13.894443368611158	138.0	33	1.05	0.95				
	311	1	0.0	0.0	0.0	0.0	3	1.015690899114378	-7.110797893059707	230.0	33	1.05	0.95				
	312	1	0.0	0.0	0.0	0.0	3	1.0166491359175305	-6.66408699478765	230.0	33	1.05	0.95				
	313	2	151.11119900701752	30.79247074105263	0.0	0.0	3	1.0208713230591038	-3.6328495585914222	230.0	34	1.05	0.95				
	314	2	110.62480229192981	22.239006646315786	0.0	0.0	3	1.0241508400669856	-4.58156173194826	230.0	36	1.05	0.95				
	315	2	180.7632078687719	36.494780137543856	0.0	0.0	3	1.0454155117602262	0.12749794716180937	230.0	36	1.05	0.95				
	316	2	57.02309396491228	11.404618792982456	0.0	0.0	3	1.0444750845509663	0.5542593714231339	230.0	36	1.05	0.95				
	317	1	0.0	0.0	0.0	0.0	3	1.05	3.109118408520053	230.0	37	1.05	0.95				
	318	2	189.88690290315787	38.77570389614035	0.0	0.0	3	1.0483513178079586	2.373762341990106	230.0	37	1.05	0.95				
	319	1	103.21180007649122	21.09854476701754	0.0	0.0	3	1.0402076126955242	-0.22664896317481176	230.0	35	1.05	0.95				
	320	1	72.98956027508771	14.826004430877193	0.0	0.0	3	1.0400733067158636	-0.21508215358696772	230.0	35	1.05	0.95				
	321	2	0.0	0.0	0.0	0.0	3	1.0499999941904996	3.153099817634987	230.0	37	1.05	0.95				
	322	2	0.0	0.0	0.0	0.0	3	1.05	7.483375913647573	230.0	37	1.05	0.95				
	323	2	0.0	0.0	0.0	0.0	3	1.0409613678688796	0.1334510040608076	230.0	35	1.05	0.95				
	324	1	0.0	0.0	0.0	0.0	3	1.0286562554066043	-2.569318005557479	230.0	36	1.05	0.95				
	325	1	0.0	0.0	0.0	0.0	3	1.0368334016767509	1.4403838921011445	230.0	35	1.05	0.95				
];
