%% MATPOWER Case Format : Version 2
function mpc = RTS_GMLC
mpc.version = '2';

%%-----  Power Flow Data  -----%%
%% system MVA base
mpc.baseMVA = 100.0;
%% bus data
%    bus_i    type    Pd    Qd    Gs    Bs    area    Vm    Va    baseKV    zone    Vmax    Vmin
mpc.bus = [
	101	2	54.77486392421053	11.15784265122807	0.0	0.0	1	1.0332541910762336	3.037953613752586	138.0	11	1.05	0.95				
	102	2	49.19594259859649	10.143493319298246	0.0	0.0	1	1.0333463930083986	3.026383302183013	138.0	12	1.05	0.95				
	103	1	91.2914398736842	18.765462640701752	0.0	0.0	1	1.0261137412642778	-0.02757033415303385	138.0	11	1.05	0.95				
	104	1	37.530925281403505	7.607619989473684	0.0	0.0	1	1.0203258022287034	-0.6017093641121952	138.0	11	1.05	0.95				
	105	1	36.009401283508765	7.100445323508772	0.0	0.0	1	1.034525646636191	-0.3447821133279523	138.0	11	1.05	0.95				
	106	1	68.97575457122807	14.200890647017545	0.0	-100.0	1	1.043017694289708	-2.7079070265213314	138.0	12	1.05	0.95				
	107	2	63.396833245614026	12.679366649122805	0.0	0.0	1	1.0346679168405915	-1.1210542052408883	138.0	12	1.05	0.95				
	108	1	86.72686787999999	17.751113308771927	0.0	0.0	1	1.0237028330084499	-3.0156352191165308	138.0	12	1.05	0.95				
	109	1	88.75556654385964	18.258287974736838	0.0	0.0	1	1.0258992851021302	-1.5205365789617538	138.0	13	1.05	0.95				
	110	1	98.89905986315787	20.286986638596492	0.0	0.0	1	1.05	-2.1760893104799943	138.0	13	1.05	0.95				
	111	1	0.0	0.0	0.0	0.0	1	1.0045702359227182	-0.2375709642387524	230.0	13	1.05	0.95				
	112	1	0.0	0.0	0.0	0.0	1	1.0108964564953051	0.4931146832121592	230.0	13	1.05	0.95				
	113	3	134.40128648070174	27.387431962105264	0.0	0.0	1	0.9981497868297748	5.924687164692816e-31	230.0	14	1.05	0.95				
	114	2	98.39188519719298	19.779811972631578	0.0	0.0	1	0.9990440796251908	1.2867079158607115	230.0	16	1.05	0.95				
	115	2	160.77436911087716	32.45917862175438	0.0	0.0	1	1.0396491971673458	6.39471483769555	230.0	16	1.05	0.95				
	116	2	50.71746659649122	10.143493319298246	0.0	0.0	1	1.0357736200092587	6.39259800229786	230.0	16	1.05	0.95				
	117	1	0.0	0.0	0.0	0.0	1	1.0445027818352368	8.1911111940689	230.0	17	1.05	0.95				
	118	2	168.8891637663158	34.48787728561403	0.0	0.0	1	1.0477241519985083	8.308144736987739	230.0	17	1.05	0.95				
	119	1	91.79861453964911	18.765462640701752	0.0	0.0	1	1.0303553679236161	5.831083016565854	230.0	15	1.05	0.95				
	120	1	64.91835724350877	13.18654131508772	0.0	0.0	1	1.029429701414405	6.320594546492385	230.0	15	1.05	0.95				
	121	2	0.0	0.0	0.0	0.0	1	1.05	7.993735506644	230.0	17	1.05	0.95				
	122	2	0.0	0.0	0.0	0.0	1	1.05	14.58167813648475	230.0	17	1.05	0.95				
	123	2	0.0	0.0	0.0	0.0	1	1.0299565538097515	6.976907474072722	230.0	15	1.05	0.95				
	124	1	0.0	0.0	0.0	0.0	1	1.0259274323881467	4.006042557619225	230.0	16	1.05	0.95				
	201	2	58.003462913684224	11.815520223157895	0.0	0.0	2	1.0302245203401819	-8.448305969667329	138.0	21	1.05	0.95				
	202	2	52.09570280210527	10.741382021052633	0.0	0.0	2	1.0303354477040363	-8.536747755843711	138.0	22	1.05	0.95				
	203	1	96.6724381894737	19.87155673894737	0.0	0.0	2	1.0253075446501816	-6.321547200012192	138.0	21	1.05	0.95				
	204	1	39.74311347789474	8.056036515789474	0.0	0.0	2	1.0177394467250067	-11.040823740270449	138.0	21	1.05	0.95				
	205	1	38.13190617473684	7.518967414736844	0.0	0.0	2	1.0329602072541686	-11.320107402445068	138.0	21	1.05	0.95				
	206	1	73.04139774315792	15.037934829473688	0.0	-100.0	2	1.0418507509455635	-13.444490478953444	138.0	22	1.05	0.95				
	207	2	67.13363763157896	13.42672752631579	0.0	0.0	2	0.9844931581188641	-21.561579658607727	138.0	22	1.05	0.95				
	208	1	91.83881628	18.797418536842105	0.0	0.0	2	0.9893247822972421	-19.04490910440951	138.0	22	1.05	0.95				
	209	1	93.98709268421052	19.33448763789474	0.0	0.0	2	1.0237362715626026	-10.902937648967614	138.0	23	1.05	0.95				
	210	1	104.72847470526317	21.482764042105266	0.0	0.0	2	1.05	-12.526725541596933	138.0	23	1.05	0.95				
	211	1	0.0	0.0	0.0	0.0	2	1.0120296062809346	-8.148722502666704	230.0	23	1.05	0.95				
	212	1	0.0	0.0	0.0	0.0	2	1.0161528849233756	-7.96383680447088	230.0	23	1.05	0.95				
	213	2	142.32331177894736	29.001731456842112	0.0	0.0	2	1.0089418361469797	-7.439769769057497	230.0	24	1.05	0.95				
	214	2	104.19140560421054	20.945694941052633	0.0	0.0	2	1.0181938583034496	-5.159752295214191	230.0	26	1.05	0.95				
	215	2	170.2509050336842	34.37242246736842	0.0	0.0	2	1.0380218216681552	2.9042856283059555	230.0	26	1.05	0.95				
	216	2	53.70691010526316	10.741382021052633	0.0	0.0	2	1.041460950001712	2.257521215143796	230.0	26	1.05	0.95				
	217	1	0.0	0.0	0.0	0.0	2	1.043762206775804	5.866841348641345	230.0	27	1.05	0.95				
	218	2	178.84401065052634	36.52069887157896	0.0	0.0	2	1.0464907557313867	6.68572364120071	230.0	27	1.05	0.95				
	219	1	97.20950729052632	19.87155673894737	0.0	0.0	2	1.0415799039066638	0.24254130048561132	230.0	25	1.05	0.95				
	220	1	68.74484493473685	13.963796627368422	0.0	0.0	2	1.0464076292420386	-0.4883316625895682	230.0	25	1.05	0.95				
	221	2	0.0	0.0	0.0	0.0	2	1.0465092427406966	6.670115739878042	230.0	27	1.05	0.95				
	222	2	0.0	0.0	0.0	0.0	2	1.05	12.86311531405693	230.0	27	1.05	0.95				
	223	2	0.0	0.0	0.0	0.0	2	1.0499999947010656	-0.4948236224732771	230.0	25	1.05	0.95				
	224	1	0.0	0.0	0.0	0.0	2	1.021708090092858	-0.5414902090674103	230.0	26	1.05	0.95				
	301	2	70.41695665263158	14.34419487368421	0.0	0.0	3	1.0114020270697832	-41.9002952716415	138.0	31	1.05	0.95				
	302	2	63.244859215789475	13.040177157894735	0.0	0.0	3	1.0103925939770986	-42.15300407477924	138.0	32	1.05	0.95				
	303	1	117.36159442105263	24.12432774210526	0.0	0.0	3	1.019760656573476	-34.4557721143422	138.0	31	1.05	0.95				
	304	1	48.24865548421052	9.780132868421052	0.0	0.0	3	1.0070268516927627	-40.340665980276974	138.0	31	1.05	0.95				
	305	1	46.29262891052631	9.128124010526317	0.0	0.0	3	1.021777824001362	-41.24410551284247	138.0	31	1.05	0.95				
	306	1	88.67320467368421	18.256248021052635	0.0	-100.0	3	1.0343377916970213	-41.59855187445038	138.0	32	1.05	0.95				
	307	2	81.5011072368421	16.300221447368422	0.0	0.0	3	1.0055182694449871	-43.720552610428136	138.0	32	1.05	0.95				
	308	1	111.49351469999999	22.820310026315788	0.0	0.0	3	1.0009624132608956	-43.07587454810943	138.0	32	1.05	0.95				
	309	1	114.10155013157895	23.472318884210523	0.0	0.0	3	1.0271536766398868	-36.1972714665834	138.0	33	1.05	0.95				
	310	1	127.14172728947368	26.08035431578947	0.0	0.0	3	1.05	-38.49611431687474	138.0	33	1.05	0.95				
	311	1	0.0	0.0	0.0	0.0	3	1.0211379660833995	-30.990480902973275	230.0	33	1.05	0.95				
	312	1	0.0	0.0	0.0	0.0	3	1.017973724688036	-30.17033609945008	230.0	33	1.05	0.95				
	313	2	172.78234734210525	35.20847832631579	0.0	0.0	3	1.0306280792923914	-27.146173627538637	230.0	34	1.05	0.95				
	314	2	126.48971843157895	25.428345457894736	0.0	0.0	3	1.0350288033303707	-28.11208719784133	230.0	36	1.05	0.95				
	315	2	206.68680795263157	41.72856690526316	0.0	0.0	3	1.048758037872784	-20.53101593067597	230.0	36	1.05	0.95				
	316	2	65.20088578947369	13.040177157894735	0.0	0.0	3	1.0495160653126676	-20.09802370105784	230.0	36	1.05	0.95				
	317	1	0.0	0.0	0.0	0.0	3	1.04999999376418	-16.906695416312534	230.0	37	1.05	0.95				
	318	2	217.11894967894736	44.336602336842105	0.0	0.0	3	1.0499594468032365	-16.22679377183883	230.0	37	1.05	0.95				
	319	1	118.01360327894737	24.12432774210526	0.0	0.0	3	1.0454480620217257	-21.09104146067952	230.0	35	1.05	0.95				
	320	1	83.45713381052632	16.952230305263157	0.0	0.0	3	1.0473440128757037	-20.737786451917408	230.0	35	1.05	0.95				
	321	2	0.0	0.0	0.0	0.0	3	1.05	-16.017432942011535	230.0	37	1.05	0.95				
	322	2	0.0	0.0	0.0	0.0	3	1.05	-10.590012317294715	230.0	37	1.05	0.95				
	323	2	0.0	0.0	0.0	0.0	3	1.05	-20.068587220154463	230.0	35	1.05	0.95				
	324	1	0.0	0.0	0.0	0.0	3	1.0200534531591872	-25.66430546097353	230.0	36	1.05	0.95				
	325	1	0.0	0.0	0.0	0.0	3	1.0366133831656035	-17.842665530468473	230.0	35	1.05	0.95				
];
