%% MATPOWER Case Format : Version 2
function mpc = RTS_GMLC
mpc.version = '2';

%%-----  Power Flow Data  -----%%
%% system MVA base
mpc.baseMVA = 100.0;
%% bus data
%    bus_i    type    Pd    Qd    Gs    Bs    area    Vm    Va    baseKV    zone    Vmax    Vmin
mpc.bus = [
	101	2	38.58287976	7.859475506666666	0.0	0.0	1	1.0326977766306145	3.3542227045784174	138.0	11	1.05	0.95				
	102	2	34.65314200666666	7.1449777333333335	0.0	0.0	1	1.0317993298703991	3.106896026332398	138.0	12	1.05	0.95				
	103	1	64.3047996	13.218208806666665	0.0	0.0	1	1.03080869295844	1.2409302630995156	138.0	11	1.05	0.95				
	104	1	26.43641761333333	5.358733299999999	0.0	0.0	1	1.0221337785581404	-0.008432314368069287	138.0	11	1.05	0.95				
	105	1	25.36467095333333	5.001484413333333	0.0	0.0	1	1.036389065347165	0.26735277375140504	138.0	11	1.05	0.95				
	106	1	48.58584858666667	10.002968826666667	0.0	-100.0	1	1.0471115217275888	-1.8757074834137322	138.0	12	1.05	0.95				
	107	2	44.65611083333333	8.931222166666666	0.0	0.0	1	1.0003555808462403	-6.816703725348713	138.0	12	1.05	0.95				
	108	1	61.08955962	12.503711033333332	0.0	0.0	1	1.006789071432166	-5.640530100089431	138.0	12	1.05	0.95				
	109	1	62.518555166666665	12.860959919999997	0.0	0.0	1	1.0248048581113576	-1.1031591113667132	138.0	13	1.05	0.95				
	110	1	69.66353289999999	14.289955466666667	0.0	0.0	1	1.05	-1.732094439018192	138.0	13	1.05	0.95				
	111	1	0.0	0.0	0.0	0.0	1	1.0017095495728652	0.19957207807259308	230.0	13	1.05	0.95				
	112	1	0.0	0.0	0.0	0.0	1	1.0065897470477596	0.4436293452935464	230.0	13	1.05	0.95				
	113	3	94.67095496666667	19.29143988	0.0	0.0	1	0.9903537925991157	3.885250124955768e-22	230.0	14	1.05	0.95				
	114	2	69.30628401333333	13.932706580000001	0.0	0.0	1	0.9983555226684158	2.1255817388607223	230.0	16	1.05	0.95				
	115	2	113.24789707333333	22.863928746666666	0.0	0.0	1	1.0380306008775153	7.293595862406833	230.0	16	1.05	0.95				
	116	2	35.724888666666665	7.1449777333333335	0.0	0.0	1	1.0326185417908704	6.8556197307154765	230.0	16	1.05	0.95				
	117	1	0.0	0.0	0.0	0.0	1	1.0418784739267946	8.54607993809165	230.0	17	1.05	0.95				
	118	2	118.96387926	24.292924293333336	0.0	0.0	1	1.0452199278362535	8.482358409951566	230.0	17	1.05	0.95				
	119	1	64.66204848666666	13.218208806666665	0.0	0.0	1	1.0253842635036527	5.840530956573377	230.0	15	1.05	0.95				
	120	1	45.72785749333333	9.288471053333334	0.0	0.0	1	1.021279489030276	5.6518216917602775	230.0	15	1.05	0.95				
	121	2	0.0	0.0	0.0	0.0	1	1.0499999519898566	9.236717342718904	230.0	17	1.05	0.95				
	122	2	0.0	0.0	0.0	0.0	1	1.05	15.838566897694626	230.0	17	1.05	0.95				
	123	2	0.0	0.0	0.0	0.0	1	1.0192287319228985	5.828989808563696	230.0	15	1.05	0.95				
	124	1	0.0	0.0	0.0	0.0	1	1.0270406344059866	5.02620161020303	230.0	16	1.05	0.95				
	201	2	40.9526208	8.342200533333333	0.0	0.0	2	1.0261128367101975	-6.117057083056495	138.0	21	1.05	0.95				
	202	2	36.78152053333333	7.583818666666667	0.0	0.0	2	1.0271220725512704	-5.907969483877913	138.0	22	1.05	0.95				
	203	1	68.254368	14.030064533333334	0.0	0.0	2	1.0172958849334246	-6.053212372571659	138.0	21	1.05	0.95				
	204	1	28.06012906666667	5.687863999999999	0.0	0.0	2	1.0188524864779205	-7.798999715545633	138.0	21	1.05	0.95				
	205	1	26.922556266666664	5.3086730666666675	0.0	0.0	2	1.0334562641524836	-7.9930200922561205	138.0	21	1.05	0.95				
	206	1	51.56996693333333	10.617346133333335	0.0	-100.0	2	1.0460062286495542	-9.38291935215348	138.0	22	1.05	0.95				
	207	2	47.39886666666666	9.479773333333332	0.0	0.0	2	0.9924587115140191	-14.938332754314903	138.0	22	1.05	0.95				
	208	1	64.8416496	13.271682666666665	0.0	0.0	2	1.0004508957062364	-13.268537167690141	138.0	22	1.05	0.95				
	209	1	66.35841333333333	13.650873599999999	0.0	0.0	2	1.0225020841972339	-7.785958193103093	138.0	23	1.05	0.95				
	210	1	73.94223199999999	15.167637333333333	0.0	0.0	2	1.05	-8.67595611738808	138.0	23	1.05	0.95				
	211	1	0.0	0.0	0.0	0.0	2	1.0019622903825667	-5.580029912741948	230.0	23	1.05	0.95				
	212	1	0.0	0.0	0.0	0.0	2	1.0073333705404932	-5.030061212406852	230.0	23	1.05	0.95				
	213	2	100.48559733333333	20.4763104	0.0	0.0	2	0.99493765954235	-4.727560729287092	230.0	24	1.05	0.95				
	214	2	73.56304106666666	14.7884464	0.0	0.0	2	0.9988964998666988	-3.531129410515164	230.0	26	1.05	0.95				
	215	2	120.20352586666665	24.268219733333332	0.0	0.0	2	1.0190933404737677	1.7571251202938025	230.0	26	1.05	0.95				
	216	2	37.91909333333333	7.583818666666667	0.0	0.0	2	1.0205806026710507	1.6322433338522448	230.0	26	1.05	0.95				
	217	1	0.0	0.0	0.0	0.0	2	1.0261963284814521	3.4741084775235764	230.0	27	1.05	0.95				
	218	2	126.2705808	25.784983466666667	0.0	0.0	2	1.025802607822961	3.155866619383354	230.0	27	1.05	0.95				
	219	1	68.63355893333333	14.030064533333334	0.0	0.0	2	1.021796665498117	1.1211772955162376	230.0	25	1.05	0.95				
	220	1	48.536439466666664	9.858964266666668	0.0	0.0	2	1.025174029194215	1.4263727380655802	230.0	25	1.05	0.95				
	221	2	0.0	0.0	0.0	0.0	2	1.0271990679062861	3.488258175568296	230.0	27	1.05	0.95				
	222	2	0.0	0.0	0.0	0.0	2	1.0492065049478394	9.982699950347598	230.0	27	1.05	0.95				
	223	2	0.0	0.0	0.0	0.0	2	1.0274219912710358	1.8858296220353736	230.0	25	1.05	0.95				
	224	1	0.0	0.0	0.0	0.0	2	1.0086044886842824	-1.1915834058824915	230.0	26	1.05	0.95				
	301	2	45.33881684210527	9.235684912280702	0.0	0.0	3	1.0069658065635063	-23.502030052280904	138.0	31	1.05	0.95				
	302	2	40.720974385964915	8.396077192982457	0.0	0.0	3	1.0068725513139032	-23.614920635669044	138.0	32	1.05	0.95				
	303	1	75.56469473684211	15.532742807017543	0.0	0.0	3	1.0237318901680277	-18.218103430615876	138.0	31	1.05	0.95				
	304	1	31.065485614035087	6.297057894736842	0.0	0.0	3	1.0101814484539742	-22.24655444073926	138.0	31	1.05	0.95				
	305	1	29.806074035087722	5.87725403508772	0.0	0.0	3	1.0230477933290483	-22.950285896009113	138.0	31	1.05	0.95				
	306	1	57.09332491228071	11.75450807017544	0.0	-100.0	3	1.0404214160924257	-23.148557032380108	138.0	32	1.05	0.95				
	307	2	52.475482456140355	10.49509649122807	0.0	0.0	3	0.993223564860537	-27.717953946206812	138.0	32	1.05	0.95				
	308	1	71.78645999999999	14.693135087719297	0.0	0.0	3	0.9999729283760428	-25.837308756864406	138.0	32	1.05	0.95				
	309	1	73.46567543859649	15.11293894736842	0.0	0.0	3	1.025911334262112	-19.406362256918673	138.0	33	1.05	0.95				
	310	1	81.86175263157894	16.792154385964913	0.0	0.0	3	1.05	-21.046874013859938	138.0	33	1.05	0.95				
	311	1	0.0	0.0	0.0	0.0	3	1.0075719086566888	-15.525754534227813	230.0	33	1.05	0.95				
	312	1	0.0	0.0	0.0	0.0	3	1.0116382707483653	-14.840228433754566	230.0	33	1.05	0.95				
	313	2	111.24802280701753	22.669408421052633	0.0	0.0	3	1.011258063099167	-11.853621185639192	230.0	34	1.05	0.95				
	314	2	81.44194877192983	16.372350526315792	0.0	0.0	3	1.0066971856483893	-13.938316074581687	230.0	36	1.05	0.95				
	315	2	133.07782350877193	26.86744701754386	0.0	0.0	3	1.030332504130208	-10.078572801024595	230.0	36	1.05	0.95				
	316	2	41.98038596491228	8.396077192982457	0.0	0.0	3	1.0303352849429988	-9.193426404931266	230.0	36	1.05	0.95				
	317	1	0.0	0.0	0.0	0.0	3	1.034779228006516	-7.976411796758236	230.0	37	1.05	0.95				
	318	2	139.7946852631579	28.546662456140353	0.0	0.0	3	1.0337609383830255	-7.944344908161599	230.0	37	1.05	0.95				
	319	1	75.98449859649124	15.532742807017543	0.0	0.0	3	1.0287005485766985	-9.51354864271393	230.0	35	1.05	0.95				
	320	1	53.73489403508772	10.914900350877193	0.0	0.0	3	1.0300208564375972	-8.976079615286036	230.0	35	1.05	0.95				
	321	2	0.0	0.0	0.0	0.0	3	1.0347985543064537	-8.13524039876161	230.0	37	1.05	0.95				
	322	2	0.0	0.0	0.0	0.0	3	1.0479737837709404	-3.7492528060755976	230.0	37	1.05	0.95				
	323	2	0.0	0.0	0.0	0.0	3	1.0313785030244005	-8.360252025241877	230.0	35	1.05	0.95				
	324	1	0.0	0.0	0.0	0.0	3	1.0175872379063384	-13.13601960843302	230.0	36	1.05	0.95				
	325	1	0.0	0.0	0.0	0.0	3	1.0270052719446792	-6.890905638132843	230.0	35	1.05	0.95				
];
