%% MATPOWER Case Format : Version 2
function mpc = RTS_GMLC
mpc.version = '2';

%%-----  Power Flow Data  -----%%
%% system MVA base
mpc.baseMVA = 100.0;
%% bus data
%    bus_i    type    Pd    Qd    Gs    Bs    area    Vm    Va    baseKV    zone    Vmax    Vmin
mpc.bus = [
	101	2	46.07768432842105	9.386194955789474	0.0	0.0	1	1.0115433674028869	-4.832078847628847	138.0	11	1.05	0.95				
	102	2	41.38458685052631	8.532904505263158	0.0	0.0	1	1.0114814956991185	-5.0593046366226995	138.0	12	1.05	0.95				
	103	1	76.79614054736842	15.785873334736841	0.0	0.0	1	0.9991450511882484	0.16403168742205587	138.0	11	1.05	0.95				
	104	1	31.571746669473683	6.399678378947367	0.0	0.0	1	1.0015187137091777	-4.845919604899102	138.0	11	1.05	0.95				
	105	1	30.291810993684205	5.97303315368421	0.0	0.0	1	1.0156016686520781	-5.936623983569039	138.0	11	1.05	0.95				
	106	1	58.023750635789476	11.94606630736842	0.0	-100.0	1	1.0255772239885284	-7.065392614343954	138.0	12	1.05	0.95				
	107	2	53.33065315789474	10.666130631578946	0.0	0.0	1	0.98642807988498	-10.434649503266257	138.0	12	1.05	0.95				
	108	1	72.95633351999999	14.932582884210523	0.0	0.0	1	0.9870810738557195	-9.391096471737484	138.0	12	1.05	0.95				
	109	1	74.66291442105262	15.359228109473683	0.0	0.0	1	1.001528449926806	-3.7172215350072477	138.0	13	1.05	0.95				
	110	1	83.19581892631578	17.065809010526316	0.0	0.0	1	1.0299010878335084	-5.645490854846873	138.0	13	1.05	0.95				
	111	1	0.0	0.0	0.0	0.0	1	0.9825947619672869	-0.8612959934770059	230.0	13	1.05	0.95				
	112	1	0.0	0.0	0.0	0.0	1	0.9830617549377543	-1.634823661873704	230.0	13	1.05	0.95				
	113	3	113.06098469473682	23.038842164210525	0.0	0.0	1	0.9655711643611732	-1.0330150436584477e-26	230.0	14	1.05	0.95				
	114	2	82.76917370105262	16.639163785263158	0.0	0.0	1	0.9930752057135935	2.334443585797438	230.0	16	1.05	0.95				
	115	2	135.24653640842104	27.305294416842102	0.0	0.0	1	0.9902557547554036	11.388033117654535	230.0	16	1.05	0.95				
	116	2	42.664522526315785	8.532904505263158	0.0	0.0	1	0.9894577346790394	9.823449642568855	230.0	16	1.05	0.95				
	117	1	0.0	0.0	0.0	0.0	1	0.9916754802052545	15.585133827753635	230.0	17	1.05	0.95				
	118	2	142.07286001263157	29.011875317894738	0.0	0.0	1	0.9999709408374777	16.131898597405957	230.0	17	1.05	0.95				
	119	1	77.22278577263157	15.785873334736841	0.0	0.0	1	0.9895037376854722	6.149266822941141	230.0	15	1.05	0.95				
	120	1	54.610588833684204	11.092775856842104	0.0	0.0	1	0.9949355479641713	3.535842547388574	230.0	15	1.05	0.95				
	121	2	0.0	0.0	0.0	0.0	1	1.000659613030656	17.571596050994415	230.0	17	1.05	0.95				
	122	2	0.0	0.0	0.0	0.0	1	1.0070631937822958	34.80555954921843	230.0	17	1.05	0.95				
	123	2	0.0	0.0	0.0	0.0	1	0.9990317437872668	2.4560491946767193	230.0	15	1.05	0.95				
	124	1	0.0	0.0	0.0	0.0	1	0.980219167011814	7.103398948410145	230.0	16	1.05	0.95				
	201	2	42.73760429052631	8.705808281403508	0.0	0.0	2	1.0108439729005199	-10.410559000687599	138.0	21	1.05	0.95				
	202	2	38.38470014982456	7.914371164912282	0.0	0.0	2	1.0097646188356535	-10.5760698034812	138.0	22	1.05	0.95				
	203	1	71.22934048421052	14.641586655087718	0.0	0.0	2	0.9976665792195868	-7.992068892817869	138.0	21	1.05	0.95				
	204	1	29.283173310175435	5.93577837368421	0.0	0.0	2	1.001381712539626	-9.618399948409648	138.0	21	1.05	0.95				
	205	1	28.096017635438596	5.540059815438597	0.0	0.0	2	1.0174189076633697	-9.953120038317143	138.0	21	1.05	0.95				
	206	1	53.81772392140351	11.080119630877194	0.0	-100.0	2	1.029243335280952	-10.197660124941654	138.0	22	1.05	0.95				
	207	2	49.46481978070175	9.89296395614035	0.0	0.0	2	0.9718033687514822	-14.910260031885384	138.0	22	1.05	0.95				
	208	1	67.66787346	13.85014953859649	0.0	0.0	2	0.9807057964533132	-13.10010453570937	138.0	22	1.05	0.95				
	209	1	69.25074769298246	14.245868096842104	0.0	0.0	2	1.0064008738196264	-7.142911261506024	138.0	23	1.05	0.95				
	210	1	77.16511885789473	15.828742329824564	0.0	0.0	2	1.0338161675440336	-8.182520745733925	138.0	23	1.05	0.95				
	211	1	0.0	0.0	0.0	0.0	2	0.9868904474316621	-4.734884235924384	230.0	23	1.05	0.95				
	212	1	0.0	0.0	0.0	0.0	2	0.9882354761818849	-0.2650369559991951	230.0	23	1.05	0.95				
	213	2	104.86541793508772	21.368802145263157	0.0	0.0	2	0.9824982789990484	-2.2278763583537597	230.0	24	1.05	0.95				
	214	2	76.76940029964912	15.433023771578947	0.0	0.0	2	0.9832705557659168	-3.8553389008766863	230.0	26	1.05	0.95				
	215	2	125.44278296385964	25.325987727719294	0.0	0.0	2	0.9920293838811447	0.17878346927249927	230.0	26	1.05	0.95				
	216	2	39.5718558245614	7.914371164912282	0.0	0.0	2	0.9898836425088833	0.0011534291000402333	230.0	26	1.05	0.95				
	217	1	0.0	0.0	0.0	0.0	2	1.000563075390158	0.8556061346125317	230.0	27	1.05	0.95				
	218	2	131.77427989578948	26.908861960701756	0.0	0.0	2	1.0013835008085519	0.36296980542117185	230.0	27	1.05	0.95				
	219	1	71.62505904245614	14.641586655087718	0.0	0.0	2	0.9829396727694095	1.0363696266551155	230.0	25	1.05	0.95				
	220	1	50.65197545543859	10.288682514385965	0.0	0.0	2	0.9801089270570956	2.7889106612302967	230.0	25	1.05	0.95				
	221	2	0.0	0.0	0.0	0.0	2	1.0036660569746405	0.8913935790111992	230.0	27	1.05	0.95				
	222	2	0.0	0.0	0.0	0.0	2	1.0211069914263005	5.746019342107416	230.0	27	1.05	0.95				
	223	2	0.0	0.0	0.0	0.0	2	0.979780756804355	4.092401716067602	230.0	25	1.05	0.95				
	224	1	0.0	0.0	0.0	0.0	2	0.9842266090984491	-2.931943565829488	230.0	26	1.05	0.95				
	301	2	58.80037964210526	11.9778551122807	0.0	0.0	3	1.0041962160750748	28.316124450390973	138.0	31	1.05	0.95				
	302	2	52.8114520859649	10.888959192982457	0.0	0.0	3	1.0047909134129256	27.953754806285588	138.0	32	1.05	0.95				
	303	1	98.00063273684209	20.14457450701754	0.0	0.0	3	1.016499945987068	43.11017788964743	138.0	31	1.05	0.95				
	304	1	40.28914901403508	8.166719394736841	0.0	0.0	3	0.9948192753353091	29.65560116266883	138.0	31	1.05	0.95				
	305	1	38.65580513508771	7.622271435087718	0.0	0.0	3	1.0124921191867413	27.600415268437597	138.0	31	1.05	0.95				
	306	1	74.04492251228069	15.244542870175437	0.0	-100.0	3	1.0242391577976133	26.56103295831485	138.0	32	1.05	0.95				
	307	2	68.05599495614034	13.611198991228068	0.0	0.0	3	0.9665937488511813	22.975750165564026	138.0	32	1.05	0.95				
	308	1	93.10060109999999	19.055678587719292	0.0	0.0	3	0.9768086068698016	25.526864639601243	138.0	32	1.05	0.95				
	309	1	95.27839293859648	19.60012654736842	0.0	0.0	3	1.0053910508653934	33.37207006237805	138.0	33	1.05	0.95				
	310	1	106.16735213157892	21.777918385964913	0.0	0.0	3	1.034630366701219	28.674714154527624	138.0	33	1.05	0.95				
	311	1	0.0	0.0	0.0	0.0	3	0.9941403460275162	33.02705810818583	230.0	33	1.05	0.95				
	312	1	0.0	0.0	0.0	0.0	3	1.0013722633646758	33.12885535195262	230.0	33	1.05	0.95				
	313	2	144.27870930701752	29.40018982105263	0.0	0.0	3	1.0025272988583283	35.57420420715639	230.0	34	1.05	0.95				
	314	2	105.6229041719298	21.233470426315787	0.0	0.0	3	0.9852720262832712	32.88136147247881	230.0	36	1.05	0.95				
	315	2	172.59000320877192	34.844669417543855	0.0	0.0	3	0.9863803698015198	31.625678344022038	230.0	36	1.05	0.95				
	316	2	54.444795964912274	10.888959192982457	0.0	0.0	3	0.9781732935762992	31.876948885009018	230.0	36	1.05	0.95				
	317	1	0.0	0.0	0.0	0.0	3	0.9918125695130822	33.84108988969952	230.0	37	1.05	0.95				
	318	2	181.30117056315785	37.022461256140346	0.0	0.0	3	0.9858053330056804	30.03599239241464	230.0	37	1.05	0.95				
	319	1	98.54508069649121	20.14457450701754	0.0	0.0	3	0.9874479181582335	31.49241946827665	230.0	35	1.05	0.95				
	320	1	69.68933883508771	14.155646950877191	0.0	0.0	3	0.9968211117166932	30.800972948614767	230.0	35	1.05	0.95				
	321	2	0.0	0.0	0.0	0.0	3	0.9943161838253447	31.024675200051576	230.0	37	1.05	0.95				
	322	2	0.0	0.0	0.0	0.0	3	1.011238883639933	34.799548268002106	230.0	37	1.05	0.95				
	323	2	0.0	0.0	0.0	0.0	3	1.0020264513100114	30.380111946321577	230.0	35	1.05	0.95				
	324	1	0.0	0.0	0.0	0.0	3	0.9963811964192025	37.49758850727794	230.0	36	1.05	0.95				
