%% MATPOWER Case Format : Version 2
function mpc = RTS_GMLC
mpc.version = '2';

%%-----  Power Flow Data  -----%%
%% system MVA base
mpc.baseMVA = 100.0;
%% bus data
%    bus_i    type    Pd    Qd    Gs    Bs    area    Vm    Va    baseKV    zone    Vmax    Vmin
mpc.bus = [
	101	2	44.72835229894737	9.11133102385965	0.0	0.0	1	1.0121568836406836	-4.607170968234585	138.0	11	1.05	0.95				
	102	2	40.17268678701754	8.283028203508772	0.0	0.0	1	1.0120810627151682	-4.829759381314458	138.0	12	1.05	0.95				
	103	1	74.54725383157896	15.323602176491228	0.0	0.0	1	0.9997082815754392	0.07598192971007524	138.0	11	1.05	0.95				
	104	1	30.647204352982456	6.212271152631579	0.0	0.0	1	1.0024958896530238	-4.661208889887033	138.0	11	1.05	0.95				
	105	1	29.404750122456143	5.798119742456141	0.0	0.0	1	1.0164675611886425	-5.727530507068262	138.0	11	1.05	0.95				
	106	1	56.32459178385966	11.596239484912282	0.0	-100.0	1	1.0266760740817307	-6.853205753941851	138.0	12	1.05	0.95				
	107	2	51.76892627192983	10.353785254385965	0.0	0.0	1	0.9865647454008937	-10.526905038592806	138.0	12	1.05	0.95				
	108	1	70.81989114	14.49529935614035	0.0	0.0	1	0.9877711072516294	-9.35047415587984	138.0	12	1.05	0.95				
	109	1	72.47649678070177	14.909450766315791	0.0	0.0	1	1.0022456319190103	-3.6395310768231224	138.0	13	1.05	0.95				
	110	1	80.75952498421053	16.566056407017545	0.0	0.0	1	1.0306644402941811	-5.495060293762063	138.0	13	1.05	0.95				
	111	1	0.0	0.0	0.0	0.0	1	0.9828079872446943	-0.8045247028904996	230.0	13	1.05	0.95				
	112	1	0.0	0.0	0.0	0.0	1	0.9833382961524474	-1.6031942398598298	230.0	13	1.05	0.95				
	113	3	109.75012369649122	22.364176149473685	0.0	0.0	1	0.9650111168272891	4.466828825776098e-27	230.0	14	1.05	0.95				
	114	2	80.34537357403508	16.151904996842106	0.0	0.0	1	0.9932643136749613	2.3874373876665547	230.0	16	1.05	0.95				
	115	2	131.28599702561402	26.50569025122807	0.0	0.0	1	0.9912905430355566	11.325530256758517	230.0	16	1.05	0.95				
	116	2	41.41514101754386	8.283028203508772	0.0	0.0	1	0.9902140212541403	9.777087570404404	230.0	16	1.05	0.95				
	117	1	0.0	0.0	0.0	0.0	1	0.9920042108696564	15.55669925653376	230.0	17	1.05	0.95				
	118	2	137.91241958842107	28.16229589192983	0.0	0.0	1	1.0008167998254918	16.023292648282307	230.0	17	1.05	0.95				
	119	1	74.96140524175439	15.323602176491228	0.0	0.0	1	0.9900180013036781	6.053984288042481	230.0	15	1.05	0.95				
	120	1	53.01138050245614	10.767936664561404	0.0	0.0	1	0.9953085086833195	3.453966803573087	230.0	15	1.05	0.95				
	121	2	0.0	0.0	0.0	0.0	1	1.0015604730940875	17.43152735069757	230.0	17	1.05	0.95				
	122	2	0.0	0.0	0.0	0.0	1	1.0060844388563563	35.52045599957022	230.0	17	1.05	0.95				
	123	2	0.0	0.0	0.0	0.0	1	0.9992624147085671	2.371067837319555	230.0	15	1.05	0.95				
	124	1	0.0	0.0	0.0	0.0	1	0.9810321815202347	7.03318633389319	230.0	16	1.05	0.95				
	201	2	43.00960176	8.761215173333332	0.0	0.0	2	1.0110301565436701	-11.35822576642112	138.0	21	1.05	0.95				
	202	2	38.62899417333333	7.964741066666667	0.0	0.0	2	1.0099345521049046	-11.542770186561848	138.0	22	1.05	0.95				
	203	1	71.6826696	14.734770973333333	0.0	0.0	2	0.9976019469748961	-8.612923067011314	138.0	21	1.05	0.95				
	204	1	29.469541946666666	5.9735558	0.0	0.0	2	1.00119557920523	-10.641764557793747	138.0	21	1.05	0.95				
	205	1	28.274830786666666	5.5753187466666665	0.0	0.0	2	1.0173737868774897	-11.00050700883572	138.0	21	1.05	0.95				
	206	1	54.16023925333333	11.150637493333333	0.0	-100.0	2	1.028999300258743	-11.305325457146266	138.0	22	1.05	0.95				
	207	2	49.77963166666666	9.955926333333332	0.0	0.0	2	0.9718442578890398	-16.07117840396876	138.0	22	1.05	0.95				
	208	1	68.09853611999999	13.938296866666667	0.0	0.0	2	0.9804653243675766	-14.243856666637026	138.0	22	1.05	0.95				
	209	1	69.69148433333334	14.336533919999999	0.0	0.0	2	1.0059762961479572	-8.200968569264482	138.0	23	1.05	0.95				
	210	1	77.65622539999998	15.929482133333334	0.0	0.0	2	1.0335354067853684	-9.322213566493128	138.0	23	1.05	0.95				
	211	1	0.0	0.0	0.0	0.0	2	0.9867352087980935	-5.718781627586559	230.0	23	1.05	0.95				
	212	1	0.0	0.0	0.0	0.0	2	0.9876618796355926	-1.6683586902258252	230.0	23	1.05	0.95				
	213	2	105.53281913333332	21.50480088	0.0	0.0	2	0.9824188143632121	-3.3352473438004746	230.0	24	1.05	0.95				
	214	2	77.25798834666666	15.53124508	0.0	0.0	2	0.9835173965480898	-4.616667213772996	230.0	26	1.05	0.95				
	215	2	126.24114590666666	25.487171413333332	0.0	0.0	2	0.9918840193706795	-0.13434659168004207	230.0	26	1.05	0.95				
	216	2	39.82370533333333	7.964741066666667	0.0	0.0	2	0.9898192890570249	-0.4253702551911205	230.0	26	1.05	0.95				
	217	1	0.0	0.0	0.0	0.0	2	1.000517890421482	0.5883471409194926	230.0	27	1.05	0.95				
	218	2	132.61293876	27.080119626666665	0.0	0.0	2	1.0013905955631102	0.10523588202308544	230.0	27	1.05	0.95				
	219	1	72.08090665333333	14.734770973333333	0.0	0.0	2	0.982848153540791	0.44721646523420244	230.0	25	1.05	0.95				
	220	1	50.974342826666664	10.354163386666666	0.0	0.0	2	0.9799283792008837	2.062577916193743	230.0	25	1.05	0.95				
	221	2	0.0	0.0	0.0	0.0	2	1.0036506172431636	0.6492832747868884	230.0	27	1.05	0.95				
	222	2	0.0	0.0	0.0	0.0	2	1.0213495784292201	5.779256180256265	230.0	27	1.05	0.95				
	223	2	0.0	0.0	0.0	0.0	2	0.9794836810592434	3.2927477509204666	230.0	25	1.05	0.95				
	224	1	0.0	0.0	0.0	0.0	2	0.9837929650763747	-3.362417922727112	230.0	26	1.05	0.95				
	301	2	56.71622902736843	11.553305912982456	0.0	0.0	3	1.0046938148526896	26.418230115884715	138.0	31	1.05	0.95				
	302	2	50.93957607087719	10.503005375438597	0.0	0.0	3	1.0053495184965733	26.037286799697785	138.0	32	1.05	0.95				
	303	1	94.52704837894737	19.430559944561406	0.0	0.0	3	1.0175029609894377	41.79875743728543	138.0	31	1.05	0.95				
	304	1	38.86111988912281	7.877254031578946	0.0	0.0	3	0.9950814679192435	27.63488700551508	138.0	31	1.05	0.95				
	305	1	37.28566908280702	7.352103762807018	0.0	0.0	3	1.013178846246357	25.482694733630986	138.0	31	1.05	0.95				
	306	1	71.42043655298245	14.704207525614036	0.0	-100.0	3	1.0251476839568274	24.336988705301625	138.0	32	1.05	0.95				
	307	2	65.64378359649123	13.128756719298245	0.0	0.0	3	0.9661194970174058	20.35688868271668	138.0	32	1.05	0.95				
	308	1	89.80069596	18.380259407017544	0.0	0.0	3	0.9753757227126535	22.831242658365756	138.0	32	1.05	0.95				
	309	1	91.90129703508771	18.90540967578947	0.0	0.0	3	1.004489021374297	31.18849626096272	138.0	33	1.05	0.95				
	310	1	102.40430241052631	21.006010750877195	0.0	0.0	3	1.0349197577686604	26.271551153866334	138.0	33	1.05	0.95				
	311	1	0.0	0.0	0.0	0.0	3	0.9940181806963212	30.450340399806688	230.0	33	1.05	0.95				
	312	1	0.0	0.0	0.0	0.0	3	1.0015224099548607	30.32744771734295	230.0	33	1.05	0.95				
	313	2	139.1648212245614	28.358114513684214	0.0	0.0	3	1.0012035270540793	31.958100749426272	230.0	34	1.05	0.95				
	314	2	101.87915214175437	20.480860482105264	0.0	0.0	3	0.9852051175854826	30.946264838214965	230.0	36	1.05	0.95				
	315	2	166.47263520070175	33.60961720140351	0.0	0.0	3	0.9869674711286589	30.8077354371418	230.0	36	1.05	0.95				
	316	2	52.51502687719298	10.503005375438597	0.0	0.0	3	0.9784994866280832	30.882533367640136	230.0	36	1.05	0.95				
	317	1	0.0	0.0	0.0	0.0	3	0.9922463527981745	33.5191825424654	230.0	37	1.05	0.95				
	318	2	174.87503950105264	35.710218276491226	0.0	0.0	3	0.9857294087702609	29.615587326102172	230.0	37	1.05	0.95				
	319	1	95.0521986477193	19.430559944561406	0.0	0.0	3	0.9878815226816964	30.065914857613944	230.0	35	1.05	0.95				
	320	1	67.21923440280702	13.653906988070174	0.0	0.0	3	0.9973373690645715	28.9736070133753	230.0	35	1.05	0.95				
	321	2	0.0	0.0	0.0	0.0	3	0.994379226129321	30.50238540069636	230.0	37	1.05	0.95				
	322	2	0.0	0.0	0.0	0.0	3	1.0116493842078884	34.54891772408925	230.0	37	1.05	0.95				
	323	2	0.0	0.0	0.0	0.0	3	1.002792097544978	28.430503146865387	230.0	35	1.05	0.95				
	324	1	0.0	0.0	0.0	0.0	3	0.9971888849045195	36.39280570797402	230.0	36	1.05	0.95				
	325	1	0.0	0.0	0.0	0.0	3	1.00393113893495	27.50431763864342	230.0	35	1.05	0.95				
];
