%% MATPOWER Case Format : Version 2
function mpc = RTS_GMLC
mpc.version = '2';

%%-----  Power Flow Data  -----%%
%% system MVA base
mpc.baseMVA = 100.0;
%% bus data
%    bus_i    type    Pd    Qd    Gs    Bs    area    Vm    Va    baseKV    zone    Vmax    Vmin
mpc.bus = [
	101	2	35.63038100084211	7.258040574245615	0.0	0.0	1	0.9913153599052298	-6.109717284109685	138.0	11	1.05	0.95				
	102	2	32.0013607137193	6.59821870385965	0.0	0.0	1	0.9910960209182939	-6.252816349530252	138.0	12	1.05	0.95				
	103	1	59.38396833473685	12.206704602140352	0.0	0.0	1	1.0237119018847047	-0.4991922540901091	138.0	11	1.05	0.95				
	104	1	24.413409204280704	4.948664027894737	0.0	0.0	1	1.0052157730956737	-5.483022381228427	138.0	11	1.05	0.95				
	105	1	23.423676398701755	4.6187530927017555	0.0	0.0	1	1.0165286938682239	-6.192431905794657	138.0	11	1.05	0.95				
	106	1	44.86788718624562	9.237506185403511	0.0	-100.0	1	1.0391538313778401	-6.669590061412036	138.0	12	1.05	0.95				
	107	2	41.23886689912281	8.247773379824562	0.0	0.0	1	0.9891780059354585	-9.262838580964406	138.0	12	1.05	0.95				
	108	1	56.414769918000005	11.546882731754387	0.0	0.0	1	1.0014747773366939	-8.20864162022819	138.0	12	1.05	0.95				
	109	1	57.734413658771935	11.87679366694737	0.0	0.0	1	1.025905714543835	-3.490141798326284	138.0	13	1.05	0.95				
	110	1	64.33263236263159	13.1964374077193	0.0	0.0	1	1.05	-5.197214538074972	138.0	13	1.05	0.95				
	111	1	0.0	0.0	0.0	0.0	1	1.0147059018436844	-0.5690289655596821	230.0	13	1.05	0.95				
	112	1	0.0	0.0	0.0	0.0	1	1.011335396664169	-1.444419154476643	230.0	13	1.05	0.95				
	113	3	87.42639782614036	17.815190500421053	0.0	0.0	1	0.9963607709721423	-2.8750331951089333e-28	230.0	14	1.05	0.95				
	114	2	64.0027214274386	12.866526472526319	0.0	0.0	1	1.0366930056871972	2.694449579730344	230.0	16	1.05	0.95				
	115	2	104.58176645617544	21.11429985235088	0.0	0.0	1	1.0405970269144302	10.763447985872936	230.0	16	1.05	0.95				
	116	2	32.991093519298246	6.59821870385965	0.0	0.0	1	1.0408609482442832	9.394968585154299	230.0	16	1.05	0.95				
	117	1	0.0	0.0	0.0	0.0	1	1.0394099423852625	14.725736007637002	230.0	17	1.05	0.95				
	118	2	109.86034141926318	22.43394359312281	0.0	0.0	1	1.0464296144727896	15.038169185902358	230.0	17	1.05	0.95				
	119	1	59.713879269929826	12.206704602140352	0.0	0.0	1	1.0356963010267117	5.938498123276519	230.0	15	1.05	0.95				
	120	1	42.22859970470176	8.577684315017544	0.0	0.0	1	1.035611580362443	3.5571116926145905	230.0	15	1.05	0.95				
	121	2	0.0	0.0	0.0	0.0	1	1.0377827664270955	16.197945740492965	230.0	17	1.05	0.95				
	122	2	0.0	0.0	0.0	0.0	1	1.05	34.20287330597774	230.0	17	1.05	0.95				
	123	2	0.0	0.0	0.0	0.0	1	1.0360228555558453	2.498243173271584	230.0	15	1.05	0.95				
	124	1	0.0	0.0	0.0	0.0	1	1.0202152075484339	6.569486913869353	230.0	16	1.05	0.95				
	201	2	35.92066740252632	7.317172989403509	0.0	0.0	2	1.0058680375719933	-11.570791487840223	138.0	21	1.05	0.95				
	202	2	32.26208090782456	6.6519754449122805	0.0	0.0	2	1.0042318676550825	-11.824228552478434	138.0	22	1.05	0.95				
	203	1	59.86777900421052	12.306154573087719	0.0	0.0	2	1.0138716614099406	-8.795523207263791	138.0	21	1.05	0.95				
	204	1	24.612309146175438	4.98898158368421	0.0	0.0	2	1.0098789038288545	-11.710292850453493	138.0	21	1.05	0.95				
	205	1	23.614512829438596	4.656382811438597	0.0	0.0	2	1.0239766303144275	-12.026754352043207	138.0	21	1.05	0.95				
	206	1	45.23343302540351	9.312765622877194	0.0	-100.0	2	1.0422604583377455	-12.72772257091429	138.0	22	1.05	0.95				
	207	2	41.574846530701755	8.31496930614035	0.0	0.0	2	0.9865115812234497	-16.53238358342573	138.0	22	1.05	0.95				
	208	1	56.87439005399999	11.640957028596489	0.0	0.0	2	0.9989946501318799	-15.139751002545335	138.0	22	1.05	0.95				
	209	1	58.20478514298245	11.973555800842105	0.0	0.0	2	1.0233095532425422	-10.226708628291478	138.0	23	1.05	0.95				
	210	1	64.85676058789474	13.303950889824561	0.0	0.0	2	1.05	-11.401140076904378	138.0	23	1.05	0.95				
	211	1	0.0	0.0	0.0	0.0	2	1.003439005555124	-7.721221414347989	230.0	23	1.05	0.95				
	212	1	0.0	0.0	0.0	0.0	2	1.0134716530444818	-6.945976080371776	230.0	23	1.05	0.95				
	213	2	88.13867464508772	17.96033370126316	0.0	0.0	2	1.0031703613064937	-6.391322997338326	230.0	24	1.05	0.95				
	214	2	64.52416181564912	12.971352117578947	0.0	0.0	2	0.9969118780602839	-5.650996588197833	230.0	26	1.05	0.95				
	215	2	105.43381080185965	21.286321423719297	0.0	0.0	2	1.0231862711101232	-0.4021072991900974	230.0	26	1.05	0.95				
	216	2	33.2598772245614	6.6519754449122805	0.0	0.0	2	1.0260796748873113	-0.8493686743788459	230.0	26	1.05	0.95				
	217	1	0.0	0.0	0.0	0.0	2	1.0322430425118247	0.8092363787312333	230.0	27	1.05	0.95				
	218	2	110.75539115778948	22.616716512701753	0.0	0.0	2	1.0306567694239341	0.5050012890615246	230.0	27	1.05	0.95				
	219	1	60.200377776456136	12.306154573087719	0.0	0.0	2	1.0346573774862502	-0.6879384954226383	230.0	25	1.05	0.95				
	220	1	42.572642847438594	8.647568078385964	0.0	0.0	2	1.0438062060442563	0.08986621496975088	230.0	25	1.05	0.95				
	221	2	0.0	0.0	0.0	0.0	2	1.0312248581414656	0.9958043555087024	230.0	27	1.05	0.95				
	222	2	0.0	0.0	0.0	0.0	2	1.049999994808644	7.416619408744938	230.0	27	1.05	0.95				
	223	2	0.0	0.0	0.0	0.0	2	1.0490974203018635	0.758524794633619	230.0	25	1.05	0.95				
	224	1	0.0	0.0	0.0	0.0	2	1.0092249072561728	-3.5459558673365374	230.0	26	1.05	0.95				
	301	2	38.64220184842105	7.871559635789474	0.0	0.0	3	1.0130248137102265	20.85127322502211	138.0	31	1.05	0.95				
	302	2	34.70642203052631	7.155963305263158	0.0	0.0	3	1.012206800828772	20.495580574053708	138.0	32	1.05	0.95				
	303	1	64.40366974736843	13.238532114736842	0.0	0.0	3	1.05	35.27734985308426	138.0	31	1.05	0.95				
	304	1	26.477064229473683	5.3669724789473685	0.0	0.0	3	1.009010017172622	21.621624311975012	138.0	31	1.05	0.95				
	305	1	25.403669733684207	5.009174313684211	0.0	0.0	3	1.0240639804444591	18.9611740858374	138.0	31	1.05	0.95				
	306	1	48.66055047578948	10.018348627368422	0.0	-100.0	3	1.0384012068308723	17.446015118218494	138.0	32	1.05	0.95				
	307	2	44.72477065789474	8.944954131578948	0.0	0.0	3	0.95	15.042752711421523	138.0	32	1.05	0.95				
	308	1	61.183486259999995	12.522935784210526	0.0	0.0	3	0.9736224217618578	16.489339468600757	138.0	32	1.05	0.95				
	309	1	62.614678921052636	12.880733949473683	0.0	0.0	3	1.016821699817011	24.044550296446875	138.0	33	1.05	0.95				
	310	1	69.77064222631579	14.311926610526315	0.0	0.0	3	1.043966471677977	18.226668409131833	138.0	33	1.05	0.95				
	311	1	0.0	0.0	0.0	0.0	3	1.005228248281276	21.106560826049733	230.0	33	1.05	0.95				
	312	1	0.0	0.0	0.0	0.0	3	1.0104656179814253	20.72911200179645	230.0	33	1.05	0.95				
	313	2	94.81651379473684	19.321100924210526	0.0	0.0	3	1.0039297535975518	20.41044483957884	230.0	34	1.05	0.95				
	314	2	69.41284406105262	13.954128445263159	0.0	0.0	3	1.001169653524459	21.782550579071795	230.0	36	1.05	0.95				
	315	2	113.42201838842105	22.899082576842105	0.0	0.0	3	1.049058470278787	25.500814854544867	230.0	36	1.05	0.95				
	316	2	35.77981652631579	7.155963305263158	0.0	0.0	3	1.032601615781757	24.810247257755186	230.0	36	1.05	0.95				
	317	1	0.0	0.0	0.0	0.0	3	1.05	29.408828786278725	230.0	37	1.05	0.95				
	318	2	119.14678903263159	24.33027523789474	0.0	0.0	3	1.0473617876480148	25.794308432187446	230.0	37	1.05	0.95				
	319	1	64.76146791263157	13.238532114736842	0.0	0.0	3	1.023499970685408	22.45929165336327	230.0	35	1.05	0.95				
	320	1	45.79816515368421	9.302752296842105	0.0	0.0	3	1.018799714218098	21.096009586813203	230.0	35	1.05	0.95				
	321	2	0.0	0.0	0.0	0.0	3	1.05	26.364723402376526	230.0	37	1.05	0.95				
	322	2	0.0	0.0	0.0	0.0	3	1.0499999107674598	31.907520583483624	230.0	37	1.05	0.95				
	323	2	0.0	0.0	0.0	0.0	3	1.0164882485207831	20.62368653159275	230.0	35	1.05	0.95				
	324	1	0.0	0.0	0.0	0.0	3	1.0463350620385468	29.237453395986304	230.0	36	1.05	0.95				
	325	1	0.0	0.0	0.0	0.0	3	1.019648351523906	20.25534606790518	230.0	35	1.05	0.95				
];
