%% MATPOWER Case Format : Version 2
function mpc = RTS_GMLC
mpc.version = '2';

%%-----  Power Flow Data  -----%%
%% system MVA base
mpc.baseMVA = 100.0;
%% bus data
%    bus_i    type    Pd    Qd    Gs    Bs    area    Vm    Va    baseKV    zone    Vmax    Vmin
mpc.bus = [
	101	2	47.62741217684211	9.701880258245613	0.0	0.0	1	1.0324917292665388	2.5281898960402804	138.0	11	1.05	0.95				
	102	2	42.776472047719295	8.819891143859648	0.0	0.0	1	1.0320867026957394	2.411982094513323	138.0	12	1.05	0.95				
	103	1	79.37902029473683	16.31679861614035	0.0	0.0	1	1.0276185623792626	-0.4399138762576429	138.0	11	1.05	0.95				
	104	1	32.6335972322807	6.614918357894736	0.0	0.0	1	1.0210048083030838	-0.8927974747890147	138.0	11	1.05	0.95				
	105	1	31.31061356070175	6.173923800701754	0.0	0.0	1	1.0351889011954047	-0.5951748885884021	138.0	11	1.05	0.95				
	106	1	59.975259778245615	12.347847601403508	0.0	-100.0	1	1.0447995544678186	-2.7906540115884684	138.0	12	1.05	0.95				
	107	2	55.124319649122796	11.02486392982456	0.0	0.0	1	1.015887101621108	-3.574162843780368	138.0	12	1.05	0.95				
	108	1	75.41006927999999	15.434809501754385	0.0	0.0	1	1.014555825844718	-4.343230025195245	138.0	12	1.05	0.95				
	109	1	77.17404750877192	15.875804058947365	0.0	0.0	1	1.0255529812077075	-1.8076713620805	138.0	13	1.05	0.95				
	110	1	85.99393865263157	17.639782287719296	0.0	0.0	1	1.05	-2.3680073162936535	138.0	13	1.05	0.95				
	111	1	0.0	0.0	0.0	0.0	1	1.0036407799336116	-0.5023722660548968	230.0	13	1.05	0.95				
	112	1	0.0	0.0	0.0	0.0	1	1.009042412793262	0.27053375657402584	230.0	13	1.05	0.95				
	113	3	116.86355765614034	23.813706088421053	0.0	0.0	1	0.9951361343255856	-8.389335954464927e-28	230.0	14	1.05	0.95				
	114	2	85.55294409543859	17.198787730526316	0.0	0.0	1	0.9990577388169696	0.7698042951318114	230.0	16	1.05	0.95				
	115	2	139.7952746301754	28.223651660350875	0.0	0.0	1	1.0385899420433755	5.064785078270648	230.0	16	1.05	0.95				
	116	2	44.09945571929824	8.819891143859648	0.0	0.0	1	1.0338777378462973	5.127399802936989	230.0	16	1.05	0.95				
	117	1	0.0	0.0	0.0	0.0	1	1.0428651459619374	6.165188635314787	230.0	17	1.05	0.95				
	118	2	146.85118754526314	29.987629889122807	0.0	0.0	1	1.0456637499982269	5.861174383224358	230.0	17	1.05	0.95				
	119	1	79.82001485192983	16.31679861614035	0.0	0.0	1	1.0281452457321942	4.956020168717433	230.0	15	1.05	0.95				
	120	1	56.44730332070175	11.465858487017542	0.0	0.0	1	1.0261652228368066	5.664733702417208	230.0	15	1.05	0.95				
	121	2	0.0	0.0	0.0	0.0	1	1.05	6.1356571928592025	230.0	17	1.05	0.95				
	122	2	0.0	0.0	0.0	0.0	1	1.05	12.657166354154079	230.0	17	1.05	0.95				
	123	2	0.0	0.0	0.0	0.0	1	1.0258779589385691	6.396271151491266	230.0	15	1.05	0.95				
	124	1	0.0	0.0	0.0	0.0	1	1.026672098705824	3.0146464096560392	230.0	16	1.05	0.95				
	201	2	47.65055877473684	9.706595305964912	0.0	0.0	2	1.0284227004319926	-5.397348700157341	138.0	21	1.05	0.95				
	202	2	42.79726112175438	8.824177550877193	0.0	0.0	2	1.0286512324968276	-5.379759677473259	138.0	22	1.05	0.95				
	203	1	79.41759795789474	16.324728469122807	0.0	0.0	2	1.0227215262103482	-5.0182353323156965	138.0	21	1.05	0.95				
	204	1	32.64945693824561	6.618133163157894	0.0	0.0	2	1.018676913789906	-7.895970250937444	138.0	21	1.05	0.95				
	205	1	31.325830305614033	6.176924285614035	0.0	0.0	2	1.0334435857333795	-8.028978394336278	138.0	21	1.05	0.95				
	206	1	60.004407345964914	12.35384857122807	0.0	-100.0	2	1.0442604027505638	-9.922026072091372	138.0	22	1.05	0.95				
	207	2	55.151109692982445	11.03022193859649	0.0	0.0	2	0.9860385817791251	-16.610800624348734	138.0	22	1.05	0.95				
	208	1	75.44671806	15.442310714035084	0.0	0.0	2	0.9944108037193753	-14.626842262756439	138.0	22	1.05	0.95				
	209	1	77.21155357017544	15.883519591578946	0.0	0.0	2	1.0234657029487406	-8.150660118657482	138.0	23	1.05	0.95				
	210	1	86.03573112105263	17.648355101754387	0.0	0.0	2	1.05	-9.288097880924898	138.0	23	1.05	0.95				
	211	1	0.0	0.0	0.0	0.0	2	1.0062469566748906	-5.844698186313823	230.0	23	1.05	0.95				
	212	1	0.0	0.0	0.0	0.0	2	1.012755313491474	-5.687971629770106	230.0	23	1.05	0.95				
	213	2	116.92035254912278	23.82527938736842	0.0	0.0	2	1.0009874812300994	-5.463223214149484	230.0	24	1.05	0.95				
	214	2	85.59452224350876	17.207146224210526	0.0	0.0	2	1.0063585223073164	-3.198443858135082	230.0	26	1.05	0.95				
	215	2	139.8632141814035	28.237368162807012	0.0	0.0	2	1.0303058743835674	3.477651109822784	230.0	26	1.05	0.95				
	216	2	44.12088775438596	8.824177550877193	0.0	0.0	2	1.032960255151208	3.1282748409165912	230.0	26	1.05	0.95				
	217	1	0.0	0.0	0.0	0.0	2	1.0374760119930064	6.1420259975106895	230.0	27	1.05	0.95				
	218	2	146.92255622210527	30.002203672982457	0.0	0.0	2	1.0395302930309553	6.831543235809771	230.0	27	1.05	0.95				
	219	1	79.85880683543859	16.324728469122807	0.0	0.0	2	1.033985594827708	1.4511060620039924	230.0	25	1.05	0.95				
	220	1	56.474736325614025	11.47143081614035	0.0	0.0	2	1.0383245736197864	0.8477396919992534	230.0	25	1.05	0.95				
	221	2	0.0	0.0	0.0	0.0	2	1.038916379279586	6.4627608567995525	230.0	27	1.05	0.95				
	222	2	0.0	0.0	0.0	0.0	2	1.05	12.837871862035175	230.0	27	1.05	0.95				
	223	2	0.0	0.0	0.0	0.0	2	1.0412366741448824	0.8474129173395064	230.0	25	1.05	0.95				
	224	1	0.0	0.0	0.0	0.0	2	1.0168100352930054	0.2890422195684605	230.0	26	1.05	0.95				
	301	2	66.55615309894738	13.557734890526316	0.0	0.0	3	1.0080694300389488	-40.89946440406748	138.0	31	1.05	0.95				
	302	2	59.77728565368421	12.325213536842107	0.0	0.0	3	1.0074105442742745	-41.0499409545565	138.0	32	1.05	0.95				
	303	1	110.92692183157895	22.801645043157894	0.0	0.0	3	1.018892561310981	-33.08837426656752	138.0	31	1.05	0.95				
	304	1	45.60329008631579	9.24391015263158	0.0	0.0	3	1.0061113460161781	-38.89188353640076	138.0	31	1.05	0.95				
	305	1	43.75450805578947	8.627649475789473	0.0	0.0	3	1.0203955717987006	-39.88199039471052	138.0	31	1.05	0.95				
	306	1	83.81145205052633	17.255298951578947	0.0	-100.0	3	1.0346087168316838	-39.99325300586806	138.0	32	1.05	0.95				
	307	2	77.03258460526317	15.406516921052631	0.0	0.0	3	1.004382764048738	-41.95185587266027	138.0	32	1.05	0.95				
	308	1	105.38057574	21.569123689473685	0.0	0.0	3	1.0014497351146472	-41.26689466757754	138.0	32	1.05	0.95				
	309	1	107.84561844736842	22.185384366315787	0.0	0.0	3	1.027033482119488	-34.616585824447675	138.0	33	1.05	0.95				
	310	1	120.17083198421052	24.650427073684213	0.0	0.0	3	1.05	-36.88737315571528	138.0	33	1.05	0.95				
	311	1	0.0	0.0	0.0	0.0	3	1.019938866391368	-29.388586007803916	230.0	33	1.05	0.95				
	312	1	0.0	0.0	0.0	0.0	3	1.0176258301308492	-28.71831676963493	230.0	33	1.05	0.95				
	313	2	163.3090793631579	33.27807654947369	0.0	0.0	3	1.028547517658397	-25.64671575076828	230.0	34	1.05	0.95				
	314	2	119.55457130736842	24.034166396842107	0.0	0.0	3	1.0334631548222317	-26.39730625741931	230.0	36	1.05	0.95				
	315	2	195.35463455894737	39.44068331789474	0.0	0.0	3	1.0492395867636912	-18.833966341318487	230.0	36	1.05	0.95				
	316	2	61.626067684210525	12.325213536842107	0.0	0.0	3	1.049744489515346	-18.460751737335176	230.0	36	1.05	0.95				
	317	1	0.0	0.0	0.0	0.0	3	1.0498981911905871	-15.227992150206049	230.0	37	1.05	0.95				
	318	2	205.21480538842107	41.905726025263164	0.0	0.0	3	1.0497014543028498	-14.528586746941862	230.0	37	1.05	0.95				
	319	1	111.54318250842105	22.801645043157894	0.0	0.0	3	1.045911202066628	-19.647338142302456	230.0	35	1.05	0.95				
	320	1	78.88136663578948	16.022777597894738	0.0	0.0	3	1.0476566941042853	-19.529272974896866	230.0	35	1.05	0.95				
	321	2	0.0	0.0	0.0	0.0	3	1.05	-14.321111953839054	230.0	37	1.05	0.95				
	322	2	0.0	0.0	0.0	0.0	3	1.05	-8.900665852973846	230.0	37	1.05	0.95				
	323	2	0.0	0.0	0.0	0.0	3	1.05	-19.01459509759941	230.0	35	1.05	0.95				
	324	1	0.0	0.0	0.0	0.0	3	1.0195333660628794	-24.083027400685566	230.0	36	1.05	0.95				
	325	1	0.0	0.0	0.0	0.0	3	1.0389302804350717	-17.002023083464156	230.0	35	1.05	0.95				
];
