%% MATPOWER Case Format : Version 2
function mpc = RTS_GMLC
mpc.version = '2';

%%-----  Power Flow Data  -----%%
%% system MVA base
mpc.baseMVA = 100.0;
%% bus data
%    bus_i    type    Pd    Qd    Gs    Bs    area    Vm    Va    baseKV    zone    Vmax    Vmin
mpc.bus = [
	101	2	40.720435427368415	8.294903512982456	0.0	0.0	1	1.0320111529827753	2.53574385496751	138.0	11	1.05	0.95				
	102	2	36.572983670877186	7.540821375438596	0.0	0.0	1	1.0297883505089633	1.9322269682518596	138.0	12	1.05	0.95				
	103	1	67.86739237894737	13.950519544561402	0.0	0.0	1	1.0344244836531218	1.879754168785276	138.0	11	1.05	0.95				
	104	1	27.901039089122804	5.655616031578947	0.0	0.0	1	1.023868303778087	-0.4979270179442693	138.0	11	1.05	0.95				
	105	1	26.76991588280701	5.278574962807017	0.0	0.0	1	1.0355346619738683	-0.8544585116447865	138.0	11	1.05	0.95				
	106	1	51.277585352982456	10.557149925614034	0.0	-100.0	1	1.0459809125500086	-3.2625188164049974	138.0	12	1.05	0.95				
	107	2	47.13013359649122	9.426026719298244	0.0	0.0	1	1.0005671161379435	-10.894265588291143	138.0	12	1.05	0.95				
	108	1	64.47402276	13.196437407017541	0.0	0.0	1	1.004849015336943	-8.502761112363014	138.0	12	1.05	0.95				
	109	1	65.98218703508772	13.573478475789472	0.0	0.0	1	1.0251558785636574	-1.9755195276642228	138.0	13	1.05	0.95				
	110	1	73.5230084105263	15.081642750877192	0.0	0.0	1	1.05	-3.0976568057458596	138.0	13	1.05	0.95				
	111	1	0.0	0.0	0.0	0.0	1	1.0031300925042927	-0.40788458392198446	230.0	13	1.05	0.95				
	112	1	0.0	0.0	0.0	0.0	1	1.008694270318586	-0.926515174484519	230.0	13	1.05	0.95				
	113	3	99.91588322456138	20.360217713684207	0.0	0.0	1	0.9958299244145656	2.229137259550901e-30	230.0	14	1.05	0.95				
	114	2	73.14596734175437	14.704601682105261	0.0	0.0	1	0.9987451316379432	1.5046024433665754	230.0	16	1.05	0.95				
	115	2	119.52201880070174	24.130628401403506	0.0	0.0	1	1.0369359594614926	7.583802588237896	230.0	16	1.05	0.95				
	116	2	37.70410687719298	7.540821375438596	0.0	0.0	1	1.032354991274374	6.341751533565739	230.0	16	1.05	0.95				
	117	1	0.0	0.0	0.0	0.0	1	1.0406337938917702	9.870709667717543	230.0	17	1.05	0.95				
	118	2	125.55467590105263	25.638792676491228	0.0	0.0	1	1.0448527883532925	10.715054788806507	230.0	17	1.05	0.95				
	119	1	68.24443344771929	13.950519544561402	0.0	0.0	1	1.0225526399498563	3.854533905124105	230.0	15	1.05	0.95				
	120	1	48.26125680280701	9.803067788070175	0.0	0.0	1	1.0168126661740715	1.9360208472289564	230.0	15	1.05	0.95				
	121	2	0.0	0.0	0.0	0.0	1	1.0475382048175748	11.93915781886539	230.0	17	1.05	0.95				
	122	2	0.0	0.0	0.0	0.0	1	1.05	17.69996040124555	230.0	17	1.05	0.95				
	123	2	0.0	0.0	0.0	0.0	1	1.0141764127283401	1.1705114819434994	230.0	15	1.05	0.95				
	124	1	0.0	0.0	0.0	0.0	1	1.0280427293396315	5.435242823333469	230.0	16	1.05	0.95				
	201	2	43.48559736000001	8.85817724	0.0	0.0	2	1.014395506019001	-17.964400997174653	138.0	21	1.05	0.95				
	202	2	39.05650874	8.0528884	0.0	0.0	2	1.0134404038034648	-18.279253262951812	138.0	22	1.05	0.95				
	203	1	72.4759956	14.89784354	0.0	0.0	2	1.0151007154093037	-12.902828469136098	138.0	21	1.05	0.95				
	204	1	29.79568708	6.0396662999999995	0.0	0.0	2	1.0118886116237422	-17.935035490614144	138.0	21	1.05	0.95				
	205	1	28.58775382	5.637021880000001	0.0	0.0	2	1.0273537003898514	-18.47142285421134	138.0	21	1.05	0.95				
	206	1	54.759641120000005	11.274043760000001	0.0	-100.0	2	1.0425196616603765	-19.266589355614467	138.0	22	1.05	0.95				
	207	2	50.3305525	10.0661105	0.0	0.0	2	0.9955996997439431	-24.04738109886759	138.0	22	1.05	0.95				
	208	1	68.85219581999999	14.092554699999999	0.0	0.0	2	1.001202229336632	-22.237540880747407	138.0	22	1.05	0.95				
	209	1	70.4627735	14.495199119999999	0.0	0.0	2	1.0221213718453899	-15.981444098943422	138.0	23	1.05	0.95				
	210	1	78.5156619	16.1057768	0.0	0.0	2	1.05	-17.682918466637094	138.0	23	1.05	0.95				
	211	1	0.0	0.0	0.0	0.0	2	1.006614650011595	-13.039430273630783	230.0	23	1.05	0.95				
	212	1	0.0	0.0	0.0	0.0	2	1.0074661208497733	-12.687499883153999	230.0	23	1.05	0.95				
	213	2	106.7007713	21.742798680000003	0.0	0.0	2	1.0014073065040798	-12.011743797388714	230.0	24	1.05	0.95				
	214	2	78.11301748	15.703132380000001	0.0	0.0	2	1.010751174273693	-10.049993452506195	230.0	26	1.05	0.95				
	215	2	127.63828114	25.76924288	0.0	0.0	2	1.0243515463382	-2.3596943311888254	230.0	26	1.05	0.95				
	216	2	40.264442	8.0528884	0.0	0.0	2	1.0248241661106503	-3.355159054505692	230.0	26	1.05	0.95				
	217	1	0.0	0.0	0.0	0.0	2	1.0279613913652996	-1.4637315799780355	230.0	27	1.05	0.95				
	218	2	134.08059186	27.379820560000002	0.0	0.0	2	1.0277495232624803	-1.8188452164157514	230.0	27	1.05	0.95				
	219	1	72.87864002	14.89784354	0.0	0.0	2	1.0231573997575034	-4.427744228366372	230.0	25	1.05	0.95				
	220	1	51.53848576	10.46875492	0.0	0.0	2	1.0244503988167002	-4.56868385836881	230.0	25	1.05	0.95				
	221	2	0.0	0.0	0.0	0.0	2	1.0299453477675278	-1.204743018210368	230.0	27	1.05	0.95				
	222	2	0.0	0.0	0.0	0.0	2	1.05	5.1851818608827625	230.0	27	1.05	0.95				
	223	2	0.0	0.0	0.0	0.0	2	1.0255823073403376	-4.334897743167175	230.0	25	1.05	0.95				
	224	1	0.0	0.0	0.0	0.0	2	1.0079369412084795	-6.313304767947858	230.0	26	1.05	0.95				
	301	2	65.36032901052633	13.314141094736842	0.0	0.0	3	0.9933887243166593	-3.695379087039771	138.0	31	1.05	0.95				
	302	2	58.703258463157894	12.103764631578949	0.0	0.0	3	0.9933255647992313	-3.737828628133368	138.0	32	1.05	0.95				
	303	1	108.93388168421055	22.391964568421056	0.0	0.0	3	1.0159033363135963	-0.44355186331204277	138.0	31	1.05	0.95				
	304	1	44.78392913684211	9.077823473684212	0.0	0.0	3	1.0004310653515127	-1.6239937900969232	138.0	31	1.05	0.95				
	305	1	42.96836444210526	8.472635242105264	0.0	0.0	3	1.012311858809932	-1.7603284183936965	138.0	31	1.05	0.95				
	306	1	82.30559949473685	16.94527048421053	0.0	-100.0	3	1.031140951438105	-1.3631404612349702	138.0	32	1.05	0.95				
	307	2	75.64852894736842	15.129705789473686	0.0	0.0	3	0.9901523777908288	-5.368176463403614	138.0	32	1.05	0.95				
	308	1	103.4871876	21.181588105263156	0.0	0.0	3	0.9997850880824737	-2.6403456541998716	138.0	32	1.05	0.95				
	309	1	105.9079405263158	21.786776336842106	0.0	0.0	3	1.027830495066928	2.5575228017613028	138.0	33	1.05	0.95				
	310	1	118.01170515789474	24.207529263157898	0.0	0.0	3	1.05	2.099142506888111	138.0	33	1.05	0.95				
	311	1	0.0	0.0	0.0	0.0	3	1.0181310130649175	8.332713514537303	230.0	33	1.05	0.95				
	312	1	0.0	0.0	0.0	0.0	3	1.0232588014622683	10.010444574241362	230.0	33	1.05	0.95				
	313	2	160.37488136842106	32.680164505263164	0.0	0.0	3	1.0453392480871724	17.056420873091312	230.0	34	1.05	0.95				
	314	2	117.40651692631579	23.60234103157895	0.0	0.0	3	1.0198964436026625	6.516079145371	230.0	36	1.05	0.95				
	315	2	191.8446694105263	38.732046821052634	0.0	0.0	3	1.0330227651550172	1.0801586336711808	230.0	36	1.05	0.95				
	316	2	60.518823157894744	12.103764631578949	0.0	0.0	3	1.0349953140446182	2.4794094334048964	230.0	36	1.05	0.95				
	317	1	0.0	0.0	0.0	0.0	3	1.0372402429738747	1.412864916221261	230.0	37	1.05	0.95				
	318	2	201.5276811157895	41.15279974736843	0.0	0.0	3	1.0346299721246426	0.21284720479051203	230.0	37	1.05	0.95				
	319	1	109.53906991578948	22.391964568421056	0.0	0.0	3	1.034755076296255	5.82549395213547	230.0	35	1.05	0.95				
	320	1	77.46409364210527	15.734894021052634	0.0	0.0	3	1.0387334363381846	8.554808890409822	230.0	35	1.05	0.95				
	321	2	0.0	0.0	0.0	0.0	3	1.0361455974977198	1.0691906041045365	230.0	37	1.05	0.95				
	322	2	0.0	0.0	0.0	0.0	3	1.0498893253753305	5.511516920436736	230.0	37	1.05	0.95				
	323	2	0.0	0.0	0.0	0.0	3	1.0414704628225497	9.717623593319619	230.0	35	1.05	0.95				
	324	1	0.0	0.0	0.0	0.0	3	1.0240340153194918	2.2513982564924806	230.0	36	1.05	0.95				
	325	1	0.0	0.0	0.0	0.0	3	1.0424059007869921	9.907144397292798	230.0	35	1.05	0.95				
];

%% generator data
%    bus    Pg    Qg    Qmax    Qmin    Vg    mBase    status    Pmax    Pmin    Pc1    Pc2    Qc1min    Qc1max    Qc2min    Qc2max    ramp_agc    ramp_10    ramp_30    ramp_q    apf
