%% MATPOWER Case Format : Version 2
function mpc = RTS_GMLC
mpc.version = '2';

%%-----  Power Flow Data  -----%%
%% system MVA base
mpc.baseMVA = 100.0;
%% bus data
%    bus_i    type    Pd    Qd    Gs    Bs    area    Vm    Va    baseKV    zone    Vmax    Vmin
mpc.bus = [
	101	2	37.40722414484211	7.619990103578949	0.0	0.0	1	1.0233019440462796	1.6803461055528603	138.0	11	1.05	0.95				
	102	2	33.59722909305263	6.927263730526316	0.0	0.0	1	1.021158964246254	1.0679907798199764	138.0	12	1.05	0.95				
	103	1	62.345373574736854	12.815437901473686	0.0	0.0	1	1.0287805330393456	3.645657111118923	138.0	11	1.05	0.95				
	104	1	25.630875802947372	5.1954477978947375	0.0	0.0	1	1.0170944515537108	-0.9573506073826293	138.0	11	1.05	0.95				
	105	1	24.59178624336842	4.849084611368422	0.0	0.0	1	1.0320495503881415	-0.9706586146279316	138.0	11	1.05	0.95				
	106	1	47.105393367578955	9.698169222736844	0.0	-100.0	1	1.0452495995163664	-2.9480266341696484	138.0	12	1.05	0.95				
	107	2	43.29539831578948	8.659079663157895	0.0	0.0	1	0.9979829638153562	-11.491807483304024	138.0	12	1.05	0.95				
	108	1	59.228104896	12.122711528421053	0.0	0.0	1	1.0029324119061087	-8.449120598267209	138.0	12	1.05	0.95				
	109	1	60.61355764210526	12.469074714947368	0.0	0.0	1	1.023139562410364	-1.1741940597582223	138.0	13	1.05	0.95				
	110	1	67.54082137263158	13.854527461052632	0.0	0.0	1	1.05	-2.531973159226417	138.0	13	1.05	0.95				
	111	1	0.0	0.0	0.0	0.0	1	1.0033386130351103	1.1127808009489097	230.0	13	1.05	0.95				
	112	1	0.0	0.0	0.0	0.0	1	1.0085960977158444	-0.28423975155950204	230.0	13	1.05	0.95				
	113	3	91.78624442947368	18.703612072421056	0.0	0.0	1	0.996609693648908	-1.314259059902249e-30	230.0	14	1.05	0.95				
	114	2	67.19445818610527	13.508164274526315	0.0	0.0	1	1.0037136573097654	5.175925053438962	230.0	16	1.05	0.95				
	115	2	109.79713012884211	22.167243937684212	0.0	0.0	1	1.0386938994316117	14.88836028473204	230.0	16	1.05	0.95				
	116	2	34.63631865263158	6.927263730526316	0.0	0.0	1	1.03019282030631	12.873309826964258	230.0	16	1.05	0.95				
	117	1	0.0	0.0	0.0	0.0	1	1.037072927064138	18.939139643602612	230.0	17	1.05	0.95				
	118	2	115.33894111326317	23.552696683789478	0.0	0.0	1	1.0487102932800811	19.68495958738068	230.0	17	1.05	0.95				
	119	1	62.69173676126316	12.815437901473686	0.0	0.0	1	1.018365217220659	8.127060710281166	230.0	15	1.05	0.95				
	120	1	44.334487875368424	9.005442849684211	0.0	0.0	1	1.0153046400170096	4.635230459488084	230.0	15	1.05	0.95				
	121	2	0.0	0.0	0.0	0.0	1	1.05	21.23354275596217	230.0	17	1.05	0.95				
	122	2	0.0	0.0	0.0	0.0	1	1.05	37.763197280447024	230.0	17	1.05	0.95				
	123	2	0.0	0.0	0.0	0.0	1	1.0148911771509783	2.981575699791903	230.0	15	1.05	0.95				
	124	1	0.0	0.0	0.0	0.0	1	1.0209642671652246	10.673759794699288	230.0	16	1.05	0.95				
	201	2	48.976546509473685	9.97670391859649	0.0	0.0	2	1.0081346469451706	-21.565326100890626	138.0	21	1.05	0.95				
	202	2	43.98819455017543	9.06973083508772	0.0	0.0	2	1.0073186372662146	-21.907493608371666	138.0	22	1.05	0.95				
	203	1	81.62757751578947	16.77900204491228	0.0	0.0	2	1.011056866459456	-15.5194533280241	138.0	21	1.05	0.95				
	204	1	33.55800408982456	6.8022981263157885	0.0	0.0	2	1.0080614061912472	-21.438597730945204	138.0	21	1.05	0.95				
	205	1	32.197544464561396	6.348811584561403	0.0	0.0	2	1.0234208492188923	-22.073523827253354	138.0	21	1.05	0.95				
	206	1	61.67416967859649	12.697623169122807	0.0	-100.0	2	1.0395533739731428	-22.9143319773753	138.0	22	1.05	0.95				
	207	2	56.685817719298235	11.337163543859647	0.0	0.0	2	0.99028317865787	-28.34281418970025	138.0	22	1.05	0.95				
	208	1	77.54619863999999	15.872028961403506	0.0	0.0	2	0.9960293785839658	-26.2724554133835	138.0	22	1.05	0.95				
	209	1	79.36014480701753	16.32551550315789	0.0	0.0	2	1.0222502099056172	-19.174008301395762	138.0	23	1.05	0.95				
	210	1	88.42987564210524	18.13946167017544	0.0	0.0	2	1.05	-21.117952606758635	138.0	23	1.05	0.95				
	211	1	0.0	0.0	0.0	0.0	2	1.0106893276367994	-15.946789696521725	230.0	23	1.05	0.95				
	212	1	0.0	0.0	0.0	0.0	2	1.0151388512982744	-15.40246790642485	230.0	23	1.05	0.95				
	213	2	120.17393356491226	24.488273254736843	0.0	0.0	2	1.0133165835094575	-14.757737601527042	230.0	24	1.05	0.95				
	214	2	87.97638910035086	17.68597512842105	0.0	0.0	2	1.0134919586795124	-12.73448791100298	230.0	26	1.05	0.95				
	215	2	143.75523373614033	29.023138672280695	0.0	0.0	2	1.0250627249873348	-4.664884290282744	230.0	26	1.05	0.95				
	216	2	45.34865417543859	9.06973083508772	0.0	0.0	2	1.028667567510368	-5.432471931500204	230.0	26	1.05	0.95				
	217	1	0.0	0.0	0.0	0.0	2	1.0289562626334072	-2.9961092055429397	230.0	27	1.05	0.95				
	218	2	151.01101840421052	30.837084839298246	0.0	0.0	2	1.0284688806780726	-3.6390037623505784	230.0	27	1.05	0.95				
	219	1	82.08106405754386	16.77900204491228	0.0	0.0	2	1.035378068806988	-6.374499051483466	230.0	25	1.05	0.95				
	220	1	58.04627734456139	11.790650085614034	0.0	0.0	2	1.0444061465378287	-6.316109244538134	230.0	25	1.05	0.95				
	221	2	0.0	0.0	0.0	0.0	2	1.0306099531613078	-3.1721594107495834	230.0	27	1.05	0.95				
	222	2	0.0	0.0	0.0	0.0	2	1.05	3.3893923468005496	230.0	27	1.05	0.95				
	223	2	0.0	0.0	0.0	0.0	2	1.05	-5.952036127288192	230.0	25	1.05	0.95				
	224	1	0.0	0.0	0.0	0.0	2	1.006478767747426	-8.716636360944312	230.0	26	1.05	0.95				
	301	2	56.0329009768421	11.414109458245614	0.0	0.0	3	1.0357575775962988	8.266335767943051	138.0	31	1.05	0.95				
	302	2	50.3258462477193	10.376463143859649	0.0	0.0	3	1.0310315325898138	7.934005608269951	138.0	32	1.05	0.95				
	303	1	93.38816829473684	19.19645681614035	0.0	0.0	3	1.05	24.73857490403621	138.0	31	1.05	0.95				
	304	1	38.3929136322807	7.782347357894737	0.0	0.0	3	1.0123260631789266	9.800184106212948	138.0	31	1.05	0.95				
	305	1	36.83644416070175	7.263524200701754	0.0	0.0	3	1.0329939713879792	6.956187331983726	138.0	31	1.05	0.95				
	306	1	70.55994937824562	14.527048401403508	0.0	-100.0	3	1.0375819067083607	5.617066287012221	138.0	32	1.05	0.95				
	307	2	64.8528946491228	12.970578929824562	0.0	0.0	3	0.95	0.847542008276725	138.0	32	1.05	0.95				
	308	1	88.71875988	18.158810501754385	0.0	0.0	3	0.9657958632396622	3.2561288995490605	138.0	32	1.05	0.95				
	309	1	90.79405250877193	18.677633658947368	0.0	0.0	3	1.014552022877953	13.51337923818623	138.0	33	1.05	0.95				
	310	1	101.17051565263158	20.752926287719298	0.0	0.0	3	1.042622586830648	7.274644291770592	138.0	33	1.05	0.95				
	311	1	0.0	0.0	0.0	0.0	3	1.0002539580441039	12.01511439780982	230.0	33	1.05	0.95				
	312	1	0.0	0.0	0.0	0.0	3	1.0059875156806364	12.593151213871954	230.0	33	1.05	0.95				
	313	2	137.48813665614034	28.01645048842105	0.0	0.0	3	1.002134969489868	14.342760802403108	230.0	34	1.05	0.95				
	314	2	100.6516924954386	20.234103130526314	0.0	0.0	3	0.9944817324489033	11.720547304436366	230.0	36	1.05	0.95				
	315	2	164.46694083017545	33.204682060350876	0.0	0.0	3	1.0459650139441612	14.661231423632806	230.0	36	1.05	0.95				
	316	2	51.88231571929825	10.376463143859649	0.0	0.0	3	1.0295830501078616	14.456037213877343	230.0	36	1.05	0.95				
	317	1	0.0	0.0	0.0	0.0	3	1.05	18.256853909967724	230.0	37	1.05	0.95				
	318	2	172.76811134526315	35.27997468912281	0.0	0.0	3	1.0496294358790272	14.814352566057371	230.0	37	1.05	0.95				
	319	1	93.90699145192983	19.19645681614035	0.0	0.0	3	1.0200748371727801	13.574390610631319	230.0	35	1.05	0.95				
	320	1	66.40936412070175	13.489402087017544	0.0	0.0	3	1.0158737225491472	13.822869478485533	230.0	35	1.05	0.95				
	321	2	0.0	0.0	0.0	0.0	3	1.05	15.42533335349521	230.0	37	1.05	0.95				
	322	2	0.0	0.0	0.0	0.0	3	1.05	20.88474027493034	230.0	37	1.05	0.95				
	323	2	0.0	0.0	0.0	0.0	3	1.0146379792812554	14.36783776569363	230.0	35	1.05	0.95				
	324	1	0.0	0.0	0.0	0.0	3	1.0443433035131457	18.51510602608295	230.0	36	1.05	0.95				
	325	1	0.0	0.0	0.0	0.0	3	1.0166881507573633	14.975744564010421	230.0	35	1.05	0.95				
];
