%% MATPOWER Case Format : Version 2
function mpc = RTS_GMLC
mpc.version = '2';

%%-----  Power Flow Data  -----%%
%% system MVA base
mpc.baseMVA = 100.0;
%% bus data
%    bus_i    type    Pd    Qd    Gs    Bs    area    Vm    Va    baseKV    zone    Vmax    Vmin
mpc.bus = [
	101	2	37.714497771789475	7.682582879438596	0.0	0.0	1	1.033962497226022	3.351439952685729	138.0	11	1.05	0.95				
	102	2	33.87320633207017	6.984166254035087	0.0	0.0	1	1.0330916987035905	3.111098462675781	138.0	12	1.05	0.95				
	103	1	62.85749628631579	12.92070756996491	0.0	0.0	1	1.0288054964604967	1.0282432108242467	138.0	11	1.05	0.95				
	104	1	25.84141513992982	5.238124690526315	0.0	0.0	1	1.0225783608916406	-0.002266663451312482	138.0	11	1.05	0.95				
	105	1	24.793790201824557	4.888916377824561	0.0	0.0	1	1.0371613720632311	0.29679882102969274	138.0	11	1.05	0.95				
	106	1	47.49233052743859	9.777832755649122	0.0	-100.0	1	1.0476669668381806	-1.8222110218851004	138.0	12	1.05	0.95				
	107	2	43.65103908771929	8.730207817543858	0.0	0.0	1	1.0011341931746074	-6.690246306104129	138.0	12	1.05	0.95				
	108	1	59.714621472	12.2222909445614	0.0	0.0	1	1.0074156358111876	-5.542572802818243	138.0	12	1.05	0.95				
	109	1	61.11145472280701	12.571499257263156	0.0	0.0	1	1.0242806102969975	-1.1318342435143454	138.0	13	1.05	0.95				
	110	1	68.0956209768421	13.968332508070175	0.0	0.0	1	1.05	-1.6994726202101762	138.0	13	1.05	0.95				
	111	1	0.0	0.0	0.0	0.0	1	1.0006046605803471	0.13737922852148327	230.0	13	1.05	0.95				
	112	1	0.0	0.0	0.0	0.0	1	1.0057441999813808	0.4215835474804925	230.0	13	1.05	0.95				
	113	3	92.54020286596489	18.857248885894737	0.0	0.0	1	0.9894818024140709	-6.476153068260935e-30	230.0	14	1.05	0.95				
	114	2	67.74641266414034	13.619124195368421	0.0	0.0	1	0.9959928075718536	1.952044402086538	230.0	16	1.05	0.95				
	115	2	110.69903512645611	22.349332012912278	0.0	0.0	1	1.0321950784151332	6.641390951061364	230.0	16	1.05	0.95				
	116	2	34.920831270175434	6.984166254035087	0.0	0.0	1	1.0280645994258983	6.49878925897656	230.0	16	1.05	0.95				
	117	1	0.0	0.0	0.0	0.0	1	1.0371134340715982	8.421837753620862	230.0	17	1.05	0.95				
	118	2	116.2863681296842	23.746165263719295	0.0	0.0	1	1.0399024670115935	8.451170038469058	230.0	17	1.05	0.95				
	119	1	63.20670459901754	12.92070756996491	0.0	0.0	1	1.0218156519853359	5.5992736499665865	230.0	15	1.05	0.95				
	120	1	44.698664025824556	9.079416130245614	0.0	0.0	1	1.018450616367349	5.50233992602725	230.0	15	1.05	0.95				
	121	2	0.0	0.0	0.0	0.0	1	1.0437994980718888	9.282847164767507	230.0	17	1.05	0.95				
	122	2	0.0	0.0	0.0	0.0	1	1.05	15.916620764924975	230.0	17	1.05	0.95				
	123	2	0.0	0.0	0.0	0.0	1	1.0167889298060226	5.725468341021445	230.0	15	1.05	0.95				
	124	1	0.0	0.0	0.0	0.0	1	1.0230874529142227	4.529724307678279	230.0	16	1.05	0.95				
	201	2	39.303636063157896	8.006296235087719	0.0	0.0	2	1.0225765933142823	-6.781530695510275	138.0	21	1.05	0.95				
	202	2	35.30048794561404	7.278451122807017	0.0	0.0	2	1.0229749813624613	-6.71775881596624	138.0	22	1.05	0.95				
	203	1	65.50606010526316	13.46513457719298	0.0	0.0	2	1.0167592569907014	-5.9295854352629975	138.0	21	1.05	0.95				
	204	1	26.93026915438596	5.458838342105262	0.0	0.0	2	1.017405854708673	-7.939030320034035	138.0	21	1.05	0.95				
	205	1	25.83850148596491	5.094915785964912	0.0	0.0	2	1.032006719450041	-8.163667837901128	138.0	21	1.05	0.95				
	206	1	49.49346763508772	10.189831571929824	0.0	-100.0	2	1.0456772836947517	-9.309649042767564	138.0	22	1.05	0.95				
	207	2	45.49031951754385	9.098063903508772	0.0	0.0	2	0.9946596683376558	-14.333052077927336	138.0	22	1.05	0.95				
	208	1	62.23075709999999	12.73728946491228	0.0	0.0	2	1.002325712934632	-12.737511192544797	138.0	22	1.05	0.95				
	209	1	63.6864473245614	13.10121202105263	0.0	0.0	2	1.0225266579956254	-7.430427948530277	138.0	23	1.05	0.95				
	210	1	70.96489844736841	14.556902245614033	0.0	0.0	2	1.05	-8.388502761688757	138.0	23	1.05	0.95				
	211	1	0.0	0.0	0.0	0.0	2	1.0015320188284362	-5.110979377543393	230.0	23	1.05	0.95				
	212	1	0.0	0.0	0.0	0.0	2	1.006071562157941	-4.432003979046901	230.0	23	1.05	0.95				
	213	2	96.43947737719297	19.651818031578948	0.0	0.0	2	0.9944699184013207	-4.0394764852841245	230.0	24	1.05	0.95				
	214	2	70.60097589122807	14.192979689473685	0.0	0.0	2	0.9984891576995557	-3.099227150237729	230.0	26	1.05	0.95				
	215	2	115.36345029649122	23.291043592982454	0.0	0.0	2	1.01698811177528	1.9281716243004696	230.0	26	1.05	0.95				
	216	2	36.392255614035086	7.278451122807017	0.0	0.0	2	1.0182624628616457	1.933107114500008	230.0	26	1.05	0.95				
	217	1	0.0	0.0	0.0	0.0	2	1.0235994960335644	3.4862918346966785	230.0	27	1.05	0.95				
	218	2	121.18621119473683	24.74673381754386	0.0	0.0	2	1.0228766808762522	3.032933598586326	230.0	27	1.05	0.95				
	219	1	65.8699826614035	13.46513457719298	0.0	0.0	2	1.0193508149233081	1.781387453307698	230.0	25	1.05	0.95				
	220	1	46.58208718596491	9.461986459649124	0.0	0.0	2	1.0224321904032871	2.371466722340563	230.0	25	1.05	0.95				
	221	2	0.0	0.0	0.0	0.0	2	1.0245477982125533	3.472388739541202	230.0	27	1.05	0.95				
	222	2	0.0	0.0	0.0	0.0	2	1.0466389524937318	10.010368719549882	230.0	27	1.05	0.95				
	223	2	0.0	0.0	0.0	0.0	2	1.0245315229663687	2.9773168292818513	230.0	25	1.05	0.95				
	224	1	0.0	0.0	0.0	0.0	2	1.007059871364208	-1.0436607633765778	230.0	26	1.05	0.95				
	301	2	40.4871876	8.247390066666666	0.0	0.0	3	1.0095527013843184	-18.90347308590542	138.0	31	1.05	0.95				
	302	2	36.363492566666665	7.497627333333333	0.0	0.0	3	1.0095645994422258	-18.98662939186048	138.0	32	1.05	0.95				
	303	1	67.478646	13.870610566666667	0.0	0.0	3	1.0191513750185053	-14.72292831580028	138.0	31	1.05	0.95				
	304	1	27.741221133333333	5.6232205	0.0	0.0	3	1.0116760209815219	-17.716472190686655	138.0	31	1.05	0.95				
	305	1	26.616577033333332	5.248339133333333	0.0	0.0	3	1.0250140749858991	-18.29861242785007	138.0	31	1.05	0.95				
	306	1	50.98386586666667	10.496678266666667	0.0	-100.0	3	1.0423812559848187	-18.42636542449649	138.0	32	1.05	0.95				
	307	2	46.86017083333333	9.372034166666667	0.0	0.0	3	0.9941721970442213	-22.425205740006774	138.0	32	1.05	0.95				
	308	1	64.10471369999999	13.120847833333332	0.0	0.0	3	1.002048538555103	-20.779787781323485	138.0	32	1.05	0.95				
	309	1	65.60423916666667	13.495729200000001	0.0	0.0	3	1.0245685511499076	-15.132614896915001	138.0	33	1.05	0.95				
	310	1	73.1018665	14.995254666666666	0.0	0.0	3	1.05	-16.485061468811598	138.0	33	1.05	0.95				
	311	1	0.0	0.0	0.0	0.0	3	1.0035738091844355	-11.390771826951715	230.0	33	1.05	0.95				
	312	1	0.0	0.0	0.0	0.0	3	1.0084320011164656	-10.823536231343628	230.0	33	1.05	0.95				
	313	2	99.34356216666667	20.2435938	0.0	0.0	3	1.0068697665155804	-7.833969497144247	230.0	34	1.05	0.95				
	314	2	72.72698513333333	14.6203733	0.0	0.0	3	0.9985788490194419	-9.946563140343407	230.0	36	1.05	0.95				
	315	2	118.83739323333333	23.992407466666666	0.0	0.0	3	1.02150317153004	-6.563402230735741	230.0	36	1.05	0.95				
	316	2	37.48813666666667	7.497627333333333	0.0	0.0	3	1.0212044462188454	-5.672263390845089	230.0	36	1.05	0.95				
	317	1	0.0	0.0	0.0	0.0	3	1.0259321323390416	-4.655901045892552	230.0	37	1.05	0.95				
	318	2	124.8354951	25.491932933333334	0.0	0.0	3	1.025110827792725	-4.690954406370965	230.0	37	1.05	0.95				
	319	1	67.85352736666667	13.870610566666667	0.0	0.0	3	1.0189560615257751	-6.06440814640319	230.0	35	1.05	0.95				
	320	1	47.98481493333333	9.746915533333333	0.0	0.0	3	1.0192773129305068	-5.661474379094911	230.0	35	1.05	0.95				
	321	2	0.0	0.0	0.0	0.0	3	1.0260644595674862	-4.783262287286464	230.0	37	1.05	0.95				
	322	2	0.0	0.0	0.0	0.0	3	1.0393699078692964	-0.33726661789437673	230.0	37	1.05	0.95				
	323	2	0.0	0.0	0.0	0.0	3	1.0198651990175398	-5.14591434802767	230.0	35	1.05	0.95				
	324	1	0.0	0.0	0.0	0.0	3	1.0104194059563087	-9.642503257042259	230.0	36	1.05	0.95				
	325	1	0.0	0.0	0.0	0.0	3	1.0177270110772083	-3.9225987906254645	230.0	35	1.05	0.95				
];
