%% MATPOWER Case Format : Version 2
function mpc = RTS_GMLC
mpc.version = '2';

%%-----  Power Flow Data  -----%%
%% system MVA base
mpc.baseMVA = 100.0;
%% bus data
%    bus_i    type    Pd    Qd    Gs    Bs    area    Vm    Va    baseKV    zone    Vmax    Vmin
mpc.bus = [
	101	2	70.0450272	14.268431466666668	0.0	0.0	1	1.0324196917423374	-0.0469081154749048	138.0	11	1.05	0.95				
	102	2	62.91081146666667	12.971301333333335	0.0	0.0	1	1.0324662917135528	-0.0794605429971691	138.0	12	1.05	0.95				
	103	1	116.741712	23.996907466666666	0.0	0.0	1	1.0225252986779663	-1.7496950734591652	138.0	11	1.05	0.95				
	104	1	47.99381493333333	9.728476	0.0	0.0	1	1.017819676594458	-3.1785610186188022	138.0	11	1.05	0.95				
	105	1	46.04811973333333	9.079910933333334	0.0	0.0	1	1.0325072869255283	-3.0867824180896566	138.0	11	1.05	0.95				
	106	1	88.20484906666668	18.159821866666668	0.0	-100.0	1	1.0390496903005888	-5.379843544180118	138.0	12	1.05	0.95				
	107	2	81.07063333333333	16.21412666666667	0.0	0.0	1	1.04680150285175	-0.8040343697732748	138.0	12	1.05	0.95				
	108	1	110.90462640000001	22.699777333333333	0.0	0.0	1	1.0264389664101452	-3.989990784014329	138.0	12	1.05	0.95				
	109	1	113.49888666666668	23.3483424	0.0	0.0	1	1.0264641601553135	-3.0891608094307426	138.0	13	1.05	0.95				
	110	1	126.47018800000001	25.94260266666667	0.0	0.0	1	1.05	-4.120305219929071	138.0	13	1.05	0.95				
	111	1	0.0	0.0	0.0	0.0	1	1.0098925970553252	-1.0383840281889662	230.0	13	1.05	0.95				
	112	1	0.0	0.0	0.0	0.0	1	1.014067674864991	-0.019665961123165914	230.0	13	1.05	0.95				
	113	3	171.86974266666667	35.0225136	0.0	0.0	1	1.0077062956416711	-8.63640538018211e-28	230.0	14	1.05	0.95				
	114	2	125.82162293333334	25.294037600000003	0.0	0.0	1	1.0082916310543637	0.7062430424641672	230.0	16	1.05	0.95				
	115	2	205.59512613333334	41.50816426666667	0.0	0.0	1	1.0422828992309554	7.1628338212086575	230.0	16	1.05	0.95				
	116	2	64.85650666666668	12.971301333333335	0.0	0.0	1	1.0396317189796096	7.042671356028948	230.0	16	1.05	0.95				
	117	1	0.0	0.0	0.0	0.0	1	1.045815709452839	9.388900641770224	230.0	17	1.05	0.95				
	118	2	215.97216720000003	44.10242453333334	0.0	0.0	1	1.0483209954740156	9.739422681699326	230.0	17	1.05	0.95				
	119	1	117.39027706666667	23.996907466666666	0.0	0.0	1	1.0348905664182413	6.512678780834429	230.0	15	1.05	0.95				
	120	1	83.01632853333334	16.862691733333335	0.0	0.0	1	1.0361970790733888	7.2871930950976385	230.0	15	1.05	0.95				
	121	2	0.0	0.0	0.0	0.0	1	1.05	9.961367029343565	230.0	17	1.05	0.95				
	122	2	0.0	0.0	0.0	0.0	1	1.05	16.267561560741363	230.0	17	1.05	0.95				
	123	2	0.0	0.0	0.0	0.0	1	1.0387068203159686	8.195468962868192	230.0	15	1.05	0.95				
	124	1	0.0	0.0	0.0	0.0	1	1.0236380100924896	3.8593025480175034	230.0	16	1.05	0.95				
	201	2	70.22634976421052	14.305367544561404	0.0	0.0	2	1.0330936835780167	-7.599126408037382	138.0	21	1.05	0.95				
	202	2	63.07366599192983	13.004879585964913	0.0	0.0	2	1.0331794714771658	-7.684015818250429	138.0	22	1.05	0.95				
	203	1	117.04391627368422	24.05902723403509	0.0	0.0	2	1.0280078715774517	-5.049308701588568	138.0	21	1.05	0.95				
	204	1	48.11805446807018	9.753659689473684	0.0	0.0	2	1.0179323632133686	-9.66843267338274	138.0	21	1.05	0.95				
	205	1	46.16732253017544	9.10341571017544	0.0	0.0	2	1.033160555439529	-10.022112326749996	138.0	21	1.05	0.95				
	206	1	88.43318118456142	18.20683142035088	0.0	-100.0	2	1.0395658902719551	-11.99481940597479	138.0	22	1.05	0.95				
	207	2	81.28049741228071	16.25609948245614	0.0	0.0	2	0.9821493426517829	-21.72789400581893	138.0	22	1.05	0.95				
	208	1	111.19172046000001	22.758539275438594	0.0	0.0	2	0.9828697391237324	-18.56918304853226	138.0	22	1.05	0.95				
	209	1	113.79269637719298	23.408783254736843	0.0	0.0	2	1.0255673635085465	-8.655626805390122	138.0	23	1.05	0.95				
	210	1	126.79757596315788	26.009759171929826	0.0	0.0	2	1.05	-10.425491732643225	138.0	23	1.05	0.95				
	211	1	0.0	0.0	0.0	0.0	2	1.0182776029941616	-4.603600218364559	230.0	23	1.05	0.95				
	212	1	0.0	0.0	0.0	0.0	2	1.018221948412544	-3.85931735582092	230.0	23	1.05	0.95				
	213	2	172.31465451403508	35.11317488210526	0.0	0.0	2	1.0229054582641883	-1.8691658776993334	230.0	24	1.05	0.95				
	214	2	126.14733198385966	25.359515192631584	0.0	0.0	2	1.027922430168971	-2.096672079629315	230.0	26	1.05	0.95				
	215	2	206.12734143754386	41.61561467508772	0.0	0.0	2	1.043092240311305	5.463707326817658	230.0	26	1.05	0.95				
	216	2	65.02439792982456	13.004879585964913	0.0	0.0	2	1.0453529207305756	5.3843213753257935	230.0	26	1.05	0.95				
	217	1	0.0	0.0	0.0	0.0	2	1.0477462325860643	8.682270404752224	230.0	27	1.05	0.95				
	218	2	216.5312451063158	44.21659059228071	0.0	0.0	2	1.0499982675243271	9.59962396830325	230.0	27	1.05	0.95				
	219	1	117.69416025298247	24.05902723403509	0.0	0.0	2	1.043039744655094	4.207005770862233	230.0	25	1.05	0.95				
	220	1	83.23122935017544	16.906343461754386	0.0	0.0	2	1.0465190977567163	4.403970072413772	230.0	25	1.05	0.95				
	221	2	0.0	0.0	0.0	0.0	2	1.05	9.935154636584425	230.0	27	1.05	0.95				
	222	2	0.0	0.0	0.0	0.0	2	1.05	15.95525591595094	230.0	27	1.05	0.95				
	223	2	0.0	0.0	0.0	0.0	2	1.05	4.985780302195115	230.0	25	1.05	0.95				
	224	1	0.0	0.0	0.0	0.0	2	1.0242986070539026	1.5432853961905266	230.0	26	1.05	0.95				
	301	2	56.0329009768421	11.414109458245614	0.0	0.0	3	1.007018466659067	-26.079131822939065	138.0	31	1.05	0.95				
	302	2	50.3258462477193	10.376463143859649	0.0	0.0	3	1.0064364529494076	-26.2082520078408	138.0	32	1.05	0.95				
	303	1	93.38816829473684	19.19645681614035	0.0	0.0	3	1.0221045718132484	-19.559842567629474	138.0	31	1.05	0.95				
	304	1	38.3929136322807	7.782347357894737	0.0	0.0	3	1.0079719356619161	-24.447335479958834	138.0	31	1.05	0.95				
	305	1	36.83644416070175	7.263524200701754	0.0	0.0	3	1.0214840734829425	-25.29538781712999	138.0	31	1.05	0.95				
	306	1	70.55994937824562	14.527048401403508	0.0	-100.0	3	1.0373613502912373	-25.450467849943266	138.0	32	1.05	0.95				
	307	2	64.8528946491228	12.970578929824562	0.0	0.0	3	0.9981913157265796	-28.662786636289088	138.0	32	1.05	0.95				
	308	1	88.71875988	18.158810501754385	0.0	0.0	3	1.0004254044460352	-27.406442842600686	138.0	32	1.05	0.95				
	309	1	90.79405250877193	18.677633658947368	0.0	0.0	3	1.0266549692596838	-20.890253039102415	138.0	33	1.05	0.95				
	310	1	101.17051565263158	20.752926287719298	0.0	0.0	3	1.05	-22.845411716115898	138.0	33	1.05	0.95				
	311	1	0.0	0.0	0.0	0.0	3	1.0139884426269599	-16.217618169167594	230.0	33	1.05	0.95				
	312	1	0.0	0.0	0.0	0.0	3	1.0145992174585257	-15.764673170344151	230.0	33	1.05	0.95				
	313	2	137.48813665614034	28.01645048842105	0.0	0.0	3	1.0180205020451443	-12.698567346043317	230.0	34	1.05	0.95				
	314	2	100.6516924954386	20.234103130526314	0.0	0.0	3	1.0225336101696316	-13.637864159177289	230.0	36	1.05	0.95				
	315	2	164.46694083017545	33.204682060350876	0.0	0.0	3	1.04623986318391	-7.230494542126042	230.0	36	1.05	0.95				
	316	2	51.88231571929825	10.376463143859649	0.0	0.0	3	1.0452511604634986	-6.910927564823066	230.0	36	1.05	0.95				
	317	1	0.0	0.0	0.0	0.0	3	1.047924647035167	-4.402190376926999	230.0	37	1.05	0.95				
	318	2	172.76811134526315	35.27997468912281	0.0	0.0	3	1.0487664836356392	-3.9125474995002394	230.0	37	1.05	0.95				
	319	1	93.90699145192983	19.19645681614035	0.0	0.0	3	1.0407500635093263	-8.17107196048832	230.0	35	1.05	0.95				
	320	1	66.40936412070175	13.489402087017544	0.0	0.0	3	1.0408745651431621	-8.288316796584013	230.0	35	1.05	0.95				
	321	2	0.0	0.0	0.0	0.0	3	1.05	-3.3745355486861834	230.0	37	1.05	0.95				
	322	2	0.0	0.0	0.0	0.0	3	1.05	1.9975482805909452	230.0	37	1.05	0.95				
	323	2	0.0	0.0	0.0	0.0	3	1.0418532496070736	-7.966520989335107	230.0	35	1.05	0.95				
	324	1	0.0	0.0	0.0	0.0	3	1.0216580131628212	-11.792787483662911	230.0	36	1.05	0.95				
	325	1	0.0	0.0	0.0	0.0	3	1.0364062138540606	-6.490187148885178	230.0	35	1.05	0.95				
];
