%% MATPOWER Case Format : Version 2
function mpc = RTS_GMLC
mpc.version = '2';

%%-----  Power Flow Data  -----%%
%% system MVA base
mpc.baseMVA = 100.0;
%% bus data
%    bus_i    type    Pd    Qd    Gs    Bs    area    Vm    Va    baseKV    zone    Vmax    Vmin
mpc.bus = [
	101	2	41.441860458947374	8.44186046385965	0.0	0.0	1	1.0045445948055225	-0.5662967761343183	138.0	11	1.05	0.95				
	102	2	37.22093022701755	7.674418603508773	0.0	0.0	1	1.0026313427631826	-1.1849884088968534	138.0	12	1.05	0.95				
	103	1	69.06976743157895	14.19767441649123	0.0	0.0	1	1.0212405477893638	3.0586428814098703	138.0	11	1.05	0.95				
	104	1	28.39534883298246	5.755813952631579	0.0	0.0	1	1.0084680263306267	-2.4760343984971667	138.0	11	1.05	0.95				
	105	1	27.244186042456143	5.372093022456141	0.0	0.0	1	1.02226056927689	-2.695131143717687	138.0	11	1.05	0.95				
	106	1	52.18604650385965	10.744186044912283	0.0	-100.0	1	1.0399744058760407	-4.407299238473002	138.0	12	1.05	0.95				
	107	2	47.96511627192983	9.593023254385965	0.0	0.0	1	0.9840011440394235	-11.610330779634722	138.0	12	1.05	0.95				
	108	1	65.61627906000001	13.43023255614035	0.0	0.0	1	0.9943706640521639	-9.009095696526655	138.0	12	1.05	0.95				
	109	1	67.15116278070175	13.81395348631579	0.0	0.0	1	1.0237963251253313	-1.9113966835882108	138.0	13	1.05	0.95				
	110	1	74.82558138421052	15.348837207017546	0.0	0.0	1	1.05	-3.563056884055923	138.0	13	1.05	0.95				
	111	1	0.0	0.0	0.0	0.0	1	1.0171266699571604	0.8785754313289165	230.0	13	1.05	0.95				
	112	1	0.0	0.0	0.0	0.0	1	1.0135607732692018	-0.604219758534828	230.0	13	1.05	0.95				
	113	3	101.68604649649123	20.720930229473687	0.0	0.0	1	0.997831328387028	-2.811865764755219e-30	230.0	14	1.05	0.95				
	114	2	74.4418604540351	14.965116276842108	0.0	0.0	1	1.0440801569477465	5.155763279912604	230.0	16	1.05	0.95				
	115	2	121.63953486561405	24.558139531228072	0.0	0.0	1	1.035594146674909	16.036780981033914	230.0	16	1.05	0.95				
	116	2	38.37209301754386	7.674418603508773	0.0	0.0	1	1.0356554008394803	13.754544740754344	230.0	16	1.05	0.95				
	117	1	0.0	0.0	0.0	0.0	1	1.0350407404753814	20.539720361292044	230.0	17	1.05	0.95				
	118	2	127.77906974842107	26.093023251929825	0.0	0.0	1	1.0449456589728927	21.45106234644044	230.0	17	1.05	0.95				
	119	1	69.4534883617544	14.19767441649123	0.0	0.0	1	1.032112494896953	8.620121493258782	230.0	15	1.05	0.95				
	120	1	49.116279062456144	9.976744184561404	0.0	0.0	1	1.0374650358241821	4.9094180409038195	230.0	15	1.05	0.95				
	121	2	0.0	0.0	0.0	0.0	1	1.039817726857262	23.284277091083872	230.0	17	1.05	0.95				
	122	2	0.0	0.0	0.0	0.0	1	1.05	41.27352068303354	230.0	17	1.05	0.95				
	123	2	0.0	0.0	0.0	0.0	1	1.0419679460421956	3.1730805355980265	230.0	15	1.05	0.95				
	124	1	0.0	0.0	0.0	0.0	1	1.0139112153390035	11.19024677843855	230.0	16	1.05	0.95				
	201	2	45.38957972210527	9.246025498947368	0.0	0.0	2	1.0067661203135416	-19.533581254647263	138.0	21	1.05	0.95				
	202	2	40.76656697263158	8.405477726315791	0.0	0.0	2	1.0059950599032972	-19.855842631529537	138.0	22	1.05	0.95				
	203	1	75.64929953684211	15.550133793684212	0.0	0.0	2	1.0101972771938508	-14.345499511585645	138.0	21	1.05	0.95				
	204	1	31.100267587368425	6.304108294736841	0.0	0.0	2	1.0082234362539297	-19.488683815402176	138.0	21	1.05	0.95				
	205	1	29.839445928421053	5.883834408421054	0.0	0.0	2	1.0231941373077764	-20.037369920905917	138.0	21	1.05	0.95				
	206	1	57.15724853894737	11.767668816842107	0.0	-100.0	2	1.040186897363903	-20.84565833544145	138.0	22	1.05	0.95				
	207	2	52.534235789473684	10.506847157894738	0.0	0.0	2	0.9896898149038159	-25.829394575275586	138.0	22	1.05	0.95				
	208	1	71.86683456	14.709586021052631	0.0	0.0	2	0.9971040102027875	-23.944048538152742	138.0	22	1.05	0.95				
	209	1	73.54793010526316	15.12985990736842	0.0	0.0	2	1.022297154340254	-17.4417106645035	138.0	23	1.05	0.95				
	210	1	81.95340783157896	16.810955452631582	0.0	0.0	2	1.05	-19.18155247636932	138.0	23	1.05	0.95				
	211	1	0.0	0.0	0.0	0.0	2	1.0092117178351514	-14.398583843431874	230.0	23	1.05	0.95				
	212	1	0.0	0.0	0.0	0.0	2	1.0144018044576009	-13.841937444820513	230.0	23	1.05	0.95				
	213	2	111.3725798736842	22.694789861052634	0.0	0.0	2	1.0094859038008255	-13.214264812465323	230.0	24	1.05	0.95				
	214	2	81.53313394526316	16.39068156631579	0.0	0.0	2	1.0114417268575895	-11.449783762951698	230.0	26	1.05	0.95				
	215	2	133.22682196210528	26.897528724210527	0.0	0.0	2	1.0281079949469956	-3.9808430789336327	230.0	26	1.05	0.95				
	216	2	42.02738863157895	8.405477726315791	0.0	0.0	2	1.0319330603786716	-4.784369130667241	230.0	26	1.05	0.95				
	217	1	0.0	0.0	0.0	0.0	2	1.035960240591958	-2.332317398224532	230.0	27	1.05	0.95				
	218	2	139.95120414315792	28.578624269473686	0.0	0.0	2	1.0344864311714521	-2.90517525570559	230.0	27	1.05	0.95				
	219	1	76.0695734231579	15.550133793684212	0.0	0.0	2	1.037612445526492	-5.5239746697691245	230.0	25	1.05	0.95				
	220	1	53.795057448421055	10.927121044210528	0.0	0.0	2	1.0452877912674265	-5.358518148519875	230.0	25	1.05	0.95				
	221	2	0.0	0.0	0.0	0.0	2	1.0349718958531022	-2.460597802027853	230.0	27	1.05	0.95				
	222	2	0.0	0.0	0.0	0.0	2	1.05	4.087884738414622	230.0	27	1.05	0.95				
	223	2	0.0	0.0	0.0	0.0	2	1.05	-4.95964972492954	230.0	25	1.05	0.95				
	224	1	0.0	0.0	0.0	0.0	2	1.0086277140806854	-7.833789908876345	230.0	26	1.05	0.95				
	301	2	47.935463456842115	9.764631444912283	0.0	0.0	3	1.0258931537531124	15.24668757260934	138.0	31	1.05	0.95				
	302	2	43.053147734385966	8.876937677192984	0.0	0.0	3	1.0230881769807856	14.897397967077051	138.0	32	1.05	0.95				
	303	1	79.89243909473684	16.422334702807017	0.0	0.0	3	1.05	30.154703611351948	138.0	31	1.05	0.95				
	304	1	32.844669405614034	6.657703257894737	0.0	0.0	3	1.011631856609058	16.089131419089615	138.0	31	1.05	0.95				
	305	1	31.513128754035087	6.213856374035089	0.0	0.0	3	1.0300297324303695	13.923330764270027	138.0	31	1.05	0.95				
	306	1	60.36317620491229	12.427712748070178	0.0	-100.0	3	1.0394550371687015	12.640680545751572	138.0	32	1.05	0.95				
	307	2	55.48086048245614	11.096172096491228	0.0	0.0	3	0.95	8.587001046332743	138.0	32	1.05	0.95				
	308	1	75.89781714	15.53464093508772	0.0	0.0	3	0.9702263474008147	10.531238405784721	138.0	32	1.05	0.95				
	309	1	77.6732046754386	15.978487818947368	0.0	0.0	3	1.0160210683594266	18.924419818736954	138.0	33	1.05	0.95				
	310	1	86.55014235263158	17.75387535438597	0.0	0.0	3	1.0447565237805827	14.00763224817459	138.0	33	1.05	0.95				
	311	1	0.0	0.0	0.0	0.0	3	1.003145174442439	18.06386819783562	230.0	33	1.05	0.95				
	312	1	0.0	0.0	0.0	0.0	3	1.0088729908539358	18.475177673326186	230.0	33	1.05	0.95				
	313	2	117.61942422280703	23.967731728421057	0.0	0.0	3	1.0058759560147645	20.334003190747627	230.0	34	1.05	0.95				
	314	2	86.10629546877193	17.31002847052632	0.0	0.0	3	0.9970740153359248	17.77704184607462	230.0	36	1.05	0.95				
	315	2	140.69946218350879	28.40620056701755	0.0	0.0	3	1.0462610010323545	20.236088341969154	230.0	36	1.05	0.95				
	316	2	44.384688385964914	8.876937677192984	0.0	0.0	3	1.0287879287674775	20.043555319255958	230.0	36	1.05	0.95				
	317	1	0.0	0.0	0.0	0.0	3	1.05	23.58109315489299	230.0	37	1.05	0.95				
	318	2	147.80101232526317	30.181588102456146	0.0	0.0	3	1.0498957018010842	19.945036289522402	230.0	37	1.05	0.95				
	319	1	80.3362859785965	16.422334702807017	0.0	0.0	3	1.0208478854193572	19.113934689393314	230.0	35	1.05	0.95				
	320	1	56.8124011340351	11.54001898035088	0.0	0.0	3	1.0171340636871786	19.174264358085335	230.0	35	1.05	0.95				
	321	2	0.0	0.0	0.0	0.0	3	1.05	20.712844254397343	230.0	37	1.05	0.95				
	322	2	0.0	0.0	0.0	0.0	3	1.05	26.18665921261012	230.0	37	1.05	0.95				
	323	2	0.0	0.0	0.0	0.0	3	1.0157607324154376	19.557020756466056	230.0	35	1.05	0.95				
	324	1	0.0	0.0	0.0	0.0	3	1.0445700928711257	24.029137427011275	230.0	36	1.05	0.95				
	325	1	0.0	0.0	0.0	0.0	3	1.0178203766805956	19.88746808202166	230.0	35	1.05	0.95				
];
