%% MATPOWER Case Format : Version 2
function mpc = RTS_GMLC
mpc.version = '2';

%%-----  Power Flow Data  -----%%
%% system MVA base
mpc.baseMVA = 100.0;
%% bus data
%    bus_i    type    Pd    Qd    Gs    Bs    area    Vm    Va    baseKV    zone    Vmax    Vmin
mpc.bus = [
	101	2	36.578921324210526	7.45126175122807	0.0	0.0	1	0.989371121794503	-5.524279756840034	138.0	11	1.05	0.95				
	102	2	32.85329044859649	6.773874319298246	0.0	0.0	1	0.9892236802638577	-5.695334823002008	138.0	12	1.05	0.95				
	103	1	60.96486887368421	12.531667490701754	0.0	0.0	1	1.0219833414379458	0.9967302109368154	138.0	11	1.05	0.95				
	104	1	25.063334981403507	5.080405739473684	0.0	0.0	1	1.0038082596938518	-4.9671835546644445	138.0	11	1.05	0.95				
	105	1	24.04725383350877	4.741712023508772	0.0	0.0	1	1.0154286368968357	-5.758944674304018	138.0	11	1.05	0.95				
	106	1	46.06234537122807	9.483424047017545	0.0	-100.0	1	1.0384331720257203	-6.329002065607703	138.0	12	1.05	0.95				
	107	2	42.33671449561404	8.467342899122807	0.0	0.0	1	0.985510322461643	-10.369009932948888	138.0	12	1.05	0.95				
	108	1	57.91662543	11.854280058771929	0.0	0.0	1	0.9982726484479375	-8.679630573222108	138.0	12	1.05	0.95				
	109	1	59.27140029385964	12.192973774736842	0.0	0.0	1	1.0252058920093672	-2.969525338032297	138.0	13	1.05	0.95				
	110	1	66.04527461315789	13.547748638596492	0.0	0.0	1	1.05	-4.88294595091695	138.0	13	1.05	0.95				
	111	1	0.0	0.0	0.0	0.0	1	1.0171854637307294	0.11464590534180628	230.0	13	1.05	0.95				
	112	1	0.0	0.0	0.0	0.0	1	1.012615798448376	-1.163704968164026	230.0	13	1.05	0.95				
	113	3	89.75383473070174	18.289460662105263	0.0	0.0	1	0.9950402490462368	-3.534623826346923e-28	230.0	14	1.05	0.95				
	114	2	65.70658089719298	13.20905492263158	0.0	0.0	1	1.0469398435839834	4.160054116560519	230.0	16	1.05	0.95				
	115	2	107.3659079608772	21.676397821754385	0.0	0.0	1	1.0419025261712875	14.002483721551032	230.0	16	1.05	0.95				
	116	2	33.86937159649123	6.773874319298246	0.0	0.0	1	1.0426473423692235	12.097303970421075	230.0	16	1.05	0.95				
	117	1	0.0	0.0	0.0	0.0	1	1.041030491589519	18.298949646754775	230.0	17	1.05	0.95				
	118	2	112.78500741631578	23.031172685614035	0.0	0.0	1	1.049897170359498	18.990578395884963	230.0	17	1.05	0.95				
	119	1	61.30356258964912	12.531667490701754	0.0	0.0	1	1.039268684086556	7.665136546291319	230.0	15	1.05	0.95				
	120	1	43.35279564350877	8.806036615087718	0.0	0.0	1	1.0426963745059528	4.463099977683444	230.0	15	1.05	0.95				
	121	2	0.0	0.0	0.0	0.0	1	1.0431581415250613	20.5142081703206	230.0	17	1.05	0.95				
	122	2	0.0	0.0	0.0	0.0	1	1.05	38.476283455707566	230.0	17	1.05	0.95				
	123	2	0.0	0.0	0.0	0.0	1	1.045551627459281	2.963894785675741	230.0	15	1.05	0.95				
	124	1	0.0	0.0	0.0	0.0	1	1.0180128097086745	9.170046433386045	230.0	16	1.05	0.95				
	201	2	38.30064536842105	7.801983315789474	0.0	0.0	2	1.0124740256044646	-15.325521548596654	138.0	21	1.05	0.95				
	202	2	34.399653710526316	7.092712105263159	0.0	0.0	2	1.0116325828144281	-15.612567461423518	138.0	22	1.05	0.95				
	203	1	63.83440894736842	13.121517394736843	0.0	0.0	2	1.0130965606834228	-11.467792846099467	138.0	21	1.05	0.95				
	204	1	26.243034789473686	5.319534078947368	0.0	0.0	2	1.0120429303605964	-15.413105472306384	138.0	21	1.05	0.95				
	205	1	25.179127973684214	4.964898473684211	0.0	0.0	2	1.0270484155588697	-15.826232718039257	138.0	21	1.05	0.95				
	206	1	48.23044231578948	9.929796947368422	0.0	-100.0	2	1.0434441660845455	-16.57486019131935	138.0	22	1.05	0.95				
	207	2	44.32945065789474	8.865890131578947	0.0	0.0	2	0.9953963388505711	-20.732557223568943	138.0	22	1.05	0.95				
	208	1	60.6426885	12.412246184210526	0.0	0.0	2	1.0029792959970412	-19.181842818365382	138.0	22	1.05	0.95				
	209	1	62.06123092105263	12.766881789473683	0.0	0.0	2	1.022007817666399	-13.771400064211267	138.0	23	1.05	0.95				
	210	1	69.15394302631579	14.185424210526318	0.0	0.0	2	1.05	-15.181480275598972	138.0	23	1.05	0.95				
	211	1	0.0	0.0	0.0	0.0	2	1.0042665021203114	-11.184306422820622	230.0	23	1.05	0.95				
	212	1	0.0	0.0	0.0	0.0	2	1.0068022932018468	-10.649332564858264	230.0	23	1.05	0.95				
	213	2	93.97843539473683	19.150322684210526	0.0	0.0	2	0.9973306776820534	-10.082744107535794	230.0	24	1.05	0.95				
	214	2	68.79930742105263	13.830788605263159	0.0	0.0	2	1.0057616967972882	-8.73260205957768	230.0	26	1.05	0.95				
	215	2	112.41948686842105	22.696678736842106	0.0	0.0	2	1.024178642958303	-2.3724938027375697	230.0	26	1.05	0.95				
	216	2	35.46356052631579	7.092712105263159	0.0	0.0	2	1.0256351968908402	-3.1536373542485303	230.0	26	1.05	0.95				
	217	1	0.0	0.0	0.0	0.0	2	1.0337557057984916	-0.9199556503080096	230.0	27	1.05	0.95				
	218	2	118.09365655263157	24.11522115789474	0.0	0.0	2	1.0325453524796713	-1.3286911774696732	230.0	27	1.05	0.95				
	219	1	64.18904455263159	13.121517394736843	0.0	0.0	2	1.0246869818537168	-3.584157134229727	230.0	25	1.05	0.95				
	220	1	45.39335747368421	9.220525736842106	0.0	0.0	2	1.0258643572676263	-3.2611773095906553	230.0	25	1.05	0.95				
	221	2	0.0	0.0	0.0	0.0	2	1.0326648119859787	-0.8792721392214725	230.0	27	1.05	0.95				
	222	2	0.0	0.0	0.0	0.0	2	1.05	5.600432340706647	230.0	27	1.05	0.95				
	223	2	0.0	0.0	0.0	0.0	2	1.0267860395555044	-2.808901137827682	230.0	25	1.05	0.95				
	224	1	0.0	0.0	0.0	0.0	2	1.008776898011749	-5.774462472144758	230.0	26	1.05	0.95				
	301	2	41.32426448842105	8.417905729122808	0.0	0.0	3	1.0124431806353553	10.274686010958622	138.0	31	1.05	0.95				
	302	2	37.11531162385965	7.652641571929824	0.0	0.0	3	1.012304506236838	10.000302751179444	138.0	32	1.05	0.95				
	303	1	68.87377414736842	14.157386908070174	0.0	0.0	3	1.0489428272950778	21.68932967535597	138.0	31	1.05	0.95				
	304	1	28.31477381614035	5.7394811789473685	0.0	0.0	3	1.0140454056446184	11.355890577631788	138.0	31	1.05	0.95				
	305	1	27.166877580350878	5.356849100350878	0.0	0.0	3	1.0265999677143216	9.070882869363382	138.0	31	1.05	0.95				
	306	1	52.03796268912281	10.713698200701756	0.0	-100.0	3	1.0426592081606252	7.929534698224321	138.0	32	1.05	0.95				
	307	2	47.8290098245614	9.56580196491228	0.0	0.0	3	0.9794466357700589	4.914235647380099	138.0	32	1.05	0.95				
	308	1	65.43008544	13.392122750877192	0.0	0.0	3	0.993377881839691	6.546095021819529	138.0	32	1.05	0.95				
	309	1	66.96061375438596	13.774754829473684	0.0	0.0	3	1.0269759439101949	14.033180005626638	138.0	33	1.05	0.95				
	310	1	74.61325532631578	15.305283143859649	0.0	0.0	3	1.05	9.102106974714072	138.0	33	1.05	0.95				
	311	1	0.0	0.0	0.0	0.0	3	1.0082934471997167	12.710318251931824	230.0	33	1.05	0.95				
	312	1	0.0	0.0	0.0	0.0	3	1.0138638623446683	12.709961720962093	230.0	33	1.05	0.95				
	313	2	101.39750082807018	20.662132244210525	0.0	0.0	3	1.0063106059801656	12.788134807478711	230.0	34	1.05	0.95				
	314	2	74.2306232477193	14.92265106526316	0.0	0.0	3	1.0019407753559242	13.910205218223755	230.0	36	1.05	0.95				
	315	2	121.29436891508772	24.48845303017544	0.0	0.0	3	1.0381670897955626	18.108261287919838	230.0	36	1.05	0.95				
	316	2	38.26320785964912	7.652641571929824	0.0	0.0	3	1.0316561863352711	17.80900122041247	230.0	36	1.05	0.95				
	317	1	0.0	0.0	0.0	0.0	3	1.05	22.710908317300035	230.0	37	1.05	0.95				
	318	2	127.41648217263158	26.018981344561404	0.0	0.0	3	1.0478437490337893	19.17232442330414	230.0	37	1.05	0.95				
	319	1	69.25640622596492	14.157386908070174	0.0	0.0	3	1.0240384638149342	16.171707155953495	230.0	35	1.05	0.95				
	320	1	48.97690606035088	9.948434043508772	0.0	0.0	3	1.0202488925778772	15.487014200970425	230.0	35	1.05	0.95				
	321	2	0.0	0.0	0.0	0.0	3	1.0454767741550435	19.49771628152353	230.0	37	1.05	0.95				
	322	2	0.0	0.0	0.0	0.0	3	1.05	25.101760258222367	230.0	37	1.05	0.95				
	323	2	0.0	0.0	0.0	0.0	3	1.0184725698710695	15.409083644850227	230.0	35	1.05	0.95				
	324	1	0.0	0.0	0.0	0.0	3	1.039383764113213	19.477903754373376	230.0	36	1.05	0.95				
	325	1	0.0	0.0	0.0	0.0	3	1.0201991975884095	15.856939443549074	230.0	35	1.05	0.95				
];
