%% MATPOWER Case Format : Version 2
function mpc = RTS_GMLC
mpc.version = '2';

%%-----  Power Flow Data  -----%%
%% system MVA base
mpc.baseMVA = 100.0;
%% bus data
%    bus_i    type    Pd    Qd    Gs    Bs    area    Vm    Va    baseKV    zone    Vmax    Vmin
mpc.bus = [
	101	2	71.67491340631578	14.60044532350877	0.0	0.0	1	1.0492651627425265	1.7972647038715421	138.0	11	1.05	0.95				
	102	2	64.3746907445614	13.273132112280702	0.0	0.0	1	1.048577213239465	1.5671905523361613	138.0	12	1.05	0.95				
	103	1	119.45818901052631	24.5552944077193	0.0	0.0	1	1.0278053916824639	-0.9489025501112945	138.0	11	1.05	0.95				
	104	1	49.1105888154386	9.954849084210524	0.0	0.0	1	1.0266610218518697	-2.0948299755154305	138.0	11	1.05	0.95				
	105	1	47.119618998596486	9.291192478596491	0.0	0.0	1	1.0400227054939106	-2.3455431043172954	138.0	11	1.05	0.95				
	106	1	90.25729836350878	18.582384957192982	0.0	-100.0	1	1.041737946521879	-5.322999308424035	138.0	12	1.05	0.95				
	107	2	82.95707570175438	16.591415140350875	0.0	0.0	1	1.0194143063147134	-6.530161335948856	138.0	12	1.05	0.95				
	108	1	113.48527955999998	23.227981196491225	0.0	0.0	1	1.009896792841492	-7.54752849163228	138.0	12	1.05	0.95				
	109	1	116.13990598245614	23.89163780210526	0.0	0.0	1	1.0260290544540254	-3.4280805160727703	138.0	13	1.05	0.95				
	110	1	129.41303809473683	26.546264224561405	0.0	0.0	1	1.05	-4.535998323993001	138.0	13	1.05	0.95				
	111	1	0.0	0.0	0.0	0.0	1	1.0099722956470238	-1.3990471864836505	230.0	13	1.05	0.95				
	112	1	0.0	0.0	0.0	0.0	1	1.0135680456631675	-0.575481203092385	230.0	13	1.05	0.95				
	113	3	175.86900048771926	35.83745670315789	0.0	0.0	1	1.00750581333687	8.712834801590703e-30	230.0	14	1.05	0.95				
	114	2	128.7493814891228	25.882607618947368	0.0	0.0	1	1.0089597345908923	0.045159604948129026	230.0	16	1.05	0.95				
	115	2	210.3791439796491	42.474022759298244	0.0	0.0	1	1.0399442558889556	6.44777334708079	230.0	16	1.05	0.95				
	116	2	66.3656605614035	13.273132112280702	0.0	0.0	1	1.0369623596618727	6.0979209118972	230.0	16	1.05	0.95				
	117	1	0.0	0.0	0.0	0.0	1	1.042446118140398	8.303615894594907	230.0	17	1.05	0.95				
	118	2	220.99764966947367	45.12864918175439	0.0	0.0	1	1.0442845247139991	8.456109666656344	230.0	17	1.05	0.95				
	119	1	120.12184561614035	24.5552944077193	0.0	0.0	1	1.0310716229561647	5.296933767087135	230.0	15	1.05	0.95				
	120	1	84.94804551859649	17.255071745964912	0.0	0.0	1	1.030839591737498	5.544933847117366	230.0	15	1.05	0.95				
	121	2	0.0	0.0	0.0	0.0	1	1.0475674865390128	9.795132454420383	230.0	17	1.05	0.95				
	122	2	0.0	0.0	0.0	0.0	1	1.05	16.094890902159705	230.0	17	1.05	0.95				
	123	2	0.0	0.0	0.0	0.0	1	1.0324229364860786	6.181630253169887	230.0	15	1.05	0.95				
	124	1	0.0	0.0	0.0	0.0	1	1.0257957445793677	3.688062482137925	230.0	16	1.05	0.95				
	201	2	65.04139777263158	13.249173620350877	0.0	0.0	2	1.0305546139022086	-8.213387187078471	138.0	21	1.05	0.95				
	202	2	58.41681096245613	12.044703291228071	0.0	0.0	2	1.0309526936777083	-8.197876383148449	138.0	22	1.05	0.95				
	203	1	108.40232962105263	22.28270108877193	0.0	0.0	2	1.021566042978835	-7.046538671592928	138.0	21	1.05	0.95				
	204	1	44.56540217754386	9.03352746842105	0.0	0.0	2	1.0175658850367955	-10.00051057244544	138.0	21	1.05	0.95				
	205	1	42.75869668385964	8.43129230385965	0.0	0.0	2	1.0326591326895271	-10.250008804765375	138.0	21	1.05	0.95				
	206	1	81.90398238035088	16.8625846077193	0.0	-100.0	2	1.0405795965844942	-11.949207572249724	138.0	22	1.05	0.95				
	207	2	75.27939557017544	15.055879114035086	0.0	0.0	2	0.989541268786196	-20.928835381206863	138.0	22	1.05	0.95				
	208	1	102.98221314	21.07823075964912	0.0	0.0	2	0.9894472936589178	-18.034923077362077	138.0	22	1.05	0.95				
	209	1	105.39115379824563	21.680465924210523	0.0	0.0	2	1.024952961212114	-9.02528676087606	138.0	23	1.05	0.95				
	210	1	117.43585708947369	24.089406582456142	0.0	0.0	2	1.05	-10.404379114847941	138.0	23	1.05	0.95				
	211	1	0.0	0.0	0.0	0.0	2	1.0134076680084698	-5.896949306856366	230.0	23	1.05	0.95				
	212	1	0.0	0.0	0.0	0.0	2	1.0164068243803348	-2.9890698354684266	230.0	23	1.05	0.95				
	213	2	159.59231860877193	32.52069888631579	0.0	0.0	2	1.0127317042244057	-4.113229465435139	230.0	24	1.05	0.95				
	214	2	116.83362192491226	23.487171417894736	0.0	0.0	2	1.018818457599539	-3.6027399503435213	230.0	26	1.05	0.95				
	215	2	190.9085471659649	38.54305053192982	0.0	0.0	2	1.0360090893651468	3.439892709199831	230.0	26	1.05	0.95				
	216	2	60.223516456140345	12.044703291228071	0.0	0.0	2	1.0370860857686597	3.3123948501766147	230.0	26	1.05	0.95				
	217	1	0.0	0.0	0.0	0.0	2	1.041044254598414	5.886943500816982	230.0	27	1.05	0.95				
	218	2	200.54430979894735	40.95199119017544	0.0	0.0	2	1.0423256212466954	6.344011903203811	230.0	27	1.05	0.95				
	219	1	109.00456478561402	22.28270108877193	0.0	0.0	2	1.0354878532683818	2.77008782438788	230.0	25	1.05	0.95				
	220	1	77.08610106385964	15.658114278596491	0.0	0.0	2	1.0389665679981201	3.446051641725206	230.0	25	1.05	0.95				
	221	2	0.0	0.0	0.0	0.0	2	1.0421840652212464	6.130777840992862	230.0	27	1.05	0.95				
	222	2	0.0	0.0	0.0	0.0	2	1.05	12.539521714796923	230.0	27	1.05	0.95				
	223	2	0.0	0.0	0.0	0.0	2	1.042399508989174	4.261921970572492	230.0	25	1.05	0.95				
	224	1	0.0	0.0	0.0	0.0	2	1.0175771360626795	-0.47265535361368327	230.0	26	1.05	0.95				
	301	2	84.5618475031579	17.225561528421053	0.0	0.0	3	0.981580647518771	-17.057357403815125	138.0	31	1.05	0.95				
	302	2	75.94906673894737	15.659601389473687	0.0	0.0	3	0.9822607696735431	-17.308258839926793	138.0	32	1.05	0.95				
	303	1	140.93641250526318	28.970262570526316	0.0	0.0	3	0.9968114113678075	-10.548941990005007	138.0	31	1.05	0.95				
	304	1	57.94052514105263	11.744701042105262	0.0	0.0	3	0.9733064819853574	-14.87609338132003	138.0	31	1.05	0.95				
	305	1	55.59158493263158	10.96172097263158	0.0	0.0	3	0.986424447413374	-15.224260692575136	138.0	31	1.05	0.95				
	306	1	106.48528944842106	21.92344194526316	0.0	-100.0	3	0.9958689331082042	-15.09493680582385	138.0	32	1.05	0.95				
	307	2	97.87250868421053	19.574501736842105	0.0	0.0	3	0.95	-21.36982732915632	138.0	32	1.05	0.95				
	308	1	133.88959188	27.404302431578948	0.0	0.0	3	0.9525098693258857	-18.122580705119464	138.0	32	1.05	0.95				
	309	1	137.02151215789476	28.18728250105263	0.0	0.0	3	0.9965812031715927	-9.486936046064653	138.0	33	1.05	0.95				
	310	1	152.68111354736843	31.319202778947375	0.0	0.0	3	1.0159027642502456	-10.702859792909365	138.0	33	1.05	0.95				
	311	1	0.0	0.0	0.0	0.0	3	0.9949274548346261	-1.7931404384402623	230.0	33	1.05	0.95				
	312	1	0.0	0.0	0.0	0.0	3	0.9958297412321483	-0.7231282521568566	230.0	33	1.05	0.95				
	313	2	207.4897184105263	42.28092375157895	0.0	0.0	3	1.0219095024397504	5.856006381556972	230.0	34	1.05	0.95				
	314	2	151.89813347789473	30.536222709473687	0.0	0.0	3	1.0109852022820969	-0.5443827737616342	230.0	36	1.05	0.95				
	315	2	248.20468202315791	50.11072444631579	0.0	0.0	3	1.0471844540158262	-0.36857769997494055	230.0	36	1.05	0.95				
	316	2	78.29800694736842	15.659601389473687	0.0	0.0	3	1.0447339482812434	0.9014390817168165	230.0	36	1.05	0.95				
	317	1	0.0	0.0	0.0	0.0	3	1.047267954656748	1.5122937844701407	230.0	37	1.05	0.95				
	318	2	260.7323631347369	53.24264472421053	0.0	0.0	3	1.0461153051983108	1.0475289051070706	230.0	37	1.05	0.95				
	319	1	141.71939257473684	28.970262570526316	0.0	0.0	3	1.0363485791512719	1.7986718894843647	230.0	35	1.05	0.95				
	320	1	100.22144889263159	20.357481806315793	0.0	0.0	3	1.0331921324470814	2.8143986549065105	230.0	35	1.05	0.95				
	321	2	0.0	0.0	0.0	0.0	3	1.05	1.9868763988105287	230.0	37	1.05	0.95				
	322	2	0.0	0.0	0.0	0.0	3	1.05	6.144859042968191	230.0	37	1.05	0.95				
	323	2	0.0	0.0	0.0	0.0	3	1.0323183741399975	3.3381513446292637	230.0	35	1.05	0.95				
	324	1	0.0	0.0	0.0	0.0	3	1.0179929806286008	-2.2285111739336725	230.0	36	1.05	0.95				
	325	1	0.0	0.0	0.0	0.0	3	1.0328340717215	3.89051244742904	230.0	35	1.05	0.95				
];
