%% MATPOWER Case Format : Version 2
function mpc = RTS_GMLC
mpc.version = '2';

%%-----  Power Flow Data  -----%%
%% system MVA base
mpc.baseMVA = 100.0;
%% bus data
%    bus_i    type    Pd    Qd    Gs    Bs    area    Vm    Va    baseKV    zone    Vmax    Vmin
mpc.bus = [
	101	2	68.06778821052633	13.865660561403509	0.0	0.0	1	1.0310475501317438	-1.2237806337896686	138.0	11	1.05	0.95				
	102	2	61.134957929824566	12.605145964912282	0.0	0.0	1	1.0305565317512067	-1.3966644016212575	138.0	12	1.05	0.95				
	103	1	113.44631368421054	23.31952003508772	0.0	0.0	1	1.023786850721212	-1.325542341922076	138.0	11	1.05	0.95				
	104	1	46.63904007017544	9.45385947368421	0.0	0.0	1	1.0171585177247804	-4.115662876803197	138.0	11	1.05	0.95				
	105	1	44.7482681754386	8.823602175438598	0.0	0.0	1	1.0321287399397194	-4.131296587185147	138.0	11	1.05	0.95				
	106	1	85.71499256140352	17.647204350877196	0.0	-100.0	1	1.0392425722442786	-6.370542067122055	138.0	12	1.05	0.95				
	107	2	78.78216228070175	15.75643245614035	0.0	0.0	1	1.0263742908625575	-6.310007297576673	138.0	12	1.05	0.95				
	108	1	107.773998	22.05900543859649	0.0	0.0	1	1.0150767751734233	-7.496072426312148	138.0	12	1.05	0.95				
	109	1	110.29502719298246	22.689262736842107	0.0	0.0	1	1.0259305415648186	-3.7808698941627594	138.0	13	1.05	0.95				
	110	1	122.90017315789474	25.210291929824564	0.0	0.0	1	1.05	-5.08297703330015	138.0	13	1.05	0.95				
	111	1	0.0	0.0	0.0	0.0	1	1.0112241053564712	-1.0271869510572433	230.0	13	1.05	0.95				
	112	1	0.0	0.0	0.0	0.0	1	1.0139637878457362	-0.6815629731026748	230.0	13	1.05	0.95				
	113	3	167.01818403508773	34.033894105263165	0.0	0.0	1	1.00884690623565	2.786366441346815e-29	230.0	14	1.05	0.95				
	114	2	122.26991585964913	24.580034631578947	0.0	0.0	1	1.0141505332476388	1.5458738612290712	230.0	16	1.05	0.95				
	115	2	199.79156354385964	40.3364670877193	0.0	0.0	1	1.0449574851129662	9.577227678972994	230.0	16	1.05	0.95				
	116	2	63.0257298245614	12.605145964912282	0.0	0.0	1	1.0418411223524362	8.936661600862644	230.0	16	1.05	0.95				
	117	1	0.0	0.0	0.0	0.0	1	1.0435935173566142	12.602332756122147	230.0	17	1.05	0.95				
	118	2	209.87568031578948	42.85749628070176	0.0	0.0	1	1.0485982798497708	12.47826181641597	230.0	17	1.05	0.95				
	119	1	114.07657098245613	23.31952003508772	0.0	0.0	1	1.0347315807405424	6.961319512084195	230.0	15	1.05	0.95				
	120	1	80.6729341754386	16.386689754385966	0.0	0.0	1	1.034340776266972	6.436639410632177	230.0	15	1.05	0.95				
	121	2	0.0	0.0	0.0	0.0	1	1.05	13.832402724609839	230.0	17	1.05	0.95				
	122	2	0.0	0.0	0.0	0.0	1	1.05	28.53111356890546	230.0	17	1.05	0.95				
	123	2	0.0	0.0	0.0	0.0	1	1.0355413368833095	6.620628002928774	230.0	15	1.05	0.95				
	124	1	0.0	0.0	0.0	0.0	1	1.0233785911018862	5.534679353433752	230.0	16	1.05	0.95				
	201	2	62.91641743578948	12.816307255438597	0.0	0.0	2	1.0325717340028142	-11.225404892432557	138.0	21	1.05	0.95				
	202	2	56.50826380807017	11.651188414035088	0.0	0.0	2	1.0327443848746614	-11.299365269695862	138.0	22	1.05	0.95				
	203	1	104.8606957263158	21.554698565964912	0.0	0.0	2	1.0232928218819022	-9.315062747731172	138.0	21	1.05	0.95				
	204	1	43.109397131929825	8.738391310526316	0.0	0.0	2	1.0181666892892036	-13.540388408968058	138.0	21	1.05	0.95				
	205	1	41.36171886982456	8.155831889824562	0.0	0.0	2	1.0337252712403426	-13.811050069362773	138.0	21	1.05	0.95				
	206	1	79.22808121543859	16.311663779649123	0.0	-100.0	2	1.0413205018756937	-15.814913501841179	138.0	22	1.05	0.95				
	207	2	72.81992758771929	14.563985517543859	0.0	0.0	2	0.9878957333403791	-24.609810538756673	138.0	22	1.05	0.95				
	208	1	99.61766094	20.3895797245614	0.0	0.0	2	0.9892182239364529	-21.827566818799646	138.0	22	1.05	0.95				
	209	1	101.94789862280702	20.972139145263156	0.0	0.0	2	1.0240026454493507	-13.008936212855701	138.0	23	1.05	0.95				
	210	1	113.59908703684209	23.302376828070177	0.0	0.0	2	1.05	-14.591738686147103	138.0	23	1.05	0.95				
	211	1	0.0	0.0	0.0	0.0	2	1.0143817330755927	-9.754236127308317	230.0	23	1.05	0.95				
	212	1	0.0	0.0	0.0	0.0	2	1.0140848670890863	-8.917953918513385	230.0	23	1.05	0.95				
	213	2	154.3782464859649	31.45820871789474	0.0	0.0	2	1.013550456140765	-8.558954383671251	230.0	24	1.05	0.95				
	214	2	113.01652761614034	22.71981740736842	0.0	0.0	2	1.0223587979384865	-6.740939634473465	230.0	26	1.05	0.95				
	215	2	184.67133636245615	37.28380292491228	0.0	0.0	2	1.036946328570521	1.2214169332340505	230.0	26	1.05	0.95				
	216	2	58.255942070175436	11.651188414035088	0.0	0.0	2	1.03938543601481	1.0562291059321687	230.0	26	1.05	0.95				
	217	1	0.0	0.0	0.0	0.0	2	1.0426703896407017	4.167905248567407	230.0	27	1.05	0.95				
	218	2	193.9922870936842	39.614040607719296	0.0	0.0	2	1.0439968644313455	4.52863855700267	230.0	27	1.05	0.95				
	219	1	105.44325514701754	21.554698565964912	0.0	0.0	2	1.0384398156874153	0.3236129093765823	230.0	25	1.05	0.95				
	220	1	74.56760584982456	15.146544938245615	0.0	0.0	2	1.0422457077111436	0.7917647390730999	230.0	25	1.05	0.95				
	221	2	0.0	0.0	0.0	0.0	2	1.0435217161523869	4.185636188478075	230.0	27	1.05	0.95				
	222	2	0.0	0.0	0.0	0.0	2	1.05	10.684660802950404	230.0	27	1.05	0.95				
	223	2	0.0	0.0	0.0	0.0	2	1.0456807512769037	1.4768648798997366	230.0	25	1.05	0.95				
	224	1	0.0	0.0	0.0	0.0	2	1.0187358200822056	-2.7130270370669103	230.0	26	1.05	0.95				
	301	2	63.39576084631579	12.913951283508771	0.0	0.0	3	1.0158980839301714	-14.513562744256788	138.0	31	1.05	0.95				
	302	2	56.93878520456139	11.739955712280702	0.0	0.0	3	1.014227193010157	-14.857231733498509	138.0	32	1.05	0.95				
	303	1	105.6596014105263	21.718918067719294	0.0	0.0	3	1.05	-0.0968135769045554	138.0	31	1.05	0.95				
	304	1	43.43783613543859	8.804966784210526	0.0	0.0	3	1.0096534932563752	-13.19318909792225	138.0	31	1.05	0.95				
	305	1	41.67684277859649	8.21796899859649	0.0	0.0	3	1.025494612702408	-15.14362204886833	138.0	31	1.05	0.95				
	306	1	79.83169884350878	16.43593799719298	0.0	-100.0	3	1.037332498975828	-16.15520593481985	138.0	32	1.05	0.95				
	307	2	73.37472320175438	14.674944640350876	0.0	0.0	3	0.9903950608212566	-22.586740210979013	138.0	32	1.05	0.95				
	308	1	100.37662133999999	20.544922496491225	0.0	0.0	3	0.9905720600363039	-19.776391800865625	138.0	32	1.05	0.95				
	309	1	102.72461248245612	21.13192028210526	0.0	0.0	3	1.0258971354665123	-9.429018084203687	138.0	33	1.05	0.95				
	310	1	114.46456819473683	23.479911424561404	0.0	0.0	3	1.05	-13.89509968984412	138.0	33	1.05	0.95				
	311	1	0.0	0.0	0.0	0.0	3	1.0174094237162397	-7.496397480655519	230.0	33	1.05	0.95				
	312	1	0.0	0.0	0.0	0.0	3	1.0178598676433714	-6.9748552353462205	230.0	33	1.05	0.95				
	313	2	155.55441318771926	31.697880423157894	0.0	0.0	3	1.0205702979204976	-4.554248719080412	230.0	34	1.05	0.95				
	314	2	113.87757040912278	22.89291363894737	0.0	0.0	3	1.025240102231349	-5.890267120829354	230.0	36	1.05	0.95				
	315	2	186.0782980396491	37.56785827929824	0.0	0.0	3	1.0478388128191707	0.07604679050652981	230.0	36	1.05	0.95				
	316	2	58.699778561403505	11.739955712280702	0.0	0.0	3	1.0447499134357718	-0.06939192595778641	230.0	36	1.05	0.95				
	317	1	0.0	0.0	0.0	0.0	3	1.05	3.628055138514377	230.0	37	1.05	0.95				
	318	2	195.47026260947368	39.91584942175439	0.0	0.0	3	1.046201909354806	2.440104523074433	230.0	37	1.05	0.95				
	319	1	106.24659919614035	21.718918067719294	0.0	0.0	3	1.0389741432451225	-1.416987498344408	230.0	35	1.05	0.95				
	320	1	75.13571655859649	15.26194242596491	0.0	0.0	3	1.038824729463736	-1.4813632477717877	230.0	35	1.05	0.95				
	321	2	0.0	0.0	0.0	0.0	3	1.0487782756556943	2.7665738616971054	230.0	37	1.05	0.95				
	322	2	0.0	0.0	0.0	0.0	3	1.05	7.450607548993501	230.0	37	1.05	0.95				
	323	2	0.0	0.0	0.0	0.0	3	1.0399880897782436	-1.0794779384370115	230.0	35	1.05	0.95				
	324	1	0.0	0.0	0.0	0.0	3	1.0444597852759934	0.020054062680153664	230.0	36	1.05	0.95				
	325	1	0.0	0.0	0.0	0.0	3	1.0364086659185345	0.1600861221781731	230.0	35	1.05	0.95				
];
