%% MATPOWER Case Format : Version 2
function mpc = RTS_GMLC
mpc.version = '2';

%%-----  Power Flow Data  -----%%
%% system MVA base
mpc.baseMVA = 100.0;
%% bus data
%    bus_i    type    Pd    Qd    Gs    Bs    area    Vm    Va    baseKV    zone    Vmax    Vmin
mpc.bus = [
	101	2	41.98960909894737	8.553438890526316	0.0	0.0	1	1.0118255385333994	-4.159336983815006	138.0	11	1.05	0.95				
	102	2	37.712889653684215	7.7758535368421065	0.0	0.0	1	1.0118273818673043	-4.371724007065716	138.0	12	1.05	0.95				
	103	1	69.98268183157896	14.385329043157896	0.0	0.0	1	1.0001640093649693	0.8598927055110898	138.0	11	1.05	0.95				
	104	1	28.77065808631579	5.831890152631579	0.0	0.0	1	1.0025094332395574	-4.172446657977558	138.0	11	1.05	0.95				
	105	1	27.60428005578947	5.443097475789474	0.0	0.0	1	1.0167712558239614	-5.21816171680024	138.0	11	1.05	0.95				
	106	1	52.87580405052632	10.886194951578949	0.0	-100.0	1	1.0275347181023284	-6.2875262934956915	138.0	12	1.05	0.95				
	107	2	48.59908460526316	9.719816921052631	0.0	0.0	1	0.9867250892741047	-9.97456637537589	138.0	12	1.05	0.95				
	108	1	66.48354774	13.607743689473683	0.0	0.0	1	0.9886507381000833	-8.73712427402778	138.0	12	1.05	0.95				
	109	1	68.03871844736842	13.99653636631579	0.0	0.0	1	1.002025404649261	-3.1335284668803713	138.0	13	1.05	0.95				
	110	1	75.81457198421053	15.551707073684213	0.0	0.0	1	1.0308871776648136	-5.005433147911045	138.0	13	1.05	0.95				
	111	1	0.0	0.0	0.0	0.0	1	0.9814958108021808	-0.4965594625843372	230.0	13	1.05	0.95				
	112	1	0.0	0.0	0.0	0.0	1	0.9829165546092065	-1.3622506821408134	230.0	13	1.05	0.95				
	113	3	103.0300593631579	20.994804549473685	0.0	0.0	1	0.9638170649655524	1.6595200864845972e-26	230.0	14	1.05	0.95				
	114	2	75.42577930736843	15.162914396842107	0.0	0.0	1	0.9900203633166865	2.7869975142021177	230.0	16	1.05	0.95				
	115	2	123.24727855894737	24.882731317894738	0.0	0.0	1	0.9882882112580127	11.745639410137613	230.0	16	1.05	0.95				
	116	2	38.879267684210525	7.7758535368421065	0.0	0.0	1	0.9876499793412127	10.132411871461716	230.0	16	1.05	0.95				
	117	1	0.0	0.0	0.0	0.0	1	0.9906633491399953	15.723715683529765	230.0	17	1.05	0.95				
	118	2	129.46796138842106	26.43790202526316	0.0	0.0	1	0.9976495028575441	16.39412784480707	230.0	17	1.05	0.95				
	119	1	70.37147450842106	14.385329043157896	0.0	0.0	1	0.988115614137006	6.425240409166457	230.0	15	1.05	0.95				
	120	1	49.765462635789476	10.108609597894738	0.0	0.0	1	0.9935486954262507	3.687171767431032	230.0	15	1.05	0.95				
	121	2	0.0	0.0	0.0	0.0	1	0.9976977023828808	17.785666575991684	230.0	17	1.05	0.95				
	122	2	0.0	0.0	0.0	0.0	1	1.0084601414423382	33.21264107401736	230.0	17	1.05	0.95				
	123	2	0.0	0.0	0.0	0.0	1	0.9975429844514456	2.5102857930306985	230.0	15	1.05	0.95				
	124	1	0.0	0.0	0.0	0.0	1	0.9798096446452033	7.577386296979051	230.0	16	1.05	0.95				
	201	2	42.49960647157896	8.657327244210528	0.0	0.0	2	1.010689083175084	-11.35275812136238	138.0	21	1.05	0.95				
	202	2	38.17094284947369	7.870297494736844	0.0	0.0	2	1.009657910711504	-11.518951742521027	138.0	22	1.05	0.95				
	203	1	70.83267745263159	14.56005036526316	0.0	0.0	2	0.9976306533333726	-8.570694275612789	138.0	21	1.05	0.95				
	204	1	29.12010073052632	5.902723121052632	0.0	0.0	2	1.0012895175650078	-10.551327766239618	138.0	21	1.05	0.95				
	205	1	27.939556106315795	5.509208246315791	0.0	0.0	2	1.0173832243210907	-10.923850494906985	138.0	21	1.05	0.95				
	206	1	53.51802296421053	11.018416492631582	0.0	-100.0	2	1.0292848714577518	-11.18223009361826	138.0	22	1.05	0.95				
	207	2	49.18935934210527	9.837871868421054	0.0	0.0	2	0.9719636395603984	-15.838500842845965	138.0	22	1.05	0.95				
	208	1	67.29104358000001	13.773020615789475	0.0	0.0	2	0.9808528586354865	-14.039624888986538	138.0	22	1.05	0.95				
	209	1	68.86510307894737	14.166535490526316	0.0	0.0	2	1.0062456843656977	-8.076353595475254	138.0	23	1.05	0.95				
	210	1	76.73540057368422	15.740594989473689	0.0	0.0	2	1.0338171965501217	-9.189321142742656	138.0	23	1.05	0.95				
	211	1	0.0	0.0	0.0	0.0	2	0.9869827873889571	-5.667854593409524	230.0	23	1.05	0.95				
	212	1	0.0	0.0	0.0	0.0	2	0.9878876270930941	-1.4643014500234393	230.0	23	1.05	0.95				
	213	2	104.28144180526317	21.24980323578948	0.0	0.0	2	0.9826347295523506	-3.192859588151599	230.0	24	1.05	0.95				
	214	2	76.34188569894738	15.347080114736844	0.0	0.0	2	0.9835881417992917	-4.723823972043327	230.0	26	1.05	0.95				
	215	2	124.74421529157895	25.184951983157898	0.0	0.0	2	0.9914981797809328	-0.6481680335972468	230.0	26	1.05	0.95				
	216	2	39.351487473684216	7.870297494736844	0.0	0.0	2	0.9896159980921804	-0.7864273337877246	230.0	26	1.05	0.95				
	217	1	0.0	0.0	0.0	0.0	2	1.0002510655064127	0.1312023510792503	230.0	27	1.05	0.95				
	218	2	131.04045328736845	26.759011482105265	0.0	0.0	2	1.0013017751763296	-0.41778342107440986	230.0	27	1.05	0.95				
	219	1	71.22619232736844	14.56005036526316	0.0	0.0	2	0.9825696118487095	0.27848504860838175	230.0	25	1.05	0.95				
	220	1	50.369903966315796	10.231386743157897	0.0	0.0	2	0.9796430238925987	2.0533419671156823	230.0	25	1.05	0.95				
	221	2	0.0	0.0	0.0	0.0	2	1.0035993667459955	0.05524265627726026	230.0	27	1.05	0.95				
	222	2	0.0	0.0	0.0	0.0	2	1.0208071067335343	4.6062504393825145	230.0	27	1.05	0.95				
	223	2	0.0	0.0	0.0	0.0	2	0.9792657415480266	3.3678602507482855	230.0	25	1.05	0.95				
	224	1	0.0	0.0	0.0	0.0	2	0.9841399476869391	-3.6661005600202463	230.0	26	1.05	0.95				
	301	2	46.62005695578947	9.49667826877193	0.0	0.0	3	1.0105100218569156	32.66128030178367	138.0	31	1.05	0.95				
	302	2	41.8717178214035	8.633343880701755	0.0	0.0	3	1.0109642158369325	32.36057976899153	138.0	32	1.05	0.95				
	303	1	77.70009492631578	15.971686179298244	0.0	0.0	3	1.0169504318869633	44.81146222983793	138.0	31	1.05	0.95				
	304	1	31.943372358596488	6.4750079105263145	0.0	0.0	3	1.0018235020783526	33.65946778524547	138.0	31	1.05	0.95				
	305	1	30.648370776491223	6.043340716491228	0.0	0.0	3	1.0189273774467889	31.959879390712334	138.0	31	1.05	0.95				
	306	1	58.70673838877193	12.086681432982456	0.0	-100.0	3	1.0315529974801554	31.034437310343854	138.0	32	1.05	0.95				
	307	2	53.95839925438596	10.791679850877193	0.0	0.0	3	0.968383685119684	28.854190496897093	138.0	32	1.05	0.95				
	308	1	73.81509018	15.108351791228067	0.0	0.0	3	0.9834849451124918	30.748361824542393	138.0	32	1.05	0.95				
	309	1	75.54175895614034	15.540018985263156	0.0	0.0	3	1.0079401912080836	36.56078217892696	138.0	33	1.05	0.95				
	310	1	84.1751028368421	17.26668776140351	0.0	0.0	3	1.0378047202866487	32.66770659900346	138.0	33	1.05	0.95				
	311	1	0.0	0.0	0.0	0.0	3	0.9906175716370152	35.90859694975382	230.0	33	1.05	0.95				
	312	1	0.0	0.0	0.0	0.0	3	0.9991057735268771	35.992207665814476	230.0	33	1.05	0.95				
	313	2	114.39180641929822	23.310028477894736	0.0	0.0	3	0.9971403440049036	38.36071825717936	230.0	34	1.05	0.95				
	314	2	83.743435642807	16.83502056736842	0.0	0.0	3	0.9752441849913177	35.167301336843316	230.0	36	1.05	0.95				
	315	2	136.83850050912278	27.626700418245616	0.0	0.0	3	0.9804370041710193	32.81027821413378	230.0	36	1.05	0.95				
	316	2	43.16671940350877	8.633343880701755	0.0	0.0	3	0.968806252411639	33.08591010612609	230.0	36	1.05	0.95				
	317	1	0.0	0.0	0.0	0.0	3	0.9851102047575325	34.0278069765307	230.0	37	1.05	0.95				
	318	2	143.7451756136842	29.353369194385966	0.0	0.0	3	0.9816363315319635	30.53083830800749	230.0	37	1.05	0.95				
	319	1	78.13176212035088	15.971686179298244	0.0	0.0	3	0.9783811586700436	32.963162232544505	230.0	35	1.05	0.95				
	320	1	55.25340083649123	11.22334704491228	0.0	0.0	3	0.9873169210910244	32.58382477591874	230.0	35	1.05	0.95				
	321	2	0.0	0.0	0.0	0.0	3	0.9899363795241894	31.7005250251005	230.0	37	1.05	0.95				
	322	2	0.0	0.0	0.0	0.0	3	1.00645688049349	35.056246657175436	230.0	37	1.05	0.95				
	323	2	0.0	0.0	0.0	0.0	3	0.9917549319108406	32.238926523547924	230.0	35	1.05	0.95				
	324	1	0.0	0.0	0.0	0.0	3	0.9924080265438369	38.66652471752949	230.0	36	1.05	0.95				
