%% MATPOWER Case Format : Version 2
function mpc = RTS_GMLC
mpc.version = '2';

%%-----  Power Flow Data  -----%%
%% system MVA base
mpc.baseMVA = 100.0;
%% bus data
%    bus_i    type    Pd    Qd    Gs    Bs    area    Vm    Va    baseKV    zone    Vmax    Vmin
mpc.bus = [
	101	2	39.31766450526315	8.009153880701755	0.0	0.0	1	1.0336523113603477	3.1690948558291816	138.0	11	1.05	0.95				
	102	2	35.31308756491228	7.28104898245614	0.0	0.0	1	1.0327482430853234	2.922098738512102	138.0	12	1.05	0.95				
	103	1	65.52944084210526	13.469940617543857	0.0	0.0	1	1.0304869587312104	1.1110087512327569	138.0	11	1.05	0.95				
	104	1	26.939881235087714	5.460786736842104	0.0	0.0	1	1.022388293270533	-0.1529373157054781	138.0	11	1.05	0.95				
	105	1	25.847723887719294	5.096734287719299	0.0	0.0	1	1.036816278277498	0.11596761096915004	138.0	11	1.05	0.95				
	106	1	49.511133080701754	10.193468575438597	0.0	-100.0	1	1.0471817775969192	-2.0148944083763305	138.0	12	1.05	0.95				
	107	2	45.506556140350874	9.101311228070175	0.0	0.0	1	1.0004261222060555	-6.639914509092936	138.0	12	1.05	0.95				
	108	1	62.2529688	12.741835719298244	0.0	0.0	1	1.006709703524361	-5.6026461253137185	138.0	12	1.05	0.95				
	109	1	63.70917859649122	13.105888168421052	0.0	0.0	1	1.0246733842249107	-1.1901711620636	138.0	13	1.05	0.95				
	110	1	70.99022757894737	14.56209796491228	0.0	0.0	1	1.05	-1.83114503133142	138.0	13	1.05	0.95				
	111	1	0.0	0.0	0.0	0.0	1	1.0015165141887263	0.1379152806685348	230.0	13	1.05	0.95				
	112	1	0.0	0.0	0.0	0.0	1	1.006412786346073	0.39945662484433325	230.0	13	1.05	0.95				
	113	3	96.47389901754386	19.658832252631576	0.0	0.0	1	0.9904165490643598	1.1696671741771955e-29	230.0	14	1.05	0.95				
	114	2	70.62617512982456	14.198045515789474	0.0	0.0	1	0.9978703510579813	2.043884500143853	230.0	16	1.05	0.95				
	115	2	115.40462637192981	23.299356743859647	0.0	0.0	1	1.037287260125055	7.2338150393057985	230.0	16	1.05	0.95				
	116	2	36.4052449122807	7.28104898245614	0.0	0.0	1	1.0319952037126319	6.791933651690258	230.0	16	1.05	0.95				
	117	1	0.0	0.0	0.0	0.0	1	1.0411091526947163	8.484922349429068	230.0	17	1.05	0.95				
	118	2	121.22946555789473	24.755566540350877	0.0	0.0	1	1.0442353696858209	8.438928185914884	230.0	17	1.05	0.95				
	119	1	65.89349329122807	13.469940617543857	0.0	0.0	1	1.024696949609361	5.786412357911776	230.0	15	1.05	0.95				
	120	1	46.598713487719294	9.465363677192983	0.0	0.0	1	1.020615207000047	5.620107380694866	230.0	15	1.05	0.95				
	121	2	0.0	0.0	0.0	0.0	1	1.048841060597212	9.226376449530598	230.0	17	1.05	0.95				
	122	2	0.0	0.0	0.0	0.0	1	1.05	15.65119790687821	230.0	17	1.05	0.95				
	123	2	0.0	0.0	0.0	0.0	1	1.018613853935289	5.81515967287504	230.0	15	1.05	0.95				
	124	1	0.0	0.0	0.0	0.0	1	1.0263977812946707	4.938727820866296	230.0	16	1.05	0.95				
	201	2	38.657642058947374	7.87470486385965	0.0	0.0	2	1.0248089801985145	-5.32155358801561	138.0	21	1.05	0.95				
	202	2	34.72028962701754	7.1588226035087725	0.0	0.0	2	1.0254623740774425	-5.141674487349322	138.0	22	1.05	0.95				
	203	1	64.42940343157895	13.243821816491227	0.0	0.0	2	1.0171538501173683	-5.4222600355113935	138.0	21	1.05	0.95				
	204	1	26.487643632982454	5.369116952631579	0.0	0.0	2	1.0185664785983473	-6.896106236398301	138.0	21	1.05	0.95				
	205	1	25.413820242456143	5.011175822456141	0.0	0.0	2	1.0331246336512798	-7.060168669309881	138.0	21	1.05	0.95				
	206	1	48.67999370385965	10.022351644912282	0.0	-100.0	2	1.0462685069166817	-8.366597267112764	138.0	22	1.05	0.95				
	207	2	44.74264127192983	8.948528254385964	0.0	0.0	2	0.9928555236009672	-13.547619475933038	138.0	22	1.05	0.95				
	208	1	61.207933260000004	12.52793955614035	0.0	0.0	2	1.0015248244968131	-11.991146474432272	138.0	22	1.05	0.95				
	209	1	62.63969778070175	12.88588068631579	0.0	0.0	2	1.022538688455193	-6.85323968192808	138.0	23	1.05	0.95				
	210	1	69.79852038421053	14.317645207017545	0.0	0.0	2	1.05	-7.668147453244185	138.0	23	1.05	0.95				
	211	1	0.0	0.0	0.0	0.0	2	1.0009094181148852	-4.723754693561619	230.0	23	1.05	0.95				
	212	1	0.0	0.0	0.0	0.0	2	1.0068631745796104	-4.136192283089311	230.0	23	1.05	0.95				
	213	2	94.85439949649123	19.328821029473687	0.0	0.0	2	0.9942956647503665	-3.82864402544294	230.0	24	1.05	0.95				
	214	2	69.44057925403509	13.959704076842105	0.0	0.0	2	0.9960519408308991	-2.816448188988926	230.0	26	1.05	0.95				
	215	2	113.46733826561403	22.90823233122807	0.0	0.0	2	1.01726500056747	2.0415695675345655	230.0	26	1.05	0.95				
	216	2	35.79411301754386	7.1588226035087725	0.0	0.0	2	1.0184597170950533	2.004502941996994	230.0	26	1.05	0.95				
	217	1	0.0	0.0	0.0	0.0	2	1.0241495199621835	3.584594352425495	230.0	27	1.05	0.95				
	218	2	119.19439634842107	24.339996851929826	0.0	0.0	2	1.0233973733128787	3.1460517640178405	230.0	27	1.05	0.95				
	219	1	64.7873445617544	13.243821816491227	0.0	0.0	2	1.0198775929195563	1.6773554832827622	230.0	25	1.05	0.95				
	220	1	45.81646466245614	9.306469384561405	0.0	0.0	2	1.0231719208368883	2.103387849283347	230.0	25	1.05	0.95				
	221	2	0.0	0.0	0.0	0.0	2	1.0249818719888613	3.584297645274333	230.0	27	1.05	0.95				
	222	2	0.0	0.0	0.0	0.0	2	1.0471062517045158	10.110998691012878	230.0	27	1.05	0.95				
	223	2	0.0	0.0	0.0	0.0	2	1.0253096306084555	2.6143454325015596	230.0	25	1.05	0.95				
	224	1	0.0	0.0	0.0	0.0	2	1.0077780322465806	-0.7812809196654166	230.0	26	1.05	0.95				
	301	2	44.05757672842106	8.974691555789475	0.0	0.0	3	1.0072518300735218	-22.725522549575043	138.0	31	1.05	0.95				
	302	2	39.57023095052632	8.158810505263158	0.0	0.0	3	1.0072148143529112	-22.81513141478947	138.0	32	1.05	0.95				
	303	1	73.42929454736843	15.093799434736843	0.0	0.0	3	1.020557306641808	-18.11768402535199	138.0	31	1.05	0.95				
	304	1	30.187598869473685	6.119107878947369	0.0	0.0	3	1.0104685906805204	-21.392233787911124	138.0	31	1.05	0.95				
	305	1	28.963777293684213	5.711167353684211	0.0	0.0	3	1.0233366649023408	-22.093825409439784	138.0	31	1.05	0.95				
	306	1	55.47991143578949	11.422334707368423	0.0	-100.0	3	1.0408433582417222	-22.235028867865896	138.0	32	1.05	0.95				
	307	2	50.99256565789474	10.198513131578949	0.0	0.0	3	0.9935881320431676	-26.610568690848766	138.0	32	1.05	0.95				
	308	1	69.75782982000001	14.277918384210528	0.0	0.0	3	1.0006349132068124	-24.792632527736497	138.0	32	1.05	0.95				
	309	1	71.38959192105264	14.685858909473684	0.0	0.0	3	1.0257461054487949	-18.555663103181438	138.0	33	1.05	0.95				
	310	1	79.5484024263158	16.317621010526317	0.0	0.0	3	1.05	-20.148640317029844	138.0	33	1.05	0.95				
	311	1	0.0	0.0	0.0	0.0	3	1.006579370467858	-14.695431806775408	230.0	33	1.05	0.95				
	312	1	0.0	0.0	0.0	0.0	3	1.0108532882137125	-14.036092798346774	230.0	33	1.05	0.95				
	313	2	108.10423919473683	22.02878836421053	0.0	0.0	3	1.010198565169284	-11.037991041825126	230.0	34	1.05	0.95				
	314	2	79.14046190105265	15.909680485263161	0.0	0.0	3	1.0046776464931495	-13.12850262405946	230.0	36	1.05	0.95				
	315	2	129.31714650842105	26.108193616842108	0.0	0.0	3	1.0283354706548713	-9.39780096707169	230.0	36	1.05	0.95				
	316	2	40.794052526315795	8.158810505263158	0.0	0.0	3	1.028215300692283	-8.484646855471611	230.0	36	1.05	0.95				
	317	1	0.0	0.0	0.0	0.0	3	1.0327013462793047	-7.287152489593954	230.0	37	1.05	0.95				
	318	2	135.8441949126316	27.739955717894745	0.0	0.0	3	1.031774828022308	-7.23598742663652	230.0	37	1.05	0.95				
	319	1	73.83723507263159	15.093799434736843	0.0	0.0	3	1.0264286507881373	-8.813077777885539	230.0	35	1.05	0.95				
	320	1	52.216387233684216	10.606453656842106	0.0	0.0	3	1.0274916858922614	-8.301968975881108	230.0	35	1.05	0.95				
	321	2	0.0	0.0	0.0	0.0	3	1.0328230797572908	-7.43499756030498	230.0	37	1.05	0.95				
	322	2	0.0	0.0	0.0	0.0	3	1.0459980051885216	-3.0368711632763707	230.0	37	1.05	0.95				
	323	2	0.0	0.0	0.0	0.0	3	1.0286511262493536	-7.707626712807624	230.0	35	1.05	0.95				
	324	1	0.0	0.0	0.0	0.0	3	1.0145431800538867	-12.670177138687992	230.0	36	1.05	0.95				
	325	1	0.0	0.0	0.0	0.0	3	1.0248040596137324	-6.288371437250549	230.0	35	1.05	0.95				
];
