%% MATPOWER Case Format : Version 2
function mpc = RTS_GMLC
mpc.version = '2';

%%-----  Power Flow Data  -----%%
%% system MVA base
mpc.baseMVA = 100.0;
%% bus data
%    bus_i    type    Pd    Qd    Gs    Bs    area    Vm    Va    baseKV    zone    Vmax    Vmin
mpc.bus = [
	101	2	37.44730331621053	7.628154379228071	0.0	0.0	1	1.030421543154243	3.2021954747567887	138.0	11	1.05	0.95				
	102	2	33.6332261265965	6.934685799298245	0.0	0.0	1	1.0295516190467464	2.9647129419161935	138.0	12	1.05	0.95				
	103	1	62.41217219368421	12.829168728701754	0.0	0.0	1	1.0301385729622492	0.6551846373766526	138.0	11	1.05	0.95				
	104	1	25.65833745740351	5.2010143494736845	0.0	0.0	1	1.021441647337495	-0.19258069571269723	138.0	11	1.05	0.95				
	105	1	24.618134587508774	4.854280059508772	0.0	0.0	1	1.0353700707360818	0.12603555303754027	138.0	11	1.05	0.95				
	106	1	47.15586343522807	9.708560119017545	0.0	-100.0	1	1.0468573117245201	-1.9984785278218837	138.0	12	1.05	0.95				
	107	2	43.34178624561403	8.668357249122808	0.0	0.0	1	1.0001074076579965	-7.2429343975225775	138.0	12	1.05	0.95				
	108	1	59.291563583999995	12.135700148771928	0.0	0.0	1	1.0069222210423336	-5.93636400500456	138.0	12	1.05	0.95				
	109	1	60.67850074385965	12.482434438736842	0.0	0.0	1	1.0250866841750224	-1.3568919750030044	138.0	13	1.05	0.95				
	110	1	67.6131865431579	13.86937159859649	0.0	0.0	1	1.05	-1.8875585961193786	138.0	13	1.05	0.95				
	111	1	0.0	0.0	0.0	0.0	1	1.0021608970687275	-0.07716920725272823	230.0	13	1.05	0.95				
	112	1	0.0	0.0	0.0	0.0	1	1.0069458257822037	0.34129172907424665	230.0	13	1.05	0.95				
	113	3	91.88458684070176	18.723651658105265	0.0	0.0	1	0.990814452779308	4.887137805507499e-29	230.0	14	1.05	0.95				
	114	2	67.266452253193	13.52263730863158	0.0	0.0	1	0.9987990489628598	1.5321672267078459	230.0	16	1.05	0.95				
	115	2	109.91476991887718	22.190994557754387	0.0	0.0	1	1.037401012799896	5.946004212663508	230.0	16	1.05	0.95				
	116	2	34.67342899649123	6.934685799298245	0.0	0.0	1	1.0320113289864572	5.767461376416797	230.0	16	1.05	0.95				
	117	1	0.0	0.0	0.0	0.0	1	1.041595179937005	7.122771491622685	230.0	17	1.05	0.95				
	118	2	115.4625185583158	23.577931717614035	0.0	0.0	1	1.0450411837340308	6.822201813598467	230.0	17	1.05	0.95				
	119	1	62.75890648364913	12.829168728701754	0.0	0.0	1	1.0257216399472155	5.195996324345964	230.0	15	1.05	0.95				
	120	1	44.38198911550877	9.01509153908772	0.0	0.0	1	1.0221795035797703	5.376865258170875	230.0	15	1.05	0.95				
	121	2	0.0	0.0	0.0	0.0	1	1.05	7.335382285671907	230.0	17	1.05	0.95				
	122	2	0.0	0.0	0.0	0.0	1	1.05	14.846962804261182	230.0	17	1.05	0.95				
	123	2	0.0	0.0	0.0	0.0	1	1.0204439463672816	5.75006704541587	230.0	15	1.05	0.95				
	124	1	0.0	0.0	0.0	0.0	1	1.0270745327188642	3.966704181285489	230.0	16	1.05	0.95				
	201	2	44.02959233684211	8.968991031578948	0.0	0.0	2	1.0231415994398287	-7.931240420822075	138.0	21	1.05	0.95				
	202	2	39.54509682105263	8.153628210526316	0.0	0.0	2	1.0239994932810759	-7.74407012796515	138.0	22	1.05	0.95				
	203	1	73.38265389473685	15.084212189473684	0.0	0.0	2	1.018006272801723	-6.974766030992557	138.0	21	1.05	0.95				
	204	1	30.168424378947368	6.115221157894736	0.0	0.0	2	1.0170754754682603	-9.615573099850634	138.0	21	1.05	0.95				
	205	1	28.94538014736842	5.707539747368422	0.0	0.0	2	1.0315188066093244	-9.900096609737464	138.0	21	1.05	0.95				
	206	1	55.44467183157895	11.415079494736844	0.0	-100.0	2	1.0444055337859297	-11.365701061349245	138.0	22	1.05	0.95				
	207	2	50.960176315789475	10.192035263157894	0.0	0.0	2	0.9887805309706342	-17.266417955541506	138.0	22	1.05	0.95				
	208	1	69.71352119999999	14.268849368421051	0.0	0.0	2	0.9972485633271707	-15.455696925433159	138.0	22	1.05	0.95				
	209	1	71.34424684210526	14.676530778947368	0.0	0.0	2	1.0228450938967604	-9.464819249692662	138.0	23	1.05	0.95				
	210	1	79.49787505263157	16.30725642105263	0.0	0.0	2	1.05	-10.57991218158852	138.0	23	1.05	0.95				
	211	1	0.0	0.0	0.0	0.0	2	1.0048180332225962	-7.03178720570445	230.0	23	1.05	0.95				
	212	1	0.0	0.0	0.0	0.0	2	1.0108345445955378	-6.8375721370588405	230.0	23	1.05	0.95				
	213	2	108.03557378947369	22.014796168421054	0.0	0.0	2	0.9991713404962648	-6.5032911128866315	230.0	24	1.05	0.95				
	214	2	79.09019364210526	15.899575010526315	0.0	0.0	2	1.0044685951047452	-4.386018372406583	230.0	26	1.05	0.95				
	215	2	129.2350071368421	26.091610273684214	0.0	0.0	2	1.0260153860483108	2.2130429882253466	230.0	26	1.05	0.95				
	216	2	40.76814105263158	8.153628210526316	0.0	0.0	2	1.0284821754902023	1.7583870256395648	230.0	26	1.05	0.95				
	217	1	0.0	0.0	0.0	0.0	2	1.033159048350246	4.665741293338207	230.0	27	1.05	0.95				
	218	2	135.75790970526316	27.722335915789476	0.0	0.0	2	1.0348236726853666	5.144928813909033	230.0	27	1.05	0.95				
	219	1	73.79033530526316	15.084212189473684	0.0	0.0	2	1.029873196855897	0.29940407812819003	230.0	25	1.05	0.95				
	220	1	52.18322054736843	10.59971667368421	0.0	0.0	2	1.034034698555258	-0.17193941105573438	230.0	25	1.05	0.95				
	221	2	0.0	0.0	0.0	0.0	2	1.034823334180515	4.9282067848619855	230.0	27	1.05	0.95				
	222	2	0.0	0.0	0.0	0.0	2	1.05	11.321926130172178	230.0	27	1.05	0.95				
	223	2	0.0	0.0	0.0	0.0	2	1.0367114590613424	-0.12189421571749144	230.0	25	1.05	0.95				
	224	1	0.0	0.0	0.0	0.0	2	1.0116405706860074	-1.234876294413856	230.0	26	1.05	0.95				
	301	2	56.13540017684211	11.434988924912282	0.0	0.0	3	1.0062388135459635	-35.22171103323084	138.0	31	1.05	0.95				
	302	2	50.41790571438597	10.395444477192983	0.0	0.0	3	1.00569776010574	-35.357389350374035	138.0	32	1.05	0.95				
	303	1	93.55900029473685	19.23157228280702	0.0	0.0	3	1.024088796833201	-28.554244132800356	138.0	31	1.05	0.95				
	304	1	38.46314456561404	7.796583357894738	0.0	0.0	3	1.007849262200504	-33.6163453815018	138.0	31	1.05	0.95				
	305	1	36.90382789403509	7.276811134035088	0.0	0.0	3	1.0210911494876524	-34.478561804686834	138.0	31	1.05	0.95				
	306	1	70.68902244491228	14.553622268070177	0.0	-100.0	3	1.0371582818303613	-34.657827824140455	138.0	32	1.05	0.95				
	307	2	64.97152798245615	12.994305596491229	0.0	0.0	3	0.9911779056900337	-40.56041426788924	138.0	32	1.05	0.95				
	308	1	88.88105028000001	18.19202783508772	0.0	0.0	3	0.9947095085459257	-38.1379846264423	138.0	32	1.05	0.95				
	309	1	90.9601391754386	18.711800058947368	0.0	0.0	3	1.027048826621917	-30.07353225732869	138.0	33	1.05	0.95				
	310	1	101.35558365263158	20.790888954385967	0.0	0.0	3	1.05	-32.06594407979969	138.0	33	1.05	0.95				
	311	1	0.0	0.0	0.0	0.0	3	1.0154437422291878	-25.22537938504037	230.0	33	1.05	0.95				
	312	1	0.0	0.0	0.0	0.0	3	1.0165708096607244	-24.496592958189	230.0	33	1.05	0.95				
	313	2	137.73963932280702	28.067700088421056	0.0	0.0	3	1.0221399774767215	-21.37099700015672	230.0	34	1.05	0.95				
	314	2	100.83581142877193	20.271116730526316	0.0	0.0	3	1.0238811105420913	-22.769605773187063	230.0	36	1.05	0.95				
	315	2	164.76779496350878	33.265422327017546	0.0	0.0	3	1.0465734944099905	-17.022387288719827	230.0	36	1.05	0.95				
	316	2	51.977222385964915	10.395444477192983	0.0	0.0	3	1.046994958612331	-16.221374072864723	230.0	36	1.05	0.95				
	317	1	0.0	0.0	0.0	0.0	3	1.049999987626051	-13.731119502571612	230.0	37	1.05	0.95				
	318	2	173.08415054526318	35.34451122245614	0.0	0.0	3	1.0489879426325648	-13.645158896995229	230.0	37	1.05	0.95				
	319	1	94.0787725185965	19.23157228280702	0.0	0.0	3	1.0453221709316962	-16.880234027091177	230.0	35	1.05	0.95				
	320	1	66.53084465403509	13.514077820350877	0.0	0.0	3	1.0476925795098777	-16.478182324937602	230.0	35	1.05	0.95				
	321	2	0.0	0.0	0.0	0.0	3	1.0495606290223103	-14.005630144986668	230.0	37	1.05	0.95				
	322	2	0.0	0.0	0.0	0.0	3	1.05	-9.550973282835722	230.0	37	1.05	0.95				
	323	2	0.0	0.0	0.0	0.0	3	1.05	-15.876855150436963	230.0	35	1.05	0.95				
	324	1	0.0	0.0	0.0	0.0	3	1.0236712880683105	-21.29451901116976	230.0	36	1.05	0.95				
	325	1	0.0	0.0	0.0	0.0	3	1.0403703161602127	-14.009242964770284	230.0	35	1.05	0.95				
];
