%% MATPOWER Case Format : Version 2
function mpc = RTS_GMLC
mpc.version = '2';

%%-----  Power Flow Data  -----%%
%% system MVA base
mpc.baseMVA = 100.0;
%% bus data
%    bus_i    type    Pd    Qd    Gs    Bs    area    Vm    Va    baseKV    zone    Vmax    Vmin
mpc.bus = [
	101	2	41.61553685052632	8.477238988070175	0.0	0.0	1	1.0143042717996116	-4.530053307366632	138.0	11	1.05	0.95				
	102	2	37.37691735649123	7.7065808982456145	0.0	0.0	1	1.013974520223536	-4.7270088853672565	138.0	12	1.05	0.95				
	103	1	69.35922808421053	14.257174661754386	0.0	0.0	1	1.0254150552069836	0.14228423729387346	138.0	11	1.05	0.95				
	104	1	28.51434932350877	5.779935673684211	0.0	0.0	1	1.0144840029625235	-4.544646918181785	138.0	11	1.05	0.95				
	105	1	27.358362188771927	5.39460662877193	0.0	0.0	1	1.0266399732946452	-5.494179035563408	138.0	11	1.05	0.95				
	106	1	52.404750108070175	10.78921325754386	0.0	-100.0	1	1.0416226072527512	-6.493611969406849	138.0	12	1.05	0.95				
	107	2	48.16613061403508	9.633226122807018	0.0	0.0	1	0.9880307574569513	-10.888617108364967	138.0	12	1.05	0.95				
	108	1	65.89126668	13.486516571929824	0.0	0.0	1	0.9973098981738752	-9.305211603195133	138.0	12	1.05	0.95				
	109	1	67.43258285964913	13.871845616842105	0.0	0.0	1	1.022396766571352	-3.4324882367926386	138.0	13	1.05	0.95				
	110	1	75.13916375789474	15.413161796491229	0.0	0.0	1	1.0481680748337865	-5.216168774125127	138.0	13	1.05	0.95				
	111	1	0.0	0.0	0.0	0.0	1	1.0079451546726268	-0.5930492996558739	230.0	13	1.05	0.95				
	112	1	0.0	0.0	0.0	0.0	1	1.0030092097847352	-1.497247230465062	230.0	13	1.05	0.95				
	113	3	102.11219690175439	20.80776842526316	0.0	0.0	1	0.9807110454570495	-8.561733113086499e-27	230.0	14	1.05	0.95				
	114	2	74.75383471298245	15.027832751578948	0.0	0.0	1	1.0334055851627113	2.6422142535818027	230.0	16	1.05	0.95				
	115	2	122.14930723719297	24.661058874385965	0.0	0.0	1	1.035634168705454	11.19140018180409	230.0	16	1.05	0.95				
	116	2	38.532904491228074	7.7065808982456145	0.0	0.0	1	1.035115096147042	9.70980654044219	230.0	16	1.05	0.95				
	117	1	0.0	0.0	0.0	0.0	1	1.0361727186939351	15.302065085034918	230.0	17	1.05	0.95				
	118	2	128.3145719557895	26.202375054035087	0.0	0.0	1	1.044850122754466	15.715805029417464	230.0	17	1.05	0.95				
	119	1	69.74455712912281	14.257174661754386	0.0	0.0	1	1.028716863000368	6.062743426427752	230.0	15	1.05	0.95				
	120	1	49.32211774877193	10.018555167719297	0.0	0.0	1	1.028221296086004	3.4524140450565084	230.0	15	1.05	0.95				
	121	2	0.0	0.0	0.0	0.0	1	1.0394493546697239	16.937466773490975	230.0	17	1.05	0.95				
	122	2	0.0	0.0	0.0	0.0	1	1.047896187121531	34.980411156181475	230.0	17	1.05	0.95				
	123	2	0.0	0.0	0.0	0.0	1	1.0287840490858726	2.3118496345742545	230.0	15	1.05	0.95				
	124	1	0.0	0.0	0.0	0.0	1	1.0180797948025102	7.050919867154652	230.0	16	1.05	0.95				
	201	2	44.55658743157895	9.076341884210526	0.0	0.0	2	1.005298731232118	-14.478956968926951	138.0	21	1.05	0.95				
	202	2	40.01841648947369	8.251219894736844	0.0	0.0	2	1.0039915712655443	-14.744110733143467	138.0	22	1.05	0.95				
	203	1	74.26097905263158	15.264756805263158	0.0	0.0	2	0.9946725569748153	-10.70098911914911	138.0	21	1.05	0.95				
	204	1	30.529513610526315	6.188414921052631	0.0	0.0	2	0.9931668598006091	-14.057112936701959	138.0	21	1.05	0.95				
	205	1	29.29183062631579	5.77585392631579	0.0	0.0	2	1.0094118470170412	-14.488347208283514	138.0	21	1.05	0.95				
	206	1	56.10829528421053	11.55170785263158	0.0	-100.0	2	1.0193842152487684	-15.027407048227674	138.0	22	1.05	0.95				
	207	2	51.57012434210526	10.314024868421052	0.0	0.0	2	0.9731518694595167	-20.267371624580242	138.0	22	1.05	0.95				
	208	1	70.5479301	14.439634815789473	0.0	0.0	2	0.9763514690510956	-18.279685030459763	138.0	22	1.05	0.95				
	209	1	72.19817407894736	14.852195810526315	0.0	0.0	2	0.9967804427673007	-11.701258845840139	138.0	23	1.05	0.95				
	210	1	80.44939397368421	16.502439789473687	0.0	0.0	2	1.0235898556721328	-13.112051509748483	138.0	23	1.05	0.95				
	211	1	0.0	0.0	0.0	0.0	2	0.9796829330205371	-8.965318811936273	230.0	23	1.05	0.95				
	212	1	0.0	0.0	0.0	0.0	2	0.9720768670494644	-6.069585092173417	230.0	23	1.05	0.95				
	213	2	109.32866360526315	22.278293715789474	0.0	0.0	2	0.9671650242245297	-6.97631450456285	230.0	24	1.05	0.95				
	214	2	80.03683297894737	16.08987879473684	0.0	0.0	2	0.9870476915573185	-7.136865561151279	230.0	26	1.05	0.95				
	215	2	130.78183533157895	26.403903663157894	0.0	0.0	2	0.9957547968455659	-1.1562003704412345	230.0	26	1.05	0.95				
	216	2	41.25609947368421	8.251219894736844	0.0	0.0	2	0.9912900195890455	-1.747153036241749	230.0	26	1.05	0.95				
	217	1	0.0	0.0	0.0	0.0	2	1.0073681371794896	-0.038307399620469806	230.0	27	1.05	0.95				
	218	2	137.3828112473684	28.054147642105264	0.0	0.0	2	1.0075311437206866	-0.4937112219885012	230.0	27	1.05	0.95				
	219	1	74.67354004736842	15.264756805263158	0.0	0.0	2	0.973641095215773	-1.3995621376322382	230.0	25	1.05	0.95				
	220	1	52.80780732631579	10.726585863157895	0.0	0.0	2	0.9614678970660927	-0.18662562158598275	230.0	25	1.05	0.95				
	221	2	0.0	0.0	0.0	0.0	2	1.0088737478316958	0.10012021265435765	230.0	27	1.05	0.95				
	222	2	0.0	0.0	0.0	0.0	2	1.0285926779246466	6.760472057483051	230.0	27	1.05	0.95				
	223	2	0.0	0.0	0.0	0.0	2	0.9558569573072777	0.8615377961023558	230.0	25	1.05	0.95				
	224	1	0.0	0.0	0.0	0.0	2	0.983912877762598	-4.763991333275401	230.0	26	1.05	0.95				
	301	2	62.9003479831579	12.813033848421055	0.0	0.0	3	1.0143013804040932	21.402015077820092	138.0	31	1.05	0.95				
	302	2	56.49383105894737	11.648212589473687	0.0	0.0	3	1.0142047596440855	20.990396221203255	138.0	32	1.05	0.95				
	303	1	104.83391330526317	21.54919329052632	0.0	0.0	3	1.031960475155824	38.62694474750355	138.0	31	1.05	0.95				
	304	1	43.09838658105264	8.736159442105263	0.0	0.0	3	0.997815746244083	22.9165828896622	138.0	31	1.05	0.95				
	305	1	41.35115469263158	8.153748812631582	0.0	0.0	3	1.0168414337053577	20.327515291473127	138.0	31	1.05	0.95				
	306	1	79.20784560842107	16.307497625263164	0.0	-100.0	3	1.0249048641452225	19.0487927289321	138.0	32	1.05	0.95				
	307	2	72.80132868421053	14.560265736842107	0.0	0.0	3	0.9557045692560373	14.271791619104375	138.0	32	1.05	0.95				
	308	1	99.59221764000002	20.38437203157895	0.0	0.0	3	0.9658679174945024	17.078903161406046	138.0	32	1.05	0.95				
	309	1	101.92186015789476	20.966782661052633	0.0	0.0	3	1.0049422143252893	26.985278471665545	138.0	33	1.05	0.95				
	310	1	113.57007274736843	23.296425178947374	0.0	0.0	3	1.0340231644909867	21.14655682242241	138.0	33	1.05	0.95				
	311	1	0.0	0.0	0.0	0.0	3	0.9939829826755253	25.951607821425544	230.0	33	1.05	0.95				
	312	1	0.0	0.0	0.0	0.0	3	1.0015134537775876	25.920688958453077	230.0	33	1.05	0.95				
	313	2	154.33881681052634	31.45017399157895	0.0	0.0	3	0.9982270200107813	27.592665879345166	230.0	34	1.05	0.95				
	314	2	112.98766211789474	22.71401454947369	0.0	0.0	3	0.9887644672107798	26.50355976569671	230.0	36	1.05	0.95				
	315	2	184.6241695431579	37.27428028631579	0.0	0.0	3	1.021492713430066	27.581016145155218	230.0	36	1.05	0.95				
	316	2	58.24106294736843	11.648212589473687	0.0	0.0	3	1.0131333752928913	27.338748767042194	230.0	36	1.05	0.95				
	317	1	0.0	0.0	0.0	0.0	3	1.0197751756956466	31.017630116107238	230.0	37	1.05	0.95				
	318	2	193.94273961473687	39.603922804210534	0.0	0.0	3	1.0094667652411122	27.145187596741174	230.0	37	1.05	0.95				
	319	1	105.41632393473685	21.54919329052632	0.0	0.0	3	1.0103034567838725	26.059332034934066	230.0	35	1.05	0.95				
	320	1	74.54856057263159	15.142676366315792	0.0	0.0	3	1.0109308785689446	25.178485209125892	230.0	35	1.05	0.95				
	321	2	0.0	0.0	0.0	0.0	3	1.0253603312602997	27.93266560717174	230.0	37	1.05	0.95				
	322	2	0.0	0.0	0.0	0.0	3	1.0365313756725465	33.49655218367994	230.0	37	1.05	0.95				
	323	2	0.0	0.0	0.0	0.0	3	1.0117344092849336	24.7968644012076	230.0	35	1.05	0.95				
	324	1	0.0	0.0	0.0	0.0	3	1.0238891480191623	33.060873069010185	230.0	36	1.05	0.95				
