%% MATPOWER Case Format : Version 2
function mpc = RTS_GMLC
mpc.version = '2';

%%-----  Power Flow Data  -----%%
%% system MVA base
mpc.baseMVA = 100.0;
%% bus data
%    bus_i    type    Pd    Qd    Gs    Bs    area    Vm    Va    baseKV    zone    Vmax    Vmin
mpc.bus = [
	101	2	49.19049973894737	10.02028698385965	0.0	0.0	1	1.0146540129993344	1.7322097905564908	138.0	11	1.05	0.95				
	102	2	44.18035624701755	9.109351803508774	0.0	0.0	1	1.0135534181404542	1.4123942746467246	138.0	12	1.05	0.95				
	103	1	81.98416623157895	16.85230083649123	0.0	0.0	1	1.0238667901927707	1.9691504213906987	138.0	11	1.05	0.95				
	104	1	33.70460167298246	6.8320138526315795	0.0	0.0	1	1.012301402850456	-1.6848173030631795	138.0	11	1.05	0.95				
	105	1	32.33819890245614	6.3765462624561415	0.0	0.0	1	1.0256951636735496	-1.6459055004729226	138.0	11	1.05	0.95				
	106	1	61.94359226385966	12.753092524912283	0.0	-100.0	1	1.0397671653002993	-4.018662284199984	138.0	12	1.05	0.95				
	107	2	56.93344877192983	11.386689754385966	0.0	0.0	1	0.9870032618580381	-11.37840114631412	138.0	12	1.05	0.95				
	108	1	77.88495792	15.941365656140352	0.0	0.0	1	0.994594625789938	-9.199020098735296	138.0	12	1.05	0.95				
	109	1	79.70682828070176	16.39683324631579	0.0	0.0	1	1.0253040555307615	-2.3101730524685347	138.0	13	1.05	0.95				
	110	1	88.81618008421053	18.21870360701755	0.0	0.0	1	1.05	-3.5615358144276508	138.0	13	1.05	0.95				
	111	1	0.0	0.0	0.0	0.0	1	1.0198864845648923	0.2275519555683407	230.0	13	1.05	0.95				
	112	1	0.0	0.0	0.0	0.0	1	1.0155197761081531	-0.7687464701072918	230.0	13	1.05	0.95				
	113	3	120.69891139649123	24.595249869473687	0.0	0.0	1	1.0022792798536813	-7.367520463485909e-30	230.0	14	1.05	0.95				
	114	2	88.3607124940351	17.763236016842107	0.0	0.0	1	1.0448620745325683	3.5070754566860822	230.0	16	1.05	0.95				
	115	2	144.38322608561404	29.149925771228073	0.0	0.0	1	1.0392756262929377	12.95434249288925	230.0	16	1.05	0.95				
	116	2	45.54675901754386	9.109351803508774	0.0	0.0	1	1.0396514004661204	11.09520374876304	230.0	16	1.05	0.95				
	117	1	0.0	0.0	0.0	0.0	1	1.0382639347461713	17.20353435630721	230.0	17	1.05	0.95				
	118	2	151.67070752842108	30.97179613192983	0.0	0.0	1	1.0468490400269257	17.82107831397683	230.0	17	1.05	0.95				
	119	1	82.4396338217544	16.85230083649123	0.0	0.0	1	1.035176868169431	6.812553177129386	230.0	15	1.05	0.95				
	120	1	58.299851542456146	11.842157344561405	0.0	0.0	1	1.0384795806819043	3.9604596365686224	230.0	15	1.05	0.95				
	121	2	0.0	0.0	0.0	0.0	1	1.041473684165199	19.538737937996824	230.0	17	1.05	0.95				
	122	2	0.0	0.0	0.0	0.0	1	1.05	37.51473389934282	230.0	17	1.05	0.95				
	123	2	0.0	0.0	0.0	0.0	1	1.0415471807814654	2.7395746630478484	230.0	15	1.05	0.95				
	124	1	0.0	0.0	0.0	0.0	1	1.0198174686610606	8.858427932784231	230.0	16	1.05	0.95				
	201	2	47.956555970526324	9.768928068070174	0.0	0.0	2	1.0077185094376802	-16.544604928675984	138.0	21	1.05	0.95				
	202	2	43.072091936491226	8.880843698245615	0.0	0.0	2	1.0069538240203535	-16.84240416433419	138.0	22	1.05	0.95				
	203	1	79.92759328421053	16.429560841754387	0.0	0.0	2	1.011869229481298	-12.046026270941159	138.0	21	1.05	0.95				
	204	1	32.859121683508775	6.660632773684211	0.0	0.0	2	1.008728406948686	-16.29780896561497	138.0	21	1.05	0.95				
	205	1	31.52699512877193	6.21659058877193	0.0	0.0	2	1.023309914486972	-16.795132857207534	138.0	21	1.05	0.95				
	206	1	60.389737148070175	12.43318117754386	0.0	-100.0	2	1.0397554671998204	-17.481361442927962	138.0	22	1.05	0.95				
	207	2	55.50527311403509	11.101054622807018	0.0	0.0	2	0.990579142594626	-22.802602942669107	138.0	22	1.05	0.95				
	208	1	75.93121362	15.541476471929824	0.0	0.0	2	0.9968877832881383	-20.788355667263446	138.0	22	1.05	0.95				
	209	1	77.70738235964913	15.985518656842105	0.0	0.0	2	1.0234399352026617	-14.014376494773925	138.0	23	1.05	0.95				
	210	1	86.58822605789473	17.76168739649123	0.0	0.0	2	1.05	-15.61286869266397	138.0	23	1.05	0.95				
	211	1	0.0	0.0	0.0	0.0	2	1.0105574866668972	-10.607831765741516	230.0	23	1.05	0.95				
	212	1	0.0	0.0	0.0	0.0	2	1.0136770113615623	-9.490982474028424	230.0	23	1.05	0.95				
	213	2	117.67117900175438	23.978277985263162	0.0	0.0	2	1.0128601469050384	-8.785287745466153	230.0	24	1.05	0.95				
	214	2	86.14418387298245	17.31764521157895	0.0	0.0	2	1.012721542570422	-7.937730219841787	230.0	26	1.05	0.95				
	215	2	140.76137261719296	28.41869983438596	0.0	0.0	2	1.0296564283333562	-1.4479193992553863	230.0	26	1.05	0.95				
	216	2	44.40421849122807	8.880843698245615	0.0	0.0	2	1.0332081445266288	-1.514982421590612	230.0	26	1.05	0.95				
	217	1	0.0	0.0	0.0	0.0	2	1.0372296858820969	-0.003886055662072223	230.0	27	1.05	0.95				
	218	2	147.86604757578948	30.194868574035088	0.0	0.0	2	1.0350722601587081	-0.5622306416152406	230.0	27	1.05	0.95				
	219	1	80.37163546912281	16.429560841754387	0.0	0.0	2	1.037896708240304	-1.0649686552608333	230.0	25	1.05	0.95				
	220	1	56.83739966877192	11.545096807719299	0.0	0.0	2	1.0450722773503247	0.16561734892413008	230.0	25	1.05	0.95				
	221	2	0.0	0.0	0.0	0.0	2	1.0357659891615025	-0.05634540620947317	230.0	27	1.05	0.95				
	222	2	0.0	0.0	0.0	0.0	2	1.05	6.463338686761913	230.0	27	1.05	0.95				
	223	2	0.0	0.0	0.0	0.0	2	1.05	1.1615227248490965	230.0	25	1.05	0.95				
	224	1	0.0	0.0	0.0	0.0	2	1.0099182855940227	-5.38882653482256	230.0	26	1.05	0.95				
	301	2	64.62575136000001	13.164504906666666	0.0	0.0	3	1.0341137126428812	3.433841732603059	138.0	31	1.05	0.95				
	302	2	58.04349890666667	11.967731733333334	0.0	0.0	3	1.029707142297677	3.078070021271197	138.0	32	1.05	0.95				
	303	1	107.70958560000001	22.140303706666668	0.0	0.0	3	1.05	20.5378838811744	138.0	31	1.05	0.95				
	304	1	44.280607413333335	8.9757988	0.0	0.0	3	1.007913629685291	5.120179897604817	138.0	31	1.05	0.95				
	305	1	42.48544765333333	8.377412213333333	0.0	0.0	3	1.028670917090931	2.4599156554901898	138.0	31	1.05	0.95				
	306	1	81.38057578666668	16.754824426666666	0.0	-100.0	3	1.0312385567772973	1.23003636780561	138.0	32	1.05	0.95				
	307	2	74.79832333333334	14.959664666666667	0.0	0.0	3	0.95	1.2899137106527971	138.0	32	1.05	0.95				
	308	1	102.32410632	20.94353053333333	0.0	0.0	3	0.9639977400145336	1.430618407381606	138.0	32	1.05	0.95				
	309	1	104.71765266666667	21.541917119999997	0.0	0.0	3	1.0111949077251698	9.32662673393771	138.0	33	1.05	0.95				
	310	1	116.6853844	23.93546346666667	0.0	0.0	3	1.0378191569796886	3.3892294532516125	138.0	33	1.05	0.95				
	311	1	0.0	0.0	0.0	0.0	3	0.9985382649781132	8.73350021560998	230.0	33	1.05	0.95				
	312	1	0.0	0.0	0.0	0.0	3	1.0024085742051907	9.155191648334142	230.0	33	1.05	0.95				
	313	2	158.57244546666666	32.312875680000005	0.0	0.0	3	0.9988562475462658	11.003098907459986	230.0	34	1.05	0.95				
	314	2	116.08699781333334	23.33707688	0.0	0.0	3	0.997963738446669	9.229745099202054	230.0	36	1.05	0.95				
	315	2	189.68854797333333	38.29674154666667	0.0	0.0	3	1.05	13.816973204089445	230.0	36	1.05	0.95				
	316	2	59.83865866666667	11.967731733333334	0.0	0.0	3	1.0438475989709062	13.485102245903443	230.0	36	1.05	0.95				
	317	1	0.0	0.0	0.0	0.0	3	1.05	18.850476680357144	230.0	37	1.05	0.95				
	318	2	199.26273336	40.69028789333334	0.0	0.0	3	1.0415202389310882	15.573169550951613	230.0	37	1.05	0.95				
	319	1	108.30797218666667	22.140303706666668	0.0	0.0	3	1.0277475516605905	11.933719630413714	230.0	35	1.05	0.95				
	320	1	76.59348309333333	15.558051253333332	0.0	0.0	3	1.0189616700189839	11.719154225876627	230.0	35	1.05	0.95				
	321	2	0.0	0.0	0.0	0.0	3	1.0442308707457473	15.662179929998787	230.0	37	1.05	0.95				
	322	2	0.0	0.0	0.0	0.0	3	1.0499999834548261	21.255026762833758	230.0	37	1.05	0.95				
	323	2	0.0	0.0	0.0	0.0	3	1.015482865580749	12.067330755448218	230.0	35	1.05	0.95				
	324	1	0.0	0.0	0.0	0.0	3	1.0473636549699157	16.389134338891314	230.0	36	1.05	0.95				
	325	1	0.0	0.0	0.0	0.0	3	1.0165512842865552	12.716440295870383	230.0	35	1.05	0.95				
];
