%% MATPOWER Case Format : Version 2
function mpc = RTS_GMLC
mpc.version = '2';

%%-----  Power Flow Data  -----%%
%% system MVA base
mpc.baseMVA = 100.0;
%% bus data
%    bus_i    type    Pd    Qd    Gs    Bs    area    Vm    Va    baseKV    zone    Vmax    Vmin
mpc.bus = [
	101	2	41.57545770947369	8.46907471859649	0.0	0.0	1	1.0128800215598468	-4.369015172981609	138.0	11	1.05	0.95				
	102	2	37.34092035017544	7.6991588350877205	0.0	0.0	1	1.0127269751708454	-4.569770418113939	138.0	12	1.05	0.95				
	103	1	69.29242951578948	14.243443844912282	0.0	0.0	1	1.0020740405933792	-0.563576531216007	138.0	11	1.05	0.95				
	104	1	28.486887689824563	5.774369126315789	0.0	0.0	1	1.0033958980503896	-4.48120175015571	138.0	11	1.05	0.95				
	105	1	27.3320138645614	5.3894111845614034	0.0	0.0	1	1.0169703995247958	-5.463976564749785	138.0	11	1.05	0.95				
	106	1	52.354280078596496	10.778822369122807	0.0	-100.0	1	1.0272399869250843	-6.548136690230134	138.0	12	1.05	0.95				
	107	2	48.119742719298245	9.62394854385965	0.0	0.0	1	0.9851951668246515	-8.76842621718593	138.0	12	1.05	0.95				
	108	1	65.82780804000001	13.473527961403509	0.0	0.0	1	0.9883749082421174	-8.213494820476722	138.0	12	1.05	0.95				
	109	1	67.36763980701754	13.858485903157893	0.0	0.0	1	1.0022515193007466	-3.6473878949879346	138.0	13	1.05	0.95				
	110	1	75.06679864210525	15.398317670175441	0.0	0.0	1	1.0300976940896336	-5.301565049418869	138.0	13	1.05	0.95				
	111	1	0.0	0.0	0.0	0.0	1	0.9801441658315085	-1.3184307772981718	230.0	13	1.05	0.95				
	112	1	0.0	0.0	0.0	0.0	1	0.981718095292219	-1.6864107967182251	230.0	13	1.05	0.95				
	113	3	102.01385456491228	20.787728854736844	0.0	0.0	1	0.961884633173368	1.6879038670450953e-28	230.0	14	1.05	0.95				
	114	2	74.68184070035088	15.013359728421053	0.0	0.0	1	0.986303470739468	0.8610398339870498	230.0	16	1.05	0.95				
	115	2	122.03166753614035	24.637308272280702	0.0	0.0	1	0.9877907090979423	7.7436186856198015	230.0	16	1.05	0.95				
	116	2	38.4957941754386	7.6991588350877205	0.0	0.0	1	0.9885129909589048	6.571901995171534	230.0	16	1.05	0.95				
	117	1	0.0	0.0	0.0	0.0	1	0.9934603415800621	10.619188292626738	230.0	17	1.05	0.95				
	118	2	128.19099460421052	26.177140039298248	0.0	0.0	1	0.9956192360992545	11.343197184180331	230.0	17	1.05	0.95				
	119	1	69.67738745754386	14.243443844912282	0.0	0.0	1	0.9894946363760487	4.150467602335105	230.0	15	1.05	0.95				
	120	1	49.274616544561404	10.008906485614036	0.0	0.0	1	0.9932757684472121	2.398540583747143	230.0	15	1.05	0.95				
	121	2	0.0	0.0	0.0	0.0	1	0.994579295284937	12.676845632393139	230.0	17	1.05	0.95				
	122	2	0.0	0.0	0.0	0.0	1	1.0156399192266403	21.375914200997254	230.0	17	1.05	0.95				
	123	2	0.0	0.0	0.0	0.0	1	0.9959328424461764	1.7547999505828984	230.0	15	1.05	0.95				
	124	1	0.0	0.0	0.0	0.0	1	0.9831343036628882	4.550877817866481	230.0	16	1.05	0.95				
	201	2	40.28962695157895	8.207146230877193	0.0	0.0	2	1.011188910451466	-7.318871729086566	138.0	21	1.05	0.95				
	202	2	36.18605383614035	7.461042028070176	0.0	0.0	2	1.0100958608142314	-7.460290750762185	138.0	22	1.05	0.95				
	203	1	67.14937825263159	13.802927751929825	0.0	0.0	2	0.997663053357071	-5.683077231696727	138.0	21	1.05	0.95				
	204	1	27.60585550385965	5.595781521052632	0.0	0.0	2	1.0025443501013025	-6.54033809338346	138.0	21	1.05	0.95				
	205	1	26.486699199649124	5.222729419649124	0.0	0.0	2	1.01844285315708	-6.7995167088540684	138.0	21	1.05	0.95				
	206	1	50.7350857908772	10.445458839298247	0.0	-100.0	2	1.0308257939774597	-6.986765882861254	138.0	22	1.05	0.95				
	207	2	46.6315126754386	9.32630253508772	0.0	0.0	2	0.9719675967956826	-11.371712514613813	138.0	22	1.05	0.95				
	208	1	63.79190934000001	13.056823549122806	0.0	0.0	2	0.9821784645185886	-9.696613227234304	138.0	22	1.05	0.95				
	209	1	65.28411774561404	13.429875650526316	0.0	0.0	2	1.0073167392301932	-4.1935197603227765	138.0	23	1.05	0.95				
	210	1	72.74515977368422	14.922084056140353	0.0	0.0	2	1.0348979937062939	-5.042312185334476	138.0	23	1.05	0.95				
	211	1	0.0	0.0	0.0	0.0	2	0.9865580583858675	-2.048663187726581	230.0	23	1.05	0.95				
	212	1	0.0	0.0	0.0	0.0	2	0.9891093984842553	2.8666037678899006	230.0	23	1.05	0.95				
	213	2	98.85880687192983	20.144813475789476	0.0	0.0	2	0.9817544326617901	0.5699034053774498	230.0	24	1.05	0.95				
	214	2	72.3721076722807	14.549031954736844	0.0	0.0	2	0.9810737433363251	-1.6183221688521356	230.0	26	1.05	0.95				
	215	2	118.25751614491229	23.875334489824564	0.0	0.0	2	0.9906000265267406	1.4735276114630755	230.0	26	1.05	0.95				
	216	2	37.30521014035088	7.461042028070176	0.0	0.0	2	0.9883424446848754	1.4423185923591246	230.0	26	1.05	0.95				
	217	1	0.0	0.0	0.0	0.0	2	0.9988248222694137	1.8971486082691607	230.0	27	1.05	0.95				
	218	2	124.22634976736843	25.3675428954386	0.0	0.0	2	0.9996430535421104	1.5095877345965623	230.0	27	1.05	0.95				
	219	1	67.5224303540351	13.802927751929825	0.0	0.0	2	0.98178558753755	2.6924951121566516	230.0	25	1.05	0.95				
	220	1	47.75066897964913	9.699354636491229	0.0	0.0	2	0.9791479282581599	4.587349368632825	230.0	25	1.05	0.95				
	221	2	0.0	0.0	0.0	0.0	2	1.0018642236508069	2.0815195000644326	230.0	27	1.05	0.95				
	222	2	0.0	0.0	0.0	0.0	2	1.0192616305576518	6.868535982208808	230.0	27	1.05	0.95				
	223	2	0.0	0.0	0.0	0.0	2	0.9788996802048806	5.951125275057023	230.0	25	1.05	0.95				
	224	1	0.0	0.0	0.0	0.0	2	0.984353649820376	-1.2558067037077703	230.0	26	1.05	0.95				
	301	2	46.534640930526315	9.479278708070176	0.0	0.0	3	1.012905857295987	29.073842789726612	138.0	31	1.05	0.95				
	302	2	41.795001576491224	8.617526098245614	0.0	0.0	3	1.013064824093766	28.975265648571188	138.0	32	1.05	0.95				
	303	1	77.55773488421053	15.942423281754383	0.0	0.0	3	1.0087250786490576	34.29669175556587	138.0	31	1.05	0.95				
	304	1	31.884846563508766	6.463144573684209	0.0	0.0	3	1.0050537312790755	30.627824130656347	138.0	31	1.05	0.95				
	305	1	30.592217648771925	6.03226826877193	0.0	0.0	3	1.0202891155728724	29.87624985123991	138.0	31	1.05	0.95				
	306	1	58.599177468070174	12.06453653754386	0.0	-100.0	3	1.0328953551905464	29.80790683345735	138.0	32	1.05	0.95				
	307	2	53.85953811403509	10.771907622807017	0.0	0.0	3	0.9695241828541208	28.257540270673402	138.0	32	1.05	0.95				
	308	1	73.67984813999999	15.080670671929822	0.0	0.0	3	0.9877898980455807	30.088441551668396	138.0	32	1.05	0.95				
	309	1	75.40335335964912	15.511546976842103	0.0	0.0	3	1.0123980663539591	33.79985822922069	138.0	33	1.05	0.95				
	310	1	84.02087945789472	17.235052196491228	0.0	0.0	3	1.0388448713149494	32.096927730052236	138.0	33	1.05	0.95				
	311	1	0.0	0.0	0.0	0.0	3	0.9876742041721555	36.209452790325045	230.0	33	1.05	0.95				
	312	1	0.0	0.0	0.0	0.0	3	0.9953534960971735	36.32580015294691	230.0	33	1.05	0.95				
	313	2	114.18222080175437	23.267320465263158	0.0	0.0	3	0.9943756240785271	40.75942497864345	230.0	34	1.05	0.95				
	314	2	83.59000315298245	16.80417589157895	0.0	0.0	3	0.9727621341929701	35.63681312075309	230.0	36	1.05	0.95				
	315	2	136.58778865719296	27.576083514385964	0.0	0.0	3	0.9800602642785642	31.3603945567437	230.0	36	1.05	0.95				
	316	2	43.08763049122807	8.617526098245614	0.0	0.0	3	0.9672365586170741	32.32134855909128	230.0	36	1.05	0.95				
	317	1	0.0	0.0	0.0	0.0	3	0.9848436543306675	32.936482197366296	230.0	37	1.05	0.95				
	318	2	143.48180953578947	29.299588734035087	0.0	0.0	3	0.9828734086251854	29.69733712093989	230.0	37	1.05	0.95				
	319	1	77.9886111891228	15.942423281754383	0.0	0.0	3	0.9751042972416079	32.84367577321087	230.0	35	1.05	0.95				
	320	1	55.15216702877193	11.202783927719299	0.0	0.0	3	0.9815777775544082	32.5642951819414	230.0	35	1.05	0.95				
	321	2	0.0	0.0	0.0	0.0	3	0.9901106289206417	30.713740557787286	230.0	37	1.05	0.95				
	322	2	0.0	0.0	0.0	0.0	3	1.0067530688918094	34.519151618945145	230.0	37	1.05	0.95				
	323	2	0.0	0.0	0.0	0.0	3	0.9842776634457481	32.09551531154638	230.0	35	1.05	0.95				
	324	1	0.0	0.0	0.0	0.0	3	0.990357436615842	34.17321243100766	230.0	36	1.05	0.95				
