%% MATPOWER Case Format : Version 2
function mpc = RTS_GMLC
mpc.version = '2';

%%-----  Power Flow Data  -----%%
%% system MVA base
mpc.baseMVA = 100.0;
%% bus data
%    bus_i    type    Pd    Qd    Gs    Bs    area    Vm    Va    baseKV    zone    Vmax    Vmin
mpc.bus = [
	101	2	47.226620501052636	9.620237509473686	0.0	0.0	1	1.0466025850126213	4.7803043755167876	138.0	11	1.05	0.95				
	102	2	42.41650174631579	8.745670463157895	0.0	0.0	1	1.045554359134247	4.476286149442395	138.0	12	1.05	0.95				
	103	1	78.71103416842105	16.179490356842106	0.0	0.0	1	1.0296695838616439	1.3119056765764692	138.0	11	1.05	0.95				
	104	1	32.35898071368421	6.5592528473684215	0.0	0.0	1	1.0280191963972625	0.7503823825831905	138.0	11	1.05	0.95				
	105	1	31.047130144210527	6.121969324210527	0.0	0.0	1	1.0415889807063732	0.7484099029620095	138.0	11	1.05	0.95				
	106	1	59.47055914947369	12.243938648421054	0.0	-100.0	1	1.0474556157340358	-2.003129076238049	138.0	12	1.05	0.95				
	107	2	54.660440394736845	10.93208807894737	0.0	0.0	1	1.0000822297000496	-8.354210324138707	138.0	12	1.05	0.95				
	108	1	74.77548245999999	15.304923310526316	0.0	0.0	1	1.0036019752753922	-6.888961744615728	138.0	12	1.05	0.95				
	109	1	76.52461655263158	15.742206833684211	0.0	0.0	1	1.0243950953946206	-1.354474140823971	138.0	13	1.05	0.95				
	110	1	85.27028701578948	17.49134092631579	0.0	0.0	1	1.05	-2.0238760325994107	138.0	13	1.05	0.95				
	111	1	0.0	0.0	0.0	0.0	1	1.002788896527621	-0.03951706506676583	230.0	13	1.05	0.95				
	112	1	0.0	0.0	0.0	0.0	1	1.0080194638865383	0.26926439900343047	230.0	13	1.05	0.95				
	113	3	115.8801336368421	23.613310250526318	0.0	0.0	1	0.9941296480386943	6.0728979237099155e-31	230.0	14	1.05	0.95				
	114	2	84.83300349263158	17.054057403157895	0.0	0.0	1	0.9983421140111949	1.7042546212959904	230.0	16	1.05	0.95				
	115	2	138.61887684105264	27.986145482105268	0.0	0.0	1	1.0334939108534098	7.113440524807172	230.0	16	1.05	0.95				
	116	2	43.72835231578948	8.745670463157895	0.0	0.0	1	1.0296666421154121	6.723375851199724	230.0	16	1.05	0.95				
	117	1	0.0	0.0	0.0	0.0	1	1.0375464736905775	8.900234264932985	230.0	17	1.05	0.95				
	118	2	145.61541321157895	29.735279574736843	0.0	0.0	1	1.039863237526656	9.094892588863688	230.0	17	1.05	0.95				
	119	1	79.14831769157895	16.179490356842106	0.0	0.0	1	1.0233198351229944	5.566477048991638	230.0	15	1.05	0.95				
	120	1	55.972290964210536	11.369371602105264	0.0	0.0	1	1.0207646985853551	5.311478698627245	230.0	15	1.05	0.95				
	121	2	0.0	0.0	0.0	0.0	1	1.0432803023337085	10.194554083726713	230.0	17	1.05	0.95				
	122	2	0.0	0.0	0.0	0.0	1	1.05	16.191228687896565	230.0	17	1.05	0.95				
	123	2	0.0	0.0	0.0	0.0	1	1.0199404394472125	5.511993891743169	230.0	15	1.05	0.95				
	124	1	0.0	0.0	0.0	0.0	1	1.0240458225209497	4.931596064172962	230.0	16	1.05	0.95				
	201	2	45.865575322105265	9.342987565614035	0.0	0.0	2	1.0268319498705905	-7.769127565058239	138.0	21	1.05	0.95				
	202	2	41.194081539298246	8.493625059649123	0.0	0.0	2	1.0278331529178013	-7.567497822188932	138.0	22	1.05	0.95				
	203	1	76.4426255368421	15.713206360350876	0.0	0.0	2	1.0170094091421091	-7.242876610469128	138.0	21	1.05	0.95				
	204	1	31.42641272070175	6.370218794736841	0.0	0.0	2	1.018452774982154	-9.275431498961984	138.0	21	1.05	0.95				
	205	1	30.152368961754384	5.945537541754387	0.0	0.0	2	1.0332565470963442	-9.523731932723255	138.0	21	1.05	0.95				
	206	1	57.75665040561404	11.891075083508774	0.0	-100.0	2	1.0449709230021043	-10.885216117863104	138.0	22	1.05	0.95				
	207	2	53.08515662280702	10.617031324561403	0.0	0.0	2	0.9927999503473124	-17.05612179135383	138.0	22	1.05	0.95				
	208	1	72.62049426	14.863843854385964	0.0	0.0	2	0.9988478624694314	-15.138664698090068	138.0	22	1.05	0.95				
	209	1	74.31921927192982	15.28852510736842	0.0	0.0	2	1.0227223716298974	-8.92985297333963	138.0	23	1.05	0.95				
	210	1	82.81284433157894	16.987250119298245	0.0	0.0	2	1.05	-9.942380551278275	138.0	23	1.05	0.95				
	211	1	0.0	0.0	0.0	0.0	2	1.0044018037646834	-6.333615020646777	230.0	23	1.05	0.95				
	212	1	0.0	0.0	0.0	0.0	2	1.0074811382513609	-5.510272133436918	230.0	23	1.05	0.95				
	213	2	112.54053204035085	22.932787661052632	0.0	0.0	2	0.9989016465896847	-5.122385378440466	230.0	24	1.05	0.95				
	214	2	82.38816307859649	16.56256886631579	0.0	0.0	2	1.0037169600777445	-4.1668232746069025	230.0	26	1.05	0.95				
	215	2	134.62395719543858	27.17960019087719	0.0	0.0	2	1.0218630636654618	1.677559437965848	230.0	26	1.05	0.95				
	216	2	42.46812529824561	8.493625059649123	0.0	0.0	2	1.0226527994968078	1.4772326825246878	230.0	26	1.05	0.95				
	217	1	0.0	0.0	0.0	0.0	2	1.0274807419518024	3.013955367011815	230.0	27	1.05	0.95				
	218	2	141.4188572431579	28.87832520280702	0.0	0.0	2	1.0267069874718007	2.507491368163156	230.0	27	1.05	0.95				
	219	1	76.86730678982457	15.713206360350876	0.0	0.0	2	1.022882411335266	1.3887539367121142	230.0	25	1.05	0.95				
	220	1	54.35920038175438	11.041712577543858	0.0	0.0	2	1.0259316419609241	2.145465474272583	230.0	25	1.05	0.95				
	221	2	0.0	0.0	0.0	0.0	2	1.0286128902085117	3.034339290899127	230.0	27	1.05	0.95				
	222	2	0.0	0.0	0.0	0.0	2	1.0499999668087945	9.516904962191036	230.0	27	1.05	0.95				
	223	2	0.0	0.0	0.0	0.0	2	1.0283520334929834	2.8857547876032554	230.0	25	1.05	0.95				
	224	1	0.0	0.0	0.0	0.0	2	1.009014989343207	-1.6806441322348966	230.0	26	1.05	0.95				
	301	2	54.39291362526315	11.080037960701752	0.0	0.0	3	1.0071815017534578	-14.072239089100613	138.0	31	1.05	0.95				
	302	2	48.85289464491227	10.072761782456139	0.0	0.0	3	1.0068384207467098	-14.164100151280229	138.0	32	1.05	0.95				
	303	1	90.65485604210525	18.634609297543854	0.0	0.0	3	1.0177090342926605	-9.387382038149969	138.0	31	1.05	0.95				
	304	1	37.26921859508771	7.554571336842105	0.0	0.0	3	1.0074389795524736	-12.564530484334654	138.0	31	1.05	0.95				
	305	1	35.758304327719294	7.050933247719297	0.0	0.0	3	1.0215455377147844	-12.862167425693917	138.0	31	1.05	0.95				
	306	1	68.49478012070175	14.101866495438594	0.0	-100.0	3	1.0378152209314908	-12.770059335459402	138.0	32	1.05	0.95				
	307	2	62.95476114035087	12.590952228070174	0.0	0.0	3	0.9953699976682177	-18.192061025641816	138.0	32	1.05	0.95				
	308	1	86.12211323999999	17.627333119298243	0.0	0.0	3	0.9990441280224318	-15.869475580551146	138.0	32	1.05	0.95				
	309	1	88.13666559649121	18.130971208421048	0.0	0.0	3	1.0245626365289984	-9.190116212804808	138.0	33	1.05	0.95				
	310	1	98.20942737894735	20.145523564912278	0.0	0.0	3	1.05	-10.03626364220229	138.0	33	1.05	0.95				
	311	1	0.0	0.0	0.0	0.0	3	1.0091120168095784	-4.122844346028777	230.0	33	1.05	0.95				
	312	1	0.0	0.0	0.0	0.0	3	1.012106120423839	-3.537644640520917	230.0	33	1.05	0.95				
	313	2	133.46409361754382	27.196456812631574	0.0	0.0	3	1.0161795743848507	0.425945691440552	230.0	34	1.05	0.95				
	314	2	97.70578928982454	19.641885475789472	0.0	0.0	3	1.010992801537686	-2.563963215892764	230.0	36	1.05	0.95				
	315	2	159.6532742519298	32.232837703859644	0.0	0.0	3	1.02637630438678	-1.987974629195504	230.0	36	1.05	0.95				
	316	2	50.363808912280696	10.072761782456139	0.0	0.0	3	1.026512987889583	-0.7942894984959075	230.0	36	1.05	0.95				
	317	1	0.0	0.0	0.0	0.0	3	1.0298962208896594	-0.6287140523223832	230.0	37	1.05	0.95				
	318	2	167.71148367789473	34.247390060350874	0.0	0.0	3	1.028132068748107	-1.0965354614239278	230.0	37	1.05	0.95				
	319	1	91.15849413122807	18.634609297543854	0.0	0.0	3	1.0250907768282556	-0.12092703239199158	230.0	35	1.05	0.95				
	320	1	64.46567540771929	13.094590317192981	0.0	0.0	3	1.0252692272428652	0.42356817086519305	230.0	35	1.05	0.95				
	321	2	0.0	0.0	0.0	0.0	3	1.0296218053696815	-0.8481268361586924	230.0	37	1.05	0.95				
	322	2	0.0	0.0	0.0	0.0	3	1.0429979640758158	3.603370342823345	230.0	37	1.05	0.95				
	323	2	0.0	0.0	0.0	0.0	3	1.0257272445782006	0.8450283186486363	230.0	35	1.05	0.95				
	324	1	0.0	0.0	0.0	0.0	3	1.015500069039699	-3.4660402654179863	230.0	36	1.05	0.95				
	325	1	0.0	0.0	0.0	0.0	3	1.025385580448796	1.6411089727383639	230.0	35	1.05	0.95				
];
