%% MATPOWER Case Format : Version 2
function mpc = RTS_GMLC
mpc.version = '2';

%%-----  Power Flow Data  -----%%
%% system MVA base
mpc.baseMVA = 100.0;
%% bus data
%    bus_i    type    Pd    Qd    Gs    Bs    area    Vm    Va    baseKV    zone    Vmax    Vmin
mpc.bus = [
	101	2	76.40425530947368	15.563829785263158	0.0	0.0	1	1.0480426699031844	0.6057122450926903	138.0	11	1.05	0.95				
	102	2	68.6223404168421	14.148936168421052	0.0	0.0	1	1.047120316810353	0.2681364806673684	138.0	12	1.05	0.95				
	103	1	127.34042551578948	26.175531911578947	0.0	0.0	1	1.0297947294509733	-0.0033156811669920183	138.0	11	1.05	0.95				
	104	1	52.351063823157894	10.611702126315791	0.0	0.0	1	1.0251924219125488	-3.284232965947044	138.0	11	1.05	0.95				
	105	1	50.22872339789474	9.904255317894739	0.0	0.0	1	1.0386554121688447	-3.722979028787146	138.0	11	1.05	0.95				
	106	1	96.21276594526317	19.808510635789478	0.0	-100.0	1	1.0400041856559648	-6.862201455684367	138.0	12	1.05	0.95				
	107	2	88.43085105263158	17.686170210526317	0.0	0.0	1	1.006939124244895	-13.614337528002462	138.0	12	1.05	0.95				
	108	1	120.97340424000001	24.760638294736843	0.0	0.0	1	0.9986609888709653	-12.254901313865023	138.0	12	1.05	0.95				
	109	1	123.80319147368422	25.468085103157893	0.0	0.0	1	1.0258453101023886	-4.356992888103128	138.0	13	1.05	0.95				
	110	1	137.95212764210527	28.297872336842104	0.0	0.0	1	1.05	-5.961161163494304	138.0	13	1.05	0.95				
	111	1	0.0	0.0	0.0	0.0	1	1.015249027570458	-1.4314534028350707	230.0	13	1.05	0.95				
	112	1	0.0	0.0	0.0	0.0	1	1.0171008244767235	-1.220730024462802	230.0	13	1.05	0.95				
	113	3	187.47340423157894	38.20212765473684	0.0	0.0	1	1.0160334938805495	-1.4506285349330792e-30	230.0	14	1.05	0.95				
	114	2	137.2446808336842	27.590425528421054	0.0	0.0	1	1.0205338566895423	1.0665920356070444	230.0	16	1.05	0.95				
	115	2	224.2606382694737	45.27659573894737	0.0	0.0	1	1.0446712319515394	10.058703518191027	230.0	16	1.05	0.95				
	116	2	70.74468084210527	14.148936168421052	0.0	0.0	1	1.0426027175131338	8.87416109425767	230.0	16	1.05	0.95				
	117	1	0.0	0.0	0.0	0.0	1	1.0457239075091862	12.774028687256989	230.0	17	1.05	0.95				
	118	2	235.57978720421056	48.106382972631586	0.0	0.0	1	1.049144196203571	13.477170851891234	230.0	17	1.05	0.95				
	119	1	128.04787232421054	26.175531911578947	0.0	0.0	1	1.0359606852322902	6.593917595134438	230.0	15	1.05	0.95				
	120	1	90.55319147789474	18.39361701894737	0.0	0.0	1	1.0361260198226845	5.4639772847491965	230.0	15	1.05	0.95				
	121	2	0.0	0.0	0.0	0.0	1	1.05	15.274505734378407	230.0	17	1.05	0.95				
	122	2	0.0	0.0	0.0	0.0	1	1.05	23.317556596986105	230.0	17	1.05	0.95				
	123	2	0.0	0.0	0.0	0.0	1	1.0379971467078954	5.369798452528669	230.0	15	1.05	0.95				
	124	1	0.0	0.0	0.0	0.0	1	1.0264881554473555	6.306546707004565	230.0	16	1.05	0.95				
	201	2	80.68125296842106	16.435070049122803	0.0	0.0	2	1.0362674903883524	-14.770942093110886	138.0	21	1.05	0.95				
	202	2	72.46371794385963	14.940972771929825	0.0	0.0	2	1.036875487597829	-14.75812516995426	138.0	22	1.05	0.95				
	203	1	134.4687549473684	27.640799628070173	0.0	0.0	2	1.016819760860442	-12.798493008400204	138.0	21	1.05	0.95				
	204	1	55.281599256140346	11.205729578947366	0.0	0.0	2	1.017427097499339	-15.871114649123324	138.0	21	1.05	0.95				
	205	1	53.040453340350865	10.458680940350877	0.0	0.0	2	1.033693372004064	-16.228679742021285	138.0	21	1.05	0.95				
	206	1	101.59861484912281	20.917361880701755	0.0	-100.0	2	1.0379875680817028	-17.733670463119886	138.0	22	1.05	0.95				
	207	2	93.3810798245614	18.67621596491228	0.0	0.0	2	0.9595974136682872	-28.782099543114388	138.0	22	1.05	0.95				
	208	1	127.7453172	26.146702350877188	0.0	0.0	2	0.9644272698826288	-25.053728019294844	138.0	22	1.05	0.95				
	209	1	130.73351175438597	26.89375098947368	0.0	0.0	2	1.0252103962867014	-13.753046019100864	138.0	23	1.05	0.95				
	210	1	145.67448452631578	29.88194554385965	0.0	0.0	2	1.05	-15.3510985036155	138.0	23	1.05	0.95				
	211	1	0.0	0.0	0.0	0.0	2	1.027749797457748	-9.785858125629854	230.0	23	1.05	0.95				
	212	1	0.0	0.0	0.0	0.0	2	1.0246105803273111	-4.643200858877533	230.0	23	1.05	0.95				
	213	2	197.96788922807016	40.34062648421053	0.0	0.0	2	1.0379710619021216	-6.935372254351893	230.0	24	1.05	0.95				
	214	2	144.92743588771927	29.134896905263158	0.0	0.0	2	1.0414088311357435	-7.665967724976374	230.0	26	1.05	0.95				
	215	2	236.81441843508767	47.811112870175435	0.0	0.0	2	1.0422928226164563	0.008741326100985476	230.0	26	1.05	0.95				
	216	2	74.70486385964912	14.940972771929825	0.0	0.0	2	1.044575742788626	-0.039294948130799964	230.0	26	1.05	0.95				
	217	1	0.0	0.0	0.0	0.0	2	1.0454798173322732	2.3719812435670793	230.0	27	1.05	0.95				
	218	2	248.76719665263155	50.799307424561405	0.0	0.0	2	1.045484291321939	2.269468523443088	230.0	27	1.05	0.95				
	219	1	135.2158035859649	27.640799628070173	0.0	0.0	2	1.0413153859281123	0.19921598934625798	230.0	25	1.05	0.95				
	220	1	95.62222574035087	19.423264603508773	0.0	0.0	2	1.0451983607980588	1.8083314538287691	230.0	25	1.05	0.95				
	221	2	0.0	0.0	0.0	0.0	2	1.0460041388901242	2.289769958929701	230.0	27	1.05	0.95				
	222	2	0.0	0.0	0.0	0.0	2	1.05	8.830699917883825	230.0	27	1.05	0.95				
	223	2	0.0	0.0	0.0	0.0	2	1.05	3.230810541316149	230.0	25	1.05	0.95				
	224	1	0.0	0.0	0.0	0.0	2	1.0166123837655585	-4.725073294239597	230.0	26	1.05	0.95				
	301	2	69.71654538947368	14.201518505263158	0.0	0.0	3	0.9999619651879981	4.425118049746764	138.0	31	1.05	0.95				
	302	2	62.6157861368421	12.910471368421053	0.0	0.0	3	1.001944255303939	4.378144780469531	138.0	32	1.05	0.95				
	303	1	116.19424231578948	23.884372031578945	0.0	0.0	3	1.0138884991173933	7.228992605006411	138.0	31	1.05	0.95				
	304	1	47.76874406315789	9.682853526315789	0.0	0.0	3	1.0017339965958596	6.764685314302857	138.0	31	1.05	0.95				
	305	1	45.83217335789473	9.037329957894737	0.0	0.0	3	1.0136969811950391	6.74614488670147	138.0	31	1.05	0.95				
	306	1	87.79120530526316	18.074659915789475	0.0	-100.0	3	1.0303144626959413	7.321552980379013	138.0	32	1.05	0.95				
	307	2	80.69044605263159	16.138089210526317	0.0	0.0	3	0.9807573202973778	3.4125189336798942	138.0	32	1.05	0.95				
	308	1	110.38453020000001	22.593324894736842	0.0	0.0	3	0.9933730165825961	6.336323447929329	138.0	32	1.05	0.95				
	309	1	112.96662447368422	23.238848463157893	0.0	0.0	3	1.025247927290521	11.351371110174098	138.0	33	1.05	0.95				
	310	1	125.87709584210526	25.820942736842106	0.0	0.0	3	1.0480962312694788	11.134742336559977	138.0	33	1.05	0.95				
	311	1	0.0	0.0	0.0	0.0	3	1.0150805682393995	17.819356958614343	230.0	33	1.05	0.95				
	312	1	0.0	0.0	0.0	0.0	3	1.0209771582138054	19.41942107986385	230.0	33	1.05	0.95				
	313	2	171.06374563157894	34.85827269473684	0.0	0.0	3	1.0444826379314727	27.213733383835752	230.0	34	1.05	0.95				
	314	2	125.2315722736842	25.175419168421055	0.0	0.0	3	1.0178583771825904	15.962410393957379	230.0	36	1.05	0.95				
	315	2	204.63097118947368	41.31350837894737	0.0	0.0	3	1.0395164333886426	9.943710100533693	230.0	36	1.05	0.95				
	316	2	64.55235684210527	12.910471368421053	0.0	0.0	3	1.0405849950487698	11.458714835819753	230.0	36	1.05	0.95				
	317	1	0.0	0.0	0.0	0.0	3	1.044604601728098	10.688087751414368	230.0	37	1.05	0.95				
	318	2	214.95934828421053	43.89560265263158	0.0	0.0	3	1.0427567003619955	9.180991246290807	230.0	37	1.05	0.95				
	319	1	116.83976588421052	23.884372031578945	0.0	0.0	3	1.0389315336822793	14.571012220825327	230.0	35	1.05	0.95				
	320	1	82.62701675789474	16.78361277894737	0.0	0.0	3	1.0414917546815545	17.06820387675195	230.0	35	1.05	0.95				
	321	2	0.0	0.0	0.0	0.0	3	1.0427925988422297	10.015327657022782	230.0	37	1.05	0.95				
	322	2	0.0	0.0	0.0	0.0	3	1.05	14.60752120390132	230.0	37	1.05	0.95				
	323	2	0.0	0.0	0.0	0.0	3	1.043217147640982	18.049704436427138	230.0	35	1.05	0.95				
	324	1	0.0	0.0	0.0	0.0	3	1.0268038389339573	10.923443548402624	230.0	36	1.05	0.95				
	325	1	0.0	0.0	0.0	0.0	3	1.0450481073469253	17.818242396620185	230.0	35	1.05	0.95				
];
