%% MATPOWER Case Format : Version 2
function mpc = RTS_GMLC
mpc.version = '2';

%%-----  Power Flow Data  -----%%
%% system MVA base
mpc.baseMVA = 100.0;
%% bus data
%    bus_i    type    Pd    Qd    Gs    Bs    area    Vm    Va    baseKV    zone    Vmax    Vmin
mpc.bus = [
	101	2	39.985650682105266	8.145225138947369	0.0	0.0	1	1.0310895461190224	2.6922265246299797	138.0	11	1.05	0.95				
	102	2	35.91303811263158	7.40475012631579	0.0	0.0	1	1.0302052556571348	2.4489192630605903	138.0	12	1.05	0.95				
	103	1	66.64275113684212	13.698787733684211	0.0	0.0	1	1.0299303640917368	0.46540012263412867	138.0	11	1.05	0.95				
	104	1	27.397575467368423	5.553562594736842	0.0	0.0	1	1.0213388884589147	-0.6179392095822288	138.0	11	1.05	0.95				
	105	1	26.286862948421053	5.1833250884210536	0.0	0.0	1	1.0354502083472368	-0.33538706304462756	138.0	11	1.05	0.95				
	106	1	50.35230085894737	10.366650176842107	0.0	-100.0	1	1.0464124657468712	-2.453649025729248	138.0	12	1.05	0.95				
	107	2	46.27968828947368	9.255937657894737	0.0	0.0	1	1.0004759835533081	-7.463899024062158	138.0	12	1.05	0.95				
	108	1	63.31061358000001	12.95831272105263	0.0	0.0	1	1.0064738164942768	-6.267288922718297	138.0	12	1.05	0.95				
	109	1	64.79156360526316	13.32855022736842	0.0	0.0	1	1.025056888376638	-1.6156790533714787	138.0	13	1.05	0.95				
	110	1	72.19631373157895	14.80950025263158	0.0	0.0	1	1.05	-2.2282192470670377	138.0	13	1.05	0.95				
	111	1	0.0	0.0	0.0	0.0	1	1.0024770670639052	-0.17539045857860072	230.0	13	1.05	0.95				
	112	1	0.0	0.0	0.0	0.0	1	1.007455672896307	0.24276840463686744	230.0	13	1.05	0.95				
	113	3	98.11293917368421	19.992825341052633	0.0	0.0	1	0.9924181504202507	-1.6374866297296496e-27	230.0	14	1.05	0.95				
	114	2	71.82607622526317	14.439262746315789	0.0	0.0	1	0.9988393213655681	1.5516253866737113	230.0	16	1.05	0.95				
	115	2	117.36528950210527	23.695200404210528	0.0	0.0	1	1.0379646737337669	6.327998299224578	230.0	16	1.05	0.95				
	116	2	37.02375063157895	7.40475012631579	0.0	0.0	1	1.0328409123071367	6.091052624745176	230.0	16	1.05	0.95				
	117	1	0.0	0.0	0.0	0.0	1	1.0418321149457903	7.647735547206349	230.0	17	1.05	0.95				
	118	2	123.28908960315789	25.176150429473687	0.0	0.0	1	1.0452390431216925	7.392268084461813	230.0	17	1.05	0.95				
	119	1	67.0129886431579	13.698787733684211	0.0	0.0	1	1.0264194706031442	5.4141820408386225	230.0	15	1.05	0.95				
	120	1	47.390400808421056	9.626175164210528	0.0	0.0	1	1.0230562040431075	5.546793981836145	230.0	15	1.05	0.95				
	121	2	0.0	0.0	0.0	0.0	1	1.05	8.001374493233854	230.0	17	1.05	0.95				
	122	2	0.0	0.0	0.0	0.0	1	1.05	15.84843560780658	230.0	17	1.05	0.95				
	123	2	0.0	0.0	0.0	0.0	1	1.0215186507384242	5.910330865472162	230.0	15	1.05	0.95				
	124	1	0.0	0.0	0.0	0.0	1	1.026841430220291	4.134703603619918	230.0	16	1.05	0.95				
	201	2	44.14859120842106	8.99323154245614	0.0	0.0	2	1.0237669154358309	-7.348099209060948	138.0	21	1.05	0.95				
	202	2	39.65197543719298	8.175665038596492	0.0	0.0	2	1.0246792477844546	-7.155350868214557	138.0	22	1.05	0.95				
	203	1	73.58098534736843	15.124980321403509	0.0	0.0	2	1.018368927079229	-6.593358754392806	138.0	21	1.05	0.95				
	204	1	30.249960642807018	6.131748778947369	0.0	0.0	2	1.0174507845412415	-8.997466645716845	138.0	21	1.05	0.95				
	205	1	29.023610887017544	5.722965527017545	0.0	0.0	2	1.031844619941002	-9.26427702467151	138.0	21	1.05	0.95				
	206	1	55.594522262456145	11.44593105403509	0.0	-100.0	2	1.044567029686573	-10.701328041575575	138.0	22	1.05	0.95				
	207	2	51.09790649122807	10.219581298245615	0.0	0.0	2	0.9894401869558659	-16.624003304650838	138.0	22	1.05	0.95				
	208	1	69.90193608	14.30741381754386	0.0	0.0	2	0.9976186468850473	-14.805595571509036	138.0	22	1.05	0.95				
	209	1	71.5370690877193	14.716197069473683	0.0	0.0	2	1.022990808471903	-8.819828513999349	138.0	23	1.05	0.95				
	210	1	79.71273412631578	16.351330077192983	0.0	0.0	2	1.05	-9.88902260503983	138.0	23	1.05	0.95				
	211	1	0.0	0.0	0.0	0.0	2	1.0046027344053645	-6.330417405073164	230.0	23	1.05	0.95				
	212	1	0.0	0.0	0.0	0.0	2	1.0101248918803614	-6.043835657671447	230.0	23	1.05	0.95				
	213	2	108.3275617614035	22.07429560421053	0.0	0.0	2	0.9984260545614979	-5.691882441274562	230.0	24	1.05	0.95				
	214	2	79.30395087438596	15.94254682526316	0.0	0.0	2	1.0044921510344618	-3.7450163580393436	230.0	26	1.05	0.95				
	215	2	129.58429086175437	26.162128123508772	0.0	0.0	2	1.026335318287268	2.669202699207811	230.0	26	1.05	0.95				
	216	2	40.87832519298246	8.175665038596492	0.0	0.0	2	1.0283541412233255	2.3255662744366368	230.0	26	1.05	0.95				
	217	1	0.0	0.0	0.0	0.0	2	1.0333810269239672	5.128992494037204	230.0	27	1.05	0.95				
	218	2	136.12482289263158	27.797261131228073	0.0	0.0	2	1.035015430830455	5.608618601264682	230.0	27	1.05	0.95				
	219	1	73.98976859929824	15.124980321403509	0.0	0.0	2	1.0294036864758729	1.0758002382703773	230.0	25	1.05	0.95				
	220	1	52.324256247017544	10.628364550175439	0.0	0.0	2	1.033167860501435	0.7874549268881915	230.0	25	1.05	0.95				
	221	2	0.0	0.0	0.0	0.0	2	1.0350330689281206	5.3891603602125215	230.0	27	1.05	0.95				
	222	2	0.0	0.0	0.0	0.0	2	1.05	11.784002091407649	230.0	27	1.05	0.95				
	223	2	0.0	0.0	0.0	0.0	2	1.0356451656606973	0.9390412817369447	230.0	25	1.05	0.95				
	224	1	0.0	0.0	0.0	0.0	2	1.0118883140377233	-0.8070565868794791	230.0	26	1.05	0.95				
	301	2	54.734577650526326	11.149636188070176	0.0	0.0	3	1.005955957408239	-32.62170481123909	138.0	31	1.05	0.95				
	302	2	49.15975955649123	10.136032898245615	0.0	0.0	3	1.0054470511862308	-32.74690606185793	138.0	32	1.05	0.95				
	303	1	91.22429608421054	18.751660861754388	0.0	0.0	3	1.0226304056130966	-26.340102935254777	138.0	31	1.05	0.95				
	304	1	37.503321723508776	7.602024673684212	0.0	0.0	3	1.0079129342800177	-31.032730440314175	138.0	31	1.05	0.95				
	305	1	35.98291678877193	7.095223028771931	0.0	0.0	3	1.0211319852975769	-31.859156689845292	138.0	31	1.05	0.95				
	306	1	68.92502370807019	14.190446057543863	0.0	-100.0	3	1.037479757321791	-32.015776771420484	138.0	32	1.05	0.95				
	307	2	63.35020561403509	12.670041122807019	0.0	0.0	3	0.9912615928078785	-37.744265865680944	138.0	32	1.05	0.95				
	308	1	86.66308128000001	17.738057571929826	0.0	0.0	3	0.9952945224441597	-35.39325853828626	138.0	32	1.05	0.95				
	309	1	88.69028785964913	18.24485921684211	0.0	0.0	3	1.0268178286561915	-27.563621303370503	138.0	33	1.05	0.95				
	310	1	98.82632075789475	20.27206579649123	0.0	0.0	3	1.05	-29.468697765947947	138.0	33	1.05	0.95				
	311	1	0.0	0.0	0.0	0.0	3	1.0145645333766666	-22.72822936259042	230.0	33	1.05	0.95				
	312	1	0.0	0.0	0.0	0.0	3	1.01601591319123	-22.066831865280115	230.0	33	1.05	0.95				
	313	2	134.3024359017544	27.367288825263163	0.0	0.0	3	1.0206110210772061	-18.93097909268758	230.0	34	1.05	0.95				
	314	2	98.31951911298246	19.765264151578947	0.0	0.0	3	1.0225259908538546	-20.266692769507365	230.0	36	1.05	0.95				
	315	2	160.65612143719298	32.43530527438597	0.0	0.0	3	1.0464367780758927	-14.40306861832471	230.0	36	1.05	0.95				
	316	2	50.680164491228076	10.136032898245615	0.0	0.0	3	1.0462025483271442	-13.792560625808381	230.0	36	1.05	0.95				
	317	1	0.0	0.0	0.0	0.0	3	1.0486872175352653	-11.539239051487261	230.0	37	1.05	0.95				
	318	2	168.7649477557895	34.46251185403509	0.0	0.0	3	1.0484331840976042	-11.150815638981975	230.0	37	1.05	0.95				
	319	1	91.73109772912281	18.751660861754388	0.0	0.0	3	1.044364854646824	-14.548741639378127	230.0	35	1.05	0.95				
	320	1	64.87061054877194	13.176842767719299	0.0	0.0	3	1.0464666943923862	-14.253484569987728	230.0	35	1.05	0.95				
	321	2	0.0	0.0	0.0	0.0	3	1.0499999161856433	-11.093281808816911	230.0	37	1.05	0.95				
	322	2	0.0	0.0	0.0	0.0	3	1.05	-6.9224783100807485	230.0	37	1.05	0.95				
	323	2	0.0	0.0	0.0	0.0	3	1.0485407323181128	-13.718865771805362	230.0	35	1.05	0.95				
	324	1	0.0	0.0	0.0	0.0	3	1.022506251496	-18.82069567562835	230.0	36	1.05	0.95				
	325	1	0.0	0.0	0.0	0.0	3	1.0400854868166376	-11.961346362870547	230.0	35	1.05	0.95				
];
