%% MATPOWER Case Format : Version 2
function mpc = RTS_GMLC
mpc.version = '2';

%%-----  Power Flow Data  -----%%
%% system MVA base
mpc.baseMVA = 100.0;
%% bus data
%    bus_i    type    Pd    Qd    Gs    Bs    area    Vm    Va    baseKV    zone    Vmax    Vmin
mpc.bus = [
	101	2	61.855517065263165	12.600197920701756	0.0	0.0	1	1.0360956649784394	1.5773250972725374	138.0	11	1.05	0.95				
	102	2	55.55541810491228	11.454725382456141	0.0	0.0	1	1.0361285562938667	1.5530429352350295	138.0	12	1.05	0.95				
	103	1	103.09252844210528	21.19124195754386	0.0	0.0	1	1.0252902014976575	-0.7028655239776181	138.0	11	1.05	0.95				
	104	1	42.38248391508772	8.591044036842106	0.0	0.0	1	1.0204612669106357	-1.7989526248267236	138.0	11	1.05	0.95				
	105	1	40.6642751077193	8.0183077677193	0.0	0.0	1	1.035267629138706	-1.6320658340243148	138.0	11	1.05	0.95				
	106	1	77.89213260070177	16.0366155354386	0.0	-100.0	1	1.0419916419723603	-3.9588744795025024	138.0	12	1.05	0.95				
	107	2	71.59203364035088	14.318406728070176	0.0	0.0	1	1.0332305644754942	-0.9359444060026313	138.0	12	1.05	0.95				
	108	1	97.93790202	20.045769419298246	0.0	0.0	1	1.020798203716079	-3.4656846468293563	138.0	12	1.05	0.95				
	109	1	100.22884709649125	20.618505688421056	0.0	0.0	1	1.0258034752483782	-2.2366024264804065	138.0	13	1.05	0.95				
	110	1	111.68357247894738	22.909450764912282	0.0	0.0	1	1.05	-3.0918208563037592	138.0	13	1.05	0.95				
	111	1	0.0	0.0	0.0	0.0	1	1.0071559782173911	-0.5723985467120721	230.0	13	1.05	0.95				
	112	1	0.0	0.0	0.0	0.0	1	1.0114767039041002	0.17878171136790383	230.0	13	1.05	0.95				
	113	3	151.77511131754386	30.927758532631582	0.0	0.0	1	1.0013878791738495	-1.4676160833044492e-28	230.0	14	1.05	0.95				
	114	2	111.11083620982455	22.336714495789476	0.0	0.0	1	1.004944042925528	1.1233048614789585	230.0	16	1.05	0.95				
	115	2	181.55739731192983	36.65512122385965	0.0	0.0	1	1.040940397959554	7.076491088581499	230.0	16	1.05	0.95				
	116	2	57.273626912280704	11.454725382456141	0.0	0.0	1	1.037334477052353	6.915507893316409	230.0	16	1.05	0.95				
	117	1	0.0	0.0	0.0	0.0	1	1.0449347035109262	9.14558745542027	230.0	17	1.05	0.95				
	118	2	190.72117761789477	38.946066300350886	0.0	0.0	1	1.0480038462490062	9.430516155645918	230.0	17	1.05	0.95				
	119	1	103.66526471122808	21.19124195754386	0.0	0.0	1	1.0309021236238305	6.1172238040722995	230.0	15	1.05	0.95				
	120	1	73.3102424477193	14.891142997192986	0.0	0.0	1	1.0299018051754325	6.522606287702614	230.0	15	1.05	0.95				
	121	2	0.0	0.0	0.0	0.0	1	1.05	9.420727953487425	230.0	17	1.05	0.95				
	122	2	0.0	0.0	0.0	0.0	1	1.05	16.02315935266838	230.0	17	1.05	0.95				
	123	2	0.0	0.0	0.0	0.0	1	1.0306746797405137	7.18056938216158	230.0	15	1.05	0.95				
	124	1	0.0	0.0	0.0	0.0	1	1.02507174464709	4.184054748728992	230.0	16	1.05	0.95				
	201	2	51.06752715789473	10.40264442105263	0.0	0.0	2	1.0320397811416366	-3.656992825229395	138.0	21	1.05	0.95				
	202	2	45.866204947368416	9.45694947368421	0.0	0.0	2	1.0321564317078766	-3.6974142167235113	138.0	22	1.05	0.95				
	203	1	85.11254526315788	17.49535652631579	0.0	0.0	2	1.0271600362793432	-3.3799270965649795	138.0	21	1.05	0.95				
	204	1	34.99071305263158	7.092712105263158	0.0	0.0	2	1.0200623724615208	-6.323058984783953	138.0	21	1.05	0.95				
	205	1	33.57217063157894	6.619864631578948	0.0	0.0	2	1.0347974276836285	-6.42138098153733	138.0	21	1.05	0.95				
	206	1	64.30725642105263	13.239729263157896	0.0	-100.0	2	1.044161737386919	-8.427760511860857	138.0	22	1.05	0.95				
	207	2	59.105934210526314	11.821186842105263	0.0	0.0	2	0.9865800173407154	-15.668197040377027	138.0	22	1.05	0.95				
	208	1	80.856918	16.549661578947365	0.0	0.0	2	0.9935481320963184	-13.509959568115109	138.0	22	1.05	0.95				
	209	1	82.74830789473684	17.022509052631577	0.0	0.0	2	1.0242670890415586	-6.550663014912021	138.0	23	1.05	0.95				
	210	1	92.20525736842104	18.91389894736842	0.0	0.0	2	1.05	-7.727535968899234	138.0	23	1.05	0.95				
	211	1	0.0	0.0	0.0	0.0	2	1.007124597498932	-4.182478469116407	230.0	23	1.05	0.95				
	212	1	0.0	0.0	0.0	0.0	2	1.0123465103905462	-3.6963154599168995	230.0	23	1.05	0.95				
	213	2	125.30458052631576	25.533763578947365	0.0	0.0	2	1.0013984869192	-3.4816968933636545	230.0	24	1.05	0.95				
	214	2	91.73240989473683	18.441051473684208	0.0	0.0	2	1.008268021864293	-1.7379428530010554	230.0	26	1.05	0.95				
	215	2	149.89264915789474	30.262238315789467	0.0	0.0	2	1.0326884714765276	4.572944823998547	230.0	26	1.05	0.95				
	216	2	47.28474736842105	9.45694947368421	0.0	0.0	2	1.0344256313378755	4.513336406120977	230.0	26	1.05	0.95				
	217	1	0.0	0.0	0.0	0.0	2	1.0393561984074273	7.271384717705351	230.0	27	1.05	0.95				
	218	2	157.4582087368421	32.153628210526314	0.0	0.0	2	1.0411216109316113	7.893766043837692	230.0	27	1.05	0.95				
	219	1	85.58539273684211	17.49535652631579	0.0	0.0	2	1.0351011565272088	3.4566712726317226	230.0	25	1.05	0.95				
	220	1	60.524476631578935	12.294034315789473	0.0	0.0	2	1.0391517019565448	3.4467393463124063	230.0	25	1.05	0.95				
	221	2	0.0	0.0	0.0	0.0	2	1.0405446862642755	7.537401930612293	230.0	27	1.05	0.95				
	222	2	0.0	0.0	0.0	0.0	2	1.05	13.935750036877478	230.0	27	1.05	0.95				
	223	2	0.0	0.0	0.0	0.0	2	1.0421011037840593	3.793491117223582	230.0	25	1.05	0.95				
	224	1	0.0	0.0	0.0	0.0	2	1.0205190275868536	1.5824058892559736	230.0	26	1.05	0.95				
	301	2	60.90161343157896	12.40588421754386	0.0	0.0	3	1.0065644222055965	-32.90554232985945	138.0	31	1.05	0.95				
	302	2	54.69867132280702	11.27807656140351	0.0	0.0	3	1.0059620749629228	-33.044038851512006	138.0	32	1.05	0.95				
	303	1	101.50268905263158	20.864441638596492	0.0	0.0	3	1.0205438119639934	-25.828460602955282	138.0	31	1.05	0.95				
	304	1	41.728883277192985	8.458557421052632	0.0	0.0	3	1.0067644296743385	-31.103553101274557	138.0	31	1.05	0.95				
	305	1	40.037171792982456	7.894653592982458	0.0	0.0	3	1.0205046541494918	-32.01253360762696	138.0	31	1.05	0.95				
	306	1	76.69092061754387	15.789307185964915	0.0	-100.0	3	1.0358700638355722	-32.14699255768867	138.0	32	1.05	0.95				
	307	2	70.48797850877193	14.097595701754386	0.0	0.0	3	0.9983243708772777	-35.42087112679785	138.0	32	1.05	0.95				
	308	1	96.4275546	19.73663398245614	0.0	0.0	3	0.9989970651801081	-34.15498865570084	138.0	32	1.05	0.95				
	309	1	98.6831699122807	20.30053781052632	0.0	0.0	3	1.026930456417316	-27.218836388279513	138.0	33	1.05	0.95				
	310	1	109.96124647368421	22.55615312280702	0.0	0.0	3	1.05	-29.309694940598554	138.0	33	1.05	0.95				
	311	1	0.0	0.0	0.0	0.0	3	1.0171838915239986	-22.2069106702565	230.0	33	1.05	0.95				
	312	1	0.0	0.0	0.0	0.0	3	1.0170845381231848	-21.60936457506138	230.0	33	1.05	0.95				
	313	2	149.4345144385965	30.45080671578948	0.0	0.0	3	1.0242233957306808	-18.518572056928	230.0	34	1.05	0.95				
	314	2	109.39734264561405	21.992249294736844	0.0	0.0	3	1.0279751918698212	-19.424580415190462	230.0	36	1.05	0.95				
	315	2	178.75751349824563	36.08984499649123	0.0	0.0	3	1.0485984351881246	-12.49014041195269	230.0	36	1.05	0.95				
	316	2	56.390382807017545	11.27807656140351	0.0	0.0	3	1.0485746085163155	-12.13285979550037	230.0	36	1.05	0.95				
	317	1	0.0	0.0	0.0	0.0	3	1.049359235730247	-9.3632124834972	230.0	37	1.05	0.95				
	318	2	187.77997474736844	38.34546030877193	0.0	0.0	3	1.0496468429672385	-8.708233249620166	230.0	37	1.05	0.95				
	319	1	102.06659288070176	20.864441638596492	0.0	0.0	3	1.0457566238497693	-13.271033615780745	230.0	35	1.05	0.95				
	320	1	72.17968999298246	14.661499529824562	0.0	0.0	3	1.0477670942704764	-13.20589404734983	230.0	35	1.05	0.95				
	321	2	0.0	0.0	0.0	0.0	3	1.05	-8.325946614645188	230.0	37	1.05	0.95				
	322	2	0.0	0.0	0.0	0.0	3	1.05	-2.95699790810781	230.0	37	1.05	0.95				
	323	2	0.0	0.0	0.0	0.0	3	1.05	-12.757722566205937	230.0	35	1.05	0.95				
	324	1	0.0	0.0	0.0	0.0	3	1.0211045028495167	-17.41032013565592	230.0	36	1.05	0.95				
	325	1	0.0	0.0	0.0	0.0	3	1.0411046220540618	-10.968349594510649	230.0	35	1.05	0.95				
];
