%% MATPOWER Case Format : Version 2
function mpc = RTS_GMLC
mpc.version = '2';

%%-----  Power Flow Data  -----%%
%% system MVA base
mpc.baseMVA = 100.0;
%% bus data
%    bus_i    type    Pd    Qd    Gs    Bs    area    Vm    Va    baseKV    zone    Vmax    Vmin
mpc.bus = [
	101	2	56.9391390568421	11.598713511578946	0.0	0.0	1	1.0190136959032057	-4.8083226052038714	138.0	11	1.05	0.95				
	102	2	51.13978230105263	10.544285010526316	0.0	0.0	1	1.0179419084995975	-5.079371185216292	138.0	12	1.05	0.95				
	103	1	94.89856509473684	19.506927269473685	0.0	0.0	1	1.0275529097945684	0.2694995040484759	138.0	11	1.05	0.95				
	104	1	39.01385453894737	7.908213757894736	0.0	0.0	1	1.0164768855633473	-5.16050305094439	138.0	11	1.05	0.95				
	105	1	37.432211787368416	7.380999507368421	0.0	0.0	1	1.027882516021039	-6.448172654604895	138.0	11	1.05	0.95				
	106	1	71.70113807157895	14.761999014736842	0.0	-100.0	1	1.039768867424902	-7.937294730634821	138.0	12	1.05	0.95				
	107	2	65.90178131578948	13.180356263157893	0.0	0.0	1	0.9996218213889612	-12.00495588252154	138.0	12	1.05	0.95				
	108	1	90.15363683999999	18.452498768421048	0.0	0.0	1	1.0007343877018715	-10.82524407550439	138.0	12	1.05	0.95				
	109	1	92.26249384210526	18.97971301894737	0.0	0.0	1	1.0251995701874668	-4.226216877926175	138.0	13	1.05	0.95				
	110	1	102.80677885263157	21.088570021052632	0.0	0.0	1	1.05	-6.408933047294082	138.0	13	1.05	0.95				
	111	1	0.0	0.0	0.0	0.0	1	1.0128783941925446	-1.1040566155609004	230.0	13	1.05	0.95				
	112	1	0.0	0.0	0.0	0.0	1	1.0128334528932388	-1.8247868090149693	230.0	13	1.05	0.95				
	113	3	139.71177638947367	28.46956952842105	0.0	0.0	1	1.0083638360115992	-1.2148001150542543e-28	230.0	14	1.05	0.95				
	114	2	102.27956460210525	20.561355770526315	0.0	0.0	1	1.0228211808569723	2.175946374220041	230.0	16	1.05	0.95				
	115	2	167.1269174168421	33.74171203368421	0.0	0.0	1	1.0402616478036577	11.729521618670315	230.0	16	1.05	0.95				
	116	2	52.721425052631574	10.544285010526316	0.0	0.0	1	1.0365836766004346	10.04161510134073	230.0	16	1.05	0.95				
	117	1	0.0	0.0	0.0	0.0	1	1.041648878302374	15.70270574893555	230.0	17	1.05	0.95				
	118	2	175.56234542526315	35.850569035789476	0.0	0.0	1	1.05	16.71574427410326	230.0	17	1.05	0.95				
	119	1	95.42577934526315	19.506927269473685	0.0	0.0	1	1.027448846327947	6.464816464116946	230.0	15	1.05	0.95				
	120	1	67.48342406736842	13.707570513684212	0.0	0.0	1	1.0253277414277022	3.7787337407611945	230.0	15	1.05	0.95				
	121	2	0.0	0.0	0.0	0.0	1	1.05	18.380007247336774	230.0	17	1.05	0.95				
	122	2	0.0	0.0	0.0	0.0	1	1.05	30.92416084073195	230.0	17	1.05	0.95				
	123	2	0.0	0.0	0.0	0.0	1	1.025668979092543	2.7018852748542614	230.0	15	1.05	0.95				
	124	1	0.0	0.0	0.0	0.0	1	1.0211855399885532	7.44459865754344	230.0	16	1.05	0.95				
	201	2	51.135526534736854	10.416496145964913	0.0	0.0	2	1.0109998572675252	-11.285978391575865	138.0	21	1.05	0.95				
	202	2	45.92727846175439	9.469541950877195	0.0	0.0	2	1.0102022663016306	-11.512433834822474	138.0	22	1.05	0.95				
	203	1	85.22587755789475	17.51865260912281	0.0	0.0	2	1.0145931544758102	-8.904137626687456	138.0	21	1.05	0.95				
	204	1	35.03730521824562	7.102156463157895	0.0	0.0	2	1.0104314506340057	-10.623186368355064	138.0	21	1.05	0.95				
	205	1	33.61687392561404	6.628679365614036	0.0	0.0	2	1.0244030354295706	-10.94495190388294	138.0	21	1.05	0.95				
	206	1	64.39288526596492	13.257358731228072	0.0	-100.0	2	1.0396850855833142	-11.321769911613268	138.0	22	1.05	0.95				
	207	2	59.18463719298246	11.836927438596492	0.0	0.0	2	0.993555905283193	-17.09511885753901	138.0	22	1.05	0.95				
	208	1	80.96458368	16.571698414035087	0.0	0.0	2	0.9977763541549046	-14.917167338949143	138.0	22	1.05	0.95				
	209	1	82.85849207017544	17.045175511578947	0.0	0.0	2	1.0252479424417893	-7.948205473572931	138.0	23	1.05	0.95				
	210	1	92.32803402105264	18.93908390175439	0.0	0.0	2	1.05	-9.081465074682677	138.0	23	1.05	0.95				
	211	1	0.0	0.0	0.0	0.0	2	1.0082255824695752	-5.22014131601998	230.0	23	1.05	0.95				
	212	1	0.0	0.0	0.0	0.0	2	1.016229796879768	-0.09740785889403289	230.0	23	1.05	0.95				
	213	2	125.47143084912283	25.567763267368427	0.0	0.0	2	1.00812319364176	-2.494575478924447	230.0	24	1.05	0.95				
	214	2	91.85455692350878	18.46560680421053	0.0	0.0	2	1.0063212643490942	-4.212857699299507	230.0	26	1.05	0.95				
	215	2	150.09223992140352	30.30253424280702	0.0	0.0	2	1.02737697077542	0.47361191281407755	230.0	26	1.05	0.95				
	216	2	47.34770975438597	9.469541950877195	0.0	0.0	2	1.0270169945496135	0.09634086109237257	230.0	26	1.05	0.95				
	217	1	0.0	0.0	0.0	0.0	2	1.0314219024687243	1.3315654374387151	230.0	27	1.05	0.95				
	218	2	157.66787348210528	32.19644263298246	0.0	0.0	2	1.0303714421942556	0.8632295947125261	230.0	27	1.05	0.95				
	219	1	85.69935465543861	17.51865260912281	0.0	0.0	2	1.0291096712601133	0.7459007873070415	230.0	25	1.05	0.95				
	220	1	60.60506848561404	12.310404536140354	0.0	0.0	2	1.034548168084474	2.2210839675976706	230.0	25	1.05	0.95				
	221	2	0.0	0.0	0.0	0.0	2	1.0323615428189745	1.5307949116698725	230.0	27	1.05	0.95				
	222	2	0.0	0.0	0.0	0.0	2	1.0499999977059036	7.947075294699674	230.0	27	1.05	0.95				
	223	2	0.0	0.0	0.0	0.0	2	1.03882675514562	3.380605370620485	230.0	25	1.05	0.95				
	224	1	0.0	0.0	0.0	0.0	2	1.0109831270555856	-3.0285298306071593	230.0	26	1.05	0.95				
	301	2	77.16482124631578	15.71875988350877	0.0	0.0	3	1.0003441737741536	25.302648342136813	138.0	31	1.05	0.95				
	302	2	69.3054413045614	14.2897817122807	0.0	0.0	3	0.9989688143767808	25.030108913308595	138.0	32	1.05	0.95				
	303	1	128.6080354105263	26.4360961677193	0.0	0.0	3	1.0436505889231413	37.19030199608043	138.0	31	1.05	0.95				
	304	1	52.8721923354386	10.717336284210525	0.0	0.0	3	1.0019948966901648	27.22245362261587	138.0	31	1.05	0.95				
	305	1	50.72872507859648	10.002847198596491	0.0	0.0	3	1.0152222985261932	25.791815139082612	138.0	31	1.05	0.95				
	306	1	97.17051564350876	20.005694397192983	0.0	-100.0	3	1.0296249464958145	25.290260951402583	138.0	32	1.05	0.95				
	307	2	89.31113570175438	17.862227140350875	0.0	0.0	3	0.9876886708791676	21.35453873520578	138.0	32	1.05	0.95				
	308	1	122.17763363999998	25.007117996491225	0.0	0.0	3	0.9967330233788109	24.633434120937515	138.0	32	1.05	0.95				
	309	1	125.03558998245612	25.72160708210526	0.0	0.0	3	1.0306441172230578	31.904151842515674	138.0	33	1.05	0.95				
	310	1	139.32537169473682	28.5795634245614	0.0	0.0	3	1.05	28.5794002221849	138.0	33	1.05	0.95				
	311	1	0.0	0.0	0.0	0.0	3	1.020451588354834	34.60577620427946	230.0	33	1.05	0.95				
	312	1	0.0	0.0	0.0	0.0	3	1.0275586099615237	35.45911231598276	230.0	33	1.05	0.95				
	313	2	189.33960768771928	38.58241062315789	0.0	0.0	3	1.0409666153444448	41.15999815287515	230.0	34	1.05	0.95				
	314	2	138.6108826091228	27.865074338947366	0.0	0.0	3	1.0191153945035354	33.14271482943776	230.0	36	1.05	0.95				
	315	2	226.49304013964908	45.72730147929824	0.0	0.0	3	1.046991123711798	28.514132903497643	230.0	36	1.05	0.95				
	316	2	71.4489085614035	14.2897817122807	0.0	0.0	3	1.0398654889510524	29.40018733474411	230.0	36	1.05	0.95				
	317	1	0.0	0.0	0.0	0.0	3	1.05	29.88580141036585	230.0	37	1.05	0.95				
	318	2	237.92486550947368	48.58525782175438	0.0	0.0	3	1.0468493374544674	26.481756351887693	230.0	37	1.05	0.95				
	319	1	129.32252449614035	26.4360961677193	0.0	0.0	3	1.0403819732508273	30.77924435381958	230.0	35	1.05	0.95				
	320	1	91.45460295859648	18.576716225964912	0.0	0.0	3	1.0434699296628265	31.73579702616166	230.0	35	1.05	0.95				
	321	2	0.0	0.0	0.0	0.0	3	1.0476210094898046	27.820657748139684	230.0	37	1.05	0.95				
	322	2	0.0	0.0	0.0	0.0	3	1.05	32.976056217159304	230.0	37	1.05	0.95				
	323	2	0.0	0.0	0.0	0.0	3	1.0448331552983288	31.851942722534016	230.0	35	1.05	0.95				
	324	1	0.0	0.0	0.0	0.0	3	1.045516027851595	33.74891203281713	230.0	36	1.05	0.95				
	325	1	0.0	0.0	0.0	0.0	3	1.0462469985187735	30.715083903789893	230.0	35	1.05	0.95				
];
