%% MATPOWER Case Format : Version 2
function mpc = RTS_GMLC
mpc.version = '2';

%%-----  Power Flow Data  -----%%
%% system MVA base
mpc.baseMVA = 100.0;
%% bus data
%    bus_i    type    Pd    Qd    Gs    Bs    area    Vm    Va    baseKV    zone    Vmax    Vmin
mpc.bus = [
	101	2	48.20188024421053	9.81890153122807	0.0	0.0	1	1.0315594709276716	2.760086264170697	138.0	11	1.05	0.95				
	102	2	43.29242947859649	8.926274119298245	0.0	0.0	1	1.031151567737536	2.6398026177939435	138.0	12	1.05	0.95				
	103	1	80.33646707368422	16.513607120701753	0.0	0.0	1	1.027563522174087	-0.0732105485130775	138.0	11	1.05	0.95				
	104	1	33.027214241403506	6.694705589473683	0.0	0.0	1	1.020538212179272	-0.6649772633460823	138.0	11	1.05	0.95				
	105	1	31.688273123508772	6.248391883508772	0.0	0.0	1	1.0346306390850626	-0.38167875381555455	138.0	11	1.05	0.95				
	106	1	60.698664011228075	12.496783767017543	0.0	-100.0	1	1.0444118048811326	-2.591245741305428	138.0	12	1.05	0.95				
	107	2	55.789213245614036	11.157842649122806	0.0	0.0	1	1.0202269598629252	-2.7592190264323637	138.0	12	1.05	0.95				
	108	1	76.31964372	15.620979708771928	0.0	0.0	1	1.0170030530871041	-3.7891856745331642	138.0	12	1.05	0.95				
	109	1	78.10489854385965	16.06729341473684	0.0	0.0	1	1.0256558268101739	-1.555275076636342	138.0	13	1.05	0.95				
	110	1	87.03117266315789	17.85254823859649	0.0	0.0	1	1.05	-2.153038869364425	138.0	13	1.05	0.95				
	111	1	0.0	0.0	0.0	0.0	1	1.0037766037285014	-0.2915675342001334	230.0	13	1.05	0.95				
	112	1	0.0	0.0	0.0	0.0	1	1.0093617715390952	0.391379361977354	230.0	13	1.05	0.95				
	113	3	118.27313208070174	24.100940122105264	0.0	0.0	1	0.9953153603285775	-2.4037057405059624e-30	230.0	14	1.05	0.95				
	114	2	86.58485895719298	17.40623453263158	0.0	0.0	1	0.9992189404650044	1.1406697980151497	230.0	16	1.05	0.95				
	115	2	141.4814447908772	28.56407718175439	0.0	0.0	1	1.0390163987915606	5.71383020570054	230.0	16	1.05	0.95				
	116	2	44.63137059649122	8.926274119298245	0.0	0.0	1	1.03455234464295	5.746632641640371	230.0	16	1.05	0.95				
	117	1	0.0	0.0	0.0	0.0	1	1.0436072779387984	7.112685099633372	230.0	17	1.05	0.95				
	118	2	148.62246408631577	30.349332005614038	0.0	0.0	1	1.0466758743215137	6.9873261106019084	230.0	17	1.05	0.95				
	119	1	80.78278077964912	16.513607120701753	0.0	0.0	1	1.0287472558090762	5.345352203338368	230.0	15	1.05	0.95				
	120	1	57.12815436350878	11.604156355087719	0.0	0.0	1	1.02676207924597	5.86193666664507	230.0	15	1.05	0.95				
	121	2	0.0	0.0	0.0	0.0	1	1.05	6.899799441044734	230.0	17	1.05	0.95				
	122	2	0.0	0.0	0.0	0.0	1	1.05	13.582347285247877	230.0	17	1.05	0.95				
	123	2	0.0	0.0	0.0	0.0	1	1.0264314827553982	6.491038729786432	230.0	15	1.05	0.95				
	124	1	0.0	0.0	0.0	0.0	1	1.026665013777988	3.558533362954583	230.0	16	1.05	0.95				
	201	2	50.030536736842116	10.191405631578949	0.0	0.0	2	1.0290456417306604	-5.936401681410025	138.0	21	1.05	0.95				
	202	2	44.93483392105263	9.264914210526316	0.0	0.0	2	1.0291274919189148	-5.980092404842261	138.0	22	1.05	0.95				
	203	1	83.38422789473685	17.140091289473684	0.0	0.0	2	1.0232719339487943	-5.420171230106451	138.0	21	1.05	0.95				
	204	1	34.28018257894737	6.948685657894736	0.0	0.0	2	1.0184414092173515	-8.680571409536189	138.0	21	1.05	0.95				
	205	1	32.89044544736842	6.485439947368422	0.0	0.0	2	1.0333293028121016	-8.797132804933018	138.0	21	1.05	0.95				
	206	1	63.001416631578955	12.970879894736845	0.0	-100.0	2	1.0436259103726158	-10.846302594062406	138.0	22	1.05	0.95				
	207	2	57.905713815789476	11.581142763157896	0.0	0.0	2	0.9841806393321584	-17.935192789207125	138.0	22	1.05	0.95				
	208	1	79.2150165	16.213599868421053	0.0	0.0	2	0.9924135396660329	-15.834661325669929	138.0	22	1.05	0.95				
	209	1	81.06799934210527	16.67684557894737	0.0	0.0	2	1.0235515583535673	-8.999049575599317	138.0	23	1.05	0.95				
	210	1	90.33291355263158	18.52982842105263	0.0	0.0	2	1.05	-10.221061062059748	138.0	23	1.05	0.95				
	211	1	0.0	0.0	0.0	0.0	2	1.0076503817350038	-6.697384934073705	230.0	23	1.05	0.95				
	212	1	0.0	0.0	0.0	0.0	2	1.0147120168735768	-6.52842381193595	230.0	23	1.05	0.95				
	213	2	122.7601132894737	25.015268368421058	0.0	0.0	2	1.0032819410980562	-6.3338311938568035	230.0	24	1.05	0.95				
	214	2	89.86966784210526	18.066582710526315	0.0	0.0	2	1.0084825728305171	-4.010480194576874	230.0	26	1.05	0.95				
	215	2	146.84889023684212	29.64772547368421	0.0	0.0	2	1.0318553150722625	2.923325980506757	230.0	26	1.05	0.95				
	216	2	46.32457105263158	9.264914210526316	0.0	0.0	2	1.035500895759009	2.502360307852435	230.0	26	1.05	0.95				
	217	1	0.0	0.0	0.0	0.0	2	1.0389110387346177	5.62257425612728	230.0	27	1.05	0.95				
	218	2	154.26082160526315	31.500708315789478	0.0	0.0	2	1.0407969551712342	6.261683183086546	230.0	27	1.05	0.95				
	219	1	83.84747360526316	17.140091289473684	0.0	0.0	2	1.0379029596932303	0.7492907309353793	230.0	25	1.05	0.95				
	220	1	59.29545094736842	12.044388473684212	0.0	0.0	2	1.0437128383255674	0.11850018289453788	230.0	25	1.05	0.95				
	221	2	0.0	0.0	0.0	0.0	2	1.0401214435027877	5.899275917229675	230.0	27	1.05	0.95				
	222	2	0.0	0.0	0.0	0.0	2	1.05	12.292988906986086	230.0	27	1.05	0.95				
	223	2	0.0	0.0	0.0	0.0	2	1.0475176145483767	0.11569520093409329	230.0	25	1.05	0.95				
	224	1	0.0	0.0	0.0	0.0	2	1.0181332566747956	-0.20445293660469516	230.0	26	1.05	0.95				
	301	2	71.47611515368422	14.559949383157894	0.0	0.0	3	1.0108256120244146	-43.45369428567272	138.0	31	1.05	0.95				
	302	2	64.19614046210526	13.236317621052631	0.0	0.0	3	1.0099222117818614	-43.662081439445856	138.0	32	1.05	0.95				
	303	1	119.1268585894737	24.48718759894737	0.0	0.0	3	1.024152590028268	-34.32862787977716	138.0	31	1.05	0.95				
	304	1	48.97437519789474	9.927238215789473	0.0	0.0	3	1.0067173930918303	-41.46421641732668	138.0	31	1.05	0.95				
	305	1	46.98892755473684	9.265422334736844	0.0	0.0	3	1.021249416438965	-42.658218191776015	138.0	31	1.05	0.95				
	306	1	90.0069598231579	18.530844669473687	0.0	-100.0	3	1.033892777880151	-42.93598021810778	138.0	32	1.05	0.95				
	307	2	82.72698513157894	16.54539702631579	0.0	0.0	3	1.0057463388829793	-44.9214725402999	138.0	32	1.05	0.95				
	308	1	113.17051566	23.163555836842104	0.0	0.0	3	1.000843374862191	-44.22598429441684	138.0	32	1.05	0.95				
	309	1	115.81777918421052	23.825371717894736	0.0	0.0	3	1.0279951834104406	-36.97356998887635	138.0	33	1.05	0.95				
	310	1	129.05409680526313	26.472635242105262	0.0	0.0	3	1.05	-39.739400415044905	138.0	33	1.05	0.95				
	311	1	0.0	0.0	0.0	0.0	3	1.0221543909622912	-32.0664388890409	230.0	33	1.05	0.95				
	312	1	0.0	0.0	0.0	0.0	3	1.0185557807948997	-31.251511356512932	230.0	33	1.05	0.95				
	313	2	175.38120847894737	35.73805757684211	0.0	0.0	3	1.0314113420066087	-28.297392419717795	230.0	34	1.05	0.95				
	314	2	128.39228092421052	25.810819361052634	0.0	0.0	3	1.0366389724460825	-29.191723862721535	230.0	36	1.05	0.95				
	315	2	209.7956342936842	42.35621638736842	0.0	0.0	3	1.0486411306876329	-21.451800049941266	230.0	36	1.05	0.95				
	316	2	66.18158810526316	13.236317621052631	0.0	0.0	3	1.0497889733817802	-21.11454252224236	230.0	36	1.05	0.95				
	317	1	0.0	0.0	0.0	0.0	3	1.0498214867053135	-17.96289056474491	230.0	37	1.05	0.95				
	318	2	220.38468839052632	45.00347991157895	0.0	0.0	3	1.0499999932998678	-17.137662159952928	230.0	37	1.05	0.95				
	319	1	119.78867447052633	24.48718759894737	0.0	0.0	3	1.0455044722793667	-22.155230890621244	230.0	35	1.05	0.95				
	320	1	84.71243277473684	17.207212907368422	0.0	0.0	3	1.0473386294727434	-21.82572722945706	230.0	35	1.05	0.95				
	321	2	0.0	0.0	0.0	0.0	3	1.05	-16.938191389557325	230.0	37	1.05	0.95				
	322	2	0.0	0.0	0.0	0.0	3	1.05	-11.564096792246575	230.0	37	1.05	0.95				
	323	2	0.0	0.0	0.0	0.0	3	1.05	-21.162524285856975	230.0	35	1.05	0.95				
	324	1	0.0	0.0	0.0	0.0	3	1.023129776678865	-26.216530449324484	230.0	36	1.05	0.95				
	325	1	0.0	0.0	0.0	0.0	3	1.0366133823329486	-18.936602524119728	230.0	35	1.05	0.95				
];
