%% MATPOWER Case Format : Version 2
function mpc = RTS_GMLC
mpc.version = '2';

%%-----  Power Flow Data  -----%%
%% system MVA base
mpc.baseMVA = 100.0;
%% bus data
%    bus_i    type    Pd    Qd    Gs    Bs    area    Vm    Va    baseKV    zone    Vmax    Vmin
mpc.bus = [
	101	2	64.2602671957895	13.09005442877193	0.0	0.0	1	1.0489111447556954	2.064510320776419	138.0	11	1.05	0.95				
	102	2	57.71523998140351	11.900049480701757	0.0	0.0	1	1.0477437687525462	1.687686315961366	138.0	12	1.05	0.95				
	103	1	107.10044532631579	22.015091539298247	0.0	0.0	1	1.0319348095641816	0.213536535148259	138.0	11	1.05	0.95				
	104	1	44.030183078596494	8.925037110526317	0.0	0.0	1	1.0274463444720674	-1.942949272374384	138.0	11	1.05	0.95				
	105	1	42.24517565649123	8.330034636491229	0.0	0.0	1	1.0405012353968135	-2.263120363355575	138.0	11	1.05	0.95				
	106	1	80.92033646877195	16.660069272982458	0.0	-100.0	1	1.0433639410692837	-5.3224952516966555	138.0	12	1.05	0.95				
	107	2	74.37530925438597	14.875061850877195	0.0	0.0	1	0.9982968695798362	-13.560841217328125	138.0	12	1.05	0.95				
	108	1	101.74542306000001	20.82508659122807	0.0	0.0	1	0.9963906465266003	-11.459938637352442	138.0	12	1.05	0.95				
	109	1	104.12543295614036	21.42008906526316	0.0	0.0	1	1.0254513360521686	-3.6123590199916773	138.0	13	1.05	0.95				
	110	1	116.02548243684213	23.800098961403513	0.0	0.0	1	1.05	-4.857669259492844	138.0	13	1.05	0.95				
	111	1	0.0	0.0	0.0	0.0	1	1.0103310684738103	-1.172244202943494	230.0	13	1.05	0.95				
	112	1	0.0	0.0	0.0	0.0	1	1.013899081337486	-1.091609027273772	230.0	13	1.05	0.95				
	113	3	157.67565561929825	32.13013359789475	0.0	0.0	1	1.0081510229409474	1.4797086296014174e-30	230.0	14	1.05	0.95				
	114	2	115.43047996280703	23.205096487368422	0.0	0.0	1	1.011221113116788	0.9428338255012927	230.0	16	1.05	0.95				
	115	2	188.61578426912283	38.08015833824562	0.0	0.0	1	1.0426557245391996	8.34989685819494	230.0	16	1.05	0.95				
	116	2	59.50024740350878	11.900049480701757	0.0	0.0	1	1.0397852764980164	7.473774026429021	230.0	16	1.05	0.95				
	117	1	0.0	0.0	0.0	0.0	1	1.0446332949792214	10.982182091964123	230.0	17	1.05	0.95				
	118	2	198.13582385368423	40.460168234385975	0.0	0.0	1	1.047639891864634	11.774428983535625	230.0	17	1.05	0.95				
	119	1	107.69544780035089	22.015091539298247	0.0	0.0	1	1.0315159844150463	5.329899141440085	230.0	15	1.05	0.95				
	120	1	76.16031667649123	15.470064324912283	0.0	0.0	1	1.0291483268483368	4.2154759992485795	230.0	15	1.05	0.95				
	121	2	0.0	0.0	0.0	0.0	1	1.05	13.524332562076319	230.0	17	1.05	0.95				
	122	2	0.0	0.0	0.0	0.0	1	1.05	19.225280996682432	230.0	17	1.05	0.95				
	123	2	0.0	0.0	0.0	0.0	1	1.0291356433929189	4.052786619151475	230.0	15	1.05	0.95				
	124	1	0.0	0.0	0.0	0.0	1	1.028244759364328	5.3069872130362885	230.0	16	1.05	0.95				
	201	2	67.65937351578948	13.782464975438597	0.0	0.0	2	1.0229427511641227	-13.679802350356875	138.0	21	1.05	0.95				
	202	2	60.768141028070175	12.52951361403509	0.0	0.0	2	1.0238389460141226	-13.53335828595886	138.0	22	1.05	0.95				
	203	1	112.7656225263158	23.17960018596491	0.0	0.0	2	1.0135224134858394	-11.881921406232008	138.0	21	1.05	0.95				
	204	1	46.35920037192982	9.397135210526315	0.0	0.0	2	1.0138198157805924	-14.10227658257278	138.0	21	1.05	0.95				
	205	1	44.47977332982456	8.770659529824561	0.0	0.0	2	1.0285637572183952	-14.510985059783401	138.0	21	1.05	0.95				
	206	1	85.20069257543861	17.541319059649123	0.0	-100.0	2	1.0384795441270842	-15.54501816758271	138.0	22	1.05	0.95				
	207	2	78.3094600877193	15.66189201754386	0.0	0.0	2	0.9871067833327172	-24.38559089609612	138.0	22	1.05	0.95				
	208	1	107.12734139999999	21.926648824561404	0.0	0.0	2	0.9868626723510281	-21.35656012719489	138.0	22	1.05	0.95				
	209	1	109.63324412280701	22.55312450526316	0.0	0.0	2	1.0250652813842462	-12.001501390766723	138.0	23	1.05	0.95				
	210	1	122.16275773684211	25.05902722807018	0.0	0.0	2	1.05	-13.350616828740959	138.0	23	1.05	0.95				
	211	1	0.0	0.0	0.0	0.0	2	1.0169467667980563	-8.547719851269106	230.0	23	1.05	0.95				
	212	1	0.0	0.0	0.0	0.0	2	1.020159798149806	-3.665537049921746	230.0	23	1.05	0.95				
	213	2	166.0160553859649	33.82968675789474	0.0	0.0	2	1.0228260767478803	-5.646331204112425	230.0	24	1.05	0.95				
	214	2	121.53628205614035	24.432551547368423	0.0	0.0	2	1.0213993120460494	-6.966805332802753	230.0	26	1.05	0.95				
	215	2	198.59279078245615	40.09444356491228	0.0	0.0	2	1.0327393726628595	-0.8655629923705868	230.0	26	1.05	0.95				
	216	2	62.64756807017544	12.52951361403509	0.0	0.0	2	1.0347366188874791	-0.8632328207591224	230.0	26	1.05	0.95				
	217	1	0.0	0.0	0.0	0.0	2	1.0359584470602823	0.4039450757955142	230.0	27	1.05	0.95				
	218	2	208.61640167368424	42.600346287719304	0.0	0.0	2	1.0343025664078882	-0.43817290655138613	230.0	27	1.05	0.95				
	219	1	113.39209820701754	23.17960018596491	0.0	0.0	2	1.0363332155890719	0.036361443898674864	230.0	25	1.05	0.95				
	220	1	80.18888712982456	16.288367698245615	0.0	0.0	2	1.0433485024661473	1.9987282343621584	230.0	25	1.05	0.95				
	221	2	0.0	0.0	0.0	0.0	2	1.0362981910516664	0.23108370483621501	230.0	27	1.05	0.95				
	222	2	0.0	0.0	0.0	0.0	2	1.05	6.797853017355006	230.0	27	1.05	0.95				
	223	2	0.0	0.0	0.0	0.0	2	1.0495265049307145	3.5231377516069697	230.0	25	1.05	0.95				
	224	1	0.0	0.0	0.0	0.0	2	1.011906873765374	-4.9574163066973504	230.0	26	1.05	0.95				
	301	2	65.61657704842105	13.366339769122806	0.0	0.0	3	0.9982516455006477	12.652981474222392	138.0	31	1.05	0.95				
	302	2	58.93340716385964	12.151217971929825	0.0	0.0	3	0.99734189403018	12.420572400075905	138.0	32	1.05	0.95				
	303	1	109.36096174736842	22.479753248070175	0.0	0.0	3	1.0420675251521667	21.89840040611053	138.0	31	1.05	0.95				
	304	1	44.95950649614035	9.113413478947367	0.0	0.0	3	1.0031869664621063	13.987034455600266	138.0	31	1.05	0.95				
	305	1	43.13682380035087	8.505852580350878	0.0	0.0	3	1.0157256137502588	13.263379053715283	138.0	31	1.05	0.95				
	306	1	82.6282822091228	17.011705160701755	0.0	-100.0	3	1.0324748904371506	12.919404683670496	138.0	32	1.05	0.95				
	307	2	75.9451123245614	15.18902246491228	0.0	0.0	3	0.9847567579559252	8.40463152832919	138.0	32	1.05	0.95				
	308	1	103.89291365999999	21.264631450877193	0.0	0.0	3	0.995031011158745	11.163162012652368	138.0	32	1.05	0.95				
	309	1	106.32315725438598	21.872192349473682	0.0	0.0	3	1.0287928279260734	17.739048667621827	138.0	33	1.05	0.95				
	310	1	118.47437522631579	24.30243594385965	0.0	0.0	3	1.05	15.827220759557044	138.0	33	1.05	0.95				
	311	1	0.0	0.0	0.0	0.0	3	1.0166997684138455	21.067731081894426	230.0	33	1.05	0.95				
	312	1	0.0	0.0	0.0	0.0	3	1.0226285935010446	22.212716962775374	230.0	33	1.05	0.95				
	313	2	161.00363812807018	32.808288524210525	0.0	0.0	3	1.0335200600185275	28.072525481757125	230.0	34	1.05	0.95				
	314	2	117.86681432771928	23.69487504526316	0.0	0.0	3	1.0162403407285125	19.17020811909161	230.0	36	1.05	0.95				
	315	2	192.5968048550877	38.88389751017544	0.0	0.0	3	1.0462879948677632	13.939662696240486	230.0	36	1.05	0.95				
	316	2	60.75608985964912	12.151217971929825	0.0	0.0	3	1.041869325609644	14.626091585178457	230.0	36	1.05	0.95				
	317	1	0.0	0.0	0.0	0.0	3	1.046265647256532	13.300500074151177	230.0	37	1.05	0.95				
	318	2	202.31777923263158	41.3141411045614	0.0	0.0	3	1.0461151992981768	11.968534205215912	230.0	37	1.05	0.95				
	319	1	109.96852264596491	22.479753248070175	0.0	0.0	3	1.0384301582915674	17.016594328831314	230.0	35	1.05	0.95				
	320	1	77.76779502035087	15.796583363508773	0.0	0.0	3	1.0378021580513312	18.73741599251576	230.0	35	1.05	0.95				
	321	2	0.0	0.0	0.0	0.0	3	1.0468622949476527	13.192247391402216	230.0	37	1.05	0.95				
	322	2	0.0	0.0	0.0	0.0	3	1.05	17.571966182862813	230.0	37	1.05	0.95				
	323	2	0.0	0.0	0.0	0.0	3	1.0376773597408566	19.475171338642436	230.0	35	1.05	0.95				
	324	1	0.0	0.0	0.0	0.0	3	1.0445917556116489	18.90652327874054	230.0	36	1.05	0.95				
	325	1	0.0	0.0	0.0	0.0	3	1.0401792131497312	18.97506199465956	230.0	35	1.05	0.95				
];
