%% MATPOWER Case Format : Version 2
function mpc = RTS_GMLC
mpc.version = '2';

%%-----  Power Flow Data  -----%%
%% system MVA base
mpc.baseMVA = 100.0;
%% bus data
%    bus_i    type    Pd    Qd    Gs    Bs    area    Vm    Va    baseKV    zone    Vmax    Vmin
mpc.bus = [
	101	2	38.222167225263156	7.785997027368421	0.0	0.0	1	1.0089385439913716	-4.051756715733659	138.0	11	1.05	0.95				
	102	2	34.329168711578944	7.078179115789474	0.0	0.0	1	1.0078087358089542	-4.355438880422838	138.0	12	1.05	0.95				
	103	1	63.70361204210526	13.094631364210526	0.0	0.0	1	1.0230113665552194	1.9469699802676557	138.0	11	1.05	0.95				
	104	1	26.189262728421053	5.308634336842105	0.0	0.0	1	1.010816870696683	-4.148504448406909	138.0	11	1.05	0.95				
	105	1	25.12753586105263	4.954725381052632	0.0	0.0	1	1.0252505014319264	-4.795540283616787	138.0	11	1.05	0.95				
	106	1	48.13161798736842	9.909450762105264	0.0	-100.0	1	1.0424881263515553	-5.677018029738732	138.0	12	1.05	0.95				
	107	2	44.23861947368421	8.847723894736841	0.0	0.0	1	1.000067887282617	-10.876391168026332	138.0	12	1.05	0.95				
	108	1	60.51843144	12.386813452631577	0.0	0.0	1	1.0052761617979693	-8.81751830707665	138.0	12	1.05	0.95				
	109	1	61.934067263157885	12.740722408421052	0.0	0.0	1	1.0229045771580083	-2.504051174808535	138.0	13	1.05	0.95				
	110	1	69.01224637894737	14.156358231578947	0.0	0.0	1	1.05	-4.391623195456334	138.0	13	1.05	0.95				
	111	1	0.0	0.0	0.0	0.0	1	1.005283082102002	0.49179203352887174	230.0	13	1.05	0.95				
	112	1	0.0	0.0	0.0	0.0	1	1.0082633398782808	-0.9006525280711943	230.0	13	1.05	0.95				
	113	3	93.78587328421052	19.111083612631578	0.0	0.0	1	0.9987721412044481	5.477432639037629e-30	230.0	14	1.05	0.95				
	114	2	68.65833742315789	13.802449275789474	0.0	0.0	1	1.0107548931147363	4.958143099255683	230.0	16	1.05	0.95				
	115	2	112.18913898526314	22.650173170526315	0.0	0.0	1	1.0370208905125746	15.41934853368908	230.0	16	1.05	0.95				
	116	2	35.390895578947365	7.078179115789474	0.0	0.0	1	1.0300168827342815	13.34851169455896	230.0	16	1.05	0.95				
	117	1	0.0	0.0	0.0	0.0	1	1.0371766508284734	19.711793344076064	230.0	17	1.05	0.95				
	118	2	117.85168227789472	24.06580899368421	0.0	0.0	1	1.0496892862112284	20.56444218884729	230.0	17	1.05	0.95				
	119	1	64.05752099789474	13.094631364210526	0.0	0.0	1	1.0186593985261885	8.563969994883177	230.0	15	1.05	0.95				
	120	1	45.30034634105263	9.201632850526316	0.0	0.0	1	1.0161643103407851	5.056845429232843	230.0	15	1.05	0.95				
	121	2	0.0	0.0	0.0	0.0	1	1.0499999837848442	22.23997115063747	230.0	17	1.05	0.95				
	122	2	0.0	0.0	0.0	0.0	1	1.05	38.914651280497424	230.0	17	1.05	0.95				
	123	2	0.0	0.0	0.0	0.0	1	1.016104232280337	3.4014950383160016	230.0	15	1.05	0.95				
	124	1	0.0	0.0	0.0	0.0	1	1.0147362216256877	10.386200455153748	230.0	16	1.05	0.95				
	201	2	39.847631039999996	8.117110026666666	0.0	0.0	2	1.006965215856249	-16.483623058995374	138.0	21	1.05	0.95				
	202	2	35.78907602666666	7.379190933333334	0.0	0.0	2	1.0058875941449021	-16.77990588344814	138.0	22	1.05	0.95				
	203	1	66.41271839999999	13.651503226666664	0.0	0.0	2	1.0147944285186588	-12.35006632754588	138.0	21	1.05	0.95				
	204	1	27.303006453333328	5.534393199999999	0.0	0.0	2	1.0097162439584002	-16.5893246419996	138.0	21	1.05	0.95				
	205	1	26.19612781333333	5.165433653333333	0.0	0.0	2	1.0240281049392799	-17.03576462318716	138.0	21	1.05	0.95				
	206	1	50.178498346666665	10.330867306666667	0.0	-100.0	2	1.0416222133134247	-17.82486759420858	138.0	22	1.05	0.95				
	207	2	46.11994333333333	9.223988666666665	0.0	0.0	2	0.9897024613884312	-22.12121623057606	138.0	22	1.05	0.95				
	208	1	63.09208247999999	12.91358413333333	0.0	0.0	2	0.9993592837409209	-20.51849712020273	138.0	22	1.05	0.95				
	209	1	64.56792066666665	13.282543679999998	0.0	0.0	2	1.0230479058572333	-14.896185597179983	138.0	23	1.05	0.95				
	210	1	71.94711159999999	14.758381866666667	0.0	0.0	2	1.05	-16.391283060608487	138.0	23	1.05	0.95				
	211	1	0.0	0.0	0.0	0.0	2	1.0048153370200095	-12.24063566845457	230.0	23	1.05	0.95				
	212	1	0.0	0.0	0.0	0.0	2	1.0138231759484413	-11.723263434086475	230.0	23	1.05	0.95				
	213	2	97.77427986666666	19.923815519999998	0.0	0.0	2	1.0041252797075522	-11.153492603071786	230.0	24	1.05	0.95				
	214	2	71.57815205333333	14.389422320000001	0.0	0.0	2	1.00129897389101	-9.659962650732723	230.0	26	1.05	0.95				
	215	2	116.96017629333333	23.613410986666665	0.0	0.0	2	1.022352731976255	-2.986460750531749	230.0	26	1.05	0.95				
	216	2	36.89595466666666	7.379190933333334	0.0	0.0	2	1.0248387631288152	-3.856272107109512	230.0	26	1.05	0.95				
	217	1	0.0	0.0	0.0	0.0	2	1.0273160449458505	-1.436356200758227	230.0	27	1.05	0.95				
	218	2	122.86352904	25.089249173333332	0.0	0.0	2	1.0269022286598402	-1.8965163401763026	230.0	27	1.05	0.95				
	219	1	66.78167794666666	13.651503226666664	0.0	0.0	2	1.0340351714963805	-4.481096685820039	230.0	25	1.05	0.95				
	220	1	47.22682197333333	9.592948213333333	0.0	0.0	2	1.0441680983204054	-4.305715301257552	230.0	25	1.05	0.95				
	221	2	0.0	0.0	0.0	0.0	2	1.028863497818919	-1.4576913167686973	230.0	27	1.05	0.95				
	222	2	0.0	0.0	0.0	0.0	2	1.049999955199227	5.0413439425539925	230.0	27	1.05	0.95				
	223	2	0.0	0.0	0.0	0.0	2	1.05	-3.939001812928738	230.0	25	1.05	0.95				
	224	1	0.0	0.0	0.0	0.0	2	1.0079884132396697	-6.502183229281668	230.0	26	1.05	0.95				
	301	2	44.587155978947365	9.082568810526316	0.0	0.0	3	1.0207837886315643	14.63512426750422	138.0	31	1.05	0.95				
	302	2	40.0458715736842	8.256880736842104	0.0	0.0	3	1.0189548460690676	14.276903830820963	138.0	32	1.05	0.95				
	303	1	74.31192663157896	15.275229363157894	0.0	0.0	3	1.05	28.911035476535574	138.0	31	1.05	0.95				
	304	1	30.55045872631579	6.192660552631579	0.0	0.0	3	1.0114166256182286	15.197301212419067	138.0	31	1.05	0.95				
	305	1	29.311926615789467	5.779816515789474	0.0	0.0	3	1.0286987098230336	13.280291275434086	138.0	31	1.05	0.95				
	306	1	56.14678901052632	11.559633031578947	0.0	-100.0	3	1.0406792133363878	12.007441482357265	138.0	32	1.05	0.95				
	307	2	51.60550460526315	10.321100921052631	0.0	0.0	3	0.95	8.279056902439125	138.0	32	1.05	0.95				
	308	1	70.5963303	14.449541289473682	0.0	0.0	3	0.972352235646588	10.027735946862803	138.0	32	1.05	0.95				
	309	1	72.24770644736842	14.862385326315788	0.0	0.0	3	1.0175632302706776	17.67606722523527	138.0	33	1.05	0.95				
	310	1	80.50458718421052	16.51376147368421	0.0	0.0	3	1.0465050480944011	13.24282410769456	138.0	33	1.05	0.95				
	311	1	0.0	0.0	0.0	0.0	3	1.0059974559571112	16.927413476316417	230.0	33	1.05	0.95				
	312	1	0.0	0.0	0.0	0.0	3	1.0120247621371674	17.399706132676243	230.0	33	1.05	0.95				
	313	2	109.4036697631579	22.293577989473683	0.0	0.0	3	1.0097016892234665	19.262349296683272	230.0	34	1.05	0.95				
	314	2	80.0917431473684	16.100917436842106	0.0	0.0	3	0.9999238646932417	16.437611724224908	230.0	36	1.05	0.95				
	315	2	130.87155967894736	26.42201835789474	0.0	0.0	3	1.0473365853072951	18.465571965865706	230.0	36	1.05	0.95				
	316	2	41.284403684210524	8.256880736842104	0.0	0.0	3	1.0303779270392708	18.220563503740703	230.0	36	1.05	0.95				
	317	1	0.0	0.0	0.0	0.0	3	1.049804289333095	21.117428268224188	230.0	37	1.05	0.95				
	318	2	137.47706426842106	28.07339450526316	0.0	0.0	3	1.05	17.991459706258897	230.0	37	1.05	0.95				
	319	1	74.72477066842104	15.275229363157894	0.0	0.0	3	1.02402250113958	17.574184761444595	230.0	35	1.05	0.95				
	320	1	52.84403671578948	10.733944957894737	0.0	0.0	3	1.0212262465328452	17.81918013062685	230.0	35	1.05	0.95				
	321	2	0.0	0.0	0.0	0.0	3	1.05	18.798804619253705	230.0	37	1.05	0.95				
	322	2	0.0	0.0	0.0	0.0	3	1.05	24.056627922963088	230.0	37	1.05	0.95				
	323	2	0.0	0.0	0.0	0.0	3	1.0202341538014714	18.277488844186696	230.0	35	1.05	0.95				
	324	1	0.0	0.0	0.0	0.0	3	1.045080557841714	22.458664116370368	230.0	36	1.05	0.95				
	325	1	0.0	0.0	0.0	0.0	3	1.0227060402955688	18.632556425062454	230.0	35	1.05	0.95				
];
