%% MATPOWER Case Format : Version 2
function mpc = RTS_GMLC
mpc.version = '2';

%%-----  Power Flow Data  -----%%
%% system MVA base
mpc.baseMVA = 100.0;
%% bus data
%    bus_i    type    Pd    Qd    Gs    Bs    area    Vm    Va    baseKV    zone    Vmax    Vmin
mpc.bus = [
	101	2	33.94705591326316	6.915141019368422	0.0	0.0	1	0.9926878911891399	-5.4866455806975685	138.0	11	1.05	0.95				
	102	2	30.489485403578946	6.286491835789475	0.0	0.0	1	0.9924773165890293	-5.634820223703294	138.0	12	1.05	0.95				
	103	1	56.57842652210526	11.630009896210526	0.0	0.0	1	1.0243362763608774	0.21545972266284807	138.0	11	1.05	0.95				
	104	1	23.26001979242105	4.714868876842105	0.0	0.0	1	1.0059722035079985	-4.941410398538686	138.0	11	1.05	0.95				
	105	1	22.31704601705263	4.400544285052632	0.0	0.0	1	1.017467386991966	-5.653745372888352	138.0	11	1.05	0.95				
	106	1	42.74814448336843	8.801088570105264	0.0	-100.0	1	1.0399290823076561	-6.16445050138787	138.0	12	1.05	0.95				
	107	2	39.29057397368421	7.858114794736842	0.0	0.0	1	0.989144825178272	-9.413315685908657	138.0	12	1.05	0.95				
	108	1	53.749505196	11.001360712631579	0.0	0.0	1	1.0016048637446466	-8.063752805661927	138.0	12	1.05	0.95				
	109	1	55.0068035631579	11.315685304421052	0.0	0.0	1	1.025500006891359	-3.0715818660469414	138.0	13	1.05	0.95				
	110	1	61.293295398947365	12.57298367157895	0.0	0.0	1	1.05	-4.791721503358378	138.0	13	1.05	0.95				
	111	1	0.0	0.0	0.0	0.0	1	1.013343085645424	-0.23111391485069507	230.0	13	1.05	0.95				
	112	1	0.0	0.0	0.0	0.0	1	1.0103321180196707	-1.256111424940642	230.0	13	1.05	0.95				
	113	3	83.29601682421053	16.97352795663158	0.0	0.0	1	0.9938469941759985	-2.6632844114173657e-29	230.0	14	1.05	0.95				
	114	2	60.97897080715789	12.258659079789474	0.0	0.0	1	1.035133025997775	3.256296006690964	230.0	16	1.05	0.95				
	115	2	99.64089559726315	20.116773874526316	0.0	0.0	1	1.040610579211408	11.664247446149187	230.0	16	1.05	0.95				
	116	2	31.43245917894737	6.286491835789475	0.0	0.0	1	1.0401590020679508	10.166477900395396	230.0	16	1.05	0.95				
	117	1	0.0	0.0	0.0	0.0	1	1.0394115723999335	15.667734522945969	230.0	17	1.05	0.95				
	118	2	104.67008906589474	21.374072241684214	0.0	0.0	1	1.0471007546255195	16.055495728275133	230.0	17	1.05	0.95				
	119	1	56.89275111389473	11.630009896210526	0.0	0.0	1	1.0344140774621013	6.436830775849121	230.0	15	1.05	0.95				
	120	1	40.23354774905263	8.172439386526316	0.0	0.0	1	1.0341562247499487	3.786819695562108	230.0	15	1.05	0.95				
	121	2	0.0	0.0	0.0	0.0	1	1.0388623241063268	17.249478356186774	230.0	17	1.05	0.95				
	122	2	0.0	0.0	0.0	0.0	1	1.05	35.24616741012786	230.0	17	1.05	0.95				
	123	2	0.0	0.0	0.0	0.0	1	1.0345481705032569	2.5691314485179997	230.0	15	1.05	0.95				
	124	1	0.0	0.0	0.0	0.0	1	1.020214846948402	7.398114604920981	230.0	16	1.05	0.95				
	201	2	34.781677946526315	7.085156618736842	0.0	0.0	2	1.0080948245598251	-13.09294532678145	138.0	21	1.05	0.95				
	202	2	31.239099637157892	6.441051471578947	0.0	0.0	2	1.0067324654422207	-13.361969473538005	138.0	22	1.05	0.95				
	203	1	57.96946324421053	11.915945222421051	0.0	0.0	2	1.0134839054448581	-9.904127247235305	138.0	21	1.05	0.95				
	204	1	23.831890444842102	4.83078860368421	0.0	0.0	2	1.0108130211870638	-13.31038914388019	138.0	21	1.05	0.95				
	205	1	22.86573272410526	4.508736030105263	0.0	0.0	2	1.025267618320896	-13.658168195562036	138.0	21	1.05	0.95				
	206	1	43.799150006736845	9.017472060210526	0.0	-100.0	2	1.0431548758170865	-14.412647854553251	138.0	22	1.05	0.95				
	207	2	40.256571697368415	8.051314339473684	0.0	0.0	2	0.9916141464055384	-18.11621589782409	138.0	22	1.05	0.95				
	208	1	55.070990081999994	11.271840075263157	0.0	0.0	2	1.0021627090801544	-16.756817002528653	138.0	22	1.05	0.95				
	209	1	56.35920037631579	11.593892648842104	0.0	0.0	2	1.0225330005686715	-11.919589425556113	138.0	23	1.05	0.95				
	210	1	62.80025184789473	12.882102943157895	0.0	0.0	2	1.05	-13.17665012668184	138.0	23	1.05	0.95				
	211	1	0.0	0.0	0.0	0.0	2	1.0023916778921957	-9.569601420769109	230.0	23	1.05	0.95				
	212	1	0.0	0.0	0.0	0.0	2	1.0107605111601068	-9.107533297482695	230.0	23	1.05	0.95				
	213	2	85.34393199842104	17.390838973263158	0.0	0.0	2	0.9997551677644884	-8.591540906980429	230.0	24	1.05	0.95				
	214	2	62.478199274315784	12.560050369578946	0.0	0.0	2	0.9969672600647232	-7.298382618976656	230.0	26	1.05	0.95				
	215	2	102.09066582452631	20.61136470905263	0.0	0.0	2	1.0207367259431124	-1.4966494360199247	230.0	26	1.05	0.95				
	216	2	32.20525735789474	6.441051471578947	0.0	0.0	2	1.0227350498210552	-2.2475240332198925	230.0	26	1.05	0.95				
	217	1	0.0	0.0	0.0	0.0	2	1.029833108863975	-0.20679635068323607	230.0	27	1.05	0.95				
	218	2	107.24350700178947	21.899575003368422	0.0	0.0	2	1.0285890716149777	-0.5142071099684058	230.0	27	1.05	0.95				
	219	1	58.291515817789474	11.915945222421051	0.0	0.0	2	1.0280214413623232	-2.7391241602440597	230.0	25	1.05	0.95				
	220	1	41.22272941810526	8.373366913052632	0.0	0.0	2	1.0342208502835597	-2.532667475068004	230.0	25	1.05	0.95				
	221	2	0.0	0.0	0.0	0.0	2	1.0292963683968617	-0.04661584426930345	230.0	27	1.05	0.95				
	222	2	0.0	0.0	0.0	0.0	2	1.0499999778422044	6.382393670024474	230.0	27	1.05	0.95				
	223	2	0.0	0.0	0.0	0.0	2	1.0377028206635768	-2.1756970752068514	230.0	25	1.05	0.95				
	224	1	0.0	0.0	0.0	0.0	2	1.007558828404112	-4.652802849433965	230.0	26	1.05	0.95				
	301	2	41.7855109263158	8.511863336842106	0.0	0.0	3	1.0149653180919205	11.555405914199234	138.0	31	1.05	0.95				
	302	2	37.52957925789474	7.7380575789473705	0.0	0.0	3	1.0136193958009898	11.19970733348113	138.0	32	1.05	0.95				
	303	1	69.64251821052633	14.315406521052635	0.0	0.0	3	1.05	26.197839309560436	138.0	31	1.05	0.95				
	304	1	28.63081304210527	5.803543184210526	0.0	0.0	3	1.008588742764287	12.378742987776235	138.0	31	1.05	0.95				
	305	1	27.470104405263157	5.416640305263159	0.0	0.0	3	1.024344721392571	9.815196842606863	138.0	31	1.05	0.95				
	306	1	52.61879153684211	10.833280610526318	0.0	-100.0	3	1.0374053929497804	8.355458913805005	138.0	32	1.05	0.95				
	307	2	48.36285986842106	9.672571973684212	0.0	0.0	3	0.95	5.431022291396855	138.0	32	1.05	0.95				
	308	1	66.1603923	13.541600763157897	0.0	0.0	3	0.9721541741227124	7.050913129383672	138.0	32	1.05	0.95				
	309	1	67.70800381578948	13.928503642105264	0.0	0.0	3	1.0160754210432676	14.967378981786505	138.0	33	1.05	0.95				
	310	1	75.44606139473686	15.476115157894741	0.0	0.0	3	1.0432120603186554	9.319936742931649	138.0	33	1.05	0.95				
	311	1	0.0	0.0	0.0	0.0	3	1.0041481182452414	12.488580991041603	230.0	33	1.05	0.95				
	312	1	0.0	0.0	0.0	0.0	3	1.0091431996768438	12.525608217228145	230.0	33	1.05	0.95				
	313	2	102.52926292105265	20.8927554631579	0.0	0.0	3	1.0025836409791125	12.31267459962727	230.0	34	1.05	0.95				
	314	2	75.05915851578948	15.08921227894737	0.0	0.0	3	1.0005208908829006	13.085674317051518	230.0	36	1.05	0.95				
	315	2	122.6482126263158	24.761784252631582	0.0	0.0	3	1.0494304454251906	16.772974820774284	230.0	36	1.05	0.95				
	316	2	38.69028789473685	7.7380575789473705	0.0	0.0	3	1.0336540760802595	16.186030015954262	230.0	36	1.05	0.95				
	317	1	0.0	0.0	0.0	0.0	3	1.05	20.131144204340824	230.0	37	1.05	0.95				
	318	2	128.8386586894737	26.309395768421055	0.0	0.0	3	1.0481825264733686	17.149923858545822	230.0	37	1.05	0.95				
	319	1	70.0294210894737	14.315406521052635	0.0	0.0	3	1.0246633870224684	14.642702103489473	230.0	35	1.05	0.95				
	320	1	49.523568505263164	10.059474852631581	0.0	0.0	3	1.0196612536138514	14.04502283239469	230.0	35	1.05	0.95				
	321	2	0.0	0.0	0.0	0.0	3	1.05	17.66738903324674	230.0	37	1.05	0.95				
	322	2	0.0	0.0	0.0	0.0	3	1.0499999988615236	22.982505424071668	230.0	37	1.05	0.95				
	323	2	0.0	0.0	0.0	0.0	3	1.0172381038964418	14.01885354570805	230.0	35	1.05	0.95				
	324	1	0.0	0.0	0.0	0.0	3	1.0466519391340952	20.375362236712867	230.0	36	1.05	0.95				
	325	1	0.0	0.0	0.0	0.0	3	1.019222638286029	14.305153196860802	230.0	35	1.05	0.95				
];
