%% MATPOWER Case Format : Version 2
function mpc = RTS_GMLC
mpc.version = '2';

%%-----  Power Flow Data  -----%%
%% system MVA base
mpc.baseMVA = 100.0;
%% bus data
%    bus_i    type    Pd    Qd    Gs    Bs    area    Vm    Va    baseKV    zone    Vmax    Vmin
mpc.bus = [
	101	2	93.6650173263158	19.079910936842108	0.0	0.0	1	1.0484278120980564	-1.0067194565641746	138.0	11	1.05	0.95				
	102	2	84.12506185789475	17.34537357894737	0.0	0.0	1	1.0482002991913766	-1.1674900143052007	138.0	12	1.05	0.95				
	103	1	156.10836221052634	32.088941121052635	0.0	0.0	1	1.0223660327986117	-2.4953460467675326	138.0	11	1.05	0.95				
	104	1	64.17788224210527	13.009030184210527	0.0	0.0	1	1.0235673972647192	-4.766793865076197	138.0	11	1.05	0.95				
	105	1	61.57607620526316	12.14176150526316	0.0	0.0	1	1.0368937588609084	-5.257938944701128	138.0	11	1.05	0.95				
	106	1	117.94854033684213	24.28352301052632	0.0	-100.0	1	1.0356071573927255	-8.443211078372148	138.0	12	1.05	0.95				
	107	2	108.40858486842106	21.68171697368421	0.0	0.0	1	1.05	-6.910334833393157	138.0	12	1.05	0.95				
	108	1	148.3029441	30.354403763157894	0.0	0.0	1	1.0221497793683922	-9.2455319471998	138.0	12	1.05	0.95				
	109	1	151.77201881578947	31.221672442105262	0.0	0.0	1	1.02719353940792	-5.310467267529398	138.0	13	1.05	0.95				
	110	1	169.11739239473684	34.69074715789474	0.0	0.0	1	1.05	-6.915100820543795	138.0	13	1.05	0.95				
	111	1	0.0	0.0	0.0	0.0	1	1.0169292784812591	-2.2825927949123272	230.0	13	1.05	0.95				
	112	1	0.0	0.0	0.0	0.0	1	1.0184764864017604	-1.4390522030294286	230.0	13	1.05	0.95				
	113	3	229.82619992105265	46.8325086631579	0.0	0.0	1	1.020716790912368	-1.794622059143416e-29	230.0	14	1.05	0.95				
	114	2	168.2501237157895	33.82347847894737	0.0	0.0	1	1.020975503001918	-0.43832557449838877	230.0	16	1.05	0.95				
	115	2	274.92417122631576	55.50519545263158	0.0	0.0	1	1.0429926618988448	8.249361676994548	230.0	16	1.05	0.95				
	116	2	86.72686789473684	17.34537357894737	0.0	0.0	1	1.0424291433754656	7.466611177500718	230.0	16	1.05	0.95				
	117	1	0.0	0.0	0.0	0.0	1	1.04638230138314	11.038042350378738	230.0	17	1.05	0.95				
	118	2	288.8004700894737	58.974270168421064	0.0	0.0	1	1.0492970391537502	11.827679606968568	230.0	17	1.05	0.95				
	119	1	156.9756308894737	32.088941121052635	0.0	0.0	1	1.03651039689732	5.879446861590054	230.0	15	1.05	0.95				
	120	1	111.01039090526316	22.548985652631583	0.0	0.0	1	1.0387348734851287	5.755435360946901	230.0	15	1.05	0.95				
	121	2	0.0	0.0	0.0	0.0	1	1.05	13.22797248940514	230.0	17	1.05	0.95				
	122	2	0.0	0.0	0.0	0.0	1	1.05	19.586775372234207	230.0	17	1.05	0.95				
	123	2	0.0	0.0	0.0	0.0	1	1.0425162633380864	6.326021663102208	230.0	15	1.05	0.95				
	124	1	0.0	0.0	0.0	0.0	1	1.0218414767603534	4.263855374438393	230.0	16	1.05	0.95				
	201	2	89.86116797052634	18.305052734736844	0.0	0.0	2	1.0412375012573165	-14.53334268184554	138.0	21	1.05	0.95				
	202	2	80.7086416031579	16.64095703157895	0.0	0.0	2	1.0439553980238163	-14.662346348604618	138.0	22	1.05	0.95				
	203	1	149.76861328421055	30.785770508421056	0.0	0.0	2	1.0252266064230113	-10.553933857246603	138.0	21	1.05	0.95				
	204	1	61.57154101684211	12.48071777368421	0.0	0.0	2	1.0195502508089045	-15.793373279381823	138.0	21	1.05	0.95				
	205	1	59.07539746210526	11.648669922105265	0.0	0.0	2	1.0350132048072727	-16.311955809301374	138.0	21	1.05	0.95				
	206	1	113.15850781473686	23.29733984421053	0.0	-100.0	2	1.0371100857843616	-18.09384707194771	138.0	22	1.05	0.95				
	207	2	104.00598144736844	20.801196289473687	0.0	0.0	2	0.95	-29.189345866546482	138.0	22	1.05	0.95				
	208	1	142.28018262	29.121674805263158	0.0	0.0	2	0.9556358278086124	-25.52649445291383	138.0	22	1.05	0.95				
	209	1	145.6083740263158	29.953722656842107	0.0	0.0	2	1.0264069530215902	-13.365697271124617	138.0	23	1.05	0.95				
	210	1	162.24933105789475	33.2819140631579	0.0	0.0	2	1.05	-15.507940698109755	138.0	23	1.05	0.95				
	211	1	0.0	0.0	0.0	0.0	2	1.0339425293435496	-9.19874879007958	230.0	23	1.05	0.95				
	212	1	0.0	0.0	0.0	0.0	2	1.0276947290994927	-4.491813872169145	230.0	23	1.05	0.95				
	213	2	220.49268066842106	44.93058398526317	0.0	0.0	2	1.05	-6.557326112750338	230.0	24	1.05	0.95				
	214	2	161.4172832063158	32.44986621157896	0.0	0.0	2	1.05	-6.514278604755767	230.0	26	1.05	0.95				
	215	2	263.7591689505264	53.25106250105264	0.0	0.0	2	1.0449451459349208	2.7543833159269453	230.0	26	1.05	0.95				
	216	2	83.20478515789475	16.64095703157895	0.0	0.0	2	1.0484788236983222	2.4279520362327873	230.0	26	1.05	0.95				
	217	1	0.0	0.0	0.0	0.0	2	1.0491296797273384	5.645156489309919	230.0	27	1.05	0.95				
	218	2	277.0719345757895	56.57925390736843	0.0	0.0	2	1.05	6.312651569788951	230.0	27	1.05	0.95				
	219	1	150.6006611357895	30.785770508421056	0.0	0.0	2	1.0428509830586519	2.2394392599730604	230.0	25	1.05	0.95				
	220	1	106.50212500210527	21.633244141052636	0.0	0.0	2	1.0455625104032473	3.6315251699390894	230.0	25	1.05	0.95				
	221	2	0.0	0.0	0.0	0.0	2	1.05	6.82334806302978	230.0	27	1.05	0.95				
	222	2	0.0	0.0	0.0	0.0	2	1.05	12.872963733918215	230.0	27	1.05	0.95				
	223	2	0.0	0.0	0.0	0.0	2	1.05	4.997580502824485	230.0	25	1.05	0.95				
	224	1	0.0	0.0	0.0	0.0	2	1.0206486511380433	-2.1920645055482892	230.0	26	1.05	0.95				
	301	2	78.17273014736843	15.924074659649124	0.0	0.0	3	0.9816831964059635	-3.201343954396746	138.0	31	1.05	0.95				
	302	2	70.21069281754386	14.476431508771931	0.0	0.0	3	0.9829963564269065	-3.3147988726161133	138.0	32	1.05	0.95				
	303	1	130.28788357894737	26.78139829122807	0.0	0.0	3	0.9985255725450881	2.513239294530227	138.0	31	1.05	0.95				
	304	1	53.56279658245614	10.857323631578947	0.0	0.0	3	0.9782517986293437	-0.5635381775763485	138.0	31	1.05	0.95				
	305	1	51.39133185614034	10.133502056140351	0.0	0.0	3	0.9904314605260516	-0.9324986665139826	138.0	31	1.05	0.95				
	306	1	98.43973425964913	20.267004112280702	0.0	-100.0	3	1.003179951632692	-0.48501149574652547	138.0	32	1.05	0.95				
	307	2	90.47769692982456	18.095539385964912	0.0	0.0	3	0.9594048843560997	-6.346756940075658	138.0	32	1.05	0.95				
	308	1	123.77348939999999	25.333755140350878	0.0	0.0	3	0.9651836819377979	-2.7549886327987663	138.0	32	1.05	0.95				
	309	1	126.66877570175438	26.05757671578947	0.0	0.0	3	1.0028177135060286	4.78070701497613	138.0	33	1.05	0.95				
	310	1	141.1452072105263	28.952863017543862	0.0	0.0	3	1.0227386671532717	3.783129667667188	138.0	33	1.05	0.95				
	311	1	0.0	0.0	0.0	0.0	3	0.9968563521594109	12.059733143169074	230.0	33	1.05	0.95				
	312	1	0.0	0.0	0.0	0.0	3	1.000659614237893	13.265812514908133	230.0	33	1.05	0.95				
	313	2	191.81271749122806	39.08636507368421	0.0	0.0	3	1.0274690867061937	20.837622667406695	230.0	34	1.05	0.95				
	314	2	140.42138563508772	28.229041442105263	0.0	0.0	3	1.005706510570082	11.849966646526962	230.0	36	1.05	0.95				
	315	2	229.4514394140351	46.324580828070175	0.0	0.0	3	1.0358550879006085	9.595263709039772	230.0	36	1.05	0.95				
	316	2	72.38215754385965	14.476431508771931	0.0	0.0	3	1.0337921105523067	10.795136223152975	230.0	36	1.05	0.95				
	317	1	0.0	0.0	0.0	0.0	3	1.0411999037673274	11.070694639126462	230.0	37	1.05	0.95				
	318	2	241.03258462105265	49.219867129824564	0.0	0.0	3	1.0406738437280545	9.975149992077325	230.0	37	1.05	0.95				
	319	1	131.01170515438596	26.78139829122807	0.0	0.0	3	1.0296789667213375	12.416497803796684	230.0	35	1.05	0.95				
	320	1	92.64916165614035	18.819360961403508	0.0	0.0	3	1.0296530894991693	13.821285092052138	230.0	35	1.05	0.95				
	321	2	0.0	0.0	0.0	0.0	3	1.0423641918541706	11.251730115557669	230.0	37	1.05	0.95				
	322	2	0.0	0.0	0.0	0.0	3	1.05	15.503181949598208	230.0	37	1.05	0.95				
	323	2	0.0	0.0	0.0	0.0	3	1.0300246993253683	14.371415298700239	230.0	35	1.05	0.95				
	324	1	0.0	0.0	0.0	0.0	3	1.0151426813917157	8.955612741751603	230.0	36	1.05	0.95				
	325	1	0.0	0.0	0.0	0.0	3	1.032746099547441	14.283801163013568	230.0	35	1.05	0.95				
];
