%% MATPOWER Case Format : Version 2
function mpc = RTS_GMLC
mpc.version = '2';

%%-----  Power Flow Data  -----%%
%% system MVA base
mpc.baseMVA = 100.0;
%% bus data
%    bus_i    type    Pd    Qd    Gs    Bs    area    Vm    Va    baseKV    zone    Vmax    Vmin
mpc.bus = [
	101	2	35.59030182947369	7.249876298596492	0.0	0.0	1	1.033608873741426	4.195363912697575	138.0	11	1.05	0.95				
	102	2	31.965363680175436	6.5907966350877185	0.0	0.0	1	1.0327242326203514	3.9460495443835333	138.0	12	1.05	0.95				
	103	1	59.317169715789476	12.19297377491228	0.0	0.0	1	1.0308051481729077	2.041533336874043	138.0	11	1.05	0.95				
	104	1	24.38594754982456	4.943097476315789	0.0	0.0	1	1.0227580871254547	0.7199543500450203	138.0	11	1.05	0.95				
	105	1	23.3973280545614	4.6135576445614035	0.0	0.0	1	1.037121056717642	1.0085847150942389	138.0	11	1.05	0.95				
	106	1	44.817417118596495	9.227115289122807	0.0	-100.0	1	1.048012151616868	-1.1689475602069155	138.0	12	1.05	0.95				
	107	2	41.19247896929824	8.238495793859649	0.0	0.0	1	1.0007671149266026	-6.750489845547804	138.0	12	1.05	0.95				
	108	1	56.35131123	11.533894111403507	0.0	0.0	1	1.0075460792338933	-5.282292377790872	138.0	12	1.05	0.95				
	109	1	57.66947055701755	11.863433943157894	0.0	0.0	1	1.0243780470396122	-0.5802027191093488	138.0	13	1.05	0.95				
	110	1	64.26026719210526	13.181593270175437	0.0	0.0	1	1.05	-1.1826443033625988	138.0	13	1.05	0.95				
	111	1	0.0	0.0	0.0	0.0	1	1.0005850545419055	0.6060263203831262	230.0	13	1.05	0.95				
	112	1	0.0	0.0	0.0	0.0	1	1.005503500338059	0.5599308130100636	230.0	13	1.05	0.95				
	113	3	87.32805541491227	17.795150914736844	0.0	0.0	1	0.9881362220192631	2.156867441712096e-30	230.0	14	1.05	0.95				
	114	2	63.93072736035087	12.852053438421052	0.0	0.0	1	0.997135464338341	2.7591975117865664	230.0	16	1.05	0.95				
	115	2	104.46412666614033	21.0905492322807	0.0	0.0	1	1.0352669100309961	8.02292168725066	230.0	16	1.05	0.95				
	116	2	32.953983175438594	6.5907966350877185	0.0	0.0	1	1.0306323754545361	7.633114606321366	230.0	16	1.05	0.95				
	117	1	0.0	0.0	0.0	0.0	1	1.039625164484625	10.033769620430142	230.0	17	1.05	0.95				
	118	2	109.73676397421053	22.408708559298248	0.0	0.0	1	1.043466661051769	10.13630721650956	230.0	17	1.05	0.95				
	119	1	59.646709547543864	12.19297377491228	0.0	0.0	1	1.022542685126445	6.079521755445766	230.0	15	1.05	0.95				
	120	1	42.1810984645614	8.568035625614034	0.0	0.0	1	1.0176957100768202	5.3659823853347	230.0	15	1.05	0.95				
	121	2	0.0	0.0	0.0	0.0	1	1.047590560264436	10.99026034957706	230.0	17	1.05	0.95				
	122	2	0.0	0.0	0.0	0.0	1	1.05	18.906968491825165	230.0	17	1.05	0.95				
	123	2	0.0	0.0	0.0	0.0	1	1.015097885152996	5.233097846983436	230.0	15	1.05	0.95				
	124	1	0.0	0.0	0.0	0.0	1	1.025403079979581	5.774737880578397	230.0	16	1.05	0.95				
	201	2	39.43963481684211	8.03399968491228	0.0	0.0	2	1.0190318015707927	-9.210035950248948	138.0	21	1.05	0.95				
	202	2	35.422634974385964	7.303636077192982	0.0	0.0	2	1.0189281902264546	-9.286059924705784	138.0	22	1.05	0.95				
	203	1	65.73272469473685	13.511726742807017	0.0	0.0	2	1.015819871561421	-7.071591394265908	138.0	21	1.05	0.95				
	204	1	27.023453485614034	5.477727057894737	0.0	0.0	2	1.015470042713617	-9.933876347797442	138.0	21	1.05	0.95				
	205	1	25.927908074035084	5.112545254035088	0.0	0.0	2	1.0302374244651196	-10.24383811035648	138.0	21	1.05	0.95				
	206	1	49.664725324912276	10.225090508070176	0.0	-100.0	2	1.044794350139215	-11.23624732233151	138.0	22	1.05	0.95				
	207	2	45.64772548245614	9.129545096491228	0.0	0.0	2	0.9954307334904854	-15.986013807558374	138.0	22	1.05	0.95				
	208	1	62.44608845999999	12.781363135087718	0.0	0.0	2	1.0026787104180308	-14.380115183223323	138.0	22	1.05	0.95				
	209	1	63.90681567543859	13.146544938947367	0.0	0.0	2	1.0223671367926757	-8.945481491380894	138.0	23	1.05	0.95				
	210	1	71.21045175263157	14.607272154385964	0.0	0.0	2	1.05	-10.108071308589375	138.0	23	1.05	0.95				
	211	1	0.0	0.0	0.0	0.0	2	1.0024450671975444	-6.494271104137875	230.0	23	1.05	0.95				
	212	1	0.0	0.0	0.0	0.0	2	1.0063124900764333	-5.8577591330558	230.0	23	1.05	0.95				
	213	2	96.773178022807	19.719817408421054	0.0	0.0	2	0.9960944950500538	-5.394882001414867	230.0	24	1.05	0.95				
	214	2	70.84526994877193	14.242090350526315	0.0	0.0	2	1.0005389115371262	-4.27993579675709	230.0	26	1.05	0.95				
	215	2	115.76263182350877	23.371635447017542	0.0	0.0	2	1.0167785777571896	1.1670791022500198	230.0	26	1.05	0.95				
	216	2	36.51818038596491	7.303636077192982	0.0	0.0	2	1.018378970094607	1.0603552873836064	230.0	26	1.05	0.95				
	217	1	0.0	0.0	0.0	0.0	2	1.0232402182545268	2.712435030723905	230.0	27	1.05	0.95				
	218	2	121.60554068526315	24.832362662456138	0.0	0.0	2	1.022587184757539	2.259632921906264	230.0	27	1.05	0.95				
	219	1	66.09790649859649	13.511726742807017	0.0	0.0	2	1.0195126921290343	0.7970712255279537	230.0	25	1.05	0.95				
	220	1	46.743270894035085	9.494726900350877	0.0	0.0	2	1.022646710672234	1.2928129402919577	230.0	25	1.05	0.95				
	221	2	0.0	0.0	0.0	0.0	2	1.0242858103272257	2.7034681359544654	230.0	27	1.05	0.95				
	222	2	0.0	0.0	0.0	0.0	2	1.0463705815587672	9.242895508458947	230.0	27	1.05	0.95				
	223	2	0.0	0.0	0.0	0.0	2	1.024751978232464	1.847766242323443	230.0	25	1.05	0.95				
	224	1	0.0	0.0	0.0	0.0	2	1.006181501720083	-1.9466681138727198	230.0	26	1.05	0.95				
	301	2	49.968364433684215	10.178740903157896	0.0	0.0	3	1.0113726507353096	-15.937468505637037	138.0	31	1.05	0.95				
	302	2	44.878993982105264	9.253400821052631	0.0	0.0	3	1.0105707918028395	-16.160627178671206	138.0	32	1.05	0.95				
	303	1	83.28060738947369	17.11879151894737	0.0	0.0	3	1.0397252436478992	-6.578215058144558	138.0	31	1.05	0.95				
	304	1	34.23758303789474	6.940050615789474	0.0	0.0	3	1.0114013959054724	-14.815005230731023	138.0	31	1.05	0.95				
	305	1	32.84957291473684	6.477380574736843	0.0	0.0	3	1.0248960780131022	-16.09475265327707	138.0	31	1.05	0.95				
	306	1	62.923125583157905	12.954761149473686	0.0	-100.0	3	1.0401057109775076	-16.728007868352062	138.0	32	1.05	0.95				
	307	2	57.83375513157895	11.56675102631579	0.0	0.0	3	0.9923354932506094	-21.642629484535743	138.0	32	1.05	0.95				
	308	1	79.11657702	16.193451436842103	0.0	0.0	3	0.9977354660884047	-19.53128069372813	138.0	32	1.05	0.95				
	309	1	80.96725718421052	16.656121477894736	0.0	0.0	3	1.0267228198073317	-11.820710424868546	138.0	33	1.05	0.95				
	310	1	90.22065800526316	18.506801642105263	0.0	0.0	3	1.05	-14.763388551325908	138.0	33	1.05	0.95				
	311	1	0.0	0.0	0.0	0.0	3	1.0094312030318062	-9.40077247631814	230.0	33	1.05	0.95				
	312	1	0.0	0.0	0.0	0.0	3	1.0130376005453738	-8.774995049516473	230.0	33	1.05	0.95				
	313	2	122.60756087894737	24.984182216842107	0.0	0.0	3	1.0116442554187626	-6.154324386472229	230.0	34	1.05	0.95				
	314	2	89.75798796421053	18.044131601052634	0.0	0.0	3	1.008513189089499	-8.249923024342975	230.0	36	1.05	0.95				
	315	2	146.6664030136842	29.610882627368422	0.0	0.0	3	1.0331361991324546	-4.185507308801356	230.0	36	1.05	0.95				
	316	2	46.26700410526316	9.253400821052631	0.0	0.0	3	1.0315520685909354	-3.8376833105311334	230.0	36	1.05	0.95				
	317	1	0.0	0.0	0.0	0.0	3	1.0381510900342659	-1.4597850463707287	230.0	37	1.05	0.95				
	318	2	154.06912367052632	31.461562791578952	0.0	0.0	3	1.0354154671918763	-2.1944894558718575	230.0	37	1.05	0.95				
	319	1	83.74327743052632	17.11879151894737	0.0	0.0	3	1.027629901941749	-4.441012552851714	230.0	35	1.05	0.95				
	320	1	59.221765254736844	12.029421067368421	0.0	0.0	3	1.0275033142430225	-4.067328721662241	230.0	35	1.05	0.95				
	321	2	0.0	0.0	0.0	0.0	3	1.0368277319153616	-2.3043791374732363	230.0	37	1.05	0.95				
	322	2	0.0	0.0	0.0	0.0	3	1.0499999766403976	2.3360763021691002	230.0	37	1.05	0.95				
	323	2	0.0	0.0	0.0	0.0	3	1.0282303806916437	-3.507015408326396	230.0	35	1.05	0.95				
	324	1	0.0	0.0	0.0	0.0	3	1.0302439125926497	-5.095834498734231	230.0	36	1.05	0.95				
	325	1	0.0	0.0	0.0	0.0	3	1.0256596893288465	-2.2857085229218685	230.0	35	1.05	0.95				
];
