%% MATPOWER Case Format : Version 2
function mpc = RTS_GMLC
mpc.version = '2';

%%-----  Power Flow Data  -----%%
%% system MVA base
mpc.baseMVA = 100.0;
%% bus data
%    bus_i    type    Pd    Qd    Gs    Bs    area    Vm    Va    baseKV    zone    Vmax    Vmin
mpc.bus = [
	101	2	42.964868880000004	8.75210292	0.0	0.0	1	1.0126501767715204	-4.613278423686487	138.0	11	1.05	0.95				
	102	2	38.58881742	7.9564572	0.0	0.0	1	1.012490328865722	-4.8165031007199754	138.0	12	1.05	0.95				
	103	1	71.6081148	14.719445819999999	0.0	0.0	1	1.0017148936799167	-0.7590497504499562	138.0	11	1.05	0.95				
	104	1	29.438891639999998	5.9673429	0.0	0.0	1	1.0029789517615715	-4.706465906418385	138.0	11	1.05	0.95				
	105	1	28.245423059999997	5.5695200400000004	0.0	0.0	1	1.0164656120489666	-5.717630315828417	138.0	11	1.05	0.95				
	106	1	54.103908960000005	11.139040080000001	0.0	-100.0	1	1.0264853325426881	-6.818058771347733	138.0	12	1.05	0.95				
	107	2	49.7278575	9.9455715	0.0	0.0	1	0.9851577564988988	-8.890877292422921	138.0	12	1.05	0.95				
	108	1	68.02770905999999	13.9238001	0.0	0.0	1	0.9878462382207507	-8.415356408935516	138.0	12	1.05	0.95				
	109	1	69.6190005	14.32162296	0.0	0.0	1	1.001994954910717	-3.836933429730633	138.0	13	1.05	0.95				
	110	1	77.5754577	15.9129144	0.0	0.0	1	1.0296818398121657	-5.5220886143404	138.0	13	1.05	0.95				
	111	1	0.0	0.0	0.0	0.0	1	0.9803715041383618	-1.4482112078736205	230.0	13	1.05	0.95				
	112	1	0.0	0.0	0.0	0.0	1	0.9817313774069905	-1.7795182849534348	230.0	13	1.05	0.95				
	113	3	105.42305789999999	21.482434440000002	0.0	0.0	1	0.962435301178524	-3.2638186257178325e-26	230.0	14	1.05	0.95				
	114	2	77.17763484	15.51509154	0.0	0.0	1	0.9870357878844875	0.689775534509571	230.0	16	1.05	0.95				
	115	2	126.10984662	25.460663039999996	0.0	0.0	1	0.9880904919774035	7.615468344459513	230.0	16	1.05	0.95				
	116	2	39.782286	7.9564572	0.0	0.0	1	0.9889503351893699	6.433102308205424	230.0	16	1.05	0.95				
	117	1	0.0	0.0	0.0	0.0	1	0.9938949742360841	10.475495732167404	230.0	17	1.05	0.95				
	118	2	132.47501238	27.051954480000003	0.0	0.0	1	0.9960111249038095	11.20492278363757	230.0	17	1.05	0.95				
	119	1	72.00593766	14.719445819999999	0.0	0.0	1	0.9898862727474977	4.033300507493897	230.0	15	1.05	0.95				
	120	1	50.92132607999999	10.343394360000001	0.0	0.0	1	0.993752534804327	2.3325839838927096	230.0	15	1.05	0.95				
	121	2	0.0	0.0	0.0	0.0	1	0.9949423877859208	12.633026908032523	230.0	17	1.05	0.95				
	122	2	0.0	0.0	0.0	0.0	1	1.016179064726619	21.171704012616583	230.0	17	1.05	0.95				
	123	2	0.0	0.0	0.0	0.0	1	0.9965004260529032	1.7268666065754568	230.0	15	1.05	0.95				
	124	1	0.0	0.0	0.0	0.0	1	0.9831136120123785	4.399287188813474	230.0	16	1.05	0.95				
	201	2	40.187627886315795	8.186368643508773	0.0	0.0	2	1.0112919671512832	-6.915936397601126	138.0	21	1.05	0.95				
	202	2	36.09444356456141	7.442153312280703	0.0	0.0	2	1.0102106611670618	-7.049550595200887	138.0	22	1.05	0.95				
	203	1	66.97937981052632	13.7679836277193	0.0	0.0	2	0.9976919547967396	-5.411525586659696	138.0	21	1.05	0.95				
	204	1	27.5359672554386	5.581614984210527	0.0	0.0	2	1.0025833182311543	-6.102891936096985	138.0	21	1.05	0.95				
	205	1	26.41964425859649	5.209507318596493	0.0	0.0	2	1.0184500490572306	-6.352513449353558	138.0	21	1.05	0.95				
	206	1	50.60664252350878	10.419014637192985	0.0	-100.0	2	1.0308111111026257	-6.513386738717069	138.0	22	1.05	0.95				
	207	2	46.513458201754396	9.302691640350877	0.0	0.0	2	0.9722223175982112	-10.883438876382234	138.0	22	1.05	0.95				
	208	1	63.63041082000001	13.023768296491228	0.0	0.0	2	0.9823373876048276	-9.2122711836248	138.0	22	1.05	0.95				
	209	1	65.11884148245615	13.395875962105263	0.0	0.0	2	1.0072787522719018	-3.7379204323245383	138.0	23	1.05	0.95				
	210	1	72.56099479473684	14.884306624561406	0.0	0.0	2	1.0348121449379981	-4.553516559968365	138.0	23	1.05	0.95				
	211	1	0.0	0.0	0.0	0.0	2	0.9865872924832014	-1.5360061042448017	230.0	23	1.05	0.95				
	212	1	0.0	0.0	0.0	0.0	2	0.9884722990546577	3.3882228310667637	230.0	23	1.05	0.95				
	213	2	98.60853138771931	20.093813943157897	0.0	0.0	2	0.9815445783135367	1.1832416355994528	230.0	24	1.05	0.95				
	214	2	72.18888712912282	14.51219895894737	0.0	0.0	2	0.9815709460190335	-1.1531954192264922	230.0	26	1.05	0.95				
	215	2	117.95812999964915	23.81489059929825	0.0	0.0	2	0.9909643903308918	1.763307600084914	230.0	26	1.05	0.95				
	216	2	37.21076656140351	7.442153312280703	0.0	0.0	2	0.9885681313212579	1.8382527612171555	230.0	26	1.05	0.95				
	217	1	0.0	0.0	0.0	0.0	2	0.9993124530559789	2.1567951510422474	230.0	27	1.05	0.95				
	218	2	123.9118526494737	25.30332126175439	0.0	0.0	2	1.000208108424051	1.7674393205545733	230.0	27	1.05	0.95				
	219	1	67.35148747614036	13.7679836277193	0.0	0.0	2	0.9813174997582079	3.3320106639436027	230.0	25	1.05	0.95				
	220	1	47.6297811985965	9.674799305964914	0.0	0.0	2	0.9782638490974289	5.441006036305295	230.0	25	1.05	0.95				
	221	2	0.0	0.0	0.0	0.0	2	1.0024169386496196	2.3349967768682847	230.0	27	1.05	0.95				
	222	2	0.0	0.0	0.0	0.0	2	1.0197060148052353	7.003667021104862	230.0	27	1.05	0.95				
	223	2	0.0	0.0	0.0	0.0	2	0.9779277279730832	6.923549007662175	230.0	25	1.05	0.95				
	224	1	0.0	0.0	0.0	0.0	2	0.9845711666710412	-0.9718894574302629	230.0	26	1.05	0.95				
	301	2	46.4492249431579	9.46187915508772	0.0	0.0	3	1.0095775568418335	35.756416637762854	138.0	31	1.05	0.95				
	302	2	41.71828536561404	8.601708322807019	0.0	0.0	3	1.0100833410370758	35.39901473839693	138.0	32	1.05	0.95				
	303	1	77.41537490526316	15.913160397192982	0.0	0.0	3	1.0164590666509223	48.86981503432819	138.0	31	1.05	0.95				
	304	1	31.826320794385964	6.451281242105263	0.0	0.0	3	0.9991373414772231	36.18544441272533	138.0	31	1.05	0.95				
	305	1	30.536064545964912	6.021195825964913	0.0	0.0	3	1.0180325739688192	35.034891167083174	138.0	31	1.05	0.95				
	306	1	58.49161659508773	12.042391651929826	0.0	-100.0	3	1.0306912745858414	34.08604700600195	138.0	32	1.05	0.95				
	307	2	53.760677017543856	10.752135403508772	0.0	0.0	3	0.9696381154347071	31.758036384225743	138.0	32	1.05	0.95				
	308	1	73.54460616	15.05298956491228	0.0	0.0	3	0.983966310618665	33.65261834307108	138.0	32	1.05	0.95				
	309	1	75.26494782456142	15.483074981052633	0.0	0.0	3	1.003290676815865	38.6744939969745	138.0	33	1.05	0.95				
	310	1	83.86665614736842	17.203416645614038	0.0	0.0	3	1.0369154652050272	35.71977974632375	138.0	33	1.05	0.95				
	311	1	0.0	0.0	0.0	0.0	3	0.9899674460450811	38.814553358766595	230.0	33	1.05	0.95				
	312	1	0.0	0.0	0.0	0.0	3	0.9964165085849701	38.63342361529883	230.0	33	1.05	0.95				
	313	2	113.97263527719299	23.22461247157895	0.0	0.0	3	0.9954286679177573	41.251505784020814	230.0	34	1.05	0.95				
	314	2	83.43657073122807	16.773331229473683	0.0	0.0	3	0.977919440411984	38.40113619537552	230.0	36	1.05	0.95				
	315	2	136.33707691649124	27.52546663298246	0.0	0.0	3	0.98300708429298	35.46276017446291	230.0	36	1.05	0.95				
	316	2	43.00854161403509	8.601708322807019	0.0	0.0	3	0.9724994111821684	35.56416350578755	230.0	36	1.05	0.95				
	317	1	0.0	0.0	0.0	0.0	3	0.9875913437125203	36.19120557996812	230.0	37	1.05	0.95				
	318	2	143.21844357473685	29.245808297543864	0.0	0.0	3	0.9842923925040121	32.957516151154756	230.0	37	1.05	0.95				
	319	1	77.84546032140352	15.913160397192982	0.0	0.0	3	0.9789221028829457	35.20719797641171	230.0	35	1.05	0.95				
	320	1	55.05093326596492	11.182220819649123	0.0	0.0	3	0.9842987770819478	34.16901544420588	230.0	35	1.05	0.95				
	321	2	0.0	0.0	0.0	0.0	3	0.992268595467236	34.2194949100444	230.0	37	1.05	0.95				
	322	2	0.0	0.0	0.0	0.0	3	1.0088007993902808	37.67393850039706	230.0	37	1.05	0.95				
	323	2	0.0	0.0	0.0	0.0	3	0.9869820559376911	33.52780924538651	230.0	35	1.05	0.95				
	324	1	0.0	0.0	0.0	0.0	3	0.9934514008046527	42.10506875219655	230.0	36	1.05	0.95				
	325	1	0.0	0.0	0.0	0.0	3	0.9868232467095942	31.76673275594962	230.0	35	1.05	0.95				
];
