%% MATPOWER Case Format : Version 2
function mpc = RTS_GMLC
mpc.version = '2';

%%-----  Power Flow Data  -----%%
%% system MVA base
mpc.baseMVA = 100.0;
%% bus data
%    bus_i    type    Pd    Qd    Gs    Bs    area    Vm    Va    baseKV    zone    Vmax    Vmin
mpc.bus = [
	101	2	48.48243442105263	9.87605145614035	0.0	0.0	1	1.0001029195821853	-3.194660420206566	138.0	11	1.05	0.95				
	102	2	43.54440869298246	8.978228596491228	0.0	0.0	1	0.999456305027452	-3.4526602363309187	138.0	12	1.05	0.95				
	103	1	80.80405736842106	16.60972290350877	0.0	0.0	1	1.025324786675175	1.104501493598668	138.0	11	1.05	0.95				
	104	1	33.21944580701754	6.733671447368421	0.0	0.0	1	1.0099160173463302	-3.8704919759565373	138.0	11	1.05	0.95				
	105	1	31.872711517543856	6.28476001754386	0.0	0.0	1	1.0192251173054465	-5.001081162732845	138.0	11	1.05	0.95				
	106	1	61.05195445614036	12.56952003508772	0.0	-100.0	1	1.0374138019146018	-6.504616196285413	138.0	12	1.05	0.95				
	107	2	56.11392872807017	11.222785745614035	0.0	0.0	1	0.9854372444600441	-12.454657021069748	138.0	12	1.05	0.95				
	108	1	76.7638545	15.711900043859647	0.0	0.0	1	0.9942789033200391	-10.400969532785947	138.0	12	1.05	0.95				
	109	1	78.55950021929824	16.16081147368421	0.0	0.0	1	1.0263437595650966	-3.370435240456585	138.0	13	1.05	0.95				
	110	1	87.53772881578948	17.956457192982455	0.0	0.0	1	1.05	-5.331519514981698	138.0	13	1.05	0.95				
	111	1	0.0	0.0	0.0	0.0	1	1.0212018771161513	-0.4296479896257682	230.0	13	1.05	0.95				
	112	1	0.0	0.0	0.0	0.0	1	1.0165656449414227	-1.4456022667492652	230.0	13	1.05	0.95				
	113	3	118.96152890350878	24.241217210526315	0.0	0.0	1	1.0029881608751274	-2.3189814934534638e-29	230.0	14	1.05	0.95				
	114	2	87.08881738596492	17.507545763157893	0.0	0.0	1	1.05	3.0170475673984676	230.0	16	1.05	0.95				
	115	2	142.30492325438595	28.73033150877193	0.0	0.0	1	1.0426818127510942	12.571772672040584	230.0	16	1.05	0.95				
	116	2	44.89114298245614	8.978228596491228	0.0	0.0	1	1.0441400178481415	10.796661594056493	230.0	16	1.05	0.95				
	117	1	0.0	0.0	0.0	0.0	1	1.041663088676094	16.921241734275352	230.0	17	1.05	0.95				
	118	2	149.48750613157895	30.52597722807018	0.0	0.0	1	1.05	17.58441899542178	230.0	17	1.05	0.95				
	119	1	81.25296879824562	16.60972290350877	0.0	0.0	1	1.0418987495513152	6.693059169247823	230.0	15	1.05	0.95				
	120	1	57.46066301754386	11.671697175438595	0.0	0.0	1	1.0462891561264955	3.6906419226653986	230.0	15	1.05	0.95				
	121	2	0.0	0.0	0.0	0.0	1	1.0437143116837435	19.083507402700256	230.0	17	1.05	0.95				
	122	2	0.0	0.0	0.0	0.0	1	1.05	37.04088801430133	230.0	17	1.05	0.95				
	123	2	0.0	0.0	0.0	0.0	1	1.05	2.3800041300886288	230.0	15	1.05	0.95				
	124	1	0.0	0.0	0.0	0.0	1	1.0218296989880096	8.303022013340229	230.0	16	1.05	0.95				
	201	2	48.21155359578948	9.82087202877193	0.0	0.0	2	0.9937533502879057	-17.29684448766733	138.0	21	1.05	0.95				
	202	2	43.30111758140351	8.928065480701756	0.0	0.0	2	0.9923370424046809	-17.592314538060617	138.0	22	1.05	0.95				
	203	1	80.3525893263158	16.516921139298248	0.0	0.0	2	0.9946940119433267	-12.69350492041216	138.0	21	1.05	0.95				
	204	1	33.033842278596495	6.696049110526316	0.0	0.0	2	0.9830187631195443	-16.830647078111706	138.0	21	1.05	0.95				
	205	1	31.694632456491227	6.249645836491228	0.0	0.0	2	0.9980756385908759	-17.357148078166126	138.0	21	1.05	0.95				
	206	1	60.71084526877194	12.499291672982457	0.0	-100.0	2	1.0077487521316784	-17.966087498571888	138.0	22	1.05	0.95				
	207	2	55.80040925438596	11.160081850877193	0.0	0.0	2	0.9702443999663274	-23.85123427394904	138.0	22	1.05	0.95				
	208	1	76.33495986	15.62411459122807	0.0	0.0	2	0.9693168321530139	-21.60841511557833	138.0	22	1.05	0.95				
	209	1	78.12057295614035	16.070517865263156	0.0	0.0	2	0.9894577895723272	-14.239476064434221	138.0	23	1.05	0.95				
	210	1	87.04863843684211	17.85613096140351	0.0	0.0	2	1.0136335514301207	-15.890151059236155	138.0	23	1.05	0.95				
	211	1	0.0	0.0	0.0	0.0	2	0.9755283029756832	-11.112039870400848	230.0	23	1.05	0.95				
	212	1	0.0	0.0	0.0	0.0	2	0.9613592040272892	-8.472161950275256	230.0	23	1.05	0.95				
	213	2	118.29686761929825	24.10577679789474	0.0	0.0	2	0.9552166946680831	-9.06893788884551	230.0	24	1.05	0.95				
	214	2	86.60223516280702	17.409727687368424	0.0	0.0	2	0.9956844913266191	-8.8730424382041	230.0	26	1.05	0.95				
	215	2	141.5098378691228	28.569809538245615	0.0	0.0	2	1.017969214180898	-1.9587349065522455	230.0	26	1.05	0.95				
	216	2	44.64032740350877	8.928065480701756	0.0	0.0	2	1.0092521922670565	-2.749253376227663	230.0	26	1.05	0.95				
	217	1	0.0	0.0	0.0	0.0	2	1.026764660611341	-0.8575432535670521	230.0	27	1.05	0.95				
	218	2	148.6522902536842	30.35542263438597	0.0	0.0	2	1.027229176059878	-1.3577475408606594	230.0	27	1.05	0.95				
	219	1	80.79899260035089	16.516921139298248	0.0	0.0	2	0.9811518839688739	-2.5040670149410698	230.0	25	1.05	0.95				
	220	1	57.13961907649123	11.606485124912282	0.0	0.0	2	0.96024493170401	-1.3144746802307716	230.0	25	1.05	0.95				
	221	2	0.0	0.0	0.0	0.0	2	1.0278067037404108	-0.7554796882323939	230.0	27	1.05	0.95				
	222	2	0.0	0.0	0.0	0.0	2	1.0499999587760012	5.694200491861842	230.0	27	1.05	0.95				
	223	2	0.0	0.0	0.0	0.0	2	0.95	-0.23505868796967888	230.0	25	1.05	0.95				
	224	1	0.0	0.0	0.0	0.0	2	0.9961638916278199	-5.9278419293903415	230.0	26	1.05	0.95				
	301	2	60.184118955789465	12.259727935438596	0.0	0.0	3	1.0033170917973162	28.20308052120294	138.0	31	1.05	0.95				
	302	2	54.05425498807017	11.145207214035088	0.0	0.0	3	1.003304386057565	27.907740562941083	138.0	32	1.05	0.95				
	303	1	100.30686492631577	20.61863334596491	0.0	0.0	3	1.0182775212322215	41.20925464279982	138.0	31	1.05	0.95				
	304	1	41.23726669192982	8.358905410526313	0.0	0.0	3	1.0033311608696374	29.786801875465642	138.0	31	1.05	0.95				
	305	1	39.565485609824556	7.801645049824561	0.0	0.0	3	1.0194469860090014	27.710666553761637	138.0	31	1.05	0.95				
	306	1	75.78740905543859	15.603290099649122	0.0	-100.0	3	1.0355262416652649	26.809727746680178	138.0	32	1.05	0.95				
	307	2	69.65754508771928	13.931509017543858	0.0	0.0	3	0.9967854453554645	22.824370681906505	138.0	32	1.05	0.95				
	308	1	95.29152167999999	19.5041126245614	0.0	0.0	3	1.0000246073817765	25.40215221176372	138.0	32	1.05	0.95				
	309	1	97.52056312280702	20.061372985263155	0.0	0.0	3	1.0225975785738932	33.61499948675093	138.0	33	1.05	0.95				
	310	1	108.66577033684209	22.290414428070175	0.0	0.0	3	1.05	29.018869384690788	138.0	33	1.05	0.95				
	311	1	0.0	0.0	0.0	0.0	3	1.0061376114750626	33.63966004512864	230.0	33	1.05	0.95				
	312	1	0.0	0.0	0.0	0.0	3	1.0257599929335777	33.53994826924542	230.0	33	1.05	0.95				
	313	2	147.6739955859649	30.092059477894733	0.0	0.0	3	1.0256998296437927	36.07175564379701	230.0	34	1.05	0.95				
	314	2	108.10850997614034	21.73315406736842	0.0	0.0	3	0.9842482495493193	33.92215214768084	230.0	36	1.05	0.95				
	315	2	176.65153434245613	35.66466308491228	0.0	0.0	3	0.9725972238922844	32.68220090270896	230.0	36	1.05	0.95				
	316	2	55.72603607017543	11.145207214035088	0.0	0.0	3	0.9537113176039668	33.0391083745783	230.0	36	1.05	0.95				
	317	1	0.0	0.0	0.0	0.0	3	0.9596744949327127	35.83733333374619	230.0	37	1.05	0.95				
	318	2	185.5677001136842	37.893704527719294	0.0	0.0	3	0.95	31.452813341531588	230.0	37	1.05	0.95				
	319	1	100.86412528701754	20.61863334596491	0.0	0.0	3	0.9935025937785606	32.4131840245471	230.0	35	1.05	0.95				
	320	1	71.32932616982455	14.488769378245614	0.0	0.0	3	1.0295435849784063	31.566876329563698	230.0	35	1.05	0.95				
	321	2	0.0	0.0	0.0	0.0	3	0.9720879754858742	32.57817014096158	230.0	37	1.05	0.95				
	322	2	0.0	0.0	0.0	0.0	3	0.9747900260921496	38.87005915618363	230.0	37	1.05	0.95				
	323	2	0.0	0.0	0.0	0.0	3	1.0492696005714188	31.021315091501716	230.0	35	1.05	0.95				
	324	1	0.0	0.0	0.0	0.0	3	0.989652204969102	37.71687002434771	230.0	36	1.05	0.95				
	325	1	0.0	0.0	0.0	0.0	3	1.05	30.017771840166827	230.0	35	1.05	0.95				
];
