%% MATPOWER Case Format : Version 2
function mpc = RTS_GMLC
mpc.version = '2';

%%-----  Power Flow Data  -----%%
%% system MVA base
mpc.baseMVA = 100.0;
%% bus data
%    bus_i    type    Pd    Qd    Gs    Bs    area    Vm    Va    baseKV    zone    Vmax    Vmin
mpc.bus = [
	101	2	86.11677386526316	17.542305787368417	0.0	0.0	1	1.0431930062564998	-1.192554405801273	138.0	11	1.05	0.95				
	102	2	77.34562097157894	15.947550715789472	0.0	0.0	1	1.0426997121398591	-1.404634885685968	138.0	12	1.05	0.95				
	103	1	143.52795644210525	29.502968824210523	0.0	0.0	1	1.0254512359276924	-1.8546343888736585	138.0	11	1.05	0.95				
	104	1	59.005937648421046	11.960663036842103	0.0	0.0	1	1.02052621263358	-4.850248933571431	138.0	11	1.05	0.95				
	105	1	56.61380504105262	11.16328550105263	0.0	0.0	1	1.0355338306369843	-4.973166236756186	138.0	11	1.05	0.95				
	106	1	108.44334486736842	22.32657100210526	0.0	-100.0	1	1.0367409600390298	-7.847283698199245	138.0	12	1.05	0.95				
	107	2	99.67219197368419	19.93443839473684	0.0	0.0	1	1.0444654471949875	-5.261719082659219	138.0	12	1.05	0.95				
	108	1	136.35155861999996	27.90821375263157	0.0	0.0	1	1.0209922672280136	-7.861947363948386	138.0	12	1.05	0.95				
	109	1	139.54106876315788	28.705591288421044	0.0	0.0	1	1.0269789037275747	-4.800157833247702	138.0	13	1.05	0.95				
	110	1	155.48861947894736	31.895101431578944	0.0	0.0	1	1.05	-6.340300333854147	138.0	13	1.05	0.95				
	111	1	0.0	0.0	0.0	0.0	1	1.015071474873559	-2.007016057458013	230.0	13	1.05	0.95				
	112	1	0.0	0.0	0.0	0.0	1	1.0171588052890361	-1.3231155872740876	230.0	13	1.05	0.95				
	113	3	211.30504698421052	43.05838693263158	0.0	0.0	1	1.0166478736121372	-5.469632923385719e-28	230.0	14	1.05	0.95				
	114	2	154.69124194315788	31.09772389578947	0.0	0.0	1	1.0183425537482464	-0.16521138995134674	230.0	16	1.05	0.95				
	115	2	252.76867884526314	51.03216229052631	0.0	0.0	1	1.0444588988738868	8.097014581986762	230.0	16	1.05	0.95				
	116	2	79.73775357894736	15.947550715789472	0.0	0.0	1	1.0427757697958264	7.278045489649199	230.0	16	1.05	0.95				
	117	1	0.0	0.0	0.0	0.0	1	1.045693571480633	10.484917918332142	230.0	17	1.05	0.95				
	118	2	265.5267194178947	54.22167243368421	0.0	0.0	1	1.0479850621077238	10.935977479507754	230.0	17	1.05	0.95				
	119	1	144.3253339778947	29.502968824210523	0.0	0.0	1	1.0360643773939051	5.698852628927743	230.0	15	1.05	0.95				
	120	1	102.06432458105262	20.731815930526313	0.0	0.0	1	1.0366026036526665	5.357061683367586	230.0	15	1.05	0.95				
	121	2	0.0	0.0	0.0	0.0	1	1.05	12.718725311203023	230.0	17	1.05	0.95				
	122	2	0.0	0.0	0.0	0.0	1	1.05	20.135686546431604	230.0	17	1.05	0.95				
	123	2	0.0	0.0	0.0	0.0	1	1.039102913686167	5.760896248914099	230.0	15	1.05	0.95				
	124	1	0.0	0.0	0.0	0.0	1	1.0248663038548869	4.401709558589486	230.0	16	1.05	0.95				
	201	2	82.95923186526316	16.899102787368424	0.0	0.0	2	1.040254558468063	-12.1665484137292	138.0	21	1.05	0.95				
	202	2	74.50968047157895	15.362820715789475	0.0	0.0	2	1.0405521295790954	-12.242011467990974	138.0	22	1.05	0.95				
	203	1	138.26538644210527	28.421218324210525	0.0	0.0	2	1.0257402560755304	-9.321554671908807	138.0	21	1.05	0.95				
	204	1	56.84243664842105	11.522115536842104	0.0	0.0	2	1.0192191818061924	-13.610456073011507	138.0	21	1.05	0.95				
	205	1	54.538013541052635	10.753974501052632	0.0	0.0	2	1.035394858344562	-14.020638901328622	138.0	21	1.05	0.95				
	206	1	104.46718086736844	21.507949002105264	0.0	-100.0	2	1.0381557450210515	-15.781909414160436	138.0	22	1.05	0.95				
	207	2	96.01762947368421	19.203525894736842	0.0	0.0	2	0.9549211634171604	-27.24296138761776	138.0	22	1.05	0.95				
	208	1	131.35211712	26.884936252631576	0.0	0.0	2	0.9606824187737822	-23.386367100333064	138.0	22	1.05	0.95				
	209	1	134.4246812631579	27.653077288421052	0.0	0.0	2	1.0261396475606885	-11.630667909751267	138.0	23	1.05	0.95				
	210	1	149.78750197894738	30.72564143157895	0.0	0.0	2	1.05	-13.493067978008494	138.0	23	1.05	0.95				
	211	1	0.0	0.0	0.0	0.0	2	1.028799519674388	-8.007084196070247	230.0	23	1.05	0.95				
	212	1	0.0	0.0	0.0	0.0	2	1.0254357873913957	-2.9133855486331166	230.0	23	1.05	0.95				
	213	2	203.55737448421053	41.47961593263158	0.0	0.0	2	1.03868338392611	-5.257938578680379	230.0	24	1.05	0.95				
	214	2	149.0193609431579	29.957500395789477	0.0	0.0	2	1.0425705472901043	-6.006496053899692	230.0	26	1.05	0.95				
	215	2	243.50070834526315	49.161026290526316	0.0	0.0	2	1.0434581858647134	1.5988447852691086	230.0	26	1.05	0.95				
	216	2	76.81410357894737	15.362820715789475	0.0	0.0	2	1.0452720461067682	1.5788533065301265	230.0	26	1.05	0.95				
	217	1	0.0	0.0	0.0	0.0	2	1.0467045961423007	4.050509121287531	230.0	27	1.05	0.95				
	218	2	255.79096491789474	52.23359043368422	0.0	0.0	2	1.0470944243898335	4.211177270103525	230.0	27	1.05	0.95				
	219	1	139.03352747789475	28.421218324210525	0.0	0.0	2	1.041493213368109	1.8084771595061788	230.0	25	1.05	0.95				
	220	1	98.32205258105263	19.971666930526315	0.0	0.0	2	1.0451816423383882	3.448841618329715	230.0	25	1.05	0.95				
	221	2	0.0	0.0	0.0	0.0	2	1.0471558677389605	4.103306096121093	230.0	27	1.05	0.95				
	222	2	0.0	0.0	0.0	0.0	2	1.05	10.59237706527304	230.0	27	1.05	0.95				
	223	2	0.0	0.0	0.0	0.0	2	1.05	4.903689400999417	230.0	25	1.05	0.95				
	224	1	0.0	0.0	0.0	0.0	2	1.0231653832233887	-2.463882081698671	230.0	26	1.05	0.95				
	301	2	85.65517242947368	17.448275865263156	0.0	0.0	3	0.9837644009123556	-2.4314320571716626	138.0	31	1.05	0.95				
	302	2	76.93103449684209	15.86206896842105	0.0	0.0	3	0.9862948988371462	-2.777408428872995	138.0	32	1.05	0.95				
	303	1	142.75862071578948	29.34482759157894	0.0	0.0	3	0.9991568239219216	1.2443553455260021	138.0	31	1.05	0.95				
	304	1	58.68965518315788	11.896551726315788	0.0	0.0	3	0.9771621638947776	-0.8065339915662721	138.0	31	1.05	0.95				
	305	1	56.31034483789472	11.103448277894737	0.0	0.0	3	0.9889325162769155	-0.8028928099845793	138.0	31	1.05	0.95				
	306	1	107.86206898526316	22.206896555789474	0.0	-100.0	3	0.9987681398457274	-0.809944520887033	138.0	32	1.05	0.95				
	307	2	99.13793105263157	19.827586210526313	0.0	0.0	3	0.95	-7.579021464040806	138.0	32	1.05	0.95				
	308	1	135.62068968	27.758620694736834	0.0	0.0	3	0.9559961427374897	-3.7290500732280614	138.0	32	1.05	0.95				
	309	1	138.7931034736842	28.55172414315789	0.0	0.0	3	0.9997435235008606	4.2300108690803295	138.0	33	1.05	0.95				
	310	1	154.65517244210523	31.7241379368421	0.0	0.0	3	1.0186136390630012	3.5328970608117394	138.0	33	1.05	0.95				
	311	1	0.0	0.0	0.0	0.0	3	0.9949857812355932	11.885806559378809	230.0	33	1.05	0.95				
	312	1	0.0	0.0	0.0	0.0	3	0.9991395357968933	13.327655607833215	230.0	33	1.05	0.95				
	313	2	210.1724138315789	42.82758621473684	0.0	0.0	3	1.0270235286278113	21.359565777862354	230.0	34	1.05	0.95				
	314	2	153.86206899368418	30.931034488421048	0.0	0.0	3	1.0068964610882962	11.246189284052369	230.0	36	1.05	0.95				
	315	2	251.41379314947363	50.75862069894737	0.0	0.0	3	1.0491206588523156	7.677607846097538	230.0	36	1.05	0.95				
	316	2	79.31034484210525	15.86206896842105	0.0	0.0	3	1.0463476458574228	9.129402959454481	230.0	36	1.05	0.95				
	317	1	0.0	0.0	0.0	0.0	3	1.048991595221907	8.957764286056694	230.0	37	1.05	0.95				
	318	2	264.1034483242105	53.93103449263158	0.0	0.0	3	1.047417356492049	7.880398327196378	230.0	37	1.05	0.95				
	319	1	143.55172416421053	29.34482759157894	0.0	0.0	3	1.0388674735957473	11.244237976085211	230.0	35	1.05	0.95				
	320	1	101.51724139789474	20.620689658947366	0.0	0.0	3	1.0368075333572302	13.093119211839175	230.0	35	1.05	0.95				
	321	2	0.0	0.0	0.0	0.0	3	1.05	9.045728803740518	230.0	37	1.05	0.95				
	322	2	0.0	0.0	0.0	0.0	3	1.05	13.357510766919244	230.0	37	1.05	0.95				
	323	2	0.0	0.0	0.0	0.0	3	1.0362908919325184	13.82979952950202	230.0	35	1.05	0.95				
	324	1	0.0	0.0	0.0	0.0	3	1.0243433132962785	7.474864751823425	230.0	36	1.05	0.95				
	325	1	0.0	0.0	0.0	0.0	3	1.0384871518444991	13.74213471385527	230.0	35	1.05	0.95				
];
