%% MATPOWER Case Format : Version 2
function mpc = RTS_GMLC
mpc.version = '2';

%%-----  Power Flow Data  -----%%
%% system MVA base
mpc.baseMVA = 100.0;
%% bus data
%    bus_i    type    Pd    Qd    Gs    Bs    area    Vm    Va    baseKV    zone    Vmax    Vmin
mpc.bus = [
	101	2	44.3142009094737	9.026966851929826	0.0	0.0	1	1.05	6.845681201165209	138.0	11	1.05	0.95				
	102	2	39.80071748350878	8.206333501754386	0.0	0.0	1	1.0495327315301508	6.5031134244496265	138.0	12	1.05	0.95				
	103	1	73.85700151578949	15.181716978245616	0.0	0.0	1	1.0331073181374884	2.679652635447306	138.0	11	1.05	0.95				
	104	1	30.36343395649123	6.154750126315791	0.0	0.0	1	1.0305135829261725	2.309908882501558	138.0	11	1.05	0.95				
	105	1	29.13248393122807	5.744433451228072	0.0	0.0	1	1.0430043442521324	2.2763793803823513	138.0	11	1.05	0.95				
	106	1	55.80306781192984	11.488866902456143	0.0	-100.0	1	1.048600797155255	-0.7629383649373299	138.0	12	1.05	0.95				
	107	2	51.289584385964915	10.257916877192983	0.0	0.0	1	1.0007164117068308	-7.436332381376847	138.0	12	1.05	0.95				
	108	1	70.16415144000001	14.361083628070176	0.0	0.0	1	1.004873833701286	-5.914997216004755	138.0	12	1.05	0.95				
	109	1	71.80541814035088	14.771400303157897	0.0	0.0	1	1.024699963086351	-0.5381004182413984	138.0	13	1.05	0.95				
	110	1	80.01175164210527	16.412667003508773	0.0	0.0	1	1.05	-1.1507601812584707	138.0	13	1.05	0.95				
	111	1	0.0	0.0	0.0	0.0	1	1.003004463692645	0.2925236496114552	230.0	13	1.05	0.95				
	112	1	0.0	0.0	0.0	0.0	1	1.0077425631373758	0.22586191196579075	230.0	13	1.05	0.95				
	113	3	108.73391889824562	22.15710045473685	0.0	0.0	1	0.9928276495067127	-9.906150593729009e-31	230.0	14	1.05	0.95				
	114	2	79.60143496701755	16.002350328421056	0.0	0.0	1	0.9987280154617229	1.8032266164703903	230.0	16	1.05	0.95				
	115	2	130.07038600280703	26.260267205614042	0.0	0.0	1	1.0347059507920877	6.832383495032431	230.0	16	1.05	0.95				
	116	2	41.03166750877193	8.206333501754386	0.0	0.0	1	1.0302139993902342	6.324071966667466	230.0	16	1.05	0.95				
	117	1	0.0	0.0	0.0	0.0	1	1.038721139431785	8.783696861160907	230.0	17	1.05	0.95				
	118	2	136.63545280421056	27.90153390596492	0.0	0.0	1	1.0420067638595945	9.00367248467208	230.0	17	1.05	0.95				
	119	1	74.2673181908772	15.181716978245616	0.0	0.0	1	1.021153721213649	4.619303186392059	230.0	15	1.05	0.95				
	120	1	52.520534411228084	10.668233552280704	0.0	0.0	1	1.0158486300541567	3.60173029638154	230.0	15	1.05	0.95				
	121	2	0.0	0.0	0.0	0.0	1	1.0456946598049124	9.99586907111476	230.0	17	1.05	0.95				
	122	2	0.0	0.0	0.0	0.0	1	1.05	17.01169706272153	230.0	17	1.05	0.95				
	123	2	0.0	0.0	0.0	0.0	1	1.013401901412167	3.3625604626363557	230.0	15	1.05	0.95				
	124	1	0.0	0.0	0.0	0.0	1	1.0274617981611869	5.269956167208573	230.0	16	1.05	0.95				
	201	2	42.99260191578947	8.757752242105262	0.0	0.0	2	1.0132836654859272	-9.893449279155067	138.0	21	1.05	0.95				
	202	2	38.613725794736844	7.9615929473684215	0.0	0.0	2	1.0124211266773457	-10.150913237275878	138.0	22	1.05	0.95				
	203	1	71.65433652631579	14.728946952631578	0.0	0.0	2	1.015214416207855	-6.794557718469535	138.0	21	1.05	0.95				
	204	1	29.457893905263155	5.971194710526316	0.0	0.0	2	1.0122599904614027	-9.675199013701826	138.0	21	1.05	0.95				
	205	1	28.26365496315789	5.573115063157895	0.0	0.0	2	1.0268047903799422	-10.036882085389633	138.0	21	1.05	0.95				
	206	1	54.138832042105264	11.14623012631579	0.0	-100.0	2	1.0424295265535006	-10.621003388459629	138.0	22	1.05	0.95				
	207	2	49.75995592105264	9.951991184210526	0.0	0.0	2	0.9957209996788637	-15.371253400795869	138.0	22	1.05	0.95				
	208	1	68.0716197	13.932787657894735	0.0	0.0	2	1.0017919893157345	-13.591359945520741	138.0	22	1.05	0.95				
	209	1	69.66393828947368	14.330867305263157	0.0	0.0	2	1.0235313126157164	-7.636992638553577	138.0	23	1.05	0.95				
	210	1	77.62553123684211	15.923185894736843	0.0	0.0	2	1.05	-8.898080255299243	138.0	23	1.05	0.95				
	211	1	0.0	0.0	0.0	0.0	2	1.0039850444041234	-5.018816702364589	230.0	23	1.05	0.95				
	212	1	0.0	0.0	0.0	0.0	2	1.009522335385645	-2.584752539666253	230.0	23	1.05	0.95				
	213	2	105.49110655263159	21.496300957894736	0.0	0.0	2	0.999249394528895	-3.2623916778197826	230.0	24	1.05	0.95				
	214	2	77.22745158947369	15.525106247368422	0.0	0.0	2	1.0023110801121242	-3.1697890466707364	230.0	26	1.05	0.95				
	215	2	126.19124821578947	25.477097431578947	0.0	0.0	2	1.0202430098955912	2.0970774847356424	230.0	26	1.05	0.95				
	216	2	39.8079647368421	7.9615929473684215	0.0	0.0	2	1.020563625774477	1.8655145724795326	230.0	26	1.05	0.95				
	217	1	0.0	0.0	0.0	0.0	2	1.025026893293827	2.9959704203719117	230.0	27	1.05	0.95				
	218	2	132.5605225736842	27.069416021052632	0.0	0.0	2	1.0244388100566766	2.6487287131094837	230.0	27	1.05	0.95				
	219	1	72.05241617368421	14.728946952631578	0.0	0.0	2	1.021040202126666	1.8194065274179225	230.0	25	1.05	0.95				
	220	1	50.954194863157895	10.350070831578947	0.0	0.0	2	1.0239990544742381	2.564488939054577	230.0	25	1.05	0.95				
	221	2	0.0	0.0	0.0	0.0	2	1.026578722708331	3.2628050973319995	230.0	27	1.05	0.95				
	222	2	0.0	0.0	0.0	0.0	2	1.0482755973124454	9.669899260599196	230.0	27	1.05	0.95				
	223	2	0.0	0.0	0.0	0.0	2	1.0262431304721356	3.2799300362204034	230.0	25	1.05	0.95				
	224	1	0.0	0.0	0.0	0.0	2	1.0073786708959662	-1.2495995835654716	230.0	26	1.05	0.95				
	301	2	49.9341980463158	10.171781083508773	0.0	0.0	3	1.0086739057660141	-17.0434623003392	138.0	31	1.05	0.95				
	302	2	44.848307504561404	9.247073712280702	0.0	0.0	3	1.0082631403508973	-17.150429632324258	138.0	32	1.05	0.95				
	303	1	83.22366341052633	17.107086367719297	0.0	0.0	3	1.0237542115572298	-11.534779840668222	138.0	31	1.05	0.95				
	304	1	34.214172735438595	6.935305284210526	0.0	0.0	3	1.010088439776104	-15.549870781426286	138.0	31	1.05	0.95				
	305	1	32.827111678596495	6.4729515985964925	0.0	0.0	3	1.0232183995209947	-16.331211235638843	138.0	31	1.05	0.95				
	306	1	62.880101243508776	12.945903197192985	0.0	-100.0	3	1.0394969919511892	-16.474715266434075	138.0	32	1.05	0.95				
	307	2	57.79421070175439	11.558842140350878	0.0	0.0	3	0.9950894629391561	-21.59231363790505	138.0	32	1.05	0.95				
	308	1	79.06248024	16.182378996491227	0.0	0.0	3	0.9994083146215041	-19.47568326186951	138.0	32	1.05	0.95				
	309	1	80.91189498245615	16.64473268210526	0.0	0.0	3	1.0265293710150014	-12.351122304972003	138.0	33	1.05	0.95				
	310	1	90.15896869473684	18.494147424561405	0.0	0.0	3	1.05	-14.132503765152757	138.0	33	1.05	0.95				
	311	1	0.0	0.0	0.0	0.0	3	1.009651446398681	-8.062361274788127	230.0	33	1.05	0.95				
	312	1	0.0	0.0	0.0	0.0	3	1.0122009624192982	-7.244537565993567	230.0	33	1.05	0.95				
	313	2	122.52372668771929	24.9670990231579	0.0	0.0	3	1.0159726085408924	-3.3332103204767813	230.0	34	1.05	0.95				
	314	2	89.69661500912281	18.03179373894737	0.0	0.0	3	1.0109210528778112	-6.954557015382493	230.0	36	1.05	0.95				
	315	2	146.5661183396491	29.59063587929825	0.0	0.0	3	1.0305196065154851	-3.845385251452123	230.0	36	1.05	0.95				
	316	2	46.23536856140351	9.247073712280702	0.0	0.0	3	1.0305862755719517	-2.8305185580391825	230.0	36	1.05	0.95				
	317	1	0.0	0.0	0.0	0.0	3	1.0357162836690683	-1.346446350611795	230.0	37	1.05	0.95				
	318	2	153.9637773094737	31.440050621754388	0.0	0.0	3	1.033265876451986	-1.914888155968279	230.0	37	1.05	0.95				
	319	1	83.68601709614036	17.107086367719297	0.0	0.0	3	1.03041493653692	-1.8461062043732779	230.0	35	1.05	0.95				
	320	1	59.1812717585965	12.021195825964913	0.0	0.0	3	1.0303570681376253	-1.4808372314117846	230.0	35	1.05	0.95				
	321	2	0.0	0.0	0.0	0.0	3	1.0345959895675763	-2.010632199363388	230.0	37	1.05	0.95				
	322	2	0.0	0.0	0.0	0.0	3	1.0482567226235093	2.5716225924962055	230.0	37	1.05	0.95				
	323	2	0.0	0.0	0.0	0.0	3	1.0302569497903031	-1.2575914118212674	230.0	35	1.05	0.95				
	324	1	0.0	0.0	0.0	0.0	3	1.0182639323743805	-6.680615173808569	230.0	36	1.05	0.95				
	325	1	0.0	0.0	0.0	0.0	3	1.0289317577388992	-0.3071066602327389	230.0	35	1.05	0.95				
];
