%% MATPOWER Case Format : Version 2
function mpc = RTS_GMLC
mpc.version = '2';

%%-----  Power Flow Data  -----%%
%% system MVA base
mpc.baseMVA = 100.0;
%% bus data
%    bus_i    type    Pd    Qd    Gs    Bs    area    Vm    Va    baseKV    zone    Vmax    Vmin
mpc.bus = [
	101	2	42.2167243831579	8.59970311508772	0.0	0.0	1	1.0345960935405842	2.638571037540661	138.0	11	1.05	0.95				
	102	2	37.91687282561404	7.817911922807019	0.0	0.0	1	1.033712137517628	2.342867604579604	138.0	12	1.05	0.95				
	103	1	70.36120730526316	14.463137057192984	0.0	0.0	1	1.0294271523202227	2.2924044364224834	138.0	11	1.05	0.95				
	104	1	28.92627411438597	5.863433942105263	0.0	0.0	1	1.0216796845399856	-0.7400543087453578	138.0	11	1.05	0.95				
	105	1	27.75358732596491	5.472538345964914	0.0	0.0	1	1.0367843061417086	-0.6284330968184174	138.0	11	1.05	0.95				
	106	1	53.16180107508772	10.945076691929827	0.0	-100.0	1	1.046532599919675	-2.908566728908611	138.0	12	1.05	0.95				
	107	2	48.86194951754386	9.772389903508772	0.0	0.0	1	0.9984386737402952	-11.428332582958674	138.0	12	1.05	0.95				
	108	1	66.84314694000001	13.68134586491228	0.0	0.0	1	1.0022695576803822	-8.704441681613407	138.0	12	1.05	0.95				
	109	1	68.40672932456141	14.07224146105263	0.0	0.0	1	1.023518126518152	-1.6791340070376446	138.0	13	1.05	0.95				
	110	1	76.22464124736842	15.635823845614038	0.0	0.0	1	1.05	-2.712592972892961	138.0	13	1.05	0.95				
	111	1	0.0	0.0	0.0	0.0	1	1.0025829598778786	0.4198103657096015	230.0	13	1.05	0.95				
	112	1	0.0	0.0	0.0	0.0	1	1.0081069303830807	-0.3902333692460677	230.0	13	1.05	0.95				
	113	3	103.58733297719299	21.10836219157895	0.0	0.0	1	0.9964028740959976	6.471702822612525e-29	230.0	14	1.05	0.95				
	114	2	75.83374565122809	15.244928249473686	0.0	0.0	1	0.9994912880549787	3.5423254303718026	230.0	16	1.05	0.95				
	115	2	123.91390397649124	25.017318152982458	0.0	0.0	1	1.0363244010489123	11.687344047361394	230.0	16	1.05	0.95				
	116	2	39.08955961403509	7.817911922807019	0.0	0.0	1	1.0302646749956585	10.174150155609054	230.0	16	1.05	0.95				
	117	1	0.0	0.0	0.0	0.0	1	1.037252356579544	15.312533805996301	230.0	17	1.05	0.95				
	118	2	130.16823351473684	26.58090053754386	0.0	0.0	1	1.0466465262297413	15.769699568627264	230.0	17	1.05	0.95				
	119	1	70.75210290140352	14.463137057192984	0.0	0.0	1	1.0194375892211984	6.598119687432522	230.0	15	1.05	0.95				
	120	1	50.034636305964916	10.163285499649124	0.0	0.0	1	1.0153242282770252	4.22276576549576	230.0	15	1.05	0.95				
	121	2	0.0	0.0	0.0	0.0	1	1.05	17.128749467581986	230.0	17	1.05	0.95				
	122	2	0.0	0.0	0.0	0.0	1	1.05	32.57685440295371	230.0	17	1.05	0.95				
	123	2	0.0	0.0	0.0	0.0	1	1.0138366746235652	3.217681873191069	230.0	15	1.05	0.95				
	124	1	0.0	0.0	0.0	0.0	1	1.0220137943041763	8.157049865846533	230.0	16	1.05	0.95				
	201	2	50.30253424421053	10.246812531228072	0.0	0.0	2	1.0086769932139519	-19.591376451240542	138.0	21	1.05	0.95				
	202	2	45.17912797859649	9.315284119298246	0.0	0.0	2	1.007885344322929	-19.916150657022413	138.0	22	1.05	0.95				
	203	1	83.83755707368422	17.233275620701754	0.0	0.0	2	1.0117525398311626	-14.064514813435776	138.0	21	1.05	0.95				
	204	1	34.46655124140351	6.986463089473684	0.0	0.0	2	1.008413806607689	-19.3416408668757	138.0	21	1.05	0.95				
	205	1	33.06925862350877	6.520698883508773	0.0	0.0	2	1.0235025642729714	-19.93576576555059	138.0	21	1.05	0.95				
	206	1	63.34393201122808	13.041397767017546	0.0	-100.0	2	1.0393489448936346	-20.69485070817024	138.0	22	1.05	0.95				
	207	2	58.22052574561404	11.644105149122808	0.0	0.0	2	0.991006495010806	-26.302468838585135	138.0	22	1.05	0.95				
	208	1	79.64567922	16.30174720877193	0.0	0.0	2	0.9960880265447393	-24.165002157330886	138.0	22	1.05	0.95				
	209	1	81.50873604385966	16.76751141473684	0.0	0.0	2	1.0229643031363835	-16.94401310260811	138.0	23	1.05	0.95				
	210	1	90.8240201631579	18.630568238596492	0.0	0.0	2	1.05	-18.778677644743784	138.0	23	1.05	0.95				
	211	1	0.0	0.0	0.0	0.0	2	1.0113038021650274	-13.514446399188797	230.0	23	1.05	0.95				
	212	1	0.0	0.0	0.0	0.0	2	1.014686114718206	-12.578975537516383	230.0	23	1.05	0.95				
	213	2	123.42751458070175	25.151267122105263	0.0	0.0	2	1.0155411877728373	-11.89070998109197	230.0	24	1.05	0.95				
	214	2	90.35825595719298	18.164804032631583	0.0	0.0	2	1.0133700220790525	-10.540221174811668	230.0	26	1.05	0.95				
	215	2	147.6472532908772	29.80890918175439	0.0	0.0	2	1.024690913649843	-3.1291448265726944	230.0	26	1.05	0.95				
	216	2	46.57642059649123	9.315284119298246	0.0	0.0	2	1.0283410822397425	-3.493865000005376	230.0	26	1.05	0.95				
	217	1	0.0	0.0	0.0	0.0	2	1.0288160061890603	-1.5054043354096465	230.0	27	1.05	0.95				
	218	2	155.0994805863158	31.67196600561404	0.0	0.0	2	1.0279407196737886	-2.1569841539413632	230.0	27	1.05	0.95				
	219	1	84.30332127964914	17.233275620701754	0.0	0.0	2	1.0350368567041623	-3.587432496409232	230.0	25	1.05	0.95				
	220	1	59.61781836350878	12.109869355087719	0.0	0.0	2	1.0441089187746126	-2.779439763391918	230.0	25	1.05	0.95				
	221	2	0.0	0.0	0.0	0.0	2	1.0301886433979281	-1.6716699459088475	230.0	27	1.05	0.95				
	222	2	0.0	0.0	0.0	0.0	2	1.0499999979063663	4.885731822152034	230.0	27	1.05	0.95				
	223	2	0.0	0.0	0.0	0.0	2	1.05	-1.9995709178512635	230.0	25	1.05	0.95				
	224	1	0.0	0.0	0.0	0.0	2	1.0064095608209511	-7.215483035402448	230.0	26	1.05	0.95				
	301	2	56.83581143999999	11.577665293333332	0.0	0.0	3	1.0292518691458021	-1.7526926619305743	138.0	31	1.05	0.95				
	302	2	51.04697879333332	10.525150266666666	0.0	0.0	3	1.024828571989275	-2.102462951334883	138.0	32	1.05	0.95				
	303	1	94.7263524	19.47152799333333	0.0	0.0	3	1.05	13.810934679998633	138.0	31	1.05	0.95				
	304	1	38.94305598666666	7.893862699999998	0.0	0.0	3	1.007879662076926	-0.7386985182601364	138.0	31	1.05	0.95				
	305	1	37.364283446666654	7.367605186666666	0.0	0.0	3	1.0280817900529349	-2.6702088632682868	138.0	31	1.05	0.95				
	306	1	71.57102181333332	14.735210373333333	0.0	-100.0	3	1.0335664254711625	-3.8059412168257523	138.0	32	1.05	0.95				
	307	2	65.78218916666665	13.156437833333332	0.0	0.0	3	0.95	-3.186093093612167	138.0	32	1.05	0.95				
	308	1	89.99003477999999	18.419012966666664	0.0	0.0	3	0.9674130725500728	-3.465274424520709	138.0	32	1.05	0.95				
	309	1	92.09506483333331	18.945270479999994	0.0	0.0	3	1.011278619051837	2.5992906449507847	138.0	33	1.05	0.95				
	310	1	102.6202151	21.05030053333333	0.0	0.0	3	1.0395969750105598	-1.9085844017669173	138.0	33	1.05	0.95				
	311	1	0.0	0.0	0.0	0.0	3	0.9992412686265834	2.607181192184314	230.0	33	1.05	0.95				
	312	1	0.0	0.0	0.0	0.0	3	1.0031384373348415	3.313901139845421	230.0	33	1.05	0.95				
	313	2	139.4582410333333	28.417905719999997	0.0	0.0	3	1.0002353340621255	5.278944327197349	230.0	34	1.05	0.95				
	314	2	102.09395758666663	20.52404302	0.0	0.0	3	0.9972586446504685	2.629704620547633	230.0	36	1.05	0.95				
	315	2	166.82363172666663	33.68048085333333	0.0	0.0	3	1.05	6.12633998390759	230.0	36	1.05	0.95				
	316	2	52.625751333333326	10.525150266666666	0.0	0.0	3	1.0379147773055368	5.818999444868164	230.0	36	1.05	0.95				
	317	1	0.0	0.0	0.0	0.0	3	1.05	9.498284174603395	230.0	37	1.05	0.95				
	318	2	175.24375193999998	35.78551090666666	0.0	0.0	3	1.0473843866941475	7.2335143014345595	230.0	37	1.05	0.95				
	319	1	95.25260991333332	19.47152799333333	0.0	0.0	3	1.0247174829968684	5.201876276635345	230.0	35	1.05	0.95				
	320	1	67.36096170666666	13.682695346666666	0.0	0.0	3	1.0173114266900287	5.687154130486695	230.0	35	1.05	0.95				
	321	2	0.0	0.0	0.0	0.0	3	1.048246565046275	7.48641021468538	230.0	37	1.05	0.95				
	322	2	0.0	0.0	0.0	0.0	3	1.05	12.621742786597329	230.0	37	1.05	0.95				
	323	2	0.0	0.0	0.0	0.0	3	1.014407408180503	6.370837859029106	230.0	35	1.05	0.95				
	324	1	0.0	0.0	0.0	0.0	3	1.0472984112171224	9.065552959544675	230.0	36	1.05	0.95				
	325	1	0.0	0.0	0.0	0.0	3	1.0149693155024753	7.307852617901845	230.0	35	1.05	0.95				
];
