%% MATPOWER Case Format : Version 2
function mpc = RTS_GMLC
mpc.version = '2';

%%-----  Power Flow Data  -----%%
%% system MVA base
mpc.baseMVA = 100.0;
%% bus data
%    bus_i    type    Pd    Qd    Gs    Bs    area    Vm    Va    baseKV    zone    Vmax    Vmin
mpc.bus = [
	101	2	44.608114799999996	9.086838199999999	0.0	0.0	1	1.031146798953566	1.0621627049040325	138.0	11	1.05	0.95				
	102	2	40.064695699999994	8.260762	0.0	0.0	1	1.0289540095251108	0.4822861176860645	138.0	12	1.05	0.95				
	103	1	74.346858	15.282409699999999	0.0	0.0	1	1.0314268240614455	0.6443978283987236	138.0	11	1.05	0.95				
	104	1	30.564819399999998	6.1955715	0.0	0.0	1	1.022835818331005	-1.5935312322507855	138.0	11	1.05	0.95				
	105	1	29.325705099999993	5.7825334	0.0	0.0	1	1.0349387112797406	-1.957524197932535	138.0	11	1.05	0.95				
	106	1	56.1731816	11.5650668	0.0	-100.0	1	1.0450529747073327	-4.1856789184679135	138.0	12	1.05	0.95				
	107	2	51.6297625	10.3259525	0.0	0.0	1	1.000299653555714	-10.381319432337131	138.0	12	1.05	0.95				
	108	1	70.62951509999999	14.4563335	0.0	0.0	1	1.004288736935633	-8.58747368544739	138.0	12	1.05	0.95				
	109	1	72.2816675	14.869371599999997	0.0	0.0	1	1.0251421449925335	-2.566373416966033	138.0	13	1.05	0.95				
	110	1	80.5424295	16.521524	0.0	0.0	1	1.05	-3.7080382675731807	138.0	13	1.05	0.95				
	111	1	0.0	0.0	0.0	0.0	1	1.0044577854531693	-0.49446652657613016	230.0	13	1.05	0.95				
	112	1	0.0	0.0	0.0	0.0	1	1.0084710207298087	-1.0821560212729864	230.0	13	1.05	0.95				
	113	3	109.45509649999998	22.304057399999998	0.0	0.0	1	0.996318623962696	8.87638612759936e-30	230.0	14	1.05	0.95				
	114	2	80.12939139999999	16.108485899999998	0.0	0.0	1	1.0036866134071074	1.845179329365297	230.0	16	1.05	0.95				
	115	2	130.93307769999998	26.434438399999998	0.0	0.0	1	1.0412341706570107	8.75222012923729	230.0	16	1.05	0.95				
	116	2	41.30381	8.260762	0.0	0.0	1	1.0350615785316934	7.5244304128773045	230.0	16	1.05	0.95				
	117	1	0.0	0.0	0.0	0.0	1	1.0408630654656839	12.097166935025289	230.0	17	1.05	0.95				
	118	2	137.54168729999998	28.0865908	0.0	0.0	1	1.0485168699518963	12.450106912989861	230.0	17	1.05	0.95				
	119	1	74.7598961	15.282409699999999	0.0	0.0	1	1.023337023354297	4.510772930913834	230.0	15	1.05	0.95				
	120	1	52.868876799999995	10.7389906	0.0	0.0	1	1.017548600881318	2.5147995714374396	230.0	15	1.05	0.95				
	121	2	0.0	0.0	0.0	0.0	1	1.05	13.684952286616605	230.0	17	1.05	0.95				
	122	2	0.0	0.0	0.0	0.0	1	1.05	27.93734312692745	230.0	17	1.05	0.95				
	123	2	0.0	0.0	0.0	0.0	1	1.0150739358635958	1.7333016579309923	230.0	15	1.05	0.95				
	124	1	0.0	0.0	0.0	0.0	1	1.0272106489746031	5.71708979664451	230.0	16	1.05	0.95				
	201	2	41.105619397894735	8.373366914385965	0.0	0.0	2	1.015031220658434	-14.142930722161415	138.0	21	1.05	0.95				
	202	2	36.91893594070175	7.6121517403508765	0.0	0.0	2	1.0141140228325058	-14.420452029093633	138.0	22	1.05	0.95				
	203	1	68.5093656631579	14.082480719649121	0.0	0.0	2	1.0157306581534844	-10.415578938948268	138.0	21	1.05	0.95				
	204	1	28.164961439298242	5.709113805263157	0.0	0.0	2	1.0129969400986478	-14.068497375078396	138.0	21	1.05	0.95				
	205	1	27.023138678245612	5.328506218245614	0.0	0.0	2	1.0279773813116457	-14.48075072815154	138.0	21	1.05	0.95				
	206	1	51.762631834385964	10.657012436491229	0.0	-100.0	2	1.0433319464124051	-15.159921699840618	138.0	22	1.05	0.95				
	207	2	47.57594837719298	9.515189675438595	0.0	0.0	2	0.9970081013332102	-19.674304918161834	138.0	22	1.05	0.95				
	208	1	65.08389737999998	13.321265545614033	0.0	0.0	2	1.0030537075493948	-17.98097019971124	138.0	22	1.05	0.95				
	209	1	66.60632772807017	13.701873132631578	0.0	0.0	2	1.0227428175535664	-12.200250367723436	138.0	23	1.05	0.95				
	210	1	74.21847946842104	15.224303480701753	0.0	0.0	2	1.05	-13.593180544586286	138.0	23	1.05	0.95				
	211	1	0.0	0.0	0.0	0.0	2	1.0032663972896656	-9.666406076084764	230.0	23	1.05	0.95				
	212	1	0.0	0.0	0.0	0.0	2	1.0072192187472913	-8.10382414820566	230.0	23	1.05	0.95				
	213	2	100.86101055964912	20.552809698947367	0.0	0.0	2	0.9959531445188649	-8.520477444163946	230.0	24	1.05	0.95				
	214	2	73.8378718814035	14.843695893684208	0.0	0.0	2	1.0035202565675336	-7.300399489649144	230.0	26	1.05	0.95				
	215	2	120.65260508456139	24.358885569122805	0.0	0.0	2	1.020713325441614	-0.8428081448744806	230.0	26	1.05	0.95				
	216	2	38.06075870175438	7.6121517403508765	0.0	0.0	2	1.0202557963047993	-1.6364730430434218	230.0	26	1.05	0.95				
	217	1	0.0	0.0	0.0	0.0	2	1.0252534242103613	0.032429883916751355	230.0	27	1.05	0.95				
	218	2	126.7423264768421	25.881315917192982	0.0	0.0	2	1.02496020719136	-0.2782977985162157	230.0	27	1.05	0.95				
	219	1	68.88997325017543	14.082480719649121	0.0	0.0	2	1.0176371878159467	-2.6920839447520915	230.0	25	1.05	0.95				
	220	1	48.71777113824561	9.895797262456139	0.0	0.0	2	1.017875758600431	-2.8540629626731686	230.0	25	1.05	0.95				
	221	2	0.0	0.0	0.0	0.0	2	1.0270741588872594	0.329121258752933	230.0	27	1.05	0.95				
	222	2	0.0	0.0	0.0	0.0	2	1.0487435415958817	6.718498314722081	230.0	27	1.05	0.95				
	223	2	0.0	0.0	0.0	0.0	2	1.0183415109447531	-2.6442009483670956	230.0	25	1.05	0.95				
	224	1	0.0	0.0	0.0	0.0	2	1.0070923580497722	-4.446874650236852	230.0	26	1.05	0.95				
	301	2	54.051249600000006	11.010439733333333	0.0	0.0	3	1.006744823452112	-13.768416359154196	138.0	31	1.05	0.95				
	302	2	48.546029733333334	10.009490666666668	0.0	0.0	3	1.0062767169808797	-13.882597294264109	138.0	32	1.05	0.95				
	303	1	90.08541600000001	18.517557733333334	0.0	0.0	3	1.021602487796796	-8.452980154864159	138.0	31	1.05	0.95				
	304	1	37.03511546666667	7.507118	0.0	0.0	3	1.0074608126742972	-12.390288714454346	138.0	31	1.05	0.95				
	305	1	35.533691866666665	7.0066434666666675	0.0	0.0	3	1.0214688789365343	-12.714830604763337	138.0	31	1.05	0.95				
	306	1	68.06453653333334	14.013286933333335	0.0	-100.0	3	1.0378100914630746	-12.708961364708994	138.0	32	1.05	0.95				
	307	2	62.559316666666675	12.511863333333334	0.0	0.0	3	0.9924344294089952	-18.706371570114342	138.0	32	1.05	0.95				
	308	1	85.5811452	17.516608666666666	0.0	0.0	3	0.9958654654466533	-16.380638361207517	138.0	32	1.05	0.95				
	309	1	87.58304333333334	18.017083200000002	0.0	0.0	3	1.0248046035269933	-9.116607819535124	138.0	33	1.05	0.95				
	310	1	97.592534	20.018981333333336	0.0	0.0	3	1.05	-10.05497725133371	138.0	33	1.05	0.95				
	311	1	0.0	0.0	0.0	0.0	3	1.009700386171617	-4.258800818118491	230.0	33	1.05	0.95				
	312	1	0.0	0.0	0.0	0.0	3	1.0126497207034362	-3.7454369991756526	230.0	33	1.05	0.95				
	313	2	132.62575133333334	27.025624800000003	0.0	0.0	3	1.01341841009369	-0.5650506771117398	230.0	34	1.05	0.95				
	314	2	97.09205946666667	19.5185068	0.0	0.0	3	1.0137448415302546	-2.1097197900166225	230.0	36	1.05	0.95				
	315	2	158.65042706666668	32.030370133333335	0.0	0.0	3	1.0350057278708669	-0.2714293007279188	230.0	36	1.05	0.95				
	316	2	50.04745333333334	10.009490666666668	0.0	0.0	3	1.034258236235478	0.29785863219315345	230.0	36	1.05	0.95				
	317	1	0.0	0.0	0.0	0.0	3	1.043671422167881	3.7211680681468677	230.0	37	1.05	0.95				
	318	2	166.65801960000002	34.03226826666667	0.0	0.0	3	1.0396060960896774	1.7976276975926413	230.0	37	1.05	0.95				
	319	1	90.58589053333334	18.517557733333334	0.0	0.0	3	1.0315287734132752	0.638078140555492	230.0	35	1.05	0.95				
	320	1	64.06074026666667	13.012337866666668	0.0	0.0	3	1.030574766585844	0.9437832456898906	230.0	35	1.05	0.95				
	321	2	0.0	0.0	0.0	0.0	3	1.0398805792359018	1.7171796470167442	230.0	37	1.05	0.95				
	322	2	0.0	0.0	0.0	0.0	3	1.05	6.826983021662199	230.0	37	1.05	0.95				
	323	2	0.0	0.0	0.0	0.0	3	1.030722044880609	1.3876475831062112	230.0	35	1.05	0.95				
	324	1	0.0	0.0	0.0	0.0	3	1.0218133749003893	-1.742654845500929	230.0	36	1.05	0.95				
	325	1	0.0	0.0	0.0	0.0	3	1.0292276018773179	2.4291858281327485	230.0	35	1.05	0.95				
];
