%% MATPOWER Case Format : Version 2
function mpc = RTS_GMLC
mpc.version = '2';

%%-----  Power Flow Data  -----%%
%% system MVA base
mpc.baseMVA = 100.0;
%% bus data
%    bus_i    type    Pd    Qd    Gs    Bs    area    Vm    Va    baseKV    zone    Vmax    Vmin
mpc.bus = [
	101	2	44.86194951157895	9.138545270877193	0.0	0.0	1	1.0345783748803299	2.095294098365866	138.0	11	1.05	0.95				
	102	2	40.292676876140355	8.307768428070176	0.0	0.0	1	1.033690223562883	1.7979620474110154	138.0	12	1.05	0.95				
	103	1	74.76991585263158	15.369371591929825	0.0	0.0	1	1.0287699511832973	1.9227108366808714	138.0	11	1.05	0.95				
	104	1	30.73874318385965	6.230826321052631	0.0	0.0	1	1.0213166033575007	-1.1865958865400779	138.0	11	1.05	0.95				
	105	1	29.492577919649122	5.815437899649123	0.0	0.0	1	1.0365261556093877	-1.0974285034090785	138.0	11	1.05	0.95				
	106	1	56.4928253108772	11.630875799298247	0.0	-100.0	1	1.0459127576646217	-3.3564467779294898	138.0	12	1.05	0.95				
	107	2	51.9235526754386	10.38471053508772	0.0	0.0	1	0.998496722021688	-11.659681188505054	138.0	12	1.05	0.95				
	108	1	71.03142006	14.538594749122808	0.0	0.0	1	1.0016382838349527	-9.041377149947431	138.0	12	1.05	0.95				
	109	1	72.69297374561404	14.953983170526316	0.0	0.0	1	1.0236101236270854	-1.9458878427239474	138.0	13	1.05	0.95				
	110	1	81.00074217368422	16.615536856140352	0.0	0.0	1	1.05	-3.0289884544154595	138.0	13	1.05	0.95				
	111	1	0.0	0.0	0.0	0.0	1	1.0034910254288354	0.34045095347905785	230.0	13	1.05	0.95				
	112	1	0.0	0.0	0.0	0.0	1	1.0086042444615373	-0.3769831757668955	230.0	13	1.05	0.95				
	113	3	110.07793167192983	22.430974755789475	0.0	0.0	1	0.9977010862383493	-6.803934818130637e-28	230.0	14	1.05	0.95				
	114	2	80.58535375228071	16.200148434736843	0.0	0.0	1	1.0015954762929615	3.59787679444991	230.0	16	1.05	0.95				
	115	2	131.67812958491228	26.584858969824566	0.0	0.0	1	1.0368705317212619	11.623910385645736	230.0	16	1.05	0.95				
	116	2	41.53884214035088	8.307768428070176	0.0	0.0	1	1.0323575469164559	10.572202925095862	230.0	16	1.05	0.95				
	117	1	0.0	0.0	0.0	0.0	1	1.0383133710363215	15.19172225313528	230.0	17	1.05	0.95				
	118	2	138.3243443273684	28.2464126554386	0.0	0.0	1	1.0466866427024866	15.383531635506356	230.0	17	1.05	0.95				
	119	1	75.18530427403509	15.369371591929825	0.0	0.0	1	1.0216297081844943	7.0985009190610375	230.0	15	1.05	0.95				
	120	1	53.16971793964913	10.80009895649123	0.0	0.0	1	1.0176763382261502	4.858399754355922	230.0	15	1.05	0.95				
	121	2	0.0	0.0	0.0	0.0	1	1.05	16.54920437305534	230.0	17	1.05	0.95				
	122	2	0.0	0.0	0.0	0.0	1	1.05	32.431500351607724	230.0	17	1.05	0.95				
	123	2	0.0	0.0	0.0	0.0	1	1.0163191410879016	3.945675512747883	230.0	15	1.05	0.95				
	124	1	0.0	0.0	0.0	0.0	1	1.0217455974523972	7.982534555137215	230.0	16	1.05	0.95				
	201	2	52.03651816421052	10.600031477894737	0.0	0.0	2	1.017967268881701	-17.1260357764072	138.0	21	1.05	0.95				
	202	2	46.736502425263154	9.636392252631579	0.0	0.0	2	1.018399483027696	-17.135917713564094	138.0	22	1.05	0.95				
	203	1	86.72753027368421	17.827325667368417	0.0	0.0	2	1.0129616382330795	-13.714321020366437	138.0	21	1.05	0.95				
	204	1	35.65465133473683	7.2272941894736835	0.0	0.0	2	1.012974767219403	-17.969296862581825	138.0	21	1.05	0.95				
	205	1	34.2091924968421	6.745474576842106	0.0	0.0	2	1.028036402556028	-18.450113619080405	138.0	21	1.05	0.95				
	206	1	65.52746731789473	13.490949153684213	0.0	-100.0	2	1.041250828071643	-19.671312259054925	138.0	22	1.05	0.95				
	207	2	60.22745157894737	12.045490315789472	0.0	0.0	2	0.990589276946029	-26.21457316486136	138.0	22	1.05	0.95				
	208	1	82.39115376	16.863686442105262	0.0	0.0	2	0.9950721015674584	-23.987953688297434	138.0	22	1.05	0.95				
	209	1	84.31843221052631	17.34550605473684	0.0	0.0	2	1.0225489672639552	-16.658175116622225	138.0	23	1.05	0.95				
	210	1	93.95482446315788	19.272784505263157	0.0	0.0	2	1.05	-18.23532158715723	138.0	23	1.05	0.95				
	211	1	0.0	0.0	0.0	0.0	2	1.0097799099313727	-13.550346974918241	230.0	23	1.05	0.95				
	212	1	0.0	0.0	0.0	0.0	2	1.0134973306362953	-12.7358621530343	230.0	23	1.05	0.95				
	213	2	127.68219734736842	26.01825908210526	0.0	0.0	2	1.0117781472678515	-12.233403498733068	230.0	24	1.05	0.95				
	214	2	93.47300485052631	18.790964892631578	0.0	0.0	2	1.0108091535910122	-10.738833828631769	230.0	26	1.05	0.95				
	215	2	152.7368172042105	30.83645520842105	0.0	0.0	2	1.0231492952480168	-3.351681168260467	230.0	26	1.05	0.95				
	216	2	48.18196126315789	9.636392252631579	0.0	0.0	2	1.0260776627153705	-3.81106436047132	230.0	26	1.05	0.95				
	217	1	0.0	0.0	0.0	0.0	2	1.0276557135581328	-1.630632245267794	230.0	27	1.05	0.95				
	218	2	160.4459310063158	32.763733658947366	0.0	0.0	2	1.0268895690368398	-2.3382918340277365	230.0	27	1.05	0.95				
	219	1	87.20934988631579	17.827325667368417	0.0	0.0	2	1.031196848267068	-4.232919039552774	230.0	25	1.05	0.95				
	220	1	61.6729104168421	12.527309928421051	0.0	0.0	2	1.0391095281188236	-3.669477955151656	230.0	25	1.05	0.95				
	221	2	0.0	0.0	0.0	0.0	2	1.0291175349133628	-1.863107633006195	230.0	27	1.05	0.95				
	222	2	0.0	0.0	0.0	0.0	2	1.0499999851662343	4.719138669283739	230.0	27	1.05	0.95				
	223	2	0.0	0.0	0.0	0.0	2	1.0443692958348234	-3.0064602939675376	230.0	25	1.05	0.95				
	224	1	0.0	0.0	0.0	0.0	2	1.0066193236786432	-7.233686767544416	230.0	26	1.05	0.95				
	301	2	63.42992723368421	12.920911103157895	0.0	0.0	3	1.043816824982161	-6.982590558516101	138.0	31	1.05	0.95				
	302	2	56.969471682105265	11.746282821052633	0.0	0.0	3	1.040572643699249	-7.343751530066557	138.0	32	1.05	0.95				
	303	1	105.71654538947368	21.73062321894737	0.0	0.0	3	1.05	10.257986012642174	138.0	31	1.05	0.95				
	304	1	43.46124643789474	8.809712115789473	0.0	0.0	3	1.013629027339375	-5.202686301036063	138.0	31	1.05	0.95				
	305	1	41.69930401473684	8.222397974736843	0.0	0.0	3	1.0350655837551699	-8.010799207229764	138.0	31	1.05	0.95				
	306	1	79.8747231831579	16.444795949473686	0.0	-100.0	3	1.0362197245781943	-9.260947574341479	138.0	32	1.05	0.95				
	307	2	73.41426763157895	14.682853526315789	0.0	0.0	3	0.95	-6.840647257270404	138.0	32	1.05	0.95				
	308	1	100.43071812	20.555994936842104	0.0	0.0	3	0.9657298217009536	-7.677734171318454	138.0	32	1.05	0.95				
	309	1	102.77997468421052	21.143309077894738	0.0	0.0	3	1.012278456173201	-0.9581230923175663	138.0	33	1.05	0.95				
	310	1	114.52625750526315	23.492565642105266	0.0	0.0	3	1.0403491339984454	-7.195584507551656	138.0	33	1.05	0.95				
	311	1	0.0	0.0	0.0	0.0	3	0.9987149279162576	-2.7752181304879326	230.0	33	1.05	0.95				
	312	1	0.0	0.0	0.0	0.0	3	1.001691010146733	-1.6171587429561605	230.0	33	1.05	0.95				
	313	2	155.63824737894737	31.714963616842105	0.0	0.0	3	0.997260030901535	-0.05269174521837004	230.0	34	1.05	0.95				
	314	2	113.93894336421053	22.905251501052632	0.0	0.0	3	0.9962809530560225	-3.7322120866384063	230.0	36	1.05	0.95				
	315	2	186.17858271368422	37.58810502736842	0.0	0.0	3	1.05	-1.114931031418341	230.0	36	1.05	0.95				
	316	2	58.731414105263156	11.746282821052633	0.0	0.0	3	1.0385609738670247	-1.4811624951413107	230.0	36	1.05	0.95				
	317	1	0.0	0.0	0.0	0.0	3	1.0497849503050987	0.9768897985127574	230.0	37	1.05	0.95				
	318	2	195.57560897052633	39.93736159157895	0.0	0.0	3	1.0493935995783978	-0.44010555939501145	230.0	37	1.05	0.95				
	319	1	106.30385953052632	21.73062321894737	0.0	0.0	3	1.021829324487345	-1.3231872527665998	230.0	35	1.05	0.95				
	320	1	75.17621005473684	15.270167667368423	0.0	0.0	3	1.012197936684087	-0.02341372235025497	230.0	35	1.05	0.95				
	321	2	0.0	0.0	0.0	0.0	3	1.05	-0.08746065894632424	230.0	37	1.05	0.95				
	322	2	0.0	0.0	0.0	0.0	3	1.05	4.677962696221705	230.0	37	1.05	0.95				
	323	2	0.0	0.0	0.0	0.0	3	1.0087357741288432	1.1673606217261496	230.0	35	1.05	0.95				
	324	1	0.0	0.0	0.0	0.0	3	1.0464034373808098	3.2287685420057453	230.0	36	1.05	0.95				
	325	1	0.0	0.0	0.0	0.0	3	1.007513614251539	2.497840341273539	230.0	35	1.05	0.95				
];
