%% MATPOWER Case Format : Version 2
function mpc = RTS_GMLC
mpc.version = '2';

%%-----  Power Flow Data  -----%%
%% system MVA base
mpc.baseMVA = 100.0;
%% bus data
%    bus_i    type    Pd    Qd    Gs    Bs    area    Vm    Va    baseKV    zone    Vmax    Vmin
mpc.bus = [
	101	2	68.13458685473685	13.879267692631581	0.0	0.0	1	1.0493818241388335	0.5389826412567543	138.0	11	1.05	0.95				
	102	2	61.19495300842106	12.617516084210529	0.0	0.0	1	1.0482130269216534	0.1740574494627282	138.0	12	1.05	0.95				
	103	1	113.55764475789474	23.342404755789474	0.0	0.0	1	1.0304501880003942	-1.5616094376827843	138.0	11	1.05	0.95				
	104	1	46.68480951157895	9.463137063157895	0.0	0.0	1	1.02749238647752	-3.2463093230062703	138.0	11	1.05	0.95				
	105	1	44.79218209894737	8.83226125894737	0.0	0.0	1	1.0405090603835254	-3.5886105948334586	138.0	11	1.05	0.95				
	106	1	85.79910937263159	17.66452251789474	0.0	-100.0	1	1.0426554660172755	-6.5645357427209055	138.0	12	1.05	0.95				
	107	2	78.85947552631579	15.771895105263159	0.0	0.0	1	0.9998639625107341	-13.877538396872609	138.0	12	1.05	0.95				
	108	1	107.87976252	22.08065314736842	0.0	0.0	1	0.9967753024299628	-12.199501466451453	138.0	12	1.05	0.95				
	109	1	110.40326573684212	22.71152895157895	0.0	0.0	1	1.0258106990086722	-4.655211293448906	138.0	13	1.05	0.95				
	110	1	123.02078182105262	25.235032168421057	0.0	0.0	1	1.05	-5.8667704031707455	138.0	13	1.05	0.95				
	111	1	0.0	0.0	0.0	0.0	1	1.010909617973645	-2.0235911875775234	230.0	13	1.05	0.95				
	112	1	0.0	0.0	0.0	0.0	1	1.0140950522549204	-1.4485042325299897	230.0	13	1.05	0.95				
	113	3	167.18208811578947	34.067293427368426	0.0	0.0	1	1.0105257959583371	-3.269431136116008e-28	230.0	14	1.05	0.95				
	114	2	122.38990601684212	24.604156364210528	0.0	0.0	1	1.0112142540733078	-0.482697676985579	230.0	16	1.05	0.95				
	115	2	199.98762993473684	40.37605146947369	0.0	0.0	1	1.0418037269309988	6.120019260476703	230.0	16	1.05	0.95				
	116	2	63.087580421052635	12.617516084210529	0.0	0.0	1	1.038345331561007	5.495083549036351	230.0	16	1.05	0.95				
	117	1	0.0	0.0	0.0	0.0	1	1.04389417724112	8.055355069443921	230.0	17	1.05	0.95				
	118	2	210.08164280210528	42.899554686315795	0.0	0.0	1	1.0462395360475092	8.386562004510052	230.0	17	1.05	0.95				
	119	1	114.18852056210527	23.342404755789474	0.0	0.0	1	1.0316405558366941	4.322035773046918	230.0	15	1.05	0.95				
	120	1	80.75210293894737	16.402770909473684	0.0	0.0	1	1.0303177551225149	4.1232929312590905	230.0	15	1.05	0.95				
	121	2	0.0	0.0	0.0	0.0	1	1.049458126019393	9.777191569183152	230.0	17	1.05	0.95				
	122	2	0.0	0.0	0.0	0.0	1	1.05	15.938054435315086	230.0	17	1.05	0.95				
	123	2	0.0	0.0	0.0	0.0	1	1.0310566707457554	4.491119232617867	230.0	15	1.05	0.95				
	124	1	0.0	0.0	0.0	0.0	1	1.0276415461087605	3.250453769733659	230.0	16	1.05	0.95				
	201	2	65.77239099789473	13.3980796477193	0.0	0.0	2	1.0251498825334882	-11.87692494573651	138.0	21	1.05	0.95				
	202	2	59.07335117403508	12.180072407017544	0.0	0.0	2	1.0261721789271265	-11.670169184575391	138.0	22	1.05	0.95				
	203	1	109.62065166315789	22.533133952982457	0.0	0.0	2	1.0152257006574021	-10.631420290696914	138.0	21	1.05	0.95				
	204	1	45.066267905964914	9.135054305263157	0.0	0.0	2	1.0152513836644288	-12.584191795942457	138.0	21	1.05	0.95				
	205	1	43.23925704491228	8.526050684912281	0.0	0.0	2	1.0299551734897925	-12.952963718321968	138.0	21	1.05	0.95				
	206	1	82.8244923677193	17.052101369824562	0.0	-100.0	2	1.0395123532360004	-14.090939693046423	138.0	22	1.05	0.95				
	207	2	76.12545254385965	15.22509050877193	0.0	0.0	2	0.9907957904655723	-22.83143616540923	138.0	22	1.05	0.95				
	208	1	104.13961908	21.315126712280698	0.0	0.0	2	0.9898518260524698	-19.896604675224253	138.0	22	1.05	0.95				
	209	1	106.57563356140352	21.924130332631577	0.0	0.0	2	1.024962645889961	-10.841000683095174	138.0	23	1.05	0.95				
	210	1	118.75570596842104	24.36014481403509	0.0	0.0	2	1.05	-12.099445130449366	138.0	23	1.05	0.95				
	211	1	0.0	0.0	0.0	0.0	2	1.014439574833581	-7.448757588242663	230.0	23	1.05	0.95				
	212	1	0.0	0.0	0.0	0.0	2	1.0177515530939183	-3.09272686648253	230.0	23	1.05	0.95				
	213	2	161.38595939298247	32.886195498947366	0.0	0.0	2	1.0163322231242986	-5.036961425866445	230.0	24	1.05	0.95				
	214	2	118.14670234807016	23.751141193684212	0.0	0.0	2	1.0193845104846257	-5.514535827095523	230.0	26	1.05	0.95				
	215	2	193.05414765122805	38.97623170245615	0.0	0.0	2	1.0350917933440693	1.1509944062291346	230.0	26	1.05	0.95				
	216	2	60.90036203508772	12.180072407017544	0.0	0.0	2	1.0354195234692603	0.960075219690168	230.0	26	1.05	0.95				
	217	1	0.0	0.0	0.0	0.0	2	1.0388600837300497	3.1199442512323077	230.0	27	1.05	0.95				
	218	2	202.79820557684212	41.41224618385965	0.0	0.0	2	1.039120155312527	3.1602963584273804	230.0	27	1.05	0.95				
	219	1	110.22965528350876	22.533133952982457	0.0	0.0	2	1.0342553280652615	0.9176414403294869	230.0	25	1.05	0.95				
	220	1	77.9524634049123	15.834094129122809	0.0	0.0	2	1.0382456720526994	2.0422374221500244	230.0	25	1.05	0.95				
	221	2	0.0	0.0	0.0	0.0	2	1.0399234656650458	3.263264345894675	230.0	27	1.05	0.95				
	222	2	0.0	0.0	0.0	0.0	2	1.05	9.709219446366443	230.0	27	1.05	0.95				
	223	2	0.0	0.0	0.0	0.0	2	1.0421889090408776	3.1080327430329815	230.0	25	1.05	0.95				
	224	1	0.0	0.0	0.0	0.0	2	1.0129968721767282	-3.224558324162824	230.0	26	1.05	0.95				
	301	2	75.16608669473685	15.31161025263158	0.0	0.0	3	1.004312237077273	-11.502550905506048	138.0	31	1.05	0.95				
	302	2	67.51028156842105	13.919645684210527	0.0	0.0	3	1.0048507092132464	-11.622537703645794	138.0	32	1.05	0.95				
	303	1	125.27681115789476	25.751344515789476	0.0	0.0	3	1.0185304940931739	-5.470623967164061	138.0	31	1.05	0.95				
	304	1	51.50268903157895	10.439734263157895	0.0	0.0	3	1.0009875382850992	-9.190470662093588	138.0	31	1.05	0.95				
	305	1	49.41474217894737	9.743751978947369	0.0	0.0	3	1.0143919411985622	-9.595382001880086	138.0	31	1.05	0.95				
	306	1	94.65359065263159	19.487503957894738	0.0	-100.0	3	1.0278587593413178	-9.292758771759333	138.0	32	1.05	0.95				
	307	2	86.99778552631578	17.39955710526316	0.0	0.0	3	0.9870773513736102	-15.279835739667067	138.0	32	1.05	0.95				
	308	1	119.0129706	24.35937994736842	0.0	0.0	3	0.9902525868590595	-11.976470412133754	138.0	32	1.05	0.95				
	309	1	121.79689973684211	25.055362231578947	0.0	0.0	3	1.0237258831926555	-4.34640468354488	138.0	33	1.05	0.95				
	310	1	135.71654542105261	27.839291368421055	0.0	0.0	3	1.0458027739208842	-5.43862303340859	138.0	33	1.05	0.95				
	311	1	0.0	0.0	0.0	0.0	3	1.0149768472483212	2.061016700835881	230.0	33	1.05	0.95				
	312	1	0.0	0.0	0.0	0.0	3	1.018245058594844	3.3361435262286463	230.0	33	1.05	0.95				
	313	2	184.43530531578946	37.583043347368424	0.0	0.0	3	1.0400757169000765	9.854864650152116	230.0	34	1.05	0.95				
	314	2	135.0205631368421	27.143309084210525	0.0	0.0	3	1.0202111570251997	2.0085640086513794	230.0	36	1.05	0.95				
	315	2	220.62638409473686	44.542866189473685	0.0	0.0	3	1.0366867564018036	-0.23732502443930484	230.0	36	1.05	0.95				
	316	2	69.59822842105264	13.919645684210527	0.0	0.0	3	1.0361625171086395	0.8810800562406268	230.0	36	1.05	0.95				
	317	1	0.0	0.0	0.0	0.0	3	1.0419106791861248	2.139796668640788	230.0	37	1.05	0.95				
	318	2	231.76210064210525	47.326795326315796	0.0	0.0	3	1.038947662711785	0.9177780188189333	230.0	37	1.05	0.95				
	319	1	125.97279344210526	25.751344515789476	0.0	0.0	3	1.0346971047546971	2.970832480775896	230.0	35	1.05	0.95				
	320	1	89.08573237894737	18.095539389473686	0.0	0.0	3	1.0367659824726088	4.644236500742545	230.0	35	1.05	0.95				
	321	2	0.0	0.0	0.0	0.0	3	1.039884202639782	1.1063938741738029	230.0	37	1.05	0.95				
	322	2	0.0	0.0	0.0	0.0	3	1.05	5.831671874197454	230.0	37	1.05	0.95				
	323	2	0.0	0.0	0.0	0.0	3	1.038512867646858	5.41116476490726	230.0	35	1.05	0.95				
	324	1	0.0	0.0	0.0	0.0	3	1.0248765180930521	-0.25285590132659447	230.0	36	1.05	0.95				
	325	1	0.0	0.0	0.0	0.0	3	1.0393088104103754	5.78434241265427	230.0	35	1.05	0.95				
];
