%% MATPOWER Case Format : Version 2
function mpc = RTS_GMLC
mpc.version = '2';

%%-----  Power Flow Data  -----%%
%% system MVA base
mpc.baseMVA = 100.0;
%% bus data
%    bus_i    type    Pd    Qd    Gs    Bs    area    Vm    Va    baseKV    zone    Vmax    Vmin
mpc.bus = [
	101	2	49.39089559578948	10.061108362105264	0.0	0.0	1	1.0344055793405866	1.362858632497512	138.0	11	1.05	0.95				
	102	2	44.360341414736844	9.146462147368423	0.0	0.0	1	1.0334801735140628	1.049150195614159	138.0	12	1.05	0.95				
	103	1	82.3181593263158	16.92095497263158	0.0	0.0	1	1.027729429273129	1.932412718251384	138.0	11	1.05	0.95				
	104	1	33.84190994526316	6.859846610526316	0.0	0.0	1	1.0204208545504332	-1.8061926058628939	138.0	11	1.05	0.95				
	105	1	32.469940623157896	6.402523503157896	0.0	0.0	1	1.0359307222927934	-1.7947850360130373	138.0	11	1.05	0.95				
	106	1	62.19594260210527	12.805047006315792	0.0	-100.0	1	1.044732831718455	-4.070975547164936	138.0	12	1.05	0.95				
	107	2	57.16538842105263	11.433077684210527	0.0	0.0	1	0.9983183856290951	-12.202774440725467	138.0	12	1.05	0.95				
	108	1	78.20225136	16.006308757894736	0.0	0.0	1	1.0001755898850568	-9.675478325945756	138.0	12	1.05	0.95				
	109	1	80.03154378947369	16.46363186526316	0.0	0.0	1	1.0234792826376617	-2.2892176773568136	138.0	13	1.05	0.95				
	110	1	89.17800593684211	18.292924294736846	0.0	0.0	1	1.05	-3.558280532090557	138.0	13	1.05	0.95				
	111	1	0.0	0.0	0.0	0.0	1	1.0057836779802911	0.27974360780687907	230.0	13	1.05	0.95				
	112	1	0.0	0.0	0.0	0.0	1	1.0097931653209582	-0.5123286658215446	230.0	13	1.05	0.95				
	113	3	121.19062345263158	24.69544779789474	0.0	0.0	1	1.0007845879816568	6.28323943890032e-28	230.0	14	1.05	0.95				
	114	2	88.72068282947369	17.83560118736842	0.0	0.0	1	1.006873189321748	3.834135957721457	230.0	16	1.05	0.95				
	115	2	144.97142503578948	29.268678871578953	0.0	0.0	1	1.0392609279444784	13.020776990960853	230.0	16	1.05	0.95				
	116	2	45.73231073684211	9.146462147368423	0.0	0.0	1	1.0324166713587823	11.542509000135732	230.0	16	1.05	0.95				
	117	1	0.0	0.0	0.0	0.0	1	1.0374687990253124	17.151021092102557	230.0	17	1.05	0.95				
	118	2	152.2885947536842	31.097971301052635	0.0	0.0	1	1.048274723065118	17.54662727400247	230.0	17	1.05	0.95				
	119	1	82.77548243368422	16.92095497263158	0.0	0.0	1	1.0219503015068703	7.699543061790338	230.0	15	1.05	0.95				
	120	1	58.537357743157905	11.890400791578948	0.0	0.0	1	1.0192881107224703	5.219555139735605	230.0	15	1.05	0.95				
	121	2	0.0	0.0	0.0	0.0	1	1.05	19.020675877333677	230.0	17	1.05	0.95				
	122	2	0.0	0.0	0.0	0.0	1	1.05	36.903181116815766	230.0	17	1.05	0.95				
	123	2	0.0	0.0	0.0	0.0	1	1.0189342707783342	4.207053755871542	230.0	15	1.05	0.95				
	124	1	0.0	0.0	0.0	0.0	1	1.0211184508218332	8.870653924545055	230.0	16	1.05	0.95				
	201	2	53.75350227789474	10.949787501052631	0.0	0.0	2	1.016311938111495	-16.801657201699328	138.0	21	1.05	0.95				
	202	2	48.27860852736842	9.954352273684211	0.0	0.0	2	1.0166811659459958	-16.81952348490236	138.0	22	1.05	0.95				
	203	1	89.5891704631579	18.41555170631579	0.0	0.0	2	1.013331723872445	-13.464948752446515	138.0	21	1.05	0.95				
	204	1	36.83110341263158	7.465764205263158	0.0	0.0	2	1.0122202619068357	-17.503407876232068	138.0	21	1.05	0.95				
	205	1	35.33795057157894	6.968046591578949	0.0	0.0	2	1.0269843108732144	-17.980491048681724	138.0	21	1.05	0.95				
	206	1	67.68959546105263	13.936093183157897	0.0	-100.0	2	1.0404167232306063	-19.137725782067275	138.0	22	1.05	0.95				
	207	2	62.21470171052632	12.442940342105263	0.0	0.0	2	0.9895409173137518	-25.861807497374595	138.0	22	1.05	0.95				
	208	1	85.10971194	17.420116478947367	0.0	0.0	2	0.9939139211294375	-23.552120803773523	138.0	22	1.05	0.95				
	209	1	87.10058239473683	17.91783409263158	0.0	0.0	2	1.023210452868153	-16.004764999869092	138.0	23	1.05	0.95				
	210	1	97.05493466842105	19.908704547368423	0.0	0.0	2	1.05	-17.566426896749032	138.0	23	1.05	0.95				
	211	1	0.0	0.0	0.0	0.0	2	1.0112521414225781	-12.680216659801115	230.0	23	1.05	0.95				
	212	1	0.0	0.0	0.0	0.0	2	1.0147470119541206	-11.624931297876493	230.0	23	1.05	0.95				
	213	2	131.89516762631578	26.87675113894737	0.0	0.0	2	1.0150044860691982	-11.071981761931504	230.0	24	1.05	0.95				
	214	2	96.55721705473684	19.41098693368421	0.0	0.0	2	1.012597946989952	-9.930609232458673	230.0	26	1.05	0.95				
	215	2	157.77648353789473	31.853927275789474	0.0	0.0	2	1.0258489275403484	-2.7678335003546066	230.0	26	1.05	0.95				
	216	2	49.77176136842105	9.954352273684211	0.0	0.0	2	1.029185183042195	-3.011308568173549	230.0	26	1.05	0.95				
	217	1	0.0	0.0	0.0	0.0	2	1.0300922471435916	-1.0204304154385886	230.0	27	1.05	0.95				
	218	2	165.7399653568421	33.84479773052632	0.0	0.0	2	1.0290372886595331	-1.7601695537721969	230.0	27	1.05	0.95				
	219	1	90.08688807684211	18.41555170631579	0.0	0.0	2	1.0351534508909304	-2.954206418185299	230.0	25	1.05	0.95				
	220	1	63.70785455157895	12.940657955789476	0.0	0.0	2	1.0440013720141104	-1.957628537135001	230.0	25	1.05	0.95				
	221	2	0.0	0.0	0.0	0.0	2	1.0311792484599063	-1.2832615601560573	230.0	27	1.05	0.95				
	222	2	0.0	0.0	0.0	0.0	2	1.05	5.313225875878295	230.0	27	1.05	0.95				
	223	2	0.0	0.0	0.0	0.0	2	1.05	-1.0523566997714515	230.0	25	1.05	0.95				
	224	1	0.0	0.0	0.0	0.0	2	1.0080058144235582	-6.766483864694816	230.0	26	1.05	0.95				
	301	2	66.79531792421052	13.60645365122807	0.0	0.0	3	1.040025722711887	-0.847687893398088	138.0	31	1.05	0.95				
	302	2	59.99209109859649	12.369503319298246	0.0	0.0	3	1.036887971465169	-1.2168041900700657	138.0	32	1.05	0.95				
	303	1	111.3255298736842	22.883581140701754	0.0	0.0	3	1.05	16.85423097929638	138.0	31	1.05	0.95				
	304	1	45.76716228140351	9.277127489473685	0.0	0.0	3	1.0104366406853915	1.1093219412823052	138.0	31	1.05	0.95				
	305	1	43.91173678350877	8.658652323508772	0.0	0.0	3	1.0314289778333217	-1.8614799945215197	138.0	31	1.05	0.95				
	306	1	84.11262257122807	17.317304647017544	0.0	-100.0	3	1.0324193604477132	-3.1330714975630727	138.0	32	1.05	0.95				
	307	2	77.30939574561403	15.461879149122806	0.0	0.0	3	0.95	-2.5131839332968946	138.0	32	1.05	0.95				
	308	1	105.75925337999999	21.646630808771928	0.0	0.0	3	0.9632908461195416	-2.5312666801936303	138.0	32	1.05	0.95				
	309	1	108.23315404385964	22.26510597473684	0.0	0.0	3	1.0111536990683911	5.6431650322059	138.0	33	1.05	0.95				
	310	1	120.60265736315789	24.739006638596493	0.0	0.0	3	1.0378330794571498	-0.9201642630712773	138.0	33	1.05	0.95				
	311	1	0.0	0.0	0.0	0.0	3	0.9972848308535065	4.307102215161592	230.0	33	1.05	0.95				
	312	1	0.0	0.0	0.0	0.0	3	1.0011643060498634	5.039524490451357	230.0	33	1.05	0.95				
	313	2	163.89591898070174	33.39765896210526	0.0	0.0	3	0.9969023525651023	6.731638778578345	230.0	34	1.05	0.95				
	314	2	119.98418219719298	24.12053147263158	0.0	0.0	3	0.9954626489104086	4.252836840382862	230.0	36	1.05	0.95				
	315	2	196.0566276108772	39.582410621754384	0.0	0.0	3	1.05	8.222173645535982	230.0	36	1.05	0.95				
	316	2	61.847516596491225	12.369503319298246	0.0	0.0	3	1.040045586715398	7.9135805494555465	230.0	36	1.05	0.95				
	317	1	0.0	0.0	0.0	0.0	3	1.05	12.343490108301204	230.0	37	1.05	0.95				
	318	2	205.95223026631578	42.056311285614036	0.0	0.0	3	1.044896675057534	9.603348858148042	230.0	37	1.05	0.95				
	319	1	111.94400503964911	22.883581140701754	0.0	0.0	3	1.0242845121011892	6.967219171702842	230.0	35	1.05	0.95				
	320	1	79.16482124350877	16.080354315087718	0.0	0.0	3	1.0158114083220262	7.338098830006514	230.0	35	1.05	0.95				
	321	2	0.0	0.0	0.0	0.0	3	1.047747276681848	9.781159300544209	230.0	37	1.05	0.95				
	322	2	0.0	0.0	0.0	0.0	3	1.05	15.132100415629138	230.0	37	1.05	0.95				
	323	2	0.0	0.0	0.0	0.0	3	1.0127400767139791	8.030334998495858	230.0	35	1.05	0.95				
	324	1	0.0	0.0	0.0	0.0	3	1.0471661578410179	11.5222386684915	230.0	36	1.05	0.95				
	325	1	0.0	0.0	0.0	0.0	3	1.0133394969767782	8.98916825898318	230.0	35	1.05	0.95				
];
