%% MATPOWER Case Format : Version 2
function mpc = RTS_GMLC
mpc.version = '2';

%%-----  Power Flow Data  -----%%
%% system MVA base
mpc.baseMVA = 100.0;
%% bus data
%    bus_i    type    Pd    Qd    Gs    Bs    area    Vm    Va    baseKV    zone    Vmax    Vmin
mpc.bus = [
	101	2	41.26818406736842	8.406481939649122	0.0	0.0	1	1.0057518302540733	-1.2591639731272575	138.0	11	1.05	0.95				
	102	2	37.06494309754385	7.64225630877193	0.0	0.0	1	1.0038057890153143	-1.8462775062653578	138.0	12	1.05	0.95				
	103	1	68.78030677894736	14.138174171228071	0.0	0.0	1	1.0248533959702892	1.9403753890613116	138.0	11	1.05	0.95				
	104	1	28.276348342456142	5.731692231578947	0.0	0.0	1	1.0095898416824163	-3.0237467318751223	138.0	11	1.05	0.95				
	105	1	27.13000989614035	5.349579416140352	0.0	0.0	1	1.0229706478462375	-3.2197854246980846	138.0	11	1.05	0.95				
	106	1	51.967342899649125	10.699158832280704	0.0	-100.0	1	1.0403747776556123	-4.83497802752708	138.0	12	1.05	0.95				
	107	2	47.76410192982456	9.552820385964912	0.0	0.0	1	0.9837566537181817	-11.094026875217493	138.0	12	1.05	0.95				
	108	1	65.34129143999999	13.373948540350877	0.0	0.0	1	0.9950845136945747	-8.892199967824133	138.0	12	1.05	0.95				
	109	1	66.86974270175439	13.756061355789473	0.0	0.0	1	1.0247798972372357	-2.377944912785889	138.0	13	1.05	0.95				
	110	1	74.51199901052631	15.28451261754386	0.0	0.0	1	1.05	-3.9292476888185925	138.0	13	1.05	0.95				
	111	1	0.0	0.0	0.0	0.0	1	1.0161231857903068	0.36723361472794974	230.0	13	1.05	0.95				
	112	1	0.0	0.0	0.0	0.0	1	1.0125374707821455	-0.8545726990263913	230.0	13	1.05	0.95				
	113	3	101.25989609122807	20.63409203368421	0.0	0.0	1	0.9938178812185596	3.051941334025405e-29	230.0	14	1.05	0.95				
	114	2	74.1298861950877	14.902399802105263	0.0	0.0	1	1.043258598689056	4.134824239826811	230.0	16	1.05	0.95				
	115	2	121.12976249403509	24.455220188070175	0.0	0.0	1	1.0413360599399908	13.863954364082845	230.0	16	1.05	0.95				
	116	2	38.21128154385965	7.64225630877193	0.0	0.0	1	1.0413325483441893	11.929103857806373	230.0	16	1.05	0.95				
	117	1	0.0	0.0	0.0	0.0	1	1.0401906559796172	18.128635230540368	230.0	17	1.05	0.95				
	118	2	127.24356754105264	25.983671449824563	0.0	0.0	1	1.049247844758331	18.806438369707855	230.0	17	1.05	0.95				
	119	1	69.16241959438597	14.138174171228071	0.0	0.0	1	1.0376200345092628	7.441746221876179	230.0	15	1.05	0.95				
	120	1	48.91044037614035	9.93493320140351	0.0	0.0	1	1.0412974213591215	4.274640815946086	230.0	15	1.05	0.95				
	121	2	0.0	0.0	0.0	0.0	1	1.0432946433243897	20.413486915518344	230.0	17	1.05	0.95				
	122	2	0.0	0.0	0.0	0.0	1	1.05	38.374414487270506	230.0	17	1.05	0.95				
	123	2	0.0	0.0	0.0	0.0	1	1.0444525804731504	2.827297019015174	230.0	15	1.05	0.95				
	124	1	0.0	0.0	0.0	0.0	1	1.0202247071898582	9.420938606002244	230.0	16	1.05	0.95				
	201	2	43.65559576421053	8.892806544561402	0.0	0.0	2	1.0128318929871258	-17.669037275235898	138.0	21	1.05	0.95				
	202	2	39.20919249192983	8.084369585964913	0.0	0.0	2	1.0119862443064245	-17.975564391309128	138.0	22	1.05	0.95				
	203	1	72.75932627368421	14.956083734035088	0.0	0.0	2	1.0114888627811922	-12.894325015483695	138.0	21	1.05	0.95				
	204	1	29.912167468070177	6.063277189473684	0.0	0.0	2	1.0110316594617095	-17.603661765912946	138.0	21	1.05	0.95				
	205	1	28.699512030175438	5.659058710175439	0.0	0.0	2	1.0265254258468623	-18.11112429516947	138.0	21	1.05	0.95				
	206	1	54.97371318456141	11.318117420350879	0.0	-100.0	2	1.0421248694068086	-18.870780608221878	138.0	22	1.05	0.95				
	207	2	50.52730991228071	10.10546198245614	0.0	0.0	2	0.9950397061061347	-23.680046672290676	138.0	22	1.05	0.95				
	208	1	69.12135995999999	14.147646775438597	0.0	0.0	2	1.0007577013771074	-21.862630391100684	138.0	22	1.05	0.95				
	209	1	70.73823387719298	14.551865254736843	0.0	0.0	2	1.021844405664335	-15.619764312361335	138.0	23	1.05	0.95				
	210	1	78.82260346315789	16.168739171929825	0.0	0.0	2	1.05	-17.251086660943447	138.0	23	1.05	0.95				
	211	1	0.0	0.0	0.0	0.0	2	1.0076400535188128	-12.613212647592682	230.0	23	1.05	0.95				
	212	1	0.0	0.0	0.0	0.0	2	1.007787161677109	-12.08017389116456	230.0	23	1.05	0.95				
	213	2	107.1178970140351	21.827797882105266	0.0	0.0	2	1.0024159237229562	-11.446461460682887	230.0	24	1.05	0.95				
	214	2	78.41838498385965	15.764520692631578	0.0	0.0	2	1.0129826947690221	-9.729648624753057	230.0	26	1.05	0.95				
	215	2	128.13725793754384	25.869982675087723	0.0	0.0	2	1.0264404156658562	-2.6618868935375963	230.0	26	1.05	0.95				
	216	2	40.42184792982456	8.084369585964913	0.0	0.0	2	1.0289103877075167	-3.198322654695985	230.0	26	1.05	0.95				
	217	1	0.0	0.0	0.0	0.0	2	1.0353732478026771	-1.1476414965512274	230.0	27	1.05	0.95				
	218	2	134.6047536063158	27.486856592280706	0.0	0.0	2	1.0339025330992582	-1.6589886688585507	230.0	27	1.05	0.95				
	219	1	73.16354475298246	14.956083734035088	0.0	0.0	2	1.0267976673255879	-3.8507177766608707	230.0	25	1.05	0.95				
	220	1	51.739965350175446	10.509680461754387	0.0	0.0	2	1.027568766891878	-3.629191838778796	230.0	25	1.05	0.95				
	221	2	0.0	0.0	0.0	0.0	2	1.0341449457289358	-1.192634679948652	230.0	27	1.05	0.95				
	222	2	0.0	0.0	0.0	0.0	2	1.05	5.322347826679439	230.0	27	1.05	0.95				
	223	2	0.0	0.0	0.0	0.0	2	1.028473648101973	-3.196555499646907	230.0	25	1.05	0.95				
	224	1	0.0	0.0	0.0	0.0	2	1.0082460298081273	-6.476677239312719	230.0	26	1.05	0.95				
	301	2	44.26257512842106	9.016450489122809	0.0	0.0	3	1.0095697542439905	6.598986473814597	138.0	31	1.05	0.95				
	302	2	39.75434988385965	8.196773171929825	0.0	0.0	3	1.0094337324103992	6.300117522458586	138.0	32	1.05	0.95				
	303	1	73.77095854736842	15.164030368070177	0.0	0.0	3	1.0479501769559778	18.36191147969475	138.0	31	1.05	0.95				
	304	1	30.328060736140355	6.147579878947369	0.0	0.0	3	1.01176090237802	7.476429988067895	138.0	31	1.05	0.95				
	305	1	29.09854476035088	5.737741220350879	0.0	0.0	3	1.0247699105591257	5.535652074933428	138.0	31	1.05	0.95				
	306	1	55.73805756912281	11.475482440701757	0.0	-100.0	3	1.0412252203047094	4.443469213724871	138.0	32	1.05	0.95				
	307	2	51.22983232456141	10.245966464912282	0.0	0.0	3	0.9858687542303192	0.701084028021842	138.0	32	1.05	0.95				
	308	1	70.08241062	14.344353050877192	0.0	0.0	3	0.9958900167798216	2.5067504214549836	138.0	32	1.05	0.95				
	309	1	71.72176525438597	14.754191709473686	0.0	0.0	3	1.0260808406739463	10.121375085929008	138.0	33	1.05	0.95				
	310	1	79.9185384263158	16.39354634385965	0.0	0.0	3	1.05	5.797990268045735	138.0	33	1.05	0.95				
	311	1	0.0	0.0	0.0	0.0	3	1.0094275745895522	9.588482925734086	230.0	33	1.05	0.95				
	312	1	0.0	0.0	0.0	0.0	3	1.0145868831688747	10.310206507832635	230.0	33	1.05	0.95				
	313	2	108.60724452807018	22.13128756421053	0.0	0.0	3	1.0117330155158226	12.254767183413005	230.0	34	1.05	0.95				
	314	2	79.5086997677193	15.983707685263159	0.0	0.0	3	1.002726360680285	8.982688964537058	230.0	36	1.05	0.95				
	315	2	129.91885477508774	26.22967415017544	0.0	0.0	3	1.0404442174241104	10.737800156554902	230.0	36	1.05	0.95				
	316	2	40.98386585964913	8.196773171929825	0.0	0.0	3	1.0320954668205609	10.574522842696375	230.0	36	1.05	0.95				
	317	1	0.0	0.0	0.0	0.0	3	1.0454442284926768	13.001062260486442	230.0	37	1.05	0.95				
	318	2	136.47627331263158	27.869028784561404	0.0	0.0	3	1.0438526975942684	10.76026574511212	230.0	37	1.05	0.95				
	319	1	74.18079720596492	15.164030368070177	0.0	0.0	3	1.0244212408564146	10.517741232921372	230.0	35	1.05	0.95				
	320	1	52.45934830035088	10.655805123508772	0.0	0.0	3	1.0204149772355795	11.273718914877975	230.0	35	1.05	0.95				
	321	2	0.0	0.0	0.0	0.0	3	1.043754497205948	11.36926582758194	230.0	37	1.05	0.95				
	322	2	0.0	0.0	0.0	0.0	3	1.05	16.341290575440873	230.0	37	1.05	0.95				
	323	2	0.0	0.0	0.0	0.0	3	1.0188976502617877	12.01400696106658	230.0	35	1.05	0.95				
	324	1	0.0	0.0	0.0	0.0	3	1.0406248070096138	13.656218076108326	230.0	36	1.05	0.95				
	325	1	0.0	0.0	0.0	0.0	3	1.0194933711701837	12.739180117069811	230.0	35	1.05	0.95				
];
