%% MATPOWER Case Format : Version 2
function mpc = RTS_GMLC
mpc.version = '2';

%%-----  Power Flow Data  -----%%
%% system MVA base
mpc.baseMVA = 100.0;
%% bus data
%    bus_i    type    Pd    Qd    Gs    Bs    area    Vm    Va    baseKV    zone    Vmax    Vmin
mpc.bus = [
	101	2	65.93023254315791	13.43023255508772	0.0	0.0	1	1.0353580405278515	-1.2119594570731327	138.0	11	1.05	0.95				
	102	2	59.21511626561404	12.20930232280702	0.0	0.0	1	1.0327539600534426	-1.9197841699744134	138.0	12	1.05	0.95				
	103	1	109.88372090526317	22.587209297192985	0.0	0.0	1	1.0260165694465198	1.1370582514797578	138.0	11	1.05	0.95				
	104	1	45.17441859438597	9.156976742105263	0.0	0.0	1	1.02074535027205	-3.7795235576773427	138.0	11	1.05	0.95				
	105	1	43.343023245964915	8.546511625964914	0.0	0.0	1	1.034360143554615	-4.475038856498903	138.0	11	1.05	0.95				
	106	1	83.02325579508774	17.09302325192983	0.0	-100.0	1	1.0402891775383205	-7.02608069760872	138.0	12	1.05	0.95				
	107	2	76.30813951754388	15.261627903508773	0.0	0.0	1	0.9979142672201544	-13.03647674935229	138.0	12	1.05	0.95				
	108	1	104.38953486	21.36627906491228	0.0	0.0	1	0.9961922327391954	-11.503490564370631	138.0	12	1.05	0.95				
	109	1	106.83139532456141	21.97674418105263	0.0	0.0	1	1.024249722425786	-3.927863262904657	138.0	13	1.05	0.95				
	110	1	119.04069764736842	24.41860464561404	0.0	0.0	1	1.05	-5.867685216581118	138.0	13	1.05	0.95				
	111	1	0.0	0.0	0.0	0.0	1	1.015290084634723	-0.8363187046203443	230.0	13	1.05	0.95				
	112	1	0.0	0.0	0.0	0.0	1	1.0141753349657332	-1.6000466135749463	230.0	13	1.05	0.95				
	113	3	161.773255777193	32.96511627157896	0.0	0.0	1	1.010501677195363	2.543616257582112e-29	230.0	14	1.05	0.95				
	114	2	118.43023253122809	23.80813952947369	0.0	0.0	1	1.0278032513370923	2.4885009899897206	230.0	16	1.05	0.95				
	115	2	193.51744181649124	39.06976743298246	0.0	0.0	1	1.0370845339654904	13.02461161256648	230.0	16	1.05	0.95				
	116	2	61.04651161403509	12.20930232280702	0.0	0.0	1	1.0341855561225517	11.019151427929001	230.0	16	1.05	0.95				
	117	1	0.0	0.0	0.0	0.0	1	1.0401332076072307	17.228729412006274	230.0	17	1.05	0.95				
	118	2	203.28488367473688	41.51162789754387	0.0	0.0	1	1.05	18.425046274069548	230.0	17	1.05	0.95				
	119	1	110.49418602140352	22.587209297192985	0.0	0.0	1	1.0254999866880703	6.903678093451367	230.0	15	1.05	0.95				
	120	1	78.13953486596492	15.872093019649125	0.0	0.0	1	1.0257477453258368	4.008483708838587	230.0	15	1.05	0.95				
	121	2	0.0	0.0	0.0	0.0	1	1.05	20.53578476065128	230.0	17	1.05	0.95				
	122	2	0.0	0.0	0.0	0.0	1	1.05	33.2149398151677	230.0	17	1.05	0.95				
	123	2	0.0	0.0	0.0	0.0	1	1.0278739692250467	2.882874422929463	230.0	15	1.05	0.95				
	124	1	0.0	0.0	0.0	0.0	1	1.0180994384891093	8.572578000415817	230.0	16	1.05	0.95				
	201	2	51.05052731368421	10.39918148982456	0.0	0.0	2	1.0122325013375604	-12.448435975084179	138.0	21	1.05	0.95				
	202	2	45.85093656877193	9.453801354385966	0.0	0.0	2	1.011390949548243	-12.6842879604796	138.0	22	1.05	0.95				
	203	1	85.08421218947369	17.489532505614033	0.0	0.0	2	1.0147834037808452	-9.721470741996194	138.0	21	1.05	0.95				
	204	1	34.979065011228066	7.090351015789473	0.0	0.0	2	1.0108436524790456	-11.81898025101749	138.0	21	1.05	0.95				
	205	1	33.56099480807017	6.617660948070175	0.0	0.0	2	1.0250696017931678	-12.171340092348325	138.0	21	1.05	0.95				
	206	1	64.28584920982456	13.23532189614035	0.0	-100.0	2	1.040005406251068	-12.583487273489283	138.0	22	1.05	0.95				
	207	2	59.08625846491228	11.817251692982456	0.0	0.0	2	0.9943432930644549	-18.34473277080153	138.0	22	1.05	0.95				
	208	1	80.83000158	16.544152370175436	0.0	0.0	2	0.9981992711272845	-16.16768932963874	138.0	22	1.05	0.95				
	209	1	82.7207618508772	17.016842437894734	0.0	0.0	2	1.0249650099179772	-9.165721907569232	138.0	23	1.05	0.95				
	210	1	92.17456320526315	18.907602708771932	0.0	0.0	2	1.05	-10.374675323274879	138.0	23	1.05	0.95				
	211	1	0.0	0.0	0.0	0.0	2	1.0081659382086516	-6.295037141474728	230.0	23	1.05	0.95				
	212	1	0.0	0.0	0.0	0.0	2	1.0146957968307602	-1.7431993551324823	230.0	23	1.05	0.95				
	213	2	125.26286794561403	25.525263656842107	0.0	0.0	2	1.006402009498541	-3.9185188638002955	230.0	24	1.05	0.95				
	214	2	91.70187313754386	18.43491264105263	0.0	0.0	2	1.0082095346897761	-4.80012138259945	230.0	26	1.05	0.95				
	215	2	149.84275146701754	30.252164334035086	0.0	0.0	2	1.0288784244527414	0.47816870151680974	230.0	26	1.05	0.95				
	216	2	47.269006771929824	9.453801354385966	0.0	0.0	2	1.0282013084244481	0.1902566143613258	230.0	26	1.05	0.95				
	217	1	0.0	0.0	0.0	0.0	2	1.0326189409772568	1.4179262458578779	230.0	27	1.05	0.95				
	218	2	157.40579255052631	32.14292460491228	0.0	0.0	2	1.0315398483328406	0.9314824616263907	230.0	27	1.05	0.95				
	219	1	85.55690225719297	17.489532505614033	0.0	0.0	2	1.0277654473758688	0.13079282332912465	230.0	25	1.05	0.95				
	220	1	60.50432866807017	12.289941760701755	0.0	0.0	2	1.0307846024187393	0.9963118156168481	230.0	25	1.05	0.95				
	221	2	0.0	0.0	0.0	0.0	2	1.0335013284102168	1.5779727438267517	230.0	27	1.05	0.95				
	222	2	0.0	0.0	0.0	0.0	2	1.05	8.010843717957984	230.0	27	1.05	0.95				
	223	2	0.0	0.0	0.0	0.0	2	1.0334458710919192	1.8284463617639548	230.0	25	1.05	0.95				
	224	1	0.0	0.0	0.0	0.0	2	1.0110137169112074	-3.3277517472661406	230.0	26	1.05	0.95				
	301	2	58.339133204210526	11.883897504561403	0.0	0.0	3	0.9947810927498242	19.753169202375734	138.0	31	1.05	0.95				
	302	2	52.397184451929824	10.803543185964912	0.0	0.0	3	0.9945105836873868	19.744250434169683	138.0	32	1.05	0.95				
	303	1	97.23188867368421	19.986554894035088	0.0	0.0	3	1.0171512805178462	21.70074198323443	138.0	31	1.05	0.95				
	304	1	39.973109788070175	8.102657389473684	0.0	0.0	3	1.0022997339952227	21.643110655931352	138.0	31	1.05	0.95				
	305	1	38.35257831017544	7.562480230175439	0.0	0.0	3	1.0141008290215014	21.643394595352426	138.0	31	1.05	0.95				
	306	1	73.46409366456142	15.124960460350877	0.0	-100.0	3	1.0334506330669004	22.076348469164014	138.0	32	1.05	0.95				
	307	2	67.52214491228071	13.50442898245614	0.0	0.0	3	0.9849966279791835	19.346626691498216	138.0	32	1.05	0.95				
	308	1	92.37029423999999	18.906200575438596	0.0	0.0	3	1.0001639472635078	21.692257938876253	138.0	32	1.05	0.95				
	309	1	94.53100287719298	19.446377734736842	0.0	0.0	3	1.0272583406658404	25.389331604983873	138.0	33	1.05	0.95				
	310	1	105.33454606315789	21.607086371929825	0.0	0.0	3	1.05	25.25030933843322	138.0	33	1.05	0.95				
	311	1	0.0	0.0	0.0	0.0	3	1.0124966683660337	30.558906825248258	230.0	33	1.05	0.95				
	312	1	0.0	0.0	0.0	0.0	3	1.0195416709814469	31.63499522250554	230.0	33	1.05	0.95				
	313	2	143.1469472140351	29.169566602105263	0.0	0.0	3	1.0299321639792303	38.10660885378461	230.0	34	1.05	0.95				
	314	2	104.79436890385965	21.06690921263158	0.0	0.0	3	1.0117247515543346	29.14660673057604	230.0	36	1.05	0.95				
	315	2	171.23615949754384	34.57133819508772	0.0	0.0	3	1.0394030073544704	22.86282531786791	230.0	36	1.05	0.95				
	316	2	54.01771592982456	10.803543185964912	0.0	0.0	3	1.0399156732120167	24.291860580835056	230.0	36	1.05	0.95				
	317	1	0.0	0.0	0.0	0.0	3	1.05	23.690310965117074	230.0	37	1.05	0.95				
	318	2	179.8789940463158	36.73204683228071	0.0	0.0	3	1.049525056765429	21.06696173989816	230.0	37	1.05	0.95				
	319	1	97.77206583298246	19.986554894035088	0.0	0.0	3	1.038258724952161	26.854748503343682	230.0	35	1.05	0.95				
	320	1	69.14267639017544	14.044606141754388	0.0	0.0	3	1.0384233881069467	28.56059498531646	230.0	35	1.05	0.95				
	321	2	0.0	0.0	0.0	0.0	3	1.0466446049009657	22.2890590125636	230.0	37	1.05	0.95				
	322	2	0.0	0.0	0.0	0.0	3	1.05	27.181963677107053	230.0	37	1.05	0.95				
	323	2	0.0	0.0	0.0	0.0	3	1.0379119516323665	29.05522905896293	230.0	35	1.05	0.95				
	324	1	0.0	0.0	0.0	0.0	3	1.0289954447097398	24.499269410804583	230.0	36	1.05	0.95				
	325	1	0.0	0.0	0.0	0.0	3	1.0403827285977463	28.33622931346505	230.0	35	1.05	0.95				
];
