%% MATPOWER Case Format : Version 2
function mpc = RTS_GMLC
mpc.version = '2';

%%-----  Power Flow Data  -----%%
%% system MVA base
mpc.baseMVA = 100.0;
%% bus data
%    bus_i    type    Pd    Qd    Gs    Bs    area    Vm    Va    baseKV    zone    Vmax    Vmin
mpc.bus = [
	101	2	45.28946065263158	9.225630873684212	0.0	0.0	1	1.0363466895994917	2.602449578881648	138.0	11	1.05	0.95				
	102	2	40.67664521578948	8.386937157894737	0.0	0.0	1	1.0359356911807105	2.4729129160546277	138.0	12	1.05	0.95				
	103	1	75.48243442105263	15.515833742105265	0.0	0.0	1	1.0295078847194192	0.030149009958162713	138.0	11	1.05	0.95				
	104	1	31.03166748421053	6.290202868421052	0.0	0.0	1	1.0227692815308473	-0.9141656801579381	138.0	11	1.05	0.95				
	105	1	29.773626910526314	5.870856010526317	0.0	0.0	1	1.037335072829842	-0.6433221138898266	138.0	11	1.05	0.95				
	106	1	57.03117267368422	11.741712021052633	0.0	-100.0	1	1.0462427502834566	-2.8958166647300567	138.0	12	1.05	0.95				
	107	2	52.418357236842105	10.48367144736842	0.0	0.0	1	1.0003354511546236	-7.552324785930338	138.0	12	1.05	0.95				
	108	1	71.7083127	14.677140026315788	0.0	0.0	1	1.005045318310905	-6.643890931513805	138.0	12	1.05	0.95				
	109	1	73.38570013157894	15.096486884210528	0.0	0.0	1	1.0249542171350012	-1.9969926736377508	138.0	13	1.05	0.95				
	110	1	81.77263728947368	16.773874315789474	0.0	0.0	1	1.05	-2.623158177413228	138.0	13	1.05	0.95				
	111	1	0.0	0.0	0.0	0.0	1	1.0031528814218034	-0.422336074149653	230.0	13	1.05	0.95				
	112	1	0.0	0.0	0.0	0.0	1	1.008264101685512	0.0955649790869403	230.0	13	1.05	0.95				
	113	3	111.12691734210527	22.64473032631579	0.0	0.0	1	0.9948272198585271	-1.064273341396061e-27	230.0	14	1.05	0.95				
	114	2	81.35329043157896	16.354527457894736	0.0	0.0	1	0.9990448690369025	1.2277498512102378	230.0	16	1.05	0.95				
	115	2	132.93295395263158	26.838198905263162	0.0	0.0	1	1.0386082901476046	6.216910687752734	230.0	16	1.05	0.95				
	116	2	41.93468578947368	8.386937157894737	0.0	0.0	1	1.0337097879501747	5.968692919515433	230.0	16	1.05	0.95				
	117	1	0.0	0.0	0.0	0.0	1	1.0420704073029103	7.655630530682223	230.0	17	1.05	0.95				
	118	2	139.64250367894738	28.51558633684211	0.0	0.0	1	1.0453498818278124	7.4258237250409564	230.0	17	1.05	0.95				
	119	1	75.90178127894738	15.515833742105265	0.0	0.0	1	1.0270175872108773	5.308500710252774	230.0	15	1.05	0.95				
	120	1	53.676397810526325	10.903018305263158	0.0	0.0	1	1.0239874080043332	5.549026381896402	230.0	15	1.05	0.95				
	121	2	0.0	0.0	0.0	0.0	1	1.05	8.17068408606055	230.0	17	1.05	0.95				
	122	2	0.0	0.0	0.0	0.0	1	1.05	16.19543752206666	230.0	17	1.05	0.95				
	123	2	0.0	0.0	0.0	0.0	1	1.02288732787989	6.008214277174423	230.0	15	1.05	0.95				
	124	1	0.0	0.0	0.0	0.0	1	1.026783397126226	3.9042064568112176	230.0	16	1.05	0.95				
	201	2	42.29560837894737	8.615772077192982	0.0	0.0	2	1.0237803214071437	-5.359408021995614	138.0	21	1.05	0.95				
	202	2	37.98772234035088	7.8325200701754385	0.0	0.0	2	1.024471709771273	-5.145486430932892	138.0	22	1.05	0.95				
	203	1	70.49268063157893	14.49016212982456	0.0	0.0	2	1.0189506083675033	-5.287917896811044	138.0	21	1.05	0.95				
	204	1	28.98032425964912	5.874390052631578	0.0	0.0	2	1.017845298018191	-7.013844843997056	138.0	21	1.05	0.95				
	205	1	27.805446249122806	5.482764049122808	0.0	0.0	2	1.0321040575676768	-7.2162932446469235	138.0	21	1.05	0.95				
	206	1	53.261136477192984	10.965528098245615	0.0	-100.0	2	1.045020776037292	-8.603626980227931	138.0	22	1.05	0.95				
	207	2	48.95325043859649	9.790650087719298	0.0	0.0	2	0.9893828243067936	-14.301019910296349	138.0	22	1.05	0.95				
	208	1	66.9680466	13.706910122807017	0.0	0.0	2	0.9983500781433308	-12.577623130855464	138.0	22	1.05	0.95				
	209	1	68.53455061403508	14.09853612631579	0.0	0.0	2	1.0232804424314619	-6.926879822335695	138.0	23	1.05	0.95				
	210	1	76.36707068421053	15.665040140350877	0.0	0.0	2	1.05	-7.835304798762668	138.0	23	1.05	0.95				
	211	1	0.0	0.0	0.0	0.0	2	1.0034794747991578	-4.471038031547189	230.0	23	1.05	0.95				
	212	1	0.0	0.0	0.0	0.0	2	1.009488697917126	-4.098338824158343	230.0	23	1.05	0.95				
	213	2	103.78089092982454	21.147804189473685	0.0	0.0	2	0.9975333044036183	-3.745453280756976	230.0	24	1.05	0.95				
	214	2	75.97544468070176	15.273414136842106	0.0	0.0	2	1.001478250628102	-2.062640569079857	230.0	26	1.05	0.95				
	215	2	124.14544311228069	25.064064224561406	0.0	0.0	2	1.026454365319556	3.790632334118041	230.0	26	1.05	0.95				
	216	2	39.16260035087719	7.8325200701754385	0.0	0.0	2	1.0275367197582497	3.6312158536447408	230.0	26	1.05	0.95				
	217	1	0.0	0.0	0.0	0.0	2	1.0334003184610367	6.192569440414248	230.0	27	1.05	0.95				
	218	2	130.41145916842106	26.630568238596492	0.0	0.0	2	1.0350819121743893	6.717566502463899	230.0	27	1.05	0.95				
	219	1	70.88430663508773	14.49016212982456	0.0	0.0	2	1.0282115124535338	2.6627601165948875	230.0	25	1.05	0.95				
	220	1	50.12812844912281	10.18227609122807	0.0	0.0	2	1.0313383963965177	2.58632744657826	230.0	25	1.05	0.95				
	221	2	0.0	0.0	0.0	0.0	2	1.0351005996193754	6.5000818085125065	230.0	27	1.05	0.95				
	222	2	0.0	0.0	0.0	0.0	2	1.05	12.876385579651561	230.0	27	1.05	0.95				
	223	2	0.0	0.0	0.0	0.0	2	1.0334146139881468	2.84265926702342	230.0	25	1.05	0.95				
	224	1	0.0	0.0	0.0	0.0	2	1.0123870213891657	0.3820815416175701	230.0	26	1.05	0.95				
	301	2	53.48750396210528	10.89560265894737	0.0	0.0	3	1.0067562564090848	-29.767791517029682	138.0	31	1.05	0.95				
	302	2	48.03970263263158	9.905093326315791	0.0	0.0	3	1.0062382808236923	-29.892460675441008	138.0	32	1.05	0.95				
	303	1	89.14583993684212	18.32442265368421	0.0	0.0	3	1.0227141596308884	-23.55580692211578	138.0	31	1.05	0.95				
	304	1	36.64884530736842	7.428819994736842	0.0	0.0	3	1.008402224765351	-28.229606439404968	138.0	31	1.05	0.95				
	305	1	35.16308130842105	6.933565328421054	0.0	0.0	3	1.021733603144087	-29.038998161532103	138.0	31	1.05	0.95				
	306	1	67.35463461894739	13.867130656842107	0.0	-100.0	3	1.0380232834292171	-29.204124744840925	138.0	32	1.05	0.95				
	307	2	61.90683328947368	12.381366657894738	0.0	0.0	3	0.9920351600330781	-34.78462134987879	138.0	32	1.05	0.95				
	308	1	84.68854794	17.333913321052634	0.0	0.0	3	0.9961918823711458	-32.494712751252244	138.0	32	1.05	0.95				
	309	1	86.66956660526317	17.82916798736842	0.0	0.0	3	1.0265273938691521	-24.84733784290341	138.0	33	1.05	0.95				
	310	1	96.57465993157895	19.810186652631582	0.0	0.0	3	1.05	-26.71896565890752	138.0	33	1.05	0.95				
	311	1	0.0	0.0	0.0	0.0	3	1.0135560070633047	-20.096216011317672	230.0	33	1.05	0.95				
	312	1	0.0	0.0	0.0	0.0	3	1.0147717683562634	-19.52780099845664	230.0	33	1.05	0.95				
	313	2	131.24248657368423	26.74375198105264	0.0	0.0	3	1.0184228739258683	-16.398093468567875	230.0	34	1.05	0.95				
	314	2	96.07940526526316	19.31493198631579	0.0	0.0	3	1.021211578794488	-17.633340598189267	230.0	36	1.05	0.95				
	315	2	156.99572922210527	31.69629864421053	0.0	0.0	3	1.0451624949182836	-11.717094232775562	230.0	36	1.05	0.95				
	316	2	49.52546663157895	9.905093326315791	0.0	0.0	3	1.0443745221682605	-11.218269862417854	230.0	36	1.05	0.95				
	317	1	0.0	0.0	0.0	0.0	3	1.0470924765964271	-9.010649498414518	230.0	37	1.05	0.95				
	318	2	164.91980388315793	33.67731730947369	0.0	0.0	3	1.0471581176958855	-8.518941724546831	230.0	37	1.05	0.95				
	319	1	89.6410946031579	18.32442265368421	0.0	0.0	3	1.0414527900636865	-12.12934416325607	230.0	35	1.05	0.95				
	320	1	63.39259728842106	12.876621324210527	0.0	0.0	3	1.0425408083267584	-11.98581590974844	230.0	35	1.05	0.95				
	321	2	0.0	0.0	0.0	0.0	3	1.049244940049563	-8.303434848748067	230.0	37	1.05	0.95				
	322	2	0.0	0.0	0.0	0.0	3	1.05	-4.238473728664532	230.0	37	1.05	0.95				
	323	2	0.0	0.0	0.0	0.0	3	1.0439809611768807	-11.539330625771923	230.0	35	1.05	0.95				
	324	1	0.0	0.0	0.0	0.0	3	1.0218875790160356	-16.103668075978298	230.0	36	1.05	0.95				
	325	1	0.0	0.0	0.0	0.0	3	1.0372460840528126	-9.927522345634399	230.0	35	1.05	0.95				
];
