%% MATPOWER Case Format : Version 2
function mpc = RTS_GMLC
mpc.version = '2';

%%-----  Power Flow Data  -----%%
%% system MVA base
mpc.baseMVA = 100.0;
%% bus data
%    bus_i    type    Pd    Qd    Gs    Bs    area    Vm    Va    baseKV    zone    Vmax    Vmin
mpc.bus = [
	101	2	41.08114796210526	8.368381992280701	0.0	0.0	1	1.0134538175454444	-1.4277753721769022	138.0	11	1.05	0.95				
	102	2	36.89695696596491	7.607619992982456	0.0	0.0	1	1.0118898854190566	-1.84275919220831	138.0	12	1.05	0.95				
	103	1	68.4685799368421	14.074096987017542	0.0	0.0	1	1.0265494382225586	1.6576978333381056	138.0	11	1.05	0.95				
	104	1	28.148193974035085	5.705714994736842	0.0	0.0	1	1.0145600361236085	-2.725827723818932	138.0	11	1.05	0.95				
	105	1	27.007050975087722	5.32533399508772	0.0	0.0	1	1.0269607612865579	-3.317504500259069	138.0	11	1.05	0.95				
	106	1	51.731815952280705	10.65066799017544	0.0	-100.0	1	1.0423931542056097	-4.85807344843867	138.0	12	1.05	0.95				
	107	2	47.547624956140346	9.509524991228071	0.0	0.0	1	0.9990109173104288	-11.038991794417468	138.0	12	1.05	0.95				
	108	1	65.04515094	13.313334987719298	0.0	0.0	1	1.0039894926110928	-8.879253869237896	138.0	12	1.05	0.95				
	109	1	66.56667493859649	13.69371598736842	0.0	0.0	1	1.0244583323360164	-2.3968596830624134	138.0	13	1.05	0.95				
	110	1	74.17429493157894	15.215239985964912	0.0	0.0	1	1.05	-3.980539592627148	138.0	13	1.05	0.95				
	111	1	0.0	0.0	0.0	0.0	1	1.0072837383392539	0.22331175757439664	230.0	13	1.05	0.95				
	112	1	0.0	0.0	0.0	0.0	1	1.0104250395832788	-0.9294226231348869	230.0	13	1.05	0.95				
	113	3	100.80096490701753	20.54057398105263	0.0	0.0	1	0.9993243704900466	1.4894689858656408e-30	230.0	14	1.05	0.95				
	114	2	73.79391393192982	14.83485898631579	0.0	0.0	1	1.0127599412587547	3.9154989884839098	230.0	16	1.05	0.95				
	115	2	120.58077688877194	24.34438397754386	0.0	0.0	1	1.0405330211666335	13.174165131128056	230.0	16	1.05	0.95				
	116	2	38.038099964912284	7.607619992982456	0.0	0.0	1	1.0342701958462885	11.357594313021831	230.0	16	1.05	0.95				
	117	1	0.0	0.0	0.0	0.0	1	1.0392921627565412	17.22915849593714	230.0	17	1.05	0.95				
	118	2	126.6668728831579	25.865907976140353	0.0	0.0	1	1.05	17.880158167235873	230.0	17	1.05	0.95				
	119	1	68.84896093649124	14.074096987017542	0.0	0.0	1	1.0242612176494463	7.04023766522946	230.0	15	1.05	0.95				
	120	1	48.68876795508772	9.889905990877192	0.0	0.0	1	1.0221450864885888	3.9930959477939765	230.0	15	1.05	0.95				
	121	2	0.0	0.0	0.0	0.0	1	1.05	19.421500877836923	230.0	17	1.05	0.95				
	122	2	0.0	0.0	0.0	0.0	1	1.05	36.09610103781994	230.0	17	1.05	0.95				
	123	2	0.0	0.0	0.0	0.0	1	1.0220688305668169	2.608796170393186	230.0	15	1.05	0.95				
	124	1	0.0	0.0	0.0	0.0	1	1.0209039262263362	8.873284450647022	230.0	16	1.05	0.95				
	201	2	38.69164174736843	7.88163072631579	0.0	0.0	2	1.0125763430913879	-16.725831693977398	138.0	21	1.05	0.95				
	202	2	34.75082638421053	7.165118842105264	0.0	0.0	2	1.0116402811417786	-17.02511919616858	138.0	22	1.05	0.95				
	203	1	64.48606957894737	13.255469857894738	0.0	0.0	2	1.0160972595166535	-12.46442311379006	138.0	21	1.05	0.95				
	204	1	26.510939715789476	5.373839131578947	0.0	0.0	2	1.012170555917883	-16.84877811645773	138.0	21	1.05	0.95				
	205	1	25.436171889473684	5.015583189473685	0.0	0.0	2	1.0270523046159126	-17.30238719134777	138.0	21	1.05	0.95				
	206	1	48.7228081263158	10.03116637894737	0.0	-100.0	2	1.0433327683668265	-18.09714765495487	138.0	22	1.05	0.95				
	207	2	44.781992763157895	8.95639855263158	0.0	0.0	2	0.9945996586929242	-22.284415384424168	138.0	22	1.05	0.95				
	208	1	61.2617661	12.538957973684212	0.0	0.0	2	1.0024505982134684	-20.718505402895318	138.0	22	1.05	0.95				
	209	1	62.694789868421054	12.897213915789473	0.0	0.0	2	1.0223555663353239	-15.211924136787106	138.0	23	1.05	0.95				
	210	1	69.85990871052633	14.330237684210529	0.0	0.0	2	1.05	-16.722048823133225	138.0	23	1.05	0.95				
	211	1	0.0	0.0	0.0	0.0	2	1.0040808883370886	-12.64672305184345	230.0	23	1.05	0.95				
	212	1	0.0	0.0	0.0	0.0	2	1.0077663596647384	-12.322603922951368	230.0	23	1.05	0.95				
	213	2	94.93782465789474	19.345820873684215	0.0	0.0	2	0.9976873035133643	-11.767810780715276	230.0	24	1.05	0.95				
	214	2	69.50165276842105	13.971981742105264	0.0	0.0	2	1.0049372050761636	-9.9685375915782	230.0	26	1.05	0.95				
	215	2	113.56713364736844	22.928380294736844	0.0	0.0	2	1.0240297285647504	-2.893620487529885	230.0	26	1.05	0.95				
	216	2	35.82559421052632	7.165118842105264	0.0	0.0	2	1.024299822096317	-4.04566554582159	230.0	26	1.05	0.95				
	217	1	0.0	0.0	0.0	0.0	2	1.028906737461952	-1.6311139733027937	230.0	27	1.05	0.95				
	218	2	119.29922872105266	24.3614040631579	0.0	0.0	2	1.028888624332357	-2.001060603640334	230.0	27	1.05	0.95				
	219	1	64.84432552105264	13.255469857894738	0.0	0.0	2	1.024624230259041	-4.9923368812894315	230.0	25	1.05	0.95				
	220	1	45.85676058947369	9.314654494736843	0.0	0.0	2	1.0270749809532056	-5.109169645230567	230.0	25	1.05	0.95				
	221	2	0.0	0.0	0.0	0.0	2	1.0305206368968207	-1.502622019580339	230.0	27	1.05	0.95				
	222	2	0.0	0.0	0.0	0.0	2	1.049999997468994	4.939276052334818	230.0	27	1.05	0.95				
	223	2	0.0	0.0	0.0	0.0	2	1.0286300453844277	-4.897051630682631	230.0	25	1.05	0.95				
	224	1	0.0	0.0	0.0	0.0	2	1.009268665313485	-6.486111477198007	230.0	26	1.05	0.95				
	301	2	44.9971528168421	9.166086684912282	0.0	0.0	3	1.011099370204982	4.944992574593206	138.0	31	1.05	0.95				
	302	2	40.41410947438596	8.332806077192984	0.0	0.0	3	1.0106977405660524	4.625144258260863	138.0	32	1.05	0.95				
	303	1	74.99525469473684	15.415691242807018	0.0	0.0	3	1.0499999916423683	16.93816014406046	138.0	31	1.05	0.95				
	304	1	30.831382485614036	6.249604557894736	0.0	0.0	3	1.0113305951962255	5.547090617681031	138.0	31	1.05	0.95				
	305	1	29.581461574035085	5.832964254035089	0.0	0.0	3	1.025466768967948	3.9776915331708613	138.0	31	1.05	0.95				
	306	1	56.66308132491228	11.665928508070177	0.0	-100.0	3	1.041366442493367	2.925950210772243	138.0	32	1.05	0.95				
	307	2	52.08003798245614	10.416007596491228	0.0	0.0	3	0.9869345626609637	-1.2155567093325073	138.0	32	1.05	0.95				
	308	1	71.24549196	14.582410635087717	0.0	0.0	3	0.995964471145215	0.635542960604231	138.0	32	1.05	0.95				
	309	1	72.9120531754386	14.999050938947367	0.0	0.0	3	1.0243046541640954	8.020244859012921	138.0	33	1.05	0.95				
	310	1	81.24485925263157	16.66561215438597	0.0	0.0	3	1.05	4.354915949188216	138.0	33	1.05	0.95				
	311	1	0.0	0.0	0.0	0.0	3	1.0078851719542181	8.144007135718441	230.0	33	1.05	0.95				
	312	1	0.0	0.0	0.0	0.0	3	1.0128820339407407	8.267311660860722	230.0	33	1.05	0.95				
	313	2	110.40968052280702	22.49857640842105	0.0	0.0	3	1.0060680026031015	8.672963137392234	230.0	34	1.05	0.95				
	314	2	80.82821894877192	16.248971850526317	0.0	0.0	3	1.003860384886207	9.75473113470266	230.0	36	1.05	0.95				
	315	2	132.07497632350876	26.664979447017544	0.0	0.0	3	1.0418006074511612	13.078481255862009	230.0	36	1.05	0.95				
	316	2	41.664030385964914	8.332806077192984	0.0	0.0	3	1.0346191582134259	12.903280366185186	230.0	36	1.05	0.95				
	317	1	0.0	0.0	0.0	0.0	3	1.05	16.75707946844183	230.0	37	1.05	0.95				
	318	2	138.74122118526316	28.33154066245614	0.0	0.0	3	1.0475582306573321	13.712255921244788	230.0	37	1.05	0.95				
	319	1	75.4118949985965	15.415691242807018	0.0	0.0	3	1.0272438834479347	12.140487207153425	230.0	35	1.05	0.95				
	320	1	53.32995889403509	10.832647900350878	0.0	0.0	3	1.0224587401246295	11.76031358969709	230.0	35	1.05	0.95				
	321	2	0.0	0.0	0.0	0.0	3	1.0463247460799658	14.156269756742642	230.0	37	1.05	0.95				
	322	2	0.0	0.0	0.0	0.0	3	1.05	19.520534341772034	230.0	37	1.05	0.95				
	323	2	0.0	0.0	0.0	0.0	3	1.0201031074308424	11.798201131266467	230.0	35	1.05	0.95				
	324	1	0.0	0.0	0.0	0.0	3	1.0429077497146877	15.075182601588772	230.0	36	1.05	0.95				
	325	1	0.0	0.0	0.0	0.0	3	1.0214334169323636	12.464259497719592	230.0	35	1.05	0.95				
];
