%% MATPOWER Case Format : Version 2
function mpc = RTS_GMLC
mpc.version = '2';

%%-----  Power Flow Data  -----%%
%% system MVA base
mpc.baseMVA = 100.0;
%% bus data
%    bus_i    type    Pd    Qd    Gs    Bs    area    Vm    Va    baseKV    zone    Vmax    Vmin
mpc.bus = [
	101	2	46.184562113684215	9.407966356491228	0.0	0.0	1	1.035868991571612	2.40220117860379	138.0	11	1.05	0.95				
	102	2	41.480578935438594	8.552696687719298	0.0	0.0	1	1.0354613113005249	2.2713583071959365	138.0	12	1.05	0.95				
	103	1	76.97427018947369	15.822488872280701	0.0	0.0	1	1.0292641823677298	-0.10087143456734542	138.0	11	1.05	0.95				
	104	1	31.644977744561402	6.414522515789472	0.0	0.0	1	1.0224569627665119	-1.090258088584155	138.0	11	1.05	0.95				
	105	1	30.362073241403504	5.986887681403509	0.0	0.0	1	1.0369988863825153	-0.8280118748095134	138.0	11	1.05	0.95				
	106	1	58.158337476491226	11.973775362807018	0.0	-100.0	1	1.045912029197084	-3.0782370602132683	138.0	12	1.05	0.95				
	107	2	53.45435429824561	10.690870859649122	0.0	0.0	1	1.0008797022736844	-7.835384372120817	138.0	12	1.05	0.95				
	108	1	73.12555667999999	14.967219203508769	0.0	0.0	1	1.0050710563454985	-6.887521445156738	138.0	12	1.05	0.95				
	109	1	74.83609601754385	15.394854037894737	0.0	0.0	1	1.0250271263359965	-2.117157872693436	138.0	13	1.05	0.95				
	110	1	83.38879270526314	17.105393375438595	0.0	0.0	1	1.05	-2.7641767302052918	138.0	13	1.05	0.95				
	111	1	0.0	0.0	0.0	0.0	1	1.0035026414986805	-0.4695017020015032	230.0	13	1.05	0.95				
	112	1	0.0	0.0	0.0	0.0	1	1.008591354451059	0.09203887946748564	230.0	13	1.05	0.95				
	113	3	113.32323111228068	23.092281056842108	0.0	0.0	1	0.9955899883954743	1.7726391828033357e-31	230.0	14	1.05	0.95				
	114	2	82.96115787087719	16.677758541052633	0.0	0.0	1	0.9995701802351413	1.221375671580822	230.0	16	1.05	0.95				
	115	2	135.56024250035085	27.368629400701757	0.0	0.0	1	1.0388379041905658	6.224696661392772	230.0	16	1.05	0.95				
	116	2	42.76348343859649	8.552696687719298	0.0	0.0	1	1.0341780894971415	6.070929922983044	230.0	16	1.05	0.95				
	117	1	0.0	0.0	0.0	0.0	1	1.0425678622679688	7.459454577028044	230.0	17	1.05	0.95				
	118	2	142.4023998505263	29.079168738245613	0.0	0.0	1	1.0452668115443446	7.288740755110226	230.0	17	1.05	0.95				
	119	1	77.40190502385965	15.822488872280701	0.0	0.0	1	1.0278019178919764	5.469800604114793	230.0	15	1.05	0.95				
	120	1	54.73725880140351	11.118505694035088	0.0	0.0	1	1.0251277224209265	5.776945431099245	230.0	15	1.05	0.95				
	121	2	0.0	0.0	0.0	0.0	1	1.0499999948609928	8.102051983468174	230.0	17	1.05	0.95				
	122	2	0.0	0.0	0.0	0.0	1	1.05	14.36039497375941	230.0	17	1.05	0.95				
	123	2	0.0	0.0	0.0	0.0	1	1.024275422517622	6.278161903796834	230.0	15	1.05	0.95				
	124	1	0.0	0.0	0.0	0.0	1	1.0267042573735068	3.8609664762337736	230.0	16	1.05	0.95				
	201	2	47.03856445894737	9.58192979719298	0.0	0.0	2	1.0307784197360523	-4.82413202692501	138.0	21	1.05	0.95				
	202	2	42.24759956035087	8.710845270175438	0.0	0.0	2	1.0312016125838854	-4.7659260717445795	138.0	22	1.05	0.95				
	203	1	78.39760743157895	16.11506374982456	0.0	0.0	2	1.0191619779235839	-5.5510336768445745	138.0	21	1.05	0.95				
	204	1	32.23012749964912	6.533133952631578	0.0	0.0	2	1.019805647057056	-7.143340711095625	138.0	21	1.05	0.95				
	205	1	30.923500709122802	6.097591689122807	0.0	0.0	2	1.0348791452273056	-7.175947366494133	138.0	21	1.05	0.95				
	206	1	59.233747837192986	12.195183378245614	0.0	-100.0	2	1.0452054359384177	-8.905227543882281	138.0	22	1.05	0.95				
	207	2	54.44278293859649	10.888556587719297	0.0	0.0	2	0.9894991153941171	-15.550949742375575	138.0	22	1.05	0.95				
	208	1	74.47772705999999	15.243979222807017	0.0	0.0	2	0.9965817356318585	-13.586194567501337	138.0	22	1.05	0.95				
	209	1	76.21989611403508	15.679521486315787	0.0	0.0	2	1.023120586036728	-7.313410667055695	138.0	23	1.05	0.95				
	210	1	84.93074138421052	17.421690540350877	0.0	0.0	2	1.05	-8.17626381733828	138.0	23	1.05	0.95				
	211	1	0.0	0.0	0.0	0.0	2	1.0047397149639663	-4.735273435997526	230.0	23	1.05	0.95				
	212	1	0.0	0.0	0.0	0.0	2	1.0091696439795286	-4.239753357756636	230.0	23	1.05	0.95				
	213	2	115.41869982982456	23.519282229473685	0.0	0.0	2	0.9981207762281396	-3.933219834525322	230.0	24	1.05	0.95				
	214	2	84.49519912070174	16.986148276842105	0.0	0.0	2	1.00495499081551	-2.3096245241728526	230.0	26	1.05	0.95				
	215	2	138.0668975322807	27.8747048645614	0.0	0.0	2	1.0273599173901249	3.72083991402953	230.0	26	1.05	0.95				
	216	2	43.55422635087719	8.710845270175438	0.0	0.0	2	1.0286549116213424	3.713937310244718	230.0	26	1.05	0.95				
	217	1	0.0	0.0	0.0	0.0	2	1.03417961730384	6.183114974385145	230.0	27	1.05	0.95				
	218	2	145.03557374842103	29.616873918596493	0.0	0.0	2	1.0355679859454723	6.614373810546183	230.0	27	1.05	0.95				
	219	1	78.83314969508771	16.11506374982456	0.0	0.0	2	1.0284706945695554	2.836356220840811	230.0	25	1.05	0.95				
	220	1	55.7494097291228	11.324098851228069	0.0	0.0	2	1.0313286531058932	2.921029998664595	230.0	25	1.05	0.95				
	221	2	0.0	0.0	0.0	0.0	2	1.0356560146880724	6.411621528434193	230.0	27	1.05	0.95				
	222	2	0.0	0.0	0.0	0.0	2	1.05	12.819600007622428	230.0	27	1.05	0.95				
	223	2	0.0	0.0	0.0	0.0	2	1.0334902702198263	3.298048395214991	230.0	25	1.05	0.95				
	224	1	0.0	0.0	0.0	0.0	2	1.0128041650538875	0.24187886019075142	230.0	26	1.05	0.95				
	301	2	50.49794368421053	10.286618157894738	0.0	0.0	3	1.0075968536136926	-25.605865239465157	138.0	31	1.05	0.95				
	302	2	45.35463460526316	9.35147105263158	0.0	0.0	3	1.0070924548381919	-25.723977490555445	138.0	32	1.05	0.95				
	303	1	84.16323947368421	17.300221447368422	0.0	0.0	3	1.0227479500754835	-19.735520523157877	138.0	31	1.05	0.95				
	304	1	34.600442894736844	7.013603289473684	0.0	0.0	3	1.009245186712878	-24.164603030250426	138.0	31	1.05	0.95				
	305	1	33.197722236842104	6.546029736842105	0.0	0.0	3	1.0226075686259772	-24.934114403599533	138.0	31	1.05	0.95				
	306	1	63.59000315789475	13.09205947368421	0.0	-100.0	3	1.0390608211365076	-25.106313074626385	138.0	32	1.05	0.95				
	307	2	58.44669407894737	11.689338815789474	0.0	0.0	3	0.9931881564692191	-30.31997825693747	138.0	32	1.05	0.95				
	308	1	79.9550775	16.365074342105263	0.0	0.0	3	0.9979815466929618	-28.178471609156908	138.0	32	1.05	0.95				
	309	1	81.82537171052631	16.83264789473684	0.0	0.0	3	1.0261266298838105	-20.97662095712486	138.0	33	1.05	0.95				
	310	1	91.1768427631579	18.70294210526316	0.0	0.0	3	1.05	-22.75913988774202	138.0	33	1.05	0.95				
	311	1	0.0	0.0	0.0	0.0	3	1.0113028420289931	-16.46080699125815	230.0	33	1.05	0.95				
	312	1	0.0	0.0	0.0	0.0	3	1.0127621812179184	-15.994438851388649	230.0	33	1.05	0.95				
	313	2	123.90699144736843	25.248971842105266	0.0	0.0	3	1.014258264715252	-12.889462359725272	230.0	34	1.05	0.95				
	314	2	90.70926921052632	18.23536855263158	0.0	0.0	3	1.0173586819085323	-14.131334311626246	230.0	36	1.05	0.95				
	315	2	148.22081618421052	29.924707368421053	0.0	0.0	3	1.0415803133831967	-8.494196430380082	230.0	36	1.05	0.95				
	316	2	46.7573552631579	9.35147105263158	0.0	0.0	3	1.0403269849969563	-8.060622277869145	230.0	36	1.05	0.95				
	317	1	0.0	0.0	0.0	0.0	3	1.0437906740396228	-6.043404589974713	230.0	37	1.05	0.95				
	318	2	155.7019930263158	31.795001578947375	0.0	0.0	3	1.0439031261339105	-5.594001574284062	230.0	37	1.05	0.95				
	319	1	84.63081302631579	17.300221447368422	0.0	0.0	3	1.0364016921620085	-9.07887819695183	230.0	35	1.05	0.95				
	320	1	59.84941473684211	12.156912368421054	0.0	0.0	3	1.0363711556290327	-9.072774352260373	230.0	35	1.05	0.95				
	321	2	0.0	0.0	0.0	0.0	3	1.0464040926439242	-5.190806556934867	230.0	37	1.05	0.95				
	322	2	0.0	0.0	0.0	0.0	3	1.05	-1.1921679409104518	230.0	37	1.05	0.95				
	323	2	0.0	0.0	0.0	0.0	3	1.0370609572411	-8.717085418621354	230.0	35	1.05	0.95				
	324	1	0.0	0.0	0.0	0.0	3	1.0204863424636064	-12.67235677521202	230.0	36	1.05	0.95				
	325	1	0.0	0.0	0.0	0.0	3	1.0326681580821144	-7.319978952606481	230.0	35	1.05	0.95				
];
