%% MATPOWER Case Format : Version 2
function mpc = RTS_GMLC
mpc.version = '2';

%%-----  Power Flow Data  -----%%
%% system MVA base
mpc.baseMVA = 100.0;
%% bus data
%    bus_i    type    Pd    Qd    Gs    Bs    area    Vm    Va    baseKV    zone    Vmax    Vmin
mpc.bus = [
	101	2	53.2518555031579	10.847600195087718	0.0	0.0	1	1.0130351409939395	1.0415236068075813	138.0	11	1.05	0.95				
	102	2	47.82805540561404	9.861454722807018	0.0	0.0	1	1.0121615621444344	0.7052998182170604	138.0	12	1.05	0.95				
	103	1	88.75309250526315	18.243691237192984	0.0	0.0	1	1.020174743931994	1.8874955195203487	138.0	11	1.05	0.95				
	104	1	36.48738247438597	7.396091042105263	0.0	0.0	1	1.0107676265325394	-2.2788690688252524	138.0	11	1.05	0.95				
	105	1	35.00816426596491	6.903018305964912	0.0	0.0	1	1.0244115513802685	-2.301034764339944	138.0	11	1.05	0.95				
	106	1	67.05789211508772	13.806036611929825	0.0	-100.0	1	1.038407857562717	-4.685307241925995	138.0	12	1.05	0.95				
	107	2	61.634092017543864	12.32681840350877	0.0	0.0	1	0.9877255181217535	-12.086871779765666	138.0	12	1.05	0.95				
	108	1	84.31543788	17.25754576491228	0.0	0.0	1	0.9935951651765849	-9.907299099361449	138.0	12	1.05	0.95				
	109	1	86.2877288245614	17.75061850105263	0.0	0.0	1	1.0248793358214843	-2.6553883746616895	138.0	13	1.05	0.95				
	110	1	96.14918354736841	19.722909445614036	0.0	0.0	1	1.05	-4.055286920048686	138.0	13	1.05	0.95				
	111	1	0.0	0.0	0.0	0.0	1	1.0223410151844194	0.17294445919459292	230.0	13	1.05	0.95				
	112	1	0.0	0.0	0.0	0.0	1	1.0170734946232896	-0.8531147279680712	230.0	13	1.05	0.95				
	113	3	130.66427507719297	26.62592775157895	0.0	0.0	1	1.0062182562725692	3.97957618576007e-29	230.0	14	1.05	0.95				
	114	2	95.65611081122807	19.229836709473684	0.0	0.0	1	1.0499999921487881	3.7293323051759497	230.0	16	1.05	0.95				
	115	2	156.30405735649123	31.556655112982458	0.0	0.0	1	1.0358182712631376	14.062116671904043	230.0	16	1.05	0.95				
	116	2	49.30727361403508	9.861454722807018	0.0	0.0	1	1.0374623221252794	12.015024572347846	230.0	16	1.05	0.95				
	117	1	0.0	0.0	0.0	0.0	1	1.0354300513993127	18.5408484878419	230.0	17	1.05	0.95				
	118	2	164.19322113473683	33.52894605754386	0.0	0.0	1	1.0442306224555762	19.32283131141974	230.0	17	1.05	0.95				
	119	1	89.2461652414035	18.243691237192984	0.0	0.0	1	1.0346960577992577	7.468485123729068	230.0	15	1.05	0.95				
	120	1	63.113310225964916	12.819891139649123	0.0	0.0	1	1.0403910929066136	4.472804571623352	230.0	15	1.05	0.95				
	121	2	0.0	0.0	0.0	0.0	1	1.0396223870923709	21.28066093928142	230.0	17	1.05	0.95				
	122	2	0.0	0.0	0.0	0.0	1	1.05	39.27143859095726	230.0	17	1.05	0.95				
	123	2	0.0	0.0	0.0	0.0	1	1.0450189555896803	3.204180369402107	230.0	15	1.05	0.95				
	124	1	0.0	0.0	0.0	0.0	1	1.0147618033928307	9.52195584797002	230.0	16	1.05	0.95				
	201	2	50.42153311578947	10.271053042105263	0.0	0.0	2	1.00838807114202	-16.762370360832062	138.0	21	1.05	0.95				
	202	2	45.28600659473684	9.337320947368422	0.0	0.0	2	1.0076218934010805	-17.0577756191463	138.0	22	1.05	0.95				
	203	1	84.03588852631579	17.274043752631577	0.0	0.0	2	1.0122426854643163	-12.218381795645204	138.0	21	1.05	0.95				
	204	1	34.548087505263155	7.002990710526315	0.0	0.0	2	1.0087053425791042	-16.39997458486542	138.0	21	1.05	0.95				
	205	1	33.14748936315789	6.536124663157896	0.0	0.0	2	1.023302659098065	-16.908850436275884	138.0	21	1.05	0.95				
	206	1	63.493782442105264	13.072249326315792	0.0	-100.0	2	1.0392594418032037	-17.556691163921705	138.0	22	1.05	0.95				
	207	2	58.358255921052624	11.671651184210525	0.0	0.0	2	0.9910529339655	-23.19274596930962	138.0	22	1.05	0.95				
	208	1	79.8340941	16.340311657894734	0.0	0.0	2	0.9962694180494528	-21.05256615547058	138.0	22	1.05	0.95				
	209	1	81.70155828947368	16.807177705263157	0.0	0.0	2	1.0238091729927983	-13.933331137837838	138.0	23	1.05	0.95				
	210	1	91.03887923684209	18.674641894736844	0.0	0.0	2	1.05	-15.550968662998736	138.0	23	1.05	0.95				
	211	1	0.0	0.0	0.0	0.0	2	1.0122353656785341	-10.293902229244035	230.0	23	1.05	0.95				
	212	1	0.0	0.0	0.0	0.0	2	1.0135554852493012	-8.961723695351452	230.0	23	1.05	0.95				
	213	2	123.71950255263158	25.210766557894736	0.0	0.0	2	1.015831656602529	-8.215163357762755	230.0	24	1.05	0.95				
	214	2	90.57201318947368	18.20777584736842	0.0	0.0	2	1.015661460142205	-7.627471178090824	230.0	26	1.05	0.95				
	215	2	147.99653701578944	29.87942703157895	0.0	0.0	2	1.031872881037449	-1.1665922300485019	230.0	26	1.05	0.95				
	216	2	46.6866047368421	9.337320947368422	0.0	0.0	2	1.0351804819234425	-1.0621448501848603	230.0	26	1.05	0.95				
	217	1	0.0	0.0	0.0	0.0	2	1.0390724268937086	0.36144204101614574	230.0	27	1.05	0.95				
	218	2	155.46639377368422	31.746891221052632	0.0	0.0	2	1.036748880597668	-0.25693417945895747	230.0	27	1.05	0.95				
	219	1	84.5027545736842	17.274043752631577	0.0	0.0	2	1.0385773820426847	-0.20767711591520635	230.0	25	1.05	0.95				
	220	1	59.7588540631579	12.138517231578946	0.0	0.0	2	1.0451034011093747	1.413484774792827	230.0	25	1.05	0.95				
	221	2	0.0	0.0	0.0	0.0	2	1.0374148677171013	0.24248945752019244	230.0	27	1.05	0.95				
	222	2	0.0	0.0	0.0	0.0	2	1.05	6.790102145623723	230.0	27	1.05	0.95				
	223	2	0.0	0.0	0.0	0.0	2	1.05	2.639047499503132	230.0	25	1.05	0.95				
	224	1	0.0	0.0	0.0	0.0	2	1.0108529533718995	-5.269950614038505	230.0	26	1.05	0.95				
	301	2	48.909205932631586	9.962986393684211	0.0	0.0	3	1.024264779755702	14.276913749436433	138.0	31	1.05	0.95				
	302	2	43.92771273578948	9.057260357894737	0.0	0.0	3	1.021472189447745	13.923244104293559	138.0	32	1.05	0.95				
	303	1	81.51534322105263	16.755931662105265	0.0	0.0	3	1.05	29.09181926606141	138.0	31	1.05	0.95				
	304	1	33.51186332421053	6.792945268421052	0.0	0.0	3	1.010390476598147	15.046057697649875	138.0	31	1.05	0.95				
	305	1	32.15327427052632	6.340082250526318	0.0	0.0	3	1.028735660422913	13.045886271074988	138.0	31	1.05	0.95				
	306	1	61.58937043368422	12.680164501052635	0.0	-100.0	3	1.0382763919437867	11.804984385496818	138.0	32	1.05	0.95				
	307	2	56.60787723684211	11.321575447368422	0.0	0.0	3	0.95	10.66299036785071	138.0	32	1.05	0.95				
	308	1	77.43957606000001	15.85020562631579	0.0	0.0	3	0.9711128223485876	11.253737305405208	138.0	32	1.05	0.95				
	309	1	79.25102813157895	16.303068644210526	0.0	0.0	3	1.0153904852846458	17.863644533253456	138.0	33	1.05	0.95				
	310	1	88.30828848947368	18.114520715789475	0.0	0.0	3	1.044049581531611	13.256380842359167	138.0	33	1.05	0.95				
	311	1	0.0	0.0	0.0	0.0	3	1.0033882378022627	17.1543507880386	230.0	33	1.05	0.95				
	312	1	0.0	0.0	0.0	0.0	3	1.008984221870095	17.502442211468047	230.0	33	1.05	0.95				
	313	2	120.00869974210526	24.454602966315793	0.0	0.0	3	1.0060977099396866	19.334368100043783	230.0	34	1.05	0.95				
	314	2	87.85542547157895	17.66165769789474	0.0	0.0	3	0.9980369266866052	16.934630762937555	230.0	36	1.05	0.95				
	315	2	143.55757667263157	28.98323314526316	0.0	0.0	3	1.0474441093679918	19.706810959828385	230.0	36	1.05	0.95				
	316	2	45.28630178947369	9.057260357894737	0.0	0.0	3	1.031049206448615	19.343408173509655	230.0	36	1.05	0.95				
	317	1	0.0	0.0	0.0	0.0	3	1.05	22.919215193376832	230.0	37	1.05	0.95				
	318	2	150.8033849589474	30.79468521684211	0.0	0.0	3	1.0499264105135566	20.014892748435553	230.0	37	1.05	0.95				
	319	1	81.96820623894737	16.755931662105265	0.0	0.0	3	1.0224335720939226	18.236371632439795	230.0	35	1.05	0.95				
	320	1	57.96646629052632	11.77443846526316	0.0	0.0	3	1.0182914332263289	18.154791466472386	230.0	35	1.05	0.95				
	321	2	0.0	0.0	0.0	0.0	3	1.05	20.554051590195456	230.0	37	1.05	0.95				
	322	2	0.0	0.0	0.0	0.0	3	1.05	25.830479772270618	230.0	37	1.05	0.95				
	323	2	0.0	0.0	0.0	0.0	3	1.0166974541873284	18.46525452894366	230.0	35	1.05	0.95				
	324	1	0.0	0.0	0.0	0.0	3	1.0454348185352544	23.295393421096442	230.0	36	1.05	0.95				
	325	1	0.0	0.0	0.0	0.0	3	1.0188920819574496	18.717258542242035	230.0	35	1.05	0.95				
];
