%% MATPOWER Case Format : Version 2
function mpc = RTS_GMLC
mpc.version = '2';

%%-----  Power Flow Data  -----%%
%% system MVA base
mpc.baseMVA = 100.0;
%% bus data
%    bus_i    type    Pd    Qd    Gs    Bs    area    Vm    Va    baseKV    zone    Vmax    Vmin
mpc.bus = [
	101	2	38.34240476210526	7.810489858947369	0.0	0.0	1	1.0097081592391817	-3.055963860740763	138.0	11	1.05	0.95				
	102	2	34.43715983263158	7.100445326315789	0.0	0.0	1	1.0083557883799483	-3.4269905586225287	138.0	12	1.05	0.95				
	103	1	63.90400793684211	13.135823853684212	0.0	0.0	1	1.0225843683780411	2.6330413661779533	138.0	11	1.05	0.95				
	104	1	26.271647707368423	5.325333994736843	0.0	0.0	1	1.0109470232025446	-3.547983188777837	138.0	11	1.05	0.95				
	105	1	25.20658090842105	4.970311728421054	0.0	0.0	1	1.0256024268706663	-4.1210951407885945	138.0	11	1.05	0.95				
	106	1	48.28302821894737	9.940623456842108	0.0	-100.0	1	1.0425245024227143	-5.190447952047988	138.0	12	1.05	0.95				
	107	2	44.37778328947368	8.875556657894737	0.0	0.0	1	0.999121410793419	-11.297186607212716	138.0	12	1.05	0.95				
	108	1	60.708807539999995	12.42577932105263	0.0	0.0	1	1.0041744813615612	-8.909012845774562	138.0	12	1.05	0.95				
	109	1	62.128896605263165	12.78080158736842	0.0	0.0	1	1.0226052142160966	-2.163514072202223	138.0	13	1.05	0.95				
	110	1	69.22934193157894	14.200890652631578	0.0	0.0	1	1.05	-4.034644269618527	138.0	13	1.05	0.95				
	111	1	0.0	0.0	0.0	0.0	1	1.0058015424889437	0.7838871312084859	230.0	13	1.05	0.95				
	112	1	0.0	0.0	0.0	0.0	1	1.0088654644269197	-0.7276124912405348	230.0	13	1.05	0.95				
	113	3	94.08090057368422	19.17120238105263	0.0	0.0	1	0.9991884243292224	2.2174353994650938e-29	230.0	14	1.05	0.95				
	114	2	68.87431966526316	13.845868386315791	0.0	0.0	1	1.0121473865171546	5.436519642549864	230.0	16	1.05	0.95				
	115	2	112.54205842210527	22.721425044210527	0.0	0.0	1	1.0362430010470138	16.320400580094557	230.0	16	1.05	0.95				
	116	2	35.50222663157895	7.100445326315789	0.0	0.0	1	1.0292404532229862	14.12110729614269	230.0	16	1.05	0.95				
	117	1	0.0	0.0	0.0	0.0	1	1.0365104078181833	20.75203346448498	230.0	17	1.05	0.95				
	118	2	118.22241468315791	24.141514109473686	0.0	0.0	1	1.0499999922119403	21.641985284329657	230.0	17	1.05	0.95				
	119	1	64.25903020315789	13.135823853684212	0.0	0.0	1	1.0182836339404053	9.043072491953811	230.0	15	1.05	0.95				
	120	1	45.442850088421054	9.230578924210526	0.0	0.0	1	1.016849439947253	5.286438677419597	230.0	15	1.05	0.95				
	121	2	0.0	0.0	0.0	0.0	1	1.049999989840995	23.362491885443603	230.0	17	1.05	0.95				
	122	2	0.0	0.0	0.0	0.0	1	1.05	40.749206738724595	230.0	17	1.05	0.95				
	123	2	0.0	0.0	0.0	0.0	1	1.017576177310447	3.497099320532474	230.0	15	1.05	0.95				
	124	1	0.0	0.0	0.0	0.0	1	1.013788483531528	11.205237200974643	230.0	16	1.05	0.95				
	201	2	42.85660316210527	8.730048792280703	0.0	0.0	2	1.0072692303205135	-18.30999683480241	138.0	21	1.05	0.95				
	202	2	38.49157876596492	7.936407992982458	0.0	0.0	2	1.0064335918460892	-18.622334935348853	138.0	22	1.05	0.95				
	203	1	71.42767193684212	14.682354787017546	0.0	0.0	2	1.0136817309690205	-13.584938685122008	138.0	21	1.05	0.95				
	204	1	29.364709574035093	5.952305994736842	0.0	0.0	2	1.0092464744878502	-18.337068242678335	138.0	21	1.05	0.95				
	205	1	28.174248375087725	5.55548559508772	0.0	0.0	2	1.023787802719463	-18.841944696202873	138.0	21	1.05	0.95				
	206	1	53.967574352280714	11.11097119017544	0.0	-100.0	2	1.0409640690547501	-19.645055107180948	138.0	22	1.05	0.95				
	207	2	49.60254995614036	9.920509991228071	0.0	0.0	2	0.989917233086224	-24.311774756018814	138.0	22	1.05	0.95				
	208	1	67.85628834	13.888713987719298	0.0	0.0	2	0.9983213903777621	-22.556036227360096	138.0	22	1.05	0.95				
	209	1	69.44356993859651	14.285534387368424	0.0	0.0	2	1.0228473862669891	-16.453725292887412	138.0	23	1.05	0.95				
	210	1	77.37997793157896	15.872815985964916	0.0	0.0	2	1.05	-18.089214223521978	138.0	23	1.05	0.95				
	211	1	0.0	0.0	0.0	0.0	2	1.0066831856558687	-13.625288085794136	230.0	23	1.05	0.95				
	212	1	0.0	0.0	0.0	0.0	2	1.0141849968199097	-13.041335207667217	230.0	23	1.05	0.95				
	213	2	105.15740590701755	21.428301581052636	0.0	0.0	2	1.0071096338271492	-12.449401883173927	230.0	24	1.05	0.95				
	214	2	76.98315753192983	15.475995586315792	0.0	0.0	2	1.0050042883880985	-10.900611236356538	230.0	26	1.05	0.95				
	215	2	125.79206668877194	25.396505577543866	0.0	0.0	2	1.0233894711595433	-3.7815617073708365	230.0	26	1.05	0.95				
	216	2	39.682039964912285	7.936407992982458	0.0	0.0	2	1.0260298452938679	-4.6946322023923175	230.0	26	1.05	0.95				
	217	1	0.0	0.0	0.0	0.0	2	1.0280725250885299	-2.1444185749641003	230.0	27	1.05	0.95				
	218	2	132.1411930831579	26.983787176140357	0.0	0.0	2	1.0277043677395086	-2.6776324146620816	230.0	27	1.05	0.95				
	219	1	71.82449233649125	14.682354787017546	0.0	0.0	2	1.03444729657905	-5.292226421289611	230.0	25	1.05	0.95				
	220	1	50.79301115508773	10.317330390877194	0.0	0.0	2	1.0442202949589334	-5.042563519204736	230.0	25	1.05	0.95				
	221	2	0.0	0.0	0.0	0.0	2	1.0296506783187196	-2.240710230335219	230.0	27	1.05	0.95				
	222	2	0.0	0.0	0.0	0.0	2	1.0499999879236805	4.28856277831479	230.0	27	1.05	0.95				
	223	2	0.0	0.0	0.0	0.0	2	1.05	-4.61546695862461	230.0	25	1.05	0.95				
	224	1	0.0	0.0	0.0	0.0	2	1.0077012181447418	-7.455003640921749	230.0	26	1.05	0.95				
	301	2	49.233786783157896	10.029104715087719	0.0	0.0	3	1.030096163207211	16.42592488696161	138.0	31	1.05	0.95				
	302	2	44.219234425614026	9.117367922807018	0.0	0.0	3	1.026952159507027	16.08600811308623	138.0	32	1.05	0.95				
	303	1	82.05631130526315	16.86713065719298	0.0	0.0	3	1.05	32.040457637518955	138.0	31	1.05	0.95				
	304	1	33.73426131438596	6.838025942105262	0.0	0.0	3	1.0141521042194825	17.632891515834807	138.0	31	1.05	0.95				
	305	1	32.36665612596491	6.382157545964913	0.0	0.0	3	1.0330248980765737	14.919398710167496	138.0	31	1.05	0.95				
	306	1	61.99810187508772	12.764315091929825	0.0	-100.0	3	1.0416441138734818	13.530382162841066	138.0	32	1.05	0.95				
	307	2	56.98354951754385	11.396709903508771	0.0	0.0	3	0.95	9.728168473261297	138.0	32	1.05	0.95				
	308	1	77.95349574	15.95539386491228	0.0	0.0	3	0.9704744144903373	11.729504046440374	138.0	32	1.05	0.95				
	309	1	79.77696932456139	16.41126226105263	0.0	0.0	3	1.0182549847076001	20.803605709420737	138.0	33	1.05	0.95				
	310	1	88.89433724736841	18.234735845614036	0.0	0.0	3	1.0468686535123448	14.845304287238754	138.0	33	1.05	0.95				
	311	1	0.0	0.0	0.0	0.0	3	1.0055162467383607	18.71421993062652	230.0	33	1.05	0.95				
	312	1	0.0	0.0	0.0	0.0	3	1.0118168677148602	19.19051156732268	230.0	33	1.05	0.95				
	313	2	120.80512497719297	24.616893391578948	0.0	0.0	3	1.0081076737547507	20.601673144842394	230.0	34	1.05	0.95				
	314	2	88.43846885122805	17.778867449473683	0.0	0.0	3	0.9986077509956526	18.055917868093456	230.0	36	1.05	0.95				
	315	2	144.51028157649122	29.175577352982458	0.0	0.0	3	1.0462535470154362	20.14126379455352	230.0	36	1.05	0.95				
	316	2	45.586839614035085	9.117367922807018	0.0	0.0	3	1.029571545452492	19.88119991651534	230.0	36	1.05	0.95				
	317	1	0.0	0.0	0.0	0.0	3	1.05	23.022776939363073	230.0	37	1.05	0.95				
	318	2	151.80417591473682	30.99905093754386	0.0	0.0	3	1.05	19.551805414533323	230.0	37	1.05	0.95				
	319	1	82.51217970140351	16.86713065719298	0.0	0.0	3	1.0226102903358518	19.06542413379706	230.0	35	1.05	0.95				
	320	1	58.351154705964916	11.852578299649123	0.0	0.0	3	1.0198425788383114	19.24691817866666	230.0	35	1.05	0.95				
	321	2	0.0	0.0	0.0	0.0	3	1.05	20.410723374146013	230.0	37	1.05	0.95				
	322	2	0.0	0.0	0.0	0.0	3	1.05	25.784028167718162	230.0	37	1.05	0.95				
	323	2	0.0	0.0	0.0	0.0	3	1.0190627997805697	19.703341059802334	230.0	35	1.05	0.95				
	324	1	0.0	0.0	0.0	0.0	3	1.0438803074702379	24.690011700014328	230.0	36	1.05	0.95				
	325	1	0.0	0.0	0.0	0.0	3	1.021712982944658	20.033477782325505	230.0	35	1.05	0.95				
];
