%% MATPOWER Case Format : Version 2
function mpc = RTS_GMLC
mpc.version = '2';

%%-----  Power Flow Data  -----%%
%% system MVA base
mpc.baseMVA = 100.0;
%% bus data
%    bus_i    type    Pd    Qd    Gs    Bs    area    Vm    Va    baseKV    zone    Vmax    Vmin
mpc.bus = [
	101	2	83.97921819789474	17.10687778105263	0.0	0.0	1	1.05	-1.4482588682609134	138.0	11	1.05	0.95				
	102	2	75.42577930736843	15.551707073684213	0.0	0.0	1	1.048595008306175	-1.8720529305109215	138.0	12	1.05	0.95				
	103	1	139.96536366315792	28.77065808631579	0.0	0.0	1	1.0156782555934043	-0.16385710193216893	138.0	11	1.05	0.95				
	104	1	57.54131617263158	11.663780305263158	0.0	0.0	1	1.0234824416076604	-4.865374830418717	138.0	11	1.05	0.95				
	105	1	55.20856011157894	10.886194951578949	0.0	0.0	1	1.039003236609668	-5.539578742348246	138.0	11	1.05	0.95				
	106	1	105.75160810105264	21.772389903157897	0.0	-100.0	1	1.0385926478208376	-8.630201503616869	138.0	12	1.05	0.95				
	107	2	97.19816921052632	19.439633842105263	0.0	0.0	1	1.0033717906284945	-15.636179487038453	138.0	12	1.05	0.95				
	108	1	132.96709548	27.215487378947365	0.0	0.0	1	0.9930896458569306	-14.151388430305536	138.0	12	1.05	0.95				
	109	1	136.07743689473685	27.99307273263158	0.0	0.0	1	1.0227479207006789	-5.3306721505238714	138.0	13	1.05	0.95				
	110	1	151.62914396842106	31.103414147368426	0.0	0.0	1	1.05	-7.32277176712418	138.0	13	1.05	0.95				
	111	1	0.0	0.0	0.0	0.0	1	1.0228237436122471	-1.5855141872127918	230.0	13	1.05	0.95				
	112	1	0.0	0.0	0.0	0.0	1	1.0149924877272212	-1.9191385172431297	230.0	13	1.05	0.95				
	113	3	206.0601187263158	41.98960909894737	0.0	0.0	1	1.0133610441988197	-9.69274482164902e-30	230.0	14	1.05	0.95				
	114	2	150.85155861473686	30.325828793684213	0.0	0.0	1	1.0499999974046346	1.6426851890603535	230.0	16	1.05	0.95				
	115	2	246.49455711789474	49.765462635789476	0.0	0.0	1	1.0207991478984357	13.354787075501232	230.0	16	1.05	0.95				
	116	2	77.75853536842105	15.551707073684213	0.0	0.0	1	1.0247440682835993	11.413686695442554	230.0	16	1.05	0.95				
	117	1	0.0	0.0	0.0	0.0	1	1.023255913218952	18.570827195889883	230.0	17	1.05	0.95				
	118	2	258.9359227768421	52.87580405052632	0.0	0.0	1	1.032189251042584	19.57187159402648	230.0	17	1.05	0.95				
	119	1	140.74294901684212	28.77065808631579	0.0	0.0	1	1.0238504719367845	7.469149607190995	230.0	15	1.05	0.95				
	120	1	99.53092527157895	20.217219195789475	0.0	0.0	1	1.0321446714288112	5.0710201120496645	230.0	15	1.05	0.95				
	121	2	0.0	0.0	0.0	0.0	1	1.0305245807362988	21.891028223406344	230.0	17	1.05	0.95				
	122	2	0.0	0.0	0.0	0.0	1	1.05	39.946514565630864	230.0	17	1.05	0.95				
	123	2	0.0	0.0	0.0	0.0	1	1.0391626465881025	4.346577102869591	230.0	15	1.05	0.95				
	124	1	0.0	0.0	0.0	0.0	1	1.0020148151047885	8.264016809566657	230.0	16	1.05	0.95				
	201	2	80.74925230736842	16.448921766315788	0.0	0.0	2	1.05	-9.468366699363996	138.0	21	1.05	0.95				
	202	2	72.52479142421052	14.953565242105263	0.0	0.0	2	1.05	-9.377211405113373	138.0	22	1.05	0.95				
	203	1	134.58208717894738	27.664095697894737	0.0	0.0	2	1.0094306527499584	-9.612766506748665	138.0	21	1.05	0.95				
	204	1	55.328191395789474	11.215173931578946	0.0	0.0	2	1.0183441433717035	-10.086514645204035	138.0	21	1.05	0.95				
	205	1	53.085156609473685	10.467495669473685	0.0	0.0	2	1.037055116018489	-10.257648298266304	138.0	21	1.05	0.95				
	206	1	101.68424364631579	20.93499133894737	0.0	-100.0	2	1.035533338379743	-11.393909105287756	138.0	22	1.05	0.95				
	207	2	93.45978276315789	18.691956552631577	0.0	0.0	2	0.95	-22.66242531761279	138.0	22	1.05	0.95				
	208	1	127.85298282	26.16873917368421	0.0	0.0	2	0.95495658938668	-18.85620757968889	138.0	22	1.05	0.95				
	209	1	130.84369586842104	26.91641743578947	0.0	0.0	2	1.0162723258589985	-7.620079948386136	138.0	23	1.05	0.95				
	210	1	145.7972611105263	29.907130484210526	0.0	0.0	2	1.042608644135718	-8.70044605499684	138.0	23	1.05	0.95				
	211	1	0.0	0.0	0.0	0.0	2	1.023907342928452	-3.2234083936427194	230.0	23	1.05	0.95				
	212	1	0.0	0.0	0.0	0.0	2	1.0004182737403973	3.506680300609494	230.0	23	1.05	0.95				
	213	2	198.13473945789474	40.37462615368421	0.0	0.0	2	1.0262955038092971	1.1392137617494456	230.0	24	1.05	0.95				
	214	2	145.04958284842104	29.159452222105266	0.0	0.0	2	1.05	-2.2801501131733386	230.0	26	1.05	0.95				
	215	2	237.01400908736838	47.85140877473684	0.0	0.0	2	1.0255739997819342	2.9509842300189857	230.0	26	1.05	0.95				
	216	2	74.76782621052631	14.953565242105263	0.0	0.0	2	1.0211813124934626	4.069276960999198	230.0	26	1.05	0.95				
	217	1	0.0	0.0	0.0	0.0	2	1.031299433832538	4.629566537248821	230.0	27	1.05	0.95				
	218	2	248.9768612810526	50.842121823157896	0.0	0.0	2	1.0304090200094564	4.129348729072476	230.0	27	1.05	0.95				
	219	1	135.32976544105261	27.664095697894737	0.0	0.0	2	0.9990905639708941	7.536129287069614	230.0	25	1.05	0.95				
	220	1	95.70281754947368	19.43963481473684	0.0	0.0	2	0.9912600770647546	12.178740252354713	230.0	25	1.05	0.95				
	221	2	0.0	0.0	0.0	0.0	2	1.0324194417339685	4.534779973329491	230.0	27	1.05	0.95				
	222	2	0.0	0.0	0.0	0.0	2	1.05	11.06653465639971	230.0	27	1.05	0.95				
	223	2	0.0	0.0	0.0	0.0	2	0.9929782580953354	15.358807192415808	230.0	25	1.05	0.95				
	224	1	0.0	0.0	0.0	0.0	2	1.0039561800147763	-1.7318936710869115	230.0	26	1.05	0.95				
	301	2	71.69819676631579	14.605188230175436	0.0	0.0	3	1.0323910679803994	53.11729675933061	138.0	31	1.05	0.95				
	302	2	64.39560265122807	13.277443845614034	0.0	0.0	3	1.0295132633634303	52.73640525654129	138.0	32	1.05	0.95				
	303	1	119.49699461052631	24.563271114385962	0.0	0.0	3	1.0202750761736716	71.04803873397655	138.0	31	1.05	0.95				
	304	1	49.126542228771925	9.958082884210526	0.0	0.0	3	1.008097139141613	54.73835580357384	138.0	31	1.05	0.95				
	305	1	47.13492565192982	9.294210691929825	0.0	0.0	3	1.0328524996145587	52.516347230775445	138.0	31	1.05	0.95				
	306	1	90.28661815017543	18.58842138385965	0.0	-100.0	3	1.0388238148769342	51.44713293801924	138.0	32	1.05	0.95				
	307	2	82.98402403508771	16.59680480701754	0.0	0.0	3	0.95	48.64752323568882	138.0	32	1.05	0.95				
	308	1	113.52214487999998	23.235526729824556	0.0	0.0	3	0.9729778769932357	51.66853598734342	138.0	32	1.05	0.95				
	309	1	116.1776336491228	23.89939892210526	0.0	0.0	3	1.0142766377835049	59.16609610155118	138.0	33	1.05	0.95				
	310	1	129.45507749473683	26.554887691228068	0.0	0.0	3	1.05	54.01327662138335	138.0	33	1.05	0.95				
	311	1	0.0	0.0	0.0	0.0	3	1.00701758091325	58.69451605612826	230.0	33	1.05	0.95				
	312	1	0.0	0.0	0.0	0.0	3	1.0255854206568706	58.883178642231414	230.0	33	1.05	0.95				
	313	2	175.92613095438594	35.849098383157894	0.0	0.0	3	1.0368446142695507	63.85849468584441	230.0	34	1.05	0.95				
	314	2	128.79120530245615	25.891015498947368	0.0	0.0	3	0.984837939888294	56.19628865863974	230.0	36	1.05	0.95				
	315	2	210.44748495298245	42.48782030596491	0.0	0.0	3	0.9994548032199584	50.258910482492304	230.0	36	1.05	0.95				
	316	2	66.38721922807017	13.277443845614034	0.0	0.0	3	0.9998551688989541	50.538588396446116	230.0	36	1.05	0.95				
	317	1	0.0	0.0	0.0	0.0	3	0.9959634372195902	50.60384013774122	230.0	37	1.05	0.95				
	318	2	221.06944002947367	45.143309075087714	0.0	0.0	3	0.9874574648205118	46.530494022775216	230.0	37	1.05	0.95				
	319	1	120.16086680280702	24.563271114385962	0.0	0.0	3	1.0201154041334155	50.808525893107166	230.0	35	1.05	0.95				
	320	1	84.97564061192982	17.260676999298244	0.0	0.0	3	1.0397787909172134	50.77770963200336	230.0	35	1.05	0.95				
	321	2	0.0	0.0	0.0	0.0	3	0.9885550787390777	48.248626035156875	230.0	37	1.05	0.95				
	322	2	0.0	0.0	0.0	0.0	3	0.9732103988153831	51.64428275765789	230.0	37	1.05	0.95				
	323	2	0.0	0.0	0.0	0.0	3	1.05	50.358160251057136	230.0	35	1.05	0.95				
	324	1	0.0	0.0	0.0	0.0	3	0.9999513870721882	60.34896311041135	230.0	36	1.05	0.95				
	325	1	0.0	0.0	0.0	0.0	3	1.0443254265322515	48.02084177303282	230.0	35	1.05	0.95				
];
