%% MATPOWER Case Format : Version 2
function mpc = RTS_GMLC
mpc.version = '2';

%%-----  Power Flow Data  -----%%
%% system MVA base
mpc.baseMVA = 100.0;
%% bus data
%    bus_i    type    Pd    Qd    Gs    Bs    area    Vm    Va    baseKV    zone    Vmax    Vmin
mpc.bus = [
	101	2	48.108362210526316	9.799851561403509	0.0	0.0	1	1.0359811938541168	1.8489674075218585	138.0	11	1.05	0.95				
	102	2	43.20843642982456	8.90895596491228	0.0	0.0	1	1.0354189603027166	1.6683650582960625	138.0	12	1.05	0.95				
	103	1	80.18060368421052	16.481568535087717	0.0	0.0	1	1.0273017960782924	0.17232209290300426	138.0	11	1.05	0.95				
	104	1	32.963137070175435	6.6817169736842095	0.0	0.0	1	1.021888389106016	-1.4826592192041153	138.0	11	1.05	0.95				
	105	1	31.6267936754386	6.236269175438597	0.0	0.0	1	1.0369021842613988	-1.2892332915983058	138.0	11	1.05	0.95				
	106	1	60.58090056140352	12.472538350877194	0.0	-100.0	1	1.045500142269031	-3.5153336574020297	138.0	12	1.05	0.95				
	107	2	55.68097478070175	11.13619495614035	0.0	0.0	1	1.0016611806774744	-8.534734243129956	138.0	12	1.05	0.95				
	108	1	76.1715735	15.590672938596489	0.0	0.0	1	1.0046611922105977	-7.442182842158024	138.0	12	1.05	0.95				
	109	1	77.95336469298245	16.036120736842104	0.0	0.0	1	1.0244108668631917	-2.2640183333042727	138.0	13	1.05	0.95				
	110	1	86.86232065789473	17.81791192982456	0.0	0.0	1	1.05	-3.0760627708587167	138.0	13	1.05	0.95				
	111	1	0.0	0.0	0.0	0.0	1	1.0040109876983072	-0.39763160992218916	230.0	13	1.05	0.95				
	112	1	0.0	0.0	0.0	0.0	1	1.0084612176839085	-0.0011802508728058962	230.0	13	1.05	0.95				
	113	3	118.04366653508771	24.054181105263158	0.0	0.0	1	0.9968175338386676	1.1211652012200148e-28	230.0	14	1.05	0.95				
	114	2	86.41687285964912	17.372464131578948	0.0	0.0	1	1.001167010598013	1.6539419728197056	230.0	16	1.05	0.95				
	115	2	141.20695204385964	28.508659087719302	0.0	0.0	1	1.0346348155122713	7.719842200561024	230.0	16	1.05	0.95				
	116	2	44.5447798245614	8.90895596491228	0.0	0.0	1	1.0308998331869503	7.16209219685192	230.0	16	1.05	0.95				
	117	1	0.0	0.0	0.0	0.0	1	1.0378934654337015	9.222036451680642	230.0	17	1.05	0.95				
	118	2	148.33411681578949	30.29045028070176	0.0	0.0	1	1.0397190844452906	9.348450482259032	230.0	17	1.05	0.95				
	119	1	80.62605148245613	16.481568535087717	0.0	0.0	1	1.0250855704219806	6.085154633766908	230.0	15	1.05	0.95				
	120	1	57.017318175438604	11.581642754385966	0.0	0.0	1	1.0232602997307423	6.0146712143086205	230.0	15	1.05	0.95				
	121	2	0.0	0.0	0.0	0.0	1	1.0429340045117639	10.491168447761837	230.0	17	1.05	0.95				
	122	2	0.0	0.0	0.0	0.0	1	1.05	16.571663458505505	230.0	17	1.05	0.95				
	123	2	0.0	0.0	0.0	0.0	1	1.0228911454960679	6.321305100664193	230.0	15	1.05	0.95				
	124	1	0.0	0.0	0.0	0.0	1	1.0221880958416762	4.888201547200413	230.0	16	1.05	0.95				
	201	2	47.820557216842104	9.741224618245612	0.0	0.0	2	1.026563233312929	-6.9456301471221344	138.0	21	1.05	0.95				
	202	2	42.94994490771929	8.855658743859648	0.0	0.0	2	1.0275139148716803	-6.7436927194958605	138.0	22	1.05	0.95				
	203	1	79.70092869473683	16.38296867614035	0.0	0.0	2	1.0183761779788443	-6.342897155039144	138.0	21	1.05	0.95				
	204	1	32.7659373522807	6.641744057894735	0.0	0.0	2	1.018254097095802	-8.37972497266358	138.0	21	1.05	0.95				
	205	1	31.43758854070175	6.198961120701754	0.0	0.0	2	1.0328921619131202	-8.642011801254936	138.0	21	1.05	0.95				
	206	1	60.21847945824561	12.397922241403508	0.0	-100.0	2	1.0444101790931242	-9.98594539332097	138.0	22	1.05	0.95				
	207	2	55.3478671491228	11.06957342982456	0.0	0.0	2	0.9920830041758053	-16.39585247032408	138.0	22	1.05	0.95				
	208	1	75.71588225999999	15.497402801754385	0.0	0.0	2	0.9977922502196723	-14.38353316388992	138.0	22	1.05	0.95				
	209	1	77.48701400877192	15.940185738947365	0.0	0.0	2	1.0232442943936948	-7.901886175366506	138.0	23	1.05	0.95				
	210	1	86.34267275263157	17.711317487719295	0.0	0.0	2	1.05	-8.94410524396022	138.0	23	1.05	0.95				
	211	1	0.0	0.0	0.0	0.0	2	1.0057633451644974	-5.026435094418245	230.0	23	1.05	0.95				
	212	1	0.0	0.0	0.0	0.0	2	1.0078557160052481	-4.280909550895319	230.0	23	1.05	0.95				
	213	2	117.33747835614032	23.910278608421052	0.0	0.0	2	1.0001962710336936	-3.848547547404577	230.0	24	1.05	0.95				
	214	2	85.89988981543858	17.26853455052631	0.0	0.0	2	1.0072478978267247	-2.5498199066104417	230.0	26	1.05	0.95				
	215	2	140.36219109017543	28.338107980350873	0.0	0.0	2	1.0268556787395682	3.573903609068536	230.0	26	1.05	0.95				
	216	2	44.27829371929824	8.855658743859648	0.0	0.0	2	1.0274104377209226	3.624827370299198	230.0	26	1.05	0.95				
	217	1	0.0	0.0	0.0	0.0	2	1.0332595536169285	6.09064506013769	230.0	27	1.05	0.95				
	218	2	147.44671808526314	30.109239729122805	0.0	0.0	2	1.034776392687399	6.496079733826738	230.0	27	1.05	0.95				
	219	1	80.14371163192982	16.38296867614035	0.0	0.0	2	1.026078022110464	3.2872597968865294	230.0	25	1.05	0.95				
	220	1	56.67621596070175	11.512356367017542	0.0	0.0	2	1.0279546757551106	3.8575732967317085	230.0	25	1.05	0.95				
	221	2	0.0	0.0	0.0	0.0	2	1.0350616145756524	6.28526692212593	230.0	27	1.05	0.95				
	222	2	0.0	0.0	0.0	0.0	2	1.05	12.705819813814939	230.0	27	1.05	0.95				
	223	2	0.0	0.0	0.0	0.0	2	1.0297459762722199	4.509086930138859	230.0	25	1.05	0.95				
	224	1	0.0	0.0	0.0	0.0	2	1.0114524605890367	-0.14698046896379072	230.0	26	1.05	0.95				
	301	2	40.35052197473684	8.219550772631578	0.0	0.0	3	1.011611010775137	-11.395098487058604	138.0	31	1.05	0.95				
	302	2	36.240746588421054	7.472318884210526	0.0	0.0	3	1.011522041982201	-11.531341995920188	138.0	32	1.05	0.95				
	303	1	67.25086995789474	13.823789935789474	0.0	0.0	3	1.027710272609318	-5.486157245734809	138.0	31	1.05	0.95				
	304	1	27.647579871578948	5.604239163157895	0.0	0.0	3	1.0129625703904241	-10.372918254171449	138.0	31	1.05	0.95				
	305	1	26.526732038947365	5.230623218947369	0.0	0.0	3	1.026221288145184	-11.187605317281404	138.0	31	1.05	0.95				
	306	1	50.81176841263157	10.461246437894738	0.0	-100.0	3	1.0429174116036417	-11.53758907255627	138.0	32	1.05	0.95				
	307	2	46.70199302631578	9.340398605263157	0.0	0.0	3	0.9939242011886606	-15.417444130691853	138.0	32	1.05	0.95				
	308	1	63.88832646	13.076558047368419	0.0	0.0	3	1.0020490455973639	-13.781321858758682	138.0	32	1.05	0.95				
	309	1	65.3827902368421	13.450173991578945	0.0	0.0	3	1.0251308992079426	-7.8858003688252385	138.0	33	1.05	0.95				
	310	1	72.85510912105264	14.944637768421051	0.0	0.0	3	1.05	-9.774792397447007	138.0	33	1.05	0.95				
	311	1	0.0	0.0	0.0	0.0	3	1.0030602730917886	-5.018580705295232	230.0	33	1.05	0.95				
	312	1	0.0	0.0	0.0	0.0	3	1.0083012746000044	-4.57195399193007	230.0	33	1.05	0.95				
	313	2	99.00822521578947	20.17526098736842	0.0	0.0	3	1.0056293669618979	-1.791440084948149	230.0	34	1.05	0.95				
	314	2	72.48149317684211	14.571021824210526	0.0	0.0	3	0.9957522635058924	-3.8793443046592153	230.0	36	1.05	0.95				
	315	2	118.43625431473683	23.911420429473683	0.0	0.0	3	1.0190674857449158	-0.7529506693100484	230.0	36	1.05	0.95				
	316	2	37.36159442105263	7.472318884210526	0.0	0.0	3	1.0182806159414153	-0.04014002471427613	230.0	36	1.05	0.95				
	317	1	0.0	0.0	0.0	0.0	3	1.0239867024730547	0.8821012250079218	230.0	37	1.05	0.95				
	318	2	124.41410942210527	25.405884206315786	0.0	0.0	3	1.0231045060121862	0.5732875354728275	230.0	37	1.05	0.95				
	319	1	67.62448590210526	13.823789935789474	0.0	0.0	3	1.0145892205818443	-0.6787430608432748	230.0	35	1.05	0.95				
	320	1	47.822840858947366	9.714014549473685	0.0	0.0	3	1.0137048318859063	-0.48749902627372377	230.0	35	1.05	0.95				
	321	2	0.0	0.0	0.0	0.0	3	1.0238340900156675	0.6768717083118004	230.0	37	1.05	0.95				
	322	2	0.0	0.0	0.0	0.0	3	1.0373191729831728	5.170927185316734	230.0	37	1.05	0.95				
	323	2	0.0	0.0	0.0	0.0	3	1.0135899379029822	-0.08544858988535758	230.0	35	1.05	0.95				
	324	1	0.0	0.0	0.0	0.0	3	1.01533296052889	-2.5617772877052962	230.0	36	1.05	0.95				
	325	1	0.0	0.0	0.0	0.0	3	1.0137250319378894	0.8281206322701192	230.0	35	1.05	0.95				
];
