%% MATPOWER Case Format : Version 2
function mpc = RTS_GMLC
mpc.version = '2';

%%-----  Power Flow Data  -----%%
%% system MVA base
mpc.baseMVA = 100.0;
%% bus data
%    bus_i    type    Pd    Qd    Gs    Bs    area    Vm    Va    baseKV    zone    Vmax    Vmin
mpc.bus = [
	101	2	54.65462642526315	11.13334982736842	0.0	0.0	1	1.0327275950274515	1.5893904573760314	138.0	11	1.05	0.95				
	102	2	49.08795151157894	10.121227115789473	0.0	0.0	1	1.0322833211189024	1.4372662523842352	138.0	12	1.05	0.95				
	103	1	91.09104404210527	18.724270164210523	0.0	0.0	1	1.0265389989866585	0.09652135300360415	138.0	11	1.05	0.95				
	104	1	37.448540328421046	7.590920336842104	0.0	0.0	1	1.0198326271072335	-1.689773680062263	138.0	11	1.05	0.95				
	105	1	35.93035626105262	7.084858981052632	0.0	0.0	1	1.034465930787908	-1.5425615463183586	138.0	11	1.05	0.95				
	106	1	68.82434438736841	14.169717962105263	0.0	-100.0	1	1.0430389946961003	-3.8021419778488634	138.0	12	1.05	0.95				
	107	2	63.25766947368421	12.651533894736842	0.0	0.0	1	1.0178213107334353	-5.528592223277052	138.0	12	1.05	0.95				
	108	1	86.53649184	17.712147452631577	0.0	0.0	1	1.0134807701901816	-5.908406920386937	138.0	12	1.05	0.95				
	109	1	88.56073726315789	18.21820880842105	0.0	0.0	1	1.0253135283510575	-2.197147527462733	138.0	13	1.05	0.95				
	110	1	98.68196437894736	20.242454231578947	0.0	0.0	1	1.05	-3.120310129204128	138.0	13	1.05	0.95				
	111	1	0.0	0.0	0.0	0.0	1	1.0058162225217973	-0.3141540747417094	230.0	13	1.05	0.95				
	112	1	0.0	0.0	0.0	0.0	1	1.0105643669622388	0.13841260960207494	230.0	13	1.05	0.95				
	113	3	134.10625928421052	27.327313212631577	0.0	0.0	1	0.9997963984428497	-6.114605846222254e-30	230.0	14	1.05	0.95				
	114	2	98.17590302315789	19.736392875789473	0.0	0.0	1	1.003567003318624	1.8712045367099734	230.0	16	1.05	0.95				
	115	2	160.42144978526315	32.38792677052631	0.0	0.0	1	1.0394229892693172	8.376213128601178	230.0	16	1.05	0.95				
	116	2	50.60613557894737	10.121227115789473	0.0	0.0	1	1.0359663100610519	7.918052132495246	230.0	16	1.05	0.95				
	117	1	0.0	0.0	0.0	0.0	1	1.0420946339434605	10.176738775882797	230.0	17	1.05	0.95				
	118	2	168.51843147789475	34.412172193684206	0.0	0.0	1	1.0446699458281568	10.19485222319876	230.0	17	1.05	0.95				
	119	1	91.59710539789472	18.724270164210523	0.0	0.0	1	1.0299847412740841	6.709932863799666	230.0	15	1.05	0.95				
	120	1	64.77585354105263	13.157595250526317	0.0	0.0	1	1.0287341943071255	6.632045510535608	230.0	15	1.05	0.95				
	121	2	0.0	0.0	0.0	0.0	1	1.0483435059584567	11.36968332437553	230.0	17	1.05	0.95				
	122	2	0.0	0.0	0.0	0.0	1	1.05	19.17942296633482	230.0	17	1.05	0.95				
	123	2	0.0	0.0	0.0	0.0	1	1.0289474724921912	6.975620402073339	230.0	15	1.05	0.95				
	124	1	0.0	0.0	0.0	0.0	1	1.0240792613269332	5.286686065617699	230.0	16	1.05	0.95				
	201	2	59.0744530231579	12.033684875087719	0.0	0.0	2	1.0319125098531532	-9.383996597163016	138.0	21	1.05	0.95				
	202	2	53.057610585614036	10.939713522807018	0.0	0.0	2	1.032256754047781	-9.407229402767205	138.0	22	1.05	0.95				
	203	1	98.45742170526316	20.238470017192984	0.0	0.0	2	1.0210879626465772	-7.792386457285477	138.0	21	1.05	0.95				
	204	1	40.47694003438597	8.204785142105262	0.0	0.0	2	1.018361110322109	-11.57302858338309	138.0	21	1.05	0.95				
	205	1	38.835983005964906	7.657799465964913	0.0	0.0	2	1.0339331408380785	-11.829911575737954	138.0	21	1.05	0.95				
	206	1	74.39005195508773	15.315598931929825	0.0	-100.0	2	1.0422855498368648	-13.717203692905224	138.0	22	1.05	0.95				
	207	2	68.37320951754387	13.674641903508771	0.0	0.0	2	0.9891564740382031	-21.933685551094154	138.0	22	1.05	0.95				
	208	1	93.53455062	19.14449866491228	0.0	0.0	2	0.9915125808127103	-19.349051413294273	138.0	22	1.05	0.95				
	209	1	95.7224933245614	19.691484341052632	0.0	0.0	2	1.023452698902358	-11.121352664438025	138.0	23	1.05	0.95				
	210	1	106.66220684736842	21.879427045614037	0.0	0.0	2	1.05	-12.578516024742775	138.0	23	1.05	0.95				
	211	1	0.0	0.0	0.0	0.0	2	1.0119784402676584	-8.02452785754371	230.0	23	1.05	0.95				
	212	1	0.0	0.0	0.0	0.0	2	1.0122364938183623	-7.255556933032817	230.0	23	1.05	0.95				
	213	2	144.95120417719298	29.53722651157895	0.0	0.0	2	1.0097402007921965	-6.9010677067963275	230.0	24	1.05	0.95				
	214	2	106.11522117122807	21.332441369473685	0.0	0.0	2	1.0182384049631197	-5.141538947771815	230.0	26	1.05	0.95				
	215	2	173.39445933649122	35.007083272982456	0.0	0.0	2	1.032483815343443	2.3569483709281154	230.0	26	1.05	0.95				
	216	2	54.698567614035085	10.939713522807018	0.0	0.0	2	1.0349129254573242	2.2705226895872705	230.0	26	1.05	0.95				
	217	1	0.0	0.0	0.0	0.0	2	1.0388883329240752	5.275641602007865	230.0	27	1.05	0.95				
	218	2	182.14623015473686	37.195025977543864	0.0	0.0	2	1.0404806402276694	5.712191188517885	230.0	27	1.05	0.95				
	219	1	99.00440738140351	20.238470017192984	0.0	0.0	2	1.0337986023601637	1.5332586041759086	230.0	25	1.05	0.95				
	220	1	70.01416654596491	14.221627579649123	0.0	0.0	2	1.0370796714062684	1.9401910622984628	230.0	25	1.05	0.95				
	221	2	0.0	0.0	0.0	0.0	2	1.0401526545218625	5.352819217916825	230.0	27	1.05	0.95				
	222	2	0.0	0.0	0.0	0.0	2	1.05	11.824908653789157	230.0	27	1.05	0.95				
	223	2	0.0	0.0	0.0	0.0	2	1.0400587912763681	2.5706825844470065	230.0	25	1.05	0.95				
	224	1	0.0	0.0	0.0	0.0	2	1.015644682792245	-1.440581129140698	230.0	26	1.05	0.95				
	301	2	48.36254350736842	9.851629232982456	0.0	0.0	3	1.009992968199009	-12.322128833508161	138.0	31	1.05	0.95				
	302	2	43.43672889087719	8.956026575438598	0.0	0.0	3	1.0094817135979788	-12.509488579011503	138.0	32	1.05	0.95				
	303	1	80.60423917894737	16.568649164561403	0.0	0.0	3	1.0367258684278027	-4.088638282522322	138.0	31	1.05	0.95				
	304	1	33.13729832912281	6.717019931578946	0.0	0.0	3	1.0116659054239383	-11.05366761549893	138.0	31	1.05	0.95				
	305	1	31.793894342807015	6.269218602807018	0.0	0.0	3	1.0243771968875575	-12.35581774647908	138.0	31	1.05	0.95				
	306	1	60.90098071298245	12.538437205614036	0.0	-100.0	3	1.040272748730759	-12.903451846386607	138.0	32	1.05	0.95				
	307	2	55.97516609649122	11.195033219298246	0.0	0.0	3	0.9926998538970847	-17.53178406131668	138.0	32	1.05	0.95				
	308	1	76.57402721999999	15.67304650701754	0.0	0.0	3	0.9987838973627089	-15.504608752114128	138.0	32	1.05	0.95				
	309	1	78.36523253508771	16.120847835789473	0.0	0.0	3	1.0276303778485931	-8.034739480960035	138.0	33	1.05	0.95				
	310	1	87.32125911052631	17.912053150877195	0.0	0.0	3	1.05	-10.947387293786491	138.0	33	1.05	0.95				
	311	1	0.0	0.0	0.0	0.0	3	1.0088932013636192	-5.582563510887651	230.0	33	1.05	0.95				
	312	1	0.0	0.0	0.0	0.0	3	1.0124951852208517	-5.132507980302759	230.0	33	1.05	0.95				
	313	2	118.66735212456139	24.18127175368421	0.0	0.0	3	1.0107458024971825	-2.4845171425936132	230.0	34	1.05	0.95				
	314	2	86.87345778175438	17.46425182210526	0.0	0.0	3	1.0072738098923901	-4.274278405250983	230.0	36	1.05	0.95				
	315	2	141.95302122070174	28.65928504140351	0.0	0.0	3	1.0338845418187723	0.006911961928830157	230.0	36	1.05	0.95				
	316	2	44.78013287719298	8.956026575438598	0.0	0.0	3	1.0317244157259773	0.24872880066187006	230.0	36	1.05	0.95				
	317	1	0.0	0.0	0.0	0.0	3	1.0378507129014842	1.545209279831416	230.0	37	1.05	0.95				
	318	2	149.11784248105263	30.450490356491226	0.0	0.0	3	1.0377739997834745	1.4589120714718942	230.0	37	1.05	0.95				
	319	1	81.0520405077193	16.568649164561403	0.0	0.0	3	1.026215219079421	-0.6815190768347336	230.0	35	1.05	0.95				
	320	1	57.31857008280702	11.642834548070175	0.0	0.0	3	1.0246217815665812	-0.620666118895213	230.0	35	1.05	0.95				
	321	2	0.0	0.0	0.0	0.0	3	1.039987121908418	2.2679372508800015	230.0	37	1.05	0.95				
	322	2	0.0	0.0	0.0	0.0	3	1.05	6.298121706448911	230.0	37	1.05	0.95				
	323	2	0.0	0.0	0.0	0.0	3	1.0244088196977819	-0.2408135558348274	230.0	35	1.05	0.95				
	324	1	0.0	0.0	0.0	0.0	3	1.028365980687149	-1.5443567538573506	230.0	36	1.05	0.95				
	325	1	0.0	0.0	0.0	0.0	3	1.0236247617179302	0.7509074042832212	230.0	35	1.05	0.95				
];
