%% MATPOWER Case Format : Version 2
function mpc = RTS_GMLC
mpc.version = '2';

%%-----  Power Flow Data  -----%%
%% system MVA base
mpc.baseMVA = 100.0;
%% bus data
%    bus_i    type    Pd    Qd    Gs    Bs    area    Vm    Va    baseKV    zone    Vmax    Vmin
mpc.bus = [
	101	2	37.86145472463158	7.712518555017543	0.0	0.0	1	1.0306189600352833	3.125114379212014	138.0	11	1.05	0.95				
	102	2	34.0051954471228	7.011380504561402	0.0	0.0	1	1.0297473128548738	2.8858413474307105	138.0	12	1.05	0.95				
	103	1	63.10242454105263	12.971053933438595	0.0	0.0	1	1.030116453744835	0.6592344877230937	138.0	11	1.05	0.95				
	104	1	25.94210786687719	5.258535378421052	0.0	0.0	1	1.0214505356372385	-0.2579627793094364	138.0	11	1.05	0.95				
	105	1	24.89040079119298	4.9079663531929825	0.0	0.0	1	1.0354247365753455	0.05222783081397758	138.0	11	1.05	0.95				
	106	1	47.67738743101754	9.815932706385965	0.0	-100.0	1	1.0468033818901978	-2.074067785583721	138.0	12	1.05	0.95				
	107	2	43.82112815350877	8.764225630701754	0.0	0.0	1	1.0005095555955679	-7.3710991396835706	138.0	12	1.05	0.95				
	108	1	59.947303314	12.269915882982454	0.0	0.0	1	1.0070032422766633	-6.042846177119501	138.0	12	1.05	0.95				
	109	1	61.349579414912284	12.620484908210525	0.0	0.0	1	1.0250560426589748	-1.3964312298981962	138.0	13	1.05	0.95				
	110	1	68.36095991947367	14.022761009122805	0.0	0.0	1	1.05	-1.946692550000952	138.0	13	1.05	0.95				
	111	1	0.0	0.0	0.0	0.0	1	1.0021232344033384	-0.08701044518860511	230.0	13	1.05	0.95				
	112	1	0.0	0.0	0.0	0.0	1	1.0069505680540962	0.32716638657621555	230.0	13	1.05	0.95				
	113	3	92.90079168543859	18.93072736231579	0.0	0.0	1	0.9909822380146891	4.1742591021526126e-30	230.0	14	1.05	0.95				
	114	2	68.0103908942456	13.672191983894736	0.0	0.0	1	0.9986628882859669	1.5543450511164822	230.0	16	1.05	0.95				
	115	2	111.13038099729823	22.43641761459649	0.0	0.0	1	1.037406257193032	6.096831770026008	230.0	16	1.05	0.95				
	116	2	35.056902522807015	7.011380504561402	0.0	0.0	1	1.0319557116169569	5.857501052798029	230.0	16	1.05	0.95				
	117	1	0.0	0.0	0.0	0.0	1	1.041707019856972	7.183332432152732	230.0	17	1.05	0.95				
	118	2	116.73948540094736	23.83869371550877	0.0	0.0	1	1.0449628441480456	6.993647463920771	230.0	17	1.05	0.95				
	119	1	63.4529935662807	12.971053933438595	0.0	0.0	1	1.0256519699659756	5.258441769340715	230.0	15	1.05	0.95				
	120	1	44.87283522919298	9.114794655929824	0.0	0.0	1	1.0221484481109036	5.4225709318040005	230.0	15	1.05	0.95				
	121	2	0.0	0.0	0.0	0.0	1	1.05	7.615289081465744	230.0	17	1.05	0.95				
	122	2	0.0	0.0	0.0	0.0	1	1.05	13.955805839426269	230.0	17	1.05	0.95				
	123	2	0.0	0.0	0.0	0.0	1	1.0204491066252477	5.7893754747884465	230.0	15	1.05	0.95				
	124	1	0.0	0.0	0.0	0.0	1	1.0269429437668993	4.062115952666717	230.0	16	1.05	0.95				
	201	2	45.35558003368421	9.239099636491229	0.0	0.0	2	1.024409323222586	-8.161628370768641	138.0	21	1.05	0.95				
	202	2	40.736030215438596	8.399181487719298	0.0	0.0	2	1.0253914511993258	-7.9775474099730035	138.0	22	1.05	0.95				
	203	1	75.59263338947369	15.538485752280701	0.0	0.0	2	1.0178963120318276	-7.094673403606002	138.0	21	1.05	0.95				
	204	1	31.076971504561403	6.299386115789474	0.0	0.0	2	1.0174480176531053	-9.78396996870369	138.0	21	1.05	0.95				
	205	1	29.817094281403506	5.87942704140351	0.0	0.0	2	1.032022206797682	-10.080710382264375	138.0	21	1.05	0.95				
	206	1	57.11443411649123	11.75885408280702	0.0	-100.0	2	1.0444288831735473	-11.53017166244648	138.0	22	1.05	0.95				
	207	2	52.494884298245616	10.498976859649122	0.0	0.0	2	0.9900755856362968	-17.60691529020872	138.0	22	1.05	0.95				
	208	1	71.81300172	14.698567603508772	0.0	0.0	2	0.9974776836305531	-15.724378859630184	138.0	22	1.05	0.95				
	209	1	73.49283801754386	15.118526677894737	0.0	0.0	2	1.022781873540285	-9.533197283564228	138.0	23	1.05	0.95				
	210	1	81.89201950526316	16.798362975438597	0.0	0.0	2	1.05	-10.674737504400014	138.0	23	1.05	0.95				
	211	1	0.0	0.0	0.0	0.0	2	1.0051597502723277	-6.997624277031282	230.0	23	1.05	0.95				
	212	1	0.0	0.0	0.0	0.0	2	1.009869877933846	-6.694387507360785	230.0	23	1.05	0.95				
	213	2	111.28915471228069	22.677790016842106	0.0	0.0	2	0.9989347262154576	-6.337691905244986	230.0	24	1.05	0.95				
	214	2	81.47206043087719	16.378403901052632	0.0	0.0	2	1.0060262413643442	-4.355456593188115	230.0	26	1.05	0.95				
	215	2	133.12702658035087	26.877380760701758	0.0	0.0	2	1.0258108679857099	2.26747443680695	230.0	26	1.05	0.95				
	216	2	41.99590743859649	8.399181487719298	0.0	0.0	2	1.028003690084411	1.8847704286846694	230.0	26	1.05	0.95				
	217	1	0.0	0.0	0.0	0.0	2	1.0328853984370137	4.738381033977016	230.0	27	1.05	0.95				
	218	2	139.84637177052633	28.557217058245616	0.0	0.0	2	1.0345237076692062	5.195925877490383	230.0	27	1.05	0.95				
	219	1	76.01259246385965	15.538485752280701	0.0	0.0	2	1.0286626241441712	0.6230531028498174	230.0	25	1.05	0.95				
	220	1	53.754761521403516	10.918935934035089	0.0	0.0	2	1.032225875002983	0.34619543047884094	230.0	25	1.05	0.95				
	221	2	0.0	0.0	0.0	0.0	2	1.034590501404266	4.98144658311896	230.0	27	1.05	0.95				
	222	2	0.0	0.0	0.0	0.0	2	1.05	11.382529150004201	230.0	27	1.05	0.95				
	223	2	0.0	0.0	0.0	0.0	2	1.0346488131630538	0.5128723901018658	230.0	25	1.05	0.95				
	224	1	0.0	0.0	0.0	0.0	2	1.0112757961859147	-1.2464945935567866	230.0	26	1.05	0.95				
	301	2	50.89085730947369	10.366656118596493	0.0	0.0	3	1.006552677240708	-29.542238631070248	138.0	31	1.05	0.95				
	302	2	45.70752925017544	9.42423283508772	0.0	0.0	3	1.0061100645608412	-29.648240048428335	138.0	32	1.05	0.95				
	303	1	84.81809551578948	17.434830744912283	0.0	0.0	3	1.0230774872945367	-23.849721208751806	138.0	31	1.05	0.95				
	304	1	34.869661489824566	7.06817462631579	0.0	0.0	3	1.00925227463626	-27.947223786237963	138.0	31	1.05	0.95				
	305	1	33.456026564561405	6.596962984561405	0.0	0.0	3	1.022019043889136	-28.872833755378522	138.0	31	1.05	0.95				
	306	1	64.0847832785965	13.19392596912281	0.0	-100.0	3	1.038713298138576	-29.046718395382957	138.0	32	1.05	0.95				
	307	2	58.90145521929825	11.78029104385965	0.0	0.0	3	0.9927002163915507	-34.171840552955594	138.0	32	1.05	0.95				
	308	1	80.57719074	16.49240746140351	0.0	0.0	3	0.9977769146467784	-32.015777176669275	138.0	32	1.05	0.95				
	309	1	82.46203730701755	16.963619103157896	0.0	0.0	3	1.0272567408925433	-24.635562615888336	138.0	33	1.05	0.95				
	310	1	91.88627014210527	18.84846567017544	0.0	0.0	3	1.05	-26.688590328877417	138.0	33	1.05	0.95				
	311	1	0.0	0.0	0.0	0.0	3	1.0113395992728422	-20.505147746462427	230.0	33	1.05	0.95				
	312	1	0.0	0.0	0.0	0.0	3	1.0140628912260732	-19.795725883741067	230.0	33	1.05	0.95				
	313	2	124.8710850649123	25.445428654736844	0.0	0.0	3	1.0151676666992102	-16.76884777371372	230.0	34	1.05	0.95				
	314	2	91.41505850035088	18.377254028421056	0.0	0.0	3	1.0152670682996243	-18.558415000236547	230.0	36	1.05	0.95				
	315	2	149.37409043614036	30.157545072280705	0.0	0.0	3	1.0392855592907162	-13.74573062053456	230.0	36	1.05	0.95				
	316	2	47.1211641754386	9.42423283508772	0.0	0.0	3	1.0390882786443236	-13.003799870801542	230.0	36	1.05	0.95				
	317	1	0.0	0.0	0.0	0.0	3	1.0426472269269715	-11.341137951791353	230.0	37	1.05	0.95				
	318	2	156.91347670421055	32.04239163929825	0.0	0.0	3	1.0423740599443274	-11.034955815665874	230.0	37	1.05	0.95				
	319	1	85.28930715754387	17.434830744912283	0.0	0.0	3	1.0374052204632929	-13.494720631748363	230.0	35	1.05	0.95				
	320	1	60.31509014456141	12.251502685614037	0.0	0.0	3	1.0392386281063137	-13.022920173265696	230.0	35	1.05	0.95				
	321	2	0.0	0.0	0.0	0.0	3	1.0436162947274392	-11.067560888502246	230.0	37	1.05	0.95				
	322	2	0.0	0.0	0.0	0.0	3	1.05	-6.848340295728172	230.0	37	1.05	0.95				
	323	2	0.0	0.0	0.0	0.0	3	1.0410722160893873	-12.4119171751416	230.0	35	1.05	0.95				
	324	1	0.0	0.0	0.0	0.0	3	1.0206191186365663	-17.50829971646048	230.0	36	1.05	0.95				
	325	1	0.0	0.0	0.0	0.0	3	1.0343757138300462	-10.769725423004884	230.0	35	1.05	0.95				
];
