%% MATPOWER Case Format : Version 2
function mpc = RTS_GMLC
mpc.version = '2';

%%-----  Power Flow Data  -----%%
%% system MVA base
mpc.baseMVA = 100.0;
%% bus data
%    bus_i    type    Pd    Qd    Gs    Bs    area    Vm    Va    baseKV    zone    Vmax    Vmin
mpc.bus = [
	101	2	35.37654626273684	7.206333497964912	0.0	0.0	1	1.0260489441350824	0.8582576054892557	138.0	11	1.05	0.95				
	102	2	31.773379513754385	6.551212270877192	0.0	0.0	1	1.0241301448979028	0.35369757760722376	138.0	12	1.05	0.95				
	103	1	58.96091043789473	12.119742701122806	0.0	0.0	1	1.029708410624318	0.5405327248185591	138.0	11	1.05	0.95				
	104	1	24.239485402245613	4.913409203157895	0.0	0.0	1	1.0194306583956398	-1.7901899752083945	138.0	11	1.05	0.95				
	105	1	23.25680356161403	4.585848589614035	0.0	0.0	1	1.0338114522956054	-1.6072502213546358	138.0	11	1.05	0.95				
	106	1	44.548243441964914	9.17169717922807	0.0	-100.0	1	1.046570596264045	-3.447093621321325	138.0	12	1.05	0.95				
	107	2	40.945076692982454	8.18901533859649	0.0	0.0	1	1.0021946314428902	-8.805481321282668	138.0	12	1.05	0.95				
	108	1	56.01286491599999	11.464621474035086	0.0	0.0	1	1.0082750281381785	-7.194194861745214	138.0	12	1.05	0.95				
	109	1	57.32310737017543	11.792182087578947	0.0	0.0	1	1.0243465213317935	-2.1868738800479117	138.0	13	1.05	0.95				
	110	1	63.87431964105262	13.102424541754385	0.0	0.0	1	1.05	-3.0485723412246424	138.0	13	1.05	0.95				
	111	1	0.0	0.0	0.0	0.0	1	1.0006533763131642	-0.34101856966557664	230.0	13	1.05	0.95				
	112	1	0.0	0.0	0.0	0.0	1	1.0054134242743427	-0.8769142229298015	230.0	13	1.05	0.95				
	113	3	86.80356258912279	17.68827313136842	0.0	0.0	1	0.9906602489003433	4.104494666100203e-29	230.0	14	1.05	0.95				
	114	2	63.54675902750877	12.774863928210525	0.0	0.0	1	0.9969908166282115	1.794236656819449	230.0	16	1.05	0.95				
	115	2	103.8367144934035	20.963879266807016	0.0	0.0	1	1.0348906446269697	7.794621532336515	230.0	16	1.05	0.95				
	116	2	32.75606135438596	6.551212270877192	0.0	0.0	1	1.0300754709127964	6.6337880651042465	230.0	16	1.05	0.95				
	117	1	0.0	0.0	0.0	0.0	1	1.0378403641222727	10.38833028253088	230.0	17	1.05	0.95				
	118	2	109.07768431010525	22.274121720982457	0.0	0.0	1	1.042899120540617	10.88035940060477	230.0	17	1.05	0.95				
	119	1	59.2884710514386	12.119742701122806	0.0	0.0	1	1.018859681303553	4.005457998960795	230.0	15	1.05	0.95				
	120	1	41.92775853361403	8.516575952140352	0.0	0.0	1	1.0123473343982818	2.336818365699263	230.0	15	1.05	0.95				
	121	2	0.0	0.0	0.0	0.0	1	1.0457620438943003	12.105785579185344	230.0	17	1.05	0.95				
	122	2	0.0	0.0	0.0	0.0	1	1.05	21.760297390516065	230.0	17	1.05	0.95				
	123	2	0.0	0.0	0.0	0.0	1	1.008993617659856	1.6736970503217334	230.0	15	1.05	0.95				
	124	1	0.0	0.0	0.0	0.0	1	1.0235459172004922	5.067066933739944	230.0	16	1.05	0.95				
	201	2	36.92365811242106	7.521485911789474	0.0	0.0	2	1.0155576752128612	-13.043162305187188	138.0	21	1.05	0.95				
	202	2	33.16291515652632	6.837714465263159	0.0	0.0	2	1.0146526510072562	-13.320999916734591	138.0	22	1.05	0.95				
	203	1	61.539430187368424	12.649771760736842	0.0	0.0	2	1.0156662396216227	-9.479593400478862	138.0	21	1.05	0.95				
	204	1	25.299543521473684	5.128285848947368	0.0	0.0	2	1.013752915909604	-13.137792112042154	138.0	21	1.05	0.95				
	205	1	24.273886351684208	4.786400125684211	0.0	0.0	2	1.028805300506265	-13.523210079278652	138.0	21	1.05	0.95				
	206	1	46.49645836378948	9.572800251368422	0.0	-100.0	2	1.0445475943281985	-14.249020584191204	138.0	22	1.05	0.95				
	207	2	42.73571540789474	8.547143081578948	0.0	0.0	2	0.9980769989960014	-18.258926094924323	138.0	22	1.05	0.95				
	208	1	58.462458678000004	11.966000314210525	0.0	0.0	2	1.0050484080652669	-16.76646899861752	138.0	22	1.05	0.95				
	209	1	59.83000157105264	12.307886037473684	0.0	0.0	2	1.0221369341834765	-11.562799659259044	138.0	23	1.05	0.95				
	210	1	66.6677160363158	13.675428930526317	0.0	0.0	2	1.05	-12.901029962430684	138.0	23	1.05	0.95				
	211	1	0.0	0.0	0.0	0.0	2	1.0019028961441412	-9.029907353536798	230.0	23	1.05	0.95				
	212	1	0.0	0.0	0.0	0.0	2	1.0046784244044489	-8.535811261250073	230.0	23	1.05	0.95				
	213	2	90.59971666473685	18.46182905621053	0.0	0.0	2	0.9948268992197562	-7.977794974362246	230.0	24	1.05	0.95				
	214	2	66.32583031305263	13.33354320726316	0.0	0.0	2	1.0008075122563527	-6.598858965865431	230.0	26	1.05	0.95				
	215	2	108.37777427442106	21.880686288842107	0.0	0.0	2	1.0155325096973224	-0.6926935194997828	230.0	26	1.05	0.95				
	216	2	34.18857232631579	6.837714465263159	0.0	0.0	2	1.0162256503527973	-1.080239079065732	230.0	26	1.05	0.95				
	217	1	0.0	0.0	0.0	0.0	2	1.0207302572981305	0.4383436407413383	230.0	27	1.05	0.95				
	218	2	113.84794584663157	23.24822918189474	0.0	0.0	2	1.0203707562352304	0.13335048756202064	230.0	27	1.05	0.95				
	219	1	61.881315910631585	12.649771760736842	0.0	0.0	2	1.0160292476201096	-1.5652642670339418	230.0	25	1.05	0.95				
	220	1	43.76137257768421	8.889028804842106	0.0	0.0	2	1.0177691004238103	-1.3025428022981522	230.0	25	1.05	0.95				
	221	2	0.0	0.0	0.0	0.0	2	1.022343659871168	0.6612606608255779	230.0	27	1.05	0.95				
	222	2	0.0	0.0	0.0	0.0	2	1.044212001577617	7.137225226315969	230.0	27	1.05	0.95				
	223	2	0.0	0.0	0.0	0.0	2	1.0189498934607903	-0.8892014644779864	230.0	25	1.05	0.95				
	224	1	0.0	0.0	0.0	0.0	2	1.0047687606532	-4.017936079781448	230.0	26	1.05	0.95				
	301	2	43.493831052631585	8.859854473684212	0.0	0.0	3	1.0106384309701604	-2.0546762001461603	138.0	31	1.05	0.95				
	302	2	39.06390381578947	8.054413157894738	0.0	0.0	3	1.0104799793448553	-2.318607083415574	138.0	32	1.05	0.95				
	303	1	72.48971842105264	14.900664342105262	0.0	0.0	3	1.0443841944893093	8.806265775227024	138.0	31	1.05	0.95				
	304	1	29.801328684210525	6.040809868421053	0.0	0.0	3	1.012661150713734	-1.0070750969127094	138.0	31	1.05	0.95				
	305	1	28.59316671052632	5.638089210526317	0.0	0.0	3	1.0254286994924746	-2.976089492734375	138.0	31	1.05	0.95				
	306	1	54.770009473684226	11.276178421052634	0.0	-100.0	3	1.0417142973900406	-3.979418488619111	138.0	32	1.05	0.95				
	307	2	50.34008223684211	10.068016447368421	0.0	0.0	3	0.9893131910811394	-7.576461965466429	138.0	32	1.05	0.95				
	308	1	68.8652325	14.09522302631579	0.0	0.0	3	0.9983089327777981	-5.800393210622846	138.0	32	1.05	0.95				
	309	1	70.47611513157895	14.497943684210526	0.0	0.0	3	1.0267043285623305	1.7162577240223207	138.0	33	1.05	0.95				
	310	1	78.5305282894737	16.108826315789475	0.0	0.0	3	1.05	-2.5965794790160537	138.0	33	1.05	0.95				
	311	1	0.0	0.0	0.0	0.0	3	1.007471478056367	1.2047360601313855	230.0	33	1.05	0.95				
	312	1	0.0	0.0	0.0	0.0	3	1.0134309408594664	1.9325811393502181	230.0	33	1.05	0.95				
	313	2	106.72097434210528	21.746915526315792	0.0	0.0	3	1.0099364877924129	3.9058902206623034	230.0	34	1.05	0.95				
	314	2	78.12780763157895	15.706105657894739	0.0	0.0	3	0.9984321917087958	0.5980803158200516	230.0	36	1.05	0.95				
	315	2	127.66244855263157	25.77412210526316	0.0	0.0	3	1.0313195083339417	2.4675601227705632	230.0	36	1.05	0.95				
	316	2	40.272065789473686	8.054413157894738	0.0	0.0	3	1.024485307299191	2.1614471132760684	230.0	36	1.05	0.95				
	317	1	0.0	0.0	0.0	0.0	3	1.0344845310658421	4.365099193747502	230.0	37	1.05	0.95				
	318	2	134.1059790789474	27.385004736842113	0.0	0.0	3	1.032514124156924	3.173892564178574	230.0	37	1.05	0.95				
	319	1	72.89243907894738	14.900664342105262	0.0	0.0	3	1.0187859562164239	2.1358931694507794	230.0	35	1.05	0.95				
	320	1	51.54824421052632	10.470737105263158	0.0	0.0	3	1.0164527696096064	2.913478546390858	230.0	35	1.05	0.95				
	321	2	0.0	0.0	0.0	0.0	3	1.0342081089245476	3.512433376450256	230.0	37	1.05	0.95				
	322	2	0.0	0.0	0.0	0.0	3	1.0478215056275255	8.171353672735668	230.0	37	1.05	0.95				
	323	2	0.0	0.0	0.0	0.0	3	1.0158423854962657	3.6607943390071274	230.0	35	1.05	0.95				
	324	1	0.0	0.0	0.0	0.0	3	1.0337002321665996	4.894249295962764	230.0	36	1.05	0.95				
	325	1	0.0	0.0	0.0	0.0	3	1.016877379599274	4.396299913736501	230.0	35	1.05	0.95				
];
