%% MATPOWER Case Format : Version 2
function mpc = RTS_GMLC
mpc.version = '2';

%%-----  Power Flow Data  -----%%
%% system MVA base
mpc.baseMVA = 100.0;
%% bus data
%    bus_i    type    Pd    Qd    Gs    Bs    area    Vm    Va    baseKV    zone    Vmax    Vmin
mpc.bus = [
	101	2	33.57298367242105	6.83894111845614	0.0	0.0	1	1.0200515742121907	1.1803646156072527	138.0	11	1.05	0.95				
	102	2	30.153513113192982	6.21721919859649	0.0	0.0	1	1.0176342318168747	0.5425988194053841	138.0	12	1.05	0.95				
	103	1	55.95497278736842	11.50185551740351	0.0	0.0	1	1.0316645655906183	2.0434941461723932	138.0	11	1.05	0.95				
	104	1	23.00371103480702	4.662914398947368	0.0	0.0	1	1.0170956497320445	-1.2563236149026509	138.0	11	1.05	0.95				
	105	1	22.07112815501754	4.352053439017544	0.0	0.0	1	1.0310455247133428	-1.150412840565351	138.0	11	1.05	0.95				
	106	1	42.277090550456144	8.704106878035088	0.0	-100.0	1	1.0455624757937474	-2.931977592860025	138.0	12	1.05	0.95				
	107	2	38.85761999122806	7.7715239982456135	0.0	0.0	1	1.0010001758218667	-8.80683186652389	138.0	12	1.05	0.95				
	108	1	53.15722414799999	10.880133597543859	0.0	0.0	1	1.0078045460690646	-6.855951615152566	138.0	12	1.05	0.95				
	109	1	54.400667987719295	11.190994557473683	0.0	0.0	1	1.0246707539807254	-1.4253844575921557	138.0	13	1.05	0.95				
	110	1	60.61788718631579	12.43443839719298	0.0	0.0	1	1.05	-2.4917781248827544	138.0	13	1.05	0.95				
	111	1	0.0	0.0	0.0	0.0	1	1.0019577679056881	0.4633578091315463	230.0	13	1.05	0.95				
	112	1	0.0	0.0	0.0	0.0	1	1.0068224790219662	-0.4089963030282776	230.0	13	1.05	0.95				
	113	3	82.3781543814035	16.786491836210526	0.0	0.0	1	0.9912607214903885	-3.1621509210901237e-29	230.0	14	1.05	0.95				
	114	2	60.307026226385965	12.123577437263156	0.0	0.0	1	1.001017486956648	3.430161400581889	230.0	16	1.05	0.95				
	115	2	98.54292429775438	19.89510143550877	0.0	0.0	1	1.0413963149537804	10.644449925012026	230.0	16	1.05	0.95				
	116	2	31.086095992982454	6.21721919859649	0.0	0.0	1	1.034797871065557	9.299074728964074	230.0	16	1.05	0.95				
	117	1	0.0	0.0	0.0	0.0	1	1.0407832280056994	13.97615658833044	230.0	17	1.05	0.95				
	118	2	103.51669965663157	21.138545275228072	0.0	0.0	1	1.048916705524968	14.327988672719094	230.0	17	1.05	0.95				
	119	1	56.265833747298245	11.50185551740351	0.0	0.0	1	1.023151524308752	5.969004193833384	230.0	15	1.05	0.95				
	120	1	39.79020287101754	8.082384958175439	0.0	0.0	1	1.0170906210527793	3.6425961983747905	230.0	15	1.05	0.95				
	121	2	0.0	0.0	0.0	0.0	1	1.05	15.41199992123808	230.0	17	1.05	0.95				
	122	2	0.0	0.0	0.0	0.0	1	1.05	30.24742741770893	230.0	17	1.05	0.95				
	123	2	0.0	0.0	0.0	0.0	1	1.014147083578836	2.5995275617625815	230.0	15	1.05	0.95				
	124	1	0.0	0.0	0.0	0.0	1	1.0268650616311725	7.423255691668099	230.0	16	1.05	0.95				
	201	2	40.86762157894737	8.324885877192983	0.0	0.0	2	1.013725498676898	-14.86855253533336	138.0	21	1.05	0.95				
	202	2	36.70517864035088	7.5680780701754395	0.0	0.0	2	1.012826137327656	-15.16425026918812	138.0	22	1.05	0.95				
	203	1	68.11270263157895	14.000944429824564	0.0	0.0	2	1.0148479391385474	-10.58693526012084	138.0	21	1.05	0.95				
	204	1	28.001888859649128	5.676058552631579	0.0	0.0	2	1.012234216907013	-14.878179890826116	138.0	21	1.05	0.95				
	205	1	26.866677149122808	5.297654649122808	0.0	0.0	2	1.0273515381044747	-15.337986722473362	138.0	21	1.05	0.95				
	206	1	51.46293087719299	10.595309298245615	0.0	-100.0	2	1.0430652567315646	-16.090054908188307	138.0	22	1.05	0.95				
	207	2	47.30048793859649	9.460097587719298	0.0	0.0	2	0.9958000785932154	-20.558695772959656	138.0	22	1.05	0.95				
	208	1	64.70706750000001	13.244136622807018	0.0	0.0	2	1.002340913257406	-18.87985668717952	138.0	22	1.05	0.95				
	209	1	66.2206831140351	13.62254052631579	0.0	0.0	2	1.0223050405312424	-13.07074568454656	138.0	23	1.05	0.95				
	210	1	73.78876118421053	15.136156140350879	0.0	0.0	2	1.05	-14.587944210109649	138.0	23	1.05	0.95				
	211	1	0.0	0.0	0.0	0.0	2	1.0047919079502936	-10.31327432930292	230.0	23	1.05	0.95				
	212	1	0.0	0.0	0.0	0.0	2	1.0072521852906418	-9.72467788247924	230.0	23	1.05	0.95				
	213	2	100.27703442982457	20.433810789473686	0.0	0.0	2	0.9998289853911014	-9.134368910341182	230.0	24	1.05	0.95				
	214	2	73.41035728070176	14.757752236842107	0.0	0.0	2	1.005721118925201	-7.707695514169378	230.0	26	1.05	0.95				
	215	2	119.9540374122807	24.217849824561405	0.0	0.0	2	1.0196125037744648	-1.321624564442392	230.0	26	1.05	0.95				
	216	2	37.84039035087719	7.5680780701754395	0.0	0.0	2	1.0213061562797532	-1.717699071271405	230.0	26	1.05	0.95				
	217	1	0.0	0.0	0.0	0.0	2	1.0253043856758999	0.013062616745404213	230.0	27	1.05	0.95				
	218	2	126.00849986842107	25.731465438596494	0.0	0.0	2	1.024790195722791	-0.41032295714260136	230.0	27	1.05	0.95				
	219	1	68.49110653508774	14.000944429824564	0.0	0.0	2	1.0221437898524082	-2.1588538939208637	230.0	25	1.05	0.95				
	220	1	48.43569964912281	9.838501491228072	0.0	0.0	2	1.0251722411626385	-1.7953146367734452	230.0	25	1.05	0.95				
	221	2	0.0	0.0	0.0	0.0	2	1.0266573579075091	0.08840375571323336	230.0	27	1.05	0.95				
	222	2	0.0	0.0	0.0	0.0	2	1.0485525550877826	6.567060409777985	230.0	27	1.05	0.95				
	223	2	0.0	0.0	0.0	0.0	2	1.0272388341003718	-1.3042119492015298	230.0	25	1.05	0.95				
	224	1	0.0	0.0	0.0	0.0	2	1.0064366893385253	-4.810372718734887	230.0	26	1.05	0.95				
	301	2	45.81714645473685	9.333122425964914	0.0	0.0	3	1.0069917241479371	-14.81664973864412	138.0	31	1.05	0.95				
	302	2	41.15058524175439	8.484656750877196	0.0	0.0	3	1.006867290913053	-14.927283362446293	138.0	32	1.05	0.95				
	303	1	76.36191075789475	15.696614989122809	0.0	0.0	3	1.0248152663224661	-9.585267652349124	138.0	31	1.05	0.95				
	304	1	31.393229978245618	6.363492563157895	0.0	0.0	3	1.010258439694561	-13.532407701318018	138.0	31	1.05	0.95				
	305	1	30.120531465614036	5.939259725614036	0.0	0.0	3	1.022984648054313	-14.238737736895803	138.0	31	1.05	0.95				
	306	1	57.69566590596492	11.878519451228073	0.0	-100.0	3	1.0402883330972332	-14.425968395522982	138.0	32	1.05	0.95				
	307	2	53.029104692982465	10.605820938596493	0.0	0.0	3	0.9909487524490986	-19.031956396199416	138.0	32	1.05	0.95				
	308	1	72.54381522000001	14.848149314035089	0.0	0.0	3	0.9985521857689201	-17.135923143969684	138.0	32	1.05	0.95				
	309	1	74.24074657017545	15.272382151578947	0.0	0.0	3	1.0262538681933397	-10.654109348910682	138.0	33	1.05	0.95				
	310	1	82.72540332105264	16.969313501754392	0.0	0.0	3	1.05	-12.295201192164814	138.0	33	1.05	0.95				
	311	1	0.0	0.0	0.0	0.0	3	1.0084271076669458	-6.607141632233833	230.0	33	1.05	0.95				
	312	1	0.0	0.0	0.0	0.0	3	1.0118194966731684	-6.110212804937433	230.0	33	1.05	0.95				
	313	2	112.42170194912282	22.908573227368425	0.0	0.0	3	1.0115913639462066	-3.089779400315779	230.0	34	1.05	0.95				
	314	2	82.30117048350878	16.54508066421053	0.0	0.0	3	1.0092195384351041	-4.726060509860279	230.0	36	1.05	0.95				
	315	2	134.48180950140352	27.15090160280702	0.0	0.0	3	1.0393857459660938	-0.057380099151679506	230.0	36	1.05	0.95				
	316	2	42.42328375438597	8.484656750877196	0.0	0.0	3	1.0388802608478407	0.3932171743894744	230.0	36	1.05	0.95				
	317	1	0.0	0.0	0.0	0.0	3	1.0499999844154277	5.3459039970853555	230.0	37	1.05	0.95				
	318	2	141.26953490210528	28.84783295298246	0.0	0.0	3	1.0464120273788717	3.193777511463399	230.0	37	1.05	0.95				
	319	1	76.7861435954386	15.696614989122809	0.0	0.0	3	1.0334062935972397	-0.34169095492751006	230.0	35	1.05	0.95				
	320	1	54.30180320561404	11.030053776140353	0.0	0.0	3	1.0314642573519417	-0.16643957068218007	230.0	35	1.05	0.95				
	321	2	0.0	0.0	0.0	0.0	3	1.0453507964378155	2.7317947514398764	230.0	37	1.05	0.95				
	322	2	0.0	0.0	0.0	0.0	3	1.05	8.100061576428061	230.0	37	1.05	0.95				
	323	2	0.0	0.0	0.0	0.0	3	1.030946973285365	0.2549969386252351	230.0	35	1.05	0.95				
	324	1	0.0	0.0	0.0	0.0	3	1.0220132635454895	-3.6099646733903654	230.0	36	1.05	0.95				
	325	1	0.0	0.0	0.0	0.0	3	1.0279912248413612	1.5291792713044317	230.0	35	1.05	0.95				
];
