%% MATPOWER Case Format : Version 2
function mpc = RTS_GMLC
mpc.version = '2';

%%-----  Power Flow Data  -----%%
%% system MVA base
mpc.baseMVA = 100.0;
%% bus data
%    bus_i    type    Pd    Qd    Gs    Bs    area    Vm    Va    baseKV    zone    Vmax    Vmin
mpc.bus = [
	101	2	39.41118257684211	8.028203858245615	0.0	0.0	1	1.0020240606089543	-1.7199440209216512	138.0	11	1.05	0.95				
	102	2	35.3970806477193	7.298367143859649	0.0	0.0	1	1.0005523563966017	-2.216886492567425	138.0	12	1.05	0.95				
	103	1	65.68530429473684	13.50197921614035	0.0	0.0	1	1.0236882331896897	2.683833681247618	138.0	11	1.05	0.95				
	104	1	27.0039584322807	5.473775357894736	0.0	0.0	1	1.0081835333913924	-2.9798860346447307	138.0	11	1.05	0.95				
	105	1	25.90920336070175	5.108857000701755	0.0	0.0	1	1.0214109198454115	-3.3548810698494442	138.0	11	1.05	0.95				
	106	1	49.628896578245616	10.21771400140351	0.0	-100.0	1	1.040175641768028	-4.760698289284596	138.0	12	1.05	0.95				
	107	2	45.6147946491228	9.122958929824561	0.0	0.0	1	0.9812706240536316	-11.24902528318565	138.0	12	1.05	0.95				
	108	1	62.40103908	12.772142501754386	0.0	0.0	1	0.9937977131255679	-8.823939440021002	138.0	12	1.05	0.95				
	109	1	63.860712508771925	13.137060858947367	0.0	0.0	1	1.0242654361345318	-2.0666422835427305	138.0	13	1.05	0.95				
	110	1	71.15907965263158	14.596734287719299	0.0	0.0	1	1.05	-3.788211985968115	138.0	13	1.05	0.95				
	111	1	0.0	0.0	0.0	0.0	1	1.0169508964575364	0.7633658651229288	230.0	13	1.05	0.95				
	112	1	0.0	0.0	0.0	0.0	1	1.0122576623282973	-0.7160720174216337	230.0	13	1.05	0.95				
	113	3	96.70336465614035	19.705591288421054	0.0	0.0	1	0.9904062243560805	2.884066203344263e-28	230.0	14	1.05	0.95				
	114	2	70.7941612954386	14.231815930526315	0.0	0.0	1	1.05	4.993210160162425	230.0	16	1.05	0.95				
	115	2	115.67911923017542	23.354774860350876	0.0	0.0	1	1.0413491653979081	15.612917290703992	230.0	16	1.05	0.95				
	116	2	36.491835719298244	7.298367143859649	0.0	0.0	1	1.0419571107365981	13.397305109124641	230.0	16	1.05	0.95				
	117	1	0.0	0.0	0.0	0.0	1	1.0402875654176373	20.039872601711505	230.0	17	1.05	0.95				
	118	2	121.51781294526316	24.814448289122808	0.0	0.0	1	1.05	20.913767668126546	230.0	17	1.05	0.95				
	119	1	66.05022265192983	13.50197921614035	0.0	0.0	1	1.03953182779653	8.384830994485103	230.0	15	1.05	0.95				
	120	1	46.70954972070175	9.487877287017543	0.0	0.0	1	1.045374578972465	4.740920748481365	230.0	15	1.05	0.95				
	121	2	0.0	0.0	0.0	0.0	1	1.0444668015853176	22.662082544463367	230.0	17	1.05	0.95				
	122	2	0.0	0.0	0.0	0.0	1	1.05	40.61303369874534	230.0	17	1.05	0.95				
	123	2	0.0	0.0	0.0	0.0	1	1.05	3.0242000859087472	230.0	15	1.05	0.95				
	124	1	0.0	0.0	0.0	0.0	1	1.0184157381925605	10.799077213017105	230.0	16	1.05	0.95				
	201	2	42.516606315789474	8.660790175438596	0.0	0.0	2	1.0210201372988021	-18.894148489642244	138.0	21	1.05	0.95				
	202	2	38.18621122807017	7.873445614035088	0.0	0.0	2	1.020059491407488	-19.200688532801404	138.0	22	1.05	0.95				
	203	1	70.86101052631578	14.56587438596491	0.0	0.0	2	1.011653122611019	-13.89312398355242	138.0	21	1.05	0.95				
	204	1	29.13174877192982	5.905084210526315	0.0	0.0	2	1.0136738744884517	-18.819393910493886	138.0	21	1.05	0.95				
	205	1	27.950731929824556	5.511411929824562	0.0	0.0	2	1.0303492122809808	-19.34265313720792	138.0	21	1.05	0.95				
	206	1	53.539430175438596	11.022823859649124	0.0	-100.0	2	1.0435882113419437	-20.09833529056062	138.0	22	1.05	0.95				
	207	2	49.20903508771929	9.841807017543859	0.0	0.0	2	1.001851869344637	-24.831361648385773	138.0	22	1.05	0.95				
	208	1	67.31796	13.778529824561403	0.0	0.0	2	1.0043856863816725	-23.034800378128864	138.0	22	1.05	0.95				
	209	1	68.89264912280701	14.172202105263157	0.0	0.0	2	1.0196035108393053	-16.867875733844677	138.0	23	1.05	0.95				
	210	1	76.76609473684209	15.746891228070176	0.0	0.0	2	1.0489477144286357	-18.5289652217989	138.0	23	1.05	0.95				
	211	1	0.0	0.0	0.0	0.0	2	1.0056117013373733	-14.047693826673258	230.0	23	1.05	0.95				
	212	1	0.0	0.0	0.0	0.0	2	0.9973675988554391	-13.513279170543361	230.0	23	1.05	0.95				
	213	2	104.32315438596491	21.258303157894737	0.0	0.0	2	0.9923636679568962	-12.913284995187967	230.0	24	1.05	0.95				
	214	2	76.37242245614034	15.353218947368422	0.0	0.0	2	1.0169248504188384	-11.308107240643935	230.0	26	1.05	0.95				
	215	2	124.79411298245613	25.195025964912283	0.0	0.0	2	1.026276382538257	-4.0239824265224975	230.0	26	1.05	0.95				
	216	2	39.367228070175436	7.873445614035088	0.0	0.0	2	1.0253995738068662	-4.9492501683480885	230.0	26	1.05	0.95				
	217	1	0.0	0.0	0.0	0.0	2	1.0353190699977606	-2.402546200277465	230.0	27	1.05	0.95				
	218	2	131.0928694736842	26.769715087719298	0.0	0.0	2	1.0353390889811003	-2.9326862911324727	230.0	27	1.05	0.95				
	219	1	71.25468280701755	14.56587438596491	0.0	0.0	2	1.0107886211622181	-5.439463204260588	230.0	25	1.05	0.95				
	220	1	50.390051929824565	10.235479298245615	0.0	0.0	2	1.0006568720941007	-5.077641483936912	230.0	25	1.05	0.95				
	221	2	0.0	0.0	0.0	0.0	2	1.0349854104155598	-2.49539992691993	230.0	27	1.05	0.95				
	222	2	0.0	0.0	0.0	0.0	2	1.05	4.038878397566592	230.0	27	1.05	0.95				
	223	2	0.0	0.0	0.0	0.0	2	0.9956296963827101	-4.5506572010265325	230.0	25	1.05	0.95				
	224	1	0.0	0.0	0.0	0.0	2	1.0086380108478878	-7.703745221346726	230.0	26	1.05	0.95				
	301	2	53.23125592421053	10.843403984561403	0.0	0.0	3	1.024228444087537	12.640571773229764	138.0	31	1.05	0.95				
	302	2	47.80955393192982	9.857639985964912	0.0	0.0	3	1.0208436415673008	12.293574696994272	138.0	32	1.05	0.95				
	303	1	88.71875987368422	18.236633974035087	0.0	0.0	3	1.05	28.725457548314665	138.0	31	1.05	0.95				
	304	1	36.47326794807017	7.393229989473683	0.0	0.0	3	1.008717727271511	14.017976669867387	138.0	31	1.05	0.95				
	305	1	34.994621950175436	6.9003479901754385	0.0	0.0	3	1.0270851199455664	11.179574316543894	138.0	31	1.05	0.95				
	306	1	67.03195190456141	13.800695980350877	0.0	-100.0	3	1.0352630358359527	9.780963810760886	138.0	32	1.05	0.95				
	307	2	61.6102499122807	12.32204998245614	0.0	0.0	3	0.95	5.403735838369601	138.0	32	1.05	0.95				
	308	1	84.28282188	17.250869975438597	0.0	0.0	3	0.9669835196451727	7.657283767774335	138.0	32	1.05	0.95				
	309	1	86.25434987719298	17.743751974736842	0.0	0.0	3	1.0151666838219031	17.498058440862124	138.0	33	1.05	0.95				
	310	1	96.11198986315789	19.715279971929824	0.0	0.0	3	1.0419514723261583	11.285851029868208	138.0	33	1.05	0.95				
	311	1	0.0	0.0	0.0	0.0	3	1.0029946081627048	15.75787995363911	230.0	33	1.05	0.95				
	312	1	0.0	0.0	0.0	0.0	3	1.007997720196753	16.09455474822876	230.0	33	1.05	0.95				
	313	2	130.61372981403508	26.615627962105265	0.0	0.0	3	1.004001472754391	17.30076401000681	230.0	34	1.05	0.95				
	314	2	95.61910786385964	19.22239797263158	0.0	0.0	3	0.9997041064993171	15.876394177664087	230.0	36	1.05	0.95				
	315	2	156.24359377754388	31.54444795508772	0.0	0.0	3	1.05	19.279036717674316	230.0	36	1.05	0.95				
	316	2	49.28819992982456	9.857639985964912	0.0	0.0	3	1.0371475171881808	18.97934960507386	230.0	36	1.05	0.95				
	317	1	0.0	0.0	0.0	0.0	3	1.0440948792792333	23.379190995463244	230.0	37	1.05	0.95				
	318	2	164.1297057663158	33.515975952280705	0.0	0.0	3	1.0349894787699043	19.67939230977143	230.0	37	1.05	0.95				
	319	1	89.21164187298245	18.236633974035087	0.0	0.0	3	1.0262057259347013	17.67918167372998	230.0	35	1.05	0.95				
	320	1	63.08889591017544	12.814931981754384	0.0	0.0	3	1.0205655967321448	17.494997071667402	230.0	35	1.05	0.95				
	321	2	0.0	0.0	0.0	0.0	3	1.0489241044798392	20.181272619892294	230.0	37	1.05	0.95				
	322	2	0.0	0.0	0.0	0.0	3	1.05	25.771675989121928	230.0	37	1.05	0.95				
	323	2	0.0	0.0	0.0	0.0	3	1.0183145317834237	17.77783413212299	230.0	35	1.05	0.95				
	324	1	0.0	0.0	0.0	0.0	3	1.0469985223422067	22.88923338725911	230.0	36	1.05	0.95				
	325	1	0.0	0.0	0.0	0.0	3	1.0202276784708473	18.208292116360006	230.0	35	1.05	0.95				
];
