%% MATPOWER Case Format : Version 2
function mpc = RTS_GMLC
mpc.version = '2';

%%-----  Power Flow Data  -----%%
%% system MVA base
mpc.baseMVA = 100.0;
%% bus data
%    bus_i    type    Pd    Qd    Gs    Bs    area    Vm    Va    baseKV    zone    Vmax    Vmin
mpc.bus = [
	101	2	54.66798613894737	11.136071250526316	0.0	0.0	1	1.0337773334321247	1.9489763873492683	138.0	11	1.05	0.95				
	102	2	49.099950513684206	10.123701136842106	0.0	0.0	1	1.0334608853599734	1.841992843598343	138.0	12	1.05	0.95				
	103	1	91.11331023157895	18.728847103157893	0.0	0.0	1	1.0267197098151304	-0.2273478340545717	138.0	11	1.05	0.95				
	104	1	37.457694206315786	7.592775852631578	0.0	0.0	1	1.0204604436206433	-1.3753692273698435	138.0	11	1.05	0.95				
	105	1	35.93913903578947	7.0865907957894745	0.0	0.0	1	1.0350059165809882	-1.1761209204940684	138.0	11	1.05	0.95				
	106	1	68.84116773052632	14.173181591578949	0.0	-100.0	1	1.0433114491245776	-3.4223463153181104	138.0	12	1.05	0.95				
	107	2	63.27313210526315	12.654626421052631	0.0	0.0	1	1.0246070777738052	-2.740927437755775	138.0	12	1.05	0.95				
	108	1	86.55764472	17.71647698947368	0.0	0.0	1	1.0178002194829876	-4.176074996619228	138.0	12	1.05	0.95				
	109	1	88.58238494736842	18.222662046315786	0.0	0.0	1	1.0255714775492322	-1.9606977281889701	138.0	13	1.05	0.95				
	110	1	98.70608608421053	20.247402273684212	0.0	0.0	1	1.05	-2.750483080561327	138.0	13	1.05	0.95				
	111	1	0.0	0.0	0.0	0.0	1	1.0050870461699792	-0.40330724436861887	230.0	13	1.05	0.95				
	112	1	0.0	0.0	0.0	0.0	1	1.0100781226388904	0.2508443660953726	230.0	13	1.05	0.95				
	113	3	134.1390400631579	27.333993069473685	0.0	0.0	1	0.9981564503170951	1.6745037360627384e-27	230.0	14	1.05	0.95				
	114	2	98.19990102736841	19.741217216842106	0.0	0.0	1	1.0015836093675121	1.3160238496447536	230.0	16	1.05	0.95				
	115	2	160.46066301894734	32.395843637894735	0.0	0.0	1	1.0398426493967672	6.999796940118484	230.0	16	1.05	0.95				
	116	2	50.618505684210525	10.123701136842106	0.0	0.0	1	1.0355440758495473	6.709491647925239	230.0	16	1.05	0.95				
	117	1	0.0	0.0	0.0	0.0	1	1.0429954675757778	8.394543683184231	230.0	17	1.05	0.95				
	118	2	168.55962392842105	34.42058386526316	0.0	0.0	1	1.0456563172840774	8.2656529345094	230.0	17	1.05	0.95				
	119	1	91.61949528842105	18.728847103157893	0.0	0.0	1	1.0293022040583502	5.975074627414581	230.0	15	1.05	0.95				
	120	1	64.79168727578947	13.160811477894738	0.0	0.0	1	1.027683165850305	6.313018419026988	230.0	15	1.05	0.95				
	121	2	0.0	0.0	0.0	0.0	1	1.05	9.154489506826899	230.0	17	1.05	0.95				
	122	2	0.0	0.0	0.0	0.0	1	1.05	16.18492084198153	230.0	17	1.05	0.95				
	123	2	0.0	0.0	0.0	0.0	1	1.0277863425754092	6.886966254886964	230.0	15	1.05	0.95				
	124	1	0.0	0.0	0.0	0.0	1	1.025495471824008	4.306976573666041	230.0	16	1.05	0.95				
	201	2	53.345506054736845	10.866677159298247	0.0	0.0	2	1.0325210342201652	-5.895762112145676	138.0	21	1.05	0.95				
	202	2	47.91216747508772	9.878797417543861	0.0	0.0	2	1.0327815198291275	-5.916922798275624	138.0	22	1.05	0.95				
	203	1	88.90917675789474	18.27577522245614	0.0	0.0	2	1.0239350478459883	-5.069528542325326	138.0	21	1.05	0.95				
	204	1	36.55155044491228	7.409098063157894	0.0	0.0	2	1.0196502214567518	-8.32606747116354	138.0	21	1.05	0.95				
	205	1	35.0697308322807	6.915158192280703	0.0	0.0	2	1.0348667041801	-8.494593863338588	138.0	21	1.05	0.95				
	206	1	67.17582243929824	13.830316384561407	0.0	-100.0	2	1.0438244481598917	-10.423316366884746	138.0	22	1.05	0.95				
	207	2	61.74248385964912	12.348496771929824	0.0	0.0	2	0.9886742107346962	-17.914311554720946	138.0	22	1.05	0.95				
	208	1	84.46371792000001	17.287895480701753	0.0	0.0	2	0.9936819329882339	-15.629856871917875	138.0	22	1.05	0.95				
	209	1	86.43947740350877	17.78183535157895	0.0	0.0	2	1.0236012043640847	-8.29127740112645	138.0	23	1.05	0.95				
	210	1	96.31827482105263	19.757594835087723	0.0	0.0	2	1.05	-9.567660046496801	138.0	23	1.05	0.95				
	211	1	0.0	0.0	0.0	0.0	2	1.008317929454449	-5.676935684370751	230.0	23	1.05	0.95				
	212	1	0.0	0.0	0.0	0.0	2	1.0111604019450147	-5.119159446992475	230.0	23	1.05	0.95				
	213	2	130.89406578245615	26.672753027368422	0.0	0.0	2	1.0032675700114226	-4.851822655850131	230.0	24	1.05	0.95				
	214	2	95.82433495017544	19.263654964210527	0.0	0.0	2	1.0113522554549448	-3.0614184123898096	230.0	26	1.05	0.95				
	215	2	156.57893906807016	31.612151736140355	0.0	0.0	2	1.0307358344095794	3.705430399136282	230.0	26	1.05	0.95				
	216	2	49.393987087719296	9.878797417543861	0.0	0.0	2	1.0325698141606288	3.610501589952235	230.0	26	1.05	0.95				
	217	1	0.0	0.0	0.0	0.0	2	1.0375562874677546	6.457539094623935	230.0	27	1.05	0.95				
	218	2	164.48197700210528	33.58791121964912	0.0	0.0	2	1.0393617925096341	7.032403536195629	230.0	27	1.05	0.95				
	219	1	89.40311662877193	18.27577522245614	0.0	0.0	2	1.0316985736027937	2.625409873916527	230.0	25	1.05	0.95				
	220	1	63.22430347228071	12.842436642807018	0.0	0.0	2	1.0346491685529733	2.721565955918025	230.0	25	1.05	0.95				
	221	2	0.0	0.0	0.0	0.0	2	1.0389505494978857	6.677400876586121	230.0	27	1.05	0.95				
	222	2	0.0	0.0	0.0	0.0	2	1.05	13.092178229461696	230.0	27	1.05	0.95				
	223	2	0.0	0.0	0.0	0.0	2	1.037127888953098	3.145365144740331	230.0	25	1.05	0.95				
	224	1	0.0	0.0	0.0	0.0	2	1.0172238177732082	0.40881485462398454	230.0	26	1.05	0.95				
	301	2	52.34292943578948	10.66244858877193	0.0	0.0	3	1.0081757912268676	-23.878208668671977	138.0	31	1.05	0.95				
	302	2	47.01170514140351	9.693135080701754	0.0	0.0	3	1.0075959665711525	-24.013645521193357	138.0	32	1.05	0.95				
	303	1	87.23821572631579	17.932299899298247	0.0	0.0	3	1.0253907476835977	-17.297437047296107	138.0	31	1.05	0.95				
	304	1	35.864599798596494	7.269851310526315	0.0	0.0	3	1.0093602240997024	-22.396071162156268	138.0	31	1.05	0.95				
	305	1	34.41062953649123	6.78519455649123	0.0	0.0	3	1.0226879879007165	-23.29130399581068	138.0	31	1.05	0.95				
	306	1	65.91331854877194	13.57038911298246	0.0	-100.0	3	1.038692098106512	-23.52557227141166	138.0	32	1.05	0.95				
	307	2	60.582094254385964	12.116418850877194	0.0	0.0	3	0.9929553532165377	-28.912276360286064	138.0	32	1.05	0.95				
	308	1	82.87630494	16.962986391228068	0.0	0.0	3	0.9972078160358344	-26.678902454800845	138.0	32	1.05	0.95				
	309	1	84.81493195614036	17.447643145263157	0.0	0.0	3	1.0266637308465494	-19.093539134729163	138.0	33	1.05	0.95				
	310	1	94.5080670368421	19.38627016140351	0.0	0.0	3	1.05	-21.146384646297474	138.0	33	1.05	0.95				
	311	1	0.0	0.0	0.0	0.0	3	1.0123678653555839	-14.71291481090383	230.0	33	1.05	0.95				
	312	1	0.0	0.0	0.0	0.0	3	1.013414869199152	-14.295876657231052	230.0	33	1.05	0.95				
	313	2	128.43403981929825	26.17146471789474	0.0	0.0	3	1.0152338656002882	-11.23210053610393	230.0	34	1.05	0.95				
	314	2	94.02341028280702	18.901613407368423	0.0	0.0	3	1.0193151742645599	-12.313253965624828	230.0	36	1.05	0.95				
	315	2	153.6361910291228	31.018032258245615	0.0	0.0	3	1.0432155963229164	-6.409065680480325	230.0	36	1.05	0.95				
	316	2	48.465675403508776	9.693135080701754	0.0	0.0	3	1.0419964565420312	-6.040217172638915	230.0	36	1.05	0.95				
	317	1	0.0	0.0	0.0	0.0	3	1.0456425681179315	-3.7995685706761346	230.0	37	1.05	0.95				
	318	2	161.39069909368422	32.95665927438597	0.0	0.0	3	1.0454031396975005	-3.535376897171612	230.0	37	1.05	0.95				
	319	1	87.72287248035087	17.932299899298247	0.0	0.0	3	1.0373562771239384	-7.235123447494479	230.0	35	1.05	0.95				
	320	1	62.03606451649123	12.601075604912282	0.0	0.0	3	1.0369653252341202	-7.353530869753639	230.0	35	1.05	0.95				
	321	2	0.0	0.0	0.0	0.0	3	1.0480160710341528	-3.007942182870684	230.0	37	1.05	0.95				
	322	2	0.0	0.0	0.0	0.0	3	1.05	1.0198592979181031	230.0	37	1.05	0.95				
	323	2	0.0	0.0	0.0	0.0	3	1.0375148116083863	-7.054174364426883	230.0	35	1.05	0.95				
	324	1	0.0	0.0	0.0	0.0	3	1.0229266398076973	-10.459367239170977	230.0	36	1.05	0.95				
	325	1	0.0	0.0	0.0	0.0	3	1.033431834932085	-5.706573097313635	230.0	35	1.05	0.95				
];
