%% MATPOWER Case Format : Version 2
function mpc = RTS_GMLC
mpc.version = '2';

%%-----  Power Flow Data  -----%%
%% system MVA base
mpc.baseMVA = 100.0;
%% bus data
%    bus_i    type    Pd    Qd    Gs    Bs    area    Vm    Va    baseKV    zone    Vmax    Vmin
mpc.bus = [
	101	2	78.78228601263159	16.048243447017544	0.0	0.0	1	1.0489914923841217	-0.44323491177332175	138.0	11	1.05	0.95				
	102	2	70.7581642891228	14.589312224561404	0.0	0.0	1	1.0477349766020738	-0.8623966319286903	138.0	12	1.05	0.95				
	103	1	131.30381002105264	26.990227615438595	0.0	0.0	1	1.0261680450352166	-0.3945894433738218	138.0	11	1.05	0.95				
	104	1	53.98045523087719	10.941984168421053	0.0	0.0	1	1.0251296524678108	-4.09082850531532	138.0	11	1.05	0.95				
	105	1	51.79205839719299	10.212518557192983	0.0	0.0	1	1.0389931524997205	-4.6446886989958776	138.0	11	1.05	0.95				
	106	1	99.20732312701756	20.425037114385965	0.0	-100.0	1	1.039677483576107	-7.753469270563583	138.0	12	1.05	0.95				
	107	2	91.18320140350878	18.236640280701756	0.0	0.0	1	1.000319905548905	-15.43578201694001	138.0	12	1.05	0.95				
	108	1	124.73861952	25.531296392982455	0.0	0.0	1	0.993082576332478	-13.653704183860217	138.0	12	1.05	0.95				
	109	1	127.65648196491229	26.260762004210527	0.0	0.0	1	1.025008276059494	-4.9439755579327915	138.0	13	1.05	0.95				
	110	1	142.24579418947368	29.178624449122808	0.0	0.0	1	1.05	-6.687536259772447	138.0	13	1.05	0.95				
	111	1	0.0	0.0	0.0	0.0	1	1.017685861328108	-1.6721997398349555	230.0	13	1.05	0.95				
	112	1	0.0	0.0	0.0	0.0	1	1.0174814569111605	-1.4957554319431643	230.0	13	1.05	0.95				
	113	3	193.3083869754386	39.391143006315794	0.0	0.0	1	1.0187580719635976	-2.8548454122827957e-30	230.0	14	1.05	0.95				
	114	2	141.5163285782456	28.44915883789474	0.0	0.0	1	1.0270507693546473	0.9912374409088316	230.0	16	1.05	0.95				
	115	2	231.24059875929825	46.68579911859649	0.0	0.0	1	1.0391722195006035	10.871138034927682	230.0	16	1.05	0.95				
	116	2	72.94656112280703	14.589312224561404	0.0	0.0	1	1.039043268606612	9.263333223789973	230.0	16	1.05	0.95				
	117	1	0.0	0.0	0.0	0.0	1	1.0444053648290348	14.301203516958369	230.0	17	1.05	0.95				
	118	2	242.91204853894737	49.60366156350878	0.0	0.0	1	1.05	15.679466009020162	230.0	17	1.05	0.95				
	119	1	132.03327563228072	26.990227615438595	0.0	0.0	1	1.0339838823171705	6.771322330504522	230.0	15	1.05	0.95				
	120	1	93.37159823719298	18.966105891929825	0.0	0.0	1	1.0360323598099654	5.524368744383086	230.0	15	1.05	0.95				
	121	2	0.0	0.0	0.0	0.0	1	1.05	18.19046044435701	230.0	17	1.05	0.95				
	122	2	0.0	0.0	0.0	0.0	1	1.05	24.242185493404182	230.0	17	1.05	0.95				
	123	2	0.0	0.0	0.0	0.0	1	1.0390556098322763	5.382786396705982	230.0	15	1.05	0.95				
	124	1	0.0	0.0	0.0	0.0	1	1.0202533643081648	6.6603709612504955	230.0	16	1.05	0.95				
	201	2	74.30631199578947	15.13647096210526	0.0	0.0	2	1.0277868939060997	-12.397393261145034	138.0	21	1.05	0.95				
	202	2	66.73807651473683	13.760428147368419	0.0	0.0	2	1.0286709900049822	-12.235842382520405	138.0	22	1.05	0.95				
	203	1	123.84385332631578	25.45679207263158	0.0	0.0	2	1.0145619457909798	-11.043933597171817	138.0	21	1.05	0.95				
	204	1	50.91358414526316	10.320321110526315	0.0	0.0	2	1.0150316049784287	-12.37197873886692	138.0	21	1.05	0.95				
	205	1	48.849519923157885	9.632299703157894	0.0	0.0	2	1.0300807532604022	-12.75896852561671	138.0	21	1.05	0.95				
	206	1	93.57091140210527	19.26459940631579	0.0	-100.0	2	1.0378891760946423	-13.585805132085971	138.0	22	1.05	0.95				
	207	2	86.00267592105261	17.200535184210526	0.0	0.0	2	0.9739020391447047	-23.263018015987207	138.0	22	1.05	0.95				
	208	1	117.65166065999999	24.08074925789473	0.0	0.0	2	0.9761885992337734	-19.891075288752102	138.0	22	1.05	0.95				
	209	1	120.40374628947367	24.768770665263155	0.0	0.0	2	1.025846696029851	-9.675189369673333	138.0	23	1.05	0.95				
	210	1	134.1641744368421	27.520856294736838	0.0	0.0	2	1.05	-10.935371625068523	138.0	23	1.05	0.95				
	211	1	0.0	0.0	0.0	0.0	2	1.024213985193779	-5.5914423252564225	230.0	23	1.05	0.95				
	212	1	0.0	0.0	0.0	0.0	2	1.021514733593277	0.4424884686415933	230.0	23	1.05	0.95				
	213	2	182.32567295263155	37.153155997894736	0.0	0.0	2	1.0357685596401789	-1.7440085781970402	230.0	24	1.05	0.95				
	214	2	133.47615302947366	26.832834887368417	0.0	0.0	2	1.0331962222808238	-4.354580624084168	230.0	26	1.05	0.95				
	215	2	218.10278613578947	44.03337007157894	0.0	0.0	2	1.039999294750008	0.9577538730126343	230.0	26	1.05	0.95				
	216	2	68.8021407368421	13.760428147368419	0.0	0.0	2	1.0412994438234278	1.650645632665949	230.0	26	1.05	0.95				
	217	1	0.0	0.0	0.0	0.0	2	1.041944256804589	2.397674739205795	230.0	27	1.05	0.95				
	218	2	229.1111286536842	46.78545570105263	0.0	0.0	2	1.039695541878359	1.4137542581645786	230.0	27	1.05	0.95				
	219	1	124.5318747336842	25.45679207263158	0.0	0.0	2	1.0380110790682828	4.0408363290682	230.0	25	1.05	0.95				
	220	1	88.06674014315789	17.888556591578947	0.0	0.0	2	1.0432191336666827	7.414198011847028	230.0	25	1.05	0.95				
	221	2	0.0	0.0	0.0	0.0	2	1.0416343819276686	2.075952028325725	230.0	27	1.05	0.95				
	222	2	0.0	0.0	0.0	0.0	2	1.05	8.706972160790583	230.0	27	1.05	0.95				
	223	2	0.0	0.0	0.0	0.0	2	1.05	9.751855645434958	230.0	25	1.05	0.95				
	224	1	0.0	0.0	0.0	0.0	2	1.0154677744000726	-3.4763902492879715	230.0	26	1.05	0.95				
	301	2	58.69788040421052	11.956975637894736	0.0	0.0	3	1.0003163825263932	38.747029156170825	138.0	31	1.05	0.95				
	302	2	52.71939258526316	10.86997785263158	0.0	0.0	3	0.9998051177524495	38.58899899415943	138.0	32	1.05	0.95				
	303	1	97.8298006736842	20.10945902736842	0.0	0.0	3	1.0378770883941655	45.42050587505359	138.0	31	1.05	0.95				
	304	1	40.21891805473684	8.152483389473684	0.0	0.0	3	1.005848607712983	40.1553258399696	138.0	31	1.05	0.95				
	305	1	38.5884213768421	7.608984496842106	0.0	0.0	3	1.0176451561414115	39.57906483805939	138.0	31	1.05	0.95				
	306	1	73.91584939789475	15.217968993684211	0.0	-100.0	3	1.0349767435165722	39.42045977051961	138.0	32	1.05	0.95				
	307	2	67.93736157894736	13.587472315789473	0.0	0.0	3	0.9669064504550172	37.25624162136957	138.0	32	1.05	0.95				
	308	1	92.93831063999998	19.02246124210526	0.0	0.0	3	0.9904994546347506	39.56088514716633	138.0	32	1.05	0.95				
	309	1	95.11230621052631	19.56596013473684	0.0	0.0	3	1.0289878751086416	43.64412270096567	138.0	33	1.05	0.95				
	310	1	105.98228406315788	21.73995570526316	0.0	0.0	3	1.05	42.155741126693485	138.0	33	1.05	0.95				
	311	1	0.0	0.0	0.0	0.0	3	1.011625552844618	46.65821156461518	230.0	33	1.05	0.95				
	312	1	0.0	0.0	0.0	0.0	3	1.0229163892529531	47.43155259206228	230.0	33	1.05	0.95				
	313	2	144.0272065473684	29.34894020210526	0.0	0.0	3	1.0306517237795323	54.54619764102123	230.0	34	1.05	0.95				
	314	2	105.43878517052632	21.196456812631578	0.0	0.0	3	1.0053273473384332	43.467660830930456	230.0	36	1.05	0.95				
	315	2	172.2891489642105	34.78392912842105	0.0	0.0	3	1.0454003244643173	35.42488830857133	230.0	36	1.05	0.95				
	316	2	54.34988926315789	10.86997785263158	0.0	0.0	3	1.0422501331026284	36.24508473576098	230.0	36	1.05	0.95				
	317	1	0.0	0.0	0.0	0.0	3	1.05	34.612021939984444	230.0	37	1.05	0.95				
	318	2	180.9851312463158	36.95792469894737	0.0	0.0	3	1.05	32.09491041292564	230.0	37	1.05	0.95				
	319	1	98.37329956631578	20.10945902736842	0.0	0.0	3	1.0445175547636139	37.98935402215913	230.0	35	1.05	0.95				
	320	1	69.5678582568421	14.130971208421053	0.0	0.0	3	1.0485486230931378	39.42254585310868	230.0	35	1.05	0.95				
	321	2	0.0	0.0	0.0	0.0	3	1.0489870398877963	33.81564997337987	230.0	37	1.05	0.95				
	322	2	0.0	0.0	0.0	0.0	3	1.05	38.474437618282714	230.0	37	1.05	0.95				
	323	2	0.0	0.0	0.0	0.0	3	1.05	39.757294811056795	230.0	35	1.05	0.95				
	324	1	0.0	0.0	0.0	0.0	3	1.0421238304538463	41.24375381346852	230.0	36	1.05	0.95				
	325	1	0.0	0.0	0.0	0.0	3	1.0488996316884003	37.949442104135564	230.0	35	1.05	0.95				
];
