%% MATPOWER Case Format : Version 2
function mpc = RTS_GMLC
mpc.version = '2';

%%-----  Power Flow Data  -----%%
%% system MVA base
mpc.baseMVA = 100.0;
%% bus data
%    bus_i    type    Pd    Qd    Gs    Bs    area    Vm    Va    baseKV    zone    Vmax    Vmin
mpc.bus = [
	101	2	41.86937160000001	8.528946066666668	0.0	0.0	1	0.9993400615220958	-2.1642296745009904	138.0	11	1.05	0.95				
	102	2	37.60489856666667	7.753587333333334	0.0	0.0	1	0.9979036939964144	-2.6701290158370186	138.0	12	1.05	0.95				
	103	1	69.782286	14.344136566666668	0.0	0.0	1	1.021306372145348	2.557706717136326	138.0	11	1.05	0.95				
	104	1	28.688273133333336	5.8151905	0.0	0.0	1	1.0065106146883795	-3.3692758032601886	138.0	11	1.05	0.95				
	105	1	27.525235033333335	5.427511133333334	0.0	0.0	1	1.019732636285117	-3.7774180406514835	138.0	11	1.05	0.95				
	106	1	52.724393866666674	10.855022266666667	0.0	-100.0	1	1.0388944074213433	-5.189665921016684	138.0	12	1.05	0.95				
	107	2	48.459920833333335	9.691984166666668	0.0	0.0	1	0.9854543933650467	-11.59088484181356	138.0	12	1.05	0.95				
	108	1	66.2931717	13.568777833333334	0.0	0.0	1	0.995509014841343	-9.217888545036516	138.0	12	1.05	0.95				
	109	1	67.84388916666667	13.9564572	0.0	0.0	1	1.0242562117790073	-2.308834618165877	138.0	13	1.05	0.95				
	110	1	75.5974765	15.507174666666668	0.0	0.0	1	1.05	-4.111087963527327	138.0	13	1.05	0.95				
	111	1	0.0	0.0	0.0	0.0	1	1.0182086756446536	0.6914732656031436	230.0	13	1.05	0.95				
	112	1	0.0	0.0	0.0	0.0	1	1.0138743284855196	-0.7938212945667382	230.0	13	1.05	0.95				
	113	3	102.73503216666666	20.934685800000004	0.0	0.0	1	0.9954585376872517	-4.1806815607608496e-22	230.0	14	1.05	0.95				
	114	2	75.20979713333334	15.119495300000002	0.0	0.0	1	1.05	5.060604769135871	230.0	16	1.05	0.95				
	115	2	122.89435923333333	24.81147946666667	0.0	0.0	1	1.0401352160179766	16.117340035396186	230.0	16	1.05	0.95				
	116	2	38.76793666666667	7.753587333333334	0.0	0.0	1	1.0406839710426756	13.813658181233725	230.0	16	1.05	0.95				
	117	1	0.0	0.0	0.0	0.0	1	1.0396013614869444	20.656684266167332	230.0	17	1.05	0.95				
	118	2	129.09722910000002	26.362196933333337	0.0	0.0	1	1.05	21.608285588654184	230.0	17	1.05	0.95				
	119	1	70.16996536666667	14.344136566666668	0.0	0.0	1	1.038386242200463	8.671154344426688	230.0	15	1.05	0.95				
	120	1	49.62295893333334	10.079663533333335	0.0	0.0	1	1.0448716643724434	4.961777174636469	230.0	15	1.05	0.95				
	121	2	0.0	0.0	0.0	0.0	1	1.0454570333166122	23.47712874266304	230.0	17	1.05	0.95				
	122	2	0.0	0.0	0.0	0.0	1	1.05	41.419483238295776	230.0	17	1.05	0.95				
	123	2	0.0	0.0	0.0	0.0	1	1.05	3.227804452542144	230.0	15	1.05	0.95				
	124	1	0.0	0.0	0.0	0.0	1	1.0158838261143868	11.073496352904094	230.0	16	1.05	0.95				
	201	2	44.55658743157895	9.076341884210526	0.0	0.0	2	1.0224875129771485	-18.67504223290582	138.0	21	1.05	0.95				
	202	2	40.01841648947369	8.251219894736844	0.0	0.0	2	1.0215223110579763	-18.977116891850162	138.0	22	1.05	0.95				
	203	1	74.26097905263158	15.264756805263158	0.0	0.0	2	1.0131522100444164	-13.71567871708285	138.0	21	1.05	0.95				
	204	1	30.529513610526315	6.188414921052631	0.0	0.0	2	1.01470180753314	-18.500837923303383	138.0	21	1.05	0.95				
	205	1	29.29183062631579	5.77585392631579	0.0	0.0	2	1.0313435692328345	-19.026862618936775	138.0	21	1.05	0.95				
	206	1	56.10829528421053	11.55170785263158	0.0	-100.0	2	1.0442347466609883	-19.743410269463077	138.0	22	1.05	0.95				
	207	2	51.57012434210526	10.314024868421052	0.0	0.0	2	1.0031204171010073	-24.719618559275908	138.0	22	1.05	0.95				
	208	1	70.5479301	14.439634815789473	0.0	0.0	2	1.0048996976521147	-22.82663762092007	138.0	22	1.05	0.95				
	209	1	72.19817407894736	14.852195810526315	0.0	0.0	2	1.0210259557628392	-16.399086636226908	138.0	23	1.05	0.95				
	210	1	80.44939397368421	16.502439789473687	0.0	0.0	2	1.0499999907310211	-18.05896234523306	138.0	23	1.05	0.95				
	211	1	0.0	0.0	0.0	0.0	2	1.0073730942955668	-13.393186454238775	230.0	23	1.05	0.95				
	212	1	0.0	0.0	0.0	0.0	2	0.9986236005782919	-12.622379670156105	230.0	23	1.05	0.95				
	213	2	109.32866360526315	22.278293715789474	0.0	0.0	2	0.9955541372337984	-11.985109538828581	230.0	24	1.05	0.95				
	214	2	80.03683297894737	16.08987879473684	0.0	0.0	2	1.0185896794068545	-10.711254895722837	230.0	26	1.05	0.95				
	215	2	130.78183533157895	26.403903663157894	0.0	0.0	2	1.0269123752088418	-3.5692883070979264	230.0	26	1.05	0.95				
	216	2	41.25609947368421	8.251219894736844	0.0	0.0	2	1.0255686384702838	-4.303920954480154	230.0	26	1.05	0.95				
	217	1	0.0	0.0	0.0	0.0	2	1.035436285262273	-1.9285158079488656	230.0	27	1.05	0.95				
	218	2	137.3828112473684	28.054147642105264	0.0	0.0	2	1.0352725596175822	-2.495735675531822	230.0	27	1.05	0.95				
	219	1	74.67354004736842	15.264756805263158	0.0	0.0	2	1.011968245146106	-4.344609938676321	230.0	25	1.05	0.95				
	220	1	52.80780732631579	10.726585863157895	0.0	0.0	2	1.002936658425119	-3.5472560834457014	230.0	25	1.05	0.95				
	221	2	0.0	0.0	0.0	0.0	2	1.035145903676215	-2.051149443676138	230.0	27	1.05	0.95				
	222	2	0.0	0.0	0.0	0.0	2	1.05	4.494980897885464	230.0	27	1.05	0.95				
	223	2	0.0	0.0	0.0	0.0	2	0.9987391724384151	-2.764919916524485	230.0	25	1.05	0.95				
	224	1	0.0	0.0	0.0	0.0	2	1.0092606728138318	-7.356409669257611	230.0	26	1.05	0.95				
	301	2	44.33090794105263	9.03037013614035	0.0	0.0	3	1.0149573148954802	18.32648987197057	138.0	31	1.05	0.95				
	302	2	39.815722872982455	8.209427396491229	0.0	0.0	3	1.0134541215815913	17.96845234154506	138.0	32	1.05	0.95				
	303	1	73.88484656842105	15.187440683508772	0.0	0.0	3	1.05	33.211206768065715	138.0	31	1.05	0.95				
	304	1	30.374881367017544	6.157070547368421	0.0	0.0	3	1.008373287409307	19.228887753346456	138.0	31	1.05	0.95				
	305	1	29.143467257543858	5.74659917754386	0.0	0.0	3	1.0243016256662518	16.64910674969759	138.0	31	1.05	0.95				
	306	1	55.82410629614035	11.49319835508772	0.0	-100.0	3	1.0371348834083602	15.204655093688796	138.0	32	1.05	0.95				
	307	2	51.30892122807017	10.261784245614034	0.0	0.0	3	0.95	11.94448391565147	138.0	32	1.05	0.95				
	308	1	70.19060424	14.366497943859649	0.0	0.0	3	0.97145259898619	13.696718519306353	138.0	32	1.05	0.95				
	309	1	71.83248971929824	14.77696931368421	0.0	0.0	3	1.0168126399936737	21.978434679791015	138.0	33	1.05	0.95				
	310	1	80.04191711578947	16.418854792982458	0.0	0.0	3	1.0437419993009345	16.292286370595495	138.0	33	1.05	0.95				
	311	1	0.0	0.0	0.0	0.0	3	1.0055533295128833	19.785152215522594	230.0	33	1.05	0.95				
	312	1	0.0	0.0	0.0	0.0	3	1.0108542942235799	19.85437013564454	230.0	33	1.05	0.95				
	313	2	108.77491300350877	22.165453970526315	0.0	0.0	3	1.0055831049671384	20.143611048574005	230.0	34	1.05	0.95				
	314	2	79.63144574596491	16.008383423157895	0.0	0.0	3	1.0019296504304904	20.215123018592834	230.0	36	1.05	0.95				
	315	2	130.11942423438597	26.270167668771933	0.0	0.0	3	1.05	23.656590826581347	230.0	36	1.05	0.95				
	316	2	41.04713698245614	8.209427396491229	0.0	0.0	3	1.0357900918719791	23.22629008720748	230.0	36	1.05	0.95				
	317	1	0.0	0.0	0.0	0.0	3	1.0431042643359492	27.530451855823184	230.0	37	1.05	0.95				
	318	2	136.68696615157893	27.912053148070175	0.0	0.0	3	1.0341205955141095	23.822877263779873	230.0	37	1.05	0.95				
	319	1	74.29531793824562	15.187440683508772	0.0	0.0	3	1.0269901928959206	21.66529386775096	230.0	35	1.05	0.95				
	320	1	52.540335337543866	10.672255615438598	0.0	0.0	3	1.022417487464408	21.09463929582221	230.0	35	1.05	0.95				
	321	2	0.0	0.0	0.0	0.0	3	1.0489392356381841	24.39973414146148	230.0	37	1.05	0.95				
	322	2	0.0	0.0	0.0	0.0	3	1.05	29.961951811156876	230.0	37	1.05	0.95				
	323	2	0.0	0.0	0.0	0.0	3	1.0203323189357159	21.09959726955273	230.0	35	1.05	0.95				
	324	1	0.0	0.0	0.0	0.0	3	1.0469724971963812	27.30798863489754	230.0	36	1.05	0.95				
	325	1	0.0	0.0	0.0	0.0	3	1.0228148450743773	21.31582580764369	230.0	35	1.05	0.95				
];
