%% MATPOWER Case Format : Version 2
function mpc = RTS_GMLC
mpc.version = '2';

%%-----  Power Flow Data  -----%%
%% system MVA base
mpc.baseMVA = 100.0;
%% bus data
%    bus_i    type    Pd    Qd    Gs    Bs    area    Vm    Va    baseKV    zone    Vmax    Vmin
mpc.bus = [
	101	2	44.9554675831579	9.157595248421053	0.0	0.0	1	1.0117429781454672	-4.495638244241709	138.0	11	1.05	0.95				
	102	2	40.37666995894737	8.325086589473685	0.0	0.0	1	1.01167703441866	-4.725328407487341	138.0	12	1.05	0.95				
	103	1	74.92577930526316	15.401410190526315	0.0	0.0	1	1.0000826164505976	0.6002249023174798	138.0	11	1.05	0.95				
	104	1	30.80282038105263	6.2438149421052636	0.0	0.0	1	1.0018529277506536	-4.543050114197836	138.0	11	1.05	0.95				
	105	1	29.554057392631577	5.82756061263158	0.0	0.0	1	1.0159590984823654	-5.633536571796072	138.0	11	1.05	0.95				
	106	1	56.610588808421056	11.65512122526316	0.0	-100.0	1	1.0260953987875168	-6.772426899640117	138.0	12	1.05	0.95				
	107	2	52.03179118421053	10.406358236842106	0.0	0.0	1	0.9866856705832437	-10.429714873624958	138.0	12	1.05	0.95				
	108	1	71.17949034	14.568901531578948	0.0	0.0	1	0.9875144901130825	-9.249458510761148	138.0	12	1.05	0.95				
	109	1	72.84450765789474	14.985155861052633	0.0	0.0	1	1.0016406241905742	-3.470803597109043	138.0	13	1.05	0.95				
	110	1	81.16959424736842	16.65017317894737	0.0	0.0	1	1.030129014055182	-5.410829151349695	138.0	13	1.05	0.95				
	111	1	0.0	0.0	0.0	0.0	1	0.982177549008829	-0.7034163772117243	230.0	13	1.05	0.95				
	112	1	0.0	0.0	0.0	0.0	1	0.983021105017955	-1.525766483134802	230.0	13	1.05	0.95				
	113	3	110.30739731052633	22.47773379157895	0.0	0.0	1	0.9650535398289505	1.5198157127342655e-26	230.0	14	1.05	0.95				
	114	2	80.75333991789473	16.233918849473685	0.0	0.0	1	0.991945884411311	2.5524836376155435	230.0	16	1.05	0.95				
	115	2	131.9526224431579	26.640277086315788	0.0	0.0	1	0.9901599992840556	11.615521136364446	230.0	16	1.05	0.95				
	116	2	41.625432947368424	8.325086589473685	0.0	0.0	1	0.9891226606311531	10.04858891032326	230.0	16	1.05	0.95				
	117	1	0.0	0.0	0.0	0.0	1	0.9917329820777119	15.801165384359532	230.0	17	1.05	0.95				
	118	2	138.61269171473685	28.305294404210528	0.0	0.0	1	0.9999706974597679	16.378763983543713	230.0	17	1.05	0.95				
	119	1	75.34203363473685	15.401410190526315	0.0	0.0	1	0.9891936425342055	6.360245445872218	230.0	15	1.05	0.95				
	120	1	53.280554172631575	10.82261256631579	0.0	0.0	1	0.9944577028906466	3.634483673687866	230.0	15	1.05	0.95				
	121	2	0.0	0.0	0.0	0.0	1	1.0007406124201264	17.717502789231897	230.0	17	1.05	0.95				
	122	2	0.0	0.0	0.0	0.0	1	1.0074446607334522	34.72387397586051	230.0	17	1.05	0.95				
	123	2	0.0	0.0	0.0	0.0	1	0.9984743976820842	2.4852666150607443	230.0	15	1.05	0.95				
	124	1	0.0	0.0	0.0	0.0	1	0.9807687200698287	7.4060182699759745	230.0	16	1.05	0.95				
	201	2	43.94459311578947	8.951676375438597	0.0	0.0	2	1.0103390504264005	-11.089710107095856	138.0	21	1.05	0.95				
	202	2	39.46875492807017	8.137887614035089	0.0	0.0	2	1.0092795817771838	-11.258377171755205	138.0	22	1.05	0.95				
	203	1	73.24098852631579	15.05509208596491	0.0	0.0	2	0.9972171209068381	-8.475486864796958	138.0	21	1.05	0.95				
	204	1	30.11018417192982	6.103415710526315	0.0	0.0	2	1.000802300580263	-10.255318006201355	138.0	21	1.05	0.95				
	205	1	28.88950102982456	5.696521329824562	0.0	0.0	2	1.016855923192168	-10.61168454665295	138.0	21	1.05	0.95				
	206	1	55.3376357754386	11.393042659649124	0.0	-100.0	2	1.0285880058638892	-10.854979420590247	138.0	22	1.05	0.95				
	207	2	50.861797587719295	10.172359517543859	0.0	0.0	2	0.9713940985982756	-15.7216517131127	138.0	22	1.05	0.95				
	208	1	69.57893909999999	14.241303324561402	0.0	0.0	2	0.9799040176174088	-13.847791693310707	138.0	22	1.05	0.95				
	209	1	71.20651662280702	14.648197705263158	0.0	0.0	2	1.0062276901039335	-7.695143670933088	138.0	23	1.05	0.95				
	210	1	79.34440423684211	16.275775228070177	0.0	0.0	2	1.0335518588062893	-8.783185355530566	138.0	23	1.05	0.95				
	211	1	0.0	0.0	0.0	0.0	2	0.9872750521046065	-5.289105832488681	230.0	23	1.05	0.95				
	212	1	0.0	0.0	0.0	0.0	2	0.9889498290078901	-0.5970120830669994	230.0	23	1.05	0.95				
	213	2	107.82701088596491	21.972296557894737	0.0	0.0	2	0.9834608422894284	-2.725864955916173	230.0	24	1.05	0.95				
	214	2	78.93750985614034	15.868880847368422	0.0	0.0	2	0.9838439010812555	-4.442530490965792	230.0	26	1.05	0.95				
	215	2	128.98551868245613	26.041240364912284	0.0	0.0	2	0.9918607975961274	-0.3491427164265936	230.0	26	1.05	0.95				
	216	2	40.689438070175434	8.137887614035089	0.0	0.0	2	0.9900662105531881	-0.5540072150486374	230.0	26	1.05	0.95				
	217	1	0.0	0.0	0.0	0.0	2	1.0004434053153193	0.3791876093709778	230.0	27	1.05	0.95				
	218	2	135.4958287736842	27.6688178877193	0.0	0.0	2	1.001240523977281	-0.1539021603088069	230.0	27	1.05	0.95				
	219	1	73.64788290701755	15.05509208596491	0.0	0.0	2	0.9837003224281369	0.4008681354220199	230.0	25	1.05	0.95				
	220	1	52.08248072982457	10.579253898245614	0.0	0.0	2	0.9814624795894372	2.1036396809448252	230.0	25	1.05	0.95				
	221	2	0.0	0.0	0.0	0.0	2	1.0035876756088262	0.36496394789947106	230.0	27	1.05	0.95				
	222	2	0.0	0.0	0.0	0.0	2	1.021030851608338	5.17728814923854	230.0	27	1.05	0.95				
	223	2	0.0	0.0	0.0	0.0	2	0.9814841135325495	3.3866171238375493	230.0	25	1.05	0.95				
	224	1	0.0	0.0	0.0	0.0	2	0.984000017293149	-3.4419765059745	230.0	26	1.05	0.95				
	301	2	62.609933557894735	12.753875354385965	0.0	0.0	3	1.0030015763612135	26.551027694173875	138.0	31	1.05	0.95				
	302	2	56.23299588070175	11.594432140350877	0.0	0.0	3	1.003599754861526	26.188573663117715	138.0	32	1.05	0.95				
	303	1	104.34988926315789	21.44969945964912	0.0	0.0	3	1.0155417110344198	41.52528587885711	138.0	31	1.05	0.95				
	304	1	42.89939891929824	8.695824105263156	0.0	0.0	3	0.9932830369103538	28.055134236679887	138.0	31	1.05	0.95				
	305	1	41.16023409824561	8.116102498245613	0.0	0.0	3	1.0108466536102247	25.975256297278662	138.0	31	1.05	0.95				
	306	1	78.84213855438597	16.232204996491227	0.0	-100.0	3	1.0221107269697982	24.98138597463555	138.0	32	1.05	0.95				
	307	2	72.46520087719298	14.493040175438596	0.0	0.0	3	0.9660117826331627	21.398265660802625	138.0	32	1.05	0.95				
	308	1	99.13239479999999	20.29025624561403	0.0	0.0	3	0.975992846740709	24.133845165659437	138.0	32	1.05	0.95				
	309	1	101.45128122807017	20.86997785263158	0.0	0.0	3	1.00527977229074	32.05660788260777	138.0	33	1.05	0.95				
	310	1	113.04571336842105	23.188864280701754	0.0	0.0	3	1.0336219440862813	27.30969898661755	138.0	33	1.05	0.95				
	311	1	0.0	0.0	0.0	0.0	3	0.994958285698461	32.04308192372669	230.0	33	1.05	0.95				
	312	1	0.0	0.0	0.0	0.0	3	1.0016038381027301	32.33932419854137	230.0	33	1.05	0.95				
	313	2	153.6262258596491	31.304966778947367	0.0	0.0	3	1.0046661254367084	35.37887452113385	230.0	34	1.05	0.95				
	314	2	112.4659917614035	22.60914267368421	0.0	0.0	3	0.9878768988288875	31.54162403513632	230.0	36	1.05	0.95				
	315	2	183.7717494245614	37.102182849122805	0.0	0.0	3	0.9875569297579602	29.943442374056485	230.0	36	1.05	0.95				
	316	2	57.97216070175438	11.594432140350877	0.0	0.0	3	0.9801701756226112	30.31541823897203	230.0	36	1.05	0.95				
	317	1	0.0	0.0	0.0	0.0	3	0.9933595879749487	32.16037923246708	230.0	37	1.05	0.95				
	318	2	193.04729513684208	39.421069277192984	0.0	0.0	3	0.9872606370086563	28.37337896535472	230.0	37	1.05	0.95				
	319	1	104.92961087017542	21.44969945964912	0.0	0.0	3	0.9891701221478562	30.139398864178442	230.0	35	1.05	0.95				
	320	1	74.20436569824561	15.07276178245614	0.0	0.0	3	0.998928143755365	29.836023285813965	230.0	35	1.05	0.95				
	321	2	0.0	0.0	0.0	0.0	3	0.995541907562509	29.353579529315326	230.0	37	1.05	0.95				
	322	2	0.0	0.0	0.0	0.0	3	1.0123522354246204	33.11023904921105	230.0	37	1.05	0.95				
	323	2	0.0	0.0	0.0	0.0	3	1.0043393747027058	29.586477375214727	230.0	35	1.05	0.95				
	324	1	0.0	0.0	0.0	0.0	3	0.9965934317684199	35.752781348015326	230.0	36	1.05	0.95				
	325	1	0.0	0.0	0.0	0.0	3	1.0051910480114716	28.588057574699874	230.0	35	1.05	0.95				
