%% MATPOWER Case Format : Version 2
function mpc = RTS_GMLC
mpc.version = '2';

%%-----  Power Flow Data  -----%%
%% system MVA base
mpc.baseMVA = 100.0;
%% bus data
%    bus_i    type    Pd    Qd    Gs    Bs    area    Vm    Va    baseKV    zone    Vmax    Vmin
mpc.bus = [
	101	2	43.258782770526324	8.811974268070175	0.0	0.0	1	1.0223039466447097	-3.0274544991160495	138.0	11	1.05	0.95				
	102	2	38.85279563649123	8.010885698245614	0.0	0.0	1	1.0214417438360157	-3.2418703737507224	138.0	12	1.05	0.95				
	103	1	72.09797128421053	14.820138541754387	0.0	0.0	1	1.0314949663495296	-0.5167855414104622	138.0	11	1.05	0.95				
	104	1	29.640277083508774	6.00816427368421	0.0	0.0	1	1.0206927631312441	-3.6652950267434523	138.0	11	1.05	0.95				
	105	1	28.43864422877193	5.607619988771931	0.0	0.0	1	1.031294624924768	-4.689633297434343	138.0	11	1.05	0.95				
	106	1	54.47402274807018	11.215239977543861	0.0	-100.0	1	1.0442177061657485	-6.080715139694413	138.0	12	1.05	0.95				
	107	2	50.06803561403509	10.013607122807018	0.0	0.0	1	1.0028551775099621	-9.281534718259602	138.0	12	1.05	0.95				
	108	1	68.49307272	14.019049971929826	0.0	0.0	1	1.00722543523317	-8.429411908148541	138.0	12	1.05	0.95				
	109	1	70.09524985964913	14.419594256842105	0.0	0.0	1	1.0253553580366883	-3.5313582895811764	138.0	13	1.05	0.95				
	110	1	78.10613555789475	16.02177139649123	0.0	0.0	1	1.05	-5.080814480592579	138.0	13	1.05	0.95				
	111	1	0.0	0.0	0.0	0.0	1	1.0036047497753047	-1.444521157426369	230.0	13	1.05	0.95				
	112	1	0.0	0.0	0.0	0.0	1	1.0069861284347073	-1.695855901864285	230.0	13	1.05	0.95				
	113	3	106.14423550175438	21.629391385263162	0.0	0.0	1	0.9965058017179967	-1.0921292077634068e-29	230.0	14	1.05	0.95				
	114	2	77.70559127298246	15.621227111578948	0.0	0.0	1	1.0015356187287987	0.3030579198642919	230.0	16	1.05	0.95				
	115	2	126.972538317193	25.634834234385966	0.0	0.0	1	1.0331667030690805	5.957032816959392	230.0	16	1.05	0.95				
	116	2	40.05442849122807	8.010885698245614	0.0	0.0	1	1.0292573694004052	5.1237243319935954	230.0	16	1.05	0.95				
	117	1	0.0	0.0	0.0	0.0	1	1.0364373369094102	8.692681070927717	230.0	17	1.05	0.95				
	118	2	133.3812468757895	27.23701137403509	0.0	0.0	1	1.040614300202676	9.14791962050145	230.0	17	1.05	0.95				
	119	1	72.49851556912282	14.820138541754387	0.0	0.0	1	1.019588414239548	3.2015917675311028	230.0	15	1.05	0.95				
	120	1	51.26966846877193	10.414151407719299	0.0	0.0	1	1.0134021837697473	1.7241456849165537	230.0	15	1.05	0.95				
	121	2	0.0	0.0	0.0	0.0	1	1.0422897787860865	9.983143645278966	230.0	17	1.05	0.95				
	122	2	0.0	0.0	0.0	0.0	1	1.05	19.59674403965482	230.0	17	1.05	0.95				
	123	2	0.0	0.0	0.0	0.0	1	1.010509806582919	1.2231456571909964	230.0	15	1.05	0.95				
	124	1	0.0	0.0	0.0	0.0	1	1.0239148854788598	3.514303112087654	230.0	16	1.05	0.95				
	201	2	39.5586337263158	8.058240203508772	0.0	0.0	2	1.016475772004086	-8.71257929836848	138.0	21	1.05	0.95				
	202	2	35.5295136245614	7.3256729122807025	0.0	0.0	2	1.0156499147819205	-8.929692629254752	138.0	22	1.05	0.95				
	203	1	65.93105621052632	13.552494887719298	0.0	0.0	2	1.0150751257114876	-6.999531647225112	138.0	21	1.05	0.95				
	204	1	27.104989775438597	5.494254684210526	0.0	0.0	2	1.0142987537302055	-8.462661288698582	138.0	21	1.05	0.95				
	205	1	26.00613883859649	5.127971038596492	0.0	0.0	2	1.0288632248260738	-8.690176916523944	138.0	21	1.05	0.95				
	206	1	49.814575803508774	10.255942077192984	0.0	-100.0	2	1.0441385232573803	-9.151439372292124	138.0	22	1.05	0.95				
	207	2	45.78545570175439	9.157091140350877	0.0	0.0	2	0.9996936939063779	-13.530912744625587	138.0	22	1.05	0.95				
	208	1	62.6345034	12.819927596491226	0.0	0.0	2	1.0053230074617054	-11.907031604334254	138.0	22	1.05	0.95				
	209	1	64.09963798245613	13.186211242105264	0.0	0.0	2	1.0233606266762332	-6.5611297497524	138.0	23	1.05	0.95				
	210	1	71.42531089473684	14.651345824561405	0.0	0.0	2	1.05	-7.487732480593617	138.0	23	1.05	0.95				
	211	1	0.0	0.0	0.0	0.0	2	1.0000272581601362	-4.79620218528909	230.0	23	1.05	0.95				
	212	1	0.0	0.0	0.0	0.0	2	1.0070254452600953	-0.46500997860154086	230.0	23	1.05	0.95				
	213	2	97.0651660877193	19.7793168631579	0.0	0.0	2	0.9918451246605411	-3.0633921049113524	230.0	24	1.05	0.95				
	214	2	71.0590272491228	14.285062178947369	0.0	0.0	2	0.9944537335788078	-3.919007536355509	230.0	26	1.05	0.95				
	215	2	116.11191565964911	23.442153319298246	0.0	0.0	2	1.0136264336529828	0.49895664016099406	230.0	26	1.05	0.95				
	216	2	36.62836456140351	7.3256729122807025	0.0	0.0	2	1.0108746738002188	-0.42075920269147343	230.0	26	1.05	0.95				
	217	1	0.0	0.0	0.0	0.0	2	1.01765186374932	1.0084280257870173	230.0	27	1.05	0.95				
	218	2	121.97245398947369	24.907287901754387	0.0	0.0	2	1.0175773612399373	0.8151468471228663	230.0	27	1.05	0.95				
	219	1	66.29733985614035	13.552494887719298	0.0	0.0	2	1.00708292283824	-1.1160953438736987	230.0	25	1.05	0.95				
	220	1	46.88430663859649	9.523374785964913	0.0	0.0	2	1.0060846391909684	-0.9780992037283367	230.0	25	1.05	0.95				
	221	2	0.0	0.0	0.0	0.0	2	1.0197923309001231	1.5100699713887984	230.0	27	1.05	0.95				
	222	2	0.0	0.0	0.0	0.0	2	1.041583914906742	7.910361153471851	230.0	27	1.05	0.95				
	223	2	0.0	0.0	0.0	0.0	2	1.0058850997560793	-0.6066673648053655	230.0	25	1.05	0.95				
	224	1	0.0	0.0	0.0	0.0	2	1.0047247083902546	-2.3420620142063844	230.0	26	1.05	0.95				
	301	2	63.49826004631579	12.934830750175438	0.0	0.0	3	0.9932015785035169	2.059716495202941	138.0	31	1.05	0.95				
	302	2	57.03084467122807	11.758937045614037	0.0	0.0	3	0.9931570816217902	2.0306602328422247	138.0	32	1.05	0.95				
	303	1	105.83043341052631	21.754033534385965	0.0	0.0	3	1.0113983031082232	4.667679995478694	138.0	31	1.05	0.95				
	304	1	43.50806706877193	8.819202784210527	0.0	0.0	3	0.9999200214106645	4.028145410485444	138.0	31	1.05	0.95				
	305	1	41.744226511929824	8.231255931929825	0.0	0.0	3	1.012393961254281	4.099759665701824	138.0	31	1.05	0.95				
	306	1	79.96077191017544	16.46251186385965	0.0	-100.0	3	1.0315826982045577	4.568511984581553	138.0	32	1.05	0.95				
	307	2	73.49335653508771	14.698671307017545	0.0	0.0	3	0.9926564622250607	1.4339875581107042	138.0	32	1.05	0.95				
	308	1	100.53891174	20.57813982982456	0.0	0.0	3	1.0034649032571366	4.0447190330691685	138.0	32	1.05	0.95				
	309	1	102.89069914912281	21.166086682105263	0.0	0.0	3	1.0261759636351306	8.054605489058616	138.0	33	1.05	0.95				
	310	1	114.64963619473684	23.517874091228073	0.0	0.0	3	1.05	8.006532305463514	138.0	33	1.05	0.95				
	311	1	0.0	0.0	0.0	0.0	3	1.0154281530911395	13.775050991107081	230.0	33	1.05	0.95				
	312	1	0.0	0.0	0.0	0.0	3	1.0209177235307374	15.172672263241227	230.0	33	1.05	0.95				
	313	2	155.80591585438597	31.749130023157896	0.0	0.0	3	1.0385552686554413	21.723211811366703	230.0	34	1.05	0.95				
	314	2	114.06168934245613	22.92992723894737	0.0	0.0	3	1.0157651326119885	12.433889250916689	230.0	36	1.05	0.95				
	315	2	186.37915217298243	37.62859854596491	0.0	0.0	3	1.0269438891391818	6.561581245890303	230.0	36	1.05	0.95				
	316	2	58.79468522807018	11.758937045614037	0.0	0.0	3	1.029060872072785	7.934082971144649	230.0	36	1.05	0.95				
	317	1	0.0	0.0	0.0	0.0	3	1.030342742767995	6.824088083117675	230.0	37	1.05	0.95				
	318	2	195.78630180947368	39.98038595508772	0.0	0.0	3	1.027063922434779	5.518160909070637	230.0	37	1.05	0.95				
	319	1	106.418380262807	21.754033534385965	0.0	0.0	3	1.0302372905342285	11.089089884744562	230.0	35	1.05	0.95				
	320	1	75.25719709192983	15.286618159298246	0.0	0.0	3	1.0339279798144143	13.277843669355347	230.0	35	1.05	0.95				
	321	2	0.0	0.0	0.0	0.0	3	1.0291476773382076	6.444657027862247	230.0	37	1.05	0.95				
	322	2	0.0	0.0	0.0	0.0	3	1.0430571557992279	10.958100707658232	230.0	37	1.05	0.95				
	323	2	0.0	0.0	0.0	0.0	3	1.0355680647113688	13.954718366420257	230.0	35	1.05	0.95				
	324	1	0.0	0.0	0.0	0.0	3	1.0187303323761232	7.954058557692997	230.0	36	1.05	0.95				
	325	1	0.0	0.0	0.0	0.0	3	1.0374925669670607	13.621938427401531	230.0	35	1.05	0.95				
];
