%% MATPOWER Case Format : Version 2
function mpc = RTS_GMLC
mpc.version = '2';

%%-----  Power Flow Data  -----%%
%% system MVA base
mpc.baseMVA = 100.0;
%% bus data
%    bus_i    type    Pd    Qd    Gs    Bs    area    Vm    Va    baseKV    zone    Vmax    Vmin
mpc.bus = [
	101	2	48.589312206315796	9.897822856842106	0.0	0.0	1	1.0166041720126835	1.2706510384715175	138.0	11	1.05	0.95				
	102	2	43.64040077789474	8.99802077894737	0.0	0.0	1	1.0154416700740871	0.9738743346249047	138.0	12	1.05	0.95				
	103	1	80.98218701052632	16.646338441052634	0.0	0.0	1	1.0272194167936284	0.7943613228108845	138.0	11	1.05	0.95				
	104	1	33.29267688210527	6.748515584210526	0.0	0.0	1	1.0137824322688873	-2.069382940798391	138.0	11	1.05	0.95				
	105	1	31.942973765263154	6.29861454526316	0.0	0.0	1	1.0268730685157053	-1.9685887774892714	138.0	11	1.05	0.95				
	106	1	61.18654129684211	12.59722909052632	0.0	-100.0	1	1.0404788054710439	-4.259662163435435	138.0	12	1.05	0.95				
	107	2	56.23762986842106	11.24752597368421	0.0	0.0	1	0.9876481504506146	-11.529248718696829	138.0	12	1.05	0.95				
	108	1	76.93307766000001	15.746536363157896	0.0	0.0	1	0.9954212477916028	-9.390153250991474	138.0	12	1.05	0.95				
	109	1	78.73268181578948	16.196437402105264	0.0	0.0	1	1.0261855134454692	-2.6801732904382427	138.0	13	1.05	0.95				
	110	1	87.73070259473684	17.99604155789474	0.0	0.0	1	1.05	-3.770616666731632	138.0	13	1.05	0.95				
	111	1	0.0	0.0	0.0	0.0	1	1.0173188996326974	-0.23607003562989357	230.0	13	1.05	0.95				
	112	1	0.0	0.0	0.0	0.0	1	1.0148312224046545	-0.6517032588652273	230.0	13	1.05	0.95				
	113	3	119.22377532105264	24.294656103157898	0.0	0.0	1	1.000904345916375	-2.4459846672432064e-28	230.0	14	1.05	0.95				
	114	2	87.28080155578948	17.54614051894737	0.0	0.0	1	1.0373148250637478	2.5205469385300643	230.0	16	1.05	0.95				
	115	2	142.6186293463158	28.79366649263158	0.0	0.0	1	1.0445671946444806	10.338125752255317	230.0	16	1.05	0.95				
	116	2	44.99010389473684	8.99802077894737	0.0	0.0	1	1.0449099817673888	9.2106830079493	230.0	16	1.05	0.95				
	117	1	0.0	0.0	0.0	0.0	1	1.0431498604601597	14.182973230920906	230.0	17	1.05	0.95				
	118	2	149.8170459694737	30.593270648421054	0.0	0.0	1	1.05	14.327490562500243	230.0	17	1.05	0.95				
	119	1	81.43208804947369	16.646338441052634	0.0	0.0	1	1.0408081941675524	6.290338144776206	230.0	15	1.05	0.95				
	120	1	57.58733298526316	11.69742701263158	0.0	0.0	1	1.0420410820353738	4.599626008020416	230.0	15	1.05	0.95				
	121	2	0.0	0.0	0.0	0.0	1	1.042927723731721	15.589504309360654	230.0	17	1.05	0.95				
	122	2	0.0	0.0	0.0	0.0	1	1.05	33.55351026539445	230.0	17	1.05	0.95				
	123	2	0.0	0.0	0.0	0.0	1	1.0434218225037826	4.005955287155219	230.0	15	1.05	0.95				
	124	1	0.0	0.0	0.0	0.0	1	1.026077158503863	6.789422849870898	230.0	16	1.05	0.95				
	201	2	50.030536736842116	10.191405631578949	0.0	0.0	2	1.018394795796143	-14.78301056939466	138.0	21	1.05	0.95				
	202	2	44.93483392105263	9.264914210526316	0.0	0.0	2	1.0188972793257514	-14.76107216747946	138.0	22	1.05	0.95				
	203	1	83.38422789473685	17.140091289473684	0.0	0.0	2	1.012598705139038	-12.178345440500166	138.0	21	1.05	0.95				
	204	1	34.28018257894737	6.948685657894736	0.0	0.0	2	1.0136276925025511	-15.680700349564436	138.0	21	1.05	0.95				
	205	1	32.89044544736842	6.485439947368422	0.0	0.0	2	1.0285164957435826	-16.08722565386599	138.0	21	1.05	0.95				
	206	1	63.001416631578955	12.970879894736845	0.0	-100.0	2	1.0419061117103412	-17.276030078062195	138.0	22	1.05	0.95				
	207	2	57.905713815789476	11.581142763157896	0.0	0.0	2	0.990889397861039	-23.603501809333217	138.0	22	1.05	0.95				
	208	1	79.2150165	16.213599868421053	0.0	0.0	2	0.9960783412975033	-21.479429197190864	138.0	22	1.05	0.95				
	209	1	81.06799934210527	16.67684557894737	0.0	0.0	2	1.0226268516338077	-14.516477960998628	138.0	23	1.05	0.95				
	210	1	90.33291355263158	18.52982842105263	0.0	0.0	2	1.05	-15.912136210863713	138.0	23	1.05	0.95				
	211	1	0.0	0.0	0.0	0.0	2	1.00903422974095	-11.461787837473834	230.0	23	1.05	0.95				
	212	1	0.0	0.0	0.0	0.0	2	1.0118165144914208	-10.578601363022457	230.0	23	1.05	0.95				
	213	2	122.7601132894737	25.015268368421058	0.0	0.0	2	1.008549505833566	-10.075150645795114	230.0	24	1.05	0.95				
	214	2	89.86966784210526	18.066582710526315	0.0	0.0	2	1.010879460624894	-8.847755953884993	230.0	26	1.05	0.95				
	215	2	146.84889023684212	29.64772547368421	0.0	0.0	2	1.027000676353319	-2.0830445162500157	230.0	26	1.05	0.95				
	216	2	46.32457105263158	9.264914210526316	0.0	0.0	2	1.0297559178328097	-2.3533732160452168	230.0	26	1.05	0.95				
	217	1	0.0	0.0	0.0	0.0	2	1.0351266643735053	-0.42483327523571895	230.0	27	1.05	0.95				
	218	2	154.26082160526315	31.500708315789478	0.0	0.0	2	1.0332178905823584	-1.0756513501591247	230.0	27	1.05	0.95				
	219	1	83.84747360526316	17.140091289473684	0.0	0.0	2	1.0319546581344217	-2.497101663882742	230.0	25	1.05	0.95				
	220	1	59.29545094736842	12.044388473684212	0.0	0.0	2	1.037107393687705	-1.7303844696230322	230.0	25	1.05	0.95				
	221	2	0.0	0.0	0.0	0.0	2	1.033906748713978	-0.6041842617212159	230.0	27	1.05	0.95				
	222	2	0.0	0.0	0.0	0.0	2	1.05	5.963392767870587	230.0	27	1.05	0.95				
	223	2	0.0	0.0	0.0	0.0	2	1.0408373301347957	-0.9658106802709769	230.0	25	1.05	0.95				
	224	1	0.0	0.0	0.0	0.0	2	1.0091689036653695	-5.8485395374364435	230.0	26	1.05	0.95				
	301	2	72.07402721684211	14.68174628491228	0.0	0.0	3	1.038831535144959	-14.712547495298502	138.0	31	1.05	0.95				
	302	2	64.73315407438596	13.347042077192983	0.0	0.0	3	1.0353205769617297	-15.091218087067455	138.0	32	1.05	0.95				
	303	1	120.12337869473686	24.69202784280702	0.0	0.0	3	1.05	2.6521608715579483	138.0	31	1.05	0.95				
	304	1	49.38405568561404	10.010281557894738	0.0	0.0	3	1.0118290377279042	-13.046911671234653	138.0	31	1.05	0.95				
	305	1	47.38199937403509	9.342929454035088	0.0	0.0	3	1.0332304589930101	-15.312646377993833	138.0	31	1.05	0.95				
	306	1	90.7598861249123	18.685858908070177	0.0	-100.0	3	1.0355996627061685	-16.39194437403899	138.0	32	1.05	0.95				
	307	2	83.41901298245614	16.68380259649123	0.0	0.0	3	0.95	-15.502470888050285	138.0	32	1.05	0.95				
	308	1	114.11720976	23.357323635087717	0.0	0.0	3	0.9647063952706619	-15.91789800361718	138.0	32	1.05	0.95				
	309	1	116.7866181754386	24.02467573894737	0.0	0.0	3	1.0164189659973584	-8.579395829468776	138.0	33	1.05	0.95				
	310	1	130.13366025263159	26.694084154385965	0.0	0.0	3	1.044192530518601	-13.799331832058748	138.0	33	1.05	0.95				
	311	1	0.0	0.0	0.0	0.0	3	1.0113261587573563	-7.714193352608352	230.0	33	1.05	0.95				
	312	1	0.0	0.0	0.0	0.0	3	1.0103536462415923	-6.962736330963297	230.0	33	1.05	0.95				
	313	2	176.84830752280703	36.037013608421056	0.0	0.0	3	1.0096664534827817	-4.877389375335218	230.0	34	1.05	0.95				
	314	2	129.46630814877193	26.02673205052632	0.0	0.0	3	1.0226933588654286	-6.688942327657812	230.0	36	1.05	0.95				
	315	2	211.55061692350876	42.710534647017546	0.0	0.0	3	1.0432534493002046	-0.8555492693341118	230.0	36	1.05	0.95				
	316	2	66.73521038596492	13.347042077192983	0.0	0.0	3	1.05	-1.1975769776299217	230.0	36	1.05	0.95				
	317	1	0.0	0.0	0.0	0.0	3	1.05	4.4577378659519304	230.0	37	1.05	0.95				
	318	2	222.22825058526317	45.37994306245615	0.0	0.0	3	1.0397899314145953	2.0917442769070256	230.0	37	1.05	0.95				
	319	1	120.7907307985965	24.69202784280702	0.0	0.0	3	1.0392715908314079	-2.3307312701225	230.0	35	1.05	0.95				
	320	1	85.42106929403509	17.35115470035088	0.0	0.0	3	1.0356582778048866	-2.063080090423648	230.0	35	1.05	0.95				
	321	2	0.0	0.0	0.0	0.0	3	1.0410348525554172	1.7475066763556735	230.0	37	1.05	0.95				
	322	2	0.0	0.0	0.0	0.0	3	1.05	7.148228741708558	230.0	37	1.05	0.95				
	323	2	0.0	0.0	0.0	0.0	3	1.0353811211259611	-1.4146200444693788	230.0	35	1.05	0.95				
	324	1	0.0	0.0	0.0	0.0	3	1.0429106711770724	0.48854048405534384	230.0	36	1.05	0.95				
	325	1	0.0	0.0	0.0	0.0	3	1.0304681770712416	-0.012251335086987726	230.0	35	1.05	0.95				
];
