%% MATPOWER Case Format : Version 2
function mpc = RTS_GMLC
mpc.version = '2';

%%-----  Power Flow Data  -----%%
%% system MVA base
mpc.baseMVA = 100.0;
%% bus data
%    bus_i    type    Pd    Qd    Gs    Bs    area    Vm    Va    baseKV    zone    Vmax    Vmin
mpc.bus = [
	101	2	47.57397328421053	9.690994557894737	0.0	0.0	1	1.0359447705294695	2.6771237681385855	138.0	11	1.05	0.95				
	102	2	42.72847600526316	8.809995052631582	0.0	0.0	1	1.035515852249142	2.525084428593285	138.0	12	1.05	0.95				
	103	1	79.28995547368422	16.29849084736842	0.0	0.0	1	1.029688394098006	0.9148590114728776	138.0	11	1.05	0.95				
	104	1	32.59698169473684	6.607496289473684	0.0	0.0	1	1.0221205214544749	-0.8407823736490572	138.0	11	1.05	0.95				
	105	1	31.275482436842104	6.166996536842106	0.0	0.0	1	1.0367956809640675	-0.6484822819641788	138.0	11	1.05	0.95				
	106	1	59.90796635789475	12.333993073684212	0.0	-100.0	1	1.0455015308288615	-2.9656944033617796	138.0	12	1.05	0.95				
	107	2	55.06246907894737	11.012493815789474	0.0	0.0	1	1.0006852977290255	-8.585059137481021	138.0	12	1.05	0.95				
	108	1	75.32545770000002	15.417491342105263	0.0	0.0	1	1.0040983049614505	-7.264425755828147	138.0	12	1.05	0.95				
	109	1	77.08745671052633	15.857991094736843	0.0	0.0	1	1.0248130638982698	-1.819698563985204	138.0	13	1.05	0.95				
	110	1	85.89745176315789	17.619990105263163	0.0	0.0	1	1.05	-2.6418564479882987	138.0	13	1.05	0.95				
	111	1	0.0	0.0	0.0	0.0	1	1.0045167527307015	-0.027010573977138727	230.0	13	1.05	0.95				
	112	1	0.0	0.0	0.0	0.0	1	1.00904231058866	0.22673178901892252	230.0	13	1.05	0.95				
	113	3	116.73243444736843	23.786986642105266	0.0	0.0	1	0.9965474993708457	-1.8740566289398642e-29	230.0	14	1.05	0.95				
	114	2	85.45695201052632	17.17949035263158	0.0	0.0	1	1.002611027098618	2.273664319203711	230.0	16	1.05	0.95				
	115	2	139.63842158421053	28.19198416842105	0.0	0.0	1	1.0401458011704063	8.65991917519995	230.0	16	1.05	0.95				
	116	2	44.0499752631579	8.809995052631582	0.0	0.0	1	1.035833386949468	8.055734510454416	230.0	16	1.05	0.95				
	117	1	0.0	0.0	0.0	0.0	1	1.0426487579404957	10.489919922265383	230.0	17	1.05	0.95				
	118	2	146.6864176263158	29.953983178947375	0.0	0.0	1	1.0461092509302774	10.48723427313272	230.0	17	1.05	0.95				
	119	1	79.7304552263158	16.29849084736842	0.0	0.0	1	1.0286989173151881	6.689359987411783	230.0	15	1.05	0.95				
	120	1	56.3839683368421	11.452993568421054	0.0	0.0	1	1.0257829943978332	6.34788837337153	230.0	15	1.05	0.95				
	121	2	0.0	0.0	0.0	0.0	1	1.05	11.494162545279622	230.0	17	1.05	0.95				
	122	2	0.0	0.0	0.0	0.0	1	1.05	20.35160968487777	230.0	17	1.05	0.95				
	123	2	0.0	0.0	0.0	0.0	1	1.0247500127288307	6.4998867390637525	230.0	15	1.05	0.95				
	124	1	0.0	0.0	0.0	0.0	1	1.0262702739763379	5.763635896263379	230.0	16	1.05	0.95				
	201	2	51.016527625263166	10.39225562736842	0.0	0.0	2	1.0312652756304823	-6.953556628477384	138.0	21	1.05	0.95				
	202	2	45.82039981157895	9.447505115789474	0.0	0.0	2	1.0316886752354435	-6.915718956758184	138.0	22	1.05	0.95				
	203	1	85.02754604210527	17.47788446421053	0.0	0.0	2	1.0183189484975326	-7.071462389721689	138.0	21	1.05	0.95				
	204	1	34.95576892842106	7.085628836842105	0.0	0.0	2	1.0192944228093956	-9.199127242336116	138.0	21	1.05	0.95				
	205	1	33.53864316105263	6.613253581052632	0.0	0.0	2	1.0346479672497852	-9.291477081705379	138.0	21	1.05	0.95				
	206	1	64.24303478736843	13.226507162105264	0.0	-100.0	2	1.0443057653051182	-11.046934301119535	138.0	22	1.05	0.95				
	207	2	59.04690697368421	11.809381394736842	0.0	0.0	2	0.9897300407433217	-18.211309030186705	138.0	22	1.05	0.95				
	208	1	80.77616874	16.53313395263158	0.0	0.0	2	0.9951191058276265	-16.041891805798127	138.0	22	1.05	0.95				
	209	1	82.6656697631579	17.005509208421053	0.0	0.0	2	1.023026546911493	-9.144176836187588	138.0	23	1.05	0.95				
	210	1	92.11317487894736	18.895010231578947	0.0	0.0	2	1.05	-10.163268073291496	138.0	23	1.05	0.95				
	211	1	0.0	0.0	0.0	0.0	2	1.0069091159934838	-6.332690712091644	230.0	23	1.05	0.95				
	212	1	0.0	0.0	0.0	0.0	2	1.0097915440996061	-5.7089373298900945	230.0	23	1.05	0.95				
	213	2	125.17944278421054	25.508263812631583	0.0	0.0	2	1.0019023008957442	-5.371294401580063	230.0	24	1.05	0.95				
	214	2	91.6407996231579	18.422634975789475	0.0	0.0	2	1.0089426291589374	-3.7568893010474556	230.0	26	1.05	0.95				
	215	2	149.74295608526316	30.232016370526317	0.0	0.0	2	1.0279862099803176	2.7839086542323024	230.0	26	1.05	0.95				
	216	2	47.23752557894737	9.447505115789474	0.0	0.0	2	1.0295574505596479	2.73601640418776	230.0	26	1.05	0.95				
	217	1	0.0	0.0	0.0	0.0	2	1.0345923978240679	5.368365772127424	230.0	27	1.05	0.95				
	218	2	157.30096017789475	32.121517393684215	0.0	0.0	2	1.035855985486322	5.702493550871958	230.0	27	1.05	0.95				
	219	1	85.49992129789474	17.47788446421053	0.0	0.0	2	1.029109694469311	1.985151807742316	230.0	25	1.05	0.95				
	220	1	60.464032741052634	12.281756650526317	0.0	0.0	2	1.0321321774067092	2.248423474585142	230.0	25	1.05	0.95				
	221	2	0.0	0.0	0.0	0.0	2	1.036026139601218	5.4954472664230956	230.0	27	1.05	0.95				
	222	2	0.0	0.0	0.0	0.0	2	1.05	11.943652242447648	230.0	27	1.05	0.95				
	223	2	0.0	0.0	0.0	0.0	2	1.0345946063427152	2.7496717446711423	230.0	25	1.05	0.95				
	224	1	0.0	0.0	0.0	0.0	2	1.012197766056326	-0.9094171764858449	230.0	26	1.05	0.95				
	301	2	58.54413160421053	11.925656437894737	0.0	0.0	3	1.0154838936829262	-15.133250385286875	138.0	31	1.05	0.95				
	302	2	52.581303385263155	10.84150585263158	0.0	0.0	3	1.0138155021650106	-15.512977573612288	138.0	32	1.05	0.95				
	303	1	97.57355267368422	20.05678582736842	0.0	0.0	3	1.05	-0.18122248806340496	138.0	31	1.05	0.95				
	304	1	40.11357165473684	8.131129389473683	0.0	0.0	3	1.0089354459876143	-14.322088178065048	138.0	31	1.05	0.95				
	305	1	38.487345776842105	7.589054096842106	0.0	0.0	3	1.0259442621072576	-15.996648176577178	138.0	31	1.05	0.95				
	306	1	73.72223979789474	15.178108193684212	0.0	-100.0	3	1.0385291661922302	-17.10616243144507	138.0	32	1.05	0.95				
	307	2	67.75941157894736	13.551882315789474	0.0	0.0	3	0.9897766645279802	-23.148402464606622	138.0	32	1.05	0.95				
	308	1	92.69487504	18.972635242105262	0.0	0.0	3	0.9916536504849427	-20.582099000307764	138.0	32	1.05	0.95				
	309	1	94.86317621052632	19.51471053473684	0.0	0.0	3	1.0225834343234306	-11.111543707842658	138.0	33	1.05	0.95				
	310	1	105.70468206315789	21.68301170526316	0.0	0.0	3	1.05	-15.124202417780237	138.0	33	1.05	0.95				
	311	1	0.0	0.0	0.0	0.0	3	1.0149162611978328	-9.469038280522865	230.0	33	1.05	0.95				
	312	1	0.0	0.0	0.0	0.0	3	1.016481525434289	-8.801972292813963	230.0	33	1.05	0.95				
	313	2	143.6499525473684	29.272065802105264	0.0	0.0	3	1.017694941346687	-6.450487669353517	230.0	34	1.05	0.95				
	314	2	105.16260677052631	21.140936412631582	0.0	0.0	3	1.0203697648946455	-8.42582139663577	230.0	36	1.05	0.95				
	315	2	171.83786776421053	34.69281872842105	0.0	0.0	3	1.0446434456770195	-3.9437131206344342	230.0	36	1.05	0.95				
	316	2	54.207529263157895	10.84150585263158	0.0	0.0	3	1.0418945073684187	-3.667049263605562	230.0	36	1.05	0.95				
	317	1	0.0	0.0	0.0	0.0	3	1.0441266783881997	-2.5673027214406803	230.0	37	1.05	0.95				
	318	2	180.51107244631578	36.86111989894737	0.0	0.0	3	1.0419519842959644	-2.93390748479063	230.0	37	1.05	0.95				
	319	1	98.11562796631578	20.05678582736842	0.0	0.0	3	1.0368868662447595	-4.489752815721712	230.0	35	1.05	0.95				
	320	1	69.3856374568421	14.093957608421054	0.0	0.0	3	1.0367189139827637	-4.174854930709876	230.0	35	1.05	0.95				
	321	2	0.0	0.0	0.0	0.0	3	1.0439591662435503	-2.7384117222855466	230.0	37	1.05	0.95				
	322	2	0.0	0.0	0.0	0.0	3	1.05	1.6579937554711197	230.0	37	1.05	0.95				
	323	2	0.0	0.0	0.0	0.0	3	1.0377514522517584	-3.5952138087952754	230.0	35	1.05	0.95				
	324	1	0.0	0.0	0.0	0.0	3	1.043819957196223	-2.5014085609776417	230.0	36	1.05	0.95				
	325	1	0.0	0.0	0.0	0.0	3	1.0342638771605748	-2.337736731101351	230.0	35	1.05	0.95				
];
