%% MATPOWER Case Format : Version 2
function mpc = RTS_GMLC
mpc.version = '2';

%%-----  Power Flow Data  -----%%
%% system MVA base
mpc.baseMVA = 100.0;
%% bus data
%    bus_i    type    Pd    Qd    Gs    Bs    area    Vm    Va    baseKV    zone    Vmax    Vmin
mpc.bus = [
	101	2	42.08312717052632	8.572488868070176	0.0	0.0	1	1.0318872545280489	1.2485711714340206	138.0	11	1.05	0.95				
	102	2	37.79688273649123	7.793171698245615	0.0	0.0	1	1.0300035536183283	0.7500588411513713	138.0	12	1.05	0.95				
	103	1	70.13854528421052	14.417367641754385	0.0	0.0	1	1.034099891640708	1.3291520139097093	138.0	11	1.05	0.95				
	104	1	28.83473528350877	5.8448787736842105	0.0	0.0	1	1.0241467867146692	-1.151007291702975	138.0	11	1.05	0.95				
	105	1	27.665759528771932	5.455220188771931	0.0	0.0	1	1.0356668390470183	-1.702539927161707	138.0	11	1.05	0.95				
	106	1	52.99356754807019	10.910440377543862	0.0	-100.0	1	1.0459750219516475	-3.8566393821975193	138.0	12	1.05	0.95				
	107	2	48.70732311403509	9.741464622807019	0.0	0.0	1	1.000655064370083	-9.475546330580487	138.0	12	1.05	0.95				
	108	1	66.63161802	13.638050471929825	0.0	0.0	1	1.0054899465795246	-7.871732501348284	138.0	12	1.05	0.95				
	109	1	68.19025235964912	14.027709056842106	0.0	0.0	1	1.0250706781121253	-2.2290734663948144	138.0	13	1.05	0.95				
	110	1	75.98342405789474	15.58634339649123	0.0	0.0	1	1.05	-3.4594158545735882	138.0	13	1.05	0.95				
	111	1	0.0	0.0	0.0	0.0	1	1.002824693330777	-0.602553797380809	230.0	13	1.05	0.95				
	112	1	0.0	0.0	0.0	0.0	1	1.0072897071509175	-1.0573334712164406	230.0	13	1.05	0.95				
	113	3	103.2595250017544	21.04156358526316	0.0	0.0	1	0.9942981233099909	1.6203191871198573e-27	230.0	14	1.05	0.95				
	114	2	75.59376547298245	15.196684811578947	0.0	0.0	1	0.9995412175680285	1.2568073757993334	230.0	16	1.05	0.95				
	115	2	123.52177141719298	24.938149434385966	0.0	0.0	1	1.0365578374524118	7.274407014678839	230.0	16	1.05	0.95				
	116	2	38.965858491228076	7.793171698245615	0.0	0.0	1	1.0317200492532195	6.119909362066046	230.0	16	1.05	0.95				
	117	1	0.0	0.0	0.0	0.0	1	1.0400710809646396	9.676628779961447	230.0	17	1.05	0.95				
	118	2	129.75630877578948	26.496783774035094	0.0	0.0	1	1.044477597642311	10.44510280502189	230.0	17	1.05	0.95				
	119	1	70.52820386912282	14.417367641754385	0.0	0.0	1	1.0209007642667471	3.755796849515299	230.0	15	1.05	0.95				
	120	1	49.87629886877193	10.131123207719298	0.0	0.0	1	1.0141956185035053	1.9251400904313727	230.0	15	1.05	0.95				
	121	2	0.0	0.0	0.0	0.0	1	1.0471890193030027	11.602827046018115	230.0	17	1.05	0.95				
	122	2	0.0	0.0	0.0	0.0	1	1.05	18.18050459912621	230.0	17	1.05	0.95				
	123	2	0.0	0.0	0.0	0.0	1	1.0110631517436057	1.218557758708583	230.0	15	1.05	0.95				
	124	1	0.0	0.0	0.0	0.0	1	1.0274712013598912	5.034271151729281	230.0	16	1.05	0.95				
	201	2	41.30961749052632	8.41492208140351	0.0	0.0	2	1.0166155274925348	-12.068945125827218	138.0	21	1.05	0.95				
	202	2	37.10215644982456	7.649929164912282	0.0	0.0	2	1.0158033862448959	-12.315479058549439	138.0	22	1.05	0.95				
	203	1	68.84936248421053	14.152368955087722	0.0	0.0	2	1.0141524988545998	-9.3126025880119	138.0	21	1.05	0.95				
	204	1	28.304737910175444	5.737446873684211	0.0	0.0	2	1.0137569033472857	-11.854356615085386	138.0	21	1.05	0.95				
	205	1	27.1572485354386	5.354950415438598	0.0	0.0	2	1.028728574860786	-12.178817116226691	138.0	21	1.05	0.95				
	206	1	52.01951832140351	10.709900830877196	0.0	-100.0	2	1.0437077831843644	-12.730047200615184	138.0	22	1.05	0.95				
	207	2	47.81205728070176	9.562411456140351	0.0	0.0	2	0.9995840336293992	-17.308851959647853	138.0	22	1.05	0.95				
	208	1	65.40689436	13.387376038596491	0.0	0.0	2	1.0045020838431327	-15.596713783666596	138.0	22	1.05	0.95				
	209	1	66.93688019298246	13.769872496842106	0.0	0.0	2	1.022863601470379	-9.890541768582514	138.0	23	1.05	0.95				
	210	1	74.58680935789475	15.299858329824565	0.0	0.0	2	1.05	-11.057910715022528	138.0	23	1.05	0.95				
	211	1	0.0	0.0	0.0	0.0	2	1.001257554985419	-8.141248997899675	230.0	23	1.05	0.95				
	212	1	0.0	0.0	0.0	0.0	2	1.0076079597194678	-4.116186597816421	230.0	23	1.05	0.95				
	213	2	101.36156143508772	20.65480874526316	0.0	0.0	2	0.9932269894500874	-6.707241860414591	230.0	24	1.05	0.95				
	214	2	74.20431289964912	14.917361871578949	0.0	0.0	2	0.9972599214258306	-6.908412039161374	230.0	26	1.05	0.95				
	215	2	121.25137726385967	24.4797733277193	0.0	0.0	2	1.014027550875613	-1.518569028480636	230.0	26	1.05	0.95				
	216	2	38.249645824561405	7.649929164912282	0.0	0.0	2	1.0119183815363146	-2.7928898872870556	230.0	26	1.05	0.95				
	217	1	0.0	0.0	0.0	0.0	2	1.0181973817633752	-0.8578413251298055	230.0	27	1.05	0.95				
	218	2	127.37132059578948	26.009759160701755	0.0	0.0	2	1.0181778449365613	-1.1203626683807348	230.0	27	1.05	0.95				
	219	1	69.23185894245614	14.152368955087722	0.0	0.0	2	1.007283805963088	-4.145709117628401	230.0	25	1.05	0.95				
	220	1	48.9595466554386	9.944907914385965	0.0	0.0	2	1.006000438310804	-4.550897561591426	230.0	25	1.05	0.95				
	221	2	0.0	0.0	0.0	0.0	2	1.0203462197382067	-0.45021522238018297	230.0	27	1.05	0.95				
	222	2	0.0	0.0	0.0	0.0	2	1.0422078040315452	5.978854765982486	230.0	27	1.05	0.95				
	223	2	0.0	0.0	0.0	0.0	2	1.005654644059728	-4.466335022167072	230.0	25	1.05	0.95				
	224	1	0.0	0.0	0.0	0.0	2	1.0043260394359	-4.467405530137476	230.0	26	1.05	0.95				
	301	2	65.10408097263158	13.261942420350877	0.0	0.0	3	0.996721604387755	-7.044995800841771	138.0	31	1.05	0.95				
	302	2	58.47310976245615	12.05631129122807	0.0	0.0	3	0.9966725592974577	-7.081052670657192	138.0	32	1.05	0.95				
	303	1	108.50680162105265	22.30417588877193	0.0	0.0	3	1.0110456067998626	-4.0293106021847755	138.0	31	1.05	0.95				
	304	1	44.60835177754386	9.042233468421053	0.0	0.0	3	1.001002151377378	-4.9883638265892465	138.0	31	1.05	0.95				
	305	1	42.79990508385965	8.43941790385965	0.0	0.0	3	1.013957493094008	-5.002880326236888	138.0	31	1.05	0.95				
	306	1	81.98291678035088	16.8788358077193	0.0	-100.0	3	1.0319881589976592	-4.5426906255129	138.0	32	1.05	0.95				
	307	2	75.35194557017545	15.070389114035088	0.0	0.0	3	0.9941572421507933	-8.446699025736695	138.0	32	1.05	0.95				
	308	1	103.08146153999999	21.098544759649123	0.0	0.0	3	1.0022413585016765	-5.724961496995748	138.0	32	1.05	0.95				
	309	1	105.4927237982456	21.701360324210526	0.0	0.0	3	1.0259967571293065	-0.8216399648853633	138.0	33	1.05	0.95				
	310	1	117.54903508947368	24.11262258245614	0.0	0.0	3	1.05	-1.0420288930172577	138.0	33	1.05	0.95				
	311	1	0.0	0.0	0.0	0.0	3	1.0157211626542366	5.089859277079689	230.0	33	1.05	0.95				
	312	1	0.0	0.0	0.0	0.0	3	1.0204739282067317	6.666598370599128	230.0	33	1.05	0.95				
	313	2	159.74612460877194	32.55204048631579	0.0	0.0	3	1.0387583149974247	12.93806010115267	230.0	34	1.05	0.95				
	314	2	116.9462195249123	23.509807017894737	0.0	0.0	3	1.0171380023099803	4.109808626989634	230.0	36	1.05	0.95				
	315	2	191.09253396596492	38.580196131929824	0.0	0.0	3	1.025931986555917	-0.8831936486542962	230.0	36	1.05	0.95				
	316	2	60.28155645614035	12.05631129122807	0.0	0.0	3	1.0282168062085877	0.5293448040005152	230.0	36	1.05	0.95				
	317	1	0.0	0.0	0.0	0.0	3	1.0284656935457914	-0.43044911692381105	230.0	37	1.05	0.95				
	318	2	200.73758299894737	40.99145839017544	0.0	0.0	3	1.0249571030413929	-1.510591919658398	230.0	37	1.05	0.95				
	319	1	109.10961718561403	22.30417588877193	0.0	0.0	3	1.0294278325352022	3.902532151506745	230.0	35	1.05	0.95				
	320	1	77.16039226385965	15.673204678596491	0.0	0.0	3	1.0341217441083648	6.458932240164279	230.0	35	1.05	0.95				
	321	2	0.0	0.0	0.0	0.0	3	1.0274148567568435	-0.7298175901517028	230.0	37	1.05	0.95				
	322	2	0.0	0.0	0.0	0.0	3	1.0412239634392497	3.7678752697220625	230.0	37	1.05	0.95				
	323	2	0.0	0.0	0.0	0.0	3	1.0369636019467556	7.4676277174846	230.0	35	1.05	0.95				
	324	1	0.0	0.0	0.0	0.0	3	1.0170907521092911	-0.03788319601339915	230.0	36	1.05	0.95				
	325	1	0.0	0.0	0.0	0.0	3	1.0377639154324418	7.820862098485948	230.0	35	1.05	0.95				
];
