%% MATPOWER Case Format : Version 2
function mpc = RTS_GMLC
mpc.version = '2';

%%-----  Power Flow Data  -----%%
%% system MVA base
mpc.baseMVA = 100.0;
%% bus data
%    bus_i    type    Pd    Qd    Gs    Bs    area    Vm    Va    baseKV    zone    Vmax    Vmin
mpc.bus = [
	101	2	42.32360216842105	8.621474515789473	0.0	0.0	1	1.05	6.873634069630848	138.0	11	1.05	0.95				
	102	2	38.01286491052631	7.837704105263158	0.0	0.0	1	1.0491928007216724	6.548674021592722	138.0	12	1.05	0.95				
	103	1	70.53933694736841	14.49975259473684	0.0	0.0	1	1.0325492801278036	2.756342750431259	138.0	11	1.05	0.95				
	104	1	28.99950518947368	5.878278078947368	0.0	0.0	1	1.0303613378412162	2.403047564341206	138.0	11	1.05	0.95				
	105	1	27.823849573684207	5.48639287368421	0.0	0.0	1	1.0433577591051475	2.4098065813536294	138.0	11	1.05	0.95				
	106	1	53.29638791578947	10.97278574736842	0.0	-100.0	1	1.0491225141022882	-0.5537034378371762	138.0	12	1.05	0.95				
	107	2	48.98565065789473	9.797130131578946	0.0	0.0	1	1.0006391439981377	-7.57609502737547	138.0	12	1.05	0.95				
	108	1	67.01237009999998	13.715982184210523	0.0	0.0	1	1.0051444055517933	-5.863851451811269	138.0	12	1.05	0.95				
	109	1	68.57991092105263	14.107867389473682	0.0	0.0	1	1.024361044401288	-0.39308419210201084	138.0	13	1.05	0.95				
	110	1	76.41761502631577	15.675408210526316	0.0	0.0	1	1.05	-0.9658893653341734	138.0	13	1.05	0.95				
	111	1	0.0	0.0	0.0	0.0	1	1.0016401168044746	0.44465303396641104	230.0	13	1.05	0.95				
	112	1	0.0	0.0	0.0	0.0	1	1.0069526590466675	0.34620967893496307	230.0	13	1.05	0.95				
	113	3	103.84957939473682	21.161801084210524	0.0	0.0	1	0.9911084073976246	1.7872630032376836e-28	230.0	14	1.05	0.95				
	114	2	76.02572982105262	15.283523005263156	0.0	0.0	1	0.9965097499195414	2.0836841552288092	230.0	16	1.05	0.95				
	115	2	124.22761006842103	25.080653136842102	0.0	0.0	1	1.0334601987273035	7.184226890534533	230.0	16	1.05	0.95				
	116	2	39.188520526315784	7.837704105263158	0.0	0.0	1	1.029028331417196	6.656576401431791	230.0	16	1.05	0.95				
	117	1	0.0	0.0	0.0	0.0	1	1.0377718566091791	9.048001644595951	230.0	17	1.05	0.95				
	118	2	130.49777335263158	26.648193957894733	0.0	0.0	1	1.0407469065232464	9.348368495075738	230.0	17	1.05	0.95				
	119	1	70.93122215263156	14.49975259473684	0.0	0.0	1	1.0203174171885183	4.891118417985953	230.0	15	1.05	0.95				
	120	1	50.161306273684204	10.189015336842104	0.0	0.0	1	1.015338631372079	3.8765596160244367	230.0	15	1.05	0.95				
	121	2	0.0	0.0	0.0	0.0	1	1.0442618519662252	10.35252534759515	230.0	17	1.05	0.95				
	122	2	0.0	0.0	0.0	0.0	1	1.05	16.39192051531543	230.0	17	1.05	0.95				
	123	2	0.0	0.0	0.0	0.0	1	1.0129872712522159	3.6254082773910956	230.0	15	1.05	0.95				
	124	1	0.0	0.0	0.0	0.0	1	1.0262682999738542	5.515677772404607	230.0	16	1.05	0.95				
	201	2	40.42562570526316	8.234849680701755	0.0	0.0	2	1.0183645901501819	-10.309848776485717	138.0	21	1.05	0.95				
	202	2	36.30820086491228	7.48622698245614	0.0	0.0	2	1.018105529557883	-10.423230784536043	138.0	22	1.05	0.95				
	203	1	67.37604284210526	13.849519917543859	0.0	0.0	2	1.0163630073774614	-7.68551734759818	138.0	21	1.05	0.95				
	204	1	27.699039835087717	5.614670236842105	0.0	0.0	2	1.0149638831350847	-10.907480912453627	138.0	21	1.05	0.95				
	205	1	26.576105787719296	5.240358887719299	0.0	0.0	2	1.0297786160543265	-11.257298246257701	138.0	21	1.05	0.95				
	206	1	50.90634348070176	10.480717775438597	0.0	-100.0	2	1.044364477366538	-12.219164867693976	138.0	22	1.05	0.95				
	207	2	46.78891864035087	9.357783728070174	0.0	0.0	2	0.9953122121167337	-17.01551734904048	138.0	22	1.05	0.95				
	208	1	64.0072407	13.100897219298243	0.0	0.0	2	1.0022727249929624	-15.361344245207441	138.0	22	1.05	0.95				
	209	1	65.50448609649122	13.475208568421051	0.0	0.0	2	1.0224814046612718	-9.747921293966861	138.0	23	1.05	0.95				
	210	1	72.99071307894737	14.97245396491228	0.0	0.0	2	1.05	-11.004962032079165	138.0	23	1.05	0.95				
	211	1	0.0	0.0	0.0	0.0	2	1.0032968460277238	-7.168425777068698	230.0	23	1.05	0.95				
	212	1	0.0	0.0	0.0	0.0	2	1.0064838424037221	-6.6142239469862325	230.0	23	1.05	0.95				
	213	2	99.19250751754385	20.21281285263158	0.0	0.0	2	0.9969497378789444	-6.081074320198638	230.0	24	1.05	0.95				
	214	2	72.61640172982456	14.598142615789472	0.0	0.0	2	1.0027818338885037	-4.775919862473392	230.0	26	1.05	0.95				
	215	2	118.6566976719298	23.955926343859648	0.0	0.0	2	1.0198885733061636	1.3594050957475774	230.0	26	1.05	0.95				
	216	2	37.4311349122807	7.48622698245614	0.0	0.0	2	1.0204362109915885	0.8730317485649042	230.0	26	1.05	0.95				
	217	1	0.0	0.0	0.0	0.0	2	1.0247887177837212	2.3518257769112574	230.0	27	1.05	0.95				
	218	2	124.64567925789474	25.45317174035088	0.0	0.0	2	1.0243455089440434	2.0234255251922924	230.0	27	1.05	0.95				
	219	1	67.75035419122807	13.849519917543859	0.0	0.0	2	1.0205808246011112	0.38494221826445585	230.0	25	1.05	0.95				
	220	1	47.911852687719296	9.732095077192984	0.0	0.0	2	1.0229741094987594	0.7019013026647162	230.0	25	1.05	0.95				
	221	2	0.0	0.0	0.0	0.0	2	1.0264074182372522	2.5997994655458365	230.0	27	1.05	0.95				
	222	2	0.0	0.0	0.0	0.0	2	1.0481282406518384	9.01612002220147	230.0	27	1.05	0.95				
	223	2	0.0	0.0	0.0	0.0	2	1.0246666589459903	1.166119394383192	230.0	25	1.05	0.95				
	224	1	0.0	0.0	0.0	0.0	2	1.0074212779330687	-2.0505385699260024	230.0	26	1.05	0.95				
	301	2	62.16577033263159	12.663397660350878	0.0	0.0	3	1.003886368088469	-15.526493372989266	138.0	31	1.05	0.95				
	302	2	55.83407150245614	11.51217969122807	0.0	0.0	3	1.0037222274485988	-15.59473929779875	138.0	32	1.05	0.95				
	303	1	103.60961722105264	21.29753242877193	0.0	0.0	3	1.0135976272499798	-11.522217011418082	138.0	31	1.05	0.95				
	304	1	42.59506485754386	8.634134768421053	0.0	0.0	3	1.0043489286338516	-13.690450540515226	138.0	31	1.05	0.95				
	305	1	40.86823790385965	8.05852578385965	0.0	0.0	3	1.0183368921873224	-13.786520061984012	138.0	31	1.05	0.95				
	306	1	78.28282190035088	16.1170515677193	0.0	-100.0	3	1.0346918942878376	-13.46580482169893	138.0	32	1.05	0.95				
	307	2	71.95112307017544	14.390224614035088	0.0	0.0	3	0.9949031231810547	-19.216732245073416	138.0	32	1.05	0.95				
	308	1	98.42913636	20.146314459649123	0.0	0.0	3	0.9978352289990976	-16.536107881762742	138.0	32	1.05	0.95				
	309	1	100.73157229824561	20.72192344421053	0.0	0.0	3	1.0248528423825818	-9.777402523079543	138.0	33	1.05	0.95				
	310	1	112.2437519894737	23.02435938245614	0.0	0.0	3	1.05	-10.205282071807394	138.0	33	1.05	0.95				
	311	1	0.0	0.0	0.0	0.0	3	1.0129837028443234	-3.834184107630916	230.0	33	1.05	0.95				
	312	1	0.0	0.0	0.0	0.0	3	1.0161403817574628	-2.889358865790402	230.0	33	1.05	0.95				
	313	2	152.53638090877192	31.082885166315794	0.0	0.0	3	1.026812216297303	1.8177748539986895	230.0	34	1.05	0.95				
	314	2	111.66814300491228	22.448750397894738	0.0	0.0	3	1.0164742376381792	-2.6630312475434303	230.0	36	1.05	0.95				
	315	2	182.4680481059649	36.838975011929826	0.0	0.0	3	1.0274713958922153	-4.658661052817097	230.0	36	1.05	0.95				
	316	2	57.56089845614035	11.51217969122807	0.0	0.0	3	1.0287243766599776	-3.012892986525886	230.0	36	1.05	0.95				
	317	1	0.0	0.0	0.0	0.0	3	1.0310033858097154	-3.071849355197342	230.0	37	1.05	0.95				
	318	2	191.6777918589474	39.14141095017544	0.0	0.0	3	1.028611256758417	-3.6495624731832677	230.0	37	1.05	0.95				
	319	1	104.18522620561403	21.29753242877193	0.0	0.0	3	1.0284956271682948	-1.373385820484431	230.0	35	1.05	0.95				
	320	1	73.67795002385965	14.965833598596493	0.0	0.0	3	1.0303665610398627	-0.11491645444028406	230.0	35	1.05	0.95				
	321	2	0.0	0.0	0.0	0.0	3	1.0303579265662453	-3.4358893827479533	230.0	37	1.05	0.95				
	322	2	0.0	0.0	0.0	0.0	3	1.0438513494996364	1.0653355156449564	230.0	37	1.05	0.95				
	323	2	0.0	0.0	0.0	0.0	3	1.0320335438958173	0.6302234302081021	230.0	35	1.05	0.95				
	324	1	0.0	0.0	0.0	0.0	3	1.0135440847614638	-7.0642672757579055	230.0	36	1.05	0.95				
	325	1	0.0	0.0	0.0	0.0	3	1.03109641059446	1.450464872925792	230.0	35	1.05	0.95				
];
