%% MATPOWER Case Format : Version 2
function mpc = RTS_GMLC
mpc.version = '2';

%%-----  Power Flow Data  -----%%
%% system MVA base
mpc.baseMVA = 100.0;
%% bus data
%    bus_i    type    Pd    Qd    Gs    Bs    area    Vm    Va    baseKV    zone    Vmax    Vmin
mpc.bus = [
	101	2	39.07718950736842	7.960168232982456	0.0	0.0	1	1.030705087124765	2.4686283367081776	138.0	11	1.05	0.95				
	102	2	35.09710539087719	7.236516575438596	0.0	0.0	1	1.0285003436934403	1.8742851355567427	138.0	12	1.05	0.95				
	103	1	65.12864917894737	13.387555664561404	0.0	0.0	1	1.0333152925836955	1.8602732402888318	138.0	11	1.05	0.95				
	104	1	26.775111329122808	5.427387431578947	0.0	0.0	1	1.023309531523223	-0.4499417739451745	138.0	11	1.05	0.95				
	105	1	25.689633842807012	5.065561602807018	0.0	0.0	1	1.0351947853479178	-0.765535294009688	138.0	11	1.05	0.95				
	106	1	49.20831271298246	10.131123205614037	0.0	-100.0	1	1.0462024777464558	-3.0735194429638795	138.0	12	1.05	0.95				
	107	2	45.22822859649123	9.045645719298246	0.0	0.0	1	1.000488285880219	-10.33081057553711	138.0	12	1.05	0.95				
	108	1	61.87221672	12.663904007017543	0.0	0.0	1	1.005443729546365	-8.054727284918151	138.0	12	1.05	0.95				
	109	1	63.31952003508772	13.025729835789473	0.0	0.0	1	1.024950816600018	-1.8134739136411417	138.0	13	1.05	0.95				
	110	1	70.5560366105263	14.473033150877193	0.0	0.0	1	1.05	-2.893133058657303	138.0	13	1.05	0.95				
	111	1	0.0	0.0	0.0	0.0	1	1.0025714200003033	-0.2183903705083059	230.0	13	1.05	0.95				
	112	1	0.0	0.0	0.0	0.0	1	1.0080297507662934	-0.8328387462555437	230.0	13	1.05	0.95				
	113	3	95.8838446245614	19.53859475368421	0.0	0.0	1	0.9944902750273873	-2.446159767219129e-30	230.0	14	1.05	0.95				
	114	2	70.19421078175438	14.111207322105262	0.0	0.0	1	0.9984944088539227	1.8686488114351583	230.0	16	1.05	0.95				
	115	2	114.69878772070174	23.156853041403508	0.0	0.0	1	1.0365526950463104	8.13549120250328	230.0	16	1.05	0.95				
	116	2	36.182582877192985	7.236516575438596	0.0	0.0	1	1.032273109771766	6.8487873565202895	230.0	16	1.05	0.95				
	117	1	0.0	0.0	0.0	0.0	1	1.0393983446518975	10.671555609010154	230.0	17	1.05	0.95				
	118	2	120.48800098105264	24.60415635649123	0.0	0.0	1	1.0440930640511603	11.296928053137455	230.0	17	1.05	0.95				
	119	1	65.4904750077193	13.387555664561404	0.0	0.0	1	1.0217095010847226	4.091720374537756	230.0	15	1.05	0.95				
	120	1	46.313706082807016	9.407471548070175	0.0	0.0	1	1.0157998462802313	2.0815702578340898	230.0	15	1.05	0.95				
	121	2	0.0	0.0	0.0	0.0	1	1.0466407242577862	12.598166345101024	230.0	17	1.05	0.95				
	122	2	0.0	0.0	0.0	0.0	1	1.05	21.33971322511577	230.0	17	1.05	0.95				
	123	2	0.0	0.0	0.0	0.0	1	1.0130376313826182	1.2539178908652322	230.0	15	1.05	0.95				
	124	1	0.0	0.0	0.0	0.0	1	1.0268696304562783	5.772542429217005	230.0	16	1.05	0.95				
	201	2	41.68361402526316	8.491106560701754	0.0	0.0	2	1.015631679014296	-16.799060768572406	138.0	21	1.05	0.95				
	202	2	37.438060744912285	7.7191877824561415	0.0	0.0	2	1.0147070643356515	-17.099771683521944	138.0	22	1.05	0.95				
	203	1	69.47269004210527	14.28049739754386	0.0	0.0	2	1.0150026476279752	-12.256036863406045	138.0	21	1.05	0.95				
	204	1	28.56099479508772	5.789390836842105	0.0	0.0	2	1.0127797353947516	-16.782296506186174	138.0	21	1.05	0.95				
	205	1	27.4031166277193	5.403431447719298	0.0	0.0	2	1.0282205753985199	-17.267273947538357	138.0	21	1.05	0.95				
	206	1	52.49047692070176	10.806862895438597	0.0	-100.0	2	1.0433113728587102	-18.025640362666966	138.0	22	1.05	0.95				
	207	2	48.244923640350876	9.648984728070175	0.0	0.0	2	0.9973206575373038	-22.603246202276942	138.0	22	1.05	0.95				
	208	1	65.99905554	13.508578619298245	0.0	0.0	2	1.002858075863218	-20.87726879342403	138.0	22	1.05	0.95				
	209	1	67.54289309649123	13.894538008421053	0.0	0.0	2	1.022047825391013	-14.918735201442617	138.0	23	1.05	0.95				
	210	1	75.26208087894737	15.438375564912283	0.0	0.0	2	1.05	-16.493968950883232	138.0	23	1.05	0.95				
	211	1	0.0	0.0	0.0	0.0	2	1.0038764986846662	-12.47564451908743	230.0	23	1.05	0.95				
	212	1	0.0	0.0	0.0	0.0	2	1.0070504049457116	-11.209475079333204	230.0	23	1.05	0.95				
	213	2	102.27923811754387	20.84180701263158	0.0	0.0	2	0.9959449753841463	-11.62567657063016	230.0	24	1.05	0.95				
	214	2	74.87612148982457	15.052416175789475	0.0	0.0	2	1.0057292914585212	-9.862066429964718	230.0	26	1.05	0.95				
	215	2	122.34912635192983	24.70140090385965	0.0	0.0	2	1.0208039410060639	-2.643709972119564	230.0	26	1.05	0.95				
	216	2	38.5959389122807	7.7191877824561415	0.0	0.0	2	1.0205206197404724	-3.7976655355625195	230.0	26	1.05	0.95				
	217	1	0.0	0.0	0.0	0.0	2	1.0248860177273842	-1.7287370683406176	230.0	27	1.05	0.95				
	218	2	128.52447657789475	26.24523846035088	0.0	0.0	2	1.0248928398463424	-2.0609909125120063	230.0	27	1.05	0.95				
	219	1	69.85864943122807	14.28049739754386	0.0	0.0	2	1.016188430175105	-5.516575719583973	230.0	25	1.05	0.95				
	220	1	49.4028018077193	10.034944117192984	0.0	0.0	2	1.0153922143396963	-6.247179769198099	230.0	25	1.05	0.95				
	221	2	0.0	0.0	0.0	0.0	2	1.0270676486535835	-1.4586119153767672	230.0	27	1.05	0.95				
	222	2	0.0	0.0	0.0	0.0	2	1.0487216081116413	4.941361487644654	230.0	27	1.05	0.95				
	223	2	0.0	0.0	0.0	0.0	2	1.01529700150018	-6.3449235727849835	230.0	25	1.05	0.95				
	224	1	0.0	0.0	0.0	0.0	2	1.0068298423765472	-6.25967383582806	230.0	26	1.05	0.95				
	301	2	53.402087936842115	10.878203098245615	0.0	0.0	3	1.006766020192057	-0.31850327044502946	138.0	31	1.05	0.95				
	302	2	47.9629863877193	9.889275543859648	0.0	0.0	3	1.0061266914731009	-0.5237725981048061	138.0	32	1.05	0.95				
	303	1	89.00347989473684	18.29515975614035	0.0	0.0	3	1.039537576275512	8.684042066439119	138.0	31	1.05	0.95				
	304	1	36.5903195122807	7.416956657894737	0.0	0.0	3	1.0093174330045809	1.0865175610283266	138.0	31	1.05	0.95				
	305	1	35.10692818070175	6.922492880701755	0.0	0.0	3	1.0220356181668504	-0.33121839963448013	138.0	31	1.05	0.95				
	306	1	67.24707369824561	13.84498576140351	0.0	-100.0	3	1.0380841603129252	-0.9084439833306384	138.0	32	1.05	0.95				
	307	2	61.807972149122804	12.361594429824562	0.0	0.0	3	0.9890459088056696	-5.649842768283181	138.0	32	1.05	0.95				
	308	1	84.5533059	17.306232201754383	0.0	0.0	3	0.9960017163380304	-3.3988440242343425	138.0	32	1.05	0.95				
	309	1	86.53116100877193	17.800695978947367	0.0	0.0	3	1.0281627916838807	4.416128115261491	138.0	33	1.05	0.95				
	310	1	96.42043655263157	19.778551087719297	0.0	0.0	3	1.05	1.2488984949419246	138.0	33	1.05	0.95				
	311	1	0.0	0.0	0.0	0.0	3	1.0084974946356846	5.204072822027619	230.0	33	1.05	0.95				
	312	1	0.0	0.0	0.0	0.0	3	1.015333917465605	6.50144814949007	230.0	33	1.05	0.95				
	313	2	131.03290095614034	26.701043968421057	0.0	0.0	3	1.0127052182124106	9.069787893647177	230.0	34	1.05	0.95				
	314	2	95.9259727754386	19.284087310526317	0.0	0.0	3	1.0007904300444168	4.2897680621409675	230.0	36	1.05	0.95				
	315	2	156.74501737017545	31.645681740350877	0.0	0.0	3	1.0311053545641455	2.807707584941978	230.0	36	1.05	0.95				
	316	2	49.44637771929825	9.889275543859648	0.0	0.0	3	1.0262779448676786	3.2085234947678107	230.0	36	1.05	0.95				
	317	1	0.0	0.0	0.0	0.0	3	1.0345582113182923	3.5632891107356044	230.0	37	1.05	0.95				
	318	2	164.65643780526315	33.62353684912281	0.0	0.0	3	1.0327580257384528	2.077896153646227	230.0	37	1.05	0.95				
	319	1	89.49794367192982	18.29515975614035	0.0	0.0	3	1.0224522004713636	4.919736076912313	230.0	35	1.05	0.95				
	320	1	63.291363480701754	12.856058207017545	0.0	0.0	3	1.0201580285174128	6.044544393964188	230.0	35	1.05	0.95				
	321	2	0.0	0.0	0.0	0.0	3	1.0342481843058018	2.9040581076263137	230.0	37	1.05	0.95				
	322	2	0.0	0.0	0.0	0.0	3	1.047805439443125	7.487335115610793	230.0	37	1.05	0.95				
	323	2	0.0	0.0	0.0	0.0	3	1.019720301942209	6.891013258264304	230.0	35	1.05	0.95				
	324	1	0.0	0.0	0.0	0.0	3	1.032994452382248	5.893494491634728	230.0	36	1.05	0.95				
	325	1	0.0	0.0	0.0	0.0	3	1.0214483355719266	7.391938747261661	230.0	35	1.05	0.95				
];
