%% MATPOWER Case Format : Version 2
function mpc = RTS_GMLC
mpc.version = '2';

%%-----  Power Flow Data  -----%%
%% system MVA base
mpc.baseMVA = 100.0;
%% bus data
%    bus_i    type    Pd    Qd    Gs    Bs    area    Vm    Va    baseKV    zone    Vmax    Vmin
mpc.bus = [
	101	2	44.3409203368421	9.032409698245614	0.0	0.0	1	1.014607434187826	-3.4024049544429316	138.0	11	1.05	0.95				
	102	2	39.824715487719295	8.21128154385965	0.0	0.0	1	1.0143097115457311	-3.6375514865037903	138.0	12	1.05	0.95				
	103	1	73.90153389473684	15.190870856140352	0.0	0.0	1	1.0047807119489915	0.3878230333078613	138.0	11	1.05	0.95				
	104	1	30.381741712280704	6.158461157894736	0.0	0.0	1	1.0043362746963362	-3.8550470435898863	138.0	11	1.05	0.95				
	105	1	29.15004948070175	5.747897080701755	0.0	0.0	1	1.0173171878706042	-4.953918809086347	138.0	11	1.05	0.95				
	106	1	55.83671449824561	11.49579416140351	0.0	-100.0	1	1.0265996366960892	-6.315047750459293	138.0	12	1.05	0.95				
	107	2	51.320509649122805	10.26410192982456	0.0	0.0	1	0.9856483001461782	-10.06227560681117	138.0	12	1.05	0.95				
	108	1	70.20645719999999	14.369742701754385	0.0	0.0	1	0.9873120568302534	-8.95381830331656	138.0	12	1.05	0.95				
	109	1	71.84871350877192	14.780306778947367	0.0	0.0	1	1.0024541743089317	-3.397916310740405	138.0	13	1.05	0.95				
	110	1	80.05999505263158	16.4225630877193	0.0	0.0	1	1.0299083253032721	-5.1764572486397205	138.0	13	1.05	0.95				
	111	1	0.0	0.0	0.0	0.0	1	0.9811703650250925	-1.0452348001956002	230.0	13	1.05	0.95				
	112	1	0.0	0.0	0.0	0.0	1	0.982689863436222	-1.5587525276204919	230.0	13	1.05	0.95				
	113	3	108.79948045614034	22.17046016842105	0.0	0.0	1	0.9642715591032003	1.076439756970116e-28	230.0	14	1.05	0.95				
	114	2	79.64943097543859	16.011999010526313	0.0	0.0	1	0.9875159183635286	1.4432549978470373	230.0	16	1.05	0.95				
	115	2	130.14881247017541	26.276100940350876	0.0	0.0	1	0.9933452404578865	8.935617118676694	230.0	16	1.05	0.95				
	116	2	41.05640771929824	8.21128154385965	0.0	0.0	1	0.9919782433549956	7.734102603561893	230.0	16	1.05	0.95				
	117	1	0.0	0.0	0.0	0.0	1	0.9976199318886756	12.412117418803279	230.0	17	1.05	0.95				
	118	2	136.71783770526315	27.918357249122806	0.0	0.0	1	1.0028772197382467	12.918719323617308	230.0	17	1.05	0.95				
	119	1	74.31209797192983	15.190870856140352	0.0	0.0	1	0.9910253991280306	4.956311911007292	230.0	15	1.05	0.95				
	120	1	52.55220188070175	10.674666007017544	0.0	0.0	1	0.9936574197809144	2.8147220109601285	230.0	15	1.05	0.95				
	121	2	0.0	0.0	0.0	0.0	1	1.0038576101371912	14.023831016243927	230.0	17	1.05	0.95				
	122	2	0.0	0.0	0.0	0.0	1	1.0193920308094055	27.311189900033302	230.0	17	1.05	0.95				
	123	2	0.0	0.0	0.0	0.0	1	0.9959319845137636	1.9765565016303348	230.0	15	1.05	0.95				
	124	1	0.0	0.0	0.0	0.0	1	0.9873106198103875	5.661128108240525	230.0	16	1.05	0.95				
	201	2	44.69258618526315	9.104045334035087	0.0	0.0	2	1.010720254446181	-10.491162238428103	138.0	21	1.05	0.95				
	202	2	40.14056351824561	8.276404849122807	0.0	0.0	2	1.0095169284032481	-10.69906504039118	138.0	22	1.05	0.95				
	203	1	74.48764364210525	15.311348970877193	0.0	0.0	2	0.9968668169725097	-8.028768006566697	138.0	21	1.05	0.95				
	204	1	30.622697941754385	6.207303636842104	0.0	0.0	2	1.0012435344501882	-9.870548841345526	138.0	21	1.05	0.95				
	205	1	29.38123721438596	5.793483394385965	0.0	0.0	2	1.0174510288084866	-10.18761209895471	138.0	21	1.05	0.95				
	206	1	56.279552974035084	11.58696678877193	0.0	-100.0	2	1.0291463520658182	-10.539402376683753	138.0	22	1.05	0.95				
	207	2	51.72753030701753	10.345506061403507	0.0	0.0	2	0.9713406259018973	-15.578220141653611	138.0	22	1.05	0.95				
	208	1	70.76326146	14.483708485964911	0.0	0.0	2	0.9799383011835037	-13.671382877346073	138.0	22	1.05	0.95				
	209	1	72.41854242982456	14.897528728421051	0.0	0.0	2	1.0069454496835915	-7.427412002979365	138.0	23	1.05	0.95				
	210	1	80.69494727894735	16.552809698245614	0.0	0.0	2	1.034440486051385	-8.515603763865311	138.0	23	1.05	0.95				
	211	1	0.0	0.0	0.0	0.0	2	0.9877095178859631	-5.129986051784451	230.0	23	1.05	0.95				
	212	1	0.0	0.0	0.0	0.0	2	0.9920261509069646	-0.3403065373259538	230.0	23	1.05	0.95				
	213	2	109.66236425087716	22.346293092631576	0.0	0.0	2	0.9851348329168639	-2.7805945540773727	230.0	24	1.05	0.95				
	214	2	80.28112703649121	16.13898945578947	0.0	0.0	2	0.9824354855780008	-4.204595273878864	230.0	26	1.05	0.95				
	215	2	131.18101685859648	26.48449551719298	0.0	0.0	2	0.9909437082725073	0.36234832326305644	230.0	26	1.05	0.95				
	216	2	41.382024245614026	8.276404849122807	0.0	0.0	2	0.9896068842198391	-0.17401906248660723	230.0	26	1.05	0.95				
	217	1	0.0	0.0	0.0	0.0	2	0.9985202188448749	1.0423085441764832	230.0	27	1.05	0.95				
	218	2	137.80214073789472	28.139776487017542	0.0	0.0	2	0.9989506830622754	0.6512053819704047	230.0	27	1.05	0.95				
	219	1	74.9014638845614	15.311348970877193	0.0	0.0	2	0.9862402220830414	0.12922976694090288	230.0	25	1.05	0.95				
	220	1	52.96899103438596	10.759326303859648	0.0	0.0	2	0.986380465472084	1.267921333534153	230.0	25	1.05	0.95				
	221	2	0.0	0.0	0.0	0.0	2	1.0013255267569956	1.319573908698091	230.0	27	1.05	0.95				
	222	2	0.0	0.0	0.0	0.0	2	1.019773730313297	7.550828838171199	230.0	27	1.05	0.95				
	223	2	0.0	0.0	0.0	0.0	2	0.9874329700089898	2.238542480368422	230.0	25	1.05	0.95				
	224	1	0.0	0.0	0.0	0.0	2	0.9830308878991793	-2.8331905751586426	230.0	26	1.05	0.95				
	301	2	64.59158493473684	13.157545079298247	0.0	0.0	3	1.0010188663813986	14.017278359832343	138.0	31	1.05	0.95				
	302	2	58.01281239508772	11.961404617543861	0.0	0.0	3	1.0012024690282415	13.976436295253537	138.0	32	1.05	0.95				
	303	1	107.65264155789475	22.12859854245614	0.0	0.0	3	0.9936439890344435	18.35410887776733	138.0	31	1.05	0.95				
	304	1	44.25719708491228	8.971053463157896	0.0	0.0	3	0.9931355834788586	16.61565142158121	138.0	31	1.05	0.95				
	305	1	42.462986392280705	8.372983232280703	0.0	0.0	3	1.0078395671626295	15.830728209958908	138.0	31	1.05	0.95				
	306	1	81.33755139929826	16.745966464561405	0.0	-100.0	3	1.0197860470158062	16.176074891235825	138.0	32	1.05	0.95				
	307	2	74.75877885964913	14.951755771929825	0.0	0.0	3	0.9690596653349879	13.06852880505628	138.0	32	1.05	0.95				
	308	1	102.27000948	20.932458080701753	0.0	0.0	3	0.9809126612345962	15.843489017877893	138.0	32	1.05	0.95				
	309	1	104.66229040350879	21.530528311578948	0.0	0.0	3	1.0089935472473714	21.304945331988172	138.0	33	1.05	0.95				
	310	1	116.62369502105263	23.922809235087723	0.0	0.0	3	1.032694923275484	19.63449800067824	138.0	33	1.05	0.95				
	311	1	0.0	0.0	0.0	0.0	3	0.9917873894323204	25.81395529350451	230.0	33	1.05	0.95				
	312	1	0.0	0.0	0.0	0.0	3	0.9974404448296329	26.564133773479117	230.0	33	1.05	0.95				
	313	2	158.48861118245614	32.29579246736842	0.0	0.0	3	1.0046115046001547	32.3454906046357	230.0	34	1.05	0.95				
	314	2	116.02562479017544	23.324739004210528	0.0	0.0	3	0.9895752770201249	25.478675218810874	230.0	36	1.05	0.95				
	315	2	189.5882631880702	38.27649477614035	0.0	0.0	3	0.99024094606284	21.326047865804924	230.0	36	1.05	0.95				
	316	2	59.8070230877193	11.961404617543861	0.0	0.0	3	0.983741403269428	22.754583262761948	230.0	36	1.05	0.95				
	317	1	0.0	0.0	0.0	0.0	3	0.9979241616014946	23.96950469585551	230.0	37	1.05	0.95				
	318	2	199.15738688210527	40.66877569964913	0.0	0.0	3	0.9942610578242377	20.766567283736475	230.0	37	1.05	0.95				
	319	1	108.25071178877195	22.12859854245614	0.0	0.0	3	0.9921835220488464	24.058891315909793	230.0	35	1.05	0.95				
	320	1	76.5529895522807	15.549826002807018	0.0	0.0	3	1.0011676497795308	24.75921276608588	230.0	35	1.05	0.95				
	321	2	0.0	0.0	0.0	0.0	3	1.0000600401239452	21.572956448800646	230.0	37	1.05	0.95				
	322	2	0.0	0.0	0.0	0.0	3	1.0174704300873467	26.677243035998384	230.0	37	1.05	0.95				
	323	2	0.0	0.0	0.0	0.0	3	1.005594048553326	24.747834956424473	230.0	35	1.05	0.95				
	324	1	0.0	0.0	0.0	0.0	3	0.9886666258657609	22.31050494170828	230.0	36	1.05	0.95				
