%% MATPOWER Case Format : Version 2
function mpc = RTS_GMLC
mpc.version = '2';

%%-----  Power Flow Data  -----%%
%% system MVA base
mpc.baseMVA = 100.0;
%% bus data
%    bus_i    type    Pd    Qd    Gs    Bs    area    Vm    Va    baseKV    zone    Vmax    Vmin
mpc.bus = [
	101	2	45.67689261473685	9.304552199298247	0.0	0.0	1	1.0492197988367011	5.469830768163969	138.0	11	1.05	0.95				
	102	2	41.02461651508772	8.45868381754386	0.0	0.0	1	1.0467824902514966	4.830805964965048	138.0	12	1.05	0.95				
	103	1	76.12815435789474	15.648565062456141	0.0	0.0	1	1.0375986498775438	3.269681862968086	138.0	11	1.05	0.95				
	104	1	31.297130124912282	6.344012863157896	0.0	0.0	1	1.030626809284151	1.6204610083500226	138.0	11	1.05	0.95				
	105	1	30.028327552280704	5.921078672280703	0.0	0.0	1	1.0429606983405768	1.3167374673084695	138.0	11	1.05	0.95				
	106	1	57.51904995929825	11.842157344561405	0.0	-100.0	1	1.0481839867925593	-1.5763677291123168	138.0	12	1.05	0.95				
	107	2	52.86677385964913	10.573354771929825	0.0	0.0	1	0.9991980400850465	-6.541563123518708	138.0	12	1.05	0.95				
	108	1	72.32174664	14.802696680701754	0.0	0.0	1	1.004173380123754	-5.575563235733652	138.0	12	1.05	0.95				
	109	1	74.01348340350879	15.225630871578948	0.0	0.0	1	1.0248257888915138	-0.6349330481052603	138.0	13	1.05	0.95				
	110	1	82.47216722105264	16.91736763508772	0.0	0.0	1	1.05	-1.637407782615246	138.0	13	1.05	0.95				
	111	1	0.0	0.0	0.0	0.0	1	1.002887519898953	0.19678239118413504	230.0	13	1.05	0.95				
	112	1	0.0	0.0	0.0	0.0	1	1.0067213078425268	-0.03766834822754827	230.0	13	1.05	0.95				
	113	3	112.07756058245614	22.838446307368425	0.0	0.0	1	0.9912866020819083	-1.0750389165363679e-29	230.0	14	1.05	0.95				
	114	2	82.04923303017544	16.49443344421053	0.0	0.0	1	1.0001758093889996	1.8259416789234741	230.0	16	1.05	0.95				
	115	2	134.0701385080702	27.067788216140354	0.0	0.0	1	1.0382651632985505	7.5267784442136385	230.0	16	1.05	0.95				
	116	2	42.2934190877193	8.45868381754386	0.0	0.0	1	1.0327034369259547	6.585468719670472	230.0	16	1.05	0.95				
	117	1	0.0	0.0	0.0	0.0	1	1.0413819897295478	9.967457001276964	230.0	17	1.05	0.95				
	118	2	140.83708556210527	28.759524979649125	0.0	0.0	1	1.046537545199884	10.427926944293972	230.0	17	1.05	0.95				
	119	1	76.55108854877194	15.648565062456141	0.0	0.0	1	1.0215365214783159	4.662245685800667	230.0	15	1.05	0.95				
	120	1	54.13557643228071	10.996288962807018	0.0	0.0	1	1.0141883013098374	3.1669206710737687	230.0	15	1.05	0.95				
	121	2	0.0	0.0	0.0	0.0	1	1.0499999992401596	11.373328476554018	230.0	17	1.05	0.95				
	122	2	0.0	0.0	0.0	0.0	1	1.05	20.09656832077037	230.0	17	1.05	0.95				
	123	2	0.0	0.0	0.0	0.0	1	1.0107606261607487	2.671833443897996	230.0	15	1.05	0.95				
	124	1	0.0	0.0	0.0	0.0	1	1.0312686342857302	5.922480545146032	230.0	16	1.05	0.95				
	201	2	42.39760744421053	8.636549664561404	0.0	0.0	2	1.0126232482626165	-5.689601137550531	138.0	21	1.05	0.95				
	202	2	38.07933261192982	7.851408785964913	0.0	0.0	2	1.0118754001430492	-5.895765618651165	138.0	22	1.05	0.95				
	203	1	70.6626790736842	14.525106254035085	0.0	0.0	2	1.013063046849322	-4.302983882709809	138.0	21	1.05	0.95				
	204	1	29.05021250807017	5.8885565894736835	0.0	0.0	2	1.0123209748795288	-5.3014172988302555	138.0	21	1.05	0.95				
	205	1	27.872501190175434	5.495986150175439	0.0	0.0	2	1.0264713212168313	-5.506579213554124	138.0	21	1.05	0.95				
	206	1	53.3895797445614	10.991972300350877	0.0	-100.0	2	1.0424585636974915	-5.900392583760832	138.0	22	1.05	0.95				
	207	2	49.0713049122807	9.81426098245614	0.0	0.0	2	0.9963673892589605	-10.615562185844587	138.0	22	1.05	0.95				
	208	1	67.12954511999999	13.739965375438596	0.0	0.0	2	1.0024957134931314	-8.864985258171933	138.0	22	1.05	0.95				
	209	1	68.69982687719298	14.13253581473684	0.0	0.0	2	1.0239573723702928	-3.190515431132902	138.0	23	1.05	0.95				
	210	1	76.5512356631579	15.702817571929826	0.0	0.0	2	1.05	-4.058460934190743	138.0	23	1.05	0.95				
	211	1	0.0	0.0	0.0	0.0	2	1.0023426982156258	-1.1164697880970393	230.0	23	1.05	0.95				
	212	1	0.0	0.0	0.0	0.0	2	1.0111883302215805	3.648123063163156	230.0	23	1.05	0.95				
	213	2	104.03116641403507	21.198803722105264	0.0	0.0	2	0.9978417291633477	1.1893846000960404	230.0	24	1.05	0.95				
	214	2	76.15866522385964	15.310247132631579	0.0	0.0	2	0.9965511312005686	-0.47964942053896936	230.0	26	1.05	0.95				
	215	2	124.44482925754386	25.124508115087718	0.0	0.0	2	1.0150852670788353	2.5459291532964685	230.0	26	1.05	0.95				
	216	2	39.25704392982456	7.851408785964913	0.0	0.0	2	1.0156723547967326	2.823713149519981	230.0	26	1.05	0.95				
	217	1	0.0	0.0	0.0	0.0	2	1.020673347552279	3.5217724908730546	230.0	27	1.05	0.95				
	218	2	130.72595628631578	26.6947898722807	0.0	0.0	2	1.01994630989224	3.163998792114237	230.0	27	1.05	0.95				
	219	1	71.05524951298246	14.525106254035085	0.0	0.0	2	1.0165528869361913	3.16399794565518	230.0	25	1.05	0.95				
	220	1	50.249016230175435	10.206831421754385	0.0	0.0	2	1.019904791956742	4.23938321541833	230.0	25	1.05	0.95				
	221	2	0.0	0.0	0.0	0.0	2	1.021906101617889	3.7635986884195374	230.0	27	1.05	0.95				
	222	2	0.0	0.0	0.0	0.0	2	1.0438890181051699	10.236300985806158	230.0	27	1.05	0.95				
	223	2	0.0	0.0	0.0	0.0	2	1.0224840159144801	5.133355073070724	230.0	25	1.05	0.95				
	224	1	0.0	0.0	0.0	0.0	2	1.005500093095723	-0.03781651062063369	230.0	26	1.05	0.95				
	301	2	66.14615626105264	13.474217016140352	0.0	0.0	3	1.0080758185958665	-17.992694062047896	138.0	31	1.05	0.95				
	302	2	59.40904775298246	12.249288196491229	0.0	0.0	3	1.0076366749781798	-18.129643678977754	138.0	32	1.05	0.95				
	303	1	110.24359376842105	22.66118316350877	0.0	0.0	3	1.0239935430083333	-11.109905476690901	138.0	31	1.05	0.95				
	304	1	45.32236632701754	9.186966147368421	0.0	0.0	3	1.0065971971999936	-16.0539392651808	138.0	31	1.05	0.95				
	305	1	43.48497309754386	8.57450173754386	0.0	0.0	3	1.0203229635119206	-16.778677227911512	138.0	31	1.05	0.95				
	306	1	83.29515973614036	17.14900347508772	0.0	-100.0	3	1.034721159720861	-16.77911361037597	138.0	32	1.05	0.95				
	307	2	76.55805122807018	15.311610245614036	0.0	0.0	3	0.9931550022532535	-23.882189835925622	138.0	32	1.05	0.95				
	308	1	104.73141408	21.43625434385965	0.0	0.0	3	0.9923402687331082	-20.947092175769015	138.0	32	1.05	0.95				
	309	1	107.18127171929825	22.04871875368421	0.0	0.0	3	1.027432097202724	-11.862741312121733	138.0	33	1.05	0.95				
	310	1	119.43055991578947	24.498576392982457	0.0	0.0	3	1.05	-13.600241433500194	138.0	33	1.05	0.95				
	311	1	0.0	0.0	0.0	0.0	3	1.0183382688078846	-5.981726654031123	230.0	33	1.05	0.95				
	312	1	0.0	0.0	0.0	0.0	3	1.0195117101570088	-5.263161860356476	230.0	33	1.05	0.95				
	313	2	162.30306860350876	33.07307813052632	0.0	0.0	3	1.0370597059309234	0.13166864794948227	230.0	34	1.05	0.95				
	314	2	118.81809550596492	23.886111983157896	0.0	0.0	3	1.0248746007765472	-4.702096751987605	230.0	36	1.05	0.95				
	315	2	194.15121791438597	39.19772222877193	0.0	0.0	3	1.0359687798695556	-3.751702070588772	230.0	36	1.05	0.95				
	316	2	61.24644098245614	12.249288196491229	0.0	0.0	3	1.037055470936796	-2.445753804416169	230.0	36	1.05	0.95				
	317	1	0.0	0.0	0.0	0.0	3	1.0388310403870364	-1.836989194315933	230.0	37	1.05	0.95				
	318	2	203.95064847157894	41.64757986807018	0.0	0.0	3	1.0358469737033726	-2.3162775701730562	230.0	37	1.05	0.95				
	319	1	110.85605817824562	22.66118316350877	0.0	0.0	3	1.0383129530499255	-0.8037795364479914	230.0	35	1.05	0.95				
	320	1	78.39544445754386	15.924074655438597	0.0	0.0	3	1.0404293417150325	-0.02868969099053458	230.0	35	1.05	0.95				
	321	2	0.0	0.0	0.0	0.0	3	1.0378986449374545	-2.255104484363004	230.0	37	1.05	0.95				
	322	2	0.0	0.0	0.0	0.0	3	1.0499999924537593	2.220505787532547	230.0	37	1.05	0.95				
	323	2	0.0	0.0	0.0	0.0	3	1.0420058008267647	0.4083080287392677	230.0	35	1.05	0.95				
	324	1	0.0	0.0	0.0	0.0	3	1.023523664275012	-5.4350064403954095	230.0	36	1.05	0.95				
	325	1	0.0	0.0	0.0	0.0	3	1.0401772743123958	1.3250143669918522	230.0	35	1.05	0.95				
];
