%% MATPOWER Case Format : Version 2
function mpc = RTS_GMLC
mpc.version = '2';

%%-----  Power Flow Data  -----%%
%% system MVA base
mpc.baseMVA = 100.0;
%% bus data
%    bus_i    type    Pd    Qd    Gs    Bs    area    Vm    Va    baseKV    zone    Vmax    Vmin
mpc.bus = [
	101	2	81.37407224842104	16.57619990245614	0.0	0.0	1	1.0219732490382933	-0.7265961015656474	138.0	11	1.05	0.95				
	102	2	73.08597229719297	15.06927263859649	0.0	0.0	1	1.0219210788986421	-0.8288903101875775	138.0	12	1.05	0.95				
	103	1	135.62345374736842	27.8781543814035	0.0	0.0	1	1.0135935221747099	0.27609336411152197	138.0	11	1.05	0.95				
	104	1	55.756308762807	11.301954478947367	0.0	0.0	1	1.0107136799670324	-3.8008071782906687	138.0	11	1.05	0.95				
	105	1	53.49591786701754	10.548490847017543	0.0	0.0	1	1.025620198138715	-3.9721647354856033	138.0	11	1.05	0.95				
	106	1	102.47105394245612	21.096981694035087	0.0	-100.0	1	1.0332791321147967	-6.46580547155195	138.0	12	1.05	0.95				
	107	2	94.18295399122806	18.836590798245613	0.0	0.0	1	1.041682859539924	-3.712792082084209	138.0	12	1.05	0.95				
	108	1	128.84228105999998	26.371227117543857	0.0	0.0	1	1.020469097992274	-6.1711432073665	138.0	12	1.05	0.95				
	109	1	131.85613558771928	27.12469074947368	0.0	0.0	1	1.0260046669610843	-3.14118451015086	138.0	13	1.05	0.95				
	110	1	146.92540822631577	30.13854527719298	0.0	0.0	1	1.05	-4.837768203863263	138.0	13	1.05	0.95				
	111	1	0.0	0.0	0.0	0.0	1	1.0249098347288061	-0.11297250804404632	230.0	13	1.05	0.95				
	112	1	0.0	0.0	0.0	0.0	1	1.017764064155497	0.0648215659112579	230.0	13	1.05	0.95				
	113	3	199.66786246140347	40.68703612421052	0.0	0.0	1	1.0153538100797128	-2.5219200375919832e-29	230.0	14	1.05	0.95				
	114	2	146.17194459438593	29.385081645263156	0.0	0.0	1	1.05	3.5293914527120958	230.0	16	1.05	0.95				
	115	2	238.84797132175436	48.221672443508766	0.0	0.0	1	1.0403316942545338	14.637586880027877	230.0	16	1.05	0.95				
	116	2	75.34636319298245	15.06927263859649	0.0	0.0	1	1.043053213861257	13.465847612574725	230.0	16	1.05	0.95				
	117	1	0.0	0.0	0.0	0.0	1	1.0421134680451967	18.824767399166653	230.0	17	1.05	0.95				
	118	2	250.90338943263154	51.23552697122806	0.0	0.0	1	1.049790668945241	19.15943072712156	230.0	17	1.05	0.95				
	119	1	136.37691737929822	27.8781543814035	0.0	0.0	1	1.0398812929058385	10.546602802324491	230.0	15	1.05	0.95				
	120	1	96.44334488701753	19.590054430175435	0.0	0.0	1	1.0451505181922782	9.432036330481223	230.0	15	1.05	0.95				
	121	2	0.0	0.0	0.0	0.0	1	1.0454237055941398	20.337292087026015	230.0	17	1.05	0.95				
	122	2	0.0	0.0	0.0	0.0	1	1.05	38.27993842246114	230.0	17	1.05	0.95				
	123	2	0.0	0.0	0.0	0.0	1	1.05	9.371864388359642	230.0	15	1.05	0.95				
	124	1	0.0	0.0	0.0	0.0	1	1.0119580112904518	9.33272220966306	230.0	16	1.05	0.95				
	201	2	83.63922555789473	17.03762002105263	0.0	0.0	2	1.0423053400525746	-12.974841614272476	138.0	21	1.05	0.95				
	202	2	75.12041554736841	15.48874547368421	0.0	0.0	2	1.0425343449325748	-13.087456804141443	138.0	22	1.05	0.95				
	203	1	139.39870926315788	28.65417912631579	0.0	0.0	2	1.0236907250067284	-8.781441032427868	138.0	21	1.05	0.95				
	204	1	57.30835825263158	11.616559105263157	0.0	0.0	2	1.0191669209997531	-14.513011115887146	138.0	21	1.05	0.95				
	205	1	54.985046431578944	10.842121831578948	0.0	0.0	2	1.0363147851597438	-15.037005995307437	138.0	21	1.05	0.95				
	206	1	105.32346922105262	21.684243663157897	0.0	-100.0	2	1.038386607962918	-16.9271600941609	138.0	22	1.05	0.95				
	207	2	96.8046592105263	19.360931842105263	0.0	0.0	2	0.9524224617498332	-28.481931690094633	138.0	22	1.05	0.95				
	208	1	132.4287738	27.105304578947365	0.0	0.0	2	0.9584776634233206	-24.57771935783324	138.0	22	1.05	0.95				
	209	1	135.52652289473684	27.87974185263157	0.0	0.0	2	1.02465006999339	-12.554770018690993	138.0	23	1.05	0.95				
	210	1	151.01526836842103	30.97749094736842	0.0	0.0	2	1.05	-14.709358638145893	138.0	23	1.05	0.95				
	211	1	0.0	0.0	0.0	0.0	2	1.031109234472213	-7.460315760822806	230.0	23	1.05	0.95				
	212	1	0.0	0.0	0.0	0.0	2	1.021833327021889	-6.149587501737254	230.0	23	1.05	0.95				
	213	2	205.22587752631577	41.819612778947366	0.0	0.0	2	1.046462854640076	-3.869819995681847	230.0	24	1.05	0.95				
	214	2	150.24083109473682	30.20305367368421	0.0	0.0	2	1.05	-4.695353138547968	230.0	26	1.05	0.95				
	215	2	245.4966157578947	49.56398551578947	0.0	0.0	2	1.044004438413063	3.8938359163481033	230.0	26	1.05	0.95				
	216	2	77.44372736842105	15.48874547368421	0.0	0.0	2	1.0489275845004051	4.016229584353913	230.0	26	1.05	0.95				
	217	1	0.0	0.0	0.0	0.0	2	1.0498939298369798	7.507049350324855	230.0	27	1.05	0.95				
	218	2	257.8876121368421	52.66173461052631	0.0	0.0	2	1.05	8.117386656956842	230.0	27	1.05	0.95				
	219	1	140.1731465368421	28.65417912631579	0.0	0.0	2	1.043781165399639	3.6597112700990078	230.0	25	1.05	0.95				
	220	1	99.12797103157894	20.135369115789473	0.0	0.0	2	1.0461667316962056	4.796622898801409	230.0	25	1.05	0.95				
	221	2	0.0	0.0	0.0	0.0	2	1.05	8.438758706712076	230.0	27	1.05	0.95				
	222	2	0.0	0.0	0.0	0.0	2	1.05	14.585365907668503	230.0	27	1.05	0.95				
	223	2	0.0	0.0	0.0	0.0	2	1.05	5.982306312657095	230.0	25	1.05	0.95				
	224	1	0.0	0.0	0.0	0.0	2	1.0203998075719332	-0.8137623767601592	230.0	26	1.05	0.95				
	301	2	78.82189181052631	16.05631129473684	0.0	0.0	3	1.0211013898241748	-10.34732750721857	138.0	31	1.05	0.95				
	302	2	70.79373616315789	14.596646631578947	0.0	0.0	3	1.0187646456348092	-10.735651946625625	138.0	32	1.05	0.95				
	303	1	131.36981968421054	27.00379626842105	0.0	0.0	3	1.049998992683911	7.1795163168430065	138.0	31	1.05	0.95				
	304	1	54.0075925368421	10.94748497368421	0.0	0.0	3	1.0081105523830434	-8.368081428508093	138.0	31	1.05	0.95				
	305	1	51.818095542105254	10.217652642105264	0.0	0.0	3	1.026077058701508	-10.936609796018152	138.0	31	1.05	0.95				
	306	1	99.25719709473685	20.43530528421053	0.0	-100.0	3	1.0341695977190837	-12.0522578547368	138.0	32	1.05	0.95				
	307	2	91.22904144736842	18.245808289473683	0.0	0.0	3	1.0021817244363445	-14.279519966358986	138.0	32	1.05	0.95				
	308	1	124.8013287	25.544131605263154	0.0	0.0	3	0.9950887900183031	-13.224772763013789	138.0	32	1.05	0.95				
	309	1	127.72065802631577	26.273963936842105	0.0	0.0	3	1.0263865400686272	-3.4447214836900364	138.0	33	1.05	0.95				
	310	1	142.3173046578947	29.193293263157894	0.0	0.0	3	1.05	-9.20034802270111	138.0	33	1.05	0.95				
	311	1	0.0	0.0	0.0	0.0	3	1.0237077911805619	-1.9454284052301278	230.0	33	1.05	0.95				
	312	1	0.0	0.0	0.0	0.0	3	1.0201372196405234	-1.5402608727012057	230.0	33	1.05	0.95				
	313	2	193.40556786842106	39.410945905263155	0.0	0.0	3	1.0276548005089752	0.633321356781535	230.0	34	1.05	0.95				
	314	2	141.58747232631578	28.46346093157895	0.0	0.0	3	1.0380540381363836	0.11817948483549562	230.0	36	1.05	0.95				
	315	2	231.35684911052633	46.70926922105263	0.0	0.0	3	1.05	7.591749535072446	230.0	36	1.05	0.95				
	316	2	72.98323315789473	14.596646631578947	0.0	0.0	3	1.048478465895533	7.506402712395562	230.0	36	1.05	0.95				
	317	1	0.0	0.0	0.0	0.0	3	1.05	11.083483633217483	230.0	37	1.05	0.95				
	318	2	243.03416641578949	49.628598547368426	0.0	0.0	3	1.0450909704983506	9.85641011929079	230.0	37	1.05	0.95				
	319	1	132.09965201578947	27.00379626842105	0.0	0.0	3	1.039497476434971	5.316745896083751	230.0	35	1.05	0.95				
	320	1	93.41853844210526	18.97564062105263	0.0	0.0	3	1.0387286509333333	4.776042298993818	230.0	35	1.05	0.95				
	321	2	0.0	0.0	0.0	0.0	3	1.05	10.813759218749162	230.0	37	1.05	0.95				
	322	2	0.0	0.0	0.0	0.0	3	1.05	16.696736580799563	230.0	37	1.05	0.95				
	323	2	0.0	0.0	0.0	0.0	3	1.0401643007660126	5.019592279397026	230.0	35	1.05	0.95				
	324	1	0.0	0.0	0.0	0.0	3	1.0456741248813757	7.447822434811883	230.0	36	1.05	0.95				
	325	1	0.0	0.0	0.0	0.0	3	1.0359902012212614	6.283939017068699	230.0	35	1.05	0.95				
];

%% generator data
%    bus    Pg    Qg    Qmax    Qmin    Vg    mBase    status    Pmax    Pmin    Pc1    Pc2    Qc1min    Qc1max    Qc2min    Qc2max    ramp_agc    ramp_10    ramp_30    ramp_q    apf
