%% MATPOWER Case Format : Version 2
function mpc = RTS_GMLC
mpc.version = '2';

%%-----  Power Flow Data  -----%%
%% system MVA base
mpc.baseMVA = 100.0;
%% bus data
%    bus_i    type    Pd    Qd    Gs    Bs    area    Vm    Va    baseKV    zone    Vmax    Vmin
mpc.bus = [
	101	2	55.269173671578955	11.258535377543861	0.0	0.0	1	1.0375297504995635	-0.2975863739789226	138.0	11	1.05	0.95				
	102	2	49.63990598280702	10.235032161403511	0.0	0.0	1	1.0371873427091247	-0.45074922001374823	138.0	12	1.05	0.95				
	103	1	92.11528945263159	18.934809498596493	0.0	0.0	1	1.0230649243005605	-1.6202772363614666	138.0	11	1.05	0.95				
	104	1	37.86961899719299	7.676274121052633	0.0	0.0	1	1.0212552470303347	-3.4945984291117926	138.0	11	1.05	0.95				
	105	1	36.33436417298246	7.164522512982457	0.0	0.0	1	1.036900357338754	-3.356251996794396	138.0	11	1.05	0.95				
	106	1	69.59821869754387	14.329045025964914	0.0	-100.0	1	1.0441304036138603	-5.585577261828744	138.0	12	1.05	0.95				
	107	2	63.96895100877194	12.793790201754387	0.0	0.0	1	1.0045283228282011	-11.575693216838598	138.0	12	1.05	0.95				
	108	1	87.50952498000001	17.91130628245614	0.0	0.0	1	1.0036043618962032	-10.129006396912112	138.0	12	1.05	0.95				
	109	1	89.55653141228072	18.423057890526316	0.0	0.0	1	1.0239826788568525	-3.9260440047794325	138.0	13	1.05	0.95				
	110	1	99.79156357368421	20.470064322807023	0.0	0.0	1	1.05	-4.859465794505236	138.0	13	1.05	0.95				
	111	1	0.0	0.0	0.0	0.0	1	1.0048879920629592	-1.360974682876749	230.0	13	1.05	0.95				
	112	1	0.0	0.0	0.0	0.0	1	1.0103425774527206	-0.8835743152830378	230.0	13	1.05	0.95				
	113	3	135.6141761385965	27.634586835789477	0.0	0.0	1	1.0040192884344485	-9.366392523610066e-29	230.0	14	1.05	0.95				
	114	2	99.27981196561404	19.958312714736845	0.0	0.0	1	0.9997727171909494	0.6061179391482422	230.0	16	1.05	0.95				
	115	2	162.2252597582456	32.75210291649123	0.0	0.0	1	1.0290400493575793	6.8753443404337915	230.0	16	1.05	0.95				
	116	2	51.17516080701755	10.235032161403511	0.0	0.0	1	1.0263013906007976	6.454894240301079	230.0	16	1.05	0.95				
	117	1	0.0	0.0	0.0	0.0	1	1.0334017654269723	8.65839106075685	230.0	17	1.05	0.95				
	118	2	170.41328548736846	34.799109348771935	0.0	0.0	1	1.0352013686002133	8.678702376601473	230.0	17	1.05	0.95				
	119	1	92.62704106070177	18.934809498596493	0.0	0.0	1	1.0225215064560977	5.248929843728965	230.0	15	1.05	0.95				
	120	1	65.50420583298246	13.305541809824565	0.0	0.0	1	1.0233050142524232	5.200955152958915	230.0	15	1.05	0.95				
	121	2	0.0	0.0	0.0	0.0	1	1.0390170800002936	9.883495305708777	230.0	17	1.05	0.95				
	122	2	0.0	0.0	0.0	0.0	1	1.05	17.33832279261121	230.0	17	1.05	0.95				
	123	2	0.0	0.0	0.0	0.0	1	1.0246909175169359	5.56820619879255	230.0	15	1.05	0.95				
	124	1	0.0	0.0	0.0	0.0	1	1.0161611322833484	3.68135731566326	230.0	16	1.05	0.95				
	201	2	57.79946482105264	11.773965056140351	0.0	0.0	2	1.0301813358420655	-12.618762457519493	138.0	21	1.05	0.95				
	202	2	51.91248229298245	10.703604596491228	0.0	0.0	2	1.030646094703198	-12.61261150088821	138.0	22	1.05	0.95				
	203	1	96.33244136842106	19.801668503508772	0.0	0.0	2	1.0173689361285891	-11.430318494607327	138.0	21	1.05	0.95				
	204	1	39.603337007017544	8.02770344736842	0.0	0.0	2	1.0176642815984482	-14.725462682581872	138.0	21	1.05	0.95				
	205	1	37.99779631754385	7.4925232175438605	0.0	0.0	2	1.033258417281443	-14.950944665173278	138.0	21	1.05	0.95				
	206	1	72.78451125614035	14.985046435087721	0.0	-100.0	2	1.0422836735352985	-16.758971390877402	138.0	22	1.05	0.95				
	207	2	66.89752872807017	13.379505745614034	0.0	0.0	2	0.989191710788564	-24.788517684349575	138.0	22	1.05	0.95				
	208	1	91.51581929999999	18.731308043859645	0.0	0.0	2	0.9919996025758577	-22.269083512345485	138.0	22	1.05	0.95				
	209	1	93.65654021929824	19.26648827368421	0.0	0.0	2	1.0230766048923983	-14.273072153785197	138.0	23	1.05	0.95				
	210	1	104.36014481578945	21.407209192982457	0.0	0.0	2	1.05	-15.61585062357813	138.0	23	1.05	0.95				
	211	1	0.0	0.0	0.0	0.0	2	1.0107140540826214	-11.055136508538775	230.0	23	1.05	0.95				
	212	1	0.0	0.0	0.0	0.0	2	1.0130841630089715	-10.370028415172476	230.0	23	1.05	0.95				
	213	2	141.82276090350877	28.89973241052632	0.0	0.0	2	1.0111794977743678	-9.983188521616245	230.0	24	1.05	0.95				
	214	2	103.8249645859649	20.87202896315789	0.0	0.0	2	1.013784755791181	-8.048896889445134	230.0	26	1.05	0.95				
	215	2	169.65213285438594	34.25153470877193	0.0	0.0	2	1.0294292764506947	-0.1928310390055919	230.0	26	1.05	0.95				
	216	2	53.51802298245614	10.703604596491228	0.0	0.0	2	1.0307607476595775	-0.5310619710347734	230.0	26	1.05	0.95				
	217	1	0.0	0.0	0.0	0.0	2	1.034611048552603	2.49797140859	230.0	27	1.05	0.95				
	218	2	178.21501653157895	36.392255628070174	0.0	0.0	2	1.0357084103846403	2.69428900991151	230.0	27	1.05	0.95				
	219	1	96.8676215982456	19.801668503508772	0.0	0.0	2	1.0321258359638557	-1.4466935429481282	230.0	25	1.05	0.95				
	220	1	68.50306941754386	13.914685975438596	0.0	0.0	2	1.0374760154517646	-1.2113186926547221	230.0	25	1.05	0.95				
	221	2	0.0	0.0	0.0	0.0	2	1.0363202567465228	2.5033153459401483	230.0	27	1.05	0.95				
	222	2	0.0	0.0	0.0	0.0	2	1.05	8.99951471684314	230.0	27	1.05	0.95				
	223	2	0.0	0.0	0.0	0.0	2	1.0414911185813394	-0.6851090482994672	230.0	25	1.05	0.95				
	224	1	0.0	0.0	0.0	0.0	2	1.0110305275538405	-4.396357292519943	230.0	26	1.05	0.95				
	301	2	54.61499523789474	11.125276807719299	0.0	0.0	3	1.0370882396234968	-8.255115532730954	138.0	31	1.05	0.95				
	302	2	49.05235683403509	10.113888007017545	0.0	0.0	3	1.0323513156064756	-8.59548322860709	138.0	32	1.05	0.95				
	303	1	91.0249920631579	18.710692812982458	0.0	0.0	3	1.05	6.966972918233376	138.0	31	1.05	0.95				
	304	1	37.421385625964916	7.585416005263158	0.0	0.0	3	1.0124071932257466	-7.377126588010526	138.0	31	1.05	0.95				
	305	1	35.90430242491228	7.079721604912281	0.0	0.0	3	1.0338611332541074	-9.115691548835056	138.0	31	1.05	0.95				
	306	1	68.7744384477193	14.159443209824563	0.0	-100.0	3	1.0383443085409143	-10.20046551805498	138.0	32	1.05	0.95				
	307	2	63.21180004385965	12.64236000877193	0.0	0.0	3	0.9506464717868568	-7.37581277880669	138.0	32	1.05	0.95				
	308	1	86.47374246	17.6993040122807	0.0	0.0	3	0.9697527931033316	-8.672583252327511	138.0	32	1.05	0.95				
	309	1	88.49652006140352	18.20499841263158	0.0	0.0	3	1.0122794522482734	-4.2491404850563645	138.0	33	1.05	0.95				
	310	1	98.61040806842105	20.22777601403509	0.0	0.0	3	1.0425627944612064	-8.378352193825407	138.0	33	1.05	0.95				
	311	1	0.0	0.0	0.0	0.0	3	0.9998022565832806	-4.498918194825127	230.0	33	1.05	0.95				
	312	1	0.0	0.0	0.0	0.0	3	1.0039023892304306	-3.4952556968011583	230.0	33	1.05	0.95				
	313	2	134.00901609298245	27.30749761894737	0.0	0.0	3	1.0013519112387301	-1.1599609439779177	230.0	34	1.05	0.95				
	314	2	98.10471366807018	19.72208161368421	0.0	0.0	3	0.9955412764063629	-5.50409048482302	230.0	36	1.05	0.95				
	315	2	160.3051249112281	32.36444162245614	0.0	0.0	3	1.0475117679969623	-3.4830476929356355	230.0	36	1.05	0.95				
	316	2	50.56944003508772	10.113888007017545	0.0	0.0	3	1.0323287243838009	-3.820595067230486	230.0	36	1.05	0.95				
	317	1	0.0	0.0	0.0	0.0	3	1.0431575196658747	-2.4633475929724913	230.0	37	1.05	0.95				
	318	2	168.3962353168421	34.38721922385965	0.0	0.0	3	1.0448496936126976	-3.008095774720694	230.0	37	1.05	0.95				
	319	1	91.53068646350879	18.710692812982458	0.0	0.0	3	1.0197464510971348	-3.6642607524009763	230.0	35	1.05	0.95				
	320	1	64.72888324491228	13.148054409122809	0.0	0.0	3	1.012725001588038	-2.5238313465421975	230.0	35	1.05	0.95				
	321	2	0.0	0.0	0.0	0.0	3	1.05	-2.6521232991592765	230.0	37	1.05	0.95				
	322	2	0.0	0.0	0.0	0.0	3	1.05	1.7609861825526507	230.0	37	1.05	0.95				
	323	2	0.0	0.0	0.0	0.0	3	1.0102086465369309	-1.4885645363228022	230.0	35	1.05	0.95				
	324	1	0.0	0.0	0.0	0.0	3	1.045187282687246	0.5116185634440994	230.0	36	1.05	0.95				
	325	1	0.0	0.0	0.0	0.0	3	1.0099621304240776	-0.5093326897594659	230.0	35	1.05	0.95				
];
