%% MATPOWER Case Format : Version 2
function mpc = RTS_GMLC
mpc.version = '2';

%%-----  Power Flow Data  -----%%
%% system MVA base
mpc.baseMVA = 100.0;
%% bus data
%    bus_i    type    Pd    Qd    Gs    Bs    area    Vm    Va    baseKV    zone    Vmax    Vmin
mpc.bus = [
	101	2	64.59426026526316	13.158090054035087	0.0	0.0	1	1.0332532365766391	1.3019721689787476	138.0	11	1.05	0.95				
	102	2	58.01521523824561	11.961900049122807	0.0	0.0	1	1.0332899339545474	1.2578088361096942	138.0	12	1.05	0.95				
	103	1	107.65710044210526	22.12951509087719	0.0	0.0	1	1.0244356602678526	-0.2652131156566818	138.0	11	1.05	0.95				
	104	1	44.25903018175438	8.971425036842104	0.0	0.0	1	1.0187738392061192	-2.0784545168602797	138.0	11	1.05	0.95				
	105	1	42.46474517438596	8.373330034385965	0.0	0.0	1	1.0334287401480262	-1.9820320494384205	138.0	11	1.05	0.95				
	106	1	81.34092033403509	16.74666006877193	0.0	-100.0	1	1.040527560490677	-4.370996753665648	138.0	12	1.05	0.95				
	107	2	74.76187530701755	14.952375061403508	0.0	0.0	1	1.0392100794323615	-2.454741196159721	138.0	12	1.05	0.95				
	108	1	102.27424541999999	20.93332508596491	0.0	0.0	1	1.0236944179306617	-4.507348205053	138.0	12	1.05	0.95				
	109	1	104.66662542982456	21.53142008842105	0.0	0.0	1	1.0259505348998021	-2.3904269469998956	138.0	13	1.05	0.95				
	110	1	116.62852547894735	23.923800098245614	0.0	0.0	1	1.05	-3.42639250059523	138.0	13	1.05	0.95				
	111	1	0.0	0.0	0.0	0.0	1	1.0080269450765214	-0.43624665429134885	230.0	13	1.05	0.95				
	112	1	0.0	0.0	0.0	0.0	1	1.0126128288039455	0.09437375938035777	230.0	13	1.05	0.95				
	113	3	158.49517565087717	32.29713013263158	0.0	0.0	1	1.0037215999103843	-1.0869285855993677e-28	230.0	14	1.05	0.95				
	114	2	116.03043047649122	23.325705095789473	0.0	0.0	1	1.006527615232223	1.7543633003344516	230.0	16	1.05	0.95				
	115	2	189.59611577859647	38.27808015719298	0.0	0.0	1	1.042128298451631	8.948342710368568	230.0	16	1.05	0.95				
	116	2	59.80950024561403	11.961900049122807	0.0	0.0	1	1.0389133999130897	8.385682878412203	230.0	16	1.05	0.95				
	117	1	0.0	0.0	0.0	0.0	1	1.045160757721031	11.114940613893953	230.0	17	1.05	0.95				
	118	2	199.16563581789472	40.670460167017545	0.0	0.0	1	1.0479930796155292	11.626145398229042	230.0	17	1.05	0.95				
	119	1	108.25519544456141	22.12951509087719	0.0	0.0	1	1.03258419847315	6.963664773709993	230.0	15	1.05	0.95				
	120	1	76.55616031438596	15.55047006385965	0.0	0.0	1	1.032170813117737	6.868081283011586	230.0	15	1.05	0.95				
	121	2	0.0	0.0	0.0	0.0	1	1.05	12.232997054024962	230.0	17	1.05	0.95				
	122	2	0.0	0.0	0.0	0.0	1	1.05	18.3186481701275	230.0	17	1.05	0.95				
	123	2	0.0	0.0	0.0	0.0	1	1.0332634512734644	7.266569652221147	230.0	15	1.05	0.95				
	124	1	0.0	0.0	0.0	0.0	1	1.0239183525293554	5.524766415076277	230.0	16	1.05	0.95				
	201	2	66.72438219789476	13.592003781052634	0.0	0.0	2	1.0323838241875645	-10.837817235028954	138.0	21	1.05	0.95				
	202	2	59.92838030736842	12.356367073684211	0.0	0.0	2	1.032507087202315	-10.93857553540501	138.0	22	1.05	0.95				
	203	1	111.2073036631579	22.85927908631579	0.0	0.0	2	1.0247112371686413	-7.895017720506965	138.0	21	1.05	0.95				
	204	1	45.71855817263158	9.267275305263158	0.0	0.0	2	1.0174356806015694	-13.108118602885327	138.0	21	1.05	0.95				
	205	1	43.86510311157895	8.649456951578948	0.0	0.0	2	1.0331275306120937	-13.481529121227748	138.0	21	1.05	0.95				
	206	1	84.02329610105265	17.298913903157896	0.0	-100.0	2	1.0402213770841144	-15.551090850396914	138.0	22	1.05	0.95				
	207	2	77.22729421052632	15.445458842105264	0.0	0.0	2	0.9873920064750271	-24.83952613915066	138.0	22	1.05	0.95				
	208	1	105.64693848	21.62364237894737	0.0	0.0	2	0.9872141439452854	-21.855594628605516	138.0	22	1.05	0.95				
	209	1	108.11821189473685	22.24146073263158	0.0	0.0	2	1.0241163331530179	-12.374324328497009	138.0	23	1.05	0.95				
	210	1	120.47457896842107	24.712734147368423	0.0	0.0	2	1.05	-14.20937126223393	138.0	23	1.05	0.95				
	211	1	0.0	0.0	0.0	0.0	2	1.01711282234508	-9.034820583069566	230.0	23	1.05	0.95				
	212	1	0.0	0.0	0.0	0.0	2	1.015805916864635	-8.140047901459429	230.0	23	1.05	0.95				
	213	2	163.72186372631577	33.36219109894738	0.0	0.0	2	1.0179035643873586	-7.782844424403886	230.0	24	1.05	0.95				
	214	2	119.85676061473684	24.094915793684212	0.0	0.0	2	1.027164334343865	-5.894497226140362	230.0	26	1.05	0.95				
	215	2	195.84841811789474	39.540374635789476	0.0	0.0	2	1.0394388984106522	2.5197836508048095	230.0	26	1.05	0.95				
	216	2	61.781835368421056	12.356367073684211	0.0	0.0	2	1.042408494359318	2.301506669612536	230.0	26	1.05	0.95				
	217	1	0.0	0.0	0.0	0.0	2	1.044626953718803	5.5941566444105275	230.0	27	1.05	0.95				
	218	2	205.73351177684214	42.011648050526325	0.0	0.0	2	1.0466191508184717	6.163509166180251	230.0	27	1.05	0.95				
	219	1	111.82512201684212	22.85927908631579	0.0	0.0	2	1.0416881378889027	1.5547690489510815	230.0	25	1.05	0.95				
	220	1	79.08074927157895	16.063277195789475	0.0	0.0	2	1.0460774194581333	2.0692642672149644	230.0	25	1.05	0.95				
	221	2	0.0	0.0	0.0	0.0	2	1.0467533708742989	6.097832166677762	230.0	27	1.05	0.95				
	222	2	0.0	0.0	0.0	0.0	2	1.05	12.408836788695588	230.0	27	1.05	0.95				
	223	2	0.0	0.0	0.0	0.0	2	1.04999996669397	2.801160916396632	230.0	25	1.05	0.95				
	224	1	0.0	0.0	0.0	0.0	2	1.0209456691243466	-1.364983272735031	230.0	26	1.05	0.95				
	301	2	48.99462195789474	9.980385954385966	0.0	0.0	3	1.0101134983795705	-12.609230136729934	138.0	31	1.05	0.95				
	302	2	44.00442898070175	9.073078140350878	0.0	0.0	3	1.0095210160955015	-12.819382317120779	138.0	32	1.05	0.95				
	303	1	81.6577032631579	16.78519455964912	0.0	0.0	3	1.0387408773213496	-3.899734408091635	138.0	31	1.05	0.95				
	304	1	33.57038911929824	6.804808605263157	0.0	0.0	3	1.0112134905094543	-11.516042883608131	138.0	31	1.05	0.95				
	305	1	32.209427398245616	6.351154698245614	0.0	0.0	3	1.024359400755686	-12.66634097316247	138.0	31	1.05	0.95				
	306	1	61.696931354385974	12.702309396491229	0.0	-100.0	3	1.0401120578090761	-13.236282201566873	138.0	32	1.05	0.95				
	307	2	56.70673837719299	11.341347675438596	0.0	0.0	3	0.9918198809501377	-18.08763686111462	138.0	32	1.05	0.95				
	308	1	77.5748181	15.877886745614035	0.0	0.0	3	0.997876743294007	-16.028413534221684	138.0	32	1.05	0.95				
	309	1	79.38943372807017	16.331540652631578	0.0	0.0	3	1.026846842835941	-8.59328872804901	138.0	33	1.05	0.95				
	310	1	88.46251186842106	18.146156280701756	0.0	0.0	3	1.05	-11.26273996942444	138.0	33	1.05	0.95				
	311	1	0.0	0.0	0.0	0.0	3	1.0095039673180615	-5.812258574297	230.0	33	1.05	0.95				
	312	1	0.0	0.0	0.0	0.0	3	1.0127600924531932	-5.3576177268336584	230.0	33	1.05	0.95				
	313	2	120.21828535964912	24.49731097894737	0.0	0.0	3	1.0115137133525152	-2.6541670796232872	230.0	34	1.05	0.95				
	314	2	88.0088579614035	17.692502373684214	0.0	0.0	3	1.0094033303326817	-4.362283468848078	230.0	36	1.05	0.95				
	315	2	143.8082885245614	29.03385004912281	0.0	0.0	3	1.0373883972940436	0.3169167394354277	230.0	36	1.05	0.95				
	316	2	45.365390701754386	9.073078140350878	0.0	0.0	3	1.034787420842218	0.3846836730592464	230.0	36	1.05	0.95				
	317	1	0.0	0.0	0.0	0.0	3	1.0410136238374224	1.8171292355009212	230.0	37	1.05	0.95				
	318	2	151.0667510368421	30.848465677192987	0.0	0.0	3	1.0417850716134294	1.8827662117777213	230.0	37	1.05	0.95				
	319	1	82.11135717017545	16.78519455964912	0.0	0.0	3	1.0291169321598372	-0.5602206953091352	230.0	35	1.05	0.95				
	320	1	58.06770009824562	11.795001582456141	0.0	0.0	3	1.0274357026195893	-0.505999753396799	230.0	35	1.05	0.95				
	321	2	0.0	0.0	0.0	0.0	3	1.0438674351062889	2.862883756517467	230.0	37	1.05	0.95				
	322	2	0.0	0.0	0.0	0.0	3	1.05	6.777583772398632	230.0	37	1.05	0.95				
	323	2	0.0	0.0	0.0	0.0	3	1.0271910533111082	-0.12724463520924	230.0	35	1.05	0.95				
	324	1	0.0	0.0	0.0	0.0	3	1.0311913232412242	-1.276857252540565	230.0	36	1.05	0.95				
	325	1	0.0	0.0	0.0	0.0	3	1.025961386945068	0.9246344879347311	230.0	35	1.05	0.95				
];
