%% MATPOWER Case Format : Version 2
function mpc = RTS_GMLC
mpc.version = '2';

%%-----  Power Flow Data  -----%%
%% system MVA base
mpc.baseMVA = 100.0;
%% bus data
%    bus_i    type    Pd    Qd    Gs    Bs    area    Vm    Va    baseKV    zone    Vmax    Vmin
mpc.bus = [
	101	2	64.35378526736842	13.109104406315788	0.0	0.0	1	1.0487155993424626	2.012513452660345	138.0	11	1.05	0.95				
	102	2	57.79923306421052	11.917367642105264	0.0	0.0	1	1.0475538402224855	1.6380996799485037	138.0	12	1.05	0.95				
	103	1	107.25630877894736	22.047130137894737	0.0	0.0	1	1.032140538946783	0.2826185527518528	138.0	11	1.05	0.95				
	104	1	44.09426027578947	8.938025731578946	0.0	0.0	1	1.0274028220298375	-1.9467889991156961	138.0	11	1.05	0.95				
	105	1	42.30665512947368	8.342157349473684	0.0	0.0	1	1.0404228834477725	-2.28611596271968	138.0	11	1.05	0.95				
	106	1	81.0380999663158	16.684314698947368	0.0	-100.0	1	1.0433211885202789	-5.329329251879005	138.0	12	1.05	0.95				
	107	2	74.4835477631579	14.89670955263158	0.0	0.0	1	0.9981803816454599	-13.488786660238244	138.0	12	1.05	0.95				
	108	1	101.89349333999999	20.85539337368421	0.0	0.0	1	0.9963349863053774	-11.41248382273733	138.0	12	1.05	0.95				
	109	1	104.27696686842106	21.45126175578947	0.0	0.0	1	1.025469781300789	-3.579580116918714	138.0	13	1.05	0.95				
	110	1	116.19433451052632	23.834735284210527	0.0	0.0	1	1.05	-4.847057228819259	138.0	13	1.05	0.95				
	111	1	0.0	0.0	0.0	0.0	1	1.0104765414924444	-1.1435108679077803	230.0	13	1.05	0.95				
	112	1	0.0	0.0	0.0	0.0	1	1.0137921343030654	-1.0522986681171744	230.0	13	1.05	0.95				
	113	3	157.90512125789473	32.17689263368421	0.0	0.0	1	1.0078734322194403	-7.464798410068906e-31	230.0	14	1.05	0.95				
	114	2	115.59846612842104	23.238866902105265	0.0	0.0	1	1.0119029617447697	1.002095064860884	230.0	16	1.05	0.95				
	115	2	188.89027712736842	38.13557645473684	0.0	0.0	1	1.0431339148926615	8.502478024829179	230.0	16	1.05	0.95				
	116	2	59.58683821052632	11.917367642105264	0.0	0.0	1	1.0398557672293742	7.586090121374151	230.0	16	1.05	0.95				
	117	1	0.0	0.0	0.0	0.0	1	1.0440038935802913	11.56469939402164	230.0	17	1.05	0.95				
	118	2	198.42417124105262	40.5190499831579	0.0	0.0	1	1.0482207244610344	12.18052639743263	230.0	17	1.05	0.95				
	119	1	107.85217716105264	22.047130137894737	0.0	0.0	1	1.031716736097791	5.478338609298688	230.0	15	1.05	0.95				
	120	1	76.27115290947368	15.492577934736843	0.0	0.0	1	1.0293837981270135	4.370288308439464	230.0	15	1.05	0.95				
	121	2	0.0	0.0	0.0	0.0	1	1.05	13.76052840536239	230.0	17	1.05	0.95				
	122	2	0.0	0.0	0.0	0.0	1	1.05	23.048920071987574	230.0	17	1.05	0.95				
	123	2	0.0	0.0	0.0	0.0	1	1.0293925699429682	4.211568676488694	230.0	15	1.05	0.95				
	124	1	0.0	0.0	0.0	0.0	1	1.0285264347489527	5.429010779519617	230.0	16	1.05	0.95				
	201	2	64.76940026526316	13.193766720701753	0.0	0.0	2	1.023753773933801	-13.396447600387834	138.0	21	1.05	0.95				
	202	2	58.17251690491227	11.99433338245614	0.0	0.0	2	1.0245864320629665	-13.256038706624388	138.0	22	1.05	0.95				
	203	1	107.94900044210524	22.189516757543856	0.0	0.0	2	1.0137047896291944	-11.74158480256499	138.0	21	1.05	0.95				
	204	1	44.37903351508771	8.995750036842104	0.0	0.0	2	1.0145137648944969	-13.883498311624201	138.0	21	1.05	0.95				
	205	1	42.57988350771929	8.396033367719298	0.0	0.0	2	1.0293670678648466	-14.268929347673664	138.0	21	1.05	0.95				
	206	1	81.56146700070175	16.792066735438596	0.0	-100.0	2	1.0394467249617108	-15.305600473859906	138.0	22	1.05	0.95				
	207	2	74.96458364035087	14.992916728070174	0.0	0.0	2	0.992592592458281	-23.769161739831926	138.0	22	1.05	0.95				
	208	1	102.55155042	20.99008341929824	0.0	0.0	2	0.9912801729718186	-20.88296661840101	138.0	22	1.05	0.95				
	209	1	104.95041709649122	21.58980008842105	0.0	0.0	2	1.0246696008896914	-11.939503019801315	138.0	23	1.05	0.95				
	210	1	116.94475047894734	23.98866676491228	0.0	0.0	2	1.05	-13.236533414718203	138.0	23	1.05	0.95				
	211	1	0.0	0.0	0.0	0.0	2	1.0140291774146242	-8.721204425307558	230.0	23	1.05	0.95				
	212	1	0.0	0.0	0.0	0.0	2	1.0174493954674233	-3.9670119018582564	230.0	23	1.05	0.95				
	213	2	158.92491731754384	32.38470013263158	0.0	0.0	2	1.016689266953062	-6.085650878904681	230.0	24	1.05	0.95				
	214	2	116.34503380982454	23.388950095789475	0.0	0.0	2	1.0175746126813998	-7.131777153763655	230.0	26	1.05	0.95				
	215	2	190.1101841119298	38.381866823859646	0.0	0.0	2	1.0304217020898774	-1.0091230138151324	230.0	26	1.05	0.95				
	216	2	59.971666912280696	11.99433338245614	0.0	0.0	2	1.0313278869671971	-1.168710444208885	230.0	26	1.05	0.95				
	217	1	0.0	0.0	0.0	0.0	2	1.0340394135775857	0.28067573215586944	230.0	27	1.05	0.95				
	218	2	199.70565081789474	40.78073350035088	0.0	0.0	2	1.032662797869914	-0.5224139449777314	230.0	27	1.05	0.95				
	219	1	108.54871711122807	22.189516757543856	0.0	0.0	2	1.0308790816526625	-0.7456972137965027	230.0	25	1.05	0.95				
	220	1	76.76373364771929	15.592633397192982	0.0	0.0	2	1.0355620341823268	0.7711832946376185	230.0	25	1.05	0.95				
	221	2	0.0	0.0	0.0	0.0	2	1.0346483017861496	0.1267012925574341	230.0	27	1.05	0.95				
	222	2	0.0	0.0	0.0	0.0	2	1.05	6.684233012733456	230.0	27	1.05	0.95				
	223	2	0.0	0.0	0.0	0.0	2	1.0400640665191265	2.0453464953193397	230.0	25	1.05	0.95				
	224	1	0.0	0.0	0.0	0.0	2	1.0109077021930488	-5.004612844571515	230.0	26	1.05	0.95				
	301	2	69.34071497684211	14.124960458245614	0.0	0.0	3	1.0001073607374167	-1.4587715499454952	138.0	31	1.05	0.95				
	302	2	62.278234747719296	12.840873143859652	0.0	0.0	3	1.0013909908878298	-1.514891665323298	138.0	32	1.05	0.95				
	303	1	115.56785829473685	23.755615316140354	0.0	0.0	3	1.014054617230271	1.8387504434098323	138.0	31	1.05	0.95				
	304	1	47.51123063228071	9.630654857894736	0.0	0.0	3	1.002431904551502	0.7634159186429569	138.0	31	1.05	0.95				
	305	1	45.58509966070176	8.988611200701756	0.0	0.0	3	1.0149102477680685	0.7350494302069951	138.0	31	1.05	0.95				
	306	1	87.31793737824563	17.977222401403512	0.0	-100.0	3	1.0318521156415703	1.2437349474304393	138.0	32	1.05	0.95				
	307	2	80.2554571491228	16.051091429824563	0.0	0.0	3	0.9881729053750136	-3.249231707598583	138.0	32	1.05	0.95				
	308	1	109.78946538000001	22.471528001754386	0.0	0.0	3	0.9970571264747244	-0.3194454726248333	138.0	32	1.05	0.95				
	309	1	112.35764000877194	23.113571658947368	0.0	0.0	3	1.026614491787123	5.2403215132427485	138.0	33	1.05	0.95				
	310	1	125.19851315263159	25.681746287719303	0.0	0.0	3	1.05	4.976550571989384	138.0	33	1.05	0.95				
	311	1	0.0	0.0	0.0	0.0	3	1.0173125883306515	11.674142680263335	230.0	33	1.05	0.95				
	312	1	0.0	0.0	0.0	0.0	3	1.0222159709009027	13.193958864027826	230.0	33	1.05	0.95				
	313	2	170.14156915614035	34.670357488421054	0.0	0.0	3	1.0453503632149386	20.439362299801154	230.0	34	1.05	0.95				
	314	2	124.55646949543859	25.039702630526318	0.0	0.0	3	1.0199974457698642	10.367949501209608	230.0	36	1.05	0.95				
	315	2	203.52783933017545	41.09079406035088	0.0	0.0	3	1.0349477082401497	5.359702741397906	230.0	36	1.05	0.95				
	316	2	64.20436571929825	12.840873143859652	0.0	0.0	3	1.0363177642425554	6.748116145432028	230.0	36	1.05	0.95				
	317	1	0.0	0.0	0.0	0.0	3	1.0399302042796028	6.25233768367175	230.0	37	1.05	0.95				
	318	2	213.80053784526316	43.658968689122815	0.0	0.0	3	1.0374986311502807	5.001787578468371	230.0	37	1.05	0.95				
	319	1	116.20990195192984	23.755615316140354	0.0	0.0	3	1.0358607083276112	9.763853597332082	230.0	35	1.05	0.95				
	320	1	82.18158812070176	16.693135087017545	0.0	0.0	3	1.0391503189151496	12.120222210194175	230.0	35	1.05	0.95				
	321	2	0.0	0.0	0.0	0.0	3	1.0383900620974096	5.691951098703508	230.0	37	1.05	0.95				
	322	2	0.0	0.0	0.0	0.0	3	1.05	10.225863015286352	230.0	37	1.05	0.95				
	323	2	0.0	0.0	0.0	0.0	3	1.0413937311901145	13.101353604725729	230.0	35	1.05	0.95				
	324	1	0.0	0.0	0.0	0.0	3	1.023627583781342	6.1670036427003545	230.0	36	1.05	0.95				
	325	1	0.0	0.0	0.0	0.0	3	1.042868111624676	13.16099407549755	230.0	35	1.05	0.95				
];
