%% MATPOWER Case Format : Version 2
function mpc = RTS_GMLC
mpc.version = '2';

%%-----  Power Flow Data  -----%%
%% system MVA base
mpc.baseMVA = 100.0;
%% bus data
%    bus_i    type    Pd    Qd    Gs    Bs    area    Vm    Va    baseKV    zone    Vmax    Vmin
mpc.bus = [
	101	2	37.28698664210526	7.595497278947367	0.0	0.0	1	0.9940700461540892	-3.6296105980509603	138.0	11	1.05	0.95				
	102	2	33.48923800263158	6.90499752631579	0.0	0.0	1	0.9934563943382325	-3.940379360618285	138.0	12	1.05	0.95				
	103	1	62.1449777368421	12.77424542368421	0.0	0.0	1	1.0206927862124386	2.3398135808427223	138.0	11	1.05	0.95				
	104	1	25.54849084736842	5.178748144736842	0.0	0.0	1	1.0051790581938411	-3.8470466808238544	138.0	11	1.05	0.95				
	105	1	24.51274121842105	4.833498268421053	0.0	0.0	1	1.0177561452232247	-4.495005633574423	138.0	11	1.05	0.95				
	106	1	46.953983178947375	9.666996536842106	0.0	-100.0	1	1.0391945106693496	-5.433503273137957	138.0	12	1.05	0.95				
	107	2	43.15623453947368	8.631246907894736	0.0	0.0	1	0.9829656195751338	-11.15045872037472	138.0	12	1.05	0.95				
	108	1	59.03772884999999	12.08374567105263	0.0	0.0	1	0.9955953550451502	-8.856177446371603	138.0	12	1.05	0.95				
	109	1	60.41872835526315	12.42899554736842	0.0	0.0	1	1.0241205516787526	-2.3245120657854375	138.0	13	1.05	0.95				
	110	1	67.32372588157894	13.80999505263158	0.0	0.0	1	1.05	-4.219948318809728	138.0	13	1.05	0.95				
	111	1	0.0	0.0	0.0	0.0	1	1.0166875468462915	0.6812697415980892	230.0	13	1.05	0.95				
	112	1	0.0	0.0	0.0	0.0	1	1.0130830558890613	-0.8346932414628373	230.0	13	1.05	0.95				
	113	3	91.4912172236842	18.64349332105263	0.0	0.0	1	0.9952842997213158	-1.8677700724254184e-30	230.0	14	1.05	0.95				
	114	2	66.97847600526316	13.46474517631579	0.0	0.0	1	1.046095112424458	5.116194728458089	230.0	16	1.05	0.95				
	115	2	109.44421079210527	22.095992084210526	0.0	0.0	1	1.0382531762460856	15.905271916878453	230.0	16	1.05	0.95				
	116	2	34.524987631578945	6.90499752631579	0.0	0.0	1	1.038816203681981	13.68122266447282	230.0	16	1.05	0.95				
	117	1	0.0	0.0	0.0	0.0	1	1.037652226721936	20.38228179567437	230.0	17	1.05	0.95				
	118	2	114.9682088131579	23.476991589473688	0.0	0.0	1	1.0473812628794203	21.27550858170187	230.0	17	1.05	0.95				
	119	1	62.49022761315789	12.77424542368421	0.0	0.0	1	1.0363124303744182	8.641922298252434	230.0	15	1.05	0.95				
	120	1	44.19198416842105	8.976496784210527	0.0	0.0	1	1.0419674363315106	4.9411912561824884	230.0	15	1.05	0.95				
	121	2	0.0	0.0	0.0	0.0	1	1.0415557762864194	23.003131480436867	230.0	17	1.05	0.95				
	122	2	0.0	0.0	0.0	0.0	1	1.05	40.978459413411386	230.0	17	1.05	0.95				
	123	2	0.0	0.0	0.0	0.0	1	1.0464598639510974	3.180599706376437	230.0	15	1.05	0.95				
	124	1	0.0	0.0	0.0	0.0	1	1.0144952435085541	10.853563269061278	230.0	16	1.05	0.95				
	201	2	43.094600981052636	8.778529829473685	0.0	0.0	2	1.0089146160198115	-18.516455190586864	138.0	21	1.05	0.95				
	202	2	38.70533606631579	7.980481663157896	0.0	0.0	2	1.0081045481339546	-18.828809532924314	138.0	22	1.05	0.95				
	203	1	71.82433496842106	14.763891076842103	0.0	0.0	2	1.0110212972635995	-13.694007519521811	138.0	21	1.05	0.95				
	204	1	29.527782153684207	5.98536124736842	0.0	0.0	2	1.0095337897820507	-18.519149258695748	138.0	21	1.05	0.95				
	205	1	28.330709904210522	5.586337164210526	0.0	0.0	2	1.0245981258305952	-19.029595375380357	138.0	21	1.05	0.95				
	206	1	54.26727530947368	11.172674328421053	0.0	-100.0	2	1.0413132890413899	-19.824421409004533	138.0	22	1.05	0.95				
	207	2	49.87801039473684	9.975602078947368	0.0	0.0	2	0.991625732280013	-24.537837181111914	138.0	22	1.05	0.95				
	208	1	68.23311822	13.965842910526312	0.0	0.0	2	0.9990513505757075	-22.76131987473339	138.0	22	1.05	0.95				
	209	1	69.82921455263158	14.364866993684208	0.0	0.0	2	1.0220935206866726	-16.605853720750396	138.0	23	1.05	0.95				
	210	1	77.80969621578947	15.960963326315792	0.0	0.0	2	1.05	-18.252905712301764	138.0	23	1.05	0.95				
	211	1	0.0	0.0	0.0	0.0	2	1.007800085866127	-13.750865425528248	230.0	23	1.05	0.95				
	212	1	0.0	0.0	0.0	0.0	2	1.0114709544588896	-13.167464918857181	230.0	23	1.05	0.95				
	213	2	105.7413820368421	21.547300490526318	0.0	0.0	2	1.0048605903415715	-12.56656468616337	230.0	24	1.05	0.95				
	214	2	77.41067213263157	15.561939243157896	0.0	0.0	2	1.0106493303569586	-11.022106677347635	230.0	26	1.05	0.95				
	215	2	126.49063436105263	25.537541322105263	0.0	0.0	2	1.0278159450872266	-3.8805743225388025	230.0	26	1.05	0.95				
	216	2	39.90240831578947	7.980481663157896	0.0	0.0	2	1.0309344358871995	-4.790225456967461	230.0	26	1.05	0.95				
	217	1	0.0	0.0	0.0	0.0	2	1.0365847964429868	-2.2622676160588155	230.0	27	1.05	0.95				
	218	2	132.87501969157896	27.13363765473684	0.0	0.0	2	1.0353701068963048	-2.7918719872974807	230.0	27	1.05	0.95				
	219	1	72.22335905157895	14.763891076842103	0.0	0.0	2	1.0336081906507022	-5.340288306156121	230.0	25	1.05	0.95				
	220	1	51.075082644210525	10.374626162105264	0.0	0.0	2	1.03841379963964	-5.047409672520928	230.0	25	1.05	0.95				
	221	2	0.0	0.0	0.0	0.0	2	1.035402531156263	-2.353810423879842	230.0	27	1.05	0.95				
	222	2	0.0	0.0	0.0	0.0	2	1.05	4.180751925444629	230.0	27	1.05	0.95				
	223	2	0.0	0.0	0.0	0.0	2	1.0414972078060305	-4.588497606786913	230.0	25	1.05	0.95				
	224	1	0.0	0.0	0.0	0.0	2	1.0094123740409608	-7.53135045840293	230.0	26	1.05	0.95				
	301	2	47.320468218947376	9.639354637192984	0.0	0.0	3	1.0178393780419823	13.867506117671903	138.0	31	1.05	0.95				
	302	2	42.50079090035088	8.76304967017544	0.0	0.0	3	1.01570453702271	13.513540683918533	138.0	32	1.05	0.95				
	303	1	78.86744703157895	16.211641889824563	0.0	0.0	3	1.05	29.207373639372026	138.0	31	1.05	0.95				
	304	1	32.423283779649125	6.572287252631578	0.0	0.0	3	1.0083131827481129	14.958656966314766	138.0	31	1.05	0.95				
	305	1	31.108826329122806	6.134134769122808	0.0	0.0	3	1.0250079709666657	12.240236129893438	138.0	31	1.05	0.95				
	306	1	59.58873775719299	12.268269538245615	0.0	-100.0	3	1.0362778494433793	10.798943052697979	138.0	32	1.05	0.95				
	307	2	54.7690604385965	10.9538120877193	0.0	0.0	3	0.95	7.200700954193436	138.0	32	1.05	0.95				
	308	1	74.92407467999999	15.335336922807016	0.0	0.0	3	0.9698923549888153	9.121703642415802	138.0	32	1.05	0.95				
	309	1	76.6766846140351	15.773489406315791	0.0	0.0	3	1.0161403448623276	17.97670356792753	138.0	33	1.05	0.95				
	310	1	85.43973428421053	17.52609934035088	0.0	0.0	3	1.0429231878565381	12.01632020867543	138.0	33	1.05	0.95				
	311	1	0.0	0.0	0.0	0.0	3	1.0048161382013832	15.786100203273937	230.0	33	1.05	0.95				
	312	1	0.0	0.0	0.0	0.0	3	1.0093388917456398	15.990329347057786	230.0	33	1.05	0.95				
	313	2	116.11040812982456	23.660234109473688	0.0	0.0	3	1.0039115312612865	16.283746694641955	230.0	34	1.05	0.95				
	314	2	85.00158180070176	17.087946856842105	0.0	0.0	3	1.002428637810957	16.23654374161321	230.0	36	1.05	0.95				
	315	2	138.89433727228072	28.04175894456141	0.0	0.0	3	1.05	19.83047045546026	230.0	36	1.05	0.95				
	316	2	43.8152483508772	8.76304967017544	0.0	0.0	3	1.0390777586299003	19.439116658960323	230.0	36	1.05	0.95				
	317	1	0.0	0.0	0.0	0.0	3	1.05	23.70654773374514	230.0	37	1.05	0.95				
	318	2	145.90477700842106	29.794368878596494	0.0	0.0	3	1.0438888418610435	20.035878235388257	230.0	37	1.05	0.95				
	319	1	79.30559951508772	16.211641889824563	0.0	0.0	3	1.0282216767966386	18.07291708709714	230.0	35	1.05	0.95				
	320	1	56.08351788912282	11.39196457122807	0.0	0.0	3	1.022050086892746	17.721486222478056	230.0	35	1.05	0.95				
	321	2	0.0	0.0	0.0	0.0	3	1.04801687203053	20.64106359454719	230.0	37	1.05	0.95				
	322	2	0.0	0.0	0.0	0.0	3	1.05	26.18995918887473	230.0	37	1.05	0.95				
	323	2	0.0	0.0	0.0	0.0	3	1.0192250982806024	17.86938788343889	230.0	35	1.05	0.95				
	324	1	0.0	0.0	0.0	0.0	3	1.0470147798499423	23.41419418787315	230.0	36	1.05	0.95				
	325	1	0.0	0.0	0.0	0.0	3	1.0207478998322954	18.317494667475966	230.0	35	1.05	0.95				
];
