%% MATPOWER Case Format : Version 2
function mpc = RTS_GMLC
mpc.version = '2';

%%-----  Power Flow Data  -----%%
%% system MVA base
mpc.baseMVA = 100.0;
%% bus data
%    bus_i    type    Pd    Qd    Gs    Bs    area    Vm    Va    baseKV    zone    Vmax    Vmin
mpc.bus = [
	101	2	36.765957448421055	7.48936170245614	0.0	0.0	1	0.9877888161920311	-5.194034540242097	138.0	11	1.05	0.95				
	102	2	33.02127659719298	6.808510638596492	0.0	0.0	1	0.9877335806230066	-5.377588911597131	138.0	12	1.05	0.95				
	103	1	61.276595747368425	12.59574468140351	0.0	0.0	1	1.0186389362969945	1.7409792294266628	138.0	11	1.05	0.95				
	104	1	25.19148936280702	5.106382978947368	0.0	0.0	1	1.0026653243113164	-4.677184967605654	138.0	11	1.05	0.95				
	105	1	24.170212767017542	4.765957447017544	0.0	0.0	1	1.0146019339159096	-5.502251982762927	138.0	11	1.05	0.95				
	106	1	46.297872342456145	9.531914894035088	0.0	-100.0	1	1.0380117783034661	-6.115074879507531	138.0	12	1.05	0.95				
	107	2	42.55319149122807	8.510638298245613	0.0	0.0	1	0.9870570974653485	-10.863743028602647	138.0	12	1.05	0.95				
	108	1	58.21276596	11.914893617543859	0.0	0.0	1	0.9985711221093122	-8.863986492905527	138.0	12	1.05	0.95				
	109	1	59.5744680877193	12.255319149473683	0.0	0.0	1	1.0244128063209264	-2.692199576695466	138.0	13	1.05	0.95				
	110	1	66.38297872631578	13.617021277192984	0.0	0.0	1	1.05	-4.691302558935332	138.0	13	1.05	0.95				
	111	1	0.0	0.0	0.0	0.0	1	1.0177091901246127	0.4557034700683338	230.0	13	1.05	0.95				
	112	1	0.0	0.0	0.0	0.0	1	1.0133325423209358	-1.0049943337131553	230.0	13	1.05	0.95				
	113	3	90.2127659614035	18.382978724210528	0.0	0.0	1	0.998967369683515	1.2447866290005989e-28	230.0	14	1.05	0.95				
	114	2	66.04255319438596	13.276595745263158	0.0	0.0	1	1.0462376970923364	4.886462618158894	230.0	16	1.05	0.95				
	115	2	107.91489362175437	21.78723404350877	0.0	0.0	1	1.0369150690587916	15.581915735881257	230.0	16	1.05	0.95				
	116	2	34.04255319298245	6.808510638596492	0.0	0.0	1	1.0375760225540813	13.430268212918076	230.0	16	1.05	0.95				
	117	1	0.0	0.0	0.0	0.0	1	1.0366179549438823	20.058405454297855	230.0	17	1.05	0.95				
	118	2	113.36170213263156	23.148936171228073	0.0	0.0	1	1.046152069117828	20.91741958693866	230.0	17	1.05	0.95				
	119	1	61.61702127929824	12.59574468140351	0.0	0.0	1	1.0339898463163577	8.541337962663542	230.0	15	1.05	0.95				
	120	1	43.57446808701754	8.85106383017544	0.0	0.0	1	1.0383010515637416	4.955088558744119	230.0	15	1.05	0.95				
	121	2	0.0	0.0	0.0	0.0	1	1.0400518366793152	22.605176119851578	230.0	17	1.05	0.95				
	122	2	0.0	0.0	0.0	0.0	1	1.05	40.592573209868156	230.0	17	1.05	0.95				
	123	2	0.0	0.0	0.0	0.0	1	1.0419469862845965	3.251728892278291	230.0	15	1.05	0.95				
	124	1	0.0	0.0	0.0	0.0	1	1.0125112288580165	10.43083157751989	230.0	16	1.05	0.95				
	201	2	40.32362664000001	8.214072093333332	0.0	0.0	2	1.0063572779881134	-16.94728069383013	138.0	21	1.05	0.95				
	202	2	36.21659059333333	7.467338266666666	0.0	0.0	2	1.0054150420027101	-17.24837419867186	138.0	22	1.05	0.95				
	203	1	67.2060444	13.814575793333333	0.0	0.0	2	1.0123447700980235	-12.662900729263562	138.0	21	1.05	0.95				
	204	1	27.629151586666666	5.6005037	0.0	0.0	2	1.009161809608424	-17.04693508546797	138.0	21	1.05	0.95				
	205	1	26.509050846666664	5.227136786666667	0.0	0.0	2	1.0236546652009124	-17.50488140049238	138.0	21	1.05	0.95				
	206	1	50.77790021333334	10.454273573333333	0.0	-100.0	2	1.0413803203863927	-18.301219541833493	138.0	22	1.05	0.95				
	207	2	46.67086416666667	9.334172833333334	0.0	0.0	2	0.9895739591095651	-22.658258714252174	138.0	22	1.05	0.95				
	208	1	63.845742179999995	13.067841966666666	0.0	0.0	2	0.9990124144677094	-21.0304616203961	138.0	22	1.05	0.95				
	209	1	65.33920983333333	13.44120888	0.0	0.0	2	1.0226059618825172	-15.325748267824219	138.0	23	1.05	0.95				
	210	1	72.8065481	14.934676533333333	0.0	0.0	2	1.05	-16.851183090345696	138.0	23	1.05	0.95				
	211	1	0.0	0.0	0.0	0.0	2	1.0059766183218444	-12.637933616627436	230.0	23	1.05	0.95				
	212	1	0.0	0.0	0.0	0.0	2	1.0136213548999533	-12.143869902592693	230.0	23	1.05	0.95				
	213	2	98.94223203333333	20.161813320000004	0.0	0.0	2	1.0043779314928207	-11.56881514955104	230.0	24	1.05	0.95				
	214	2	72.43318118666666	14.561309620000001	0.0	0.0	2	1.0047965079084782	-10.010542438163203	230.0	26	1.05	0.95				
	215	2	118.35731152666666	23.895482453333333	0.0	0.0	2	1.026268534214518	-3.2252440087043612	230.0	26	1.05	0.95				
	216	2	37.336691333333334	7.467338266666666	0.0	0.0	2	1.0294258300486454	-4.127042754980256	230.0	26	1.05	0.95				
	217	1	0.0	0.0	0.0	0.0	2	1.03465388241214	-1.6641256916200182	230.0	27	1.05	0.95				
	218	2	124.33118214000001	25.38895010666667	0.0	0.0	2	1.0332475473684033	-2.1313049714216312	230.0	27	1.05	0.95				
	219	1	67.57941131333334	13.814575793333333	0.0	0.0	2	1.036290680821666	-4.799944699006145	230.0	25	1.05	0.95				
	220	1	47.790964906666666	9.707539746666667	0.0	0.0	2	1.0444453050011615	-4.6619996911310615	230.0	25	1.05	0.95				
	221	2	0.0	0.0	0.0	0.0	2	1.0336855312882338	-1.696509097843972	230.0	27	1.05	0.95				
	222	2	0.0	0.0	0.0	0.0	2	1.05	4.8129308476960295	230.0	27	1.05	0.95				
	223	2	0.0	0.0	0.0	0.0	2	1.0491999506451297	-4.311411291552676	230.0	25	1.05	0.95				
	224	1	0.0	0.0	0.0	0.0	2	1.0093920113908315	-6.745660141377328	230.0	26	1.05	0.95				
	301	2	41.85384373894737	8.52578298385965	0.0	0.0	3	1.020623535012535	13.976260973936759	138.0	31	1.05	0.95				
	302	2	37.59095224701755	7.750711803508772	0.0	0.0	3	1.0188895555273187	13.627558867412029	138.0	32	1.05	0.95				
	303	1	69.75640623157895	14.338816836491228	0.0	0.0	3	1.05	28.66558206296674	138.0	31	1.05	0.95				
	304	1	28.677633672982456	5.813033852631579	0.0	0.0	3	1.0115046092002657	14.826473351317016	138.0	31	1.05	0.95				
	305	1	27.515026902456142	5.425498262456141	0.0	0.0	3	1.0281965290578328	12.272937256626152	138.0	31	1.05	0.95				
	306	1	52.70484026385965	10.850996524912283	0.0	-100.0	3	1.0401906005871442	10.832905930891567	138.0	32	1.05	0.95				
	307	2	48.44194877192982	9.688389754385964	0.0	0.0	3	0.95	7.925203167662073	138.0	32	1.05	0.95				
	308	1	66.26858592	13.56374565614035	0.0	0.0	3	0.9727748083861457	9.53761487767472	138.0	32	1.05	0.95				
	309	1	67.81872828070176	13.951281246315789	0.0	0.0	3	1.0170584662464175	17.43207323345228	138.0	33	1.05	0.95				
	310	1	75.56944008421053	15.501423607017545	0.0	0.0	3	1.0451411719717265	11.803894361160411	138.0	33	1.05	0.95				
	311	1	0.0	0.0	0.0	0.0	3	1.0047141459676763	14.838303627969875	230.0	33	1.05	0.95				
	312	1	0.0	0.0	0.0	0.0	3	1.0097802949406363	15.145144069728467	230.0	33	1.05	0.95				
	313	2	102.69693139649124	20.926921869473684	0.0	0.0	3	1.0034420475042045	15.096692912766613	230.0	34	1.05	0.95				
	314	2	75.1819044940351	15.113888016842106	0.0	0.0	3	0.9997311134270126	14.935383676498049	230.0	36	1.05	0.95				
	315	2	122.84878208561403	24.80227777122807	0.0	0.0	3	1.047695485291589	17.79589197352633	230.0	36	1.05	0.95				
	316	2	38.75355901754386	7.750711803508772	0.0	0.0	3	1.0307804531407552	17.36420488525891	230.0	36	1.05	0.95				
	317	1	0.0	0.0	0.0	0.0	3	1.05	20.54208915877912	230.0	37	1.05	0.95				
	318	2	129.04935152842106	26.352420131929826	0.0	0.0	3	1.05	17.455423329872936	230.0	37	1.05	0.95				
	319	1	70.14394182175438	14.338816836491228	0.0	0.0	3	1.0227565838295207	16.434321113578036	230.0	35	1.05	0.95				
	320	1	49.60455554245614	10.075925344561403	0.0	0.0	3	1.018299899616263	16.38188714406384	230.0	35	1.05	0.95				
	321	2	0.0	0.0	0.0	0.0	3	1.05	18.217686100864217	230.0	37	1.05	0.95				
	322	2	0.0	0.0	0.0	0.0	3	1.05	23.478118756291952	230.0	37	1.05	0.95				
	323	2	0.0	0.0	0.0	0.0	3	1.016225838884322	16.659224975728076	230.0	35	1.05	0.95				
	324	1	0.0	0.0	0.0	0.0	3	1.0451632819135077	21.950384639859305	230.0	36	1.05	0.95				
	325	1	0.0	0.0	0.0	0.0	3	1.0176249885529103	17.177438329599877	230.0	35	1.05	0.95				
];
