%% MATPOWER Case Format : Version 2
function mpc = RTS_GMLC
mpc.version = '2';

%%-----  Power Flow Data  -----%%
%% system MVA base
mpc.baseMVA = 100.0;
%% bus data
%    bus_i    type    Pd    Qd    Gs    Bs    area    Vm    Va    baseKV    zone    Vmax    Vmin
mpc.bus = [
	101	2	42.711034130526315	8.700395841403509	0.0	0.0	1	1.0035069532479362	-1.1085686688537153	138.0	11	1.05	0.95				
	102	2	38.360836209824555	7.909450764912281	0.0	0.0	1	1.0016125964256004	-1.7149181679865464	138.0	12	1.05	0.95				
	103	1	71.18505688421052	14.632483915087718	0.0	0.0	1	1.022359681017754	2.684937098236732	138.0	11	1.05	0.95				
	104	1	29.264967830175436	5.93208807368421	0.0	0.0	1	1.0080462469115814	-2.895141515294779	138.0	11	1.05	0.95				
	105	1	28.07855021543859	5.536615535438597	0.0	0.0	1	1.021611582569095	-3.1449553763320015	138.0	11	1.05	0.95				
	106	1	53.784265201403514	11.073231070877194	0.0	-100.0	1	1.039433570776812	-4.813405394678477	138.0	12	1.05	0.95				
	107	2	49.434067280701754	9.88681345614035	0.0	0.0	1	0.9835268182853503	-11.770661037198382	138.0	12	1.05	0.95				
	108	1	67.62580403999999	13.84153883859649	0.0	0.0	1	0.9939385230207851	-9.267947081327874	138.0	12	1.05	0.95				
	109	1	69.20769419298244	14.237011376842105	0.0	0.0	1	1.0242776586566726	-2.192810208406317	138.0	13	1.05	0.95				
	110	1	77.11714495789474	15.818901529824561	0.0	0.0	1	1.05	-3.8813163337228858	138.0	13	1.05	0.95				
	111	1	0.0	0.0	0.0	0.0	1	1.0182942123643464	0.7031402425726249	230.0	13	1.05	0.95				
	112	1	0.0	0.0	0.0	0.0	1	1.0138590982766456	-0.7364372646433389	230.0	13	1.05	0.95				
	113	3	104.8002226350877	21.355517065263157	0.0	0.0	1	0.9949481467863223	-8.783561981750591e-24	230.0	14	1.05	0.95				
	114	2	76.72167241964911	15.423428991578946	0.0	0.0	1	1.05	4.925331091795496	230.0	16	1.05	0.95				
	115	2	125.36479462385964	25.3102424477193	0.0	0.0	1	1.0400419326043446	15.78310713953367	230.0	16	1.05	0.95				
	116	2	39.5472538245614	7.909450764912281	0.0	0.0	1	1.0407284154021192	13.518973111162678	230.0	16	1.05	0.95				
	117	1	0.0	0.0	0.0	0.0	1	1.0392863785832087	20.280599324739345	230.0	17	1.05	0.95				
	118	2	131.69235523578945	26.892132600701757	0.0	0.0	1	1.0492863538942672	21.195529941932932	230.0	17	1.05	0.95				
	119	1	71.58052942245614	14.632483915087718	0.0	0.0	1	1.03850239118734	8.451786820028085	230.0	15	1.05	0.95				
	120	1	50.6204848954386	10.282285994385965	0.0	0.0	1	1.0449342089386842	4.821953618229797	230.0	15	1.05	0.95				
	121	2	0.0	0.0	0.0	0.0	1	1.0444661860131061	23.049443014647323	230.0	17	1.05	0.95				
	122	2	0.0	0.0	0.0	0.0	1	1.05	41.00039946464972	230.0	17	1.05	0.95				
	123	2	0.0	0.0	0.0	0.0	1	1.05	3.136622857623867	230.0	15	1.05	0.95				
	124	1	0.0	0.0	0.0	0.0	1	1.0168816594946977	10.906304859885559	230.0	16	1.05	0.95				
	201	2	48.41555172631579	9.862427203508773	0.0	0.0	2	1.0183220788171978	-19.40731636063273	138.0	21	1.05	0.95				
	202	2	43.4843381245614	8.965842912280703	0.0	0.0	2	1.0174168134105952	-19.717110848794334	138.0	22	1.05	0.95				
	203	1	80.69258621052631	16.5868093877193	0.0	0.0	2	1.0113443185250368	-14.129470527796835	138.0	21	1.05	0.95				
	204	1	33.1736187754386	6.724382184210525	0.0	0.0	2	1.0123478300524653	-19.125186191579907	138.0	21	1.05	0.95				
	205	1	31.828742338596488	6.276090038596492	0.0	0.0	2	1.0286888646763808	-19.689054955442852	138.0	21	1.05	0.95				
	206	1	60.96773180350878	12.552180077192984	0.0	-100.0	2	1.04220235068192	-20.3974524303018	138.0	22	1.05	0.95				
	207	2	56.03651820175438	11.207303640350878	0.0	0.0	2	0.9993437979883606	-25.82803726531636	138.0	22	1.05	0.95				
	208	1	76.6579569	15.690225096491226	0.0	0.0	2	1.0013503611745542	-23.756082738098176	138.0	22	1.05	0.95				
	209	1	78.45112548245613	16.138517242105262	0.0	0.0	2	1.0215846314664032	-16.783563127464014	138.0	23	1.05	0.95				
	210	1	87.41696839473684	17.931685824561406	0.0	0.0	2	1.05	-18.533890167039612	138.0	23	1.05	0.95				
	211	1	0.0	0.0	0.0	0.0	2	1.0102517192924785	-13.48823351583712	230.0	23	1.05	0.95				
	212	1	0.0	0.0	0.0	0.0	2	1.0036610423407268	-12.471896753804065	230.0	23	1.05	0.95				
	213	2	118.79741858771928	24.207775863157895	0.0	0.0	2	1.0036030571810226	-11.78818900988552	230.0	24	1.05	0.95				
	214	2	86.9686762491228	17.48339367894737	0.0	0.0	2	1.0207385988036701	-10.75633198563125	230.0	26	1.05	0.95				
	215	2	142.10861015964912	28.69069731929825	0.0	0.0	2	1.0285105973457465	-3.533466450611455	230.0	26	1.05	0.95				
	216	2	44.82921456140351	8.965842912280703	0.0	0.0	2	1.0290844125203886	-4.081162406009649	230.0	26	1.05	0.95				
	217	1	0.0	0.0	0.0	0.0	2	1.0370536484704165	-1.8856006227898112	230.0	27	1.05	0.95				
	218	2	149.28128448947368	30.48386590175439	0.0	0.0	2	1.0362364488544176	-2.5140591058176325	230.0	27	1.05	0.95				
	219	1	81.14087835614036	16.5868093877193	0.0	0.0	2	1.0211684043134492	-3.766118319333399	230.0	25	1.05	0.95				
	220	1	57.3813946385965	11.655595785964913	0.0	0.0	2	1.0175258602695456	-2.6038007665180434	230.0	25	1.05	0.95				
	221	2	0.0	0.0	0.0	0.0	2	1.0361686745818017	-2.049533695449205	230.0	27	1.05	0.95				
	222	2	0.0	0.0	0.0	0.0	2	1.05	4.514149757117331	230.0	27	1.05	0.95				
	223	2	0.0	0.0	0.0	0.0	2	1.016578290725762	-1.6085090301053253	230.0	25	1.05	0.95				
	224	1	0.0	0.0	0.0	0.0	2	1.0090215328598056	-7.475960210734776	230.0	26	1.05	0.95				
	301	2	54.88832648842106	11.180955395789475	0.0	0.0	3	1.0257706548775762	15.134490318573643	138.0	31	1.05	0.95				
	302	2	49.29784879052632	10.16450490526316	0.0	0.0	3	1.022140908222192	14.788379557196071	138.0	32	1.05	0.95				
	303	1	91.48054414736842	18.804334074736843	0.0	0.0	3	1.05	31.407679752634955	138.0	31	1.05	0.95				
	304	1	37.60866814947369	7.623378678947369	0.0	0.0	3	1.0091805734941528	16.5806430461813	138.0	31	1.05	0.95				
	305	1	36.083992413684214	7.1151534336842115	0.0	0.0	3	1.0279288300327947	13.717872168135713	138.0	31	1.05	0.95				
	306	1	69.11863335578948	14.230306867368423	0.0	-100.0	3	1.0355572546214933	12.330992563938704	138.0	32	1.05	0.95				
	307	2	63.528155657894736	12.705631131578949	0.0	0.0	3	0.95	7.741909603685798	138.0	32	1.05	0.95				
	308	1	86.90651694	17.787883584210526	0.0	0.0	3	0.9664922582404566	10.083257977761004	138.0	32	1.05	0.95				
	309	1	88.93941792105264	18.296108829473685	0.0	0.0	3	1.0156383444502	20.17866258410136	138.0	33	1.05	0.95				
	310	1	99.1039228263158	20.32900981052632	0.0	0.0	3	1.0424722558547113	13.914535301269325	138.0	33	1.05	0.95				
	311	1	0.0	0.0	0.0	0.0	3	1.0037236965840282	18.59762036347217	230.0	33	1.05	0.95				
	312	1	0.0	0.0	0.0	0.0	3	1.0089496994207887	18.937263731262476	230.0	33	1.05	0.95				
	313	2	134.67968999473686	27.44416324421053	0.0	0.0	3	1.0059944632757003	20.64868812268678	230.0	34	1.05	0.95				
	314	2	98.59569758105263	19.82078456526316	0.0	0.0	3	1.0002851579513248	18.452102015250194	230.0	36	1.05	0.95				
	315	2	161.10740274842107	32.52641569684211	0.0	0.0	3	1.05	21.585917875831452	230.0	36	1.05	0.95				
	316	2	50.822524526315796	10.16450490526316	0.0	0.0	3	1.0379658631898223	21.28834059819386	230.0	36	1.05	0.95				
	317	1	0.0	0.0	0.0	0.0	3	1.0453434992997181	25.651155509821805	230.0	37	1.05	0.95				
	318	2	169.23900667263158	34.55931667789474	0.0	0.0	3	1.036652389288701	21.95807852584463	230.0	37	1.05	0.95				
	319	1	91.98876939263158	18.804334074736843	0.0	0.0	3	1.0270365411125912	19.941738664954	230.0	35	1.05	0.95				
	320	1	65.05283139368422	13.213856376842106	0.0	0.0	3	1.0216008086658441	19.74465885437174	230.0	35	1.05	0.95				
	321	2	0.0	0.0	0.0	0.0	3	1.048246956197365	22.480088206590164	230.0	37	1.05	0.95				
	322	2	0.0	0.0	0.0	0.0	3	1.05	28.061651732505062	230.0	37	1.05	0.95				
	323	2	0.0	0.0	0.0	0.0	3	1.0195296160813467	20.031040254390565	230.0	35	1.05	0.95				
	324	1	0.0	0.0	0.0	0.0	3	1.0469044680379542	25.33904310708893	230.0	36	1.05	0.95				
	325	1	0.0	0.0	0.0	0.0	3	1.0218432994694984	20.301788642349884	230.0	35	1.05	0.95				
];
