%% MATPOWER Case Format : Version 2
function mpc = RTS_GMLC
mpc.version = '2';

%%-----  Power Flow Data  -----%%
%% system MVA base
mpc.baseMVA = 100.0;
%% bus data
%    bus_i    type    Pd    Qd    Gs    Bs    area    Vm    Va    baseKV    zone    Vmax    Vmin
mpc.bus = [
	101	2	42.4037605263158	8.63780307017544	0.0	0.0	1	1.0328640658896122	2.819685652056478	138.0	11	1.05	0.95				
	102	2	38.084858991228074	7.852548245614037	0.0	0.0	1	1.0319371168355094	2.555922090958585	138.0	12	1.05	0.95				
	103	1	70.67293421052632	14.527214254385967	0.0	0.0	1	1.030568910874699	1.4097680806346362	138.0	11	1.05	0.95				
	104	1	29.054428508771935	5.889411184210527	0.0	0.0	1	1.0215611421342132	-0.4543406966775389	138.0	11	1.05	0.95				
	105	1	27.876546271929826	5.496783771929826	0.0	0.0	1	1.0360361996868208	-0.2523365401941837	138.0	11	1.05	0.95				
	106	1	53.397328070175455	10.993567543859651	0.0	-100.0	1	1.0461927594414102	-2.418581837083704	138.0	12	1.05	0.95				
	107	2	49.07842653508773	9.815685307017546	0.0	0.0	1	1.0003972680744693	-7.55531290190244	138.0	12	1.05	0.95				
	108	1	67.13928750000001	13.741959429824563	0.0	0.0	1	1.0055725070339514	-6.306303095893424	138.0	12	1.05	0.95				
	109	1	68.70979714912282	14.134586842105264	0.0	0.0	1	1.0247387257434293	-1.3209900796664331	138.0	13	1.05	0.95				
	110	1	76.56234539473685	15.705096491228074	0.0	0.0	1	1.05	-2.1262458117427196	138.0	13	1.05	0.95				
	111	1	0.0	0.0	0.0	0.0	1	1.0029639147488114	0.2621520394974718	230.0	13	1.05	0.95				
	112	1	0.0	0.0	0.0	0.0	1	1.007644264143002	0.38934978503208695	230.0	13	1.05	0.95				
	113	3	104.04626425438596	21.2018802631579	0.0	0.0	1	0.9930341551104748	-1.2621745171313107e-27	230.0	14	1.05	0.95				
	114	2	76.16971798245615	15.312469078947371	0.0	0.0	1	1.000759946546932	2.6060529601420184	230.0	16	1.05	0.95				
	115	2	124.46288969298247	25.12815438596492	0.0	0.0	1	1.0395962455898446	8.776801220093049	230.0	16	1.05	0.95				
	116	2	39.26274122807018	7.852548245614037	0.0	0.0	1	1.0348573420425204	8.137094015380866	230.0	16	1.05	0.95				
	117	1	0.0	0.0	0.0	0.0	1	1.0425001928102853	10.416839962148906	230.0	17	1.05	0.95				
	118	2	130.7449282894737	26.698664035087727	0.0	0.0	1	1.0459189928350674	10.45870495201039	230.0	17	1.05	0.95				
	119	1	71.06556162280702	14.527214254385967	0.0	0.0	1	1.0272592916546825	6.694251475240882	230.0	15	1.05	0.95				
	120	1	50.25630877192984	10.208312719298247	0.0	0.0	1	1.0234511824746482	6.194983908129477	230.0	15	1.05	0.95				
	121	2	0.0	0.0	0.0	0.0	1	1.0499999418952874	11.395401788719044	230.0	17	1.05	0.95				
	122	2	0.0	0.0	0.0	0.0	1	1.05	19.305907334208083	230.0	17	1.05	0.95				
	123	2	0.0	0.0	0.0	0.0	1	1.021701810887198	6.225437302611033	230.0	15	1.05	0.95				
	124	1	0.0	0.0	0.0	0.0	1	1.026650047383417	6.0185014583130485	230.0	16	1.05	0.95				
	201	2	43.53659689263158	8.86856603368421	0.0	0.0	2	1.0266607326724726	-6.720791909622779	138.0	21	1.05	0.95				
	202	2	39.10231387578948	8.062332757894737	0.0	0.0	2	1.027669605777198	-6.51313655374893	138.0	22	1.05	0.95				
	203	1	72.56099482105263	14.915315602105265	0.0	0.0	2	1.0172697172989726	-6.497664715134206	138.0	21	1.05	0.95				
	204	1	29.83063120421053	6.046749568421053	0.0	0.0	2	1.0187543577214608	-8.299019365681149	138.0	21	1.05	0.95				
	205	1	28.621281290526312	5.643632930526317	0.0	0.0	2	1.033446333163001	-8.514188479111393	138.0	21	1.05	0.95				
	206	1	54.82386275368422	11.287265861052633	0.0	-100.0	2	1.0455151180593854	-9.878504522454397	138.0	22	1.05	0.95				
	207	2	50.38957973684211	10.077915947368421	0.0	0.0	2	0.9928287114134667	-15.759222130385544	138.0	22	1.05	0.95				
	208	1	68.93294508	14.10908232631579	0.0	0.0	2	0.9997396237496564	-13.959004461466817	138.0	22	1.05	0.95				
	209	1	70.54541163157894	14.512198964210526	0.0	0.0	2	1.0226687071771121	-8.104263407406226	138.0	23	1.05	0.95				
	210	1	78.60774438947368	16.124665515789474	0.0	0.0	2	1.05	-9.03958421269868	138.0	23	1.05	0.95				
	211	1	0.0	0.0	0.0	0.0	2	1.0031698534068088	-5.673971665546614	230.0	23	1.05	0.95				
	212	1	0.0	0.0	0.0	0.0	2	1.0071324305997107	-4.948033157250144	230.0	23	1.05	0.95				
	213	2	106.82590904210525	21.76829844631579	0.0	0.0	2	0.9966958417352977	-4.601367784172598	230.0	24	1.05	0.95				
	214	2	78.20462775157895	15.721548877894737	0.0	0.0	2	1.0014865610751114	-3.5796611022304563	230.0	26	1.05	0.95				
	215	2	127.78797421263157	25.799464825263158	0.0	0.0	2	1.020635189418584	1.8180220180742077	230.0	26	1.05	0.95				
	216	2	40.311663789473684	8.062332757894737	0.0	0.0	2	1.0218683303630212	1.8129384717629466	230.0	26	1.05	0.95				
	217	1	0.0	0.0	0.0	0.0	2	1.0276047592549675	3.641434901987981	230.0	27	1.05	0.95				
	218	2	134.23784041894737	27.41193137684211	0.0	0.0	2	1.0271662490802687	3.2793535551834383	230.0	27	1.05	0.95				
	219	1	72.96411145894737	14.915315602105265	0.0	0.0	2	1.0222743775428376	1.5995343793553074	230.0	25	1.05	0.95				
	220	1	51.598929650526316	10.481032585263158	0.0	0.0	2	1.0252133211550964	2.2075627008536753	230.0	25	1.05	0.95				
	221	2	0.0	0.0	0.0	0.0	2	1.028560534491073	3.5914328215569324	230.0	27	1.05	0.95				
	222	2	0.0	0.0	0.0	0.0	2	1.0499999706166632	10.101665562800427	230.0	27	1.05	0.95				
	223	2	0.0	0.0	0.0	0.0	2	1.0274199798133181	2.8509995062452083	230.0	25	1.05	0.95				
	224	1	0.0	0.0	0.0	0.0	2	1.0090144756604804	-1.3167346740711825	230.0	26	1.05	0.95				
	301	2	44.16007592842106	8.99557102245614	0.0	0.0	3	1.007891949313776	-17.970398053074028	138.0	31	1.05	0.95				
	302	2	39.66229041719298	8.177791838596491	0.0	0.0	3	1.0078233607751022	-18.07500592716171	138.0	32	1.05	0.95				
	303	1	73.60012654736842	15.128914901403508	0.0	0.0	3	1.0233494134698393	-12.797186882067976	138.0	31	1.05	0.95				
	304	1	30.257829802807017	6.133343878947368	0.0	0.0	3	1.0109773369320219	-16.6480024114806	138.0	31	1.05	0.95				
	305	1	29.031161027017543	5.724454287017544	0.0	0.0	3	1.0237063794894323	-17.476675427905445	138.0	31	1.05	0.95				
	306	1	55.60898450245614	11.448908574035087	0.0	-100.0	3	1.0409782202855933	-17.695124710962567	138.0	32	1.05	0.95				
	307	2	51.111198991228065	10.222239798245614	0.0	0.0	3	0.9937685150186494	-22.01140628299035	138.0	32	1.05	0.95				
	308	1	69.92012021999999	14.311135717543857	0.0	0.0	3	1.000785993739499	-20.18915712064907	138.0	32	1.05	0.95				
	309	1	71.5556785877193	14.720025309473684	0.0	0.0	3	1.0262049341325743	-13.805683387250825	138.0	33	1.05	0.95				
	310	1	79.73347042631579	16.355583677192982	0.0	0.0	3	1.05	-15.665774314344795	138.0	33	1.05	0.95				
	311	1	0.0	0.0	0.0	0.0	3	1.0064170030959312	-10.315006246229348	230.0	33	1.05	0.95				
	312	1	0.0	0.0	0.0	0.0	3	1.0108256969566647	-9.712253596870761	230.0	33	1.05	0.95				
	313	2	108.35574186140352	22.08003796421053	0.0	0.0	3	1.0096685262415803	-6.7978303569128595	230.0	34	1.05	0.95				
	314	2	79.32458083438596	15.946694085263157	0.0	0.0	3	1.0035687891936795	-8.85311267324309	230.0	36	1.05	0.95				
	315	2	129.61800064175438	26.16893388350877	0.0	0.0	3	1.0267114664911339	-5.247448335501534	230.0	36	1.05	0.95				
	316	2	40.888959192982455	8.177791838596491	0.0	0.0	3	1.02665961601041	-4.345689743498891	230.0	36	1.05	0.95				
	317	1	0.0	0.0	0.0	0.0	3	1.031648772182046	-3.0905001008247557	230.0	37	1.05	0.95				
	318	2	136.16023411263157	27.80449225122807	0.0	0.0	3	1.0300634368149462	-3.3806850537206734	230.0	37	1.05	0.95				
	319	1	74.00901613929824	15.128914901403508	0.0	0.0	3	1.024317081108315	-4.79870863484365	230.0	35	1.05	0.95				
	320	1	52.33786776701754	10.631129390175438	0.0	0.0	3	1.024931031678812	-4.391064464007794	230.0	35	1.05	0.95				
	321	2	0.0	0.0	0.0	0.0	3	1.0311318056471726	-3.46449856463908	230.0	37	1.05	0.95				
	322	2	0.0	0.0	0.0	0.0	3	1.0445983751774033	1.034233366067719	230.0	37	1.05	0.95				
	323	2	0.0	0.0	0.0	0.0	3	1.025826451679797	-3.850968934503608	230.0	35	1.05	0.95				
	324	1	0.0	0.0	0.0	0.0	3	1.0158284772509254	-8.09248191498129	230.0	36	1.05	0.95				
	325	1	0.0	0.0	0.0	0.0	3	1.0232501401122	-2.5609573885849093	230.0	35	1.05	0.95				
];
