%% MATPOWER Case Format : Version 2
function mpc = RTS_GMLC
mpc.version = '2';

%%-----  Power Flow Data  -----%%
%% system MVA base
mpc.baseMVA = 100.0;
%% bus data
%    bus_i    type    Pd    Qd    Gs    Bs    area    Vm    Va    baseKV    zone    Vmax    Vmin
mpc.bus = [
	101	2	43.76645226947369	8.915388425263158	0.0	0.0	1	1.041609763370323	4.790908602760222	138.0	11	1.05	0.95				
	102	2	39.3087580568421	8.104898568421055	0.0	0.0	1	1.0406031376894227	4.498849109857567	138.0	12	1.05	0.95				
	103	1	72.94408711578949	14.994062351578947	0.0	0.0	1	1.0321722496575227	2.001306774217621	138.0	11	1.05	0.95				
	104	1	29.988124703157894	6.078673926315789	0.0	0.0	1	1.0260993809314471	0.9141305428805957	138.0	11	1.05	0.95				
	105	1	28.772389917894735	5.673428997894738	0.0	0.0	1	1.0396770294434918	0.9836923959238271	138.0	11	1.05	0.95				
	106	1	55.11331026526316	11.346857995789476	0.0	-100.0	1	1.047341209614206	-1.6100440021019242	138.0	12	1.05	0.95				
	107	2	50.65561605263158	10.131123210526315	0.0	0.0	1	0.9989513241656128	-7.927106658020977	138.0	12	1.05	0.95				
	108	1	69.29688276	14.18357249473684	0.0	0.0	1	1.0039825873929442	-6.365161697305293	138.0	12	1.05	0.95				
	109	1	70.91786247368421	14.588817423157893	0.0	0.0	1	1.0247772974710605	-0.922772124587392	138.0	13	1.05	0.95				
	110	1	79.02276104210526	16.20979713684211	0.0	0.0	1	1.05	-1.6358119059632195	138.0	13	1.05	0.95				
	111	1	0.0	0.0	0.0	0.0	1	1.0027797921499157	0.3574307230302098	230.0	13	1.05	0.95				
	112	1	0.0	0.0	0.0	0.0	1	1.0079098297142113	0.45823540682681957	230.0	13	1.05	0.95				
	113	3	107.38990603157895	21.883226134736844	0.0	0.0	1	0.992726561997925	-3.109056745263191e-27	230.0	14	1.05	0.95				
	114	2	78.6175161136842	15.804552208421056	0.0	0.0	1	0.9995070319885706	2.433138307220322	230.0	16	1.05	0.95				
	115	2	128.4626423094737	25.93567541894737	0.0	0.0	1	1.0384053925257257	8.014197438633179	230.0	16	1.05	0.95				
	116	2	40.52449284210526	8.104898568421055	0.0	0.0	1	1.0342294547845374	7.670125570178615	230.0	16	1.05	0.95				
	117	1	0.0	0.0	0.0	0.0	1	1.0419422110245804	10.325205527213061	230.0	17	1.05	0.95				
	118	2	134.94656116421052	27.55665513263158	0.0	0.0	1	1.0461420444112124	10.374134016772475	230.0	17	1.05	0.95				
	119	1	73.34933204421054	14.994062351578947	0.0	0.0	1	1.0263737233234367	6.20480938995754	230.0	15	1.05	0.95				
	120	1	51.87135083789474	10.536368138947369	0.0	0.0	1	1.0222566431503515	5.590713406687663	230.0	15	1.05	0.95				
	121	2	0.0	0.0	0.0	0.0	1	1.05	11.231886310187972	230.0	17	1.05	0.95				
	122	2	0.0	0.0	0.0	0.0	1	1.05	20.666631223819614	230.0	17	1.05	0.95				
	123	2	0.0	0.0	0.0	0.0	1	1.0203982523644612	5.567752433741029	230.0	15	1.05	0.95				
	124	1	0.0	0.0	0.0	0.0	1	1.0278210327337531	5.7590396120724	230.0	16	1.05	0.95				
	201	2	44.53958758736842	9.072878952982457	0.0	0.0	2	1.0190088820166991	-9.23460856036396	138.0	21	1.05	0.95				
	202	2	40.0031481108772	8.248071775438598	0.0	0.0	2	1.0191159975681552	-9.253135552664327	138.0	22	1.05	0.95				
	203	1	74.23264597894737	15.258932784561404	0.0	0.0	2	1.0152968847162869	-7.501648987088664	138.0	21	1.05	0.95				
	204	1	30.517865569122808	6.186053831578947	0.0	0.0	2	1.015000802621809	-9.913475454876453	138.0	21	1.05	0.95				
	205	1	29.280654802807014	5.773650242807019	0.0	0.0	2	1.0295764284967084	-10.21280379859087	138.0	21	1.05	0.95				
	206	1	56.08688807298247	11.547300485614038	0.0	-100.0	2	1.0435121316853722	-11.197828458244079	138.0	22	1.05	0.95				
	207	2	51.55044859649123	10.310089719298245	0.0	0.0	2	0.9937163183849637	-16.68620914109922	138.0	22	1.05	0.95				
	208	1	70.52101368	14.434125607017542	0.0	0.0	2	0.9999590658458787	-14.833934696930331	138.0	22	1.05	0.95				
	209	1	72.17062803508773	14.846529195789474	0.0	0.0	2	1.0230852187534412	-8.74543861156266	138.0	23	1.05	0.95				
	210	1	80.41869981052632	16.496143550877196	0.0	0.0	2	1.05	-9.871998212312647	138.0	23	1.05	0.95				
	211	1	0.0	0.0	0.0	0.0	2	1.0037441683974453	-6.3384567039814	230.0	23	1.05	0.95				
	212	1	0.0	0.0	0.0	0.0	2	1.0097573542719314	-4.293457701710313	230.0	23	1.05	0.95				
	213	2	109.2869510245614	22.26979379368421	0.0	0.0	2	0.9980874131369973	-4.965890717307294	230.0	24	1.05	0.95				
	214	2	80.0062962217544	16.083739962105266	0.0	0.0	2	1.001934366977082	-4.434724025844923	230.0	26	1.05	0.95				
	215	2	130.73193764070177	26.393829681403506	0.0	0.0	2	1.020194653829791	0.991263039435716	230.0	26	1.05	0.95				
	216	2	41.24035887719298	8.248071775438598	0.0	0.0	2	1.0213526088564	0.7598049367971876	230.0	26	1.05	0.95				
	217	1	0.0	0.0	0.0	0.0	2	1.0265475297790232	2.472099721185241	230.0	27	1.05	0.95				
	218	2	137.33039506105266	28.043444036491234	0.0	0.0	2	1.025811910152056	1.9499507956182998	230.0	27	1.05	0.95				
	219	1	74.6450495677193	15.258932784561404	0.0	0.0	2	1.021725402476322	0.28137980207029156	230.0	25	1.05	0.95				
	220	1	52.78765936280701	10.722493308070176	0.0	0.0	2	1.0247611699417722	0.6785747566740519	230.0	25	1.05	0.95				
	221	2	0.0	0.0	0.0	0.0	2	1.0275518476055396	2.436248911098956	230.0	27	1.05	0.95				
	222	2	0.0	0.0	0.0	0.0	2	1.0495935359689257	8.945404195945699	230.0	27	1.05	0.95				
	223	2	0.0	0.0	0.0	0.0	2	1.0270045821586515	1.2135952158567422	230.0	25	1.05	0.95				
	224	1	0.0	0.0	0.0	0.0	2	1.0078141643778862	-2.2052401900570375	230.0	26	1.05	0.95				
	301	2	61.61910786947369	12.552040491929825	0.0	0.0	3	1.0059219671188	-21.95664771572806	138.0	31	1.05	0.95				
	302	2	55.343087623508765	11.410945901754387	0.0	0.0	3	1.0055553205062149	-22.0636862348019	138.0	32	1.05	0.95				
	303	1	102.69851311578948	21.110249918245614	0.0	0.0	3	1.019465683797493	-16.395127107367998	138.0	31	1.05	0.95				
	304	1	42.22049983649123	8.55820942631579	0.0	0.0	3	1.0060258390164833	-20.16872808844088	138.0	31	1.05	0.95				
	305	1	40.508857951228066	7.987662131228071	0.0	0.0	3	1.0197929701037394	-20.637518154925758	138.0	31	1.05	0.95				
	306	1	77.59443213192982	15.975324262456143	0.0	-100.0	3	1.0354511766190047	-20.543738592754586	138.0	32	1.05	0.95				
	307	2	71.3184118859649	14.263682377192982	0.0	0.0	3	0.9944964058099646	-26.33668723040499	138.0	32	1.05	0.95				
	308	1	97.56358746000001	19.969155328070173	0.0	0.0	3	0.9971866276456431	-23.67364413743099	138.0	32	1.05	0.95				
	309	1	99.84577664035088	20.539702623157893	0.0	0.0	3	1.0261415036589137	-16.289661890347045	138.0	33	1.05	0.95				
	310	1	111.25672254210525	22.821891803508773	0.0	0.0	3	1.05	-17.489561104648004	138.0	33	1.05	0.95				
	311	1	0.0	0.0	0.0	0.0	3	1.0140998902202034	-10.825081202165313	230.0	33	1.05	0.95				
	312	1	0.0	0.0	0.0	0.0	3	1.0170163124190101	-9.807708404543096	230.0	33	1.05	0.95				
	313	2	151.1950331982456	30.809553934736844	0.0	0.0	3	1.0272175742279719	-5.411901746020643	230.0	34	1.05	0.95				
	314	2	110.68617524701753	22.251344508421052	0.0	0.0	3	1.0181182996208815	-9.531490007646987	230.0	36	1.05	0.95				
	315	2	180.863492542807	36.515026885614034	0.0	0.0	3	1.033749058513725	-8.343825574425601	230.0	36	1.05	0.95				
	316	2	57.05472950877193	11.410945901754387	0.0	0.0	3	1.0345471848043204	-7.0715602053729265	230.0	36	1.05	0.95				
	317	1	0.0	0.0	0.0	0.0	3	1.0370886142419935	-6.6053401660255755	230.0	37	1.05	0.95				
	318	2	189.99224926421053	38.79721606596491	0.0	0.0	3	1.0349472048265846	-6.903074004458411	230.0	37	1.05	0.95				
	319	1	103.2690604108772	21.110249918245614	0.0	0.0	3	1.0344576160522825	-6.17886345479845	230.0	35	1.05	0.95				
	320	1	73.03005377122807	14.834229672280703	0.0	0.0	3	1.0373477167464602	-5.033909473337959	230.0	35	1.05	0.95				
	321	2	0.0	0.0	0.0	0.0	3	1.0366814803243116	-6.851497762690235	230.0	37	1.05	0.95				
	322	2	0.0	0.0	0.0	0.0	3	1.0499300715391366	-2.4471952744291694	230.0	37	1.05	0.95				
	323	2	0.0	0.0	0.0	0.0	3	1.0397663594184798	-4.251575421774436	230.0	35	1.05	0.95				
	324	1	0.0	0.0	0.0	0.0	3	1.0197506586842233	-10.27239295269278	230.0	36	1.05	0.95				
	325	1	0.0	0.0	0.0	0.0	3	1.0358972480135848	-2.9658048835400077	230.0	35	1.05	0.95				
];
