%% MATPOWER Case Format : Version 2
function mpc = RTS_GMLC
mpc.version = '2';

%%-----  Power Flow Data  -----%%
%% system MVA base
mpc.baseMVA = 100.0;
%% bus data
%    bus_i    type    Pd    Qd    Gs    Bs    area    Vm    Va    baseKV    zone    Vmax    Vmin
mpc.bus = [
	101	2	47.747649675789475	9.726373082105262	0.0	0.0	1	1.0170033105351501	2.0987119045064992	138.0	11	1.05	0.95				
	102	2	42.88446313473684	8.84215734736842	0.0	0.0	1	1.015843831765718	1.7950507535384768	138.0	12	1.05	0.95				
	103	1	79.57941612631578	16.357991092631575	0.0	0.0	1	1.027335698807723	1.8145647562730738	138.0	11	1.05	0.95				
	104	1	32.71598218526315	6.6316180105263145	0.0	0.0	1	1.013932397895235	-1.295470427788406	138.0	11	1.05	0.95				
	105	1	31.389658583157892	6.189510143157895	0.0	0.0	1	1.0271225248627056	-1.2096057966940703	138.0	11	1.05	0.95				
	106	1	60.12666996210526	12.37902028631579	0.0	-100.0	1	1.040744255829124	-3.533774963165993	138.0	12	1.05	0.95				
	107	2	55.26348342105263	11.052696684210526	0.0	0.0	1	0.9862323372801428	-10.479065702410988	138.0	12	1.05	0.95				
	108	1	75.60044531999999	15.473775357894734	0.0	0.0	1	0.9949942280306024	-8.474222221506977	138.0	12	1.05	0.95				
	109	1	77.36887678947367	15.915883225263155	0.0	0.0	1	1.0259043222940998	-1.9772365270356336	138.0	13	1.05	0.95				
	110	1	86.21103413684209	17.68431469473684	0.0	0.0	1	1.05	-3.1070175284944326	138.0	13	1.05	0.95				
	111	1	0.0	0.0	0.0	0.0	1	1.017652454532949	0.28862480573079735	230.0	13	1.05	0.95				
	112	1	0.0	0.0	0.0	0.0	1	1.014492902011997	-0.22008046965712988	230.0	13	1.05	0.95				
	113	3	117.15858485263155	23.873824837894738	0.0	0.0	1	0.9982812343328407	2.357639970498492e-31	230.0	14	1.05	0.95				
	114	2	85.76892626947368	17.24220682736842	0.0	0.0	1	1.040510775351046	3.3220825185243337	230.0	16	1.05	0.95				
	115	2	140.14819395578945	28.294903511578944	0.0	0.0	1	1.04434998998835	11.72822992454029	230.0	16	1.05	0.95				
	116	2	44.2107867368421	8.84215734736842	0.0	0.0	1	1.0449392149010368	10.382612688930143	230.0	16	1.05	0.95				
	117	1	0.0	0.0	0.0	0.0	1	1.0428179606321868	15.672306141898623	230.0	17	1.05	0.95				
	118	2	147.2219198336842	30.06333498105263	0.0	0.0	1	1.05	15.955403583503452	230.0	17	1.05	0.95				
	119	1	80.02152399368421	16.357991092631575	0.0	0.0	1	1.0418196751335103	7.270045624738345	230.0	15	1.05	0.95				
	120	1	56.58980702315789	11.494804551578946	0.0	0.0	1	1.0440884064420226	5.4005731431204085	230.0	15	1.05	0.95				
	121	2	0.0	0.0	0.0	0.0	1	1.0431242841922228	17.328550804606515	230.0	17	1.05	0.95				
	122	2	0.0	0.0	0.0	0.0	1	1.05	35.290910300344756	230.0	17	1.05	0.95				
	123	2	0.0	0.0	0.0	0.0	1	1.0460542456376325	4.702886333715159	230.0	15	1.05	0.95				
	124	1	0.0	0.0	0.0	0.0	1	1.0255497162907374	8.039709863370243	230.0	16	1.05	0.95				
	201	2	50.013536930526314	10.187942708070176	0.0	0.0	2	1.0207335959879063	-12.994078457434911	138.0	21	1.05	0.95				
	202	2	44.91956557649123	9.261766098245614	0.0	0.0	2	1.0214440472560231	-12.912946442746447	138.0	22	1.05	0.95				
	203	1	83.35589488421053	17.134267281754386	0.0	0.0	2	1.0127471673505322	-10.931753273256179	138.0	21	1.05	0.95				
	204	1	34.26853456350877	6.946324573684211	0.0	0.0	2	1.0147434676399723	-14.06428687038716	138.0	21	1.05	0.95				
	205	1	32.87926964877193	6.483236268771931	0.0	0.0	2	1.0296925569234185	-14.43454093779791	138.0	21	1.05	0.95				
	206	1	62.98000946807017	12.966472537543861	0.0	-100.0	2	1.0424774221869426	-15.682934483110373	138.0	22	1.05	0.95				
	207	2	57.88603811403509	11.577207622807018	0.0	0.0	2	0.9912206875231637	-22.13661375258706	138.0	22	1.05	0.95				
	208	1	79.18810013999999	16.208090671929824	0.0	0.0	2	0.9962617736636847	-20.01217261312008	138.0	22	1.05	0.95				
	209	1	81.04045335964912	16.671178976842103	0.0	0.0	2	1.0225414900555543	-13.094027492139087	138.0	23	1.05	0.95				
	210	1	90.30221945789474	18.523532196491228	0.0	0.0	2	1.05	-14.401605176428138	138.0	23	1.05	0.95				
	211	1	0.0	0.0	0.0	0.0	2	1.0087323765190894	-10.10958213766691	230.0	23	1.05	0.95				
	212	1	0.0	0.0	0.0	0.0	2	1.010685129706531	-9.152947858753176	230.0	23	1.05	0.95				
	213	2	122.71840080175438	25.006768465263157	0.0	0.0	2	1.0066801059069748	-8.67876177270027	230.0	24	1.05	0.95				
	214	2	89.83913115298246	18.06044389157895	0.0	0.0	2	1.0112561732725571	-7.645821594223302	230.0	26	1.05	0.95				
	215	2	146.798992657193	29.637651514385965	0.0	0.0	2	1.0269878271555695	-1.2176050865698802	230.0	26	1.05	0.95				
	216	2	46.30883049122807	9.261766098245614	0.0	0.0	2	1.0299171206026096	-1.357765485966431	230.0	26	1.05	0.95				
	217	1	0.0	0.0	0.0	0.0	2	1.035884720263268	0.4792787637997614	230.0	27	1.05	0.95				
	218	2	154.20840553578947	31.490004734035086	0.0	0.0	2	1.0339409550258292	-0.1814812705027909	230.0	27	1.05	0.95				
	219	1	83.8189831891228	17.134267281754386	0.0	0.0	2	1.0309265174238103	-1.3184542255097231	230.0	25	1.05	0.95				
	220	1	59.27530302877193	12.040295927719297	0.0	0.0	2	1.0350761358137335	-0.3917192048794253	230.0	25	1.05	0.95				
	221	2	0.0	0.0	0.0	0.0	2	1.0343351653772295	0.28067246377924976	230.0	27	1.05	0.95				
	222	2	0.0	0.0	0.0	0.0	2	1.05	6.856415525947828	230.0	27	1.05	0.95				
	223	2	0.0	0.0	0.0	0.0	2	1.038323710478736	0.46264354653147177	230.0	25	1.05	0.95				
	224	1	0.0	0.0	0.0	0.0	2	1.0096654158004807	-4.840679952987271	230.0	26	1.05	0.95				
	301	2	66.43657072421053	13.533375517894738	0.0	0.0	3	1.0294246476353088	-8.060016604750889	138.0	31	1.05	0.95				
	302	2	59.669882965263156	12.30306865263158	0.0	0.0	3	1.024296430792764	-8.409554190814564	138.0	32	1.05	0.95				
	303	1	110.72761787368421	22.76067700736842	0.0	0.0	3	1.05	9.23697468301797	138.0	31	1.05	0.95				
	304	1	45.52135401473684	9.227301489473684	0.0	0.0	3	1.0071663841160143	-6.298848146822887	138.0	31	1.05	0.95				
	305	1	43.675893716842104	8.612148056842106	0.0	0.0	3	1.0276038821326976	-9.07754971892745	138.0	31	1.05	0.95				
	306	1	83.66086683789474	17.22429611368421	0.0	-100.0	3	1.0318922299446776	-10.339185599382827	138.0	32	1.05	0.95				
	307	2	76.89417907894736	15.378835815789474	0.0	0.0	3	0.960147531412624	-14.12390061808984	138.0	32	1.05	0.95				
	308	1	105.19123697999999	21.530370142105262	0.0	0.0	3	0.9688099769705905	-12.265907494476101	138.0	32	1.05	0.95				
	309	1	107.65185071052632	22.145523574736842	0.0	0.0	3	1.0150551830745798	-1.9900326750423318	138.0	33	1.05	0.95				
	310	1	119.9549193631579	24.60613730526316	0.0	0.0	3	1.0410068341106171	-8.136537153972556	138.0	33	1.05	0.95				
	311	1	0.0	0.0	0.0	0.0	3	1.0059989197098567	-2.3447647988324563	230.0	33	1.05	0.95				
	312	1	0.0	0.0	0.0	0.0	3	1.006779041880377	-1.554362665611538	230.0	33	1.05	0.95				
	313	2	163.0156596473684	33.21828536210526	0.0	0.0	3	1.0049910898650314	0.3895550831780377	230.0	34	1.05	0.95				
	314	2	119.33976593052631	23.99098387263158	0.0	0.0	3	1.011891516206272	-1.9437831666890153	230.0	36	1.05	0.95				
	315	2	195.00363814421053	39.36981968842105	0.0	0.0	3	1.0494986083005646	2.55544259927646	230.0	36	1.05	0.95				
	316	2	61.515343263157895	12.30306865263158	0.0	0.0	3	1.0451454333965986	2.353720630355156	230.0	36	1.05	0.95				
	317	1	0.0	0.0	0.0	0.0	3	1.05	6.104401964016582	230.0	37	1.05	0.95				
	318	2	204.8460930663158	41.83043341894737	0.0	0.0	3	1.0441480221549972	4.191211865943317	230.0	37	1.05	0.95				
	319	1	111.3427713063158	22.76067700736842	0.0	0.0	3	1.0324710129641117	1.539732337821765	230.0	35	1.05	0.95				
	320	1	78.7396393768421	15.993989248421054	0.0	0.0	3	1.026537121405815	2.004905611506348	230.0	35	1.05	0.95				
	321	2	0.0	0.0	0.0	0.0	3	1.0460040584420844	4.254615788597872	230.0	37	1.05	0.95				
	322	2	0.0	0.0	0.0	0.0	3	1.05	9.323047240450673	230.0	37	1.05	0.95				
	323	2	0.0	0.0	0.0	0.0	3	1.0248301657996324	2.734822515862147	230.0	35	1.05	0.95				
	324	1	0.0	0.0	0.0	0.0	3	1.0470551921617508	5.112647463743448	230.0	36	1.05	0.95				
	325	1	0.0	0.0	0.0	0.0	3	1.022138157855286	3.962348871270987	230.0	35	1.05	0.95				
];
