%% MATPOWER Case Format : Version 2
function mpc = RTS_GMLC
mpc.version = '2';

%%-----  Power Flow Data  -----%%
%% system MVA base
mpc.baseMVA = 100.0;
%% bus data
%    bus_i    type    Pd    Qd    Gs    Bs    area    Vm    Va    baseKV    zone    Vmax    Vmin
mpc.bus = [
	101	2	50.79366651789474	10.346857994385966	0.0	0.0	1	1.0334920385927884	1.9081811388079324	138.0	11	1.05	0.95				
	102	2	45.62023752070176	9.406234540350876	0.0	0.0	1	1.0330706347953376	1.78191994741856	138.0	12	1.05	0.95				
	103	1	84.65611086315789	17.401533899649124	0.0	0.0	1	1.0272891926615046	-0.5731923470915938	138.0	11	1.05	0.95				
	104	1	34.80306779929825	7.054675905263158	0.0	0.0	1	1.0209131311034068	-1.4152153283111588	138.0	11	1.05	0.95				
	105	1	33.39213261824561	6.584364178245615	0.0	0.0	1	1.0353574613467469	-1.1698333487890822	138.0	11	1.05	0.95				
	106	1	63.96239487438598	13.16872835649123	0.0	-100.0	1	1.0442620210635023	-3.3669054801152143	138.0	12	1.05	0.95				
	107	2	58.78896587719298	11.757793175438596	0.0	0.0	1	1.0160559716465063	-4.218019141600412	138.0	12	1.05	0.95				
	108	1	80.42330532000001	16.460910445614036	0.0	0.0	1	1.0137384632501905	-4.966579260239288	138.0	12	1.05	0.95				
	109	1	82.30455222807018	16.93122217263158	0.0	0.0	1	1.025463220327607	-2.126962811070261	138.0	13	1.05	0.95				
	110	1	91.71078676842104	18.812469080701753	0.0	0.0	1	1.05	-2.8080508151734405	138.0	13	1.05	0.95				
	111	1	0.0	0.0	0.0	0.0	1	1.0041322739985332	-0.5909437439461553	230.0	13	1.05	0.95				
	112	1	0.0	0.0	0.0	0.0	1	1.0095267981480853	0.1555297114148238	230.0	13	1.05	0.95				
	113	3	124.63260765964912	25.39683325894737	0.0	0.0	1	0.9970848029286166	1.893992147470961e-28	230.0	14	1.05	0.95				
	114	2	91.24047504140351	18.34215735368421	0.0	0.0	1	0.9995760727017645	0.8955522254518699	230.0	16	1.05	0.95				
	115	2	149.0888174645614	30.09995052912281	0.0	0.0	1	1.038854779197297	5.809953001680467	230.0	16	1.05	0.95				
	116	2	47.031172701754386	9.406234540350876	0.0	0.0	1	1.034454511573168	5.733140558824052	230.0	16	1.05	0.95				
	117	1	0.0	0.0	0.0	0.0	1	1.042627146931712	7.031786937015758	230.0	17	1.05	0.95				
	118	2	156.6138050968421	31.98119743719299	0.0	0.0	1	1.0451761980797043	6.813068521619043	230.0	17	1.05	0.95				
	119	1	85.12642259017544	17.401533899649124	0.0	0.0	1	1.028649040511677	5.3676204585758915	230.0	15	1.05	0.95				
	120	1	60.19990105824562	12.228104902456142	0.0	0.0	1	1.026949105456917	5.961441603102787	230.0	15	1.05	0.95				
	121	2	0.0	0.0	0.0	0.0	1	1.0499999580770998	7.678707759449761	230.0	17	1.05	0.95				
	122	2	0.0	0.0	0.0	0.0	1	1.05	13.935373995337287	230.0	17	1.05	0.95				
	123	2	0.0	0.0	0.0	0.0	1	1.0269149882604443	6.650521822335691	230.0	15	1.05	0.95				
	124	1	0.0	0.0	0.0	0.0	1	1.0259175668858627	3.430298101444989	230.0	16	1.05	0.95				
	201	2	50.64253109052632	10.316071148070176	0.0	0.0	2	1.0310613522184513	-5.454508600222939	138.0	21	1.05	0.95				
	202	2	45.48449551649122	9.378246498245614	0.0	0.0	2	1.031435005319308	-5.434920004371135	138.0	22	1.05	0.95				
	203	1	84.40421848421053	17.349756021754384	0.0	0.0	2	1.022562836413288	-5.036111530529948	138.0	21	1.05	0.95				
	204	1	34.69951204350877	7.0336848736842095	0.0	0.0	2	1.0194871395608895	-7.790396735334513	138.0	21	1.05	0.95				
	205	1	33.29277506877193	6.56477254877193	0.0	0.0	2	1.0345163542944305	-7.933467666353691	138.0	21	1.05	0.95				
	206	1	63.77207618807018	13.12954509754386	0.0	-100.0	2	1.0442617330043558	-9.766812474230747	138.0	22	1.05	0.95				
	207	2	58.61404061403509	11.722808122807017	0.0	0.0	2	0.988804995818887	-16.858854710274198	138.0	22	1.05	0.95				
	208	1	80.18400756	16.41193137192982	0.0	0.0	2	0.994835571087996	-14.713105795201564	138.0	22	1.05	0.95				
	209	1	82.05965685964912	16.880843696842103	0.0	0.0	2	1.023502829208971	-7.808638141474973	138.0	23	1.05	0.95				
	210	1	91.43790335789474	18.75649299649123	0.0	0.0	2	1.05	-8.958818304220907	138.0	23	1.05	0.95				
	211	1	0.0	0.0	0.0	0.0	2	1.006998103473787	-5.223462135108595	230.0	23	1.05	0.95				
	212	1	0.0	0.0	0.0	0.0	2	1.010589333687332	-4.750195824720306	230.0	23	1.05	0.95				
	213	2	124.26176610175436	25.32126554526316	0.0	0.0	2	1.001167741590074	-4.465268304298484	230.0	24	1.05	0.95				
	214	2	90.96899103298244	18.287580671578947	0.0	0.0	2	1.0091423994371103	-2.629208465721643	230.0	26	1.05	0.95				
	215	2	148.64520699719296	30.010388794385968	0.0	0.0	2	1.030065952607688	3.9418404484063587	230.0	26	1.05	0.95				
	216	2	46.89123249122807	9.378246498245614	0.0	0.0	2	1.0317618318702844	3.8441803547690294	230.0	26	1.05	0.95				
	217	1	0.0	0.0	0.0	0.0	2	1.037023396119798	6.652935999935233	230.0	27	1.05	0.95				
	218	2	156.14780419578946	31.88603809403509	0.0	0.0	2	1.0389663539254257	7.283136297768753	230.0	27	1.05	0.95				
	219	1	84.87313080912281	17.349756021754384	0.0	0.0	2	1.0310395326959878	2.774364063283096	230.0	25	1.05	0.95				
	220	1	60.020777588771935	12.191720447719298	0.0	0.0	2	1.0338644715200915	2.750981614530145	230.0	25	1.05	0.95				
	221	2	0.0	0.0	0.0	0.0	2	1.0385225185319107	6.921311323411517	230.0	27	1.05	0.95				
	222	2	0.0	0.0	0.0	0.0	2	1.05	13.31656199146361	230.0	27	1.05	0.95				
	223	2	0.0	0.0	0.0	0.0	2	1.0361370600928719	3.09161961650582	230.0	25	1.05	0.95				
	224	1	0.0	0.0	0.0	0.0	2	1.0160721639916361	0.5711300541396971	230.0	26	1.05	0.95				
	301	2	50.907940522105264	10.370136032280703	0.0	0.0	3	1.0076666085540416	-25.658441301743874	138.0	31	1.05	0.95				
	302	2	45.722872505964915	9.427396392982457	0.0	0.0	3	1.00714736376527	-25.77929287110717	138.0	32	1.05	0.95				
	303	1	84.84656753684212	17.440683327017545	0.0	0.0	3	1.0230018707373536	-19.678599005832762	138.0	31	1.05	0.95				
	304	1	34.88136665403509	7.070547294736842	0.0	0.0	3	1.0092040921577474	-24.21053722267678	138.0	31	1.05	0.95				
	305	1	33.46725719508772	6.5991774750877195	0.0	0.0	3	1.0225887226517254	-24.9913741887008	138.0	31	1.05	0.95				
	306	1	64.1062954722807	13.198354950175439	0.0	-100.0	3	1.0389630039780637	-25.16959246095872	138.0	32	1.05	0.95				
	307	2	58.92122745614036	11.78424549122807	0.0	0.0	3	0.9930945562439332	-30.432304948899677	138.0	32	1.05	0.95				
	308	1	80.60423916	16.4979436877193	0.0	0.0	3	0.9977713623777728	-28.27028002954306	138.0	32	1.05	0.95				
	309	1	82.4897184385965	16.969313507368422	0.0	0.0	3	1.0261681926795616	-20.999656293421396	138.0	33	1.05	0.95				
	310	1	91.91711483157896	18.854792785964914	0.0	0.0	3	1.05	-22.808960723707166	138.0	33	1.05	0.95				
	311	1	0.0	0.0	0.0	0.0	3	1.0116314731929041	-16.45237880237009	230.0	33	1.05	0.95				
	312	1	0.0	0.0	0.0	0.0	3	1.0128585786396298	-16.022590798534495	230.0	33	1.05	0.95				
	313	2	124.91300220701756	25.453970261052632	0.0	0.0	3	1.0145124169494357	-12.913597823448463	230.0	34	1.05	0.95				
	314	2	91.44574501192983	18.38342296631579	0.0	0.0	3	1.01823317009918	-14.054427181601284	230.0	36	1.05	0.95				
	315	2	149.42423282877192	30.16766845754386	0.0	0.0	3	1.0427765299482017	-8.239988603131248	230.0	36	1.05	0.95				
	316	2	47.13698196491228	9.427396392982457	0.0	0.0	3	1.0413245081864024	-7.868012073391267	230.0	36	1.05	0.95				
	317	1	0.0	0.0	0.0	0.0	3	1.0448087138243956	-5.776575104204594	230.0	37	1.05	0.95				
	318	2	156.96614994315792	32.05314773614035	0.0	0.0	3	1.0451315423316552	-5.297262683041999	230.0	37	1.05	0.95				
	319	1	85.31793735649124	17.440683327017545	0.0	0.0	3	1.0369476853375963	-8.981479981338147	230.0	35	1.05	0.95				
	320	1	60.33533691508772	12.255615310877193	0.0	0.0	3	1.0366014644816741	-9.052751525664448	230.0	35	1.05	0.95				
	321	2	0.0	0.0	0.0	0.0	3	1.0477400123036917	-4.802055598266554	230.0	37	1.05	0.95				
	322	2	0.0	0.0	0.0	0.0	3	1.05	-0.8474823926842631	230.0	37	1.05	0.95				
	323	2	0.0	0.0	0.0	0.0	3	1.0371216943353052	-8.736887702008422	230.0	35	1.05	0.95				
	324	1	0.0	0.0	0.0	0.0	3	1.0210591192237644	-12.48812576751797	230.0	36	1.05	0.95				
	325	1	0.0	0.0	0.0	0.0	3	1.032954647728753	-7.372075085884864	230.0	35	1.05	0.95				
];
