%% MATPOWER Case Format : Version 2
function mpc = RTS_GMLC
mpc.version = '2';

%%-----  Power Flow Data  -----%%
%% system MVA base
mpc.baseMVA = 100.0;
%% bus data
%    bus_i    type    Pd    Qd    Gs    Bs    area    Vm    Va    baseKV    zone    Vmax    Vmin
mpc.bus = [
	101	2	48.45571499368421	9.870608609824561	0.0	0.0	1	1.007275107040823	-1.8598908322972745	138.0	11	1.05	0.95				
	102	2	43.520410688771925	8.973280554385966	0.0	0.0	1	1.0056445699245753	-2.2341439552167466	138.0	12	1.05	0.95				
	103	1	80.75952498947369	16.600569025614035	0.0	0.0	1	1.0220906842209274	2.664186420715601	138.0	11	1.05	0.95				
	104	1	33.20113805122807	6.729960415789474	0.0	0.0	1	1.0111053556800638	-3.0074892828987205	138.0	11	1.05	0.95				
	105	1	31.855145968070175	6.281296388070176	0.0	0.0	1	1.0227865957602562	-3.9796985453551925	138.0	11	1.05	0.95				
	106	1	61.01830776982457	12.562592776140352	0.0	-100.0	1	1.0388245123970128	-5.6819355390445	138.0	12	1.05	0.95				
	107	2	56.08300346491228	11.216600692982457	0.0	0.0	1	0.9951809949140188	-13.327278234375775	138.0	12	1.05	0.95				
	108	1	76.72154874	15.70324097017544	0.0	0.0	1	0.9984307096773083	-10.591687923277398	138.0	12	1.05	0.95				
	109	1	78.51620485087719	16.151904997894736	0.0	0.0	1	1.0242261301595714	-2.629338429366922	138.0	13	1.05	0.95				
	110	1	87.48948540526315	17.94656110877193	0.0	0.0	1	1.05	-4.639361143175336	138.0	13	1.05	0.95				
	111	1	0.0	0.0	0.0	0.0	1	1.0142035880168736	0.41050406788173927	230.0	13	1.05	0.95				
	112	1	0.0	0.0	0.0	0.0	1	1.0171380130740322	-1.0027128804786822	230.0	13	1.05	0.95				
	113	3	118.89596734561403	24.227857496842105	0.0	0.0	1	1.0066902236584636	4.822289184721127e-28	230.0	14	1.05	0.95				
	114	2	87.04082137754385	17.49789708105263	0.0	0.0	1	1.0290852599006155	4.793438950157503	230.0	16	1.05	0.95				
	115	2	142.22649678701757	28.71449777403509	0.0	0.0	1	1.0385614183620897	16.097517909451682	230.0	16	1.05	0.95				
	116	2	44.86640277192983	8.973280554385966	0.0	0.0	1	1.035869441954376	13.782910097178	230.0	16	1.05	0.95				
	117	1	0.0	0.0	0.0	0.0	1	1.037925634939544	20.75143975381017	230.0	17	1.05	0.95				
	118	2	149.4051212305263	30.509153884912283	0.0	0.0	1	1.05	21.744886874602525	230.0	17	1.05	0.95				
	119	1	81.20818901719299	16.600569025614035	0.0	0.0	1	1.0335404474990226	8.591652770011112	230.0	15	1.05	0.95				
	120	1	57.42899554807018	11.665264720701755	0.0	0.0	1	1.0404948952267892	4.789389914868277	230.0	15	1.05	0.95				
	121	2	0.0	0.0	0.0	0.0	1	1.05	23.653541255074078	230.0	17	1.05	0.95				
	122	2	0.0	0.0	0.0	0.0	1	1.05	41.55448235560458	230.0	17	1.05	0.95				
	123	2	0.0	0.0	0.0	0.0	1	1.0462214721579863	3.0530551473344794	230.0	15	1.05	0.95				
	124	1	0.0	0.0	0.0	0.0	1	1.0153943537019992	11.090131398539889	230.0	16	1.05	0.95				
	201	2	46.76656698947369	9.526522905263157	0.0	0.0	2	1.005889586874614	-20.86932561960351	138.0	21	1.05	0.95				
	202	2	42.0033055368421	8.660475368421054	0.0	0.0	2	1.0044418675149052	-21.194241546066134	138.0	22	1.05	0.95				
	203	1	77.94427831578948	16.02187943157895	0.0	0.0	2	1.004266797063597	-15.180161109873461	138.0	21	1.05	0.95				
	204	1	32.0437588631579	6.495356526315789	0.0	0.0	2	0.9941036995713326	-20.60336545970642	138.0	21	1.05	0.95				
	205	1	30.744687557894736	6.062332757894738	0.0	0.0	2	1.0101099614427014	-21.21874254221183	138.0	21	1.05	0.95				
	206	1	58.89123250526316	12.124665515789475	0.0	-100.0	2	1.019872498025558	-21.971869790293017	138.0	22	1.05	0.95				
	207	2	54.12797105263157	10.825594210526315	0.0	0.0	2	0.981790490489842	-27.510099328044113	138.0	22	1.05	0.95				
	208	1	74.0470644	15.15583189473684	0.0	0.0	2	0.9811706719908445	-25.390871068698107	138.0	22	1.05	0.95				
	209	1	75.77915947368422	15.588855663157894	0.0	0.0	2	0.9988183557467162	-18.24670710370188	138.0	23	1.05	0.95				
	210	1	84.43963484210526	17.320950736842107	0.0	0.0	2	1.024866442139405	-20.123770466938844	138.0	23	1.05	0.95				
	211	1	0.0	0.0	0.0	0.0	2	0.9867164477352428	-14.93637036686207	230.0	23	1.05	0.95				
	212	1	0.0	0.0	0.0	0.0	2	0.9683033369137154	-14.261112427298384	230.0	23	1.05	0.95				
	213	2	114.75129863157893	23.383283494736844	0.0	0.0	2	0.9659139238142289	-13.534453357531566	230.0	24	1.05	0.95				
	214	2	84.0066110736842	16.887926968421052	0.0	0.0	2	1.0096936264040592	-11.885818805281177	230.0	26	1.05	0.95				
	215	2	137.2685345894737	27.71352117894737	0.0	0.0	2	1.0264313072507412	-3.6841589413369658	230.0	26	1.05	0.95				
	216	2	43.30237684210526	8.660475368421054	0.0	0.0	2	1.0187934342295124	-4.745082606248571	230.0	26	1.05	0.95				
	217	1	0.0	0.0	0.0	0.0	2	1.0322260095833193	-2.265646573551826	230.0	27	1.05	0.95				
	218	2	144.1969148842105	29.44561625263158	0.0	0.0	2	1.0337937329177087	-2.823244818567391	230.0	27	1.05	0.95				
	219	1	78.37730208421053	16.02187943157895	0.0	0.0	2	0.9890153789103754	-4.983187653808062	230.0	25	1.05	0.95				
	220	1	55.42704235789474	11.258617978947369	0.0	0.0	2	0.96633475129575	-4.278010189669343	230.0	25	1.05	0.95				
	221	2	0.0	0.0	0.0	0.0	2	1.0342755074988819	-2.3095195523445624	230.0	27	1.05	0.95				
	222	2	0.0	0.0	0.0	0.0	2	1.05	4.203755560489538	230.0	27	1.05	0.95				
	223	2	0.0	0.0	0.0	0.0	2	0.9548206158121914	-3.4880086696313657	230.0	25	1.05	0.95				
	224	1	0.0	0.0	0.0	0.0	2	1.0039740465076792	-7.942448620699272	230.0	26	1.05	0.95				
	301	2	56.442897814736845	11.497627332631579	0.0	0.0	3	1.05	27.992762254208326	138.0	31	1.05	0.95				
	302	2	50.69408414842105	10.452388484210527	0.0	0.0	3	1.0494655868035034	27.6112040025831	138.0	32	1.05	0.95				
	303	1	94.07149635789473	19.336918695789475	0.0	0.0	3	1.0198870802957007	45.32298021356396	138.0	31	1.05	0.95				
	304	1	38.67383739157895	7.839291363157895	0.0	0.0	3	1.0110005464979894	29.524238808979838	138.0	31	1.05	0.95				
	305	1	37.10597911894737	7.316671938947369	0.0	0.0	3	1.0363969322880253	27.00214173541861	138.0	31	1.05	0.95				
	306	1	71.07624169263158	14.633343877894738	0.0	-100.0	3	1.035976577849603	25.815763957960737	138.0	32	1.05	0.95				
	307	2	65.32742802631579	13.065485605263158	0.0	0.0	3	0.95	21.50448821664301	138.0	32	1.05	0.95				
	308	1	89.36792154	18.29167984736842	0.0	0.0	3	0.9626346325069123	23.990613804003484	138.0	32	1.05	0.95				
	309	1	91.4583992368421	18.814299271578946	0.0	0.0	3	0.9973767878366735	33.388531701617225	138.0	33	1.05	0.95				
	310	1	101.91078772105261	20.904776968421054	0.0	0.0	3	1.0347926673400865	27.64835171490401	138.0	33	1.05	0.95				
	311	1	0.0	0.0	0.0	0.0	3	0.9759331177018731	31.653934421743504	230.0	33	1.05	0.95				
	312	1	0.0	0.0	0.0	0.0	3	0.9897788906150613	31.648407931290407	230.0	33	1.05	0.95				
	313	2	138.49414741578948	28.221448907368423	0.0	0.0	3	0.9802715091582944	32.803525131108756	230.0	34	1.05	0.95				
	314	2	101.3881682968421	20.38215754421053	0.0	0.0	3	0.9540214162558649	32.00305592455646	230.0	36	1.05	0.95				
	315	2	165.67035747473685	33.447643149473684	0.0	0.0	3	0.9761166048114375	31.957640371554334	230.0	36	1.05	0.95				
	316	2	52.26194242105263	10.452388484210527	0.0	0.0	3	0.9613173897799651	31.86484909284161	230.0	36	1.05	0.95				
	317	1	0.0	0.0	0.0	0.0	3	0.9610088445316254	34.645951999762	230.0	37	1.05	0.95				
	318	2	174.03226826210528	35.53812084631579	0.0	0.0	3	0.95	30.281811438044485	230.0	37	1.05	0.95				
	319	1	94.59411578210528	19.336918695789475	0.0	0.0	3	0.9720254299704714	31.230495536707263	230.0	35	1.05	0.95				
	320	1	66.89528629894737	13.588105029473684	0.0	0.0	3	0.9831599433618251	30.576276582441864	230.0	35	1.05	0.95				
	321	2	0.0	0.0	0.0	0.0	3	0.9716455136009711	31.565966871380446	230.0	37	1.05	0.95				
	322	2	0.0	0.0	0.0	0.0	3	0.961541032706186	37.96332295195319	230.0	37	1.05	0.95				
	323	2	0.0	0.0	0.0	0.0	3	0.9895615690273604	30.28729939547473	230.0	35	1.05	0.95				
	324	1	0.0	0.0	0.0	0.0	3	0.9904924328577357	38.581492442644326	230.0	36	1.05	0.95				
	325	1	0.0	0.0	0.0	0.0	3	0.99607057124372	29.73056685092524	230.0	35	1.05	0.95				
];
