%% MATPOWER Case Format : Version 2
function mpc = RTS_GMLC
mpc.version = '2';

%%-----  Power Flow Data  -----%%
%% system MVA base
mpc.baseMVA = 100.0;
%% bus data
%    bus_i    type    Pd    Qd    Gs    Bs    area    Vm    Va    baseKV    zone    Vmax    Vmin
mpc.bus = [
	101	2	57.48688769684212	11.710291938245616	0.0	0.0	1	1.0429615328940136	1.9690109489088194	138.0	11	1.05	0.95				
	102	2	51.6317417277193	10.645719943859651	0.0	0.0	1	1.040685247317847	1.334364667979302	138.0	12	1.05	0.95				
	103	1	95.81147949473686	19.694581896140352	0.0	0.0	1	1.0338919896524912	1.4933567225746525	138.0	11	1.05	0.95				
	104	1	39.389163792280705	7.984289957894737	0.0	0.0	1	1.0259010932752708	-1.5877170624169916	138.0	11	1.05	0.95				
	105	1	37.79230580070176	7.452003960701756	0.0	0.0	1	1.0386282811955487	-1.9982488909984044	138.0	11	1.05	0.95				
	106	1	72.39089561824564	14.904007921403512	0.0	-100.0	1	1.0438615340430566	-4.864170073299573	138.0	12	1.05	0.95				
	107	2	66.5357496491228	13.307149929824563	0.0	0.0	1	0.9987847006920784	-12.1916461174053	138.0	12	1.05	0.95				
	108	1	91.02090552	18.630009901754388	0.0	0.0	1	0.9990707052239239	-10.239065330287998	138.0	12	1.05	0.95				
	109	1	93.15004950877194	19.16229589894737	0.0	0.0	1	1.025155053937368	-2.9755020461387125	138.0	13	1.05	0.95				
	110	1	103.79576945263157	21.291439887719303	0.0	0.0	1	1.05	-4.389845753329007	138.0	13	1.05	0.95				
	111	1	0.0	0.0	0.0	0.0	1	1.0088412751454456	-0.7652407613599842	230.0	13	1.05	0.95				
	112	1	0.0	0.0	0.0	0.0	1	1.0118675833932738	-1.2680050137741856	230.0	13	1.05	0.95				
	113	3	141.05578925614037	28.74344384842106	0.0	0.0	1	1.0037226975016649	5.346241430410676e-29	230.0	14	1.05	0.95				
	114	2	103.2634834554386	20.75915389052632	0.0	0.0	1	1.010607803488469	1.5730088595265967	230.0	16	1.05	0.95				
	115	2	168.73466111017547	34.06630382035088	0.0	0.0	1	1.0423108131204977	9.708913341267737	230.0	16	1.05	0.95				
	116	2	53.22859971929825	10.645719943859651	0.0	0.0	1	1.0372005190454003	8.04323353288275	230.0	16	1.05	0.95				
	117	1	0.0	0.0	0.0	0.0	1	1.0438252162691204	12.55467382798372	230.0	17	1.05	0.95				
	118	2	177.25123706526318	36.19544780912282	0.0	0.0	1	1.0488883132233933	13.835513386367138	230.0	17	1.05	0.95				
	119	1	96.34376549192984	19.694581896140352	0.0	0.0	1	1.0262288818974814	4.9404470136239045	230.0	15	1.05	0.95				
	120	1	68.13260764070176	13.839435927017545	0.0	0.0	1	1.0218849436455448	2.738666900921635	230.0	15	1.05	0.95				
	121	2	0.0	0.0	0.0	0.0	1	1.05	15.7992882610461	230.0	17	1.05	0.95				
	122	2	0.0	0.0	0.0	0.0	1	1.05	21.084214673736696	230.0	17	1.05	0.95				
	123	2	0.0	0.0	0.0	0.0	1	1.0208079459644168	1.9324091361100861	230.0	15	1.05	0.95				
	124	1	0.0	0.0	0.0	0.0	1	1.0286822733304624	6.628540608081817	230.0	16	1.05	0.95				
	201	2	58.989453802105274	12.016370218947369	0.0	0.0	2	1.0125362491584533	-14.918671747028318	138.0	21	1.05	0.95				
	202	2	52.98126869263158	10.923972926315791	0.0	0.0	2	1.0117730334633865	-15.180593897148325	138.0	22	1.05	0.95				
	203	1	98.31575633684211	20.209349913684214	0.0	0.0	2	1.0130091370147585	-10.985664531396196	138.0	21	1.05	0.95				
	204	1	40.41869982736843	8.192979694736842	0.0	0.0	2	1.0094162532893705	-14.047477695458648	138.0	21	1.05	0.95				
	205	1	38.78010388842105	7.6467810484210545	0.0	0.0	2	1.0240910962124254	-14.528318973319145	138.0	21	1.05	0.95				
	206	1	74.28301589894738	15.293562096842109	0.0	-100.0	2	1.0379147776604043	-14.943002790737898	138.0	22	1.05	0.95				
	207	2	68.2748307894737	13.654966157894737	0.0	0.0	2	0.994877425990907	-21.710109022689327	138.0	22	1.05	0.95				
	208	1	93.39996852000002	19.116952621052633	0.0	0.0	2	0.9952587325530026	-19.123933510261836	138.0	22	1.05	0.95				
	209	1	95.58476310526316	19.663151267368423	0.0	0.0	2	1.025211041451689	-10.8781932894858	138.0	23	1.05	0.95				
	210	1	106.50873603157895	21.847945852631582	0.0	0.0	2	1.05	-12.38455003128827	138.0	23	1.05	0.95				
	211	1	0.0	0.0	0.0	0.0	2	1.0135840070867703	-7.535558462763996	230.0	23	1.05	0.95				
	212	1	0.0	0.0	0.0	0.0	2	1.0180057302423857	-2.5925350196583374	230.0	23	1.05	0.95				
	213	2	144.74264127368423	29.494726901052637	0.0	0.0	2	1.0174169463170142	-4.615010354585176	230.0	24	1.05	0.95				
	214	2	105.96253738526316	21.30174720631579	0.0	0.0	2	1.0163277789565461	-5.961747051541622	230.0	26	1.05	0.95				
	215	2	173.14497088210527	34.95671336421053	0.0	0.0	2	1.0291081187454492	-0.2808629285879479	230.0	26	1.05	0.95				
	216	2	54.61986463157895	10.923972926315791	0.0	0.0	2	1.0304836906930166	-0.3634374421436524	230.0	26	1.05	0.95				
	217	1	0.0	0.0	0.0	0.0	2	1.0323444262639683	0.5922735823973564	230.0	27	1.05	0.95				
	218	2	181.88414922315792	37.14150794947369	0.0	0.0	2	1.031018409962708	-0.008742205368193905	230.0	27	1.05	0.95				
	219	1	98.8619549831579	20.209349913684214	0.0	0.0	2	1.032297312872716	0.38407488891346825	230.0	25	1.05	0.95				
	220	1	69.91342672842106	14.201164804210528	0.0	0.0	2	1.038429126652522	2.074497837391533	230.0	25	1.05	0.95				
	221	2	0.0	0.0	0.0	0.0	2	1.0332752679228583	0.7029911321713278	230.0	27	1.05	0.95				
	222	2	0.0	0.0	0.0	0.0	2	1.05	7.154988050979091	230.0	27	1.05	0.95				
	223	2	0.0	0.0	0.0	0.0	2	1.0435609367757597	3.399625166909143	230.0	25	1.05	0.95				
	224	1	0.0	0.0	0.0	0.0	2	1.0098760165813014	-4.268363024640643	230.0	26	1.05	0.95				
	301	2	55.33248971368421	11.271433089824562	0.0	0.0	3	0.9975993459582904	21.447448159336552	138.0	31	1.05	0.95				
	302	2	49.69677316877193	10.246757354385966	0.0	0.0	3	0.9973243199900088	21.45662337295539	138.0	32	1.05	0.95				
	303	1	92.22081618947368	18.956501105614034	0.0	0.0	3	1.0183866712178686	22.752789421455144	138.0	31	1.05	0.95				
	304	1	37.91300221122807	7.685068015789473	0.0	0.0	3	1.0041277232897763	23.310584305790574	138.0	31	1.05	0.95				
	305	1	36.37598860807017	7.172730148070176	0.0	0.0	3	1.0159806292526217	23.34127175008124	138.0	31	1.05	0.95				
	306	1	69.67795000982456	14.345460296140352	0.0	-100.0	3	1.0349886007816458	23.804436617247106	138.0	32	1.05	0.95				
	307	2	64.04223346491229	12.808446692982455	0.0	0.0	3	0.973743411119129	21.591488182071963	138.0	32	1.05	0.95				
	308	1	87.60977538	17.931825370175435	0.0	0.0	3	0.9947325188848652	23.75542933438572	138.0	32	1.05	0.95				
	309	1	89.65912685087719	18.444163237894738	0.0	0.0	3	1.0270623320411316	26.909111072988605	138.0	33	1.05	0.95				
	310	1	99.90588420526315	20.493514708771933	0.0	0.0	3	1.05	26.86520749177669	138.0	33	1.05	0.95				
	311	1	0.0	0.0	0.0	0.0	3	1.010550062395334	31.812135862496877	230.0	33	1.05	0.95				
	312	1	0.0	0.0	0.0	0.0	3	1.0197601937731495	33.05456724239476	230.0	33	1.05	0.95				
	313	2	135.76953494561403	27.666244856842106	0.0	0.0	3	1.0317940865506718	40.61272393305652	230.0	34	1.05	0.95				
	314	2	99.39354633754385	19.98117684105263	0.0	0.0	3	1.0074438696983716	28.96504583937477	230.0	36	1.05	0.95				
	315	2	162.41110406701753	32.78962353403509	0.0	0.0	3	1.0389542866014954	20.785629691035663	230.0	36	1.05	0.95				
	316	2	51.23378677192982	10.246757354385966	0.0	0.0	3	1.0408932068391836	22.147040729612208	230.0	36	1.05	0.95				
	317	1	0.0	0.0	0.0	0.0	3	1.0463830931876776	19.918585009804666	230.0	37	1.05	0.95				
	318	2	170.60850995052633	34.83897500491228	0.0	0.0	3	1.0472151079616934	18.17881486496576	230.0	37	1.05	0.95				
	319	1	92.73315405719298	18.956501105614034	0.0	0.0	3	1.0404759257253955	25.34404450791997	230.0	35	1.05	0.95				
	320	1	65.57924706807017	13.320784560701753	0.0	0.0	3	1.0420502537569567	27.51300363875819	230.0	35	1.05	0.95				
	321	2	0.0	0.0	0.0	0.0	3	1.045219953343195	19.626370193374605	230.0	37	1.05	0.95				
	322	2	0.0	0.0	0.0	0.0	3	1.05	24.07556129068309	230.0	37	1.05	0.95				
	323	2	0.0	0.0	0.0	0.0	3	1.0423968741493748	28.228408815204137	230.0	35	1.05	0.95				
	324	1	0.0	0.0	0.0	0.0	3	1.0305711005598797	23.61892039273079	230.0	36	1.05	0.95				
	325	1	0.0	0.0	0.0	0.0	3	1.0441648720880417	27.17854551323011	230.0	35	1.05	0.95				
];
