%% MATPOWER Case Format : Version 2
function mpc = RTS_GMLC
mpc.version = '2';

%%-----  Power Flow Data  -----%%
%% system MVA base
mpc.baseMVA = 100.0;
%% bus data
%    bus_i    type    Pd    Qd    Gs    Bs    area    Vm    Va    baseKV    zone    Vmax    Vmin
mpc.bus = [
	101	2	47.05294407157895	9.58485897754386	0.0	0.0	1	1.017634621736383	2.9357494624501066	138.0	11	1.05	0.95				
	102	2	42.26051458280702	8.71350816140351	0.0	0.0	1	1.0164662066931958	2.631704079509676	138.0	12	1.05	0.95				
	103	1	78.42157345263159	16.119990098596492	0.0	0.0	1	1.0280278588740468	2.6491045018570416	138.0	11	1.05	0.95				
	104	1	32.239980197192985	6.535131121052632	0.0	0.0	1	1.0143071799912105	-0.4811616791870972	138.0	11	1.05	0.95				
	105	1	30.932953972982457	6.099455712982457	0.0	0.0	1	1.0275099813085755	-0.3939302233466482	138.0	11	1.05	0.95				
	106	1	59.25185549754387	12.198911425964914	0.0	-100.0	1	1.0410582665794466	-2.7254477822878496	138.0	12	1.05	0.95				
	107	2	54.45942600877194	10.891885201754386	0.0	0.0	1	0.9857916438614083	-9.257947431859769	138.0	12	1.05	0.95				
	108	1	74.50049478	15.24863928245614	0.0	0.0	1	0.99518711762455	-7.428554570856949	138.0	12	1.05	0.95				
	109	1	76.2431964122807	15.684314690526316	0.0	0.0	1	1.0258723199174302	-1.2090544534382608	138.0	13	1.05	0.95				
	110	1	84.95670457368422	17.42701632280702	0.0	0.0	1	1.05	-2.3355649283560025	138.0	13	1.05	0.95				
	111	1	0.0	0.0	0.0	0.0	1	1.0174332097540544	0.8147710558666394	230.0	13	1.05	0.95				
	112	1	0.0	0.0	0.0	0.0	1	1.0140273527676602	0.5065930885570864	230.0	13	1.05	0.95				
	113	3	115.4539831385965	23.526472035789475	0.0	0.0	1	0.9961562793432793	-1.0783287272403523e-29	230.0	14	1.05	0.95				
	114	2	84.52102916561404	16.991340914736845	0.0	0.0	1	1.0413705011590186	4.0503779906687765	230.0	16	1.05	0.95				
	115	2	138.10910435824562	27.883226116491226	0.0	0.0	1	1.045225704526746	12.546097341161591	230.0	16	1.05	0.95				
	116	2	43.567540807017544	8.71350816140351	0.0	0.0	1	1.0465154899230744	11.344610445508764	230.0	16	1.05	0.95				
	117	1	0.0	0.0	0.0	0.0	1	1.0435473791832475	16.431687757456366	230.0	17	1.05	0.95				
	118	2	145.0799108873684	29.625927748771936	0.0	0.0	1	1.05	16.632347903215624	230.0	17	1.05	0.95				
	119	1	78.85724886070176	16.119990098596492	0.0	0.0	1	1.0449355743719806	8.692989386524102	230.0	15	1.05	0.95				
	120	1	55.76645223298245	11.327560609824562	0.0	0.0	1	1.047836839155365	7.21185010464701	230.0	15	1.05	0.95				
	121	2	0.0	0.0	0.0	0.0	1	1.0423580714565648	17.915077519806047	230.0	17	1.05	0.95				
	122	2	0.0	0.0	0.0	0.0	1	1.05	35.883820628719505	230.0	17	1.05	0.95				
	123	2	0.0	0.0	0.0	0.0	1	1.0499999984809434	6.720678999475918	230.0	15	1.05	0.95				
	124	1	0.0	0.0	0.0	0.0	1	1.0263662992932427	8.864454115067877	230.0	16	1.05	0.95				
	201	2	52.81851092210527	10.759326298947368	0.0	0.0	2	1.024490412379845	-10.789959558981653	138.0	21	1.05	0.95				
	202	2	47.438847772631576	9.78120572631579	0.0	0.0	2	1.0256086258910406	-10.606077597460187	138.0	22	1.05	0.95				
	203	1	88.0308515368421	18.09523059368421	0.0	0.0	2	1.0128905871685883	-9.371900868893125	138.0	21	1.05	0.95				
	204	1	36.19046118736842	7.335904294736842	0.0	0.0	2	1.0161320262157325	-12.10469159613756	138.0	21	1.05	0.95				
	205	1	34.723280328421055	6.846844008421053	0.0	0.0	2	1.0312103639061407	-12.447910277691832	138.0	21	1.05	0.95				
	206	1	66.51219893894738	13.693688016842106	0.0	-100.0	2	1.042651680294277	-13.810132970163878	138.0	22	1.05	0.95				
	207	2	61.132535789473685	12.226507157894737	0.0	0.0	2	0.9912085882725902	-20.857069031840062	138.0	22	1.05	0.95				
	208	1	83.62930895999999	17.117110021052632	0.0	0.0	2	0.9951425241796774	-18.589009196104826	138.0	22	1.05	0.95				
	209	1	85.58555010526315	17.606170307368423	0.0	0.0	2	1.0226080372422788	-11.321574950828444	138.0	23	1.05	0.95				
	210	1	95.36675583157894	19.56241145263158	0.0	0.0	2	1.05	-12.560428037390414	138.0	23	1.05	0.95				
	211	1	0.0	0.0	0.0	0.0	2	1.0097627212634708	-8.247417990652128	230.0	23	1.05	0.95				
	212	1	0.0	0.0	0.0	0.0	2	1.0101575614907805	-7.092943503889968	230.0	23	1.05	0.95				
	213	2	129.6009758736842	26.409255461052634	0.0	0.0	2	1.007353182124735	-6.640559920409919	230.0	24	1.05	0.95				
	214	2	94.87769554526315	19.07335116631579	0.0	0.0	2	1.013750529049231	-5.8942878194325585	230.0	26	1.05	0.95				
	215	2	155.03211076210525	31.29985832421053	0.0	0.0	2	1.0278938222659497	0.2971786519984557	230.0	26	1.05	0.95				
	216	2	48.90602863157895	9.78120572631579	0.0	0.0	2	1.031213773830122	0.4139476480560605	230.0	26	1.05	0.95				
	217	1	0.0	0.0	0.0	0.0	2	1.0376312941805785	2.305927307712806	230.0	27	1.05	0.95				
	218	2	162.8570753431579	33.25609946947369	0.0	0.0	2	1.0358058078186398	1.645431480221628	230.0	27	1.05	0.95				
	219	1	88.5199118231579	18.09523059368421	0.0	0.0	2	1.0310898139849376	0.8034535328963375	230.0	25	1.05	0.95				
	220	1	62.59971664842106	12.715567444210526	0.0	0.0	2	1.0346674707216998	2.0827312721454256	230.0	25	1.05	0.95				
	221	2	0.0	0.0	0.0	0.0	2	1.0357387175077812	2.0035992201506807	230.0	27	1.05	0.95				
	222	2	0.0	0.0	0.0	0.0	2	1.05	8.621749645634448	230.0	27	1.05	0.95				
	223	2	0.0	0.0	0.0	0.0	2	1.0378922777428374	3.1496729413803335	230.0	25	1.05	0.95				
	224	1	0.0	0.0	0.0	0.0	2	1.010327892933971	-3.306187264909613	230.0	26	1.05	0.95				
	301	2	61.157861431578944	12.458082884210524	0.0	0.0	3	1.0121513817068688	-17.405378397547615	138.0	31	1.05	0.95				
	302	2	54.92881998947367	11.32552989473684	0.0	0.0	3	1.0113225625302809	-17.595214611196834	138.0	32	1.05	0.95				
	303	1	101.92976905263158	20.952230305263157	0.0	0.0	3	1.027499574911918	-8.562664336593478	138.0	31	1.05	0.95				
	304	1	41.904460610526314	8.49414742105263	0.0	0.0	3	1.0089585937318353	-15.759360748376167	138.0	31	1.05	0.95				
	305	1	40.20563112631578	7.92787092631579	0.0	0.0	3	1.0235198112326407	-16.855057461676278	138.0	31	1.05	0.95				
	306	1	77.01360328421052	15.85574185263158	0.0	-100.0	3	1.037185675681771	-17.18341095372279	138.0	32	1.05	0.95				
	307	2	70.78456184210525	14.156912368421052	0.0	0.0	3	0.9942521391918464	-23.69782291797805	138.0	32	1.05	0.95				
	308	1	96.8332806	19.819677315789473	0.0	0.0	3	0.9941602091505153	-21.003767466178555	138.0	32	1.05	0.95				
	309	1	99.09838657894736	20.385953810526313	0.0	0.0	3	1.026433165064012	-11.944310342943545	138.0	33	1.05	0.95				
	310	1	110.42391647368419	22.65105978947368	0.0	0.0	3	1.05	-14.487124786090765	138.0	33	1.05	0.95				
	311	1	0.0	0.0	0.0	0.0	3	1.0181059430938888	-7.026179622784371	230.0	33	1.05	0.95				
	312	1	0.0	0.0	0.0	0.0	3	1.0144544480624245	-6.8271896795248095	230.0	33	1.05	0.95				
	313	2	150.06327110526314	30.578930715789472	0.0	0.0	3	1.0223006301132316	-3.713925863511081	230.0	34	1.05	0.95				
	314	2	109.85763997894735	22.08478329473684	0.0	0.0	3	1.0331392709642497	-3.8016518257528067	230.0	36	1.05	0.95				
	315	2	179.50964883157891	36.24169566315789	0.0	0.0	3	1.045241540703141	3.2153880964310586	230.0	36	1.05	0.95				
	316	2	56.62764947368421	11.32552989473684	0.0	0.0	3	1.045780001424517	4.2034590700642305	230.0	36	1.05	0.95				
	317	1	0.0	0.0	0.0	0.0	3	1.05	9.258391426310634	230.0	37	1.05	0.95				
	318	2	188.5700727473684	38.50680164210526	0.0	0.0	3	1.041980962160796	6.81085082509686	230.0	37	1.05	0.95				
	319	1	102.49604554736842	20.952230305263157	0.0	0.0	3	1.038170279735904	2.1859392757438787	230.0	35	1.05	0.95				
	320	1	72.48339132631578	14.723188863157894	0.0	0.0	3	1.036640066808401	1.4947826548928211	230.0	35	1.05	0.95				
	321	2	0.0	0.0	0.0	0.0	3	1.0449819322850833	6.239740763651312	230.0	37	1.05	0.95				
	322	2	0.0	0.0	0.0	0.0	3	1.05	11.766704805464864	230.0	37	1.05	0.95				
	323	2	0.0	0.0	0.0	0.0	3	1.0369022477999439	1.5384642757461353	230.0	35	1.05	0.95				
	324	1	0.0	0.0	0.0	0.0	3	1.02379977360074	-1.168192253747576	230.0	36	1.05	0.95				
	325	1	0.0	0.0	0.0	0.0	3	1.0321751873949447	2.8874330003087767	230.0	35	1.05	0.95				
];
