%% MATPOWER Case Format : Version 2
function mpc = RTS_GMLC
mpc.version = '2';

%%-----  Power Flow Data  -----%%
%% system MVA base
mpc.baseMVA = 100.0;
%% bus data
%    bus_i    type    Pd    Qd    Gs    Bs    area    Vm    Va    baseKV    zone    Vmax    Vmin
mpc.bus = [
	101	2	106.02276101052632	21.597229094736843	0.0	0.0	1	1.0418146407149995	-8.293083040176333	138.0	11	1.05	0.95				
	102	2	95.2241464631579	19.63384463157895	0.0	0.0	1	1.0416642292566005	-8.39212876960903	138.0	12	1.05	0.95				
	103	1	176.70460168421053	36.32261256842106	0.0	0.0	1	1.012569320661024	-7.882234234923765	138.0	11	1.05	0.95				
	104	1	72.64522513684211	14.72538347368421	0.0	0.0	1	1.0171362751069313	-10.553990213346198	138.0	11	1.05	0.95				
	105	1	69.70014844210527	13.743691242105266	0.0	0.0	1	1.0329934859640901	-10.935888401191098	138.0	11	1.05	0.95				
	106	1	133.51014349473687	27.48738248421053	0.0	-100.0	1	1.0316181945624294	-13.312968426690876	138.0	12	1.05	0.95				
	107	2	122.71152894736844	24.542305789473687	0.0	0.0	1	1.05	-6.750532343818445	138.0	12	1.05	0.95				
	108	1	167.86937160000002	34.35922810526316	0.0	0.0	1	1.0182906392464453	-11.01128746464	138.0	12	1.05	0.95				
	109	1	171.7961405263158	35.34092033684211	0.0	0.0	1	1.0274224656655608	-8.764296498797389	138.0	13	1.05	0.95				
	110	1	191.42998515789475	39.2676892631579	0.0	0.0	1	1.05	-10.546770289546943	138.0	13	1.05	0.95				
	111	1	0.0	0.0	0.0	0.0	1	1.0254895626036888	-4.326080762994922	230.0	13	1.05	0.95				
	112	1	0.0	0.0	0.0	0.0	1	1.022090477971328	-2.9117108317818334	230.0	13	1.05	0.95				
	113	3	260.14844136842106	53.01138050526316	0.0	0.0	1	1.037899896323877	-2.0526507804860013e-28	230.0	14	1.05	0.95				
	114	2	190.4482929263158	38.28599703157895	0.0	0.0	1	1.036971290879271	-2.917027664540836	230.0	16	1.05	0.95				
	115	2	311.19643741052636	62.82830282105264	0.0	0.0	1	1.0418309694962906	5.338408734615721	230.0	16	1.05	0.95				
	116	2	98.16922315789475	19.63384463157895	0.0	0.0	1	1.044698624727808	5.14392742823031	230.0	16	1.05	0.95				
	117	1	0.0	0.0	0.0	0.0	1	1.0471160232614443	8.731582975622251	230.0	17	1.05	0.95				
	118	2	326.9035131157895	66.75507174736843	0.0	0.0	1	1.05	9.280774386532684	230.0	17	1.05	0.95				
	119	1	177.6862939157895	36.32261256842106	0.0	0.0	1	1.0394978090865388	4.221022854305424	230.0	15	1.05	0.95				
	120	1	125.65660564210528	25.523998021052634	0.0	0.0	1	1.0440616730176262	5.140478095207725	230.0	15	1.05	0.95				
	121	2	0.0	0.0	0.0	0.0	1	1.05	10.322399815450073	230.0	17	1.05	0.95				
	122	2	0.0	0.0	0.0	0.0	1	1.05	19.20606229979276	230.0	17	1.05	0.95				
	123	2	0.0	0.0	0.0	0.0	1	1.05	6.35373869596017	230.0	15	1.05	0.95				
	124	1	0.0	0.0	0.0	0.0	1	1.0141672406505609	0.4682036210058969	230.0	16	1.05	0.95				
	201	2	92.53014324631579	18.84873288350877	0.0	0.0	2	1.048007092526901	-9.210477176185407	138.0	21	1.05	0.95				
	202	2	83.10577680456139	17.1352117122807	0.0	0.0	2	1.0494272918506788	-9.250985853075365	138.0	22	1.05	0.95				
	203	1	154.2169054105263	31.700141667719294	0.0	0.0	2	1.0280592377100621	-7.384547522484396	138.0	21	1.05	0.95				
	204	1	63.40028333543859	12.851408784210525	0.0	0.0	2	1.022122541735471	-10.792406547161576	138.0	21	1.05	0.95				
	205	1	60.83000157859648	11.994648198596492	0.0	0.0	2	1.0381315550543178	-11.119634182539853	138.0	21	1.05	0.95				
	206	1	116.51943964350878	23.989296397192984	0.0	-100.0	2	1.0376625070206444	-12.978520190375269	138.0	22	1.05	0.95				
	207	2	107.09507320175437	21.419014640350873	0.0	0.0	2	0.95	-24.101280114779797	138.0	22	1.05	0.95				
	208	1	146.50606014	29.986620496491224	0.0	0.0	2	0.9552161341080262	-20.593007286926433	138.0	22	1.05	0.95				
	209	1	149.93310248245612	30.84338108210526	0.0	0.0	2	1.0273431248591378	-8.625210375910921	138.0	23	1.05	0.95				
	210	1	167.06831419473681	34.2704234245614	0.0	0.0	2	1.05	-10.392670060167319	138.0	23	1.05	0.95				
	211	1	0.0	0.0	0.0	0.0	2	1.0328324219689426	-3.5959869473941	230.0	23	1.05	0.95				
	212	1	0.0	0.0	0.0	0.0	2	1.0265281401212538	0.33958521974503764	230.0	23	1.05	0.95				
	213	2	227.04155518771927	46.265071623157894	0.0	0.0	2	1.05	0.9698581829046076	230.0	24	1.05	0.95				
	214	2	166.21155360912277	33.41366283894737	0.0	0.0	2	1.05	-1.9387585994283836	230.0	26	1.05	0.95				
	215	2	271.5931056396491	54.83267747929824	0.0	0.0	2	1.047750135704882	5.589174449128075	230.0	26	1.05	0.95				
	216	2	85.6760585614035	17.1352117122807	0.0	0.0	2	1.05	5.693072891222686	230.0	26	1.05	0.95				
	217	1	0.0	0.0	0.0	0.0	2	1.05	8.17811095595972	230.0	27	1.05	0.95				
	218	2	285.30127500947367	58.25971982175439	0.0	0.0	2	1.0490240576321668	8.915013538435886	230.0	27	1.05	0.95				
	219	1	155.07366599614033	31.700141667719294	0.0	0.0	2	1.043288325373104	5.871727402267619	230.0	25	1.05	0.95				
	220	1	109.66535495859648	22.27577522596491	0.0	0.0	2	1.0454870067934054	7.629119618838643	230.0	25	1.05	0.95				
	221	2	0.0	0.0	0.0	0.0	2	1.05	9.527319331627664	230.0	27	1.05	0.95				
	222	2	0.0	0.0	0.0	0.0	2	1.05	15.50982547643707	230.0	27	1.05	0.95				
	223	2	0.0	0.0	0.0	0.0	2	1.05	9.21321502431111	230.0	25	1.05	0.95				
	224	1	0.0	0.0	0.0	0.0	2	1.0238982903938423	0.7671763925907437	230.0	26	1.05	0.95				
	301	2	76.94273963368421	15.673521036491229	0.0	0.0	3	1.0094811809070938	-12.551565338894026	138.0	31	1.05	0.95				
	302	2	69.10597911543859	14.248655487719297	0.0	0.0	3	1.0085526235318376	-12.783736801217847	138.0	32	1.05	0.95				
	303	1	128.23789938947368	26.3600126522807	0.0	0.0	3	1.0181102538855822	-6.0254323692338305	138.0	31	1.05	0.95				
	304	1	52.7200253045614	10.686491615789473	0.0	0.0	3	1.0042800396137208	-10.87498412627317	138.0	31	1.05	0.95				
	305	1	50.5827269814035	9.974058841403508	0.0	0.0	3	1.0194377953132803	-11.281025525966173	138.0	31	1.05	0.95				
	306	1	96.89085731649124	19.948117682807016	0.0	-100.0	3	1.0318314297412874	-11.35206696161755	138.0	32	1.05	0.95				
	307	2	89.05409679824561	17.810819359649123	0.0	0.0	3	1.006618172775795	-13.344849245288517	138.0	32	1.05	0.95				
	308	1	121.82600441999998	24.93514710350877	0.0	0.0	3	1.0023932730056704	-12.426055309630499	138.0	32	1.05	0.95				
	309	1	124.67573551754386	25.64757987789473	0.0	0.0	3	1.0263643244107208	-6.400635556244237	138.0	33	1.05	0.95				
	310	1	138.92439100526315	28.497310975438594	0.0	0.0	3	1.05	-7.72490784432019	138.0	33	1.05	0.95				
	311	1	0.0	0.0	0.0	0.0	3	1.0193803899336442	-0.3504847980601732	230.0	33	1.05	0.95				
	312	1	0.0	0.0	0.0	0.0	3	1.019577863759661	0.06564607704288312	230.0	33	1.05	0.95				
	313	2	188.79468521228068	38.471369816842106	0.0	0.0	3	1.0338901888262506	4.696129839124827	230.0	34	1.05	0.95				
	314	2	138.21195823087717	27.78487820105263	0.0	0.0	3	1.029679877603143	1.8220519260019141	230.0	36	1.05	0.95				
	315	2	225.84118948035083	45.59569756070175	0.0	0.0	3	1.045296457991666	4.901255664484794	230.0	36	1.05	0.95				
	316	2	71.2432774385965	14.248655487719297	0.0	0.0	3	1.043453618712746	5.111006159082215	230.0	36	1.05	0.95				
	317	1	0.0	0.0	0.0	0.0	3	1.0484976696813686	8.058852180032996	230.0	37	1.05	0.95				
	318	2	237.24011387052633	48.44542865824562	0.0	0.0	3	1.0478817585266116	7.64198619139344	230.0	37	1.05	0.95				
	319	1	128.95033216385966	26.3600126522807	0.0	0.0	3	1.0383833314110935	4.651829866550245	230.0	35	1.05	0.95				
	320	1	91.1913951214035	18.523252134035086	0.0	0.0	3	1.037579630967649	4.533300202281242	230.0	35	1.05	0.95				
	321	2	0.0	0.0	0.0	0.0	3	1.05	8.671708956648782	230.0	37	1.05	0.95				
	322	2	0.0	0.0	0.0	0.0	3	1.05	14.206976291113707	230.0	37	1.05	0.95				
	323	2	0.0	0.0	0.0	0.0	3	1.0379947269944128	4.6172513702118385	230.0	35	1.05	0.95				
	324	1	0.0	0.0	0.0	0.0	3	1.0235479721492098	2.3751499457867338	230.0	36	1.05	0.95				
	325	1	0.0	0.0	0.0	0.0	3	1.0384811079546374	5.1035064240644035	230.0	35	1.05	0.95				
];

%% generator data
%    bus    Pg    Qg    Qmax    Qmin    Vg    mBase    status    Pmax    Pmin    Pc1    Pc2    Qc1min    Qc1max    Qc2min    Qc2max    ramp_agc    ramp_10    ramp_30    ramp_q    apf
