%% MATPOWER Case Format : Version 2
function mpc = RTS_GMLC
mpc.version = '2';

%%-----  Power Flow Data  -----%%
%% system MVA base
mpc.baseMVA = 100.0;
%% bus data
%    bus_i    type    Pd    Qd    Gs    Bs    area    Vm    Va    baseKV    zone    Vmax    Vmin
mpc.bus = [
	101	2	77.72686787368421	15.833250863157893	0.0	0.0	1	1.03232813601794	-1.6524981642698755	138.0	11	1.05	0.95				
	102	2	69.81024244210526	14.393864421052632	0.0	0.0	1	1.0323304574629548	-1.708501959878184	138.0	12	1.05	0.95				
	103	1	129.54477978947367	26.628649178947366	0.0	0.0	1	1.0208846092346189	-2.238612370006925	138.0	11	1.05	0.95				
	104	1	53.25729835789473	10.795398315789473	0.0	0.0	1	1.0165265632683034	-4.572591422784941	138.0	11	1.05	0.95				
	105	1	51.09821869473684	10.075705094736843	0.0	0.0	1	1.031567461983305	-4.600050556134108	138.0	11	1.05	0.95				
	106	1	97.8782780631579	20.151410189473687	0.0	-100.0	1	1.037014722978288	-6.905799454128721	138.0	12	1.05	0.95				
	107	2	89.96165263157894	17.99233052631579	0.0	0.0	1	1.0478699353149399	-2.7669810663590875	138.0	12	1.05	0.95				
	108	1	123.0675408	25.189262736842107	0.0	0.0	1	1.0251349891594443	-5.7855034566254515	138.0	12	1.05	0.95				
	109	1	125.94631368421052	25.908955957894737	0.0	0.0	1	1.0266144770920778	-4.001661289286913	138.0	13	1.05	0.95				
	110	1	140.34017810526316	28.787728842105263	0.0	0.0	1	1.05	-5.314445359092923	138.0	13	1.05	0.95				
	111	1	0.0	0.0	0.0	0.0	1	1.0132675628549928	-1.3134850878656212	230.0	13	1.05	0.95				
	112	1	0.0	0.0	0.0	0.0	1	1.0156331593192172	-0.4171074138063263	230.0	13	1.05	0.95				
	113	3	190.71870357894736	38.86343393684211	0.0	0.0	1	1.0131558148504454	7.352584044535624e-28	230.0	14	1.05	0.95				
	114	2	139.62048488421053	28.068035621052633	0.0	0.0	1	1.0156349656287176	0.9334264279813264	230.0	16	1.05	0.95				
	115	2	228.1427510736842	46.06036614736842	0.0	0.0	1	1.0450404082359224	8.744048431042705	230.0	16	1.05	0.95				
	116	2	71.96932210526316	14.393864421052632	0.0	0.0	1	1.0432363735878474	8.426799532996373	230.0	16	1.05	0.95				
	117	1	0.0	0.0	0.0	0.0	1	1.0471281358697473	11.340047010969519	230.0	17	1.05	0.95				
	118	2	239.6578426105263	48.93913903157895	0.0	0.0	1	1.04920839767903	11.907770616971728	230.0	17	1.05	0.95				
	119	1	130.26447301052633	26.628649178947366	0.0	0.0	1	1.0378210229300147	7.312265550855767	230.0	15	1.05	0.95				
	120	1	92.12073229473684	18.712023747368423	0.0	0.0	1	1.039443504960341	7.702733520759922	230.0	15	1.05	0.95				
	121	2	0.0	0.0	0.0	0.0	1	1.05	12.495281539270572	230.0	17	1.05	0.95				
	122	2	0.0	0.0	0.0	0.0	1	1.05	18.915409665566198	230.0	17	1.05	0.95				
	123	2	0.0	0.0	0.0	0.0	1	1.042316811643862	8.448424384230146	230.0	15	1.05	0.95				
	124	1	0.0	0.0	0.0	0.0	1	1.0222449572559005	4.683573663544306	230.0	16	1.05	0.95				
	201	2	80.95325043789472	16.49047694105263	0.0	0.0	2	1.0411081001700229	-9.550432667467836	138.0	21	1.05	0.95				
	202	2	72.7080119673684	14.99134267368421	0.0	0.0	2	1.0411069367659638	-9.695871863224298	138.0	22	1.05	0.95				
	203	1	134.92208406315788	27.73398394631579	0.0	0.0	2	1.0271370674980933	-6.532832354728959	138.0	21	1.05	0.95				
	204	1	55.46796789263158	11.243507005263156	0.0	0.0	2	1.019567849518266	-11.462898241182938	138.0	21	1.05	0.95				
	205	1	53.21926649157894	10.493939871578947	0.0	0.0	2	1.0359719178697104	-11.844626456906225	138.0	21	1.05	0.95				
	206	1	101.94113018105261	20.987879743157894	0.0	-100.0	2	1.038680611198855	-13.848371791002181	138.0	22	1.05	0.95				
	207	2	93.6958917105263	18.739178342105262	0.0	0.0	2	0.9591554151287209	-25.14172582532763	138.0	22	1.05	0.95				
	208	1	128.17597985999998	26.234849678947363	0.0	0.0	2	0.964094545686059	-21.3990533786981	138.0	22	1.05	0.95				
	209	1	131.17424839473685	26.984416812631572	0.0	0.0	2	1.025598946843363	-9.889295038858268	138.0	23	1.05	0.95				
	210	1	146.16559106842104	29.98268534736842	0.0	0.0	2	1.05	-11.829680281359886	138.0	23	1.05	0.95				
	211	1	0.0	0.0	0.0	0.0	2	1.0277996276909829	-4.976490552538942	230.0	23	1.05	0.95				
	212	1	0.0	0.0	0.0	0.0	2	1.0212931306087905	-3.783483884419834	230.0	23	1.05	0.95				
	213	2	198.63529042631575	40.47662521894736	0.0	0.0	2	1.0404416544052637	-1.2970728058730108	230.0	24	1.05	0.95				
	214	2	145.4160239347368	29.23311821368421	0.0	0.0	2	1.044065819800331	-2.5112670665196783	230.0	26	1.05	0.95				
	215	2	237.61278137789472	47.97229655578947	0.0	0.0	2	1.0446326895834614	5.630578052059768	230.0	26	1.05	0.95				
	216	2	74.95671336842105	14.99134267368421	0.0	0.0	2	1.0485322314363796	5.592487218635392	230.0	26	1.05	0.95				
	217	1	0.0	0.0	0.0	0.0	2	1.0491436041342304	8.708323643589699	230.0	27	1.05	0.95				
	218	2	249.60585551684207	50.97056509052631	0.0	0.0	2	1.05	9.495006271435376	230.0	27	1.05	0.95				
	219	1	135.6716511968421	27.73398394631579	0.0	0.0	2	1.0438543976224703	5.0620812812881155	230.0	25	1.05	0.95				
	220	1	95.94459311157894	19.488745475789475	0.0	0.0	2	1.0463331043065125	6.001487293758153	230.0	25	1.05	0.95				
	221	2	0.0	0.0	0.0	0.0	2	1.05	9.927508777462048	230.0	27	1.05	0.95				
	222	2	0.0	0.0	0.0	0.0	2	1.05	15.961019360290107	230.0	27	1.05	0.95				
	223	2	0.0	0.0	0.0	0.0	2	1.05	7.061213088674485	230.0	25	1.05	0.95				
	224	1	0.0	0.0	0.0	0.0	2	1.022772371323031	1.1019181547944148	230.0	26	1.05	0.95				
	301	2	69.2894653768421	14.11452072491228	0.0	0.0	3	1.013809661634005	-17.820555797827282	138.0	31	1.05	0.95				
	302	2	62.23220501438597	12.831382477192985	0.0	0.0	3	1.0124355685761504	-18.178995395075837	138.0	32	1.05	0.95				
	303	1	115.48244229473686	23.738057582807016	0.0	0.0	3	1.0199705577899743	-12.468785199623422	138.0	31	1.05	0.95				
	304	1	47.47611516561403	9.623536857894736	0.0	0.0	3	1.0087092088459624	-17.031530429330868	138.0	31	1.05	0.95				
	305	1	45.551407794035086	8.981967734035088	0.0	0.0	3	1.023407152998137	-17.64868107375053	138.0	31	1.05	0.95				
	306	1	87.25340084491229	17.963935468070176	0.0	-100.0	3	1.0352379701233942	-18.27772534496818	138.0	32	1.05	0.95				
	307	2	80.19614048245614	16.03922809649123	0.0	0.0	3	1.0051421834204206	-20.424764850248717	138.0	32	1.05	0.95				
	308	1	109.70832018	22.45491933508772	0.0	0.0	3	1.001278854650156	-19.91514740870617	138.0	32	1.05	0.95				
	309	1	112.2745966754386	23.096488458947366	0.0	0.0	3	1.027182884648396	-13.469463410708308	138.0	33	1.05	0.95				
	310	1	125.10597915263158	25.66276495438597	0.0	0.0	3	1.05	-15.420144008752535	138.0	33	1.05	0.95				
	311	1	0.0	0.0	0.0	0.0	3	1.018555990532627	-8.487150840946088	230.0	33	1.05	0.95				
	312	1	0.0	0.0	0.0	0.0	3	1.017658344655895	-7.485981139380348	230.0	33	1.05	0.95				
	313	2	170.015817822807	34.64473268842105	0.0	0.0	3	1.0282309228701634	-4.132827805832967	230.0	34	1.05	0.95				
	314	2	124.46441002877194	25.021195830526317	0.0	0.0	3	1.0281821217976403	-6.404178601618207	230.0	36	1.05	0.95				
	315	2	203.37741226350877	41.060423927017546	0.0	0.0	3	1.0478960717145926	0.32954596225292393	230.0	36	1.05	0.95				
	316	2	64.15691238596492	12.831382477192985	0.0	0.0	3	1.0466808340103293	0.4190569622629329	230.0	36	1.05	0.95				
	317	1	0.0	0.0	0.0	0.0	3	1.0480555469166082	2.4609612981637246	230.0	37	1.05	0.95				
	318	2	213.64251824526318	43.626700422456146	0.0	0.0	3	1.0479829884476393	2.695916618852528	230.0	37	1.05	0.95				
	319	1	116.1240114185965	23.738057582807016	0.0	0.0	3	1.0431481896956034	-0.11394225455983861	230.0	35	1.05	0.95				
	320	1	82.12084785403509	16.68079722035088	0.0	0.0	3	1.0453417063967287	0.6259434627227662	230.0	35	1.05	0.95				
	321	2	0.0	0.0	0.0	0.0	3	1.05	3.822738286248046	230.0	37	1.05	0.95				
	322	2	0.0	0.0	0.0	0.0	3	1.05	9.063661449846986	230.0	37	1.05	0.95				
	323	2	0.0	0.0	0.0	0.0	3	1.0482532252065389	1.5010224529036353	230.0	35	1.05	0.95				
	324	1	0.0	0.0	0.0	0.0	3	1.0212294416114343	-4.390732247168225	230.0	36	1.05	0.95				
	325	1	0.0	0.0	0.0	0.0	3	1.045891219867753	2.4118312532994883	230.0	35	1.05	0.95				
];
