%% MATPOWER Case Format : Version 2
function mpc = RTS_GMLC
mpc.version = '2';

%%-----  Power Flow Data  -----%%
%% system MVA base
mpc.baseMVA = 100.0;
%% bus data
%    bus_i    type    Pd    Qd    Gs    Bs    area    Vm    Va    baseKV    zone    Vmax    Vmin
mpc.bus = [
	101	2	72.02226618947368	14.671202371929823	0.0	0.0	1	1.0471116955828752	0.03836885259448808	138.0	11	1.05	0.95				
	102	2	64.68666500350876	13.337456701754386	0.0	0.0	1	1.0459578296205838	-0.34610025436734515	138.0	12	1.05	0.95				
	103	1	120.03711031578945	24.67429489824561	0.0	0.0	1	1.0310194067028542	-0.702660326789961	138.0	11	1.05	0.95				
	104	1	49.34858979649122	10.003092526315788	0.0	0.0	1	1.0255248895784812	-3.6618664835956065	138.0	11	1.05	0.95				
	105	1	47.34797129122806	9.33621969122807	0.0	0.0	1	1.0389332225640042	-4.053531692521297	138.0	11	1.05	0.95				
	106	1	90.69470557192983	18.67243938245614	0.0	-100.0	1	1.041124273564584	-7.039940875707907	138.0	12	1.05	0.95				
	107	2	83.3591043859649	16.67182087719298	0.0	0.0	1	1.000668079211533	-14.937702308486754	138.0	12	1.05	0.95				
	108	1	114.03525479999999	23.34054922807017	0.0	0.0	1	0.9955082199982789	-12.991069443149463	138.0	12	1.05	0.95				
	109	1	116.70274614035085	24.00742206315789	0.0	0.0	1	1.0258575010451834	-4.673150688504904	138.0	13	1.05	0.95				
	110	1	130.04020284210526	26.67491340350877	0.0	0.0	1	1.05	-6.170676414311826	138.0	13	1.05	0.95				
	111	1	0.0	0.0	0.0	0.0	1	1.0137686520368239	-1.722879747874437	230.0	13	1.05	0.95				
	112	1	0.0	0.0	0.0	0.0	1	1.0159386955599787	-1.3816144284444647	230.0	13	1.05	0.95				
	113	3	176.72130129824558	36.01113309473684	0.0	0.0	1	1.0144758761224708	3.87763972285686e-28	230.0	14	1.05	0.95				
	114	2	129.37333000701753	26.00804056842105	0.0	0.0	1	1.0174926954022563	0.509127897768574	230.0	16	1.05	0.95				
	115	2	211.39868872280698	42.67986144561403	0.0	0.0	1	1.0442263068693014	8.40777704440889	230.0	16	1.05	0.95				
	116	2	66.68728350877193	13.337456701754386	0.0	0.0	1	1.0424476554843713	7.670621647012401	230.0	16	1.05	0.95				
	117	1	0.0	0.0	0.0	0.0	1	1.0456789015872283	11.351611806495931	230.0	17	1.05	0.95				
	118	2	222.0686540842105	45.347352785964915	0.0	0.0	1	1.0484261223747786	12.117711777234469	230.0	17	1.05	0.95				
	119	1	120.70398315087718	24.67429489824561	0.0	0.0	1	1.0355788630000036	5.892560559761193	230.0	15	1.05	0.95				
	120	1	85.35972289122806	17.3386937122807	0.0	0.0	1	1.034586690406904	5.092237780846314	230.0	15	1.05	0.95				
	121	2	0.0	0.0	0.0	0.0	1	1.05	13.855017004523248	230.0	17	1.05	0.95				
	122	2	0.0	0.0	0.0	0.0	1	1.05	20.531201002132107	230.0	17	1.05	0.95				
	123	2	0.0	0.0	0.0	0.0	1	1.0356204148370374	5.1510600368865145	230.0	15	1.05	0.95				
	124	1	0.0	0.0	0.0	0.0	1	1.0277910740050997	5.006846751396674	230.0	16	1.05	0.95				
	201	2	73.91531561684211	15.05682355157895	0.0	0.0	2	1.0277906527112808	-13.680443168021457	138.0	21	1.05	0.95				
	202	2	66.38690384105263	13.688021410526316	0.0	0.0	2	1.0288931013228675	-13.481704069770034	138.0	22	1.05	0.95				
	203	1	123.19219269473685	25.322839609473686	0.0	0.0	2	1.0149713977934964	-11.849710033910272	138.0	21	1.05	0.95				
	204	1	50.64567921894737	10.266016057894738	0.0	0.0	2	1.0151537452028174	-14.055894628161317	138.0	21	1.05	0.95				
	205	1	48.592476007368425	9.581614987368422	0.0	0.0	2	1.0302188253202336	-14.498510539569633	138.0	21	1.05	0.95				
	206	1	93.07854559157896	19.163229974736844	0.0	-100.0	2	1.0380042674212677	-15.55971163912972	138.0	22	1.05	0.95				
	207	2	85.55013381578948	17.110026763157897	0.0	0.0	2	0.9745154253735497	-25.329986785698747	138.0	22	1.05	0.95				
	208	1	117.03258306	23.954037468421053	0.0	0.0	2	0.9766513400476114	-21.977531093117044	138.0	22	1.05	0.95				
	209	1	119.77018734210527	24.63843853894737	0.0	0.0	2	1.0255044223460095	-11.733322926559914	138.0	23	1.05	0.95				
	210	1	133.45820875263158	27.376042821052632	0.0	0.0	2	1.05	-13.149643096354138	138.0	23	1.05	0.95				
	211	1	0.0	0.0	0.0	0.0	2	1.0223949883469519	-7.885078162452612	230.0	23	1.05	0.95				
	212	1	0.0	0.0	0.0	0.0	2	1.0224848054336688	-2.5728503381666656	230.0	23	1.05	0.95				
	213	2	181.3662836894737	36.957657808421054	0.0	0.0	2	1.030596102632378	-4.871588570788863	230.0	24	1.05	0.95				
	214	2	132.77380768210526	26.69164175052632	0.0	0.0	2	1.0316052789319339	-6.045607013906656	230.0	26	1.05	0.95				
	215	2	216.95513935684212	43.80166851368421	0.0	0.0	2	1.039988711822028	0.7479038858140902	230.0	26	1.05	0.95				
	216	2	68.44010705263159	13.688021410526316	0.0	0.0	2	1.0410939143421596	0.77846363554943	230.0	26	1.05	0.95				
	217	1	0.0	0.0	0.0	0.0	2	1.0428002181581837	2.8461018216951746	230.0	27	1.05	0.95				
	218	2	227.9055564852632	46.53927279578948	0.0	0.0	2	1.042522615096361	2.68112815339008	230.0	27	1.05	0.95				
	219	1	123.87659376526317	25.322839609473686	0.0	0.0	2	1.0397762531547277	1.3786812132568842	230.0	25	1.05	0.95				
	220	1	87.60333702736843	17.79442783368421	0.0	0.0	2	1.0447642969625375	3.187040991184353	230.0	25	1.05	0.95				
	221	2	0.0	0.0	0.0	0.0	2	1.043380799344807	2.8156223010826213	230.0	27	1.05	0.95				
	222	2	0.0	0.0	0.0	0.0	2	1.05	9.33355600562166	230.0	27	1.05	0.95				
	223	2	0.0	0.0	0.0	0.0	2	1.05	4.671877847801696	230.0	25	1.05	0.95				
	224	1	0.0	0.0	0.0	0.0	2	1.0148043260687796	-3.9097310922024064	230.0	26	1.05	0.95				
	301	2	72.89402089263159	14.848782033684211	0.0	0.0	3	1.0015579424874521	8.073197758801276	138.0	31	1.05	0.95				
	302	2	65.46962987578947	13.498892757894737	0.0	0.0	3	1.003133013375384	7.9405804202054355	138.0	32	1.05	0.95				
	303	1	121.49003482105263	24.97295160210526	0.0	0.0	3	1.0279815354621147	13.745134173154947	138.0	31	1.05	0.95				
	304	1	49.94590320421052	10.12416956842105	0.0	0.0	3	1.0039856057705328	10.197183396542817	138.0	31	1.05	0.95				
	305	1	47.921069290526304	9.449224930526317	0.0	0.0	3	1.015521444736194	9.860882209938701	138.0	31	1.05	0.95				
	306	1	91.79247075368421	18.898449861052633	0.0	-100.0	3	1.0314508969879133	10.112532320489342	138.0	32	1.05	0.95				
	307	2	84.3680797368421	16.87361594736842	0.0	0.0	3	0.9815779134920795	6.367759773545415	138.0	32	1.05	0.95				
	308	1	115.41553307999999	23.623062326315786	0.0	0.0	3	0.9950331192115468	9.413951981314497	138.0	32	1.05	0.95				
	309	1	118.11531163157893	24.298006964210526	0.0	0.0	3	1.0292836793012123	14.777712480674156	138.0	33	1.05	0.95				
	310	1	131.61420438947366	26.997785515789474	0.0	0.0	3	1.05	13.80739030316497	138.0	33	1.05	0.95				
	311	1	0.0	0.0	0.0	0.0	3	1.0181459995294027	20.264305168228645	230.0	33	1.05	0.95				
	312	1	0.0	0.0	0.0	0.0	3	1.0250560686142922	21.956152163219883	230.0	33	1.05	0.95				
	313	2	178.86032904210523	36.447010446315794	0.0	0.0	3	1.0498572309980538	29.946024401147255	230.0	34	1.05	0.95				
	314	2	130.93925975157893	26.322840877894738	0.0	0.0	3	1.0184540017717365	17.537420344070227	230.0	36	1.05	0.95				
	315	2	213.95745021263158	43.196456825263155	0.0	0.0	3	1.039181667573515	11.158447049416564	230.0	36	1.05	0.95				
	316	2	67.49446378947368	13.498892757894737	0.0	0.0	3	1.039702687995833	12.435932389497756	230.0	36	1.05	0.95				
	317	1	0.0	0.0	0.0	0.0	3	1.0425995176366079	11.082524933145761	230.0	37	1.05	0.95				
	318	2	224.75656441894736	45.89623537684211	0.0	0.0	3	1.041274415451506	9.807398051122368	230.0	37	1.05	0.95				
	319	1	122.16497945894736	24.97295160210526	0.0	0.0	3	1.0386915965379846	15.547132818643378	230.0	35	1.05	0.95				
	320	1	86.39291365052631	17.548560585263157	0.0	0.0	3	1.0425755017746499	18.21855443045536	230.0	35	1.05	0.95				
	321	2	0.0	0.0	0.0	0.0	3	1.041847475667738	10.825020820855334	230.0	37	1.05	0.95				
	322	2	0.0	0.0	0.0	0.0	3	1.05	15.249579373717514	230.0	37	1.05	0.95				
	323	2	0.0	0.0	0.0	0.0	3	1.045142802988578	19.25937135231365	230.0	35	1.05	0.95				
	324	1	0.0	0.0	0.0	0.0	3	1.0342899777336658	13.97094114658493	230.0	36	1.05	0.95				
	325	1	0.0	0.0	0.0	0.0	3	1.0470063361337008	18.804912149243883	230.0	35	1.05	0.95				
];
