%% MATPOWER Case Format : Version 2
function mpc = RTS_GMLC
mpc.version = '2';

%%-----  Power Flow Data  -----%%
%% system MVA base
mpc.baseMVA = 100.0;
%% bus data
%    bus_i    type    Pd    Qd    Gs    Bs    area    Vm    Va    baseKV    zone    Vmax    Vmin
mpc.bus = [
	101	2	35.89757545642106	7.312469074456141	0.0	0.0	1	1.034148825153204	3.639484147883125	138.0	11	1.05	0.95				
	102	2	32.241340919192986	6.647699158596492	0.0	0.0	1	1.0332604114682418	3.3856948603638983	138.0	12	1.05	0.95				
	103	1	59.82929242736843	12.29824344340351	0.0	0.0	1	1.0305268604602091	1.6618956586643334	138.0	11	1.05	0.95				
	104	1	24.59648688680702	4.985774368947369	0.0	0.0	1	1.0228407466919933	0.16550432912375615	138.0	11	1.05	0.95				
	105	1	23.599332013017545	4.653389411017544	0.0	0.0	1	1.0373480883485058	0.43803045719780004	138.0	11	1.05	0.95				
	106	1	45.20435427845615	9.306778822035088	0.0	-100.0	1	1.048054913603392	-1.7512805660821975	138.0	12	1.05	0.95				
	107	2	41.54811974122807	8.309623948245616	0.0	0.0	1	1.0012065747858478	-7.776037406400686	138.0	12	1.05	0.95				
	108	1	56.83782780600001	11.63347352754386	0.0	0.0	1	1.0074591761165865	-6.115658303190297	138.0	12	1.05	0.95				
	109	1	58.1673676377193	11.965858485473685	0.0	0.0	1	1.024177007308017	-1.1201774748933353	138.0	13	1.05	0.95				
	110	1	64.81506679631579	13.295398317192983	0.0	0.0	1	1.05	-1.7611594492251683	138.0	13	1.05	0.95				
	111	1	0.0	0.0	0.0	0.0	1	1.000428517144459	0.23455465006429857	230.0	13	1.05	0.95				
	112	1	0.0	0.0	0.0	0.0	1	1.0052977237435392	-0.07780919401576368	230.0	13	1.05	0.95				
	113	3	88.08201385140352	17.94878772821053	0.0	0.0	1	0.9887833688420289	9.438788095751993e-31	230.0	14	1.05	0.95				
	114	2	64.48268183838597	12.96301335926316	0.0	0.0	1	0.9965381606824787	2.258331701253469	230.0	16	1.05	0.95				
	115	2	105.3660316637544	21.272637307508774	0.0	0.0	1	1.0343127828177574	7.966963997771506	230.0	16	1.05	0.95				
	116	2	33.23849579298246	6.647699158596492	0.0	0.0	1	1.0292966667989085	6.979370166820612	230.0	16	1.05	0.95				
	117	1	0.0	0.0	0.0	0.0	1	1.0376601771190808	10.406281568121612	230.0	17	1.05	0.95				
	118	2	110.68419099063158	22.602177139228075	0.0	0.0	1	1.0425675661289167	10.765121507590006	230.0	17	1.05	0.95				
	119	1	60.16167738529825	12.29824344340351	0.0	0.0	1	1.0195047277482683	4.826888436922484	230.0	15	1.05	0.95				
	120	1	42.54527461501755	8.64200890617544	0.0	0.0	1	1.0137383340052708	3.5912231844158167	230.0	15	1.05	0.95				
	121	2	0.0	0.0	0.0	0.0	1	1.045854283126591	11.87567715596733	230.0	17	1.05	0.95				
	122	2	0.0	0.0	0.0	0.0	1	1.05	21.45494367810815	230.0	17	1.05	0.95				
	123	2	0.0	0.0	0.0	0.0	1	1.0107134554127335	3.1722919514728605	230.0	15	1.05	0.95				
	124	1	0.0	0.0	0.0	0.0	1	1.0244138054234648	5.59431482225575	230.0	16	1.05	0.95				
	201	2	41.819612778947366	8.518810010526314	0.0	0.0	2	1.0178692560897233	-11.391132708391272	138.0	21	1.05	0.95				
	202	2	37.560207773684205	7.744372736842105	0.0	0.0	2	1.017543219206779	-11.531662288335706	138.0	22	1.05	0.95				
	203	1	69.69935463157894	14.327089563157895	0.0	0.0	2	1.0149585410646336	-8.522969845019722	138.0	21	1.05	0.95				
	204	1	28.65417912631579	5.8082795526315785	0.0	0.0	2	1.014380182604985	-11.821851476817153	138.0	21	1.05	0.95				
	205	1	27.492523215789472	5.421060915789474	0.0	0.0	2	1.0293544844938354	-12.189510937698158	138.0	21	1.05	0.95				
	206	1	52.66173461052631	10.842121831578948	0.0	-100.0	2	1.043900468601395	-13.087723185466867	138.0	22	1.05	0.95				
	207	2	48.40232960526315	9.680465921052631	0.0	0.0	2	0.9959316492092366	-18.00128546446207	138.0	22	1.05	0.95				
	208	1	66.2143869	13.552652289473683	0.0	0.0	2	1.0020992292937003	-16.27504822345684	138.0	22	1.05	0.95				
	209	1	67.76326144736842	13.939870926315786	0.0	0.0	2	1.02240591421287	-10.45095937356155	138.0	23	1.05	0.95				
	210	1	75.50763418421052	15.48874547368421	0.0	0.0	2	1.05	-11.74600821404904	138.0	23	1.05	0.95				
	211	1	0.0	0.0	0.0	0.0	2	1.0039896095656886	-7.767477998147536	230.0	23	1.05	0.95				
	212	1	0.0	0.0	0.0	0.0	2	1.0066090603275628	-6.9293793209600585	230.0	23	1.05	0.95				
	213	2	102.61293876315789	20.909806389473683	0.0	0.0	2	0.9992887919989845	-6.404065647837349	230.0	24	1.05	0.95				
	214	2	75.12041554736841	15.101526836842105	0.0	0.0	2	1.0031269826674758	-5.498982313261841	230.0	26	1.05	0.95				
	215	2	122.74830787894734	24.781992757894734	0.0	0.0	2	1.016637266878052	0.18075032362729468	230.0	26	1.05	0.95				
	216	2	38.721863684210525	7.744372736842105	0.0	0.0	2	1.018332347667979	0.08277137397396232	230.0	26	1.05	0.95				
	217	1	0.0	0.0	0.0	0.0	2	1.0223097276518462	1.4911501830209137	230.0	27	1.05	0.95				
	218	2	128.94380606842105	26.330867305263155	0.0	0.0	2	1.0216301367456977	1.058265482385166	230.0	27	1.05	0.95				
	219	1	70.08657326842105	14.327089563157895	0.0	0.0	2	1.0196956828652606	0.17573745034891533	230.0	25	1.05	0.95				
	220	1	49.56398551578947	10.067684557894736	0.0	0.0	2	1.0233214813507798	1.0218601761753234	230.0	25	1.05	0.95				
	221	2	0.0	0.0	0.0	0.0	2	1.023575203914888	1.5731807975344507	230.0	27	1.05	0.95				
	222	2	0.0	0.0	0.0	0.0	2	1.0455295632019572	8.087644751892059	230.0	27	1.05	0.95				
	223	2	0.0	0.0	0.0	0.0	2	1.025919785999137	1.7841368460535363	230.0	25	1.05	0.95				
	224	1	0.0	0.0	0.0	0.0	2	1.005273072126687	-3.1066269227004986	230.0	26	1.05	0.95				
	301	2	44.22840874105264	9.009490669473685	0.0	0.0	3	1.00978235623896	-9.719870604699702	138.0	31	1.05	0.95				
	302	2	39.723663406315794	8.190446063157896	0.0	0.0	3	1.009659753963156	-9.834200409340053	138.0	32	1.05	0.95				
	303	1	73.71401456842106	15.152325216842108	0.0	0.0	3	1.030132410150462	-3.301254796319323	138.0	31	1.05	0.95				
	304	1	30.304650433684216	6.142834547368421	0.0	0.0	3	1.013212920750587	-8.028480315313018	138.0	31	1.05	0.95				
	305	1	29.076083524210528	5.733312244210528	0.0	0.0	3	1.0248081185715565	-9.682336538436795	138.0	31	1.05	0.95				
	306	1	55.69503322947369	11.466624488421056	0.0	-100.0	3	1.041425821903439	-10.145551974560941	138.0	32	1.05	0.95				
	307	2	51.190287894736855	10.23805757894737	0.0	0.0	3	0.9933231337840802	-13.870080648189804	138.0	32	1.05	0.95				
	308	1	70.02831384000001	14.333280610526316	0.0	0.0	3	1.0010174356415946	-12.054640565649727	138.0	32	1.05	0.95				
	309	1	71.6664030526316	14.74280291368421	0.0	0.0	3	1.0291865019722337	-4.8887719861392	138.0	33	1.05	0.95				
	310	1	79.85684911578949	16.380892126315793	0.0	0.0	3	1.05	-8.324410738672286	138.0	33	1.05	0.95				
	311	1	0.0	0.0	0.0	0.0	3	1.0056523887507431	-3.530921194550551	230.0	33	1.05	0.95				
	312	1	0.0	0.0	0.0	0.0	3	1.011543877065594	-2.931623113691358	230.0	33	1.05	0.95				
	313	2	108.52341033684212	22.11420437052632	0.0	0.0	3	1.0081860189910041	-0.47233159979098177	230.0	34	1.05	0.95				
	314	2	79.44732681263159	15.971369823157897	0.0	0.0	3	0.9970190195082017	-2.9850512988683464	230.0	36	1.05	0.95				
	315	2	129.81857010105264	26.209427402105266	0.0	0.0	3	1.0231864127774508	-0.04815667996347639	230.0	36	1.05	0.95				
	316	2	40.95223031578948	8.190446063157896	0.0	0.0	3	1.0215184975511362	0.2334444884051567	230.0	36	1.05	0.95				
	317	1	0.0	0.0	0.0	0.0	3	1.0314391353391499	3.113923413320356	230.0	37	1.05	0.95				
	318	2	136.37092695157898	27.847516614736843	0.0	0.0	3	1.0290776915676343	1.9597378921325874	230.0	37	1.05	0.95				
	319	1	74.12353687157895	15.152325216842108	0.0	0.0	3	1.0173440521282011	-0.17682950168466305	230.0	35	1.05	0.95				
	320	1	52.41885480421053	10.647579882105266	0.0	0.0	3	1.0164186406457731	0.27964017085093	230.0	35	1.05	0.95				
	321	2	0.0	0.0	0.0	0.0	3	1.029428376216888	1.8715845535220454	230.0	37	1.05	0.95				
	322	2	0.0	0.0	0.0	0.0	3	1.043908232546705	6.716488105738504	230.0	37	1.05	0.95				
	323	2	0.0	0.0	0.0	0.0	3	1.016511204812327	0.8535567153415681	230.0	35	1.05	0.95				
	324	1	0.0	0.0	0.0	0.0	3	1.0199036655856553	-1.2878041759386756	230.0	36	1.05	0.95				
	325	1	0.0	0.0	0.0	0.0	3	1.016446733676569	1.8041541267365253	230.0	35	1.05	0.95				
];
