%% MATPOWER Case Format : Version 2
function mpc = RTS_GMLC
mpc.version = '2';

%%-----  Power Flow Data  -----%%
%% system MVA base
mpc.baseMVA = 100.0;
%% bus data
%    bus_i    type    Pd    Qd    Gs    Bs    area    Vm    Va    baseKV    zone    Vmax    Vmin
mpc.bus = [
	101	2	70.01830777263159	14.262988620350878	0.0	0.0	1	1.0465526569240882	0.34342774102700124	138.0	11	1.05	0.95				
	102	2	62.88681346245614	12.966353291228069	0.0	0.0	1	1.0454169502528676	-0.02736414125698756	138.0	12	1.05	0.95				
	103	1	116.69717962105264	23.98775358877193	0.0	0.0	1	1.0299457734037512	0.07422702945263975	138.0	11	1.05	0.95				
	104	1	47.97550717754386	9.724764968421052	0.0	0.0	1	1.024878475140373	-3.3037928177281697	138.0	11	1.05	0.95				
	105	1	46.03055418385964	9.07644730385965	0.0	0.0	1	1.0389747636350974	-3.653976785499326	138.0	11	1.05	0.95				
	106	1	88.17120238035088	18.1528946077193	0.0	-100.0	1	1.0416006395865252	-6.56942987672025	138.0	12	1.05	0.95				
	107	2	81.03970807017544	16.207941614035086	0.0	0.0	1	0.9989738839071315	-13.502934220731317	138.0	12	1.05	0.95				
	108	1	110.86232064	22.69111825964912	0.0	0.0	1	0.9956118858489915	-11.917575631480172	138.0	12	1.05	0.95				
	109	1	113.45559129824561	23.339435924210523	0.0	0.0	1	1.0251617556982653	-4.195450726692845	138.0	13	1.05	0.95				
	110	1	126.4219445894737	25.932706582456138	0.0	0.0	1	1.05	-5.7294079530869135	138.0	13	1.05	0.95				
	111	1	0.0	0.0	0.0	0.0	1	1.0135086663492074	-1.377859226027801	230.0	13	1.05	0.95				
	112	1	0.0	0.0	0.0	0.0	1	1.0147137725168796	-1.3213069783679559	230.0	13	1.05	0.95				
	113	3	171.8041811087719	35.009153886315794	0.0	0.0	1	1.0116412967467145	1.845862934053793e-32	230.0	14	1.05	0.95				
	114	2	125.77362692491228	25.284388917894734	0.0	0.0	1	1.0192025446784085	1.0403716755225403	230.0	16	1.05	0.95				
	115	2	205.5166996659649	41.492330531929824	0.0	0.0	1	1.0413817644941625	9.761872805589775	230.0	16	1.05	0.95				
	116	2	64.83176645614034	12.966353291228069	0.0	0.0	1	1.038830657968782	8.404288944031666	230.0	16	1.05	0.95				
	117	1	0.0	0.0	0.0	0.0	1	1.0439177122414955	13.149452338882227	230.0	17	1.05	0.95				
	118	2	215.88978229894735	44.08560119017544	0.0	0.0	1	1.049603760158368	14.139766990051184	230.0	17	1.05	0.95				
	119	1	117.34549728561403	23.98775358877193	0.0	0.0	1	1.031418309328	6.035206539676009	230.0	15	1.05	0.95				
	120	1	82.98466106385965	16.856259278596493	0.0	0.0	1	1.0303848150484196	4.7097692361298025	230.0	15	1.05	0.95				
	121	2	0.0	0.0	0.0	0.0	1	1.05	16.126911362910157	230.0	17	1.05	0.95				
	122	2	0.0	0.0	0.0	0.0	1	1.05	24.860019844720668	230.0	17	1.05	0.95				
	123	2	0.0	0.0	0.0	0.0	1	1.0313752901939253	4.469645600146139	230.0	15	1.05	0.95				
	124	1	0.0	0.0	0.0	0.0	1	1.024972055347331	6.137704383087192	230.0	16	1.05	0.95				
	201	2	66.82638122526316	13.612781360701753	0.0	0.0	2	1.0204351410617725	-11.203955492243262	138.0	21	1.05	0.95				
	202	2	60.01999054491228	12.37525578245614	0.0	0.0	2	1.0208715228982181	-11.139106021885262	138.0	22	1.05	0.95				
	203	1	111.37730204210527	22.89422319754386	0.0	0.0	2	1.0136073195720294	-9.759166395391455	138.0	21	1.05	0.95				
	204	1	45.78844639508772	9.281441836842106	0.0	0.0	2	1.0128139404390208	-11.081361610999476	138.0	21	1.05	0.95				
	205	1	43.9321580277193	8.6626790477193	0.0	0.0	2	1.0272849156776678	-11.431893425042547	138.0	21	1.05	0.95				
	206	1	84.15173932070175	17.3253580954386	0.0	-100.0	2	1.0380403198125	-12.15544381030119	138.0	22	1.05	0.95				
	207	2	77.34534864035088	15.469069728070176	0.0	0.0	2	0.9891471946814422	-20.63643964696059	138.0	22	1.05	0.95				
	208	1	105.80843693999999	21.656697619298246	0.0	0.0	2	0.9885918572546407	-17.651619047019935	138.0	22	1.05	0.95				
	209	1	108.28348809649123	22.27546040842105	0.0	0.0	2	1.0257303677483622	-8.498033655255046	138.0	23	1.05	0.95				
	210	1	120.65874387894738	24.75051156491228	0.0	0.0	2	1.05	-9.683997393290618	138.0	23	1.05	0.95				
	211	1	0.0	0.0	0.0	0.0	2	1.0173726193100463	-4.88605803768154	230.0	23	1.05	0.95				
	212	1	0.0	0.0	0.0	0.0	2	1.0199737884265885	0.86999575330127	230.0	23	1.05	0.95				
	213	2	163.97213911754386	33.41319061263158	0.0	0.0	2	1.0246580457911965	-1.384045073957056	230.0	24	1.05	0.95				
	214	2	120.03998108982456	24.131748775789475	0.0	0.0	2	1.0212973175756812	-3.7611922597694756	230.0	26	1.05	0.95				
	215	2	196.14780415192982	39.60081850385965	0.0	0.0	2	1.034021905684746	1.0528584537400225	230.0	26	1.05	0.95				
	216	2	61.8762789122807	12.37525578245614	0.0	0.0	2	1.0358093951967928	1.6429325800090404	230.0	26	1.05	0.95				
	217	1	0.0	0.0	0.0	0.0	2	1.0372752755954207	2.3741340849436137	230.0	27	1.05	0.95				
	218	2	206.04800877789472	42.075869660350875	0.0	0.0	2	1.0352881411413417	1.5362664460878404	230.0	27	1.05	0.95				
	219	1	111.99606483122808	22.89422319754386	0.0	0.0	2	1.036302342379138	3.5414253416038486	230.0	25	1.05	0.95				
	220	1	79.2016370077193	16.087832517192982	0.0	0.0	2	1.043212937979525	6.352614998565201	230.0	25	1.05	0.95				
	221	2	0.0	0.0	0.0	0.0	2	1.0372622713278603	2.186077932965062	230.0	27	1.05	0.95				
	222	2	0.0	0.0	0.0	0.0	2	1.05	8.759967032594764	230.0	27	1.05	0.95				
	223	2	0.0	0.0	0.0	0.0	2	1.05	8.331875637185105	230.0	25	1.05	0.95				
	224	1	0.0	0.0	0.0	0.0	2	1.012981797942034	-2.95793393973074	230.0	26	1.05	0.95				
	301	2	67.27364757473686	13.70389117263158	0.0	0.0	3	0.9986273004467164	14.067980182841701	138.0	31	1.05	0.95				
	302	2	60.42170198842105	12.458082884210526	0.0	0.0	3	0.998268581797644	13.975939713868275	138.0	32	1.05	0.95				
	303	1	112.12274595789474	23.047453335789474	0.0	0.0	3	1.0280299339349883	20.37856096478975	138.0	31	1.05	0.95				
	304	1	46.09490667157895	9.343562163157895	0.0	0.0	3	1.0048311520560596	16.601546814640244	138.0	31	1.05	0.95				
	305	1	44.226194238947365	8.720658018947368	0.0	0.0	3	1.0153962801511056	15.157276622931818	138.0	31	1.05	0.95				
	306	1	84.71496361263159	17.441316037894737	0.0	-100.0	3	1.0321351380700527	15.087137999769508	138.0	32	1.05	0.95				
	307	2	77.86301802631579	15.572603605263158	0.0	0.0	3	0.9917761112726348	11.303406352739474	138.0	32	1.05	0.95				
	308	1	106.51660865999999	21.80164504736842	0.0	0.0	3	0.9999822142038746	14.132283521453596	138.0	32	1.05	0.95				
	309	1	109.00822523684211	22.424549191578947	0.0	0.0	3	1.033250249836793	21.236073820063886	138.0	33	1.05	0.95				
	310	1	121.46630812105263	24.916165768421052	0.0	0.0	3	1.05	18.243320036063817	138.0	33	1.05	0.95				
	311	1	0.0	0.0	0.0	0.0	3	1.0188527493372659	25.25021937678422	230.0	33	1.05	0.95				
	312	1	0.0	0.0	0.0	0.0	3	1.0242683501662557	25.72292208455057	230.0	33	1.05	0.95				
	313	2	165.06959821578945	33.63682378736843	0.0	0.0	3	1.0398184684792606	32.24327188770298	230.0	34	1.05	0.95				
	314	2	120.8434039768421	24.293261624210526	0.0	0.0	3	1.0184727867511567	24.556221001195947	230.0	36	1.05	0.95				
	315	2	197.46061371473684	39.865865229473684	0.0	0.0	3	1.0390718566055783	22.02345692017484	230.0	36	1.05	0.95				
	316	2	62.29041442105263	12.458082884210526	0.0	0.0	3	1.0384597156081046	22.89521567458079	230.0	36	1.05	0.95				
	317	1	0.0	0.0	0.0	0.0	3	1.05	25.13488959749521	230.0	37	1.05	0.95				
	318	2	207.4270800221053	42.357481806315796	0.0	0.0	3	1.0468788586573403	22.29426302047141	230.0	37	1.05	0.95				
	319	1	112.74565010210526	23.047453335789474	0.0	0.0	3	1.036701773030105	23.431138212855135	230.0	35	1.05	0.95				
	320	1	79.73173045894737	16.195507749473684	0.0	0.0	3	1.0386224429168514	24.365782018429552	230.0	35	1.05	0.95				
	321	2	0.0	0.0	0.0	0.0	3	1.0450787592646011	22.849180340674383	230.0	37	1.05	0.95				
	322	2	0.0	0.0	0.0	0.0	3	1.05	28.087873012968693	230.0	37	1.05	0.95				
	323	2	0.0	0.0	0.0	0.0	3	1.0393151058876426	24.556369615185947	230.0	35	1.05	0.95				
	324	1	0.0	0.0	0.0	0.0	3	1.0322790964790565	23.11581524171364	230.0	36	1.05	0.95				
	325	1	0.0	0.0	0.0	0.0	3	1.0416725591422162	23.845181254593932	230.0	35	1.05	0.95				
];
