%% MATPOWER Case Format : Version 2
function mpc = RTS_GMLC
mpc.version = '2';

%%-----  Power Flow Data  -----%%
%% system MVA base
mpc.baseMVA = 100.0;
%% bus data
%    bus_i    type    Pd    Qd    Gs    Bs    area    Vm    Va    baseKV    zone    Vmax    Vmin
mpc.bus = [
	101	2	51.060860943157905	10.401286488421054	0.0	0.0	1	1.031098933631424	0.5087156183139142	138.0	11	1.05	0.95				
	102	2	45.860217698947366	9.455714989473684	0.0	0.0	1	1.0301499014720579	0.22511082461514947	138.0	12	1.05	0.95				
	103	1	85.10143490526316	17.493072730526315	0.0	0.0	1	1.0284387173491638	0.07780022475409991	138.0	11	1.05	0.95				
	104	1	34.98614546105263	7.091786242105264	0.0	0.0	1	1.019500453780703	-2.519711469556923	138.0	11	1.05	0.95				
	105	1	33.56778821263158	6.61900049263158	0.0	0.0	1	1.0342034938258322	-2.4278735488842993	138.0	11	1.05	0.95				
	106	1	64.29886192842106	13.23800098526316	0.0	-100.0	1	1.0436372345353697	-4.585618365292724	138.0	12	1.05	0.95				
	107	2	59.09821868421052	11.819643736842107	0.0	0.0	1	1.0006160149254213	-10.545999142563096	138.0	12	1.05	0.95				
	108	1	80.84636316	16.54750123157895	0.0	0.0	1	1.0027048691038816	-8.976388934885184	138.0	12	1.05	0.95				
	109	1	82.73750615789474	17.02028698105263	0.0	0.0	1	1.0249856222934675	-2.8401390829955777	138.0	13	1.05	0.95				
	110	1	92.19322114736842	18.911429978947368	0.0	0.0	1	1.05	-3.9059040240842613	138.0	13	1.05	0.95				
	111	1	0.0	0.0	0.0	0.0	1	1.0067181809819552	-0.47072053257650626	230.0	13	1.05	0.95				
	112	1	0.0	0.0	0.0	0.0	1	1.0104927136399888	-0.314225284477879	230.0	13	1.05	0.95				
	113	3	125.28822361052632	25.530430471578953	0.0	0.0	1	1.000874785625604	7.223774350773763e-29	230.0	14	1.05	0.95				
	114	2	91.72043539789473	18.438644229473685	0.0	0.0	1	1.0071175031872004	2.126375128357554	230.0	16	1.05	0.95				
	115	2	149.8730825831579	30.258287966315795	0.0	0.0	1	1.0420069354249595	9.28391473841356	230.0	16	1.05	0.95				
	116	2	47.278574947368426	9.455714989473684	0.0	0.0	1	1.0385113195429005	8.533202538563229	230.0	16	1.05	0.95				
	117	1	0.0	0.0	0.0	0.0	1	1.0434173868438168	11.496677856060268	230.0	17	1.05	0.95				
	118	2	157.43765457473685	32.14943096421053	0.0	0.0	1	1.0470221969717852	11.57123533458101	230.0	17	1.05	0.95				
	119	1	85.57422065473685	17.493072730526315	0.0	0.0	1	1.0311120282754247	6.804611302022554	230.0	15	1.05	0.95				
	120	1	60.51657593263159	12.292429486315791	0.0	0.0	1	1.02854627288854	6.202845099940474	230.0	15	1.05	0.95				
	121	2	0.0	0.0	0.0	0.0	1	1.05	12.729022406382835	230.0	17	1.05	0.95				
	122	2	0.0	0.0	0.0	0.0	1	1.05	22.95552041712086	230.0	17	1.05	0.95				
	123	2	0.0	0.0	0.0	0.0	1	1.0278356440205725	6.233102019187722	230.0	15	1.05	0.95				
	124	1	0.0	0.0	0.0	0.0	1	1.025351602283245	5.848417866061144	230.0	16	1.05	0.95				
	201	2	53.090508429473694	10.81473319859649	0.0	0.0	2	1.0247761281967933	-10.719715751174544	138.0	21	1.05	0.95				
	202	2	47.68314183017544	9.83157563508772	0.0	0.0	2	1.0257428744915968	-10.538282218157283	138.0	22	1.05	0.95				
	203	1	88.48418071578948	18.18841492491228	0.0	0.0	2	1.0174048661821116	-9.215290662611764	138.0	21	1.05	0.95				
	204	1	36.37682984982456	7.373681726315789	0.0	0.0	2	1.0166141524727461	-12.039769575572997	138.0	21	1.05	0.95				
	205	1	34.9020935045614	6.882102944561404	0.0	0.0	2	1.0313173172872758	-12.396550686516301	138.0	21	1.05	0.95				
	206	1	66.85471431859649	13.764205889122808	0.0	-100.0	2	1.042605143436087	-13.771796973162697	138.0	22	1.05	0.95				
	207	2	61.44734771929825	12.28946954385965	0.0	0.0	2	0.9902855334584268	-20.835592015378467	138.0	22	1.05	0.95				
	208	1	84.05997168	17.205257361403508	0.0	0.0	2	0.9946863214817901	-18.559362258337053	138.0	22	1.05	0.95				
	209	1	86.02628680701754	17.696836143157892	0.0	0.0	2	1.0234562011570831	-11.250613514970789	138.0	23	1.05	0.95				
	210	1	95.85786244210526	19.66315127017544	0.0	0.0	2	1.05	-12.520857008077792	138.0	23	1.05	0.95				
	211	1	0.0	0.0	0.0	0.0	2	1.0094635305381918	-8.033955016088395	230.0	23	1.05	0.95				
	212	1	0.0	0.0	0.0	0.0	2	1.010746278048248	-7.210100193751376	230.0	23	1.05	0.95				
	213	2	130.2683771649123	26.545254214736847	0.0	0.0	2	1.006736177985302	-6.726207991072368	230.0	24	1.05	0.95				
	214	2	95.36628366035087	19.171572488421056	0.0	0.0	2	1.013667018466784	-5.257020542472863	230.0	26	1.05	0.95				
	215	2	155.83047381614034	31.4610420322807	0.0	0.0	2	1.0305791098384167	1.7299367310112137	230.0	26	1.05	0.95				
	216	2	49.1578781754386	9.83157563508772	0.0	0.0	2	1.0322645054325137	1.6471385263356906	230.0	26	1.05	0.95				
	217	1	0.0	0.0	0.0	0.0	2	1.0366720265262468	4.373108350883387	230.0	27	1.05	0.95				
	218	2	163.69573432421055	33.427357159298246	0.0	0.0	2	1.0377759179543413	4.629172416278225	230.0	27	1.05	0.95				
	219	1	88.97575949754386	18.18841492491228	0.0	0.0	2	1.0321991318665322	1.2613909446643843	230.0	25	1.05	0.95				
	220	1	62.9220840645614	12.781048325614035	0.0	0.0	2	1.0357137479775567	1.8720081989453392	230.0	25	1.05	0.95				
	221	2	0.0	0.0	0.0	0.0	2	1.0379279627901161	4.430313019288518	230.0	27	1.05	0.95				
	222	2	0.0	0.0	0.0	0.0	2	1.05	10.907979472428725	230.0	27	1.05	0.95				
	223	2	0.0	0.0	0.0	0.0	2	1.0386265858613724	2.5745330027877014	230.0	25	1.05	0.95				
	224	1	0.0	0.0	0.0	0.0	2	1.01212001699466	-2.359452903998146	230.0	26	1.05	0.95				
	301	2	52.804175911578945	10.756406204210526	0.0	0.0	3	1.0097877016523449	-14.42452662026854	138.0	31	1.05	0.95				
	302	2	47.425972809473684	9.778551094736843	0.0	0.0	3	1.0090185920455517	-14.592733965490964	138.0	32	1.05	0.95				
	303	1	88.00695985263157	18.09031952526316	0.0	0.0	3	1.035404543399061	-6.177078193179794	138.0	31	1.05	0.95				
	304	1	36.18063905052632	7.333913321052631	0.0	0.0	3	1.0111784192009907	-12.784297363218986	138.0	31	1.05	0.95				
	305	1	34.71385638631578	6.844985766315789	0.0	0.0	3	1.023633196712285	-14.31968133182852	138.0	31	1.05	0.95				
	306	1	66.49414744421053	13.689971532631578	0.0	-100.0	3	1.0389563651049352	-14.82099379409166	138.0	32	1.05	0.95				
	307	2	61.11594434210525	12.223188868421051	0.0	0.0	3	0.9928830532816367	-19.839548139404936	138.0	32	1.05	0.95				
	308	1	83.60661185999999	17.11246441578947	0.0	0.0	3	0.9974212061309209	-17.59047779866136	138.0	32	1.05	0.95				
	309	1	85.56232207894736	17.601391970526315	0.0	0.0	3	1.02917644570327	-9.320825757912278	138.0	33	1.05	0.95				
	310	1	95.3408731736842	19.557102189473685	0.0	0.0	3	1.05	-12.642134641895819	138.0	33	1.05	0.95				
	311	1	0.0	0.0	0.0	0.0	3	1.0116290706923958	-6.721926217460207	230.0	33	1.05	0.95				
	312	1	0.0	0.0	0.0	0.0	3	1.0141066881908036	-6.255627097353218	230.0	33	1.05	0.95				
	313	2	129.56580200526315	26.402087955789472	0.0	0.0	3	1.0130390314000532	-3.573076425385461	230.0	34	1.05	0.95				
	314	2	94.85194561894737	19.06817463473684	0.0	0.0	3	1.0137068519796164	-5.128852296979425	230.0	36	1.05	0.95				
	315	2	154.99003485157894	31.291363503157893	0.0	0.0	3	1.0380559299996954	-0.5735542611137748	230.0	36	1.05	0.95				
	316	2	48.892755473684204	9.778551094736843	0.0	0.0	3	1.0377221756893162	0.04450312618011148	230.0	36	1.05	0.95				
	317	1	0.0	0.0	0.0	0.0	3	1.0454600439637767	3.0859528718285296	230.0	37	1.05	0.95				
	318	2	162.81287572736844	33.24707372210526	0.0	0.0	3	1.0423330441477863	1.7722849986552862	230.0	37	1.05	0.95				
	319	1	88.49588740736843	18.09031952526316	0.0	0.0	3	1.0320122008040253	-1.0258451581243055	230.0	35	1.05	0.95				
	320	1	62.582727006315785	12.712116423157893	0.0	0.0	3	1.0307286703406002	-1.0192239466969482	230.0	35	1.05	0.95				
	321	2	0.0	0.0	0.0	0.0	3	1.0423785105855603	1.5711411713871	230.0	37	1.05	0.95				
	322	2	0.0	0.0	0.0	0.0	3	1.05	6.4951197863130545	230.0	37	1.05	0.95				
	323	2	0.0	0.0	0.0	0.0	3	1.030849485054326	-0.6431092782141326	230.0	35	1.05	0.95				
	324	1	0.0	0.0	0.0	0.0	3	1.0291904756453718	-2.6836339572646217	230.0	36	1.05	0.95				
	325	1	0.0	0.0	0.0	0.0	3	1.0288247396378334	0.4862057151572362	230.0	35	1.05	0.95				
];
