%% MATPOWER Case Format : Version 2
function mpc = RTS_GMLC
mpc.version = '2';

%%-----  Power Flow Data  -----%%
%% system MVA base
mpc.baseMVA = 100.0;
%% bus data
%    bus_i    type    Pd    Qd    Gs    Bs    area    Vm    Va    baseKV    zone    Vmax    Vmin
mpc.bus = [
	101	2	77.79366651789475	15.846857994385966	0.0	0.0	1	1.031588828081245	-1.6901671522184136	138.0	11	1.05	0.95				
	102	2	69.87023752070175	14.406234540350878	0.0	0.0	1	1.0315989244077834	-1.7488440746019882	138.0	12	1.05	0.95				
	103	1	129.6561108631579	26.65153389964912	0.0	0.0	1	1.020693696732809	-2.200609196052336	138.0	11	1.05	0.95				
	104	1	53.30306779929824	10.804675905263156	0.0	0.0	1	1.016189424106667	-4.626439223569175	138.0	11	1.05	0.95				
	105	1	51.14213261824562	10.084364178245615	0.0	0.0	1	1.0311667116310184	-4.66051627269027	138.0	11	1.05	0.95				
	106	1	97.96239487438598	20.16872835649123	0.0	-100.0	1	1.0368029111476889	-6.978971345531559	138.0	12	1.05	0.95				
	107	2	90.03896587719298	18.007793175438596	0.0	0.0	1	1.05	-3.2402148206450065	138.0	12	1.05	0.95				
	108	1	123.17330532	25.210910445614033	0.0	0.0	1	1.0264317356205863	-6.083591432425187	138.0	12	1.05	0.95				
	109	1	126.05455222807018	25.93122217263158	0.0	0.0	1	1.026639580644339	-4.061530960980721	138.0	13	1.05	0.95				
	110	1	140.46078676842103	28.812469080701756	0.0	0.0	1	1.05	-5.393178066039004	138.0	13	1.05	0.95				
	111	1	0.0	0.0	0.0	0.0	1	1.0130822349960313	-1.3203812207338208	230.0	13	1.05	0.95				
	112	1	0.0	0.0	0.0	0.0	1	1.0156415422503353	-0.4775135637906956	230.0	13	1.05	0.95				
	113	3	190.88260765964912	38.896833258947375	0.0	0.0	1	1.0131711787305937	-3.552764587356515e-31	230.0	14	1.05	0.95				
	114	2	139.7404750414035	28.09215735368421	0.0	0.0	1	1.0152936875070875	0.9845882947056182	230.0	16	1.05	0.95				
	115	2	228.3388174645614	46.09995052912281	0.0	0.0	1	1.0451114481356356	8.948695117080705	230.0	16	1.05	0.95				
	116	2	72.03117270175439	14.406234540350878	0.0	0.0	1	1.0432645126230782	8.56000830814946	230.0	16	1.05	0.95				
	117	1	0.0	0.0	0.0	0.0	1	1.047167172145691	11.540933962097386	230.0	17	1.05	0.95				
	118	2	239.8638050968421	48.98119743719299	0.0	0.0	1	1.0492456374429295	12.180495516843148	230.0	17	1.05	0.95				
	119	1	130.37642259017542	26.65153389964912	0.0	0.0	1	1.0377320946867667	7.320377289569139	230.0	15	1.05	0.95				
	120	1	92.19990105824562	18.728104902456142	0.0	0.0	1	1.0393006163229361	7.60303039673093	230.0	15	1.05	0.95				
	121	2	0.0	0.0	0.0	0.0	1	1.05	12.835905434634453	230.0	17	1.05	0.95				
	122	2	0.0	0.0	0.0	0.0	1	1.05	18.84808469540893	230.0	17	1.05	0.95				
	123	2	0.0	0.0	0.0	0.0	1	1.0421160520088064	8.290251909142773	230.0	15	1.05	0.95				
	124	1	0.0	0.0	0.0	0.0	1	1.0220046876900193	4.827167402349511	230.0	16	1.05	0.95				
	201	2	85.28821029473686	17.373524319298248	0.0	0.0	2	1.043474256400826	-9.98274346626864	138.0	21	1.05	0.95				
	202	2	76.60144813508772	15.794113017543863	0.0	0.0	2	1.0447903635882119	-10.02973400270847	138.0	22	1.05	0.95				
	203	1	142.14701715789474	29.21910908245614	0.0	0.0	2	1.0268680851484955	-7.358326059931306	138.0	21	1.05	0.95				
	204	1	58.43821816491228	11.845584763157895	0.0	0.0	2	1.0205214045485789	-12.190608141331644	138.0	21	1.05	0.95				
	205	1	56.0691012122807	11.055879112280703	0.0	0.0	2	1.0365239674279632	-12.571704953266456	138.0	21	1.05	0.95				
	206	1	107.39996851929826	22.111758224561406	0.0	-100.0	2	1.0382289529989468	-14.745371402321792	138.0	22	1.05	0.95				
	207	2	98.71320635964913	19.742641271929827	0.0	0.0	2	0.95	-26.851508567952507	138.0	22	1.05	0.95				
	208	1	135.0396663	27.639697780701756	0.0	0.0	2	0.9565477892768877	-22.892742230799552	138.0	22	1.05	0.95				
	209	1	138.19848890350877	28.429403431578947	0.0	0.0	2	1.0258114642414011	-10.793468267252365	138.0	23	1.05	0.95				
	210	1	153.99260192105265	31.588226035087725	0.0	0.0	2	1.05	-12.741094873817175	138.0	23	1.05	0.95				
	211	1	0.0	0.0	0.0	0.0	2	1.0320309982213303	-5.71728841037434	230.0	23	1.05	0.95				
	212	1	0.0	0.0	0.0	0.0	2	1.023895286044341	-4.463675371821526	230.0	23	1.05	0.95				
	213	2	209.27199748245613	42.64410514736843	0.0	0.0	2	1.0483865733217173	-1.7563990703219543	230.0	24	1.05	0.95				
	214	2	153.20289627017544	30.79852038421053	0.0	0.0	2	1.0499999976873924	-3.3980448608245766	230.0	26	1.05	0.95				
	215	2	250.3366913280702	50.54116165614035	0.0	0.0	2	1.0448418687695016	4.841668216661834	230.0	26	1.05	0.95				
	216	2	78.97056508771931	15.794113017543863	0.0	0.0	2	1.0494018882415126	4.767152809776769	230.0	26	1.05	0.95				
	217	1	0.0	0.0	0.0	0.0	2	1.0493711194090436	7.943434319732288	230.0	27	1.05	0.95				
	218	2	262.9719817421053	53.69998425964913	0.0	0.0	2	1.05	8.654854291908656	230.0	27	1.05	0.95				
	219	1	142.93672280877195	29.21910908245614	0.0	0.0	2	1.0439396961696072	4.231403946241307	230.0	25	1.05	0.95				
	220	1	101.0823233122807	20.53234692280702	0.0	0.0	2	1.0462171777776126	5.239849631157812	230.0	25	1.05	0.95				
	221	2	0.0	0.0	0.0	0.0	2	1.05	9.107918089842913	230.0	27	1.05	0.95				
	222	2	0.0	0.0	0.0	0.0	2	1.05	15.162953620956362	230.0	27	1.05	0.95				
	223	2	0.0	0.0	0.0	0.0	2	1.05	6.366208043842081	230.0	25	1.05	0.95				
	224	1	0.0	0.0	0.0	0.0	2	1.0227506417194387	0.3013534864495705	230.0	26	1.05	0.95				
	301	2	79.28313824842105	16.15026890245614	0.0	0.0	3	1.0171500891980507	-19.3436457722148	138.0	31	1.05	0.95				
	302	2	71.20800379719299	14.682062638596491	0.0	0.0	3	1.0156590646040426	-19.73831934548167	138.0	32	1.05	0.95				
	303	1	132.13856374736844	27.161815881403513	0.0	0.0	3	1.0228703864170035	-12.290251060010844	138.0	31	1.05	0.95				
	304	1	54.323631762807025	11.011546978947369	0.0	0.0	3	1.0083641613876653	-18.271408912865162	138.0	31	1.05	0.95				
	305	1	52.12132236701754	10.277443847017546	0.0	0.0	3	1.0236736575394663	-19.05476574088364	138.0	31	1.05	0.95				
	306	1	99.83802594245614	20.55488769403509	0.0	-100.0	3	1.0331890601590383	-19.703154753601563	138.0	32	1.05	0.95				
	307	2	91.76289149122807	18.352578298245614	0.0	0.0	3	1.0111242444261448	-21.364068331198766	138.0	32	1.05	0.95				
	308	1	125.53163556	25.69360961754386	0.0	0.0	3	1.0020449779990448	-21.08899304295283	138.0	32	1.05	0.95				
	309	1	128.4680480877193	26.427712749473685	0.0	0.0	3	1.0280654722706721	-14.07592529212684	138.0	33	1.05	0.95				
	310	1	143.15011072631577	29.364125277192983	0.0	0.0	3	1.05	-16.415678126183035	138.0	33	1.05	0.95				
	311	1	0.0	0.0	0.0	0.0	3	1.0239976744126198	-8.80857974783342	230.0	33	1.05	0.95				
	312	1	0.0	0.0	0.0	0.0	3	1.019008027322347	-7.39330838707326	230.0	33	1.05	0.95				
	313	2	194.53732996140351	39.64156912421053	0.0	0.0	3	1.0377816644573055	-4.092057119287813	230.0	34	1.05	0.95				
	314	2	142.41600759438597	28.630022145263155	0.0	0.0	3	1.0374121664893277	-6.654269557012615	230.0	36	1.05	0.95				
	315	2	232.71069282175438	46.98260044350877	0.0	0.0	3	1.0492993445130354	0.20258930653413157	230.0	36	1.05	0.95				
	316	2	73.41031319298246	14.682062638596491	0.0	0.0	3	1.0487378566953223	0.598155991864025	230.0	36	1.05	0.95				
	317	1	0.0	0.0	0.0	0.0	3	1.048903389696933	2.3036928190957138	230.0	37	1.05	0.95				
	318	2	244.4563429326316	49.91901297122807	0.0	0.0	3	1.048033653537373	2.3552630440768594	230.0	37	1.05	0.95				
	319	1	132.87266687929824	27.161815881403513	0.0	0.0	3	1.0439188346292552	0.7470261989607881	230.0	35	1.05	0.95				
	320	1	93.96520088701755	19.08668143017544	0.0	0.0	3	1.046222868652267	2.2494981622827397	230.0	35	1.05	0.95				
	321	2	0.0	0.0	0.0	0.0	3	1.05	3.5630585824486043	230.0	37	1.05	0.95				
	322	2	0.0	0.0	0.0	0.0	3	1.05	8.844537741482116	230.0	37	1.05	0.95				
	323	2	0.0	0.0	0.0	0.0	3	1.05	3.599112575011703	230.0	35	1.05	0.95				
	324	1	0.0	0.0	0.0	0.0	3	1.0236768394750697	-4.359759481062776	230.0	36	1.05	0.95				
	325	1	0.0	0.0	0.0	0.0	3	1.0482299986536623	4.364500966627082	230.0	35	1.05	0.95				
];
