%% MATPOWER Case Format : Version 2
function mpc = RTS_GMLC
mpc.version = '2';

%%-----  Power Flow Data  -----%%
%% system MVA base
mpc.baseMVA = 100.0;
%% bus data
%    bus_i    type    Pd    Qd    Gs    Bs    area    Vm    Va    baseKV    zone    Vmax    Vmin
mpc.bus = [
	101	2	52.690747149473694	10.733300345263158	0.0	0.0	1	1.0465040568621844	3.4695118487187666	138.0	11	1.05	0.95				
	102	2	47.32409697684211	9.757545768421053	0.0	0.0	1	1.0454232587761565	3.154445170818878	138.0	12	1.05	0.95				
	103	1	87.81791191578948	18.051459671578947	0.0	0.0	1	1.0293022159266052	0.6481502593089732	138.0	11	1.05	0.95				
	104	1	36.10291934315789	7.31815932631579	0.0	0.0	1	1.0273529398431605	-0.36165898584258027	138.0	11	1.05	0.95				
	105	1	34.63928747789474	6.8302820378947375	0.0	0.0	1	1.0410390799836795	-0.4458558225390185	138.0	11	1.05	0.95				
	106	1	66.35131122526316	13.660564075789475	0.0	-100.0	1	1.0461518613257337	-3.1754773267764835	138.0	12	1.05	0.95				
	107	2	60.98466105263158	12.196932210526317	0.0	0.0	1	1.000060637279549	-9.042190339793898	138.0	12	1.05	0.95				
	108	1	83.42701632	17.075705094736843	0.0	0.0	1	1.002188267956891	-7.802921681478924	138.0	12	1.05	0.95				
	109	1	85.37852547368422	17.563582383157893	0.0	0.0	1	1.024581676639742	-2.1005455652956746	138.0	13	1.05	0.95				
	110	1	95.13607124210527	19.515091536842107	0.0	0.0	1	1.05	-2.9394977505552524	138.0	13	1.05	0.95				
	111	1	0.0	0.0	0.0	0.0	1	1.0048089396615831	-0.4220131026509618	230.0	13	1.05	0.95				
	112	1	0.0	0.0	0.0	0.0	1	1.009016712905293	-0.08174263761696607	230.0	13	1.05	0.95				
	113	3	129.28748143157895	26.345373574736847	0.0	0.0	1	0.9973291367824965	8.023954511378933e-31	230.0	14	1.05	0.95				
	114	2	94.64819395368421	19.027214248421053	0.0	0.0	1	1.0024037626850744	1.4260012851150474	230.0	16	1.05	0.95				
	115	2	154.6571004294737	31.22414645894737	0.0	0.0	1	1.035920138197775	7.587450563763996	230.0	16	1.05	0.95				
	116	2	48.78772884210527	9.757545768421053	0.0	0.0	1	1.0318768269715288	6.926291447783972	230.0	16	1.05	0.95				
	117	1	0.0	0.0	0.0	0.0	1	1.0388765785328684	9.144563591929597	230.0	17	1.05	0.95				
	118	2	162.46313704421053	33.17565561263158	0.0	0.0	1	1.0409468900324028	9.352785843612924	230.0	17	1.05	0.95				
	119	1	88.30578920421054	18.051459671578947	0.0	0.0	1	1.0249369807653068	5.6225035596566775	230.0	15	1.05	0.95				
	120	1	62.44829291789474	12.68480949894737	0.0	0.0	1	1.0225091731554454	5.333269258602859	230.0	15	1.05	0.95				
	121	2	0.0	0.0	0.0	0.0	1	1.0442582040565827	10.578631045568438	230.0	17	1.05	0.95				
	122	2	0.0	0.0	0.0	0.0	1	1.05	16.521571354253123	230.0	17	1.05	0.95				
	123	2	0.0	0.0	0.0	0.0	1	1.0219845629025797	5.551640157573834	230.0	15	1.05	0.95				
	124	1	0.0	0.0	0.0	0.0	1	1.0243374823571207	4.983278897602517	230.0	16	1.05	0.95				
	201	2	44.53958758736842	9.072878952982457	0.0	0.0	2	1.0269708388748926	-6.682149021459396	138.0	21	1.05	0.95				
	202	2	40.0031481108772	8.248071775438598	0.0	0.0	2	1.0279457304588784	-6.466188790165652	138.0	22	1.05	0.95				
	203	1	74.23264597894737	15.258932784561404	0.0	0.0	2	1.0176364682617047	-6.675408381614501	138.0	21	1.05	0.95				
	204	1	30.517865569122808	6.186053831578947	0.0	0.0	2	1.0188726793048457	-8.187760970760447	138.0	21	1.05	0.95				
	205	1	29.280654802807014	5.773650242807019	0.0	0.0	2	1.0335094013190078	-8.386964628295571	138.0	21	1.05	0.95				
	206	1	56.08688807298247	11.547300485614038	0.0	-100.0	2	1.0453634003104788	-9.708880354629184	138.0	22	1.05	0.95				
	207	2	51.55044859649123	10.310089719298245	0.0	0.0	2	0.9929257261793671	-15.719283990967433	138.0	22	1.05	0.95				
	208	1	70.52101368	14.434125607017542	0.0	0.0	2	0.9994825363934025	-13.869329742352297	138.0	22	1.05	0.95				
	209	1	72.17062803508773	14.846529195789474	0.0	0.0	2	1.0229577801499652	-7.903522544674927	138.0	23	1.05	0.95				
	210	1	80.41869981052632	16.496143550877196	0.0	0.0	2	1.05	-8.794173810326363	138.0	23	1.05	0.95				
	211	1	0.0	0.0	0.0	0.0	2	1.003503387311335	-5.317226263050025	230.0	23	1.05	0.95				
	212	1	0.0	0.0	0.0	0.0	2	1.0068524965138932	-4.434544179295116	230.0	23	1.05	0.95				
	213	2	109.2869510245614	22.26979379368421	0.0	0.0	2	0.9973136331345941	-4.060004985081045	230.0	24	1.05	0.95				
	214	2	80.0062962217544	16.083739962105266	0.0	0.0	2	1.0021637759133428	-3.2520571041638604	230.0	26	1.05	0.95				
	215	2	130.73193764070177	26.393829681403506	0.0	0.0	2	1.0226476247805412	2.2562012210759037	230.0	26	1.05	0.95				
	216	2	41.24035887719298	8.248071775438598	0.0	0.0	2	1.0227809672752621	2.157051559931793	230.0	26	1.05	0.95				
	217	1	0.0	0.0	0.0	0.0	2	1.0281145358853587	3.571140053616762	230.0	27	1.05	0.95				
	218	2	137.33039506105266	28.043444036491234	0.0	0.0	2	1.0273117735721178	3.0932871214706474	230.0	27	1.05	0.95				
	219	1	74.6450495677193	15.258932784561404	0.0	0.0	2	1.0225492410750296	2.201627014993551	230.0	25	1.05	0.95				
	220	1	52.78765936280701	10.722493308070176	0.0	0.0	2	1.025068015307755	3.050804037723284	230.0	25	1.05	0.95				
	221	2	0.0	0.0	0.0	0.0	2	1.0291981474596965	3.6159977098347205	230.0	27	1.05	0.95				
	222	2	0.0	0.0	0.0	0.0	2	1.0499999895308125	10.089579625906515	230.0	27	1.05	0.95				
	223	2	0.0	0.0	0.0	0.0	2	1.0271748122675095	3.83378804225375	230.0	25	1.05	0.95				
	224	1	0.0	0.0	0.0	0.0	2	1.009719666416835	-1.1056782794736804	230.0	26	1.05	0.95				
	301	2	53.76083517473684	10.951281239298245	0.0	0.0	3	1.0074856814041622	-12.062839563416132	138.0	31	1.05	0.95				
	302	2	48.28519455508772	9.95571021754386	0.0	0.0	3	1.0071344698601987	-12.154944406296648	138.0	32	1.05	0.95				
	303	1	89.60139195789473	18.41806390245614	0.0	0.0	3	1.0190767627134294	-7.216142808906626	138.0	31	1.05	0.95				
	304	1	36.83612780491228	7.466782663157895	0.0	0.0	3	1.008048087120813	-10.504523853784551	138.0	31	1.05	0.95				
	305	1	35.3427712722807	6.968997152280703	0.0	0.0	3	1.0218570923385204	-10.956359928653981	138.0	31	1.05	0.95				
	306	1	67.69882947929825	13.937994304561405	0.0	-100.0	3	1.0380906095615843	-10.91466605210812	138.0	32	1.05	0.95				
	307	2	62.22318885964913	12.444637771929825	0.0	0.0	3	0.9956967564978556	-16.130124884469765	138.0	32	1.05	0.95				
	308	1	85.12132236	17.422492880701753	0.0	0.0	3	0.999653770212285	-13.841821264146642	138.0	32	1.05	0.95				
	309	1	87.11246440350877	17.920278391578947	0.0	0.0	3	1.0252456613195342	-7.115921499822405	138.0	33	1.05	0.95				
	310	1	97.06817462105263	19.91142043508772	0.0	0.0	3	1.05	-8.25217627016591	138.0	33	1.05	0.95				
	311	1	0.0	0.0	0.0	0.0	3	1.0083976067931804	-2.5313395411509734	230.0	33	1.05	0.95				
	312	1	0.0	0.0	0.0	0.0	3	1.0118773564630283	-1.9315459382625584	230.0	33	1.05	0.95				
	313	2	131.91316038245614	26.88041758736842	0.0	0.0	3	1.0144896685591007	1.917869331313951	230.0	34	1.05	0.95				
	314	2	96.57038911017544	19.413634924210527	0.0	0.0	3	1.008759871640489	-1.2010312865384818	230.0	36	1.05	0.95				
	315	2	157.79800694807017	31.85827269614035	0.0	0.0	3	1.023759481156012	-0.9406829494432742	230.0	36	1.05	0.95				
	316	2	49.7785510877193	9.95571021754386	0.0	0.0	3	1.0237212030021918	0.12709001414377508	230.0	36	1.05	0.95				
	317	1	0.0	0.0	0.0	0.0	3	1.027347073350113	0.34585305497640967	230.0	37	1.05	0.95				
	318	2	165.76257512210526	33.84941473964913	0.0	0.0	3	1.0257257203936287	-0.09964820763618985	230.0	37	1.05	0.95				
	319	1	90.09917746877193	18.41806390245614	0.0	0.0	3	1.022723147929037	0.9452637293679029	230.0	35	1.05	0.95				
	320	1	63.7165453922807	12.942423282807017	0.0	0.0	3	1.0231049072083482	1.5425363932744982	230.0	35	1.05	0.95				
	321	2	0.0	0.0	0.0	0.0	3	1.0271386568245813	0.16691949540922602	230.0	37	1.05	0.95				
	322	2	0.0	0.0	0.0	0.0	3	1.0405416171245068	4.623273264218775	230.0	37	1.05	0.95				
	323	2	0.0	0.0	0.0	0.0	3	1.023663668363439	1.9871427587114971	230.0	35	1.05	0.95				
	324	1	0.0	0.0	0.0	0.0	3	1.0154821365494973	-2.006121442321258	230.0	36	1.05	0.95				
	325	1	0.0	0.0	0.0	0.0	3	1.0238688716274422	2.7238255535368006	230.0	35	1.05	0.95				
];
