%% MATPOWER Case Format : Version 2
function mpc = RTS_GMLC
mpc.version = '2';

%%-----  Power Flow Data  -----%%
%% system MVA base
mpc.baseMVA = 100.0;
%% bus data
%    bus_i    type    Pd    Qd    Gs    Bs    area    Vm    Va    baseKV    zone    Vmax    Vmin
mpc.bus = [
	101	2	56.9391390568421	11.598713511578946	0.0	0.0	1	1.0135627709112047	-0.09376755583835825	138.0	11	1.05	0.95				
	102	2	51.13978230105263	10.544285010526316	0.0	0.0	1	1.0127129252531557	-0.4213204528900833	138.0	12	1.05	0.95				
	103	1	94.89856509473684	19.506927269473685	0.0	0.0	1	1.0234191510004729	0.600237932854688	138.0	11	1.05	0.95				
	104	1	39.01385453894737	7.908213757894736	0.0	0.0	1	1.0111266761929318	-3.230363434628103	138.0	11	1.05	0.95				
	105	1	37.432211787368416	7.380999507368421	0.0	0.0	1	1.024372782969444	-3.253455992906799	138.0	11	1.05	0.95				
	106	1	71.70113807157895	14.761999014736842	0.0	-100.0	1	1.0377060535321883	-5.56505577289168	138.0	12	1.05	0.95				
	107	2	65.90178131578948	13.180356263157893	0.0	0.0	1	0.9885400116706686	-13.130973530714787	138.0	12	1.05	0.95				
	108	1	90.15363683999999	18.452498768421048	0.0	0.0	1	0.9930487676263007	-10.898988926363796	138.0	12	1.05	0.95				
	109	1	92.26249384210526	18.97971301894737	0.0	0.0	1	1.026126378782614	-3.3296168001429147	138.0	13	1.05	0.95				
	110	1	102.80677885263157	21.088570021052632	0.0	0.0	1	1.05	-4.718826504316489	138.0	13	1.05	0.95				
	111	1	0.0	0.0	0.0	0.0	1	1.0228120376144851	-0.29765623865805285	230.0	13	1.05	0.95				
	112	1	0.0	0.0	0.0	0.0	1	1.017682018411125	-0.6791634172019428	230.0	13	1.05	0.95				
	113	3	139.71177638947367	28.46956952842105	0.0	0.0	1	1.008996422170362	1.3928155773003788e-27	230.0	14	1.05	0.95				
	114	2	102.27956460210525	20.561355770526315	0.0	0.0	1	1.0487049980104495	3.0597292438671024	230.0	16	1.05	0.95				
	115	2	167.1269174168421	33.74171203368421	0.0	0.0	1	1.0453864466395824	12.366255365811663	230.0	16	1.05	0.95				
	116	2	52.721425052631574	10.544285010526316	0.0	0.0	1	1.0474632785507445	11.132577850286415	230.0	16	1.05	0.95				
	117	1	0.0	0.0	0.0	0.0	1	1.0440203524654004	15.992883990729005	230.0	17	1.05	0.95				
	118	2	175.56234542526315	35.850569035789476	0.0	0.0	1	1.05	16.078457340426834	230.0	17	1.05	0.95				
	119	1	95.42577934526315	19.506927269473685	0.0	0.0	1	1.0441582426466194	7.945544869935562	230.0	15	1.05	0.95				
	120	1	67.48342406736842	13.707570513684212	0.0	0.0	1	1.0472458828970865	6.16609029138786	230.0	15	1.05	0.95				
	121	2	0.0	0.0	0.0	0.0	1	1.0432142909703177	17.455443915928825	230.0	17	1.05	0.95				
	122	2	0.0	0.0	0.0	0.0	1	1.05	35.41704744826812	230.0	17	1.05	0.95				
	123	2	0.0	0.0	0.0	0.0	1	1.05	5.577547905154497	230.0	15	1.05	0.95				
	124	1	0.0	0.0	0.0	0.0	1	1.0223843461707178	8.004758164124677	230.0	16	1.05	0.95				
	201	2	53.20950730105264	10.838973709473684	0.0	0.0	2	1.021693775277385	-14.8097545480317	138.0	21	1.05	0.95				
	202	2	47.790020446315786	9.853612463157896	0.0	0.0	2	1.0227027233604369	-14.657684367115934	138.0	22	1.05	0.95				
	203	1	88.68251216842106	18.229183056842103	0.0	0.0	2	1.0138225089812307	-12.936614654744872	138.0	21	1.05	0.95				
	204	1	36.45836611368421	7.390209347368421	0.0	0.0	2	1.0149468314692678	-16.08227185470793	138.0	21	1.05	0.95				
	205	1	34.98032424421053	6.897528724210527	0.0	0.0	2	1.0297285914067347	-16.463712251970037	138.0	21	1.05	0.95				
	206	1	67.0045647494737	13.795057448421055	0.0	-100.0	2	1.0418437883601401	-17.83302375487572	138.0	22	1.05	0.95				
	207	2	61.58507789473684	12.317015578947368	0.0	0.0	2	0.9893450380702952	-24.85917800890406	138.0	22	1.05	0.95				
	208	1	84.24838656	17.243821810526313	0.0	0.0	2	0.9939824426713645	-22.577411984354235	138.0	22	1.05	0.95				
	209	1	86.21910905263158	17.73650243368421	0.0	0.0	2	1.0229746445459276	-15.218538746184997	138.0	23	1.05	0.95				
	210	1	96.07272151578947	19.707224926315792	0.0	0.0	2	1.05	-16.55427705638349	138.0	23	1.05	0.95				
	211	1	0.0	0.0	0.0	0.0	2	1.0102234775242742	-12.05891969554446	230.0	23	1.05	0.95				
	212	1	0.0	0.0	0.0	0.0	2	1.012765983496277	-11.160981744523575	230.0	23	1.05	0.95				
	213	2	130.5603651368421	26.60475365052632	0.0	0.0	2	1.0101077367217823	-10.691024318227525	230.0	24	1.05	0.95				
	214	2	95.58004089263157	19.214544303157897	0.0	0.0	2	1.0130293598673614	-9.366937637176902	230.0	26	1.05	0.95				
	215	2	156.17975754105262	31.531559882105263	0.0	0.0	2	1.0308170174558626	-2.3349660362684124	230.0	26	1.05	0.95				
	216	2	49.26806231578947	9.853612463157896	0.0	0.0	2	1.0331673646372936	-2.5958151877523132	230.0	26	1.05	0.95				
	217	1	0.0	0.0	0.0	0.0	2	1.0381222205409053	-0.38390704122363434	230.0	27	1.05	0.95				
	218	2	164.06264751157894	33.50228237473685	0.0	0.0	2	1.0363241942608035	-1.1604569045414457	230.0	27	1.05	0.95				
	219	1	89.17519279157895	18.229183056842103	0.0	0.0	2	1.0348835076727967	-2.8280296525602213	230.0	25	1.05	0.95				
	220	1	63.063119764210526	12.809696202105265	0.0	0.0	2	1.0399406390147568	-2.08747267224638	230.0	25	1.05	0.95				
	221	2	0.0	0.0	0.0	0.0	2	1.0368856351972933	-0.7407770812406125	230.0	27	1.05	0.95				
	222	2	0.0	0.0	0.0	0.0	2	1.05	5.8996801710559295	230.0	27	1.05	0.95				
	223	2	0.0	0.0	0.0	0.0	2	1.043738958264832	-1.3177028154285355	230.0	25	1.05	0.95				
	224	1	0.0	0.0	0.0	0.0	2	1.0113558438688262	-6.2804014277914275	230.0	26	1.05	0.95				
	301	2	74.08984498105265	15.092375829473687	0.0	0.0	3	1.0421506828895135	-11.420825462542254	138.0	31	1.05	0.95				
	302	2	66.54365706631579	13.720341663157894	0.0	0.0	3	1.0402877369891241	-11.81629305948801	138.0	32	1.05	0.95				
	303	1	123.48307496842106	25.382632076842103	0.0	0.0	3	1.05	7.0508772356846245	138.0	31	1.05	0.95				
	304	1	50.76526415368421	10.290256247368422	0.0	0.0	3	1.0102301996642424	-9.212540636935564	138.0	31	1.05	0.95				
	305	1	48.70721290421053	9.604239164210528	0.0	0.0	3	1.0312131510090938	-12.239385736660672	138.0	31	1.05	0.95				
	306	1	93.2983233094737	19.208478328421055	0.0	-100.0	3	1.030742664831833	-13.465623659571529	138.0	32	1.05	0.95				
	307	2	85.75213539473685	17.15042707894737	0.0	0.0	3	0.95	-12.381129199022627	138.0	32	1.05	0.95				
	308	1	117.30892122	24.010597910526315	0.0	0.0	3	0.9609823057110216	-12.644696004918172	138.0	32	1.05	0.95				
	309	1	120.0529895526316	24.69661499368421	0.0	0.0	3	1.0113211919329004	-4.1609627907153355	138.0	33	1.05	0.95				
	310	1	133.77333121578948	27.44068332631579	0.0	0.0	3	1.037174415074235	-10.881200880852713	138.0	33	1.05	0.95				
	311	1	0.0	0.0	0.0	0.0	3	0.9992187546883818	-4.945935116834129	230.0	33	1.05	0.95				
	312	1	0.0	0.0	0.0	0.0	3	1.0020651148481308	-4.021160311224927	230.0	33	1.05	0.95				
	313	2	181.7945270368421	37.044922490526325	0.0	0.0	3	0.9986007386297349	-2.237110938227197	230.0	34	1.05	0.95				
	314	2	133.08731413263158	26.7546662431579	0.0	0.0	3	1.0015831166751208	-4.636425750607658	230.0	36	1.05	0.95				
	315	2	217.46741536105264	43.905093322105266	0.0	0.0	3	1.05	0.23615940536995092	230.0	36	1.05	0.95				
	316	2	68.60170831578948	13.720341663157894	0.0	0.0	3	1.048720366738169	-0.0876838843345831	230.0	36	1.05	0.95				
	317	1	0.0	0.0	0.0	0.0	3	1.05	4.778560019986513	230.0	37	1.05	0.95				
	318	2	228.44368869157896	46.64916165473685	0.0	0.0	3	1.0409153185116713	2.502211207883941	230.0	37	1.05	0.95				
	319	1	124.16909205157896	25.382632076842103	0.0	0.0	3	1.0325967346933593	-0.8874807099724368	230.0	35	1.05	0.95				
	320	1	87.81018664421053	17.836444162105263	0.0	0.0	3	1.0245033658050435	-0.2768775118394223	230.0	35	1.05	0.95				
	321	2	0.0	0.0	0.0	0.0	3	1.0439013661645415	2.3751737448700756	230.0	37	1.05	0.95				
	322	2	0.0	0.0	0.0	0.0	3	1.05	7.658635640634006	230.0	37	1.05	0.95				
	323	2	0.0	0.0	0.0	0.0	3	1.0220099356484573	0.5907365124320847	230.0	35	1.05	0.95				
	324	1	0.0	0.0	0.0	0.0	3	1.047360374057433	2.8440507234770784	230.0	36	1.05	0.95				
	325	1	0.0	0.0	0.0	0.0	3	1.0183171510163733	2.006466635386506	230.0	35	1.05	0.95				
];
