%% MATPOWER Case Format : Version 2
function mpc = RTS_GMLC
mpc.version = '2';

%%-----  Power Flow Data  -----%%
%% system MVA base
mpc.baseMVA = 100.0;
%% bus data
%    bus_i    type    Pd    Qd    Gs    Bs    area    Vm    Va    baseKV    zone    Vmax    Vmin
mpc.bus = [
	101	2	81.52102917473685	16.60613557263158	0.0	0.0	1	1.031347889199923	-3.4135216856126047	138.0	11	1.05	0.95				
	102	2	73.21796138842105	15.096486884210528	0.0	0.0	1	1.0313686855891864	-3.472794958607964	138.0	12	1.05	0.95				
	103	1	135.86838195789474	27.928500735789473	0.0	0.0	1	1.0192229552336882	-3.73626622631917	138.0	11	1.05	0.95				
	104	1	55.85700147157895	11.322365163157896	0.0	0.0	1	1.0155351725921933	-6.206704712992449	138.0	11	1.05	0.95				
	105	1	53.592528438947376	10.56754081894737	0.0	0.0	1	1.0306418401745203	-6.2664712733993335	138.0	11	1.05	0.95				
	106	1	102.6561108126316	21.13508163789474	0.0	-100.0	1	1.0358023960287774	-8.549192652250472	138.0	12	1.05	0.95				
	107	2	94.3530430263158	18.870608605263158	0.0	0.0	1	1.05	-5.611225527373539	138.0	12	1.05	0.95				
	108	1	129.07496286	26.418852047368418	0.0	0.0	1	1.0255151810889822	-8.129503145180644	138.0	12	1.05	0.95				
	109	1	132.09426023684213	27.17367639157895	0.0	0.0	1	1.0268174462170783	-5.383227197347125	138.0	13	1.05	0.95				
	110	1	147.19074712105265	30.192973768421055	0.0	0.0	1	1.05	-6.7696387674126814	138.0	13	1.05	0.95				
	111	1	0.0	0.0	0.0	0.0	1	1.0142268497075717	-2.153233851765831	230.0	13	1.05	0.95				
	112	1	0.0	0.0	0.0	0.0	1	1.0166867864672036	-1.2629352680247912	230.0	13	1.05	0.95				
	113	3	200.0284512157895	40.76051458736843	0.0	0.0	1	1.017201159596648	-1.5094189829927636e-28	230.0	14	1.05	0.95				
	114	2	146.4359227768421	29.43814942421053	0.0	0.0	1	1.016751425654367	-0.0775622659096968	230.0	16	1.05	0.95				
	115	2	239.27931711473684	48.30875802947369	0.0	0.0	1	1.0448853256115729	7.745032608275354	230.0	16	1.05	0.95				
	116	2	75.48243442105263	15.096486884210528	0.0	0.0	1	1.043695191792811	7.400341036440155	230.0	16	1.05	0.95				
	117	1	0.0	0.0	0.0	0.0	1	1.0471142791619692	10.50003793962638	230.0	17	1.05	0.95				
	118	2	251.3565066221053	51.3280554063158	0.0	0.0	1	1.0492953662134479	11.080374578858185	230.0	17	1.05	0.95				
	119	1	136.62320630210527	27.928500735789473	0.0	0.0	1	1.0380521987033287	6.132951949454267	230.0	15	1.05	0.95				
	120	1	96.61751605894737	19.625432949473687	0.0	0.0	1	1.0399337397027244	6.454965052621551	230.0	15	1.05	0.95				
	121	2	0.0	0.0	0.0	0.0	1	1.05	11.76102754650669	230.0	17	1.05	0.95				
	122	2	0.0	0.0	0.0	0.0	1	1.05	18.741850745040292	230.0	17	1.05	0.95				
	123	2	0.0	0.0	0.0	0.0	1	1.0430941081751848	7.187705010177329	230.0	15	1.05	0.95				
	124	1	0.0	0.0	0.0	0.0	1	1.0208880998104142	3.5049703602410975	230.0	16	1.05	0.95				
	201	2	91.03415710736843	18.54399496631579	0.0	0.0	2	1.05	-13.53807663618715	138.0	21	1.05	0.95				
	202	2	81.76215962421053	16.858177242105267	0.0	0.0	2	1.05	-13.581803301427486	138.0	22	1.05	0.95				
	203	1	151.7235951789474	31.18762789789474	0.0	0.0	2	1.0253207371455748	-10.149674508555325	138.0	21	1.05	0.95				
	204	1	62.37525579578948	12.643632931578946	0.0	0.0	2	1.0210473989245359	-15.485325869363965	138.0	21	1.05	0.95				
	205	1	59.84652920947369	11.800724069473684	0.0	0.0	2	1.0387985828738098	-15.94989503942715	138.0	21	1.05	0.95				
	206	1	114.63560524631579	23.60144813894737	0.0	-100.0	2	1.0373467288041278	-18.079631151812997	138.0	22	1.05	0.95				
	207	2	105.3636077631579	21.072721552631577	0.0	0.0	2	0.95	-29.226507708246775	138.0	22	1.05	0.95				
	208	1	144.13741542	29.501810173684206	0.0	0.0	2	0.9549434275102671	-25.723838939325148	138.0	22	1.05	0.95				
	209	1	147.50905086842104	30.344719035789474	0.0	0.0	2	1.0244156714576556	-13.668417518161911	138.0	23	1.05	0.95				
	210	1	164.3672281105263	33.716354484210534	0.0	0.0	2	1.0491524464403956	-15.7916081465289	138.0	23	1.05	0.95				
	211	1	0.0	0.0	0.0	0.0	2	1.031507072105903	-8.300006562817517	230.0	23	1.05	0.95				
	212	1	0.0	0.0	0.0	0.0	2	1.0226353869311702	-6.941023780545913	230.0	23	1.05	0.95				
	213	2	223.3708484578947	45.517078553684215	0.0	0.0	2	1.05	-4.058988773006604	230.0	24	1.05	0.95				
	214	2	163.52431924842105	32.873445622105265	0.0	0.0	2	1.05	-5.876711896546939	230.0	26	1.05	0.95				
	215	2	267.20210928736844	53.94616717473685	0.0	0.0	2	1.0443255573360697	2.9626974168107614	230.0	26	1.05	0.95				
	216	2	84.29088621052631	16.858177242105267	0.0	0.0	2	1.0485846792208877	2.7755328951149707	230.0	26	1.05	0.95				
	217	1	0.0	0.0	0.0	0.0	2	1.0491971227587196	6.0526025448398935	230.0	27	1.05	0.95				
	218	2	280.6886510810526	57.317802623157895	0.0	0.0	2	1.05	6.672421702240161	230.0	27	1.05	0.95				
	219	1	152.56650404105264	31.18762789789474	0.0	0.0	2	1.042904400095621	2.249034746355604	230.0	25	1.05	0.95				
	220	1	107.8923343494737	21.915630414736842	0.0	0.0	2	1.0456464907496192	3.3664592449588295	230.0	25	1.05	0.95				
	221	2	0.0	0.0	0.0	0.0	2	1.05	7.163415212703548	230.0	27	1.05	0.95				
	222	2	0.0	0.0	0.0	0.0	2	1.05	13.239514960954835	230.0	27	1.05	0.95				
	223	2	0.0	0.0	0.0	0.0	2	1.05	4.590039483954922	230.0	25	1.05	0.95				
	224	1	0.0	0.0	0.0	0.0	2	1.0205853680948365	-1.9138120572647477	230.0	26	1.05	0.95				
	301	2	81.69186967578949	16.6409364154386	0.0	0.0	3	1.0230970321856288	-14.59075784461569	138.0	31	1.05	0.95				
	302	2	73.37140146807019	15.128124014035091	0.0	0.0	3	1.0204305800223064	-15.184579525441077	138.0	32	1.05	0.95				
	303	1	136.1531161263158	27.987029425964916	0.0	0.0	3	1.0489542898656692	-0.7066062966817507	138.0	31	1.05	0.95				
	304	1	55.97405885192983	11.346093010526316	0.0	0.0	3	1.0092802948544541	-14.203342250296876	138.0	31	1.05	0.95				
	305	1	53.70484024982456	10.589686809824563	0.0	0.0	3	1.0267785383992112	-15.63367006825018	138.0	31	1.05	0.95				
	306	1	102.87124329543862	21.179373619649127	0.0	-100.0	3	1.0337554594288845	-17.064103386619664	138.0	32	1.05	0.95				
	307	2	94.5507750877193	18.91015501754386	0.0	0.0	3	1.0054771393687718	-18.833022447573967	138.0	32	1.05	0.95				
	308	1	129.34546032	26.4742170245614	0.0	0.0	3	0.9972074672090072	-18.46402758537174	138.0	32	1.05	0.95				
	309	1	132.37108512280705	27.230623225263162	0.0	0.0	3	1.0260574391537778	-10.302946986597542	138.0	33	1.05	0.95				
	310	1	147.49920913684213	30.256248028070182	0.0	0.0	3	1.05	-14.274250609597463	138.0	33	1.05	0.95				
	311	1	0.0	0.0	0.0	0.0	3	1.023149878632707	-7.5039577266174335	230.0	33	1.05	0.95				
	312	1	0.0	0.0	0.0	0.0	3	1.021615061462097	-6.266145639358929	230.0	33	1.05	0.95				
	313	2	200.44764318596492	40.845934837894745	0.0	0.0	3	1.033158193244163	-3.541897403635042	230.0	34	1.05	0.95				
	314	2	146.74280293614038	29.49984182736842	0.0	0.0	3	1.0332967905935695	-6.26329051607241	230.0	36	1.05	0.95				
	315	2	239.78076562245616	48.409996844912285	0.0	0.0	3	1.05	0.7223974546681033	230.0	36	1.05	0.95				
	316	2	75.64062007017544	15.128124014035091	0.0	0.0	3	1.0480332235554248	0.10906607579256174	230.0	36	1.05	0.95				
	317	1	0.0	0.0	0.0	0.0	3	1.0498330646319298	3.1813750188285788	230.0	37	1.05	0.95				
	318	2	251.88326483368425	51.43562164771931	0.0	0.0	3	1.04796786865043	2.8885623492501957	230.0	37	1.05	0.95				
	319	1	136.90952232701756	27.987029425964916	0.0	0.0	3	1.0434742282361111	-0.3288706510820994	230.0	35	1.05	0.95				
	320	1	96.81999368982457	19.66656121824562	0.0	0.0	3	1.0461475255910502	0.7046184278480622	230.0	35	1.05	0.95				
	321	2	0.0	0.0	0.0	0.0	3	1.05	4.108295707486228	230.0	37	1.05	0.95				
	322	2	0.0	0.0	0.0	0.0	3	1.05	9.520833004118959	230.0	37	1.05	0.95				
	323	2	0.0	0.0	0.0	0.0	3	1.05	1.8205567548578274	230.0	35	1.05	0.95				
	324	1	0.0	0.0	0.0	0.0	3	1.0447264391725761	0.19346406109207037	230.0	36	1.05	0.95				
	325	1	0.0	0.0	0.0	0.0	3	1.0479435381025282	2.6433731903778477	230.0	35	1.05	0.95				
];

%% generator data
%    bus    Pg    Qg    Qmax    Qmin    Vg    mBase    status    Pmax    Pmin    Pc1    Pc2    Qc1min    Qc1max    Qc2min    Qc2max    ramp_agc    ramp_10    ramp_30    ramp_q    apf
