%% MATPOWER Case Format : Version 2
function mpc = RTS_GMLC
mpc.version = '2';

%%-----  Power Flow Data  -----%%
%% system MVA base
mpc.baseMVA = 100.0;
%% bus data
%    bus_i    type    Pd    Qd    Gs    Bs    area    Vm    Va    baseKV    zone    Vmax    Vmin
mpc.bus = [
	101	2	35.05591291452632	7.141019297403509	0.0	0.0	1	1.0113330648641137	0.9438642510087992	138.0	11	1.05	0.95				
	102	2	31.48540326582456	6.4918357249122804	0.0	0.0	1	1.009360293939802	0.3672774656242279	138.0	12	1.05	0.95				
	103	1	58.42652152421053	12.009896091087718	0.0	0.0	1	1.0288156258684567	3.742561693233252	138.0	11	1.05	0.95				
	104	1	24.019792182175436	4.86887679368421	0.0	0.0	1	1.0129436580040072	-1.000767201276306	138.0	11	1.05	0.95				
	105	1	23.046016823438595	4.544285007438597	0.0	0.0	1	1.0265362108947331	-1.1471494479058162	138.0	11	1.05	0.95				
	106	1	44.14448292940351	9.088570014877194	0.0	-100.0	1	1.0432752123651825	-2.7894663772806014	138.0	12	1.05	0.95				
	107	2	40.57397328070175	8.11479465614035	0.0	0.0	1	0.9827416769645244	-8.523094280336315	138.0	12	1.05	0.95				
	108	1	55.505195448	11.36071251859649	0.0	0.0	1	0.9965919682627734	-6.518073438774306	138.0	12	1.05	0.95				
	109	1	56.803562592982445	11.685304304842106	0.0	0.0	1	1.0242631567848026	-0.750200447435542	138.0	13	1.05	0.95				
	110	1	63.29539831789474	12.983671449824561	0.0	0.0	1	1.05	-2.1824917876555303	138.0	13	1.05	0.95				
	111	1	0.0	0.0	0.0	0.0	1	1.0115879672291106	1.3592778969894381	230.0	13	1.05	0.95				
	112	1	0.0	0.0	0.0	0.0	1	1.0090398507634468	0.046536893645861305	230.0	13	1.05	0.95				
	113	3	86.01682335508771	17.52795645726316	0.0	0.0	1	0.9849519171977231	8.985253224906818e-29	230.0	14	1.05	0.95				
	114	2	62.97080653164912	12.659079663578948	0.0	0.0	1	1.0367151296455557	5.317230268467709	230.0	16	1.05	0.95				
	115	2	102.89559623985964	20.773874319719297	0.0	0.0	1	1.0425728861057333	14.861912471666006	230.0	16	1.05	0.95				
	116	2	32.4591786245614	6.4918357249122804	0.0	0.0	1	1.0410796613004272	12.961838143553315	230.0	16	1.05	0.95				
	117	1	0.0	0.0	0.0	0.0	1	1.0408424891746213	18.973678975467077	230.0	17	1.05	0.95				
	118	2	108.08906481978948	22.072241464701754	0.0	0.0	1	1.0499998277206126	19.582509732879625	230.0	17	1.05	0.95				
	119	1	58.75111331045614	12.009896091087718	0.0	0.0	1	1.0359877610955401	8.525544558294705	230.0	15	1.05	0.95				
	120	1	41.547748639438595	8.439386442385965	0.0	0.0	1	1.0378154236061226	5.285635493947296	230.0	15	1.05	0.95				
	121	2	0.0	0.0	0.0	0.0	1	1.0433167582008673	20.998470516158925	230.0	17	1.05	0.95				
	122	2	0.0	0.0	0.0	0.0	1	1.05	38.959211873969686	230.0	17	1.05	0.95				
	123	2	0.0	0.0	0.0	0.0	1	1.0397674502388972	3.754272734338194	230.0	15	1.05	0.95				
	124	1	0.0	0.0	0.0	0.0	1	1.0235159428597513	10.708913288521089	230.0	16	1.05	0.95				
	201	2	37.21265543747369	7.580355737263159	0.0	0.0	2	1.0143421735742584	-14.902148099925173	138.0	21	1.05	0.95				
	202	2	33.422477568842105	6.891232488421053	0.0	0.0	2	1.0135099417698006	-15.200532544743123	138.0	22	1.05	0.95				
	203	1	62.02109239578948	12.748780103578946	0.0	0.0	2	1.0115582536788432	-10.645642251456383	138.0	21	1.05	0.95				
	204	1	25.497560207157893	5.168424366315789	0.0	0.0	2	1.0125706548298423	-15.061666977345013	138.0	21	1.05	0.95				
	205	1	24.463875333894734	4.823862741894738	0.0	0.0	2	1.0281487981403281	-15.50465165867181	138.0	21	1.05	0.95				
	206	1	46.860380921263165	9.647725483789475	0.0	-100.0	2	1.044174368567625	-16.30265464452403	138.0	22	1.05	0.95				
	207	2	43.070203052631584	8.614040610526317	0.0	0.0	2	0.997316947920103	-20.338944664138225	138.0	22	1.05	0.95				
	208	1	58.920037776	12.059656854736842	0.0	0.0	2	1.0042549032049777	-18.83101117580992	138.0	22	1.05	0.95				
	209	1	60.29828427368421	12.404218479157896	0.0	0.0	2	1.021021276940743	-13.508804931527804	138.0	23	1.05	0.95				
	210	1	67.18951676210526	13.782464976842107	0.0	0.0	2	1.05	-14.995438833488457	138.0	23	1.05	0.95				
	211	1	0.0	0.0	0.0	0.0	2	1.0037282851517684	-11.01829055611194	230.0	23	1.05	0.95				
	212	1	0.0	0.0	0.0	0.0	2	1.0048902823703403	-10.881206173052087	230.0	23	1.05	0.95				
	213	2	91.30883047157894	18.606327718736846	0.0	0.0	2	0.9948117571876705	-10.342355987895338	230.0	24	1.05	0.95				
	214	2	66.84495513768421	13.437903352421054	0.0	0.0	2	1.006858899213282	-8.25687308259253	230.0	26	1.05	0.95				
	215	2	109.2260349414737	22.05194396294737	0.0	0.0	2	1.021154544218433	-1.5952519266434873	230.0	26	1.05	0.95				
	216	2	34.45616244210527	6.891232488421053	0.0	0.0	2	1.0235223220552365	-2.273795630242082	230.0	26	1.05	0.95				
	217	1	0.0	0.0	0.0	0.0	2	1.0313083715428735	-0.07013185641948794	230.0	27	1.05	0.95				
	218	2	114.73902093221054	23.430190460631582	0.0	0.0	2	1.030191191124466	-0.48054074137349373	230.0	27	1.05	0.95				
	219	1	62.36565402021053	12.748780103578946	0.0	0.0	2	1.0195034042942177	-3.5508622956203313	230.0	25	1.05	0.95				
	220	1	44.10388792589474	8.958602234947369	0.0	0.0	2	1.018205100360118	-3.9809932292633103	230.0	25	1.05	0.95				
	221	2	0.0	0.0	0.0	0.0	2	1.0304000900590669	-0.05263135326033968	230.0	27	1.05	0.95				
	222	2	0.0	0.0	0.0	0.0	2	1.05	6.433773598018011	230.0	27	1.05	0.95				
	223	2	0.0	0.0	0.0	0.0	2	1.017631672489281	-3.9459610107555245	230.0	25	1.05	0.95				
	224	1	0.0	0.0	0.0	0.0	2	1.0063927025800872	-4.98554133151408	230.0	26	1.05	0.95				
	301	2	40.26510598736843	8.202151219649123	0.0	0.0	3	1.0115738114972548	-3.8067768475143224	138.0	31	1.05	0.95				
	302	2	36.16403037754386	7.45650110877193	0.0	0.0	3	1.011481628345145	-3.885800801171293	138.0	32	1.05	0.95				
	303	1	67.10850997894737	13.79452705122807	0.0	0.0	3	1.0245269398718628	0.4093385576082288	138.0	31	1.05	0.95				
	304	1	27.58905410245614	5.592375831578948	0.0	0.0	3	1.0133095907852177	-2.530705240425008	138.0	31	1.05	0.95				
	305	1	26.47057893614035	5.219550776140352	0.0	0.0	3	1.026102918740626	-3.2633412796262333	138.0	31	1.05	0.95				
	306	1	50.704207539649126	10.439101552280704	0.0	-100.0	3	1.042916309877483	-3.4203916026695977	138.0	32	1.05	0.95				
	307	2	46.60313192982456	9.320626385964912	0.0	0.0	3	0.9898767596010672	-7.227043085690641	138.0	32	1.05	0.95				
	308	1	63.75308448	13.048876940350876	0.0	0.0	3	0.9999399896959918	-5.613345440838534	138.0	32	1.05	0.95				
	309	1	65.24438470175438	13.421701995789473	0.0	0.0	3	1.025947008687962	0.10961549884574137	138.0	33	1.05	0.95				
	310	1	72.70088581052632	14.91300221754386	0.0	0.0	3	1.05	-1.517493620079324	138.0	33	1.05	0.95				
	311	1	0.0	0.0	0.0	0.0	3	1.0038522282392384	3.5168706912027665	230.0	33	1.05	0.95				
	312	1	0.0	0.0	0.0	0.0	3	1.0076575583264589	3.9637895545695834	230.0	33	1.05	0.95				
	313	2	98.79863969122808	20.132552993684214	0.0	0.0	3	1.0055224999313326	6.890209331991665	230.0	34	1.05	0.95				
	314	2	72.32806075508772	14.540177162105264	0.0	0.0	3	0.9991334917672267	4.934112433770645	230.0	36	1.05	0.95				
	315	2	118.18554257403508	23.860803548070177	0.0	0.0	3	1.0326253283510403	8.29684355905181	230.0	36	1.05	0.95				
	316	2	37.28250554385965	7.45650110877193	0.0	0.0	3	1.0311919100763565	9.073418881234874	230.0	36	1.05	0.95				
	317	1	0.0	0.0	0.0	0.0	3	1.045376340510073	12.818824002795584	230.0	37	1.05	0.95				
	318	2	124.15074346105264	25.352103769824563	0.0	0.0	3	1.0422408892780666	10.071921101231279	230.0	37	1.05	0.95				
	319	1	67.48133503438596	13.79452705122807	0.0	0.0	3	1.022049556983098	8.479870678408782	230.0	35	1.05	0.95				
	320	1	47.72160709614035	9.693451441403509	0.0	0.0	3	1.0163627318257846	8.69508427806192	230.0	35	1.05	0.95				
	321	2	0.0	0.0	0.0	0.0	3	1.0406966046124997	10.127865302186265	230.0	37	1.05	0.95				
	322	2	0.0	0.0	0.0	0.0	3	1.05	15.512029708189774	230.0	37	1.05	0.95				
	323	2	0.0	0.0	0.0	0.0	3	1.013596172279369	9.111570642002473	230.0	35	1.05	0.95				
	324	1	0.0	0.0	0.0	0.0	3	1.019559970155887	5.33941103816914	230.0	36	1.05	0.95				
	325	1	0.0	0.0	0.0	0.0	3	1.0131821610617646	10.134715075913544	230.0	35	1.05	0.95				
];
