%% MATPOWER Case Format : Version 2
function mpc = RTS_GMLC
mpc.version = '2';

%%-----  Power Flow Data  -----%%
%% system MVA base
mpc.baseMVA = 100.0;
%% bus data
%    bus_i    type    Pd    Qd    Gs    Bs    area    Vm    Va    baseKV    zone    Vmax    Vmin
mpc.bus = [
	101	2	45.59673429473685	9.28822365263158	0.0	0.0	1	1.0399924089280643	0.8539258963962487	138.0	11	1.05	0.95				
	102	2	40.952622468421055	8.443839684210527	0.0	0.0	1	1.039193033596349	0.5854479959270035	138.0	12	1.05	0.95				
	103	1	75.99455715789473	15.621103415789475	0.0	0.0	1	1.0189955228822394	0.037973479993401824	138.0	11	1.05	0.95				
	104	1	31.24220683157895	6.332879763157894	0.0	0.0	1	1.0226419733180632	-2.2223437957268266	138.0	11	1.05	0.95				
	105	1	29.975630878947367	5.910687778947369	0.0	0.0	1	1.039408773240348	-2.0688370040853252	138.0	11	1.05	0.95				
	106	1	57.41810985263158	11.821375557894738	0.0	-100.0	1	1.0472547015182652	-4.184778539558753	138.0	12	1.05	0.95				
	107	2	52.773998026315795	10.554799605263158	0.0	0.0	1	1.0030623984614901	-10.079000771212836	138.0	12	1.05	0.95				
	108	1	72.19482930000001	14.776719447368421	0.0	0.0	1	1.0051000268711385	-8.509232539580879	138.0	12	1.05	0.95				
	109	1	73.8835972368421	15.19891143157895	0.0	0.0	1	1.0215679022038289	-2.8241766302194025	138.0	13	1.05	0.95				
	110	1	82.32743692105264	16.887679368421054	0.0	0.0	1	1.05	-3.722674152123949	138.0	13	1.05	0.95				
	111	1	0.0	0.0	0.0	0.0	1	1.0000907430174228	-0.6494021341106034	230.0	13	1.05	0.95				
	112	1	0.0	0.0	0.0	0.0	1	1.0055399355834305	-0.9287236282622275	230.0	13	1.05	0.95				
	113	3	111.88087581578947	22.798367147368424	0.0	0.0	1	0.9965276632927265	-2.481861167758286e-29	230.0	14	1.05	0.95				
	114	2	81.90524493684211	16.46548738421053	0.0	0.0	1	0.9925623802342548	1.5681485531600696	230.0	16	1.05	0.95				
	115	2	133.83485899473683	27.020286989473686	0.0	0.0	1	1.0100045359560192	8.375875985962555	230.0	16	1.05	0.95				
	116	2	42.21919842105263	8.443839684210527	0.0	0.0	1	1.0088929844878163	7.31026674333987	230.0	16	1.05	0.95				
	117	1	0.0	0.0	0.0	0.0	1	1.0149284045277769	11.104460754850749	230.0	17	1.05	0.95				
	118	2	140.58993074210528	28.70905492631579	0.0	0.0	1	1.0157213994717385	11.691061949658902	230.0	17	1.05	0.95				
	119	1	76.41674914210526	15.621103415789475	0.0	0.0	1	1.0043930922158895	4.723576793227627	230.0	15	1.05	0.95				
	120	1	54.04057397894737	10.976991589473686	0.0	0.0	1	1.0047392658235716	3.3272142641410185	230.0	15	1.05	0.95				
	121	2	0.0	0.0	0.0	0.0	1	1.016784405430192	13.260474789478419	230.0	17	1.05	0.95				
	122	2	0.0	0.0	0.0	0.0	1	1.05	21.74107162823849	230.0	17	1.05	0.95				
	123	2	0.0	0.0	0.0	0.0	1	1.0055546670955857	2.8977288336726024	230.0	15	1.05	0.95				
	124	1	0.0	0.0	0.0	0.0	1	1.0031043775463604	5.190496424244556	230.0	16	1.05	0.95				
	201	2	39.86463088421053	8.120572957894737	0.0	0.0	2	1.0099215925482043	-12.604977038925346	138.0	21	1.05	0.95				
	202	2	35.80434440526316	7.38233905263158	0.0	0.0	2	1.009054277753322	-12.875449319123975	138.0	22	1.05	0.95				
	203	1	66.44105147368421	13.65732724736842	0.0	0.0	2	1.0160995779210027	-9.327687603214253	138.0	21	1.05	0.95				
	204	1	27.31465449473684	5.536754289473684	0.0	0.0	2	1.0113972154060764	-12.5880651264056	138.0	21	1.05	0.95				
	205	1	26.207303636842106	5.167637336842105	0.0	0.0	2	1.0255261397697066	-12.958082151779573	138.0	21	1.05	0.95				
	206	1	50.199905557894745	10.33527467368421	0.0	-100.0	2	1.042417501811152	-13.6352672741426	138.0	22	1.05	0.95				
	207	2	46.13961907894737	9.227923815789474	0.0	0.0	2	0.9927352330142851	-17.968815670603288	138.0	22	1.05	0.95				
	208	1	63.1189989	12.919093342105262	0.0	0.0	2	1.001221093573552	-16.355982860634445	138.0	22	1.05	0.95				
	209	1	64.59546671052632	13.28821029473684	0.0	0.0	2	1.0235376149307753	-10.81885268014486	138.0	23	1.05	0.95				
	210	1	71.9778057631579	14.76467810526316	0.0	0.0	2	1.05	-12.117844307992172	138.0	23	1.05	0.95				
	211	1	0.0	0.0	0.0	0.0	2	1.0040411205675557	-7.946853564218839	230.0	23	1.05	0.95				
	212	1	0.0	0.0	0.0	0.0	2	1.0104985190052098	-7.133383242005688	230.0	23	1.05	0.95				
	213	2	97.81599244736842	19.932315442105264	0.0	0.0	2	1.002658895010471	-6.507115068008261	230.0	24	1.05	0.95				
	214	2	71.60868881052632	14.395561152631581	0.0	0.0	2	1.0004316972629856	-5.547693219275846	230.0	26	1.05	0.95				
	215	2	117.01007398421052	23.623484968421053	0.0	0.0	2	1.0204282860928027	0.1131310762240174	230.0	26	1.05	0.95				
	216	2	36.911695263157895	7.38233905263158	0.0	0.0	2	1.0221524530979025	0.02643225232975287	230.0	26	1.05	0.95				
	217	1	0.0	0.0	0.0	0.0	2	1.024224939153975	1.419050634668801	230.0	27	1.05	0.95				
	218	2	122.9159452263158	25.099952778947372	0.0	0.0	2	1.0237938044750772	1.0219160433432912	230.0	27	1.05	0.95				
	219	1	66.8101684263158	13.65732724736842	0.0	0.0	2	1.0281215806385233	0.10547739635945688	230.0	25	1.05	0.95				
	220	1	47.246969936842106	9.597040768421053	0.0	0.0	2	1.035470948508008	0.8908926504143089	230.0	25	1.05	0.95				
	221	2	0.0	0.0	0.0	0.0	2	1.0262049919758947	1.521177409181176	230.0	27	1.05	0.95				
	222	2	0.0	0.0	0.0	0.0	2	1.0476684379869852	8.000722992348628	230.0	27	1.05	0.95				
	223	2	0.0	0.0	0.0	0.0	2	1.0399720228622797	1.5959272953528054	230.0	25	1.05	0.95				
	224	1	0.0	0.0	0.0	0.0	2	1.0072069595067443	-3.4435109987389576	230.0	26	1.05	0.95				
	301	2	46.67130655578947	9.507118002105262	0.0	0.0	3	1.0375333375912419	7.77061097010941	138.0	31	1.05	0.95				
	302	2	41.917747554736835	8.642834547368421	0.0	0.0	3	1.0340376429165783	7.439700183433555	138.0	32	1.05	0.95				
	303	1	77.78551092631578	15.989243912631576	0.0	0.0	3	1.05	22.952384490474685	138.0	31	1.05	0.95				
	304	1	31.97848782526315	6.482125910526316	0.0	0.0	3	1.0180439234859848	8.796720255219284	138.0	31	1.05	0.95				
	305	1	30.682062643157888	6.049984183157894	0.0	0.0	3	1.038077906635956	6.349418980010627	138.0	31	1.05	0.95				
	306	1	58.771274922105256	12.099968366315789	0.0	-100.0	3	1.0455027001392279	5.025977088874282	138.0	32	1.05	0.95				
	307	2	54.01771592105262	10.803543184210525	0.0	0.0	3	0.95	4.381279542685706	138.0	32	1.05	0.95				
	308	1	73.89623537999998	15.124960457894735	0.0	0.0	3	0.9733434633531107	4.921815963548938	138.0	32	1.05	0.95				
	309	1	75.62480228947366	15.557102185263155	0.0	0.0	3	1.0183224657635257	11.715356000573953	138.0	33	1.05	0.95				
	310	1	84.2676368368421	17.285669094736843	0.0	0.0	3	1.0486901947636096	6.271336266869842	138.0	33	1.05	0.95				
	311	1	0.0	0.0	0.0	0.0	3	1.005038758023318	9.459980572818687	230.0	33	1.05	0.95				
	312	1	0.0	0.0	0.0	0.0	3	1.010356137172134	10.076832269508134	230.0	33	1.05	0.95				
	313	2	114.51755775263155	23.335653277894735	0.0	0.0	3	1.0063508173002433	11.58589869159063	230.0	34	1.05	0.95				
	314	2	83.83549510947367	16.85352736736842	0.0	0.0	3	0.9971396394932047	8.171524476738691	230.0	36	1.05	0.95				
	315	2	136.98892757578943	27.657070551578943	0.0	0.0	3	1.0443827926492395	9.57310886088833	230.0	36	1.05	0.95				
	316	2	43.2141727368421	8.642834547368421	0.0	0.0	3	1.0263822822740831	8.99184066612197	230.0	36	1.05	0.95				
	317	1	0.0	0.0	0.0	0.0	3	1.0455201140683636	10.716705828961445	230.0	37	1.05	0.95				
	318	2	143.9031952136842	29.385637461052628	0.0	0.0	3	1.0494939409511397	9.2830384385756	230.0	37	1.05	0.95				
	319	1	78.2176526536842	15.989243912631576	0.0	0.0	3	1.0174710797837885	8.614803084297268	230.0	35	1.05	0.95				
	320	1	55.31414110315789	11.235684911578945	0.0	0.0	3	1.0126986642369886	9.14353374333048	230.0	35	1.05	0.95				
	321	2	0.0	0.0	0.0	0.0	3	1.05	9.943367922239805	230.0	37	1.05	0.95				
	322	2	0.0	0.0	0.0	0.0	3	1.05	14.588547479768753	230.0	37	1.05	0.95				
	323	2	0.0	0.0	0.0	0.0	3	1.0108169953576227	9.78055598114988	230.0	35	1.05	0.95				
	324	1	0.0	0.0	0.0	0.0	3	1.042022095255951	14.68933980358255	230.0	36	1.05	0.95				
	325	1	0.0	0.0	0.0	0.0	3	1.0114342967512178	10.075596618548513	230.0	35	1.05	0.95				
];
