%% MATPOWER Case Format : Version 2
function mpc = RTS_GMLC
mpc.version = '2';

%%-----  Power Flow Data  -----%%
%% system MVA base
mpc.baseMVA = 100.0;
%% bus data
%    bus_i    type    Pd    Qd    Gs    Bs    area    Vm    Va    baseKV    zone    Vmax    Vmin
mpc.bus = [
	101	2	42.14992577684211	8.586095991578949	0.0	0.0	1	1.013585514666085	-3.3152482508871506	138.0	11	1.05	0.95				
	102	2	37.85687778105263	7.805541810526318	0.0	0.0	1	1.0134596589053864	-3.5592911839519954	138.0	12	1.05	0.95				
	103	1	70.24987629473685	14.440252349473685	0.0	0.0	1	1.0036682560339478	1.801840850478274	138.0	11	1.05	0.95				
	104	1	28.88050469894737	5.854156357894737	0.0	0.0	1	1.0039550824790036	-3.5977909586798553	138.0	11	1.05	0.95				
	105	1	27.70967342736842	5.463879267368422	0.0	0.0	1	1.0179065066816402	-4.705148833698321	138.0	11	1.05	0.95				
	106	1	53.077684311578956	10.927758534736844	0.0	-100.0	1	1.0282825412923509	-5.9623375947179	138.0	12	1.05	0.95				
	107	2	48.78463631578948	9.756927263157895	0.0	0.0	1	0.9871355999693441	-11.461536936369676	138.0	12	1.05	0.95				
	108	1	66.73738248000001	13.659698168421052	0.0	0.0	1	0.9882641734168812	-9.491762347063396	138.0	12	1.05	0.95				
	109	1	68.29849084210527	14.04997525894737	0.0	0.0	1	1.0027235078296233	-2.8699816895327666	138.0	13	1.05	0.95				
	110	1	76.10403265263159	15.611083621052636	0.0	0.0	1	1.0315131730572091	-4.827856293152538	138.0	13	1.05	0.95				
	111	1	0.0	0.0	0.0	0.0	1	0.9822348305109626	-0.2839988004290895	230.0	13	1.05	0.95				
	112	1	0.0	0.0	0.0	0.0	1	0.9838690544776709	-1.2766252083470202	230.0	13	1.05	0.95				
	113	3	103.42342898947369	21.074962888421055	0.0	0.0	1	0.9645420425595154	-1.9995191655886516e-28	230.0	14	1.05	0.95				
	114	2	75.71375556210526	15.220806530526318	0.0	0.0	1	0.9909959699769381	3.171831818674203	230.0	16	1.05	0.95				
	115	2	123.71783769684211	24.977733793684212	0.0	0.0	1	0.9923371051004615	12.450682123314364	230.0	16	1.05	0.95				
	116	2	39.02770905263158	7.805541810526318	0.0	0.0	1	0.990756981940004	10.740936832243888	230.0	16	1.05	0.95				
	117	1	0.0	0.0	0.0	0.0	1	0.9950435312387303	16.461459181479928	230.0	17	1.05	0.95				
	118	2	129.96227114526317	26.538842155789478	0.0	0.0	1	1.0027971931942947	17.19415344561627	230.0	17	1.05	0.95				
	119	1	70.64015338526316	14.440252349473685	0.0	0.0	1	0.9902018984607412	6.854961747650961	230.0	15	1.05	0.95				
	120	1	49.955467587368425	10.147204353684211	0.0	0.0	1	0.9948889718727018	3.799696069003391	230.0	15	1.05	0.95				
	121	2	0.0	0.0	0.0	0.0	1	1.003323557629771	18.566157515553588	230.0	17	1.05	0.95				
	122	2	0.0	0.0	0.0	0.0	1	1.0136936791181417	33.94350858597449	230.0	17	1.05	0.95				
	123	2	0.0	0.0	0.0	0.0	1	0.9986617825154807	2.448873436290535	230.0	15	1.05	0.95				
	124	1	0.0	0.0	0.0	0.0	1	0.9838905616216198	8.375129696863176	230.0	16	1.05	0.95				
	201	2	43.99559264842105	8.962065169122807	0.0	0.0	2	1.011248212832435	-16.196447388182744	138.0	21	1.05	0.95				
	202	2	39.51456006385964	8.147331971929825	0.0	0.0	2	1.0102222026208698	-16.43574016828044	138.0	22	1.05	0.95				
	203	1	73.32598774736842	15.072564148070175	0.0	0.0	2	0.9967493542796432	-11.892016896745638	138.0	21	1.05	0.95				
	204	1	30.14512829614035	6.110498978947368	0.0	0.0	2	1.0000159393741426	-15.644870169901461	138.0	21	1.05	0.95				
	205	1	28.923028500350874	5.703132380350877	0.0	0.0	2	1.0167930190255208	-16.137977637934792	138.0	21	1.05	0.95				
	206	1	55.40185740912281	11.406264760701754	0.0	-100.0	2	1.0277928898450348	-16.62483938031694	138.0	22	1.05	0.95				
	207	2	50.92082482456141	10.18416496491228	0.0	0.0	2	0.9721417778374251	-21.538048031174792	138.0	22	1.05	0.95				
	208	1	69.65968835999999	14.257830950877192	0.0	0.0	2	0.9794836612142638	-19.644505831566597	138.0	22	1.05	0.95				
	209	1	71.28915475438596	14.665197549473682	0.0	0.0	2	1.0038817579345218	-13.24968559547897	138.0	23	1.05	0.95				
	210	1	79.43648672631578	16.29466394385965	0.0	0.0	2	1.0322269682086664	-14.730912127833289	138.0	23	1.05	0.95				
	211	1	0.0	0.0	0.0	0.0	2	0.9867119853075805	-10.426960384778933	230.0	23	1.05	0.95				
	212	1	0.0	0.0	0.0	0.0	2	0.9846219466780567	-8.077546924660059	230.0	23	1.05	0.95				
	213	2	107.95214862807016	21.997796324210526	0.0	0.0	2	0.9827250061401464	-8.494052134912142	230.0	24	1.05	0.95				
	214	2	79.02912012771928	15.887297345263157	0.0	0.0	2	0.9863944674962257	-8.423852766553951	230.0	26	1.05	0.95				
	215	2	129.1352117550877	26.071462310175438	0.0	0.0	2	0.9919647008649488	-2.1968691491527976	230.0	26	1.05	0.95				
	216	2	40.73665985964912	8.147331971929825	0.0	0.0	2	0.990233526927963	-2.8697103148498635	230.0	26	1.05	0.95				
	217	1	0.0	0.0	0.0	0.0	2	1.00088674315427	-1.2527424313224962	230.0	27	1.05	0.95				
	218	2	135.65307733263157	27.700928704561406	0.0	0.0	2	1.002376080924098	-1.7951016905949913	230.0	27	1.05	0.95				
	219	1	73.73335434596491	15.072564148070175	0.0	0.0	2	0.9826290107757768	-2.503549241768983	230.0	25	1.05	0.95				
	220	1	52.142924620350875	10.591531563508772	0.0	0.0	2	0.9790517841427504	-1.3124458336582598	230.0	25	1.05	0.95				
	221	2	0.0	0.0	0.0	0.0	2	1.0047106492792721	-1.2802298039925286	230.0	27	1.05	0.95				
	222	2	0.0	0.0	0.0	0.0	2	1.0225835250893291	4.079452969950207	230.0	27	1.05	0.95				
	223	2	0.0	0.0	0.0	0.0	2	0.9780742806845718	-0.30736988690172157	230.0	25	1.05	0.95				
	224	1	0.0	0.0	0.0	0.0	2	0.982192700192538	-5.883947332240289	230.0	26	1.05	0.95				
	301	2	63.10534642105263	12.854792789473684	0.0	0.0	3	1.0018646154787934	32.01901139919584	138.0	31	1.05	0.95				
	302	2	56.677950026315784	11.686175263157894	0.0	0.0	3	1.0025804229504875	31.646541770604614	138.0	32	1.05	0.95				
	303	1	105.17557736842105	21.619424236842104	0.0	0.0	3	1.0119957685105787	47.44110959348702	138.0	31	1.05	0.95				
	304	1	43.23884847368421	8.764631447368421	0.0	0.0	3	0.9920926783888622	33.52977659590365	138.0	31	1.05	0.95				
	305	1	41.48592218421052	8.180322684210527	0.0	0.0	3	1.0101352513992115	31.38895598879433	138.0	31	1.05	0.95				
	306	1	79.46599178947369	16.360645368421054	0.0	-100.0	3	1.0216116431115012	30.360060916776423	138.0	32	1.05	0.95				
	307	2	73.03859539473684	14.607719078947367	0.0	0.0	3	0.9671447724481216	27.519841328473216	138.0	32	1.05	0.95				
	308	1	99.9167985	20.450806710526315	0.0	0.0	3	0.9781235942119167	30.253429948609107	138.0	32	1.05	0.95				
	309	1	102.25403355263158	21.03511547368421	0.0	0.0	3	1.0041947265396254	37.56982792056705	138.0	33	1.05	0.95				
	310	1	113.94020881578946	23.37235052631579	0.0	0.0	3	1.0334869361591417	32.685873612940135	138.0	33	1.05	0.95				
	311	1	0.0	0.0	0.0	0.0	3	0.9953716069977279	37.07747785553264	230.0	33	1.05	0.95				
	312	1	0.0	0.0	0.0	0.0	3	1.0015945476534005	37.58778008576429	230.0	33	1.05	0.95				
	313	2	154.8418222368421	31.552673210526315	0.0	0.0	3	1.0054957130643614	41.02359539738766	230.0	34	1.05	0.95				
	314	2	113.35590005263157	22.788041763157892	0.0	0.0	3	0.9889677477011587	35.61564184392277	230.0	36	1.05	0.95				
	315	2	185.22587792105264	37.39576084210526	0.0	0.0	3	0.9884922307939558	32.14258912526486	230.0	36	1.05	0.95				
	316	2	58.43087631578947	11.686175263157894	0.0	0.0	3	0.9845730727474918	32.58384577696351	230.0	36	1.05	0.95				
	317	1	0.0	0.0	0.0	0.0	3	0.9924141304143929	33.27519267780615	230.0	37	1.05	0.95				
	318	2	194.57481813157892	39.732995894736845	0.0	0.0	3	0.9842977155605056	29.36921709084434	230.0	37	1.05	0.95				
	319	1	105.75988613157894	21.619424236842104	0.0	0.0	3	0.9921130163523899	33.085539124700745	230.0	35	1.05	0.95				
	320	1	74.79152168421052	15.192027842105263	0.0	0.0	3	1.0003057654322531	33.234714268288485	230.0	35	1.05	0.95				
	321	2	0.0	0.0	0.0	0.0	3	0.9945972884122678	30.767679640920516	230.0	37	1.05	0.95				
	322	2	0.0	0.0	0.0	0.0	3	1.0121392768173674	34.54894361512171	230.0	37	1.05	0.95				
	323	2	0.0	0.0	0.0	0.0	3	1.0047163444033302	33.15560520957743	230.0	35	1.05	0.95				
	324	1	0.0	0.0	0.0	0.0	3	0.9940334374300719	39.48179811390048	230.0	36	1.05	0.95				
