%% MATPOWER Case Format : Version 2
function mpc = RTS_GMLC
mpc.version = '2';

%%-----  Power Flow Data  -----%%
%% system MVA base
mpc.baseMVA = 100.0;
%% bus data
%    bus_i    type    Pd    Qd    Gs    Bs    area    Vm    Va    baseKV    zone    Vmax    Vmin
mpc.bus = [
	101	2	63.552201877894746	12.94581890105263	0.0	0.0	1	1.0331807407303526	1.887423798795556	138.0	11	1.05	0.95				
	102	2	57.07929242736842	11.76892627368421	0.0	0.0	1	1.0332154237587752	1.8426719532910723	138.0	12	1.05	0.95				
	103	1	105.92033646315791	21.772513606315787	0.0	0.0	1	1.0248727889337563	0.28980913813607617	138.0	11	1.05	0.95				
	104	1	43.545027212631574	8.826694705263158	0.0	0.0	1	1.0188895679886998	-1.5370336203813897	138.0	11	1.05	0.95				
	105	1	41.77968827157895	8.238248391578948	0.0	0.0	1	1.033487906821751	-1.4354707118190648	138.0	11	1.05	0.95				
	106	1	80.02869866105263	16.476496783157895	0.0	-100.0	1	1.0407544979148353	-3.837952918454966	138.0	12	1.05	0.95				
	107	2	73.55578921052631	14.711157842105264	0.0	0.0	1	1.0392286695041293	-1.6784880085717737	138.0	12	1.05	0.95				
	108	1	100.62431964000001	20.59562097894737	0.0	0.0	1	1.0239700162727583	-3.830375629035019	138.0	12	1.05	0.95				
	109	1	102.97810489473684	21.18406729263158	0.0	0.0	1	1.02592808446897	-1.923403442058476	138.0	13	1.05	0.95				
	110	1	114.74703116842105	23.53785254736842	0.0	0.0	1	1.05	-2.949514272372924	138.0	13	1.05	0.95				
	111	1	0.0	0.0	0.0	0.0	1	1.0079361195675491	-0.11461630749186232	230.0	13	1.05	0.95				
	112	1	0.0	0.0	0.0	0.0	1	1.0124714749216828	0.3936250701566978	230.0	13	1.05	0.95				
	113	3	155.93827312631578	31.776100938947373	0.0	0.0	1	1.002869481606247	-1.9048992251794035e-29	230.0	14	1.05	0.95				
	114	2	114.15858485473684	22.94940623368421	0.0	0.0	1	1.0066933363068986	2.2055431313692657	230.0	16	1.05	0.95				
	115	2	186.5374814378947	37.66056407578947	0.0	0.0	1	1.0424040065112663	9.456575593684867	230.0	16	1.05	0.95				
	116	2	58.844631368421055	11.76892627368421	0.0	0.0	1	1.0394271811624478	8.950369852314175	230.0	16	1.05	0.95				
	117	1	0.0	0.0	0.0	0.0	1	1.045512058396323	11.820879593924545	230.0	17	1.05	0.95				
	118	2	195.9526224568421	40.014349330526315	0.0	0.0	1	1.0486151790554117	12.315084911640149	230.0	17	1.05	0.95				
	119	1	106.50878277684211	21.772513606315787	0.0	0.0	1	1.0331477844064587	7.5150739572714995	230.0	15	1.05	0.95				
	120	1	75.32112815157895	15.299604155789472	0.0	0.0	1	1.032668949055789	7.388438231174924	230.0	15	1.05	0.95				
	121	2	0.0	0.0	0.0	0.0	1	1.05	12.611811279474152	230.0	17	1.05	0.95				
	122	2	0.0	0.0	0.0	0.0	1	1.05	19.725274439371262	230.0	17	1.05	0.95				
	123	2	0.0	0.0	0.0	0.0	1	1.0336730054622638	7.762370691773115	230.0	15	1.05	0.95				
	124	1	0.0	0.0	0.0	0.0	1	1.0243048366503573	6.04994062221745	230.0	16	1.05	0.95				
	201	2	64.71840077052632	13.183377934736843	0.0	0.0	2	1.0320559755319911	-9.763436652713299	138.0	21	1.05	0.95				
	202	2	58.126711803157896	11.984889031578948	0.0	0.0	2	1.0321657034833858	-9.861032180794227	138.0	22	1.05	0.95				
	203	1	107.86400128421052	22.17204470842105	0.0	0.0	2	1.0253252996843567	-7.0198764827307185	138.0	21	1.05	0.95				
	204	1	44.3440894168421	8.98866677368421	0.0	0.0	2	1.0176271849535852	-12.105541598435806	138.0	21	1.05	0.95				
	205	1	42.54635606210526	8.389422322105263	0.0	0.0	2	1.0331809315681926	-12.456887751698686	138.0	21	1.05	0.95				
	206	1	81.49724541473684	16.778844644210526	0.0	-100.0	2	1.04064170851617	-14.537629222332983	138.0	22	1.05	0.95				
	207	2	74.90555644736841	14.981111289473684	0.0	0.0	2	0.9867564386714183	-23.553584303524488	138.0	22	1.05	0.95				
	208	1	102.47080121999998	20.973555805263157	0.0	0.0	2	0.9877600327676028	-20.677934951963667	138.0	22	1.05	0.95				
	209	1	104.86777902631579	21.572800256842104	0.0	0.0	2	1.024104445070665	-11.507883717722894	138.0	23	1.05	0.95				
	210	1	116.85266805789473	23.969778063157896	0.0	0.0	2	1.05	-13.2927641791266	138.0	23	1.05	0.95				
	211	1	0.0	0.0	0.0	0.0	2	1.015888139287688	-8.31375812207855	230.0	23	1.05	0.95				
	212	1	0.0	0.0	0.0	0.0	2	1.0156509068261745	-7.555612503730858	230.0	23	1.05	0.95				
	213	2	158.79977966842105	32.35920038526316	0.0	0.0	2	1.0154640155895203	-7.221119620717117	230.0	24	1.05	0.95				
	214	2	116.25342360631579	23.37053361157895	0.0	0.0	2	1.0251862677364203	-5.1878861880977105	230.0	26	1.05	0.95				
	215	2	189.9604911505263	38.35164490105263	0.0	0.0	2	1.039556117592576	3.122410229777936	230.0	26	1.05	0.95				
	216	2	59.92444515789474	11.984889031578948	0.0	0.0	2	1.0424134665132052	2.8562699295226373	230.0	26	1.05	0.95				
	217	1	0.0	0.0	0.0	0.0	2	1.0448740393685085	6.239422208382329	230.0	27	1.05	0.95				
	218	2	199.5484023757895	40.74862270736842	0.0	0.0	2	1.0470920441199139	6.877247725408215	230.0	27	1.05	0.95				
	219	1	108.46324573578947	22.17204470842105	0.0	0.0	2	1.0416902714936718	1.8778313467675607	230.0	25	1.05	0.95				
	220	1	76.70328980210526	15.580355741052632	0.0	0.0	2	1.045909439349391	2.157314991257228	230.0	25	1.05	0.95				
	221	2	0.0	0.0	0.0	0.0	2	1.0472297938331596	6.834116354669845	230.0	27	1.05	0.95				
	222	2	0.0	0.0	0.0	0.0	2	1.05	13.1098052214598	230.0	27	1.05	0.95				
	223	2	0.0	0.0	0.0	0.0	2	1.0495815918397844	2.7478984502067947	230.0	25	1.05	0.95				
	224	1	0.0	0.0	0.0	0.0	2	1.0215794220242074	-0.6620291021008305	230.0	26	1.05	0.95				
	301	2	52.85542551157894	10.76684593754386	0.0	0.0	3	1.0073693595342756	-21.912103674826916	138.0	31	1.05	0.95				
	302	2	47.47200254280702	9.788041761403509	0.0	0.0	3	1.0068219241996075	-22.040687101726846	138.0	32	1.05	0.95				
	303	1	88.09237585263158	18.107877258596492	0.0	0.0	3	1.0237020555830523	-15.58582796436875	138.0	31	1.05	0.95				
	304	1	36.215754517192984	7.341031321052631	0.0	0.0	3	1.008803899122154	-20.40870216830384	138.0	31	1.05	0.95				
	305	1	34.747548252982455	6.851629232982456	0.0	0.0	3	1.0221623881000297	-21.23719844534875	138.0	31	1.05	0.95				
	306	1	66.55868397754386	13.703258465964913	0.0	-100.0	3	1.0383488290819327	-21.42708355919573	138.0	32	1.05	0.95				
	307	2	61.17526100877193	12.235052201754385	0.0	0.0	3	0.9924185824104215	-26.91791842177144	138.0	32	1.05	0.95				
	308	1	83.68775706	17.129073082456138	0.0	0.0	3	0.9966628898470913	-24.659289417649422	138.0	32	1.05	0.95				
	309	1	85.64536541228071	17.618475170526317	0.0	0.0	3	1.0265020817878991	-17.07483043429838	138.0	33	1.05	0.95				
	310	1	95.4334071736842	19.576083522807018	0.0	0.0	3	1.05	-18.989469929555153	138.0	33	1.05	0.95				
	311	1	0.0	0.0	0.0	0.0	3	1.0131325596527634	-12.412978817460617	230.0	33	1.05	0.95				
	312	1	0.0	0.0	0.0	0.0	3	1.013928098110461	-11.99149298664274	230.0	33	1.05	0.95				
	313	2	129.69155333859646	26.42771275578947	0.0	0.0	3	1.0166583479184175	-8.872953336895064	230.0	34	1.05	0.95				
	314	2	94.94400508561404	19.086681434736843	0.0	0.0	3	1.0212137357161881	-9.870887728085664	230.0	36	1.05	0.95				
	315	2	155.14046191824562	31.321733636491228	0.0	0.0	3	1.045679059652847	-3.8244043604984252	230.0	36	1.05	0.95				
	316	2	48.94020880701754	9.788041761403509	0.0	0.0	3	1.044751891059797	-3.384873786052977	230.0	36	1.05	0.95				
	317	1	0.0	0.0	0.0	0.0	3	1.0487660279111803	-0.9143524370955762	230.0	37	1.05	0.95				
	318	2	162.97089532736842	33.27934198877193	0.0	0.0	3	1.0483068351640052	-0.9628518783788307	230.0	37	1.05	0.95				
	319	1	88.58177794070176	18.107877258596492	0.0	0.0	3	1.0400582188334873	-4.588419849915084	230.0	35	1.05	0.95				
	320	1	62.643467272982456	12.72445428982456	0.0	0.0	3	1.039659431195143	-4.710277414697098	230.0	35	1.05	0.95				
	321	2	0.0	0.0	0.0	0.0	3	1.05	-0.3651161314624858	230.0	37	1.05	0.95				
	322	2	0.0	0.0	0.0	0.0	3	1.05	4.221645678155937	230.0	37	1.05	0.95				
	323	2	0.0	0.0	0.0	0.0	3	1.0402164725301395	-4.411207935343048	230.0	35	1.05	0.95				
	324	1	0.0	0.0	0.0	0.0	3	1.0226753012163585	-8.18417342334154	230.0	36	1.05	0.95				
	325	1	0.0	0.0	0.0	0.0	3	1.035441898515622	-3.0034763322142513	230.0	35	1.05	0.95				
];
