%% MATPOWER Case Format : Version 2
function mpc = RTS_GMLC
mpc.version = '2';

%%-----  Power Flow Data  -----%%
%% system MVA base
mpc.baseMVA = 100.0;
%% bus data
%    bus_i    type    Pd    Qd    Gs    Bs    area    Vm    Va    baseKV    zone    Vmax    Vmin
mpc.bus = [
	101	2	37.580900544	7.655368629333332	0.0	0.0	1	0.9868916263289811	-5.342934071622015	138.0	11	1.05	0.95				
	102	2	33.75321622933333	6.959426026666667	0.0	0.0	1	0.9868474758577191	-5.529122872748883	138.0	12	1.05	0.95				
	103	1	62.63483424	12.874938149333332	0.0	0.0	1	1.0180207719766825	1.7076034465120427	138.0	11	1.05	0.95				
	104	1	25.749876298666663	5.219569519999999	0.0	0.0	1	1.0021135510831602	-4.805451824414444	138.0	11	1.05	0.95				
	105	1	24.705962394666663	4.871598218666667	0.0	0.0	1	1.0140334105247517	-5.6428606889702095	138.0	11	1.05	0.95				
	106	1	47.324096981333334	9.743196437333333	0.0	-100.0	1	1.0375801828053248	-6.257676308471388	138.0	12	1.05	0.95				
	107	2	43.496412666666664	8.699282533333333	0.0	0.0	1	0.9871510321558058	-11.000563278136823	138.0	12	1.05	0.95				
	108	1	59.503092528	12.178995546666666	0.0	0.0	1	0.9983848681203341	-9.006598804369698	138.0	12	1.05	0.95				
	109	1	60.894977733333334	12.526966847999999	0.0	0.0	1	1.0244460095854604	-2.771200205668888	138.0	13	1.05	0.95				
	110	1	67.85440376	13.918852053333334	0.0	0.0	1	1.05	-4.798952359880882	138.0	13	1.05	0.95				
	111	1	0.0	0.0	0.0	0.0	1	1.018583524131543	0.43640315395450446	230.0	13	1.05	0.95				
	112	1	0.0	0.0	0.0	0.0	1	1.0138455828877868	-1.03161713444292	230.0	13	1.05	0.95				
	113	3	92.21239485333332	18.790450272	0.0	0.0	1	1.0000261251812539	-4.16436806176179e-29	230.0	14	1.05	0.95				
	114	2	67.50643245866667	13.570880752	0.0	0.0	1	1.048100275702839	4.910624448259108	230.0	16	1.05	0.95				
	115	2	110.30690252266666	22.270163285333332	0.0	0.0	1	1.0370567515396325	15.766414703131888	230.0	16	1.05	0.95				
	116	2	34.79713013333333	6.959426026666667	0.0	0.0	1	1.037901752454891	13.578227621111287	230.0	16	1.05	0.95				
	117	1	0.0	0.0	0.0	0.0	1	1.0368702650155581	20.28100472953416	230.0	17	1.05	0.95				
	118	2	115.87444334399999	23.662048490666667	0.0	0.0	1	1.0465720720075131	21.17152093279643	230.0	17	1.05	0.95				
	119	1	62.982805541333335	12.874938149333332	0.0	0.0	1	1.0344986520340689	8.638414865073262	230.0	15	1.05	0.95				
	120	1	44.540326570666664	9.047253834666666	0.0	0.0	1	1.0391610539519462	5.023693063448492	230.0	15	1.05	0.95				
	121	2	0.0	0.0	0.0	0.0	1	1.0407503062857362	22.904056840486643	230.0	17	1.05	0.95				
	122	2	0.0	0.0	0.0	0.0	1	1.05	40.88589323806024	230.0	17	1.05	0.95				
	123	2	0.0	0.0	0.0	0.0	1	1.0430532553941887	3.310785918549204	230.0	15	1.05	0.95				
	124	1	0.0	0.0	0.0	0.0	1	1.012046602115549	10.537644706114687	230.0	16	1.05	0.95				
	201	2	41.326617334736845	8.41838501263158	0.0	0.0	2	1.006297209542842	-16.991253947940184	138.0	21	1.05	0.95				
	202	2	37.11742482842105	7.653077284210527	0.0	0.0	2	1.0054340214839432	-17.292792312049674	138.0	22	1.05	0.95				
	203	1	68.87769555789474	14.158192975789474	0.0	0.0	2	1.0123466798072807	-12.679805744922758	138.0	21	1.05	0.95				
	204	1	28.316385951578948	5.739807963157895	0.0	0.0	2	1.0090487464728004	-17.048125225163734	138.0	21	1.05	0.95				
	205	1	27.16842435894737	5.357154098947369	0.0	0.0	2	1.0234905472543614	-17.510982907052014	138.0	21	1.05	0.95				
	206	1	52.04092553263159	10.714308197894738	0.0	-100.0	2	1.041125189376485	-18.294307943326498	138.0	22	1.05	0.95				
	207	2	47.831733026315796	9.566346605263158	0.0	0.0	2	0.9894950056262747	-22.775390915279893	138.0	22	1.05	0.95				
	208	1	65.43381078	13.392885247368422	0.0	0.0	2	0.9986310990583179	-21.098003232548365	138.0	22	1.05	0.95				
	209	1	66.96442623684212	13.775539111578947	0.0	0.0	2	1.0227560337809563	-15.254601237076004	138.0	23	1.05	0.95				
	210	1	74.61750352105263	15.306154568421054	0.0	0.0	2	1.05	-16.79010799414622	138.0	23	1.05	0.95				
	211	1	0.0	0.0	0.0	0.0	2	1.0065680811749897	-12.48108313073043	230.0	23	1.05	0.95				
	212	1	0.0	0.0	0.0	0.0	2	1.013802748703243	-11.891227364035517	230.0	23	1.05	0.95				
	213	2	101.40327401578948	20.663308667368423	0.0	0.0	2	1.0055060980555324	-11.300051846691387	230.0	24	1.05	0.95				
	214	2	74.2348496568421	14.923500704210527	0.0	0.0	2	1.0057236965024419	-9.866686707537884	230.0	26	1.05	0.95				
	215	2	121.30127495473684	24.489847309473685	0.0	0.0	2	1.0269304222999087	-3.110580373552062	230.0	26	1.05	0.95				
	216	2	38.26538642105263	7.653077284210527	0.0	0.0	2	1.030105908529276	-3.94085701126674	230.0	26	1.05	0.95				
	217	1	0.0	0.0	0.0	0.0	2	1.0352767514425196	-1.5387888438894008	230.0	27	1.05	0.95				
	218	2	127.42373678210528	26.020462766315795	0.0	0.0	2	1.0337723225401907	-2.0246532655749103	230.0	27	1.05	0.95				
	219	1	69.26034942210528	14.158192975789474	0.0	0.0	2	1.0369412835652776	-4.436203215401892	230.0	25	1.05	0.95				
	220	1	48.97969461894737	9.949000469473685	0.0	0.0	2	1.045141885472317	-4.12979219019729	230.0	25	1.05	0.95				
	221	2	0.0	0.0	0.0	0.0	2	1.034190171723433	-1.5867533719146036	230.0	27	1.05	0.95				
	222	2	0.0	0.0	0.0	0.0	2	1.05	4.929383691367738	230.0	27	1.05	0.95				
	223	2	0.0	0.0	0.0	0.0	2	1.05	-3.6813423244038637	230.0	25	1.05	0.95				
	224	1	0.0	0.0	0.0	0.0	2	1.009648188757514	-6.677984902770885	230.0	26	1.05	0.95				
	301	2	43.15216702736842	8.790256246315789	0.0	0.0	3	1.0174767724709477	13.812464613277086	138.0	31	1.05	0.95				
	302	2	38.757038904210525	7.991142042105263	0.0	0.0	3	1.0157478478327497	13.455461681962596	138.0	32	1.05	0.95				
	303	1	71.92027837894737	14.783612777894737	0.0	0.0	3	1.05	28.18788001637837	138.0	31	1.05	0.95				
	304	1	29.567225555789474	5.9933565315789465	0.0	0.0	3	1.008824240214914	14.45965818028762	138.0	31	1.05	0.95				
	305	1	28.368554249473682	5.593799429473685	0.0	0.0	3	1.025405806854146	12.31136891989163	138.0	31	1.05	0.95				
	306	1	54.339765886315796	11.18759885894737	0.0	-100.0	3	1.037468572432828	10.968250287211033	138.0	32	1.05	0.95				
	307	2	49.94463776315789	9.988927552631578	0.0	0.0	3	0.95	7.546688916585172	138.0	32	1.05	0.95				
	308	1	68.32426446	13.98449857368421	0.0	0.0	3	0.9715027721439317	9.242366785404583	138.0	32	1.05	0.95				
	309	1	69.92249286842105	14.384055675789472	0.0	0.0	3	1.015085904656799	16.960764363640653	138.0	33	1.05	0.95				
	310	1	77.91363491052631	15.982284084210526	0.0	0.0	3	1.0429665435989999	12.092358463383693	138.0	33	1.05	0.95				
	311	1	0.0	0.0	0.0	0.0	3	1.0024277727101625	15.632393137126648	230.0	33	1.05	0.95				
	312	1	0.0	0.0	0.0	0.0	3	1.0076367400311195	15.787597643608565	230.0	33	1.05	0.95				
	313	2	105.88263205789472	21.57608351368421	0.0	0.0	3	1.0020820831667154	16.26676934626453	230.0	34	1.05	0.95				
	314	2	77.51407780842105	15.582726982105264	0.0	0.0	3	0.9978774525924208	16.287191864309786	230.0	36	1.05	0.95				
	315	2	126.6596013673684	25.571654534736844	0.0	0.0	3	1.0477099937488508	19.910494318316204	230.0	36	1.05	0.95				
	316	2	39.95571021052631	7.991142042105263	0.0	0.0	3	1.0303922225354618	19.557669915577765	230.0	36	1.05	0.95				
	317	1	0.0	0.0	0.0	0.0	3	1.05	23.69231780108772	230.0	37	1.05	0.95				
	318	2	133.05251500105263	27.169882943157898	0.0	0.0	3	1.048837352644915	20.1348403637523	230.0	37	1.05	0.95				
	319	1	72.31983548105264	14.783612777894737	0.0	0.0	3	1.021956651872864	18.211726509266718	230.0	35	1.05	0.95				
	320	1	51.14330906947369	10.388484654736843	0.0	0.0	3	1.0174752307675234	17.817374265049672	230.0	35	1.05	0.95				
	321	2	0.0	0.0	0.0	0.0	3	1.05	20.72817038693105	230.0	37	1.05	0.95				
	322	2	0.0	0.0	0.0	0.0	3	1.049999994823705	26.239603523666577	230.0	37	1.05	0.95				
	323	2	0.0	0.0	0.0	0.0	3	1.015411799482326	17.914782412030373	230.0	35	1.05	0.95				
	324	1	0.0	0.0	0.0	0.0	3	1.0458094781867657	23.076498926417297	230.0	36	1.05	0.95				
	325	1	0.0	0.0	0.0	0.0	3	1.017227575497969	18.353482428223593	230.0	35	1.05	0.95				
];
