%% MATPOWER Case Format : Version 2
function mpc = RTS_GMLC
mpc.version = '2';

%%-----  Power Flow Data  -----%%
%% system MVA base
mpc.baseMVA = 100.0;
%% bus data
%    bus_i    type    Pd    Qd    Gs    Bs    area    Vm    Va    baseKV    zone    Vmax    Vmin
mpc.bus = [
	101	2	41.57545770947369	8.46907471859649	0.0	0.0	1	1.0348469454285494	3.2249610258832027	138.0	11	1.05	0.95				
	102	2	37.34092035017544	7.6991588350877205	0.0	0.0	1	1.0343675967205646	3.0796608690585905	138.0	12	1.05	0.95				
	103	1	69.29242951578948	14.243443844912282	0.0	0.0	1	1.029916590271224	0.4390710659752754	138.0	11	1.05	0.95				
	104	1	28.486887689824563	5.774369126315789	0.0	0.0	1	1.0226670320639495	-0.3538125397019992	138.0	11	1.05	0.95				
	105	1	27.3320138645614	5.3894111845614034	0.0	0.0	1	1.0369817979035052	-0.04836793648471211	138.0	11	1.05	0.95				
	106	1	52.354280078596496	10.778822369122807	0.0	-100.0	1	1.0467894703163438	-2.2915304667298333	138.0	12	1.05	0.95				
	107	2	48.119742719298245	9.62394854385965	0.0	0.0	1	1.0003802035668463	-7.451865553402968	138.0	12	1.05	0.95				
	108	1	65.82780804000001	13.473527961403509	0.0	0.0	1	1.005954329922559	-6.290967694786109	138.0	12	1.05	0.95				
	109	1	67.36763980701754	13.858485903157893	0.0	0.0	1	1.0249586614752357	-1.6075767034704216	138.0	13	1.05	0.95				
	110	1	75.06679864210525	15.398317670175441	0.0	0.0	1	1.05	-2.1585361312719655	138.0	13	1.05	0.95				
	111	1	0.0	0.0	0.0	0.0	1	1.0025013944182466	-0.22225889893347658	230.0	13	1.05	0.95				
	112	1	0.0	0.0	0.0	0.0	1	1.0075105733115983	0.25066750544401817	230.0	13	1.05	0.95				
	113	3	102.01385456491228	20.787728854736844	0.0	0.0	1	0.992559364632648	8.099802962019356e-28	230.0	14	1.05	0.95				
	114	2	74.68184070035088	15.013359728421053	0.0	0.0	1	0.9985809073512029	1.37625017156495	230.0	16	1.05	0.95				
	115	2	122.03166753614035	24.637308272280702	0.0	0.0	1	1.03786640506924	6.083977665127026	230.0	16	1.05	0.95				
	116	2	38.4957941754386	7.6991588350877205	0.0	0.0	1	1.032580127394651	5.833812724414899	230.0	16	1.05	0.95				
	117	1	0.0	0.0	0.0	0.0	1	1.04185091347954	7.2809112619811005	230.0	17	1.05	0.95				
	118	2	128.19099460421052	26.177140039298248	0.0	0.0	1	1.0450536234737653	7.095275308260956	230.0	17	1.05	0.95				
	119	1	69.67738745754386	14.243443844912282	0.0	0.0	1	1.026053786238907	5.221165610752353	230.0	15	1.05	0.95				
	120	1	49.274616544561404	10.008906485614036	0.0	0.0	1	1.0227606865561727	5.438874736477121	230.0	15	1.05	0.95				
	121	2	0.0	0.0	0.0	0.0	1	1.05	7.799598916864047	230.0	17	1.05	0.95				
	122	2	0.0	0.0	0.0	0.0	1	1.05	14.514291592958578	230.0	17	1.05	0.95				
	123	2	0.0	0.0	0.0	0.0	1	1.0213505434114942	5.860635905807449	230.0	15	1.05	0.95				
	124	1	0.0	0.0	0.0	0.0	1	1.0269695855271854	3.9726957453824427	230.0	16	1.05	0.95				
	201	2	44.063591987368426	8.975916886315789	0.0	0.0	2	1.0245644502617506	-6.927010019420638	138.0	21	1.05	0.95				
	202	2	39.575633544210525	8.159924442105265	0.0	0.0	2	1.0255334691238538	-6.731350821156031	138.0	22	1.05	0.95				
	203	1	73.43931997894737	15.095860217894735	0.0	0.0	2	1.018414406144443	-6.293074789587765	138.0	21	1.05	0.95				
	204	1	30.19172043578947	6.119943331578947	0.0	0.0	2	1.017846356668353	-8.556919313566436	138.0	21	1.05	0.95				
	205	1	28.96773176947368	5.711947109473685	0.0	0.0	2	1.0322749843023382	-8.81219389751203	138.0	21	1.05	0.95				
	206	1	55.48748620631579	11.42389421894737	0.0	-100.0	2	1.0448131186301286	-10.231594846154433	138.0	22	1.05	0.95				
	207	2	50.99952776315789	10.199905552631579	0.0	0.0	2	0.9902979507436617	-16.151381068077892	138.0	22	1.05	0.95				
	208	1	69.76735398	14.27986777368421	0.0	0.0	2	0.998142576730539	-14.334300985481715	138.0	22	1.05	0.95				
	209	1	71.39933886842104	14.687863995789474	0.0	0.0	2	1.0229695097202725	-8.370741272800748	138.0	23	1.05	0.95				
	210	1	79.55926331052632	16.31984888421053	0.0	0.0	2	1.05	-9.41006784460684	138.0	23	1.05	0.95				
	211	1	0.0	0.0	0.0	0.0	2	1.0043079075947043	-5.865634686500123	230.0	23	1.05	0.95				
	212	1	0.0	0.0	0.0	0.0	2	1.0092810427301993	-5.523165260088517	230.0	23	1.05	0.95				
	213	2	108.11899885789474	22.031795993684213	0.0	0.0	2	0.9975646917791345	-5.164446958578307	230.0	24	1.05	0.95				
	214	2	79.15126708842105	15.911852662105264	0.0	0.0	2	1.004383628814701	-3.3317713911730023	230.0	26	1.05	0.95				
	215	2	129.33480240736841	26.11175821473684	0.0	0.0	2	1.0259601623206773	2.948980746174057	230.0	26	1.05	0.95				
	216	2	40.799622210526316	8.159924442105265	0.0	0.0	2	1.0276253366711754	2.6703936278900495	230.0	26	1.05	0.95				
	217	1	0.0	0.0	0.0	0.0	2	1.0329822727783806	5.385661530313664	230.0	27	1.05	0.95				
	218	2	135.86274196105265	27.743743103157897	0.0	0.0	2	1.0346338080271866	5.873285957046892	230.0	27	1.05	0.95				
	219	1	73.84731620105264	15.095860217894735	0.0	0.0	2	1.0281394677234554	1.555626749031622	230.0	25	1.05	0.95				
	220	1	52.22351642947368	10.607901774736844	0.0	0.0	2	1.0313744766514021	1.3836925285454176	230.0	25	1.05	0.95				
	221	2	0.0	0.0	0.0	0.0	2	1.0346959393782147	5.658699877423472	230.0	27	1.05	0.95				
	222	2	0.0	0.0	0.0	0.0	2	1.05	12.048118999213903	230.0	27	1.05	0.95				
	223	2	0.0	0.0	0.0	0.0	2	1.0335745017562425	1.5996622787515593	230.0	25	1.05	0.95				
	224	1	0.0	0.0	0.0	0.0	2	1.0116981473777098	-0.5210579306559828	230.0	26	1.05	0.95				
	301	2	49.1825371831579	10.018664981754386	0.0	0.0	3	1.0068049722993853	-28.13583117942242	138.0	31	1.05	0.95				
	302	2	44.1732046922807	9.107877256140352	0.0	0.0	3	1.0063799745982347	-28.246717134889995	138.0	32	1.05	0.95				
	303	1	81.97089530526316	16.84957292385965	0.0	0.0	3	1.0229098996937955	-22.605290786276957	138.0	31	1.05	0.95				
	304	1	33.6991458477193	6.830907942105263	0.0	0.0	3	1.0092785083342666	-26.725074623096447	138.0	31	1.05	0.95				
	305	1	32.332964259298244	6.375514079298246	0.0	0.0	3	1.0223821230845	-27.460390966966884	138.0	31	1.05	0.95				
	306	1	61.933565341754395	12.751028158596492	0.0	-100.0	3	1.0392438727531874	-27.619935141683854	138.0	32	1.05	0.95				
	307	2	56.924232850877196	11.384846570175439	0.0	0.0	3	0.9929296633864187	-32.67078122231743	138.0	32	1.05	0.95				
	308	1	77.87235054	15.938785198245615	0.0	0.0	3	0.9983849534882748	-30.597599937001487	138.0	32	1.05	0.95				
	309	1	79.69392599122807	16.39417906105263	0.0	0.0	3	1.0262466219157456	-23.61793772057132	138.0	33	1.05	0.95				
	310	1	88.80180324736841	18.215754512280704	0.0	0.0	3	1.05	-25.320581421372385	138.0	33	1.05	0.95				
	311	1	0.0	0.0	0.0	0.0	3	1.0103798671125603	-19.25322072201996	230.0	33	1.05	0.95				
	312	1	0.0	0.0	0.0	0.0	3	1.0129423570641776	-18.60081155764036	230.0	33	1.05	0.95				
	313	2	120.67937364385966	24.59126859157895	0.0	0.0	3	1.0137720107146861	-15.520971766224378	230.0	34	1.05	0.95				
	314	2	88.3464093845614	17.760360649473686	0.0	0.0	3	1.0143830279963428	-17.240282085847983	230.0	36	1.05	0.95				
	315	2	144.35985450982457	29.145207219649123	0.0	0.0	3	1.0382439042551077	-12.48334078088314	230.0	36	1.05	0.95				
	316	2	45.539386280701756	9.107877256140352	0.0	0.0	3	1.0381222323035546	-11.688432541972848	230.0	36	1.05	0.95				
	317	1	0.0	0.0	0.0	0.0	3	1.042190257905132	-9.902240139266306	230.0	37	1.05	0.95				
	318	2	151.64615631473683	30.966782670877198	0.0	0.0	3	1.0415166227836907	-9.751683149355713	230.0	37	1.05	0.95				
	319	1	82.42628916807018	16.84957292385965	0.0	0.0	3	1.0360430312752098	-12.242234038502165	230.0	35	1.05	0.95				
	320	1	58.290414439298246	11.840240432982457	0.0	0.0	3	1.0373632004606432	-11.852565736447676	230.0	35	1.05	0.95				
	321	2	0.0	0.0	0.0	0.0	3	1.0424749343464226	-9.939926229027874	230.0	37	1.05	0.95				
	322	2	0.0	0.0	0.0	0.0	3	1.05	-5.601128642890327	230.0	37	1.05	0.95				
	323	2	0.0	0.0	0.0	0.0	3	1.0388221630934251	-11.296432858527252	230.0	35	1.05	0.95				
	324	1	0.0	0.0	0.0	0.0	3	1.0198952676141317	-16.25589668863183	230.0	36	1.05	0.95				
	325	1	0.0	0.0	0.0	0.0	3	1.0329094784664268	-9.722575591488395	230.0	35	1.05	0.95				
];
