%% MATPOWER Case Format : Version 2
function mpc = RTS_GMLC
mpc.version = '2';

%%-----  Power Flow Data  -----%%
%% system MVA base
mpc.baseMVA = 100.0;
%% bus data
%    bus_i    type    Pd    Qd    Gs    Bs    area    Vm    Va    baseKV    zone    Vmax    Vmin
mpc.bus = [
	101	2	45.59673429473685	9.28822365263158	0.0	0.0	1	1.035211956611965	2.2200666494354335	138.0	11	1.05	0.95				
	102	2	40.952622468421055	8.443839684210527	0.0	0.0	1	1.0348166581973681	2.1004919205622423	138.0	12	1.05	0.95				
	103	1	75.99455715789473	15.621103415789475	0.0	0.0	1	1.0288224398740973	-0.6826630605447638	138.0	11	1.05	0.95				
	104	1	31.24220683157895	6.332879763157894	0.0	0.0	1	1.0223502085431553	-1.2604711964007556	138.0	11	1.05	0.95				
	105	1	29.975630878947367	5.910687778947369	0.0	0.0	1	1.0367725260109137	-0.9607429673025513	138.0	11	1.05	0.95				
	106	1	57.41810985263158	11.821375557894738	0.0	-100.0	1	1.0459402589502373	-3.176505651480086	138.0	12	1.05	0.95				
	107	2	52.773998026315795	10.554799605263158	0.0	0.0	1	1.0000084584495295	-7.5929743160998715	138.0	12	1.05	0.95				
	108	1	72.19482930000001	14.776719447368421	0.0	0.0	1	1.004910489616813	-6.794285935664901	138.0	12	1.05	0.95				
	109	1	73.8835972368421	15.19891143157895	0.0	0.0	1	1.025178029132688	-2.306469664158266	138.0	13	1.05	0.95				
	110	1	82.32743692105264	16.887679368421054	0.0	0.0	1	1.05	-2.861158806958429	138.0	13	1.05	0.95				
	111	1	0.0	0.0	0.0	0.0	1	1.003518051203636	-0.7233488990506349	230.0	13	1.05	0.95				
	112	1	0.0	0.0	0.0	0.0	1	1.0086667996246526	0.047035955053730524	230.0	13	1.05	0.95				
	113	3	111.88087581578947	22.798367147368424	0.0	0.0	1	0.9955464747893177	1.6066174034749747e-28	230.0	14	1.05	0.95				
	114	2	81.90524493684211	16.46548738421053	0.0	0.0	1	0.999228544956002	0.6342110252991872	230.0	16	1.05	0.95				
	115	2	133.83485899473683	27.020286989473686	0.0	0.0	1	1.0384309303188384	4.893029558862667	230.0	16	1.05	0.95				
	116	2	42.21919842105263	8.443839684210527	0.0	0.0	1	1.0338109476736015	4.9908894301134294	230.0	16	1.05	0.95				
	117	1	0.0	0.0	0.0	0.0	1	1.042479035155298	5.978334734468114	230.0	17	1.05	0.95				
	118	2	140.58993074210528	28.70905492631579	0.0	0.0	1	1.0450855386071813	5.622852879716651	230.0	17	1.05	0.95				
	119	1	76.41674914210526	15.621103415789475	0.0	0.0	1	1.028090708937244	4.891629216575779	230.0	15	1.05	0.95				
	120	1	54.04057397894737	10.976991589473686	0.0	0.0	1	1.025901066158712	5.627704846962294	230.0	15	1.05	0.95				
	121	2	0.0	0.0	0.0	0.0	1	1.05	6.2527495806951	230.0	17	1.05	0.95				
	122	2	0.0	0.0	0.0	0.0	1	1.05	12.655157276909302	230.0	17	1.05	0.95				
	123	2	0.0	0.0	0.0	0.0	1	1.0254183872164608	6.36078988958271	230.0	15	1.05	0.95				
	124	1	0.0	0.0	0.0	0.0	1	1.0269657754669348	2.812404274998178	230.0	16	1.05	0.95				
	201	2	42.82260351157895	8.72312293754386	0.0	0.0	2	1.0256656277952894	-4.486153553593029	138.0	21	1.05	0.95				
	202	2	38.46104204280701	7.9301117614035075	0.0	0.0	2	1.0259846879349914	-4.342348614006737	138.0	22	1.05	0.95				
	203	1	71.37100585263157	14.670706758596488	0.0	0.0	2	1.01931657888905	-5.022809935222287	138.0	21	1.05	0.95				
	204	1	29.341413517192976	5.947583821052631	0.0	0.0	2	1.0183699766715018	-6.5442449527981585	138.0	21	1.05	0.95				
	205	1	28.151896752982452	5.551078232982456	0.0	0.0	2	1.0328779637481855	-6.640716474480601	138.0	21	1.05	0.95				
	206	1	53.92475997754386	11.102156465964912	0.0	-100.0	2	1.045111171872317	-8.210086853538392	138.0	22	1.05	0.95				
	207	2	49.56319850877192	9.912639701754385	0.0	0.0	2	0.9877598758488969	-14.134650499389824	138.0	22	1.05	0.95				
	208	1	67.80245555999998	13.877695582456138	0.0	0.0	2	0.9972309836914766	-12.39057095121288	138.0	22	1.05	0.95				
	209	1	69.38847791228069	14.274201170526313	0.0	0.0	2	1.0233363101175368	-6.71443074896723	138.0	23	1.05	0.95				
	210	1	77.3185896736842	15.860223522807015	0.0	0.0	2	1.05	-7.549745230941034	138.0	23	1.05	0.95				
	211	1	0.0	0.0	0.0	0.0	2	1.0036622401098392	-4.3027709122812245	230.0	23	1.05	0.95				
	212	1	0.0	0.0	0.0	0.0	2	1.010416079680288	-4.034889618072699	230.0	23	1.05	0.95				
	213	2	105.07398083859647	21.411301755789474	0.0	0.0	2	0.9983340386468526	-3.729231363634551	230.0	24	1.05	0.95				
	214	2	76.92208408561402	15.46371793473684	0.0	0.0	2	1.001058520743531	-1.844395381241008	230.0	26	1.05	0.95				
	215	2	125.6922714182456	25.376357636491225	0.0	0.0	2	1.027544123183622	4.0336533482900006	230.0	26	1.05	0.95				
	216	2	39.65055880701754	7.9301117614035075	0.0	0.0	2	1.0288742165376799	3.9305709931279638	230.0	26	1.05	0.95				
	217	1	0.0	0.0	0.0	0.0	2	1.03462789827674	6.473601690198935	230.0	27	1.05	0.95				
	218	2	132.0363608273684	26.96237998877193	0.0	0.0	2	1.0361426516283643	6.978801109866833	230.0	27	1.05	0.95				
	219	1	71.76751144070175	14.670706758596488	0.0	0.0	2	1.0294346064984627	2.705430213403012	230.0	25	1.05	0.95				
	220	1	50.75271527298245	10.30914528982456	0.0	0.0	2	1.0326213540351605	2.414206155419555	230.0	25	1.05	0.95				
	221	2	0.0	0.0	0.0	0.0	2	1.0360446603652917	6.755520871304552	230.0	27	1.05	0.95				
	222	2	0.0	0.0	0.0	0.0	2	1.05	13.142943886041305	230.0	27	1.05	0.95				
	223	2	0.0	0.0	0.0	0.0	2	1.0347249284659992	2.5556815672058506	230.0	25	1.05	0.95				
	224	1	0.0	0.0	0.0	0.0	2	1.0132184381347111	0.6359819346920081	230.0	26	1.05	0.95				
	301	2	62.23410314526316	12.67731730736842	0.0	0.0	3	1.0102497790927625	-32.6309235081371	138.0	31	1.05	0.95				
	302	2	55.89544449157895	11.524833915789474	0.0	0.0	3	1.009197494530356	-32.8728162499113	138.0	32	1.05	0.95				
	303	1	103.72350524210528	21.320942744210527	0.0	0.0	3	1.036899253749	-22.216487291947463	138.0	31	1.05	0.95				
	304	1	42.64188548842105	8.643625436842104	0.0	0.0	3	1.0082697914357686	-31.177200132789512	138.0	31	1.05	0.95				
	305	1	40.91316040105263	8.067383741052634	0.0	0.0	3	1.0225347192222038	-32.40419456977889	138.0	31	1.05	0.95				
	306	1	78.36887062736842	16.134767482105268	0.0	-100.0	3	1.0364031480057725	-32.92577078868879	138.0	32	1.05	0.95				
	307	2	72.03021197368422	14.406042394736843	0.0	0.0	3	0.9904423911409795	-39.54295006825309	138.0	32	1.05	0.95				
	308	1	98.53732998	20.16845935263158	0.0	0.0	3	0.991605304819092	-36.802696099924965	138.0	32	1.05	0.95				
	309	1	100.8422967631579	20.744701048421053	0.0	0.0	3	1.0271359220288119	-27.439072418086553	138.0	33	1.05	0.95				
	310	1	112.36713067894738	23.049667831578947	0.0	0.0	3	1.05	-30.326943872808446	138.0	33	1.05	0.95				
	311	1	0.0	0.0	0.0	0.0	3	1.0183795572895216	-23.226284980997534	230.0	33	1.05	0.95				
	312	1	0.0	0.0	0.0	0.0	3	1.018392069638663	-22.64701209445836	230.0	33	1.05	0.95				
	313	2	152.70404938421052	31.11705157263158	0.0	0.0	3	1.024975291333171	-19.71922771294941	230.0	34	1.05	0.95				
	314	2	111.7908889831579	22.473426135789477	0.0	0.0	3	1.0290389518859924	-20.68201516153633	230.0	36	1.05	0.95				
	315	2	182.66861756526316	36.87946853052632	0.0	0.0	3	1.048293173535403	-13.788742869401302	230.0	36	1.05	0.95				
	316	2	57.624169578947374	11.524833915789474	0.0	0.0	3	1.0483662031021475	-13.636331189597158	230.0	36	1.05	0.95				
	317	1	0.0	0.0	0.0	0.0	3	1.0491605760479108	-11.178233232280817	230.0	37	1.05	0.95				
	318	2	191.88848469789474	39.18443531368421	0.0	0.0	3	1.0488974090927363	-10.501021901614658	230.0	37	1.05	0.95				
	319	1	104.29974693789474	21.320942744210527	0.0	0.0	3	1.045500039223429	-14.856528422346466	230.0	35	1.05	0.95				
	320	1	73.75893706105263	14.982284090526319	0.0	0.0	3	1.0476446249260412	-14.839480104922384	230.0	35	1.05	0.95				
	321	2	0.0	0.0	0.0	0.0	3	1.05	-10.126218723934677	230.0	37	1.05	0.95				
	322	2	0.0	0.0	0.0	0.0	3	1.05	-6.1930674454643855	230.0	37	1.05	0.95				
	323	2	0.0	0.0	0.0	0.0	3	1.0499999490324268	-14.40889308840465	230.0	35	1.05	0.95				
	324	1	0.0	0.0	0.0	0.0	3	1.0332574296841557	-16.93931988960752	230.0	36	1.05	0.95				
	325	1	0.0	0.0	0.0	0.0	3	1.042138850787617	-12.735410395281304	230.0	35	1.05	0.95				
];
