%% MATPOWER Case Format : Version 2
function mpc = RTS_GMLC
mpc.version = '2';

%%-----  Power Flow Data  -----%%
%% system MVA base
mpc.baseMVA = 100.0;
%% bus data
%    bus_i    type    Pd    Qd    Gs    Bs    area    Vm    Va    baseKV    zone    Vmax    Vmin
mpc.bus = [
	101	2	34.45472538189474	7.018555170385965	0.0	0.0	1	1.034385369148165	4.736112288776499	138.0	11	1.05	0.95				
	102	2	30.945447796701753	6.380504700350878	0.0	0.0	1	1.0334737996600931	4.479299643884357	138.0	12	1.05	0.95				
	103	1	57.4245423031579	11.803933695649123	0.0	0.0	1	1.0324856160605262	2.7893474384810384	138.0	11	1.05	0.95				
	104	1	23.607867391298246	4.785378525263158	0.0	0.0	1	1.0232374378653797	1.1957620079581788	138.0	11	1.05	0.95				
	105	1	22.650791686245615	4.466353290245614	0.0	0.0	1	1.037578033426784	1.467541333578705	138.0	11	1.05	0.95				
	106	1	43.38743196238597	8.932706580491228	0.0	-100.0	1	1.048414680631444	-0.7490687463609761	138.0	12	1.05	0.95				
	107	2	39.878154377192985	7.975630875438597	0.0	0.0	1	1.0007855466338735	-6.282908820421432	138.0	12	1.05	0.95				
	108	1	54.553315188000006	11.165883225614035	0.0	0.0	1	1.0079028523849802	-4.826866922211046	138.0	12	1.05	0.95				
	109	1	55.82941612807018	11.48490846063158	0.0	0.0	1	1.02435151067948	-0.1962665852311381	138.0	13	1.05	0.95				
	110	1	62.20992082842105	12.761009400701756	0.0	0.0	1	1.05	-0.8427345983747806	138.0	13	1.05	0.95				
	111	1	0.0	0.0	0.0	0.0	1	1.0004892956563232	0.8933481883785129	230.0	13	1.05	0.95				
	112	1	0.0	0.0	0.0	0.0	1	1.0050068562298147	0.564630705547814	230.0	13	1.05	0.95				
	113	3	84.54168727964912	17.22736269094737	0.0	0.0	1	0.9868213338007162	-1.0723027174480844e-27	230.0	14	1.05	0.95				
	114	2	61.890895593403506	12.441984165684211	0.0	0.0	1	0.9980151337546752	3.217880767164326	230.0	16	1.05	0.95				
	115	2	101.13099950056142	20.417615041122808	0.0	0.0	1	1.03787143569593	9.165059230376306	230.0	16	1.05	0.95				
	116	2	31.902523501754388	6.380504700350878	0.0	0.0	1	1.03276694513764	8.249571879742657	230.0	16	1.05	0.95				
	117	1	0.0	0.0	0.0	0.0	1	1.040400386327569	11.882930046358732	230.0	17	1.05	0.95				
	118	2	106.2354032608421	21.693715981192984	0.0	0.0	1	1.046699806476728	12.025866738401533	230.0	17	1.05	0.95				
	119	1	57.74356753817544	11.803933695649123	0.0	0.0	1	1.0223216319389457	6.120458974621772	230.0	15	1.05	0.95				
	120	1	40.835230082245616	8.29465611045614	0.0	0.0	1	1.0158067505586872	4.8736295165552725	230.0	15	1.05	0.95				
	121	2	0.0	0.0	0.0	0.0	1	1.05	12.911387670112436	230.0	17	1.05	0.95				
	122	2	0.0	0.0	0.0	0.0	1	1.05	25.454059428392316	230.0	17	1.05	0.95				
	123	2	0.0	0.0	0.0	0.0	1	1.0123041741892214	4.436827814398129	230.0	15	1.05	0.95				
	124	1	0.0	0.0	0.0	0.0	1	1.02727505127134	6.770263826268745	230.0	16	1.05	0.95				
	201	2	36.20966472378947	7.376042814105263	0.0	0.0	2	1.016951292527032	-9.232970661430187	138.0	21	1.05	0.95				
	202	2	32.52164331673684	6.705493467368422	0.0	0.0	2	1.016473605107504	-9.399424741363628	138.0	22	1.05	0.95				
	203	1	60.34944120631579	12.405162914631578	0.0	0.0	2	1.0157402799352104	-6.712837413975066	138.0	21	1.05	0.95				
	204	1	24.810325829263157	5.029120100526315	0.0	0.0	2	1.0148433606847458	-9.718718876999144	138.0	21	1.05	0.95				
	205	1	23.804501809157895	4.693845427157895	0.0	0.0	2	1.029608142618618	-10.032344165197879	138.0	21	1.05	0.95				
	206	1	45.597355578105265	9.38769085431579	0.0	-100.0	2	1.0451085196823333	-10.897669728044331	138.0	22	1.05	0.95				
	207	2	41.909334171052635	8.381866834210525	0.0	0.0	2	0.9967301772909537	-15.04825402018505	138.0	22	1.05	0.95				
	208	1	57.33196914599999	11.734613567894737	0.0	0.0	2	1.0045461745218969	-13.59665662604327	138.0	22	1.05	0.95				
	209	1	58.67306783947368	12.069888241263158	0.0	0.0	2	1.0222066333474846	-8.580914549884994	138.0	23	1.05	0.95				
	210	1	65.3785613068421	13.410986934736844	0.0	0.0	2	1.05	-9.752709114404906	138.0	23	1.05	0.95				
	211	1	0.0	0.0	0.0	0.0	2	1.001135734533497	-6.238061514991982	230.0	23	1.05	0.95				
	212	1	0.0	0.0	0.0	0.0	2	1.005352068401406	-5.72254900988669	230.0	23	1.05	0.95				
	213	2	88.84778844263157	18.104832361894736	0.0	0.0	2	0.9938062908335752	-5.238548751679672	230.0	24	1.05	0.95				
	214	2	65.04328663347368	13.075712261368421	0.0	0.0	2	0.9985449188086577	-4.028210921703052	230.0	26	1.05	0.95				
	215	2	106.28207145778947	21.457579095578946	0.0	0.0	2	1.015058983747169	1.2872494950638202	230.0	26	1.05	0.95				
	216	2	33.5274673368421	6.705493467368422	0.0	0.0	2	1.0164086674226578	1.1134114267960995	230.0	26	1.05	0.95				
	217	1	0.0	0.0	0.0	0.0	2	1.0213523911490388	2.688121116393399	230.0	27	1.05	0.95				
	218	2	111.64646623168422	22.798677789052633	0.0	0.0	2	1.020800400163133	2.3268306077336613	230.0	27	1.05	0.95				
	219	1	60.68471587968421	12.405162914631578	0.0	0.0	2	1.0173948995025741	0.7075679881797974	230.0	25	1.05	0.95				
	220	1	42.91515819115789	8.717141507578948	0.0	0.0	2	1.0200655286272442	1.0247367039057613	230.0	25	1.05	0.95				
	221	2	0.0	0.0	0.0	0.0	2	1.0225094753219874	2.7866231944386364	230.0	27	1.05	0.95				
	222	2	0.0	0.0	0.0	0.0	2	1.0445699939968933	9.306833788846477	230.0	27	1.05	0.95				
	223	2	0.0	0.0	0.0	0.0	2	1.0217329263397656	1.4611524137909508	230.0	25	1.05	0.95				
	224	1	0.0	0.0	0.0	0.0	2	1.0053442225863591	-1.7415738649515953	230.0	26	1.05	0.95				
	301	2	43.90382789052632	8.943372348070175	0.0	0.0	3	1.0083472755111562	-18.90922646707901	138.0	31	1.05	0.95				
	302	2	39.43214171649122	8.130338498245615	0.0	0.0	3	1.0082705601645927	-19.018607321052315	138.0	32	1.05	0.95				
	303	1	73.17304648421053	15.041126221754386	0.0	0.0	3	1.0243676741418464	-13.549037719007453	138.0	31	1.05	0.95				
	304	1	30.08225244350877	6.09775387368421	0.0	0.0	3	1.0113077168177218	-17.593174256652983	138.0	31	1.05	0.95				
	305	1	28.86270166877193	5.69123694877193	0.0	0.0	3	1.023997070259731	-18.475792292789226	138.0	31	1.05	0.95				
	306	1	55.28630178807018	11.38247389754386	0.0	-100.0	3	1.0411613947234661	-18.725409675369605	138.0	32	1.05	0.95				
	307	2	50.814615614035084	10.162923122807017	0.0	0.0	3	0.9930362811865404	-22.96868767048061	138.0	32	1.05	0.95				
	308	1	69.51439416	14.228092371929824	0.0	0.0	3	1.0004821727966673	-21.162196768560584	138.0	32	1.05	0.95				
	309	1	71.14046185964912	14.634609296842104	0.0	0.0	3	1.0263401917942359	-14.762070046877781	138.0	33	1.05	0.95				
	310	1	79.27080035789473	16.26067699649123	0.0	0.0	3	1.05	-16.73250454645911	138.0	33	1.05	0.95				
	311	1	0.0	0.0	0.0	0.0	3	1.0056928076906548	-11.57864580080166	230.0	33	1.05	0.95				
	312	1	0.0	0.0	0.0	0.0	3	1.011305630524818	-10.767350904005106	230.0	33	1.05	0.95				
	313	2	107.72698510175438	21.95191394526316	0.0	0.0	3	1.0098984087633107	-7.92124904083364	230.0	34	1.05	0.95				
	314	2	78.86428343298245	15.85416007157895	0.0	0.0	3	1.0004846066839375	-10.485239657421035	230.0	36	1.05	0.95				
	315	2	128.865865197193	26.017083194385965	0.0	0.0	3	1.0236875951108146	-7.144741530276115	230.0	36	1.05	0.95				
	316	2	40.65169249122807	8.130338498245615	0.0	0.0	3	1.023470081706967	-6.505025683401316	230.0	36	1.05	0.95				
	317	1	0.0	0.0	0.0	0.0	3	1.0291565076735634	-4.682475962947314	230.0	37	1.05	0.95				
	318	2	135.37013599578947	27.64315089403509	0.0	0.0	3	1.0273168745478802	-5.02632790431279	230.0	37	1.05	0.95				
	319	1	73.57956340912281	15.041126221754386	0.0	0.0	3	1.023110539750337	-6.473443087530474	230.0	35	1.05	0.95				
	320	1	52.03416638877193	10.569440047719299	0.0	0.0	3	1.0254406626590082	-5.6476209085332725	230.0	35	1.05	0.95				
	321	2	0.0	0.0	0.0	0.0	3	1.0283646444018342	-5.18821746960085	230.0	37	1.05	0.95				
	322	2	0.0	0.0	0.0	0.0	3	1.0420465872969757	-0.6163539151151471	230.0	37	1.05	0.95				
	323	2	0.0	0.0	0.0	0.0	3	1.0274049145643969	-4.881789813069976	230.0	35	1.05	0.95				
	324	1	0.0	0.0	0.0	0.0	3	1.0154647617214425	-9.567980071990812	230.0	36	1.05	0.95				
	325	1	0.0	0.0	0.0	0.0	3	1.0232469116670935	-3.3894121056285633	230.0	35	1.05	0.95				
];
