%% MATPOWER Case Format : Version 2
function mpc = RTS_GMLC
mpc.version = '2';

%%-----  Power Flow Data  -----%%
%% system MVA base
mpc.baseMVA = 100.0;
%% bus data
%    bus_i    type    Pd    Qd    Gs    Bs    area    Vm    Va    baseKV    zone    Vmax    Vmin
mpc.bus = [
	101	2	36.29836714357894	7.3941118255438605	0.0	0.0	1	1.0125423011353893	-0.28635144037484156	138.0	11	1.05	0.95				
	102	2	32.60131123080702	6.721919841403509	0.0	0.0	1	1.0104259622304852	-0.8545211827446976	138.0	12	1.05	0.95				
	103	1	60.49727857263157	12.435551706596492	0.0	0.0	1	1.028602225747159	2.410731558421623	138.0	11	1.05	0.95				
	104	1	24.871103413192984	5.041439881052631	0.0	0.0	1	1.0132719983688732	-2.14739349611452	138.0	11	1.05	0.95				
	105	1	23.862815436982455	4.705343888982457	0.0	0.0	1	1.0270418473378349	-2.2878006619320628	138.0	11	1.05	0.95				
	106	1	45.70905492154386	9.410687777964913	0.0	-100.0	1	1.0432562470304398	-3.8900462815660237	138.0	12	1.05	0.95				
	107	2	42.01199900877193	8.402399801754386	0.0	0.0	1	0.9993695124087715	-10.61587411921548	138.0	12	1.05	0.95				
	108	1	57.472414644000004	11.763359722456139	0.0	0.0	1	1.0053235868608648	-8.19630823207409	138.0	12	1.05	0.95				
	109	1	58.8167986122807	12.099455714526314	0.0	0.0	1	1.0243717316202579	-1.7914317828985673	138.0	13	1.05	0.95				
	110	1	65.53871845368421	13.443839682807019	0.0	0.0	1	1.05	-3.200368729951468	138.0	13	1.05	0.95				
	111	1	0.0	0.0	0.0	0.0	1	1.005385938042971	0.6071400919106387	230.0	13	1.05	0.95				
	112	1	0.0	0.0	0.0	0.0	1	1.0097095487919023	-0.6036948563844147	230.0	13	1.05	0.95				
	113	3	89.06543789859649	18.14918357178947	0.0	0.0	1	0.9967731379046858	-5.079641806573518e-29	230.0	14	1.05	0.95				
	114	2	65.20262246161404	13.107743690736843	0.0	0.0	1	1.008774521757223	4.3444280324328375	230.0	16	1.05	0.95				
	115	2	106.54242948624561	21.51014349249123	0.0	0.0	1	1.0418582097260642	13.293431998229076	230.0	16	1.05	0.95				
	116	2	33.609599207017546	6.721919841403509	0.0	0.0	1	1.0348643256348935	11.517791241554791	230.0	16	1.05	0.95				
	117	1	0.0	0.0	0.0	0.0	1	1.0398893388177022	17.184299478346333	230.0	17	1.05	0.95				
	118	2	111.9199653593684	22.85452746077193	0.0	0.0	1	1.05	17.798626118407356	230.0	17	1.05	0.95				
	119	1	60.83337456470176	12.435551706596492	0.0	0.0	1	1.0246105679600421	7.264892218078638	230.0	15	1.05	0.95				
	120	1	43.02028698498246	8.738495793824562	0.0	0.0	1	1.0217167501196953	4.186087676061129	230.0	15	1.05	0.95				
	121	2	0.0	0.0	0.0	0.0	1	1.05	19.201062376721424	230.0	17	1.05	0.95				
	122	2	0.0	0.0	0.0	0.0	1	1.05	35.50064521906802	230.0	17	1.05	0.95				
	123	2	0.0	0.0	0.0	0.0	1	1.021042358174259	2.749407568158843	230.0	15	1.05	0.95				
	124	1	0.0	0.0	0.0	0.0	1	1.0232997758448106	9.227257804300272	230.0	16	1.05	0.95				
	201	2	41.377616867368424	8.428773806315789	0.0	0.0	2	1.012925817576994	-18.211087815194787	138.0	21	1.05	0.95				
	202	2	37.16322996421052	7.662521642105263	0.0	0.0	2	1.011991114257463	-18.52670341973305	138.0	22	1.05	0.95				
	203	1	68.96269477894738	14.175665037894735	0.0	0.0	2	1.014947576624025	-13.266193182376215	138.0	21	1.05	0.95				
	204	1	28.35133007578947	5.746891231578948	0.0	0.0	2	1.0116012613794672	-18.279945908048735	138.0	21	1.05	0.95				
	205	1	27.201951829473686	5.363765149473685	0.0	0.0	2	1.0268810896028648	-18.80014816660897	138.0	21	1.05	0.95				
	206	1	52.10514716631579	10.72753029894737	0.0	-100.0	2	1.0427106509248782	-19.624321437287424	138.0	22	1.05	0.95				
	207	2	47.890760263157894	9.578152052631578	0.0	0.0	2	0.9945587908110269	-24.136438623091717	138.0	22	1.05	0.95				
	208	1	65.51456004	13.409412873684209	0.0	0.0	2	1.001362048378317	-22.43537015698241	138.0	22	1.05	0.95				
	209	1	67.04706436842105	13.792538955789475	0.0	0.0	2	1.0220048519563272	-16.484044839850306	138.0	23	1.05	0.95				
	210	1	74.70958601052632	15.325043284210526	0.0	0.0	2	1.05	-18.153931743726382	138.0	23	1.05	0.95				
	211	1	0.0	0.0	0.0	0.0	2	1.0058363759138498	-13.742380565983327	230.0	23	1.05	0.95				
	212	1	0.0	0.0	0.0	0.0	2	1.0081472523558688	-13.525465563119177	230.0	23	1.05	0.95				
	213	2	101.52841175789473	20.688808433684212	0.0	0.0	2	0.9999570485370307	-12.947587023813414	230.0	24	1.05	0.95				
	214	2	74.32645992842104	14.941917202105264	0.0	0.0	2	1.0091405138632334	-10.757263299753996	230.0	26	1.05	0.95				
	215	2	121.45096802736842	24.520069254736843	0.0	0.0	2	1.0242636218812597	-3.4050142292781898	230.0	26	1.05	0.95				
	216	2	38.312608210526314	7.662521642105263	0.0	0.0	2	1.025831496877584	-4.2212294955114	230.0	26	1.05	0.95				
	217	1	0.0	0.0	0.0	0.0	2	1.0294034504176732	-1.8948857198215714	230.0	27	1.05	0.95				
	218	2	127.58098534105264	26.052573583157894	0.0	0.0	2	1.0292090828854128	-2.372264881442909	230.0	27	1.05	0.95				
	219	1	69.34582086105263	14.175665037894735	0.0	0.0	2	1.024993283277648	-5.520818694908326	230.0	25	1.05	0.95				
	220	1	49.040138509473685	9.961278134736842	0.0	0.0	2	1.0268782022322702	-5.89795821765126	230.0	25	1.05	0.95				
	221	2	0.0	0.0	0.0	0.0	2	1.0308018745120229	-1.9153761123863244	230.0	27	1.05	0.95				
	222	2	0.0	0.0	0.0	0.0	2	1.05	4.585404616530553	230.0	27	1.05	0.95				
	223	2	0.0	0.0	0.0	0.0	2	1.0282145483726919	-5.809984631253681	230.0	25	1.05	0.95				
	224	1	0.0	0.0	0.0	0.0	2	1.0086438243471454	-7.101717550330547	230.0	26	1.05	0.95				
	301	2	48.755457132631584	9.931667193684211	0.0	0.0	3	1.011248795684795	2.2443827935677567	138.0	31	1.05	0.95				
	302	2	43.789623535789474	9.028788357894738	0.0	0.0	3	1.0106115722013598	1.9616967550927078	138.0	32	1.05	0.95				
	303	1	81.25909522105263	16.703258462105264	0.0	0.0	3	1.049375995796696	14.084182085603505	138.0	31	1.05	0.95				
	304	1	33.40651692421053	6.771591268421052	0.0	0.0	3	1.012108596136932	3.4383209630998572	138.0	31	1.05	0.95				
	305	1	32.052198670526316	6.320151850526316	0.0	0.0	3	1.0250572343894162	1.3285691530640258	138.0	31	1.05	0.95				
	306	1	61.39576083368422	12.640303701052632	0.0	-100.0	3	1.040354582490582	0.2859375635998173	138.0	32	1.05	0.95				
	307	2	56.429927236842104	11.285985447368422	0.0	0.0	3	0.9881265827722873	-3.9218865371501765	138.0	32	1.05	0.95				
	308	1	77.19614046	15.800379626315788	0.0	0.0	3	0.9957678054160487	-1.8849505460645741	138.0	32	1.05	0.95				
	309	1	79.00189813157895	16.251819044210524	0.0	0.0	3	1.027668154159004	6.489078736375484	138.0	33	1.05	0.95				
	310	1	88.03068648947368	18.057576715789477	0.0	0.0	3	1.05	1.8673861666250555	138.0	33	1.05	0.95				
	311	1	0.0	0.0	0.0	0.0	3	1.0100584949935463	6.255984164388669	230.0	33	1.05	0.95				
	312	1	0.0	0.0	0.0	0.0	3	1.0153375759283265	6.951380247153147	230.0	33	1.05	0.95				
	313	2	119.63144574210527	24.377728566315792	0.0	0.0	3	1.0124591108140064	8.968658596896885	230.0	34	1.05	0.95				
	314	2	87.57924707157895	17.60613729789474	0.0	0.0	3	1.0042487902871913	6.064165979980734	230.0	36	1.05	0.95				
	315	2	143.1062954726316	28.89212274526316	0.0	0.0	3	1.0430460671786053	8.535847182332974	230.0	36	1.05	0.95				
	316	2	45.143941789473686	9.028788357894738	0.0	0.0	3	1.0362456477324353	8.470452923428404	230.0	36	1.05	0.95				
	317	1	0.0	0.0	0.0	0.0	3	1.05	11.729876106019535	230.0	37	1.05	0.95				
	318	2	150.3293261589474	30.69788041684211	0.0	0.0	3	1.0477933517208473	9.095910829268448	230.0	37	1.05	0.95				
	319	1	81.71053463894738	16.703258462105264	0.0	0.0	3	1.0282058006303871	8.167730209104608	230.0	35	1.05	0.95				
	320	1	57.78424549052632	11.73742486526316	0.0	0.0	3	1.0243413399059769	8.781295006464607	230.0	35	1.05	0.95				
	321	2	0.0	0.0	0.0	0.0	3	1.0468214754702188	9.545101976435213	230.0	37	1.05	0.95				
	322	2	0.0	0.0	0.0	0.0	3	1.05	14.746434627515612	230.0	37	1.05	0.95				
	323	2	0.0	0.0	0.0	0.0	3	1.0230403800692283	9.471256361616605	230.0	35	1.05	0.95				
	324	1	0.0	0.0	0.0	0.0	3	1.042817326236291	10.660308147652804	230.0	36	1.05	0.95				
	325	1	0.0	0.0	0.0	0.0	3	1.0233165121861763	10.310706357718349	230.0	35	1.05	0.95				
];
