%% MATPOWER Case Format : Version 2
function mpc = RTS_GMLC
mpc.version = '2';

%%-----  Power Flow Data  -----%%
%% system MVA base
mpc.baseMVA = 100.0;
%% bus data
%    bus_i    type    Pd    Qd    Gs    Bs    area    Vm    Va    baseKV    zone    Vmax    Vmin
mpc.bus = [
	101	2	77.84710541052632	15.857743694736845	0.0	0.0	1	1.0314379505516738	-0.6833147262608793	138.0	11	1.05	0.95				
	102	2	69.91823356315791	14.41613063157895	0.0	0.0	1	1.031398313191494	-0.7611482592629395	138.0	12	1.05	0.95				
	103	1	129.74517568421055	26.669841668421057	0.0	0.0	1	1.0198376120838841	-0.5445743975831313	138.0	11	1.05	0.95				
	104	1	53.339683336842114	10.812097973684212	0.0	0.0	1	1.0157717245865192	-3.6932117290395596	138.0	11	1.05	0.95				
	105	1	51.177263742105275	10.091291442105266	0.0	0.0	1	1.0310056712917537	-3.7827216626367592	138.0	11	1.05	0.95				
	106	1	98.02968829473686	20.182582884210532	0.0	-100.0	1	1.0366611545987667	-6.175970611042666	138.0	12	1.05	0.95				
	107	2	90.10081644736843	18.020163289473686	0.0	0.0	1	1.0458418280365631	-2.841206834383515	138.0	12	1.05	0.95				
	108	1	123.25791690000001	25.22822860526316	0.0	0.0	1	1.0238929495779665	-5.520045137053424	138.0	12	1.05	0.95				
	109	1	126.1411430263158	25.94903513684211	0.0	0.0	1	1.0261068350816804	-3.16917678206232	138.0	13	1.05	0.95				
	110	1	140.55727365789474	28.8322612631579	0.0	0.0	1	1.05	-4.644216572749428	138.0	13	1.05	0.95				
	111	1	0.0	0.0	0.0	0.0	1	1.0146831047194529	-0.45613382491904314	230.0	13	1.05	0.95				
	112	1	0.0	0.0	0.0	0.0	1	1.015890524294187	0.0705386073576384	230.0	13	1.05	0.95				
	113	3	191.01373086842108	38.92355270526316	0.0	0.0	1	1.0128415616494866	-1.0165886284239454e-26	230.0	14	1.05	0.95				
	114	2	139.83646712631582	28.11145473157895	0.0	0.0	1	1.0209425826252114	2.621108527909511	230.0	16	1.05	0.95				
	115	2	228.49567051052634	46.13161802105264	0.0	0.0	1	1.044564530963419	11.873910470228507	230.0	16	1.05	0.95				
	116	2	72.08065315789474	14.41613063157895	0.0	0.0	1	1.0433596878639888	11.319013972285383	230.0	16	1.05	0.95				
	117	1	0.0	0.0	0.0	0.0	1	1.0454191610825276	15.411020985523626	230.0	17	1.05	0.95				
	118	2	240.0285750157895	49.01484414736843	0.0	0.0	1	1.05	15.78370024599097	230.0	17	1.05	0.95				
	119	1	130.4659822157895	26.669841668421057	0.0	0.0	1	1.038394907057531	9.33048140490286	230.0	15	1.05	0.95				
	120	1	92.26323604210528	18.740969821052637	0.0	0.0	1	1.040861835903542	8.96086351750167	230.0	15	1.05	0.95				
	121	2	0.0	0.0	0.0	0.0	1	1.05	16.21637635375619	230.0	17	1.05	0.95				
	122	2	0.0	0.0	0.0	0.0	1	1.05	29.281599465923403	230.0	17	1.05	0.95				
	123	2	0.0	0.0	0.0	0.0	1	1.0440415432970538	9.288882285879014	230.0	15	1.05	0.95				
	124	1	0.0	0.0	0.0	0.0	1	1.0196654037644193	7.2811680867292194	230.0	16	1.05	0.95				
	201	2	78.69227138526317	16.02990713403509	0.0	0.0	2	1.03857460646175	-10.968401452155751	138.0	21	1.05	0.95				
	202	2	70.67731781824561	14.572642849122808	0.0	0.0	2	1.0386618704260795	-11.09401815092949	138.0	22	1.05	0.95				
	203	1	131.15378564210528	26.959389270877193	0.0	0.0	2	1.0260450525756248	-7.565916426090625	138.0	21	1.05	0.95				
	204	1	53.918778541754385	10.929482136842106	0.0	0.0	2	1.018639816230552	-12.850360213543674	138.0	21	1.05	0.95				
	205	1	51.73288211438597	10.200849994385965	0.0	0.0	2	1.0349510129347634	-13.27984653964588	138.0	21	1.05	0.95				
	206	1	99.09397137403509	20.40169998877193	0.0	-100.0	2	1.038683907919227	-15.269121544237473	138.0	22	1.05	0.95				
	207	2	91.07901780701755	18.21580356140351	0.0	0.0	2	0.9639372854793359	-26.178238264231748	138.0	22	1.05	0.95				
	208	1	124.59609635999999	25.50212498596491	0.0	0.0	2	0.9679627151352874	-22.56205556691322	138.0	22	1.05	0.95				
	209	1	127.51062492982457	26.23075712842105	0.0	0.0	2	1.0251699514595187	-11.344858699450642	138.0	23	1.05	0.95				
	210	1	142.08326777894737	29.145285698245615	0.0	0.0	2	1.05	-13.340167487751932	138.0	23	1.05	0.95				
	211	1	0.0	0.0	0.0	0.0	2	1.0262452783608667	-6.660033545180923	230.0	23	1.05	0.95				
	212	1	0.0	0.0	0.0	0.0	2	1.0207036969344507	-5.646080111393723	230.0	23	1.05	0.95				
	213	2	193.0875177508772	39.346135692631584	0.0	0.0	2	1.0367094688417526	-3.4071754048759315	230.0	24	1.05	0.95				
	214	2	141.35463563649122	28.416653555789477	0.0	0.0	2	1.0420904306065544	-3.993953812350078	230.0	26	1.05	0.95				
	215	2	230.97638915859648	46.632457117192985	0.0	0.0	2	1.0440614293394688	4.275830501261196	230.0	26	1.05	0.95				
	216	2	72.86321424561405	14.572642849122808	0.0	0.0	2	1.048178959435279	4.256840287517415	230.0	26	1.05	0.95				
	217	1	0.0	0.0	0.0	0.0	2	1.0490393796670234	7.806585417590564	230.0	27	1.05	0.95				
	218	2	242.63450343789478	49.546985687017546	0.0	0.0	2	1.05	8.513941433360005	230.0	27	1.05	0.95				
	219	1	131.88241778456143	26.959389270877193	0.0	0.0	2	1.0439035457807608	3.3957633872026793	230.0	25	1.05	0.95				
	220	1	93.26491423438597	18.94443570385965	0.0	0.0	2	1.0465034344673196	4.008688972450962	230.0	25	1.05	0.95				
	221	2	0.0	0.0	0.0	0.0	2	1.05	8.826091753682928	230.0	27	1.05	0.95				
	222	2	0.0	0.0	0.0	0.0	2	1.05	14.938040186260674	230.0	27	1.05	0.95				
	223	2	0.0	0.0	0.0	0.0	2	1.05	4.874613825418106	230.0	25	1.05	0.95				
	224	1	0.0	0.0	0.0	0.0	2	1.022449205497563	-0.13033606782847065	230.0	26	1.05	0.95				
	301	2	72.00569440421053	14.667826637894738	0.0	0.0	3	1.0106998500123832	-22.942252649738666	138.0	31	1.05	0.95				
	302	2	64.67178108526316	13.334387852631579	0.0	0.0	3	1.0096317170723135	-23.167740749424222	138.0	32	1.05	0.95				
	303	1	120.00949067368423	24.668617527368422	0.0	0.0	3	1.0326685249186238	-11.952823770616021	138.0	31	1.05	0.95				
	304	1	49.337235054736844	10.000790889473684	0.0	0.0	3	1.0072289588537353	-20.789245836863962	138.0	31	1.05	0.95				
	305	1	47.337076876842104	9.334071496842107	0.0	0.0	3	1.0212920867925512	-22.47267034558425	138.0	31	1.05	0.95				
	306	1	90.67383739789476	18.668142993684214	0.0	-100.0	3	1.0337430459794927	-22.93227289583838	138.0	32	1.05	0.95				
	307	2	83.33992407894738	16.667984815789474	0.0	0.0	3	1.004141381471342	-24.638679277939396	138.0	32	1.05	0.95				
	308	1	114.00901614000001	23.33517874210526	0.0	0.0	3	0.999969677471336	-23.929734331108936	138.0	32	1.05	0.95				
	309	1	116.67589371052631	24.001898134736845	0.0	0.0	3	1.0296550884918798	-16.142496203123095	138.0	33	1.05	0.95				
	310	1	130.0102815631579	26.668775705263158	0.0	0.0	3	1.05	-19.86383438944392	138.0	33	1.05	0.95				
	311	1	0.0	0.0	0.0	0.0	3	1.0215877226395667	-12.329402417792213	230.0	33	1.05	0.95				
	312	1	0.0	0.0	0.0	0.0	3	1.0203004926714474	-11.870138765810815	230.0	33	1.05	0.95				
	313	2	176.6806390473684	36.002847202105265	0.0	0.0	3	1.0284761721294762	-9.133310220432648	230.0	34	1.05	0.95				
	314	2	129.34356217052633	26.002056312631584	0.0	0.0	3	1.034193502422494	-9.522369194532903	230.0	36	1.05	0.95				
	315	2	211.35004746421055	42.670041128421055	0.0	0.0	3	1.0486846312901719	-1.8240892905894992	230.0	36	1.05	0.95				
	316	2	66.6719392631579	13.334387852631579	0.0	0.0	3	1.0485688151075923	-1.5153396959573628	230.0	36	1.05	0.95				
	317	1	0.0	0.0	0.0	0.0	3	1.05	2.4737890715164355	230.0	37	1.05	0.95				
	318	2	222.0175577463158	45.33691869894738	0.0	0.0	3	1.046167417515992	1.8104382472733416	230.0	37	1.05	0.95				
	319	1	120.67621006631579	24.668617527368422	0.0	0.0	3	1.0445374665166764	-3.384061405963348	230.0	35	1.05	0.95				
	320	1	85.34008225684211	17.334704208421055	0.0	0.0	3	1.0470666870096634	-3.7634032898040664	230.0	35	1.05	0.95				
	321	2	0.0	0.0	0.0	0.0	3	1.05	2.289357160740863	230.0	37	1.05	0.95				
	322	2	0.0	0.0	0.0	0.0	3	1.05	8.138814995642587	230.0	37	1.05	0.95				
	323	2	0.0	0.0	0.0	0.0	3	1.0499999932873532	-3.48537507182037	230.0	35	1.05	0.95				
	324	1	0.0	0.0	0.0	0.0	3	1.029945841887243	-5.5972051123272095	230.0	36	1.05	0.95				
	325	1	0.0	0.0	0.0	0.0	3	1.0427666957353754	-1.8858782235302447	230.0	35	1.05	0.95				
];
