%% MATPOWER Case Format : Version 2
function mpc = RTS_GMLC
mpc.version = '2';

%%-----  Power Flow Data  -----%%
%% system MVA base
mpc.baseMVA = 100.0;
%% bus data
%    bus_i    type    Pd    Qd    Gs    Bs    area    Vm    Va    baseKV    zone    Vmax    Vmin
mpc.bus = [
	101	2	37.04651162905264	7.546511628140353	0.0	0.0	1	1.0141163238816853	1.7757504439749148	138.0	11	1.05	0.95				
	102	2	33.27325581498246	6.86046511649123	0.0	0.0	1	1.0117031026574599	1.101306912862396	138.0	12	1.05	0.95				
	103	1	61.74418604842106	12.691860465508773	0.0	0.0	1	1.0292065665103272	3.676130800502185	138.0	11	1.05	0.95				
	104	1	25.383720931017546	5.145348837368421	0.0	0.0	1	1.013710495318218	-0.6965065091789664	138.0	11	1.05	0.95				
	105	1	24.35465116354386	4.802325581543861	0.0	0.0	1	1.0275166571662036	-0.6914295561072942	138.0	11	1.05	0.95				
	106	1	46.65116279214036	9.604651163087722	0.0	-100.0	1	1.043164453542802	-2.574185546404926	138.0	12	1.05	0.95				
	107	2	42.87790697807018	8.575581395614035	0.0	0.0	1	0.9837580309127509	-8.306907890651669	138.0	12	1.05	0.95				
	108	1	58.65697674600001	12.005813953859649	0.0	0.0	1	0.9967742546165053	-6.421956164624716	138.0	12	1.05	0.95				
	109	1	60.029069769298246	12.348837209684211	0.0	0.0	1	1.024539176459427	-0.7227742525209815	138.0	13	1.05	0.95				
	110	1	66.88953488578949	13.72093023298246	0.0	0.0	1	1.05	-2.0513858165513925	138.0	13	1.05	0.95				
	111	1	0.0	0.0	0.0	0.0	1	1.012508311649294	1.299987399301071	230.0	13	1.05	0.95				
	112	1	0.0	0.0	0.0	0.0	1	1.009430490500819	0.11763771168371015	230.0	13	1.05	0.95				
	113	3	90.90116279350879	18.52325581452632	0.0	0.0	1	0.9861286933790293	-6.498765949731545e-30	230.0	14	1.05	0.95				
	114	2	66.54651162996493	13.377906977157897	0.0	0.0	1	1.0375838348268946	5.066464152812789	230.0	16	1.05	0.95				
	115	2	108.73837209638597	21.953488372771936	0.0	0.0	1	1.0429908036933784	14.364023865056907	230.0	16	1.05	0.95				
	116	2	34.30232558245614	6.86046511649123	0.0	0.0	1	1.041673886303929	12.559274320884706	230.0	16	1.05	0.95				
	117	1	0.0	0.0	0.0	0.0	1	1.0411933383728034	18.42468015522066	230.0	17	1.05	0.95				
	118	2	114.22674418957897	23.32558139607018	0.0	0.0	1	1.05	18.96829852134707	230.0	17	1.05	0.95				
	119	1	62.087209304245626	12.691860465508773	0.0	0.0	1	1.036326502651015	8.347521022392101	230.0	15	1.05	0.95				
	120	1	43.90697674554387	8.918604651438597	0.0	0.0	1	1.0376330102644098	5.334798011505502	230.0	15	1.05	0.95				
	121	2	0.0	0.0	0.0	0.0	1	1.0432451421619453	20.364593320881074	230.0	17	1.05	0.95				
	122	2	0.0	0.0	0.0	0.0	1	1.05	38.32593744066226	230.0	17	1.05	0.95				
	123	2	0.0	0.0	0.0	0.0	1	1.0392218198891177	3.9403866421689875	230.0	15	1.05	0.95				
	124	1	0.0	0.0	0.0	0.0	1	1.024466021020394	10.372964193502275	230.0	16	1.05	0.95				
	201	2	43.79159451789473	8.920509994385965	0.0	0.0	2	1.0127133051222312	-14.163668320357175	138.0	21	1.05	0.95				
	202	2	39.331339520701746	8.109554540350878	0.0	0.0	2	1.0119203412840672	-14.456450101811622	138.0	22	1.05	0.95				
	203	1	72.9859908631579	15.00267589964912	0.0	0.0	2	1.0105792555149122	-9.841276646900338	138.0	21	1.05	0.95				
	204	1	30.00535179929824	6.082165905263157	0.0	0.0	2	1.0110609495504232	-14.039456180649822	138.0	21	1.05	0.95				
	205	1	28.788918618245606	5.676688178245614	0.0	0.0	2	1.026436434169114	-14.506399113385863	138.0	21	1.05	0.95				
	206	1	55.144970874385955	11.353376356491228	0.0	-100.0	2	1.0420816966971984	-15.210765150142942	138.0	22	1.05	0.95				
	207	2	50.68471587719298	10.136943175438596	0.0	0.0	2	0.9954424401531038	-20.04865893391854	138.0	22	1.05	0.95				
	208	1	69.33669131999999	14.191720445614031	0.0	0.0	2	1.0009848715143177	-18.2238175000738	138.0	22	1.05	0.95				
	209	1	70.95860222807016	14.597198172631575	0.0	0.0	2	1.0220256519772746	-12.014301936878274	138.0	23	1.05	0.95				
	210	1	79.06815676842103	16.219109080701756	0.0	0.0	2	1.05	-13.542955204500196	138.0	23	1.05	0.95				
	211	1	0.0	0.0	0.0	0.0	2	1.0073143999239615	-8.980920626756793	230.0	23	1.05	0.95				
	212	1	0.0	0.0	0.0	0.0	2	1.0078774458110713	-8.085037466652006	230.0	23	1.05	0.95				
	213	2	107.45159765964911	21.895797258947365	0.0	0.0	2	1.003686989930373	-7.441681545483926	230.0	24	1.05	0.95				
	214	2	78.66267904140349	15.81363135368421	0.0	0.0	2	1.01064291624004	-6.4390043541871655	230.0	26	1.05	0.95				
	215	2	128.5364394645614	25.950574529122804	0.0	0.0	2	1.0224736348659451	-0.2714076656659084	230.0	26	1.05	0.95				
	216	2	40.54777270175438	8.109554540350878	0.0	0.0	2	1.025751510230615	-0.36704126365397455	230.0	26	1.05	0.95				
	217	1	0.0	0.0	0.0	0.0	2	1.0324358032996497	1.234852892948046	230.0	27	1.05	0.95				
	218	2	135.02408309684208	27.572485437192977	0.0	0.0	2	1.030654993537012	0.7232707048082632	230.0	27	1.05	0.95				
	219	1	73.39146859017544	15.00267589964912	0.0	0.0	2	1.0258455317016608	-0.21397374609725814	230.0	25	1.05	0.95				
	220	1	51.90114905824561	10.54242090245614	0.0	0.0	2	1.0285595775646834	0.7107809914301504	230.0	25	1.05	0.95				
	221	2	0.0	0.0	0.0	0.0	2	1.0310673441775904	1.194768432740459	230.0	27	1.05	0.95				
	222	2	0.0	0.0	0.0	0.0	2	1.05	7.704706119947423	230.0	27	1.05	0.95				
	223	2	0.0	0.0	0.0	0.0	2	1.0307594926210315	1.5277636424255372	230.0	25	1.05	0.95				
	224	1	0.0	0.0	0.0	0.0	2	1.0062485898844324	-3.8488136282543866	230.0	26	1.05	0.95				
	301	2	54.71749447578947	11.146156282105263	0.0	0.0	3	1.0126670859870621	-6.013177028298407	138.0	31	1.05	0.95				
	302	2	49.14441633473684	10.132869347368421	0.0	0.0	3	1.011729616502592	-6.205391125049579	138.0	32	1.05	0.95				
	303	1	91.19582412631578	18.745808292631576	0.0	0.0	3	1.0387923511807369	3.1299563333840617	138.0	31	1.05	0.95				
	304	1	37.49161658526315	7.599652010526316	0.0	0.0	3	1.011917927768651	-4.382307030128626	138.0	31	1.05	0.95				
	305	1	35.97168618315789	7.093008543157896	0.0	0.0	3	1.0248754705647696	-5.994907365336249	138.0	31	1.05	0.95				
	306	1	68.90351156210527	14.186017086315792	0.0	-100.0	3	1.0391054620156432	-6.5612226212470475	138.0	32	1.05	0.95				
	307	2	63.330433421052625	12.666086684210526	0.0	0.0	3	0.9940775731140626	-11.822553154631933	138.0	32	1.05	0.95				
	308	1	86.63603291999999	17.732521357894733	0.0	0.0	3	0.9972688974657472	-9.471011333270468	138.0	32	1.05	0.95				
	309	1	88.66260678947368	18.239164825263156	0.0	0.0	3	1.0290115105855442	-0.8327775340905457	138.0	33	1.05	0.95				
	310	1	98.7954761368421	20.265738694736843	0.0	0.0	3	1.05	-4.34929210474437	138.0	33	1.05	0.95				
	311	1	0.0	0.0	0.0	0.0	3	1.0126351695357236	1.7352463641074405	230.0	33	1.05	0.95				
	312	1	0.0	0.0	0.0	0.0	3	1.0127026327718762	2.1211771939834314	230.0	33	1.05	0.95				
	313	2	134.26051885263158	27.358747237894736	0.0	0.0	3	1.011653037481565	4.794936342460598	230.0	34	1.05	0.95				
	314	2	98.28883266947368	19.75909522736842	0.0	0.0	3	1.0181339165453682	3.464496316617092	230.0	36	1.05	0.95				
	315	2	160.60597915578947	32.425181911578946	0.0	0.0	3	1.0411931314002116	8.41542152595655	230.0	36	1.05	0.95				
	316	2	50.664346736842106	10.132869347368421	0.0	0.0	3	1.0403424730420419	8.953250629257889	230.0	36	1.05	0.95				
	317	1	0.0	0.0	0.0	0.0	3	1.05	13.54054123584396	230.0	37	1.05	0.95				
	318	2	168.71227463368422	34.45175578105263	0.0	0.0	3	1.0447146874354536	10.865819034516429	230.0	37	1.05	0.95				
	319	1	91.70246759368422	18.745808292631576	0.0	0.0	3	1.031393541258743	7.646324269882079	230.0	35	1.05	0.95				
	320	1	64.85036382315789	13.172730151578948	0.0	0.0	3	1.0276075864457843	7.47603136602066	230.0	35	1.05	0.95				
	321	2	0.0	0.0	0.0	0.0	3	1.0449116973746353	10.69101472480701	230.0	37	1.05	0.95				
	322	2	0.0	0.0	0.0	0.0	3	1.05	16.151359553671405	230.0	37	1.05	0.95				
	323	2	0.0	0.0	0.0	0.0	3	1.0264181593982258	7.770955127134339	230.0	35	1.05	0.95				
	324	1	0.0	0.0	0.0	0.0	3	1.03267610756692	6.425234368985462	230.0	36	1.05	0.95				
	325	1	0.0	0.0	0.0	0.0	3	1.02459961240192	8.833336632398	230.0	35	1.05	0.95				
];
