%% MATPOWER Case Format : Version 2
function mpc = RTS_GMLC
mpc.version = '2';

%%-----  Power Flow Data  -----%%
%% system MVA base
mpc.baseMVA = 100.0;
%% bus data
%    bus_i    type    Pd    Qd    Gs    Bs    area    Vm    Va    baseKV    zone    Vmax    Vmin
mpc.bus = [
	101	2	37.34042553094737	7.606382978526316	0.0	0.0	1	0.9891057330543913	-5.929177036252893	138.0	11	1.05	0.95				
	102	2	33.53723404168421	6.914893616842105	0.0	0.0	1	0.9889311716456932	-6.094747632843226	138.0	12	1.05	0.95				
	103	1	62.23404255157895	12.792553191157893	0.0	0.0	1	1.0225193098234981	0.44702340575740285	138.0	11	1.05	0.95				
	104	1	25.585106382315786	5.186170212631579	0.0	0.0	1	1.0037313791023543	-5.323004644577762	138.0	11	1.05	0.95				
	105	1	24.54787233978947	4.8404255317894735	0.0	0.0	1	1.0151835893649659	-6.1052119351930765	138.0	11	1.05	0.95				
	106	1	47.02127659452632	9.680851063578947	0.0	-100.0	1	1.0381650118393477	-6.6486442354105835	138.0	12	1.05	0.95				
	107	2	43.21808510526316	8.64361702105263	0.0	0.0	1	0.9856171223582054	-10.265026699649798	138.0	12	1.05	0.95				
	108	1	59.122340424	12.101063829473683	0.0	0.0	1	0.9983944201992515	-8.765704449598687	138.0	12	1.05	0.95				
	109	1	60.50531914736842	12.446808510315787	0.0	0.0	1	1.0256042751425067	-3.2631207119136	138.0	13	1.05	0.95				
	110	1	67.42021276421052	13.82978723368421	0.0	0.0	1	1.05	-5.149217277558504	138.0	13	1.05	0.95				
	111	1	0.0	0.0	0.0	0.0	1	1.017847671866056	-0.1477279489285371	230.0	13	1.05	0.95				
	112	1	0.0	0.0	0.0	0.0	1	1.0126274833430016	-1.30897602770862	230.0	13	1.05	0.95				
	113	3	91.6223404231579	18.670212765473686	0.0	0.0	1	0.9932781228069082	5.827695890062505e-28	230.0	14	1.05	0.95				
	114	2	67.07446808336842	13.484042552842105	0.0	0.0	1	1.0499999764315764	3.6836794356572042	230.0	16	1.05	0.95				
	115	2	109.60106382694737	22.127659573894736	0.0	0.0	1	1.0431220754545427	13.160815086551445	230.0	16	1.05	0.95				
	116	2	34.57446808421052	6.914893616842105	0.0	0.0	1	1.0448322606685219	11.372776784928156	230.0	16	1.05	0.95				
	117	1	0.0	0.0	0.0	0.0	1	1.0419976304235932	17.397334018611904	230.0	17	1.05	0.95				
	118	2	115.13297872042105	23.51063829726316	0.0	0.0	1	1.05	18.017150387264508	230.0	17	1.05	0.95				
	119	1	62.57978723242105	12.792553191157893	0.0	0.0	1	1.0426387835878383	7.1815357223312954	230.0	15	1.05	0.95				
	120	1	44.25531914778947	8.989361701894737	0.0	0.0	1	1.046641797237342	4.203552265543025	230.0	15	1.05	0.95				
	121	2	0.0	0.0	0.0	0.0	1	1.0425499936887834	19.490165550847905	230.0	17	1.05	0.95				
	122	2	0.0	0.0	0.0	0.0	1	1.05	37.45731839063074	230.0	17	1.05	0.95				
	123	2	0.0	0.0	0.0	0.0	1	1.0496836592154928	2.831063200495595	230.0	15	1.05	0.95				
	124	1	0.0	0.0	0.0	0.0	1	1.0193698118942243	8.440196337210232	230.0	16	1.05	0.95				
	201	2	39.082638126315786	7.961278136842105	0.0	0.0	2	1.0204206127400637	-14.531727085545622	138.0	21	1.05	0.95				
	202	2	35.10199905789474	7.237525578947368	0.0	0.0	2	1.0195228837397048	-14.806791768222107	138.0	22	1.05	0.95				
	203	1	65.13773021052631	13.38942232105263	0.0	0.0	2	1.013502691340443	-10.794466477099151	138.0	21	1.05	0.95				
	204	1	26.77884464210526	5.428144184210526	0.0	0.0	2	1.015072081278851	-14.492180429195043	138.0	21	1.05	0.95				
	205	1	25.693215805263154	5.0662679052631585	0.0	0.0	2	1.0310046942566335	-14.895823289554224	138.0	21	1.05	0.95				
	206	1	49.215173936842106	10.132535810526317	0.0	-100.0	2	1.0451886647784603	-15.573907714069149	138.0	22	1.05	0.95				
	207	2	45.23453486842105	9.04690697368421	0.0	0.0	2	1.0024651384630259	-19.88606334768571	138.0	22	1.05	0.95				
	208	1	61.8808437	12.665669763157894	0.0	0.0	2	1.006629630642799	-18.26754744307811	138.0	22	1.05	0.95				
	209	1	63.32834881578947	13.027546042105262	0.0	0.0	2	1.0213345098112163	-12.728961740923328	138.0	23	1.05	0.95				
	210	1	70.56587439473684	14.475051157894736	0.0	0.0	2	1.0499999994475633	-14.098370318008067	138.0	23	1.05	0.95				
	211	1	0.0	0.0	0.0	0.0	2	1.0036522830649626	-10.036636412249239	230.0	23	1.05	0.95				
	212	1	0.0	0.0	0.0	0.0	2	0.9992350385897129	-9.271738177881351	230.0	23	1.05	0.95				
	213	2	95.89721392105263	19.541319063157893	0.0	0.0	2	0.992110260194061	-8.677294264990497	230.0	24	1.05	0.95				
	214	2	70.20399811578947	14.113174878947369	0.0	0.0	2	1.009119719071467	-7.723299094817008	230.0	26	1.05	0.95				
	215	2	114.71478042631577	23.160081852631578	0.0	0.0	2	1.0215318399147035	-1.6354879972810132	230.0	26	1.05	0.95				
	216	2	36.18762789473684	7.237525578947368	0.0	0.0	2	1.0206604970641984	-2.195090719212338	230.0	26	1.05	0.95				
	217	1	0.0	0.0	0.0	0.0	2	1.032072325834548	-0.23619839465331802	230.0	27	1.05	0.95				
	218	2	120.50480088947369	24.607586968421053	0.0	0.0	2	1.0309996726108412	-0.6470941924557498	230.0	27	1.05	0.95				
	219	1	65.49960648947368	13.38942232105263	0.0	0.0	2	1.0111321983387684	-2.067942827174464	230.0	25	1.05	0.95				
	220	1	46.320163705263155	9.40878325263158	0.0	0.0	2	1.0050473600893677	-1.2230352892184775	230.0	25	1.05	0.95				
	221	2	0.0	0.0	0.0	0.0	2	1.031002576912703	-0.178178067833054	230.0	27	1.05	0.95				
	222	2	0.0	0.0	0.0	0.0	2	1.049999997781412	6.292982309268959	230.0	27	1.05	0.95				
	223	2	0.0	0.0	0.0	0.0	2	1.0022324577122135	-0.4585347654074518	230.0	25	1.05	0.95				
	224	1	0.0	0.0	0.0	0.0	2	1.0072316091853335	-5.072341150908464	230.0	26	1.05	0.95				
	301	2	39.49636191157895	8.045555204210526	0.0	0.0	3	1.0086811528599984	21.55943557539642	138.0	31	1.05	0.95				
	302	2	35.47358430947368	7.314141094736843	0.0	0.0	3	1.0083769481818883	21.194906250000493	138.0	32	1.05	0.95				
	303	1	65.82726985263159	13.531161025263158	0.0	0.0	3	1.05	35.96435444434591	138.0	31	1.05	0.95				
	304	1	27.062322050526316	5.485605821052632	0.0	0.0	3	1.0081556508392957	22.297210435436178	138.0	31	1.05	0.95				
	305	1	25.965200886315788	5.11989876631579	0.0	0.0	3	1.0224187486871719	19.668481351148106	138.0	31	1.05	0.95				
	306	1	49.73615944421053	10.23979753263158	0.0	-100.0	3	1.0383193258754873	18.149403075206717	138.0	32	1.05	0.95				
	307	2	45.713381842105264	9.142676368421053	0.0	0.0	3	0.95	15.6292957011537	138.0	32	1.05	0.95				
	308	1	62.535906360000006	12.799746915789473	0.0	0.0	3	0.9740360185055962	17.109031152126953	138.0	32	1.05	0.95				
	309	1	63.99873457894737	13.165453970526316	0.0	0.0	3	1.0186955825549893	24.726372737905695	138.0	33	1.05	0.95				
	310	1	71.3128756736842	14.628282189473685	0.0	0.0	3	1.0453483115578586	18.968767904256058	138.0	33	1.05	0.95				
	311	1	0.0	0.0	0.0	0.0	3	1.009364983529805	21.923167954268834	230.0	33	1.05	0.95				
	312	1	0.0	0.0	0.0	0.0	3	1.01405093291241	21.653101622559717	230.0	33	1.05	0.95				
	313	2	96.91236950526316	19.748180955789476	0.0	0.0	3	1.0084179040006267	21.362391747368335	230.0	34	1.05	0.95				
	314	2	70.94716861894736	14.262575134736844	0.0	0.0	3	1.0076695525659556	22.569045536552306	230.0	36	1.05	0.95				
	315	2	115.92913635157896	23.405251503157896	0.0	0.0	3	1.05	26.23679533993222	230.0	36	1.05	0.95				
	316	2	36.570705473684214	7.314141094736843	0.0	0.0	3	1.0423719220224181	25.57277914222346	230.0	36	1.05	0.95				
	317	1	0.0	0.0	0.0	0.0	3	1.0488400691196842	30.135391637352825	230.0	37	1.05	0.95				
	318	2	121.78044922736844	24.868079722105264	0.0	0.0	3	1.0400625464187827	26.467610653235457	230.0	37	1.05	0.95				
	319	1	66.19297690736843	13.531161025263158	0.0	0.0	3	1.0322725801034098	23.458980548799133	230.0	35	1.05	0.95				
	320	1	46.81050300631579	9.508383423157895	0.0	0.0	3	1.0265052939364152	22.304716159573736	230.0	35	1.05	0.95				
	321	2	0.0	0.0	0.0	0.0	3	1.049998109651027	27.03658510265088	230.0	37	1.05	0.95				
	322	2	0.0	0.0	0.0	0.0	3	1.05	32.598604877391416	230.0	37	1.05	0.95				
	323	2	0.0	0.0	0.0	0.0	3	1.0235822364813487	21.949667431451385	230.0	35	1.05	0.95				
	324	1	0.0	0.0	0.0	0.0	3	1.0469290689441095	29.95404924579967	230.0	36	1.05	0.95				
	325	1	0.0	0.0	0.0	0.0	3	1.0263816535677601	21.749175604338667	230.0	35	1.05	0.95				
];
