%% MATPOWER Case Format : Version 2
function mpc = RTS_GMLC
mpc.version = '2';

%%-----  Power Flow Data  -----%%
%% system MVA base
mpc.baseMVA = 100.0;
%% bus data
%    bus_i    type    Pd    Qd    Gs    Bs    area    Vm    Va    baseKV    zone    Vmax    Vmin
mpc.bus = [
	101	2	36.31172686863158	7.3968332510175445	0.0	0.0	1	1.0277743435282085	3.1565425595390963	138.0	11	1.05	0.95				
	102	2	32.613310243122804	6.724393864561404	0.0	0.0	1	1.0261562507757906	2.7160630676398942	138.0	12	1.05	0.95				
	103	1	60.51954478105262	12.440128649438597	0.0	0.0	1	1.0326253697681649	3.124222261021095	138.0	11	1.05	0.95				
	104	1	24.880257298877194	5.043295398421052	0.0	0.0	1	1.0200142470757287	0.10820969287976571	138.0	11	1.05	0.95				
	105	1	23.87159821919298	4.707075705192983	0.0	0.0	1	1.0342756900222554	0.23874041586179004	138.0	11	1.05	0.95				
	106	1	45.72587827901754	9.414151410385966	0.0	-100.0	1	1.0465105797400722	-1.8381849393820593	138.0	12	1.05	0.95				
	107	2	42.027461653508766	8.405492330701755	0.0	0.0	1	1.0004049132842512	-7.748275927087154	138.0	12	1.05	0.95				
	108	1	57.493567542	11.767689262982454	0.0	0.0	1	1.0067837164712121	-5.981869657286584	138.0	12	1.05	0.95				
	109	1	58.838446314912275	12.103908956210525	0.0	0.0	1	1.0243896133189612	-0.6383077934678671	138.0	13	1.05	0.95				
	110	1	65.56284017947368	13.448787729122808	0.0	0.0	1	1.05	-1.6383376852452247	138.0	13	1.05	0.95				
	111	1	0.0	0.0	0.0	0.0	1	1.0025459793005003	0.9909580428548506	230.0	13	1.05	0.95				
	112	1	0.0	0.0	0.0	0.0	1	1.0065047007506498	0.0985456127630503	230.0	13	1.05	0.95				
	113	3	89.0982187054386	18.15586343431579	0.0	0.0	1	0.990022341329569	-3.0657465933622265e-29	230.0	14	1.05	0.95				
	114	2	65.22662048624561	13.112568035894737	0.0	0.0	1	1.0034149214951635	4.10607706504245	230.0	16	1.05	0.95				
	115	2	106.58164275329824	21.518060366596494	0.0	0.0	1	1.042407717426693	11.788794193104149	230.0	16	1.05	0.95				
	116	2	33.62196932280702	6.724393864561404	0.0	0.0	1	1.0349569826473768	10.367267739153386	230.0	16	1.05	0.95				
	117	1	0.0	0.0	0.0	0.0	1	1.0405482464750018	15.308042948978848	230.0	17	1.05	0.95				
	118	2	111.96115784494735	22.86293913950877	0.0	0.0	1	1.0495064938792689	15.653774925724996	230.0	17	1.05	0.95				
	119	1	60.855764474280704	12.440128649438597	0.0	0.0	1	1.0227116848592026	6.880095043165326	230.0	15	1.05	0.95				
	120	1	43.03612073319299	8.741712023929825	0.0	0.0	1	1.0166548965724842	4.462866875686664	230.0	15	1.05	0.95				
	121	2	0.0	0.0	0.0	0.0	1	1.05	16.799364921213016	230.0	17	1.05	0.95				
	122	2	0.0	0.0	0.0	0.0	1	1.05	32.72021639173338	230.0	17	1.05	0.95				
	123	2	0.0	0.0	0.0	0.0	1	1.0138710068229244	3.389020068771443	230.0	15	1.05	0.95				
	124	1	0.0	0.0	0.0	0.0	1	1.0277766032455502	8.54377544720173	230.0	16	1.05	0.95				
	201	2	38.997638905263166	7.943963480701754	0.0	0.0	2	1.014449647428113	-12.471873198811013	138.0	21	1.05	0.95				
	202	2	35.02565716491228	7.221784982456141	0.0	0.0	2	1.013566002915075	-12.753098496578575	138.0	22	1.05	0.95				
	203	1	64.99606484210527	13.36030221754386	0.0	0.0	2	1.0150460159642964	-8.734680538040177	138.0	21	1.05	0.95				
	204	1	26.72060443508772	5.416338736842106	0.0	0.0	2	1.0129613205995667	-12.499767243111707	138.0	21	1.05	0.95				
	205	1	25.637336687719298	5.055249487719299	0.0	0.0	2	1.02796483469522	-12.906034540296117	138.0	21	1.05	0.95				
	206	1	49.10813788070176	10.110498975438597	0.0	-100.0	2	1.0437431836910311	-13.622692759971255	138.0	22	1.05	0.95				
	207	2	45.13615614035088	9.027231228070177	0.0	0.0	2	0.9969249501753198	-17.876974153091414	138.0	22	1.05	0.95				
	208	1	61.74626160000001	12.638123719298248	0.0	0.0	2	1.0036861722542025	-16.28717330384134	138.0	22	1.05	0.95				
	209	1	63.190618596491234	12.999212968421054	0.0	0.0	2	1.0223461687909925	-10.789767177237495	138.0	23	1.05	0.95				
	210	1	70.41240357894736	14.443569964912282	0.0	0.0	2	1.05	-12.176170658845978	138.0	23	1.05	0.95				
	211	1	0.0	0.0	0.0	0.0	2	1.0033963051511128	-8.112539983589956	230.0	23	1.05	0.95				
	212	1	0.0	0.0	0.0	0.0	2	1.0059643190199024	-7.454371611663921	230.0	23	1.05	0.95				
	213	2	95.68865101754386	19.498819452631583	0.0	0.0	2	0.9976963883711322	-6.870864352418755	230.0	24	1.05	0.95				
	214	2	70.05131432982456	14.082480715789474	0.0	0.0	2	1.0030181791151662	-5.692177132134441	230.0	26	1.05	0.95				
	215	2	114.46529197192983	23.10971194385965	0.0	0.0	2	1.017554063654506	0.12975752997694048	230.0	26	1.05	0.95				
	216	2	36.108924912280706	7.221784982456141	0.0	0.0	2	1.0188946904810077	-0.0726358490677177	230.0	26	1.05	0.95				
	217	1	0.0	0.0	0.0	0.0	2	1.0235423131154502	1.4826601431798716	230.0	27	1.05	0.95				
	218	2	120.24271995789475	24.55406894035088	0.0	0.0	2	1.0229483596759639	1.0865471709765113	230.0	27	1.05	0.95				
	219	1	65.35715409122808	13.36030221754386	0.0	0.0	2	1.0194093625063303	-0.27161582357780634	230.0	25	1.05	0.95				
	220	1	46.2194238877193	9.388320477192984	0.0	0.0	2	1.0219566493679828	0.27202498386297164	230.0	25	1.05	0.95				
	221	2	0.0	0.0	0.0	0.0	2	1.0247547577353966	1.5718701432199709	230.0	27	1.05	0.95				
	222	2	0.0	0.0	0.0	0.0	2	1.046718688238982	8.06835628189965	230.0	27	1.05	0.95				
	223	2	0.0	0.0	0.0	0.0	2	1.0237354606824145	0.8510800962379993	230.0	25	1.05	0.95				
	224	1	0.0	0.0	0.0	0.0	2	1.0056933244369743	-3.2155275134043304	230.0	26	1.05	0.95				
	301	2	44.416323966315794	9.047769696842105	0.0	0.0	3	1.0092204055888316	-11.138445813046852	138.0	31	1.05	0.95				
	302	2	39.89243911789473	8.225245178947368	0.0	0.0	3	1.0090846607301098	-11.262796972752623	138.0	32	1.05	0.95				
	303	1	74.0272066105263	15.216703581052633	0.0	0.0	3	1.029070288477029	-5.031670015338767	138.0	31	1.05	0.95				
	304	1	30.433407162105265	6.168933884210526	0.0	0.0	3	1.0121968586542094	-9.743363831236739	138.0	31	1.05	0.95				
	305	1	29.199620385263152	5.757671625263158	0.0	0.0	3	1.0244411689462425	-10.90386461964594	138.0	31	1.05	0.95				
	306	1	55.93166721684211	11.515343250526316	0.0	-100.0	3	1.041233299632202	-11.266054994968728	138.0	32	1.05	0.95				
	307	2	51.40778236842105	10.28155647368421	0.0	0.0	3	0.9919813829296137	-15.380247329781888	138.0	32	1.05	0.95				
	308	1	70.32584628	14.394179063157894	0.0	0.0	3	0.9999066755464947	-13.555392802761435	138.0	32	1.05	0.95				
	309	1	71.97089531578948	14.805441322105262	0.0	0.0	3	1.027560213205074	-6.821350834585379	138.0	33	1.05	0.95				
	310	1	80.19614049473684	16.450490357894736	0.0	0.0	3	1.05	-9.343778146703658	138.0	33	1.05	0.95				
	311	1	0.0	0.0	0.0	0.0	3	1.0058901747477296	-4.320803887863558	230.0	33	1.05	0.95				
	312	1	0.0	0.0	0.0	0.0	3	1.0116867804019616	-3.588682173173848	230.0	33	1.05	0.95				
	313	2	108.98449862105262	22.208161983157897	0.0	0.0	3	1.0095376544313608	-0.8944272009473634	230.0	34	1.05	0.95				
	314	2	79.78487823578946	16.039228098947365	0.0	0.0	3	0.9993985910358508	-3.4239273565588704	230.0	36	1.05	0.95				
	315	2	130.37013608631577	26.320784572631577	0.0	0.0	3	1.0259844437281007	-0.22352490764131774	230.0	36	1.05	0.95				
	316	2	41.12622589473684	8.225245178947368	0.0	0.0	3	1.0251275450281203	0.287018805857168	230.0	36	1.05	0.95				
	317	1	0.0	0.0	0.0	0.0	3	1.0341228052077367	2.9152052525695638	230.0	37	1.05	0.95				
	318	2	136.95033222947367	27.965833608421054	0.0	0.0	3	1.031293094958489	1.7016786406618178	230.0	37	1.05	0.95				
	319	1	74.43846886947368	15.216703581052633	0.0	0.0	3	1.0225172357027394	0.14717299461152303	230.0	35	1.05	0.95				
	320	1	52.641569145263155	10.69281873263158	0.0	0.0	3	1.0229348213748308	0.834797856574991	230.0	35	1.05	0.95				
	321	2	0.0	0.0	0.0	0.0	3	1.0318382895234026	1.6410256095551123	230.0	37	1.05	0.95				
	322	2	0.0	0.0	0.0	0.0	3	1.046325494236453	6.478436358146407	230.0	37	1.05	0.95				
	323	2	0.0	0.0	0.0	0.0	3	1.023826892385253	1.531966036834463	230.0	35	1.05	0.95				
	324	1	0.0	0.0	0.0	0.0	3	1.0200450861972805	-2.0466506513419054	230.0	36	1.05	0.95				
	325	1	0.0	0.0	0.0	0.0	3	1.0214062186074875	2.8270696377010363	230.0	35	1.05	0.95				
];
