%% MATPOWER Case Format : Version 2
function mpc = RTS_GMLC
mpc.version = '2';

%%-----  Power Flow Data  -----%%
%% system MVA base
mpc.baseMVA = 100.0;
%% bus data
%    bus_i    type    Pd    Qd    Gs    Bs    area    Vm    Va    baseKV    zone    Vmax    Vmin
mpc.bus = [
	101	2	50.23255812631579	10.232558136842105	0.0	0.0	1	1.0369346238567374	0.38664071875280137	138.0	11	1.05	0.95				
	102	2	45.11627905789473	9.302325578947368	0.0	0.0	1	1.0365762563093246	0.24823584710124563	138.0	12	1.05	0.95				
	103	1	83.72093021052632	17.20930232105263	0.0	0.0	1	1.0269749503516965	-1.675663881154919	138.0	11	1.05	0.95				
	104	1	34.41860464210526	6.976744184210526	0.0	0.0	1	1.0221444989002935	-2.9612537561862746	138.0	11	1.05	0.95				
	105	1	33.023255805263155	6.511627905263158	0.0	0.0	1	1.0371414239872463	-2.7463681515464065	138.0	11	1.05	0.95				
	106	1	63.25581393684211	13.023255810526315	0.0	-100.0	1	1.045224075008349	-4.975636053552555	138.0	12	1.05	0.95				
	107	2	58.13953486842105	11.62790697368421	0.0	0.0	1	1.000620536431229	-11.554255641152395	138.0	12	1.05	0.95				
	108	1	79.5348837	16.279069763157892	0.0	0.0	1	1.0027123978527237	-9.834719024779425	138.0	12	1.05	0.95				
	109	1	81.39534881578948	16.744186042105262	0.0	0.0	1	1.0246522175644281	-3.7156878936112947	138.0	13	1.05	0.95				
	110	1	90.69767439473684	18.604651157894736	0.0	0.0	1	1.05	-4.46970804099292	138.0	13	1.05	0.95				
	111	1	0.0	0.0	0.0	0.0	1	1.0037653861767133	-1.4074006573593592	230.0	13	1.05	0.95				
	112	1	0.0	0.0	0.0	0.0	1	1.0094518050277461	-0.9500989043847657	230.0	13	1.05	0.95				
	113	3	123.25581392105262	25.116279063157894	0.0	0.0	1	1.0004102277771918	-2.3069791611614413e-26	230.0	14	1.05	0.95				
	114	2	90.23255811578946	18.13953487894737	0.0	0.0	1	0.9982877505854042	0.18301147296082626	230.0	16	1.05	0.95				
	115	2	147.44186042631577	29.767441852631578	0.0	0.0	1	1.0353523694266984	5.434675296125557	230.0	16	1.05	0.95				
	116	2	46.51162789473684	9.302325578947368	0.0	0.0	1	1.030692913742652	5.154156223897338	230.0	16	1.05	0.95				
	117	1	0.0	0.0	0.0	0.0	1	1.039856516341475	6.885917422265919	230.0	17	1.05	0.95				
	118	2	154.8837208894737	31.627906968421055	0.0	0.0	1	1.0430007748552115	6.798099405073754	230.0	17	1.05	0.95				
	119	1	84.18604648947368	17.20930232105263	0.0	0.0	1	1.0245621197980228	4.151997165828463	230.0	15	1.05	0.95				
	120	1	59.534883705263155	12.093023252631578	0.0	0.0	1	1.022666386128847	4.185422160461756	230.0	15	1.05	0.95				
	121	2	0.0	0.0	0.0	0.0	1	1.048483343406233	7.775850715954694	230.0	17	1.05	0.95				
	122	2	0.0	0.0	0.0	0.0	1	1.05	14.51175152660393	230.0	17	1.05	0.95				
	123	2	0.0	0.0	0.0	0.0	1	1.02237124707302	4.564552882672612	230.0	15	1.05	0.95				
	124	1	0.0	0.0	0.0	0.0	1	1.0229452646546817	2.7713163433449157	230.0	16	1.05	0.95				
	201	2	50.999527781052635	10.388792696140351	0.0	0.0	2	1.0256244487296124	-12.383001291317255	138.0	21	1.05	0.95				
	202	2	45.805131432982456	9.444356996491228	0.0	0.0	2	1.026618568224065	-12.210042084918202	138.0	22	1.05	0.95				
	203	1	84.99921296842106	17.47206044350877	0.0	0.0	2	1.0167941818934385	-10.69601664979924	138.0	21	1.05	0.95				
	204	1	34.94412088701754	7.08326774736842	0.0	0.0	2	1.0170278871125118	-13.806289140997249	138.0	21	1.05	0.95				
	205	1	33.52746733754386	6.611049897543859	0.0	0.0	2	1.031983506091525	-14.171866975499034	138.0	21	1.05	0.95				
	206	1	64.22162757614035	13.222099795087718	0.0	-100.0	2	1.043322118503991	-15.594748101910696	138.0	22	1.05	0.95				
	207	2	59.02723122807018	11.805446245614034	0.0	0.0	2	0.9913881280942697	-22.395317500282996	138.0	22	1.05	0.95				
	208	1	80.74925232	16.527624743859647	0.0	0.0	2	0.9960247583612841	-20.220943221220356	138.0	22	1.05	0.95				
	209	1	82.63812371929824	16.999842593684207	0.0	0.0	2	1.0228093090848132	-13.174092878764128	138.0	23	1.05	0.95				
	210	1	92.08248071578947	18.888713992982456	0.0	0.0	2	1.05	-14.472513460415707	138.0	23	1.05	0.95				
	211	1	0.0	0.0	0.0	0.0	2	1.0075441224705977	-10.158975110446503	230.0	23	1.05	0.95				
	212	1	0.0	0.0	0.0	0.0	2	1.0103059241425567	-9.660636163526041	230.0	23	1.05	0.95				
	213	2	125.13773020350875	25.499763890526317	0.0	0.0	2	1.0050772701256676	-9.22619395784393	230.0	24	1.05	0.95				
	214	2	91.61026286596491	18.416496143157897	0.0	0.0	2	1.0093757826544936	-7.221085340590856	230.0	26	1.05	0.95				
	215	2	149.69305839438596	30.22194238877193	0.0	0.0	2	1.0267769785084155	0.24524765500871695	230.0	26	1.05	0.95				
	216	2	47.221784982456136	9.444356996491228	0.0	0.0	2	1.0272984357222128	-0.19652393521558756	230.0	26	1.05	0.95				
	217	1	0.0	0.0	0.0	0.0	2	1.032585517431536	2.738516689510651	230.0	27	1.05	0.95				
	218	2	157.24854399157894	32.110813788070175	0.0	0.0	2	1.0340656034804712	3.098799747709207	230.0	27	1.05	0.95				
	219	1	85.47143081824561	17.47206044350877	0.0	0.0	2	1.0273435375523643	-1.2543624743471735	230.0	25	1.05	0.95				
	220	1	60.44388477754386	12.277664095438597	0.0	0.0	2	1.030895531698819	-1.2537598145660052	230.0	25	1.05	0.95				
	221	2	0.0	0.0	0.0	0.0	2	1.0345547177177856	2.9132100156370524	230.0	27	1.05	0.95				
	222	2	0.0	0.0	0.0	0.0	2	1.05	9.34100255796108	230.0	27	1.05	0.95				
	223	2	0.0	0.0	0.0	0.0	2	1.0335987937434576	-0.8959638609393926	230.0	25	1.05	0.95				
	224	1	0.0	0.0	0.0	0.0	2	1.0095641325961267	-3.855287482482966	230.0	26	1.05	0.95				
	301	2	57.707054715789475	11.755140775438596	0.0	0.0	3	1.0327324576256187	-15.089263777530517	138.0	31	1.05	0.95				
	302	2	51.82948432807017	10.686491614035088	0.0	0.0	3	1.0279365705911958	-15.435236385246409	138.0	32	1.05	0.95				
	303	1	96.17842452631578	19.770009485964913	0.0	0.0	3	1.05	0.5533423914930694	138.0	31	1.05	0.95				
	304	1	39.540018971929825	8.014868710526315	0.0	0.0	3	1.0091291357599925	-14.048980766966395	138.0	31	1.05	0.95				
	305	1	37.937045229824555	7.480544129824562	0.0	0.0	3	1.0300268185221353	-15.94807479587494	138.0	31	1.05	0.95				
	306	1	72.6681429754386	14.961088259649124	0.0	-100.0	3	1.0345366976049784	-17.057884690715117	138.0	32	1.05	0.95				
	307	2	66.7905725877193	13.358114517543859	0.0	0.0	3	0.9578746425885512	-14.659676846316971	138.0	32	1.05	0.95				
	308	1	91.3695033	18.701360324561403	0.0	0.0	3	0.9722486786139354	-15.730030636232462	138.0	32	1.05	0.95				
	309	1	93.50680162280702	19.235684905263156	0.0	0.0	3	1.0113266299717858	-10.658522627207832	138.0	33	1.05	0.95				
	310	1	104.1932932368421	21.372983228070176	0.0	0.0	3	1.0401501050788233	-15.106975489377888	138.0	33	1.05	0.95				
	311	1	0.0	0.0	0.0	0.0	3	0.9988223175483726	-10.868418361510033	230.0	33	1.05	0.95				
	312	1	0.0	0.0	0.0	0.0	3	1.0017429771721553	-9.866948797006328	230.0	33	1.05	0.95				
	313	2	141.5960138859649	28.853527357894738	0.0	0.0	3	0.9985135356291207	-7.921920441881052	230.0	34	1.05	0.95				
	314	2	103.65896865614035	20.838658647368423	0.0	0.0	3	0.9969270861341215	-11.32544332093527	230.0	36	1.05	0.95				
	315	2	169.3808920824561	34.19677316491228	0.0	0.0	3	1.05	-8.405261717807933	230.0	36	1.05	0.95				
	316	2	53.432458070175436	10.686491614035088	0.0	0.0	3	1.037885371666063	-8.73090315441886	230.0	36	1.05	0.95				
	317	1	0.0	0.0	0.0	0.0	3	1.0438248240852452	-7.124104003767702	230.0	37	1.05	0.95				
	318	2	177.9300853736842	36.3340714877193	0.0	0.0	3	1.0434604426658336	-7.384944503527048	230.0	37	1.05	0.95				
	319	1	96.71274910701754	19.770009485964913	0.0	0.0	3	1.0226829567502684	-8.710526479673344	230.0	35	1.05	0.95				
	320	1	68.39354632982456	13.892439098245616	0.0	0.0	3	1.0136799886619106	-7.639068049587333	230.0	35	1.05	0.95				
	321	2	0.0	0.0	0.0	0.0	3	1.048790517649352	-7.215114315932556	230.0	37	1.05	0.95				
	322	2	0.0	0.0	0.0	0.0	3	1.05	-2.8416643013657086	230.0	37	1.05	0.95				
	323	2	0.0	0.0	0.0	0.0	3	1.0101791591838247	-6.618122159399983	230.0	35	1.05	0.95				
	324	1	0.0	0.0	0.0	0.0	3	1.0471049272186213	-4.9808351527535155	230.0	36	1.05	0.95				
	325	1	0.0	0.0	0.0	0.0	3	1.009240088896484	-5.374134616837555	230.0	35	1.05	0.95				
];
