%% MATPOWER Case Format : Version 2
function mpc = RTS_GMLC
mpc.version = '2';

%%-----  Power Flow Data  -----%%
%% system MVA base
mpc.baseMVA = 100.0;
%% bus data
%    bus_i    type    Pd    Qd    Gs    Bs    area    Vm    Va    baseKV    zone    Vmax    Vmin
mpc.bus = [
	101	2	61.32112813894738	12.491340917192986	0.0	0.0	1	1.0331455388804809	-0.7326579451867171	138.0	11	1.05	0.95				
	102	2	55.07545768035088	11.35576447017544	0.0	0.0	1	1.03067780798472	-1.3965722375139926	138.0	12	1.05	0.95				
	103	1	102.20188023157897	21.008164269824565	0.0	0.0	1	1.028489475051103	1.242049707207787	138.0	11	1.05	0.95				
	104	1	42.01632853964913	8.51682335263158	0.0	0.0	1	1.0210131477442492	-3.2358996871244563	138.0	11	1.05	0.95				
	105	1	40.31296386912281	7.949035129122809	0.0	0.0	1	1.0338220447157211	-3.9430791630899678	138.0	11	1.05	0.95				
	106	1	77.219198397193	15.898070258245617	0.0	-100.0	1	1.0410223404862853	-6.418281117083001	138.0	12	1.05	0.95				
	107	2	70.9735279385965	14.1947055877193	0.0	0.0	1	0.9977933179649087	-12.489979989497243	138.0	12	1.05	0.95				
	108	1	97.09178622	19.87258782280702	0.0	0.0	1	0.9976259475973973	-10.877365915899338	138.0	12	1.05	0.95				
	109	1	99.3629391140351	20.44037604631579	0.0	0.0	1	1.0247374471989226	-3.5805568441943905	138.0	13	1.05	0.95				
	110	1	110.71870358421054	22.71152894035088	0.0	0.0	1	1.05	-5.407767842586193	138.0	13	1.05	0.95				
	111	1	0.0	0.0	0.0	0.0	1	1.0134523445503787	-0.7575960116975413	230.0	13	1.05	0.95				
	112	1	0.0	0.0	0.0	0.0	1	1.01341151606693	-1.4886729733397979	230.0	13	1.05	0.95				
	113	3	150.46387922982458	30.66056406947369	0.0	0.0	1	1.0075735367661456	-1.2991717050779898e-30	230.0	14	1.05	0.95				
	114	2	110.15091536070176	22.14374071684211	0.0	0.0	1	1.0236314077117383	2.34145476114971	230.0	16	1.05	0.95				
	115	2	179.98886685228072	36.33844630456141	0.0	0.0	1	1.0394242970902374	12.132396805836107	230.0	16	1.05	0.95				
	116	2	56.7788223508772	11.35576447017544	0.0	0.0	1	1.0360372402375466	10.224583596240043	230.0	16	1.05	0.95				
	117	1	0.0	0.0	0.0	0.0	1	1.0419504001313806	15.906619971637245	230.0	17	1.05	0.95				
	118	2	189.07347842842108	38.6095991985965	0.0	0.0	1	1.05	17.12574039887898	230.0	17	1.05	0.95				
	119	1	102.76966845508773	21.008164269824565	0.0	0.0	1	1.0267670873640447	6.385026119530084	230.0	15	1.05	0.95				
	120	1	72.67689260912282	14.762493811228072	0.0	0.0	1	1.0255585670865515	3.649291099909895	230.0	15	1.05	0.95				
	121	2	0.0	0.0	0.0	0.0	1	1.05	19.16642350529097	230.0	17	1.05	0.95				
	122	2	0.0	0.0	0.0	0.0	1	1.05	29.60589462646154	230.0	17	1.05	0.95				
	123	2	0.0	0.0	0.0	0.0	1	1.0266068177493715	2.576902997864018	230.0	15	1.05	0.95				
	124	1	0.0	0.0	0.0	0.0	1	1.0217545320018775	8.05428444348286	230.0	16	1.05	0.95				
	201	2	52.104517541052644	10.613883202807019	0.0	0.0	2	1.0130793962801101	-12.884092795366119	138.0	21	1.05	0.95				
	202	2	46.79757593964913	9.648984729824562	0.0	0.0	2	1.0122624599609393	-13.123682246607112	138.0	22	1.05	0.95				
	203	1	86.84086256842106	17.850621750175442	0.0	0.0	2	1.0142059319265284	-9.967885560201792	138.0	21	1.05	0.95				
	204	1	35.701243500350884	7.236738547368421	0.0	0.0	2	1.010925726757213	-12.217773029956472	138.0	21	1.05	0.95				
	205	1	34.253895790877195	6.754289310877194	0.0	0.0	2	1.0253536312338591	-12.589254448587894	138.0	21	1.05	0.95				
	206	1	65.61309616280703	13.508578621754388	0.0	-100.0	2	1.0399319353976164	-13.000082019880304	138.0	22	1.05	0.95				
	207	2	60.30615456140352	12.061230912280703	0.0	0.0	2	0.9952877541653089	-18.899597263460343	138.0	22	1.05	0.95				
	208	1	82.49881944	16.885723277192984	0.0	0.0	2	0.9982853490020386	-16.665445898916005	138.0	22	1.05	0.95				
	209	1	84.42861638596492	17.36817251368421	0.0	0.0	2	1.0248127488483378	-9.491409186312058	138.0	23	1.05	0.95				
	210	1	94.07760111578948	19.297969459649124	0.0	0.0	2	1.05	-10.744151847378415	138.0	23	1.05	0.95				
	211	1	0.0	0.0	0.0	0.0	2	1.0087089216801508	-6.635158816643634	230.0	23	1.05	0.95				
	212	1	0.0	0.0	0.0	0.0	2	1.0144634222373146	-1.88231375391848	230.0	23	1.05	0.95				
	213	2	127.84904767017544	26.052258770526322	0.0	0.0	2	1.0075027156323677	-4.065479183398121	230.0	24	1.05	0.95				
	214	2	93.59515187929826	18.815520223157897	0.0	0.0	2	1.008980642025774	-5.3079884523776455	230.0	26	1.05	0.95				
	215	2	152.9364079677193	30.876751135438603	0.0	0.0	2	1.0272593715221727	-0.0682044485836919	230.0	26	1.05	0.95				
	216	2	48.24492364912281	9.648984729824562	0.0	0.0	2	1.0266525635098016	-0.46818457714864753	230.0	26	1.05	0.95				
	217	1	0.0	0.0	0.0	0.0	2	1.0313728704385707	0.83824089409167	230.0	27	1.05	0.95				
	218	2	160.65559575157897	32.80654808140351	0.0	0.0	2	1.0303567150897979	0.3408575423742556	230.0	27	1.05	0.95				
	219	1	87.3233118049123	17.850621750175442	0.0	0.0	2	1.0263613255227517	-0.11401337500813415	230.0	25	1.05	0.95				
	220	1	61.753502270877206	12.543680148771932	0.0	0.0	2	1.0297375900871732	1.1308004714573952	230.0	25	1.05	0.95				
	221	2	0.0	0.0	0.0	0.0	2	1.0323298467591173	1.003305354292454	230.0	27	1.05	0.95				
	222	2	0.0	0.0	0.0	0.0	2	1.05	7.4329671781777416	230.0	27	1.05	0.95				
	223	2	0.0	0.0	0.0	0.0	2	1.0328184903523696	2.177759628401982	230.0	25	1.05	0.95				
	224	1	0.0	0.0	0.0	0.0	2	1.0101606210034577	-3.765409854379197	230.0	26	1.05	0.95				
	301	2	66.04365706105263	13.453337549473684	0.0	0.0	3	0.9950625469901485	16.94505178332652	138.0	31	1.05	0.95				
	302	2	59.316988286315784	12.230306863157894	0.0	0.0	3	0.9948774983175593	16.888501885607674	138.0	32	1.05	0.95				
	303	1	110.07276176842105	22.626067696842103	0.0	0.0	3	1.018541207564259	21.028962387581917	138.0	31	1.05	0.95				
	304	1	45.252135393684206	9.17273014736842	0.0	0.0	3	1.0015412305672857	19.1248981596945	138.0	31	1.05	0.95				
	305	1	43.41758936421052	8.561214804210525	0.0	0.0	3	1.0132546841392014	18.672604551088224	138.0	31	1.05	0.95				
	306	1	83.16608666947369	17.12242960842105	0.0	-100.0	3	1.0314199232305767	18.953812805054167	138.0	32	1.05	0.95				
	307	2	76.43941789473683	15.287883578947367	0.0	0.0	3	0.9908886812798384	15.09899018320045	138.0	32	1.05	0.95				
	308	1	104.56912368	21.40303701052631	0.0	0.0	3	1.0002716496985085	17.857360502981667	138.0	32	1.05	0.95				
	309	1	107.01518505263157	22.01455235368421	0.0	0.0	3	1.0290028445922657	23.424522461065028	138.0	33	1.05	0.95				
	310	1	119.24549191578946	24.46061372631579	0.0	0.0	3	1.05	22.349808159618554	138.0	33	1.05	0.95				
	311	1	0.0	0.0	0.0	0.0	3	1.016320131543895	28.642070620204045	230.0	33	1.05	0.95				
	312	1	0.0	0.0	0.0	0.0	3	1.022238323788017	29.200985961526666	230.0	33	1.05	0.95				
	313	2	162.05156593684208	33.021828530526314	0.0	0.0	3	1.032793484120202	34.83999681181534	230.0	34	1.05	0.95				
	314	2	118.63397657263157	23.849098383157894	0.0	0.0	3	1.0182445784230363	28.913494733313662	230.0	36	1.05	0.95				
	315	2	193.8503637810526	39.13698196210526	0.0	0.0	3	1.0410176688424146	25.43786598363102	230.0	36	1.05	0.95				
	316	2	61.15153431578947	12.230306863157894	0.0	0.0	3	1.0417611591448759	26.74603623693623	230.0	36	1.05	0.95				
	317	1	0.0	0.0	0.0	0.0	3	1.05	28.731805798473083	230.0	37	1.05	0.95				
	318	2	203.63460927157894	41.58304333473684	0.0	0.0	3	1.0438405292006325	25.061284566007497	230.0	37	1.05	0.95				
	319	1	110.68427711157894	22.626067696842103	0.0	0.0	3	1.040863058605476	27.91938695316992	230.0	35	1.05	0.95				
	320	1	78.27396392421052	15.899398922105263	0.0	0.0	3	1.0412359558963278	28.44455271361637	230.0	35	1.05	0.95				
	321	2	0.0	0.0	0.0	0.0	3	1.04499848623444	25.861355424482227	230.0	37	1.05	0.95				
	322	2	0.0	0.0	0.0	0.0	3	1.05	31.33003696110766	230.0	37	1.05	0.95				
	323	2	0.0	0.0	0.0	0.0	3	1.0408050663849115	28.359799438857248	230.0	35	1.05	0.95				
	324	1	0.0	0.0	0.0	0.0	3	1.0284612666921273	25.97160880823547	230.0	36	1.05	0.95				
	325	1	0.0	0.0	0.0	0.0	3	1.0430056245712966	27.58385592994819	230.0	35	1.05	0.95				
];
