%% MATPOWER Case Format : Version 2
function mpc = RTS_GMLC
mpc.version = '2';

%%-----  Power Flow Data  -----%%
%% system MVA base
mpc.baseMVA = 100.0;
%% bus data
%    bus_i    type    Pd    Qd    Gs    Bs    area    Vm    Va    baseKV    zone    Vmax    Vmin
mpc.bus = [
	101	2	50.579910947368425	10.303315192982456	0.0	0.0	1	1.0330470502189977	2.1812825960945057	138.0	11	1.05	0.95				
	102	2	45.42825335087719	9.366650175438597	0.0	0.0	1	1.0326238982908202	2.051291012934424	138.0	12	1.05	0.95				
	103	1	84.29985157894737	17.328302824561405	0.0	0.0	1	1.0275201902091493	-0.2020563765645283	138.0	11	1.05	0.95				
	104	1	34.65660564912281	7.024987631578947	0.0	0.0	1	1.020747913459705	-1.169942432355012	138.0	11	1.05	0.95				
	105	1	33.25160812280702	6.556655122807019	0.0	0.0	1	1.035128625081534	-0.9329801139976933	138.0	11	1.05	0.95				
	106	1	63.69322119298246	13.113310245614038	0.0	-100.0	1	1.0441825472924877	-3.148606414237608	138.0	12	1.05	0.95				
	107	2	58.54156359649123	11.708312719298245	0.0	0.0	1	1.0174122331773627	-4.012371607718293	138.0	12	1.05	0.95				
	108	1	80.084859	16.391637807017542	0.0	0.0	1	1.014593360887686	-4.7523142015570965	138.0	12	1.05	0.95				
	109	1	81.95818903508773	16.859970315789475	0.0	0.0	1	1.0254880860912567	-1.9079735495353018	138.0	13	1.05	0.95				
	110	1	91.32483921052632	18.733300350877194	0.0	0.0	1	1.05	-2.6126534445526235	138.0	13	1.05	0.95				
	111	1	0.0	0.0	0.0	0.0	1	1.0041214691743667	-0.40255613218534086	230.0	13	1.05	0.95				
	112	1	0.0	0.0	0.0	0.0	1	1.009595584850177	0.2600478752944784	230.0	13	1.05	0.95				
	113	3	124.10811482456141	25.289955473684213	0.0	0.0	1	0.9968642575467134	-2.3705986597771023e-30	230.0	14	1.05	0.95				
	114	2	90.85650670175438	18.264967842105264	0.0	0.0	1	0.9997124453747238	1.2294964302048523	230.0	16	1.05	0.95				
	115	2	148.46140528070174	29.97328056140351	0.0	0.0	1	1.0392668051467888	6.386551551838681	230.0	16	1.05	0.95				
	116	2	46.83325087719298	9.366650175438597	0.0	0.0	1	1.0349532803027184	6.2509489254334225	230.0	16	1.05	0.95				
	117	1	0.0	0.0	0.0	0.0	1	1.0425876301678374	7.7484140829180745	230.0	17	1.05	0.95				
	118	2	155.95472542105264	31.84661059649123	0.0	0.0	1	1.045427993671172	7.427762671210195	230.0	17	1.05	0.95				
	119	1	84.7681840877193	17.328302824561405	0.0	0.0	1	1.0290254671208063	5.701094506321701	230.0	15	1.05	0.95				
	120	1	59.94656112280702	12.176645228070177	0.0	0.0	1	1.0272055941561697	6.129091912707575	230.0	15	1.05	0.95				
	121	2	0.0	0.0	0.0	0.0	1	1.05	8.198865260865832	230.0	17	1.05	0.95				
	122	2	0.0	0.0	0.0	0.0	1	1.05	16.222677552729564	230.0	17	1.05	0.95				
	123	2	0.0	0.0	0.0	0.0	1	1.027043697469406	6.725190791973818	230.0	15	1.05	0.95				
	124	1	0.0	0.0	0.0	0.0	1	1.026064241805762	3.9299970641078557	230.0	16	1.05	0.95				
	201	2	51.11852669052632	10.413033214736842	0.0	0.0	2	1.030601301091198	-6.345085525043072	138.0	21	1.05	0.95				
	202	2	45.912010083157895	9.466393831578948	0.0	0.0	2	1.0309738599166076	-6.335137423111696	138.0	22	1.05	0.95				
	203	1	85.19754448421052	17.512828588421055	0.0	0.0	2	1.0225816648274024	-5.5993877230499525	138.0	21	1.05	0.95				
	204	1	35.02565717684211	7.09979537368421	0.0	0.0	2	1.01913249330077	-8.703572186895647	138.0	21	1.05	0.95				
	205	1	33.605698102105265	6.626475682105264	0.0	0.0	2	1.034193805043636	-8.877042557433176	138.0	21	1.05	0.95				
	206	1	64.37147805473685	13.252951364210528	0.0	-100.0	2	1.0439952428655561	-10.74441253382693	138.0	22	1.05	0.95				
	207	2	59.16496144736843	11.832992289473685	0.0	0.0	2	0.988226510307651	-17.8897242972327	138.0	22	1.05	0.95				
	208	1	80.93766726	16.566189205263157	0.0	0.0	2	0.9942846611768023	-15.72071505232369	138.0	22	1.05	0.95				
	209	1	82.83094602631579	17.039508896842104	0.0	0.0	2	1.0234036482092281	-8.713336063051873	138.0	23	1.05	0.95				
	210	1	92.29733985789473	18.932787663157896	0.0	0.0	2	1.05	-9.940906925683963	138.0	23	1.05	0.95				
	211	1	0.0	0.0	0.0	0.0	2	1.0075108223042268	-6.152536886799891	230.0	23	1.05	0.95				
	212	1	0.0	0.0	0.0	0.0	2	1.0113281125628317	-5.770138100800815	230.0	23	1.05	0.95				
	213	2	125.42971826842104	25.55926334526316	0.0	0.0	2	1.0018601084087757	-5.495509096239848	230.0	24	1.05	0.95				
	214	2	91.82402016631579	18.45946797157895	0.0	0.0	2	1.0101567017556312	-3.4616865294502617	230.0	26	1.05	0.95				
	215	2	150.04234223052632	30.292460261052632	0.0	0.0	2	1.0305163044553471	3.38994831718915	230.0	26	1.05	0.95				
	216	2	47.33196915789474	9.466393831578948	0.0	0.0	2	1.0326607032852666	3.1726640415860494	230.0	26	1.05	0.95				
	217	1	0.0	0.0	0.0	0.0	2	1.0374703452134635	6.142927126168998	230.0	27	1.05	0.95				
	218	2	157.61545729578947	32.18573902736843	0.0	0.0	2	1.0393977593970094	6.753611797521341	230.0	27	1.05	0.95				
	219	1	85.67086417578948	17.512828588421055	0.0	0.0	2	1.0322074757073785	1.8738400619501527	230.0	25	1.05	0.95				
	220	1	60.584920522105264	12.306311981052632	0.0	0.0	2	1.0354092311254217	1.6586961978171868	230.0	25	1.05	0.95				
	221	2	0.0	0.0	0.0	0.0	2	1.0389146503062958	6.384974464749923	230.0	27	1.05	0.95				
	222	2	0.0	0.0	0.0	0.0	2	1.05	12.790984390523066	230.0	27	1.05	0.95				
	223	2	0.0	0.0	0.0	0.0	2	1.03787758994587	1.8962997434744902	230.0	25	1.05	0.95				
	224	1	0.0	0.0	0.0	0.0	2	1.0163431787551362	0.016459302990577806	230.0	26	1.05	0.95				
	301	2	57.26289149052632	11.664663081403509	0.0	0.0	3	1.0070232539539832	-31.242467437471078	138.0	31	1.05	0.95				
	302	2	51.43055994982456	10.604239164912283	0.0	0.0	3	1.0064573762164113	-31.381778532021887	138.0	32	1.05	0.95				
	303	1	95.43815248421053	19.617842455087718	0.0	0.0	3	1.0218157094934626	-24.340853069318158	138.0	31	1.05	0.95				
	304	1	39.235684910175436	7.95317937368421	0.0	0.0	3	1.0076494928422328	-29.597719556983783	138.0	31	1.05	0.95				
	305	1	37.645049035438596	7.422967415438597	0.0	0.0	3	1.0213248665577632	-30.478866090218794	138.0	31	1.05	0.95				
	306	1	72.10882632140351	14.845934830877194	0.0	-100.0	3	1.0370299062427233	-30.655837153010655	138.0	32	1.05	0.95				
	307	2	66.27649478070175	13.255298956140352	0.0	0.0	3	0.9916800207636324	-36.7094461034944	138.0	32	1.05	0.95				
	308	1	90.66624486	18.55741853859649	0.0	0.0	3	0.9944092573332605	-34.22522739459473	138.0	32	1.05	0.95				
	309	1	92.78709269298247	19.087630496842106	0.0	0.0	3	1.0265441893036686	-25.974878599961464	138.0	33	1.05	0.95				
	310	1	103.39133185789473	21.208478329824565	0.0	0.0	3	1.05	-28.012549139027886	138.0	33	1.05	0.95				
	311	1	0.0	0.0	0.0	0.0	3	1.0162668613084536	-20.91160769717713	230.0	33	1.05	0.95				
	312	1	0.0	0.0	0.0	0.0	3	1.0163259656509025	-20.423575219434404	230.0	33	1.05	0.95				
	313	2	140.50616893508771	28.63144574526316	0.0	0.0	3	1.0227032880899554	-17.258445123882428	230.0	34	1.05	0.95				
	314	2	102.86111989964913	20.67826637157895	0.0	0.0	3	1.0269480768755537	-18.06422780457528	230.0	36	1.05	0.95				
	315	2	168.07719076385965	33.9335653277193	0.0	0.0	3	1.0481121461731122	-11.269915705955496	230.0	36	1.05	0.95				
	316	2	53.02119582456141	10.604239164912283	0.0	0.0	3	1.0479371622295357	-10.89144803884815	230.0	36	1.05	0.95				
	317	1	0.0	0.0	0.0	0.0	3	1.0493209727772983	-8.077579235836147	230.0	37	1.05	0.95				
	318	2	176.5605820957895	36.054413160701756	0.0	0.0	3	1.0486190759548937	-7.7052294054501775	230.0	37	1.05	0.95				
	319	1	95.96836444245615	19.617842455087718	0.0	0.0	3	1.0448206232489086	-12.134116041622626	230.0	35	1.05	0.95				
	320	1	67.8671306554386	13.785510914385965	0.0	0.0	3	1.046238624471671	-12.220647680051762	230.0	35	1.05	0.95				
	321	2	0.0	0.0	0.0	0.0	3	1.05	-7.32182165393232	230.0	37	1.05	0.95				
	322	2	0.0	0.0	0.0	0.0	3	1.05	-2.5241498255583763	230.0	37	1.05	0.95				
	323	2	0.0	0.0	0.0	0.0	3	1.0479670652797457	-11.878257983372214	230.0	35	1.05	0.95				
	324	1	0.0	0.0	0.0	0.0	3	1.0216621555879415	-16.098703104058988	230.0	36	1.05	0.95				
	325	1	0.0	0.0	0.0	0.0	3	1.0406609070769703	-10.245790188422857	230.0	35	1.05	0.95				
];
