%% MATPOWER Case Format : Version 2
function mpc = RTS_GMLC
mpc.version = '2';

%%-----  Power Flow Data  -----%%
%% system MVA base
mpc.baseMVA = 100.0;
%% bus data
%    bus_i    type    Pd    Qd    Gs    Bs    area    Vm    Va    baseKV    zone    Vmax    Vmin
mpc.bus = [
	101	2	66.69173675368421	13.585353783157894	0.0	0.0	1	1.0495070149931767	1.3118772538549557	138.0	11	1.05	0.95				
	102	2	59.89905986210526	12.350321621052633	0.0	0.0	1	1.0483296077971669	0.9370251396002875	138.0	12	1.05	0.95				
	103	1	111.15289458947369	22.848094998947367	0.0	0.0	1	1.0324210415933024	-0.44718278895281455	138.0	11	1.05	0.95				
	104	1	45.696189997894734	9.262741215789474	0.0	0.0	1	1.0277305256689855	-2.5516696322826475	138.0	11	1.05	0.95				
	105	1	43.843641754736836	8.645225134736844	0.0	0.0	1	1.0406232889461189	-2.9266268455864464	138.0	11	1.05	0.95				
	106	1	83.98218702315789	17.290450269473688	0.0	-100.0	1	1.0429600402241614	-5.955445583248065	138.0	12	1.05	0.95				
	107	2	77.18951013157894	15.43790202631579	0.0	0.0	1	0.9988910809509528	-13.612715214516514	138.0	12	1.05	0.95				
	108	1	105.59524986	21.613062836842104	0.0	0.0	1	0.9964180013251367	-11.771843458444705	138.0	12	1.05	0.95				
	109	1	108.06531418421052	22.230578917894736	0.0	0.0	1	1.0257703561667224	-4.07696420837387	138.0	13	1.05	0.95				
	110	1	120.41563580526315	24.700643242105265	0.0	0.0	1	1.05	-5.361709775690237	138.0	13	1.05	0.95				
	111	1	0.0	0.0	0.0	0.0	1	1.0107889626855764	-1.6106655660313807	230.0	13	1.05	0.95				
	112	1	0.0	0.0	0.0	0.0	1	1.0140449945558556	-1.2264855429403159	230.0	13	1.05	0.95				
	113	3	163.64176147894736	33.345868376842105	0.0	0.0	1	1.0092645123081836	1.0524706076159087e-27	230.0	14	1.05	0.95				
	114	2	119.79811972421052	24.08312716105263	0.0	0.0	1	1.0115352542971174	0.1648904181657388	230.0	16	1.05	0.95				
	115	2	195.7525976936842	39.52102918736842	0.0	0.0	1	1.0419215412710303	6.905217366244393	230.0	16	1.05	0.95				
	116	2	61.75160810526316	12.350321621052633	0.0	0.0	1	1.0391114108365602	6.377651016620191	230.0	16	1.05	0.95				
	117	1	0.0	0.0	0.0	0.0	1	1.0444554323379858	9.491628963617144	230.0	17	1.05	0.95				
	118	2	205.6328549905263	41.991093511578946	0.0	0.0	1	1.0473333278482373	10.070956869484725	230.0	17	1.05	0.95				
	119	1	111.7704106705263	22.848094998947367	0.0	0.0	1	1.032124642918937	4.928832284921551	230.0	15	1.05	0.95				
	120	1	79.04205837473684	16.05541810736842	0.0	0.0	1	1.030233646895235	4.309905903341127	230.0	15	1.05	0.95				
	121	2	0.0	0.0	0.0	0.0	1	1.0499812871020493	11.523460845915643	230.0	17	1.05	0.95				
	122	2	0.0	0.0	0.0	0.0	1	1.05	17.741038044443993	230.0	17	1.05	0.95				
	123	2	0.0	0.0	0.0	0.0	1	1.0305624166076661	4.4364293548453935	230.0	15	1.05	0.95				
	124	1	0.0	0.0	0.0	0.0	1	1.0287909742104155	4.153852179835501	230.0	16	1.05	0.95				
	201	2	65.94238944	13.432708960000001	0.0	0.0	2	1.025973350244293	-11.944007026839609	138.0	21	1.05	0.95				
	202	2	59.22603495999999	12.2115536	0.0	0.0	2	1.027062274417602	-11.72916901653538	138.0	22	1.05	0.95				
	203	1	109.90398240000002	22.59137416	0.0	0.0	2	1.0141501170726193	-10.96633526802243	138.0	21	1.05	0.95				
	204	1	45.18274832	9.1586652	0.0	0.0	2	1.0155247787070085	-12.600842127991356	138.0	21	1.05	0.95				
	205	1	43.35101528	8.548087520000001	0.0	0.0	2	1.0303558945484432	-12.944884447429887	138.0	21	1.05	0.95				
	206	1	83.03856448	17.096175040000002	0.0	-100.0	2	1.0397028608772103	-14.041802334859005	138.0	22	1.05	0.95				
	207	2	76.32221	15.264442	0.0	0.0	2	0.9903748009614289	-22.80878217704918	138.0	22	1.05	0.95				
	208	1	104.40878328000001	21.3702188	0.0	0.0	2	0.9894937942560664	-19.86498714098469	138.0	22	1.05	0.95				
	209	1	106.85109399999999	21.980796480000002	0.0	0.0	2	1.0247918292148168	-10.817574228235971	138.0	23	1.05	0.95				
	210	1	119.0626476	24.4231072	0.0	0.0	2	1.05	-12.011894149664172	138.0	23	1.05	0.95				
	211	1	0.0	0.0	0.0	0.0	2	1.0143197628231038	-7.596776843651063	230.0	23	1.05	0.95				
	212	1	0.0	0.0	0.0	0.0	2	1.0178026067747976	-2.6044649524519645	230.0	23	1.05	0.95				
	213	2	161.8030852	32.97119472	0.0	0.0	2	1.0171606975969902	-4.882435793845046	230.0	24	1.05	0.95				
	214	2	118.45206991999999	23.812529520000002	0.0	0.0	2	1.0177926625913547	-6.127942914250795	230.0	26	1.05	0.95				
	215	2	193.55312456000001	39.07697152	0.0	0.0	2	1.0313538845500545	-0.19395949141208207	230.0	26	1.05	0.95				
	216	2	61.057768	12.2115536	0.0	0.0	2	1.0319895765135711	-0.27062294260149333	230.0	26	1.05	0.95				
	217	1	0.0	0.0	0.0	0.0	2	1.0350199247661636	1.19328223829286	230.0	27	1.05	0.95				
	218	2	203.32236744000002	41.51928224	0.0	0.0	2	1.0337637793551169	0.5236514789913002	230.0	27	1.05	0.95				
	219	1	110.51456008	22.59137416	0.0	0.0	2	1.0311979089539938	0.22286416215510277	230.0	25	1.05	0.95				
	220	1	78.15394304	15.875019680000001	0.0	0.0	2	1.0357485384534761	1.820871760225344	230.0	25	1.05	0.95				
	221	2	0.0	0.0	0.0	0.0	2	1.0355767802357605	1.0896205166085027	230.0	27	1.05	0.95				
	222	2	0.0	0.0	0.0	0.0	2	1.05	7.628362745432306	230.0	27	1.05	0.95				
	223	2	0.0	0.0	0.0	0.0	2	1.0402795401855232	3.1471777351658416	230.0	25	1.05	0.95				
	224	1	0.0	0.0	0.0	0.0	2	1.011596510412639	-4.2025186639253915	230.0	26	1.05	0.95				
	301	2	74.65359061894738	15.207212903859649	0.0	0.0	3	0.9783539355167055	-4.406636205308555	138.0	31	1.05	0.95				
	302	2	67.04998416701754	13.824739003508773	0.0	0.0	3	0.9806260219373266	-4.475100845398433	138.0	32	1.05	0.95				
	303	1	124.42265103157895	25.57576715649123	0.0	0.0	3	0.9939183260308092	-0.7991341239893167	138.0	31	1.05	0.95				
	304	1	51.15153431298246	10.36855425263158	0.0	0.0	3	0.9779806968546119	-1.7972757557136336	138.0	31	1.05	0.95				
	305	1	49.07782346245614	9.67731730245614	0.0	0.0	3	0.9894801338932986	-1.8448365092040315	138.0	31	1.05	0.95				
	306	1	94.00822522385967	19.35463460491228	0.0	-100.0	3	1.0043318360442697	-1.20740471061413	138.0	32	1.05	0.95				
	307	2	86.40461877192983	17.280923754385967	0.0	0.0	3	0.9546912253045222	-6.1915648048146	138.0	32	1.05	0.95				
	308	1	118.20151848	24.19329325614035	0.0	0.0	3	0.9654828341842476	-2.8300670712474694	138.0	32	1.05	0.95				
	309	1	120.96646628070175	24.884530206315787	0.0	0.0	3	1.0027135546993602	3.34466488164405	138.0	33	1.05	0.95				
	310	1	134.79120528421055	27.649478007017546	0.0	0.0	3	1.0238156223997914	3.0412745932724645	138.0	33	1.05	0.95				
	311	1	0.0	0.0	0.0	0.0	3	0.9964821816272446	10.616266837568507	230.0	33	1.05	0.95				
	312	1	0.0	0.0	0.0	0.0	3	1.0020337896844334	12.380149839447371	230.0	33	1.05	0.95				
	313	2	183.17779179649122	37.32679530947369	0.0	0.0	3	1.031201351755651	20.659805652820786	230.0	34	1.05	0.95				
	314	2	134.09996833403508	26.95824105684211	0.0	0.0	3	1.0032979448185804	8.914721118809833	230.0	36	1.05	0.95				
	315	2	219.12211320561403	44.23916481122807	0.0	0.0	3	1.0282589132797977	3.0300413638338783	230.0	36	1.05	0.95				
	316	2	69.12369501754387	13.824739003508773	0.0	0.0	3	1.0289267287475687	4.573381746691905	230.0	36	1.05	0.95				
	317	1	0.0	0.0	0.0	0.0	3	1.0324745482984736	3.756693585365146	230.0	37	1.05	0.95				
	318	2	230.18190440842105	47.004112611929834	0.0	0.0	3	1.0307050892376213	2.7714391925366786	230.0	37	1.05	0.95				
	319	1	125.1138879817544	25.57576715649123	0.0	0.0	3	1.0270698790089952	7.947172441058895	230.0	35	1.05	0.95				
	320	1	88.47832962245614	17.972160704561404	0.0	0.0	3	1.0303280588651005	10.696997716070676	230.0	35	1.05	0.95				
	321	2	0.0	0.0	0.0	0.0	3	1.0319114528687086	3.421290270653002	230.0	37	1.05	0.95				
	322	2	0.0	0.0	0.0	0.0	3	1.0455011492544446	7.896907924055885	230.0	37	1.05	0.95				
	323	2	0.0	0.0	0.0	0.0	3	1.032759712430925	11.8042779137888	230.0	35	1.05	0.95				
	324	1	0.0	0.0	0.0	0.0	3	1.011705507164129	3.816273247365685	230.0	36	1.05	0.95				
	325	1	0.0	0.0	0.0	0.0	3	1.0351175458218231	11.788929162727806	230.0	35	1.05	0.95				
];
