%% MATPOWER Case Format : Version 2
function mpc = RTS_GMLC
mpc.version = '2';

%%-----  Power Flow Data  -----%%
%% system MVA base
mpc.baseMVA = 100.0;
%% bus data
%    bus_i    type    Pd    Qd    Gs    Bs    area    Vm    Va    baseKV    zone    Vmax    Vmin
mpc.bus = [
	101	2	37.19346857810527	7.5764473029473685	0.0	0.0	1	1.022048388604439	-0.27173261046797625	138.0	11	1.05	0.95				
	102	2	33.405244926631575	6.88767936631579	0.0	0.0	1	1.019628622984087	-0.9012032571830647	138.0	12	1.05	0.95				
	103	1	61.989114296842104	12.74220682768421	0.0	0.0	1	1.0305394533270102	0.6022258440010997	138.0	11	1.05	0.95				
	104	1	25.48441365536842	5.165759524736843	0.0	0.0	1	1.017409175692332	-2.517669812409931	138.0	11	1.05	0.95				
	105	1	24.451261750421054	4.821375556421054	0.0	0.0	1	1.0317200459738614	-2.4226520429479814	138.0	11	1.05	0.95				
	106	1	46.836219690947374	9.642751112842108	0.0	-100.0	1	1.0452143696590968	-4.132544983476021	138.0	12	1.05	0.95				
	107	2	43.04799603947369	8.609599207894737	0.0	0.0	1	1.0015314603903374	-9.072683456037671	138.0	12	1.05	0.95				
	108	1	58.889658582	12.05343889105263	0.0	0.0	1	1.0074954584967335	-7.541278223628923	138.0	12	1.05	0.95				
	109	1	60.267194455263166	12.397822859368421	0.0	0.0	1	1.0246943431559972	-2.407053071812796	138.0	13	1.05	0.95				
	110	1	67.15487382157896	13.77535873263158	0.0	0.0	1	1.05	-3.482677487720942	138.0	13	1.05	0.95				
	111	1	0.0	0.0	0.0	0.0	1	1.0023125211182013	-0.27734098774317706	230.0	13	1.05	0.95				
	112	1	0.0	0.0	0.0	0.0	1	1.006481739382114	-0.9485412811665338	230.0	13	1.05	0.95				
	113	3	91.26175160368422	18.596734289052634	0.0	0.0	1	0.9925319197824266	8.454941590758346e-29	230.0	14	1.05	0.95				
	114	2	66.81048985326315	13.43097476431579	0.0	0.0	1	1.0012357012629112	2.2929650815185103	230.0	16	1.05	0.95				
	115	2	109.16971795610526	22.040573972210527	0.0	0.0	1	1.0402699609287287	9.124320081871126	230.0	16	1.05	0.95				
	116	2	34.43839683157895	6.88767936631579	0.0	0.0	1	1.034472101836312	7.837034161387928	230.0	16	1.05	0.95				
	117	1	0.0	0.0	0.0	0.0	1	1.0411519834080234	12.149754084238415	230.0	17	1.05	0.95				
	118	2	114.6798614491579	23.418109845473687	0.0	0.0	1	1.0477676671489156	12.644094823932985	230.0	17	1.05	0.95				
	119	1	62.33349826515791	12.74220682768421	0.0	0.0	1	1.0222956346301035	4.8317648168541805	230.0	15	1.05	0.95				
	120	1	44.081147944421055	8.953983176210526	0.0	0.0	1	1.0156262908897042	2.855740604361538	230.0	15	1.05	0.95				
	121	2	0.0	0.0	0.0	0.0	1	1.05	13.918366130372839	230.0	17	1.05	0.95				
	122	2	0.0	0.0	0.0	0.0	1	1.05	25.821520886122546	230.0	17	1.05	0.95				
	123	2	0.0	0.0	0.0	0.0	1	1.0123549761660937	2.032869306225727	230.0	15	1.05	0.95				
	124	1	0.0	0.0	0.0	0.0	1	1.0258375245747862	5.932867640768577	230.0	16	1.05	0.95				
	201	2	33.42169053852632	6.808122146736842	0.0	0.0	2	1.0149967030287577	-12.600891689179306	138.0	21	1.05	0.95				
	202	2	30.017629465157896	6.189201951578948	0.0	0.0	2	1.0140671827244965	-12.874564789850902	138.0	22	1.05	0.95				
	203	1	55.70281756421053	11.450023610421054	0.0	0.0	2	1.0165970626055356	-9.349338704262822	138.0	21	1.05	0.95				
	204	1	22.900047220842108	4.641901463684211	0.0	0.0	2	1.014148150804854	-12.82954668356092	138.0	21	1.05	0.95				
	205	1	21.971666928105265	4.332441366105264	0.0	0.0	2	1.028974616998843	-13.178442148040116	138.0	21	1.05	0.95				
	206	1	42.08657327073685	8.664882732210527	0.0	-100.0	2	1.0453023547087312	-13.930888540051024	138.0	22	1.05	0.95				
	207	2	38.682512197368425	7.736502439473685	0.0	0.0	2	0.997823532617203	-17.5133819345011	138.0	22	1.05	0.95				
	208	1	52.91767668600001	10.831103415263158	0.0	0.0	2	1.0061138021302671	-16.193775813258497	138.0	22	1.05	0.95				
	209	1	54.155517076315796	11.140563512842105	0.0	0.0	2	1.0220778987069497	-11.498087730266674	138.0	23	1.05	0.95				
	210	1	60.34471902789473	12.378403903157896	0.0	0.0	2	1.05	-12.755812779203342	138.0	23	1.05	0.95				
	211	1	0.0	0.0	0.0	0.0	2	1.0004085659005861	-9.198614502076342	230.0	23	1.05	0.95				
	212	1	0.0	0.0	0.0	0.0	2	1.0043009201256285	-9.021014875187571	230.0	23	1.05	0.95				
	213	2	82.00692585842106	16.71084526926316	0.0	0.0	2	0.9920811275849484	-8.508164414761046	230.0	24	1.05	0.95				
	214	2	60.03525893031579	12.068943805578948	0.0	0.0	2	0.9981353703724928	-6.71339944089975	230.0	26	1.05	0.95				
	215	2	98.09885093252632	19.805446245052632	0.0	0.0	2	1.0161289634350996	-0.7832727915140907	230.0	26	1.05	0.95				
	216	2	30.94600975789474	6.189201951578948	0.0	0.0	2	1.0163799125677213	-1.3576654646720046	230.0	26	1.05	0.95				
	217	1	0.0	0.0	0.0	0.0	2	1.021708395715837	0.3925850109511149	230.0	27	1.05	0.95				
	218	2	103.05021249378947	21.043286635368425	0.0	0.0	2	1.021483103004662	0.13493152001298397	230.0	27	1.05	0.95				
	219	1	56.012277661789476	11.450023610421054	0.0	0.0	2	1.0150750640189143	-2.4099408368182913	230.0	25	1.05	0.95				
	220	1	39.610892490105265	8.045962537052633	0.0	0.0	2	1.0156432804659656	-2.7031722334400436	230.0	25	1.05	0.95				
	221	2	0.0	0.0	0.0	0.0	2	1.0232817142223698	0.6288592229759766	230.0	27	1.05	0.95				
	222	2	0.0	0.0	0.0	0.0	2	1.0451822126718069	7.087132302835958	230.0	27	1.05	0.95				
	223	2	0.0	0.0	0.0	0.0	2	1.0159479389333288	-2.6184102315605937	230.0	25	1.05	0.95				
	224	1	0.0	0.0	0.0	0.0	2	1.005724327210582	-4.0259816627177045	230.0	26	1.05	0.95				
	301	2	43.69882949052632	8.901613414736842	0.0	0.0	3	1.0106974086640264	-6.643013764398021	138.0	31	1.05	0.95				
	302	2	39.24802278315789	8.092375831578948	0.0	0.0	3	1.0105044175587121	-6.774144980986375	138.0	32	1.05	0.95				
	303	1	72.83138248421052	14.970895288421051	0.0	0.0	3	1.032346079580051	-0.40587615466473476	138.0	31	1.05	0.95				
	304	1	29.941790576842102	6.0692818736842105	0.0	0.0	3	1.013086835402176	-5.315711892587613	138.0	31	1.05	0.95				
	305	1	28.72793420210526	5.664663082105264	0.0	0.0	3	1.0253103006501865	-6.4617245392406675	138.0	31	1.05	0.95				
	306	1	55.02815565473684	11.329326164210528	0.0	-100.0	3	1.0417750739637668	-6.848389780053366	138.0	32	1.05	0.95				
	307	2	50.577348947368414	10.115469789473684	0.0	0.0	3	0.9873549434772877	-10.847090830160694	138.0	32	1.05	0.95				
	308	1	69.18981336	14.161657705263156	0.0	0.0	3	0.9975318522140117	-9.074692923596354	138.0	32	1.05	0.95				
	309	1	70.80828852631579	14.566276496842104	0.0	0.0	3	1.027676860304634	-2.4695778209350374	138.0	33	1.05	0.95				
	310	1	78.90066435789474	16.184751663157897	0.0	0.0	3	1.05	-4.976407701011506	138.0	33	1.05	0.95				
	311	1	0.0	0.0	0.0	0.0	3	1.0061644386028563	0.11887779511939593	230.0	33	1.05	0.95				
	312	1	0.0	0.0	0.0	0.0	3	1.0109817161580037	0.44847240910784597	230.0	33	1.05	0.95				
	313	2	107.22397976842105	21.84941474526316	0.0	0.0	3	1.0085703337834204	3.1584205216868604	230.0	34	1.05	0.95				
	314	2	78.49604556631579	15.780132871578948	0.0	0.0	3	1.000972391899839	1.437462413687956	230.0	36	1.05	0.95				
	315	2	128.2641569305263	25.89560266105263	0.0	0.0	3	1.034923586093748	5.435330114494987	230.0	36	1.05	0.95				
	316	2	40.461879157894735	8.092375831578948	0.0	0.0	3	1.0334211109225073	5.630874571903146	230.0	36	1.05	0.95				
	317	1	0.0	0.0	0.0	0.0	3	1.0485462634810137	10.810373374830215	230.0	37	1.05	0.95				
	318	2	134.73805759578948	27.51407782736842	0.0	0.0	3	1.0457897066157975	8.101105727705116	230.0	37	1.05	0.95				
	319	1	73.23600127578948	14.970895288421051	0.0	0.0	3	1.025076268854779	4.640776165210051	230.0	35	1.05	0.95				
	320	1	51.79120532210526	10.520088581052631	0.0	0.0	3	1.020546027122553	4.564652417056725	230.0	35	1.05	0.95				
	321	2	0.0	0.0	0.0	0.0	3	1.0434748145289727	7.861576471909717	230.0	37	1.05	0.95				
	322	2	0.0	0.0	0.0	0.0	3	1.05	13.356514287846585	230.0	37	1.05	0.95				
	323	2	0.0	0.0	0.0	0.0	3	1.0185018132013832	4.840469009361621	230.0	35	1.05	0.95				
	324	1	0.0	0.0	0.0	0.0	3	1.0258985387009523	3.234976675367564	230.0	36	1.05	0.95				
	325	1	0.0	0.0	0.0	0.0	3	1.0194178582065359	5.631011588360464	230.0	35	1.05	0.95				
];
