%% MATPOWER Case Format : Version 2
function mpc = RTS_GMLC
mpc.version = '2';

%%-----  Power Flow Data  -----%%
%% system MVA base
mpc.baseMVA = 100.0;
%% bus data
%    bus_i    type    Pd    Qd    Gs    Bs    area    Vm    Va    baseKV    zone    Vmax    Vmin
mpc.bus = [
	101	2	59.317169722105255	12.083127165614034	0.0	0.0	1	1.0340723405495695	2.647909878765015	138.0	11	1.05	0.95				
	102	2	53.27560613929824	10.984661059649122	0.0	0.0	1	1.0341208312714643	2.61068424979008	138.0	12	1.05	0.95				
	103	1	98.8619495368421	20.321622960350876	0.0	0.0	1	1.0259771718810442	0.6266941430903848	138.0	11	1.05	0.95				
	104	1	40.64324592070175	8.23849579473684	0.0	0.0	1	1.0198685335218551	-0.9020351360658416	138.0	11	1.05	0.95				
	105	1	38.995546761754376	7.689262741754385	0.0	0.0	1	1.034391233365077	-0.7507630452273978	138.0	11	1.05	0.95				
	106	1	74.69569520561403	15.37852548350877	0.0	-100.0	1	1.0420230344563581	-3.162641783651858	138.0	12	1.05	0.95				
	107	2	68.654131622807	13.730826324561402	0.0	0.0	1	1.0356508814276413	-1.7261303846287988	138.0	12	1.05	0.95				
	108	1	93.91885205999998	19.223156854385962	0.0	0.0	1	1.0230202691649486	-3.5634238381300616	138.0	12	1.05	0.95				
	109	1	96.11578427192981	19.772389907368417	0.0	0.0	1	1.025740432983945	-1.559337245321931	138.0	13	1.05	0.95				
	110	1	107.10044533157892	21.969322119298244	0.0	0.0	1	1.05	-2.4691673303839243	138.0	13	1.05	0.95				
	111	1	0.0	0.0	0.0	0.0	1	1.006315624604109	0.03367459048814615	230.0	13	1.05	0.95				
	112	1	0.0	0.0	0.0	0.0	1	1.0113515623085512	0.4842000635684891	230.0	13	1.05	0.95				
	113	3	145.54675904035085	29.658584861052628	0.0	0.0	1	1.000019318880733	2.7787103202765943e-29	230.0	14	1.05	0.95				
	114	2	106.55121227859648	21.420089066315786	0.0	0.0	1	1.0038531804762398	2.2207438356932427	230.0	16	1.05	0.95				
	115	2	174.10687779543855	35.15091539087719	0.0	0.0	1	1.041347033002615	8.99602149196043	230.0	16	1.05	0.95				
	116	2	54.92330529824561	10.984661059649122	0.0	0.0	1	1.0378584393639916	8.527627747335151	230.0	16	1.05	0.95				
	117	1	0.0	0.0	0.0	0.0	1	1.0449954894298605	11.147061679774005	230.0	17	1.05	0.95				
	118	2	182.89460664315786	37.347847602807015	0.0	0.0	1	1.0482013301240787	11.595114882046897	230.0	17	1.05	0.95				
	119	1	99.41118258982455	20.321622960350876	0.0	0.0	1	1.0312506524108507	7.135885893858167	230.0	15	1.05	0.95				
	120	1	70.30183078175438	14.280059377543857	0.0	0.0	1	1.0300298734974436	6.976273238841938	230.0	15	1.05	0.95				
	121	2	0.0	0.0	0.0	0.0	1	1.05	11.790485403480558	230.0	17	1.05	0.95				
	122	2	0.0	0.0	0.0	0.0	1	1.05	18.367834003525118	230.0	17	1.05	0.95				
	123	2	0.0	0.0	0.0	0.0	1	1.0304462431455461	7.305684685948585	230.0	15	1.05	0.95				
	124	1	0.0	0.0	0.0	0.0	1	1.0249545995739449	5.881088161732636	230.0	16	1.05	0.95				
	201	2	62.33842280842106	12.698567609122808	0.0	0.0	2	1.032278902643996	-9.405829968945392	138.0	21	1.05	0.95				
	202	2	55.989139003859655	11.544152371929826	0.0	0.0	2	1.0324139583828018	-9.49699083349906	138.0	22	1.05	0.95				
	203	1	103.89737134736843	21.356681888070177	0.0	0.0	2	1.0243160432853171	-6.964974511720187	138.0	21	1.05	0.95				
	204	1	42.713363776140355	8.65811427894737	0.0	0.0	2	1.0179535594600948	-11.813184625688086	138.0	21	1.05	0.95				
	205	1	40.98174092035088	8.080906660350879	0.0	0.0	2	1.0335710599720864	-12.129858319648786	138.0	21	1.05	0.95				
	206	1	78.50023612912283	16.161813320701757	0.0	-100.0	2	1.0413135973891712	-14.208357265969154	138.0	22	1.05	0.95				
	207	2	72.15095232456142	14.430190464912283	0.0	0.0	2	0.9869882844724951	-22.913272657376975	138.0	22	1.05	0.95				
	208	1	98.70250278000002	20.202266650877192	0.0	0.0	2	0.9888804357346925	-20.162217168243085	138.0	22	1.05	0.95				
	209	1	101.01133325438599	20.779474269473685	0.0	0.0	2	1.023734988507904	-11.364003566175954	138.0	23	1.05	0.95				
	210	1	112.55548562631579	23.088304743859652	0.0	0.0	2	1.05	-13.067113242484591	138.0	23	1.05	0.95				
	211	1	0.0	0.0	0.0	0.0	2	1.0142238946610196	-8.34266519862555	230.0	23	1.05	0.95				
	212	1	0.0	0.0	0.0	0.0	2	1.0148945243565206	-7.6561133316385295	230.0	23	1.05	0.95				
	213	2	152.96001892807018	31.16921140421053	0.0	0.0	2	1.0129002321006724	-7.35111242064136	230.0	24	1.05	0.95				
	214	2	111.97827800771931	22.51109712526316	0.0	0.0	2	1.0220463423851773	-5.321068661827396	230.0	26	1.05	0.95				
	215	2	182.97481509508773	36.94128759017544	0.0	0.0	2	1.0365534517445636	2.731373480795157	230.0	26	1.05	0.95				
	216	2	57.72076185964913	11.544152371929826	0.0	0.0	2	1.0395748372335996	2.4489188010309153	230.0	26	1.05	0.95				
	217	1	0.0	0.0	0.0	0.0	2	1.042312365617385	5.7329992468272994	230.0	27	1.05	0.95				
	218	2	192.21013699263162	39.25011806456141	0.0	0.0	2	1.04435145625392	6.318760729425006	230.0	27	1.05	0.95				
	219	1	104.47457896596492	21.356681888070177	0.0	0.0	2	1.039231833429616	1.3943925557818841	230.0	25	1.05	0.95				
	220	1	73.88257518035088	15.007398083508775	0.0	0.0	2	1.0435697320047042	1.5725953244587867	230.0	25	1.05	0.95				
	221	2	0.0	0.0	0.0	0.0	2	1.044324915562701	6.173362900365429	230.0	27	1.05	0.95				
	222	2	0.0	0.0	0.0	0.0	2	1.05	12.506808605236188	230.0	27	1.05	0.95				
	223	2	0.0	0.0	0.0	0.0	2	1.0471879490789824	2.093888652025718	230.0	25	1.05	0.95				
	224	1	0.0	0.0	0.0	0.0	2	1.019889856473865	-0.8929132762775532	230.0	26	1.05	0.95				
	301	2	53.333755124210526	10.864283451228069	0.0	0.0	3	1.0069927377432801	-24.73041081893813	138.0	31	1.05	0.95				
	302	2	47.90161339859648	9.876621319298245	0.0	0.0	3	1.0064602677106487	-24.857259864752752	138.0	32	1.05	0.95				
	303	1	88.88959187368421	18.27174944070175	0.0	0.0	3	1.0229924204723866	-18.45067036021441	138.0	31	1.05	0.95				
	304	1	36.5434988814035	7.407465989473683	0.0	0.0	3	1.0085170771767349	-23.2064673333689	138.0	31	1.05	0.95				
	305	1	35.062005683508765	6.913634923508772	0.0	0.0	3	1.021886266055885	-24.02170404498683	138.0	31	1.05	0.95				
	306	1	67.16102497122807	13.827269847017543	0.0	-100.0	3	1.0381233437754318	-24.196806023526882	138.0	32	1.05	0.95				
	307	2	61.72888324561403	12.345776649122806	0.0	0.0	3	0.992149450775747	-29.756857736166342	138.0	32	1.05	0.95				
	308	1	84.44511227999999	17.284087308771927	0.0	0.0	3	0.9963093921180972	-27.47434386037809	138.0	32	1.05	0.95				
	309	1	86.42043654385964	17.77791837473684	0.0	0.0	3	1.0264808916057142	-19.839425654414462	138.0	33	1.05	0.95				
	310	1	96.29705786315787	19.75324263859649	0.0	0.0	3	1.05	-21.726198516595367	138.0	33	1.05	0.95				
	311	1	0.0	0.0	0.0	0.0	3	1.013468017350256	-15.104736659723049	230.0	33	1.05	0.95				
	312	1	0.0	0.0	0.0	0.0	3	1.0144837028289244	-14.603754994269336	230.0	33	1.05	0.95				
	313	2	130.86523248070174	26.666877562105263	0.0	0.0	3	1.0178500039163108	-11.475536239065239	230.0	34	1.05	0.95				
	314	2	95.80322679719296	19.259411572631578	0.0	0.0	3	1.0214196062253322	-12.588798410067511	230.0	36	1.05	0.95				
	315	2	156.54444791087715	31.605188221754382	0.0	0.0	3	1.045748669856654	-6.499562268532772	230.0	36	1.05	0.95				
	316	2	49.383106596491224	9.876621319298245	0.0	0.0	3	1.0447390314105132	-6.110593311265287	230.0	36	1.05	0.95				
	317	1	0.0	0.0	0.0	0.0	3	1.047450900590319	-3.88289897377387	230.0	37	1.05	0.95				
	318	2	164.44574496631577	33.58051248561404	0.0	0.0	3	1.047880182608266	-3.595970003466972	230.0	37	1.05	0.95				
	319	1	89.38342293964911	18.27174944070175	0.0	0.0	3	1.0410715217381237	-7.162043440312075	230.0	35	1.05	0.95				
	320	1	63.210376443508764	12.839607715087716	0.0	0.0	3	1.0415449131829637	-7.1434927247303	230.0	35	1.05	0.95				
	321	2	0.0	0.0	0.0	0.0	3	1.05	-2.9152303086009668	230.0	37	1.05	0.95				
	322	2	0.0	0.0	0.0	0.0	3	1.05	2.480189776010482	230.0	37	1.05	0.95				
	323	2	0.0	0.0	0.0	0.0	3	1.042618819671653	-6.765674574321036	230.0	35	1.05	0.95				
	324	1	0.0	0.0	0.0	0.0	3	1.0222002631491962	-10.92679268169581	230.0	36	1.05	0.95				
	325	1	0.0	0.0	0.0	0.0	3	1.0367247782295586	-5.241367265142997	230.0	35	1.05	0.95				
];
