%% MATPOWER Case Format : Version 2
function mpc = RTS_GMLC
mpc.version = '2';

%%-----  Power Flow Data  -----%%
%% system MVA base
mpc.baseMVA = 100.0;
%% bus data
%    bus_i    type    Pd    Qd    Gs    Bs    area    Vm    Va    baseKV    zone    Vmax    Vmin
mpc.bus = [
	101	2	53.87976250105264	10.97550717614035	0.0	0.0	1	1.0349227819974582	1.555262090655187	138.0	11	1.05	0.95				
	102	2	48.392008912982455	9.97773379649123	0.0	0.0	1	1.034455307475376	1.384735045720967	138.0	12	1.05	0.95				
	103	1	89.79960416842106	18.45880752350877	0.0	0.0	1	1.0284240323364393	0.6563059498245303	138.0	11	1.05	0.95				
	104	1	36.91761504701754	7.483300347368421	0.0	0.0	1	1.0207074523113722	-1.7998768439370907	138.0	11	1.05	0.95				
	105	1	35.42095497754386	6.98441365754386	0.0	0.0	1	1.0355847916207357	-1.701917506754627	138.0	11	1.05	0.95				
	106	1	67.84858981614036	13.96882731508772	0.0	-100.0	1	1.0436816946693583	-4.030677599054174	138.0	12	1.05	0.95				
	107	2	62.360836228070184	12.472167245614035	0.0	0.0	1	1.0027509948965376	-9.309562044051953	138.0	12	1.05	0.95				
	108	1	85.30962396	17.46103414385965	0.0	0.0	1	1.0035592769028625	-8.160287101587059	138.0	12	1.05	0.95				
	109	1	87.30517071929825	17.959920833684208	0.0	0.0	1	1.0249221255811716	-2.390735397607447	138.0	13	1.05	0.95				
	110	1	97.28290451578947	19.95546759298246	0.0	0.0	1	1.05	-3.438129903623199	138.0	13	1.05	0.95				
	111	1	0.0	0.0	0.0	0.0	1	1.0072845711460805	-0.16934017357762654	230.0	13	1.05	0.95				
	112	1	0.0	0.0	0.0	0.0	1	1.0107741022764327	-0.005074494760806444	230.0	13	1.05	0.95				
	113	3	132.20497280350878	26.93988125052632	0.0	0.0	1	1.0009966595761792	-2.709516715338437e-29	230.0	14	1.05	0.95				
	114	2	96.78401782596491	19.456580903157896	0.0	0.0	1	1.00829197688993	2.525423446823141	230.0	16	1.05	0.95				
	115	2	158.14708067438596	31.92874814877193	0.0	0.0	1	1.0425799808299532	10.028027156074414	230.0	16	1.05	0.95				
	116	2	49.88866898245614	9.97773379649123	0.0	0.0	1	1.0393470667560079	9.234843701364099	230.0	16	1.05	0.95				
	117	1	0.0	0.0	0.0	0.0	1	1.0434587586340156	12.421709038511873	230.0	17	1.05	0.95				
	118	2	166.12926771157896	33.92429490807018	0.0	0.0	1	1.0473499820126078	12.47391584761633	230.0	17	1.05	0.95				
	119	1	90.29849085824561	18.45880752350877	0.0	0.0	1	1.0316840181090026	7.410531380833103	230.0	15	1.05	0.95				
	120	1	63.85749629754386	12.971053935438597	0.0	0.0	1	1.0292487483100516	6.7731357236383145	230.0	15	1.05	0.95				
	121	2	0.0	0.0	0.0	0.0	1	1.05	13.674769193325327	230.0	17	1.05	0.95				
	122	2	0.0	0.0	0.0	0.0	1	1.05	24.97556440237541	230.0	17	1.05	0.95				
	123	2	0.0	0.0	0.0	0.0	1	1.0287285534017452	6.802560270928169	230.0	15	1.05	0.95				
	124	1	0.0	0.0	0.0	0.0	1	1.0255075824564166	6.532408323199551	230.0	16	1.05	0.95				
	201	2	55.334487637894746	11.271840074385967	0.0	0.0	2	1.0308951654810208	-8.451056246611639	138.0	21	1.05	0.95				
	202	2	49.69856760070176	10.247127340350879	0.0	0.0	2	1.031305410342165	-8.425394175883449	138.0	22	1.05	0.95				
	203	1	92.2241460631579	18.957185579649124	0.0	0.0	2	1.0187832081342978	-7.993477282505201	138.0	21	1.05	0.95				
	204	1	37.91437115929825	7.685345505263159	0.0	0.0	2	1.018581613258382	-10.57738206043875	138.0	21	1.05	0.95				
	205	1	36.37730205824562	7.172989138245615	0.0	0.0	2	1.033952429310397	-10.733305728503103	138.0	21	1.05	0.95				
	206	1	69.68046591438598	14.34597827649123	0.0	-100.0	2	1.0431168991278919	-12.492436701570872	138.0	22	1.05	0.95				
	207	2	64.04454587719299	12.808909175438599	0.0	0.0	2	0.9892595400762669	-20.205091964379797	138.0	22	1.05	0.95				
	208	1	87.61293876000002	17.932472845614036	0.0	0.0	2	0.9931569449185886	-17.815284302355924	138.0	22	1.05	0.95				
	209	1	89.66236422807019	18.444829212631582	0.0	0.0	2	1.0233947288411238	-10.251875550395788	138.0	23	1.05	0.95				
	210	1	99.90949156842107	20.494254680701758	0.0	0.0	2	1.05	-11.421588235723473	138.0	23	1.05	0.95				
	211	1	0.0	0.0	0.0	0.0	2	1.0097042964410181	-7.112893042669539	230.0	23	1.05	0.95				
	212	1	0.0	0.0	0.0	0.0	2	1.0109386913849188	-6.386441997285931	230.0	23	1.05	0.95				
	213	2	135.77443725964915	27.667243818947373	0.0	0.0	2	1.0062385701568644	-5.992859216924185	230.0	24	1.05	0.95				
	214	2	99.39713520140351	19.981898313684216	0.0	0.0	2	1.014396040443154	-4.303942226807296	230.0	26	1.05	0.95				
	215	2	162.41696834456144	32.79080748912281	0.0	0.0	2	1.0320570195817937	2.7692315111927694	230.0	26	1.05	0.95				
	216	2	51.235636701754395	10.247127340350879	0.0	0.0	2	1.033706889026601	2.768166030946432	230.0	26	1.05	0.95				
	217	1	0.0	0.0	0.0	0.0	2	1.0382718969237397	5.629665846897374	230.0	27	1.05	0.95				
	218	2	170.61467021684214	34.84023295719299	0.0	0.0	2	1.0398915462636693	6.083664846860505	230.0	27	1.05	0.95				
	219	1	92.73650243017546	18.957185579649124	0.0	0.0	2	1.0325692442179322	2.0822449342770653	230.0	25	1.05	0.95				
	220	1	65.58161497824563	13.321265542456143	0.0	0.0	2	1.035423473132649	2.4708508992329716	230.0	25	1.05	0.95				
	221	2	0.0	0.0	0.0	0.0	2	1.0396811199330027	5.737211216724683	230.0	27	1.05	0.95				
	222	2	0.0	0.0	0.0	0.0	2	1.05	12.196837082728644	230.0	27	1.05	0.95				
	223	2	0.0	0.0	0.0	0.0	2	1.0380040161596271	3.0677753621300154	230.0	25	1.05	0.95				
	224	1	0.0	0.0	0.0	0.0	2	1.0137700455895067	-1.2513479716556415	230.0	26	1.05	0.95				
	301	2	54.22208161263158	11.045238847017544	0.0	0.0	3	1.0132100883130553	-11.952936793810213	138.0	31	1.05	0.95				
	302	2	48.699462189122805	10.041126224561403	0.0	0.0	3	1.011899539124244	-12.217839724884742	138.0	32	1.05	0.95				
	303	1	90.37013602105263	18.576083515438597	0.0	0.0	3	1.045721088261276	-0.6277937622188765	138.0	31	1.05	0.95				
	304	1	37.152167030877195	7.530844668421052	0.0	0.0	3	1.011343262429238	-10.702349060917252	138.0	31	1.05	0.95				
	305	1	35.64599809719298	7.028788357192983	0.0	0.0	3	1.0253168965075035	-12.38806201393392	138.0	31	1.05	0.95				
	306	1	68.27965832701754	14.057576714385966	0.0	-100.0	3	1.0392701313397152	-13.21006472863242	138.0	32	1.05	0.95				
	307	2	62.757038903508764	12.551407780701753	0.0	0.0	3	0.9912293035001359	-18.45806159338409	138.0	32	1.05	0.95				
	308	1	85.85162921999999	17.571970892982456	0.0	0.0	3	0.9953965217698415	-16.131987944693478	138.0	32	1.05	0.95				
	309	1	87.85985446491227	18.074027204210523	0.0	0.0	3	1.0272682685846402	-7.412338582339803	138.0	33	1.05	0.95				
	310	1	97.90098068947368	20.082252449122805	0.0	0.0	3	1.05	-11.21093814613924	138.0	33	1.05	0.95				
	311	1	0.0	0.0	0.0	0.0	3	1.0118221494174513	-5.678659945410919	230.0	33	1.05	0.95				
	312	1	0.0	0.0	0.0	0.0	3	1.0147652727813845	-5.067730705507911	230.0	33	1.05	0.95				
	313	2	133.04492247543857	27.11104080631579	0.0	0.0	3	1.0134033650898762	-2.620093118163618	230.0	34	1.05	0.95				
	314	2	97.39892437824561	19.58019613789474	0.0	0.0	3	1.012875716878499	-4.635805420817704	230.0	36	1.05	0.95				
	315	2	159.15185065929825	32.13160391859649	0.0	0.0	3	1.0391793741116497	-0.6426008359227993	230.0	36	1.05	0.95				
	316	2	50.20563112280701	10.041126224561403	0.0	0.0	3	1.0369686395671687	-0.14107302643112238	230.0	36	1.05	0.95				
	317	1	0.0	0.0	0.0	0.0	3	1.0421404348525307	1.3712555803946973	230.0	37	1.05	0.95				
	318	2	167.18475163894738	34.13982916350877	0.0	0.0	3	1.0398341726267597	0.6091876481268119	230.0	37	1.05	0.95				
	319	1	90.8721923322807	18.576083515438597	0.0	0.0	3	1.0315890796996876	-0.9240260181325054	230.0	35	1.05	0.95				
	320	1	64.26320783719298	13.053464091929825	0.0	0.0	3	1.0306628644549867	-0.6400985202372336	230.0	35	1.05	0.95				
	321	2	0.0	0.0	0.0	0.0	3	1.0411073186188837	0.7440459016883505	230.0	37	1.05	0.95				
	322	2	0.0	0.0	0.0	0.0	3	1.05	5.312014865687784	230.0	37	1.05	0.95				
	323	2	0.0	0.0	0.0	0.0	3	1.031102616120957	-0.10168328967599924	230.0	35	1.05	0.95				
	324	1	0.0	0.0	0.0	0.0	3	1.0375847749531608	-0.6333480687047415	230.0	36	1.05	0.95				
	325	1	0.0	0.0	0.0	0.0	3	1.0288542276122503	1.060205267139532	230.0	35	1.05	0.95				
];
