%% MATPOWER Case Format : Version 2
function mpc = RTS_GMLC
mpc.version = '2';

%%-----  Power Flow Data  -----%%
%% system MVA base
mpc.baseMVA = 100.0;
%% bus data
%    bus_i    type    Pd    Qd    Gs    Bs    area    Vm    Va    baseKV    zone    Vmax    Vmin
mpc.bus = [
	101	2	47.761009389473685	9.729094505263157	0.0	0.0	1	1.0170016014006176	2.7923145798948172	138.0	11	1.05	0.95				
	102	2	42.8964621368421	8.844631368421052	0.0	0.0	1	1.0158332304701336	2.483768227561499	138.0	12	1.05	0.95				
	103	1	79.60168231578947	16.36256803157895	0.0	0.0	1	1.0276890005209365	2.6621725909415543	138.0	11	1.05	0.95				
	104	1	32.7251360631579	6.633473526315789	0.0	0.0	1	1.0138938974346297	-0.6199918856530651	138.0	11	1.05	0.95				
	105	1	31.398441357894736	6.1912419578947375	0.0	0.0	1	1.0270940708842966	-0.5481430743665534	138.0	11	1.05	0.95				
	106	1	60.14349330526316	12.382483915789475	0.0	-100.0	1	1.0407153806945515	-2.8908018126392516	138.0	12	1.05	0.95				
	107	2	55.278946052631575	11.055789210526315	0.0	0.0	1	0.9865235051017396	-10.135802730056273	138.0	12	1.05	0.95				
	108	1	75.6215982	15.478104894736841	0.0	0.0	1	0.9949630114120394	-7.999104199032405	138.0	12	1.05	0.95				
	109	1	77.39052447368421	15.920336463157895	0.0	0.0	1	1.0258606209924837	-1.311918405394947	138.0	13	1.05	0.95				
	110	1	86.23515584210526	17.689262736842103	0.0	0.0	1	1.05	-2.4773348059088294	138.0	13	1.05	0.95				
	111	1	0.0	0.0	0.0	0.0	1	1.0179309795585245	0.8528039112138202	230.0	13	1.05	0.95				
	112	1	0.0	0.0	0.0	0.0	1	1.0143383183770438	0.5046842053037077	230.0	13	1.05	0.95				
	113	3	117.19136563157892	23.880504694736842	0.0	0.0	1	0.9975947650945463	1.20311002532163e-30	230.0	14	1.05	0.95				
	114	2	85.7929242736842	17.24703116842105	0.0	0.0	1	1.0421562581389234	4.272218563987793	230.0	16	1.05	0.95				
	115	2	140.18740718947367	28.30282037894737	0.0	0.0	1	1.0455269853278575	12.868112146012578	230.0	16	1.05	0.95				
	116	2	44.22315684210526	8.844631368421052	0.0	0.0	1	1.0472988008738147	11.859732180951783	230.0	16	1.05	0.95				
	117	1	0.0	0.0	0.0	0.0	1	1.04403019286023	16.724231518475396	230.0	17	1.05	0.95				
	118	2	147.2631122842105	30.07174665263158	0.0	0.0	1	1.05	16.82911051563191	230.0	17	1.05	0.95				
	119	1	80.04391388421053	16.36256803157895	0.0	0.0	1	1.0452210332454606	9.091576358989697	230.0	15	1.05	0.95				
	120	1	56.60564075789474	11.498020778947367	0.0	0.0	1	1.047905157286114	7.51946919037688	230.0	15	1.05	0.95				
	121	2	0.0	0.0	0.0	0.0	1	1.0420076331150199	18.03741317302996	230.0	17	1.05	0.95				
	122	2	0.0	0.0	0.0	0.0	1	1.05	36.00904501460395	230.0	17	1.05	0.95				
	123	2	0.0	0.0	0.0	0.0	1	1.05	6.982930187271374	230.0	15	1.05	0.95				
	124	1	0.0	0.0	0.0	0.0	1	1.0260515698530475	9.07314552635722	230.0	16	1.05	0.95				
	201	2	57.187470505263164	11.64929954736842	0.0	0.0	2	1.023768833897532	-13.30539328046468	138.0	21	1.05	0.95				
	202	2	51.36282073157894	10.590272315789473	0.0	0.0	2	1.02485915847919	-13.145188893633314	138.0	22	1.05	0.95				
	203	1	95.31245084210525	19.592003784210522	0.0	0.0	2	1.012898566127856	-10.910933112608191	138.0	21	1.05	0.95				
	204	1	39.184007568421045	7.942704236842105	0.0	0.0	2	1.015044156016173	-14.543103224589775	138.0	21	1.05	0.95				
	205	1	37.59546672105263	7.413190621052632	0.0	0.0	2	1.0302796206799703	-14.984721454287744	138.0	21	1.05	0.95				
	206	1	72.01385174736842	14.826381242105263	0.0	-100.0	2	1.0413058665307162	-16.395250537182225	138.0	22	1.05	0.95				
	207	2	66.1892019736842	13.23784039473684	0.0	0.0	2	0.9901528833919565	-23.990165563542188	138.0	22	1.05	0.95				
	208	1	90.54682829999999	18.532976552631578	0.0	0.0	2	0.9927278929949743	-21.49878009376409	138.0	22	1.05	0.95				
	209	1	92.66488276315789	19.06249016842105	0.0	0.0	2	1.0227153035890004	-13.511692675915736	138.0	23	1.05	0.95				
	210	1	103.25515507894735	21.180544631578947	0.0	0.0	2	1.05	-14.98928957061221	138.0	23	1.05	0.95				
	211	1	0.0	0.0	0.0	0.0	2	1.0130810487059696	-10.126686645932464	230.0	23	1.05	0.95				
	212	1	0.0	0.0	0.0	0.0	2	1.0119983289390628	-9.142853446498911	230.0	23	1.05	0.95				
	213	2	140.32110818421052	28.593735252631582	0.0	0.0	2	1.0118089461010338	-8.643990970721605	230.0	24	1.05	0.95				
	214	2	102.72564146315788	20.651031015789474	0.0	0.0	2	1.0209566807208967	-7.279275838839564	230.0	26	1.05	0.95				
	215	2	167.85581620526315	33.88887141052631	0.0	0.0	2	1.0328841472998738	0.07947170508827942	230.0	26	1.05	0.95				
	216	2	52.95136157894736	10.590272315789473	0.0	0.0	2	1.0366480393989657	-0.025691391019206315	230.0	26	1.05	0.95				
	217	1	0.0	0.0	0.0	0.0	2	1.0419928661709175	2.6567657805290237	230.0	27	1.05	0.95				
	218	2	176.3280340578947	36.00692587368421	0.0	0.0	2	1.04143480794447	2.4390738971411405	230.0	27	1.05	0.95				
	219	1	95.84196445789473	19.592003784210522	0.0	0.0	2	1.0358069339406537	-0.19643849874174624	230.0	25	1.05	0.95				
	220	1	67.77774282105263	13.767354010526315	0.0	0.0	2	1.0390810372823767	0.6650530636129112	230.0	25	1.05	0.95				
	221	2	0.0	0.0	0.0	0.0	2	1.0406501588130384	2.4392257199229173	230.0	27	1.05	0.95				
	222	2	0.0	0.0	0.0	0.0	2	1.05	9.028771559662708	230.0	27	1.05	0.95				
	223	2	0.0	0.0	0.0	0.0	2	1.0421248433095123	1.530142277300658	230.0	25	1.05	0.95				
	224	1	0.0	0.0	0.0	0.0	2	1.0117955857014607	-3.9995930774609847	230.0	26	1.05	0.95				
	301	2	63.10534642105263	12.854792789473684	0.0	0.0	3	1.012717541026376	-18.61089328852911	138.0	31	1.05	0.95				
	302	2	56.677950026315784	11.686175263157894	0.0	0.0	3	1.0118292875023465	-18.81074303450638	138.0	32	1.05	0.95				
	303	1	105.17557736842105	21.619424236842104	0.0	0.0	3	1.031301947399545	-9.070642581195298	138.0	31	1.05	0.95				
	304	1	43.23884847368421	8.764631447368421	0.0	0.0	3	1.0094660916763145	-16.795009882200013	138.0	31	1.05	0.95				
	305	1	41.48592218421052	8.180322684210527	0.0	0.0	3	1.0236001545149132	-18.190963886478862	138.0	31	1.05	0.95				
	306	1	79.46599178947369	16.360645368421054	0.0	-100.0	3	1.0367899918149657	-18.605221695968037	138.0	32	1.05	0.95				
	307	2	73.03859539473684	14.607719078947367	0.0	0.0	3	0.9942981501840205	-25.17267256234622	138.0	32	1.05	0.95				
	308	1	99.9167985	20.450806710526315	0.0	0.0	3	0.993607483839094	-22.381640984531636	138.0	32	1.05	0.95				
	309	1	102.25403355263158	21.03511547368421	0.0	0.0	3	1.0279157818287863	-12.76783921751504	138.0	33	1.05	0.95				
	310	1	113.94020881578946	23.37235052631579	0.0	0.0	3	1.05	-15.89616443531599	138.0	33	1.05	0.95				
	311	1	0.0	0.0	0.0	0.0	3	1.0187624317892547	-8.464812326303255	230.0	33	1.05	0.95				
	312	1	0.0	0.0	0.0	0.0	3	1.015628323636775	-8.11881269491978	230.0	33	1.05	0.95				
	313	2	154.8418222368421	31.552673210526315	0.0	0.0	3	1.0230682559687059	-5.140905742694755	230.0	34	1.05	0.95				
	314	2	113.35590005263157	22.788041763157892	0.0	0.0	3	1.0323487303197607	-5.556057807910079	230.0	36	1.05	0.95				
	315	2	185.22587792105264	37.39576084210526	0.0	0.0	3	1.04490459166151	1.1295902298200178	230.0	36	1.05	0.95				
	316	2	58.43087631578947	11.686175263157894	0.0	0.0	3	1.0454712072599521	2.113421118443341	230.0	36	1.05	0.95				
	317	1	0.0	0.0	0.0	0.0	3	1.05	6.738277273974787	230.0	37	1.05	0.95				
	318	2	194.57481813157892	39.732995894736845	0.0	0.0	3	1.0426126197879162	4.438918998016737	230.0	37	1.05	0.95				
	319	1	105.75988613157894	21.619424236842104	0.0	0.0	3	1.0385077828455427	0.3526466344874979	230.0	35	1.05	0.95				
	320	1	74.79152168421052	15.192027842105263	0.0	0.0	3	1.0375412540479518	-0.07908150923814743	230.0	35	1.05	0.95				
	321	2	0.0	0.0	0.0	0.0	3	1.0451251326512059	3.9572920372921705	230.0	37	1.05	0.95				
	322	2	0.0	0.0	0.0	0.0	3	1.05	9.390929974359596	230.0	37	1.05	0.95				
	323	2	0.0	0.0	0.0	0.0	3	1.038202932538066	0.11994831614748132	230.0	35	1.05	0.95				
	324	1	0.0	0.0	0.0	0.0	3	1.0270270362568228	-2.6792468438210055	230.0	36	1.05	0.95				
	325	1	0.0	0.0	0.0	0.0	3	1.0324457310945232	1.5875955281843344	230.0	35	1.05	0.95				
];
