%% MATPOWER Case Format : Version 2
function mpc = RTS_GMLC
mpc.version = '2';

%%-----  Power Flow Data  -----%%
%% system MVA base
mpc.baseMVA = 100.0;
%% bus data
%    bus_i    type    Pd    Qd    Gs    Bs    area    Vm    Va    baseKV    zone    Vmax    Vmin
mpc.bus = [
	101	2	46.83918853894737	9.54131618385965	0.0	0.0	1	1.0219446225427504	-3.950953958160259	138.0	11	1.05	0.95				
	102	2	42.068530447017544	8.673923803508773	0.0	0.0	1	1.0210749142418671	-4.163942725817979	138.0	12	1.05	0.95				
	103	1	78.06531423157895	16.046759036491228	0.0	0.0	1	1.0312024277501155	-1.371977242574744	138.0	11	1.05	0.95				
	104	1	32.093518072982455	6.505442852631578	0.0	0.0	1	1.020154680885357	-4.4867475164749635	138.0	11	1.05	0.95				
	105	1	30.792429502456137	6.071746662456141	0.0	0.0	1	1.0306836589666237	-5.530241647391956	138.0	11	1.05	0.95				
	106	1	58.98268186385965	12.143493324912281	0.0	-100.0	1	1.043224434779035	-6.901775520838942	138.0	12	1.05	0.95				
	107	2	54.21202377192982	10.842404754385965	0.0	0.0	1	1.002319569828714	-9.525656696886438	138.0	12	1.05	0.95				
	108	1	74.16204852	15.17936665614035	0.0	0.0	1	1.0061727130283837	-8.947711197660349	138.0	12	1.05	0.95				
	109	1	75.89683328070176	15.61306284631579	0.0	0.0	1	1.0258187403612427	-4.143891656171642	138.0	13	1.05	0.95				
	110	1	84.57075708421053	17.347847607017545	0.0	0.0	1	1.05	-5.732512642722883	138.0	13	1.05	0.95				
	111	1	0.0	0.0	0.0	0.0	1	1.0052512625768686	-1.8265270357293224	230.0	13	1.05	0.95				
	112	1	0.0	0.0	0.0	0.0	1	1.008384113197621	-1.9567580651669172	230.0	13	1.05	0.95				
	113	3	114.92949039649123	23.419594269473684	0.0	0.0	1	0.999790125431737	7.30882217875539e-29	230.0	14	1.05	0.95				
	114	2	84.13706089403509	16.914151416842106	0.0	0.0	1	1.0039816973061158	-0.1753089352867326	230.0	16	1.05	0.95				
	115	2	137.48169228561403	27.75655617122807	0.0	0.0	1	1.0364130696323484	5.642830587005905	230.0	16	1.05	0.95				
	116	2	43.36961901754386	8.673923803508773	0.0	0.0	1	1.0317854749973387	4.719050485471654	230.0	16	1.05	0.95				
	117	1	0.0	0.0	0.0	0.0	1	1.0398186540383134	8.107884851852464	230.0	17	1.05	0.95				
	118	2	144.42083132842106	29.491340931929827	0.0	0.0	1	1.0437950814998762	8.814899089372217	230.0	17	1.05	0.95				
	119	1	78.49901042175439	16.046759036491228	0.0	0.0	1	1.0220866009475622	2.887322515090597	230.0	15	1.05	0.95				
	120	1	55.51311234245614	11.276100944561405	0.0	0.0	1	1.0162597406194156	1.623176976822036	230.0	15	1.05	0.95				
	121	2	0.0	0.0	0.0	0.0	1	1.0465003727728406	10.019620031715407	230.0	17	1.05	0.95				
	122	2	0.0	0.0	0.0	0.0	1	1.05	16.40893814083496	230.0	17	1.05	0.95				
	123	2	0.0	0.0	0.0	0.0	1	1.013666425882889	1.2644774422363674	230.0	15	1.05	0.95				
	124	1	0.0	0.0	0.0	0.0	1	1.02528123048994	3.005820435862821	230.0	16	1.05	0.95				
	201	2	42.56760584842106	8.671178969122808	0.0	0.0	2	1.0131140597575798	-7.5224208402413675	138.0	21	1.05	0.95				
	202	2	38.23201636385965	7.882889971929825	0.0	0.0	2	1.0122907856368581	-7.729251567531252	138.0	22	1.05	0.95				
	203	1	70.94600974736844	14.583346448070175	0.0	0.0	2	1.0152417118308923	-6.097421152317919	138.0	21	1.05	0.95				
	204	1	29.16669289614035	5.912167478947369	0.0	0.0	2	1.012687626349278	-7.131850050269129	138.0	21	1.05	0.95				
	205	1	27.98425940035088	5.518022980350878	0.0	0.0	2	1.0267008345802566	-7.343052657338038	138.0	21	1.05	0.95				
	206	1	53.60365180912281	11.036045960701756	0.0	-100.0	2	1.0425151814349016	-7.740077989126372	138.0	22	1.05	0.95				
	207	2	49.268062324561406	9.853612464912281	0.0	0.0	2	0.9961821486969287	-12.469886060953492	138.0	22	1.05	0.95				
	208	1	67.39870926	13.795057450877193	0.0	0.0	2	1.0024096475639632	-10.712890196329584	138.0	22	1.05	0.95				
	209	1	68.97528725438598	14.189201949473684	0.0	0.0	2	1.0243390300005755	-5.0132783746925815	138.0	23	1.05	0.95				
	210	1	76.85817722631579	15.76577994385965	0.0	0.0	2	1.05	-5.89377433632944	138.0	23	1.05	0.95				
	211	1	0.0	0.0	0.0	0.0	2	1.0024267252415113	-2.833760282481124	230.0	23	1.05	0.95				
	212	1	0.0	0.0	0.0	0.0	2	1.0107709526314461	1.7225368465931084	230.0	23	1.05	0.95				
	213	2	104.4482921280702	21.28380292421053	0.0	0.0	2	0.9974948812049484	-0.5193438325201711	230.0	24	1.05	0.95				
	214	2	76.4640327277193	15.37163544526316	0.0	0.0	2	0.9972174028686147	-2.0896127553992216	230.0	26	1.05	0.95				
	215	2	124.94380605508772	25.22524791017544	0.0	0.0	2	1.0193010076070916	1.7882636311578393	230.0	26	1.05	0.95				
	216	2	39.414449859649125	7.882889971929825	0.0	0.0	2	1.0177169292756503	1.3632989320120472	230.0	26	1.05	0.95				
	217	1	0.0	0.0	0.0	0.0	2	1.0234321526128973	2.266019778353903	230.0	27	1.05	0.95				
	218	2	131.25011803263158	26.801825904561404	0.0	0.0	2	1.0231207101725588	2.031603895920485	230.0	27	1.05	0.95				
	219	1	71.34015424596491	14.583346448070175	0.0	0.0	2	1.0178063921283702	1.8159505745391349	230.0	25	1.05	0.95				
	220	1	50.45049582035088	10.247756963508772	0.0	0.0	2	1.0205184926787274	2.990609600182718	230.0	25	1.05	0.95				
	221	2	0.0	0.0	0.0	0.0	2	1.0253443388789725	2.744118463659609	230.0	27	1.05	0.95				
	222	2	0.0	0.0	0.0	0.0	2	1.0469862239136634	9.084572542124326	230.0	27	1.05	0.95				
	223	2	0.0	0.0	0.0	0.0	2	1.022797061458657	3.940661161565162	230.0	25	1.05	0.95				
	224	1	0.0	0.0	0.0	0.0	2	1.0078833622710994	-1.1815108215651746	230.0	26	1.05	0.95				
	301	2	54.35874723789475	11.073078141052632	0.0	0.0	3	1.0036070886673008	26.025928817798803	138.0	31	1.05	0.95				
	302	2	48.822208167368416	10.06643467368421	0.0	0.0	3	1.0031614906861002	25.802120042293165	138.0	32	1.05	0.95				
	303	1	90.59791206315789	18.62290414631579	0.0	0.0	3	1.0421921437988737	34.50306559142717	138.0	31	1.05	0.95				
	304	1	37.24580829263158	7.549826005263157	0.0	0.0	3	1.007332973538163	27.001023926397497	138.0	31	1.05	0.95				
	305	1	35.73584309157894	7.046504271578947	0.0	0.0	3	1.0201913075474205	26.307695197132798	138.0	31	1.05	0.95				
	306	1	68.45175578105264	14.093008543157895	0.0	-100.0	3	1.037078399824954	25.874993790340227	138.0	32	1.05	0.95				
	307	2	62.91521671052631	12.583043342105263	0.0	0.0	3	0.9696350170865352	23.545979855328696	138.0	32	1.05	0.95				
	308	1	86.06801646	17.616260678947366	0.0	0.0	3	0.991495457819827	25.670031225668108	138.0	32	1.05	0.95				
	309	1	88.08130339473685	18.119582412631576	0.0	0.0	3	1.0269003329731257	30.041106459249328	138.0	33	1.05	0.95				
	310	1	98.14773806842105	20.13286934736842	0.0	0.0	3	1.05	28.210256102518574	138.0	33	1.05	0.95				
	311	1	0.0	0.0	0.0	0.0	3	1.0105615802670866	31.937804787167543	230.0	33	1.05	0.95				
	312	1	0.0	0.0	0.0	0.0	3	1.018270484141754	32.58939754774503	230.0	33	1.05	0.95				
	313	2	133.38025942631577	27.179373618947373	0.0	0.0	3	1.0189644012626151	37.429672238090035	230.0	34	1.05	0.95				
	314	2	97.64441633473683	19.629547613684213	0.0	0.0	3	1.0053514949914137	29.987821366347067	230.0	36	1.05	0.95				
	315	2	159.55298957789472	32.21259095578947	0.0	0.0	3	1.042988838701097	23.85183770580068	230.0	36	1.05	0.95				
	316	2	50.33217336842105	10.06643467368421	0.0	0.0	3	1.037074962454424	24.334479586594753	230.0	36	1.05	0.95				
	317	1	0.0	0.0	0.0	0.0	3	1.0456429026800236	22.799262202058	230.0	37	1.05	0.95				
	318	2	167.6061373168421	34.22587789052632	0.0	0.0	3	1.0467740999897834	20.935975553045434	230.0	37	1.05	0.95				
	319	1	91.10123379684211	18.62290414631579	0.0	0.0	3	1.0343410524537364	26.08421701218455	230.0	35	1.05	0.95				
	320	1	64.42518191157895	13.086365075789475	0.0	0.0	3	1.032475933688884	27.032424266696474	230.0	35	1.05	0.95				
	321	2	0.0	0.0	0.0	0.0	3	1.0463153364053133	22.49218597247448	230.0	37	1.05	0.95				
	322	2	0.0	0.0	0.0	0.0	3	1.05	26.948223906595135	230.0	37	1.05	0.95				
	323	2	0.0	0.0	0.0	0.0	3	1.0304538798585874	27.10589729842485	230.0	35	1.05	0.95				
	324	1	0.0	0.0	0.0	0.0	3	1.0420196344457808	29.87146689262835	230.0	36	1.05	0.95				
	325	1	0.0	0.0	0.0	0.0	3	1.0320381592633727	25.657148111674584	230.0	35	1.05	0.95				
];
