%% MATPOWER Case Format : Version 2
function mpc = RTS_GMLC
mpc.version = '2';

%%-----  Power Flow Data  -----%%
%% system MVA base
mpc.baseMVA = 100.0;
%% bus data
%    bus_i    type    Pd    Qd    Gs    Bs    area    Vm    Va    baseKV    zone    Vmax    Vmin
mpc.bus = [
	101	2	40.867392391578946	8.324839190877194	0.0	0.0	1	1.0348403366338685	2.456317011014613	138.0	11	1.05	0.95				
	102	2	36.70497279614035	7.5680356280701755	0.0	0.0	1	1.0339260293944859	2.1975131804668426	138.0	12	1.05	0.95				
	103	1	68.11232065263158	14.000865911929825	0.0	0.0	1	1.0297290712313318	0.8883668394606421	138.0	11	1.05	0.95				
	104	1	28.00173182385965	5.676026721052631	0.0	0.0	1	1.0224428470336142	-0.836096312372435	138.0	11	1.05	0.95				
	105	1	26.86652647964912	5.297624939649123	0.0	0.0	1	1.037226555150593	-0.6141985014197778	138.0	11	1.05	0.95				
	106	1	51.462642270877204	10.595249879298246	0.0	-100.0	1	1.0470662033143083	-2.7695366348127606	138.0	12	1.05	0.95				
	107	2	47.3002226754386	9.46004453508772	0.0	0.0	1	1.001235288129818	-8.160165153357665	138.0	12	1.05	0.95				
	108	1	64.70670462	13.244062349122807	0.0	0.0	1	1.006299633466457	-6.793703671434208	138.0	12	1.05	0.95				
	109	1	66.22031174561404	13.622464130526316	0.0	0.0	1	1.0242479705750591	-1.7852942156872782	138.0	13	1.05	0.95				
	110	1	73.7883473736842	15.136071256140351	0.0	0.0	1	1.05	-2.53820183632274	138.0	13	1.05	0.95				
	111	1	0.0	0.0	0.0	0.0	1	1.0016026222948204	-0.10372969079901419	230.0	13	1.05	0.95				
	112	1	0.0	0.0	0.0	0.0	1	1.006120361562097	-0.316707470845747	230.0	13	1.05	0.95				
	113	3	100.27647207192982	20.433696195789473	0.0	0.0	1	0.9914369398725287	1.4773686622074296e-30	230.0	14	1.05	0.95				
	114	2	73.4099455922807	14.757669474736842	0.0	0.0	1	0.998511001228678	2.005818485900788	230.0	16	1.05	0.95				
	115	2	119.95336470491227	24.21771400982456	0.0	0.0	1	1.0354785517411245	7.912818890451272	230.0	16	1.05	0.95				
	116	2	37.84017814035088	7.5680356280701755	0.0	0.0	1	1.0310185262966771	7.143044180741292	230.0	16	1.05	0.95				
	117	1	0.0	0.0	0.0	0.0	1	1.0386263156386601	10.401590136315999	230.0	17	1.05	0.95				
	118	2	126.00779320736844	25.731321135438602	0.0	0.0	1	1.0430710726671086	10.685346005378035	230.0	17	1.05	0.95				
	119	1	68.49072243403509	14.000865911929825	0.0	0.0	1	1.0210401594997012	5.013403067135107	230.0	15	1.05	0.95				
	120	1	48.43542801964912	9.838446316491229	0.0	0.0	1	1.0155871459281631	3.8856601787701592	230.0	15	1.05	0.95				
	121	2	0.0	0.0	0.0	0.0	1	1.046336892695558	11.829394072704508	230.0	17	1.05	0.95				
	122	2	0.0	0.0	0.0	0.0	1	1.05	21.36641501218104	230.0	17	1.05	0.95				
	123	2	0.0	0.0	0.0	0.0	1	1.0129251935309769	3.561067671758915	230.0	15	1.05	0.95				
	124	1	0.0	0.0	0.0	0.0	1	1.0241429115652092	5.273824228267619	230.0	16	1.05	0.95				
	201	2	38.06264754947369	7.753502278596491	0.0	0.0	2	1.0159397871949618	-10.238827009238197	138.0	21	1.05	0.95				
	202	2	34.18589641017544	7.04863843508772	0.0	0.0	2	1.0152709377132836	-10.443632278589089	138.0	22	1.05	0.95				
	203	1	63.43774591578948	13.039981104912282	0.0	0.0	2	1.016070131516177	-7.552152743763858	138.0	21	1.05	0.95				
	204	1	26.079962209824565	5.28647882631579	0.0	0.0	2	1.0141771239776525	-10.453750894345259	138.0	21	1.05	0.95				
	205	1	25.022666444561402	4.934046904561405	0.0	0.0	2	1.0288547918293645	-10.777857833166369	138.0	21	1.05	0.95				
	206	1	47.93074135859649	9.86809380912281	0.0	-100.0	2	1.0443857520180035	-11.525982789946212	138.0	22	1.05	0.95				
	207	2	44.05399021929824	8.81079804385965	0.0	0.0	2	0.9968388589720807	-15.804160824224164	138.0	22	1.05	0.95				
	208	1	60.26585862	12.335117261403509	0.0	0.0	2	1.0040609015804824	-14.262454090439165	138.0	22	1.05	0.95				
	209	1	61.67558630701755	12.687549183157895	0.0	0.0	2	1.02270755524966	-8.994824089471837	138.0	23	1.05	0.95				
	210	1	68.72422474210526	14.09727687017544	0.0	0.0	2	1.05	-10.181838512459075	138.0	23	1.05	0.95				
	211	1	0.0	0.0	0.0	0.0	2	1.0022626020846925	-6.359298445087266	230.0	23	1.05	0.95				
	212	1	0.0	0.0	0.0	0.0	2	1.0054192560942965	-5.595060590192054	230.0	23	1.05	0.95				
	213	2	93.39445926491227	19.031323774736844	0.0	0.0	2	0.9961108691942213	-5.030590222216022	230.0	24	1.05	0.95				
	214	2	68.37179282035088	13.744844948421054	0.0	0.0	2	1.0004551144391476	-4.143657666516928	230.0	26	1.05	0.95				
	215	2	111.72091919614036	22.555642992280703	0.0	0.0	2	1.0171418685749523	1.13854363186834	230.0	26	1.05	0.95				
	216	2	35.2431921754386	7.04863843508772	0.0	0.0	2	1.0180402396458004	1.1183493253435186	230.0	26	1.05	0.95				
	217	1	0.0	0.0	0.0	0.0	2	1.0228898949488614	2.4516647351017706	230.0	27	1.05	0.95				
	218	2	117.35982994421053	23.965370679298246	0.0	0.0	2	1.0223015362856471	2.0819017028864506	230.0	27	1.05	0.95				
	219	1	63.79017783754386	13.039981104912282	0.0	0.0	2	1.0187429288965832	1.2048833532287129	230.0	25	1.05	0.95				
	220	1	45.111285984561405	9.163229965614036	0.0	0.0	2	1.021375985723515	1.9799628587478952	230.0	25	1.05	0.95				
	221	2	0.0	0.0	0.0	0.0	2	1.0241804392061775	2.5713162967178564	230.0	27	1.05	0.95				
	222	2	0.0	0.0	0.0	0.0	2	1.0460856946628188	9.063943666355861	230.0	27	1.05	0.95				
	223	2	0.0	0.0	0.0	0.0	2	1.0232386604874688	2.679616712873353	230.0	25	1.05	0.95				
	224	1	0.0	0.0	0.0	0.0	2	1.0060141098824191	-2.146028523832514	230.0	26	1.05	0.95				
	301	2	43.801328690526326	8.92249288140351	0.0	0.0	3	1.01131931485768	-6.961730585715818	138.0	31	1.05	0.95				
	302	2	39.34008224982456	8.111357164912283	0.0	0.0	3	1.011080107678488	-7.177128336608099	138.0	32	1.05	0.95				
	303	1	73.00221448421054	15.00601075508772	0.0	0.0	3	1.0394792962138002	2.2617873782386386	138.0	31	1.05	0.95				
	304	1	30.01202151017544	6.083517873684211	0.0	0.0	3	1.0130996311050902	-5.803774337690011	138.0	31	1.05	0.95				
	305	1	28.795317935438597	5.677950015438598	0.0	0.0	3	1.025736845850571	-7.474206947853108	138.0	31	1.05	0.95				
	306	1	55.15722872140352	11.355900030877196	0.0	-100.0	3	1.0418496334343057	-8.250720801920659	138.0	32	1.05	0.95				
	307	2	50.695982280701756	10.139196456140352	0.0	0.0	3	0.9929138431924927	-12.05879305552879	138.0	32	1.05	0.95				
	308	1	69.35210376	14.194875038596491	0.0	0.0	3	1.0004687117189706	-10.258191953329092	138.0	32	1.05	0.95				
	309	1	70.97437519298246	14.600442896842106	0.0	0.0	3	1.0271759772527027	-3.0204299444800777	138.0	33	1.05	0.95				
	310	1	79.08573235789474	16.222714329824566	0.0	0.0	3	1.05	-6.678635352503971	138.0	33	1.05	0.95				
	311	1	0.0	0.0	0.0	0.0	3	1.0057288499345394	-2.440577551356339	230.0	33	1.05	0.95				
	312	1	0.0	0.0	0.0	0.0	3	1.011975803134992	-1.7285225223638587	230.0	33	1.05	0.95				
	313	2	107.47548243508773	21.900664345263163	0.0	0.0	3	1.0084531165738742	0.5112137040453549	230.0	34	1.05	0.95				
	314	2	78.68016449964912	15.81714647157895	0.0	0.0	3	0.9962099127991496	-2.4833526257655336	230.0	36	1.05	0.95				
	315	2	128.56501106385966	25.9563429277193	0.0	0.0	3	1.0235492693864257	-0.09681909500581415	230.0	36	1.05	0.95				
	316	2	40.55678582456141	8.111357164912283	0.0	0.0	3	1.0197712694562466	-0.10142791721083576	230.0	36	1.05	0.95				
	317	1	0.0	0.0	0.0	0.0	3	1.0271948511347715	1.6974794156921305	230.0	37	1.05	0.95				
	318	2	135.0540967957895	27.57861436070176	0.0	0.0	3	1.0255950980350181	1.0674519602283237	230.0	37	1.05	0.95				
	319	1	73.40778234245616	15.00601075508772	0.0	0.0	3	1.0160519439485238	-0.21506053956151075	230.0	35	1.05	0.95				
	320	1	51.9126858554386	10.544764314385967	0.0	0.0	3	1.0154845298690662	0.49467619687164693	230.0	35	1.05	0.95				
	321	2	0.0	0.0	0.0	0.0	3	1.027012036704183	1.2358711262544735	230.0	37	1.05	0.95				
	322	2	0.0	0.0	0.0	0.0	3	1.040549127827226	5.80280071306461	230.0	37	1.05	0.95				
	323	2	0.0	0.0	0.0	0.0	3	1.0158386132378603	1.2053042398254272	230.0	35	1.05	0.95				
	324	1	0.0	0.0	0.0	0.0	3	1.026462267092987	0.7995570268788399	230.0	36	1.05	0.95				
	325	1	0.0	0.0	0.0	0.0	3	1.016042001391316	2.124278621566633	230.0	35	1.05	0.95				
];
