%% MATPOWER Case Format : Version 2
function mpc = RTS_GMLC
mpc.version = '2';

%%-----  Power Flow Data  -----%%
%% system MVA base
mpc.baseMVA = 100.0;
%% bus data
%    bus_i    type    Pd    Qd    Gs    Bs    area    Vm    Va    baseKV    zone    Vmax    Vmin
mpc.bus = [
	101	2	44.3409203368421	9.032409698245614	0.0	0.0	1	1.0319910424030878	2.5042667908723124	138.0	11	1.05	0.95				
	102	2	39.824715487719295	8.21128154385965	0.0	0.0	1	1.031058651121664	2.2310320978893627	138.0	12	1.05	0.95				
	103	1	73.90153389473684	15.190870856140352	0.0	0.0	1	1.0301092599394328	1.458643416243587	138.0	11	1.05	0.95				
	104	1	30.381741712280704	6.158461157894736	0.0	0.0	1	1.0208549831708844	-0.73905851934793	138.0	11	1.05	0.95				
	105	1	29.15004948070175	5.747897080701755	0.0	0.0	1	1.0353566130461251	-0.5745883054171801	138.0	11	1.05	0.95				
	106	1	55.83671449824561	11.49579416140351	0.0	-100.0	1	1.0454831574406758	-2.759690819560348	138.0	12	1.05	0.95				
	107	2	51.320509649122805	10.26410192982456	0.0	0.0	1	1.0003870608660757	-8.433158090011165	138.0	12	1.05	0.95				
	108	1	70.20645719999999	14.369742701754385	0.0	0.0	1	1.0047317716185464	-6.959024305522327	138.0	12	1.05	0.95				
	109	1	71.84871350877192	14.780306778947367	0.0	0.0	1	1.024751177634088	-1.4978441523230313	138.0	13	1.05	0.95				
	110	1	80.05999505263158	16.4225630877193	0.0	0.0	1	1.05	-2.3959944742818786	138.0	13	1.05	0.95				
	111	1	0.0	0.0	0.0	0.0	1	1.0040295056438233	0.27873785095635656	230.0	13	1.05	0.95				
	112	1	0.0	0.0	0.0	0.0	1	1.0085220570267999	0.3510871163277647	230.0	13	1.05	0.95				
	113	3	108.79948045614034	22.17046016842105	0.0	0.0	1	0.9950726649263992	2.3373657947639503e-26	230.0	14	1.05	0.95				
	114	2	79.64943097543859	16.011999010526313	0.0	0.0	1	1.0027898422441937	2.870101290557744	230.0	16	1.05	0.95				
	115	2	130.14881247017541	26.276100940350876	0.0	0.0	1	1.0402991172891456	9.533157819637253	230.0	16	1.05	0.95				
	116	2	41.05640771929824	8.21128154385965	0.0	0.0	1	1.0362357559753688	8.860183783034799	230.0	16	1.05	0.95				
	117	1	0.0	0.0	0.0	0.0	1	1.0428006078788432	11.564984481509121	230.0	17	1.05	0.95				
	118	2	136.71783770526315	27.918357249122806	0.0	0.0	1	1.0464389171681856	11.67422256163919	230.0	17	1.05	0.95				
	119	1	74.31209797192983	15.190870856140352	0.0	0.0	1	1.0287459174211284	7.2077239541917715	230.0	15	1.05	0.95				
	120	1	52.55220188070175	10.674666007017544	0.0	0.0	1	1.0253643650994981	6.557037853721298	230.0	15	1.05	0.95				
	121	2	0.0	0.0	0.0	0.0	1	1.05	12.718305735868528	230.0	17	1.05	0.95				
	122	2	0.0	0.0	0.0	0.0	1	1.05	21.677922384899755	230.0	17	1.05	0.95				
	123	2	0.0	0.0	0.0	0.0	1	1.0239257748383928	6.515957424272092	230.0	15	1.05	0.95				
	124	1	0.0	0.0	0.0	0.0	1	1.026176738025257	6.511869626746143	230.0	16	1.05	0.95				
	201	2	48.721548884210534	9.924759957894738	0.0	0.0	2	1.0258095130508678	-8.68170591735528	138.0	21	1.05	0.95				
	202	2	43.75916890526316	9.02250905263158	0.0	0.0	2	1.0268132061484851	-8.490215809817151	138.0	22	1.05	0.95				
	203	1	81.20258147368422	16.691641747368422	0.0	0.0	2	1.0169485149066608	-7.7025187474627845	138.0	21	1.05	0.95				
	204	1	33.383283494736844	6.766881789473684	0.0	0.0	2	1.0176061831878307	-10.124305879868238	138.0	21	1.05	0.95				
	205	1	32.029907136842105	6.3157563368421075	0.0	0.0	2	1.0323799820885124	-10.421141939040554	138.0	21	1.05	0.95				
	206	1	61.35306155789475	12.631512673684215	0.0	-100.0	2	1.0439855796927329	-11.796783480369504	138.0	22	1.05	0.95				
	207	2	56.39068157894738	11.278136315789475	0.0	0.0	2	0.991670860062847	-18.31684536600472	138.0	22	1.05	0.95				
	208	1	77.14245240000001	15.789390842105263	0.0	0.0	2	0.9971316542295531	-16.258736222341046	138.0	22	1.05	0.95				
	209	1	78.94695421052631	16.240516294736842	0.0	0.0	2	1.022947935455749	-9.609234139429075	138.0	23	1.05	0.95				
	210	1	87.9694632631579	18.04501810526316	0.0	0.0	2	1.05	-10.738760734807418	138.0	23	1.05	0.95				
	211	1	0.0	0.0	0.0	0.0	2	1.0064076764051497	-6.792368423797857	230.0	23	1.05	0.95				
	212	1	0.0	0.0	0.0	0.0	2	1.0089566242186683	-5.974381501507744	230.0	23	1.05	0.95				
	213	2	119.54824494736842	24.360774442105267	0.0	0.0	2	1.0021059216041517	-5.563075580774934	230.0	24	1.05	0.95				
	214	2	87.51833781052632	17.59389265263158	0.0	0.0	2	1.007513426911377	-4.3822572895777485	230.0	26	1.05	0.95				
	215	2	143.00676848421054	28.872028968421056	0.0	0.0	2	1.0245414654892346	1.7804688125031811	230.0	26	1.05	0.95				
	216	2	45.1125452631579	9.02250905263158	0.0	0.0	2	1.0262496202426932	1.7655243347630554	230.0	26	1.05	0.95				
	217	1	0.0	0.0	0.0	0.0	2	1.0312611473879747	4.006121711326367	230.0	27	1.05	0.95				
	218	2	150.2247757263158	30.676530778947374	0.0	0.0	2	1.0314070446636008	3.882464947212015	230.0	27	1.05	0.95				
	219	1	81.6537069263158	16.691641747368422	0.0	0.0	2	1.0266577787334326	1.5425621296011107	230.0	25	1.05	0.95				
	220	1	57.74405793684211	11.729261768421054	0.0	0.0	2	1.0301439596643989	2.22713127559257	230.0	25	1.05	0.95				
	221	2	0.0	0.0	0.0	0.0	2	1.0322791796976	3.9690855898576096	230.0	27	1.05	0.95				
	222	2	0.0	0.0	0.0	0.0	2	1.05	10.478056546153898	230.0	27	1.05	0.95				
	223	2	0.0	0.0	0.0	0.0	2	1.0328923050485486	2.944307408352871	230.0	25	1.05	0.95				
	224	1	0.0	0.0	0.0	0.0	2	1.0100027962005982	-1.780189898088478	230.0	26	1.05	0.95				
	301	2	54.76874407578948	11.156596015438597	0.0	0.0	3	1.0110425076768048	-13.430182302301901	138.0	31	1.05	0.95				
	302	2	49.19044606807017	10.142360014035088	0.0	0.0	3	1.0102098208151966	-13.605333322725537	138.0	32	1.05	0.95				
	303	1	91.2812401263158	18.763366025964913	0.0	0.0	3	1.0382685419212119	-4.243919074287657	138.0	31	1.05	0.95				
	304	1	37.52673205192983	7.606770010526316	0.0	0.0	3	1.0119592180505035	-11.476743032905002	138.0	31	1.05	0.95				
	305	1	36.00537804982456	7.099652009824562	0.0	0.0	3	1.02407187418507	-13.55192006964103	138.0	31	1.05	0.95				
	306	1	68.9680480954386	14.199304019649125	0.0	-100.0	3	1.038717908984326	-14.189475008943777	138.0	32	1.05	0.95				
	307	2	63.3897500877193	12.67795001754386	0.0	0.0	3	0.9934711531331659	-19.08872503402529	138.0	32	1.05	0.95				
	308	1	86.71717812	17.749130024561403	0.0	0.0	3	0.9971757323026395	-16.741051442935238	138.0	32	1.05	0.95				
	309	1	88.74565012280702	18.256248025263158	0.0	0.0	3	1.0307760710334073	-7.688132945683091	138.0	33	1.05	0.95				
	310	1	98.88801013684211	20.284720028070176	0.0	0.0	3	1.05	-12.043424499548468	138.0	33	1.05	0.95				
	311	1	0.0	0.0	0.0	0.0	3	1.0119672194045055	-6.274016760885474	230.0	33	1.05	0.95				
	312	1	0.0	0.0	0.0	0.0	3	1.015187453384053	-5.678737258456579	230.0	33	1.05	0.95				
	313	2	134.38627018596492	27.38437203789474	0.0	0.0	3	1.0132521321481438	-3.250767308533739	230.0	34	1.05	0.95				
	314	2	98.38089213614035	19.77760202736842	0.0	0.0	3	1.0117646102157247	-5.225490320683026	230.0	36	1.05	0.95				
	315	2	160.75640622245612	32.45555204491228	0.0	0.0	3	1.0347255340782129	-1.4088576144587768	230.0	36	1.05	0.95				
	316	2	50.71180007017544	10.142360014035088	0.0	0.0	3	1.0340807534790426	-0.6775597128793273	230.0	36	1.05	0.95				
	317	1	0.0	0.0	0.0	0.0	3	1.039708254911343	0.964056558716742	230.0	37	1.05	0.95				
	318	2	168.87029423368423	34.4840240477193	0.0	0.0	3	1.0370089060462926	0.1308336652916023	230.0	37	1.05	0.95				
	319	1	91.78835812701755	18.763366025964913	0.0	0.0	3	1.0292419246061806	-1.524832616823362	230.0	35	1.05	0.95				
	320	1	64.91110408982456	13.185068018245616	0.0	0.0	3	1.0288783669568495	-1.2827220423257388	230.0	35	1.05	0.95				
	321	2	0.0	0.0	0.0	0.0	3	1.0381712196308108	0.17471507717768223	230.0	37	1.05	0.95				
	322	2	0.0	0.0	0.0	0.0	3	1.0499999994281926	4.797965044219926	230.0	37	1.05	0.95				
	323	2	0.0	0.0	0.0	0.0	3	1.029648365646293	-0.7627451320714758	230.0	35	1.05	0.95				
	324	1	0.0	0.0	0.0	0.0	3	1.0303800365605054	-2.4816864482204686	230.0	36	1.05	0.95				
	325	1	0.0	0.0	0.0	0.0	3	1.0276696553210687	0.3773142496705551	230.0	35	1.05	0.95				
];
