%% MATPOWER Case Format : Version 2
function mpc = RTS_GMLC
mpc.version = '2';

%%-----  Power Flow Data  -----%%
%% system MVA base
mpc.baseMVA = 100.0;
%% bus data
%    bus_i    type    Pd    Qd    Gs    Bs    area    Vm    Va    baseKV    zone    Vmax    Vmin
mpc.bus = [
	101	2	56.55170705684212	11.519792178245615	0.0	0.0	1	1.0476740800569293	2.108338940678097	138.0	11	1.05	0.95				
	102	2	50.7918109677193	10.47253834385965	0.0	0.0	1	1.0465495997041196	1.7788403871682414	138.0	12	1.05	0.95				
	103	1	94.25284509473684	19.37419593614035	0.0	0.0	1	1.0304307389800726	-0.45689251911922035	138.0	11	1.05	0.95				
	104	1	38.7483918722807	7.854403757894738	0.0	0.0	1	1.0275617197087101	-1.7405973569135624	138.0	11	1.05	0.95				
	105	1	37.17751112070176	7.3307768407017555	0.0	0.0	1	1.041107195448657	-1.8899776874737617	138.0	11	1.05	0.95				
	106	1	71.21326073824562	14.661553681403511	0.0	-100.0	1	1.0453636217019124	-4.698448945616615	138.0	12	1.05	0.95				
	107	2	65.45336464912282	13.090672929824562	0.0	0.0	1	0.9992252231153976	-11.010473940268605	138.0	12	1.05	0.95				
	108	1	89.54020284	18.326942101754387	0.0	0.0	1	1.000384304328509	-9.62736786691333	138.0	12	1.05	0.95				
	109	1	91.63471050877193	18.85056901894737	0.0	0.0	1	1.0249268972267263	-3.4111381571520627	138.0	13	1.05	0.95				
	110	1	102.10724885263159	20.9450766877193	0.0	0.0	1	1.05	-4.362576315723124	138.0	13	1.05	0.95				
	111	1	0.0	0.0	0.0	0.0	1	1.0064692054331439	-1.2518494031832788	230.0	13	1.05	0.95				
	112	1	0.0	0.0	0.0	0.0	1	1.0100545988892025	-1.4096810399666382	230.0	13	1.05	0.95				
	113	3	138.76113305614035	28.27585352842106	0.0	0.0	1	1.001093902694863	-4.862248468489911e-30	230.0	14	1.05	0.95				
	114	2	101.5836219354386	20.42144977052632	0.0	0.0	1	1.005180266018358	0.4004898041860465	230.0	16	1.05	0.95				
	115	2	165.98973275017545	33.51212270035088	0.0	0.0	1	1.040273619906858	7.150095411057083	230.0	16	1.05	0.95				
	116	2	52.36269171929825	10.47253834385965	0.0	0.0	1	1.0353969082002459	5.844498493516121	230.0	16	1.05	0.95				
	117	1	0.0	0.0	0.0	0.0	1	1.0420748439874457	9.798851210315126	230.0	17	1.05	0.95				
	118	2	174.36776342526318	35.60663036912281	0.0	0.0	1	1.0465445246389193	10.67037211856365	230.0	17	1.05	0.95				
	119	1	94.77647201192984	19.37419593614035	0.0	0.0	1	1.0238295429073934	3.3269456643445565	230.0	15	1.05	0.95				
	120	1	67.02424540070176	13.614299847017545	0.0	0.0	1	1.0187476548624546	2.0062610268493115	230.0	15	1.05	0.95				
	121	2	0.0	0.0	0.0	0.0	1	1.0494545330401697	12.558770013710838	230.0	17	1.05	0.95				
	122	2	0.0	0.0	0.0	0.0	1	1.05	19.171199364108638	230.0	17	1.05	0.95				
	123	2	0.0	0.0	0.0	0.0	1	1.0169807236234736	1.683238700648525	230.0	15	1.05	0.95				
	124	1	0.0	0.0	0.0	0.0	1	1.0267702454954757	4.303872863098627	230.0	16	1.05	0.95				
	201	2	50.132535802105274	10.21218321894737	0.0	0.0	2	1.0106504634010762	-11.552483890199042	138.0	21	1.05	0.95				
	202	2	45.02644419263158	9.283802926315792	0.0	0.0	2	1.0098040837619342	-11.801040595020563	138.0	22	1.05	0.95				
	203	1	83.55422633684212	17.17503541368421	0.0	0.0	2	1.01478877865132	-8.494531548350734	138.0	21	1.05	0.95				
	204	1	34.35007082736842	6.962852194736843	0.0	0.0	2	1.0102857272390235	-11.019221994104035	138.0	21	1.05	0.95				
	205	1	32.95750038842106	6.498662048421054	0.0	0.0	2	1.024423830892959	-11.398528577206726	138.0	21	1.05	0.95				
	206	1	63.12985989894738	12.997324096842108	0.0	-100.0	2	1.039870827372368	-11.873151105941618	138.0	22	1.05	0.95				
	207	2	58.023768289473686	11.604753657894738	0.0	0.0	2	0.9927781505312091	-17.50189265456854	138.0	22	1.05	0.95				
	208	1	79.37651502	16.246655121052633	0.0	0.0	2	0.9976342551481181	-15.375791232885636	138.0	22	1.05	0.95				
	209	1	81.23327560526317	16.710845267368423	0.0	0.0	2	1.02486148250597	-8.467508851383151	138.0	23	1.05	0.95				
	210	1	90.51707853157896	18.567605852631583	0.0	0.0	2	1.05	-9.751182023902748	138.0	23	1.05	0.95				
	211	1	0.0	0.0	0.0	0.0	2	1.0092556937480528	-5.122667696781371	230.0	23	1.05	0.95				
	212	1	0.0	0.0	0.0	0.0	2	1.0137231584420465	-2.076074674182128	230.0	23	1.05	0.95				
	213	2	123.01038877368423	25.066267901052637	0.0	0.0	2	1.0105609770973658	-2.5188058443368755	230.0	24	1.05	0.95				
	214	2	90.05288838526316	18.103415706315793	0.0	0.0	2	1.0095425246512066	-3.33241504844513	230.0	26	1.05	0.95				
	215	2	147.14827638210528	29.70816936421053	0.0	0.0	2	1.027527605482149	1.7527974298409632	230.0	26	1.05	0.95				
	216	2	46.41901463157895	9.283802926315792	0.0	0.0	2	1.0291926615018365	2.0106176573344876	230.0	26	1.05	0.95				
	217	1	0.0	0.0	0.0	0.0	2	1.0311761591713569	2.5387117911997166	230.0	27	1.05	0.95				
	218	2	154.57531872315792	31.56492994947369	0.0	0.0	2	1.0301196786420073	2.1061268844937056	230.0	27	1.05	0.95				
	219	1	84.0184164831579	17.17503541368421	0.0	0.0	2	1.0325934372887988	3.3824050213206234	230.0	25	1.05	0.95				
	220	1	59.41633872842106	12.068943804210528	0.0	0.0	2	1.0395099305426034	5.4532140174985715	230.0	25	1.05	0.95				
	221	2	0.0	0.0	0.0	0.0	2	1.03226487155535	2.784051335491636	230.0	27	1.05	0.95				
	222	2	0.0	0.0	0.0	0.0	2	1.05	9.18206433404751	230.0	27	1.05	0.95				
	223	2	0.0	0.0	0.0	0.0	2	1.0449239821299687	6.923880681072038	230.0	25	1.05	0.95				
	224	1	0.0	0.0	0.0	0.0	2	1.010129086760327	-2.076178293757413	230.0	26	1.05	0.95				
	301	2	51.335020572631585	10.457133820350878	0.0	0.0	3	1.004917335651762	11.546913216354021	138.0	31	1.05	0.95				
	302	2	46.10645366245614	9.50648529122807	0.0	0.0	3	1.0045657775321868	11.38912821259536	138.0	32	1.05	0.95				
	303	1	85.55836762105264	17.58699778877193	0.0	0.0	3	1.0342442702555243	18.044637594815686	138.0	31	1.05	0.95				
	304	1	35.17399557754386	7.129863968421053	0.0	0.0	3	1.0085240530162698	12.709870856133733	138.0	31	1.05	0.95				
	305	1	33.748022783859646	6.65453970385965	0.0	0.0	3	1.0211620422418353	12.122547723092872	138.0	31	1.05	0.95				
	306	1	64.64409998035089	13.3090794077193	0.0	-100.0	3	1.0382218172255497	11.883031117022714	138.0	32	1.05	0.95				
	307	2	59.41553307017544	11.88310661403509	0.0	0.0	3	0.9840718970104116	7.537632287622769	138.0	32	1.05	0.95				
	308	1	81.28044924	16.636349259649123	0.0	0.0	3	0.995372475953627	9.643511951310275	138.0	32	1.05	0.95				
	309	1	83.18174629824561	17.111673524210527	0.0	0.0	3	1.0269270257618812	15.733490914812919	138.0	33	1.05	0.95				
	310	1	92.68823158947369	19.01297058245614	0.0	0.0	3	1.05	14.226838637278659	138.0	33	1.05	0.95				
	311	1	0.0	0.0	0.0	0.0	3	1.008641395111958	19.352428518881503	230.0	33	1.05	0.95				
	312	1	0.0	0.0	0.0	0.0	3	1.0145643637357322	19.308022392112402	230.0	33	1.05	0.95				
	313	2	125.96093010877195	25.667510286315792	0.0	0.0	3	1.0145968396178593	23.357631208585154	230.0	34	1.05	0.95				
	314	2	92.21290732491228	18.537646317894737	0.0	0.0	3	1.0054597830739915	20.305851831377424	230.0	36	1.05	0.95				
	315	2	150.6777918659649	30.42075293192983	0.0	0.0	3	1.0365276637047152	20.165944217065288	230.0	36	1.05	0.95				
	316	2	47.53242645614036	9.50648529122807	0.0	0.0	3	1.0342285291202025	20.54327369246357	230.0	36	1.05	0.95				
	317	1	0.0	0.0	0.0	0.0	3	1.05	23.570594309211437	230.0	37	1.05	0.95				
	318	2	158.28298009894738	32.322049990175444	0.0	0.0	3	1.0489335823312165	20.900372948596246	230.0	37	1.05	0.95				
	319	1	86.03369188561403	17.58699778877193	0.0	0.0	3	1.028981723778251	20.256814033119905	230.0	35	1.05	0.95				
	320	1	60.84150586385966	12.358430878596492	0.0	0.0	3	1.0251081295111948	19.727920041481365	230.0	35	1.05	0.95				
	321	2	0.0	0.0	0.0	0.0	3	1.04545366064208	21.29524706917622	230.0	37	1.05	0.95				
	322	2	0.0	0.0	0.0	0.0	3	1.05	26.530363173335488	230.0	37	1.05	0.95				
	323	2	0.0	0.0	0.0	0.0	3	1.0229061100133918	19.471705419081967	230.0	35	1.05	0.95				
	324	1	0.0	0.0	0.0	0.0	3	1.032461000944406	20.79266472703104	230.0	36	1.05	0.95				
	325	1	0.0	0.0	0.0	0.0	3	1.026602882389578	18.889748688002054	230.0	35	1.05	0.95				
];
