%% MATPOWER Case Format : Version 2
function mpc = RTS_GMLC
mpc.version = '2';

%%-----  Power Flow Data  -----%%
%% system MVA base
mpc.baseMVA = 100.0;
%% bus data
%    bus_i    type    Pd    Qd    Gs    Bs    area    Vm    Va    baseKV    zone    Vmax    Vmin
mpc.bus = [
	101	2	35.93765462778948	7.320633350105263	0.0	0.0	1	1.0331416160760283	3.733610173410262	138.0	11	1.05	0.95				
	102	2	32.27733795273684	6.655121227368421	0.0	0.0	1	1.0322782728663977	3.4960581605940604	138.0	12	1.05	0.95				
	103	1	59.89609104631579	12.311974270631579	0.0	0.0	1	1.0293533427334116	1.213032941665054	138.0	11	1.05	0.95				
	104	1	24.623948541263157	4.991340920526316	0.0	0.0	1	1.0225434718364428	0.31174194005227107	138.0	11	1.05	0.95				
	105	1	23.625680357157893	4.658584859157895	0.0	0.0	1	1.0369140633585316	0.6333048746463039	138.0	11	1.05	0.95				
	106	1	45.254824346105266	9.31716971831579	0.0	-100.0	1	1.0478808520336331	-1.4964287817420667	138.0	12	1.05	0.95				
	107	2	41.59450767105263	8.318901534210527	0.0	0.0	1	1.0007127906514088	-6.6744115626877125	138.0	12	1.05	0.95				
	108	1	56.901286494000004	11.646462147894736	0.0	0.0	1	1.0075985516389265	-5.3866437700137	138.0	12	1.05	0.95				
	109	1	58.23231073947368	11.979218209263157	0.0	0.0	1	1.0244133155726567	-0.939695533955538	138.0	13	1.05	0.95				
	110	1	64.8874319668421	13.310242454736843	0.0	0.0	1	1.05	-1.4581704080541724	138.0	13	1.05	0.95				
	111	1	0.0	0.0	0.0	0.0	1	1.0005994552141995	0.22999973321431277	230.0	13	1.05	0.95				
	112	1	0.0	0.0	0.0	0.0	1	1.0055422219710504	0.4986000955627552	230.0	13	1.05	0.95				
	113	3	88.18035626263158	17.96882731389474	0.0	0.0	1	0.9884952511417067	2.960522366758717e-33	230.0	14	1.05	0.95				
	114	2	64.55467590547369	12.977486393368423	0.0	0.0	1	0.9964774986957791	1.9979756596532843	230.0	16	1.05	0.95				
	115	2	105.48367145378947	21.296387927578948	0.0	0.0	1	1.0329075391175804	6.486980799196596	230.0	16	1.05	0.95				
	116	2	33.27560613684211	6.655121227368421	0.0	0.0	1	1.0284405495291662	6.375762518255376	230.0	16	1.05	0.95				
	117	1	0.0	0.0	0.0	0.0	1	1.037992882836648	8.199776370588804	230.0	17	1.05	0.95				
	118	2	110.80776843568421	22.627412173052633	0.0	0.0	1	1.0410799927384193	8.190890495662716	230.0	17	1.05	0.95				
	119	1	60.22884710768422	12.311974270631579	0.0	0.0	1	1.0220994477398284	5.516402928771273	230.0	15	1.05	0.95				
	120	1	42.592775855157896	8.651657595578948	0.0	0.0	1	1.0184476636856559	5.42225802947401	230.0	15	1.05	0.95				
	121	2	0.0	0.0	0.0	0.0	1	1.045330029906061	8.947261087457358	230.0	17	1.05	0.95				
	122	2	0.0	0.0	0.0	0.0	1	1.05	15.584895916986673	230.0	17	1.05	0.95				
	123	2	0.0	0.0	0.0	0.0	1	1.0165503654716854	5.634603672300915	230.0	15	1.05	0.95				
	124	1	0.0	0.0	0.0	0.0	1	1.0240261393001968	4.504275407277561	230.0	16	1.05	0.95				
	201	2	39.133637658947364	7.9716669305263155	0.0	0.0	2	1.0202492177468117	-7.99688204670174	138.0	21	1.05	0.95				
	202	2	35.14780419368421	7.246969936842105	0.0	0.0	2	1.0203956883182554	-8.003699620811199	138.0	22	1.05	0.95				
	203	1	65.22272943157894	13.406894383157894	0.0	0.0	2	1.0163354716545678	-6.500418006393856	138.0	21	1.05	0.95				
	204	1	26.81378876631579	5.435227452631578	0.0	0.0	2	1.0162627852186408	-8.954248317027213	138.0	21	1.05	0.95				
	205	1	25.72674327578947	5.0728789557894745	0.0	0.0	2	1.0308703815168345	-9.221163792266603	138.0	21	1.05	0.95				
	206	1	49.27939557052632	10.145757911578949	0.0	-100.0	2	1.0451615610436842	-10.297367419147722	138.0	22	1.05	0.95				
	207	2	45.29356210526315	9.05871242105263	0.0	0.0	2	0.9945695860426355	-15.15005220221568	138.0	22	1.05	0.95				
	208	1	61.96159295999999	12.682197389473682	0.0	0.0	2	1.0023231864260858	-13.563104477130636	138.0	22	1.05	0.95				
	209	1	63.41098694736842	13.04454588631579	0.0	0.0	2	1.0224885483677453	-8.226628053837075	138.0	23	1.05	0.95				
	210	1	70.65795688421052	14.49393987368421	0.0	0.0	2	1.05	-9.287837492292908	138.0	23	1.05	0.95				
	211	1	0.0	0.0	0.0	0.0	2	1.0019918856007057	-5.861685276688218	230.0	23	1.05	0.95				
	212	1	0.0	0.0	0.0	0.0	2	1.0066242436785287	-5.240676202902847	230.0	23	1.05	0.95				
	213	2	96.02235166315789	19.566818829473682	0.0	0.0	2	0.9953137693065193	-4.816545583309982	230.0	24	1.05	0.95				
	214	2	70.29560838736842	14.131591376842104	0.0	0.0	2	0.9994151432478701	-3.7332401655274463	230.0	26	1.05	0.95				
	215	2	114.86447349894735	23.190303797894735	0.0	0.0	2	1.0172531435540575	1.5277875038892959	230.0	26	1.05	0.95				
	216	2	36.23484968421052	7.246969936842105	0.0	0.0	2	1.018902712099079	1.4529832338429385	230.0	26	1.05	0.95				
	217	1	0.0	0.0	0.0	0.0	2	1.0239407516533232	3.102384707541263	230.0	27	1.05	0.95				
	218	2	120.66204944842104	24.63969778526316	0.0	0.0	2	1.0232469799769168	2.647487351166546	230.0	27	1.05	0.95				
	219	1	65.58507792842106	13.406894383157894	0.0	0.0	2	1.0204397158135978	1.1687823585511488	230.0	25	1.05	0.95				
	220	1	46.38060759578947	9.421060917894737	0.0	0.0	2	1.0238847809478546	1.6397156467142895	230.0	25	1.05	0.95				
	221	2	0.0	0.0	0.0	0.0	2	1.0248845603102388	3.0815799358484	230.0	27	1.05	0.95				
	222	2	0.0	0.0	0.0	0.0	2	1.0469886932894779	9.617807134895974	230.0	27	1.05	0.95				
	223	2	0.0	0.0	0.0	0.0	2	1.0261368358471261	2.1780409827439344	230.0	25	1.05	0.95				
	224	1	0.0	0.0	0.0	0.0	2	1.0068873396411568	-1.506360253686732	230.0	26	1.05	0.95				
	301	2	42.639670989473686	8.685858905263158	0.0	0.0	3	1.0082053367807275	-21.176439766374095	138.0	31	1.05	0.95				
	302	2	38.296741536842106	7.896235368421054	0.0	0.0	3	1.0081885306899978	-21.262204877241242	138.0	32	1.05	0.95				
	303	1	71.06611831578947	14.608035431578948	0.0	0.0	3	1.0200291702760496	-16.741291803057234	138.0	31	1.05	0.95				
	304	1	29.216070863157896	5.9221765263157895	0.0	0.0	3	1.0110242361753548	-19.881102730109703	138.0	31	1.05	0.95				
	305	1	28.031635557894734	5.527364757894738	0.0	0.0	3	1.0240264670390709	-20.562044550583984	138.0	31	1.05	0.95				
	306	1	53.69440050526316	11.054729515789475	0.0	-100.0	3	1.0414658028302342	-20.701106223852147	138.0	32	1.05	0.95				
	307	2	49.35147105263158	9.870294210526316	0.0	0.0	3	0.99389462883245	-24.905486863073236	138.0	32	1.05	0.95				
	308	1	67.5128124	13.818411894736842	0.0	0.0	3	1.001268342713081	-23.156390105133237	138.0	32	1.05	0.95				
	309	1	69.0920594736842	14.213223663157896	0.0	0.0	3	1.0253983609655177	-17.129990627725263	138.0	33	1.05	0.95				
	310	1	76.98829484210526	15.792470736842107	0.0	0.0	3	1.05	-18.67577730142511	138.0	33	1.05	0.95				
	311	1	0.0	0.0	0.0	0.0	3	1.0053771388625872	-13.371149141361357	230.0	33	1.05	0.95				
	312	1	0.0	0.0	0.0	0.0	3	1.0098378411996682	-12.759263111004106	230.0	33	1.05	0.95				
	313	2	104.62511863157896	21.319835494736843	0.0	0.0	3	1.0087433780538269	-9.774800664041578	230.0	34	1.05	0.95				
	314	2	76.59348307368421	15.397658968421055	0.0	0.0	3	1.0021721132651156	-11.862908557238482	230.0	36	1.05	0.95				
	315	2	125.15533058947368	25.267953178947373	0.0	0.0	3	1.02582502174447	-8.217968469735313	230.0	36	1.05	0.95				
	316	2	39.48117684210526	7.896235368421054	0.0	0.0	3	1.0254477440589107	-7.379935131544076	230.0	36	1.05	0.95				
	317	1	0.0	0.0	0.0	0.0	3	1.0308184115710524	-5.90790958138434	230.0	37	1.05	0.95				
	318	2	131.47231888421055	26.84720025263158	0.0	0.0	3	1.0296577231503394	-6.031209683596589	230.0	37	1.05	0.95				
	319	1	71.46093008421053	14.608035431578948	0.0	0.0	3	1.0232033210149472	-7.756020079023229	230.0	35	1.05	0.95				
	320	1	50.535906357894746	10.26510597894737	0.0	0.0	3	1.0237364281597994	-7.306769463431417	230.0	35	1.05	0.95				
	321	2	0.0	0.0	0.0	0.0	3	1.0306047116082018	-6.228080463931611	230.0	37	1.05	0.95				
	322	2	0.0	0.0	0.0	0.0	3	1.043982392288961	-1.7454152552053528	230.0	37	1.05	0.95				
	323	2	0.0	0.0	0.0	0.0	3	1.0245352673436652	-6.75351024926988	230.0	35	1.05	0.95				
	324	1	0.0	0.0	0.0	0.0	3	1.0130166224118484	-11.422968097187745	230.0	36	1.05	0.95				
	325	1	0.0	0.0	0.0	0.0	3	1.021450614013673	-5.4322858303440045	230.0	35	1.05	0.95				
];
