%% MATPOWER Case Format : Version 2
function mpc = RTS_GMLC
mpc.version = '2';

%%-----  Power Flow Data  -----%%
%% system MVA base
mpc.baseMVA = 100.0;
%% bus data
%    bus_i    type    Pd    Qd    Gs    Bs    area    Vm    Va    baseKV    zone    Vmax    Vmin
mpc.bus = [
	101	2	39.77189511157896	8.10168233754386	0.0	0.0	1	1.0210383564368808	-2.1895499358527326	138.0	11	1.05	0.95				
	102	2	35.72105394280702	7.365165761403509	0.0	0.0	1	1.0203850917665236	-2.3521587579362353	138.0	12	1.05	0.95				
	103	1	66.28649185263158	13.62555665859649	0.0	0.0	1	1.0320548683335422	0.4993161843603681	138.0	11	1.05	0.95				
	104	1	27.25111331719298	5.523874321052632	0.0	0.0	1	1.0207530697249523	-2.8035081523817897	138.0	11	1.05	0.95				
	105	1	26.14633845298246	5.155616032982457	0.0	0.0	1	1.0310723788544442	-3.8853033493257363	138.0	11	1.05	0.95				
	106	1	50.083127177543865	10.311232065964914	0.0	-100.0	1	1.0448392836418474	-5.256749809144138	138.0	12	1.05	0.95				
	107	2	46.03228600877193	9.206457201754386	0.0	0.0	1	1.0030413926581272	-9.009407417580155	138.0	12	1.05	0.95				
	108	1	62.97216726	12.889040082456141	0.0	0.0	1	1.008061837180715	-7.879045191008505	138.0	12	1.05	0.95				
	109	1	64.4452004122807	13.257298370526316	0.0	0.0	1	1.0250726504494962	-2.849322841863325	138.0	13	1.05	0.95				
	110	1	71.81036617368422	14.730331522807019	0.0	0.0	1	1.05	-4.4093550632787615	138.0	13	1.05	0.95				
	111	1	0.0	0.0	0.0	0.0	1	1.0024726431954076	-0.9883183154494589	230.0	13	1.05	0.95				
	112	1	0.0	0.0	0.0	0.0	1	1.0063704061691812	-1.3808016479883627	230.0	13	1.05	0.95				
	113	3	97.5884463385965	19.88594755578948	0.0	0.0	1	0.9943735930236287	-2.4056792033192967e-30	230.0	14	1.05	0.95				
	114	2	71.44210788561404	14.362073234736844	0.0	0.0	1	0.999640386106001	0.944406979350892	230.0	16	1.05	0.95				
	115	2	116.73787731824564	23.56853043649123	0.0	0.0	1	1.032283291834019	6.940510402891737	230.0	16	1.05	0.95				
	116	2	36.825828807017544	7.365165761403509	0.0	0.0	1	1.02802142086159	5.808502857615621	230.0	16	1.05	0.95				
	117	1	0.0	0.0	0.0	0.0	1	1.0360515203018794	9.273841920447037	230.0	17	1.05	0.95				
	118	2	122.63000992736843	25.041563588771933	0.0	0.0	1	1.0394292250364756	10.096976295384255	230.0	17	1.05	0.95				
	119	1	66.65475014070175	13.62555665859649	0.0	0.0	1	1.01809422143422	3.537426618153097	230.0	15	1.05	0.95				
	120	1	47.13706087298246	9.574715489824563	0.0	0.0	1	1.0121463120005567	1.9373079541572116	230.0	15	1.05	0.95				
	121	2	0.0	0.0	0.0	0.0	1	1.0412328009376492	11.263077075336101	230.0	17	1.05	0.95				
	122	2	0.0	0.0	0.0	0.0	1	1.05	16.985365815700217	230.0	17	1.05	0.95				
	123	2	0.0	0.0	0.0	0.0	1	1.0092710766727149	1.3442361434907666	230.0	15	1.05	0.95				
	124	1	0.0	0.0	0.0	0.0	1	1.0236127000258972	4.505933561945163	230.0	16	1.05	0.95				
	201	2	43.11160082526316	8.781992760701755	0.0	0.0	2	1.0168224560050023	-10.197385867004948	138.0	21	1.05	0.95				
	202	2	38.720604444912276	7.98362978245614	0.0	0.0	2	1.0160237258313631	-10.42846377036835	138.0	22	1.05	0.95				
	203	1	71.85266804210526	14.769715097543859	0.0	0.0	2	1.0141995081086703	-7.864210546125936	138.0	21	1.05	0.95				
	204	1	29.539430195087718	5.987722336842104	0.0	0.0	2	1.0137244858646566	-9.848670697024893	138.0	21	1.05	0.95				
	205	1	28.341885727719294	5.588540847719298	0.0	0.0	2	1.0285592100988317	-10.140848238013398	138.0	21	1.05	0.95				
	206	1	54.288682520701755	11.177081695438597	0.0	-100.0	2	1.043286955267436	-10.61210330332075	138.0	22	1.05	0.95				
	207	2	49.89768614035087	9.979537228070175	0.0	0.0	2	0.9997842576376135	-15.422746058527371	138.0	22	1.05	0.95				
	208	1	68.26003463999999	13.971352119298244	0.0	0.0	2	1.0040560911367	-13.622171337850327	138.0	22	1.05	0.95				
	209	1	69.85676059649121	14.370533608421052	0.0	0.0	2	1.0233298319887	-7.721854318239625	138.0	23	1.05	0.95				
	210	1	77.84039037894736	15.96725956491228	0.0	0.0	2	1.05	-8.800272094451651	138.0	23	1.05	0.95				
	211	1	0.0	0.0	0.0	0.0	2	1.0018922769537144	-5.824876857927922	230.0	23	1.05	0.95				
	212	1	0.0	0.0	0.0	0.0	2	1.0082641098793954	-1.2202373551540604	230.0	23	1.05	0.95				
	213	2	105.78309461754385	21.55580041263158	0.0	0.0	2	0.9953044743976914	-3.960938719008844	230.0	24	1.05	0.95				
	214	2	77.44120888982455	15.568078075789474	0.0	0.0	2	0.9974162946772279	-4.868238653998013	230.0	26	1.05	0.95				
	215	2	126.54053205192982	25.54761530385965	0.0	0.0	2	1.0133581330816412	-0.13889629438184828	230.0	26	1.05	0.95				
	216	2	39.9181489122807	7.98362978245614	0.0	0.0	2	1.0112921821299792	-1.0257744169634733	230.0	26	1.05	0.95				
	217	1	0.0	0.0	0.0	0.0	2	1.0173925868824918	0.4649085657384395	230.0	27	1.05	0.95				
	218	2	132.92743587789474	27.144341260350878	0.0	0.0	2	1.0171727407787474	0.18711184752588073	230.0	27	1.05	0.95				
	219	1	72.25184953122806	14.769715097543859	0.0	0.0	2	1.008151678825239	-1.5480394509958895	230.0	25	1.05	0.95				
	220	1	51.0952306077193	10.378718717192982	0.0	0.0	2	1.0080754255358861	-1.1948700412029971	230.0	25	1.05	0.95				
	221	2	0.0	0.0	0.0	0.0	2	1.0194524364324564	0.883178424825267	230.0	27	1.05	0.95				
	222	2	0.0	0.0	0.0	0.0	2	1.0412861409067726	7.320032898883061	230.0	27	1.05	0.95				
	223	2	0.0	0.0	0.0	0.0	2	1.0085850652455872	-0.6813744526616805	230.0	25	1.05	0.95				
	224	1	0.0	0.0	0.0	0.0	2	1.0040020963097693	-3.064021394720424	230.0	26	1.05	0.95				
	301	2	50.22461247157896	10.23093957754386	0.0	0.0	3	1.0023962267282147	9.51900559658913	138.0	31	1.05	0.95				
	302	2	45.10914268280702	9.30085416140351	0.0	0.0	3	1.0021955086987668	9.46883068910528	138.0	32	1.05	0.95				
	303	1	83.70768745263159	17.20658019859649	0.0	0.0	3	1.0202941442886035	12.51001637766923	138.0	31	1.05	0.95				
	304	1	34.41316039719298	6.975640621052631	0.0	0.0	3	1.0069314437467283	10.978934165511136	138.0	31	1.05	0.95				
	305	1	33.01803227298245	6.5105979129824565	0.0	0.0	3	1.019608172029001	10.845364877232633	138.0	31	1.05	0.95				
	306	1	63.245808297543874	13.021195825964913	0.0	-100.0	3	1.0377954299528518	11.035141365238475	138.0	32	1.05	0.95				
	307	2	58.13033850877193	11.626067701754387	0.0	0.0	3	0.9885794115682741	8.934038838970029	138.0	32	1.05	0.95				
	308	1	79.52230308	16.276494782456137	0.0	0.0	3	1.0037016499124436	10.905338953815848	138.0	32	1.05	0.95				
	309	1	81.3824739122807	16.741537490526316	0.0	0.0	3	1.0258133935115064	14.116331221244856	138.0	33	1.05	0.95				
	310	1	90.68332807368421	18.60170832280702	0.0	0.0	3	1.05	13.660698434111035	138.0	33	1.05	0.95				
	311	1	0.0	0.0	0.0	0.0	3	1.006652924963527	18.48689471701362	230.0	33	1.05	0.95				
	312	1	0.0	0.0	0.0	0.0	3	1.013405955566947	19.048577594386124	230.0	33	1.05	0.95				
	313	2	123.23631763859649	25.11230623578948	0.0	0.0	3	1.02015210762816	25.57151743743575	230.0	34	1.05	0.95				
	314	2	90.21828536561404	18.136665614736845	0.0	0.0	3	1.0011745327186523	16.91771521329652	230.0	36	1.05	0.95				
	315	2	147.41853845824562	29.76273331649123	0.0	0.0	3	1.020281352754852	10.344822595959915	230.0	36	1.05	0.95				
	316	2	46.50427080701755	9.30085416140351	0.0	0.0	3	1.0201392750579577	11.121887739622453	230.0	36	1.05	0.95				
	317	1	0.0	0.0	0.0	0.0	3	1.0244395501246208	9.902308773378708	230.0	37	1.05	0.95				
	318	2	154.85922178736843	31.622904148771937	0.0	0.0	3	1.0231113338130349	8.67156907063896	230.0	37	1.05	0.95				
	319	1	84.17273016070176	17.20658019859649	0.0	0.0	3	1.0184923292527839	12.955845457240695	230.0	35	1.05	0.95				
	320	1	59.52546663298246	12.091110409824562	0.0	0.0	3	1.0214273554735065	15.409207737881786	230.0	35	1.05	0.95				
	321	2	0.0	0.0	0.0	0.0	3	1.0242159341056913	9.806045547039064	230.0	37	1.05	0.95				
	322	2	0.0	0.0	0.0	0.0	3	1.0379324846744642	14.251359702071618	230.0	37	1.05	0.95				
	323	2	0.0	0.0	0.0	0.0	3	1.0227529506132005	16.320611048934314	230.0	35	1.05	0.95				
	324	1	0.0	0.0	0.0	0.0	3	1.0199335939285537	13.36913316081271	230.0	36	1.05	0.95				
	325	1	0.0	0.0	0.0	0.0	3	1.0257197421396005	15.897570817903087	230.0	35	1.05	0.95				
];
