%% MATPOWER Case Format : Version 2
function mpc = RTS_GMLC
mpc.version = '2';

%%-----  Power Flow Data  -----%%
%% system MVA base
mpc.baseMVA = 100.0;
%% bus data
%    bus_i    type    Pd    Qd    Gs    Bs    area    Vm    Va    baseKV    zone    Vmax    Vmin
mpc.bus = [
	101	2	50.28599701894737	10.243443837192983	0.0	0.0	1	1.0349919036988162	2.127784922054969	138.0	11	1.05	0.95				
	102	2	45.16427510035088	9.31222167017544	0.0	0.0	1	1.0345519558023404	1.973185857226056	138.0	12	1.05	0.95				
	103	1	83.80999503157895	17.227610089824562	0.0	0.0	1	1.0290350111800526	0.5507495817057432	138.0	11	1.05	0.95				
	104	1	34.455220179649125	6.98416625263158	0.0	0.0	1	1.0213792201764753	-1.3059893237563274	138.0	11	1.05	0.95				
	105	1	33.058386929122804	6.518555169122808	0.0	0.0	1	1.0360389320890362	-1.1380842778135924	138.0	11	1.05	0.95				
	106	1	63.32310735719299	13.037110338245617	0.0	-100.0	1	1.0446201975199387	-3.4418743906105185	138.0	12	1.05	0.95				
	107	2	58.201385438596496	11.6402770877193	0.0	0.0	1	1.002134697743937	-8.487874703166987	138.0	12	1.05	0.95				
	108	1	79.61949528	16.296387922807018	0.0	0.0	1	1.004433154200787	-7.427442188983746	138.0	12	1.05	0.95				
	109	1	81.4819396140351	16.76199900631579	0.0	0.0	1	1.0250175118777385	-2.109131293318192	138.0	13	1.05	0.95				
	110	1	90.79416128421053	18.62444334035088	0.0	0.0	1	1.05	-2.988014809171684	138.0	13	1.05	0.95				
	111	1	0.0	0.0	0.0	0.0	1	1.0056615390892332	-0.15811479397871564	230.0	13	1.05	0.95				
	112	1	0.0	0.0	0.0	0.0	1	1.009896568725304	0.13144996268158377	230.0	13	1.05	0.95				
	113	3	123.38693712982456	25.142998509473685	0.0	0.0	1	0.9985270731236654	1.208036156673068e-28	230.0	14	1.05	0.95				
	114	2	90.32855020070176	18.158832256842107	0.0	0.0	1	1.0045850445170423	2.2070614533137056	230.0	16	1.05	0.95				
	115	2	147.5987134722807	29.7991093445614	0.0	0.0	1	1.0410541614123048	8.650413618976236	230.0	16	1.05	0.95				
	116	2	46.5611083508772	9.31222167017544	0.0	0.0	1	1.0375218066505227	8.236957909277425	230.0	16	1.05	0.95				
	117	1	0.0	0.0	0.0	0.0	1	1.042996358434825	10.723737819644777	230.0	17	1.05	0.95				
	118	2	155.04849080842106	31.661553678596494	0.0	0.0	1	1.046637327271115	10.506247207490032	230.0	17	1.05	0.95				
	119	1	84.27560611508773	17.227610089824562	0.0	0.0	1	1.0303895376756376	6.843387572600172	230.0	15	1.05	0.95				
	120	1	59.5982186891228	12.105888171228072	0.0	0.0	1	1.0277651483544805	6.523347706506688	230.0	15	1.05	0.95				
	121	2	0.0	0.0	0.0	0.0	1	1.05	11.377744558495719	230.0	17	1.05	0.95				
	122	2	0.0	0.0	0.0	0.0	1	1.05	22.452692329000687	230.0	17	1.05	0.95				
	123	2	0.0	0.0	0.0	0.0	1	1.0270053802990509	6.704495727133249	230.0	15	1.05	0.95				
	124	1	0.0	0.0	0.0	0.0	1	1.0262110265710191	5.625668593834034	230.0	16	1.05	0.95				
	201	2	51.47552338105263	10.485754762807018	0.0	0.0	2	1.0303361830726192	-7.07080445710648	138.0	21	1.05	0.95				
	202	2	46.23264599964912	9.532504329824562	0.0	0.0	2	1.0307358603039358	-7.038655214789572	138.0	22	1.05	0.95				
	203	1	85.79253896842106	17.635133010175437	0.0	0.0	2	1.0193380339766565	-6.998853633972912	138.0	21	1.05	0.95				
	204	1	35.270266020350874	7.149378247368421	0.0	0.0	2	1.018919783889352	-9.33233015197654	138.0	21	1.05	0.95				
	205	1	33.840390370877195	6.672753030877193	0.0	0.0	2	1.0340984551630041	-9.444166761566695	138.0	21	1.05	0.95				
	206	1	64.82102944280702	13.345506061754387	0.0	-100.0	2	1.0439338795472408	-11.22281908382133	138.0	22	1.05	0.95				
	207	2	59.578152061403514	11.915630412280702	0.0	0.0	2	0.9885650047163099	-18.433751075522803	138.0	22	1.05	0.95				
	208	1	81.50291202	16.681882577192983	0.0	0.0	2	0.9943169533483601	-16.245040824378332	138.0	22	1.05	0.95				
	209	1	83.40941288596491	17.158507793684212	0.0	0.0	2	1.0232866772733231	-9.266402958575567	138.0	23	1.05	0.95				
	210	1	92.94191721578947	19.065008659649124	0.0	0.0	2	1.05	-10.335811342658891	138.0	23	1.05	0.95				
	211	1	0.0	0.0	0.0	0.0	2	1.0075950883656652	-6.409274719854216	230.0	23	1.05	0.95				
	212	1	0.0	0.0	0.0	0.0	2	1.0107412199118357	-5.929412353417626	230.0	23	1.05	0.95				
	213	2	126.30568237017543	25.737761690526316	0.0	0.0	2	1.0023542662119431	-5.583123218228797	230.0	24	1.05	0.95				
	214	2	92.46529199929824	18.588383443157895	0.0	0.0	2	1.0106965615735302	-3.6523113673792813	230.0	26	1.05	0.95				
	215	2	151.0901936277193	30.5040138554386	0.0	0.0	2	1.0311545620832956	3.215842509160093	230.0	26	1.05	0.95				
	216	2	47.66252164912281	9.532504329824562	0.0	0.0	2	1.0328673111241156	3.0984333017337193	230.0	26	1.05	0.95				
	217	1	0.0	0.0	0.0	0.0	2	1.0376742277634723	6.042813114168624	230.0	27	1.05	0.95				
	218	2	158.71619709157895	32.41051472140351	0.0	0.0	2	1.0396428398090205	6.628224908425156	230.0	27	1.05	0.95				
	219	1	86.26916418491228	17.635133010175437	0.0	0.0	2	1.0321495008706596	2.004834261952016	230.0	25	1.05	0.95				
	220	1	61.0080277108772	12.392255628771931	0.0	0.0	2	1.0350685897316059	1.973523731496123	230.0	25	1.05	0.95				
	221	2	0.0	0.0	0.0	0.0	2	1.039278790741125	6.243991682730478	230.0	27	1.05	0.95				
	222	2	0.0	0.0	0.0	0.0	2	1.05	12.666364095756553	230.0	27	1.05	0.95				
	223	2	0.0	0.0	0.0	0.0	2	1.0374236466215343	2.314597100677338	230.0	25	1.05	0.95				
	224	1	0.0	0.0	0.0	0.0	2	1.0140956193045176	-0.6045867210842253	230.0	26	1.05	0.95				
	301	2	60.764947806315796	12.378044923508773	0.0	0.0	3	1.0079039090051287	-27.307496896194408	138.0	31	1.05	0.95				
	302	2	54.575925344561405	11.252768112280704	0.0	0.0	3	1.0071769149474714	-27.484246558967058	138.0	32	1.05	0.95				
	303	1	101.27491301052632	20.817621007719296	0.0	0.0	3	1.0277399232673228	-19.14290970510416	138.0	31	1.05	0.95				
	304	1	41.63524201543859	8.439576084210525	0.0	0.0	3	1.0074724918551548	-25.690610882842314	138.0	31	1.05	0.95				
	305	1	39.947326798596485	7.876937678596492	0.0	0.0	3	1.0213417111730907	-26.651167709815095	138.0	31	1.05	0.95				
	306	1	76.51882316350877	15.753875357192983	0.0	-100.0	3	1.0362542379985422	-26.918795073336796	138.0	32	1.05	0.95				
	307	2	70.32980070175438	14.065960140350878	0.0	0.0	3	0.9910505472930934	-33.435532386391024	138.0	32	1.05	0.95				
	308	1	96.21116736	19.692344196491227	0.0	0.0	3	0.9926169243931005	-30.771436061350755	138.0	32	1.05	0.95				
	309	1	98.46172098245614	20.25498260210526	0.0	0.0	3	1.0269477319535585	-21.928908098321426	138.0	33	1.05	0.95				
	310	1	109.71448909473685	22.505536224561407	0.0	0.0	3	1.05	-24.18809622320365	138.0	33	1.05	0.95				
	311	1	0.0	0.0	0.0	0.0	3	1.0168220993688826	-17.254735030515064	230.0	33	1.05	0.95				
	312	1	0.0	0.0	0.0	0.0	3	1.0172871077747425	-16.672807864480394	230.0	33	1.05	0.95				
	313	2	149.09917748771932	30.382473903157898	0.0	0.0	3	1.022988635328047	-13.73573846177549	230.0	34	1.05	0.95				
	314	2	109.15185068912281	21.942897818947372	0.0	0.0	3	1.026885249675559	-14.562609362430715	230.0	36	1.05	0.95				
	315	2	178.35637457964913	36.00885795929825	0.0	0.0	3	1.047311000889071	-8.266010266525718	230.0	36	1.05	0.95				
	316	2	56.26384056140351	11.252768112280704	0.0	0.0	3	1.047257231023033	-7.878040210151375	230.0	36	1.05	0.95				
	317	1	0.0	0.0	0.0	0.0	3	1.0493257447511533	-5.297183032386212	230.0	37	1.05	0.95				
	318	2	187.35858906947368	38.259411581754385	0.0	0.0	3	1.0479805837673088	-5.187011775985161	230.0	37	1.05	0.95				
	319	1	101.83755141614034	20.817621007719296	0.0	0.0	3	1.04401009815878	-9.057062648454831	230.0	35	1.05	0.95				
	320	1	72.0177159185965	14.628598545964913	0.0	0.0	3	1.0456634231053739	-9.026819107688416	230.0	35	1.05	0.95				
	321	2	0.0	0.0	0.0	0.0	3	1.05	-4.727716293344728	230.0	37	1.05	0.95				
	322	2	0.0	0.0	0.0	0.0	3	1.05	-0.6047371460352172	230.0	37	1.05	0.95				
	323	2	0.0	0.0	0.0	0.0	3	1.047663405059593	-8.608940177389238	230.0	35	1.05	0.95				
	324	1	0.0	0.0	0.0	0.0	3	1.0268357488727768	-11.989642223356112	230.0	36	1.05	0.95				
	325	1	0.0	0.0	0.0	0.0	3	1.0404414997755365	-6.982869238565206	230.0	35	1.05	0.95				
];
