%% MATPOWER Case Format : Version 2
function mpc = RTS_GMLC
mpc.version = '2';

%%-----  Power Flow Data  -----%%
%% system MVA base
mpc.baseMVA = 100.0;
%% bus data
%    bus_i    type    Pd    Qd    Gs    Bs    area    Vm    Va    baseKV    zone    Vmax    Vmin
mpc.bus = [
	101	2	35.26966848126316	7.184562098035088	0.0	0.0	1	0.9905417431028651	-5.337905757747939	138.0	11	1.05	0.95				
	102	2	31.677387432245613	6.531420089122807	0.0	0.0	1	0.9903943408981651	-5.503096152044411	138.0	12	1.05	0.95				
	103	1	58.782780802105265	12.083127164877192	0.0	0.0	1	1.0220812694234245	0.9524271574730038	138.0	11	1.05	0.95				
	104	1	24.166254329754384	4.898565066842106	0.0	0.0	1	1.0045219005261092	-4.807685773595924	138.0	11	1.05	0.95				
	105	1	23.186541316385963	4.571994062385965	0.0	0.0	1	1.0162020469534168	-5.5744435063420905	138.0	11	1.05	0.95				
	106	1	44.41365660603509	9.14398812477193	0.0	-100.0	1	1.0390649475166953	-6.1349160129015665	138.0	12	1.05	0.95				
	107	2	40.82137555701754	8.164275111403509	0.0	0.0	1	0.9881442339779766	-10.127337092932715	138.0	12	1.05	0.95				
	108	1	55.843641762	11.42998515596491	0.0	0.0	1	1.0001917421570832	-8.455107414888946	138.0	12	1.05	0.95				
	109	1	57.149925779824564	11.756556160421052	0.0	0.0	1	1.0250534572859749	-2.885124737338082	138.0	13	1.05	0.95				
	110	1	63.68134586894737	13.062840178245613	0.0	0.0	1	1.05	-4.73987111848935	138.0	13	1.05	0.95				
	111	1	0.0	0.0	0.0	0.0	1	1.0152863215807828	0.1007718819266438	230.0	13	1.05	0.95				
	112	1	0.0	0.0	0.0	0.0	1	1.0116850740386125	-1.1337372510348362	230.0	13	1.05	0.95				
	113	3	86.54131618087719	17.63483424063158	0.0	0.0	1	0.9960943284193776	3.193891545627136e-28	230.0	14	1.05	0.95				
	114	2	63.354774864491226	12.736269173789475	0.0	0.0	1	1.0401099414522061	4.0453076877841285	230.0	16	1.05	0.95				
	115	2	103.5230084125965	20.900544285192982	0.0	0.0	1	1.0395469479132229	13.53610542147014	230.0	16	1.05	0.95				
	116	2	32.657100445614034	6.531420089122807	0.0	0.0	1	1.0394495358491405	11.730231862783645	230.0	16	1.05	0.95				
	117	1	0.0	0.0	0.0	0.0	1	1.0387347957530997	17.760303266254915	230.0	17	1.05	0.95				
	118	2	108.74814448389473	22.206828303017545	0.0	0.0	1	1.0474042946033832	18.371059435119243	230.0	17	1.05	0.95				
	119	1	59.109351806561406	12.083127164877192	0.0	0.0	1	1.0345248833249963	7.450358782048634	230.0	15	1.05	0.95				
	120	1	41.801088570385964	8.490846115859648	0.0	0.0	1	1.0361794969368903	4.352130692486737	230.0	15	1.05	0.95				
	121	2	0.0	0.0	0.0	0.0	1	1.0402668100644679	19.79760068241784	230.0	17	1.05	0.95				
	122	2	0.0	0.0	0.0	0.0	1	1.05	37.78329455952955	230.0	17	1.05	0.95				
	123	2	0.0	0.0	0.0	0.0	1	1.0379489714675578	2.9001897945501187	230.0	15	1.05	0.95				
	124	1	0.0	0.0	0.0	0.0	1	1.0171969914744872	8.850592888571784	230.0	16	1.05	0.95				
	201	2	37.77365024336842	7.694632456982456	0.0	0.0	2	1.0073238287994604	-15.031076905774503	138.0	21	1.05	0.95				
	202	2	33.92633401487719	6.995120415438596	0.0	0.0	2	1.0062007706014509	-15.316541542355806	138.0	22	1.05	0.95				
	203	1	62.95608373894736	12.940972768561402	0.0	0.0	2	1.0129263047139767	-11.281088839450588	138.0	21	1.05	0.95				
	204	1	25.881945537122803	5.246340311578947	0.0	0.0	2	1.0100119942973655	-15.180353947476918	138.0	21	1.05	0.95				
	205	1	24.832677474807014	4.896584290807017	0.0	0.0	2	1.024483021002893	-15.584948973983513	138.0	21	1.05	0.95				
	206	1	47.566818824982455	9.793168581614035	0.0	-100.0	2	1.0422439191217678	-16.357949621653987	138.0	22	1.05	0.95				
	207	2	43.719502596491225	8.743900519298245	0.0	0.0	2	0.9906913154804149	-20.41468861839587	138.0	22	1.05	0.95				
	208	1	59.808279552	12.241460727017541	0.0	0.0	2	1.0005807246190686	-18.910342547904936	138.0	22	1.05	0.95				
	209	1	61.20730363508772	12.591216747789472	0.0	0.0	2	1.0225842685164825	-13.608370870384594	138.0	23	1.05	0.95				
	210	1	68.20242405052632	13.990240830877193	0.0	0.0	2	1.05	-15.003516799628029	138.0	23	1.05	0.95				
	211	1	0.0	0.0	0.0	0.0	2	1.0042021226641116	-11.073744687621407	230.0	23	1.05	0.95				
	212	1	0.0	0.0	0.0	0.0	2	1.012160753314002	-10.573221670629753	230.0	23	1.05	0.95				
	213	2	92.68534550456138	18.88682512168421	0.0	0.0	2	1.0017708194491926	-10.021918435768187	230.0	24	1.05	0.95				
	214	2	67.85266802975438	13.640484810105264	0.0	0.0	2	1.0012235880338605	-8.63095959179838	230.0	26	1.05	0.95				
	215	2	110.87265858470174	22.384385329403507	0.0	0.0	2	1.0235081050818122	-2.3436137358406675	230.0	26	1.05	0.95				
	216	2	34.97560207719298	6.995120415438596	0.0	0.0	2	1.026219571816215	-3.1557268568862185	230.0	26	1.05	0.95				
	217	1	0.0	0.0	0.0	0.0	2	1.0322667339416005	-0.9199455146696396	230.0	27	1.05	0.95				
	218	2	116.46875491705262	23.783409412491228	0.0	0.0	2	1.0308873441230433	-1.310332819801979	230.0	27	1.05	0.95				
	219	1	63.3058397597193	12.940972768561402	0.0	0.0	2	1.0325687491910094	-3.6990069807038677	230.0	25	1.05	0.95				
	220	1	44.768770658807014	9.093656540070175	0.0	0.0	2	1.0399974349737158	-3.489638738546942	230.0	25	1.05	0.95				
	221	2	0.0	0.0	0.0	0.0	2	1.0314748765274566	-0.8573581250070137	230.0	27	1.05	0.95				
	222	2	0.0	0.0	0.0	0.0	2	1.0499999962815736	5.612382183750958	230.0	27	1.05	0.95				
	223	2	0.0	0.0	0.0	0.0	2	1.0442701089319693	-3.114476585652868	230.0	25	1.05	0.95				
	224	1	0.0	0.0	0.0	0.0	2	1.0084767029678647	-5.687953087899294	230.0	26	1.05	0.95				
	301	2	41.0850996631579	8.369186968421053	0.0	0.0	3	1.0119425488926246	10.675712472668765	138.0	31	1.05	0.95				
	302	2	36.90050617894737	7.6083517894736845	0.0	0.0	3	1.0108536469578175	10.311939427259311	138.0	32	1.05	0.95				
	303	1	68.47516610526316	14.075450810526316	0.0	0.0	3	1.05	24.733617196106362	138.0	31	1.05	0.95				
	304	1	28.150901621052633	5.706263842105263	0.0	0.0	3	1.0068395229720566	11.188886278131465	138.0	31	1.05	0.95				
	305	1	27.009648852631578	5.32584625263158	0.0	0.0	3	1.0223459141441238	9.112197104199016	138.0	31	1.05	0.95				
	306	1	51.736792168421054	10.65169250526316	0.0	-100.0	3	1.036047935639688	7.751037314934134	138.0	32	1.05	0.95				
	307	2	47.55219868421052	9.510439736842105	0.0	0.0	3	0.95	4.551340387003093	138.0	32	1.05	0.95				
	308	1	65.05140779999999	13.314615631578947	0.0	0.0	3	0.9720092868885976	6.140681577119486	138.0	32	1.05	0.95				
	309	1	66.57307815789474	13.695033221052629	0.0	0.0	3	1.014675113443457	13.50797166060783	138.0	33	1.05	0.95				
	310	1	74.18142994736841	15.216703578947369	0.0	0.0	3	1.0420092882625211	8.780835819863366	138.0	33	1.05	0.95				
	311	1	0.0	0.0	0.0	0.0	3	1.0027000377129338	12.13900248487131	230.0	33	1.05	0.95				
	312	1	0.0	0.0	0.0	0.0	3	1.0073924042591489	12.175614680016198	230.0	33	1.05	0.95				
	313	2	100.8106612105263	20.54254983157895	0.0	0.0	3	1.0011445243012984	12.198539331123323	230.0	34	1.05	0.95				
	314	2	73.80101235789473	14.836285989473685	0.0	0.0	3	0.9998646839002451	13.177151064423308	230.0	36	1.05	0.95				
	315	2	120.5923758631579	24.34672572631579	0.0	0.0	3	1.0496629421413213	17.311866663617884	230.0	36	1.05	0.95				
	316	2	38.04175894736842	7.6083517894736845	0.0	0.0	3	1.0343089548719335	16.83693693206335	230.0	36	1.05	0.95				
	317	1	0.0	0.0	0.0	0.0	3	1.05	21.184624933201064	230.0	37	1.05	0.95				
	318	2	126.67905729473685	25.868396084210527	0.0	0.0	3	1.0471182116223112	17.92263251937162	230.0	37	1.05	0.95				
	319	1	68.85558369473685	14.075450810526316	0.0	0.0	3	1.024780590450287	15.306250074456925	230.0	35	1.05	0.95				
	320	1	48.69345145263158	9.890857326315789	0.0	0.0	3	1.0192294022148753	14.705823851343748	230.0	35	1.05	0.95				
	321	2	0.0	0.0	0.0	0.0	3	1.0489299596476773	18.379465495324972	230.0	37	1.05	0.95				
	322	2	0.0	0.0	0.0	0.0	3	1.0499999895331757	23.827235213171125	230.0	37	1.05	0.95				
	323	2	0.0	0.0	0.0	0.0	3	1.016474848971753	14.673471306267905	230.0	35	1.05	0.95				
	324	1	0.0	0.0	0.0	0.0	3	1.0471149835077456	20.151052748967473	230.0	36	1.05	0.95				
	325	1	0.0	0.0	0.0	0.0	3	1.0181224414284	15.122161644273142	230.0	35	1.05	0.95				
];
