%% MATPOWER Case Format : Version 2
function mpc = RTS_GMLC
mpc.version = '2';

%%-----  Power Flow Data  -----%%
%% system MVA base
mpc.baseMVA = 100.0;
%% bus data
%    bus_i    type    Pd    Qd    Gs    Bs    area    Vm    Va    baseKV    zone    Vmax    Vmin
mpc.bus = [
	101	2	54.801583389473684	11.163285505263158	0.0	0.0	1	1.0348065380298073	-0.14012564839328767	138.0	11	1.05	0.95				
	102	2	49.219940636842104	10.148441368421054	0.0	0.0	1	1.034388465909579	-0.2943058379035286	138.0	12	1.05	0.95				
	103	1	91.33597231578948	18.774616531578946	0.0	0.0	1	1.0268880951979118	-1.5296052462252123	138.0	11	1.05	0.95				
	104	1	37.54923306315789	7.6113310263157885	0.0	0.0	1	1.0206361979275993	-3.397151272775812	138.0	11	1.05	0.95				
	105	1	36.026966857894735	7.103908957894737	0.0	0.0	1	1.0355225129116379	-3.2563480582054214	138.0	11	1.05	0.95				
	106	1	69.00940130526317	14.207817915789475	0.0	-100.0	1	1.0435268907701847	-5.511105537209102	138.0	12	1.05	0.95				
	107	2	63.42775855263159	12.685551710526315	0.0	0.0	1	1.0024584791363973	-11.498115711883	138.0	12	1.05	0.95				
	108	1	86.7691737	17.759772394736842	0.0	0.0	1	1.0027793388833284	-10.052620218593004	138.0	12	1.05	0.95				
	109	1	88.79886197368421	18.267194463157892	0.0	0.0	1	1.025062441907891	-3.886076519777462	138.0	13	1.05	0.95				
	110	1	98.94730334210526	20.296882736842107	0.0	0.0	1	1.05	-4.82167215351784	138.0	13	1.05	0.95				
	111	1	0.0	0.0	0.0	0.0	1	1.00674286455101	-1.352664773896583	230.0	13	1.05	0.95				
	112	1	0.0	0.0	0.0	0.0	1	1.011118219152109	-0.9614551403743327	230.0	13	1.05	0.95				
	113	3	134.46684813157896	27.400791694736842	0.0	0.0	1	1.0034504690773387	1.775424037912739e-30	230.0	14	1.05	0.95				
	114	2	98.43988127368421	19.789460668421054	0.0	0.0	1	1.0049724018188688	0.5763080882432944	230.0	16	1.05	0.95				
	115	2	160.85279568947368	32.47501237894737	0.0	0.0	1	1.0393753786689428	6.893265830366503	230.0	16	1.05	0.95				
	116	2	50.74220684210526	10.148441368421054	0.0	0.0	1	1.035587258722624	6.291387757733564	230.0	16	1.05	0.95				
	117	1	0.0	0.0	0.0	0.0	1	1.0418008646456947	8.768625034032775	230.0	17	1.05	0.95				
	118	2	168.9715487842105	34.504700652631584	0.0	0.0	1	1.0446193701649387	8.870825844996915	230.0	17	1.05	0.95				
	119	1	91.84339438421053	18.774616531578946	0.0	0.0	1	1.0289748956341942	4.95524501947426	230.0	15	1.05	0.95				
	120	1	64.95002475789474	13.19297377894737	0.0	0.0	1	1.027259667577402	4.768896729086132	230.0	15	1.05	0.95				
	121	2	0.0	0.0	0.0	0.0	1	1.048258396238819	10.128188562162716	230.0	17	1.05	0.95				
	122	2	0.0	0.0	0.0	0.0	1	1.05	18.01410372955531	230.0	17	1.05	0.95				
	123	2	0.0	0.0	0.0	0.0	1	1.0272136100892588	5.054946339768281	230.0	15	1.05	0.95				
	124	1	0.0	0.0	0.0	0.0	1	1.0240263737003057	3.748553031667463	230.0	16	1.05	0.95				
	201	2	57.459467974736846	11.704706439298244	0.0	0.0	2	1.0306562966005839	-11.09250476996866	138.0	21	1.05	0.95				
	202	2	51.607114755087714	10.64064221754386	0.0	0.0	2	1.031073787970623	-11.073490829423962	138.0	22	1.05	0.95				
	203	1	95.76577995789472	19.685188102456138	0.0	0.0	2	1.018090811159548	-10.32352007874964	138.0	21	1.05	0.95				
	204	1	39.370376204912276	7.980481663157894	0.0	0.0	2	1.0181005450002754	-13.161773496411389	138.0	21	1.05	0.95				
	205	1	37.774279872280694	7.448449552280702	0.0	0.0	2	1.0335773166311797	-13.350425881169123	138.0	21	1.05	0.95				
	206	1	72.35636707929825	14.896899104561404	0.0	-100.0	2	1.0425154913480656	-15.113192390957218	138.0	22	1.05	0.95				
	207	2	66.50401385964912	13.300802771929824	0.0	0.0	2	0.9891277308417561	-23.10080811480912	138.0	22	1.05	0.95				
	208	1	90.97749095999998	18.621123880701752	0.0	0.0	2	0.992181864204254	-20.600616922680917	138.0	22	1.05	0.95				
	209	1	93.10561940350877	19.153155991578945	0.0	0.0	2	1.0233881802566815	-12.70350948278982	138.0	23	1.05	0.95				
	210	1	103.74626162105262	21.28128443508772	0.0	0.0	2	1.05	-13.951297333099971	138.0	23	1.05	0.95				
	211	1	0.0	0.0	0.0	0.0	2	1.0110226484275273	-9.421847350209632	230.0	23	1.05	0.95				
	212	1	0.0	0.0	0.0	0.0	2	1.0117187580062381	-8.620731632505892	230.0	23	1.05	0.95				
	213	2	140.98850938245613	28.729733987368423	0.0	0.0	2	1.0088537403400788	-8.205427962617705	230.0	24	1.05	0.95				
	214	2	103.21422951017543	20.749252324210524	0.0	0.0	2	1.01654389818365	-6.5314716441259915	230.0	26	1.05	0.95				
	215	2	168.65417914807014	34.05005509614035	0.0	0.0	2	1.0323288092285585	0.9124599540818913	230.0	26	1.05	0.95				
	216	2	53.203211087719296	10.64064221754386	0.0	0.0	2	1.0342329498938032	0.7903032485961687	230.0	26	1.05	0.95				
	217	1	0.0	0.0	0.0	0.0	2	1.0379103581537952	3.5249664840807937	230.0	27	1.05	0.95				
	218	2	177.16669292210526	36.178183539649126	0.0	0.0	2	1.0391317674656275	3.8462944654967943	230.0	27	1.05	0.95				
	219	1	96.29781206877193	19.685188102456138	0.0	0.0	2	1.0336881601635244	0.1819436907605237	230.0	25	1.05	0.95				
	220	1	68.1001101922807	13.832834882807015	0.0	0.0	2	1.0372698219536582	0.6729615904767522	230.0	25	1.05	0.95				
	221	2	0.0	0.0	0.0	0.0	2	1.0392469784367897	3.6317790769033986	230.0	27	1.05	0.95				
	222	2	0.0	0.0	0.0	0.0	2	1.05	10.091278187112817	230.0	27	1.05	0.95				
	223	2	0.0	0.0	0.0	0.0	2	1.0403678883111263	1.3382113006046705	230.0	25	1.05	0.95				
	224	1	0.0	0.0	0.0	0.0	2	1.0130804699736848	-3.2817719880350893	230.0	26	1.05	0.95				
	301	2	54.81999367578947	11.167035748771928	0.0	0.0	3	1.015387052307864	-7.479713173501333	138.0	31	1.05	0.95				
	302	2	49.2364758014035	10.151850680701752	0.0	0.0	3	1.0137713060408464	-7.8127242283740985	138.0	32	1.05	0.95				
	303	1	91.36665612631577	18.780923759298243	0.0	0.0	3	1.05	6.909972560052999	138.0	31	1.05	0.95				
	304	1	37.56184751859649	7.613888010526313	0.0	0.0	3	1.0110490819607645	-6.181303773509051	138.0	31	1.05	0.95				
	305	1	36.03906991649122	7.106295476491227	0.0	0.0	3	1.026375141220128	-8.616622806961125	138.0	31	1.05	0.95				
	306	1	69.03258462877191	14.212590952982454	0.0	-100.0	3	1.0394665106322012	-9.834592656664826	138.0	32	1.05	0.95				
	307	2	63.44906675438595	12.689813350877191	0.0	0.0	3	0.9904766845802753	-14.74982176677993	138.0	32	1.05	0.95				
	308	1	86.79832331999998	17.765738691228066	0.0	0.0	3	0.994079459881371	-12.383623417970181	138.0	32	1.05	0.95				
	309	1	88.82869345614034	18.273331225263153	0.0	0.0	3	1.025575292143516	-2.7667280007342456	138.0	33	1.05	0.95				
	310	1	98.98054413684208	20.303701361403505	0.0	0.0	3	1.05	-8.127506973815839	138.0	33	1.05	0.95				
	311	1	0.0	0.0	0.0	0.0	3	1.0125571283021768	-3.290482868464903	230.0	33	1.05	0.95				
	312	1	0.0	0.0	0.0	0.0	3	1.0159684853316406	-2.627887719492818	230.0	33	1.05	0.95				
	313	2	134.51202151929823	27.409996837894735	0.0	0.0	3	1.0137392246857981	-0.6989177224214213	230.0	34	1.05	0.95				
	314	2	98.472951602807	19.79610882736842	0.0	0.0	3	1.0117109615165958	-3.3123751750212445	230.0	36	1.05	0.95				
	315	2	160.90683328912277	32.48592217824561	0.0	0.0	3	1.0432189414162032	-0.10302198988233374	230.0	36	1.05	0.95				
	316	2	50.759253403508765	10.151850680701752	0.0	0.0	3	1.0373496997580403	-0.2670560097798563	230.0	36	1.05	0.95				
	317	1	0.0	0.0	0.0	0.0	3	1.043966681214933	1.6570630289180264	230.0	37	1.05	0.95				
	318	2	169.0283138336842	34.51629231438596	0.0	0.0	3	1.0420510404921945	0.7714041575643393	230.0	37	1.05	0.95				
	319	1	91.87424866035087	18.780923759298243	0.0	0.0	3	1.0300984559283297	-0.9029577599623579	230.0	35	1.05	0.95				
	320	1	64.97184435649122	13.197405884912278	0.0	0.0	3	1.0275961654536883	-0.4780080229828704	230.0	35	1.05	0.95				
	321	2	0.0	0.0	0.0	0.0	3	1.0435783451779792	1.036064246353547	230.0	37	1.05	0.95				
	322	2	0.0	0.0	0.0	0.0	3	1.05	5.608382659667991	230.0	37	1.05	0.95				
	323	2	0.0	0.0	0.0	0.0	3	1.0272444618864145	0.14581817956043405	230.0	35	1.05	0.95				
	324	1	0.0	0.0	0.0	0.0	3	1.0431636046771273	2.5814764329164923	230.0	36	1.05	0.95				
	325	1	0.0	0.0	0.0	0.0	3	1.0269244992897253	0.9986955628920705	230.0	35	1.05	0.95				
];
