%% MATPOWER Case Format : Version 2
function mpc = RTS_GMLC
mpc.version = '2';

%%-----  Power Flow Data  -----%%
%% system MVA base
mpc.baseMVA = 100.0;
%% bus data
%    bus_i    type    Pd    Qd    Gs    Bs    area    Vm    Va    baseKV    zone    Vmax    Vmin
mpc.bus = [
	101	2	60.18555171789475	12.260019794385967	0.0	0.0	1	1.0146681431851363	-0.834374831521674	138.0	11	1.05	0.95				
	102	2	54.055541820701755	11.145472540350879	0.0	0.0	1	1.013703080658311	-1.1596004494348653	138.0	12	1.05	0.95				
	103	1	100.30925286315791	20.619124199649125	0.0	0.0	1	1.021361114408124	0.03657863570580667	138.0	11	1.05	0.95				
	104	1	41.23824839929825	8.359104405263158	0.0	0.0	1	1.0109411044619454	-3.8238687327428775	138.0	11	1.05	0.95				
	105	1	39.56642751824562	7.801830778245615	0.0	0.0	1	1.0246270349983693	-3.870439917428428	138.0	11	1.05	0.95				
	106	1	75.78921327438599	15.60366155649123	0.0	-100.0	1	1.0371743562160356	-6.140315183172412	138.0	12	1.05	0.95				
	107	2	69.659203377193	13.931840675438597	0.0	0.0	1	0.9910471533682711	-12.704488620451754	138.0	12	1.05	0.95				
	108	1	95.29379022	19.504576945614037	0.0	0.0	1	0.99409081380185	-10.922595963521816	138.0	12	1.05	0.95				
	109	1	97.52288472807018	20.061850572631577	0.0	0.0	1	1.0259417869011482	-3.6869178550084976	138.0	13	1.05	0.95				
	110	1	108.66835726842106	22.290945080701757	0.0	0.0	1	1.05	-5.121028517040949	138.0	13	1.05	0.95				
	111	1	0.0	0.0	0.0	0.0	1	1.023450974483711	-0.5186758406652213	230.0	13	1.05	0.95				
	112	1	0.0	0.0	0.0	0.0	1	1.0175041075572981	-0.7480029167747535	230.0	13	1.05	0.95				
	113	3	147.67751115964913	30.092775858947373	0.0	0.0	1	1.0102460475471058	3.7196694914147845e-29	230.0	14	1.05	0.95				
	114	2	108.11108364140351	21.733671453684213	0.0	0.0	1	1.05	2.7969406792977702	230.0	16	1.05	0.95				
	115	2	176.65573976456142	35.66551212912281	0.0	0.0	1	1.0425685263443725	12.0882514069578	230.0	16	1.05	0.95				
	116	2	55.72736270175439	11.145472540350879	0.0	0.0	1	1.0455841572158049	11.030906147808018	230.0	16	1.05	0.95				
	117	1	0.0	0.0	0.0	0.0	1	1.042530161798989	16.266214717569646	230.0	17	1.05	0.95				
	118	2	185.57211779684212	37.89460663719299	0.0	0.0	1	1.049234740362533	16.502636277976954	230.0	17	1.05	0.95				
	119	1	100.86652649017545	20.619124199649125	0.0	0.0	1	1.0430271960483255	8.047041227224764	230.0	15	1.05	0.95				
	120	1	71.33102425824562	14.48911430245614	0.0	0.0	1	1.046798062271025	6.504800800474414	230.0	15	1.05	0.95				
	121	2	0.0	0.0	0.0	0.0	1	1.04354439477216	18.08696819585184	230.0	17	1.05	0.95				
	122	2	0.0	0.0	0.0	0.0	1	1.05	36.04578825772094	230.0	17	1.05	0.95				
	123	2	0.0	0.0	0.0	0.0	1	1.05	6.068468370564207	230.0	15	1.05	0.95				
	124	1	0.0	0.0	0.0	0.0	1	1.0195077072370091	7.61725471364339	230.0	16	1.05	0.95				
	201	2	55.89548245894738	11.386116797192983	0.0	0.0	2	1.0238353358453924	-12.208000295751686	138.0	21	1.05	0.95				
	202	2	50.20242406035088	10.35101527017544	0.0	0.0	2	1.0248766467846604	-12.01567258405957	138.0	22	1.05	0.95				
	203	1	93.15913743157896	19.14937824982456	0.0	0.0	2	1.0151455805993415	-10.931701511515888	138.0	21	1.05	0.95				
	204	1	38.29875649964912	7.763261452631578	0.0	0.0	2	1.015823865287163	-13.380984643568448	138.0	21	1.05	0.95				
	205	1	36.746104209122805	7.2457106891228085	0.0	0.0	2	1.0305154561693217	-13.723709866651522	138.0	21	1.05	0.95				
	206	1	70.38690383719299	14.491421378245617	0.0	-100.0	2	1.041712837445917	-15.029440207903301	138.0	22	1.05	0.95				
	207	2	64.69384543859648	12.9387690877193	0.0	0.0	2	0.9901451810226651	-22.465159034025756	138.0	22	1.05	0.95				
	208	1	88.50118056000001	18.114276722807016	0.0	0.0	2	0.9934935387158931	-20.045011252010134	138.0	22	1.05	0.95				
	209	1	90.5713836140351	18.63182748631579	0.0	0.0	2	1.023664333797221	-12.373481810675763	138.0	23	1.05	0.95				
	210	1	100.92239888421052	20.70203054035088	0.0	0.0	2	1.05	-13.601101820783809	138.0	23	1.05	0.95				
	211	1	0.0	0.0	0.0	0.0	2	1.011760441744422	-8.922417023692246	230.0	23	1.05	0.95				
	212	1	0.0	0.0	0.0	0.0	2	1.0112991122674777	-7.560427316145485	230.0	23	1.05	0.95				
	213	2	137.15095232982455	27.94774122947369	0.0	0.0	2	1.0110275586978101	-7.030038258213365	230.0	24	1.05	0.95				
	214	2	100.40484812070176	20.184479776842107	0.0	0.0	2	1.0170752329820845	-6.469113988888423	230.0	26	1.05	0.95				
	215	2	164.0635920322807	33.123248864561404	0.0	0.0	2	1.0336103565016528	-0.0893543106135079	230.0	26	1.05	0.95				
	216	2	51.7550763508772	10.35101527017544	0.0	0.0	2	1.0358510510700025	0.13375349439766263	230.0	26	1.05	0.95				
	217	1	0.0	0.0	0.0	0.0	2	1.040907119423702	1.9694759636162036	230.0	27	1.05	0.95				
	218	2	172.34440424842106	35.193451918596494	0.0	0.0	2	1.0392852931921084	1.3457617498331154	230.0	27	1.05	0.95				
	219	1	93.67668819508772	19.14937824982456	0.0	0.0	2	1.0357644843610556	0.8722323002834119	230.0	25	1.05	0.95				
	220	1	66.24649772912281	13.456319851228072	0.0	0.0	2	1.0398524717199298	2.4982116236563234	230.0	25	1.05	0.95				
	221	2	0.0	0.0	0.0	0.0	2	1.0395107137815374	1.6700720029221696	230.0	27	1.05	0.95				
	222	2	0.0	0.0	0.0	0.0	2	1.05	8.29068381847163	230.0	27	1.05	0.95				
	223	2	0.0	0.0	0.0	0.0	2	1.0436754118047007	3.7705328764534234	230.0	25	1.05	0.95				
	224	1	0.0	0.0	0.0	0.0	2	1.0132656724955282	-4.119226497165596	230.0	26	1.05	0.95				
	301	2	48.65295793263158	9.910787727017544	0.0	0.0	3	1.0096087994053886	-7.291537228100954	138.0	31	1.05	0.95				
	302	2	43.697564069122805	9.009807024561404	0.0	0.0	3	1.0090231479839735	-7.418573261724959	138.0	32	1.05	0.95				
	303	1	81.08826322105263	16.668142995438593	0.0	0.0	3	1.0275183327560056	-0.9610482877594954	138.0	31	1.05	0.95				
	304	1	33.33628599087719	6.757355268421052	0.0	0.0	3	1.0109979285884774	-5.846806964979411	138.0	31	1.05	0.95				
	305	1	31.98481493719298	6.306864917192982	0.0	0.0	3	1.0239935689263688	-6.854800520153336	138.0	31	1.05	0.95				
	306	1	61.266687767017544	12.613729834385964	0.0	-100.0	3	1.0400645174328038	-7.140166920093088	138.0	32	1.05	0.95				
	307	2	56.31129390350876	11.262258780701753	0.0	0.0	3	0.9943479215754293	-11.953387791146216	138.0	32	1.05	0.95				
	308	1	77.03385005999999	15.767162292982453	0.0	0.0	3	0.9995524768800625	-9.905190690461113	138.0	32	1.05	0.95				
	309	1	78.83581146491227	16.217652644210524	0.0	0.0	3	1.0270433750503143	-2.721314201699365	138.0	33	1.05	0.95				
	310	1	87.84561848947368	18.019614049122808	0.0	0.0	3	1.05	-4.96857425070655	138.0	33	1.05	0.95				
	311	1	0.0	0.0	0.0	0.0	3	1.0100631545680845	0.9970743749437974	230.0	33	1.05	0.95				
	312	1	0.0	0.0	0.0	0.0	3	1.0104056176870664	1.2125714880614438	230.0	33	1.05	0.95				
	313	2	119.37994307543858	24.32647896631579	0.0	0.0	3	1.009773063679619	4.166213334894824	230.0	34	1.05	0.95				
	314	2	87.39512813824561	17.569123697894735	0.0	0.0	3	1.0149804322041796	3.150610603702546	230.0	36	1.05	0.95				
	315	2	142.80544133929823	28.83138247859649	0.0	0.0	3	1.0401329987999524	8.520073471103633	230.0	36	1.05	0.95				
	316	2	45.04903512280701	9.009807024561404	0.0	0.0	3	1.0386770072038514	8.868448937610994	230.0	36	1.05	0.95				
	317	1	0.0	0.0	0.0	0.0	3	1.05	14.9489872985287	230.0	37	1.05	0.95				
	318	2	150.01328695894736	30.633343883508772	0.0	0.0	3	1.0449153411436898	12.130558537392249	230.0	37	1.05	0.95				
	319	1	81.5387535722807	16.668142995438593	0.0	0.0	3	1.0294569015230466	7.403361068864144	230.0	35	1.05	0.95				
	320	1	57.66276495719298	11.712749131929824	0.0	0.0	3	1.0248952689250326	6.989390760889972	230.0	35	1.05	0.95				
	321	2	0.0	0.0	0.0	0.0	3	1.0450652398664353	11.5771591517027	230.0	37	1.05	0.95				
	322	2	0.0	0.0	0.0	0.0	3	1.05	17.243129731094196	230.0	37	1.05	0.95				
	323	2	0.0	0.0	0.0	0.0	3	1.0230008542166076	7.109642386715151	230.0	35	1.05	0.95				
	324	1	0.0	0.0	0.0	0.0	3	1.0235385300137159	4.9778985797553315	230.0	36	1.05	0.95				
	325	1	0.0	0.0	0.0	0.0	3	1.0222281172759338	8.044436681290652	230.0	35	1.05	0.95				
];
