%% MATPOWER Case Format : Version 2
function mpc = RTS_GMLC
mpc.version = '2';

%%-----  Power Flow Data  -----%%
%% system MVA base
mpc.baseMVA = 100.0;
%% bus data
%    bus_i    type    Pd    Qd    Gs    Bs    area    Vm    Va    baseKV    zone    Vmax    Vmin
mpc.bus = [
	101	2	46.26472043368422	9.424294903157895	0.0	0.0	1	1.044525253090936	4.14645626006544	138.0	11	1.05	0.95				
	102	2	41.55257298210526	8.567540821052633	0.0	0.0	1	1.0435192878002015	3.861704796696553	138.0	12	1.05	0.95				
	103	1	77.10786738947368	15.849950518947367	0.0	0.0	1	1.0281769428980214	0.7957356069744863	138.0	11	1.05	0.95				
	104	1	31.699901037894733	6.4256556157894735	0.0	0.0	1	1.0270056963155074	0.31523171045446474	138.0	11	1.05	0.95				
	105	1	30.414769914736837	5.997278574736843	0.0	0.0	1	1.0409062640373696	0.36865472285971557	138.0	11	1.05	0.95				
	106	1	58.259277583157896	11.994557149473685	0.0	-100.0	1	1.0474400822335734	-2.2290488505407557	138.0	12	1.05	0.95				
	107	2	53.547130131578946	10.70942602631579	0.0	0.0	1	1.0004845731613863	-7.8893916155775585	138.0	12	1.05	0.95				
	108	1	73.25247402000001	14.993196436842105	0.0	0.0	1	1.004364931167906	-6.664702489748596	138.0	12	1.05	0.95				
	109	1	74.96598218421052	15.421573477894738	0.0	0.0	1	1.0242229316935074	-1.5328810593260904	138.0	13	1.05	0.95				
	110	1	83.53352300526315	17.135081642105266	0.0	0.0	1	1.05	-2.1608151087904566	138.0	13	1.05	0.95				
	111	1	0.0	0.0	0.0	0.0	1	1.002318503189941	-0.14944905941164385	230.0	13	1.05	0.95				
	112	1	0.0	0.0	0.0	0.0	1	1.0073867023801193	0.20685382425052887	230.0	13	1.05	0.95				
	113	3	113.51991587894736	23.13236021684211	0.0	0.0	1	0.9934444442089048	3.943688150211841e-29	230.0	14	1.05	0.95				
	114	2	83.10514596421052	16.706704601052632	0.0	0.0	1	0.9977647261220598	1.5497773130261312	230.0	16	1.05	0.95				
	115	2	135.7955220136842	27.416130627368425	0.0	0.0	1	1.0321923969720328	6.820640873797669	230.0	16	1.05	0.95				
	116	2	42.83770410526316	8.567540821052633	0.0	0.0	1	1.028363213557134	6.458866195623527	230.0	16	1.05	0.95				
	117	1	0.0	0.0	0.0	0.0	1	1.0362946896344296	8.52263509363098	230.0	17	1.05	0.95				
	118	2	142.6495546705263	29.129638791578948	0.0	0.0	1	1.0383955082601795	8.658009864563576	230.0	17	1.05	0.95				
	119	1	77.53624443052631	15.849950518947367	0.0	0.0	1	1.02206536437046	5.38569307706131	230.0	15	1.05	0.95				
	120	1	54.83226125473685	11.13780306736842	0.0	0.0	1	1.0196194305583135	5.279953671088675	230.0	15	1.05	0.95				
	121	2	0.0	0.0	0.0	0.0	1	1.0418004698420413	9.762595862122733	230.0	17	1.05	0.95				
	122	2	0.0	0.0	0.0	0.0	1	1.05	15.796580032532288	230.0	17	1.05	0.95				
	123	2	0.0	0.0	0.0	0.0	1	1.0188349424788996	5.556925617535748	230.0	15	1.05	0.95				
	124	1	0.0	0.0	0.0	0.0	1	1.0224815189611889	4.55475595488096	230.0	16	1.05	0.95				
	201	2	43.74059498526316	8.910121200701756	0.0	0.0	2	1.024759236121228	-6.780910674174798	138.0	21	1.05	0.95				
	202	2	39.28553438491228	8.100110182456142	0.0	0.0	2	1.0254548768019198	-6.639559236316647	138.0	22	1.05	0.95				
	203	1	72.90099164210527	14.985203837543859	0.0	0.0	2	1.0169622510459908	-6.272408733041812	138.0	21	1.05	0.95				
	204	1	29.970407675087717	6.075082636842105	0.0	0.0	2	1.017898529069561	-8.047337456756777	138.0	21	1.05	0.95				
	205	1	28.7553911477193	5.670077127719299	0.0	0.0	2	1.0325383405852315	-8.271626425207689	138.0	21	1.05	0.95				
	206	1	55.08074924070176	11.340154255438598	0.0	-100.0	2	1.045072788560725	-9.489568647474778	138.0	22	1.05	0.95				
	207	2	50.62568864035087	10.125137728070175	0.0	0.0	2	0.9936792527162935	-15.235446704809554	138.0	22	1.05	0.95				
	208	1	69.25594206	14.175192819298246	0.0	0.0	2	1.0002015657101009	-13.422857931823728	138.0	22	1.05	0.95				
	209	1	70.87596409649123	14.580198328421051	0.0	0.0	2	1.0228854951642234	-7.530273443661588	138.0	23	1.05	0.95				
	210	1	78.97607427894738	16.200220364912283	0.0	0.0	2	1.05	-8.480872870260436	138.0	23	1.05	0.95				
	211	1	0.0	0.0	0.0	0.0	2	1.0032081856064305	-5.008085055370683	230.0	23	1.05	0.95				
	212	1	0.0	0.0	0.0	0.0	2	1.00702026182083	-3.918842321903004	230.0	23	1.05	0.95				
	213	2	107.32645991754386	21.87029749263158	0.0	0.0	2	0.9971331797499251	-3.7072715286918907	230.0	24	1.05	0.95				
	214	2	78.57106876982456	15.795214855789474	0.0	0.0	2	1.0014005832394335	-3.011672162811667	230.0	26	1.05	0.95				
	215	2	128.38674639192982	25.920352583859653	0.0	0.0	2	1.0204868565405738	2.31583219464233	230.0	26	1.05	0.95				
	216	2	40.5005509122807	8.100110182456142	0.0	0.0	2	1.0210475634225782	2.264008935414135	230.0	26	1.05	0.95				
	217	1	0.0	0.0	0.0	0.0	2	1.026291819960202	3.6599226697719343	230.0	27	1.05	0.95				
	218	2	134.86683453789473	27.54037462035088	0.0	0.0	2	1.0255273556330309	3.186994788797587	230.0	27	1.05	0.95				
	219	1	73.30599715122807	14.985203837543859	0.0	0.0	2	1.0212261700467058	2.3271124648228567	230.0	25	1.05	0.95				
	220	1	51.84070516771931	10.530143237192984	0.0	0.0	2	1.024023795671014	3.1799636685887154	230.0	25	1.05	0.95				
	221	2	0.0	0.0	0.0	0.0	2	1.0274359421229455	3.7001032680458326	230.0	27	1.05	0.95				
	222	2	0.0	0.0	0.0	0.0	2	1.0493233679151823	10.182909186679387	230.0	27	1.05	0.95				
	223	2	0.0	0.0	0.0	0.0	2	1.026252954692944	3.959745623604361	230.0	25	1.05	0.95				
	224	1	0.0	0.0	0.0	0.0	2	1.0085154693719496	-0.921456839586081	230.0	26	1.05	0.95				
	301	2	46.10756088	9.39228092	0.0	0.0	3	1.0079391037081105	-13.637566840114552	138.0	31	1.05	0.95				
	302	2	41.41142042	8.5384372	0.0	0.0	3	1.0075719619380454	-13.726442417332	138.0	32	1.05	0.95				
	303	1	76.84593480000001	15.796108819999999	0.0	0.0	3	1.018523482134359	-9.258866301213885	138.0	31	1.05	0.95				
	304	1	31.592217639999998	6.403827899999999	0.0	0.0	3	1.0093409121886856	-12.405991963581796	138.0	31	1.05	0.95				
	305	1	30.31145206	5.97690604	0.0	0.0	3	1.023291798722742	-12.763100246016771	138.0	31	1.05	0.95				
	306	1	58.06137296	11.95381208	0.0	-100.0	3	1.0403415615521652	-12.78936599050813	138.0	32	1.05	0.95				
	307	2	53.365232500000005	10.6730465	0.0	0.0	3	0.9953149649581655	-17.643841657425472	138.0	32	1.05	0.95				
	308	1	73.00363806	14.942265099999998	0.0	0.0	3	1.0006770797592064	-15.713997393042902	138.0	32	1.05	0.95				
	309	1	74.71132549999999	15.36918696	0.0	0.0	3	1.0240553182054126	-9.568361006003684	138.0	33	1.05	0.95				
	310	1	83.24976269999999	17.0768744	0.0	0.0	3	1.05	-10.515758662777337	138.0	33	1.05	0.95				
	311	1	0.0	0.0	0.0	0.0	3	1.0051849996358413	-5.328370413196572	230.0	33	1.05	0.95				
	312	1	0.0	0.0	0.0	0.0	3	1.0090901311282714	-4.9092145872601	230.0	33	1.05	0.95				
	313	2	113.13429289999999	23.05378044	0.0	0.0	3	1.0079671142767672	-1.7400693246980696	230.0	34	1.05	0.95				
	314	2	82.82284084	16.649952539999997	0.0	0.0	3	1.0035159273108365	-3.64043194306457	230.0	36	1.05	0.95				
	315	2	135.33422962	27.322999040000003	0.0	0.0	3	1.0215210822319387	-2.072355588991145	230.0	36	1.05	0.95				
	316	2	42.692186	8.5384372	0.0	0.0	3	1.0209122370223853	-1.2512755126484443	230.0	36	1.05	0.95				
	317	1	0.0	0.0	0.0	0.0	3	1.0258900158041417	-0.3674959837804761	230.0	37	1.05	0.95				
	318	2	142.16497937999998	29.03068648	0.0	0.0	3	1.024525300961798	-0.7216021504456452	230.0	37	1.05	0.95				
	319	1	77.27285666	15.796108819999999	0.0	0.0	3	1.0193214563893578	-0.9724892597908511	230.0	35	1.05	0.95				
	320	1	54.645998080000005	11.09996836	0.0	0.0	3	1.0189566803102217	-0.6872152954499532	230.0	35	1.05	0.95				
	321	2	0.0	0.0	0.0	0.0	3	1.025643348915452	-0.6262228542615387	230.0	37	1.05	0.95				
	322	2	0.0	0.0	0.0	0.0	3	1.0391101598159007	3.8736116450040803	230.0	37	1.05	0.95				
	323	2	0.0	0.0	0.0	0.0	3	1.0190559813338813	-0.3262416200928053	230.0	35	1.05	0.95				
	324	1	0.0	0.0	0.0	0.0	3	1.0127135101351539	-3.73565120206889	230.0	36	1.05	0.95				
	325	1	0.0	0.0	0.0	0.0	3	1.0188488913431681	0.537909555167661	230.0	35	1.05	0.95				
];
