%% MATPOWER Case Format : Version 2
function mpc = RTS_GMLC
mpc.version = '2';

%%-----  Power Flow Data  -----%%
%% system MVA base
mpc.baseMVA = 100.0;
%% bus data
%    bus_i    type    Pd    Qd    Gs    Bs    area    Vm    Va    baseKV    zone    Vmax    Vmin
mpc.bus = [
	101	2	76.63137059368421	15.610094009824563	0.0	0.0	1	1.031423926769022	-1.3583485954976318	138.0	11	1.05	0.95				
	102	2	68.82632358877193	14.190994554385966	0.0	0.0	1	1.0314392395049254	-1.4159310923481792	138.0	12	1.05	0.95				
	103	1	127.71895098947368	26.253339925614032	0.0	0.0	1	1.0209791433541173	-1.9621464280371388	138.0	11	1.05	0.95				
	104	1	52.506679851228064	10.643245915789473	0.0	0.0	1	1.016294495595126	-4.338328344806135	138.0	11	1.05	0.95				
	105	1	50.378030668070174	9.933696188070176	0.0	0.0	1	1.0312075174726867	-4.361007376537999	138.0	11	1.05	0.95				
	106	1	96.49876296982457	19.86739237614035	0.0	-100.0	1	1.0370577438009732	-6.687829466258464	138.0	12	1.05	0.95				
	107	2	88.69371596491227	17.738743192982458	0.0	0.0	1	1.05	-3.056801248433548	138.0	12	1.05	0.95				
	108	1	121.33300344	24.834240470175438	0.0	0.0	1	1.0267525069726409	-5.851012708050634	138.0	12	1.05	0.95				
	109	1	124.1712023508772	25.543790197894733	0.0	0.0	1	1.0266020120315484	-3.8532291443318134	138.0	13	1.05	0.95				
	110	1	138.36219690526315	28.381989108771933	0.0	0.0	1	1.05	-5.159893277046868	138.0	13	1.05	0.95				
	111	1	0.0	0.0	0.0	0.0	1	1.0125968142302337	-1.1981021652828785	230.0	13	1.05	0.95				
	112	1	0.0	0.0	0.0	0.0	1	1.0153866881978841	-0.3727793968604855	230.0	13	1.05	0.95				
	113	3	188.03067784561404	38.315685296842105	0.0	0.0	1	1.0122593592738511	-1.3956064053102975e-28	230.0	14	1.05	0.95				
	114	2	137.65264717754386	27.672439381052634	0.0	0.0	1	1.0143990550834778	1.1208387556609847	230.0	16	1.05	0.95				
	115	2	224.92726368701753	45.411182574035095	0.0	0.0	1	1.0448470928311433	9.025196208233773	230.0	16	1.05	0.95				
	116	2	70.95497277192983	14.190994554385966	0.0	0.0	1	1.042947950098404	8.645378156996864	230.0	16	1.05	0.95				
	117	1	0.0	0.0	0.0	0.0	1	1.047043248312305	11.59422006884939	230.0	17	1.05	0.95				
	118	2	236.2800593305263	48.249381484912284	0.0	0.0	1	1.0491857817827306	12.213386087516847	230.0	17	1.05	0.95				
	119	1	128.42850071719297	26.253339925614032	0.0	0.0	1	1.0374553548331826	7.409881576876711	230.0	15	1.05	0.95				
	120	1	90.82236514807019	18.448292920701757	0.0	0.0	1	1.0389343452610553	7.67675372038735	230.0	15	1.05	0.95				
	121	2	0.0	0.0	0.0	0.0	1	1.05	12.825419791109569	230.0	17	1.05	0.95				
	122	2	0.0	0.0	0.0	0.0	1	1.05	18.921107898650188	230.0	17	1.05	0.95				
	123	2	0.0	0.0	0.0	0.0	1	1.0416466421799855	8.347996415910796	230.0	15	1.05	0.95				
	124	1	0.0	0.0	0.0	0.0	1	1.0221556683690736	4.961844107170188	230.0	16	1.05	0.95				
	201	2	85.52620807578948	17.42200534877193	0.0	0.0	2	1.0435643170250983	-10.168137159422278	138.0	21	1.05	0.95				
	202	2	76.8152054014035	15.838186680701755	0.0	0.0	2	1.0449204739752371	-10.218529369767358	138.0	22	1.05	0.95				
	203	1	142.54368012631576	29.300645359298244	0.0	0.0	2	1.0265820054031936	-7.431844709881948	138.0	21	1.05	0.95				
	204	1	58.60129071859649	11.878640010526315	0.0	0.0	2	1.020476510113061	-12.376577996487974	138.0	21	1.05	0.95				
	205	1	56.22556271649122	11.086730676491229	0.0	0.0	2	1.0365357545671026	-12.767427020691422	138.0	21	1.05	0.95				
	206	1	107.69966942877194	22.173461352982457	0.0	-100.0	2	1.038190982750692	-14.949353933936512	138.0	22	1.05	0.95				
	207	2	98.98866675438596	19.79773335087719	0.0	0.0	2	0.95	-27.014096031441394	138.0	22	1.05	0.95				
	208	1	135.41649612	27.716826691228068	0.0	0.0	2	0.9564785836565893	-23.074466306196687	138.0	22	1.05	0.95				
	209	1	138.58413345614034	28.508736025263154	0.0	0.0	2	1.0257048148317396	-10.968228777302192	138.0	23	1.05	0.95				
	210	1	154.4223201368421	31.67637336140351	0.0	0.0	2	1.05	-12.940813439279614	138.0	23	1.05	0.95				
	211	1	0.0	0.0	0.0	0.0	2	1.0321398498138092	-5.910597701980882	230.0	23	1.05	0.95				
	212	1	0.0	0.0	0.0	0.0	2	1.0239783913262388	-4.65756367214825	230.0	23	1.05	0.95				
	213	2	209.85597351929823	42.76310403789474	0.0	0.0	2	1.048744841885335	-2.0027254291193093	230.0	24	1.05	0.95				
	214	2	153.630410802807	30.88446402736842	0.0	0.0	2	1.05	-3.5530843211201972	230.0	26	1.05	0.95				
	215	2	251.0352588891228	50.68219737824561	0.0	0.0	2	1.044630588742678	4.768889383213094	230.0	26	1.05	0.95				
	216	2	79.19093340350877	15.838186680701755	0.0	0.0	2	1.0492304412824436	4.6810591172629	230.0	26	1.05	0.95				
	217	1	0.0	0.0	0.0	0.0	2	1.0492641789492747	7.883298144884715	230.0	27	1.05	0.95				
	218	2	263.7058082336842	53.84983471438597	0.0	0.0	2	1.05	8.586955018011338	230.0	27	1.05	0.95				
	219	1	143.3355894603509	29.300645359298244	0.0	0.0	2	1.043819793119085	4.133706491797733	230.0	25	1.05	0.95				
	220	1	101.36439475649122	20.589642684912278	0.0	0.0	2	1.0461694083575135	5.136419722141013	230.0	25	1.05	0.95				
	221	2	0.0	0.0	0.0	0.0	2	1.05	9.038577464713319	230.0	27	1.05	0.95				
	222	2	0.0	0.0	0.0	0.0	2	1.05	15.097214773902463	230.0	27	1.05	0.95				
	223	2	0.0	0.0	0.0	0.0	2	1.05	6.261151410162086	230.0	25	1.05	0.95				
	224	1	0.0	0.0	0.0	0.0	2	1.0225136237233239	0.22863249197726962	230.0	26	1.05	0.95				
	301	2	75.90066434526315	15.461246440701753	0.0	0.0	3	1.0146943206054626	-17.87930832971562	138.0	31	1.05	0.95				
	302	2	68.17004112491227	14.05567858245614	0.0	0.0	3	1.0132248773296322	-18.26385861102503	138.0	32	1.05	0.95				
	303	1	126.50110724210526	26.003005377543857	0.0	0.0	3	1.0220192876863037	-11.528065483787346	138.0	31	1.05	0.95				
	304	1	52.006010755087715	10.541758936842104	0.0	0.0	3	1.0077160000477627	-16.978574612748414	138.0	31	1.05	0.95				
	305	1	49.897658967719295	9.838975007719299	0.0	0.0	3	1.0228847867478847	-17.586999289075415	138.0	31	1.05	0.95				
	306	1	95.57861436070175	19.677950015438597	0.0	-100.0	3	1.0335483855398118	-18.206472461162814	138.0	32	1.05	0.95				
	307	2	87.84799114035087	17.569598228070173	0.0	0.0	3	1.0094042633472868	-19.601558482835433	138.0	32	1.05	0.95				
	308	1	120.17605187999997	24.597437519298243	0.0	0.0	3	1.0021317244914842	-19.470153150612727	138.0	32	1.05	0.95				
	309	1	122.98718759649121	25.300221448421052	0.0	0.0	3	1.0273825762906252	-13.054947608595365	138.0	33	1.05	0.95				
	310	1	137.04286617894738	28.11135716491228	0.0	0.0	3	1.05	-15.042744904671656	138.0	33	1.05	0.95				
	311	1	0.0	0.0	0.0	0.0	3	1.0207440436772381	-7.946907214772894	230.0	33	1.05	0.95				
	312	1	0.0	0.0	0.0	0.0	3	1.0189301163508913	-6.767656741695891	230.0	33	1.05	0.95				
	313	2	186.23774121754383	37.950332172631576	0.0	0.0	3	1.032241416772277	-3.55511536719469	230.0	34	1.05	0.95				
	314	2	136.34008224982455	27.408573235789476	0.0	0.0	3	1.031496633168928	-5.78862261659907	230.0	36	1.05	0.95				
	315	2	222.78250553192981	44.978171463859645	0.0	0.0	3	1.0479089241292898	0.41789484742451877	230.0	36	1.05	0.95				
	316	2	70.2783929122807	14.05567858245614	0.0	0.0	3	1.0469060820620222	0.581434284989422	230.0	36	1.05	0.95				
	317	1	0.0	0.0	0.0	0.0	3	1.0480743659960519	2.389541765857377	230.0	37	1.05	0.95				
	318	2	234.02704839789473	47.789307180350875	0.0	0.0	3	1.0477444130839353	2.5016526190680053	230.0	37	1.05	0.95				
	319	1	127.20389117122805	26.003005377543857	0.0	0.0	3	1.043346720365885	0.43125754914581765	230.0	35	1.05	0.95				
	320	1	89.95634292771929	18.272382157192983	0.0	0.0	3	1.0462827913663777	1.6163863222200239	230.0	35	1.05	0.95				
	321	2	0.0	0.0	0.0	0.0	3	1.05	3.7269373511927633	230.0	37	1.05	0.95				
	322	2	0.0	0.0	0.0	0.0	3	1.05	8.977443315750167	230.0	37	1.05	0.95				
	323	2	0.0	0.0	0.0	0.0	3	1.05	2.7429235968900536	230.0	35	1.05	0.95				
	324	1	0.0	0.0	0.0	0.0	3	1.0237861493315135	-3.6043815735953726	230.0	36	1.05	0.95				
	325	1	0.0	0.0	0.0	0.0	3	1.0478842870556189	3.5773111900448544	230.0	35	1.05	0.95				
];
