%% MATPOWER Case Format : Version 2
function mpc = RTS_GMLC
mpc.version = '2';

%%-----  Power Flow Data  -----%%
%% system MVA base
mpc.baseMVA = 100.0;
%% bus data
%    bus_i    type    Pd    Qd    Gs    Bs    area    Vm    Va    baseKV    zone    Vmax    Vmin
mpc.bus = [
	101	2	46.86590796631579	9.546759030175437	0.0	0.0	1	1.0182774752185066	2.7141249939682592	138.0	11	1.05	0.95				
	102	2	42.09252845122807	8.678871845614035	0.0	0.0	1	1.0170890953448217	2.418197427807233	138.0	12	1.05	0.95				
	103	1	78.10984661052632	16.055912914385964	0.0	0.0	1	1.0291396470222005	2.176643588731313	138.0	11	1.05	0.95				
	104	1	32.11182582877193	6.509153884210525	0.0	0.0	1	1.0148022012005884	-0.6749609749101877	138.0	11	1.05	0.95				
	105	1	30.80999505192982	6.075210291929825	0.0	0.0	1	1.0279004295674177	-0.5658317738900587	138.0	11	1.05	0.95				
	106	1	59.01632855017544	12.15042058385965	0.0	-100.0	1	1.0412930117674097	-2.8682106797666926	138.0	12	1.05	0.95				
	107	2	54.24294903508772	10.848589807017543	0.0	0.0	1	0.986946033468033	-9.407282797742582	138.0	12	1.05	0.95				
	108	1	74.20435427999999	15.188025729824558	0.0	0.0	1	0.995984201118159	-7.575786039555891	138.0	12	1.05	0.95				
	109	1	75.94012864912281	15.621969322105262	0.0	0.0	1	1.0261765279275132	-1.3959912393875549	138.0	13	1.05	0.95				
	110	1	84.61900049473684	17.35774369122807	0.0	0.0	1	1.05	-2.4656000573609838	138.0	13	1.05	0.95				
	111	1	0.0	0.0	0.0	0.0	1	1.0161380982928776	0.6603577282779386	230.0	13	1.05	0.95				
	112	1	0.0	0.0	0.0	0.0	1	1.0139633726372543	0.4419271093598208	230.0	13	1.05	0.95				
	113	3	114.99505195438596	23.432953983157894	0.0	0.0	1	0.9964268795359206	-4.7647013559522126e-32	230.0	14	1.05	0.95				
	114	2	84.18505690245614	16.923800098947368	0.0	0.0	1	1.0371407014410996	3.7903524994797584	230.0	16	1.05	0.95				
	115	2	137.56011875298245	27.77238990596491	0.0	0.0	1	1.0470947319232575	11.570488616483583	230.0	16	1.05	0.95				
	116	2	43.39435922807017	8.678871845614035	0.0	0.0	1	1.0485987186318466	10.861368582523996	230.0	16	1.05	0.95				
	117	1	0.0	0.0	0.0	0.0	1	1.0451230787361088	15.057923965319285	230.0	17	1.05	0.95				
	118	2	144.50321622947368	29.50816427508772	0.0	0.0	1	1.05	14.87843406663855	230.0	17	1.05	0.95				
	119	1	78.54379020280702	16.055912914385964	0.0	0.0	1	1.0461095915897707	8.433697627441774	230.0	15	1.05	0.95				
	120	1	55.54477981192982	11.282533399298247	0.0	0.0	1	1.0479361930889772	7.138355002090528	230.0	15	1.05	0.95				
	121	2	0.0	0.0	0.0	0.0	1	1.0409244005115803	15.804080283792779	230.0	17	1.05	0.95				
	122	2	0.0	0.0	0.0	0.0	1	1.05	33.78451864668899	230.0	17	1.05	0.95				
	123	2	0.0	0.0	0.0	0.0	1	1.049460750598138	6.747121295624237	230.0	15	1.05	0.95				
	124	1	0.0	0.0	0.0	0.0	1	1.0285232041910706	8.080000602410832	230.0	16	1.05	0.95				
	201	2	51.15252637894737	10.419959077192981	0.0	0.0	2	1.0239213690243154	-11.207437324257548	138.0	21	1.05	0.95				
	202	2	45.94254684035087	9.472690070175439	0.0	0.0	2	1.0249869124177935	-11.033214361811059	138.0	22	1.05	0.95				
	203	1	85.25421063157894	17.52447662982456	0.0	0.0	2	1.0142255412720829	-9.546529069515937	138.0	21	1.05	0.95				
	204	1	35.04895325964912	7.104517552631578	0.0	0.0	2	1.016109296631107	-12.634675986572631	138.0	21	1.05	0.95				
	205	1	33.6280497491228	6.630883049122807	0.0	0.0	2	1.031091890760376	-12.996292043597379	138.0	21	1.05	0.95				
	206	1	64.41429247719299	13.261766098245614	0.0	-100.0	2	1.042881794199464	-14.419069725641533	138.0	22	1.05	0.95				
	207	2	59.204312938596495	11.840862587719297	0.0	0.0	2	0.9900685788248357	-21.237214053374586	138.0	22	1.05	0.95				
	208	1	80.9915001	16.577207622807016	0.0	0.0	2	0.9951413563287972	-19.0577593345755	138.0	22	1.05	0.95				
	209	1	82.88603811403507	17.05084212631579	0.0	0.0	2	1.022544777601523	-11.997134447699382	138.0	23	1.05	0.95				
	210	1	92.35872818421052	18.945380140350878	0.0	0.0	2	1.05	-13.288335026420885	138.0	23	1.05	0.95				
	211	1	0.0	0.0	0.0	0.0	2	1.0092316026695876	-9.0333962402493	230.0	23	1.05	0.95				
	212	1	0.0	0.0	0.0	0.0	2	1.0105133400273623	-8.36263607033412	230.0	23	1.05	0.95				
	213	2	125.51314342982455	25.576263189473686	0.0	0.0	2	1.004684637768044	-7.930358028094501	230.0	24	1.05	0.95				
	214	2	91.88509368070174	18.471745636842105	0.0	0.0	2	1.0144100745479645	-6.321626555241859	230.0	26	1.05	0.95				
	215	2	150.1421376122807	30.312608224561405	0.0	0.0	2	1.0306423097381654	0.601299624508154	230.0	26	1.05	0.95				
	216	2	47.36345035087719	9.472690070175439	0.0	0.0	2	1.0338985594631354	0.3675280451741719	230.0	26	1.05	0.95				
	217	1	0.0	0.0	0.0	0.0	2	1.0403601427238185	3.036367881939876	230.0	27	1.05	0.95				
	218	2	157.72028966842103	32.20714623859649	0.0	0.0	2	1.0398494510076624	2.9156557547853947	230.0	27	1.05	0.95				
	219	1	85.72784513508772	17.52447662982456	0.0	0.0	2	1.0327756386535725	-0.2715140836800106	230.0	25	1.05	0.95				
	220	1	60.62521644912281	12.31449709122807	0.0	0.0	2	1.0351776774167805	0.08436434224775494	230.0	25	1.05	0.95				
	221	2	0.0	0.0	0.0	0.0	2	1.03903519228272	2.9278372687504093	230.0	27	1.05	0.95				
	222	2	0.0	0.0	0.0	0.0	2	1.05	9.472856914656834	230.0	27	1.05	0.95				
	223	2	0.0	0.0	0.0	0.0	2	1.0373172461389404	0.6357345161056002	230.0	25	1.05	0.95				
	224	1	0.0	0.0	0.0	0.0	2	1.0119502339889705	-3.1763836076392113	230.0	26	1.05	0.95				
	301	2	68.2644732631579	13.905726035087717	0.0	0.0	3	1.012846018796879	-31.569807160201126	138.0	31	1.05	0.95				
	302	2	61.311610245614034	12.641569122807017	0.0	0.0	3	1.012086371129229	-31.75911229444397	138.0	32	1.05	0.95				
	303	1	113.77412210526316	23.38690287719298	0.0	0.0	3	1.0215687796207789	-22.338974597564956	138.0	31	1.05	0.95				
	304	1	46.77380575438596	9.481176842105263	0.0	0.0	3	1.0074556711034952	-29.620514544178885	138.0	31	1.05	0.95				
	305	1	44.87757038596491	8.849098385964913	0.0	0.0	3	1.022722694014308	-30.738279612873075	138.0	31	1.05	0.95				
	306	1	85.96267003508771	17.698196771929826	0.0	-100.0	3	1.035328507055003	-30.967782746717546	138.0	32	1.05	0.95				
	307	2	79.00980701754385	15.801961403508772	0.0	0.0	3	0.9863328566038789	-38.402851929293654	138.0	32	1.05	0.95				
	308	1	108.085416	22.122745964912276	0.0	0.0	3	0.9863132644434396	-35.345889517284114	138.0	32	1.05	0.95				
	309	1	110.61372982456139	22.75482442105263	0.0	0.0	3	1.026240834067521	-25.288797892502537	138.0	33	1.05	0.95				
	310	1	123.25529894736842	25.283138245614033	0.0	0.0	3	1.05	-27.87885734704229	138.0	33	1.05	0.95				
	311	1	0.0	0.0	0.0	0.0	3	1.0246004898796413	-19.534802935597213	230.0	33	1.05	0.95				
	312	1	0.0	0.0	0.0	0.0	3	1.018774314174507	-19.078215373517562	230.0	33	1.05	0.95				
	313	2	167.50079087719297	34.13223663157895	0.0	0.0	3	1.0355128643344527	-15.8637027329674	230.0	34	1.05	0.95				
	314	2	122.62322049122807	24.651059789473685	0.0	0.0	3	1.0444137129472555	-15.905113974095078	230.0	36	1.05	0.95				
	315	2	200.36887059649123	40.453021192982455	0.0	0.0	3	1.047940710156393	-7.936102620018902	230.0	36	1.05	0.95				
	316	2	63.20784561403509	12.641569122807017	0.0	0.0	3	1.0485701747810754	-6.871369762449991	230.0	36	1.05	0.95				
	317	1	0.0	0.0	0.0	0.0	3	1.05	-1.4236215873180955	230.0	37	1.05	0.95				
	318	2	210.48212589473684	42.981335017543856	0.0	0.0	3	1.0413573806118968	-3.3725514959927128	230.0	37	1.05	0.95				
	319	1	114.40620056140351	23.38690287719298	0.0	0.0	3	1.044919995473503	-8.616125263720463	230.0	35	1.05	0.95				
	320	1	80.90604238596491	16.434039859649122	0.0	0.0	3	1.047303839763292	-8.951927879848801	230.0	35	1.05	0.95				
	321	2	0.0	0.0	0.0	0.0	3	1.0449531820354527	-4.288300709354626	230.0	37	1.05	0.95				
	322	2	0.0	0.0	0.0	0.0	3	1.05	1.1780557802643594	230.0	37	1.05	0.95				
	323	2	0.0	0.0	0.0	0.0	3	1.05	-8.674875832170198	230.0	35	1.05	0.95				
	324	1	0.0	0.0	0.0	0.0	3	1.0195046777845103	-13.25900620894372	230.0	36	1.05	0.95				
	325	1	0.0	0.0	0.0	0.0	3	1.0387680568058	-6.732731987051773	230.0	35	1.05	0.95				
];
