%% MATPOWER Case Format : Version 2
function mpc = RTS_GMLC
mpc.version = '2';

%%-----  Power Flow Data  -----%%
%% system MVA base
mpc.baseMVA = 100.0;
%% bus data
%    bus_i    type    Pd    Qd    Gs    Bs    area    Vm    Va    baseKV    zone    Vmax    Vmin
mpc.bus = [
	101	2	41.73577438736842	8.501731819649123	0.0	0.0	1	1.0108530655454213	0.9211204727869023	138.0	11	1.05	0.95				
	102	2	37.48490847754386	7.72884710877193	0.0	0.0	1	1.0087445565989819	0.2892510249295725	138.0	12	1.05	0.95				
	103	1	69.55962397894737	14.298367151228069	0.0	0.0	1	1.0239274728905705	3.132501634086721	138.0	11	1.05	0.95				
	104	1	28.596734302456138	5.796635331578948	0.0	0.0	1	1.0112177213697209	-1.7050983929612764	138.0	11	1.05	0.95				
	105	1	27.43740723614035	5.410192976140352	0.0	0.0	1	1.0251591346798488	-1.748917164099289	138.0	11	1.05	0.95				
	106	1	52.556160339649125	10.820385952280704	0.0	-100.0	1	1.0411084577882186	-3.759906093120071	138.0	12	1.05	0.95				
	107	2	48.30529442982456	9.661058885964913	0.0	0.0	1	0.9839708301328064	-11.620800632728272	138.0	12	1.05	0.95				
	108	1	66.08164278000001	13.525482440350878	0.0	0.0	1	0.9941305043153706	-8.89127821940197	138.0	12	1.05	0.95				
	109	1	67.6274122017544	13.911924795789474	0.0	0.0	1	1.0240862658686987	-1.7071203830872745	138.0	13	1.05	0.95				
	110	1	75.35625931052633	15.45769421754386	0.0	0.0	1	1.05	-3.163830201430611	138.0	13	1.05	0.95				
	111	1	0.0	0.0	0.0	0.0	1	1.015917661168732	0.8605993150754393	230.0	13	1.05	0.95				
	112	1	0.0	0.0	0.0	0.0	1	1.0131299256580983	-0.5172936750039708	230.0	13	1.05	0.95				
	113	3	102.40722419122807	20.86788719368421	0.0	0.0	1	0.9966082569290631	1.0424405523980848e-30	230.0	14	1.05	0.95				
	114	2	74.96981695508772	15.071251862105264	0.0	0.0	1	1.0402144972069096	4.832576028296663	230.0	16	1.05	0.95				
	115	2	122.5022266740351	24.732310748070176	0.0	0.0	1	1.037215523310923	15.100829044387524	230.0	16	1.05	0.95				
	116	2	38.64423554385965	7.72884710877193	0.0	0.0	1	1.0366414421361243	12.964029955688154	230.0	16	1.05	0.95				
	117	1	0.0	0.0	0.0	0.0	1	1.0362642381936527	19.461975049581778	230.0	17	1.05	0.95				
	118	2	128.68530436105263	26.278080169824563	0.0	0.0	1	1.0458361193946528	20.25264232891846	230.0	17	1.05	0.95				
	119	1	69.94606633438597	14.298367151228069	0.0	0.0	1	1.0323594631333404	8.077079482976469	230.0	15	1.05	0.95				
	120	1	49.46462149614035	10.04750124140351	0.0	0.0	1	1.0365001488283234	4.578036486452696	230.0	15	1.05	0.95				
	121	2	0.0	0.0	0.0	0.0	1	1.0404113229113612	21.979315108542412	230.0	17	1.05	0.95				
	122	2	0.0	0.0	0.0	0.0	1	1.05	39.963859889909706	230.0	17	1.05	0.95				
	123	2	0.0	0.0	0.0	0.0	1	1.0401808431126363	2.9564723349174904	230.0	15	1.05	0.95				
	124	1	0.0	0.0	0.0	0.0	1	1.017293466406124	10.627835634287159	230.0	16	1.05	0.95				
	201	2	47.446560682105265	9.665040138947369	0.0	0.0	2	1.0071212219707655	-20.150845762604803	138.0	21	1.05	0.95				
	202	2	42.614040612631584	8.78640012631579	0.0	0.0	2	1.0063545352495376	-20.47975879794336	138.0	22	1.05	0.95				
	203	1	79.07760113684212	16.254840233684213	0.0	0.0	2	1.0095419776313246	-14.63028195531845	138.0	21	1.05	0.95				
	204	1	32.509680467368426	6.589800094736842	0.0	0.0	2	1.00791917364533	-20.041636422119648	138.0	21	1.05	0.95				
	205	1	31.19172044842105	6.1504800884210535	0.0	0.0	2	1.0231011270159864	-20.624482792422086	138.0	21	1.05	0.95				
	206	1	59.747520858947375	12.300960176842107	0.0	-100.0	2	1.0397292692106066	-21.432888880920377	138.0	22	1.05	0.95				
	207	2	54.91500078947369	10.983000157894738	0.0	0.0	2	0.9898800325256908	-26.67464704072288	138.0	22	1.05	0.95				
	208	1	75.12372108000001	15.37620022105263	0.0	0.0	2	0.9963985169955395	-24.68367999946091	138.0	22	1.05	0.95				
	209	1	76.88100110526315	15.81552022736842	0.0	0.0	2	1.0222231447765275	-17.859395785752675	138.0	23	1.05	0.95				
	210	1	85.66740123157895	17.57280025263158	0.0	0.0	2	1.05	-19.67849527928978	138.0	23	1.05	0.95				
	211	1	0.0	0.0	0.0	0.0	2	1.0105058671279008	-14.65171799161659	230.0	23	1.05	0.95				
	212	1	0.0	0.0	0.0	0.0	2	1.0146405022733267	-14.08204735050514	230.0	23	1.05	0.95				
	213	2	116.41980167368422	23.723280341052632	0.0	0.0	2	1.011583290719016	-13.428686418527636	230.0	24	1.05	0.95				
	214	2	85.22808122526317	17.13348024631579	0.0	0.0	2	1.0141345286528944	-11.550559573295686	230.0	26	1.05	0.95				
	215	2	139.26444200210526	28.116480404210524	0.0	0.0	2	1.0284728927989968	-3.879297484869827	230.0	26	1.05	0.95				
	216	2	43.93200063157895	8.78640012631579	0.0	0.0	2	1.032704220045115	-4.534901723492151	230.0	26	1.05	0.95				
	217	1	0.0	0.0	0.0	0.0	2	1.0361012203489084	-2.249002424497308	230.0	27	1.05	0.95				
	218	2	146.29356210315788	29.873760429473688	0.0	0.0	2	1.0344745537014928	-2.850289602070319	230.0	27	1.05	0.95				
	219	1	79.5169211431579	16.254840233684213	0.0	0.0	2	1.0378647397153713	-5.328912396286921	230.0	25	1.05	0.95				
	220	1	56.23296080842105	11.422320164210527	0.0	0.0	2	1.0453217868828377	-5.175470095125666	230.0	25	1.05	0.95				
	221	2	0.0	0.0	0.0	0.0	2	1.0350770152206907	-2.3891591313361435	230.0	27	1.05	0.95				
	222	2	0.0	0.0	0.0	0.0	2	1.05	4.164117733384297	230.0	27	1.05	0.95				
	223	2	0.0	0.0	0.0	0.0	2	1.05	-4.769444959243636	230.0	25	1.05	0.95				
	224	1	0.0	0.0	0.0	0.0	2	1.008134351232059	-7.872771329589522	230.0	26	1.05	0.95				
	301	2	55.4520721263158	11.295792470175439	0.0	0.0	3	1.0316377907227814	9.386607054146085	138.0	31	1.05	0.95				
	302	2	49.80417589122807	10.268902245614036	0.0	0.0	3	1.0272550479151685	9.046285322710139	138.0	32	1.05	0.95				
	303	1	92.42012021052632	18.997469154385964	0.0	0.0	3	1.05	25.445497295464484	138.0	31	1.05	0.95				
	304	1	37.99493830877193	7.701676684210526	0.0	0.0	3	1.010236208283715	10.704001636802433	138.0	31	1.05	0.95				
	305	1	36.45460297192982	7.188231571929826	0.0	0.0	3	1.0302896267770258	8.177458148545076	138.0	31	1.05	0.95				
	306	1	69.82853527017545	14.376463143859652	0.0	-100.0	3	1.035766910859087	6.8962466164552145	138.0	32	1.05	0.95				
	307	2	64.18063903508772	12.836127807017544	0.0	0.0	3	0.95	3.2958335132374157	138.0	32	1.05	0.95				
	308	1	87.7991142	17.97057892982456	0.0	0.0	3	0.9664745995022215	5.088475724695057	138.0	32	1.05	0.95				
	309	1	89.8528946491228	18.48402404210526	0.0	0.0	3	1.0133860983754186	14.224776805031874	138.0	33	1.05	0.95				
	310	1	100.12179689473683	20.537804491228073	0.0	0.0	3	1.0412517342220435	8.592354078269764	138.0	33	1.05	0.95				
	311	1	0.0	0.0	0.0	0.0	3	0.9995919802750903	13.320263960273603	230.0	33	1.05	0.95				
	312	1	0.0	0.0	0.0	0.0	3	1.0047262626324387	13.795794538586096	230.0	33	1.05	0.95				
	313	2	136.06295475438597	27.7260360631579	0.0	0.0	3	1.001164930732063	15.649350923901197	230.0	34	1.05	0.95				
	314	2	99.60835178245614	20.02435937894737	0.0	0.0	3	0.9950109563739067	13.309437520318715	230.0	36	1.05	0.95				
	315	2	162.76210059298245	32.860487185964914	0.0	0.0	3	1.0472882940861163	16.58559322060073	230.0	36	1.05	0.95				
	316	2	51.344511228070175	10.268902245614036	0.0	0.0	3	1.0316407583060456	16.39252246819443	230.0	36	1.05	0.95				
	317	1	0.0	0.0	0.0	0.0	3	1.05	20.6174805238079	230.0	37	1.05	0.95				
	318	2	170.9772223894737	34.914267635087725	0.0	0.0	3	1.0479930150767838	16.992778834432027	230.0	37	1.05	0.95				
	319	1	92.93356532280703	18.997469154385964	0.0	0.0	3	1.0207525853422572	15.300142004324814	230.0	35	1.05	0.95				
	320	1	65.72097437192983	13.349572919298247	0.0	0.0	3	1.0153496387239467	15.349672061407395	230.0	35	1.05	0.95				
	321	2	0.0	0.0	0.0	0.0	3	1.05	17.52492872632517	230.0	37	1.05	0.95				
	322	2	0.0	0.0	0.0	0.0	3	1.05	23.08672684385178	230.0	37	1.05	0.95				
	323	2	0.0	0.0	0.0	0.0	3	1.0133846746591402	15.781550487357803	230.0	35	1.05	0.95				
	324	1	0.0	0.0	0.0	0.0	3	1.0454498826136973	19.973991466973818	230.0	36	1.05	0.95				
	325	1	0.0	0.0	0.0	0.0	3	1.0149696169164804	16.32428968378125	230.0	35	1.05	0.95				
];
