%% MATPOWER Case Format : Version 2
function mpc = RTS_GMLC
mpc.version = '2';

%%-----  Power Flow Data  -----%%
%% system MVA base
mpc.baseMVA = 100.0;
%% bus data
%    bus_i    type    Pd    Qd    Gs    Bs    area    Vm    Va    baseKV    zone    Vmax    Vmin
mpc.bus = [
	101	2	37.01979218273684	7.541068777964913	0.0	0.0	1	1.0328202090688754	4.101838850264472	138.0	11	1.05	0.95				
	102	2	33.24925779375438	6.855517070877193	0.0	0.0	1	1.0319191817909323	3.844408197867434	138.0	12	1.05	0.95				
	103	1	61.699653637894734	12.682706581122808	0.0	0.0	1	1.0315186786986617	2.2408357194750783	138.0	11	1.05	0.95				
	104	1	25.365413162245616	5.141637803157895	0.0	0.0	1	1.02228172106166	0.641728548221104	138.0	11	1.05	0.95				
	105	1	24.337085601614035	4.798861949614035	0.0	0.0	1	1.0365394759955116	0.8992722369293175	138.0	11	1.05	0.95				
	106	1	46.617516081964915	9.59772389922807	0.0	-100.0	1	1.0474479297032229	-1.2980301167577233	138.0	12	1.05	0.95				
	107	2	42.84698169298245	8.56939633859649	0.0	0.0	1	1.000147317486553	-7.061095201300371	138.0	12	1.05	0.95				
	108	1	58.61467095599999	11.997154874035086	0.0	0.0	1	1.006721454007223	-5.519015123010028	138.0	12	1.05	0.95				
	109	1	59.985774370175434	12.339930727578945	0.0	0.0	1	1.0245883784558723	-0.5834058970222368	138.0	13	1.05	0.95				
	110	1	66.84129144105263	13.711034141754386	0.0	0.0	1	1.05	-1.2636985436836379	138.0	13	1.05	0.95				
	111	1	0.0	0.0	0.0	0.0	1	1.0013773901855871	0.7140522660531	230.0	13	1.05	0.95				
	112	1	0.0	0.0	0.0	0.0	1	1.0064688464116964	0.597295634980174	230.0	13	1.05	0.95				
	113	3	90.83560118912281	18.50989609136842	0.0	0.0	1	0.989618727906975	-1.9805619586049383e-28	230.0	14	1.05	0.95				
	114	2	66.49851558750876	13.368258288210527	0.0	0.0	1	0.9985215067340946	3.108203189019575	230.0	16	1.05	0.95				
	115	2	108.6599455734035	21.937654626807017	0.0	0.0	1	1.0381374790986484	8.798916167709818	230.0	16	1.05	0.95				
	116	2	34.27758535438596	6.855517070877193	0.0	0.0	1	1.0338976645045606	8.37892135222633	230.0	16	1.05	0.95				
	117	1	0.0	0.0	0.0	0.0	1	1.0415503838294364	11.189266533959447	230.0	17	1.05	0.95				
	118	2	114.14435923010527	23.308758040982458	0.0	0.0	1	1.0462583116136472	11.176644167776546	230.0	17	1.05	0.95				
	119	1	62.0424294914386	12.682706581122808	0.0	0.0	1	1.025343371938781	6.608693555906197	230.0	15	1.05	0.95				
	120	1	43.875309253614034	8.912172192140352	0.0	0.0	1	1.0203904441633334	5.725820226604888	230.0	15	1.05	0.95				
	121	2	0.0	0.0	0.0	0.0	1	1.05	11.960241079054878	230.0	17	1.05	0.95				
	122	2	0.0	0.0	0.0	0.0	1	1.05	22.621990136455278	230.0	17	1.05	0.95				
	123	2	0.0	0.0	0.0	0.0	1	1.0177975142277147	5.507649139328665	230.0	15	1.05	0.95				
	124	1	0.0	0.0	0.0	0.0	1	1.0269027329337994	6.338766811841984	230.0	16	1.05	0.95				
	201	2	40.34062648421053	8.217535024561402	0.0	0.0	2	1.0201164678778967	-9.245724284291725	138.0	21	1.05	0.95				
	202	2	36.23185897192982	7.470486385964913	0.0	0.0	2	1.0202667310953997	-9.261060524224993	138.0	22	1.05	0.95				
	203	1	67.2343774736842	13.820399814035087	0.0	0.0	2	1.0160746205602225	-7.4126088624696	138.0	21	1.05	0.95				
	204	1	27.640799628070173	5.602864789473683	0.0	0.0	2	1.0159357679046703	-10.188900827184007	138.0	21	1.05	0.95				
	205	1	26.520226670175433	5.229340470175439	0.0	0.0	2	1.0306458165063435	-10.488931865986242	138.0	21	1.05	0.95				
	206	1	50.799307424561405	10.458680940350877	0.0	-100.0	2	1.0448111614803972	-11.58576302504438	138.0	22	1.05	0.95				
	207	2	46.6905399122807	9.33810798245614	0.0	0.0	2	0.9942768752731175	-16.582157673060397	138.0	22	1.05	0.95				
	208	1	63.8726586	13.073351175438594	0.0	0.0	2	1.0016943129563842	-14.935815155627585	138.0	22	1.05	0.95				
	209	1	65.36675587719299	13.44687549473684	0.0	0.0	2	1.022405534751279	-9.397165747879304	138.0	23	1.05	0.95				
	210	1	72.83724226315789	14.940972771929825	0.0	0.0	2	1.05	-10.53917199636345	138.0	23	1.05	0.95				
	211	1	0.0	0.0	0.0	0.0	2	1.0028216573307558	-6.979899845395811	230.0	23	1.05	0.95				
	212	1	0.0	0.0	0.0	0.0	2	1.0070587803366704	-6.391402214631882	230.0	23	1.05	0.95				
	213	2	98.98394461403508	20.170313242105266	0.0	0.0	2	0.9964588744846963	-5.962960339033955	230.0	24	1.05	0.95				
	214	2	72.46371794385963	14.567448452631579	0.0	0.0	2	1.0011513407039443	-4.742204006862603	230.0	26	1.05	0.95				
	215	2	118.40720921754384	23.905556435087718	0.0	0.0	2	1.0183257246780877	0.8394270079731303	230.0	26	1.05	0.95				
	216	2	37.35243192982456	7.470486385964913	0.0	0.0	2	1.0200928306356862	0.672858773940564	230.0	26	1.05	0.95				
	217	1	0.0	0.0	0.0	0.0	2	1.0250179411739384	2.4456250576590817	230.0	27	1.05	0.95				
	218	2	124.38359832631578	25.399653712280703	0.0	0.0	2	1.0243625570555992	1.9619235729321542	230.0	27	1.05	0.95				
	219	1	67.60790179298245	13.820399814035087	0.0	0.0	2	1.0213598510155744	0.26370373656357915	230.0	25	1.05	0.95				
	220	1	47.811112870175435	9.711632301754387	0.0	0.0	2	1.0247053952789296	0.6467795219015904	230.0	25	1.05	0.95				
	221	2	0.0	0.0	0.0	0.0	2	1.0259857984826046	2.394761770768734	230.0	27	1.05	0.95				
	222	2	0.0	0.0	0.0	0.0	2	1.0480935069606894	8.928746314982472	230.0	27	1.05	0.95				
	223	2	0.0	0.0	0.0	0.0	2	1.026929774094483	1.1449554970213405	230.0	25	1.05	0.95				
	224	1	0.0	0.0	0.0	0.0	2	1.0072139853702078	-2.275007699349427	230.0	26	1.05	0.95				
	301	2	46.07339449263158	9.385321100350875	0.0	0.0	3	1.006383785535252	-21.88648039526077	138.0	31	1.05	0.95				
	302	2	41.38073394245613	8.53211009122807	0.0	0.0	3	1.006282061350363	-21.997557877502878	138.0	32	1.05	0.95				
	303	1	76.78899082105262	15.784403668771926	0.0	0.0	3	1.0234134318795738	-16.628688297993783	138.0	31	1.05	0.95				
	304	1	31.568807337543852	6.399082568421051	0.0	0.0	3	1.0098279953133071	-20.59718323831877	138.0	31	1.05	0.95				
	305	1	30.288990823859642	5.97247706385965	0.0	0.0	3	1.0226344207462288	-21.299949612128334	138.0	31	1.05	0.95				
	306	1	58.01834862035087	11.9449541277193	0.0	-100.0	3	1.0400743677258595	-21.48477636010799	138.0	32	1.05	0.95				
	307	2	53.32568807017544	10.665137614035086	0.0	0.0	3	0.9929615729135793	-26.146096429194003	138.0	32	1.05	0.95				
	308	1	72.94954127999999	14.93119265964912	0.0	0.0	3	0.9995732723543181	-24.22978428490142	138.0	32	1.05	0.95				
	309	1	74.6559632982456	15.357798164210523	0.0	0.0	3	1.026056220828541	-17.704272691815397	138.0	33	1.05	0.95				
	310	1	83.18807338947367	17.06422018245614	0.0	0.0	3	1.05	-19.34027651953487	138.0	33	1.05	0.95				
	311	1	0.0	0.0	0.0	0.0	3	1.0082842365433105	-13.714438797413713	230.0	33	1.05	0.95				
	312	1	0.0	0.0	0.0	0.0	3	1.0121494822246457	-13.01287041921989	230.0	33	1.05	0.95				
	313	2	113.05045870877191	23.03669724631579	0.0	0.0	3	1.012075802346146	-10.005670852337508	230.0	34	1.05	0.95				
	314	2	82.76146788491226	16.637614677894735	0.0	0.0	3	1.0083707083232338	-12.060813591119127	230.0	36	1.05	0.95				
	315	2	135.23394494596488	27.30275229192982	0.0	0.0	3	1.0326771052210593	-7.958299351899724	230.0	36	1.05	0.95				
	316	2	42.66055045614034	8.53211009122807	0.0	0.0	3	1.0326048754504187	-7.188214886314857	230.0	36	1.05	0.95				
	317	1	0.0	0.0	0.0	0.0	3	1.0386149298432843	-4.932090765938708	230.0	37	1.05	0.95				
	318	2	142.05963301894735	29.009174310175435	0.0	0.0	3	1.0362555802070246	-5.442015182684782	230.0	37	1.05	0.95				
	319	1	77.21559632561402	15.784403668771926	0.0	0.0	3	1.0309622560059672	-7.501562625498671	230.0	35	1.05	0.95				
	320	1	54.60550458385964	11.09174311859649	0.0	0.0	3	1.0323405033456832	-6.948828860007735	230.0	35	1.05	0.95				
	321	2	0.0	0.0	0.0	0.0	3	1.0372827950504881	-5.736282860032837	230.0	37	1.05	0.95				
	322	2	0.0	0.0	0.0	0.0	3	1.0499999897105612	-1.1102702051905702	230.0	37	1.05	0.95				
	323	2	0.0	0.0	0.0	0.0	3	1.0337596722142948	-6.321078702383871	230.0	35	1.05	0.95				
	324	1	0.0	0.0	0.0	0.0	3	1.018336413885592	-11.206987784769694	230.0	36	1.05	0.95				
	325	1	0.0	0.0	0.0	0.0	3	1.02877520508667	-4.801793408988852	230.0	35	1.05	0.95				
];
