%% MATPOWER Case Format : Version 2
function mpc = RTS_GMLC
mpc.version = '2';

%%-----  Power Flow Data  -----%%
%% system MVA base
mpc.baseMVA = 100.0;
%% bus data
%    bus_i    type    Pd    Qd    Gs    Bs    area    Vm    Va    baseKV    zone    Vmax    Vmin
mpc.bus = [
	101	2	40.76051460631579	8.303067790175438	0.0	0.0	1	1.0323483639100195	3.554179062775631	138.0	11	1.05	0.95				
	102	2	36.60898071122807	7.548243445614035	0.0	0.0	1	1.031424216021201	3.2821917752285734	138.0	12	1.05	0.95				
	103	1	67.93419101052632	13.964250374385964	0.0	0.0	1	1.0310325785656982	2.3145122992529	138.0	11	1.05	0.95				
	104	1	27.928500748771928	5.6611825842105254	0.0	0.0	1	1.021470143419216	0.1796613130486379	138.0	11	1.05	0.95				
	105	1	26.796264231929822	5.283770411929824	0.0	0.0	1	1.035878065195997	0.3711880009360811	138.0	11	1.05	0.95				
	106	1	51.32805543017543	10.567540823859648	0.0	-100.0	1	1.0464036112729185	-1.844969579650873	138.0	12	1.05	0.95				
	107	2	47.176521535087716	9.435304307017542	0.0	0.0	1	0.9998091372768633	-7.801931319150165	138.0	12	1.05	0.95				
	108	1	64.53748146	13.20942602982456	0.0	0.0	1	1.005300219617964	-6.188912584374912	138.0	12	1.05	0.95				
	109	1	66.04713014912281	13.58683820210526	0.0	0.0	1	1.0245764425611663	-0.8224521782028104	138.0	13	1.05	0.95				
	110	1	73.59537359473684	15.09648689122807	0.0	0.0	1	1.05	-1.6614837430989966	138.0	13	1.05	0.95				
	111	1	0.0	0.0	0.0	0.0	1	1.0029128819929154	0.7368178931725025	230.0	13	1.05	0.95				
	112	1	0.0	0.0	0.0	0.0	1	1.007715251838448	0.5804718974446087	230.0	13	1.05	0.95				
	113	3	100.01422565438595	20.380257303157894	0.0	0.0	1	0.992434595046664	1.1230352423188453e-30	230.0	14	1.05	0.95				
	114	2	73.21796142245614	14.719074718947367	0.0	0.0	1	1.0015370149957523	3.4835614109939916	230.0	16	1.05	0.95				
	115	2	119.63965861298244	24.15437902596491	0.0	0.0	1	1.0396844234059983	10.046429510509572	230.0	16	1.05	0.95				
	116	2	37.74121722807017	7.548243445614035	0.0	0.0	1	1.036144229637792	9.466473577219753	230.0	16	1.05	0.95				
	117	1	0.0	0.0	0.0	0.0	1	1.0422666996764967	12.693816941194966	230.0	17	1.05	0.95				
	118	2	125.67825336947367	25.664027715087716	0.0	0.0	1	1.0469264460804542	12.810529085139512	230.0	17	1.05	0.95				
	119	1	68.31160318280702	13.964250374385964	0.0	0.0	1	1.0277142466137938	7.444726257813776	230.0	15	1.05	0.95				
	120	1	48.30875805192982	9.812716479298246	0.0	0.0	1	1.0234574319456315	6.40509144564319	230.0	15	1.05	0.95				
	121	2	0.0	0.0	0.0	0.0	1	1.05	13.795450632293722	230.0	17	1.05	0.95				
	122	2	0.0	0.0	0.0	0.0	1	1.05	24.86831360537871	230.0	17	1.05	0.95				
	123	2	0.0	0.0	0.0	0.0	1	1.0214139651248262	6.12469623333548	230.0	15	1.05	0.95				
	124	1	0.0	0.0	0.0	0.0	1	1.0265049885320223	7.149301202560439	230.0	16	1.05	0.95				
	201	2	43.26459938526316	8.813159134035088	0.0	0.0	2	1.0225879826937185	-9.387101480669465	138.0	21	1.05	0.95				
	202	2	38.85801981824561	8.011962849122806	0.0	0.0	2	1.023050099061886	-9.327502864676159	138.0	22	1.05	0.95				
	203	1	72.10766564210527	14.822131270877193	0.0	0.0	2	1.0162531525905838	-7.875791288976429	138.0	21	1.05	0.95				
	204	1	29.644262541754387	6.008972136842105	0.0	0.0	2	1.0167111019563952	-10.506129968852346	138.0	21	1.05	0.95				
	205	1	28.44246811438596	5.608373994385965	0.0	0.0	2	1.0315048251804673	-10.803101021393998	138.0	21	1.05	0.95				
	206	1	54.481347374035096	11.21674798877193	0.0	-100.0	2	1.0446541878570854	-11.996222450164796	138.0	22	1.05	0.95				
	207	2	50.07476780701754	10.014953561403509	0.0	0.0	2	0.9938377219052356	-17.529440907087025	138.0	22	1.05	0.95				
	208	1	68.50228236	14.020934985964912	0.0	0.0	2	1.0003836369061252	-15.738729026662327	138.0	22	1.05	0.95				
	209	1	70.10467492982457	14.421533128421052	0.0	0.0	2	1.0225169738290882	-9.814324502658938	138.0	23	1.05	0.95				
	210	1	78.11663777894736	16.023925698245613	0.0	0.0	2	1.05	-10.946522826846758	138.0	23	1.05	0.95				
	211	1	0.0	0.0	0.0	0.0	2	1.0039630373106299	-7.272378405683228	230.0	23	1.05	0.95				
	212	1	0.0	0.0	0.0	0.0	2	1.0072381172373175	-6.565554792650349	230.0	23	1.05	0.95				
	213	2	106.15850775087719	21.63229969263158	0.0	0.0	2	0.9981777826799416	-6.147503335734326	230.0	24	1.05	0.95				
	214	2	77.71603963649122	15.623327555789473	0.0	0.0	2	1.0032391491184638	-5.020240203212605	230.0	26	1.05	0.95				
	215	2	126.98961115859649	25.638281117192985	0.0	0.0	2	1.0201401721635552	0.6921175570599453	230.0	26	1.05	0.95				
	216	2	40.059814245614035	8.011962849122806	0.0	0.0	2	1.0217029942822393	0.592762198289728	230.0	26	1.05	0.95				
	217	1	0.0	0.0	0.0	0.0	2	1.0269124776285101	2.421865113311816	230.0	27	1.05	0.95				
	218	2	133.39918143789473	27.240673687017548	0.0	0.0	2	1.026221583911019	1.85745187302635	230.0	27	1.05	0.95				
	219	1	72.5082637845614	14.822131270877193	0.0	0.0	2	1.0221357932814938	0.3401878324881974	230.0	25	1.05	0.95				
	220	1	51.27656223438597	10.415551703859649	0.0	0.0	2	1.025068149419266	0.9096576768922053	230.0	25	1.05	0.95				
	221	2	0.0	0.0	0.0	0.0	2	1.027837742560683	2.277100126429504	230.0	27	1.05	0.95				
	222	2	0.0	0.0	0.0	0.0	2	1.0499585132141107	8.824382588077762	230.0	27	1.05	0.95				
	223	2	0.0	0.0	0.0	0.0	2	1.0272472297215614	1.5301956936869576	230.0	25	1.05	0.95				
	224	1	0.0	0.0	0.0	0.0	2	1.0080584864154127	-2.5362236671599505	230.0	26	1.05	0.95				
	301	2	52.29167983578948	10.652008855438599	0.0	0.0	3	1.0124982259728657	-11.20708155501813	138.0	31	1.05	0.95				
	302	2	46.965675408070176	9.68364441403509	0.0	0.0	3	1.0114352569093845	-11.455438780633546	138.0	32	1.05	0.95				
	303	1	87.1527997263158	17.914742165964913	0.0	0.0	3	1.0448004661276187	-0.046284986186211824	138.0	31	1.05	0.95				
	304	1	35.82948433192983	7.2627333105263165	0.0	0.0	3	1.0120074829916554	-9.749188660603364	138.0	31	1.05	0.95				
	305	1	34.376937669824564	6.778551089824562	0.0	0.0	3	1.025225736145442	-11.79802638056177	138.0	31	1.05	0.95				
	306	1	65.84878201543862	13.557102179649124	0.0	-100.0	3	1.0396604009561663	-12.685252207935566	138.0	32	1.05	0.95				
	307	2	60.522777587719304	12.104555517543861	0.0	0.0	3	0.9912054712058888	-17.38307461163734	138.0	32	1.05	0.95				
	308	1	82.79515974	16.946377724561405	0.0	0.0	3	0.9963229093219992	-15.159082965081	138.0	32	1.05	0.95				
	309	1	84.73188862280703	17.43055994526316	0.0	0.0	3	1.028372835896959	-6.382597690103944	138.0	33	1.05	0.95				
	310	1	94.41553303684212	19.36728882807018	0.0	0.0	3	1.05	-10.83260641071592	138.0	33	1.05	0.95				
	311	1	0.0	0.0	0.0	0.0	3	1.0103680611815846	-5.849795954429477	230.0	33	1.05	0.95				
	312	1	0.0	0.0	0.0	0.0	3	1.015348593146188	-4.994809518204942	230.0	33	1.05	0.95				
	313	2	128.3082884859649	26.14583991789474	0.0	0.0	3	1.0129358547737897	-2.7938239055973413	230.0	34	1.05	0.95				
	314	2	93.93135081614035	18.883106607368426	0.0	0.0	3	1.0062775526341934	-5.660525650673277	230.0	36	1.05	0.95				
	315	2	153.48576396245613	30.987662124912283	0.0	0.0	3	1.0344057659208272	-2.7344774651672203	230.0	36	1.05	0.95				
	316	2	48.418222070175446	9.68364441403509	0.0	0.0	3	1.0308760416517038	-2.4631168357660473	230.0	36	1.05	0.95				
	317	1	0.0	0.0	0.0	0.0	3	1.0362429172098628	-1.235961615917827	230.0	37	1.05	0.95				
	318	2	161.23267949368423	32.92439100771931	0.0	0.0	3	1.0342472295129026	-1.766152197877076	230.0	37	1.05	0.95				
	319	1	87.63698194701756	17.914742165964913	0.0	0.0	3	1.0270369125933074	-2.5958172285870136	230.0	35	1.05	0.95				
	320	1	61.97532424982457	12.588737738245614	0.0	0.0	3	1.027234924096395	-1.7695460952076076	230.0	35	1.05	0.95				
	321	2	0.0	0.0	0.0	0.0	3	1.0363572332728028	-1.547031454100251	230.0	37	1.05	0.95				
	322	2	0.0	0.0	0.0	0.0	3	1.0495011822629112	2.8859974005137103	230.0	37	1.05	0.95				
	323	2	0.0	0.0	0.0	0.0	3	1.0283959265192155	-0.9445754194892986	230.0	35	1.05	0.95				
	324	1	0.0	0.0	0.0	0.0	3	1.0352772138472728	-1.7067452269494587	230.0	36	1.05	0.95				
	325	1	0.0	0.0	0.0	0.0	3	1.025875416354044	0.3000316235468594	230.0	35	1.05	0.95				
];
