%% MATPOWER Case Format : Version 2
function mpc = RTS_GMLC
mpc.version = '2';

%%-----  Power Flow Data  -----%%
%% system MVA base
mpc.baseMVA = 100.0;
%% bus data
%    bus_i    type    Pd    Qd    Gs    Bs    area    Vm    Va    baseKV    zone    Vmax    Vmin
mpc.bus = [
	101	2	45.70361207999999	9.309995053333333	0.0	0.0	1	1.031931749732612	3.0644613162393535	138.0	11	1.05	0.95				
	102	2	41.04861455333332	8.463631866666665	0.0	0.0	1	1.031537164721988	2.9459951024057287	138.0	12	1.05	0.95				
	103	1	76.1726868	15.65771895333333	0.0	0.0	1	1.0280198060661696	0.0654967718907437	138.0	11	1.05	0.95				
	104	1	31.31543790666666	6.347723899999999	0.0	0.0	1	1.0210085820608632	-0.44678295206313057	138.0	11	1.05	0.95				
	105	1	30.045893126666662	5.924542306666666	0.0	0.0	1	1.0350664767441173	-0.14067942650476162	138.0	11	1.05	0.95				
	106	1	57.552696693333324	11.849084613333332	0.0	-100.0	1	1.0450958301677293	-2.3666570561337847	138.0	12	1.05	0.95				
	107	2	52.897699166666655	10.579539833333332	0.0	0.0	1	1.0161118672784055	-3.926110669956295	138.0	12	1.05	0.95				
	108	1	72.36405245999998	14.811355766666665	0.0	0.0	1	1.0151108882132192	-4.353599357431183	138.0	12	1.05	0.95				
	109	1	74.05677883333333	15.234537359999997	0.0	0.0	1	1.0255080619897212	-1.5036948779826114	138.0	13	1.05	0.95				
	110	1	82.52041069999999	16.92726373333333	0.0	0.0	1	1.05	-2.050547614704469	138.0	13	1.05	0.95				
	111	1	0.0	0.0	0.0	0.0	1	1.0032285531480276	-0.2808060266133756	230.0	13	1.05	0.95				
	112	1	0.0	0.0	0.0	0.0	1	1.0086158833792835	0.40684554760427805	230.0	13	1.05	0.95				
	113	3	112.14312223333332	22.851806039999996	0.0	0.0	1	0.9938563055056289	-4.0505547886395705e-30	230.0	14	1.05	0.95				
	114	2	82.09722910666665	16.504082139999998	0.0	0.0	1	0.9988201452846769	1.0966978191957966	230.0	16	1.05	0.95				
	115	2	134.14856508666665	27.083621973333333	0.0	0.0	1	1.0382782188945354	5.54958079792322	230.0	16	1.05	0.95				
	116	2	42.31815933333333	8.463631866666665	0.0	0.0	1	1.0333312318707848	5.488952124648961	230.0	16	1.05	0.95				
	117	1	0.0	0.0	0.0	0.0	1	1.042259300101803	6.458486774796614	230.0	17	1.05	0.95				
	118	2	140.91947058	28.776348346666662	0.0	0.0	1	1.044968194599297	6.094151175568855	230.0	17	1.05	0.95				
	119	1	76.59586839333332	15.65771895333333	0.0	0.0	1	1.0276680597611911	5.1974733830604025	230.0	15	1.05	0.95				
	120	1	54.167243946666666	11.002721426666666	0.0	0.0	1	1.0255349333585604	5.767784722312128	230.0	15	1.05	0.95				
	121	2	0.0	0.0	0.0	0.0	1	1.05	6.7183849803675555	230.0	17	1.05	0.95				
	122	2	0.0	0.0	0.0	0.0	1	1.05	13.126397100696607	230.0	17	1.05	0.95				
	123	2	0.0	0.0	0.0	0.0	1	1.0250327151968153	6.410284391251633	230.0	15	1.05	0.95				
	124	1	0.0	0.0	0.0	0.0	1	1.0266493173000069	3.5052971764425096	230.0	16	1.05	0.95				
	201	2	52.580513141052634	10.710845269473683	0.0	0.0	2	1.029705283864073	-7.558356975652098	138.0	21	1.05	0.95				
	202	2	47.22509050631579	9.737132063157894	0.0	0.0	2	1.0301013658829374	-7.559380245040727	138.0	22	1.05	0.95				
	203	1	87.63418856842105	18.013694316842106	0.0	0.0	2	1.0213042277712663	-6.39617497326799	138.0	21	1.05	0.95				
	204	1	36.02738863368421	7.30284904736842	0.0	0.0	2	1.0183491612890316	-9.908691110875635	138.0	21	1.05	0.95				
	205	1	34.56681882421052	6.815992444210527	0.0	0.0	2	1.0335393522119356	-10.121818917979866	138.0	21	1.05	0.95				
	206	1	66.2124980294737	13.631984888421053	0.0	-100.0	2	1.043384869758355	-12.018592458591767	138.0	22	1.05	0.95				
	207	2	60.85707539473684	12.171415078947367	0.0	0.0	2	0.9874650999158731	-19.34630807996038	138.0	22	1.05	0.95				
	208	1	83.25247913999999	17.039981110526313	0.0	0.0	2	0.9931957938417294	-17.10298692707402	138.0	22	1.05	0.95				
	209	1	85.19990555263158	17.52683771368421	0.0	0.0	2	1.0231698740532376	-9.845355768749913	138.0	23	1.05	0.95				
	210	1	94.93703761578946	19.474264126315788	0.0	0.0	2	1.05	-11.172182527411277	138.0	23	1.05	0.95				
	211	1	0.0	0.0	0.0	0.0	2	1.0086083484609485	-7.240087132076811	230.0	23	1.05	0.95				
	212	1	0.0	0.0	0.0	0.0	2	1.0126026946734132	-6.865978251557258	230.0	23	1.05	0.95				
	213	2	129.0169998368421	26.290256570526317	0.0	0.0	2	1.004027134464756	-6.589976111746801	230.0	24	1.05	0.95				
	214	2	94.45018101263157	18.98740752315789	0.0	0.0	2	1.011867211880583	-4.461249919103761	230.0	26	1.05	0.95				
	215	2	154.3335432010526	31.158822602105264	0.0	0.0	2	1.03032033620504	2.695862590174545	230.0	26	1.05	0.95				
	216	2	48.68566031578947	9.737132063157894	0.0	0.0	2	1.0333881444837196	2.3871296434452405	230.0	26	1.05	0.95				
	217	1	0.0	0.0	0.0	0.0	2	1.0373468761213938	5.443969088176782	230.0	27	1.05	0.95				
	218	2	162.12324885157895	33.10624901473685	0.0	0.0	2	1.0392257470208202	6.032274668433028	230.0	27	1.05	0.95				
	219	1	88.12104517157894	18.013694316842106	0.0	0.0	2	1.0340386397864858	0.9989777932306738	230.0	25	1.05	0.95				
	220	1	62.31764520421053	12.658271682105262	0.0	0.0	2	1.0383866139391549	0.7306525268993246	230.0	25	1.05	0.95				
	221	2	0.0	0.0	0.0	0.0	2	1.0387526285934174	5.673811887447227	230.0	27	1.05	0.95				
	222	2	0.0	0.0	0.0	0.0	2	1.05	12.084463199904961	230.0	27	1.05	0.95				
	223	2	0.0	0.0	0.0	0.0	2	1.041532861442447	0.9466069937711578	230.0	25	1.05	0.95				
	224	1	0.0	0.0	0.0	0.0	2	1.015628798416439	-0.7124865792632836	230.0	26	1.05	0.95				
	301	2	60.25245176842107	12.273647582456142	0.0	0.0	3	1.0069773011059362	-34.90345592474926	138.0	31	1.05	0.95				
	302	2	54.11562797719298	11.157861438596493	0.0	0.0	3	1.0063877761696787	-35.044569926961245	138.0	32	1.05	0.95				
	303	1	100.42075294736843	20.642043661403513	0.0	0.0	3	1.0210880186198532	-27.714194715896813	138.0	31	1.05	0.95				
	304	1	41.284087322807025	8.36839607894737	0.0	0.0	3	1.0071349475967093	-33.11122267792988	138.0	31	1.05	0.95				
	305	1	39.61040810701755	7.810503007017545	0.0	0.0	3	1.020845002172263	-34.074243927996875	138.0	31	1.05	0.95				
	306	1	75.87345778245616	15.62100601403509	0.0	-100.0	3	1.0361701479213634	-34.23831519243815	138.0	32	1.05	0.95				
	307	2	69.73663399122808	13.947326798245616	0.0	0.0	3	0.9944856509709926	-39.12298626950631	138.0	32	1.05	0.95				
	308	1	95.39971530000001	19.52625751754386	0.0	0.0	3	0.9959614047187609	-37.14095035268492	138.0	32	1.05	0.95				
	309	1	97.6312875877193	20.084150589473683	0.0	0.0	3	1.0269949450197602	-29.25698326457127	138.0	33	1.05	0.95				
	310	1	108.7891490263158	22.315722877192986	0.0	0.0	3	1.05	-31.45411827466495	138.0	33	1.05	0.95				
	311	1	0.0	0.0	0.0	0.0	3	1.0175224756475134	-24.221636325222764	230.0	33	1.05	0.95				
	312	1	0.0	0.0	0.0	0.0	3	1.017232504322356	-23.67413458245122	230.0	33	1.05	0.95				
	313	2	147.84166406140352	30.126225884210534	0.0	0.0	3	1.024741392060537	-20.552077275862143	230.0	34	1.05	0.95				
	314	2	108.23125595438596	21.757829805263164	0.0	0.0	3	1.0288160653288736	-21.352995120264712	230.0	36	1.05	0.95				
	315	2	176.8521038017544	35.705156603508776	0.0	0.0	3	1.0488515571805532	-14.321742373176816	230.0	36	1.05	0.95				
	316	2	55.78930719298246	11.157861438596493	0.0	0.0	3	1.0489027140691793	-13.975992492651656	230.0	36	1.05	0.95				
	317	1	0.0	0.0	0.0	0.0	3	1.0495770471191699	-11.091548231646266	230.0	37	1.05	0.95				
	318	2	185.7783929526316	37.93672889122808	0.0	0.0	3	1.0494240941597341	-10.542210822499458	230.0	37	1.05	0.95				
	319	1	100.97864601929827	20.642043661403513	0.0	0.0	3	1.0459871765089463	-15.201607304757736	230.0	35	1.05	0.95				
	320	1	71.41031320701755	14.50521987017544	0.0	0.0	3	1.0478780563623775	-15.224150920317573	230.0	35	1.05	0.95				
	321	2	0.0	0.0	0.0	0.0	3	1.05	-10.154883759661649	230.0	37	1.05	0.95				
	322	2	0.0	0.0	0.0	0.0	3	1.05	-4.746296687870321	230.0	37	1.05	0.95				
	323	2	0.0	0.0	0.0	0.0	3	1.05	-14.828367698029535	230.0	35	1.05	0.95				
	324	1	0.0	0.0	0.0	0.0	3	1.0213833240411778	-19.26336158223919	230.0	36	1.05	0.95				
	325	1	0.0	0.0	0.0	0.0	3	1.0415416205745753	-13.08710377774473	230.0	35	1.05	0.95				
];
