%% MATPOWER Case Format : Version 2
function mpc = RTS_GMLC
mpc.version = '2';

%%-----  Power Flow Data  -----%%
%% system MVA base
mpc.baseMVA = 100.0;
%% bus data
%    bus_i    type    Pd    Qd    Gs    Bs    area    Vm    Va    baseKV    zone    Vmax    Vmin
mpc.bus = [
	101	2	66.51806036210527	13.54997525894737	0.0	0.0	1	1.0325775932331667	0.9089181514942628	138.0	11	1.05	0.95				
	102	2	59.743072732631575	12.31815932631579	0.0	0.0	1	1.032630014793303	0.8756204150089247	138.0	12	1.05	0.95				
	103	1	110.8634339368421	22.78859475368421	0.0	0.0	1	1.0234596082967002	-0.9300236952809507	138.0	11	1.05	0.95				
	104	1	45.57718950736842	9.238619494736842	0.0	0.0	1	1.0183440816822122	-2.3622132197219474	138.0	11	1.05	0.95				
	105	1	43.72946560842105	8.622711528421053	0.0	0.0	1	1.032940824546309	-2.2483490013667553	138.0	11	1.05	0.95				
	106	1	83.76348341894737	17.245423056842107	0.0	-100.0	1	1.0399469741172278	-4.579357754553592	138.0	12	1.05	0.95				
	107	2	76.98849578947369	15.397699157894737	0.0	0.0	1	1.0475588361407766	-0.5162620397812889	138.0	12	1.05	0.95				
	108	1	105.32026223999999	21.55677882105263	0.0	0.0	1	1.027873273822339	-3.469919027610081	138.0	12	1.05	0.95				
	109	1	107.78389410526317	22.17268678736842	0.0	0.0	1	1.026245935295713	-2.5191784706697398	138.0	13	1.05	0.95				
	110	1	120.10205343157894	24.63631865263158	0.0	0.0	1	1.05	-3.50493476246098	138.0	13	1.05	0.95				
	111	1	0.0	0.0	0.0	0.0	1	1.0083125889808702	-0.6668886827507298	230.0	13	1.05	0.95				
	112	1	0.0	0.0	0.0	0.0	1	1.0129372373127208	0.11370710181403004	230.0	13	1.05	0.95				
	113	3	163.21561107368422	33.25903018105264	0.0	0.0	1	1.004572563521073	8.567599279927463e-31	230.0	14	1.05	0.95				
	114	2	119.48614546526315	24.020410686315792	0.0	0.0	1	1.005996527508725	1.1940560557344848	230.0	16	1.05	0.95				
	115	2	195.24282532210526	39.41810984421053	0.0	0.0	1	1.041645074750087	7.755223590948687	230.0	16	1.05	0.95				
	116	2	61.59079663157895	12.31815932631579	0.0	0.0	1	1.038503704647528	7.481783722647711	230.0	16	1.05	0.95				
	117	1	0.0	0.0	0.0	0.0	1	1.0453270793968732	9.966048621723543	230.0	17	1.05	0.95				
	118	2	205.09735278315787	41.88174170947369	0.0	0.0	1	1.0482190711981176	10.386163428802798	230.0	17	1.05	0.95				
	119	1	111.47934190315789	22.78859475368421	0.0	0.0	1	1.0327458134400487	6.554972620880901	230.0	15	1.05	0.95				
	120	1	78.83621968842105	16.013607124210527	0.0	0.0	1	1.032851655300606	6.92619853755879	230.0	15	1.05	0.95				
	121	2	0.0	0.0	0.0	0.0	1	1.05	10.59945335728791	230.0	17	1.05	0.95				
	122	2	0.0	0.0	0.0	0.0	1	1.05	16.862117827027564	230.0	17	1.05	0.95				
	123	2	0.0	0.0	0.0	0.0	1	1.0344180131996603	7.5935443535172835	230.0	15	1.05	0.95				
	124	1	0.0	0.0	0.0	0.0	1	1.0238487172711566	4.531382930198597	230.0	16	1.05	0.95				
	201	2	70.4813473894737	14.357311505263159	0.0	0.0	2	1.0335089903986754	-8.720707331247587	138.0	21	1.05	0.95				
	202	2	63.30269163684211	13.052101368421054	0.0	0.0	2	1.0335931910368816	-8.818399460211506	138.0	22	1.05	0.95				
	203	1	117.46891231578948	24.14638753157895	0.0	0.0	2	1.0273181859438736	-5.724744800242037	138.0	21	1.05	0.95				
	204	1	48.2927750631579	9.78907602631579	0.0	0.0	2	1.0177987533822912	-10.822840792255457	138.0	21	1.05	0.95				
	205	1	46.334959857894745	9.136470957894739	0.0	0.0	2	1.033309954358012	-11.214883403888368	138.0	21	1.05	0.95				
	206	1	88.75428930526319	18.272941915789477	0.0	-100.0	2	1.0395641956238677	-13.231454246981816	138.0	22	1.05	0.95				
	207	2	81.57563355263159	16.315126710526318	0.0	0.0	2	0.9813411323963073	-22.993796192261424	138.0	22	1.05	0.95				
	208	1	111.5954667	22.841177394736842	0.0	0.0	2	0.9821596977937501	-19.820049935663185	138.0	22	1.05	0.95				
	209	1	114.20588697368422	23.4937824631579	0.0	0.0	2	1.0250798322287835	-9.816949283143526	138.0	23	1.05	0.95				
	210	1	127.25798834210526	26.104202736842108	0.0	0.0	2	1.05	-11.684653007270937	138.0	23	1.05	0.95				
	211	1	0.0	0.0	0.0	0.0	2	1.0189390884407954	-5.89759120618816	230.0	23	1.05	0.95				
	212	1	0.0	0.0	0.0	0.0	2	1.0180863392751813	-5.162348975464205	230.0	23	1.05	0.95				
	213	2	172.94034313157894	35.24067369473685	0.0	0.0	2	1.0229657187303889	-3.5259391167507697	230.0	24	1.05	0.95				
	214	2	126.60538327368423	25.451597668421055	0.0	0.0	2	1.0296540275066406	-3.1664948679109544	230.0	26	1.05	0.95				
	215	2	206.8758066894737	41.76672437894737	0.0	0.0	2	1.0427170947139928	4.839840867059725	230.0	26	1.05	0.95				
	216	2	65.26050684210527	13.052101368421054	0.0	0.0	2	1.0452262811499746	4.656878835306129	230.0	26	1.05	0.95				
	217	1	0.0	0.0	0.0	0.0	2	1.0470641979699737	8.00259195663827	230.0	27	1.05	0.95				
	218	2	217.31748778421056	44.37714465263159	0.0	0.0	2	1.0496526084134759	8.92913613197294	230.0	27	1.05	0.95				
	219	1	118.12151738421055	24.14638753157895	0.0	0.0	2	1.042937422918148	3.441537405117829	230.0	25	1.05	0.95				
	220	1	83.53344875789475	16.96773177894737	0.0	0.0	2	1.046479973076202	3.6101354268750496	230.0	25	1.05	0.95				
	221	2	0.0	0.0	0.0	0.0	2	1.05	9.27804840935317	230.0	27	1.05	0.95				
	222	2	0.0	0.0	0.0	0.0	2	1.05	15.28920908283832	230.0	27	1.05	0.95				
	223	2	0.0	0.0	0.0	0.0	2	1.05	4.17809801070709	230.0	25	1.05	0.95				
	224	1	0.0	0.0	0.0	0.0	2	1.0237466626454417	0.901324927279036	230.0	26	1.05	0.95				
	301	2	57.94621954105265	11.80385953614035	0.0	0.0	3	1.0087859368308334	-24.43347644768544	138.0	31	1.05	0.95				
	302	2	52.04428977298245	10.73078139649123	0.0	0.0	3	1.0079913061310604	-24.61262350675888	138.0	32	1.05	0.95				
	303	1	96.57703256842106	19.851945583508773	0.0	0.0	3	1.0305632006420513	-16.179011875931998	138.0	31	1.05	0.95				
	304	1	39.703891167017545	8.048086047368422	0.0	0.0	3	1.0087372238739112	-22.885826413878714	138.0	31	1.05	0.95				
	305	1	38.09427395754386	7.511546977543861	0.0	0.0	3	1.022274256386763	-23.958134416148027	138.0	31	1.05	0.95				
	306	1	72.96931349614036	15.023093955087722	0.0	-100.0	3	1.0372641625131818	-24.301977247732488	138.0	32	1.05	0.95				
	307	2	67.06738372807018	13.413476745614036	0.0	0.0	3	0.9957071178651009	-28.434525400387475	138.0	32	1.05	0.95				
	308	1	91.74818094	18.77886744385965	0.0	0.0	3	0.9979388716218238	-26.753021118794255	138.0	32	1.05	0.95				
	309	1	93.89433721929825	19.31540651368421	0.0	0.0	3	1.0274165303825287	-19.286664500629406	138.0	33	1.05	0.95				
	310	1	104.62511861578949	21.46156279298246	0.0	0.0	3	1.05	-21.758990358564553	138.0	33	1.05	0.95				
	311	1	0.0	0.0	0.0	0.0	3	1.0148994746316244	-15.12286865933914	230.0	33	1.05	0.95				
	312	1	0.0	0.0	0.0	0.0	3	1.0155485089129044	-14.644669452686996	230.0	33	1.05	0.95				
	313	2	142.1828535035088	28.973109770526325	0.0	0.0	3	1.0187379332616953	-11.69845491330147	230.0	34	1.05	0.95				
	314	2	104.0885795459649	20.9250237231579	0.0	0.0	3	1.0231866190950236	-12.70787753130563	230.0	36	1.05	0.95				
	315	2	170.08288513438598	34.33850046877193	0.0	0.0	3	1.045877349824891	-6.322397025064138	230.0	36	1.05	0.95				
	316	2	53.65390698245614	10.73078139649123	0.0	0.0	3	1.0451017320775178	-6.094120477355929	230.0	36	1.05	0.95				
	317	1	0.0	0.0	0.0	0.0	3	1.047731555488965	-3.734773658144461	230.0	37	1.05	0.95				
	318	2	178.66751025157896	36.48465674807018	0.0	0.0	3	1.0483708675423606	-3.342107813498508	230.0	37	1.05	0.95				
	319	1	97.11357163824562	19.851945583508773	0.0	0.0	3	1.0405931668058288	-7.3660337954889155	230.0	35	1.05	0.95				
	320	1	68.67700093754387	13.950015815438599	0.0	0.0	3	1.040919731598038	-7.460182346502766	230.0	35	1.05	0.95				
	321	2	0.0	0.0	0.0	0.0	3	1.05	-2.6897084783669385	230.0	37	1.05	0.95				
	322	2	0.0	0.0	0.0	0.0	3	1.05	2.675452899901924	230.0	37	1.05	0.95				
	323	2	0.0	0.0	0.0	0.0	3	1.042095745718242	-7.113022350139503	230.0	35	1.05	0.95				
	324	1	0.0	0.0	0.0	0.0	3	1.0277631116358334	-9.995935305792178	230.0	36	1.05	0.95				
	325	1	0.0	0.0	0.0	0.0	3	1.0367576634775075	-5.654113990854248	230.0	35	1.05	0.95				
];
