%% MATPOWER Case Format : Version 2
function mpc = RTS_GMLC
mpc.version = '2';

%%-----  Power Flow Data  -----%%
%% system MVA base
mpc.baseMVA = 100.0;
%% bus data
%    bus_i    type    Pd    Qd    Gs    Bs    area    Vm    Va    baseKV    zone    Vmax    Vmin
mpc.bus = [
	101	2	52.06284018947369	10.605393371929825	0.0	0.0	1	1.0136470396424293	0.7942828744482784	138.0	11	1.05	0.95				
	102	2	46.76014350350877	9.641266701754386	0.0	0.0	1	1.012602659875834	0.4804174178449997	138.0	12	1.05	0.95				
	103	1	86.77140031578948	17.836343398245614	0.0	0.0	1	1.0238451389219485	0.9134681775389056	138.0	11	1.05	0.95				
	104	1	35.67268679649123	7.2309500263157895	0.0	0.0	1	1.0117639077652958	-2.4946472206461374	138.0	11	1.05	0.95				
	105	1	34.226496791228065	6.74888669122807	0.0	0.0	1	1.024939664812739	-2.454073349370584	138.0	11	1.05	0.95				
	106	1	65.56061357192982	13.49777338245614	0.0	-100.0	1	1.0388861492938848	-4.7752703582656135	138.0	12	1.05	0.95				
	107	2	60.25791688596491	12.051583377192983	0.0	0.0	1	0.98790544937528	-11.613776608741686	138.0	12	1.05	0.95				
	108	1	82.4328303	16.872216728070175	0.0	0.0	1	0.9946782516689662	-9.677840161130652	138.0	12	1.05	0.95				
	109	1	84.36108364035087	17.354280063157894	0.0	0.0	1	1.0259213027658114	-2.9106987713312003	138.0	13	1.05	0.95				
	110	1	94.00235034210527	19.282533403508772	0.0	0.0	1	1.05	-4.151760850193494	138.0	13	1.05	0.95				
	111	1	0.0	0.0	0.0	0.0	1	1.0208056687249794	-0.23754101471349695	230.0	13	1.05	0.95				
	112	1	0.0	0.0	0.0	0.0	1	1.016401165541926	-0.8576907124669598	230.0	13	1.05	0.95				
	113	3	127.74678379824562	26.031420094736845	0.0	0.0	1	1.0047225923846417	-4.911022318346302e-31	230.0	14	1.05	0.95				
	114	2	93.52028700701754	18.800470068421056	0.0	0.0	1	1.0451902052150956	2.773052636171417	230.0	16	1.05	0.95				
	115	2	152.81407722280701	30.852053445614036	0.0	0.0	1	1.0414231052240435	11.65187038865613	230.0	16	1.05	0.95				
	116	2	48.206333508771934	9.641266701754386	0.0	0.0	1	1.0425750184371103	10.1129635790239	230.0	16	1.05	0.95				
	117	1	0.0	0.0	0.0	0.0	1	1.0404567735422539	15.792460179636292	230.0	17	1.05	0.95				
	118	2	160.52709058421053	32.78030678596491	0.0	0.0	1	1.04812546765343	16.22814406420612	230.0	17	1.05	0.95				
	119	1	87.2534636508772	17.836343398245614	0.0	0.0	1	1.0390901584459433	6.575989367703941	230.0	15	1.05	0.95				
	120	1	61.70410689122807	12.533646712280703	0.0	0.0	1	1.0421243437446588	4.417334812179009	230.0	15	1.05	0.95				
	121	2	0.0	0.0	0.0	0.0	1	1.0422630812098665	17.834029711464623	230.0	17	1.05	0.95				
	122	2	0.0	0.0	0.0	0.0	1	1.05	35.80355775957944	230.0	17	1.05	0.95				
	123	2	0.0	0.0	0.0	0.0	1	1.044801433190667	3.5922278012981392	230.0	15	1.05	0.95				
	124	1	0.0	0.0	0.0	0.0	1	1.0214384348254046	7.65683972344233	230.0	16	1.05	0.95				
	201	2	48.27955297263158	9.83472375368421	0.0	0.0	2	1.0116618716117893	-14.460675645083056	138.0	21	1.05	0.95				
	202	2	43.36219109578947	8.940657957894738	0.0	0.0	2	1.0114853056929425	-14.592085502771639	138.0	22	1.05	0.95				
	203	1	80.46592162105263	16.540217222105262	0.0	0.0	2	1.013141911568214	-11.309095226830319	138.0	21	1.05	0.95				
	204	1	33.080434444210525	6.705493468421052	0.0	0.0	2	1.0109981075420433	-14.764778769712173	138.0	21	1.05	0.95				
	205	1	31.739335750526315	6.258460570526315	0.0	0.0	2	1.0253328538931568	-15.179658087065118	138.0	21	1.05	0.95				
	206	1	60.79647411368422	12.51692114105263	0.0	-100.0	2	1.0407192672848244	-16.078406578117047	138.0	22	1.05	0.95				
	207	2	55.8791122368421	11.17582244736842	0.0	0.0	2	0.9897861911806997	-21.795927276118906	138.0	22	1.05	0.95				
	208	1	76.44262554	15.646151426315788	0.0	0.0	2	0.9963340627131229	-19.768197540749973	138.0	22	1.05	0.95				
	209	1	78.23075713157894	16.093184324210526	0.0	0.0	2	1.0235335715088678	-13.052238998365056	138.0	23	1.05	0.95				
	210	1	87.17141508947368	17.881315915789475	0.0	0.0	2	1.05	-14.45901130907444	138.0	23	1.05	0.95				
	211	1	0.0	0.0	0.0	0.0	2	1.009524002319651	-9.79574469559403	230.0	23	1.05	0.95				
	212	1	0.0	0.0	0.0	0.0	2	1.0133013183946866	-8.704864217006564	230.0	23	1.05	0.95				
	213	2	118.46371794210526	24.13977648631579	0.0	0.0	2	1.010627749160967	-8.083709823637696	230.0	24	1.05	0.95				
	214	2	86.72438219157894	17.434283017894735	0.0	0.0	2	1.0107323585224985	-7.260830937539118	230.0	26	1.05	0.95				
	215	2	141.70942863263156	28.610105465263157	0.0	0.0	2	1.0299256053219805	-0.9960448725618518	230.0	26	1.05	0.95				
	216	2	44.70328978947368	8.940657957894738	0.0	0.0	2	1.0330435367652002	-1.0216904178811814	230.0	26	1.05	0.95				
	217	1	0.0	0.0	0.0	0.0	2	1.037696243105589	0.5412089196623616	230.0	27	1.05	0.95				
	218	2	148.86195499894737	30.39823705684211	0.0	0.0	2	1.0354836029423906	-0.04587673186724009	230.0	27	1.05	0.95				
	219	1	80.91295451894737	16.540217222105262	0.0	0.0	2	1.0372623339607492	-0.6346574894942268	230.0	25	1.05	0.95				
	220	1	57.220210930526314	11.622855345263158	0.0	0.0	2	1.0440483330577788	0.5488705543380763	230.0	25	1.05	0.95				
	221	2	0.0	0.0	0.0	0.0	2	1.0360907352003006	0.4398362490116809	230.0	27	1.05	0.95				
	222	2	0.0	0.0	0.0	0.0	2	1.05	6.979155800394874	230.0	27	1.05	0.95				
	223	2	0.0	0.0	0.0	0.0	2	1.0487561510763481	1.5224957952331788	230.0	25	1.05	0.95				
	224	1	0.0	0.0	0.0	0.0	2	1.0109063568300976	-4.834167455327425	230.0	26	1.05	0.95				
	301	2	72.21069280421052	14.70958557122807	0.0	0.0	3	1.041559163418598	-2.5759581622926913	138.0	31	1.05	0.95				
	302	2	64.85590001859649	13.372350519298246	0.0	0.0	3	1.0394635579915377	-2.9654925585276564	138.0	32	1.05	0.95				
	303	1	120.35115467368422	24.738848460701753	0.0	0.0	3	1.05	15.780668307263213	138.0	31	1.05	0.95				
	304	1	49.477696921403506	10.029262889473685	0.0	0.0	3	1.009879955020449	-0.38828326609221814	138.0	31	1.05	0.95				
	305	1	47.47184434350877	9.360645363508773	0.0	0.0	3	1.0308191249162824	-3.4707782449335007	138.0	31	1.05	0.95				
	306	1	90.93198353122808	18.721290727017546	0.0	-100.0	3	1.0305054350012581	-4.724194354858667	138.0	32	1.05	0.95				
	307	2	83.57719074561403	16.715438149122807	0.0	0.0	3	0.95	-3.3500158545332943	138.0	32	1.05	0.95				
	308	1	114.33359694	23.40161340877193	0.0	0.0	3	0.9613310985868084	-3.7077681028454785	138.0	32	1.05	0.95				
	309	1	117.00806704385967	24.07023093473684	0.0	0.0	3	1.0105941328574515	4.5722471574101045	138.0	33	1.05	0.95				
	310	1	130.3804175631579	26.744701038596492	0.0	0.0	3	1.036473255456345	-2.245106191214385	138.0	33	1.05	0.95				
	311	1	0.0	0.0	0.0	0.0	3	0.9979999504911263	3.594621969370752	230.0	33	1.05	0.95				
	312	1	0.0	0.0	0.0	0.0	3	1.00017983849666	4.139821505500973	230.0	33	1.05	0.95				
	313	2	177.18364438070176	36.10534640210526	0.0	0.0	3	0.9961774679494761	5.888647353741548	230.0	34	1.05	0.95				
	314	2	129.71180003719297	26.07608351263158	0.0	0.0	3	1.000309940595748	4.1294452807503434	230.0	36	1.05	0.95				
	315	2	211.9517557308772	42.79152166175439	0.0	0.0	3	1.05	9.244603055404811	230.0	36	1.05	0.95				
	316	2	66.86175259649123	13.372350519298246	0.0	0.0	3	1.0484262765853904	8.871260860254699	230.0	36	1.05	0.95				
	317	1	0.0	0.0	0.0	0.0	3	1.05	14.590896876518132	230.0	37	1.05	0.95				
	318	2	222.6496361463158	45.46599176561404	0.0	0.0	3	1.0395409971822083	11.548142496231112	230.0	37	1.05	0.95				
	319	1	121.01977219964913	24.738848460701753	0.0	0.0	3	1.0290052972449404	7.3128067304967805	230.0	35	1.05	0.95				
	320	1	85.58304332350878	17.38405567508772	0.0	0.0	3	1.0181362763797033	7.218906026683859	230.0	35	1.05	0.95				
	321	2	0.0	0.0	0.0	0.0	3	1.0428694215592695	11.44537426326171	230.0	37	1.05	0.95				
	322	2	0.0	0.0	0.0	0.0	3	1.048636629451409	17.035343888332914	230.0	37	1.05	0.95				
	323	2	0.0	0.0	0.0	0.0	3	1.013868845376495	7.689395740222806	230.0	35	1.05	0.95				
	324	1	0.0	0.0	0.0	0.0	3	1.0473681832427382	11.746358291110775	230.0	36	1.05	0.95				
	325	1	0.0	0.0	0.0	0.0	3	1.0141083272172875	8.565643140699276	230.0	35	1.05	0.95				
];
