%% MATPOWER Case Format : Version 2
function mpc = RTS_GMLC
mpc.version = '2';

%%-----  Power Flow Data  -----%%
%% system MVA base
mpc.baseMVA = 100.0;
%% bus data
%    bus_i    type    Pd    Qd    Gs    Bs    area    Vm    Va    baseKV    zone    Vmax    Vmin
mpc.bus = [
	101	2	41.18802574736842	8.390153392982455	0.0	0.0	1	1.0123368999959599	-4.157126624887193	138.0	11	1.05	0.95				
	102	2	36.992949050877186	7.627412175438597	0.0	0.0	1	1.0122856778912004	-4.369887722882578	138.0	12	1.05	0.95				
	103	1	68.64670957894737	14.110712524561404	0.0	0.0	1	1.0023809597828501	0.7184444166769713	138.0	11	1.05	0.95				
	104	1	28.221425049122807	5.720559131578947	0.0	0.0	1	1.0034092172859312	-4.200768653219385	138.0	11	1.05	0.95				
	105	1	27.077313222807014	5.339188522807017	0.0	0.0	1	1.017580017942777	-5.207819049052324	138.0	11	1.05	0.95				
	106	1	51.866402792982456	10.678377045614035	0.0	-100.0	1	1.0285582692994273	-6.266404102750676	138.0	12	1.05	0.95				
	107	2	47.67132609649122	9.534265219298245	0.0	0.0	1	0.9867368854052426	-10.33141724585961	138.0	12	1.05	0.95				
	108	1	65.2143741	13.347971307017541	0.0	0.0	1	0.9891738043418927	-8.924387163996482	138.0	12	1.05	0.95				
	109	1	66.73985653508771	13.729341915789472	0.0	0.0	1	1.0031778576768184	-3.1811964612807935	138.0	13	1.05	0.95				
	110	1	74.36726871052632	15.254824350877193	0.0	0.0	1	1.0317812450398203	-5.012572648285598	138.0	13	1.05	0.95				
	111	1	0.0	0.0	0.0	0.0	1	0.9823146009652712	-0.5149994802356185	230.0	13	1.05	0.95				
	112	1	0.0	0.0	0.0	0.0	1	0.9834440594560766	-1.3986032822362364	230.0	13	1.05	0.95				
	113	3	101.0632113245614	20.59401287368421	0.0	0.0	1	0.9635501564894888	-1.5339297921432807e-30	230.0	14	1.05	0.95				
	114	2	73.98589810175437	14.873453742105264	0.0	0.0	1	0.9916283461576217	2.7610633638451376	230.0	16	1.05	0.95				
	115	2	120.89448298070174	24.407718961403507	0.0	0.0	1	0.9926102316192327	11.525701367482856	230.0	16	1.05	0.95				
	116	2	38.13706087719298	7.627412175438597	0.0	0.0	1	0.9908567218979296	10.020254598675338	230.0	16	1.05	0.95				
	117	1	0.0	0.0	0.0	0.0	1	0.9930423943498612	15.733573673989527	230.0	17	1.05	0.95				
	118	2	126.99641272105262	25.933201396491228	0.0	0.0	1	1.0020850944844575	16.160130695081087	230.0	17	1.05	0.95				
	119	1	69.0280801877193	14.110712524561404	0.0	0.0	1	0.9903663302045457	6.3031239611339736	230.0	15	1.05	0.95				
	120	1	48.815437922807014	9.915635828070176	0.0	0.0	1	0.9949626327028047	3.572325339698194	230.0	15	1.05	0.95				
	121	2	0.0	0.0	0.0	0.0	1	1.002935241866876	17.33853606072525	230.0	17	1.05	0.95				
	122	2	0.0	0.0	0.0	0.0	1	1.0066147842209363	35.73351158203905	230.0	17	1.05	0.95				
	123	2	0.0	0.0	0.0	0.0	1	0.9984557013153627	2.391098499056253	230.0	15	1.05	0.95				
	124	1	0.0	0.0	0.0	0.0	1	0.9833849729929546	7.39611945322958	230.0	16	1.05	0.95				
	201	2	43.45159767157895	8.851251377543859	0.0	0.0	2	1.0107627020786387	-12.591822873608061	138.0	21	1.05	0.95				
	202	2	39.025971982807015	8.04659216140351	0.0	0.0	2	1.0096658772026654	-12.79383087784197	138.0	22	1.05	0.95				
	203	1	72.41932945263157	14.886195498596491	0.0	0.0	2	0.9971105827300236	-9.477696062805949	138.0	21	1.05	0.95				
	204	1	29.772390997192982	6.0349441210526305	0.0	0.0	2	1.0008151656552657	-11.935421660921861	138.0	21	1.05	0.95				
	205	1	28.565402172982452	5.632614512982456	0.0	0.0	2	1.0171291658595505	-12.323549065600268	138.0	21	1.05	0.95				
	206	1	54.716826697543866	11.265229025964912	0.0	-100.0	2	1.0286969881116819	-12.684118960492729	138.0	22	1.05	0.95				
	207	2	50.29120100877192	10.058240201754385	0.0	0.0	2	0.9715676249716843	-17.516224860466632	138.0	22	1.05	0.95				
	208	1	68.79836298	14.081536282456138	0.0	0.0	2	0.9800209095651944	-15.664662837301494	138.0	22	1.05	0.95				
	209	1	70.4076814122807	14.483865890526316	0.0	0.0	2	1.0056343260277247	-9.511428610713528	138.0	23	1.05	0.95				
	210	1	78.4542735736842	16.09318432280702	0.0	0.0	2	1.0333802922863178	-10.722240304377475	138.0	23	1.05	0.95				
	211	1	0.0	0.0	0.0	0.0	2	0.9866207832691911	-7.088816195067491	230.0	23	1.05	0.95				
	212	1	0.0	0.0	0.0	0.0	2	0.9882291281438984	-3.1536380964887076	230.0	23	1.05	0.95				
	213	2	106.61734613859647	21.725798835789476	0.0	0.0	2	0.9826833763535388	-4.857155152995993	230.0	24	1.05	0.95				
	214	2	78.05194396561403	15.690854714736844	0.0	0.0	2	0.9831067827971283	-5.869768648953881	230.0	26	1.05	0.95				
	215	2	127.5384857582456	25.749094916491227	0.0	0.0	2	0.9909062267338294	-1.0698780286286054	230.0	26	1.05	0.95				
	216	2	40.23296080701754	8.04659216140351	0.0	0.0	2	0.9892461387492721	-1.484528736194844	230.0	26	1.05	0.95				
	217	1	0.0	0.0	0.0	0.0	2	0.999659612250163	-0.19395125821440973	230.0	27	1.05	0.95				
	218	2	133.9757594873684	27.358413348771933	0.0	0.0	2	1.0005740581645775	-0.7058319767714214	230.0	27	1.05	0.95				
	219	1	72.82165906070175	14.886195498596491	0.0	0.0	2	0.9831591128648323	-0.9495840247998247	230.0	25	1.05	0.95				
	220	1	51.498189832982455	10.460569809824563	0.0	0.0	2	0.9808930884163899	0.37631579675523236	230.0	25	1.05	0.95				
	221	2	0.0	0.0	0.0	0.0	2	1.0028313248168044	-0.17598954923605012	230.0	27	1.05	0.95				
	222	2	0.0	0.0	0.0	0.0	2	1.0207918408417496	5.1821946082579595	230.0	27	1.05	0.95				
	223	2	0.0	0.0	0.0	0.0	2	0.9806703624025522	1.4483080284885794	230.0	25	1.05	0.95				
	224	1	0.0	0.0	0.0	0.0	2	0.9830818595623124	-4.272756391699458	230.0	26	1.05	0.95				
	301	2	65.06991458526315	13.254982600701753	0.0	0.0	3	1.0032757947515085	19.091532435624863	138.0	31	1.05	0.95				
	302	2	58.44242328491227	12.04998418245614	0.0	0.0	3	1.0038425595815494	18.72968039960322	138.0	32	1.05	0.95				
	303	1	108.44985764210526	22.29247073754386	0.0	0.0	3	1.017504326955384	34.22865845690999	138.0	31	1.05	0.95				
	304	1	44.58494147508772	9.037488136842105	0.0	0.0	3	0.9932889468299437	20.741343936124867	138.0	31	1.05	0.95				
	305	1	42.77744384771929	8.4349889277193	0.0	0.0	3	1.0105760582373278	18.567387772282114	138.0	31	1.05	0.95				
	306	1	81.93989244070175	16.8699778554386	0.0	-100.0	3	1.0213792153838377	17.582552714534074	138.0	32	1.05	0.95				
	307	2	75.31240114035087	15.062480228070175	0.0	0.0	3	0.9640940994044926	13.226215539518028	138.0	32	1.05	0.95				
	308	1	103.02736475999998	21.087472319298243	0.0	0.0	3	0.9727213290520381	16.113121872643106	138.0	32	1.05	0.95				
	309	1	105.43736159649121	21.68997152842105	0.0	0.0	3	1.0062449552261459	24.953543479875393	138.0	33	1.05	0.95				
	310	1	117.48734577894734	24.09996836491228	0.0	0.0	3	1.0334865753843023	20.02842158047634	138.0	33	1.05	0.95				
	311	1	0.0	0.0	0.0	0.0	3	0.9964099590952613	25.302857491836463	230.0	33	1.05	0.95				
	312	1	0.0	0.0	0.0	0.0	3	1.0029369971555104	25.536223409749304	230.0	33	1.05	0.95				
	313	2	159.66229041754386	32.534957292631574	0.0	0.0	3	1.0063645177195661	28.22279150987089	230.0	34	1.05	0.95				
	314	2	116.88484656982455	23.49746915578947	0.0	0.0	3	0.9909322225444116	25.6148717729071	230.0	36	1.05	0.95				
	315	2	190.9922492919298	38.559949383859646	0.0	0.0	3	0.9885157724502965	25.699926636406165	230.0	36	1.05	0.95				
	316	2	60.2499209122807	12.04998418245614	0.0	0.0	3	0.9814023412349269	26.008342972520495	230.0	36	1.05	0.95				
	317	1	0.0	0.0	0.0	0.0	3	0.9942717982421871	29.092767967235428	230.0	37	1.05	0.95				
	318	2	200.63223663789472	40.96994622035088	0.0	0.0	3	0.9870750670500201	25.135246616955968	230.0	37	1.05	0.95				
	319	1	109.05235685122807	22.29247073754386	0.0	0.0	3	0.991151109332782	25.417801331875417	230.0	35	1.05	0.95				
	320	1	77.11989876771929	15.664979437192983	0.0	0.0	3	1.002139297488353	24.90908458996663	230.0	35	1.05	0.95				
	321	2	0.0	0.0	0.0	0.0	3	0.9952187283645804	25.85228903952536	230.0	37	1.05	0.95				
	322	2	0.0	0.0	0.0	0.0	3	1.0128222556283977	30.242306265258176	230.0	37	1.05	0.95				
	323	2	0.0	0.0	0.0	0.0	3	1.0084933604459327	24.638416587354968	230.0	35	1.05	0.95				
	324	1	0.0	0.0	0.0	0.0	3	0.9987422941039659	30.312523831256126	230.0	36	1.05	0.95				
