%% MATPOWER Case Format : Version 2
function mpc = RTS_GMLC
mpc.version = '2';

%%-----  Power Flow Data  -----%%
%% system MVA base
mpc.baseMVA = 100.0;
%% bus data
%    bus_i    type    Pd    Qd    Gs    Bs    area    Vm    Va    baseKV    zone    Vmax    Vmin
mpc.bus = [
	101	2	47.11974271578948	9.59846610877193	0.0	0.0	1	1.05	5.710085361023843	138.0	11	1.05	0.95				
	102	2	42.320509661403506	8.725878280701755	0.0	0.0	1	1.049862257148999	5.382360618337708	138.0	12	1.05	0.95				
	103	1	78.53290452631579	16.142874819298246	0.0	0.0	1	1.0300236741741264	1.0683915396896322	138.0	11	1.05	0.95				
	104	1	32.28574963859649	6.544408710526316	0.0	0.0	1	1.0305716481781675	1.2365406892218305	138.0	11	1.05	0.95				
	105	1	30.97686789649123	6.108114796491228	0.0	0.0	1	1.0427093433610575	1.1521331999656426	138.0	11	1.05	0.95				
	106	1	59.335972308771936	12.216229592982456	0.0	-100.0	1	1.047983933837696	-1.8968446284406326	138.0	12	1.05	0.95				
	107	2	54.53673925438597	10.907347850877192	0.0	0.0	1	1.001561222518927	-8.639717595969218	138.0	12	1.05	0.95				
	108	1	74.6062593	15.270286991228069	0.0	0.0	1	1.0045204064752458	-7.139330867959305	138.0	12	1.05	0.95				
	109	1	76.35143495614035	15.706580905263156	0.0	0.0	1	1.0246832779158939	-1.622608942330328	138.0	13	1.05	0.95				
	110	1	85.0773132368421	17.45175656140351	0.0	0.0	1	1.05	-2.1821705185665325	138.0	13	1.05	0.95				
	111	1	0.0	0.0	0.0	0.0	1	1.0035895060496578	-0.5460534812664144	230.0	13	1.05	0.95				
	112	1	0.0	0.0	0.0	0.0	1	1.0084068208164558	-0.4271849501747778	230.0	13	1.05	0.95				
	113	3	115.61788721929824	23.55987135789474	0.0	0.0	1	0.9957347024784182	-8.706343588600302e-31	230.0	14	1.05	0.95				
	114	2	84.64101932280701	17.01546264736842	0.0	0.0	1	0.998233835620551	0.45320520667346637	230.0	16	1.05	0.95				
	115	2	138.3051707491228	27.922810498245614	0.0	0.0	1	1.0317213760526327	5.215735012904118	230.0	16	1.05	0.95				
	116	2	43.62939140350877	8.725878280701755	0.0	0.0	1	1.027015972972984	4.457161399611699	230.0	16	1.05	0.95				
	117	1	0.0	0.0	0.0	0.0	1	1.035694337700141	7.289206637813986	230.0	17	1.05	0.95				
	118	2	145.2858733736842	29.667986154385968	0.0	0.0	1	1.0390456837900928	7.665704753713677	230.0	17	1.05	0.95				
	119	1	78.96919844035088	16.142874819298246	0.0	0.0	1	1.0188193264360466	2.998251910386753	230.0	15	1.05	0.95				
	120	1	55.84562099649123	11.343641764912281	0.0	0.0	1	1.0145826191774616	2.3532086977163265	230.0	15	1.05	0.95				
	121	2	0.0	0.0	0.0	0.0	1	1.0423671610065162	8.862847884710368	230.0	17	1.05	0.95				
	122	2	0.0	0.0	0.0	0.0	1	1.05	15.804610877952296	230.0	17	1.05	0.95				
	123	2	0.0	0.0	0.0	0.0	1	1.012829987145019	2.3414321480471463	230.0	15	1.05	0.95				
	124	1	0.0	0.0	0.0	0.0	1	1.0244631305830212	3.655601171950193	230.0	16	1.05	0.95				
	201	2	43.12860066947369	8.785455691929824	0.0	0.0	2	1.014218746484928	-10.676054302720893	138.0	21	1.05	0.95				
	202	2	38.73587282350877	7.986777901754387	0.0	0.0	2	1.0133349971465746	-10.932509165053808	138.0	22	1.05	0.95				
	203	1	71.88100111578947	14.775539118245614	0.0	0.0	2	1.0157237387377491	-7.578974960730881	138.0	21	1.05	0.95				
	204	1	29.55107823649123	5.990083426315789	0.0	0.0	2	1.0126491070297596	-10.443699695816367	138.0	21	1.05	0.95				
	205	1	28.35306155122807	5.590744531228071	0.0	0.0	2	1.0272632053350705	-10.806038841633653	138.0	21	1.05	0.95				
	206	1	54.310089731929835	11.181489062456142	0.0	-100.0	2	1.042618205763197	-11.383592248323302	138.0	22	1.05	0.95				
	207	2	49.91736188596491	9.983472377192983	0.0	0.0	2	0.9964308547069385	-16.155107380011202	138.0	22	1.05	0.95				
	208	1	68.28695106	13.976861328070175	0.0	0.0	2	1.002152886619812	-14.365978005956313	138.0	22	1.05	0.95				
	209	1	69.88430664035089	14.376200223157895	0.0	0.0	2	1.0235397717240413	-8.39006510476534	138.0	23	1.05	0.95				
	210	1	77.87108454210527	15.973555803508773	0.0	0.0	2	1.05	-9.650427084578906	138.0	23	1.05	0.95				
	211	1	0.0	0.0	0.0	0.0	2	1.0039162503300094	-5.732436900663918	230.0	23	1.05	0.95				
	212	1	0.0	0.0	0.0	0.0	2	1.0087132543776216	-3.327209875097289	230.0	23	1.05	0.95				
	213	2	105.82480719824561	21.564300334736846	0.0	0.0	2	0.9987047236812726	-3.994640473185754	230.0	24	1.05	0.95				
	214	2	77.47174564701754	15.574216908421054	0.0	0.0	2	1.0027127425360083	-3.827194509295291	230.0	26	1.05	0.95				
	215	2	126.590429742807	25.55768928561404	0.0	0.0	2	1.020766101233351	1.6288984604468602	230.0	26	1.05	0.95				
	216	2	39.933889508771934	7.986777901754387	0.0	0.0	2	1.0203787622880731	1.301608152032018	230.0	26	1.05	0.95				
	217	1	0.0	0.0	0.0	0.0	2	1.0249753323902104	2.3732242384346915	230.0	27	1.05	0.95				
	218	2	132.97985206421052	27.155044865964918	0.0	0.0	2	1.0245246918397275	2.062764760092401	230.0	27	1.05	0.95				
	219	1	72.2803400108772	14.775539118245614	0.0	0.0	2	1.019718613915118	1.2164569535249152	230.0	25	1.05	0.95				
	220	1	51.11537857122808	10.382811272280703	0.0	0.0	2	1.0217104088096982	1.9324569875989472	230.0	25	1.05	0.95				
	221	2	0.0	0.0	0.0	0.0	2	1.0267901881160983	2.713739835870439	230.0	27	1.05	0.95				
	222	2	0.0	0.0	0.0	0.0	2	1.048380827739725	9.090586913856237	230.0	27	1.05	0.95				
	223	2	0.0	0.0	0.0	0.0	2	1.023425169290307	2.6353014366763503	230.0	25	1.05	0.95				
	224	1	0.0	0.0	0.0	0.0	2	1.0075381987119665	-1.8371720557734557	230.0	26	1.05	0.95				
	301	2	55.22999051368422	11.250553623157895	0.0	0.0	3	1.0118621996276194	-12.054220238851233	138.0	31	1.05	0.95				
	302	2	49.60471370210527	10.227776021052632	0.0	0.0	3	1.0111149615944994	-12.219491078592306	138.0	32	1.05	0.95				
	303	1	92.0499841894737	18.92138563894737	0.0	0.0	3	1.032522710025354	-4.130169574016681	138.0	31	1.05	0.95				
	304	1	37.84277127789474	7.670832015789474	0.0	0.0	3	1.0109760643084065	-10.452660216789544	138.0	31	1.05	0.95				
	305	1	36.308604874736844	7.159443214736844	0.0	0.0	3	1.0242650554218549	-11.666188729464638	138.0	31	1.05	0.95				
	306	1	69.54887694315791	14.318886429473688	0.0	-100.0	3	1.0387913925143486	-12.032697029602932	138.0	32	1.05	0.95				
	307	2	63.92360013157895	12.78472002631579	0.0	0.0	3	0.9978826054782705	-16.39921795936377	138.0	32	1.05	0.95				
	308	1	87.44748498	17.898608036842106	0.0	0.0	3	1.002382033469012	-14.066331844894187	138.0	32	1.05	0.95				
	309	1	89.49304018421054	18.409996837894738	0.0	0.0	3	1.027936841554223	-6.9247195165493185	138.0	33	1.05	0.95				
	310	1	99.72081620526316	20.455552042105264	0.0	0.0	3	1.05	-9.635370124260023	138.0	33	1.05	0.95				
	311	1	0.0	0.0	0.0	0.0	3	1.0104536738756593	-3.3062260119023605	230.0	33	1.05	0.95				
	312	1	0.0	0.0	0.0	0.0	3	1.0129669746108616	-3.0970110089676117	230.0	33	1.05	0.95				
	313	2	135.51803227894737	27.61499525684211	0.0	0.0	3	1.0153664301450582	0.7267888095904766	230.0	34	1.05	0.95				
	314	2	99.20942740421054	19.944163241052635	0.0	0.0	3	1.0118735965707912	-1.7832602499637087	230.0	36	1.05	0.95				
	315	2	162.1102499336842	32.728883267368424	0.0	0.0	3	1.0284521929778208	-0.4165927990923739	230.0	36	1.05	0.95				
	316	2	51.13888010526316	10.227776021052632	0.0	0.0	3	1.0271047970882985	0.11690020812458984	230.0	36	1.05	0.95				
	317	1	0.0	0.0	0.0	0.0	3	1.032539686805365	1.420115246245673	230.0	37	1.05	0.95				
	318	2	170.29247075052635	34.774438471578954	0.0	0.0	3	1.029919304216696	0.6302324696911048	230.0	37	1.05	0.95				
	319	1	92.56137299052632	18.92138563894737	0.0	0.0	3	1.0257925353092834	0.8833782476641624	230.0	35	1.05	0.95				
	320	1	65.45776653473685	13.296108827368421	0.0	0.0	3	1.0250162210865061	1.030694224748555	230.0	35	1.05	0.95				
	321	2	0.0	0.0	0.0	0.0	3	1.0315724865059854	0.8401020018983076	230.0	37	1.05	0.95				
	322	2	0.0	0.0	0.0	0.0	3	1.0452543173224518	5.414210574233479	230.0	37	1.05	0.95				
	323	2	0.0	0.0	0.0	0.0	3	1.024955730610936	1.263296182327436	230.0	35	1.05	0.95				
	324	1	0.0	0.0	0.0	0.0	3	1.0261091285054926	-0.08270163797939227	230.0	36	1.05	0.95				
	325	1	0.0	0.0	0.0	0.0	3	1.025263709061454	1.9135466768456764	230.0	35	1.05	0.95				
];
