%% MATPOWER Case Format : Version 2
function mpc = RTS_GMLC
mpc.version = '2';

%%-----  Power Flow Data  -----%%
%% system MVA base
mpc.baseMVA = 100.0;
%% bus data
%    bus_i    type    Pd    Qd    Gs    Bs    area    Vm    Va    baseKV    zone    Vmax    Vmin
mpc.bus = [
	101	2	92.51608115368421	18.845868383157892	0.0	0.0	1	1.0499990528743355	-0.589316723938089	138.0	11	1.05	0.95				
	102	2	83.09314696210525	17.13260762105263	0.0	0.0	1	1.0497492526628125	-0.7490441450156496	138.0	12	1.05	0.95				
	103	1	154.1934685894737	31.69532409894737	0.0	0.0	1	1.0230294422197836	-2.1370074667147985	138.0	11	1.05	0.95				
	104	1	63.39064819789474	12.849455715789473	0.0	0.0	1	1.0243401048314738	-4.374786027969996	138.0	11	1.05	0.95				
	105	1	60.82075705473684	11.992825334736843	0.0	0.0	1	1.0378207200728846	-4.856453020639537	138.0	11	1.05	0.95				
	106	1	116.50173182315791	23.985650669473685	0.0	-100.0	1	1.036286586784936	-8.043924871519575	138.0	12	1.05	0.95				
	107	2	107.07879763157895	21.41575952631579	0.0	0.0	1	1.0433841027375297	-6.065408055912486	138.0	12	1.05	0.95				
	108	1	146.48379516	29.982063336842103	0.0	0.0	1	1.0185368956505965	-8.603431399564743	138.0	12	1.05	0.95				
	109	1	149.91031668421053	30.83869371789473	0.0	0.0	1	1.026979876735968	-4.989141205577352	138.0	13	1.05	0.95				
	110	1	167.04292430526314	34.26521524210526	0.0	0.0	1	1.05	-6.572119876915175	138.0	13	1.05	0.95				
	111	1	0.0	0.0	0.0	0.0	1	1.0170550575713107	-2.095738446087473	230.0	13	1.05	0.95				
	112	1	0.0	0.0	0.0	0.0	1	1.0184113886460706	-1.31629870565995	230.0	13	1.05	0.95				
	113	3	227.00705097894738	46.258040576842106	0.0	0.0	1	1.019714341463678	-2.6685698434206767e-27	230.0	14	1.05	0.95				
	114	2	166.1862939242105	33.40858486105263	0.0	0.0	1	1.02178098713845	-0.23298377500147757	230.0	16	1.05	0.95				
	115	2	271.5518307936842	54.82434438736842	0.0	0.0	1	1.0429819390721986	8.488481927635545	230.0	16	1.05	0.95				
	116	2	85.66303810526315	17.13260762105263	0.0	0.0	1	1.0421475324146725	7.639999485098944	230.0	16	1.05	0.95				
	117	1	0.0	0.0	0.0	0.0	1	1.0450627606206198	11.20571152683296	230.0	17	1.05	0.95				
	118	2	285.2579168905263	58.250865911578956	0.0	0.0	1	1.0484630343652308	11.57261259186024	230.0	17	1.05	0.95				
	119	1	155.0500989705263	31.69532409894737	0.0	0.0	1	1.0362897237606967	5.950029395198225	230.0	15	1.05	0.95				
	120	1	109.64868877473684	22.27238990736842	0.0	0.0	1	1.0385153216856133	5.720262321899462	230.0	15	1.05	0.95				
	121	2	0.0	0.0	0.0	0.0	1	1.05	13.500147591664794	230.0	17	1.05	0.95				
	122	2	0.0	0.0	0.0	0.0	1	1.05	22.94590379287624	230.0	17	1.05	0.95				
	123	2	0.0	0.0	0.0	0.0	1	1.0422298328340378	6.225521061938599	230.0	15	1.05	0.95				
	124	1	0.0	0.0	0.0	0.0	1	1.0222315102599955	4.544882418663299	230.0	16	1.05	0.95				
	201	2	84.48921769263158	17.210766567017547	0.0	0.0	2	1.041080730973397	-12.715644848789223	138.0	21	1.05	0.95				
	202	2	75.88383440912281	15.646151424561406	0.0	0.0	2	1.0413749186696029	-12.796748710135265	138.0	22	1.05	0.95				
	203	1	140.81536282105264	28.945380135438597	0.0	0.0	2	1.0259469338708176	-9.609895561196517	138.0	21	1.05	0.95				
	204	1	57.890760270877195	11.734613568421054	0.0	0.0	2	1.0193108384197558	-14.112265755460198	138.0	21	1.05	0.95				
	205	1	55.54383755719299	10.952305997192985	0.0	0.0	2	1.0356251544043082	-14.549438324394272	138.0	21	1.05	0.95				
	206	1	106.39382968701756	21.90461199438597	0.0	-100.0	2	1.037943118300964	-16.313075030701864	138.0	22	1.05	0.95				
	207	2	97.78844640350879	19.557689280701755	0.0	0.0	2	0.9513853231282734	-27.992881667421123	138.0	22	1.05	0.95				
	208	1	133.77459468	27.38076499298246	0.0	0.0	2	0.9577848886917054	-24.04575365117346	138.0	22	1.05	0.95				
	209	1	136.9038249649123	28.163072564210527	0.0	0.0	2	1.0261690317577195	-12.033101194689138	138.0	23	1.05	0.95				
	210	1	152.5499763894737	31.292302849122812	0.0	0.0	2	1.05	-13.95874950743232	138.0	23	1.05	0.95				
	211	1	0.0	0.0	0.0	0.0	2	1.0307840753202726	-8.182233622002475	230.0	23	1.05	0.95				
	212	1	0.0	0.0	0.0	0.0	2	1.0256394185630615	-3.314099233313255	230.0	23	1.05	0.95				
	213	2	207.31150637543863	42.24460884631579	0.0	0.0	2	1.0413506576696197	-5.474704409979738	230.0	24	1.05	0.95				
	214	2	151.76766881824562	30.509995277894742	0.0	0.0	2	1.0468962622212563	-5.92073705288146	230.0	26	1.05	0.95				
	215	2	247.99150007929828	50.06768455859649	0.0	0.0	2	1.045944963310679	2.19907365582841	230.0	26	1.05	0.95				
	216	2	78.23075712280702	15.646151424561406	0.0	0.0	2	1.0479928587292735	2.1138655212416686	230.0	26	1.05	0.95				
	217	1	0.0	0.0	0.0	0.0	2	1.0491684004657917	4.8464571696482075	230.0	27	1.05	0.95				
	218	2	260.50842121894743	53.19691484350878	0.0	0.0	2	1.0498558170224388	5.181752673930823	230.0	27	1.05	0.95				
	219	1	141.59767039228072	28.945380135438597	0.0	0.0	2	1.0429693609931603	2.2362226631219175	230.0	25	1.05	0.95				
	220	1	100.13536911719298	20.33999685192983	0.0	0.0	2	1.0456909558466552	3.806803630101101	230.0	25	1.05	0.95				
	221	2	0.0	0.0	0.0	0.0	2	1.05	5.270110399918034	230.0	27	1.05	0.95				
	222	2	0.0	0.0	0.0	0.0	2	1.05	11.616186617937057	230.0	27	1.05	0.95				
	223	2	0.0	0.0	0.0	0.0	2	1.05	5.234945435663454	230.0	25	1.05	0.95				
	224	1	0.0	0.0	0.0	0.0	2	1.0236114095157338	-2.186712909375303	230.0	26	1.05	0.95				
	301	2	75.49066750736843	15.37772856631579	0.0	0.0	3	0.9877097452647399	-2.354462195364405	138.0	31	1.05	0.95				
	302	2	67.80180322421053	13.979753242105264	0.0	0.0	3	0.9890451141627604	-2.4472309770481773	138.0	32	1.05	0.95				
	303	1	125.81777917894739	25.862543497894734	0.0	0.0	3	1.0027649938916459	2.465813515071192	138.0	31	1.05	0.95				
	304	1	51.72508699578947	10.484814931578947	0.0	0.0	3	0.9856169977225252	0.1493328696376366	138.0	31	1.05	0.95				
	305	1	49.62812400947369	9.785827269473685	0.0	0.0	3	0.9979908535807864	-0.06377272305869712	138.0	31	1.05	0.95				
	306	1	95.0623220463158	19.57165453894737	0.0	-100.0	3	1.0119083913951201	0.42840042486826024	138.0	32	1.05	0.95				
	307	2	87.3734577631579	17.47469155263158	0.0	0.0	3	0.9676570356690992	-5.033990796152728	138.0	32	1.05	0.95				
	308	1	119.52689022	24.46456817368421	0.0	0.0	3	0.9745320608075976	-1.6507843186489688	138.0	32	1.05	0.95				
	309	1	122.32284086842107	25.163555835789474	0.0	0.0	3	1.009638834144572	5.21916232728525	138.0	33	1.05	0.95				
	310	1	136.30259411052631	27.95950648421053	0.0	0.0	3	1.0308985557445647	4.549458457814546	138.0	33	1.05	0.95				
	311	1	0.0	0.0	0.0	0.0	3	1.0026814193631934	12.39532151770947	230.0	33	1.05	0.95				
	312	1	0.0	0.0	0.0	0.0	3	1.0067836987130787	13.647903890866987	230.0	33	1.05	0.95				
	313	2	185.23173045789474	37.745333753684214	0.0	0.0	3	1.032356586152976	21.14325644750735	230.0	34	1.05	0.95				
	314	2	135.60360644842106	27.26051882210527	0.0	0.0	3	1.0098914885566221	11.979728924137069	230.0	36	1.05	0.95				
	315	2	221.5790888873684	44.735210374736845	0.0	0.0	3	1.0357300683000075	8.64835670708636	230.0	36	1.05	0.95				
	316	2	69.89876621052632	13.979753242105264	0.0	0.0	3	1.0350320032528006	10.127970272510622	230.0	36	1.05	0.95				
	317	1	0.0	0.0	0.0	0.0	3	1.0409074498972934	9.975202999079437	230.0	37	1.05	0.95				
	318	2	232.76289148105266	47.5311610231579	0.0	0.0	3	1.0394768999332504	8.723300022807178	230.0	37	1.05	0.95				
	319	1	126.51676684105264	25.862543497894734	0.0	0.0	3	1.0320253544039424	12.180593386939766	230.0	35	1.05	0.95				
	320	1	89.47042074947369	18.173679214736843	0.0	0.0	3	1.032695151399442	13.802086915221487	230.0	35	1.05	0.95				
	321	2	0.0	0.0	0.0	0.0	3	1.0405057166722151	9.609942569406705	230.0	37	1.05	0.95				
	322	2	0.0	0.0	0.0	0.0	3	1.05	14.0722204535089	230.0	37	1.05	0.95				
	323	2	0.0	0.0	0.0	0.0	3	1.0333878463948991	14.438774169661185	230.0	35	1.05	0.95				
	324	1	0.0	0.0	0.0	0.0	3	1.0175823727310471	8.400942430299104	230.0	36	1.05	0.95				
	325	1	0.0	0.0	0.0	0.0	3	1.0357995721648476	14.367102785455218	230.0	35	1.05	0.95				
];
