%% MATPOWER Case Format : Version 2
function mpc = RTS_GMLC
mpc.version = '2';

%%-----  Power Flow Data  -----%%
%% system MVA base
mpc.baseMVA = 100.0;
%% bus data
%    bus_i    type    Pd    Qd    Gs    Bs    area    Vm    Va    baseKV    zone    Vmax    Vmin
mpc.bus = [
	101	2	42.48391884631579	8.654131616842104	0.0	0.0	1	0.9850161839549763	-6.48621725167031	138.0	11	1.05	0.95				
	102	2	38.156853037894734	7.867392378947368	0.0	0.0	1	0.984694544190193	-6.674466018845503	138.0	12	1.05	0.95				
	103	1	70.8065314105263	14.55467590105263	0.0	0.0	1	1.0144533783460756	1.0145772018663257	138.0	11	1.05	0.95				
	104	1	29.10935180210526	5.900544284210525	0.0	0.0	1	1.0001208413695166	-5.764086668431873	138.0	11	1.05	0.95				
	105	1	27.929242945263155	5.5071746652631575	0.0	0.0	1	1.0123981813867204	-6.654539527605701	138.0	11	1.05	0.95				
	106	1	53.4982681768421	11.014349330526315	0.0	-100.0	1	1.0357580173763463	-7.235596249920808	138.0	12	1.05	0.95				
	107	2	49.17120236842105	9.83424047368421	0.0	0.0	1	0.9902047435197535	-11.118345323315152	138.0	12	1.05	0.95				
	108	1	67.26620483999999	13.767936663157892	0.0	0.0	1	0.9991153002920499	-9.51909292761446	138.0	12	1.05	0.95				
	109	1	68.83968331578947	14.16130628210526	0.0	0.0	1	1.0244965537808075	-3.3961808176423602	138.0	13	1.05	0.95				
	110	1	76.70707569473684	15.734784757894737	0.0	0.0	1	1.05	-5.535422955783038	138.0	13	1.05	0.95				
	111	1	0.0	0.0	0.0	0.0	1	1.0208251678525297	0.10291185948369837	230.0	13	1.05	0.95				
	112	1	0.0	0.0	0.0	0.0	1	1.0164459340423804	-1.2751817202782316	230.0	13	1.05	0.95				
	113	3	104.24294902105262	21.241959423157894	0.0	0.0	1	1.006496600475572	-5.066977743510441e-29	230.0	14	1.05	0.95				
	114	2	76.31370607578947	15.341415138947367	0.0	0.0	1	1.05	4.61307341123202	230.0	16	1.05	0.95				
	115	2	124.69816920631578	25.175655612631576	0.0	0.0	1	1.035082472371054	15.882317522285499	230.0	16	1.05	0.95				
	116	2	39.33696189473684	7.867392378947368	0.0	0.0	1	1.0369646067327927	13.642384685729919	230.0	16	1.05	0.95				
	117	1	0.0	0.0	0.0	0.0	1	1.035555438739793	20.54385367590494	230.0	17	1.05	0.95				
	118	2	130.99208310947367	26.74913408842105	0.0	0.0	1	1.0453857346342583	21.50708125710565	230.0	17	1.05	0.95				
	119	1	71.19990102947368	14.55467590105263	0.0	0.0	1	1.0354390443646682	8.678189942758108	230.0	15	1.05	0.95				
	120	1	50.35131122526315	10.22761009263158	0.0	0.0	1	1.0421989010339583	5.141939874727248	230.0	15	1.05	0.95				
	121	2	0.0	0.0	0.0	0.0	1	1.040353061708571	23.40857033051611	230.0	17	1.05	0.95				
	122	2	0.0	0.0	0.0	0.0	1	1.05	41.39357877149382	230.0	17	1.05	0.95				
	123	2	0.0	0.0	0.0	0.0	1	1.0473658791304579	3.5082233274058994	230.0	15	1.05	0.95				
	124	1	0.0	0.0	0.0	0.0	1	1.0082936825543036	10.360151241333122	230.0	16	1.05	0.95				
	201	2	39.643632947368424	8.075554859649122	0.0	0.0	2	1.0063876698586878	-14.675758707400384	138.0	21	1.05	0.95				
	202	2	35.60585551754386	7.3414135087719306	0.0	0.0	2	1.0051511209103385	-14.952306259563835	138.0	22	1.05	0.95				
	203	1	66.07272157894737	13.581614991228069	0.0	0.0	2	1.0147437972032531	-11.143807990427947	138.0	21	1.05	0.95				
	204	1	27.163229982456137	5.5060601315789475	0.0	0.0	2	1.009658503150795	-14.727290731374074	138.0	21	1.05	0.95				
	205	1	26.062017956140348	5.138989456140351	0.0	0.0	2	1.0237535868972782	-15.120641715313164	138.0	21	1.05	0.95				
	206	1	49.921611859649126	10.277978912280702	0.0	-100.0	2	1.0415088261267447	-15.846874509388837	138.0	22	1.05	0.95				
	207	2	45.88383442982457	9.176766885964913	0.0	0.0	2	0.9892753440146553	-20.124474251521704	138.0	22	1.05	0.95				
	208	1	62.7690855	12.847473640350875	0.0	0.0	2	0.9992916116795277	-18.535326827321445	138.0	22	1.05	0.95				
	209	1	64.23736820175438	13.214544315789473	0.0	0.0	2	1.0234924406883856	-13.014846152302134	138.0	23	1.05	0.95				
	210	1	71.57878171052631	14.682827017543861	0.0	0.0	2	1.05	-14.375045165902389	138.0	23	1.05	0.95				
	211	1	0.0	0.0	0.0	0.0	2	1.005488659852789	-10.251184071587675	230.0	23	1.05	0.95				
	212	1	0.0	0.0	0.0	0.0	2	1.0131635688028726	-9.529078143841513	230.0	23	1.05	0.95				
	213	2	97.27372899122807	19.821816473684212	0.0	0.0	2	1.003595267775995	-8.923684464816441	230.0	24	1.05	0.95				
	214	2	71.21171103508772	14.315756342105265	0.0	0.0	2	1.0035408116883804	-7.847942728016411	230.0	26	1.05	0.95				
	215	2	116.36140411403508	23.492523228070176	0.0	0.0	2	1.0287580509649632	-1.7510828947073929	230.0	26	1.05	0.95				
	216	2	36.70706754385965	7.3414135087719306	0.0	0.0	2	1.0311473130035738	-2.3455682749245126	230.0	26	1.05	0.95				
	217	1	0.0	0.0	0.0	0.0	2	1.0370905832698976	-0.23916136108496014	230.0	27	1.05	0.95				
	218	2	122.23453492105263	24.960805929824563	0.0	0.0	2	1.0353231991389191	-0.6794636983297412	230.0	27	1.05	0.95				
	219	1	66.43979225438596	13.581614991228069	0.0	0.0	2	1.0376697092275515	-2.4585865835587435	230.0	25	1.05	0.95				
	220	1	46.98504645614035	9.543837561403508	0.0	0.0	2	1.0453941074898658	-1.8545872083229495	230.0	25	1.05	0.95				
	221	2	0.0	0.0	0.0	0.0	2	1.0356346321310606	-0.2400453821195252	230.0	27	1.05	0.95				
	222	2	0.0	0.0	0.0	0.0	2	1.05	6.259212992798474	230.0	27	1.05	0.95				
	223	2	0.0	0.0	0.0	0.0	2	1.05	-1.2550948096767216	230.0	25	1.05	0.95				
	224	1	0.0	0.0	0.0	0.0	2	1.0118707833934983	-5.2544205533003705	230.0	26	1.05	0.95				
	301	2	41.255931675789476	8.403986082105263	0.0	0.0	3	1.0158938039865235	19.140310559087343	138.0	31	1.05	0.95				
	302	2	37.05393863473684	7.639987347368421	0.0	0.0	3	1.0145891496341573	18.783594746725893	138.0	32	1.05	0.95				
	303	1	68.75988612631579	14.133976592631578	0.0	0.0	3	1.05	33.518481261605245	138.0	31	1.05	0.95				
	304	1	28.267953185263156	5.729990510526315	0.0	0.0	3	1.009380954264947	19.82886709613727	138.0	31	1.05	0.95				
	305	1	27.121955083157896	5.347991143157895	0.0	0.0	3	1.0253264261818364	17.481134586851933	138.0	31	1.05	0.95				
	306	1	51.951913962105266	10.69598228631579	0.0	-100.0	3	1.038465753622728	16.06899629391078	138.0	32	1.05	0.95				
	307	2	47.74992092105263	9.549984184210526	0.0	0.0	3	0.95	13.077549850057506	138.0	32	1.05	0.95				
	308	1	65.32189182	13.369977857894735	0.0	0.0	3	0.9726871509390949	14.663279640750083	138.0	32	1.05	0.95				
	309	1	66.84988928947368	13.751977225263158	0.0	0.0	3	1.0163974678971501	22.286992186604476	138.0	33	1.05	0.95				
	310	1	74.4898766368421	15.279974694736842	0.0	0.0	3	1.0440498938424099	17.04961482466938	138.0	33	1.05	0.95				
	311	1	0.0	0.0	0.0	0.0	3	1.0042070072806122	20.27931950419841	230.0	33	1.05	0.95				
	312	1	0.0	0.0	0.0	0.0	3	1.00973983219552	20.28081438981403	230.0	33	1.05	0.95				
	313	2	101.22983235263156	20.627965837894738	0.0	0.0	3	1.003859415257965	20.452103322064033	230.0	34	1.05	0.95				
	314	2	74.10787726947368	14.897975327368421	0.0	0.0	3	0.9993405930901381	20.839499489880602	230.0	36	1.05	0.95				
	315	2	121.09379945578947	24.447959511578947	0.0	0.0	3	1.0478626330058443	24.30677535487395	230.0	36	1.05	0.95				
	316	2	38.199936736842105	7.639987347368421	0.0	0.0	3	1.0305826163312333	23.86739588438973	230.0	36	1.05	0.95				
	317	1	0.0	0.0	0.0	0.0	3	1.05	28.03110619798727	230.0	37	1.05	0.95				
	318	2	127.20578933368421	25.975956981052633	0.0	0.0	3	1.0485363777434473	24.35511030543547	230.0	37	1.05	0.95				
	319	1	69.14188549368421	14.133976592631578	0.0	0.0	3	1.0228249016929232	22.25658721531019	230.0	35	1.05	0.95				
	320	1	48.895919023157894	9.931983551578947	0.0	0.0	3	1.0188947382128504	21.595347956251764	230.0	35	1.05	0.95				
	321	2	0.0	0.0	0.0	0.0	3	1.05	25.011237311242482	230.0	37	1.05	0.95				
	322	2	0.0	0.0	0.0	0.0	3	1.0499999980476642	30.54452705621934	230.0	37	1.05	0.95				
	323	2	0.0	0.0	0.0	0.0	3	1.0170419324120352	21.530689090307455	230.0	35	1.05	0.95				
	324	1	0.0	0.0	0.0	0.0	3	1.0457322476536215	27.828987796744183	230.0	36	1.05	0.95				
	325	1	0.0	0.0	0.0	0.0	3	1.0194836179369882	21.703091255144948	230.0	35	1.05	0.95				
];
