%% MATPOWER Case Format : Version 2
function mpc = RTS_GMLC
mpc.version = '2';

%%-----  Power Flow Data  -----%%
%% system MVA base
mpc.baseMVA = 100.0;
%% bus data
%    bus_i    type    Pd    Qd    Gs    Bs    area    Vm    Va    baseKV    zone    Vmax    Vmin
mpc.bus = [
	101	2	34.187530926315794	6.964126670175438	0.0	0.0	1	0.9923022694851156	-5.443884935270089	138.0	11	1.05	0.95				
	102	2	30.705467591228068	6.331024245614035	0.0	0.0	1	0.9921028993563588	-5.595866495725047	138.0	12	1.05	0.95				
	103	1	56.97921821052632	11.712394854385966	0.0	0.0	1	1.0239790638521646	0.38690071606226384	138.0	11	1.05	0.95				
	104	1	23.424789708771932	4.748268184210526	0.0	0.0	1	1.00570727259886	-4.90407627341021	138.0	11	1.05	0.95				
	105	1	22.475136071929825	4.431716971929825	0.0	0.0	1	1.0172403603944842	-5.628307519269377	138.0	11	1.05	0.95				
	106	1	43.05096487017545	8.86343394385965	0.0	-100.0	1	1.0397727145777018	-6.150700887213836	138.0	12	1.05	0.95				
	107	2	39.56890153508772	7.913780307017544	0.0	0.0	1	0.9887723536813445	-9.600386633078644	138.0	12	1.05	0.95				
	108	1	54.1302573	11.07929242982456	0.0	0.0	1	1.0012113399236464	-8.163289218291878	138.0	12	1.05	0.95				
	109	1	55.396462149122804	11.395843642105262	0.0	0.0	1	1.02541163653376	-3.0262291299735002	138.0	13	1.05	0.95				
	110	1	61.72748639473684	12.66204849122807	0.0	0.0	1	1.05	-4.775907298033139	138.0	13	1.05	0.95				
	111	1	0.0	0.0	0.0	0.0	1	1.0136951755706458	-0.1541973551316726	230.0	13	1.05	0.95				
	112	1	0.0	0.0	0.0	0.0	1	1.0106266260756112	-1.2271419332349587	230.0	13	1.05	0.95				
	113	3	83.88607125438597	17.093765463157897	0.0	0.0	1	0.9942743209394246	-4.779163252562625e-30	230.0	14	1.05	0.95				
	114	2	61.410935182456136	12.345497278947368	0.0	0.0	1	1.036057755533317	3.4378998032933135	230.0	16	1.05	0.95				
	115	2	100.34673429298246	20.259277585964913	0.0	0.0	1	1.0405867794653034	12.082886175202255	230.0	16	1.05	0.95				
	116	2	31.655121228070175	6.331024245614035	0.0	0.0	1	1.040157167928685	10.517348731500661	230.0	16	1.05	0.95				
	117	1	0.0	0.0	0.0	0.0	1	1.039460592680825	16.13322487595982	230.0	17	1.05	0.95				
	118	2	105.41155368947368	21.525482435087724	0.0	0.0	1	1.0474046144567177	16.569943286942543	230.0	17	1.05	0.95				
	119	1	57.29576942280702	11.712394854385966	0.0	0.0	1	1.034576349010849	6.665226254426695	230.0	15	1.05	0.95				
	120	1	40.518555171929826	8.230331519298247	0.0	0.0	1	1.034710633482751	3.913968964568745	230.0	15	1.05	0.95				
	121	2	0.0	0.0	0.0	0.0	1	1.0394382582018198	17.81365547972433	230.0	17	1.05	0.95				
	122	2	0.0	0.0	0.0	0.0	1	1.05	35.805873625677485	230.0	17	1.05	0.95				
	123	2	0.0	0.0	0.0	0.0	1	1.0353847435907937	2.6427152151620703	230.0	15	1.05	0.95				
	124	1	0.0	0.0	0.0	0.0	1	1.0197424315750214	7.725606801394348	230.0	16	1.05	0.95				
	201	2	36.03966630063158	7.34141350568421	0.0	0.0	2	1.0075803064428657	-13.654360907933551	138.0	21	1.05	0.95				
	202	2	32.36895954778947	6.674012277894736	0.0	0.0	2	1.0062861327716532	-13.928262372098242	138.0	22	1.05	0.95				
	203	1	60.06611050105263	12.346922714105261	0.0	0.0	2	1.0132416299617628	-10.2882994085199	138.0	21	1.05	0.95				
	204	1	24.693845428210523	5.005509208421052	0.0	0.0	2	1.0104091037646743	-13.838286856362856	138.0	21	1.05	0.95				
	205	1	23.692743586526312	4.671808594526316	0.0	0.0	2	1.024840427418587	-14.204957877973646	138.0	21	1.05	0.95				
	206	1	45.38328348968421	9.343617189052631	0.0	-100.0	2	1.0427193547827935	-14.961526663247247	138.0	22	1.05	0.95				
	207	2	41.7125767368421	8.34251534736842	0.0	0.0	2	0.9910332359910248	-18.812600848945944	138.0	22	1.05	0.95				
	208	1	57.062804975999995	11.679521486315787	0.0	0.0	2	1.0014037853455426	-17.393413847322037	138.0	22	1.05	0.95				
	209	1	58.39760743157895	12.013222100210525	0.0	0.0	2	1.0226153374969114	-12.369060768790185	138.0	23	1.05	0.95				
	210	1	65.07161970947368	13.348024555789472	0.0	0.0	2	1.05	-13.671459924127177	138.0	23	1.05	0.95				
	211	1	0.0	0.0	0.0	0.0	2	1.0031480505004853	-9.936495161944976	230.0	23	1.05	0.95				
	212	1	0.0	0.0	0.0	0.0	2	1.0115118099456495	-9.423449475190365	230.0	23	1.05	0.95				
	213	2	88.43066268210525	18.01983315031579	0.0	0.0	2	1.0007984954666755	-8.89070758004799	230.0	24	1.05	0.95				
	214	2	64.73791909557895	13.014323941894737	0.0	0.0	2	0.9985228021720141	-7.626076844184264	230.0	26	1.05	0.95				
	215	2	105.78309460463157	21.356839289263156	0.0	0.0	2	1.0217794286517692	-1.7031278038256972	230.0	26	1.05	0.95				
	216	2	33.37006138947368	6.674012277894736	0.0	0.0	2	1.0241942111541857	-2.444886658369739	230.0	26	1.05	0.95				
	217	1	0.0	0.0	0.0	0.0	2	1.0307694170279686	-0.3790189788934523	230.0	27	1.05	0.95				
	218	2	111.12230442694737	22.691641744842105	0.0	0.0	2	1.029435118612646	-0.7156022057328318	230.0	27	1.05	0.95				
	219	1	60.39981111494737	12.346922714105261	0.0	0.0	2	1.0302540854040927	-2.8801186366630005	230.0	25	1.05	0.95				
	220	1	42.71367857852631	8.676215961263157	0.0	0.0	2	1.0372410827462795	-2.6055625614707685	230.0	25	1.05	0.95				
	221	2	0.0	0.0	0.0	0.0	2	1.0301039943799328	-0.24896670072509314	230.0	27	1.05	0.95				
	222	2	0.0	0.0	0.0	0.0	2	1.049999988292527	6.192776412890352	230.0	27	1.05	0.95				
	223	2	0.0	0.0	0.0	0.0	2	1.0412176330188174	-2.2049001979670133	230.0	25	1.05	0.95				
	224	1	0.0	0.0	0.0	0.0	2	1.0079179348528526	-4.921887964015671	230.0	26	1.05	0.95				
	301	2	45.49256564210527	9.267004112280702	0.0	0.0	3	1.0164251785110345	10.635382737539285	138.0	31	1.05	0.95				
	302	2	40.85906358596492	8.424549192982457	0.0	0.0	3	1.0144009475890041	10.282036470199294	138.0	32	1.05	0.95				
	303	1	75.82094273684211	15.585416007017544	0.0	0.0	3	1.05	25.79719984001176	138.0	31	1.05	0.95				
	304	1	31.17083201403509	6.318411894736842	0.0	0.0	3	1.0071953504988238	11.667255106074299	138.0	31	1.05	0.95				
	305	1	29.90714963508772	5.897184435087721	0.0	0.0	3	1.0235900132162437	8.960984576218866	138.0	31	1.05	0.95				
	306	1	57.28693451228071	11.794368870175441	0.0	-100.0	3	1.034987183773974	7.506462144454759	138.0	32	1.05	0.95				
	307	2	52.65343245614036	10.53068649122807	0.0	0.0	3	0.95	4.1242947724759675	138.0	32	1.05	0.95				
	308	1	72.0298956	14.742961087719298	0.0	0.0	3	0.9698404711634525	5.959645808646612	138.0	32	1.05	0.95				
	309	1	73.7148054385965	15.16418854736842	0.0	0.0	3	1.0144702144618298	14.572305522364536	138.0	33	1.05	0.95				
	310	1	82.13935463157895	16.849098385964915	0.0	0.0	3	1.0410783537791748	8.639274311592864	138.0	33	1.05	0.95				
	311	1	0.0	0.0	0.0	0.0	3	1.0019129710083319	12.295981625917772	230.0	33	1.05	0.95				
	312	1	0.0	0.0	0.0	0.0	3	1.0067604911104655	12.263071702290718	230.0	33	1.05	0.95				
	313	2	111.62527680701754	22.746282821052635	0.0	0.0	3	0.9998633453489874	12.09865328806161	230.0	34	1.05	0.95				
	314	2	81.71812717192984	16.42787092631579	0.0	0.0	3	0.9991642768665223	13.262689629781972	230.0	36	1.05	0.95				
	315	2	133.52910470877194	26.95855741754386	0.0	0.0	3	1.05	17.62887206157222	230.0	36	1.05	0.95				
	316	2	42.12274596491228	8.424549192982457	0.0	0.0	3	1.0353125896201294	17.07747344577786	230.0	36	1.05	0.95				
	317	1	0.0	0.0	0.0	0.0	3	1.05	21.814020681751675	230.0	37	1.05	0.95				
	318	2	140.2687440631579	28.643467256140354	0.0	0.0	3	1.0462305524340572	18.446741205360006	230.0	37	1.05	0.95				
	319	1	76.24217019649123	15.585416007017544	0.0	0.0	3	1.024653719548096	15.22351399687855	230.0	35	1.05	0.95				
	320	1	53.91711483508772	10.951913950877195	0.0	0.0	3	1.0188188719262878	14.415035192498745	230.0	35	1.05	0.95				
	321	2	0.0	0.0	0.0	0.0	3	1.0496234134703912	18.832372881750953	230.0	37	1.05	0.95				
	322	2	0.0	0.0	0.0	0.0	3	1.049999989165909	24.35022982613097	230.0	37	1.05	0.95				
	323	2	0.0	0.0	0.0	0.0	3	1.016105109104018	14.298283203117135	230.0	35	1.05	0.95				
	324	1	0.0	0.0	0.0	0.0	3	1.047239322900425	20.752323917906836	230.0	36	1.05	0.95				
	325	1	0.0	0.0	0.0	0.0	3	1.018159570344923	14.610134141093184	230.0	35	1.05	0.95				
];
