%% MATPOWER Case Format : Version 2
function mpc = RTS_GMLC
mpc.version = '2';

%%-----  Power Flow Data  -----%%
%% system MVA base
mpc.baseMVA = 100.0;
%% bus data
%    bus_i    type    Pd    Qd    Gs    Bs    area    Vm    Va    baseKV    zone    Vmax    Vmin
mpc.bus = [
	101	2	46.82582878736842	9.538594752982457	0.0	0.0	1	1.0317434234262164	0.801236159089688	138.0	11	1.05	0.95				
	102	2	42.05653141087719	8.671449775438598	0.0	0.0	1	1.0297809893509988	0.27557592230394407	138.0	12	1.05	0.95				
	103	1	78.04304797894737	16.042182084561404	0.0	0.0	1	1.0345042945483607	1.3906484152290424	138.0	11	1.05	0.95				
	104	1	32.08436416912281	6.503587331578947	0.0	0.0	1	1.023632939727049	-1.5840934054365738	138.0	11	1.05	0.95				
	105	1	30.783646702807015	6.0700148428070175	0.0	0.0	1	1.0349641580614992	-2.2396712219605504	138.0	11	1.05	0.95				
	106	1	58.96585847298246	12.140029685614035	0.0	-100.0	1	1.0446511950084796	-4.482755474777465	138.0	12	1.05	0.95				
	107	2	54.19656109649122	10.839312219298245	0.0	0.0	1	0.9996345594591486	-10.522790048129222	138.0	12	1.05	0.95				
	108	1	74.14089558	15.175037107017545	0.0	0.0	1	1.0033134517307123	-8.781639894995697	138.0	12	1.05	0.95				
	109	1	75.87518553508772	15.608609595789474	0.0	0.0	1	1.0253705527692636	-2.5433261634741915	138.0	13	1.05	0.95				
	110	1	84.54663531052631	17.342899550877195	0.0	0.0	1	1.05	-3.94931276106361	138.0	13	1.05	0.95				
	111	1	0.0	0.0	0.0	0.0	1	1.0053272827743593	-0.6110572851941585	230.0	13	1.05	0.95				
	112	1	0.0	0.0	0.0	0.0	1	1.0092152379022035	-1.1665816593797602	230.0	13	1.05	0.95				
	113	3	114.89670952456139	23.41291439368421	0.0	0.0	1	0.9979690018030786	3.839409059818335e-29	230.0	14	1.05	0.95				
	114	2	84.11306282175438	16.909327062105266	0.0	0.0	1	1.0045934480385343	1.6151388244048384	230.0	16	1.05	0.95				
	115	2	137.44247894070176	27.74863928140351	0.0	0.0	1	1.0409750170056953	8.62268478652459	230.0	16	1.05	0.95				
	116	2	43.35724887719298	8.671449775438598	0.0	0.0	1	1.0359512281737586	7.266095183057789	230.0	16	1.05	0.95				
	117	1	0.0	0.0	0.0	0.0	1	1.0426698599826463	11.395979398348313	230.0	17	1.05	0.95				
	118	2	144.37963876105263	29.48292923649123	0.0	0.0	1	1.0478135106783983	12.222322397846817	230.0	17	1.05	0.95				
	119	1	78.4766204677193	16.042182084561404	0.0	0.0	1	1.0244894945503156	4.485863838336835	230.0	15	1.05	0.95				
	120	1	55.49727856280702	11.272884708070176	0.0	0.0	1	1.0182192686337874	2.3660240623290374	230.0	15	1.05	0.95				
	121	2	0.0	0.0	0.0	0.0	1	1.05	13.66225300873173	230.0	17	1.05	0.95				
	122	2	0.0	0.0	0.0	0.0	1	1.05	21.8176409389546	230.0	17	1.05	0.95				
	123	2	0.0	0.0	0.0	0.0	1	1.015617312049967	1.5304338277947507	230.0	15	1.05	0.95				
	124	1	0.0	0.0	0.0	0.0	1	1.0291129062555242	5.907357134914717	230.0	16	1.05	0.95				
	201	2	45.61057769684211	9.29104360491228	0.0	0.0	2	1.0150077766389405	-13.220999863879719	138.0	21	1.05	0.95				
	202	2	40.96505589438596	8.446403277192982	0.0	0.0	2	1.014196940234606	-13.473079026305514	138.0	22	1.05	0.95				
	203	1	76.01762949473684	15.625846062807017	0.0	0.0	2	1.0140293892904708	-10.135678488902538	138.0	21	1.05	0.95				
	204	1	31.251692125614035	6.334802457894736	0.0	0.0	2	1.0124799030651614	-12.85958890420263	138.0	21	1.05	0.95				
	205	1	29.984731634035082	5.9124822940350885	0.0	0.0	2	1.0273099183443555	-13.226021258010045	138.0	21	1.05	0.95				
	206	1	57.43554228491228	11.824964588070177	0.0	-100.0	2	1.0421705804760273	-13.753195131465809	138.0	22	1.05	0.95				
	207	2	52.790020482456136	10.558004096491228	0.0	0.0	2	0.9975979649527797	-18.84695138924439	138.0	22	1.05	0.95				
	208	1	72.21674802	14.781205735087719	0.0	0.0	2	1.0018761465843762	-16.92933478133438	138.0	22	1.05	0.95				
	209	1	73.90602867543859	15.203525898947367	0.0	0.0	2	1.0234841829742967	-10.61130958037867	138.0	23	1.05	0.95				
	210	1	82.35243195263158	16.892806554385963	0.0	0.0	2	1.05	-11.87294164317593	138.0	23	1.05	0.95				
	211	1	0.0	0.0	0.0	0.0	2	1.0040754472219937	-8.435236652924377	230.0	23	1.05	0.95				
	212	1	0.0	0.0	0.0	0.0	2	1.0104558937565795	-4.308879311431383	230.0	23	1.05	0.95				
	213	2	111.914843422807	22.805288848421053	0.0	0.0	2	0.9987482022439215	-6.6038221603160485	230.0	24	1.05	0.95				
	214	2	81.93011178877192	16.470486390526315	0.0	0.0	2	1.0016669893449597	-7.095680636307842	230.0	26	1.05	0.95				
	215	2	133.87549194350876	27.028490487017542	0.0	0.0	2	1.0187094659266553	-1.550153430884489	230.0	26	1.05	0.95				
	216	2	42.23201638596491	8.446403277192982	0.0	0.0	2	1.0172890421167187	-2.5886746019047804	230.0	26	1.05	0.95				
	217	1	0.0	0.0	0.0	0.0	2	1.0230487388671217	-0.7849391721176904	230.0	27	1.05	0.95				
	218	2	140.63261456526314	28.71777114245614	0.0	0.0	2	1.022768527037425	-1.1451430419229802	230.0	27	1.05	0.95				
	219	1	76.43994965859649	15.625846062807017	0.0	0.0	2	1.0149365071944976	-3.308475296079012	230.0	25	1.05	0.95				
	220	1	54.056980974035085	10.980324260350876	0.0	0.0	2	1.0158085717229202	-3.0921523857114854	230.0	25	1.05	0.95				
	221	2	0.0	0.0	0.0	0.0	2	1.0249563663983112	-0.4796953452863463	230.0	27	1.05	0.95				
	222	2	0.0	0.0	0.0	0.0	2	1.0467319811239613	5.931726942339035	230.0	27	1.05	0.95				
	223	2	0.0	0.0	0.0	0.0	2	1.0168937011161066	-2.641776974528479	230.0	25	1.05	0.95				
	224	1	0.0	0.0	0.0	0.0	2	1.0063262539313156	-4.78238101185089	230.0	26	1.05	0.95				
	301	2	65.90699147368422	13.425498263157895	0.0	0.0	3	1.0018351366679494	-2.6363825378398342	138.0	31	1.05	0.95				
	302	2	59.19424234210526	12.204998421052633	0.0	0.0	3	1.0015832843587966	-2.7209577941223895	138.0	32	1.05	0.95				
	303	1	109.8449857894737	22.579247078947372	0.0	0.0	3	1.0190425403260337	2.006856483167122	138.0	31	1.05	0.95				
	304	1	45.158494157894744	9.153748815789474	0.0	0.0	3	1.0034776813002424	-0.7093534396413673	138.0	31	1.05	0.95				
	305	1	43.32774439473685	8.543498894736844	0.0	0.0	3	1.0167429303959956	-0.9025612670571919	138.0	31	1.05	0.95				
	306	1	82.99398926315791	17.08699778947369	0.0	-100.0	3	1.0331038404622892	-0.6177169561196155	138.0	32	1.05	0.95				
	307	2	76.28124013157895	15.256248026315792	0.0	0.0	3	0.990253337918443	-7.621870576738747	138.0	32	1.05	0.95				
	308	1	104.3527365	21.358747236842106	0.0	0.0	3	0.9916599102885161	-4.720959061653027	138.0	32	1.05	0.95				
	309	1	106.79373618421053	21.968997157894737	0.0	0.0	3	1.0265986853286726	3.42248969053408	138.0	33	1.05	0.95				
	310	1	118.99873460526318	24.409996842105265	0.0	0.0	3	1.05	2.782216222185433	138.0	33	1.05	0.95				
	311	1	0.0	0.0	0.0	0.0	3	1.017022076961158	9.592812246679783	230.0	33	1.05	0.95				
	312	1	0.0	0.0	0.0	0.0	3	1.0200626957247998	10.560636506569745	230.0	33	1.05	0.95				
	313	2	161.71622907894738	32.95349573684211	0.0	0.0	3	1.0348069538605975	15.99615545270481	230.0	34	1.05	0.95				
	314	2	118.38848468421052	23.799746921052638	0.0	0.0	3	1.0227114065074643	10.372469726099352	230.0	36	1.05	0.95				
	315	2	193.4492249736842	39.055994947368426	0.0	0.0	3	1.0388387337815899	7.836389476443355	230.0	36	1.05	0.95				
	316	2	61.024992105263166	12.204998421052633	0.0	0.0	3	1.0393530880210053	9.084075015524006	230.0	36	1.05	0.95				
	317	1	0.0	0.0	0.0	0.0	3	1.0469778543297787	10.408358094253936	230.0	37	1.05	0.95				
	318	2	203.21322371052634	41.49699463157896	0.0	0.0	3	1.043119104070416	8.059878574802934	230.0	37	1.05	0.95				
	319	1	110.45523571052634	22.579247078947372	0.0	0.0	3	1.0378498823978393	11.106012027154637	230.0	35	1.05	0.95				
	320	1	78.11198989473685	15.866497947368424	0.0	0.0	3	1.0382714545155698	12.388783963672426	230.0	35	1.05	0.95				
	321	2	0.0	0.0	0.0	0.0	3	1.0428645249599098	8.60815814546818	230.0	37	1.05	0.95				
	322	2	0.0	0.0	0.0	0.0	3	1.05	13.64758251729102	230.0	37	1.05	0.95				
	323	2	0.0	0.0	0.0	0.0	3	1.037961266410347	12.668856515856278	230.0	35	1.05	0.95				
	324	1	0.0	0.0	0.0	0.0	3	1.0261030153434199	7.8228165716088895	230.0	36	1.05	0.95				
	325	1	0.0	0.0	0.0	0.0	3	1.0396558987179318	12.758751036755585	230.0	35	1.05	0.95				
];
