%% MATPOWER Case Format : Version 2
function mpc = RTS_GMLC
mpc.version = '2';

%%-----  Power Flow Data  -----%%
%% system MVA base
mpc.baseMVA = 100.0;
%% bus data
%    bus_i    type    Pd    Qd    Gs    Bs    area    Vm    Va    baseKV    zone    Vmax    Vmin
mpc.bus = [
	101	2	47.37357742736842	9.650173179649121	0.0	0.0	1	1.0331451020079716	2.342842876355711	138.0	11	1.05	0.95				
	102	2	42.54849083754385	8.77288470877193	0.0	0.0	1	1.0327401876663989	2.2272444675728873	138.0	12	1.05	0.95				
	103	1	78.95596237894736	16.229836711228067	0.0	0.0	1	1.0277868398652272	-0.6427730330324151	138.0	11	1.05	0.95				
	104	1	32.459673422456135	6.579663531578945	0.0	0.0	1	1.021305357417235	-1.078093457732161	138.0	11	1.05	0.95				
	105	1	31.143740716140343	6.1410192961403505	0.0	0.0	1	1.0355547649450898	-0.7776784259619229	138.0	11	1.05	0.95				
	106	1	59.655616019649116	12.282038592280701	0.0	-100.0	1	1.045025705980905	-2.9703312244518623	138.0	12	1.05	0.95				
	107	2	54.83052942982456	10.966105885964911	0.0	0.0	1	1.0118568867626994	-4.47005123626634	138.0	12	1.05	0.95				
	108	1	75.00816425999999	15.352548240350874	0.0	0.0	1	1.0121635993665075	-4.933893409856869	138.0	12	1.05	0.95				
	109	1	76.76274120175437	15.79119247578947	0.0	0.0	1	1.025482010256396	-2.0050971811157514	138.0	13	1.05	0.95				
	110	1	85.5356259105263	17.54576941754386	0.0	0.0	1	1.05	-2.55740868110441	138.0	13	1.05	0.95				
	111	1	0.0	0.0	0.0	0.0	1	1.0036646129570195	-0.6310948583240535	230.0	13	1.05	0.95				
	112	1	0.0	0.0	0.0	0.0	1	1.0089886140596875	0.18253049172649596	230.0	13	1.05	0.95				
	113	3	116.24072239122805	23.68678871368421	0.0	0.0	1	0.995377407457332	-2.6744308551696202e-27	230.0	14	1.05	0.95				
	114	2	85.0969816750877	17.10712518210526	0.0	0.0	1	0.9991036853693734	0.5939538483540957	230.0	16	1.05	0.95				
	115	2	139.05022263403507	28.07323106807017	0.0	0.0	1	1.0385412615392748	4.811827363625435	230.0	16	1.05	0.95				
	116	2	43.864423543859644	8.77288470877193	0.0	0.0	1	1.0337824463438907	4.87299071514991	230.0	16	1.05	0.95				
	117	1	0.0	0.0	0.0	0.0	1	1.0424062136198216	5.758486051964951	230.0	17	1.05	0.95				
	118	2	146.0685304010526	29.827808009824558	0.0	0.0	1	1.0450228801569776	5.311186344898848	230.0	17	1.05	0.95				
	119	1	79.39460661438595	16.229836711228067	0.0	0.0	1	1.028111060559966	4.804619944732359	230.0	15	1.05	0.95				
	120	1	56.14646213614034	11.404750121403508	0.0	0.0	1	1.0261652434805062	5.599069253667811	230.0	15	1.05	0.95				
	121	2	0.0	0.0	0.0	0.0	1	1.05	5.894499254244446	230.0	17	1.05	0.95				
	122	2	0.0	0.0	0.0	0.0	1	1.05	12.715613966661266	230.0	17	1.05	0.95				
	123	2	0.0	0.0	0.0	0.0	1	1.0259171788074375	6.37611735807268	230.0	15	1.05	0.95				
	124	1	0.0	0.0	0.0	0.0	1	1.026749089947091	2.7800003668081943	230.0	16	1.05	0.95				
	201	2	46.61356839157895	9.495356524210525	0.0	0.0	2	1.0289457791990186	-4.801796196201653	138.0	21	1.05	0.95				
	202	2	41.865890129473684	8.632142294736843	0.0	0.0	2	1.0291745195092927	-4.772952795619142	138.0	22	1.05	0.95				
	203	1	77.68928065263158	15.969463245263157	0.0	0.0	2	1.0221921220408507	-4.817280747869972	138.0	21	1.05	0.95				
	204	1	31.938926490526313	6.474106721052632	0.0	0.0	2	1.0190764420811904	-7.292775597696291	138.0	21	1.05	0.95				
	205	1	30.644105146315788	6.04249960631579	0.0	0.0	2	1.033864209472612	-7.387208848331934	138.0	21	1.05	0.95				
	206	1	58.698567604210524	12.08499921263158	0.0	-100.0	2	1.0446824958848109	-9.24563459601773	138.0	22	1.05	0.95				
	207	2	53.950889342105256	10.790177868421052	0.0	0.0	2	0.9867396831524112	-15.81312475951033	138.0	22	1.05	0.95				
	208	1	73.80481662	15.106249015789471	0.0	0.0	2	0.9952140422681216	-13.879934031734587	138.0	22	1.05	0.95				
	209	1	75.53124507894738	15.537856130526315	0.0	0.0	2	1.0234278062056918	-7.590634631380264	138.0	23	1.05	0.95				
	210	1	84.1633873736842	17.264284589473686	0.0	0.0	2	1.05	-8.631375682128374	138.0	23	1.05	0.95				
	211	1	0.0	0.0	0.0	0.0	2	1.005497946273278	-5.271382995941372	230.0	23	1.05	0.95				
	212	1	0.0	0.0	0.0	0.0	2	1.011783271891549	-5.100469270299431	230.0	23	1.05	0.95				
	213	2	114.37588540526316	23.306784195789476	0.0	0.0	2	0.9998166544708537	-4.867479297151704	230.0	24	1.05	0.95				
	214	2	83.73178025894737	16.832677474736844	0.0	0.0	2	1.0051126577731064	-2.6731403893724015	230.0	26	1.05	0.95				
	215	2	136.81945537157893	27.622855343157894	0.0	0.0	2	1.0297184412900473	3.8157796305996596	230.0	26	1.05	0.95				
	216	2	43.16071147368421	8.632142294736843	0.0	0.0	2	1.0318400102600043	3.5273913076367167	230.0	26	1.05	0.95				
	217	1	0.0	0.0	0.0	0.0	2	1.036922460534786	6.466651370633779	230.0	27	1.05	0.95				
	218	2	143.72516920736842	29.349283802105262	0.0	0.0	2	1.0390542477850315	7.177554922931414	230.0	27	1.05	0.95				
	219	1	78.12088776736842	15.969463245263157	0.0	0.0	2	1.0321761042280833	1.9297483379397227	230.0	25	1.05	0.95				
	220	1	55.24571068631579	11.221784983157896	0.0	0.0	2	1.0357656397467567	1.378377598639978	230.0	25	1.05	0.95				
	221	2	0.0	0.0	0.0	0.0	2	1.0384653981458267	6.805569172201301	230.0	27	1.05	0.95				
	222	2	0.0	0.0	0.0	0.0	2	1.05	13.17304419863093	230.0	27	1.05	0.95				
	223	2	0.0	0.0	0.0	0.0	2	1.03823001666642	1.401118152397463	230.0	25	1.05	0.95				
	224	1	0.0	0.0	0.0	0.0	2	1.0161011433303984	0.5752409954212404	230.0	26	1.05	0.95				
	301	2	64.59158493473684	13.157545079298247	0.0	0.0	3	1.008800107808401	-37.35216788297474	138.0	31	1.05	0.95				
	302	2	58.01281239508772	11.961404617543861	0.0	0.0	3	1.0080042324386578	-37.53658898930431	138.0	32	1.05	0.95				
	303	1	107.65264155789475	22.12859854245614	0.0	0.0	3	1.0266995953405509	-28.568326225132413	138.0	31	1.05	0.95				
	304	1	44.25719708491228	8.971053463157896	0.0	0.0	3	1.007202395951769	-35.54935634473532	138.0	31	1.05	0.95				
	305	1	42.462986392280705	8.372983232280703	0.0	0.0	3	1.0212455863981726	-36.661563916716986	138.0	31	1.05	0.95				
	306	1	81.33755139929826	16.745966464561405	0.0	-100.0	3	1.035384432083512	-36.94012811925874	138.0	32	1.05	0.95				
	307	2	74.75877885964913	14.951755771929825	0.0	0.0	3	0.9973021578322906	-41.005929804508824	138.0	32	1.05	0.95				
	308	1	102.27000948	20.932458080701753	0.0	0.0	3	0.9968078781917644	-39.38572819526645	138.0	32	1.05	0.95				
	309	1	104.66229040350879	21.530528311578948	0.0	0.0	3	1.0274954269645016	-31.488732986654078	138.0	33	1.05	0.95				
	310	1	116.62369502105263	23.922809235087723	0.0	0.0	3	1.05	-34.05116851798838	138.0	33	1.05	0.95				
	311	1	0.0	0.0	0.0	0.0	3	1.0192529358262	-26.698705613071642	230.0	33	1.05	0.95				
	312	1	0.0	0.0	0.0	0.0	3	1.0180243977973435	-26.084870056995328	230.0	33	1.05	0.95				
	313	2	158.48861118245614	32.29579246736842	0.0	0.0	3	1.026851268334003	-23.0684377974865	230.0	34	1.05	0.95				
	314	2	116.02562479017544	23.324739004210528	0.0	0.0	3	1.031480767545839	-23.875117368612433	230.0	36	1.05	0.95				
	315	2	189.5882631880702	38.27649477614035	0.0	0.0	3	1.0488826808208143	-16.54957286639888	230.0	36	1.05	0.95				
	316	2	59.8070230877193	11.961404617543861	0.0	0.0	3	1.0492232579832763	-16.29540508758843	230.0	36	1.05	0.95				
	317	1	0.0	0.0	0.0	0.0	3	1.0495392145120792	-13.380917060291392	230.0	37	1.05	0.95				
	318	2	199.15738688210527	40.66877569964913	0.0	0.0	3	1.049689566315874	-12.66261541039972	230.0	37	1.05	0.95				
	319	1	108.25071178877195	22.12859854245614	0.0	0.0	3	1.0457787655830628	-17.5323844529578	230.0	35	1.05	0.95				
	320	1	76.5529895522807	15.549826002807018	0.0	0.0	3	1.047675001602	-17.490962795426043	230.0	35	1.05	0.95				
	321	2	0.0	0.0	0.0	0.0	3	1.05	-12.317629108656785	230.0	37	1.05	0.95				
	322	2	0.0	0.0	0.0	0.0	3	1.05	-6.958828319372795	230.0	37	1.05	0.95				
	323	2	0.0	0.0	0.0	0.0	3	1.05	-17.031366106258076	230.0	35	1.05	0.95				
	324	1	0.0	0.0	0.0	0.0	3	1.0254112768975565	-21.00471909170333	230.0	36	1.05	0.95				
	325	1	0.0	0.0	0.0	0.0	3	1.0405761034926935	-15.185365037997975	230.0	35	1.05	0.95				
];
