%% MATPOWER Case Format : Version 2
function mpc = RTS_GMLC
mpc.version = '2';

%%-----  Power Flow Data  -----%%
%% system MVA base
mpc.baseMVA = 100.0;
%% bus data
%    bus_i    type    Pd    Qd    Gs    Bs    area    Vm    Va    baseKV    zone    Vmax    Vmin
mpc.bus = [
	101	2	49.083621953684215	9.998515583157895	0.0	0.0	1	1.0352871704562951	1.895828020633622	138.0	11	1.05	0.95				
	102	2	44.08436416210527	9.089559621052633	0.0	0.0	1	1.0348784539228613	1.757797414936355	138.0	12	1.05	0.95				
	103	1	81.80603658947369	16.81568529894737	0.0	0.0	1	1.028068610435827	-0.2561679918540634	138.0	11	1.05	0.95				
	104	1	33.63137059789474	6.817169715789475	0.0	0.0	1	1.0217258459026164	-1.5173621037380782	138.0	11	1.05	0.95				
	105	1	32.26793665473684	6.362691734736843	0.0	0.0	1	1.0363922433172286	-1.2939796358944748	138.0	11	1.05	0.95				
	106	1	61.809005423157906	12.725383469473686	0.0	-100.0	1	1.045062169417913	-3.544118680853562	138.0	12	1.05	0.95				
	107	2	56.80974763157896	11.36194952631579	0.0	0.0	1	1.0023653962165602	-8.204754380756166	138.0	12	1.05	0.95				
	108	1	77.71573476	15.906729336842105	0.0	0.0	1	1.0051001035867062	-7.309952111443783	138.0	12	1.05	0.95				
	109	1	79.53364668421052	16.36120731789474	0.0	0.0	1	1.0249942988619911	-2.3630898476336606	138.0	13	1.05	0.95				
	110	1	88.62320630526315	18.179119242105266	0.0	0.0	1	1.05	-3.102491729113549	138.0	13	1.05	0.95				
	111	1	0.0	0.0	0.0	0.0	1	1.0045240936864734	-0.5413197212306018	230.0	13	1.05	0.95				
	112	1	0.0	0.0	0.0	0.0	1	1.0094206814995192	0.08232556021001906	230.0	13	1.05	0.95				
	113	3	120.43666497894736	24.541810976842108	0.0	0.0	1	0.9978544952055571	-1.4878432868103856e-30	230.0	14	1.05	0.95				
	114	2	88.16872832421053	17.724641261052632	0.0	0.0	1	1.001159675623576	1.3011777831401603	230.0	16	1.05	0.95				
	115	2	144.0695199936842	29.086590787368422	0.0	0.0	1	1.0379989967818204	6.736623552779438	230.0	16	1.05	0.95				
	116	2	45.44779810526316	9.089559621052633	0.0	0.0	1	1.034065610523356	6.544331560140242	230.0	16	1.05	0.95				
	117	1	0.0	0.0	0.0	0.0	1	1.0415421435338328	8.07682802988367	230.0	17	1.05	0.95				
	118	2	151.34116769052633	30.904502711578953	0.0	0.0	1	1.0437142040574459	7.9687633002164935	230.0	17	1.05	0.95				
	119	1	82.26051457052633	16.81568529894737	0.0	0.0	1	1.0286758552796922	5.952695842060268	230.0	15	1.05	0.95				
	120	1	58.173181574736844	11.816427507368422	0.0	0.0	1	1.0271677518047269	6.318511756875747	230.0	15	1.05	0.95				
	121	2	0.0	0.0	0.0	0.0	1	1.04789219165342	8.904345959363654	230.0	17	1.05	0.95				
	122	2	0.0	0.0	0.0	0.0	1	1.05	15.088432567936655	230.0	17	1.05	0.95				
	123	2	0.0	0.0	0.0	0.0	1	1.027094039171711	6.8698067249029995	230.0	15	1.05	0.95				
	124	1	0.0	0.0	0.0	0.0	1	1.0251001847300456	4.122303758469885	230.0	16	1.05	0.95				
	201	2	49.741539423157896	10.132535808421052	0.0	0.0	2	1.0314381563909814	-5.9472416343666055	138.0	21	1.05	0.95				
	202	2	44.67527151894737	9.211396189473685	0.0	0.0	2	1.0318312910421343	-5.905677424406212	138.0	22	1.05	0.95				
	203	1	82.90256570526316	17.041082950526317	0.0	0.0	2	1.0195647791219313	-6.2427249081057345	138.0	21	1.05	0.95				
	204	1	34.08216590105263	6.908547142105263	0.0	0.0	2	1.019668258258526	-8.229214279395677	138.0	21	1.05	0.95				
	205	1	32.70045647263158	6.44797733263158	0.0	0.0	2	1.0348836292612356	-8.30356791907352	138.0	21	1.05	0.95				
	206	1	62.63749408842105	12.89595466526316	0.0	-100.0	2	1.044660532270342	-10.059110879333359	138.0	22	1.05	0.95				
	207	2	57.57122618421052	11.514245236842106	0.0	0.0	2	0.9896501571888389	-17.058003622588735	138.0	22	1.05	0.95				
	208	1	78.75743742	16.119943331578945	0.0	0.0	2	0.9956210146313733	-14.95491564075229	138.0	22	1.05	0.95				
	209	1	80.59971665789473	16.58051314105263	0.0	0.0	2	1.023194172514172	-8.255585891337143	138.0	23	1.05	0.95				
	210	1	89.8111128473684	18.42279237894737	0.0	0.0	2	1.05	-9.231706521063195	138.0	23	1.05	0.95				
	211	1	0.0	0.0	0.0	0.0	2	1.0062691496044638	-5.497264594330416	230.0	23	1.05	0.95				
	212	1	0.0	0.0	0.0	0.0	2	1.0093225598477575	-4.9999800433254595	230.0	23	1.05	0.95				
	213	2	122.05099951052631	24.870769711578948	0.0	0.0	2	1.0000919905382282	-4.6679247057651905	230.0	24	1.05	0.95				
	214	2	89.35054303789474	17.962222569473685	0.0	0.0	2	1.0083930320017374	-2.87466112939718	230.0	26	1.05	0.95				
	215	2	146.0006296031579	29.47646780631579	0.0	0.0	2	1.0295004840143818	3.6327661172077415	230.0	26	1.05	0.95				
	216	2	46.05698094736842	9.211396189473685	0.0	0.0	2	1.03063690519692	3.592639202289871	230.0	26	1.05	0.95				
	217	1	0.0	0.0	0.0	0.0	2	1.0362150582269576	6.364473607322205	230.0	27	1.05	0.95				
	218	2	153.36974655473685	31.318747044210525	0.0	0.0	2	1.0379704397575382	6.8848087317773485	230.0	27	1.05	0.95				
	219	1	83.36313551473684	17.041082950526317	0.0	0.0	2	1.0291710798909095	2.6156825481206796	230.0	25	1.05	0.95				
	220	1	58.95293561263158	11.97481504631579	0.0	0.0	2	1.0312333848440944	2.6593897750149207	230.0	25	1.05	0.95				
	221	2	0.0	0.0	0.0	0.0	2	1.0377722414926083	6.557810452149795	230.0	27	1.05	0.95				
	222	2	0.0	0.0	0.0	0.0	2	1.05	12.981740177381745	230.0	27	1.05	0.95				
	223	2	0.0	0.0	0.0	0.0	2	1.0330677047632968	3.032843539990396	230.0	25	1.05	0.95				
	224	1	0.0	0.0	0.0	0.0	2	1.013569924657305	-0.06717806275735635	230.0	26	1.05	0.95				
	301	2	47.337551393684215	9.642834543157894	0.0	0.0	3	1.0098082083386022	-18.975073090055943	138.0	31	1.05	0.95				
	302	2	42.516134122105264	8.766213221052633	0.0	0.0	3	1.0093477797541177	-19.160764103210376	138.0	32	1.05	0.95				
	303	1	78.89591898947369	16.21749445894737	0.0	0.0	3	1.03428978341544	-11.222297565920828	138.0	31	1.05	0.95				
	304	1	32.43498891789474	6.574659915789474	0.0	0.0	3	1.011138607966771	-17.901043848477983	138.0	31	1.05	0.95				
	305	1	31.120056934736844	6.136349254736843	0.0	0.0	3	1.0243848337365284	-18.86939723694301	138.0	31	1.05	0.95				
	306	1	59.61024990315791	12.272698509473686	0.0	-100.0	3	1.0405154537574686	-19.335172567283536	138.0	32	1.05	0.95				
	307	2	54.788832631578956	10.95776652631579	0.0	0.0	3	0.9930207461895487	-24.076569063549805	138.0	32	1.05	0.95				
	308	1	74.95112304	15.340873136842106	0.0	0.0	3	0.9991108676114776	-22.095948729552656	138.0	32	1.05	0.95				
	309	1	76.70436568421053	15.779183797894738	0.0	0.0	3	1.026213645510183	-15.07354658374859	138.0	33	1.05	0.95				
	310	1	85.47057890526317	17.532426442105265	0.0	0.0	3	1.05	-17.35207453240341	138.0	33	1.05	0.95				
	311	1	0.0	0.0	0.0	0.0	3	1.0082208634113639	-11.980064863168309	230.0	33	1.05	0.95				
	312	1	0.0	0.0	0.0	0.0	3	1.0118614041247114	-11.395995876821804	230.0	33	1.05	0.95				
	313	2	116.15232517894738	23.668775696842108	0.0	0.0	3	1.0107256953756425	-8.610071998489188	230.0	34	1.05	0.95				
	314	2	85.03226824421053	17.094115781052633	0.0	0.0	3	1.0071526852725923	-10.591936094818355	230.0	36	1.05	0.95				
	315	2	138.9444795536842	28.051882307368427	0.0	0.0	3	1.0308613815066745	-6.62210929134718	230.0	36	1.05	0.95				
	316	2	43.83106610526316	8.766213221052633	0.0	0.0	3	1.0299979120478193	-6.000009300416511	230.0	36	1.05	0.95				
	317	1	0.0	0.0	0.0	0.0	3	1.0348074185320166	-4.899902737763927	230.0	37	1.05	0.95				
	318	2	145.95745013052633	29.805124951578954	0.0	0.0	3	1.0340560014481983	-4.893039747895665	230.0	37	1.05	0.95				
	319	1	79.33422965052632	16.21749445894737	0.0	0.0	3	1.0265207148850806	-6.608217341933211	230.0	35	1.05	0.95				
	320	1	56.10376461473685	11.396077187368423	0.0	0.0	3	1.0265017079565442	-6.283295643408515	230.0	35	1.05	0.95				
	321	2	0.0	0.0	0.0	0.0	3	1.035301476313403	-4.844958017731088	230.0	37	1.05	0.95				
	322	2	0.0	0.0	0.0	0.0	3	1.048301797804671	-0.5457648472540412	230.0	37	1.05	0.95				
	323	2	0.0	0.0	0.0	0.0	3	1.027162236740572	-5.767295147739522	230.0	35	1.05	0.95				
	324	1	0.0	0.0	0.0	0.0	3	1.0251865910861593	-8.366912230481594	230.0	36	1.05	0.95				
	325	1	0.0	0.0	0.0	0.0	3	1.0246134164926963	-4.529606979985972	230.0	35	1.05	0.95				
];
