%% MATPOWER Case Format : Version 2
function mpc = RTS_GMLC
mpc.version = '2';

%%-----  Power Flow Data  -----%%
%% system MVA base
mpc.baseMVA = 100.0;
%% bus data
%    bus_i    type    Pd    Qd    Gs    Bs    area    Vm    Va    baseKV    zone    Vmax    Vmin
mpc.bus = [
	101	2	39.71845621894737	8.090796637192982	0.0	0.0	1	1.011924391971314	-3.952794758935934	138.0	11	1.05	0.95				
	102	2	35.67305790035088	7.355269670175439	0.0	0.0	1	1.0119344001348731	-4.149173746924581	138.0	12	1.05	0.95				
	103	1	66.19742703157895	13.607248889824561	0.0	0.0	1	1.001723134099788	0.9023779060140661	138.0	11	1.05	0.95				
	104	1	27.214497779649122	5.516452252631578	0.0	0.0	1	1.0029858410392802	-3.9491202235584604	138.0	11	1.05	0.95				
	105	1	26.111207329122806	5.148688769122807	0.0	0.0	1	1.0172179267422585	-4.946024238806348	138.0	11	1.05	0.95				
	106	1	50.015833757192986	10.297377538245614	0.0	-100.0	1	1.0283289351766627	-5.959271656494803	138.0	12	1.05	0.95				
	107	2	45.97043543859649	9.194087087719298	0.0	0.0	1	0.9861976164039571	-9.215103979549163	138.0	12	1.05	0.95				
	108	1	62.88755568	12.871721922807017	0.0	0.0	1	0.9893050452801371	-8.13295637746816	138.0	12	1.05	0.95				
	109	1	64.35860961403509	13.239485406315787	0.0	0.0	1	1.0023359961586678	-2.9334789831119434	138.0	13	1.05	0.95				
	110	1	71.71387928421052	14.710539340350879	0.0	0.0	1	1.0310773786802943	-4.735422306454203	138.0	13	1.05	0.95				
	111	1	0.0	0.0	0.0	0.0	1	0.9805219953127855	-0.4913532440443398	230.0	13	1.05	0.95				
	112	1	0.0	0.0	0.0	0.0	1	0.9823859646173408	-1.283002949304173	230.0	13	1.05	0.95				
	113	3	97.45732312982456	19.859228109473683	0.0	0.0	1	0.9622273264286166	0.0	230.0	14	1.05	0.95				
	114	2	71.34611580070175	14.342775856842104	0.0	0.0	1	0.9875304964925989	2.5821633043478953	230.0	16	1.05	0.95				
	115	2	116.5810242722807	23.536862944561403	0.0	0.0	1	0.9882156396188593	10.9363123853154	230.0	16	1.05	0.95				
	116	2	36.77634835087719	7.355269670175439	0.0	0.0	1	0.9874541504364402	9.461872280548732	230.0	16	1.05	0.95				
	117	1	0.0	0.0	0.0	0.0	1	0.9911347553627914	14.660483516630359	230.0	17	1.05	0.95				
	118	2	122.46524000842105	25.007916878596493	0.0	0.0	1	0.9970367337630373	15.283645428676234	230.0	17	1.05	0.95				
	119	1	66.5651905150877	13.607248889824561	0.0	0.0	1	0.9880138544818388	6.061169371224304	230.0	15	1.05	0.95				
	120	1	47.073725889122805	9.56185057122807	0.0	0.0	1	0.9927343865759763	3.502475831559096	230.0	15	1.05	0.95				
	121	2	0.0	0.0	0.0	0.0	1	0.9973241361565055	16.527436957298605	230.0	17	1.05	0.95				
	122	2	0.0	0.0	0.0	0.0	1	1.010103258129192	30.872109655891766	230.0	17	1.05	0.95				
	123	2	0.0	0.0	0.0	0.0	1	0.9961499406040043	2.4058633813626153	230.0	15	1.05	0.95				
	124	1	0.0	0.0	0.0	0.0	1	0.981362714047174	7.086539567424596	230.0	16	1.05	0.95				
	201	2	41.224618307368424	8.397607432982456	0.0	0.0	2	1.0105330825612435	-10.181749226848142	138.0	21	1.05	0.95				
	202	2	37.02581459087719	7.634188575438597	0.0	0.0	2	1.0095077241750763	-10.332329472212269	138.0	22	1.05	0.95				
	203	1	68.70769717894737	14.123248864561402	0.0	0.0	2	0.997633332128638	-7.724366564549813	138.0	21	1.05	0.95				
	204	1	28.246497729122805	5.725641431578947	0.0	0.0	2	1.0018108883906023	-9.367425959807266	138.0	21	1.05	0.95				
	205	1	27.101369442807016	5.343932002807017	0.0	0.0	2	1.0177932137467696	-9.711436701454012	138.0	21	1.05	0.95				
	206	1	51.912482312982455	10.687864005614035	0.0	-100.0	2	1.0301108941145656	-9.93441141228318	138.0	22	1.05	0.95				
	207	2	47.71367859649123	9.542735719298246	0.0	0.0	2	0.9718552957440996	-14.404310688202656	138.0	22	1.05	0.95				
	208	1	65.27231232	13.359830007017543	0.0	0.0	2	0.9815605577988136	-12.677406399067712	138.0	22	1.05	0.95				
	209	1	66.79915003508772	13.741539435789473	0.0	0.0	2	1.0068483890440199	-6.946042818446685	138.0	23	1.05	0.95				
	210	1	74.4333386105263	15.268377150877194	0.0	0.0	2	1.0344850524989218	-7.9748419384036335	138.0	23	1.05	0.95				
	211	1	0.0	0.0	0.0	0.0	2	0.9867458479167098	-4.735116173943879	230.0	23	1.05	0.95				
	212	1	0.0	0.0	0.0	0.0	2	0.989067706965434	-0.2009540306498853	230.0	23	1.05	0.95				
	213	2	101.15299862456139	20.612309153684212	0.0	0.0	2	0.9823802082341621	-2.254610166437928	230.0	24	1.05	0.95				
	214	2	74.05162918175438	14.886667722105262	0.0	0.0	2	0.9818409655876827	-4.030624719998151	230.0	26	1.05	0.95				
	215	2	121.00188892070175	24.429403441403508	0.0	0.0	2	0.990570639784907	-0.424577217283268	230.0	26	1.05	0.95				
	216	2	38.170942877192985	7.634188575438597	0.0	0.0	2	0.9887366679020931	-0.5217226692717828	230.0	26	1.05	0.95				
	217	1	0.0	0.0	0.0	0.0	2	0.9991564783575079	0.2978867598466221	230.0	27	1.05	0.95				
	218	2	127.10923978105264	25.956241156491227	0.0	0.0	2	1.0000938656122957	-0.23012048998723386	230.0	27	1.05	0.95				
	219	1	69.0894066077193	14.123248864561402	0.0	0.0	2	0.9825734380419032	0.4977475721649508	230.0	25	1.05	0.95				
	220	1	48.858806882807016	9.924445148070175	0.0	0.0	2	0.9802279805725825	2.2063210064692975	230.0	25	1.05	0.95				
	221	2	0.0	0.0	0.0	0.0	2	1.0023580955401017	0.2342493476592459	230.0	27	1.05	0.95				
	222	2	0.0	0.0	0.0	0.0	2	1.0194164154131904	4.6130155521050895	230.0	27	1.05	0.95				
	223	2	0.0	0.0	0.0	0.0	2	0.9800670416427355	3.4731522700280775	230.0	25	1.05	0.95				
	224	1	0.0	0.0	0.0	0.0	2	0.9841866560652852	-3.208465580378808	230.0	26	1.05	0.95				
	301	2	55.00790890105264	11.205314776140353	0.0	0.0	3	1.0065133946535911	27.08793515820485	138.0	31	1.05	0.95				
	302	2	49.40525151298246	10.18664979649123	0.0	0.0	3	1.0069532229347595	26.77684680885718	138.0	32	1.05	0.95				
	303	1	91.67984816842106	18.845302123508777	0.0	0.0	3	1.016050561215691	39.93794971944122	138.0	31	1.05	0.95				
	304	1	37.69060424701755	7.6399873473684226	0.0	0.0	3	0.9976260354102057	28.40511704027717	138.0	31	1.05	0.95				
	305	1	36.162606777543864	7.1306548575438615	0.0	0.0	3	1.014476601585715	26.609734457098245	138.0	31	1.05	0.95				
	306	1	69.26921861614036	14.261309715087723	0.0	-100.0	3	1.0263227600901883	25.73815553830172	138.0	32	1.05	0.95				
	307	2	63.66656122807019	12.733312245614037	0.0	0.0	3	0.9682896042426469	23.04540360191521	138.0	32	1.05	0.95				
	308	1	87.09585576	17.82663714385965	0.0	0.0	3	0.9810184651509438	25.367050501091207	138.0	32	1.05	0.95				
	309	1	89.13318571929825	18.33596963368421	0.0	0.0	3	1.0071438712220135	31.905228126333814	138.0	33	1.05	0.95				
	310	1	99.31983551578949	20.37329959298246	0.0	0.0	3	1.0352526744912314	27.804085857218674	138.0	33	1.05	0.95				
	311	1	0.0	0.0	0.0	0.0	3	0.991642928637809	31.953615249544264	230.0	33	1.05	0.95				
	312	1	0.0	0.0	0.0	0.0	3	0.9994565850324121	32.219121896166435	230.0	33	1.05	0.95				
	313	2	134.97310980350878	27.50395445052632	0.0	0.0	3	1.000001610104123	35.255022409007715	230.0	34	1.05	0.95				
	314	2	98.81050302596492	19.863967103157897	0.0	0.0	3	0.9798757060119578	31.254237415994645	230.0	36	1.05	0.95				
	315	2	161.45839927438598	32.597279348771934	0.0	0.0	3	0.9832958622837551	29.14181482279092	230.0	36	1.05	0.95				
	316	2	50.93324898245615	10.18664979649123	0.0	0.0	3	0.9729141893815731	29.57792559934397	230.0	36	1.05	0.95				
	317	1	0.0	0.0	0.0	0.0	3	0.9889704884844827	30.808182059510035	230.0	37	1.05	0.95				
	318	2	169.60771911157897	34.63460930807018	0.0	0.0	3	0.9852779520534113	27.355116357043098	230.0	37	1.05	0.95				
	319	1	92.18918065824563	18.845302123508777	0.0	0.0	3	0.9823886442476494	29.56269498783612	230.0	35	1.05	0.95				
	320	1	65.19455869754387	13.2426447354386	0.0	0.0	3	0.9920284141621315	29.390402242240786	230.0	35	1.05	0.95				
	321	2	0.0	0.0	0.0	0.0	3	0.9928358703076053	28.366205231944573	230.0	37	1.05	0.95				
	322	2	0.0	0.0	0.0	0.0	3	1.0091093112887146	31.79339195479665	230.0	37	1.05	0.95				
	323	2	0.0	0.0	0.0	0.0	3	0.9970479991820276	29.148225754631287	230.0	35	1.05	0.95				
	324	1	0.0	0.0	0.0	0.0	3	0.9942706868503086	34.52091223466205	230.0	36	1.05	0.95				
	325	1	0.0	0.0	0.0	0.0	3	0.9981259072365954	28.085162326492572	230.0	35	1.05	0.95				
];
