%% MATPOWER Case Format : Version 2
function mpc = RTS_GMLC
mpc.version = '2';

%%-----  Power Flow Data  -----%%
%% system MVA base
mpc.baseMVA = 100.0;
%% bus data
%    bus_i    type    Pd    Qd    Gs    Bs    area    Vm    Va    baseKV    zone    Vmax    Vmin
mpc.bus = [
	101	2	39.07718950736842	7.960168232982456	0.0	0.0	1	1.0170269831147791	-0.574205175802266	138.0	11	1.05	0.95				
	102	2	35.09710539087719	7.236516575438596	0.0	0.0	1	1.0147266046400667	-1.1838259878256099	138.0	12	1.05	0.95				
	103	1	65.12864917894737	13.387555664561404	0.0	0.0	1	1.0290057451321692	1.6433729428292283	138.0	11	1.05	0.95				
	104	1	26.775111329122808	5.427387431578947	0.0	0.0	1	1.0147556689207504	-2.576930160059127	138.0	11	1.05	0.95				
	105	1	25.689633842807012	5.065561602807018	0.0	0.0	1	1.0289609009669443	-2.644281026641669	138.0	11	1.05	0.95				
	106	1	49.20831271298246	10.131123205614037	0.0	-100.0	1	1.0435670175164948	-4.3157146400396345	138.0	12	1.05	0.95				
	107	2	45.22822859649123	9.045645719298246	0.0	0.0	1	1.000064104255616	-10.204412483205463	138.0	12	1.05	0.95				
	108	1	61.87221672	12.663904007017543	0.0	0.0	1	1.0054626666236435	-8.212183556103271	138.0	12	1.05	0.95				
	109	1	63.31952003508772	13.025729835789473	0.0	0.0	1	1.0244659112311978	-2.205260126319831	138.0	13	1.05	0.95				
	110	1	70.5560366105263	14.473033150877193	0.0	0.0	1	1.05	-3.5552374878673096	138.0	13	1.05	0.95				
	111	1	0.0	0.0	0.0	0.0	1	1.0052084792953648	0.22555590428795688	230.0	13	1.05	0.95				
	112	1	0.0	0.0	0.0	0.0	1	1.0087901041648486	-0.7963504727969358	230.0	13	1.05	0.95				
	113	3	95.8838446245614	19.53859475368421	0.0	0.0	1	0.9961205968587322	-2.1564057761879387e-29	230.0	14	1.05	0.95				
	114	2	70.19421078175438	14.111207322105262	0.0	0.0	1	1.0084231120545988	3.6372834817354196	230.0	16	1.05	0.95				
	115	2	114.69878772070174	23.156853041403508	0.0	0.0	1	1.042086459652973	12.155699550996076	230.0	16	1.05	0.95				
	116	2	36.182582877192985	7.236516575438596	0.0	0.0	1	1.0351784511418693	10.517728573241142	230.0	16	1.05	0.95				
	117	1	0.0	0.0	0.0	0.0	1	1.040505923862725	15.921560709594967	230.0	17	1.05	0.95				
	118	2	120.48800098105264	24.60415635649123	0.0	0.0	1	1.049999999996755	16.49118408969897	230.0	17	1.05	0.95				
	119	1	65.4904750077193	13.387555664561404	0.0	0.0	1	1.0240527291076558	6.603477992026216	230.0	15	1.05	0.95				
	120	1	46.313706082807016	9.407471548070175	0.0	0.0	1	1.0199868970766737	3.8664446148671443	230.0	15	1.05	0.95				
	121	2	0.0	0.0	0.0	0.0	1	1.05	17.90731309603757	230.0	17	1.05	0.95				
	122	2	0.0	0.0	0.0	0.0	1	1.05	33.50374005072406	230.0	17	1.05	0.95				
	123	2	0.0	0.0	0.0	0.0	1	1.0185729610393106	2.6366216718364655	230.0	15	1.05	0.95				
	124	1	0.0	0.0	0.0	0.0	1	1.0240549368398955	8.227843558259522	230.0	16	1.05	0.95				
	201	2	37.28065481052632	7.594207461403508	0.0	0.0	2	1.0144766543589636	-15.501245758039015	138.0	21	1.05	0.95				
	202	2	33.48355107982456	6.903824964912281	0.0	0.0	2	1.0135406905919226	-15.794767054538935	138.0	22	1.05	0.95				
	203	1	62.13442468421053	12.77207618508772	0.0	0.0	2	1.016237095026472	-11.438942742592662	138.0	21	1.05	0.95				
	204	1	25.54415237017544	5.1778687236842105	0.0	0.0	2	1.0131570488904855	-15.648311345745928	138.0	21	1.05	0.95				
	205	1	24.508578625438595	4.832677475438596	0.0	0.0	2	1.0282085351586865	-16.079914217635555	138.0	21	1.05	0.95				
	206	1	46.94600976140351	9.665354950877193	0.0	-100.0	2	1.044167663758116	-16.864611420472475	138.0	22	1.05	0.95				
	207	2	43.14890603070175	8.62978120614035	0.0	0.0	2	0.9966251754659206	-20.897336296192016	138.0	22	1.05	0.95				
	208	1	59.027703450000004	12.08169368859649	0.0	0.0	2	1.0040659661677538	-19.3926163693624	138.0	22	1.05	0.95				
	209	1	60.40846844298245	12.426884936842104	0.0	0.0	2	1.022079580498203	-14.089120034593325	138.0	23	1.05	0.95				
	210	1	67.31229340789473	13.807649929824562	0.0	0.0	2	1.05	-15.54499577361312	138.0	23	1.05	0.95				
	211	1	0.0	0.0	0.0	0.0	2	1.0029539629164714	-11.558177877535616	230.0	23	1.05	0.95				
	212	1	0.0	0.0	0.0	0.0	2	1.0056345276686034	-11.387097513944283	230.0	23	1.05	0.95				
	213	2	91.47568078508772	18.64032740526316	0.0	0.0	2	0.9949523893778551	-10.835980390959623	230.0	24	1.05	0.95				
	214	2	66.96710215964912	13.462458681578948	0.0	0.0	2	1.0040720585439415	-8.796409275666015	230.0	26	1.05	0.95				
	215	2	109.42562569385966	22.0922398877193	0.0	0.0	2	1.0210998987148374	-2.114243891659633	230.0	26	1.05	0.95				
	216	2	34.5191248245614	6.903824964912281	0.0	0.0	2	1.0217116602113612	-2.8185008588091574	230.0	26	1.05	0.95				
	217	1	0.0	0.0	0.0	0.0	2	1.0267676336254565	-0.7279988204638104	230.0	27	1.05	0.95				
	218	2	114.94868566578948	23.473004880701755	0.0	0.0	2	1.0265794178200203	-1.1054814363013619	230.0	27	1.05	0.95				
	219	1	62.47961593245614	12.77207618508772	0.0	0.0	2	1.0197955219050248	-4.043444132080818	230.0	25	1.05	0.95				
	220	1	44.1844797754386	8.974972454385966	0.0	0.0	2	1.020301286947484	-4.423797111896899	230.0	25	1.05	0.95				
	221	2	0.0	0.0	0.0	0.0	2	1.0283145467770027	-0.6433355711778102	230.0	27	1.05	0.95				
	222	2	0.0	0.0	0.0	0.0	2	1.0499998309171261	5.8135071432186605	230.0	27	1.05	0.95				
	223	2	0.0	0.0	0.0	0.0	2	1.0207205280903076	-4.362206361902001	230.0	25	1.05	0.95				
	224	1	0.0	0.0	0.0	0.0	2	1.0078033426028976	-5.625088535410699	230.0	26	1.05	0.95				
	301	2	39.10344828631579	7.9655172435087715	0.0	0.0	3	1.0143755543509605	-0.6822341286562171	138.0	31	1.05	0.95				
	302	2	35.1206896645614	7.241379312280702	0.0	0.0	3	1.0141834262419878	-0.85557532372032	138.0	32	1.05	0.95				
	303	1	65.17241381052631	13.396551727719297	0.0	0.0	3	1.035990273223271	6.352776423775035	138.0	31	1.05	0.95				
	304	1	26.793103455438594	5.431034484210525	0.0	0.0	3	1.0146228957993921	0.17621320387265224	138.0	31	1.05	0.95				
	305	1	25.706896558596487	5.0689655185964915	0.0	0.0	3	1.027872278056074	-0.7816551995528296	138.0	31	1.05	0.95				
	306	1	49.241379323508774	10.137931037192983	0.0	-100.0	3	1.0438930852019042	-1.2946364874793352	138.0	32	1.05	0.95				
	307	2	45.25862070175438	9.051724140350876	0.0	0.0	3	0.9767008012841282	-4.802040670347857	138.0	32	1.05	0.95				
	308	1	61.913793119999994	12.672413796491227	0.0	0.0	3	0.9925922123955323	-3.2933788142010707	138.0	32	1.05	0.95				
	309	1	63.36206898245613	13.034482762105263	0.0	0.0	3	1.0253930574430277	2.5137258212525144	138.0	33	1.05	0.95				
	310	1	70.60344829473684	14.482758624561404	0.0	0.0	3	1.05	0.28646935188087164	138.0	33	1.05	0.95				
	311	1	0.0	0.0	0.0	0.0	3	1.0041271031520245	4.5666456115534535	230.0	33	1.05	0.95				
	312	1	0.0	0.0	0.0	0.0	3	1.0099672404143647	5.07422622572785	230.0	33	1.05	0.95				
	313	2	95.94827588771929	19.551724143157895	0.0	0.0	3	1.0071193399793306	7.649249022638052	230.0	34	1.05	0.95				
	314	2	70.2413793291228	14.120689658947368	0.0	0.0	3	0.9953894286491514	5.17338057915891	230.0	36	1.05	0.95				
	315	2	114.77586209964912	23.172413799298244	0.0	0.0	3	1.0243099025522961	8.011638392003482	230.0	36	1.05	0.95				
	316	2	36.206896561403504	7.241379312280702	0.0	0.0	3	1.020673625687185	8.166795509359428	230.0	36	1.05	0.95				
	317	1	0.0	0.0	0.0	0.0	3	1.0399326271879323	12.01198234172899	230.0	37	1.05	0.95				
	318	2	120.56896554947367	24.620689661754387	0.0	0.0	3	1.0391525237906154	9.410616640583095	230.0	37	1.05	0.95				
	319	1	65.53448277614035	13.396551727719297	0.0	0.0	3	1.0161482709634178	7.75480131403844	230.0	35	1.05	0.95				
	320	1	46.34482759859649	9.413793105964913	0.0	0.0	3	1.0143577620345163	8.118774293718177	230.0	35	1.05	0.95				
	321	2	0.0	0.0	0.0	0.0	3	1.0361494656807815	9.587459118179675	230.0	37	1.05	0.95				
	322	2	0.0	0.0	0.0	0.0	3	1.0499999983628845	14.850997508390913	230.0	37	1.05	0.95				
	323	2	0.0	0.0	0.0	0.0	3	1.0137263363346125	8.607620643405761	230.0	35	1.05	0.95				
	324	1	0.0	0.0	0.0	0.0	3	1.0238407997035683	7.372111273530662	230.0	36	1.05	0.95				
	325	1	0.0	0.0	0.0	0.0	3	1.0149521912158834	9.422863078768476	230.0	35	1.05	0.95				
];
