%% MATPOWER Case Format : Version 2
function mpc = RTS_GMLC
mpc.version = '2';

%%-----  Power Flow Data  -----%%
%% system MVA base
mpc.baseMVA = 100.0;
%% bus data
%    bus_i    type    Pd    Qd    Gs    Bs    area    Vm    Va    baseKV    zone    Vmax    Vmin
mpc.bus = [
	101	2	84.08609598315789	17.128649181754383	0.0	0.0	1	1.0331023900165017	-3.9740426943936935	138.0	11	1.05	0.95				
	102	2	75.52177139228068	15.571499256140351	0.0	0.0	1	1.0330970374728576	-4.029382961671371	138.0	12	1.05	0.95				
	103	1	140.14349330526315	28.807273623859647	0.0	0.0	1	1.0187917165959166	-4.268424206685059	138.0	11	1.05	0.95				
	104	1	57.614547247719294	11.67862444210526	0.0	0.0	1	1.0159088901588196	-6.630110797361748	138.0	11	1.05	0.95				
	105	1	55.27882235929823	10.900049479298245	0.0	0.0	1	1.031282952431313	-6.700163005877169	138.0	11	1.05	0.95				
	106	1	105.88619494175437	21.80009895859649	0.0	-100.0	1	1.0355967296319002	-8.934342915306523	138.0	12	1.05	0.95				
	107	2	97.32187035087718	19.464374070175435	0.0	0.0	1	1.0476687617728717	-4.468044112686938	138.0	12	1.05	0.95				
	108	1	133.13631863999998	27.25012369824561	0.0	0.0	1	1.0232956054550217	-7.6480484983194925	138.0	12	1.05	0.95				
	109	1	136.25061849122807	28.028698661052626	0.0	0.0	1	1.0268702134187866	-5.606819045919379	138.0	13	1.05	0.95				
	110	1	151.8221177473684	31.142998512280702	0.0	0.0	1	1.05	-7.005960096568245	138.0	13	1.05	0.95				
	111	1	0.0	0.0	0.0	0.0	1	1.0157153538786938	-2.3574282399479856	230.0	13	1.05	0.95				
	112	1	0.0	0.0	0.0	0.0	1	1.017210058864498	-1.288652077114292	230.0	13	1.05	0.95				
	113	3	206.32236514385963	42.043047991578945	0.0	0.0	1	1.0190593260386098	3.0020083125234198e-30	230.0	14	1.05	0.95				
	114	2	151.04354278456137	30.364423549473678	0.0	0.0	1	1.0194958391944173	-0.4513730984173519	230.0	16	1.05	0.95				
	115	2	246.80826320982453	49.828797619649116	0.0	0.0	1	1.0450242173695314	7.189121538954508	230.0	16	1.05	0.95				
	116	2	77.85749628070174	15.571499256140351	0.0	0.0	1	1.0443095094508794	6.94991149749666	230.0	16	1.05	0.95				
	117	1	0.0	0.0	0.0	0.0	1	1.0474989895083768	9.870926312632797	230.0	17	1.05	0.95				
	118	2	259.2654626147368	52.943097470877184	0.0	0.0	1	1.0492884392231778	10.430071531704975	230.0	17	1.05	0.95				
	119	1	140.92206826807018	28.807273623859647	0.0	0.0	1	1.0388784461479545	5.992494075605574	230.0	15	1.05	0.95				
	120	1	99.65759523929823	20.242949032982455	0.0	0.0	1	1.0411341344513905	6.626916691718336	230.0	15	1.05	0.95				
	121	2	0.0	0.0	0.0	0.0	1	1.05	11.142769751253653	230.0	17	1.05	0.95				
	122	2	0.0	0.0	0.0	0.0	1	1.05	17.558283250615148	230.0	17	1.05	0.95				
	123	2	0.0	0.0	0.0	0.0	1	1.044713995609534	7.546148298816554	230.0	15	1.05	0.95				
	124	1	0.0	0.0	0.0	0.0	1	1.0208435009189392	2.9602298366538204	230.0	16	1.05	0.95				
	201	2	81.31024712842105	16.563198489122808	0.0	0.0	2	1.0413319033027884	-9.808489128592372	138.0	21	1.05	0.95				
	202	2	73.02864788385965	15.057453171929824	0.0	0.0	2	1.0413256052286317	-9.943896680178694	138.0	22	1.05	0.95				
	203	1	135.51707854736844	27.856288368070174	0.0	0.0	2	1.0278107810509307	-7.109533385216237	138.0	21	1.05	0.95				
	204	1	55.71257673614035	11.293089878947368	0.0	0.0	2	1.0198199193598687	-11.667398383839314	138.0	21	1.05	0.95				
	205	1	53.45395876035087	10.540217220350879	0.0	0.0	2	1.0360680255897914	-12.023618127900717	138.0	21	1.05	0.95				
	206	1	102.3906815691228	21.080434440701758	0.0	-100.0	2	1.0386700560651012	-13.98473139178773	138.0	22	1.05	0.95				
	207	2	94.1090823245614	18.82181646491228	0.0	0.0	2	0.9585896893880572	-25.329360474502526	138.0	22	1.05	0.95				
	208	1	128.74122462	26.35054305087719	0.0	0.0	2	0.9636723323085514	-21.56799746396827	138.0	22	1.05	0.95				
	209	1	131.75271525438598	27.103415709473683	0.0	0.0	2	1.0259906121243692	-10.046060155838049	138.0	23	1.05	0.95				
	210	1	146.81016842631578	30.114906343859648	0.0	0.0	2	1.05	-11.917884224537781	138.0	23	1.05	0.95				
	211	1	0.0	0.0	0.0	0.0	2	1.0278855509322138	-4.981155444693108	230.0	23	1.05	0.95				
	212	1	0.0	0.0	0.0	0.0	2	1.0213894202310374	-3.7382997282246437	230.0	23	1.05	0.95				
	213	2	199.51125452807017	40.65512356421053	0.0	0.0	2	1.0413342238808363	-1.0504018611517492	230.0	24	1.05	0.95				
	214	2	146.0572957677193	29.362033685263157	0.0	0.0	2	1.0439543853051487	-2.6233739744807454	230.0	26	1.05	0.95				
	215	2	238.66063277508772	48.18385015017544	0.0	0.0	2	1.0454492131405133	5.353619574409031	230.0	26	1.05	0.95				
	216	2	75.28726585964912	15.057453171929824	0.0	0.0	2	1.048876010485802	5.344107282753636	230.0	26	1.05	0.95				
	217	1	0.0	0.0	0.0	0.0	2	1.049520071973048	8.326757402278318	230.0	27	1.05	0.95				
	218	2	250.7065953126316	51.1953407845614	0.0	0.0	2	1.05	9.136657181045011	230.0	27	1.05	0.95				
	219	1	136.26995120596493	27.856288368070174	0.0	0.0	2	1.0439963991888763	4.917672656285914	230.0	25	1.05	0.95				
	220	1	96.36770030035088	19.574689123508772	0.0	0.0	2	1.046343738641805	5.953368200091974	230.0	25	1.05	0.95				
	221	2	0.0	0.0	0.0	0.0	2	1.05	9.595713768577886	230.0	27	1.05	0.95				
	222	2	0.0	0.0	0.0	0.0	2	1.05	15.609712284223379	230.0	27	1.05	0.95				
	223	2	0.0	0.0	0.0	0.0	2	1.05	7.068284722834184	230.0	25	1.05	0.95				
	224	1	0.0	0.0	0.0	0.0	2	1.0231122815594687	0.7134689624715929	230.0	26	1.05	0.95				
	301	2	63.89117367157895	13.014868710877192	0.0	0.0	3	1.0117207110947835	-16.42223177041379	138.0	31	1.05	0.95				
	302	2	57.38373931614035	11.831698828070175	0.0	0.0	3	1.010606513430757	-16.703485888140094	138.0	32	1.05	0.95				
	303	1	106.48528945263156	21.888642831929822	0.0	0.0	3	1.021785383502601	-11.024192748681862	138.0	31	1.05	0.95				
	304	1	43.777285663859644	8.87377412105263	0.0	0.0	3	1.0088805412946105	-15.406909512526791	138.0	31	1.05	0.95				
	305	1	42.00253083964912	8.282189179649123	0.0	0.0	3	1.0230043352842315	-16.05953379613302	138.0	31	1.05	0.95				
	306	1	80.45555203087719	16.564378359298246	0.0	-100.0	3	1.03627206230869	-16.529485741854003	138.0	32	1.05	0.95				
	307	2	73.94811767543858	14.789623535087717	0.0	0.0	3	1.0060797638693377	-18.04804555414205	138.0	32	1.05	0.95				
	308	1	101.16102498	20.705472949122804	0.0	0.0	3	1.0036955783792016	-17.718075137974928	138.0	32	1.05	0.95				
	309	1	103.52736474561401	21.297057890526315	0.0	0.0	3	1.027178188758073	-11.928456818093727	138.0	33	1.05	0.95				
	310	1	115.3590635736842	23.66339765614035	0.0	0.0	3	1.05	-13.798294816965031	138.0	33	1.05	0.95				
	311	1	0.0	0.0	0.0	0.0	3	1.0155186875471034	-7.323205124600984	230.0	33	1.05	0.95				
	312	1	0.0	0.0	0.0	0.0	3	1.0158846084984055	-6.265248492881042	230.0	33	1.05	0.95				
	313	2	156.7700094719298	31.945586835789474	0.0	0.0	3	1.0233113794671111	-2.9215894491123984	230.0	34	1.05	0.95				
	314	2	114.7674786322807	23.07181271473684	0.0	0.0	3	1.0221056210087225	-5.64472597481259	230.0	36	1.05	0.95				
	315	2	187.53242642491225	37.86143624982456	0.0	0.0	3	1.0454574972819	0.5135188257083022	230.0	36	1.05	0.95				
	316	2	59.15849414035087	11.831698828070175	0.0	0.0	3	1.042903142830143	0.3049016516540016	230.0	36	1.05	0.95				
	317	1	0.0	0.0	0.0	0.0	3	1.0464672878664112	2.584814509276272	230.0	37	1.05	0.95				
	318	2	196.9977854873684	40.22777601543859	0.0	0.0	3	1.0474324023196335	2.898136177959078	230.0	37	1.05	0.95				
	319	1	107.07687439403509	21.888642831929822	0.0	0.0	3	1.039379513854374	0.11446948881380996	230.0	35	1.05	0.95				
	320	1	75.72287249964911	15.381208476491226	0.0	0.0	3	1.0410356679754664	1.0682253074687724	230.0	35	1.05	0.95				
	321	2	0.0	0.0	0.0	0.0	3	1.05	4.010774152345838	230.0	37	1.05	0.95				
	322	2	0.0	0.0	0.0	0.0	3	1.05	9.225921942132976	230.0	37	1.05	0.95				
	323	2	0.0	0.0	0.0	0.0	3	1.0435194133980072	2.029060338318335	230.0	35	1.05	0.95				
	324	1	0.0	0.0	0.0	0.0	3	1.0221204741223895	-3.755805618420333	230.0	36	1.05	0.95				
	325	1	0.0	0.0	0.0	0.0	3	1.0423379314585148	2.7920793970671562	230.0	35	1.05	0.95				
];
