%% MATPOWER Case Format : Version 2
function mpc = RTS_GMLC
mpc.version = '2';

%%-----  Power Flow Data  -----%%
%% system MVA base
mpc.baseMVA = 100.0;
%% bus data
%    bus_i    type    Pd    Qd    Gs    Bs    area    Vm    Va    baseKV    zone    Vmax    Vmin
mpc.bus = [
	101	2	65.20880751157895	13.283275604210527	0.0	0.0	1	1.0477858355904743	0.2621875231325247	138.0	11	1.05	0.95				
	102	2	58.567169709473674	12.075705094736842	0.0	0.0	1	1.047003331199533	0.021366430120515426	138.0	12	1.05	0.95				
	103	1	108.68134585263158	22.340054425263155	0.0	0.0	1	1.027163446957908	-2.3161672142303598	138.0	11	1.05	0.95				
	104	1	44.68010885052631	9.056778821052632	0.0	0.0	1	1.026326271927813	-3.330583626516076	138.0	11	1.05	0.95				
	105	1	42.868753086315785	8.45299356631579	0.0	0.0	1	1.0404271805020004	-3.4593950877367154	138.0	11	1.05	0.95				
	106	1	82.11479464421053	16.90598713263158	0.0	-100.0	1	1.043438501076312	-6.1578806795188745	138.0	12	1.05	0.95				
	107	2	75.47315684210525	15.094631368421052	0.0	0.0	1	1.0002976146930862	-10.607699834781831	138.0	12	1.05	0.95				
	108	1	103.24727856	21.13248391578947	0.0	0.0	1	0.9993521588127482	-10.100188995985294	138.0	12	1.05	0.95				
	109	1	105.66241957894738	21.736269170526317	0.0	0.0	1	1.0252858308018555	-4.417646201792965	138.0	13	1.05	0.95				
	110	1	117.73812467368421	24.151410189473683	0.0	0.0	1	1.05	-5.396283179385019	138.0	13	1.05	0.95				
	111	1	0.0	0.0	0.0	0.0	1	1.0090626778697644	-1.974619727666984	230.0	13	1.05	0.95				
	112	1	0.0	0.0	0.0	0.0	1	1.0120069834080356	-1.1956489772215997	230.0	13	1.05	0.95				
	113	3	160.00309250526314	32.60440375578948	0.0	0.0	1	1.006711352165228	-5.238885761706051e-30	230.0	14	1.05	0.95				
	114	2	117.13433941894735	23.54762493473684	0.0	0.0	1	1.0085247177372234	-0.6795592917003246	230.0	16	1.05	0.95				
	115	2	191.39992575157893	38.64225630315789	0.0	0.0	1	1.0386204459319857	5.256717772595854	230.0	16	1.05	0.95				
	116	2	60.378525473684206	12.075705094736842	0.0	0.0	1	1.0348520929515503	4.807726354571538	230.0	16	1.05	0.95				
	117	1	0.0	0.0	0.0	0.0	1	1.0411383093029658	7.017147045928327	230.0	17	1.05	0.95				
	118	2	201.06048982736843	41.05739732210527	0.0	0.0	1	1.0432090972095966	7.181941946627248	230.0	17	1.05	0.95				
	119	1	109.28513110736841	22.340054425263155	0.0	0.0	1	1.0279489554397085	3.954497246548913	230.0	15	1.05	0.95				
	120	1	77.28451260631579	15.698416623157897	0.0	0.0	1	1.0269336378190819	4.372702882584241	230.0	15	1.05	0.95				
	121	2	0.0	0.0	0.0	0.0	1	1.0467563474349557	8.533450160868242	230.0	17	1.05	0.95				
	122	2	0.0	0.0	0.0	0.0	1	1.05	14.709893978267532	230.0	17	1.05	0.95				
	123	2	0.0	0.0	0.0	0.0	1	1.0278634990714528	5.063160942823913	230.0	15	1.05	0.95				
	124	1	0.0	0.0	0.0	0.0	1	1.024561288377775	2.428546256201694	230.0	16	1.05	0.95				
	201	2	50.74453015578947	10.336848735438595	0.0	0.0	2	1.0245515302284094	-3.6002348500532904	138.0	21	1.05	0.95				
	202	2	45.57610578807017	9.397135214035087	0.0	0.0	2	1.025477403119	-3.339642138867552	138.0	22	1.05	0.95				
	203	1	84.57421692631578	17.384700145964914	0.0	0.0	2	1.0170805418448556	-4.733553124525785	138.0	21	1.05	0.95				
	204	1	34.76940029192983	7.047851410526315	0.0	0.0	2	1.017493070742152	-4.722281277318883	138.0	21	1.05	0.95				
	205	1	33.359830009824556	6.577994649824562	0.0	0.0	2	1.031589660659541	-4.838992492833171	138.0	21	1.05	0.95				
	206	1	63.9005194554386	13.155989299649123	0.0	-100.0	2	1.0433143775945968	-5.942975798824211	138.0	22	1.05	0.95				
	207	2	58.732095087719294	11.74641901754386	0.0	0.0	2	0.9906599253291515	-12.748719884185071	138.0	22	1.05	0.95				
	208	1	80.34550607999999	16.444986624561402	0.0	0.0	2	0.9960953853308446	-10.596315441838291	138.0	22	1.05	0.95				
	209	1	82.22493312280702	16.914843385263158	0.0	0.0	2	1.0244527798540095	-3.924892924092166	138.0	23	1.05	0.95				
	210	1	91.6220683368421	18.794270428070174	0.0	0.0	2	1.05	-4.588781215316027	138.0	23	1.05	0.95				
	211	1	0.0	0.0	0.0	0.0	2	1.005033642858369	-1.2675205033524366	230.0	23	1.05	0.95				
	212	1	0.0	0.0	0.0	0.0	2	1.011894651126193	2.1628059262671355	230.0	23	1.05	0.95				
	213	2	124.5120415859649	25.372265077894735	0.0	0.0	2	1.000125576840756	0.6787677609885525	230.0	24	1.05	0.95				
	214	2	91.15221157614035	18.324413667368418	0.0	0.0	2	1.0032575388544234	0.1441690838916953	230.0	26	1.05	0.95				
	215	2	148.94459314245614	30.07083268491228	0.0	0.0	2	1.0300242903079178	4.764463013344445	230.0	26	1.05	0.95				
	216	2	46.98567607017544	9.397135214035087	0.0	0.0	2	1.0287425837489632	4.9639430422210955	230.0	26	1.05	0.95				
	217	1	0.0	0.0	0.0	0.0	2	1.034736332202926	6.506447502865528	230.0	27	1.05	0.95				
	218	2	156.4623013136842	31.9502597277193	0.0	0.0	2	1.0354147218946073	6.721838324490093	230.0	27	1.05	0.95				
	219	1	85.04407368701754	17.384700145964914	0.0	0.0	2	1.0274833419493403	5.142972690138229	230.0	25	1.05	0.95				
	220	1	60.14166536982456	12.216275778245613	0.0	0.0	2	1.0298015178230693	6.210967280162077	230.0	25	1.05	0.95				
	221	2	0.0	0.0	0.0	0.0	2	1.0362113145012846	6.837241379825645	230.0	27	1.05	0.95				
	222	2	0.0	0.0	0.0	0.0	2	1.05	13.205621323081726	230.0	27	1.05	0.95				
	223	2	0.0	0.0	0.0	0.0	2	1.0321537385432107	7.153473170522823	230.0	25	1.05	0.95				
	224	1	0.0	0.0	0.0	0.0	2	1.013402542344524	1.2175970143424062	230.0	26	1.05	0.95				
	301	2	67.08573234947369	13.665612145263156	0.0	0.0	3	1.0056982288709335	-14.866129524012573	138.0	31	1.05	0.95				
	302	2	60.2529262768421	12.423283768421053	0.0	0.0	3	1.0053711286568483	-14.967085925519244	138.0	32	1.05	0.95				
	303	1	111.80955391578946	22.983074971578947	0.0	0.0	3	1.0165564351194654	-9.462457890621334	138.0	31	1.05	0.95				
	304	1	45.966149943157895	9.317462826315788	0.0	0.0	3	1.004405062530589	-12.910461762757919	138.0	31	1.05	0.95				
	305	1	44.10265737789473	8.696298637894737	0.0	0.0	3	1.0186170207576712	-13.207816857201422	138.0	31	1.05	0.95				
	306	1	84.47832962526316	17.392597275789473	0.0	-100.0	3	1.0337325072472778	-12.972152246928736	138.0	32	1.05	0.95				
	307	2	77.64552355263157	15.529104710526315	0.0	0.0	3	0.9953366484329222	-19.15689532210698	138.0	32	1.05	0.95				
	308	1	106.21907621999999	21.74074659473684	0.0	0.0	3	0.9965390455399783	-16.22999492072313	138.0	32	1.05	0.95				
	309	1	108.70373297368421	22.361910783157892	0.0	0.0	3	1.0256845974513313	-8.69052618959612	138.0	33	1.05	0.95				
	310	1	121.12701674210524	24.846567536842105	0.0	0.0	3	1.05	-9.559991433549854	138.0	33	1.05	0.95				
	311	1	0.0	0.0	0.0	0.0	3	1.0161934733895994	-2.4987650543319146	230.0	33	1.05	0.95				
	312	1	0.0	0.0	0.0	0.0	3	1.018122477250872	-1.6957445553759087	230.0	33	1.05	0.95				
	313	2	164.60850993157894	33.542866174736844	0.0	0.0	3	1.0332250738260265	3.4875893466150862	230.0	34	1.05	0.95				
	314	2	120.5058525536842	24.22540334842105	0.0	0.0	3	1.0220840784393144	-1.2090975888077595	230.0	36	1.05	0.95				
	315	2	196.90904772947366	39.754508058947366	0.0	0.0	3	1.0341800637252014	-1.4362941615721463	230.0	36	1.05	0.95				
	316	2	62.11641884210526	12.423283768421053	0.0	0.0	3	1.0344022078564303	-0.19233632935086986	230.0	36	1.05	0.95				
	317	1	0.0	0.0	0.0	0.0	3	1.037942817442259	0.4063476385156747	230.0	37	1.05	0.95				
	318	2	206.8476747442105	42.23916481263158	0.0	0.0	3	1.0357878473088218	-0.0842171317759029	230.0	37	1.05	0.95				
	319	1	112.43071810421053	22.983074971578947	0.0	0.0	3	1.0328718362613118	0.797134641138628	230.0	35	1.05	0.95				
	320	1	79.50901611789473	16.150268898947367	0.0	0.0	3	1.033819783123833	1.5957953359844086	230.0	35	1.05	0.95				
	321	2	0.0	0.0	0.0	0.0	3	1.0373071183293485	0.005561964963656224	230.0	37	1.05	0.95				
	322	2	0.0	0.0	0.0	0.0	3	1.0499999778975069	4.47210797712196	230.0	37	1.05	0.95				
	323	2	0.0	0.0	0.0	0.0	3	1.034758187606506	2.0291236266352124	230.0	35	1.05	0.95				
	324	1	0.0	0.0	0.0	0.0	3	1.0197226759315174	-2.699973638167378	230.0	36	1.05	0.95				
	325	1	0.0	0.0	0.0	0.0	3	1.0349883281510157	2.582144181943605	230.0	35	1.05	0.95				
];
