%% MATPOWER Case Format : Version 2
function mpc = RTS_GMLC
mpc.version = '2';

%%-----  Power Flow Data  -----%%
%% system MVA base
mpc.baseMVA = 100.0;
%% bus data
%    bus_i    type    Pd    Qd    Gs    Bs    area    Vm    Va    baseKV    zone    Vmax    Vmin
mpc.bus = [
	101	2	47.0663038231579	9.587580408421053	0.0	0.0	1	1.0108264234115558	0.9057369564007494	138.0	11	1.05	0.95				
	102	2	42.272513618947364	8.715982189473685	0.0	0.0	1	1.0089910385833165	0.34673000113546487	138.0	12	1.05	0.95				
	103	1	78.44383970526316	16.124567050526316	0.0	0.0	1	1.0253687397614781	3.1512313128454013	138.0	11	1.05	0.95				
	104	1	32.24913410105263	6.536986642105264	0.0	0.0	1	1.013186184629843	-1.467295197567427	138.0	11	1.05	0.95				
	105	1	30.94173677263158	6.101187532631579	0.0	0.0	1	1.0242780239356304	-2.100091632502205	138.0	11	1.05	0.95				
	106	1	59.26867888842106	12.202375065263158	0.0	-100.0	1	1.0395569033860568	-4.310867406874812	138.0	12	1.05	0.95				
	107	2	54.47488868421053	10.894977736842106	0.0	0.0	1	0.9814252568359904	-12.716236823926797	138.0	12	1.05	0.95				
	108	1	74.52164771999999	15.252968831578947	0.0	0.0	1	0.9908746734986266	-9.849789402069273	138.0	12	1.05	0.95				
	109	1	76.26484415789474	15.688767941052632	0.0	0.0	1	1.025046623253277	-2.006677677400398	138.0	13	1.05	0.95				
	110	1	84.98082634736842	17.43196437894737	0.0	0.0	1	1.05	-3.6925449965092487	138.0	13	1.05	0.95				
	111	1	0.0	0.0	0.0	0.0	1	1.0199266274534642	0.5939774918343514	230.0	13	1.05	0.95				
	112	1	0.0	0.0	0.0	0.0	1	1.0161703923298293	-0.7707034122484233	230.0	13	1.05	0.95				
	113	3	115.48676401052631	23.53315191157895	0.0	0.0	1	0.9996614752869433	3.96346869926375e-26	230.0	14	1.05	0.95				
	114	2	84.54502723789473	16.996165269473686	0.0	0.0	1	1.0488689119935757	4.439897488814894	230.0	16	1.05	0.95				
	115	2	138.1483177031579	27.891143006315787	0.0	0.0	1	1.0404846753292318	14.926705562579368	230.0	16	1.05	0.95				
	116	2	43.579910947368425	8.715982189473685	0.0	0.0	1	1.0409722696481691	12.731292519199112	230.0	16	1.05	0.95				
	117	1	0.0	0.0	0.0	0.0	1	1.0393786776926712	19.38540915818803	230.0	17	1.05	0.95				
	118	2	145.12110345473687	29.63433944421053	0.0	0.0	1	1.0490532405012876	20.25837576387557	230.0	17	1.05	0.95				
	119	1	78.87963881473684	16.124567050526316	0.0	0.0	1	1.0386253397232539	7.7768781655171875	230.0	15	1.05	0.95				
	120	1	55.78228601263157	11.330776846315791	0.0	0.0	1	1.044875731869975	4.160708052857425	230.0	15	1.05	0.95				
	121	2	0.0	0.0	0.0	0.0	1	1.0441702547566676	22.040740194103055	230.0	17	1.05	0.95				
	122	2	0.0	0.0	0.0	0.0	1	1.05	39.99423576728094	230.0	17	1.05	0.95				
	123	2	0.0	0.0	0.0	0.0	1	1.05	2.5114999988771194	230.0	15	1.05	0.95				
	124	1	0.0	0.0	0.0	0.0	1	1.020092288780265	10.533462167520204	230.0	16	1.05	0.95				
	201	2	45.03258303157895	9.173303950877193	0.0	0.0	2	1.0111160606561023	-20.962497028890148	138.0	21	1.05	0.95				
	202	2	40.44593105614035	8.339367228070177	0.0	0.0	2	1.0102316921715186	-21.290266494948753	138.0	22	1.05	0.95				
	203	1	75.05430505263159	15.427829371929825	0.0	0.0	2	1.0115307159545968	-15.46313725917032	138.0	21	1.05	0.95				
	204	1	30.85565874385965	6.254525421052631	0.0	0.0	2	1.009908853306458	-20.931113318717035	138.0	21	1.05	0.95				
	205	1	29.604753659649123	5.837557059649123	0.0	0.0	2	1.0254727412360958	-21.506748458441386	138.0	21	1.05	0.95				
	206	1	56.7076971508772	11.675114119298247	0.0	-100.0	2	1.0413174893846584	-22.33557833301152	138.0	22	1.05	0.95				
	207	2	52.121045175438596	10.42420903508772	0.0	0.0	2	0.9928305156987135	-27.2903454404161	138.0	22	1.05	0.95				
	208	1	71.3015898	14.593892649122806	0.0	0.0	2	0.9989254239353728	-25.41046577639835	138.0	22	1.05	0.95				
	209	1	72.96946324561404	15.010861010526316	0.0	0.0	2	1.0217329991196447	-18.904430265189806	138.0	23	1.05	0.95				
	210	1	81.30883047368421	16.678734456140354	0.0	0.0	2	1.05	-20.706491463990755	138.0	23	1.05	0.95				
	211	1	0.0	0.0	0.0	0.0	2	1.0093550266353424	-15.913879203661228	230.0	23	1.05	0.95				
	212	1	0.0	0.0	0.0	0.0	2	1.009742179456347	-15.560436987818136	230.0	23	1.05	0.95				
	213	2	110.49661577192981	22.516291515789476	0.0	0.0	2	1.0042579737600887	-14.920134020417347	230.0	24	1.05	0.95				
	214	2	80.8918621122807	16.261766094736842	0.0	0.0	2	1.0167020570771752	-12.8324614767425	230.0	26	1.05	0.95				
	215	2	132.17897056491228	26.685975129824563	0.0	0.0	2	1.033121301600153	-4.574748113453349	230.0	26	1.05	0.95				
	216	2	41.69683614035088	8.339367228070177	0.0	0.0	2	1.0346871858649715	-5.9751360437576855	230.0	26	1.05	0.95				
	217	1	0.0	0.0	0.0	0.0	2	1.039938110052371	-3.245924288909068	230.0	27	1.05	0.95				
	218	2	138.85046434736842	28.3538485754386	0.0	0.0	2	1.0391699948552908	-3.734062360517506	230.0	27	1.05	0.95				
	219	1	75.4712734140351	15.427829371929825	0.0	0.0	2	1.0321844316593491	-7.082247009304431	230.0	25	1.05	0.95				
	220	1	53.371950259649125	10.84117739649123	0.0	0.0	2	1.0328724373814477	-7.240642909051622	230.0	25	1.05	0.95				
	221	2	0.0	0.0	0.0	0.0	2	1.0391925332230978	-3.219220547120265	230.0	27	1.05	0.95				
	222	2	0.0	0.0	0.0	0.0	2	1.05	3.2725319478815678	230.0	27	1.05	0.95				
	223	2	0.0	0.0	0.0	0.0	2	1.0337083447002475	-7.0105849753925025	230.0	25	1.05	0.95				
	224	1	0.0	0.0	0.0	0.0	2	1.0115585566742733	-8.609280229550656	230.0	26	1.05	0.95				
	301	2	55.17874091368422	11.240113889824562	0.0	0.0	3	1.0063398845431062	6.495496920863466	138.0	31	1.05	0.95				
	302	2	49.55868396877193	10.218285354385966	0.0	0.0	3	1.005697623481183	6.361079830614536	138.0	32	1.05	0.95				
	303	1	91.9645681894737	18.903827905614033	0.0	0.0	3	1.0334854234968758	12.864543678457819	138.0	31	1.05	0.95				
	304	1	37.80765581122807	7.663714015789473	0.0	0.0	3	1.0088036379624676	8.025973206519831	138.0	31	1.05	0.95				
	305	1	36.27491300807017	7.152799748070176	0.0	0.0	3	1.0212829810621997	7.226521878216639	138.0	31	1.05	0.95				
	306	1	69.48434040982457	14.305599496140353	0.0	-100.0	3	1.0374241600208354	7.047962424874547	138.0	32	1.05	0.95				
	307	2	63.86428346491228	12.772856692982456	0.0	0.0	3	0.9925600032755361	2.1099093627563796	138.0	32	1.05	0.95				
	308	1	87.36633978	17.88199937017544	0.0	0.0	3	0.9985317179133342	4.440166942095847	138.0	32	1.05	0.95				
	309	1	89.40999685087719	18.392913637894736	0.0	0.0	3	1.0283094004154583	11.465697089176686	138.0	33	1.05	0.95				
	310	1	99.62828220526316	20.43657070877193	0.0	0.0	3	1.05	9.598779748840682	138.0	33	1.05	0.95				
	311	1	0.0	0.0	0.0	0.0	3	1.0099689056316938	14.972467905602551	230.0	33	1.05	0.95				
	312	1	0.0	0.0	0.0	0.0	3	1.0134855461927188	15.585899057100635	230.0	33	1.05	0.95				
	313	2	135.39228094561403	27.58937045684211	0.0	0.0	3	1.0137630742437513	19.44923702679694	230.0	34	1.05	0.95				
	314	2	99.11736793754386	19.925656441052634	0.0	0.0	3	1.0100971155346836	15.58195832415287	230.0	36	1.05	0.95				
	315	2	161.95982286701755	32.69851313403509	0.0	0.0	3	1.0374897183991432	14.70139421242722	230.0	36	1.05	0.95				
	316	2	51.091426771929825	10.218285354385966	0.0	0.0	3	1.0347344999117911	15.575361322861898	230.0	36	1.05	0.95				
	317	1	0.0	0.0	0.0	0.0	3	1.05	17.868345295325607	230.0	37	1.05	0.95				
	318	2	170.13445115052633	34.742170204912284	0.0	0.0	3	1.0479112123297933	14.49957923057853	230.0	37	1.05	0.95				
	319	1	92.475482457193	18.903827905614033	0.0	0.0	3	1.0287716002755862	16.578489957619283	230.0	35	1.05	0.95				
	320	1	65.39702626807018	13.283770960701755	0.0	0.0	3	1.024779364995566	17.267262734612935	230.0	35	1.05	0.95				
	321	2	0.0	0.0	0.0	0.0	3	1.0452974393953183	15.233104677626587	230.0	37	1.05	0.95				
	322	2	0.0	0.0	0.0	0.0	3	1.05	20.609617801373187	230.0	37	1.05	0.95				
	323	2	0.0	0.0	0.0	0.0	3	1.0228570936331651	17.714691091883108	230.0	35	1.05	0.95				
	324	1	0.0	0.0	0.0	0.0	3	1.0329325696909002	15.431083831940024	230.0	36	1.05	0.95				
	325	1	0.0	0.0	0.0	0.0	3	1.0245267970447276	18.093507487203418	230.0	35	1.05	0.95				
];
