%% MATPOWER Case Format : Version 2
function mpc = RTS_GMLC
mpc.version = '2';

%%-----  Power Flow Data  -----%%
%% system MVA base
mpc.baseMVA = 100.0;
%% bus data
%    bus_i    type    Pd    Qd    Gs    Bs    area    Vm    Va    baseKV    zone    Vmax    Vmin
mpc.bus = [
	101	2	37.620979711578954	7.663532904210527	0.0	0.0	1	1.012806481102356	-3.591812746933289	138.0	11	1.05	0.95				
	102	2	33.78921325947369	6.966848094736842	0.0	0.0	1	1.0127855637058727	-3.796158601741934	138.0	12	1.05	0.95				
	103	1	62.70163285263158	12.88866897526316	0.0	0.0	1	1.0009777658530707	0.8801285650528241	138.0	11	1.05	0.95				
	104	1	25.77733795052632	5.225136071052632	0.0	0.0	1	1.0040230060713182	-3.686178397735459	138.0	11	1.05	0.95				
	105	1	24.732310736315792	4.87679366631579	0.0	0.0	1	1.018432171651568	-4.615581561169418	138.0	11	1.05	0.95				
	106	1	47.374567044210536	9.75358733263158	0.0	-100.0	1	1.0298640468214475	-5.631278151228118	138.0	12	1.05	0.95				
	107	2	43.542800592105266	8.708560118421053	0.0	0.0	1	0.9860560973304106	-9.703446960746138	138.0	12	1.05	0.95				
	108	1	59.56655121000001	12.191984165789474	0.0	0.0	1	0.9898585179868147	-8.264834267139657	138.0	12	1.05	0.95				
	109	1	60.959920828947375	12.540326570526316	0.0	0.0	1	1.0028964413203802	-2.801759982429823	138.0	13	1.05	0.95				
	110	1	67.92676892368421	13.933696189473684	0.0	0.0	1	1.032078211194523	-4.501268563225773	138.0	13	1.05	0.95				
	111	1	0.0	0.0	0.0	0.0	1	0.9806411109496688	-0.31859407372017046	230.0	13	1.05	0.95				
	112	1	0.0	0.0	0.0	0.0	1	0.9826978217574295	-1.219968605178456	230.0	13	1.05	0.95				
	113	3	92.31073725526316	18.810489855789477	0.0	0.0	1	0.9617123053796479	2.514205840661867e-29	230.0	14	1.05	0.95				
	114	2	67.57842651894738	13.585353784736846	0.0	0.0	1	0.9876208391691711	2.897511898249359	230.0	16	1.05	0.95				
	115	2	110.42454230157897	22.293913903157897	0.0	0.0	1	0.9875255821163174	11.42932091982488	230.0	16	1.05	0.95				
	116	2	34.83424047368421	6.966848094736842	0.0	0.0	1	0.9866723671779267	9.855362326220487	230.0	16	1.05	0.95				
	117	1	0.0	0.0	0.0	0.0	1	0.98946928014633	15.261999419912415	230.0	17	1.05	0.95				
	118	2	115.99802077736842	23.687283522105268	0.0	0.0	1	0.996064380939388	15.85364665303245	230.0	17	1.05	0.95				
	119	1	63.04997525736843	12.88866897526316	0.0	0.0	1	0.9872019827278886	6.153581846358382	230.0	15	1.05	0.95				
	120	1	44.587827806315794	9.056902523157897	0.0	0.0	1	0.9924718936225655	3.4926659749209157	230.0	15	1.05	0.95				
	121	2	0.0	0.0	0.0	0.0	1	0.996038910422969	17.17968076499605	230.0	17	1.05	0.95				
	122	2	0.0	0.0	0.0	0.0	1	1.006859461477322	32.61623121345702	230.0	17	1.05	0.95				
	123	2	0.0	0.0	0.0	0.0	1	0.9961545436494621	2.3258993983981044	230.0	15	1.05	0.95				
	124	1	0.0	0.0	0.0	0.0	1	0.98005266187854	7.383022919640477	230.0	16	1.05	0.95				
	201	2	36.75365968926316	7.4868566033684205	0.0	0.0	2	1.0126753845909986	-12.829129697523829	138.0	21	1.05	0.95				
	202	2	33.01023138757894	6.806233275789474	0.0	0.0	2	1.011647230099822	-13.018441571122173	138.0	22	1.05	0.95				
	203	1	61.256099482105256	12.591531560210525	0.0	0.0	2	0.9991646264622784	-9.442154137350364	138.0	21	1.05	0.95				
	204	1	25.18306312042105	5.104674956842104	0.0	0.0	2	1.0032054918289446	-12.346568521234241	138.0	21	1.05	0.95				
	205	1	24.162128129052626	4.764363293052631	0.0	0.0	2	1.0196457127394518	-12.756911102749301	138.0	21	1.05	0.95				
	206	1	46.28238627536842	9.528726586105263	0.0	-100.0	2	1.0318997809039017	-13.170388520863602	138.0	22	1.05	0.95				
	207	2	42.538957973684205	8.50779159473684	0.0	0.0	2	0.9737137958628201	-17.067990594757976	138.0	22	1.05	0.95				
	208	1	58.193294507999994	11.910908232631577	0.0	0.0	2	0.9840685186506127	-15.562404125673558	138.0	22	1.05	0.95				
	209	1	59.55454116315788	12.25121989642105	0.0	0.0	2	1.0058022181678077	-10.336144354340695	138.0	23	1.05	0.95				
	210	1	66.36077443894736	13.612466551578947	0.0	0.0	2	1.0345501620358604	-11.558652886069929	138.0	23	1.05	0.95				
	211	1	0.0	0.0	0.0	0.0	2	0.985044604176654	-7.90171668295044	230.0	23	1.05	0.95				
	212	1	0.0	0.0	0.0	0.0	2	0.9844517323975994	-5.95896785364988	230.0	23	1.05	0.95				
	213	2	90.18259090421051	18.37682984463158	0.0	0.0	2	0.9793222353535268	-6.152153348383994	230.0	24	1.05	0.95				
	214	2	66.02046277515788	13.272154887789473	0.0	0.0	2	0.9808155328694032	-6.219185704518784	230.0	26	1.05	0.95				
	215	2	107.87879742126314	21.779946482526313	0.0	0.0	2	0.9906638074077705	-1.2137753970214593	230.0	26	1.05	0.95				
	216	2	34.03116637894736	6.806233275789474	0.0	0.0	2	0.9882035843734951	-1.612911193080085	230.0	26	1.05	0.95				
	217	1	0.0	0.0	0.0	0.0	2	0.9992693764391591	-0.40368340024038374	230.0	27	1.05	0.95				
	218	2	113.32378404189471	23.14119313768421	0.0	0.0	2	1.0007721911801009	-0.8639401241665199	230.0	27	1.05	0.95				
	219	1	61.596411145894734	12.591531560210525	0.0	0.0	2	0.980820407076962	-0.9822849054499992	230.0	25	1.05	0.95				
	220	1	43.559892965052626	8.848103258526315	0.0	0.0	2	0.9766810192729081	0.30373215537371945	230.0	25	1.05	0.95				
	221	2	0.0	0.0	0.0	0.0	2	1.0028526144157455	-0.4365692014364201	230.0	27	1.05	0.95				
	222	2	0.0	0.0	0.0	0.0	2	1.0199247149201842	4.074438978729927	230.0	27	1.05	0.95				
	223	2	0.0	0.0	0.0	0.0	2	0.9751023961562204	1.3089731815965095	230.0	25	1.05	0.95				
	224	1	0.0	0.0	0.0	0.0	2	0.9838901032116126	-4.356309806494358	230.0	26	1.05	0.95				
	301	2	38.16387219789474	7.774122114385965	0.0	0.0	3	1.0145106761891813	31.572609701233702	138.0	31	1.05	0.95				
	302	2	34.27681114070175	7.067383740350877	0.0	0.0	3	1.0150122564072264	31.266722434546494	138.0	32	1.05	0.95				
	303	1	63.60645366315789	13.07465991964912	0.0	0.0	3	1.0185097471545368	43.61423269617958	138.0	31	1.05	0.95				
	304	1	26.14931983929824	5.300537805263157	0.0	0.0	3	1.0053479968739716	32.24046489907503	138.0	31	1.05	0.95				
	305	1	25.08921227824561	4.947168618245614	0.0	0.0	3	1.022898280415766	30.526092786692608	138.0	31	1.05	0.95				
	306	1	48.058209434385965	9.894337236491229	0.0	-100.0	3	1.0360402582761898	29.475890465908318	138.0	32	1.05	0.95				
	307	2	44.17114837719298	8.834229675438596	0.0	0.0	3	0.9674844984176567	27.34522473398397	138.0	32	1.05	0.95				
	308	1	60.42613097999999	12.367921545614033	0.0	0.0	3	0.9836767943288435	28.836870187970263	138.0	32	1.05	0.95				
	309	1	61.83960772807017	12.721290732631577	0.0	0.0	3	1.0076340959996277	34.549194073451204	138.0	33	1.05	0.95				
	310	1	68.90699146842104	14.134767480701754	0.0	0.0	3	1.0395005186185613	30.625786212282613	138.0	33	1.05	0.95				
	311	1	0.0	0.0	0.0	0.0	3	0.9894226534744565	33.05961708857409	230.0	33	1.05	0.95				
	312	1	0.0	0.0	0.0	0.0	3	0.9985398548679579	32.88944903838407	230.0	33	1.05	0.95				
	313	2	93.64283455964912	19.08193609894737	0.0	0.0	3	0.9937088621037645	34.012178530117254	230.0	34	1.05	0.95				
	314	2	68.5536222814035	13.78139829368421	0.0	0.0	3	0.9716534000321926	32.830368639571354	230.0	36	1.05	0.95				
	315	2	112.0180322845614	22.615627969122805	0.0	0.0	3	0.9776185581915575	31.49189984241594	230.0	36	1.05	0.95				
	316	2	35.336918701754385	7.067383740350877	0.0	0.0	3	0.9639009146701818	31.512521973444535	230.0	36	1.05	0.95				
	317	1	0.0	0.0	0.0	0.0	3	0.9819610081830691	32.71323845461152	230.0	37	1.05	0.95				
	318	2	117.6719392768421	24.029104717192983	0.0	0.0	3	0.9792395251242709	29.290404483370057	230.0	37	1.05	0.95				
	319	1	63.95982285017543	13.07465991964912	0.0	0.0	3	0.9743812297073254	30.95067988935059	230.0	35	1.05	0.95				
	320	1	45.23125593824561	9.18759886245614	0.0	0.0	3	0.9836607699325272	30.198111515909794	230.0	35	1.05	0.95				
	321	2	0.0	0.0	0.0	0.0	3	0.9875632730630011	30.42774840991339	230.0	37	1.05	0.95				
	322	2	0.0	0.0	0.0	0.0	3	1.0041043241193974	33.751496520721325	230.0	37	1.05	0.95				
	323	2	0.0	0.0	0.0	0.0	3	0.9883053714878709	29.748272767483613	230.0	35	1.05	0.95				
	324	1	0.0	0.0	0.0	0.0	3	0.9910560780946112	37.278666592127635	230.0	36	1.05	0.95				
