%% MATPOWER Case Format : Version 2
function mpc = RTS_GMLC
mpc.version = '2';

%%-----  Power Flow Data  -----%%
%% system MVA base
mpc.baseMVA = 100.0;
%% bus data
%    bus_i    type    Pd    Qd    Gs    Bs    area    Vm    Va    baseKV    zone    Vmax    Vmin
mpc.bus = [
	101	2	46.224641254736845	9.416130625964913	0.0	0.0	1	1.0353957925420885	2.478692700309968	138.0	11	1.05	0.95				
	102	2	41.51657594175438	8.560118750877194	0.0	0.0	1	1.0349922815525434	2.343904045577432	138.0	12	1.05	0.95				
	103	1	77.04106875789473	15.836219689122805	0.0	0.0	1	1.0293181882454678	0.08960543575764672	138.0	11	1.05	0.95				
	104	1	31.67243937824561	6.420089063157894	0.0	0.0	1	1.0222318955268572	-1.032699408420229	138.0	11	1.05	0.95				
	105	1	30.38842156561403	5.992083125614036	0.0	0.0	1	1.0367289830682958	-0.7805764160323765	138.0	11	1.05	0.95				
	106	1	58.20880750596491	11.984166251228071	0.0	-100.0	1	1.0457660126863408	-3.047299654582795	138.0	12	1.05	0.95				
	107	2	53.50074219298245	10.700148438596491	0.0	0.0	1	1.0008999255765103	-8.274437004414237	138.0	12	1.05	0.95				
	108	1	73.18901532	14.980207814035085	0.0	0.0	1	1.0048705041842445	-7.122917908094771	138.0	12	1.05	0.95				
	109	1	74.90103907017543	15.408213751578945	0.0	0.0	1	1.0250341396859346	-2.0688580487355335	138.0	13	1.05	0.95				
	110	1	83.46115782105262	17.12023750175439	0.0	0.0	1	1.05	-2.7434178495783734	138.0	13	1.05	0.95				
	111	1	0.0	0.0	0.0	0.0	1	1.0036716990825314	-0.3850939254535174	230.0	13	1.05	0.95				
	112	1	0.0	0.0	0.0	0.0	1	1.0088660985221234	0.14575263391578142	230.0	13	1.05	0.95				
	113	3	113.4215734491228	23.112320627368423	0.0	0.0	1	0.9960396400621612	8.162576597984872e-32	230.0	14	1.05	0.95				
	114	2	83.03315188350876	16.692231564210527	0.0	0.0	1	0.9998248339400467	1.4285691106727836	230.0	16	1.05	0.95				
	115	2	135.6778822014035	27.392380002807016	0.0	0.0	1	1.039036905498456	6.650453394458473	230.0	16	1.05	0.95				
	116	2	42.800593754385964	8.560118750877194	0.0	0.0	1	1.0345156278291538	6.447586291129759	230.0	16	1.05	0.95				
	117	1	0.0	0.0	0.0	0.0	1	1.0427033588054202	7.921490721721107	230.0	17	1.05	0.95				
	118	2	142.52597720210528	29.104403752982456	0.0	0.0	1	1.0453653469688404	7.790512453627253	230.0	17	1.05	0.95				
	119	1	77.4690746954386	15.836219689122805	0.0	0.0	1	1.0283967813255337	5.769824456065512	230.0	15	1.05	0.95				
	120	1	54.78476000561403	11.128154376140351	0.0	0.0	1	1.0259604888243699	6.009722225639503	230.0	15	1.05	0.95				
	121	2	0.0	0.0	0.0	0.0	1	1.049999955054755	8.641354993744995	230.0	17	1.05	0.95				
	122	2	0.0	0.0	0.0	0.0	1	1.05	14.869489798806635	230.0	17	1.05	0.95				
	123	2	0.0	0.0	0.0	0.0	1	1.0252219461399679	6.47336775284992	230.0	15	1.05	0.95				
	124	1	0.0	0.0	0.0	0.0	1	1.026625620296236	4.198377399555665	230.0	16	1.05	0.95				
	201	2	49.77553911157896	10.139461670877195	0.0	0.0	2	1.0310360375867318	-6.257610065703568	138.0	21	1.05	0.95				
	202	2	44.70580827614036	9.217692428070178	0.0	0.0	2	1.0314441686344817	-6.21756990987169	138.0	22	1.05	0.95				
	203	1	82.95923185263159	17.052730991929828	0.0	0.0	2	1.018905787416221	-6.504183550623764	138.0	21	1.05	0.95				
	204	1	34.105461983859655	6.913269321052633	0.0	0.0	2	1.0194241463623637	-8.5475696481908	138.0	21	1.05	0.95				
	205	1	32.72280811964913	6.452384699649125	0.0	0.0	2	1.034667709101761	-8.625782362723818	138.0	21	1.05	0.95				
	206	1	62.680308510877204	12.90476939929825	0.0	-100.0	2	1.0445504750162191	-10.38803058968587	138.0	22	1.05	0.95				
	207	2	57.6105776754386	11.522115535087721	0.0	0.0	2	0.9893744741379665	-17.390460244927258	138.0	22	1.05	0.95				
	208	1	78.81127026000001	16.130961749122807	0.0	0.0	2	0.9954236880589619	-15.286025687964932	138.0	22	1.05	0.95				
	209	1	80.65480874561405	16.591846370526316	0.0	0.0	2	1.0230864381237368	-8.576862710826187	138.0	23	1.05	0.95				
	210	1	89.87250117368421	18.435384856140356	0.0	0.0	2	1.05	-9.563775826797876	138.0	23	1.05	0.95				
	211	1	0.0	0.0	0.0	0.0	2	1.0063538922749362	-5.832438602131894	230.0	23	1.05	0.95				
	212	1	0.0	0.0	0.0	0.0	2	1.009738547582269	-5.337086861018707	230.0	23	1.05	0.95				
	213	2	122.13442467192984	24.88776955578948	0.0	0.0	2	1.0005136693410084	-5.009079650578448	230.0	24	1.05	0.95				
	214	2	89.41161655228072	17.974500234736844	0.0	0.0	2	1.0082928468040266	-3.2140788588698195	230.0	26	1.05	0.95				
	215	2	146.10042498491228	29.496615769824565	0.0	0.0	2	1.0287889160239498	3.3254984698936565	230.0	26	1.05	0.95				
	216	2	46.088462140350885	9.217692428070178	0.0	0.0	2	1.0303163377498656	3.2513060956519486	230.0	26	1.05	0.95				
	217	1	0.0	0.0	0.0	0.0	2	1.035552290623338	5.985993084839354	230.0	27	1.05	0.95				
	218	2	153.47457892736844	31.340154255438602	0.0	0.0	2	1.037237069094054	6.4890977221188715	230.0	27	1.05	0.95				
	219	1	83.4201164740351	17.052730991929828	0.0	0.0	2	1.0295578982691422	2.2621011532376083	230.0	25	1.05	0.95				
	220	1	58.99323153964913	11.98300015649123	0.0	0.0	2	1.0322398226055556	2.2958662047088696	230.0	25	1.05	0.95				
	221	2	0.0	0.0	0.0	0.0	2	1.0371138217414781	6.192653186253118	230.0	27	1.05	0.95				
	222	2	0.0	0.0	0.0	0.0	2	1.05	12.610675262350195	230.0	27	1.05	0.95				
	223	2	0.0	0.0	0.0	0.0	2	1.0344114959955988	2.663094231920619	230.0	25	1.05	0.95				
	224	1	0.0	0.0	0.0	0.0	2	1.0129404840684681	-0.35737856694527753	230.0	26	1.05	0.95				
	301	2	56.92122746526317	11.595064854035089	0.0	0.0	3	1.0111892939008917	-22.067616640640612	138.0	31	1.05	0.95				
	302	2	51.12369503824562	10.540968049122808	0.0	0.0	3	1.010322759746819	-22.258217570378385	138.0	32	1.05	0.95				
	303	1	94.86871244210528	19.50079089087719	0.0	0.0	3	1.0374226235126556	-12.74319722862078	138.0	31	1.05	0.95				
	304	1	39.00158178175438	7.905726036842105	0.0	0.0	3	1.011065813474367	-20.279363673636936	138.0	31	1.05	0.95				
	305	1	37.42043657438596	7.378677634385966	0.0	0.0	3	1.023809565771494	-22.02315924520173	138.0	31	1.05	0.95				
	306	1	71.6785827340351	14.757355268771931	0.0	-100.0	3	1.038156885407392	-22.59120151178157	138.0	32	1.05	0.95				
	307	2	65.88105030701755	13.17621006140351	0.0	0.0	3	0.9931636050007432	-28.041146869081114	138.0	32	1.05	0.95				
	308	1	90.12527682	18.446694085964914	0.0	0.0	3	0.9959363793522945	-25.580336730013027	138.0	32	1.05	0.95				
	309	1	92.23347042982456	18.973742488421053	0.0	0.0	3	1.0296586866021344	-16.52504144819361	138.0	33	1.05	0.95				
	310	1	102.77443847894736	21.081936098245617	0.0	0.0	3	1.05	-20.285378839029946	138.0	33	1.05	0.95				
	311	1	0.0	0.0	0.0	0.0	3	1.0135397431639872	-14.057680854685344	230.0	33	1.05	0.95				
	312	1	0.0	0.0	0.0	0.0	3	1.015558931117338	-13.469731624810276	230.0	33	1.05	0.95				
	313	2	139.6678266508772	28.460613732631586	0.0	0.0	3	1.0154276508647941	-10.833335106138273	230.0	34	1.05	0.95				
	314	2	102.24739007649124	20.554887695789475	0.0	0.0	3	1.017349676790574	-12.461212545835252	230.0	36	1.05	0.95				
	315	2	167.07434357859648	33.731097757192984	0.0	0.0	3	1.0389139273599322	-7.575273660959362	230.0	36	1.05	0.95				
	316	2	52.70484024561404	10.540968049122808	0.0	0.0	3	1.0384566695455755	-7.02273128289396	230.0	36	1.05	0.95				
	317	1	0.0	0.0	0.0	0.0	3	1.0426177645067796	-5.075073730593423	230.0	37	1.05	0.95				
	318	2	175.50711801789475	35.83929136701755	0.0	0.0	3	1.040940620270303	-5.286642217367304	230.0	37	1.05	0.95				
	319	1	95.39576084456141	19.50079089087719	0.0	0.0	3	1.0342887598487218	-7.992377510833527	230.0	35	1.05	0.95				
	320	1	67.46219551438597	13.70325846385965	0.0	0.0	3	1.034735111869664	-7.82825812543398	230.0	35	1.05	0.95				
	321	2	0.0	0.0	0.0	0.0	3	1.0423888136959536	-5.248839677408718	230.0	37	1.05	0.95				
	322	2	0.0	0.0	0.0	0.0	3	1.05	-0.8561855285084664	230.0	37	1.05	0.95				
	323	2	0.0	0.0	0.0	0.0	3	1.0360053435525294	-7.341447516975145	230.0	35	1.05	0.95				
	324	1	0.0	0.0	0.0	0.0	3	1.030856992272356	-9.52325339739509	230.0	36	1.05	0.95				
	325	1	0.0	0.0	0.0	0.0	3	1.0321749266294284	-6.009329885248353	230.0	35	1.05	0.95				
];
