%% MATPOWER Case Format : Version 2
function mpc = RTS_GMLC
mpc.version = '2';

%%-----  Power Flow Data  -----%%
%% system MVA base
mpc.baseMVA = 100.0;
%% bus data
%    bus_i    type    Pd    Qd    Gs    Bs    area    Vm    Va    baseKV    zone    Vmax    Vmin
mpc.bus = [
	101	2	41.46857992421052	8.447303317894736	0.0	0.0	1	1.0336232397223122	1.8435821786374984	138.0	11	1.05	0.95				
	102	2	37.244928265263155	7.679366652631579	0.0	0.0	1	1.0327064360179004	1.5841891505186156	138.0	12	1.05	0.95				
	103	1	69.1142998736842	14.206828307368419	0.0	0.0	1	1.0304790498908265	0.27447177802903167	138.0	11	1.05	0.95				
	104	1	28.413656614736837	5.759524989473683	0.0	0.0	1	1.0219961096393457	-1.4420197229270892	138.0	11	1.05	0.95				
	105	1	27.2617516168421	5.375556656842105	0.0	0.0	1	1.0365384901995351	-1.2223377502290698	138.0	11	1.05	0.95				
	106	1	52.21969323789474	10.75111331368421	0.0	-100.0	1	1.0466207557532332	-3.378347532896075	138.0	12	1.05	0.95				
	107	2	47.99604157894737	9.599208315789474	0.0	0.0	1	1.0007055323343428	-9.259410545104927	138.0	12	1.05	0.95				
	108	1	65.65858487999999	13.438891642105261	0.0	0.0	1	1.0056596396776691	-7.68472737604135	138.0	12	1.05	0.95				
	109	1	67.1944582105263	13.82285997473684	0.0	0.0	1	1.0246185299799044	-2.3589625419317097	138.0	13	1.05	0.95				
	110	1	74.87382486315789	15.358733305263158	0.0	0.0	1	1.05	-3.119903032687583	138.0	13	1.05	0.95				
	111	1	0.0	0.0	0.0	0.0	1	1.002140656384524	-0.5068878106477182	230.0	13	1.05	0.95				
	112	1	0.0	0.0	0.0	0.0	1	1.0068619758677873	-0.7946451562078976	230.0	13	1.05	0.95				
	113	3	101.75160814736842	20.73428996210526	0.0	0.0	1	0.9930713423145661	3.4737950578930055e-28	230.0	14	1.05	0.95				
	114	2	74.48985653052631	14.97476497263158	0.0	0.0	1	0.9988189998444755	1.4263353801722691	230.0	16	1.05	0.95				
	115	2	121.71796144421052	24.57397328842105	0.0	0.0	1	1.0383854242637314	7.32353773456715	230.0	16	1.05	0.95				
	116	2	38.396833263157895	7.679366652631579	0.0	0.0	1	1.0333845813540783	6.334498968052567	230.0	16	1.05	0.95				
	117	1	0.0	0.0	0.0	0.0	1	1.0407191276529797	10.094448644151502	230.0	17	1.05	0.95				
	118	2	127.86145476631579	26.10984661894737	0.0	0.0	1	1.0466603840636701	10.394383235844783	230.0	17	1.05	0.95				
	119	1	69.49826820631579	14.206828307368419	0.0	0.0	1	1.02229772382565	4.032956433281629	230.0	15	1.05	0.95				
	120	1	49.1479465768421	9.983176648421052	0.0	0.0	1	1.0161129595861311	2.7593405083167335	230.0	15	1.05	0.95				
	121	2	0.0	0.0	0.0	0.0	1	1.049999983916972	11.56988915048078	230.0	17	1.05	0.95				
	122	2	0.0	0.0	0.0	0.0	1	1.05	22.989294365269995	230.0	17	1.05	0.95				
	123	2	0.0	0.0	0.0	0.0	1	1.013095191614914	2.3573091777368007	230.0	15	1.05	0.95				
	124	1	0.0	0.0	0.0	0.0	1	1.0261888350002595	4.681786561318687	230.0	16	1.05	0.95				
	201	2	38.74264128000001	7.89201952	0.0	0.0	2	1.0140456714983896	-12.506207683565787	138.0	21	1.05	0.95				
	202	2	34.79663152	7.174563200000001	0.0	0.0	2	1.0131467301358168	-12.777565885202346	138.0	22	1.05	0.95				
	203	1	64.5710688	13.272941920000001	0.0	0.0	2	1.015747614155747	-9.118518616377294	138.0	21	1.05	0.95				
	204	1	26.545883840000002	5.3809224	0.0	0.0	2	1.0130284921672967	-12.512145338553514	138.0	21	1.05	0.95				
	205	1	25.469699359999996	5.02219424	0.0	0.0	2	1.0277874259916753	-12.887608046529364	138.0	21	1.05	0.95				
	206	1	48.78702976	10.04438848	0.0	-100.0	2	1.0437133942232866	-13.572012978549097	138.0	22	1.05	0.95				
	207	2	44.84102	8.968204	0.0	0.0	2	0.9964967425848248	-17.795489819631893	138.0	22	1.05	0.95				
	208	1	61.34251536000001	12.555485599999999	0.0	0.0	2	1.0036187925649092	-16.221405075302584	138.0	22	1.05	0.95				
	209	1	62.777428	12.91421376	0.0	0.0	2	1.0227283237922724	-10.802671623007726	138.0	23	1.05	0.95				
	210	1	69.9519912	14.349126400000001	0.0	0.0	2	1.05	-12.112050594970272	138.0	23	1.05	0.95				
	211	1	0.0	0.0	0.0	0.0	2	1.0032102871538084	-8.062355562856169	230.0	23	1.05	0.95				
	212	1	0.0	0.0	0.0	0.0	2	1.0061418925074863	-7.334080994589188	230.0	23	1.05	0.95				
	213	2	95.0629624	19.371320640000004	0.0	0.0	2	0.9976449665523328	-6.730435494865462	230.0	24	1.05	0.95				
	214	2	69.59326304	13.990398240000001	0.0	0.0	2	1.0024022717308578	-5.692522367998779	230.0	26	1.05	0.95				
	215	2	113.71682672000001	22.95860224	0.0	0.0	2	1.0185787237702175	-0.011183110946891102	230.0	26	1.05	0.95				
	216	2	35.872816	7.174563200000001	0.0	0.0	2	1.0196304709722164	-0.1728395657926445	230.0	26	1.05	0.95				
	217	1	0.0	0.0	0.0	0.0	2	1.0241172560155751	1.2026608106449614	230.0	27	1.05	0.95				
	218	2	119.45647728000002	24.39351488	0.0	0.0	2	1.0235540266460097	0.8466822457343534	230.0	27	1.05	0.95				
	219	1	64.92979696	13.272941920000001	0.0	0.0	2	1.020566565415528	-0.20268311952765783	230.0	25	1.05	0.95				
	220	1	45.91720448	9.326932160000002	0.0	0.0	2	1.0234529003042692	0.48123369023427015	230.0	25	1.05	0.95				
	221	2	0.0	0.0	0.0	0.0	2	1.0254758646974502	1.36173088934164	230.0	27	1.05	0.95				
	222	2	0.0	0.0	0.0	0.0	2	1.0473119800626534	7.823305129445664	230.0	27	1.05	0.95				
	223	2	0.0	0.0	0.0	0.0	2	1.0254473687282082	1.13428245296284	230.0	25	1.05	0.95				
	224	1	0.0	0.0	0.0	0.0	2	1.0063162701327582	-3.447199632566957	230.0	26	1.05	0.95				
	301	2	41.512179675789476	8.45618474877193	0.0	0.0	3	1.0107198692023265	-12.464624049500372	138.0	31	1.05	0.95				
	302	2	37.28408730140351	7.687440680701756	0.0	0.0	3	1.010624321581749	-12.566998259363741	138.0	32	1.05	0.95				
	303	1	69.1869661263158	14.221765259298246	0.0	0.0	3	1.0257672450668422	-7.425561795190537	138.0	31	1.05	0.95				
	304	1	28.443530518596493	5.765580510526315	0.0	0.0	3	1.0127707030628683	-11.212118019989212	138.0	31	1.05	0.95				
	305	1	27.290414416491227	5.381208476491229	0.0	0.0	3	1.0255458272778564	-12.056398939976347	138.0	31	1.05	0.95				
	306	1	52.27459662877194	10.762416952982457	0.0	-100.0	3	1.0423814789284052	-12.300042220733365	138.0	32	1.05	0.95				
	307	2	48.046504254385965	9.609300850877194	0.0	0.0	3	0.9902069923690213	-16.22397469158615	138.0	32	1.05	0.95				
	308	1	65.72761782	13.453021191228071	0.0	0.0	3	0.9996963483520883	-14.546874367373814	138.0	32	1.05	0.95				
	309	1	67.26510595614036	13.837393225263158	0.0	0.0	3	1.0261211640749552	-8.52610550293901	138.0	33	1.05	0.95				
	310	1	74.95254663684211	15.374881361403512	0.0	0.0	3	1.05	-10.408882968307953	138.0	33	1.05	0.95				
	311	1	0.0	0.0	0.0	0.0	3	1.0040857941613721	-5.3650455123697975	230.0	33	1.05	0.95				
	312	1	0.0	0.0	0.0	0.0	3	1.0095544778375116	-4.91858990688215	230.0	33	1.05	0.95				
	313	2	101.85858901929825	20.756089837894738	0.0	0.0	3	1.007344360983945	-2.0661763341677166	230.0	34	1.05	0.95				
	314	2	74.56817460280702	14.990509327368423	0.0	0.0	3	0.9977225519960227	-4.004036369234673	230.0	36	1.05	0.95				
	315	2	121.8459347891228	24.599810178245615	0.0	0.0	3	1.029544136690524	-0.034518745063390914	230.0	36	1.05	0.95				
	316	2	38.437203403508775	7.687440680701756	0.0	0.0	3	1.0279392948974493	0.14324152884958366	230.0	36	1.05	0.95				
	317	1	0.0	0.0	0.0	0.0	3	1.0405910062150447	4.751030714397743	230.0	37	1.05	0.95				
	318	2	127.99588733368421	26.13729831438597	0.0	0.0	3	1.0378205241042637	3.062546720779643	230.0	37	1.05	0.95				
	319	1	69.57133816035088	14.221765259298246	0.0	0.0	3	1.0222190190179505	-0.5233502147074397	230.0	35	1.05	0.95				
	320	1	49.19962035649123	9.993672884912282	0.0	0.0	3	1.0196553667738282	-0.3479999189943551	230.0	35	1.05	0.95				
	321	2	0.0	0.0	0.0	0.0	3	1.037354840656014	2.6333890273631066	230.0	37	1.05	0.95				
	322	2	0.0	0.0	0.0	0.0	3	1.05	7.779057757426299	230.0	37	1.05	0.95				
	323	2	0.0	0.0	0.0	0.0	3	1.0186449863261204	0.05117263560353761	230.0	35	1.05	0.95				
	324	1	0.0	0.0	0.0	0.0	3	1.0186391852397125	-2.8182101020713106	230.0	36	1.05	0.95				
	325	1	0.0	0.0	0.0	0.0	3	1.0185167352718212	1.045792877018938	230.0	35	1.05	0.95				
];
