%% MATPOWER Case Format : Version 2
function mpc = RTS_GMLC
mpc.version = '2';

%%-----  Power Flow Data  -----%%
%% system MVA base
mpc.baseMVA = 100.0;
%% bus data
%    bus_i    type    Pd    Qd    Gs    Bs    area    Vm    Va    baseKV    zone    Vmax    Vmin
mpc.bus = [
	101	2	44.75507176421053	9.116773877894738	0.0	0.0	1	1.013659100904569	-4.138459520795826	138.0	11	1.05	0.95				
	102	2	40.196684825263155	8.28797625263158	0.0	0.0	1	1.0134262255428133	-4.3660609965649915	138.0	12	1.05	0.95				
	103	1	74.5917862736842	15.332756067368422	0.0	0.0	1	1.0032019528656368	-0.14209996594599744	138.0	11	1.05	0.95				
	104	1	30.665512134736844	6.215982189473684	0.0	0.0	1	1.0035752349265687	-4.441342228018576	138.0	11	1.05	0.95				
	105	1	29.422315696842105	5.801583376842106	0.0	0.0	1	1.016849956326223	-5.515878970313238	138.0	11	1.05	0.95				
	106	1	56.35823851789474	11.603166753684212	0.0	-100.0	1	1.0263825380539446	-6.783403498519332	138.0	12	1.05	0.95				
	107	2	51.799851578947376	10.359970315789473	0.0	0.0	1	0.9870243640915322	-10.277228455952658	138.0	12	1.05	0.95				
	108	1	70.86219696	14.503958442105263	0.0	0.0	1	0.9880585458767991	-9.246954253852994	138.0	12	1.05	0.95				
	109	1	72.51979221052632	14.918357254736842	0.0	0.0	1	1.0023716937497078	-3.761901719522244	138.0	13	1.05	0.95				
	110	1	80.80776846315788	16.57595250526316	0.0	0.0	1	1.0299719321633312	-5.546513866277241	138.0	13	1.05	0.95				
	111	1	0.0	0.0	0.0	0.0	1	0.9812405188824972	-1.274947874963846	230.0	13	1.05	0.95				
	112	1	0.0	0.0	0.0	0.0	1	0.9827191521154295	-1.7445806025605466	230.0	13	1.05	0.95				
	113	3	109.81568534736843	22.377535882105263	0.0	0.0	1	0.9643392459390916	1.2255796022450526e-24	230.0	14	1.05	0.95				
	114	2	80.39336965052631	16.161553692631582	0.0	0.0	1	0.9880771538977027	1.153132168494613	230.0	16	1.05	0.95				
	115	2	131.36442360421051	26.521524008421054	0.0	0.0	1	0.9912928105457965	8.705396815753145	230.0	16	1.05	0.95				
	116	2	41.43988126315789	8.28797625263158	0.0	0.0	1	0.9911808044982457	7.40046983907877	230.0	16	1.05	0.95				
	117	1	0.0	0.0	0.0	0.0	1	0.9970299758596608	11.871887736306261	230.0	17	1.05	0.95				
	118	2	137.9948046063158	28.17911925894737	0.0	0.0	1	1.0006433100558467	12.622970921152177	230.0	17	1.05	0.95				
	119	1	75.0061850863158	15.332756067368422	0.0	0.0	1	0.9911174024023238	4.661808817525372	230.0	15	1.05	0.95				
	120	1	53.04304801684211	10.774369128421053	0.0	0.0	1	0.9945878539322524	2.6187615357358	230.0	15	1.05	0.95				
	121	2	0.0	0.0	0.0	0.0	1	1.0003996272081064	14.031638129398809	230.0	17	1.05	0.95				
	122	2	0.0	0.0	0.0	0.0	1	1.01998825864108	24.081463753300255	230.0	17	1.05	0.95				
	123	2	0.0	0.0	0.0	0.0	1	0.9973017108193813	1.8380101406578822	230.0	15	1.05	0.95				
	124	1	0.0	0.0	0.0	0.0	1	0.9851365694609684	5.314729893413078	230.0	16	1.05	0.95				
	201	2	46.93656539368421	9.561152209824561	0.0	0.0	2	1.0105083536812502	-10.451686124188916	138.0	21	1.05	0.95				
	202	2	42.15598928877193	8.691956554385966	0.0	0.0	2	1.0093666683299687	-10.64777689636105	138.0	22	1.05	0.95				
	203	1	78.22760898947368	16.080119625614035	0.0	0.0	2	0.9964112860641845	-7.9449902541603326	138.0	21	1.05	0.95				
	204	1	32.16023925122807	6.518967415789473	0.0	0.0	2	1.0000665945287515	-9.657483957002919	138.0	21	1.05	0.95				
	205	1	30.856445768070174	6.084369588070175	0.0	0.0	2	1.0162457290979658	-9.992212560095085	138.0	21	1.05	0.95				
	206	1	59.10530456982457	12.16873917614035	0.0	-100.0	2	1.0273326384166959	-10.274162274125743	138.0	22	1.05	0.95				
	207	2	54.324728464912276	10.864945692982456	0.0	0.0	2	0.9708405153186662	-15.609764175651616	138.0	22	1.05	0.95				
	208	1	74.31622854	15.210923970175436	0.0	0.0	2	0.97819972121064	-13.576100624380821	138.0	22	1.05	0.95				
	209	1	76.05461985087719	15.645521797894734	0.0	0.0	2	1.0058988706557035	-6.990537052980747	138.0	23	1.05	0.95				
	210	1	84.74657640526316	17.38391310877193	0.0	0.0	2	1.0329621895451	-8.090866263632055	138.0	23	1.05	0.95				
	211	1	0.0	0.0	0.0	0.0	2	0.9883788023244673	-4.455706267315701	230.0	23	1.05	0.95				
	212	1	0.0	0.0	0.0	0.0	2	0.9896418546146084	0.6497028493764493	230.0	23	1.05	0.95				
	213	2	115.16842434561403	23.468282696842106	0.0	0.0	2	0.9855083611391451	-1.7031582206554297	230.0	24	1.05	0.95				
	214	2	84.31197857754385	16.94931528105263	0.0	0.0	2	0.9861611841839095	-3.6552426909630418	230.0	26	1.05	0.95				
	215	2	137.76751138701752	27.814260974035086	0.0	0.0	2	0.9920213654337917	0.6060945553072756	230.0	26	1.05	0.95				
	216	2	43.459782771929824	8.691956554385966	0.0	0.0	2	0.990716740893705	0.36953222126551527	230.0	26	1.05	0.95				
	217	1	0.0	0.0	0.0	0.0	2	1.0003323599342404	1.2393791459089383	230.0	27	1.05	0.95				
	218	2	144.7210766305263	29.552652284912284	0.0	0.0	2	1.000962025362104	0.784467749502013	230.0	27	1.05	0.95				
	219	1	78.66220681719298	16.080119625614035	0.0	0.0	2	0.984821913736477	1.4348141898729947	230.0	25	1.05	0.95				
	220	1	55.62852194807017	11.299543520701755	0.0	0.0	2	0.983422447715009	3.288448638260703	230.0	25	1.05	0.95				
	221	2	0.0	0.0	0.0	0.0	2	1.0033887220096152	1.4432694151098089	230.0	27	1.05	0.95				
	222	2	0.0	0.0	0.0	0.0	2	1.0216732619338478	7.313316968004538	230.0	27	1.05	0.95				
	223	2	0.0	0.0	0.0	0.0	2	0.9841360520416181	4.673660679681352	230.0	25	1.05	0.95				
	224	1	0.0	0.0	0.0	0.0	2	0.9833544143126945	-2.6448610510236814	230.0	26	1.05	0.95				
	301	2	63.037013608421056	12.840873142456138	0.0	0.0	3	1.0052035346745836	30.131911385353348	138.0	31	1.05	0.95				
	302	2	56.616577037192975	11.67352103859649	0.0	0.0	3	1.0054038514997399	29.852453526867137	138.0	32	1.05	0.95				
	303	1	105.06168934736841	21.596013921403507	0.0	0.0	3	1.0170078579448603	41.64650681843396	138.0	31	1.05	0.95				
	304	1	43.192027842807015	8.755140778947368	0.0	0.0	3	0.9955879181388012	31.640903996075046	138.0	31	1.05	0.95				
	305	1	41.44099968701754	8.171464727017543	0.0	0.0	3	1.0119320227375936	30.38436336680242	138.0	31	1.05	0.95				
	306	1	79.37994306245614	16.342929454035087	0.0	-100.0	3	1.0227907452061158	29.851033580987675	138.0	32	1.05	0.95				
	307	2	72.95950649122807	14.591901298245613	0.0	0.0	3	0.9675215059405629	26.4205032478695	138.0	32	1.05	0.95				
	308	1	99.80860487999999	20.42866181754386	0.0	0.0	3	0.9792649225986605	29.134689396843054	138.0	32	1.05	0.95				
	309	1	102.14330908771929	21.012337869473683	0.0	0.0	3	1.0079781365478462	35.581474147822995	138.0	33	1.05	0.95				
	310	1	113.81683012631578	23.34704207719298	0.0	0.0	3	1.0341027897308717	32.56231628036455	138.0	33	1.05	0.95				
	311	1	0.0	0.0	0.0	0.0	3	0.9930706738411215	37.69713239647385	230.0	33	1.05	0.95				
	312	1	0.0	0.0	0.0	0.0	3	0.9985258213714127	37.94436116848428	230.0	33	1.05	0.95				
	313	2	154.6741537614035	31.518506804210528	0.0	0.0	3	1.0026973249640758	42.71213374271919	230.0	34	1.05	0.95				
	314	2	113.23315407438595	22.763366025263156	0.0	0.0	3	0.9873927599118735	36.99549600899036	230.0	36	1.05	0.95				
	315	2	185.02530846175438	37.35526732350877	0.0	0.0	3	0.9898581436087295	33.27571904043699	230.0	36	1.05	0.95				
	316	2	58.36760519298245	11.67352103859649	0.0	0.0	3	0.982770588852828	33.94059647189645	230.0	36	1.05	0.95				
	317	1	0.0	0.0	0.0	0.0	3	0.9940616053511411	35.10465174766752	230.0	37	1.05	0.95				
	318	2	194.36412529263157	39.68997153122807	0.0	0.0	3	0.9878414530215784	31.362128124067702	230.0	37	1.05	0.95				
	319	1	105.64536539929826	21.596013921403507	0.0	0.0	3	0.9889586144181187	34.2394001259012	230.0	35	1.05	0.95				
	320	1	74.71053464701754	15.175577350175438	0.0	0.0	3	0.9955522062088801	34.01144681483124	230.0	35	1.05	0.95				
	321	2	0.0	0.0	0.0	0.0	3	0.9966324989495992	32.591196294454946	230.0	37	1.05	0.95				
	322	2	0.0	0.0	0.0	0.0	3	1.0145662667213469	37.35612875997394	230.0	37	1.05	0.95				
	323	2	0.0	0.0	0.0	0.0	3	0.9987419045176289	33.58233114558921	230.0	35	1.05	0.95				
	324	1	0.0	0.0	0.0	0.0	3	1.0000414163583111	38.39789721111957	230.0	36	1.05	0.95				
	325	1	0.0	0.0	0.0	0.0	3	0.998468401169261	31.939278666787988	230.0	35	1.05	0.95				
];
