%% MATPOWER Case Format : Version 2
function mpc = RTS_GMLC
mpc.version = '2';

%%-----  Power Flow Data  -----%%
%% system MVA base
mpc.baseMVA = 100.0;
%% bus data
%    bus_i    type    Pd    Qd    Gs    Bs    area    Vm    Va    baseKV    zone    Vmax    Vmin
mpc.bus = [
	101	2	36.69915883073684	7.47575457663158	0.0	0.0	1	1.0333569407492462	3.4666798282804345	138.0	11	1.05	0.95				
	102	2	32.961281542421055	6.796140524210527	0.0	0.0	1	1.0324779777457767	3.232522201823352	138.0	12	1.05	0.95				
	103	1	61.16526471789474	12.572859969789473	0.0	0.0	1	1.0299299729252664	0.8769673254954459	138.0	11	1.05	0.95				
	104	1	25.145719939578946	5.097105393157895	0.0	0.0	1	1.0226469551553559	0.0885226325510796	138.0	11	1.05	0.95				
	105	1	24.12629886094737	4.757298366947369	0.0	0.0	1	1.0369724453224174	0.4131938195432245	138.0	11	1.05	0.95				
	106	1	46.21375556463158	9.514596733894738	0.0	-100.0	1	1.0477726539639929	-1.6959474370432768	138.0	12	1.05	0.95				
	107	2	42.47587827631579	8.495175655263159	0.0	0.0	1	1.0002451453007564	-6.25892852484899	138.0	12	1.05	0.95				
	108	1	58.107001482	11.893245917368422	0.0	0.0	1	1.007391171793416	-5.24130977484626	138.0	12	1.05	0.95				
	109	1	59.46622958684211	12.233052943578947	0.0	0.0	1	1.0246259323335343	-1.101953951344801	138.0	13	1.05	0.95				
	110	1	66.26237011105263	13.592281048421054	0.0	0.0	1	1.05	-1.609273305055858	138.0	13	1.05	0.95				
	111	1	0.0	0.0	0.0	0.0	1	1.000950205872127	0.06215823868683843	230.0	13	1.05	0.95				
	112	1	0.0	0.0	0.0	0.0	1	1.0055514035869129	0.41389350102096883	230.0	13	1.05	0.95				
	113	3	90.04886194578947	18.34957941536842	0.0	0.0	1	0.9885101227521297	-6.58787252174915e-28	230.0	14	1.05	0.95				
	114	2	65.92256308484211	13.252474022210528	0.0	0.0	1	0.9972714193195829	1.6706122760816102	230.0	16	1.05	0.95				
	115	2	107.71882730873685	21.747649677473685	0.0	0.0	1	1.0350268197728563	6.003116542915047	230.0	16	1.05	0.95				
	116	2	33.980702621052636	6.796140524210527	0.0	0.0	1	1.0298305892527966	5.86968089784249	230.0	16	1.05	0.95				
	117	1	0.0	0.0	0.0	0.0	1	1.039856321125803	7.401463494790955	230.0	17	1.05	0.95				
	118	2	113.15573972810526	23.10687778231579	0.0	0.0	1	1.0431416278813348	7.306713421061047	230.0	17	1.05	0.95				
	119	1	61.505071744105265	12.572859969789473	0.0	0.0	1	1.0229160146438459	5.178290953150468	230.0	15	1.05	0.95				
	120	1	43.49529935494737	8.834982681473685	0.0	0.0	1	1.0187932426024562	5.243696480931095	230.0	15	1.05	0.95				
	121	2	0.0	0.0	0.0	0.0	1	1.0479810977568234	7.994905240984089	230.0	17	1.05	0.95				
	122	2	0.0	0.0	0.0	0.0	1	1.05	14.270268400769988	230.0	17	1.05	0.95				
	123	2	0.0	0.0	0.0	0.0	1	1.0166932571902798	5.54980621491514	230.0	15	1.05	0.95				
	124	1	0.0	0.0	0.0	0.0	1	1.0256738877748577	4.080438692483741	230.0	16	1.05	0.95				
	201	2	36.92365811242106	7.521485911789474	0.0	0.0	2	1.0218515815113158	-5.653331587537668	138.0	21	1.05	0.95				
	202	2	33.16291515652632	6.837714465263159	0.0	0.0	2	1.0220103555984261	-5.54649856418043	138.0	22	1.05	0.95				
	203	1	61.539430187368424	12.649771760736842	0.0	0.0	2	1.0167838434251326	-5.3166046483964475	138.0	21	1.05	0.95				
	204	1	25.299543521473684	5.128285848947368	0.0	0.0	2	1.0173648537548683	-7.025702789447705	138.0	21	1.05	0.95				
	205	1	24.273886351684208	4.786400125684211	0.0	0.0	2	1.0318883223600865	-7.207574932027203	138.0	21	1.05	0.95				
	206	1	46.49645836378948	9.572800251368422	0.0	-100.0	2	1.0459747841545	-8.419208654453241	138.0	22	1.05	0.95				
	207	2	42.73571540789474	8.547143081578948	0.0	0.0	2	0.992696018371029	-13.212221860817511	138.0	22	1.05	0.95				
	208	1	58.462458678000004	11.966000314210525	0.0	0.0	2	1.002048450865388	-11.742531855073324	138.0	22	1.05	0.95				
	209	1	59.83000157105264	12.307886037473684	0.0	0.0	2	1.0225279072809108	-6.81563259486414	138.0	23	1.05	0.95				
	210	1	66.6677160363158	13.675428930526317	0.0	0.0	2	1.05	-7.673901953413471	138.0	23	1.05	0.95				
	211	1	0.0	0.0	0.0	0.0	2	1.000626966522466	-4.719045793349611	230.0	23	1.05	0.95				
	212	1	0.0	0.0	0.0	0.0	2	1.0073225374501729	-4.207065339596849	230.0	23	1.05	0.95				
	213	2	90.59971666473685	18.46182905621053	0.0	0.0	2	0.994832106108943	-3.878625600890741	230.0	24	1.05	0.95				
	214	2	66.32583031305263	13.33354320726316	0.0	0.0	2	0.9947583447106007	-2.771551875167686	230.0	26	1.05	0.95				
	215	2	108.37777427442106	21.880686288842107	0.0	0.0	2	1.0162760581342578	2.077140029595173	230.0	26	1.05	0.95				
	216	2	34.18857232631579	6.837714465263159	0.0	0.0	2	1.0176915143208167	1.993319628586479	230.0	26	1.05	0.95				
	217	1	0.0	0.0	0.0	0.0	2	1.023173886757063	3.571298500010279	230.0	27	1.05	0.95				
	218	2	113.84794584663157	23.24822918189474	0.0	0.0	2	1.0224649032409812	3.174468721267651	230.0	27	1.05	0.95				
	219	1	61.881315910631585	12.649771760736842	0.0	0.0	2	1.0197442945862802	1.5604431431248473	230.0	25	1.05	0.95				
	220	1	43.76137257768421	8.889028804842106	0.0	0.0	2	1.0234090423155449	1.8643922327089761	230.0	25	1.05	0.95				
	221	2	0.0	0.0	0.0	0.0	2	1.0240284874125096	3.6145959176658398	230.0	27	1.05	0.95				
	222	2	0.0	0.0	0.0	0.0	2	1.0461617267741796	10.13618493088245	230.0	27	1.05	0.95				
	223	2	0.0	0.0	0.0	0.0	2	1.0256423978862095	2.2961193621266216	230.0	25	1.05	0.95				
	224	1	0.0	0.0	0.0	0.0	2	1.0071007330382047	-0.7211058078672343	230.0	26	1.05	0.95				
	301	2	45.15090161684211	9.197405884912282	0.0	0.0	3	1.0067902514529519	-24.840066481584177	138.0	31	1.05	0.95				
	302	2	40.55219867438596	8.361278077192983	0.0	0.0	3	1.0067155631382314	-24.944598970373843	138.0	32	1.05	0.95				
	303	1	75.25150269473684	15.468364442807017	0.0	0.0	3	1.0223775473789254	-19.82403887400865	138.0	31	1.05	0.95				
	304	1	30.936728885614034	6.270958557894738	0.0	0.0	3	1.0100718294298767	-23.56177318718143	138.0	31	1.05	0.95				
	305	1	29.68253717403509	5.852894654035088	0.0	0.0	3	1.0229621315560806	-24.236466561675307	138.0	31	1.05	0.95				
	306	1	56.85669092491229	11.705789308070177	0.0	-100.0	3	1.0404283838730615	-24.404000941665856	138.0	32	1.05	0.95				
	307	2	52.25798798245614	10.45159759649123	0.0	0.0	3	0.9934963188044039	-28.961421719018812	138.0	32	1.05	0.95				
	308	1	71.48892756000001	14.63223663508772	0.0	0.0	3	1.0001790997285545	-27.088954587397858	138.0	32	1.05	0.95				
	309	1	73.16118317543861	15.05030053894737	0.0	0.0	3	1.0257903319519153	-20.716630827254082	138.0	33	1.05	0.95				
	310	1	81.52246125263159	16.722556154385966	0.0	0.0	3	1.05	-22.287023326223117	138.0	33	1.05	0.95				
	311	1	0.0	0.0	0.0	0.0	3	1.0075823109139141	-16.72713554004201	230.0	33	1.05	0.95				
	312	1	0.0	0.0	0.0	0.0	3	1.011400585677059	-16.063327550862258	230.0	33	1.05	0.95				
	313	2	110.78693452280702	22.575450808421056	0.0	0.0	3	1.0111159772220109	-13.048861403535541	230.0	34	1.05	0.95				
	314	2	81.10439734877193	16.304492250526316	0.0	0.0	3	1.0071714412650012	-15.072740797327674	230.0	36	1.05	0.95				
	315	2	132.52625752350878	26.756089847017545	0.0	0.0	3	1.030930980090489	-11.121569897719922	230.0	36	1.05	0.95				
	316	2	41.80639038596492	8.361278077192983	0.0	0.0	3	1.030779504032696	-10.245319412238683	230.0	36	1.05	0.95				
	317	1	0.0	0.0	0.0	0.0	3	1.0352830885612454	-8.958348729415277	230.0	37	1.05	0.95				
	318	2	139.21527998526318	28.428345462456146	0.0	0.0	3	1.0344896143722506	-8.825554366712613	230.0	37	1.05	0.95				
	319	1	75.66956659859649	15.468364442807017	0.0	0.0	3	1.0288626825711884	-10.607777707007815	230.0	35	1.05	0.95				
	320	1	53.51217969403509	10.869661500350878	0.0	0.0	3	1.0299175259464077	-10.110709045355211	230.0	35	1.05	0.95				
	321	2	0.0	0.0	0.0	0.0	3	1.0355041280608064	-9.07539865436633	230.0	37	1.05	0.95				
	322	2	0.0	0.0	0.0	0.0	3	1.048595882748125	-4.711026558776608	230.0	37	1.05	0.95				
	323	2	0.0	0.0	0.0	0.0	3	1.031108760711468	-9.518039151786459	230.0	35	1.05	0.95				
	324	1	0.0	0.0	0.0	0.0	3	1.0168397375033762	-14.384757067511657	230.0	36	1.05	0.95				
	325	1	0.0	0.0	0.0	0.0	3	1.0266504576417725	-8.058538441540852	230.0	35	1.05	0.95				
];
