%% MATPOWER Case Format : Version 2
function mpc = RTS_GMLC
mpc.version = '2';

%%-----  Power Flow Data  -----%%
%% system MVA base
mpc.baseMVA = 100.0;
%% bus data
%    bus_i    type    Pd    Qd    Gs    Bs    area    Vm    Va    baseKV    zone    Vmax    Vmin
mpc.bus = [
	101	2	54.16031667789474	11.03265710105263	0.0	0.0	1	1.0350869083704308	3.435625391051173	138.0	11	1.05	0.95				
	102	2	48.64398812736842	10.02968827368421	0.0	0.0	1	1.0351540371598957	3.412269280295144	138.0	12	1.05	0.95				
	103	1	90.26719446315788	18.55492330631579	0.0	0.0	1	1.0271261767132827	0.7406594324694383	138.0	11	1.05	0.95				
	104	1	37.10984661263158	7.522266205263158	0.0	0.0	1	1.0210651873922412	-0.24658139651474636	138.0	11	1.05	0.95				
	105	1	35.60539337157894	7.020781791578948	0.0	0.0	1	1.0354730720991585	-0.020514836342231335	138.0	11	1.05	0.95				
	106	1	68.20188026105262	14.041563583157895	0.0	-100.0	1	1.0435606557964814	-2.424023695052884	138.0	12	1.05	0.95				
	107	2	62.68555171052631	12.537110342105262	0.0	0.0	1	1.0302980879706707	-1.7049995809571177	138.0	12	1.05	0.95				
	108	1	85.75383473999999	17.551954478947366	0.0	0.0	1	1.0212756030281795	-3.2293787810828576	138.0	12	1.05	0.95				
	109	1	87.75977239473683	18.053438892631576	0.0	0.0	1	1.0255986778233968	-1.2204284545424529	138.0	13	1.05	0.95				
	110	1	97.78946066842104	20.05937654736842	0.0	0.0	1	1.05	-1.9519021343845233	138.0	13	1.05	0.95				
	111	1	0.0	0.0	0.0	0.0	1	1.0045118911580238	0.09776741560222316	230.0	13	1.05	0.95				
	112	1	0.0	0.0	0.0	0.0	1	1.010221221030982	0.5925252941875216	230.0	13	1.05	0.95				
	113	3	132.89336962631577	27.08015833894737	0.0	0.0	1	0.9970027981496776	-6.187992614626479e-28	230.0	14	1.05	0.95				
	114	2	97.28797625473683	19.55789213368421	0.0	0.0	1	1.0003460063040386	1.9872486289293447	230.0	16	1.05	0.95				
	115	2	158.97055913789472	32.09500247578947	0.0	0.0	1	1.0401152400203895	7.828306457579826	230.0	16	1.05	0.95				
	116	2	50.14844136842105	10.02968827368421	0.0	0.0	1	1.0361420304414988	7.568894915401624	230.0	16	1.05	0.95				
	117	1	0.0	0.0	0.0	0.0	1	1.0445755408608834	9.755714542934507	230.0	17	1.05	0.95				
	118	2	166.99430975684209	34.10094013052631	0.0	0.0	1	1.0479451504403834	10.053199848129669	230.0	17	1.05	0.95				
	119	1	90.7686788768421	18.55492330631579	0.0	0.0	1	1.0296674024072012	6.492089337237246	230.0	15	1.05	0.95				
	120	1	64.19000495157894	13.038594755789473	0.0	0.0	1	1.027884937913866	6.520370943871529	230.0	15	1.05	0.95				
	121	2	0.0	0.0	0.0	0.0	1	1.05	9.893898028507353	230.0	17	1.05	0.95				
	122	2	0.0	0.0	0.0	0.0	1	1.05	16.35040427678665	230.0	17	1.05	0.95				
	123	2	0.0	0.0	0.0	0.0	1	1.0278049068488528	6.920008336542565	230.0	15	1.05	0.95				
	124	1	0.0	0.0	0.0	0.0	1	1.0259543847266919	5.187557134510657	230.0	16	1.05	0.95				
	201	2	56.0654808631579	11.420746101754386	0.0	0.0	2	1.03179888794871	-8.029819073889572	138.0	21	1.05	0.95				
	202	2	50.3551078122807	10.382496456140352	0.0	0.0	2	1.0319589752306204	-8.104494035551532	138.0	22	1.05	0.95				
	203	1	93.44246810526316	19.20761844385965	0.0	0.0	2	1.0237563688920972	-6.404135749695565	138.0	21	1.05	0.95				
	204	1	38.4152368877193	7.786872342105262	0.0	0.0	2	1.018604842422293	-10.625875614654348	138.0	21	1.05	0.95				
	205	1	36.85786241929824	7.267747519298247	0.0	0.0	2	1.0340318722551887	-10.853023677790024	138.0	21	1.05	0.95				
	206	1	70.6009759017544	14.535495038596494	0.0	-100.0	2	1.042783645984042	-12.93518130878932	138.0	22	1.05	0.95				
	207	2	64.8906028508772	12.978120570175438	0.0	0.0	2	0.9864354832537441	-20.81826320410957	138.0	22	1.05	0.95				
	208	1	88.77034470000001	18.169368798245614	0.0	0.0	2	0.9911896246319045	-18.39704708218295	138.0	22	1.05	0.95				
	209	1	90.84684399122807	18.688493621052633	0.0	0.0	2	1.0233452325583876	-10.579175166996777	138.0	23	1.05	0.95				
	210	1	101.22934044736841	20.764992912280704	0.0	0.0	2	1.05	-12.072447973904083	138.0	23	1.05	0.95				
	211	1	0.0	0.0	0.0	0.0	2	1.0104196971933255	-7.994342242733337	230.0	23	1.05	0.95				
	212	1	0.0	0.0	0.0	0.0	2	1.0139836049976712	-7.570054345695421	230.0	23	1.05	0.95				
	213	2	137.56807804385966	28.03274043157895	0.0	0.0	2	1.0067154073082383	-7.337085161893085	230.0	24	1.05	0.95				
	214	2	100.7102156245614	20.245868089473685	0.0	0.0	2	1.0148670836035096	-5.1767004915488855	230.0	26	1.05	0.95				
	215	2	164.56256882982456	33.22398865964912	0.0	0.0	2	1.0325627021975141	2.2813308915550974	230.0	26	1.05	0.95				
	216	2	51.91248228070175	10.382496456140352	0.0	0.0	2	1.0358616683312023	1.9268696570097805	230.0	26	1.05	0.95				
	217	1	0.0	0.0	0.0	0.0	2	1.0391852061674391	5.109968004067742	230.0	27	1.05	0.95				
	218	2	172.86856599473685	35.3004879508772	0.0	0.0	2	1.0409096574493897	5.61732351674394	230.0	27	1.05	0.95				
	219	1	93.96159292807017	19.20761844385965	0.0	0.0	2	1.0365701079297147	0.5164188553960644	230.0	25	1.05	0.95				
	220	1	66.44797731929825	13.497245392982457	0.0	0.0	2	1.0413289483918795	0.28496058586637324	230.0	25	1.05	0.95				
	221	2	0.0	0.0	0.0	0.0	2	1.0404041611322612	5.261186821130735	230.0	27	1.05	0.95				
	222	2	0.0	0.0	0.0	0.0	2	1.05	11.704469981688158	230.0	27	1.05	0.95				
	223	2	0.0	0.0	0.0	0.0	2	1.0448446764928907	0.5421788335116937	230.0	25	1.05	0.95				
	224	1	0.0	0.0	0.0	0.0	2	1.0183781187575323	-0.9746186352898245	230.0	26	1.05	0.95				
	301	2	62.30243592000001	12.691236946666667	0.0	0.0	3	1.0067596387336741	-35.28682097230723	138.0	31	1.05	0.95				
	302	2	55.95681744666666	11.537488133333335	0.0	0.0	3	1.0061628179922237	-35.4232489332068	138.0	32	1.05	0.95				
	303	1	103.83739320000001	21.34435304666667	0.0	0.0	3	1.0201559919611456	-28.20170000778845	138.0	31	1.05	0.95				
	304	1	42.68870609333334	8.6531161	0.0	0.0	3	1.0066039271679068	-33.41411565318435	138.0	31	1.05	0.95				
	305	1	40.95808287333333	8.076241693333335	0.0	0.0	3	1.020367773976949	-34.329820222461606	138.0	31	1.05	0.95				
	306	1	78.45491930666667	16.15248338666667	0.0	-100.0	3	1.0355129985037237	-34.439803269642454	138.0	32	1.05	0.95				
	307	2	72.10930083333334	14.421860166666667	0.0	0.0	3	1.0013597233621985	-36.859059299082816	138.0	32	1.05	0.95				
	308	1	98.64552354	20.19060423333333	0.0	0.0	3	1.000814422754862	-35.966402811067475	138.0	32	1.05	0.95				
	309	1	100.95302116666667	20.76747864	0.0	0.0	3	1.0271032232881754	-29.4216930593384	138.0	33	1.05	0.95				
	310	1	112.4905093	23.07497626666667	0.0	0.0	3	1.05	-31.52175158940425	138.0	33	1.05	0.95				
	311	1	0.0	0.0	0.0	0.0	3	1.0175557544168885	-24.417865580715127	230.0	33	1.05	0.95				
	312	1	0.0	0.0	0.0	0.0	3	1.017094384878227	-23.697806580272317	230.0	33	1.05	0.95				
	313	2	152.87171776666665	31.151217960000004	0.0	0.0	3	1.0250953675735046	-20.630514989895204	230.0	34	1.05	0.95				
	314	2	111.91363489333332	22.49810186	0.0	0.0	3	1.028218834915746	-21.729723222380123	230.0	36	1.05	0.95				
	315	2	182.86918691333335	36.91996202666667	0.0	0.0	3	1.0483585650736584	-14.922607813905305	230.0	36	1.05	0.95				
	316	2	57.68744066666667	11.537488133333335	0.0	0.0	3	1.0482702620962185	-14.483463715507476	230.0	36	1.05	0.95				
	317	1	0.0	0.0	0.0	0.0	3	1.049215043186108	-11.845478344943418	230.0	37	1.05	0.95				
	318	2	192.09917742	39.227459653333334	0.0	0.0	3	1.0494575118804481	-11.258889324354232	230.0	37	1.05	0.95				
	319	1	104.41426760666668	21.34435304666667	0.0	0.0	3	1.0454814140964996	-15.398538238037395	230.0	35	1.05	0.95				
	320	1	73.83992405333333	14.998734573333333	0.0	0.0	3	1.0475969936359404	-15.11494825305145	230.0	35	1.05	0.95				
	321	2	0.0	0.0	0.0	0.0	3	1.05	-10.835226143384922	230.0	37	1.05	0.95				
	322	2	0.0	0.0	0.0	0.0	3	1.05	-5.455725971195192	230.0	37	1.05	0.95				
	323	2	0.0	0.0	0.0	0.0	3	1.05	-14.537710344783411	230.0	35	1.05	0.95				
	324	1	0.0	0.0	0.0	0.0	3	1.0208989070903653	-19.820113669443433	230.0	36	1.05	0.95				
	325	1	0.0	0.0	0.0	0.0	3	1.0394738647539807	-12.578624523265171	230.0	35	1.05	0.95				
];
