%% MATPOWER Case Format : Version 2
function mpc = RTS_GMLC
mpc.version = '2';

%%-----  Power Flow Data  -----%%
%% system MVA base
mpc.baseMVA = 100.0;
%% bus data
%    bus_i    type    Pd    Qd    Gs    Bs    area    Vm    Va    baseKV    zone    Vmax    Vmin
mpc.bus = [
	101	2	46.97278575157895	9.568530430877194	0.0	0.0	1	1.0284954845542278	0.5216052145193678	138.0	11	1.05	0.95				
	102	2	42.18852053614035	8.698664028070176	0.0	0.0	1	1.0259698671632904	-0.1522613176731051	138.0	12	1.05	0.95				
	103	1	78.28797625263158	16.092528451929823	0.0	0.0	1	1.0290106955702893	0.9130722833952389	138.0	11	1.05	0.95				
	104	1	32.185056903859646	6.5239980210526305	0.0	0.0	1	1.0200277317387216	-2.1993705435458133	138.0	11	1.05	0.95				
	105	1	30.880257299649124	6.089064819649123	0.0	0.0	1	1.033369954942141	-2.4054588131349544	138.0	11	1.05	0.95				
	106	1	59.1509153908772	12.178129639298247	0.0	-100.0	1	1.0438098890716572	-4.620118037471815	138.0	12	1.05	0.95				
	107	2	54.3666501754386	10.873330035087719	0.0	0.0	1	0.9994189189798568	-11.130566652916253	138.0	12	1.05	0.95				
	108	1	74.37357743999999	15.222662049122807	0.0	0.0	1	1.0027248063054517	-9.176914748166078	138.0	12	1.05	0.95				
	109	1	76.11331024561403	15.657595250526315	0.0	0.0	1	1.024717438783577	-2.718492138315836	138.0	13	1.05	0.95				
	110	1	84.81197427368421	17.397328056140353	0.0	0.0	1	1.05	-3.983851175710772	138.0	13	1.05	0.95				
	111	1	0.0	0.0	0.0	0.0	1	1.0066564107416847	-0.2844998473461252	230.0	13	1.05	0.95				
	112	1	0.0	0.0	0.0	0.0	1	1.0097877583300539	-1.0760405579489853	230.0	13	1.05	0.95				
	113	3	115.25729837192982	23.486392875789473	0.0	0.0	1	0.998975226259127	4.7148445850088064e-32	230.0	14	1.05	0.95				
	114	2	84.3770410722807	16.962394854736843	0.0	0.0	1	1.0094232873009694	2.6351444069410146	230.0	16	1.05	0.95				
	115	2	137.8738248449123	27.835724889824565	0.0	0.0	1	1.0415022893175694	10.871718926447022	230.0	16	1.05	0.95				
	116	2	43.493320140350875	8.698664028070176	0.0	0.0	1	1.035124301952728	9.308835647999949	230.0	16	1.05	0.95				
	117	1	0.0	0.0	0.0	0.0	1	1.0407542432890884	14.592099559627153	230.0	17	1.05	0.95				
	118	2	144.83275606736842	29.5754576954386	0.0	0.0	1	1.049999976946789	15.151863894496874	230.0	17	1.05	0.95				
	119	1	78.72290945403509	16.092528451929823	0.0	0.0	1	1.0238982998244466	5.619508582983162	230.0	15	1.05	0.95				
	120	1	55.67144977964913	11.308263236491229	0.0	0.0	1	1.020060580719784	3.213786998555737	230.0	15	1.05	0.95				
	121	2	0.0	0.0	0.0	0.0	1	1.05	16.714189499399588	230.0	17	1.05	0.95				
	122	2	0.0	0.0	0.0	0.0	1	1.05	31.749292971397608	230.0	17	1.05	0.95				
	123	2	0.0	0.0	0.0	0.0	1	1.0189223919941415	2.223008104142667	230.0	15	1.05	0.95				
	124	1	0.0	0.0	0.0	0.0	1	1.024373713745407	7.149592896327992	230.0	16	1.05	0.95				
	201	2	42.363607755789474	8.629623802105263	0.0	0.0	2	1.0131450034649332	-15.36998257709228	138.0	21	1.05	0.95				
	202	2	38.04879585473684	7.845112547368421	0.0	0.0	2	1.0122143245636503	-15.658187306530511	138.0	22	1.05	0.95				
	203	1	70.60601292631578	14.513458212631578	0.0	0.0	2	1.0157748839214615	-11.286725453120026	138.0	21	1.05	0.95				
	204	1	29.026916425263156	5.8838344105263145	0.0	0.0	2	1.011994607183522	-15.296209453038182	138.0	21	1.05	0.95				
	205	1	27.850149543157894	5.491578783157895	0.0	0.0	2	1.0268495825310873	-15.744168225302856	138.0	21	1.05	0.95				
	206	1	53.34676532210526	10.98315756631579	0.0	-100.0	2	1.042529801707069	-16.454237073379453	138.0	22	1.05	0.95				
	207	2	49.03195342105263	9.806390684210525	0.0	0.0	2	0.994879621570516	-21.102722159389636	138.0	22	1.05	0.95				
	208	1	67.07571227999999	13.728946957894733	0.0	0.0	2	1.0013981354613959	-19.354841211572975	138.0	22	1.05	0.95				
	209	1	68.64473478947369	14.121202585263157	0.0	0.0	2	1.022935173073582	-13.37221137322032	138.0	23	1.05	0.95				
	210	1	76.4898473368421	15.690225094736842	0.0	0.0	2	1.05	-14.854458300684604	138.0	23	1.05	0.95				
	211	1	0.0	0.0	0.0	0.0	2	1.0054556072770857	-10.47754444641859	230.0	23	1.05	0.95				
	212	1	0.0	0.0	0.0	0.0	2	1.008290923800815	-9.58980196509174	230.0	23	1.05	0.95				
	213	2	103.94774125263156	21.181803877894737	0.0	0.0	2	1.0004142038270938	-9.229095998008823	230.0	24	1.05	0.95				
	214	2	76.09759170947368	15.29796946736842	0.0	0.0	2	1.007214123706112	-7.818311614022952	230.0	26	1.05	0.95				
	215	2	124.34503387578945	25.10436015157895	0.0	0.0	2	1.0241603292578447	-1.1072185884566925	230.0	26	1.05	0.95				
	216	2	39.2255627368421	7.845112547368421	0.0	0.0	2	1.0247905773864916	-1.6870677203453406	230.0	26	1.05	0.95				
	217	1	0.0	0.0	0.0	0.0	2	1.0288019527016579	-0.005505678209670743	230.0	27	1.05	0.95				
	218	2	130.6211239136842	26.67338266105263	0.0	0.0	2	1.028257136789448	-0.39275973633416467	230.0	27	1.05	0.95				
	219	1	70.99826855368421	14.513458212631578	0.0	0.0	2	1.0247641659932123	-2.261087867530566	230.0	25	1.05	0.95				
	220	1	50.2087203031579	10.198646311578946	0.0	0.0	2	1.0272064609857132	-1.9901948126596487	230.0	25	1.05	0.95				
	221	2	0.0	0.0	0.0	0.0	2	1.0301886810384822	0.16542796414583766	230.0	27	1.05	0.95				
	222	2	0.0	0.0	0.0	0.0	2	1.0499999977032206	6.590402603782884	230.0	27	1.05	0.95				
	223	2	0.0	0.0	0.0	0.0	2	1.028987164720686	-1.5402865637932057	230.0	25	1.05	0.95				
	224	1	0.0	0.0	0.0	0.0	2	1.0085120321875165	-4.927310588700551	230.0	26	1.05	0.95				
	301	2	48.140461894736845	9.806390385964912	0.0	0.0	3	1.005517803516801	-2.4854107359216933	138.0	31	1.05	0.95				
	302	2	43.237266701754386	8.914900350877193	0.0	0.0	3	1.0053349185271696	-2.582439721346942	138.0	32	1.05	0.95				
	303	1	80.23410315789474	16.492565649122806	0.0	0.0	3	1.0253171670723524	2.438772028542857	138.0	31	1.05	0.95				
	304	1	32.98513129824561	6.686175263157894	0.0	0.0	3	1.0094107494462916	-1.0478749616089345	138.0	31	1.05	0.95				
	305	1	31.64789624561403	6.240430245614036	0.0	0.0	3	1.0218443017273036	-1.7619093734076157	138.0	31	1.05	0.95				
	306	1	60.621322385964916	12.480860491228071	0.0	-100.0	3	1.0392642849243383	-1.8858464908217878	138.0	32	1.05	0.95				
	307	2	55.71812719298246	11.14362543859649	0.0	0.0	3	0.9903083872172646	-6.703518038025339	138.0	32	1.05	0.95				
	308	1	76.222398	15.601075614035087	0.0	0.0	3	0.9976051778224118	-4.697052735341203	138.0	32	1.05	0.95				
	309	1	78.00537807017544	16.04682063157895	0.0	0.0	3	1.026974759396847	2.0269944915510836	138.0	33	1.05	0.95				
	310	1	86.92027842105263	17.829800701754387	0.0	0.0	3	1.05	0.39483559073543406	138.0	33	1.05	0.95				
	311	1	0.0	0.0	0.0	0.0	3	1.007697743693013	5.698534450565496	230.0	33	1.05	0.95				
	312	1	0.0	0.0	0.0	0.0	3	1.0120685316559734	5.942935625881036	230.0	33	1.05	0.95				
	313	2	118.12242964912281	24.070230947368422	0.0	0.0	3	1.0107124080206584	8.968006447878754	230.0	34	1.05	0.95				
	314	2	86.47453340350877	17.384055684210526	0.0	0.0	3	1.0060193279520793	7.432586224524318	230.0	36	1.05	0.95				
	315	2	141.3011705614035	28.52768112280702	0.0	0.0	3	1.0368445848557384	9.454716812999248	230.0	36	1.05	0.95				
	316	2	44.57450175438596	8.914900350877193	0.0	0.0	3	1.0352154392163506	9.977186932366724	230.0	36	1.05	0.95				
	317	1	0.0	0.0	0.0	0.0	3	1.05	14.088885912686314	230.0	37	1.05	0.95				
	318	2	148.4330908421053	30.310661192982458	0.0	0.0	3	1.047485883721978	11.289505687286011	230.0	37	1.05	0.95				
	319	1	80.6798481754386	16.492565649122806	0.0	0.0	3	1.0287108221658228	9.788004699305892	230.0	35	1.05	0.95				
	320	1	57.05536224561404	11.589370456140351	0.0	0.0	3	1.0242812310610363	9.70543450041812	230.0	35	1.05	0.95				
	321	2	0.0	0.0	0.0	0.0	3	1.044895890728522	11.327781207654755	230.0	37	1.05	0.95				
	322	2	0.0	0.0	0.0	0.0	3	1.05	16.7533163762797	230.0	37	1.05	0.95				
	323	2	0.0	0.0	0.0	0.0	3	1.0221718905262323	9.885851426427678	230.0	35	1.05	0.95				
	324	1	0.0	0.0	0.0	0.0	3	1.0247975705377774	7.820323523106312	230.0	36	1.05	0.95				
	325	1	0.0	0.0	0.0	0.0	3	1.0236078462582645	10.482489694257838	230.0	35	1.05	0.95				
];
