%% MATPOWER Case Format : Version 2
function mpc = RTS_GMLC
mpc.version = '2';

%%-----  Power Flow Data  -----%%
%% system MVA base
mpc.baseMVA = 100.0;
%% bus data
%    bus_i    type    Pd    Qd    Gs    Bs    area    Vm    Va    baseKV    zone    Vmax    Vmin
mpc.bus = [
	101	2	38.32904501052632	7.807768428070176	0.0	0.0	1	1.0087265194437653	-0.3515672608597858	138.0	11	1.05	0.95				
	102	2	34.42516079649123	7.097971298245614	0.0	0.0	1	1.006751912083087	-0.9283559521058313	138.0	12	1.05	0.95				
	103	1	63.88174168421054	13.131246901754388	0.0	0.0	1	1.0273323755285733	2.4997252589112153	138.0	11	1.05	0.95				
	104	1	26.262493803508775	5.323478473684211	0.0	0.0	1	1.0114430885813341	-2.1811678633982448	138.0	11	1.05	0.95				
	105	1	25.19779810877193	4.968579908771931	0.0	0.0	1	1.0248458238710767	-2.340453653489599	138.0	11	1.05	0.95				
	106	1	48.26620482807018	9.937159817543861	0.0	-100.0	1	1.041842918772021	-3.949590267539299	138.0	12	1.05	0.95				
	107	2	44.36232061403509	8.872464122807019	0.0	0.0	1	0.9838918133728518	-9.615517818326275	138.0	12	1.05	0.95				
	108	1	60.68765460000001	12.421449771929824	0.0	0.0	1	0.9964039412166852	-7.658630462613288	138.0	12	1.05	0.95				
	109	1	62.107248859649125	12.776348336842105	0.0	0.0	1	1.0247433855735717	-1.7111572194718738	138.0	13	1.05	0.95				
	110	1	69.20522015789474	14.195942596491228	0.0	0.0	1	1.05	-3.1716705363227105	138.0	13	1.05	0.95				
	111	1	0.0	0.0	0.0	0.0	1	1.0136883549888014	0.7047095861435538	230.0	13	1.05	0.95				
	112	1	0.0	0.0	0.0	0.0	1	1.0104836571233438	-0.47505831276513455	230.0	13	1.05	0.95				
	113	3	94.04811970175439	19.16452250526316	0.0	0.0	1	0.9891251929858155	8.902758400736626e-28	230.0	14	1.05	0.95				
	114	2	68.85032159298245	13.841044031578948	0.0	0.0	1	1.0392938364100366	4.414391791686034	230.0	16	1.05	0.95				
	115	2	112.50284507719299	22.713508154385966	0.0	0.0	1	1.0426262014716043	13.72858716085285	230.0	16	1.05	0.95				
	116	2	35.489856491228075	7.097971298245614	0.0	0.0	1	1.0418108150963787	11.916007775202894	230.0	16	1.05	0.95				
	117	1	0.0	0.0	0.0	0.0	1	1.041117609500278	17.854490935912327	230.0	17	1.05	0.95				
	118	2	118.18122211578948	24.13310241403509	0.0	0.0	1	1.049964151741474	18.427374856567383	230.0	17	1.05	0.95				
	119	1	64.23664024912281	13.131246901754388	0.0	0.0	1	1.0369982971829586	7.655813976245171	230.0	15	1.05	0.95				
	120	1	45.42701630877193	9.2273626877193	0.0	0.0	1	1.0389809158732763	4.626423706253979	230.0	15	1.05	0.95				
	121	2	0.0	0.0	0.0	0.0	1	1.043417778503669	19.87677205488112	230.0	17	1.05	0.95				
	122	2	0.0	0.0	0.0	0.0	1	1.05	37.83666179109781	230.0	17	1.05	0.95				
	123	2	0.0	0.0	0.0	0.0	1	1.0410003916530262	3.232261095047451	230.0	15	1.05	0.95				
	124	1	0.0	0.0	0.0	0.0	1	1.022854172037802	9.540710335825292	230.0	16	1.05	0.95				
	201	2	40.81662208421053	8.314497091228072	0.0	0.0	2	1.013505153686187	-15.510943850399551	138.0	21	1.05	0.95				
	202	2	36.65937353859649	7.558633719298246	0.0	0.0	2	1.0126715645932733	-15.807478111773309	138.0	22	1.05	0.95				
	203	1	68.02770347368421	13.983472380701754	0.0	0.0	2	1.0116085056697315	-11.178564745982534	138.0	21	1.05	0.95				
	204	1	27.966944761403507	5.668975289473684	0.0	0.0	2	1.0118093244791868	-15.521076027733272	138.0	21	1.05	0.95				
	205	1	26.83314970350877	5.291043603508772	0.0	0.0	2	1.0272454643077251	-15.981376159042846	138.0	21	1.05	0.95				
	206	1	51.39870929122807	10.582087207017544	0.0	-100.0	2	1.0430407549069773	-16.733763355752828	138.0	22	1.05	0.95				
	207	2	47.241460745614035	9.448292149122807	0.0	0.0	2	0.9961177626153959	-21.20422525639906	138.0	22	1.05	0.95				
	208	1	64.6263183	13.227609008771928	0.0	0.0	2	1.002397937483772	-19.524337642590144	138.0	22	1.05	0.95				
	209	1	66.13804504385965	13.605540694736842	0.0	0.0	2	1.0216489004902094	-13.713536388450878	138.0	23	1.05	0.95				
	210	1	73.69667876315789	15.117267438596492	0.0	0.0	2	1.05	-15.233611824402725	138.0	23	1.05	0.95				
	211	1	0.0	0.0	0.0	0.0	2	1.0056645302123615	-10.909398844356001	230.0	23	1.05	0.95				
	212	1	0.0	0.0	0.0	0.0	2	1.0064618258113214	-10.428168118503207	230.0	23	1.05	0.95				
	213	2	100.15189678070175	20.408311042105264	0.0	0.0	2	0.9991522204354343	-9.827123350550941	230.0	24	1.05	0.95				
	214	2	73.31874707719298	14.73933575263158	0.0	0.0	2	1.0093321841078702	-8.187499817498368	230.0	26	1.05	0.95				
	215	2	119.8043444508772	24.187627901754386	0.0	0.0	2	1.02313955934312	-1.5807531701962225	230.0	26	1.05	0.95				
	216	2	37.79316859649123	7.558633719298246	0.0	0.0	2	1.0255775625524721	-2.0465655149831123	230.0	26	1.05	0.95				
	217	1	0.0	0.0	0.0	0.0	2	1.032787501806461	-0.10586120906792243	230.0	27	1.05	0.95				
	218	2	125.8512514263158	25.699354645614036	0.0	0.0	2	1.03135292072236	-0.5612678465966372	230.0	27	1.05	0.95				
	219	1	68.40563515964912	13.983472380701754	0.0	0.0	2	1.0233727389157339	-2.700694221350689	230.0	25	1.05	0.95				
	220	1	48.37525580350877	9.826223835087719	0.0	0.0	2	1.0237777237215193	-2.5261955397030498	230.0	25	1.05	0.95				
	221	2	0.0	0.0	0.0	0.0	2	1.0316695757970553	-0.10099478769209738	230.0	27	1.05	0.95				
	222	2	0.0	0.0	0.0	0.0	2	1.05	6.391779664170554	230.0	27	1.05	0.95				
	223	2	0.0	0.0	0.0	0.0	2	1.0243580720113308	-2.136565776966707	230.0	25	1.05	0.95				
	224	1	0.0	0.0	0.0	0.0	2	1.0070106460838408	-5.17004207236332	230.0	26	1.05	0.95				
	301	2	43.10091742736842	8.779816512982457	0.0	0.0	3	1.0096180538040245	-5.129984166567443	138.0	31	1.05	0.95				
	302	2	38.71100917087719	7.981651375438598	0.0	0.0	3	1.0094934825912476	-5.226439607560919	138.0	32	1.05	0.95				
	303	1	71.83486237894738	14.766055044561401	0.0	0.0	3	1.0258017003379134	-0.270849902892603	138.0	31	1.05	0.95				
	304	1	29.532110089122803	5.986238531578946	0.0	0.0	3	1.0121129717493293	-3.8183641489825906	138.0	31	1.05	0.95				
	305	1	28.334862382807014	5.587155962807018	0.0	0.0	3	1.0247262796662078	-4.614032032166757	138.0	31	1.05	0.95				
	306	1	54.27522935298246	11.174311925614036	0.0	-100.0	3	1.0416711423870821	-4.810598463303896	138.0	32	1.05	0.95				
	307	2	49.88532109649123	9.977064219298246	0.0	0.0	3	0.9914568923145964	-8.977673375133675	138.0	32	1.05	0.95				
	308	1	68.24311926	13.967889907017542	0.0	0.0	3	0.9999152671280394	-7.217753236535135	138.0	32	1.05	0.95				
	309	1	69.83944953508771	14.366972475789472	0.0	0.0	3	1.0264836553542975	-1.0314531278923773	138.0	33	1.05	0.95				
	310	1	77.82110091052631	15.963302750877196	0.0	0.0	3	1.05	-2.8122612447536905	138.0	33	1.05	0.95				
	311	1	0.0	0.0	0.0	0.0	3	1.0063477824411708	2.5614698728412293	230.0	33	1.05	0.95				
	312	1	0.0	0.0	0.0	0.0	3	1.009039116162188	2.91520753384673	230.0	33	1.05	0.95				
	313	2	105.7568807245614	21.55045871368421	0.0	0.0	3	1.0075732323805124	5.864333758588856	230.0	34	1.05	0.95				
	314	2	77.42201834175438	15.564220182105265	0.0	0.0	3	1.00515166661983	4.279267357940792	230.0	36	1.05	0.95				
	315	2	126.50917430070174	25.54128440140351	0.0	0.0	3	1.0376444492486745	8.434349945858143	230.0	36	1.05	0.95				
	316	2	39.90825687719298	7.981651375438598	0.0	0.0	3	1.0362700443839752	9.0061298418091	230.0	36	1.05	0.95				
	317	1	0.0	0.0	0.0	0.0	3	1.05	13.964116260604992	230.0	37	1.05	0.95				
	318	2	132.89449540105264	27.13761467649123	0.0	0.0	3	1.046241398781442	11.00302163896474	230.0	37	1.05	0.95				
	319	1	72.2339449477193	14.766055044561401	0.0	0.0	3	1.0266087813040006	8.088546387394242	230.0	35	1.05	0.95				
	320	1	51.08256880280702	10.376146788070177	0.0	0.0	3	1.0208347368249298	8.06183042017804	230.0	35	1.05	0.95				
	321	2	0.0	0.0	0.0	0.0	3	1.0447264806358667	10.804603767549885	230.0	37	1.05	0.95				
	322	2	0.0	0.0	0.0	0.0	3	1.05	16.38668708760156	230.0	37	1.05	0.95				
	323	2	0.0	0.0	0.0	0.0	3	1.018085710150354	8.361306501667826	230.0	35	1.05	0.95				
	324	1	0.0	0.0	0.0	0.0	3	1.0222461258237294	5.18129810137169	230.0	36	1.05	0.95				
	325	1	0.0	0.0	0.0	0.0	3	1.0174740065881664	9.347316898137725	230.0	35	1.05	0.95				
];
