%% MATPOWER Case Format : Version 2
function mpc = RTS_GMLC
mpc.version = '2';

%%-----  Power Flow Data  -----%%
%% system MVA base
mpc.baseMVA = 100.0;
%% bus data
%    bus_i    type    Pd    Qd    Gs    Bs    area    Vm    Va    baseKV    zone    Vmax    Vmin
mpc.bus = [
	101	2	74.66749135578948	15.210044535438596	0.0	0.0	1	1.033117824425463	-0.751821995545248	138.0	11	1.05	0.95				
	102	2	67.06246908807017	13.827313214035089	0.0	0.0	1	1.0331845281206773	-0.8362546369189092	138.0	12	1.05	0.95				
	103	1	124.44581892631581	25.58052944596491	0.0	0.0	1	1.0198428349595283	-0.5498822416437622	138.0	11	1.05	0.95				
	104	1	51.16105889192982	10.370484910526317	0.0	0.0	1	1.0167243727482118	-3.887229883761109	138.0	11	1.05	0.95				
	105	1	49.08696190982456	9.679119249824563	0.0	0.0	1	1.032182298801776	-3.96942930782381	138.0	11	1.05	0.95				
	106	1	94.02572985543861	19.358238499649126	0.0	-100.0	1	1.0378804530000898	-6.406218939840849	138.0	12	1.05	0.95				
	107	2	86.4207075877193	17.284141517543862	0.0	0.0	1	1.0460855896946362	-5.944460445087731	138.0	12	1.05	0.95				
	108	1	118.22352798	24.197798124561405	0.0	0.0	1	1.024726469237167	-7.392797142370991	138.0	12	1.05	0.95				
	109	1	120.98899062280704	24.889163785263158	0.0	0.0	1	1.0253851377418357	-3.5856315465401365	138.0	13	1.05	0.95				
	110	1	134.8163038368421	27.654626428070177	0.0	0.0	1	1.05	-5.051110608140491	138.0	13	1.05	0.95				
	111	1	0.0	0.0	0.0	0.0	1	1.0106273063277769	-0.6616520542788228	230.0	13	1.05	0.95				
	112	1	0.0	0.0	0.0	0.0	1	1.0147724079494562	-0.5343566948349773	230.0	13	1.05	0.95				
	113	3	183.2119000859649	37.33374567789474	0.0	0.0	1	1.0118270808428393	-1.803277815819122e-27	230.0	14	1.05	0.95				
	114	2	134.12493817614035	26.963260767368425	0.0	0.0	1	1.0112075728572116	2.489647561143102	230.0	16	1.05	0.95				
	115	2	219.16291444245616	44.24740228491228	0.0	0.0	1	1.0415675216659877	12.003396162917328	230.0	16	1.05	0.95				
	116	2	69.13656607017545	13.827313214035089	0.0	0.0	1	1.0380092427089442	11.09948707456019	230.0	16	1.05	0.95				
	117	1	0.0	0.0	0.0	0.0	1	1.0421555482472762	15.855907329398244	230.0	17	1.05	0.95				
	118	2	230.22476501368422	47.012864927719306	0.0	0.0	1	1.0493560147337329	16.303257135937788	230.0	17	1.05	0.95				
	119	1	125.13718458701754	25.58052944596491	0.0	0.0	1	1.031398428965619	8.314901864700506	230.0	15	1.05	0.95				
	120	1	88.49480456982457	17.975507178245614	0.0	0.0	1	1.032921435713971	7.209775635554604	230.0	15	1.05	0.95				
	121	2	0.0	0.0	0.0	0.0	1	1.05	16.750940519217675	230.0	17	1.05	0.95				
	122	2	0.0	0.0	0.0	0.0	1	1.05	31.78216111275368	230.0	17	1.05	0.95				
	123	2	0.0	0.0	0.0	0.0	1	1.0354784361718286	7.121037908575533	230.0	15	1.05	0.95				
	124	1	0.0	0.0	0.0	0.0	1	1.0176448033797463	7.347679095818432	230.0	16	1.05	0.95				
	201	2	80.1032583031579	16.31733039508772	0.0	0.0	2	1.0378383319409903	-19.82134181949162	138.0	21	1.05	0.95				
	202	2	71.94459310561403	14.833936722807017	0.0	0.0	2	1.0380688404293807	-19.982858976930522	138.0	22	1.05	0.95				
	203	1	133.50543050526315	27.442782937192984	0.0	0.0	2	1.0206977423907109	-14.172603914310073	138.0	21	1.05	0.95				
	204	1	54.88556587438597	11.125452542105263	0.0	0.0	2	1.016715035191358	-21.72613283747355	138.0	21	1.05	0.95				
	205	1	52.660475365964906	10.383755705964912	0.0	0.0	2	1.0343035553356865	-22.360635876043723	138.0	21	1.05	0.95				
	206	1	100.87076971508773	20.767511411929824	0.0	-100.0	2	1.038047071548337	-24.4921662200321	138.0	22	1.05	0.95				
	207	2	92.71210451754386	18.54242090350877	0.0	0.0	2	0.9592744180790753	-35.54277528237406	138.0	22	1.05	0.95				
	208	1	126.83015897999998	25.959389264912282	0.0	0.0	2	0.9638852042158158	-31.835062312254944	138.0	22	1.05	0.95				
	209	1	129.7969463245614	26.701086101052628	0.0	0.0	2	1.0226944019515194	-20.147353882367774	138.0	23	1.05	0.95				
	210	1	144.63088304736843	29.667873445614035	0.0	0.0	2	1.05	-22.61015565678791	138.0	23	1.05	0.95				
	211	1	0.0	0.0	0.0	0.0	2	1.0298157997922421	-15.84013177968463	230.0	23	1.05	0.95				
	212	1	0.0	0.0	0.0	0.0	2	1.021727466272934	-15.136812666422317	230.0	23	1.05	0.95				
	213	2	196.54966157719298	40.05162915157895	0.0	0.0	2	1.0407668659044698	-14.116341683373843	230.0	24	1.05	0.95				
	214	2	143.88918621122806	28.926176609473686	0.0	0.0	2	1.049582990732986	-12.041865932570053	230.0	26	1.05	0.95				
	215	2	235.1178970564912	47.468597512982456	0.0	0.0	2	1.042382178627536	-1.157726506517544	230.0	26	1.05	0.95				
	216	2	74.16968361403508	14.833936722807017	0.0	0.0	2	1.0461191432835362	-2.0261683778843	230.0	26	1.05	0.95				
	217	1	0.0	0.0	0.0	0.0	2	1.0465667491461301	2.3609342808638605	230.0	27	1.05	0.95				
	218	2	246.98504643473686	50.435384857543866	0.0	0.0	2	1.0493815002738862	2.923774242563872	230.0	27	1.05	0.95				
	219	1	134.2471273414035	27.442782937192984	0.0	0.0	2	1.0424798633888133	-3.6738066226569197	230.0	25	1.05	0.95				
	220	1	94.93719502596491	19.284117739649123	0.0	0.0	2	1.0460763630534233	-3.716241519538645	230.0	25	1.05	0.95				
	221	2	0.0	0.0	0.0	0.0	2	1.05	3.140338498723033	230.0	27	1.05	0.95				
	222	2	0.0	0.0	0.0	0.0	2	1.05	9.346052239622148	230.0	27	1.05	0.95				
	223	2	0.0	0.0	0.0	0.0	2	1.05	-3.1999382515059125	230.0	25	1.05	0.95				
	224	1	0.0	0.0	0.0	0.0	2	1.017816088429161	-5.985713853099207	230.0	26	1.05	0.95				
	301	2	70.8952863031579	14.44163239508772	0.0	0.0	3	1.0320346941385121	-17.23456710602203	138.0	31	1.05	0.95				
	302	2	63.674470105614034	13.128756722807019	0.0	0.0	3	1.0274977713212003	-17.605823736628707	138.0	32	1.05	0.95				
	303	1	118.15881050526316	24.288199937192985	0.0	0.0	3	1.05	-0.29867934339422225	138.0	31	1.05	0.95				
	304	1	48.57639987438597	9.846567542105262	0.0	0.0	3	1.0074421349606482	-15.775742133786197	138.0	31	1.05	0.95				
	305	1	46.60708636596491	9.190129705964914	0.0	0.0	3	1.0285537841256707	-17.77557586282953	138.0	31	1.05	0.95				
	306	1	89.27554571508772	18.380259411929828	0.0	-100.0	3	1.0318921253523943	-18.81525383075328	138.0	32	1.05	0.95				
	307	2	82.05472951754386	16.41094590350877	0.0	0.0	3	0.9551438111167703	-16.994474217657135	138.0	32	1.05	0.95				
	308	1	112.25086998	22.97532426491228	0.0	0.0	3	0.9674248359819113	-17.89380182060582	138.0	32	1.05	0.95				
	309	1	114.8766213245614	23.63176210105263	0.0	0.0	3	1.0141715929020811	-11.522457401189062	138.0	33	1.05	0.95				
	310	1	128.00537804736842	26.257513445614038	0.0	0.0	3	1.0415135201580297	-16.219087667827107	138.0	33	1.05	0.95				
	311	1	0.0	0.0	0.0	0.0	3	1.006153456312268	-10.463296468854827	230.0	33	1.05	0.95				
	312	1	0.0	0.0	0.0	0.0	3	1.0109814104440602	-9.28635107760548	230.0	33	1.05	0.95				
	313	2	173.95602657719297	35.44764315157895	0.0	0.0	3	1.011023667500981	-6.733562828795752	230.0	34	1.05	0.95				
	314	2	127.34894021122807	25.601075609473682	0.0	0.0	3	1.0093565993623357	-10.274930254077574	230.0	36	1.05	0.95				
	315	2	208.09079405649123	42.01202151298246	0.0	0.0	3	1.0499999921288823	-6.134261197079855	230.0	36	1.05	0.95				
	316	2	65.64378361403509	13.128756722807019	0.0	0.0	3	1.0484337176684677	-6.060419706843982	230.0	36	1.05	0.95				
	317	1	0.0	0.0	0.0	0.0	3	1.05	-3.3074903652000063	230.0	37	1.05	0.95				
	318	2	218.59379943473684	44.63777285754386	0.0	0.0	3	1.0443865566309112	-4.6106447342816566	230.0	37	1.05	0.95				
	319	1	118.81524834140352	24.288199937192985	0.0	0.0	3	1.04203861102998	-6.198148529288197	230.0	35	1.05	0.95				
	320	1	84.02404302596491	17.067383739649124	0.0	0.0	3	1.0419651185188556	-5.082805826888235	230.0	35	1.05	0.95				
	321	2	0.0	0.0	0.0	0.0	3	1.046103122605489	-4.537034251274656	230.0	37	1.05	0.95				
	322	2	0.0	0.0	0.0	0.0	3	1.05	0.28745744072081714	230.0	37	1.05	0.95				
	323	2	0.0	0.0	0.0	0.0	3	1.043882604707711	-3.9851562209991087	230.0	35	1.05	0.95				
	324	1	0.0	0.0	0.0	0.0	3	1.04736200394746	-3.8993138838469643	230.0	36	1.05	0.95				
	325	1	0.0	0.0	0.0	0.0	3	1.0364842097741147	-2.293655982542221	230.0	35	1.05	0.95				
];
