%% MATPOWER Case Format : Version 2
function mpc = RTS_GMLC
mpc.version = '2';

%%-----  Power Flow Data  -----%%
%% system MVA base
mpc.baseMVA = 100.0;
%% bus data
%    bus_i    type    Pd    Qd    Gs    Bs    area    Vm    Va    baseKV    zone    Vmax    Vmin
mpc.bus = [
	101	2	44.43443840842106	9.051459675789474	0.0	0.0	1	1.0331162836527399	2.3608692323166522	138.0	11	1.05	0.95				
	102	2	39.908708570526315	8.228599705263157	0.0	0.0	1	1.0321807883716063	2.095434828534611	138.0	12	1.05	0.95				
	103	1	74.05739734736842	15.222909454736842	0.0	0.0	1	1.0298753590375385	1.1091991490908355	138.0	11	1.05	0.95				
	104	1	30.445818909473683	6.171449778947368	0.0	0.0	1	1.0213476682360034	-0.8372493801827395	138.0	11	1.05	0.95				
	105	1	29.21152895368421	5.760019793684211	0.0	0.0	1	1.0359676947784553	-0.654812705390916	138.0	11	1.05	0.95				
	106	1	55.954477995789475	11.520039587368421	0.0	-100.0	1	1.0457762100288366	-2.8056359019213453	138.0	12	1.05	0.95				
	107	2	51.42874815789473	10.285749631578947	0.0	0.0	1	1.0001640766058395	-7.592106987908266	138.0	12	1.05	0.95				
	108	1	70.35452748	14.400049484210525	0.0	0.0	1	1.0049750620097149	-6.50296188828651	138.0	12	1.05	0.95				
	109	1	72.00024742105263	14.811479469473685	0.0	0.0	1	1.0247156718857373	-1.565226308006683	138.0	13	1.05	0.95				
	110	1	80.22884712631578	16.457199410526314	0.0	0.0	1	1.05	-2.4132632456597345	138.0	13	1.05	0.95				
	111	1	0.0	0.0	0.0	0.0	1	1.0037247037500217	0.16483999733393948	230.0	13	1.05	0.95				
	112	1	0.0	0.0	0.0	0.0	1	1.0079066260144554	0.291355530063555	230.0	13	1.05	0.95				
	113	3	109.02894609473684	22.21721920421053	0.0	0.0	1	0.9940837748700798	8.450259806140568e-29	230.0	14	1.05	0.95				
	114	2	79.81741714105263	16.045769425263156	0.0	0.0	1	1.0024958021958486	2.586778995911929	230.0	16	1.05	0.95				
	115	2	130.42330532842104	26.331519056842108	0.0	0.0	1	1.0392689205744166	8.751970832431121	230.0	16	1.05	0.95				
	116	2	41.142998526315786	8.228599705263157	0.0	0.0	1	1.035480066987057	8.355506846623861	230.0	16	1.05	0.95				
	117	1	0.0	0.0	0.0	0.0	1	1.042224538426159	11.25161762803035	230.0	17	1.05	0.95				
	118	2	137.0061850926316	27.977238997894737	0.0	0.0	1	1.0464334734397642	11.335293443682104	230.0	17	1.05	0.95				
	119	1	74.46882733263158	15.222909454736842	0.0	0.0	1	1.0276573989828952	6.8287649207574965	230.0	15	1.05	0.95				
	120	1	52.663038113684216	10.697179616842105	0.0	0.0	1	1.0239173367644558	6.2910380606480025	230.0	15	1.05	0.95				
	121	2	0.0	0.0	0.0	0.0	1	1.05	12.361932843920776	230.0	17	1.05	0.95				
	122	2	0.0	0.0	0.0	0.0	1	1.05	22.322786729928715	230.0	17	1.05	0.95				
	123	2	0.0	0.0	0.0	0.0	1	1.0222908420438623	6.314009497104047	230.0	15	1.05	0.95				
	124	1	0.0	0.0	0.0	0.0	1	1.0259069907245997	5.890852312761483	230.0	16	1.05	0.95				
	201	2	42.87360300631579	8.733511723508771	0.0	0.0	2	1.0248328533876754	-5.936375475286757	138.0	21	1.05	0.95				
	202	2	38.5068471445614	7.939556112280702	0.0	0.0	2	1.025669944861513	-5.758003005535354	138.0	22	1.05	0.95				
	203	1	71.45600501052631	14.688178807719297	0.0	0.0	2	1.017118272325682	-5.8719618991890865	138.0	21	1.05	0.95				
	204	1	29.376357615438593	5.954667084210525	0.0	0.0	2	1.018173922183048	-7.342434244099184	138.0	21	1.05	0.95				
	205	1	28.185424198596486	5.5576892785964915	0.0	0.0	2	1.0326567254782002	-7.532318792722792	138.0	21	1.05	0.95				
	206	1	53.98898156350877	11.115378557192983	0.0	-100.0	2	1.045297683970437	-8.791908390534525	138.0	22	1.05	0.95				
	207	2	49.62222570175439	9.924445140350876	0.0	0.0	2	0.9928266238516709	-14.498512255832011	138.0	22	1.05	0.95				
	208	1	67.88320476	13.894223196491225	0.0	0.0	2	1.0000555292037885	-12.732803818162509	138.0	22	1.05	0.95				
	209	1	69.47111598245613	14.291201002105261	0.0	0.0	2	1.022969525595702	-7.003267409600096	138.0	23	1.05	0.95				
	210	1	77.41067209473684	15.879112224561403	0.0	0.0	2	1.05	-7.873324979962228	138.0	23	1.05	0.95				
	211	1	0.0	0.0	0.0	0.0	2	1.0029825522222335	-4.509101269754455	230.0	23	1.05	0.95				
	212	1	0.0	0.0	0.0	0.0	2	1.0071929966083084	-3.56911723174121	230.0	23	1.05	0.95				
	213	2	105.19911848771928	21.436801503157895	0.0	0.0	2	0.9971561946553932	-3.1842559454654995	230.0	24	1.05	0.95				
	214	2	77.0136942891228	15.482134418947368	0.0	0.0	2	1.0004641485577483	-2.6000612016692424	230.0	26	1.05	0.95				
	215	2	125.84196437964911	25.406579559298244	0.0	0.0	2	1.0205783741574193	2.271562816242853	230.0	26	1.05	0.95				
	216	2	39.697780561403505	7.939556112280702	0.0	0.0	2	1.021825211405963	2.48452202421519	230.0	26	1.05	0.95				
	217	1	0.0	0.0	0.0	0.0	2	1.027374540957536	3.9183403165417854	230.0	27	1.05	0.95				
	218	2	132.19360926947368	26.994490781754386	0.0	0.0	2	1.0264327068828092	3.3835318247285526	230.0	27	1.05	0.95				
	219	1	71.85298281614035	14.688178807719297	0.0	0.0	2	1.0230073660417374	2.785914492008256	230.0	25	1.05	0.95				
	220	1	50.81315911859649	10.321422945964912	0.0	0.0	2	1.0266191739304669	3.8262544756123664	230.0	25	1.05	0.95				
	221	2	0.0	0.0	0.0	0.0	2	1.0280891082424053	3.819179366148764	230.0	27	1.05	0.95				
	222	2	0.0	0.0	0.0	0.0	2	1.0499998566354456	10.348339623027526	230.0	27	1.05	0.95				
	223	2	0.0	0.0	0.0	0.0	2	1.0293269335134432	4.700154768782828	230.0	25	1.05	0.95				
	224	1	0.0	0.0	0.0	0.0	2	1.0091047350972593	-0.7977501125220436	230.0	26	1.05	0.95				
	301	2	51.181271734736846	10.425814612631578	0.0	0.0	3	1.0098518023998375	-14.677327524755388	138.0	31	1.05	0.95				
	302	2	45.96836442842105	9.478013284210526	0.0	0.0	3	1.0091107927335914	-14.842523999374968	138.0	32	1.05	0.95				
	303	1	85.30211955789473	17.534324575789473	0.0	0.0	3	1.03373593932901	-6.781097789764047	138.0	31	1.05	0.95				
	304	1	35.068649151578946	7.1085099631578945	0.0	0.0	3	1.0111326614892113	-13.172313782543856	138.0	31	1.05	0.95				
	305	1	33.64694715894736	6.634609298947369	0.0	0.0	3	1.0238725067952652	-14.525586752614544	138.0	31	1.05	0.95				
	306	1	64.45049033263159	13.269218597894739	0.0	-100.0	3	1.0394179685464646	-14.989594744700893	138.0	32	1.05	0.95				
	307	2	59.23758302631579	11.847516605263158	0.0	0.0	3	0.9932673422154815	-19.927916167969723	138.0	32	1.05	0.95				
	308	1	81.03701357999999	16.58652324736842	0.0	0.0	3	0.9981291230228295	-17.757827947641232	138.0	32	1.05	0.95				
	309	1	82.93261623684211	17.060423911578944	0.0	0.0	3	1.0282500347803696	-9.877205037823076	138.0	33	1.05	0.95				
	310	1	92.41062952105263	18.956026568421052	0.0	0.0	3	1.05	-12.84914775271222	138.0	33	1.05	0.95				
	311	1	0.0	0.0	0.0	0.0	3	1.0105961067290457	-7.02752446248754	230.0	33	1.05	0.95				
	312	1	0.0	0.0	0.0	0.0	3	1.0132101840937957	-6.572304344603345	230.0	33	1.05	0.95				
	313	2	125.58367601578946	25.590635867368423	0.0	0.0	3	1.012157381571577	-3.832423371815007	230.0	34	1.05	0.95				
	314	2	91.9367288568421	18.482125904210527	0.0	0.0	3	1.0121565269393773	-5.394530769628624	230.0	36	1.05	0.95				
	315	2	150.22651055473685	30.329642509473683	0.0	0.0	3	1.0356059575603018	-0.8010788273497148	230.0	36	1.05	0.95				
	316	2	47.39006642105263	9.478013284210526	0.0	0.0	3	1.0351903198428773	-0.2467464362710633	230.0	36	1.05	0.95				
	317	1	0.0	0.0	0.0	0.0	3	1.042407193205976	2.7922587910329044	230.0	37	1.05	0.95				
	318	2	157.80892118210525	32.225245166315794	0.0	0.0	3	1.0391983701482805	1.7220733636343926	230.0	37	1.05	0.95				
	319	1	85.77602022210526	17.534324575789473	0.0	0.0	3	1.0300523890410167	-1.2889282081153313	230.0	35	1.05	0.95				
	320	1	60.659285018947365	12.321417269473683	0.0	0.0	3	1.0290958171262432	-1.2821568561221746	230.0	35	1.05	0.95				
	321	2	0.0	0.0	0.0	0.0	3	1.039872112538667	1.4511085178042662	230.0	37	1.05	0.95				
	322	2	0.0	0.0	0.0	0.0	3	1.05	6.298138807715871	230.0	37	1.05	0.95				
	323	2	0.0	0.0	0.0	0.0	3	1.0293316404724984	-0.9160951787106812	230.0	35	1.05	0.95				
	324	1	0.0	0.0	0.0	0.0	3	1.0267166979175713	-3.0560371703730294	230.0	36	1.05	0.95				
	325	1	0.0	0.0	0.0	0.0	3	1.0274801078641704	0.2078604143292839	230.0	35	1.05	0.95				
];
