%% MATPOWER Case Format : Version 2
function mpc = RTS_GMLC
mpc.version = '2';

%%-----  Power Flow Data  -----%%
%% system MVA base
mpc.baseMVA = 100.0;
%% bus data
%    bus_i    type    Pd    Qd    Gs    Bs    area    Vm    Va    baseKV    zone    Vmax    Vmin
mpc.bus = [
	101	2	46.51855518315789	9.476001981754385	0.0	0.0	1	1.011263605805357	-4.78873493790961	138.0	11	1.05	0.95				
	102	2	41.7805541922807	8.614547256140352	0.0	0.0	1	1.011245666537365	-5.020564947383486	138.0	12	1.05	0.95				
	103	1	77.53092530526315	15.936912423859647	0.0	0.0	1	0.9988963338331862	0.6211924038744767	138.0	11	1.05	0.95				
	104	1	31.873824847719295	6.460910442105263	0.0	0.0	1	1.0012797027685012	-4.77592006824393	138.0	11	1.05	0.95				
	105	1	30.581642759298244	6.030183079298245	0.0	0.0	1	1.0155272929418018	-5.898312739735322	138.0	11	1.05	0.95				
	106	1	58.57892134175439	12.06036615859649	0.0	-100.0	1	1.0256001437346502	-7.033815866101747	138.0	12	1.05	0.95				
	107	2	53.840920350877184	10.768184070175439	0.0	0.0	1	0.987279420384643	-10.723239246006308	138.0	12	1.05	0.95				
	108	1	73.65437904	15.075457698245613	0.0	0.0	1	0.9873385482828819	-9.530888659455634	138.0	12	1.05	0.95				
	109	1	75.37728849122807	15.50618506105263	0.0	0.0	1	1.0015325223862293	-3.587789502085961	138.0	13	1.05	0.95				
	110	1	83.99183574736841	17.229094512280703	0.0	0.0	1	1.030157982298247	-5.598738714172857	138.0	13	1.05	0.95				
	111	1	0.0	0.0	0.0	0.0	1	0.9831665791554354	-0.6863932904227406	230.0	13	1.05	0.95				
	112	1	0.0	0.0	0.0	0.0	1	0.9835996140590555	-1.5533906551277912	230.0	13	1.05	0.95				
	113	3	114.14275114385963	23.259277591578947	0.0	0.0	1	0.9665638997074516	1.0967375795352901e-25	230.0	14	1.05	0.95				
	114	2	83.5611083845614	16.798367149473684	0.0	0.0	1	0.9941645624608983	2.739161069308894	230.0	16	1.05	0.95				
	115	2	136.54057400982455	27.56655121964912	0.0	0.0	1	0.9900213803050038	12.283622276665962	230.0	16	1.05	0.95				
	116	2	43.072736280701754	8.614547256140352	0.0	0.0	1	0.9893651429535556	10.594172028984218	230.0	16	1.05	0.95				
	117	1	0.0	0.0	0.0	0.0	1	0.991790854595553	16.577839303093352	230.0	17	1.05	0.95				
	118	2	143.43221181473683	29.289460670877194	0.0	0.0	1	1.000302586106983	17.25485105876546	230.0	17	1.05	0.95				
	119	1	77.96165266807017	15.936912423859647	0.0	0.0	1	0.9894390189154365	6.709477064540961	230.0	15	1.05	0.95				
	120	1	55.13310243929824	11.198911432982456	0.0	0.0	1	0.9952416101229269	3.871577503450391	230.0	15	1.05	0.95				
	121	2	0.0	0.0	0.0	0.0	1	1.0005393644197316	18.74636192236277	230.0	17	1.05	0.95				
	122	2	0.0	0.0	0.0	0.0	1	1.0079483084134837	35.67734754538884	230.0	17	1.05	0.95				
	123	2	0.0	0.0	0.0	0.0	1	0.9996794728362974	2.673246804283563	230.0	15	1.05	0.95				
	124	1	0.0	0.0	0.0	0.0	1	0.9794302079512354	7.8323020384585	230.0	16	1.05	0.95				
	201	2	44.47158821052633	9.059027228070176	0.0	0.0	2	1.0105983501344995	-11.240398617835552	138.0	21	1.05	0.95				
	202	2	39.94207459649123	8.235479298245615	0.0	0.0	2	1.0095337182045512	-11.413034057223278	138.0	22	1.05	0.95				
	203	1	74.11931368421052	15.235636701754387	0.0	0.0	2	0.9973592251823927	-8.583046852488833	138.0	21	1.05	0.95				
	204	1	30.471273403508775	6.176609473684211	0.0	0.0	2	1.0006443003137355	-10.40077107388401	138.0	21	1.05	0.95				
	205	1	29.23595150877193	5.764835508771931	0.0	0.0	2	1.0167278776099102	-10.760864586210262	138.0	21	1.05	0.95				
	206	1	56.00125922807019	11.529671017543862	0.0	-100.0	2	1.02821093796518	-11.00814589275097	138.0	22	1.05	0.95				
	207	2	51.47174561403509	10.294349122807018	0.0	0.0	2	0.9715232399401371	-15.956555866467918	138.0	22	1.05	0.95				
	208	1	70.41334800000001	14.412088771929826	0.0	0.0	2	0.9796230827608448	-14.051912084471576	138.0	22	1.05	0.95				
	209	1	72.06044385964913	14.823862736842106	0.0	0.0	2	1.0059334667531523	-7.811543105677953	138.0	23	1.05	0.95				
	210	1	80.29592315789475	16.47095859649123	0.0	0.0	2	1.0331724695979707	-8.91404510280383	138.0	23	1.05	0.95				
	211	1	0.0	0.0	0.0	0.0	2	0.9874727170240589	-5.283167784934274	230.0	23	1.05	0.95				
	212	1	0.0	0.0	0.0	0.0	2	0.9878466879867341	-0.7306276009581729	230.0	23	1.05	0.95				
	213	2	109.1201007017544	22.235794105263164	0.0	0.0	2	0.9834248377727878	-2.658527299759975	230.0	24	1.05	0.95				
	214	2	79.88414919298246	16.059184631578947	0.0	0.0	2	0.9851731646980582	-4.364272446138121	230.0	26	1.05	0.95				
	215	2	130.532346877193	26.353533754385968	0.0	0.0	2	0.9924949589417207	-0.19973545468723802	230.0	26	1.05	0.95				
	216	2	41.17739649122807	8.235479298245615	0.0	0.0	2	0.9905456068152741	-0.3311009049708722	230.0	26	1.05	0.95				
	217	1	0.0	0.0	0.0	0.0	2	1.0012402291902966	0.5856500107800412	230.0	27	1.05	0.95				
	218	2	137.12073031578947	28.000629614035095	0.0	0.0	2	1.0021188086478132	0.036921063056177594	230.0	27	1.05	0.95				
	219	1	74.53108764912282	15.235636701754387	0.0	0.0	2	0.9830692339898988	0.8087518637877854	230.0	25	1.05	0.95				
	220	1	52.707067508771935	10.706123087719298	0.0	0.0	2	0.9800594709372511	2.687370908577163	230.0	25	1.05	0.95				
	221	2	0.0	0.0	0.0	0.0	2	1.004459387168207	0.5525370555536482	230.0	27	1.05	0.95				
	222	2	0.0	0.0	0.0	0.0	2	1.0219608153331625	5.4558453335470904	230.0	27	1.05	0.95				
	223	2	0.0	0.0	0.0	0.0	2	0.9797955819676537	4.073799844868648	230.0	25	1.05	0.95				
	224	1	0.0	0.0	0.0	0.0	2	0.9841771804824984	-3.388576263281547	230.0	26	1.05	0.95				
	301	2	53.14583993684211	10.826004431578948	0.0	0.0	3	1.0064042170687646	33.656359215759224	138.0	31	1.05	0.95				
	302	2	47.73283772105263	9.841822210526317	0.0	0.0	3	1.006966876501764	33.31785965617432	138.0	32	1.05	0.95				
	303	1	88.57639989473685	18.207371089473686	0.0	0.0	3	1.0157162796208845	47.429811668377994	138.0	31	1.05	0.95				
	304	1	36.41474217894737	7.381366657894738	0.0	0.0	3	0.9975506787631792	34.83726663605809	138.0	31	1.05	0.95				
	305	1	34.93846884736842	6.889275547368421	0.0	0.0	3	1.0150221105360626	32.898023184966775	138.0	31	1.05	0.95				
	306	1	66.92439103157895	13.778551094736843	0.0	-100.0	3	1.0273232694994203	31.884274911770678	138.0	32	1.05	0.95				
	307	2	61.51138881578948	12.302277763157896	0.0	0.0	3	0.9683117627548381	29.237249131660835	138.0	32	1.05	0.95				
	308	1	84.1475799	17.22318886842105	0.0	0.0	3	0.9809686933667078	31.474355036797817	138.0	32	1.05	0.95				
	309	1	86.11594434210527	17.71527997894737	0.0	0.0	3	1.0061725498793173	38.17970836376662	138.0	33	1.05	0.95				
	310	1	95.95776655263158	19.683644421052634	0.0	0.0	3	1.035914186509947	33.753052708597274	138.0	33	1.05	0.95				
	311	1	0.0	0.0	0.0	0.0	3	0.9925510163048917	37.521653726723535	230.0	33	1.05	0.95				
	312	1	0.0	0.0	0.0	0.0	3	1.0002210840001533	37.634783755314075	230.0	33	1.05	0.95				
	313	2	130.4041442894737	26.572919968421054	0.0	0.0	3	1.0003130369841415	40.2748890968623	230.0	34	1.05	0.95				
	314	2	95.46567544210527	19.19155331052632	0.0	0.0	3	0.9807872156157242	36.75606095083507	230.0	36	1.05	0.95				
	315	2	155.9928820368421	31.493831073684213	0.0	0.0	3	0.9841726119758775	34.45018791061102	230.0	36	1.05	0.95				
	316	2	49.209111052631584	9.841822210526317	0.0	0.0	3	0.9753689515024911	34.71538730819801	230.0	36	1.05	0.95				
	317	1	0.0	0.0	0.0	0.0	3	0.9888488546664097	35.98147498561285	230.0	37	1.05	0.95				
	318	2	163.86633980526318	33.462195515789475	0.0	0.0	3	0.9833093072536088	32.233278438060054	230.0	37	1.05	0.95				
	319	1	89.06849100526316	18.207371089473686	0.0	0.0	3	0.9842161701408203	34.55046054487373	230.0	35	1.05	0.95				
	320	1	62.987662147368425	12.794368873684212	0.0	0.0	3	0.9929358673684845	34.12557049745944	230.0	35	1.05	0.95				
	321	2	0.0	0.0	0.0	0.0	3	0.9923142686859392	33.41175999378231	230.0	37	1.05	0.95				
	322	2	0.0	0.0	0.0	0.0	3	1.0092477917189033	36.992276065627145	230.0	37	1.05	0.95				
	323	2	0.0	0.0	0.0	0.0	3	0.9974532955221677	33.77251921329499	230.0	35	1.05	0.95				
	324	1	0.0	0.0	0.0	0.0	3	0.9938896208241944	40.74284561925129	230.0	36	1.05	0.95				
	325	1	0.0	0.0	0.0	0.0	3	0.9983849563097805	32.50594860609348	230.0	35	1.05	0.95				
];
