%% MATPOWER Case Format : Version 2
function mpc = RTS_GMLC
mpc.version = '2';

%%-----  Power Flow Data  -----%%
%% system MVA base
mpc.baseMVA = 100.0;
%% bus data
%    bus_i    type    Pd    Qd    Gs    Bs    area    Vm    Va    baseKV    zone    Vmax    Vmin
mpc.bus = [
	101	2	81.8283028168421	16.668728351578945	0.0	0.0	1	1.0483273815923848	0.15186416527099977	138.0	11	1.05	0.95				
	102	2	73.49393864105262	15.153389410526316	0.0	0.0	1	1.0475752965467602	-0.12840775352009662	138.0	12	1.05	0.95				
	103	1	136.38050469473683	28.03377040947368	0.0	0.0	1	1.028329690135993	-1.0844897129329798	138.0	11	1.05	0.95				
	104	1	56.06754081894736	11.365042057894735	0.0	0.0	1	1.0251798931924059	-3.639711305036507	138.0	11	1.05	0.95				
	105	1	53.794532407368415	10.607372587368422	0.0	0.0	1	1.0382411699737413	-4.104062048401562	138.0	11	1.05	0.95				
	106	1	103.04304799157894	21.214745174736844	0.0	-100.0	1	1.0387106483256947	-7.2307346677360345	138.0	12	1.05	0.95				
	107	2	94.70868381578946	18.941736763157895	0.0	0.0	1	1.0220624695713463	-9.8326223232041	138.0	12	1.05	0.95				
	108	1	129.56147946	26.51843146842105	0.0	0.0	1	1.0081776673796576	-10.314705078820685	138.0	12	1.05	0.95				
	109	1	132.59215734210525	27.276100938947366	0.0	0.0	1	1.026690084994171	-4.569844345022227	138.0	13	1.05	0.95				
	110	1	147.74554675263155	30.30677882105263	0.0	0.0	1	1.05	-6.110856207360701	138.0	13	1.05	0.95				
	111	1	0.0	0.0	0.0	0.0	1	1.01475070232352	-1.8074037046916052	230.0	13	1.05	0.95				
	112	1	0.0	0.0	0.0	0.0	1	1.017240955611117	-1.2188182363578939	230.0	13	1.05	0.95				
	113	3	200.78240968947364	40.91415140842105	0.0	0.0	1	1.0164003079771082	9.891653038663465e-30	230.0	14	1.05	0.95				
	114	2	146.98787728210525	29.549109350526315	0.0	0.0	1	1.017658203611725	0.18086000060805688	230.0	16	1.05	0.95				
	115	2	240.1812221568421	48.490846113684206	0.0	0.0	1	1.044922160894204	8.401222451491323	230.0	16	1.05	0.95				
	116	2	75.76694705263158	15.153389410526316	0.0	0.0	1	1.0431960759373675	7.566489661545844	230.0	16	1.05	0.95				
	117	1	0.0	0.0	0.0	0.0	1	1.0461395929874147	10.726908805393995	230.0	17	1.05	0.95				
	118	2	252.30393368526313	51.52152399578947	0.0	0.0	1	1.0479429880814155	11.361035571590357	230.0	17	1.05	0.95				
	119	1	137.13817416526314	28.03377040947368	0.0	0.0	1	1.036703912105011	5.933176302593627	230.0	15	1.05	0.95				
	120	1	96.98169222736841	19.69940623368421	0.0	0.0	1	1.037027485136119	5.474864199924947	230.0	15	1.05	0.95				
	121	2	0.0	0.0	0.0	0.0	1	1.05	13.212060746368135	230.0	17	1.05	0.95				
	122	2	0.0	0.0	0.0	0.0	1	1.05	18.811451576438934	230.0	17	1.05	0.95				
	123	2	0.0	0.0	0.0	0.0	1	1.0392090089797166	5.785453440800751	230.0	15	1.05	0.95				
	124	1	0.0	0.0	0.0	0.0	1	1.0267785738657398	4.871512607447167	230.0	16	1.05	0.95				
	201	2	83.16322995789474	16.940657954385966	0.0	0.0	2	1.0393849205951808	-13.800593378540395	138.0	21	1.05	0.95				
	202	2	74.69290098070175	15.400598140350876	0.0	0.0	2	1.039820229673725	-13.851641398885082	138.0	22	1.05	0.95				
	203	1	138.6053832631579	28.491106559649122	0.0	0.0	2	1.0206599816129713	-11.372379803773406	138.0	21	1.05	0.95				
	204	1	56.982213119298244	11.550448605263156	0.0	0.0	2	1.0185092005094436	-15.122471570365954	138.0	21	1.05	0.95				
	205	1	54.67212339824561	10.780418698245613	0.0	0.0	2	1.034947080660373	-15.49761029204955	138.0	21	1.05	0.95				
	206	1	104.72406735438598	21.560837396491227	0.0	-100.0	2	1.037966669877608	-17.168355573011386	138.0	22	1.05	0.95				
	207	2	96.25373837719297	19.250747675438596	0.0	0.0	2	0.9541298701934446	-28.656957779401758	138.0	22	1.05	0.95				
	208	1	131.6751141	26.951046745614033	0.0	0.0	2	0.959979570342563	-24.785786638421538	138.0	22	1.05	0.95				
	209	1	134.75523372807018	27.721076652631577	0.0	0.0	2	1.0255589821661981	-13.050022570661843	138.0	23	1.05	0.95				
	210	1	150.15583186842102	30.801196280701753	0.0	0.0	2	1.05	-14.800562307872605	138.0	23	1.05	0.95				
	211	1	0.0	0.0	0.0	0.0	2	1.0296493985634378	-9.166898139842198	230.0	23	1.05	0.95				
	212	1	0.0	0.0	0.0	0.0	2	1.0255486438445964	-4.038824515337066	230.0	23	1.05	0.95				
	213	2	204.05792535964912	41.58161497894737	0.0	0.0	2	1.0403865517220576	-6.373808213977814	230.0	24	1.05	0.95				
	214	2	149.3858019614035	30.031166373684208	0.0	0.0	2	1.0445558934491932	-7.024036045561649	230.0	26	1.05	0.95				
	215	2	244.09948052456136	49.281914049122804	0.0	0.0	2	1.043637353809161	0.8248242648557564	230.0	26	1.05	0.95				
	216	2	77.00299070175438	15.400598140350876	0.0	0.0	2	1.0459035583619751	0.7787736812985444	230.0	26	1.05	0.95				
	217	1	0.0	0.0	0.0	0.0	2	1.0470382120261574	3.403973184486032	230.0	27	1.05	0.95				
	218	2	256.4199590368421	52.36203367719299	0.0	0.0	2	1.047515572692975	3.5274523118505385	230.0	27	1.05	0.95				
	219	1	139.37541317017542	28.491106559649122	0.0	0.0	2	1.041876055432128	0.9353414006202485	230.0	25	1.05	0.95				
	220	1	98.56382809824561	20.02077758245614	0.0	0.0	2	1.0453371763531063	2.5149639893726343	230.0	25	1.05	0.95				
	221	2	0.0	0.0	0.0	0.0	2	1.0475862020885247	3.390395848032057	230.0	27	1.05	0.95				
	222	2	0.0	0.0	0.0	0.0	2	1.05	9.905939439966447	230.0	27	1.05	0.95				
	223	2	0.0	0.0	0.0	0.0	2	1.05	3.9383048920808608	230.0	25	1.05	0.95				
	224	1	0.0	0.0	0.0	0.0	2	1.0197051816013634	-3.6929756787654244	230.0	26	1.05	0.95				
	301	2	70.72445429052632	14.406833281403511	0.0	0.0	3	0.9986965265982166	4.7529341977358435	138.0	31	1.05	0.95				
	302	2	63.521037649824564	13.09712116491228	0.0	0.0	3	1.0007945928480722	4.6928169465537435	138.0	32	1.05	0.95				
	303	1	117.87409048421054	24.22967415508772	0.0	0.0	3	1.013738375231986	7.974042153319501	138.0	31	1.05	0.95				
	304	1	48.45934831017544	9.822840873684212	0.0	0.0	3	1.000114479357036	7.105537517126376	138.0	31	1.05	0.95				
	305	1	46.4947801354386	9.167984815438599	0.0	0.0	3	1.0119540142200998	7.040267882378094	138.0	31	1.05	0.95				
	306	1	89.06042392140353	18.335969630877198	0.0	-100.0	3	1.0282120204271672	7.586173006765073	138.0	32	1.05	0.95				
	307	2	81.85700728070177	16.37140145614035	0.0	0.0	3	0.9787788876102013	3.542537466091856	138.0	32	1.05	0.95				
	308	1	111.98038596000002	22.91996203859649	0.0	0.0	3	0.9910584883503526	6.530360811043447	138.0	32	1.05	0.95				
	309	1	114.59981019298246	23.574818096842108	0.0	0.0	3	1.023725872494455	11.760257425161699	138.0	33	1.05	0.95				
	310	1	127.69693135789475	26.19424232982456	0.0	0.0	3	1.0461327185127882	11.434416703147544	138.0	33	1.05	0.95				
	311	1	0.0	0.0	0.0	0.0	3	1.0139665700660248	18.460210661388412	230.0	33	1.05	0.95				
	312	1	0.0	0.0	0.0	0.0	3	1.0198243847224437	19.811934849439133	230.0	33	1.05	0.95				
	313	2	173.53685543508772	35.36222714526316	0.0	0.0	3	1.0444006848167942	27.791156896084335	230.0	34	1.05	0.95				
	314	2	127.04207529964913	25.53938627157895	0.0	0.0	3	1.0171472042404814	16.926054211465605	230.0	36	1.05	0.95				
	315	2	207.58937046385967	41.9107877277193	0.0	0.0	3	1.0403787487992637	11.234664542327394	230.0	36	1.05	0.95				
	316	2	65.4856058245614	13.09712116491228	0.0	0.0	3	1.041658336354597	12.99370245740792	230.0	36	1.05	0.95				
	317	1	0.0	0.0	0.0	0.0	3	1.044587458096596	11.655822806377438	230.0	37	1.05	0.95				
	318	2	218.06706739578948	44.53021196070176	0.0	0.0	3	1.0430098227572204	10.184774629185162	230.0	37	1.05	0.95				
	319	1	118.52894654245615	24.22967415508772	0.0	0.0	3	1.0400713525739518	15.64526414065244	230.0	35	1.05	0.95				
	320	1	83.8215754554386	17.026257514385968	0.0	0.0	3	1.0420637885224808	17.720171250635687	230.0	35	1.05	0.95				
	321	2	0.0	0.0	0.0	0.0	3	1.0432014051427543	11.111989883948024	230.0	37	1.05	0.95				
	322	2	0.0	0.0	0.0	0.0	3	1.05	15.654168241015302	230.0	37	1.05	0.95				
	323	2	0.0	0.0	0.0	0.0	3	1.0431944009817038	18.461328245061146	230.0	35	1.05	0.95				
	324	1	0.0	0.0	0.0	0.0	3	1.0268520167161932	11.959240074140123	230.0	36	1.05	0.95				
	325	1	0.0	0.0	0.0	0.0	3	1.045213072016114	18.02025761142822	230.0	35	1.05	0.95				
];
