%% MATPOWER Case Format : Version 2
function mpc = RTS_GMLC
mpc.version = '2';

%%-----  Power Flow Data  -----%%
%% system MVA base
mpc.baseMVA = 100.0;
%% bus data
%    bus_i    type    Pd    Qd    Gs    Bs    area    Vm    Va    baseKV    zone    Vmax    Vmin
mpc.bus = [
	101	2	60.546264214736844	12.333498265964913	0.0	0.0	1	1.0488197723082453	1.6781639266700408	138.0	11	1.05	0.95				
	102	2	54.379515081754384	11.212271150877195	0.0	0.0	1	1.0477101784201237	1.3439888830845117	138.0	12	1.05	0.95				
	103	1	100.91044035789474	20.742701629122806	0.0	0.0	1	1.0296776790619735	-1.037376411707561	138.0	11	1.05	0.95				
	104	1	41.48540325824561	8.409203363157895	0.0	0.0	1	1.027784865434003	-2.1650539954416557	138.0	11	1.05	0.95				
	105	1	39.80356258561403	7.8485898056140355	0.0	0.0	1	1.04119401738854	-2.3570716807488883	138.0	11	1.05	0.95				
	106	1	76.24344382596492	15.697179611228071	0.0	-100.0	1	1.0445823730053803	-5.217846883753866	138.0	12	1.05	0.95				
	107	2	70.07669469298246	14.015338938596491	0.0	0.0	1	0.9990821922172902	-11.947548295683497	138.0	12	1.05	0.95				
	108	1	95.86491834	19.621474514035086	0.0	0.0	1	0.9989201920115055	-10.444730734587186	138.0	12	1.05	0.95				
	109	1	98.10737257017544	20.182088071578946	0.0	0.0	1	1.0251760183791059	-3.7795074269848286	138.0	13	1.05	0.95				
	110	1	109.31964372105263	22.42454230175439	0.0	0.0	1	1.05	-4.757356428054563	138.0	13	1.05	0.95				
	111	1	0.0	0.0	0.0	0.0	1	1.0074567202995244	-1.5820764296217749	230.0	13	1.05	0.95				
	112	1	0.0	0.0	0.0	0.0	1	1.0114703540259011	-1.082180009791566	230.0	13	1.05	0.95				
	113	3	148.5625927491228	30.273132107368422	0.0	0.0	1	1.0040866297340758	4.34045224686697e-30	230.0	14	1.05	0.95				
	114	2	108.75903016350877	21.86392874421053	0.0	0.0	1	1.0054522521846903	-0.17484373730531316	230.0	16	1.05	0.95				
	115	2	177.7144977414035	35.87926768280702	0.0	0.0	1	1.0367876449604647	5.489801393717547	230.0	16	1.05	0.95				
	116	2	56.061355754385964	11.212271150877195	0.0	0.0	1	1.0335335571697135	5.183449829017062	230.0	16	1.05	0.95				
	117	1	0.0	0.0	0.0	0.0	1	1.04039692458157	7.740324523794685	230.0	17	1.05	0.95				
	118	2	186.68431466210527	38.12172191298246	0.0	0.0	1	1.0428804982429607	8.111000457818308	230.0	17	1.05	0.95				
	119	1	101.4710539154386	20.742701629122806	0.0	0.0	1	1.0269848678080884	4.107477024984557	230.0	15	1.05	0.95				
	120	1	71.75853536561404	14.575952496140351	0.0	0.0	1	1.0250789252024437	3.9098571596705196	230.0	15	1.05	0.95				
	121	2	0.0	0.0	0.0	0.0	1	1.046082075927029	9.417714361876515	230.0	17	1.05	0.95				
	122	2	0.0	0.0	0.0	0.0	1	1.05	15.267131371367759	230.0	17	1.05	0.95				
	123	2	0.0	0.0	0.0	0.0	1	1.0251864459344677	4.231000611669575	230.0	15	1.05	0.95				
	124	1	0.0	0.0	0.0	0.0	1	1.0254087592600816	3.0428024268462477	230.0	16	1.05	0.95				
	201	2	56.23547930526317	11.455375414035087	0.0	0.0	2	1.0224975270598593	-10.177775314224252	138.0	21	1.05	0.95				
	202	2	50.50779159824561	10.413977649122808	0.0	0.0	2	1.0230665613485868	-10.067735938128296	138.0	22	1.05	0.95				
	203	1	93.72579884210526	19.265858650877192	0.0	0.0	2	1.0146307546859652	-9.22996336219037	138.0	21	1.05	0.95				
	204	1	38.531717301754384	7.8104832368421055	0.0	0.0	2	1.0152411161975863	-10.734553621772639	138.0	21	1.05	0.95				
	205	1	36.96962065438596	7.289784354385966	0.0	0.0	2	1.029847017728396	-11.022362664163786	138.0	21	1.05	0.95				
	206	1	70.8150480140351	14.579568708771932	0.0	-100.0	2	1.0413897536162906	-11.989299372998603	138.0	22	1.05	0.95				
	207	2	65.08736030701755	13.01747206140351	0.0	0.0	2	0.9934695080064108	-19.230354041728628	138.0	22	1.05	0.95				
	208	1	89.0395089	18.224460885964913	0.0	0.0	2	0.9954170812137798	-16.786765282355677	138.0	22	1.05	0.95				
	209	1	91.12230442982457	18.74515976842105	0.0	0.0	2	1.0242636330897399	-9.14048702593375	138.0	23	1.05	0.95				
	210	1	101.53628207894738	20.827955298245616	0.0	0.0	2	1.05	-10.209985348104151	138.0	23	1.05	0.95				
	211	1	0.0	0.0	0.0	0.0	2	1.0086109877059142	-6.306823555167692	230.0	23	1.05	0.95				
	212	1	0.0	0.0	0.0	0.0	2	1.0137723854307428	-2.161460195053175	230.0	23	1.05	0.95				
	213	2	137.9852038508772	28.117739652631585	0.0	0.0	2	1.0071449524401912	-4.015995686811051	230.0	24	1.05	0.95				
	214	2	101.01558319649122	20.307256415789475	0.0	0.0	2	1.008789613736226	-4.8529289286782475	230.0	26	1.05	0.95				
	215	2	165.0615457385965	33.324728477192984	0.0	0.0	2	1.0259520733175604	0.5108153782910394	230.0	26	1.05	0.95				
	216	2	52.06988824561404	10.413977649122808	0.0	0.0	2	1.026078816204215	0.4140830176695434	230.0	26	1.05	0.95				
	217	1	0.0	0.0	0.0	0.0	2	1.030441533930559	1.7037834685607869	230.0	27	1.05	0.95				
	218	2	173.39272785789476	35.40752400701755	0.0	0.0	2	1.0292711055600474	1.0637124689668291	230.0	27	1.05	0.95				
	219	1	94.24649772456141	19.265858650877192	0.0	0.0	2	1.0253128512613843	0.6711121773050065	230.0	25	1.05	0.95				
	220	1	66.64945695438597	13.538170943859651	0.0	0.0	2	1.0287257229010172	1.9068786837698328	230.0	25	1.05	0.95				
	221	2	0.0	0.0	0.0	0.0	2	1.0313243891069712	1.6860211250611719	230.0	27	1.05	0.95				
	222	2	0.0	0.0	0.0	0.0	2	1.05	8.186490785889145	230.0	27	1.05	0.95				
	223	2	0.0	0.0	0.0	0.0	2	1.0320127242008836	2.9776012647853274	230.0	25	1.05	0.95				
	224	1	0.0	0.0	0.0	0.0	2	1.0097031096827844	-3.1331277199594862	230.0	26	1.05	0.95				
	301	2	66.65865233684211	13.578614364912282	0.0	0.0	3	0.9992813150754661	-9.131223709393135	138.0	31	1.05	0.95				
	302	2	59.86934515438597	12.344194877192983	0.0	0.0	3	0.9991541332689654	-9.191910545404685	138.0	32	1.05	0.95				
	303	1	111.09775389473684	22.83676052280702	0.0	0.0	3	1.013898684322313	-5.2107127688409705	138.0	31	1.05	0.95				
	304	1	45.67352104561404	9.258146157894737	0.0	0.0	3	1.0019659993982963	-7.081755028071059	138.0	31	1.05	0.95				
	305	1	43.821891814035084	8.640936414035089	0.0	0.0	3	1.0151511622188105	-7.2074768729396075	138.0	31	1.05	0.95				
	306	1	83.94052516491229	17.281872828070178	0.0	-100.0	3	1.0322082504573191	-6.824281152179797	138.0	32	1.05	0.95				
	307	2	77.15121798245615	15.430243596491227	0.0	0.0	3	0.9932560538555527	-11.884613747529444	138.0	32	1.05	0.95				
	308	1	105.54286619999999	21.60234103508772	0.0	0.0	3	0.9986382334037672	-9.040423121167624	138.0	32	1.05	0.95				
	309	1	108.01170517543859	22.219550778947365	0.0	0.0	3	1.026312498769196	-2.841911352450679	138.0	33	1.05	0.95				
	310	1	120.35590005263157	24.688389754385966	0.0	0.0	3	1.05	-3.3144384342277915	138.0	33	1.05	0.95				
	311	1	0.0	0.0	0.0	0.0	3	1.0168163221192132	3.312592229915839	230.0	33	1.05	0.95				
	312	1	0.0	0.0	0.0	0.0	3	1.0207901464439535	4.633025119252809	230.0	33	1.05	0.95				
	313	2	163.560582122807	33.329326168421055	0.0	0.0	3	1.0411156522642109	11.077118332747256	230.0	34	1.05	0.95				
	314	2	119.73869030877194	24.071180010526316	0.0	0.0	3	1.0191472648566289	2.7530544945441626	230.0	36	1.05	0.95				
	315	2	195.65548880350875	39.50142360701754	0.0	0.0	3	1.0289191647468974	-0.8203841424700737	230.0	36	1.05	0.95				
	316	2	61.72097438596491	12.344194877192983	0.0	0.0	3	1.0300267439444781	0.35251777165706977	230.0	36	1.05	0.95				
	317	1	0.0	0.0	0.0	0.0	3	1.0326869071264	0.20038777394537208	230.0	37	1.05	0.95				
	318	2	205.53084470526315	41.970262582456144	0.0	0.0	3	1.0305058385700716	-0.4358590209819273	230.0	37	1.05	0.95				
	319	1	111.7149636385965	22.83676052280702	0.0	0.0	3	1.0306278345843405	2.9224910408242946	230.0	35	1.05	0.95				
	320	1	79.00284721403509	16.047453340350877	0.0	0.0	3	1.034227164363722	4.928337610355292	230.0	35	1.05	0.95				
	321	2	0.0	0.0	0.0	0.0	3	1.0320257161974375	-0.01449613384854548	230.0	37	1.05	0.95				
	322	2	0.0	0.0	0.0	0.0	3	1.0455178779016818	4.414036852117262	230.0	37	1.05	0.95				
	323	2	0.0	0.0	0.0	0.0	3	1.0366374669182499	5.8181151862942855	230.0	35	1.05	0.95				
	324	1	0.0	0.0	0.0	0.0	3	1.0190166047162408	-0.5260783808522257	230.0	36	1.05	0.95				
	325	1	0.0	0.0	0.0	0.0	3	1.0375162337005823	6.125795987458541	230.0	35	1.05	0.95				
];
