%% MATPOWER Case Format : Version 2
function mpc = RTS_GMLC
mpc.version = '2';

%%-----  Power Flow Data  -----%%
%% system MVA base
mpc.baseMVA = 100.0;
%% bus data
%    bus_i    type    Pd    Qd    Gs    Bs    area    Vm    Va    baseKV    zone    Vmax    Vmin
mpc.bus = [
	101	2	38.04849083368422	7.750618503157895	0.0	0.0	1	1.0033362212711174	-1.4411765299952677	138.0	11	1.05	0.95				
	102	2	34.173181582105265	7.046016821052632	0.0	0.0	1	1.0018543036090228	-1.9355496230142137	138.0	12	1.05	0.95				
	103	1	63.414151389473695	13.035131118947369	0.0	0.0	1	1.024683834346943	2.8582397727201654	138.0	11	1.05	0.95				
	104	1	26.070262237894738	5.284512615789474	0.0	0.0	1	1.0089758029107665	-2.740496281761682	138.0	11	1.05	0.95				
	105	1	25.013359714736843	4.932211774736843	0.0	0.0	1	1.0222455866572198	-3.102934857032992	138.0	11	1.05	0.95				
	106	1	47.9129143831579	9.864423549473686	0.0	-100.0	1	1.0408381448683985	-4.5134929230014205	138.0	12	1.05	0.95				
	107	2	44.03760513157895	8.80752102631579	0.0	0.0	1	0.9798576568346459	-11.32585648896328	138.0	12	1.05	0.95				
	108	1	60.243443819999996	12.330529436842106	0.0	0.0	1	0.9931767156973097	-8.751229104944207	138.0	12	1.05	0.95				
	109	1	61.65264718421053	12.682830277894737	0.0	0.0	1	1.0241677177376132	-1.9137008749826954	138.0	13	1.05	0.95				
	110	1	68.69866400526315	14.092033642105264	0.0	0.0	1	1.05	-3.605692863211416	138.0	13	1.05	0.95				
	111	1	0.0	0.0	0.0	0.0	1	1.0161719184995082	0.8467071614538575	230.0	13	1.05	0.95				
	112	1	0.0	0.0	0.0	0.0	1	1.0114181060405716	-0.6580376875676219	230.0	13	1.05	0.95				
	113	3	93.35972287894737	19.02424541684211	0.0	0.0	1	0.987854352465063	-4.2179577654080515e-28	230.0	14	1.05	0.95				
	114	2	68.34636316421053	13.739732801052632	0.0	0.0	1	1.0497954358062151	5.067140988065854	230.0	16	1.05	0.95				
	115	2	111.67936661368421	22.547253827368422	0.0	0.0	1	1.041731484871998	15.58104892576632	230.0	16	1.05	0.95				
	116	2	35.23008410526316	7.046016821052632	0.0	0.0	1	1.0422813545259944	13.376207718872804	230.0	16	1.05	0.95				
	117	1	0.0	0.0	0.0	0.0	1	1.040461916989559	19.971543315692717	230.0	17	1.05	0.95				
	118	2	117.31618007052633	23.95645719157895	0.0	0.0	1	1.05	20.828679354045292	230.0	17	1.05	0.95				
	119	1	63.76645223052632	13.035131118947369	0.0	0.0	1	1.039813067429639	8.366075911922072	230.0	15	1.05	0.95				
	120	1	45.094507654736844	9.159821867368422	0.0	0.0	1	1.0454963226861367	4.699567269591418	230.0	15	1.05	0.95				
	121	2	0.0	0.0	0.0	0.0	1	1.044118882492376	22.534127336991844	230.0	17	1.05	0.95				
	122	2	0.0	0.0	0.0	0.0	1	1.05	40.48806228439407	230.0	17	1.05	0.95				
	123	2	0.0	0.0	0.0	0.0	1	1.05	2.9609988493057586	230.0	15	1.05	0.95				
	124	1	0.0	0.0	0.0	0.0	1	1.0193098833603218	10.841546614690456	230.0	16	1.05	0.95				
	201	2	45.01558318736843	9.169841019649123	0.0	0.0	2	1.0218286969780637	-19.916310604298335	138.0	21	1.05	0.95				
	202	2	40.43066267754386	8.33621910877193	0.0	0.0	2	1.0208817340163185	-20.2300149332927	138.0	22	1.05	0.95				
	203	1	75.02597197894738	15.422005351228071	0.0	0.0	2	1.0109464766183385	-14.535624293693497	138.0	21	1.05	0.95				
	204	1	30.844010702456142	6.252164331578948	0.0	0.0	2	1.0139109040762533	-19.766244911228366	138.0	21	1.05	0.95				
	205	1	29.59357783614035	5.835353376140352	0.0	0.0	2	1.0308681551655916	-20.32793188773427	138.0	21	1.05	0.95				
	206	1	56.686289939649136	11.670706752280704	0.0	-100.0	2	1.0438180097146528	-21.08271670836813	138.0	22	1.05	0.95				
	207	2	52.101369429824565	10.420273885964914	0.0	0.0	2	1.0025060361183469	-26.113031047512198	138.0	22	1.05	0.95				
	208	1	71.27467338000001	14.588383440350878	0.0	0.0	2	1.0041617066008928	-24.1957044288184	138.0	22	1.05	0.95				
	209	1	72.94191720175439	15.005194395789475	0.0	0.0	2	1.0202791529962865	-17.65502049838339	138.0	23	1.05	0.95				
	210	1	81.27813631052632	16.67243821754386	0.0	0.0	2	1.0498297503387128	-19.406057619901947	138.0	23	1.05	0.95				
	211	1	0.0	0.0	0.0	0.0	2	1.0079709277948474	-14.68333155274937	230.0	23	1.05	0.95				
	212	1	0.0	0.0	0.0	0.0	2	0.998920205322681	-14.027647574246398	230.0	23	1.05	0.95				
	213	2	110.45490319122808	22.507791593684214	0.0	0.0	2	0.9960227963872036	-13.404985632854487	230.0	24	1.05	0.95				
	214	2	80.86132535508771	16.255627262105264	0.0	0.0	2	1.020427198315237	-11.890902783515989	230.0	26	1.05	0.95				
	215	2	132.1290728740351	26.67590114807018	0.0	0.0	2	1.0271596039784447	-4.404567465340939	230.0	26	1.05	0.95				
	216	2	41.681095543859655	8.33621910877193	0.0	0.0	2	1.026788532447858	-5.297438577542981	230.0	26	1.05	0.95				
	217	1	0.0	0.0	0.0	0.0	2	1.036091382758539	-2.7519732947770317	230.0	27	1.05	0.95				
	218	2	138.79804816105266	28.343144969824568	0.0	0.0	2	1.0361174325498037	-3.331543959769125	230.0	27	1.05	0.95				
	219	1	75.44278293438597	15.422005351228071	0.0	0.0	2	1.0127806307324791	-5.613175656183394	230.0	25	1.05	0.95				
	220	1	53.35180229614036	10.83708484140351	0.0	0.0	2	1.0034263793057545	-5.0531374782704095	230.0	25	1.05	0.95				
	221	2	0.0	0.0	0.0	0.0	2	1.0357044847833483	-2.886528067194647	230.0	27	1.05	0.95				
	222	2	0.0	0.0	0.0	0.0	2	1.05	3.6649048518527407	230.0	27	1.05	0.95				
	223	2	0.0	0.0	0.0	0.0	2	0.998988539041607	-4.399846190991904	230.0	25	1.05	0.95				
	224	1	0.0	0.0	0.0	0.0	2	1.008606100776901	-8.17653521128458	230.0	26	1.05	0.95				
	301	2	54.7004112631579	11.142676368421052	0.0	0.0	3	1.0250117322603178	10.9515032036607	138.0	31	1.05	0.95				
	302	2	49.129073078947364	10.129705789473684	0.0	0.0	3	1.0213421483943808	10.605053533500367	138.0	32	1.05	0.95				
	303	1	91.16735210526315	18.739955710526317	0.0	0.0	3	1.05	27.181198317608153	138.0	31	1.05	0.95				
	304	1	37.479911421052634	7.597279342105264	0.0	0.0	3	1.0082301507999134	12.377149522489916	138.0	31	1.05	0.95				
	305	1	35.96045555263158	7.09079405263158	0.0	0.0	3	1.0269078913368208	9.544732120833386	138.0	31	1.05	0.95				
	306	1	68.88199936842105	14.18158810526316	0.0	-100.0	3	1.0343773462264731	8.163195023322086	138.0	32	1.05	0.95				
	307	2	63.310661184210524	12.662132236842105	0.0	0.0	3	0.95	3.5531426907945503	138.0	32	1.05	0.95				
	308	1	86.60898449999999	17.726985131578946	0.0	0.0	3	0.9660282938496949	5.893968187907059	138.0	32	1.05	0.95				
	309	1	88.63492565789474	18.23347042105263	0.0	0.0	3	1.0144896259308955	15.956232326601073	138.0	33	1.05	0.95				
	310	1	98.76463144736843	20.25941157894737	0.0	0.0	3	1.0411437460920445	9.748838827822453	138.0	33	1.05	0.95				
	311	1	0.0	0.0	0.0	0.0	3	1.002245400930013	14.429974778670266	230.0	33	1.05	0.95				
	312	1	0.0	0.0	0.0	0.0	3	1.0069627303873099	14.786002899988707	230.0	33	1.05	0.95				
	313	2	134.21860171052631	27.35020563157895	0.0	0.0	3	1.0030561330299268	16.081550789250045	230.0	34	1.05	0.95				
	314	2	98.25814615789473	19.752926289473685	0.0	0.0	3	0.9996150116249353	14.665670285673297	230.0	36	1.05	0.95				
	315	2	160.5558367631579	32.41505852631579	0.0	0.0	3	1.05	18.29988109265325	230.0	36	1.05	0.95				
	316	2	50.64852894736842	10.129705789473684	0.0	0.0	3	1.0385905578934445	18.00925955404205	230.0	36	1.05	0.95				
	317	1	0.0	0.0	0.0	0.0	3	1.0452060796311535	22.582896936916836	230.0	37	1.05	0.95				
	318	2	168.65960139473682	34.440999684210524	0.0	0.0	3	1.035994229447324	18.89164373907069	230.0	37	1.05	0.95				
	319	1	91.67383739473685	18.739955710526317	0.0	0.0	3	1.0267226968276029	16.694217724347077	230.0	35	1.05	0.95				
	320	1	64.83011705263158	13.16861752631579	0.0	0.0	3	1.0204383278605564	16.52079205591794	230.0	35	1.05	0.95				
	321	2	0.0	0.0	0.0	0.0	3	1.0470202659060355	19.346386039913288	230.0	37	1.05	0.95				
	322	2	0.0	0.0	0.0	0.0	3	1.05	24.951925049995346	230.0	37	1.05	0.95				
	323	2	0.0	0.0	0.0	0.0	3	1.017898963452553	16.820211260498866	230.0	35	1.05	0.95				
	324	1	0.0	0.0	0.0	0.0	3	1.047120144988659	21.694874260825284	230.0	36	1.05	0.95				
	325	1	0.0	0.0	0.0	0.0	3	1.01956785502529	17.321083558210834	230.0	35	1.05	0.95				
];
