%% MATPOWER Case Format : Version 2
function mpc = RTS_GMLC
mpc.version = '2';

%%-----  Power Flow Data  -----%%
%% system MVA base
mpc.baseMVA = 100.0;
%% bus data
%    bus_i    type    Pd    Qd    Gs    Bs    area    Vm    Va    baseKV    zone    Vmax    Vmin
mpc.bus = [
	101	2	42.60415634526316	8.678624440701753	0.0	0.0	1	1.0118138127759975	-4.2516978092788555	138.0	11	1.05	0.95				
	102	2	38.26484412491228	7.889658582456141	0.0	0.0	1	1.0117327042849673	-4.468642613657074	138.0	12	1.05	0.95				
	103	1	71.00692724210526	14.59586837754386	0.0	0.0	1	1.001070139534296	0.5419922276144533	138.0	11	1.05	0.95				
	104	1	29.19173675508772	5.917243936842105	0.0	0.0	1	1.0021596621602524	-4.286402228025964	138.0	11	1.05	0.95				
	105	1	28.008287967719298	5.522761007719299	0.0	0.0	1	1.0162101469966422	-5.322795265696237	138.0	11	1.05	0.95				
	106	1	53.649678360701756	11.045522015438598	0.0	-100.0	1	1.0265990201358932	-6.405299700506808	138.0	12	1.05	0.95				
	107	2	49.31036614035088	9.862073228070175	0.0	0.0	1	0.985316840025634	-9.321569571932695	138.0	12	1.05	0.95				
	108	1	67.45658087999999	13.806902519298244	0.0	0.0	1	0.987670643730393	-8.434601940981262	138.0	12	1.05	0.95				
	109	1	69.03451259649123	14.201385448421053	0.0	0.0	1	1.0015706262182322	-3.258854890385037	138.0	13	1.05	0.95				
	110	1	76.92417117894736	15.779317164912282	0.0	0.0	1	1.0299286810346637	-5.103130456151289	138.0	13	1.05	0.95				
	111	1	0.0	0.0	0.0	0.0	1	0.9807294310776581	-0.730524366136892	230.0	13	1.05	0.95				
	112	1	0.0	0.0	0.0	0.0	1	0.9820636223189722	-1.4334947086458292	230.0	13	1.05	0.95				
	113	3	104.53797621754386	21.30207817263158	0.0	0.0	1	0.9629970247871161	8.401599483755408e-33	230.0	14	1.05	0.95				
	114	2	76.52968824982456	15.384834235789475	0.0	0.0	1	0.9886406904711664	2.233294211562126	230.0	16	1.05	0.95				
	115	2	125.05108853192984	25.246907463859653	0.0	0.0	1	0.9889187403701725	10.550123668202234	230.0	16	1.05	0.95				
	116	2	39.4482929122807	7.889658582456141	0.0	0.0	1	0.9881426779497171	9.145713284743321	230.0	16	1.05	0.95				
	117	1	0.0	0.0	0.0	0.0	1	0.9917205475366885	14.356717460458093	230.0	17	1.05	0.95				
	118	2	131.36281539789474	26.824839180350878	0.0	0.0	1	0.9979583568908074	14.925548616216526	230.0	17	1.05	0.95				
	119	1	71.40141017122808	14.59586837754386	0.0	0.0	1	0.9885465804011296	5.878921973294575	230.0	15	1.05	0.95				
	120	1	50.493814927719306	10.256556157192984	0.0	0.0	1	0.993095592737707	3.417741515171186	230.0	15	1.05	0.95				
	121	2	0.0	0.0	0.0	0.0	1	0.9986707777269959	16.146828290064352	230.0	17	1.05	0.95				
	122	2	0.0	0.0	0.0	0.0	1	1.0101133746813733	31.047775925398888	230.0	17	1.05	0.95				
	123	2	0.0	0.0	0.0	0.0	1	0.996490293656869	2.3951538116402276	230.0	15	1.05	0.95				
	124	1	0.0	0.0	0.0	0.0	1	0.9815800141628077	6.71549327627888	230.0	16	1.05	0.95				
	201	2	40.39162601684211	8.227923818245616	0.0	0.0	2	1.0106637029298409	-8.998107528752774	138.0	21	1.05	0.95				
	202	2	36.277664107719296	7.47993074385965	0.0	0.0	2	1.009620446003922	-9.137501265025948	138.0	22	1.05	0.95				
	203	1	67.31937669473685	13.837871876140351	0.0	0.0	2	0.9977400456892903	-6.956952237387958	138.0	21	1.05	0.95				
	204	1	27.675743752280702	5.609948057894737	0.0	0.0	2	1.0023100514037613	-8.181797174100819	138.0	21	1.05	0.95				
	205	1	26.553754140701756	5.2359515207017555	0.0	0.0	2	1.0181992375002016	-8.485943653548553	138.0	21	1.05	0.95				
	206	1	50.86352905824562	10.471903041403511	0.0	-100.0	2	1.030739656209019	-8.67752863818774	138.0	22	1.05	0.95				
	207	2	46.74956714912281	9.349913429824563	0.0	0.0	2	0.9717256789392826	-13.038072228478839	138.0	22	1.05	0.95				
	208	1	63.95340786	13.089878801754388	0.0	0.0	2	0.9820215267264937	-11.358898115580475	138.0	22	1.05	0.95				
	209	1	65.44939400877193	13.463875338947368	0.0	0.0	2	1.0073496328049738	-5.8017859533473075	138.0	23	1.05	0.95				
	210	1	72.92932475263159	14.9598614877193	0.0	0.0	2	1.0349717539283603	-6.733128780049147	138.0	23	1.05	0.95				
	211	1	0.0	0.0	0.0	0.0	2	0.9866235588964868	-3.6701904950476187	230.0	23	1.05	0.95				
	212	1	0.0	0.0	0.0	0.0	2	0.989770572205731	1.097928838222241	230.0	23	1.05	0.95				
	213	2	99.10908235614035	20.195813008421055	0.0	0.0	2	0.9821836100635278	-1.1759171062853002	230.0	24	1.05	0.95				
	214	2	72.55532821543859	14.585864950526318	0.0	0.0	2	0.9808376796396475	-3.1028193186399173	230.0	26	1.05	0.95				
	215	2	118.55690229017543	23.935778380350882	0.0	0.0	2	0.9906108625439735	0.2600336269771154	230.0	26	1.05	0.95				
	216	2	37.39965371929825	7.47993074385965	0.0	0.0	2	0.9885395230501682	0.15145334019796675	230.0	26	1.05	0.95				
	217	1	0.0	0.0	0.0	0.0	2	0.9989110548775526	0.877348938801138	230.0	27	1.05	0.95				
	218	2	124.54084688526316	25.43176452912281	0.0	0.0	2	0.9996693864665656	0.39721362830220175	230.0	27	1.05	0.95				
	219	1	67.69337323192983	13.837871876140351	0.0	0.0	2	0.982757373191507	1.1240269470843334	230.0	25	1.05	0.95				
	220	1	47.871556760701765	9.723909967017546	0.0	0.0	2	0.9806107255597577	2.7744329131929426	230.0	25	1.05	0.95				
	221	2	0.0	0.0	0.0	0.0	2	1.0019088906349838	0.8857552562195284	230.0	27	1.05	0.95				
	222	2	0.0	0.0	0.0	0.0	2	1.0189370268104576	5.290984302588453	230.0	27	1.05	0.95				
	223	2	0.0	0.0	0.0	0.0	2	0.9804838513974506	4.002325094901461	230.0	25	1.05	0.95				
	224	1	0.0	0.0	0.0	0.0	2	0.984331344098278	-2.492519260107165	230.0	26	1.05	0.95				
	301	2	64.48908573473685	13.136665612631578	0.0	0.0	3	1.002870085299866	23.77655755438699	138.0	31	1.05	0.95				
	302	2	57.92075292842105	11.942423284210527	0.0	0.0	3	1.0033835364162456	23.434403645620712	138.0	32	1.05	0.95				
	303	1	107.48180955789475	22.09348307578947	0.0	0.0	3	1.014971287459678	38.07835233299925	138.0	31	1.05	0.95				
	304	1	44.18696615157894	8.956817463157893	0.0	0.0	3	0.9929629299461235	25.397787074630358	138.0	31	1.05	0.95				
	305	1	42.39560265894737	8.35969629894737	0.0	0.0	3	1.0101086857042607	23.43751774454286	138.0	31	1.05	0.95				
	306	1	81.20847833263159	16.71939259789474	0.0	-100.0	3	1.0209555369716043	22.560265562659715	138.0	32	1.05	0.95				
	307	2	74.64014552631579	14.928029105263157	0.0	0.0	3	0.966101689545158	19.153623119845648	138.0	32	1.05	0.95				
	308	1	102.10771908000001	20.89924074736842	0.0	0.0	3	0.9765082186700548	21.968167690121703	138.0	32	1.05	0.95				
	309	1	104.49620373684209	21.496361911578944	0.0	0.0	3	1.0057411390818207	29.550081907182204	138.0	33	1.05	0.95				
	310	1	116.43862702105264	23.884846568421054	0.0	0.0	3	1.0328772038373877	25.069271139802876	138.0	33	1.05	0.95				
	311	1	0.0	0.0	0.0	0.0	3	0.9944327527880972	30.051598123296145	230.0	33	1.05	0.95				
	312	1	0.0	0.0	0.0	0.0	3	1.0007413186370477	30.49792227221723	230.0	33	1.05	0.95				
	313	2	158.23710851578946	32.24454286736842	0.0	0.0	3	1.0047854434203025	34.06551765814642	230.0	34	1.05	0.95				
	314	2	115.8415058568421	23.287725404210526	0.0	0.0	3	0.9880036891204224	29.33043999829743	230.0	36	1.05	0.95				
	315	2	189.28740905473686	38.21575450947368	0.0	0.0	3	0.9868898856254577	27.217458885667547	230.0	36	1.05	0.95				
	316	2	59.71211642105263	11.942423284210527	0.0	0.0	3	0.9788356108076725	27.744194686409063	230.0	36	1.05	0.95				
	317	1	0.0	0.0	0.0	0.0	3	0.9932766505439078	29.116374135693885	230.0	37	1.05	0.95				
	318	2	198.84134768210527	40.60423916631579	0.0	0.0	3	0.9887147007550297	25.66164313717761	230.0	37	1.05	0.95				
	319	1	108.07893072210526	22.09348307578947	0.0	0.0	3	0.9879838930449234	27.868515033682815	230.0	35	1.05	0.95				
	320	1	76.43150901894737	15.525150269473684	0.0	0.0	3	0.9980661474248209	27.86469496073305	230.0	35	1.05	0.95				
	321	2	0.0	0.0	0.0	0.0	3	0.9960047887367974	26.608034775761922	230.0	37	1.05	0.95				
	322	2	0.0	0.0	0.0	0.0	3	1.0122403888675007	30.136546720927864	230.0	37	1.05	0.95				
	323	2	0.0	0.0	0.0	0.0	3	1.0035889817029722	27.719548555582456	230.0	35	1.05	0.95				
	324	1	0.0	0.0	0.0	0.0	3	0.996245791618093	32.76975313248148	230.0	36	1.05	0.95				
