%% MATPOWER Case Format : Version 2
function mpc = RTS_GMLC
mpc.version = '2';

%%-----  Power Flow Data  -----%%
%% system MVA base
mpc.baseMVA = 100.0;
%% bus data
%    bus_i    type    Pd    Qd    Gs    Bs    area    Vm    Va    baseKV    zone    Vmax    Vmin
mpc.bus = [
	101	2	40.70707571368421	8.29218208982456	0.0	0.0	1	1.030777955881109	1.0309936610690082	138.0	11	1.05	0.95				
	102	2	36.56098466877193	7.538347354385966	0.0	0.0	1	1.0289278598139464	0.5409502847065033	138.0	12	1.05	0.95				
	103	1	67.84512618947367	13.945942605614034	0.0	0.0	1	1.0321902763115927	1.014140997202299	138.0	11	1.05	0.95				
	104	1	27.891885211228068	5.653760515789473	0.0	0.0	1	1.0235170161598963	-1.3218550824654742	138.0	11	1.05	0.95				
	105	1	26.761133108070172	5.276843148070176	0.0	0.0	1	1.0353452802379308	-1.8070699372286243	138.0	11	1.05	0.95				
	106	1	51.26076200982457	10.553686296140352	0.0	-100.0	1	1.0461391945419587	-3.886919155973258	138.0	12	1.05	0.95				
	107	2	47.11467096491228	9.422934192982456	0.0	0.0	1	1.0013277028128014	-9.619791731134724	138.0	12	1.05	0.95				
	108	1	64.45286988	13.192107870175438	0.0	0.0	1	1.0061515507753842	-7.93843226457592	138.0	12	1.05	0.95				
	109	1	65.96053935087718	13.569025237894735	0.0	0.0	1	1.0247740660861229	-2.3210690962887566	138.0	13	1.05	0.95				
	110	1	73.49888670526316	15.076694708771932	0.0	0.0	1	1.05	-3.4853810859953467	138.0	13	1.05	0.95				
	111	1	0.0	0.0	0.0	0.0	1	1.0021450762534625	-0.6226967711594904	230.0	13	1.05	0.95				
	112	1	0.0	0.0	0.0	0.0	1	1.0068221915502975	-1.1019262096855353	230.0	13	1.05	0.95				
	113	3	99.88310244561403	20.353537856842106	0.0	0.0	1	0.9938218723061504	-3.7536131119899236e-28	230.0	14	1.05	0.95				
	114	2	73.12196933754386	14.69977734105263	0.0	0.0	1	0.9982537297038926	1.2631882169988362	230.0	16	1.05	0.95				
	115	2	119.48280556701754	24.122711534035087	0.0	0.0	1	1.0341264964948662	7.330180616255551	230.0	16	1.05	0.95				
	116	2	37.691736771929826	7.538347354385966	0.0	0.0	1	1.0295266611582699	6.090635384082196	230.0	16	1.05	0.95				
	117	1	0.0	0.0	0.0	0.0	1	1.0377245912189061	9.622467695362799	230.0	17	1.05	0.95				
	118	2	125.51348345052631	25.630381004912284	0.0	0.0	1	1.0415300722779925	10.458427415022099	230.0	17	1.05	0.95				
	119	1	68.22204355719298	13.945942605614034	0.0	0.0	1	1.0189893508542505	3.6068872364492472	230.0	15	1.05	0.95				
	120	1	48.245423068070174	9.799851560701754	0.0	0.0	1	1.0128270302197178	1.8169946905371805	230.0	15	1.05	0.95				
	121	2	0.0	0.0	0.0	0.0	1	1.043967146233632	11.80877499191011	230.0	17	1.05	0.95				
	122	2	0.0	0.0	0.0	0.0	1	1.05	17.50905559824512	230.0	17	1.05	0.95				
	123	2	0.0	0.0	0.0	0.0	1	1.0099263702051502	1.1246045228952692	230.0	15	1.05	0.95				
	124	1	0.0	0.0	0.0	0.0	1	1.024915063853438	4.948027490823422	230.0	16	1.05	0.95				
	201	2	39.93263026105264	8.134424682807019	0.0	0.0	2	1.017189330087832	-12.884497503651994	138.0	21	1.05	0.95				
	202	2	35.865417919649126	7.394931529824563	0.0	0.0	2	1.0163389813036838	-13.141827507789316	138.0	22	1.05	0.95				
	203	1	66.55438376842106	13.68062333017544	0.0	0.0	2	1.014637259970388	-9.815277464356909	138.0	21	1.05	0.95				
	204	1	27.36124666035088	5.5461986473684215	0.0	0.0	2	1.014094409973412	-12.765116371977966	138.0	21	1.05	0.95				
	205	1	26.252006930877194	5.176452070877194	0.0	0.0	2	1.0292235065938156	-13.113819685602664	138.0	21	1.05	0.95				
	206	1	50.28553440280703	10.352904141754388	0.0	-100.0	2	1.044196269136676	-13.721738070492561	138.0	22	1.05	0.95				
	207	2	46.21832206140352	9.243664412280703	0.0	0.0	2	0.9999065436973957	-18.126818159398045	138.0	22	1.05	0.95				
	208	1	63.226664580000005	12.941130177192983	0.0	0.0	2	1.0051101583383244	-16.480324283398918	138.0	22	1.05	0.95				
	209	1	64.70565088596491	13.310876753684212	0.0	0.0	2	1.022506110131009	-10.921049826007252	138.0	23	1.05	0.95				
	210	1	72.10058241578949	14.789863059649125	0.0	0.0	2	1.05	-12.153489033549494	138.0	23	1.05	0.95				
	211	1	0.0	0.0	0.0	0.0	2	1.0007409908205516	-9.002569479803173	230.0	23	1.05	0.95				
	212	1	0.0	0.0	0.0	0.0	2	1.0062449498107484	-5.967431790383242	230.0	23	1.05	0.95				
	213	2	97.98284277017545	19.96631513052632	0.0	0.0	2	0.992094971594886	-7.715039302664152	230.0	24	1.05	0.95				
	214	2	71.73083583929825	14.420116483157896	0.0	0.0	2	0.9975153926840181	-7.43442202965517	230.0	26	1.05	0.95				
	215	2	117.2096647477193	23.6637808954386	0.0	0.0	2	1.0138372417510462	-1.6870237718950438	230.0	26	1.05	0.95				
	216	2	36.97465764912281	7.394931529824563	0.0	0.0	2	1.0118035527705525	-2.9268719301550257	230.0	26	1.05	0.95				
	217	1	0.0	0.0	0.0	0.0	2	1.017912511200727	-0.9703797512467848	230.0	27	1.05	0.95				
	218	2	123.12560997157895	25.142767201403515	0.0	0.0	2	1.0179669974755954	-1.2237276709046767	230.0	27	1.05	0.95				
	219	1	66.92413034491229	13.68062333017544	0.0	0.0	2	1.007504617687758	-4.115702431708782	230.0	25	1.05	0.95				
	220	1	47.3275617908772	9.613410988771932	0.0	0.0	2	1.0062787130754027	-4.402905274235264	230.0	25	1.05	0.95				
	221	2	0.0	0.0	0.0	0.0	2	1.0201469141027166	-0.575170145913817	230.0	27	1.05	0.95				
	222	2	0.0	0.0	0.0	0.0	2	1.041985193050963	5.861644942323699	230.0	27	1.05	0.95				
	223	2	0.0	0.0	0.0	0.0	2	1.0059108528575298	-4.263303169503208	230.0	25	1.05	0.95				
	224	1	0.0	0.0	0.0	0.0	2	1.004045629079202	-4.764859595400459	230.0	26	1.05	0.95				
	301	2	52.03543183578947	10.599810188771928	0.0	0.0	3	0.9987007901696504	0.5998690069025081	138.0	31	1.05	0.95				
	302	2	46.735526741403504	9.636191080701755	0.0	0.0	3	0.9985894820430016	0.5722356954639715	138.0	32	1.05	0.95				
	303	1	86.72571972631579	17.826953499298245	0.0	0.0	3	1.0136822371191507	2.8111103614655217	138.0	31	1.05	0.95				
	304	1	35.65390699859649	7.227143310526316	0.0	0.0	3	1.0043832942512727	2.145962551577315	138.0	31	1.05	0.95				
	305	1	34.20847833649122	6.745333756491228	0.0	0.0	3	1.0172592737364732	2.2025192794723973	138.0	31	1.05	0.95				
	306	1	65.52609934877192	13.490667512982457	0.0	-100.0	3	1.0363241342670408	2.527861646293326	138.0	32	1.05	0.95				
	307	2	60.22619425438596	12.045238850877192	0.0	0.0	3	0.9914120188903217	-1.1090106379270313	138.0	32	1.05	0.95				
	308	1	82.38943374	16.86333439122807	0.0	0.0	3	1.0018102774931716	1.0109070676753948	138.0	32	1.05	0.95				
	309	1	84.31667195614034	17.345143945263157	0.0	0.0	3	1.0249190329602915	5.405385649173743	138.0	33	1.05	0.95				
	310	1	93.95286303684209	19.27238216140351	0.0	0.0	3	1.05	5.3420386215986655	138.0	33	1.05	0.95				
	311	1	0.0	0.0	0.0	0.0	3	1.008533662566563	10.284223260548291	230.0	33	1.05	0.95				
	312	1	0.0	0.0	0.0	0.0	3	1.0145878186597208	11.53788094571409	230.0	33	1.05	0.95				
	313	2	127.67953181929823	26.017715917894733	0.0	0.0	3	1.0230473997121952	17.312953273810866	230.0	34	1.05	0.95				
	314	2	93.47105348280701	18.790572607368418	0.0	0.0	3	1.0052084094247724	9.046794537115552	230.0	36	1.05	0.95				
	315	2	152.7336286291228	30.835811458245608	0.0	0.0	3	1.0199544385334984	4.025825334961662	230.0	36	1.05	0.95				
	316	2	48.18095540350877	9.636191080701755	0.0	0.0	3	1.0209564486141556	5.161716410217483	230.0	36	1.05	0.95				
	317	1	0.0	0.0	0.0	0.0	3	1.0238262528418858	4.079204734242734	230.0	37	1.05	0.95				
	318	2	160.4425814936842	32.76304967438596	0.0	0.0	3	1.021680628591702	2.9065574629289816	230.0	37	1.05	0.95				
	319	1	87.20752928035087	17.826953499298245	0.0	0.0	3	1.0214819497659706	8.101052482391696	230.0	35	1.05	0.95				
	320	1	61.671622916491216	12.52704840491228	0.0	0.0	3	1.0237642039608836	10.165678978681708	230.0	35	1.05	0.95				
	321	2	0.0	0.0	0.0	0.0	3	1.0231784889355315	3.8575171134680715	230.0	37	1.05	0.95				
	322	2	0.0	0.0	0.0	0.0	3	1.0370149415466607	8.360218326836163	230.0	37	1.05	0.95				
	323	2	0.0	0.0	0.0	0.0	3	1.0250799301348117	11.07123054504727	230.0	35	1.05	0.95				
	324	1	0.0	0.0	0.0	0.0	3	1.0153201139069978	5.326018539083412	230.0	36	1.05	0.95				
	325	1	0.0	0.0	0.0	0.0	3	1.027389158139367	11.143570100084196	230.0	35	1.05	0.95				
];
