%% MATPOWER Case Format : Version 2
function mpc = RTS_GMLC
mpc.version = '2';

%%-----  Power Flow Data  -----%%
%% system MVA base
mpc.baseMVA = 100.0;
%% bus data
%    bus_i    type    Pd    Qd    Gs    Bs    area    Vm    Va    baseKV    zone    Vmax    Vmin
mpc.bus = [
	101	2	45.650173187368424	9.299109352982457	0.0	0.0	1	1.02192055195217	0.24822348933822258	138.0	11	1.05	0.95				
	102	2	41.00061851087719	8.453735775438599	0.0	0.0	1	1.0199742021542224	-0.2879355982685532	138.0	12	1.05	0.95				
	103	1	76.08362197894736	15.639411184561403	0.0	0.0	1	1.026276543204587	2.019429135284174	138.0	11	1.05	0.95				
	104	1	31.278822369122807	6.340301831578947	0.0	0.0	1	1.0154950961489533	-2.3686838932667165	138.0	11	1.05	0.95				
	105	1	30.010762002807017	5.917615042807018	0.0	0.0	1	1.0303495224737302	-2.4048744935177844	138.0	11	1.05	0.95				
	106	1	57.48540327298246	11.835230085614036	0.0	-100.0	1	1.042817866749768	-4.4225310603541885	138.0	12	1.05	0.95				
	107	2	52.83584859649123	10.567169719298246	0.0	0.0	1	0.9981950194160886	-11.364441895097459	138.0	12	1.05	0.95				
	108	1	72.27944088	14.794037607017543	0.0	0.0	1	1.0018533668463179	-9.128661104260482	138.0	12	1.05	0.95				
	109	1	73.97018803508773	15.216724395789475	0.0	0.0	1	1.023920650294055	-2.3198625426545654	138.0	13	1.05	0.95				
	110	1	82.42392381052632	16.907471550877197	0.0	0.0	1	1.05	-3.7232902334112996	138.0	13	1.05	0.95				
	111	1	0.0	0.0	0.0	0.0	1	1.0083926712434896	0.3140210335815299	230.0	13	1.05	0.95				
	112	1	0.0	0.0	0.0	0.0	1	1.0108754628124992	-0.7800345183756651	230.0	13	1.05	0.95				
	113	3	112.0119990245614	22.825086593684212	0.0	0.0	1	1.000307794151706	2.2644259285819438e-29	230.0	14	1.05	0.95				
	114	2	82.00123702175438	16.484784762105264	0.0	0.0	1	1.0150969669856404	3.9905015688166827	230.0	16	1.05	0.95				
	115	2	133.99171204070174	27.051954481403513	0.0	0.0	1	1.0395419628184992	13.582272052706207	230.0	16	1.05	0.95				
	116	2	42.26867887719298	8.453735775438599	0.0	0.0	1	1.0336231470196238	11.712975831637381	230.0	16	1.05	0.95				
	117	1	0.0	0.0	0.0	0.0	1	1.0386645953620826	17.761056475431378	230.0	17	1.05	0.95				
	118	2	140.75470066105265	28.74270163649123	0.0	0.0	1	1.05	18.42644208093948	230.0	17	1.05	0.95				
	119	1	76.5063087677193	15.639411184561403	0.0	0.0	1	1.0239093209104864	7.337041750649696	230.0	15	1.05	0.95				
	120	1	54.103908962807026	10.989856508070176	0.0	0.0	1	1.0225868777215903	4.325436096382855	230.0	15	1.05	0.95				
	121	2	0.0	0.0	0.0	0.0	1	1.05	20.081935627747974	230.0	17	1.05	0.95				
	122	2	0.0	0.0	0.0	0.0	1	1.05	37.234851302627625	230.0	17	1.05	0.95				
	123	2	0.0	0.0	0.0	0.0	1	1.0231073006017402	2.9940308736219907	230.0	15	1.05	0.95				
	124	1	0.0	0.0	0.0	0.0	1	1.020133493794904	9.26110163197887	230.0	16	1.05	0.95				
	201	2	46.90256570526316	9.554226347368422	0.0	0.0	2	1.010867861854386	-17.03939284191897	138.0	21	1.05	0.95				
	202	2	42.12545253157895	8.685660315789475	0.0	0.0	2	1.009974567758212	-17.340246993929345	138.0	22	1.05	0.95				
	203	1	78.17094284210528	16.068471584210528	0.0	0.0	2	1.014456681657771	-12.396263564012337	138.0	21	1.05	0.95				
	204	1	32.136943168421055	6.514245236842105	0.0	0.0	2	1.0102448614512918	-16.836080794314732	138.0	21	1.05	0.95				
	205	1	30.83409412105263	6.079962221052632	0.0	0.0	2	1.025073382725166	-17.34568464157803	138.0	21	1.05	0.95				
	206	1	59.06249014736843	12.159924442105265	0.0	-100.0	2	1.04077707342307	-18.054722879000263	138.0	22	1.05	0.95				
	207	2	54.28537697368421	10.857075394736842	0.0	0.0	2	0.9925499377079097	-23.249011538252866	138.0	22	1.05	0.95				
	208	1	74.2623957	15.199905552631579	0.0	0.0	2	0.9984029041324841	-21.281549175075614	138.0	22	1.05	0.95				
	209	1	75.9995277631579	15.634188568421054	0.0	0.0	2	1.0232960327776959	-14.625817531735654	138.0	23	1.05	0.95				
	210	1	84.68518807894738	17.37132063157895	0.0	0.0	2	1.05	-16.25279267637357	138.0	23	1.05	0.95				
	211	1	0.0	0.0	0.0	0.0	2	1.0091913970878552	-11.338807964566127	230.0	23	1.05	0.95				
	212	1	0.0	0.0	0.0	0.0	2	1.0110848457339392	-10.392285918624681	230.0	23	1.05	0.95				
	213	2	115.08499918421053	23.45128285263158	0.0	0.0	2	1.00833805669414	-9.704487720608869	230.0	24	1.05	0.95				
	214	2	84.2509050631579	16.937037615789475	0.0	0.0	2	1.0124675003260775	-8.593828546909826	230.0	26	1.05	0.95				
	215	2	137.66771600526315	27.794113010526317	0.0	0.0	2	1.0269093647546765	-1.8710373718893096	230.0	26	1.05	0.95				
	216	2	43.42830157894737	8.685660315789475	0.0	0.0	2	1.0293857276793488	-2.082093082763293	230.0	26	1.05	0.95				
	217	1	0.0	0.0	0.0	0.0	2	1.0319369598057955	-0.3721053763784641	230.0	27	1.05	0.95				
	218	2	144.61624425789475	29.531245073684214	0.0	0.0	2	1.0309799745793669	-0.9337198883969117	230.0	27	1.05	0.95				
	219	1	78.60522585789475	16.068471584210528	0.0	0.0	2	1.0323483653134224	-1.9690004913969397	230.0	25	1.05	0.95				
	220	1	55.588226021052634	11.291358410526318	0.0	0.0	2	1.03784961878669	-1.036188436323582	230.0	25	1.05	0.95				
	221	2	0.0	0.0	0.0	0.0	2	1.0326267961372255	-0.4429077247401359	230.0	27	1.05	0.95				
	222	2	0.0	0.0	0.0	0.0	2	1.05	6.0798283294028925	230.0	27	1.05	0.95				
	223	2	0.0	0.0	0.0	0.0	2	1.041695966873432	-0.2028082141536466	230.0	25	1.05	0.95				
	224	1	0.0	0.0	0.0	0.0	2	1.0092881381199224	-5.8054528675624475	230.0	26	1.05	0.95				
	301	2	42.70800380210527	8.699778552280703	0.0	0.0	3	1.0121576960871808	5.416779120441468	138.0	31	1.05	0.95				
	302	2	38.358114525964915	7.908889592982457	0.0	0.0	3	1.011975863667728	5.290513291064259	138.0	32	1.05	0.95				
	303	1	71.18000633684211	14.631445747017544	0.0	0.0	3	1.0349933951010704	12.29534702253155	138.0	31	1.05	0.95				
	304	1	29.262891494035088	5.931667194736842	0.0	0.0	3	1.0147955150626158	7.078032806601508	138.0	31	1.05	0.95				
	305	1	28.07655805508772	5.53622271508772	0.0	0.0	3	1.0262684921022143	5.258791625444172	138.0	31	1.05	0.95				
	306	1	53.780449232280716	11.07244543017544	0.0	-100.0	3	1.0423912981528798	4.699797885723292	138.0	32	1.05	0.95				
	307	2	49.43055995614035	9.88611199122807	0.0	0.0	3	0.9721327431199192	1.4592406372260538	138.0	32	1.05	0.95				
	308	1	67.62100602000001	13.840556787719299	0.0	0.0	3	0.9893880535007775	3.1234939462779514	138.0	32	1.05	0.95				
	309	1	69.2027839385965	14.23600126736842	0.0	0.0	3	1.029571203456447	10.146369590269995	138.0	33	1.05	0.95				
	310	1	77.11167353157894	15.817779185964914	0.0	0.0	3	1.05	6.375471064881475	138.0	33	1.05	0.95				
	311	1	0.0	0.0	0.0	0.0	3	1.0071354875031455	10.882891036154689	230.0	33	1.05	0.95				
	312	1	0.0	0.0	0.0	0.0	3	1.0136374767592689	11.276870363390213	230.0	33	1.05	0.95				
	313	2	104.79278710701753	21.354001901052634	0.0	0.0	3	1.010278307555876	13.579012374803602	230.0	34	1.05	0.95				
	314	2	76.71622905192983	15.422334706315791	0.0	0.0	3	0.99786181717548	11.277794926574119	230.0	36	1.05	0.95				
	315	2	125.35590004877193	25.308446697543864	0.0	0.0	3	1.0272603463940133	13.989357083508724	230.0	36	1.05	0.95				
	316	2	39.54444796491228	7.908889592982457	0.0	0.0	3	1.0234229092707103	14.177792918599428	230.0	36	1.05	0.95				
	317	1	0.0	0.0	0.0	0.0	3	1.04599596984257	18.46246066764086	230.0	37	1.05	0.95				
	318	2	131.6830117231579	26.890224616140358	0.0	0.0	3	1.0468110814170668	15.47523492871029	230.0	37	1.05	0.95				
	319	1	71.57545081649124	14.631445747017544	0.0	0.0	3	1.0189987992135543	13.38095555655832	230.0	35	1.05	0.95				
	320	1	50.61689339508773	10.281556470877193	0.0	0.0	3	1.0177446937327452	13.469641255895665	230.0	35	1.05	0.95				
	321	2	0.0	0.0	0.0	0.0	3	1.0414271054972217	15.64104248071884	230.0	37	1.05	0.95				
	322	2	0.0	0.0	0.0	0.0	3	1.05	21.078586197368118	230.0	37	1.05	0.95				
	323	2	0.0	0.0	0.0	0.0	3	1.0174975193084026	13.82961396768876	230.0	35	1.05	0.95				
	324	1	0.0	0.0	0.0	0.0	3	1.0252622104509013	13.343632497098309	230.0	36	1.05	0.95				
	325	1	0.0	0.0	0.0	0.0	3	1.019514170349287	14.382334994778107	230.0	35	1.05	0.95				
];
