%% MATPOWER Case Format : Version 2
function mpc = RTS_GMLC
mpc.version = '2';

%%-----  Power Flow Data  -----%%
%% system MVA base
mpc.baseMVA = 100.0;
%% bus data
%    bus_i    type    Pd    Qd    Gs    Bs    area    Vm    Va    baseKV    zone    Vmax    Vmin
mpc.bus = [
	101	2	45.28946065263158	9.225630873684212	0.0	0.0	1	1.0158751718739432	2.120655259877491	138.0	11	1.05	0.95				
	102	2	40.67664521578948	8.386937157894737	0.0	0.0	1	1.0145567715216168	1.7391477677693863	138.0	12	1.05	0.95				
	103	1	75.48243442105263	15.515833742105265	0.0	0.0	1	1.025183785451803	2.611796930370334	138.0	11	1.05	0.95				
	104	1	31.03166748421053	6.290202868421052	0.0	0.0	1	1.0132823984296189	-1.1908875183338286	138.0	11	1.05	0.95				
	105	1	29.773626910526314	5.870856010526317	0.0	0.0	1	1.0268699256159697	-1.1490811467102657	138.0	11	1.05	0.95				
	106	1	57.03117267368422	11.741712021052633	0.0	-100.0	1	1.0411223876720093	-3.452074789911932	138.0	12	1.05	0.95				
	107	2	52.418357236842105	10.48367144736842	0.0	0.0	1	0.9855434972748942	-11.175143472109147	138.0	12	1.05	0.95				
	108	1	71.7083127	14.677140026315788	0.0	0.0	1	0.9945503675477112	-8.75513225328714	138.0	12	1.05	0.95				
	109	1	73.38570013157894	15.096486884210528	0.0	0.0	1	1.0248558380847947	-1.8307036402224768	138.0	13	1.05	0.95				
	110	1	81.77263728947368	16.773874315789474	0.0	0.0	1	1.05	-3.075676810706509	138.0	13	1.05	0.95				
	111	1	0.0	0.0	0.0	0.0	1	1.0172861843469148	0.5593915361768086	230.0	13	1.05	0.95				
	112	1	0.0	0.0	0.0	0.0	1	1.0139221836545922	-0.5732167751844504	230.0	13	1.05	0.95				
	113	3	111.12691734210527	22.64473032631579	0.0	0.0	1	0.998496121805318	-9.370463039437531e-32	230.0	14	1.05	0.95				
	114	2	81.35329043157896	16.354527457894736	0.0	0.0	1	1.040682751903221	3.995763882770356	230.0	16	1.05	0.95				
	115	2	132.93295395263158	26.838198905263162	0.0	0.0	1	1.0388293112223324	13.469998368926122	230.0	16	1.05	0.95				
	116	2	41.93468578947368	8.386937157894737	0.0	0.0	1	1.0384412547002622	11.558155711591702	230.0	16	1.05	0.95				
	117	1	0.0	0.0	0.0	0.0	1	1.0376227363359665	17.68712208441209	230.0	17	1.05	0.95				
	118	2	139.64250367894738	28.51558633684211	0.0	0.0	1	1.0464155370151578	18.317660765225646	230.0	17	1.05	0.95				
	119	1	75.90178127894738	15.515833742105265	0.0	0.0	1	1.0335230542939953	7.116452082712849	230.0	15	1.05	0.95				
	120	1	53.676397810526325	10.903018305263158	0.0	0.0	1	1.0364260174362252	4.057834458093929	230.0	15	1.05	0.95				
	121	2	0.0	0.0	0.0	0.0	1	1.0407105738377331	19.968608072057958	230.0	17	1.05	0.95				
	122	2	0.0	0.0	0.0	0.0	1	1.05	37.95076286099338	230.0	17	1.05	0.95				
	123	2	0.0	0.0	0.0	0.0	1	1.039252367479436	2.6981488374887244	230.0	15	1.05	0.95				
	124	1	0.0	0.0	0.0	0.0	1	1.0201959426397353	9.414712268780136	230.0	16	1.05	0.95				
	201	2	44.4545883663158	9.055564296842105	0.0	0.0	2	1.0076764782205372	-17.71460072489115	138.0	21	1.05	0.95				
	202	2	39.926806217894736	8.23233117894737	0.0	0.0	2	1.006898983232276	-18.024607519762508	138.0	22	1.05	0.95				
	203	1	74.09098061052632	15.229812681052632	0.0	0.0	2	1.0111990044828518	-12.959345309311338	138.0	21	1.05	0.95				
	204	1	30.459625362105264	6.174248384210526	0.0	0.0	2	1.0089592789190598	-17.658998497727538	138.0	21	1.05	0.95				
	205	1	29.224775685263154	5.762631825263158	0.0	0.0	2	1.0237799871059063	-18.167912289444622	138.0	21	1.05	0.95				
	206	1	55.979852016842116	11.525263650526316	0.0	-100.0	2	1.0406628481539963	-18.939944561666252	138.0	22	1.05	0.95				
	207	2	51.452069868421056	10.290413973684212	0.0	0.0	2	0.990652227135981	-23.817400877182674	138.0	22	1.05	0.95				
	208	1	70.38643157999999	14.406579563157894	0.0	0.0	2	0.9980786895922251	-21.977296363013817	138.0	22	1.05	0.95				
	209	1	72.03289781578948	14.818196122105261	0.0	0.0	2	1.022553058813118	-15.649807831924326	138.0	23	1.05	0.95				
	210	1	80.26522899473683	16.46466235789474	0.0	0.0	2	1.05	-17.290406278561893	138.0	23	1.05	0.95				
	211	1	0.0	0.0	0.0	0.0	2	1.0083330575982004	-12.589886664705935	230.0	23	1.05	0.95				
	212	1	0.0	0.0	0.0	0.0	2	1.013198440982712	-11.98976314934117	230.0	23	1.05	0.95				
	213	2	109.07838812105264	22.2272941831579	0.0	0.0	2	1.0079964797432348	-11.35137851057732	230.0	24	1.05	0.95				
	214	2	79.85361243578947	16.05304579894737	0.0	0.0	2	1.0099436533736141	-9.710231318629543	230.0	26	1.05	0.95				
	215	2	130.4824491863158	26.34345977263158	0.0	0.0	2	1.0271571262010506	-2.6831361477946043	230.0	26	1.05	0.95				
	216	2	41.161655894736846	8.23233117894737	0.0	0.0	2	1.030594314517953	-3.194468408082372	230.0	26	1.05	0.95				
	217	1	0.0	0.0	0.0	0.0	2	1.035034364638869	-1.192743534525076	230.0	27	1.05	0.95				
	218	2	137.0683141294737	27.989926008421058	0.0	0.0	2	1.0333012868053078	-1.708292340004732	230.0	27	1.05	0.95				
	219	1	74.50259716947369	15.229812681052632	0.0	0.0	2	1.0354178997524754	-3.7889321306343224	230.0	25	1.05	0.95				
	220	1	52.68691954526316	10.702030532631579	0.0	0.0	2	1.0422339126861284	-3.5122673261897424	230.0	25	1.05	0.95				
	221	2	0.0	0.0	0.0	0.0	2	1.0339884804220547	-1.2323798917690594	230.0	27	1.05	0.95				
	222	2	0.0	0.0	0.0	0.0	2	1.05	5.280257086204022	230.0	27	1.05	0.95				
	223	2	0.0	0.0	0.0	0.0	2	1.0464673219629843	-3.056727540642066	230.0	25	1.05	0.95				
	224	1	0.0	0.0	0.0	0.0	2	1.0085250738165412	-6.510483334757983	230.0	26	1.05	0.95				
	301	2	54.23916482526317	11.048718760701757	0.0	0.0	3	1.0293585743846891	4.854073438645156	138.0	31	1.05	0.95				
	302	2	48.71480544491229	10.044289782456142	0.0	0.0	3	1.0253284910484808	4.5065466262967195	138.0	32	1.05	0.95				
	303	1	90.39860804210528	18.58193609754386	0.0	0.0	3	1.05	20.305062643616605	138.0	31	1.05	0.95				
	304	1	37.16387219508772	7.533217336842106	0.0	0.0	3	1.0095499744809624	5.861934811730997	138.0	31	1.05	0.95				
	305	1	35.6572287277193	7.0310028477193	0.0	0.0	3	1.029355504868652	3.793969472486835	138.0	31	1.05	0.95				
	306	1	68.30117052070177	14.0620056954386	0.0	-100.0	3	1.0357583350612394	2.602582596297239	138.0	32	1.05	0.95				
	307	2	62.77681114035089	12.555362228070177	0.0	0.0	3	0.95	2.3811781512995913	138.0	32	1.05	0.95				
	308	1	85.87867764	17.577507119298247	0.0	0.0	3	0.9686379251593307	2.541128267130064	138.0	32	1.05	0.95				
	309	1	87.88753559649123	18.079721608421053	0.0	0.0	3	1.0129088387332286	9.086286010092325	138.0	33	1.05	0.95				
	310	1	97.93182537894738	20.088579564912283	0.0	0.0	3	1.0413828563739442	4.329845571922824	138.0	33	1.05	0.95				
	311	1	0.0	0.0	0.0	0.0	3	1.0004088568227998	8.595031719130953	230.0	33	1.05	0.95				
	312	1	0.0	0.0	0.0	0.0	3	1.0048887226505068	9.233325915675838	230.0	33	1.05	0.95				
	313	2	133.08683961754386	27.119582412631583	0.0	0.0	3	1.0017292696117004	11.107783801847702	230.0	34	1.05	0.95				
	314	2	97.42961088982457	19.586365075789477	0.0	0.0	3	0.9967504595026152	8.385462133758079	230.0	36	1.05	0.95				
	315	2	159.20199305192983	32.14172730385965	0.0	0.0	3	1.048702463744961	11.375946678204668	230.0	36	1.05	0.95				
	316	2	50.22144891228071	10.044289782456142	0.0	0.0	3	1.0340700445835787	11.118711059420953	230.0	36	1.05	0.95				
	317	1	0.0	0.0	0.0	0.0	3	1.05	14.638524189502679	230.0	37	1.05	0.95				
	318	2	167.23742487789477	34.15058526035089	0.0	0.0	3	1.0485911309269806	11.882897715532263	230.0	37	1.05	0.95				
	319	1	90.90082253122809	18.58193609754386	0.0	0.0	3	1.022412735641904	10.452731287645083	230.0	35	1.05	0.95				
	320	1	64.2834546077193	13.057576717192983	0.0	0.0	3	1.0160838317422634	10.853316695514748	230.0	35	1.05	0.95				
	321	2	0.0	0.0	0.0	0.0	3	1.05	12.34711568810186	230.0	37	1.05	0.95				
	322	2	0.0	0.0	0.0	0.0	3	1.05	17.594600042161424	230.0	37	1.05	0.95				
	323	2	0.0	0.0	0.0	0.0	3	1.013635607217575	11.47164951845914	230.0	35	1.05	0.95				
	324	1	0.0	0.0	0.0	0.0	3	1.0463096002007906	14.789909219723578	230.0	36	1.05	0.95				
	325	1	0.0	0.0	0.0	0.0	3	1.0144212387082718	12.208274615851114	230.0	35	1.05	0.95				
];
