%% MATPOWER Case Format : Version 2
function mpc = RTS_GMLC
mpc.version = '2';

%%-----  Power Flow Data  -----%%
%% system MVA base
mpc.baseMVA = 100.0;
%% bus data
%    bus_i    type    Pd    Qd    Gs    Bs    area    Vm    Va    baseKV    zone    Vmax    Vmin
mpc.bus = [
	101	2	90.89955466105263	18.516575949473683	0.0	0.0	1	1.0485148555096968	-0.17251388224529773	138.0	11	1.05	0.95				
	102	2	81.64126668631579	16.833250863157897	0.0	0.0	1	1.0483171226305015	-0.3263779982752319	138.0	12	1.05	0.95				
	103	1	151.49925776842105	31.141514096842105	0.0	0.0	1	1.023896765713192	-1.775696437610063	138.0	11	1.05	0.95				
	104	1	62.28302819368421	12.624938147368422	0.0	0.0	1	1.0238955127719729	-4.04711399804318	138.0	11	1.05	0.95				
	105	1	59.758040564210525	11.783275604210528	0.0	0.0	1	1.0371932914853141	-4.5007572104318925	138.0	11	1.05	0.95				
	106	1	114.4661058694737	23.566551208421057	0.0	-100.0	1	1.0363165467204454	-7.705500459916069	138.0	12	1.05	0.95				
	107	2	105.20781789473685	21.04156357894737	0.0	0.0	1	1.05	-5.904800816971256	138.0	12	1.05	0.95				
	108	1	143.92429488	29.458189010526315	0.0	0.0	1	1.0229411124824925	-8.34141165605085	138.0	12	1.05	0.95				
	109	1	147.29094505263157	30.29985155368421	0.0	0.0	1	1.0271291952656028	-4.755250812977393	138.0	13	1.05	0.95				
	110	1	164.12419591578947	33.66650172631579	0.0	0.0	1	1.05	-6.318460541181054	138.0	13	1.05	0.95				
	111	1	0.0	0.0	0.0	0.0	1	1.0156428104082287	-2.000326794783329	230.0	13	1.05	0.95				
	112	1	0.0	0.0	0.0	0.0	1	1.0179434028676206	-1.2601019011171584	230.0	13	1.05	0.95				
	113	3	223.04057393684212	45.44977733052632	0.0	0.0	1	1.0183009556891867	-2.3316108329214857e-28	230.0	14	1.05	0.95				
	114	2	163.28253337263158	32.8248391831579	0.0	0.0	1	1.0183767972508033	-0.1846486461340705	230.0	16	1.05	0.95				
	115	2	266.8070261810526	53.86640276210527	0.0	0.0	1	1.043170614790707	8.457812207783775	230.0	16	1.05	0.95				
	116	2	84.16625431578947	16.833250863157897	0.0	0.0	1	1.0419888121170306	7.509346143417004	230.0	16	1.05	0.95				
	117	1	0.0	0.0	0.0	0.0	1	1.0456358319493413	10.762213625398973	230.0	17	1.05	0.95				
	118	2	280.2736268715789	57.23305293473685	0.0	0.0	1	1.0478854805515363	11.421373654896248	230.0	17	1.05	0.95				
	119	1	152.34092031157894	31.141514096842105	0.0	0.0	1	1.0356853453938262	5.861569216996633	230.0	15	1.05	0.95				
	120	1	107.73280552421053	21.883226122105263	0.0	0.0	1	1.0371273740915588	5.546017208793239	230.0	15	1.05	0.95				
	121	2	0.0	0.0	0.0	0.0	1	1.05	13.488154038644808	230.0	17	1.05	0.95				
	122	2	0.0	0.0	0.0	0.0	1	1.05	19.01271968702985	230.0	17	1.05	0.95				
	123	2	0.0	0.0	0.0	0.0	1	1.0403345933151726	5.99543124367664	230.0	15	1.05	0.95				
	124	1	0.0	0.0	0.0	0.0	1	1.0231538053246167	4.658148640242606	230.0	16	1.05	0.95				
	201	2	86.22320165052632	17.56398552140351	0.0	0.0	2	1.0345931985914518	-12.639495678550514	138.0	21	1.05	0.95				
	202	2	77.44120888982455	15.96725956491228	0.0	0.0	2	1.0375902916798496	-12.751587339621896	138.0	22	1.05	0.95				
	203	1	143.70533608421053	29.539430195087718	0.0	0.0	2	1.0265114544986154	-9.610733254001984	138.0	21	1.05	0.95				
	204	1	59.078860390175436	11.975444673684208	0.0	0.0	2	1.0179554295939277	-14.035293827136705	138.0	21	1.05	0.95				
	205	1	56.68377145543859	11.177081695438597	0.0	0.0	2	1.032060876480361	-14.464647933999132	138.0	21	1.05	0.95				
	206	1	108.57736504140351	22.354163390877194	0.0	-100.0	2	1.036531257829832	-16.23570063675173	138.0	22	1.05	0.95				
	207	2	99.79537228070174	19.95907445614035	0.0	0.0	2	0.95	-27.9292631453176	138.0	22	1.05	0.95				
	208	1	136.52006927999997	27.942704238596487	0.0	0.0	2	0.9565984177060737	-23.98842494540797	138.0	22	1.05	0.95				
	209	1	139.71352119298243	28.741067216842104	0.0	0.0	2	1.0274577915941308	-11.86016297945889	138.0	23	1.05	0.95				
	210	1	155.68078075789472	31.93451912982456	0.0	0.0	2	1.05	-13.795159261010005	138.0	23	1.05	0.95				
	211	1	0.0	0.0	0.0	0.0	2	1.0346643625042278	-7.9845839218349735	230.0	23	1.05	0.95				
	212	1	0.0	0.0	0.0	0.0	2	1.0287567268907585	-2.7927555891724185	230.0	23	1.05	0.95				
	213	2	211.5661892350877	43.11160082526316	0.0	0.0	2	1.05	-5.1149360908689365	230.0	24	1.05	0.95				
	214	2	154.8824177796491	31.13615615157895	0.0	0.0	2	1.05	-5.878533192040866	230.0	26	1.05	0.95				
	215	2	253.08106410385963	51.0952306077193	0.0	0.0	2	1.0467333238407588	1.9803987317430476	230.0	26	1.05	0.95				
	216	2	79.8362978245614	15.96725956491228	0.0	0.0	2	1.05	2.015347685593086	230.0	26	1.05	0.95				
	217	1	0.0	0.0	0.0	0.0	2	1.0497013452869501	4.596714917683549	230.0	27	1.05	0.95				
	218	2	265.8548717557895	54.288682520701755	0.0	0.0	2	1.049991980884074	4.8594506172160035	230.0	27	1.05	0.95				
	219	1	144.50369906245612	29.539430195087718	0.0	0.0	2	1.0437881787196903	2.433922935435773	230.0	25	1.05	0.95				
	220	1	102.1904612154386	20.757437434385963	0.0	0.0	2	1.0458055217855398	4.291400893307887	230.0	25	1.05	0.95				
	221	2	0.0	0.0	0.0	0.0	2	1.05	4.915658084960253	230.0	27	1.05	0.95				
	222	2	0.0	0.0	0.0	0.0	2	1.05	11.30304876015921	230.0	27	1.05	0.95				
	223	2	0.0	0.0	0.0	0.0	2	1.05	5.888877430741344	230.0	25	1.05	0.95				
	224	1	0.0	0.0	0.0	0.0	2	1.0245943333362038	-2.323178679528069	230.0	26	1.05	0.95				
	301	2	64.14742170947369	13.067067385263156	0.0	0.0	3	0.9928303064739564	12.292495338496986	138.0	31	1.05	0.95				
	302	2	57.6138880168421	11.879152168421053	0.0	0.0	3	0.992406893763799	12.200105535350874	138.0	32	1.05	0.95				
	303	1	106.91236951578946	21.976431511578944	0.0	0.0	3	1.0260437130877145	17.06922810033682	138.0	31	1.05	0.95				
	304	1	43.95286302315789	8.909364126315788	0.0	0.0	3	1.001266489742301	14.105239602143083	138.0	31	1.05	0.95				
	305	1	42.17099019789473	8.315406517894736	0.0	0.0	3	1.0125728521198223	13.795214746122378	138.0	31	1.05	0.95				
	306	1	80.77823474526315	16.630813035789473	0.0	-100.0	3	1.0314331563232324	13.961572194367106	138.0	32	1.05	0.95				
	307	2	74.24470105263158	14.848940210526315	0.0	0.0	3	0.9869848632464624	10.724748120405225	138.0	32	1.05	0.95				
	308	1	101.56675103999999	20.78851629473684	0.0	0.0	3	1.0000116204110094	13.355692869087022	138.0	32	1.05	0.95				
	309	1	103.9425814736842	21.38247390315789	0.0	0.0	3	1.0293018466245776	18.066499886459457	138.0	33	1.05	0.95				
	310	1	115.82173364210526	23.758304336842105	0.0	0.0	3	1.05	17.19296810502007	138.0	33	1.05	0.95				
	311	1	0.0	0.0	0.0	0.0	3	1.0171722234445115	23.11605394398941	230.0	33	1.05	0.95				
	312	1	0.0	0.0	0.0	0.0	3	1.0238043706352769	24.2285878731731	230.0	33	1.05	0.95				
	313	2	157.39876623157895	32.073710854736845	0.0	0.0	3	1.0422270373334026	31.411699328956487	230.0	34	1.05	0.95				
	314	2	115.2277760336842	23.164346728421055	0.0	0.0	3	1.0163717906604508	21.200556406732627	230.0	36	1.05	0.95				
	315	2	188.28456186947366	38.01328693894737	0.0	0.0	3	1.0385056346705177	15.874324548165864	230.0	36	1.05	0.95				
	316	2	59.39576084210526	11.879152168421053	0.0	0.0	3	1.0394175219644186	17.215802119738967	230.0	36	1.05	0.95				
	317	1	0.0	0.0	0.0	0.0	3	1.0432996454138697	15.623182476346383	230.0	37	1.05	0.95				
	318	2	197.78788360421052	40.389117372631574	0.0	0.0	3	1.042639708659252	14.218238667288293	230.0	37	1.05	0.95				
	319	1	107.50632712421053	21.976431511578944	0.0	0.0	3	1.0388126562267783	19.409728855993325	230.0	35	1.05	0.95				
	320	1	76.02657387789473	15.442897818947369	0.0	0.0	3	1.0406410968481588	21.057295957712565	230.0	35	1.05	0.95				
	321	2	0.0	0.0	0.0	0.0	3	1.042419622513161	15.341354443785336	230.0	37	1.05	0.95				
	322	2	0.0	0.0	0.0	0.0	3	1.05	19.777420027407594	230.0	37	1.05	0.95				
	323	2	0.0	0.0	0.0	0.0	3	1.0415804565895974	21.676088337701042	230.0	35	1.05	0.95				
	324	1	0.0	0.0	0.0	0.0	3	1.0326989652253444	18.17974868622079	230.0	36	1.05	0.95				
	325	1	0.0	0.0	0.0	0.0	3	1.043757346786925	20.985644797868733	230.0	35	1.05	0.95				
];
