%% MATPOWER Case Format : Version 2
function mpc = RTS_GMLC
mpc.version = '2';

%%-----  Power Flow Data  -----%%
%% system MVA base
mpc.baseMVA = 100.0;
%% bus data
%    bus_i    type    Pd    Qd    Gs    Bs    area    Vm    Va    baseKV    zone    Vmax    Vmin
mpc.bus = [
	101	2	67.03908957473685	13.656110839298243	0.0	0.0	1	1.0334236545805404	1.2052929315612975	138.0	11	1.05	0.95				
	102	2	60.21103415508772	12.41464621754386	0.0	0.0	1	1.0334311669000433	1.150786754961959	138.0	12	1.05	0.95				
	103	1	111.73181595789474	22.96709550245614	0.0	0.0	1	1.0243143441932474	0.09040201192408165	138.0	11	1.05	0.95				
	104	1	45.93419100491228	9.310984663157894	0.0	0.0	1	1.018444582905565	-2.117229162083069	138.0	11	1.05	0.95				
	105	1	44.071994072280695	8.690252352280702	0.0	0.0	1	1.0332285311469707	-2.0681177269439925	138.0	11	1.05	0.95				
	106	1	84.41959427929825	17.380504704561403	0.0	-100.0	1	1.039927160706155	-4.472022540818959	138.0	12	1.05	0.95				
	107	2	77.5915388596491	15.518307771929823	0.0	0.0	1	1.039763805883122	-2.032591951832169	138.0	12	1.05	0.95				
	108	1	106.14522516	21.72563088070175	0.0	0.0	1	1.023323816559446	-4.312084421974543	138.0	12	1.05	0.95				
	109	1	108.62815440350877	22.346363191578945	0.0	0.0	1	1.0259656431094741	-2.282118367060721	138.0	13	1.05	0.95				
	110	1	121.04280062105262	24.82929243508772	0.0	0.0	1	1.05	-3.4309669671765803	138.0	13	1.05	0.95				
	111	1	0.0	0.0	0.0	0.0	1	1.0094395470441082	-0.2352360221889173	230.0	13	1.05	0.95				
	112	1	0.0	0.0	0.0	0.0	1	1.01310430290902	0.2041261285095989	230.0	13	1.05	0.95				
	113	3	164.49406238245612	33.519544787368424	0.0	0.0	1	1.0048442383036045	-1.732695980971812e-30	230.0	14	1.05	0.95				
	114	2	120.42206831017543	24.208560124210525	0.0	0.0	1	1.0101683539630055	2.265125669109403	230.0	16	1.05	0.95				
	115	2	196.77214254807015	39.72686789614035	0.0	0.0	1	1.0439161834796613	10.141249391578585	230.0	16	1.05	0.95				
	116	2	62.07323108771929	12.41464621754386	0.0	0.0	1	1.0410875088657696	9.47342389771363	230.0	16	1.05	0.95				
	117	1	0.0	0.0	0.0	0.0	1	1.0436160330867865	12.71332314429731	230.0	17	1.05	0.95				
	118	2	206.70385952210526	42.209797139649126	0.0	0.0	1	1.0477830970673252	12.54652886090791	230.0	17	1.05	0.95				
	119	1	112.35254826877193	22.96709550245614	0.0	0.0	1	1.0341673923710053	7.746471896690128	230.0	15	1.05	0.95				
	120	1	79.4537357922807	16.139040082807014	0.0	0.0	1	1.0336615149888335	7.422625307502124	230.0	15	1.05	0.95				
	121	2	0.0	0.0	0.0	0.0	1	1.05	13.829522790280706	230.0	17	1.05	0.95				
	122	2	0.0	0.0	0.0	0.0	1	1.05	27.196161880944846	230.0	17	1.05	0.95				
	123	2	0.0	0.0	0.0	0.0	1	1.0347728203517255	7.710813715568001	230.0	15	1.05	0.95				
	124	1	0.0	0.0	0.0	0.0	1	1.0239887739479587	6.411100721809314	230.0	16	1.05	0.95				
	201	2	65.38139461894738	13.318432237192985	0.0	0.0	2	1.0322451518288203	-9.669544238104962	138.0	21	1.05	0.95				
	202	2	58.722178500350886	12.107665670175441	0.0	0.0	2	1.0323662323570892	-9.761573740726345	138.0	22	1.05	0.95				
	203	1	108.96899103157898	22.399181489824567	0.0	0.0	2	1.0254110944941597	-7.081783274982511	138.0	21	1.05	0.95				
	204	1	44.798362979649134	9.08074925263158	0.0	0.0	2	1.0177344475016559	-11.962331120793712	138.0	21	1.05	0.95				
	205	1	42.98221312912281	8.47536596912281	0.0	0.0	2	1.0332286204068175	-12.30204960404288	138.0	21	1.05	0.95				
	206	1	82.33212655719299	16.95073193824562	0.0	-100.0	2	1.0405493294122516	-14.353473673646564	138.0	22	1.05	0.95				
	207	2	75.6729104385965	15.1345820877193	0.0	0.0	2	0.9872037765288978	-23.46176402428727	138.0	22	1.05	0.95				
	208	1	103.52054148	21.18841492280702	0.0	0.0	2	0.987773780480459	-20.55095265851817	138.0	22	1.05	0.95				
	209	1	105.9420746140351	21.793798206315792	0.0	0.0	2	1.024334101557062	-11.304733300363212	138.0	23	1.05	0.95				
	210	1	118.04974028421054	24.215331340350883	0.0	0.0	2	1.05	-13.057266531923325	138.0	23	1.05	0.95				
	211	1	0.0	0.0	0.0	0.0	2	1.0161011732437464	-8.041727251115587	230.0	23	1.05	0.95				
	212	1	0.0	0.0	0.0	0.0	2	1.0155294655025948	-7.102876666570347	230.0	23	1.05	0.95				
	213	2	160.42657012982457	32.69069730947369	0.0	0.0	2	1.016536272080426	-6.754449079127062	230.0	24	1.05	0.95				
	214	2	117.44435700070177	23.609948056842107	0.0	0.0	2	1.0248677776382518	-5.033711251507477	230.0	26	1.05	0.95				
	215	2	191.90650087228073	38.74453014456141	0.0	0.0	2	1.038837544287422	2.98399452778665	230.0	26	1.05	0.95				
	216	2	60.5383283508772	12.107665670175441	0.0	0.0	2	1.0416439372337034	2.8898413147707256	230.0	26	1.05	0.95				
	217	1	0.0	0.0	0.0	0.0	2	1.0443275462910298	6.053290508464985	230.0	27	1.05	0.95				
	218	2	201.59263340842108	41.166063278596496	0.0	0.0	2	1.0460489723949897	6.565819353003445	230.0	27	1.05	0.95				
	219	1	109.57437431508774	22.399181489824567	0.0	0.0	2	1.0413441747040246	2.292667938204246	230.0	25	1.05	0.95				
	220	1	77.48906028912282	15.739965371228074	0.0	0.0	2	1.0459385941138093	2.914531321607513	230.0	25	1.05	0.95				
	221	2	0.0	0.0	0.0	0.0	2	1.0459849155314622	6.417983817914936	230.0	27	1.05	0.95				
	222	2	0.0	0.0	0.0	0.0	2	1.05	12.782928341483492	230.0	27	1.05	0.95				
	223	2	0.0	0.0	0.0	0.0	2	1.0499525297897994	3.6961198609927215	230.0	25	1.05	0.95				
	224	1	0.0	0.0	0.0	0.0	2	1.0212626452629097	-0.774733242393978	230.0	26	1.05	0.95				
	301	2	68.99905095157895	14.055362230877193	0.0	0.0	3	1.0159827700642796	-18.343202732691903	138.0	31	1.05	0.95				
	302	2	61.971369836140354	12.777602028070175	0.0	0.0	3	1.0143908931999788	-18.662267013423904	138.0	32	1.05	0.95				
	303	1	114.9984182526316	23.638563751929826	0.0	0.0	3	1.046398801810101	-4.329625488742777	138.0	31	1.05	0.95				
	304	1	47.27712750385965	9.583201521052633	0.0	0.0	3	1.009206467199522	-16.651370998006954	138.0	31	1.05	0.95				
	305	1	45.36048719964912	8.944321419649125	0.0	0.0	3	1.0247199663445459	-18.647978485637612	138.0	31	1.05	0.95				
	306	1	86.88769379087721	17.88864283929825	0.0	-100.0	3	1.0358368286822934	-19.5206689421041	138.0	32	1.05	0.95				
	307	2	79.86001267543861	15.97200253508772	0.0	0.0	3	0.9876675099324161	-26.25745294995772	138.0	32	1.05	0.95				
	308	1	109.24849734	22.360803549122807	0.0	0.0	3	0.9871383259975904	-23.32123268635083	138.0	32	1.05	0.95				
	309	1	111.80401774561403	22.99968365052632	0.0	0.0	3	1.0275620780553611	-12.401633147125038	138.0	33	1.05	0.95				
	310	1	124.58161977368422	25.55520405614035	0.0	0.0	3	1.05	-16.90807571716488	138.0	33	1.05	0.95				
	311	1	0.0	0.0	0.0	0.0	3	1.021484384926386	-9.604046073272553	230.0	33	1.05	0.95				
	312	1	0.0	0.0	0.0	0.0	3	1.020135528262267	-9.234124555184067	230.0	33	1.05	0.95				
	313	2	169.30322687192984	34.499525475789476	0.0	0.0	3	1.0271201562876187	-6.6562767427068135	230.0	34	1.05	0.95				
	314	2	123.94273967228071	24.916323954736843	0.0	0.0	3	1.0337212582474842	-7.186105310513338	230.0	36	1.05	0.95				
	315	2	202.5249921449123	40.888326489824564	0.0	0.0	3	1.049786987225089	0.08461398298142801	230.0	36	1.05	0.95				
	316	2	63.88801014035088	12.777602028070175	0.0	0.0	3	1.0478572057976392	0.10994909591397352	230.0	36	1.05	0.95				
	317	1	0.0	0.0	0.0	0.0	3	1.05	3.6968476653894613	230.0	37	1.05	0.95				
	318	2	212.74707376736845	43.443846895438604	0.0	0.0	3	1.045699096035984	2.9151349129360633	230.0	37	1.05	0.95				
	319	1	115.6372983540351	23.638563751929826	0.0	0.0	3	1.04246166321291	-1.8171168820451462	230.0	35	1.05	0.95				
	320	1	81.77665297964913	16.61088263649123	0.0	0.0	3	1.0435555149770233	-2.29714044689686	230.0	35	1.05	0.95				
	321	2	0.0	0.0	0.0	0.0	3	1.05	3.498897231953	230.0	37	1.05	0.95				
	322	2	0.0	0.0	0.0	0.0	3	1.05	7.92425303889311	230.0	37	1.05	0.95				
	323	2	0.0	0.0	0.0	0.0	3	1.0455767430629266	-2.0907711278812293	230.0	35	1.05	0.95				
	324	1	0.0	0.0	0.0	0.0	3	1.0415629958749968	-1.5728015999143576	230.0	36	1.05	0.95				
	325	1	0.0	0.0	0.0	0.0	3	1.0409816620423256	-0.7798575099514758	230.0	35	1.05	0.95				
];
