%% MATPOWER Case Format : Version 2
function mpc = RTS_GMLC
mpc.version = '2';

%%-----  Power Flow Data  -----%%
%% system MVA base
mpc.baseMVA = 100.0;
%% bus data
%    bus_i    type    Pd    Qd    Gs    Bs    area    Vm    Va    baseKV    zone    Vmax    Vmin
mpc.bus = [
	101	2	42.39040077473684	8.635081639298244	0.0	0.0	1	1.0356694039189323	3.3388318754076267	138.0	11	1.05	0.95				
	102	2	38.072859955087715	7.85007421754386	0.0	0.0	1	1.035274239642707	3.2112521797958267	138.0	12	1.05	0.95				
	103	1	70.65066795789473	14.522637302456138	0.0	0.0	1	1.0300234263699213	0.554619250717906	138.0	11	1.05	0.95				
	104	1	29.045274604912276	5.887555663157894	0.0	0.0	1	1.0228814996018927	-0.2908148100420691	138.0	11	1.05	0.95				
	105	1	27.8677634722807	5.4950519522807015	0.0	0.0	1	1.0372563661678407	0.007244325404196628	138.0	11	1.05	0.95				
	106	1	53.38050467929825	10.990103904561403	0.0	-100.0	1	1.0467476372010616	-2.269994333764916	138.0	12	1.05	0.95				
	107	2	49.062963859649116	9.812592771929824	0.0	0.0	1	1.0005291432964583	-7.535368871161364	138.0	12	1.05	0.95				
	108	1	67.11813455999999	13.737629880701752	0.0	0.0	1	1.0057683350512243	-6.351785366885514	138.0	12	1.05	0.95				
	109	1	68.68814940350876	14.130133591578945	0.0	0.0	1	1.0249398950636097	-1.5739758009072489	138.0	13	1.05	0.95				
	110	1	76.53822362105262	15.70014843508772	0.0	0.0	1	1.05	-2.141754986736378	138.0	13	1.05	0.95				
	111	1	0.0	0.0	0.0	0.0	1	1.0026093827979394	-0.1556824680446926	230.0	13	1.05	0.95				
	112	1	0.0	0.0	0.0	0.0	1	1.007704729374635	0.27799461462271824	230.0	13	1.05	0.95				
	113	3	104.01348338245613	21.19520038736842	0.0	0.0	1	0.9929437792170765	3.8746641585779224e-28	230.0	14	1.05	0.95				
	114	2	76.14571991017543	15.307644724210526	0.0	0.0	1	0.998697053253848	1.5419226352280966	230.0	16	1.05	0.95				
	115	2	124.42367634807016	25.120237496140348	0.0	0.0	1	1.0382399880406161	6.382993238762364	230.0	16	1.05	0.95				
	116	2	39.250371087719294	7.85007421754386	0.0	0.0	1	1.0331954042994107	6.179151934723295	230.0	16	1.05	0.95				
	117	1	0.0	0.0	0.0	0.0	1	1.042160650799825	7.566076446602785	230.0	17	1.05	0.95				
	118	2	130.70373572210525	26.690252339649124	0.0	0.0	1	1.0451472892631724	7.3784037261756055	230.0	17	1.05	0.95				
	119	1	71.04317166877192	14.522637302456138	0.0	0.0	1	1.0264932432252696	5.443642039828597	230.0	15	1.05	0.95				
	120	1	50.240474992280696	10.205096482807017	0.0	0.0	1	1.023160169156791	5.567314481849063	230.0	15	1.05	0.95				
	121	2	0.0	0.0	0.0	0.0	1	1.05	8.097074705176995	230.0	17	1.05	0.95				
	122	2	0.0	0.0	0.0	0.0	1	1.05	14.57911789142103	230.0	17	1.05	0.95				
	123	2	0.0	0.0	0.0	0.0	1	1.0217431068107496	5.9424997002143245	230.0	15	1.05	0.95				
	124	1	0.0	0.0	0.0	0.0	1	1.0270766645676053	4.203128307264052	230.0	16	1.05	0.95				
	201	2	46.851566172631586	9.543837553684211	0.0	0.0	2	1.0292870518575605	-6.19884304848067	138.0	21	1.05	0.95				
	202	2	42.07964739578948	8.676215957894739	0.0	0.0	2	1.0298588357703793	-6.117064268383174	138.0	22	1.05	0.95				
	203	1	78.08594362105264	16.050999522105265	0.0	0.0	2	1.0184461463144385	-6.329289892812221	138.0	21	1.05	0.95				
	204	1	32.10199904421053	6.5071619684210535	0.0	0.0	2	1.019137499326605	-8.368412769170304	138.0	21	1.05	0.95				
	205	1	30.800566650526317	6.073351170526316	0.0	0.0	2	1.0341758008489779	-8.478264942279639	138.0	21	1.05	0.95				
	206	1	58.998268513684216	12.146702341052633	0.0	-100.0	2	1.0449620898727978	-10.160257576641028	138.0	22	1.05	0.95				
	207	2	54.2263497368421	10.845269947368422	0.0	0.0	2	0.9897260584754601	-16.698971531869166	138.0	22	1.05	0.95				
	208	1	74.18164644000001	15.183377926315789	0.0	0.0	2	0.9967276517273449	-14.742024001559916	138.0	22	1.05	0.95				
	209	1	75.91688963157895	15.617188724210527	0.0	0.0	2	1.0228764933166088	-8.43793947197918	138.0	23	1.05	0.95				
	210	1	84.59310558947368	17.352431915789477	0.0	0.0	2	1.05	-9.406264303573492	138.0	23	1.05	0.95				
	211	1	0.0	0.0	0.0	0.0	2	1.0049558587302765	-5.91700264519729	230.0	23	1.05	0.95				
	212	1	0.0	0.0	0.0	0.0	2	1.009521007423083	-5.457350788667823	230.0	23	1.05	0.95				
	213	2	114.95986144210526	23.425783086315793	0.0	0.0	2	0.9987119928699901	-5.15301851434402	230.0	24	1.05	0.95				
	214	2	84.15929479157896	16.918621117894737	0.0	0.0	2	1.0051843641947895	-3.464917798501652	230.0	26	1.05	0.95				
	215	2	137.51802293263157	27.76389106526316	0.0	0.0	2	1.0259479132901312	2.8235130591032735	230.0	26	1.05	0.95				
	216	2	43.38107978947369	8.676215957894739	0.0	0.0	2	1.0276386187831021	2.596339817206776	230.0	26	1.05	0.95				
	217	1	0.0	0.0	0.0	0.0	2	1.0329662323137856	5.278167662421134	230.0	27	1.05	0.95				
	218	2	144.45899569894738	29.499134256842108	0.0	0.0	2	1.0344867641041675	5.715634046264699	230.0	27	1.05	0.95				
	219	1	78.51975441894737	16.050999522105265	0.0	0.0	2	1.0280977469237218	1.6372064593362747	230.0	25	1.05	0.95				
	220	1	55.52778213052632	11.279080745263158	0.0	0.0	2	1.0315231844775914	1.649193572475266	230.0	25	1.05	0.95				
	221	2	0.0	0.0	0.0	0.0	2	1.034603524260284	5.514006196839239	230.0	27	1.05	0.95				
	222	2	0.0	0.0	0.0	0.0	2	1.05	11.917964502737282	230.0	27	1.05	0.95				
	223	2	0.0	0.0	0.0	0.0	2	1.033975386572071	1.9846866400723318	230.0	25	1.05	0.95				
	224	1	0.0	0.0	0.0	0.0	2	1.0118033861028113	-0.6130308104729429	230.0	26	1.05	0.95				
	301	2	52.957924711578954	10.787725404210526	0.0	0.0	3	1.0071540567534258	-28.244123587284783	138.0	31	1.05	0.95				
	302	2	47.56406200947369	9.807023094736843	0.0	0.0	3	1.006640228671391	-28.366413052508886	138.0	32	1.05	0.95				
	303	1	88.26320785263158	18.142992725263156	0.0	0.0	3	1.022970337096059	-22.04950780358332	138.0	31	1.05	0.95				
	304	1	36.28598545052631	7.355267321052632	0.0	0.0	3	1.0087822709457972	-26.68412513735704	138.0	31	1.05	0.95				
	305	1	34.81493198631579	6.8649161663157905	0.0	0.0	3	1.0220281975289711	-27.54950994669293	138.0	31	1.05	0.95				
	306	1	66.68775704421053	13.729832332631581	0.0	-100.0	3	1.038273363730896	-27.728272976633537	138.0	32	1.05	0.95				
	307	2	61.29389434210526	12.258778868421052	0.0	0.0	3	0.9925009411606652	-33.196388371484446	138.0	32	1.05	0.95				
	308	1	83.85004746	17.16229041578947	0.0	0.0	3	0.9967119373888506	-30.933026912902495	138.0	32	1.05	0.95				
	309	1	85.81145207894737	17.652641570526313	0.0	0.0	3	1.0267120255391318	-23.30685721759497	138.0	33	1.05	0.95				
	310	1	95.6184751736842	19.614046189473687	0.0	0.0	3	1.05	-25.27913444728794	138.0	33	1.05	0.95				
	311	1	0.0	0.0	0.0	0.0	3	1.0129929688894428	-18.738028472977305	230.0	33	1.05	0.95				
	312	1	0.0	0.0	0.0	0.0	3	1.014293711878742	-18.20744591550953	230.0	33	1.05	0.95				
	313	2	129.94305600526314	26.478962355789477	0.0	0.0	3	1.017165779081697	-15.1078707447616	230.0	34	1.05	0.95				
	314	2	95.12812401894737	19.123695034736844	0.0	0.0	3	1.0200485068797132	-16.334268454805667	230.0	36	1.05	0.95				
	315	2	155.44131605157895	31.382473903157894	0.0	0.0	3	1.0439180798843075	-10.492224627464122	230.0	36	1.05	0.95				
	316	2	49.03511547368421	9.807023094736843	0.0	0.0	3	1.0429759128022928	-10.025924471821064	230.0	36	1.05	0.95				
	317	1	0.0	0.0	0.0	0.0	3	1.0459366161830035	-7.8591999119873	230.0	37	1.05	0.95				
	318	2	163.28693452736843	33.343878522105264	0.0	0.0	3	1.0458081722646584	-7.448360525804943	230.0	37	1.05	0.95				
	319	1	88.75355900736842	18.142992725263156	0.0	0.0	3	1.039654979225994	-10.998536723682891	230.0	35	1.05	0.95				
	320	1	62.76494780631579	12.749130023157896	0.0	0.0	3	1.0403723197292916	-10.914934912835811	230.0	35	1.05	0.95				
	321	2	0.0	0.0	0.0	0.0	3	1.0482431290426564	-7.0953096851602035	230.0	37	1.05	0.95				
	322	2	0.0	0.0	0.0	0.0	3	1.05	-3.0558479305788366	230.0	37	1.05	0.95				
	323	2	0.0	0.0	0.0	0.0	3	1.0415808814560061	-10.503203374156133	230.0	35	1.05	0.95				
	324	1	0.0	0.0	0.0	0.0	3	1.0215922888128126	-14.779944785704428	230.0	36	1.05	0.95				
	325	1	0.0	0.0	0.0	0.0	3	1.0357464236876808	-8.973487017166502	230.0	35	1.05	0.95				
];
