%% MATPOWER Case Format : Version 2
function mpc = RTS_GMLC
mpc.version = '2';

%%-----  Power Flow Data  -----%%
%% system MVA base
mpc.baseMVA = 100.0;
%% bus data
%    bus_i    type    Pd    Qd    Gs    Bs    area    Vm    Va    baseKV    zone    Vmax    Vmin
mpc.bus = [
	101	2	71.07372587368421	14.477981196491227	0.0	0.0	1	1.0499581861021214	0.7222341052191144	138.0	11	1.05	0.95				
	102	2	63.83473527543859	13.161801087719299	0.0	0.0	1	1.049062789281094	0.4182130888668921	138.0	12	1.05	0.95				
	103	1	118.45620978947369	24.3493320122807	0.0	0.0	1	1.0299156916549508	-1.379195606293705	138.0	11	1.05	0.95				
	104	1	48.6986640245614	9.871350815789473	0.0	0.0	1	1.0271319559748082	-3.1885155684749695	138.0	11	1.05	0.95				
	105	1	46.724393861403506	9.21326076140351	0.0	0.0	1	1.0403499123546511	-3.5139833848025694	138.0	11	1.05	0.95				
	106	1	89.50024739649123	18.42652152280702	0.0	-100.0	1	1.0419595326091022	-6.557425375160527	138.0	12	1.05	0.95				
	107	2	82.26125679824561	16.45225135964912	0.0	0.0	1	1.003644065829307	-13.051305168031968	138.0	12	1.05	0.95				
	108	1	112.53339929999999	23.03315190350877	0.0	0.0	1	0.9986589059387126	-11.78966296081178	138.0	12	1.05	0.95				
	109	1	115.16575951754386	23.691241957894736	0.0	0.0	1	1.0259134286967384	-4.573475141958047	138.0	13	1.05	0.95				
	110	1	128.32756060526316	26.323602175438598	0.0	0.0	1	1.05	-5.821772217588568	138.0	13	1.05	0.95				
	111	1	0.0	0.0	0.0	0.0	1	1.0117339051600547	-1.9107120384539578	230.0	13	1.05	0.95				
	112	1	0.0	0.0	0.0	0.0	1	1.0148619101756373	-1.38294038709246	230.0	13	1.05	0.95				
	113	3	174.3938644122807	35.536862936842105	0.0	0.0	1	1.0117932751025798	2.5219222708459062e-27	230.0	14	1.05	0.95				
	114	2	127.66947055087718	25.66551212105263	0.0	0.0	1	1.0125630835040935	-0.22991454617116444	230.0	16	1.05	0.95				
	115	2	208.6145472403509	42.117763480701754	0.0	0.0	1	1.0429474688622358	6.854994547220664	230.0	16	1.05	0.95				
	116	2	65.80900543859649	13.161801087719299	0.0	0.0	1	1.039706434963691	6.107841635946805	230.0	16	1.05	0.95				
	117	1	0.0	0.0	0.0	0.0	1	1.044517549081662	8.952902967699565	230.0	17	1.05	0.95				
	118	2	219.14398811052632	44.750123698245616	0.0	0.0	1	1.04698843761649	9.346960909242823	230.0	17	1.05	0.95				
	119	1	119.11429984385965	24.3493320122807	0.0	0.0	1	1.0327492029662333	4.6979662091222165	230.0	15	1.05	0.95				
	120	1	84.23552696140351	17.110341414035087	0.0	0.0	1	1.0316717219476437	4.360880520876733	230.0	15	1.05	0.95				
	121	2	0.0	0.0	0.0	0.0	1	1.0499999952628947	10.900824016315257	230.0	17	1.05	0.95				
	122	2	0.0	0.0	0.0	0.0	1	1.05	17.526418916612815	230.0	17	1.05	0.95				
	123	2	0.0	0.0	0.0	0.0	1	1.0326510336089507	4.671172166207623	230.0	15	1.05	0.95				
	124	1	0.0	0.0	0.0	0.0	1	1.0275616252650817	3.7829268548125956	230.0	16	1.05	0.95				
	201	2	73.2353218863158	14.918306310175439	0.0	0.0	2	1.0319390314059098	-11.63772374946482	138.0	21	1.05	0.95				
	202	2	65.77616873122807	13.562096645614035	0.0	0.0	2	1.0324710184473525	-11.59908977939786	138.0	22	1.05	0.95				
	203	1	122.05886981052632	25.08987879438596	0.0	0.0	2	1.0163476526041497	-10.836865331290003	138.0	21	1.05	0.95				
	204	1	50.17975758877192	10.171572484210525	0.0	0.0	2	1.0168265621018153	-12.986270494135505	138.0	21	1.05	0.95				
	205	1	48.14544309192982	9.493467651929825	0.0	0.0	2	1.0324269983305605	-13.221489947503114	138.0	21	1.05	0.95				
	206	1	92.22225719017544	18.98693530385965	0.0	-100.0	2	1.0389081076368918	-14.731234053606853	138.0	22	1.05	0.95				
	207	2	84.76310403508771	16.952620807017542	0.0	0.0	2	0.9757447274294875	-24.784238475327093	138.0	22	1.05	0.95				
	208	1	115.95592632	23.73366912982456	0.0	0.0	2	0.9776183423425416	-21.466676982827693	138.0	22	1.05	0.95				
	209	1	118.66834564912281	24.41177396210526	0.0	0.0	2	1.0251280430961716	-11.364980961622381	138.0	23	1.05	0.95				
	210	1	132.23044229473683	27.12419329122807	0.0	0.0	2	1.05	-12.67950594223873	138.0	23	1.05	0.95				
	211	1	0.0	0.0	0.0	0.0	2	1.0200054171587134	-7.78508868621757	230.0	23	1.05	0.95				
	212	1	0.0	0.0	0.0	0.0	2	1.0216441824710123	-3.077774133836482	230.0	23	1.05	0.95				
	213	2	179.69778055438596	36.6176609431579	0.0	0.0	2	1.0260289741450594	-5.153469782013144	230.0	24	1.05	0.95				
	214	2	131.55233746245614	26.44608845894737	0.0	0.0	2	1.0276203745326808	-5.895893697455903	230.0	26	1.05	0.95				
	215	2	214.95923183298245	43.39870926596491	0.0	0.0	2	1.0382695149670336	1.038739613227533	230.0	26	1.05	0.95				
	216	2	67.81048322807017	13.562096645614035	0.0	0.0	2	1.0396799919175794	0.9509661208553526	230.0	26	1.05	0.95				
	217	1	0.0	0.0	0.0	0.0	2	1.0418112057578188	3.195151755244467	230.0	27	1.05	0.95				
	218	2	225.80890914947366	46.11112859508772	0.0	0.0	2	1.042064309766702	3.269380134397782	230.0	27	1.05	0.95				
	219	1	122.73697464280701	25.08987879438596	0.0	0.0	2	1.039212922485986	1.2253042786013695	230.0	25	1.05	0.95				
	220	1	86.79741853192982	17.630725639298245	0.0	0.0	2	1.0447064338614651	2.740295816080174	230.0	25	1.05	0.95				
	221	2	0.0	0.0	0.0	0.0	2	1.0426239376344484	3.2953716686371126	230.0	27	1.05	0.95				
	222	2	0.0	0.0	0.0	0.0	2	1.05	9.761097458789724	230.0	27	1.05	0.95				
	223	2	0.0	0.0	0.0	0.0	2	1.0499999986464226	4.0601045957847415	230.0	25	1.05	0.95				
	224	1	0.0	0.0	0.0	0.0	2	1.0152401287477149	-3.363187132519027	230.0	26	1.05	0.95				
	301	2	71.39069912842105	14.542549822456142	0.0	0.0	3	1.0040509003414504	-7.186438837501356	138.0	31	1.05	0.95				
	302	2	64.11942421719297	13.220499838596492	0.0	0.0	3	1.0036921940915404	-7.289758607148219	138.0	32	1.05	0.95				
	303	1	118.98449854736843	24.457924701403506	0.0	0.0	3	1.0202805909710881	-1.2261441285371288	138.0	31	1.05	0.95				
	304	1	48.91584940280701	9.915374878947368	0.0	0.0	3	1.0038978638485399	-4.923689569333752	138.0	31	1.05	0.95				
	305	1	46.93277442701754	9.254349887017545	0.0	0.0	3	1.0171550067223631	-5.545589165267935	138.0	31	1.05	0.95				
	306	1	89.89939890245616	18.50869977403509	0.0	-100.0	3	1.0320958748154747	-5.352470899710556	138.0	32	1.05	0.95				
	307	2	82.62812399122808	16.525624798245612	0.0	0.0	3	0.9949661268077755	-11.097791750417235	138.0	32	1.05	0.95				
	308	1	113.03527361999998	23.135874717543857	0.0	0.0	3	0.9971448074151495	-7.996026337841606	138.0	32	1.05	0.95				
	309	1	115.6793735877193	23.796899709473685	0.0	0.0	3	1.0282884644546564	-0.3062875215263429	138.0	33	1.05	0.95				
	310	1	128.8998734263158	26.440999677192984	0.0	0.0	3	1.05	-1.7880309862252957	138.0	33	1.05	0.95				
	311	1	0.0	0.0	0.0	0.0	3	1.0187269061447546	5.52192850556618	230.0	33	1.05	0.95				
	312	1	0.0	0.0	0.0	0.0	3	1.0208946233935874	6.226575929674677	230.0	33	1.05	0.95				
	313	2	175.1716228614035	35.695349564210524	0.0	0.0	3	1.0367086950584459	11.672773911643867	230.0	34	1.05	0.95				
	314	2	128.23884843438594	25.779974685263156	0.0	0.0	3	1.0251602731308374	6.594652561079026	230.0	36	1.05	0.95				
	315	2	209.5449224417544	42.30559948350877	0.0	0.0	3	1.0403089525540898	5.790045710909612	230.0	36	1.05	0.95				
	316	2	66.10249919298245	13.220499838596492	0.0	0.0	3	1.0405375164682698	6.958193783925594	230.0	36	1.05	0.95				
	317	1	0.0	0.0	0.0	0.0	3	1.0481246512092588	8.892516134308888	230.0	37	1.05	0.95				
	318	2	220.12132231263158	44.94969945122808	0.0	0.0	3	1.0448994377529797	7.0565027737671855	230.0	37	1.05	0.95				
	319	1	119.64552353929825	24.457924701403506	0.0	0.0	3	1.037790467540611	7.93158487952689	230.0	35	1.05	0.95				
	320	1	84.61119896701754	17.18664979017544	0.0	0.0	3	1.0376528093112152	8.606008070475653	230.0	35	1.05	0.95				
	321	2	0.0	0.0	0.0	0.0	3	1.0444063724600225	7.2362750640338325	230.0	37	1.05	0.95				
	322	2	0.0	0.0	0.0	0.0	3	1.05	12.223179176311085	230.0	37	1.05	0.95				
	323	2	0.0	0.0	0.0	0.0	3	1.037792200161769	8.869560183986533	230.0	35	1.05	0.95				
	324	1	0.0	0.0	0.0	0.0	3	1.026051305850914	5.02528157378424	230.0	36	1.05	0.95				
	325	1	0.0	0.0	0.0	0.0	3	1.0392819005160976	9.047257977729531	230.0	35	1.05	0.95				
];
