%% MATPOWER Case Format : Version 2
function mpc = RTS_GMLC
mpc.version = '2';

%%-----  Power Flow Data  -----%%
%% system MVA base
mpc.baseMVA = 100.0;
%% bus data
%    bus_i    type    Pd    Qd    Gs    Bs    area    Vm    Va    baseKV    zone    Vmax    Vmin
mpc.bus = [
	101	2	44.98218704842105	9.16303810245614	0.0	0.0	1	1.0035234140246858	-3.479065362062973	138.0	11	1.05	0.95				
	102	2	40.40066799719298	8.33003463859649	0.0	0.0	1	1.0028483676068203	-3.694257641657089	138.0	12	1.05	0.95				
	103	1	74.97031174736843	15.410564081403507	0.0	0.0	1	1.0269891727259828	-0.4483977263970577	138.0	11	1.05	0.95				
	104	1	30.821128162807014	6.247525978947368	0.0	0.0	1	1.0124378937874547	-4.037847401065627	138.0	11	1.05	0.95				
	105	1	29.57162296701754	5.8310242470175435	0.0	0.0	1	1.0214842268806426	-5.0696069666980925	138.0	11	1.05	0.95				
	106	1	56.644235542456144	11.662048494035087	0.0	-100.0	1	1.039243106495209	-6.425954013279911	138.0	12	1.05	0.95				
	107	2	52.062716491228066	10.412543298245613	0.0	0.0	1	0.9886680039522977	-10.591044611890874	138.0	12	1.05	0.95				
	108	1	71.22179616	14.577560617543858	0.0	0.0	1	0.9983143065435895	-9.29475980751584	138.0	12	1.05	0.95				
	109	1	72.88780308771929	14.994062349473683	0.0	0.0	1	1.0267961052545331	-3.6462461647720557	138.0	13	1.05	0.95				
	110	1	81.21783772631578	16.66006927719298	0.0	0.0	1	1.05	-5.2980060194329734	138.0	13	1.05	0.95				
	111	1	0.0	0.0	0.0	0.0	1	1.016740043935086	-0.9930195147029528	230.0	13	1.05	0.95				
	112	1	0.0	0.0	0.0	0.0	1	1.0134323225056376	-1.6313710224866018	230.0	13	1.05	0.95				
	113	3	110.37295896140348	22.491093524210527	0.0	0.0	1	1.0002018978532061	-2.5656647593457535e-28	230.0	14	1.05	0.95				
	114	2	80.80133599438597	16.243567545263158	0.0	0.0	1	1.0374253186693203	1.6123546635648123	230.0	16	1.05	0.95				
	115	2	132.03104902175437	26.656110843508774	0.0	0.0	1	1.0418493934037374	9.13902213355769	230.0	16	1.05	0.95				
	116	2	41.65017319298245	8.33003463859649	0.0	0.0	1	1.042121656816316	7.920679536425827	230.0	16	1.05	0.95				
	117	1	0.0	0.0	0.0	0.0	1	1.0404800264939607	13.062270441505312	230.0	17	1.05	0.95				
	118	2	138.69507673263158	28.322117771228072	0.0	0.0	1	1.0472133391748049	13.293322716267133	230.0	17	1.05	0.95				
	119	1	75.38681347929824	15.410564081403507	0.0	0.0	1	1.036955527643736	4.785592843487563	230.0	15	1.05	0.95				
	120	1	53.31222168701755	10.829045030175438	0.0	0.0	1	1.0369117319436865	2.6423226209108766	230.0	15	1.05	0.95				
	121	2	0.0	0.0	0.0	0.0	1	1.0391548489931637	14.416209392771517	230.0	17	1.05	0.95				
	122	2	0.0	0.0	0.0	0.0	1	1.05	32.410634196420276	230.0	17	1.05	0.95				
	123	2	0.0	0.0	0.0	0.0	1	1.037615364410845	1.7773598443681342	230.0	15	1.05	0.95				
	124	1	0.0	0.0	0.0	0.0	1	1.0242706072907084	5.5650256016852095	230.0	16	1.05	0.95				
	201	2	41.25861795789474	8.404533287719298	0.0	0.0	2	1.0068423045859312	-12.553275546408416	138.0	21	1.05	0.95				
	202	2	37.05635131403508	7.640484807017545	0.0	0.0	2	1.0058345235404549	-12.81229905227227	138.0	22	1.05	0.95				
	203	1	68.76436326315789	14.134896892982454	0.0	0.0	2	1.013506352481373	-9.570539196770365	138.0	21	1.05	0.95				
	204	1	28.269793785964907	5.7303636052631575	0.0	0.0	2	1.009783263076482	-12.459238913585956	138.0	21	1.05	0.95				
	205	1	27.123721064912274	5.348339364912281	0.0	0.0	2	1.0237534015208234	-12.805931405152343	138.0	21	1.05	0.95				
	206	1	51.9552966877193	10.696678729824562	0.0	-100.0	2	1.0412675508999607	-13.43716659138083	138.0	22	1.05	0.95				
	207	2	47.753030043859646	9.55060600877193	0.0	0.0	2	0.9901162234171411	-17.934036324713915	138.0	22	1.05	0.95				
	208	1	65.3261451	13.3708484122807	0.0	0.0	2	0.9992564150173417	-16.26190359513084	138.0	22	1.05	0.95				
	209	1	66.8542420614035	13.752872652631579	0.0	0.0	2	1.0237848336065891	-10.583828116416257	138.0	23	1.05	0.95				
	210	1	74.49472686842104	15.28096961403509	0.0	0.0	2	1.05	-11.822264412961266	138.0	23	1.05	0.95				
	211	1	0.0	0.0	0.0	0.0	2	1.0046988197623592	-7.999875041405403	230.0	23	1.05	0.95				
	212	1	0.0	0.0	0.0	0.0	2	1.0142503677727692	-5.986401738851894	230.0	23	1.05	0.95				
	213	2	101.23642369298244	20.62930897894737	0.0	0.0	2	1.0027180234683337	-6.36679959050692	230.0	24	1.05	0.95				
	214	2	74.11270262807017	14.89894537368421	0.0	0.0	2	1.0010469674997038	-6.095660335004192	230.0	26	1.05	0.95				
	215	2	121.10168419122806	24.44955138245614	0.0	0.0	2	1.02621016775337	-0.4391917654641039	230.0	26	1.05	0.95				
	216	2	38.20242403508772	7.640484807017545	0.0	0.0	2	1.0278122636601588	-1.1780685953398606	230.0	26	1.05	0.95				
	217	1	0.0	0.0	0.0	0.0	2	1.0337553019068104	0.39934404468756657	230.0	27	1.05	0.95				
	218	2	127.2140720368421	25.97764834385965	0.0	0.0	2	1.032188767229949	0.10174498845676819	230.0	27	1.05	0.95				
	219	1	69.14638750350876	14.134896892982454	0.0	0.0	2	1.0336408613447658	-1.2221854334730236	230.0	25	1.05	0.95				
	220	1	48.89910276491228	9.932630249122806	0.0	0.0	2	1.0409715797469388	-0.5256559296453693	230.0	25	1.05	0.95				
	221	2	0.0	0.0	0.0	0.0	2	1.0330023639822312	0.7114622751588812	230.0	27	1.05	0.95				
	222	2	0.0	0.0	0.0	0.0	2	1.0499999994562093	7.084644253365973	230.0	27	1.05	0.95				
	223	2	0.0	0.0	0.0	0.0	2	1.045475600069037	0.13751159950696965	230.0	25	1.05	0.95				
	224	1	0.0	0.0	0.0	0.0	2	1.0101381496474264	-3.8489702931697547	230.0	26	1.05	0.95				
	301	2	54.51249603789473	11.104397341052632	0.0	0.0	3	1.0192793937053566	13.06310660379449	138.0	31	1.05	0.95				
	302	2	48.96029736736842	10.09490667368421	0.0	0.0	3	1.016199981978001	12.702578921909582	138.0	32	1.05	0.95				
	303	1	90.85416006315789	18.675577346315787	0.0	0.0	3	1.05	28.67761815457182	138.0	31	1.05	0.95				
	304	1	37.351154692631575	7.571180005263158	0.0	0.0	3	1.0057549926082774	14.150075084253132	138.0	31	1.05	0.95				
	305	1	35.836918691578944	7.066434671578947	0.0	0.0	3	1.024156128888845	11.83856643666815	138.0	31	1.05	0.95				
	306	1	68.64536538105263	14.132869343157894	0.0	-100.0	3	1.0334330550255495	10.557052155682445	138.0	32	1.05	0.95				
	307	2	63.09316671052632	12.618633342105262	0.0	0.0	3	0.95	5.593474844511912	138.0	32	1.05	0.95				
	308	1	86.31145206	17.666086678947366	0.0	0.0	3	0.966206063969977	7.92211552354041	138.0	32	1.05	0.95				
	309	1	88.33043339473683	18.17083201263158	0.0	0.0	3	1.0137631149693465	17.455408118724563	138.0	33	1.05	0.95				
	310	1	98.42534006842104	20.18981334736842	0.0	0.0	3	1.0414222316651685	12.233664151096411	138.0	33	1.05	0.95				
	311	1	0.0	0.0	0.0	0.0	3	1.0019162596392777	16.33722396932005	230.0	33	1.05	0.95				
	312	1	0.0	0.0	0.0	0.0	3	1.0074054966287012	16.259139999811165	230.0	33	1.05	0.95				
	313	2	133.75751342631577	27.256248018947364	0.0	0.0	3	1.0001977621034934	16.236678831684216	230.0	34	1.05	0.95				
	314	2	97.92059473473684	19.68506801368421	0.0	0.0	3	1.000653696872695	18.018314700757756	230.0	36	1.05	0.95				
	315	2	160.00427077789473	32.30370135578947	0.0	0.0	3	1.0499942157881623	21.645235477018833	230.0	36	1.05	0.95				
	316	2	50.47453336842105	10.09490667368421	0.0	0.0	3	1.0379512918168743	21.40570173798741	230.0	36	1.05	0.95				
	317	1	0.0	0.0	0.0	0.0	3	1.05	25.934330624796406	230.0	37	1.05	0.95				
	318	2	168.08019611684207	34.322682690526314	0.0	0.0	3	1.0443647924980546	22.26230337544772	230.0	37	1.05	0.95				
	319	1	91.3589053968421	18.675577346315787	0.0	0.0	3	1.028502586337896	20.14481595943643	230.0	35	1.05	0.95				
	320	1	64.60740271157894	13.123378675789473	0.0	0.0	3	1.0216178491550754	18.68177908025648	230.0	35	1.05	0.95				
	321	2	0.0	0.0	0.0	0.0	3	1.0472920816909603	22.737660470125082	230.0	37	1.05	0.95				
	322	2	0.0	0.0	0.0	0.0	3	1.049999961396686	28.33725284265337	230.0	37	1.05	0.95				
	323	2	0.0	0.0	0.0	0.0	3	1.0180360938489512	17.9261108086083	230.0	35	1.05	0.95				
	324	1	0.0	0.0	0.0	0.0	3	1.0480417283756527	24.767205209763244	230.0	36	1.05	0.95				
	325	1	0.0	0.0	0.0	0.0	3	1.02111445412251	17.636327627592447	230.0	35	1.05	0.95				
];
