%% MATPOWER Case Format : Version 2
function mpc = RTS_GMLC
mpc.version = '2';

%%-----  Power Flow Data  -----%%
%% system MVA base
mpc.baseMVA = 100.0;
%% bus data
%    bus_i    type    Pd    Qd    Gs    Bs    area    Vm    Va    baseKV    zone    Vmax    Vmin
mpc.bus = [
	101	2	60.13211282526315	12.249134094035087	0.0	0.0	1	1.030983617658338	-0.4599037218950836	138.0	11	1.05	0.95				
	102	2	54.0075457782456	11.135576449122807	0.0	0.0	1	1.0283804490149175	-1.171155132980566	138.0	12	1.05	0.95				
	103	1	100.22018804210526	20.60081643087719	0.0	0.0	1	1.0233101693433824	1.3816959726955693	138.0	11	1.05	0.95				
	104	1	41.20163286175438	8.351682336842105	0.0	0.0	1	1.0187582510852886	-3.2072451204596164	138.0	11	1.05	0.95				
	105	1	39.53129639438596	7.794903514385965	0.0	0.0	1	1.0328618580350997	-3.6668788268243167	138.0	11	1.05	0.95				
	106	1	75.7219198540351	15.58980702877193	0.0	-100.0	1	1.0407918020654512	-6.140241021353847	138.0	12	1.05	0.95				
	107	2	69.59735280701753	13.919470561403507	0.0	0.0	1	0.9974280708471583	-13.094387541427924	138.0	12	1.05	0.95				
	108	1	95.20917863999999	19.487258785964908	0.0	0.0	1	0.9970288485020883	-11.096840554917137	138.0	12	1.05	0.95				
	109	1	97.43629392982456	20.04403760842105	0.0	0.0	1	1.0237952799600283	-3.4209402234990907	138.0	13	1.05	0.95				
	110	1	108.57187037894735	22.271152898245614	0.0	0.0	1	1.05	-5.154237173373025	138.0	13	1.05	0.95				
	111	1	0.0	0.0	0.0	0.0	1	1.014038525149795	-0.3366967846372249	230.0	13	1.05	0.95				
	112	1	0.0	0.0	0.0	0.0	1	1.013728442420312	-1.3096068178281435	230.0	13	1.05	0.95				
	113	3	147.54638795087718	30.066056412631575	0.0	0.0	1	1.0081387302086116	-4.1198961915668654e-31	230.0	14	1.05	0.95				
	114	2	108.0150915564912	21.714374075789472	0.0	0.0	1	1.0263692822146486	3.318958962138717	230.0	16	1.05	0.95				
	115	2	176.49888671859648	35.63384463719298	0.0	0.0	1	1.0362219524861058	14.001779009997723	230.0	16	1.05	0.95				
	116	2	55.67788224561403	11.135576449122807	0.0	0.0	1	1.0323183071490591	11.989388555473644	230.0	16	1.05	0.95				
	117	1	0.0	0.0	0.0	0.0	1	1.0371426548258285	18.665619950210083	230.0	17	1.05	0.95				
	118	2	185.40734787789472	37.86095992701755	0.0	0.0	1	1.05	19.50999424703207	230.0	17	1.05	0.95				
	119	1	100.77696686456139	20.60081643087719	0.0	0.0	1	1.0241598220052095	7.445459199425246	230.0	15	1.05	0.95				
	120	1	71.26768927438596	14.476249383859649	0.0	0.0	1	1.0255390515250014	4.3178696266873775	230.0	15	1.05	0.95				
	121	2	0.0	0.0	0.0	0.0	1	1.05	21.421041268646725	230.0	17	1.05	0.95				
	122	2	0.0	0.0	0.0	0.0	1	1.05	39.313705313168946	230.0	17	1.05	0.95				
	123	2	0.0	0.0	0.0	0.0	1	1.0281958265630269	3.0270280147143116	230.0	15	1.05	0.95				
	124	1	0.0	0.0	0.0	0.0	1	1.0155660393641768	9.28292719253251	230.0	16	1.05	0.95				
	201	2	55.793483393684205	11.36533920982456	0.0	0.0	2	1.0119693002154273	-15.709299586531701	138.0	21	1.05	0.95				
	202	2	50.11081378877192	10.332126554385964	0.0	0.0	2	1.0111435892427072	-15.978342958872618	138.0	22	1.05	0.95				
	203	1	92.98913898947367	19.114434125614032	0.0	0.0	2	1.0138439241546107	-11.69178515038688	138.0	21	1.05	0.95				
	204	1	38.228868251228064	7.749094915789471	0.0	0.0	2	1.0096846486886424	-15.005935773096091	138.0	21	1.05	0.95				
	205	1	36.679049268070166	7.232488588070176	0.0	0.0	2	1.0243050452205302	-15.485786159270214	138.0	21	1.05	0.95				
	206	1	70.25846056982455	14.464977176140351	0.0	-100.0	2	1.0386548356949588	-15.96830813792165	138.0	22	1.05	0.95				
	207	2	64.57579096491227	12.915158192982453	0.0	0.0	2	0.9938722172976165	-22.314010960066806	138.0	22	1.05	0.95				
	208	1	88.33968203999999	18.081221470175436	0.0	0.0	2	0.9959546671626655	-19.894357768795274	138.0	22	1.05	0.95				
	209	1	90.40610735087718	18.597827797894734	0.0	0.0	2	1.0248858153254268	-12.086405999435266	138.0	23	1.05	0.95				
	210	1	100.73823390526313	20.664253108771927	0.0	0.0	2	1.05	-13.602846426202083	138.0	23	1.05	0.95				
	211	1	0.0	0.0	0.0	0.0	2	1.0119634961163217	-8.75074196635712	230.0	23	1.05	0.95				
	212	1	0.0	0.0	0.0	0.0	2	1.0162084703428058	-4.803414713102083	230.0	23	1.05	0.95				
	213	2	136.900676845614	27.896741696842103	0.0	0.0	2	1.0134319945489485	-6.264190897634608	230.0	24	1.05	0.95				
	214	2	100.22162757754384	20.14764678105263	0.0	0.0	2	1.0151649999226964	-6.780473980575821	230.0	26	1.05	0.95				
	215	2	163.7642058870175	33.06280497403508	0.0	0.0	2	1.030755617288754	-0.6018988644667939	230.0	26	1.05	0.95				
	216	2	51.66063277192981	10.332126554385964	0.0	0.0	2	1.0316207413423337	-0.8320077783895271	230.0	26	1.05	0.95				
	217	1	0.0	0.0	0.0	0.0	2	1.0343883276481134	0.5111594939148204	230.0	27	1.05	0.95				
	218	2	172.02990713052628	35.129230284912275	0.0	0.0	2	1.0330771335135498	-0.09634012628219256	230.0	27	1.05	0.95				
	219	1	93.50574531719296	19.114434125614032	0.0	0.0	2	1.0326530471984119	-0.5336543828230771	230.0	25	1.05	0.95				
	220	1	66.12560994807016	13.431764520701753	0.0	0.0	2	1.0375289121135194	0.7143470087026196	230.0	25	1.05	0.95				
	221	2	0.0	0.0	0.0	0.0	2	1.0349720731495295	0.5373505561521054	230.0	27	1.05	0.95				
	222	2	0.0	0.0	0.0	0.0	2	1.05	7.024441589534123	230.0	27	1.05	0.95				
	223	2	0.0	0.0	0.0	0.0	2	1.0415757009997553	1.7801057280802035	230.0	25	1.05	0.95				
	224	1	0.0	0.0	0.0	0.0	2	1.010716807256311	-4.7304403227430925	230.0	26	1.05	0.95				
	301	2	62.01202149473685	12.632078452631578	0.0	0.0	3	1.0032340396683181	6.305427991991692	138.0	31	1.05	0.95				
	302	2	55.69598226842105	11.483707684210527	0.0	0.0	3	1.0028539749862113	6.205347973754164	138.0	32	1.05	0.95				
	303	1	103.35336915789475	21.244859215789475	0.0	0.0	3	1.0221007823045407	11.416517612424835	138.0	31	1.05	0.95				
	304	1	42.48971843157895	8.612780763157895	0.0	0.0	3	1.0050595410756813	8.055036324496475	138.0	31	1.05	0.95				
	305	1	40.76716227894737	8.038595378947369	0.0	0.0	3	1.0182758096193762	7.7349638647416725	138.0	31	1.05	0.95				
	306	1	78.0892122526316	16.077190757894737	0.0	-100.0	3	1.0346376285578132	7.884171765070764	138.0	32	1.05	0.95				
	307	2	71.77317302631579	14.354634605263158	0.0	0.0	3	0.9933582003764213	2.6486999543689977	138.0	32	1.05	0.95				
	308	1	98.1857007	20.096488447368422	0.0	0.0	3	0.9983504970906139	5.293973929929893	138.0	32	1.05	0.95				
	309	1	100.4824422368421	20.67067383157895	0.0	0.0	3	1.0266954613365822	11.908600274850196	138.0	33	1.05	0.95				
	310	1	111.96614992105263	22.967415368421054	0.0	0.0	3	1.05	11.002899315513636	138.0	33	1.05	0.95				
	311	1	0.0	0.0	0.0	0.0	3	1.0138775125428419	17.46941738222096	230.0	33	1.05	0.95				
	312	1	0.0	0.0	0.0	0.0	3	1.0171475003903827	18.09551306586279	230.0	33	1.05	0.95				
	313	2	152.15912681578948	31.006010747368425	0.0	0.0	3	1.0276607541081575	23.374870906805626	230.0	34	1.05	0.95				
	314	2	111.3919645368421	22.393229984210528	0.0	0.0	3	1.01726309142337	18.280857816951244	230.0	36	1.05	0.95				
	315	2	182.01676679473684	36.747864589473686	0.0	0.0	3	1.0378573048927713	17.347410104359863	230.0	36	1.05	0.95				
	316	2	57.41853842105263	11.483707684210527	0.0	0.0	3	1.0365845539709921	18.399402955266275	230.0	36	1.05	0.95				
	317	1	0.0	0.0	0.0	0.0	3	1.05	21.18234267609106	230.0	37	1.05	0.95				
	318	2	191.20373294210526	39.0446061263158	0.0	0.0	3	1.0468839739968887	18.02867203796679	230.0	37	1.05	0.95				
	319	1	103.92755454210527	21.244859215789475	0.0	0.0	3	1.033494638929643	19.319269306748076	230.0	35	1.05	0.95				
	320	1	73.49572917894737	14.928819989473684	0.0	0.0	3	1.0324032711912017	19.933179278843518	230.0	35	1.05	0.95				
	321	2	0.0	0.0	0.0	0.0	3	1.0447495930120692	18.46304772130448	230.0	37	1.05	0.95				
	322	2	0.0	0.0	0.0	0.0	3	1.05	23.871950613074645	230.0	37	1.05	0.95				
	323	2	0.0	0.0	0.0	0.0	3	1.03191207262087	20.218539439369177	230.0	35	1.05	0.95				
	324	1	0.0	0.0	0.0	0.0	3	1.0261292313815444	16.86965945902675	230.0	36	1.05	0.95				
	325	1	0.0	0.0	0.0	0.0	3	1.0340672989951871	20.329878747749568	230.0	35	1.05	0.95				
];
