%% MATPOWER Case Format : Version 2
function mpc = RTS_GMLC
mpc.version = '2';

%%-----  Power Flow Data  -----%%
%% system MVA base
mpc.baseMVA = 100.0;
%% bus data
%    bus_i    type    Pd    Qd    Gs    Bs    area    Vm    Va    baseKV    zone    Vmax    Vmin
mpc.bus = [
	101	2	41.21474517473685	8.395596239298246	0.0	0.0	1	1.0134684277348334	-4.698955523596037	138.0	11	1.05	0.95				
	102	2	37.01694705508772	7.63236021754386	0.0	0.0	1	1.0132735037056548	-4.878983265992635	138.0	12	1.05	0.95				
	103	1	68.69124195789475	14.119866402456141	0.0	0.0	1	1.0008325289516284	-2.1101884884018256	138.0	11	1.05	0.95				
	104	1	28.239732804912283	5.724270163157895	0.0	0.0	1	1.0039390019779328	-4.873449465864202	138.0	11	1.05	0.95				
	105	1	27.0948787722807	5.342652152280703	0.0	0.0	1	1.0171187557010604	-5.787888746447207	138.0	11	1.05	0.95				
	106	1	51.90004947929825	10.685304304561406	0.0	-100.0	1	1.0271534290426088	-6.861729056228825	138.0	12	1.05	0.95				
	107	2	47.702251359649125	9.540450271929824	0.0	0.0	1	0.9836027613326297	-8.485586941164689	138.0	12	1.05	0.95				
	108	1	65.25667986	13.356630380701754	0.0	0.0	1	0.9876770829714089	-8.235119394735369	138.0	12	1.05	0.95				
	109	1	66.78315190350878	13.738248391578948	0.0	0.0	1	1.0022245487479255	-4.2110915405402	138.0	13	1.05	0.95				
	110	1	74.41551212105263	15.26472043508772	0.0	0.0	1	1.029692191198954	-5.6308610213843755	138.0	13	1.05	0.95				
	111	1	0.0	0.0	0.0	0.0	1	0.979527506669958	-1.8921490260571907	230.0	13	1.05	0.95				
	112	1	0.0	0.0	0.0	0.0	1	0.9809945790381189	-1.987691685756879	230.0	13	1.05	0.95				
	113	3	101.12877288245615	20.607372587368424	0.0	0.0	1	0.9617810623714482	-2.3938298265787818e-29	230.0	14	1.05	0.95				
	114	2	74.03389411017544	14.883102424210525	0.0	0.0	1	0.9844097909359583	-0.3273696342544258	230.0	16	1.05	0.95				
	115	2	120.97290944807017	24.42355269614035	0.0	0.0	1	0.9878155976636437	5.368884316654364	230.0	16	1.05	0.95				
	116	2	38.1618010877193	7.63236021754386	0.0	0.0	1	0.988307704898554	4.480929669592281	230.0	16	1.05	0.95				
	117	1	0.0	0.0	0.0	0.0	1	0.993563267916165	7.940240224171049	230.0	17	1.05	0.95				
	118	2	127.07879762210527	25.950024739649123	0.0	0.0	1	0.9950396974921122	8.447711417778402	230.0	17	1.05	0.95				
	119	1	69.07285996877194	14.119866402456141	0.0	0.0	1	0.9886355942205258	2.5986180976199846	230.0	15	1.05	0.95				
	120	1	48.8471053922807	9.922068282807018	0.0	0.0	1	0.9916019518990451	1.4964878098634298	230.0	15	1.05	0.95				
	121	2	0.0	0.0	0.0	0.0	1	0.9947815520230288	9.72051098917591	230.0	17	1.05	0.95				
	122	2	0.0	0.0	0.0	0.0	1	1.0157842801484391	17.965840270134123	230.0	17	1.05	0.95				
	123	2	0.0	0.0	0.0	0.0	1	0.9936646872913295	1.2063157944898268	230.0	15	1.05	0.95				
	124	1	0.0	0.0	0.0	0.0	1	0.9835200689487257	2.4971120173336816	230.0	16	1.05	0.95				
	201	2	35.85266802947369	7.303321265263158	0.0	0.0	2	1.0137362156328507	-5.933223768262715	138.0	21	1.05	0.95				
	202	2	32.2010073968421	6.639382968421052	0.0	0.0	2	1.0125092740325594	-6.104142644364547	138.0	22	1.05	0.95				
	203	1	59.75444671578948	12.282858491578947	0.0	0.0	2	0.9990358246586668	-4.712973154796661	138.0	21	1.05	0.95				
	204	1	24.565716983157895	4.97953722631579	0.0	0.0	2	1.005359011859632	-5.530402171019838	138.0	21	1.05	0.95				
	205	1	23.569809537894734	4.6475680778947375	0.0	0.0	2	1.0214559543299884	-5.716556732672063	138.0	21	1.05	0.95				
	206	1	45.14780418526316	9.295136155789475	0.0	-100.0	2	1.0342100588504273	-6.040505357887189	138.0	22	1.05	0.95				
	207	2	41.49614355263158	8.299228710526316	0.0	0.0	2	0.9723032449487464	-9.897064091099901	138.0	22	1.05	0.95				
	208	1	56.76672438	11.618920194736841	0.0	0.0	2	0.9847360306408047	-8.462994059844831	138.0	22	1.05	0.95				
	209	1	58.09460097368421	11.950889343157895	0.0	0.0	2	1.008598166463513	-3.643077548470875	138.0	23	1.05	0.95				
	210	1	64.73398394210527	13.278765936842104	0.0	0.0	2	1.036941131784562	-4.403395954661994	138.0	23	1.05	0.95				
	211	1	0.0	0.0	0.0	0.0	2	0.9858479130385724	-1.5720192470230507	230.0	23	1.05	0.95				
	212	1	0.0	0.0	0.0	0.0	2	0.9895112975043402	2.1071530975463966	230.0	23	1.05	0.95				
	213	2	87.97182433157894	17.926334014736845	0.0	0.0	2	0.9805259323587608	0.5470637994164893	230.0	24	1.05	0.95				
	214	2	64.4020147936842	12.946796788421052	0.0	0.0	2	0.9778963995183678	-0.8036575030971345	230.0	26	1.05	0.95				
	215	2	105.23422004947366	21.24602549894737	0.0	0.0	2	0.9891224888045983	2.648447669752825	230.0	26	1.05	0.95				
	216	2	33.196914842105265	6.639382968421052	0.0	0.0	2	0.9865139192001163	2.431640548073661	230.0	26	1.05	0.95				
	217	1	0.0	0.0	0.0	0.0	2	0.9962968863890683	3.0311874030901116	230.0	27	1.05	0.95				
	218	2	110.54572642421053	22.57390209263158	0.0	0.0	2	0.997103242940981	2.846765491794344	230.0	27	1.05	0.95				
	219	1	60.08641586421053	12.282858491578947	0.0	0.0	2	0.9814521969520608	3.299329758833038	230.0	25	1.05	0.95				
	220	1	42.49205099789474	8.631197858947369	0.0	0.0	2	0.9793291581433947	4.771121695723882	230.0	25	1.05	0.95				
	221	2	0.0	0.0	0.0	0.0	2	0.9991540781813012	3.5076980897019054	230.0	27	1.05	0.95				
	222	2	0.0	0.0	0.0	0.0	2	1.017188073664884	9.418617677143622	230.0	27	1.05	0.95				
	223	2	0.0	0.0	0.0	0.0	2	0.9789030637158217	5.867183466781799	230.0	25	1.05	0.95				
	224	1	0.0	0.0	0.0	0.0	2	0.9837634084098443	-0.16821759267076208	230.0	26	1.05	0.95				
	301	2	49.09712115789474	10.001265421052633	0.0	0.0	3	1.0084083247079059	27.478060954461608	138.0	31	1.05	0.95				
	302	2	44.09648844736842	9.09205947368421	0.0	0.0	3	1.0089734408203588	27.074854180504374	138.0	32	1.05	0.95				
	303	1	81.8285352631579	16.82031002631579	0.0	0.0	3	1.0187932741108954	42.30753246293609	138.0	31	1.05	0.95				
	304	1	33.64062005263158	6.819044605263159	0.0	0.0	3	0.9966197516175661	27.907326965714418	138.0	31	1.05	0.95				
	305	1	32.276811131578945	6.3644416315789485	0.0	0.0	3	1.0162189662133105	26.51701302974895	138.0	31	1.05	0.95				
	306	1	61.82600442105264	12.728883263157897	0.0	-100.0	3	1.028309519268951	25.408103243026627	138.0	32	1.05	0.95				
	307	2	56.82537171052632	11.365074342105263	0.0	0.0	3	0.9665076445321527	21.695532543853815	138.0	32	1.05	0.95				
	308	1	77.73710849999999	15.91110407894737	0.0	0.0	3	0.9775402261099495	23.783086119323215	138.0	32	1.05	0.95				
	309	1	79.55552039473685	16.365707052631578	0.0	0.0	3	1.0006672395738776	30.547453046741165	138.0	33	1.05	0.95				
	310	1	88.64757986842106	18.18411894736842	0.0	0.0	3	1.0351742467106086	27.043833679076382	138.0	33	1.05	0.95				
	311	1	0.0	0.0	0.0	0.0	3	0.9899413987031599	30.338852837669798	230.0	33	1.05	0.95				
	312	1	0.0	0.0	0.0	0.0	3	0.9961849864782437	30.051018534508792	230.0	33	1.05	0.95				
	313	2	120.46978802631578	24.54856057894737	0.0	0.0	3	0.9944128503356421	31.97897223298789	230.0	34	1.05	0.95				
	314	2	88.19297689473684	17.72951597368421	0.0	0.0	3	0.9803314956292232	30.551004209630914	230.0	36	1.05	0.95				
	315	2	144.10914265789475	29.094590315789475	0.0	0.0	3	0.9908439668664327	29.03686980732289	230.0	36	1.05	0.95				
	316	2	45.46029736842105	9.09205947368421	0.0	0.0	3	0.9798195401684334	28.798789516335862	230.0	36	1.05	0.95				
	317	1	0.0	0.0	0.0	0.0	3	0.9962069099147921	29.84324690783415	230.0	37	1.05	0.95				
	318	2	151.3827902368421	30.91300221052632	0.0	0.0	3	0.9944429301765911	27.108748777864	230.0	37	1.05	0.95				
	319	1	82.2831382368421	16.82031002631579	0.0	0.0	3	0.9841310779514422	28.199504779179787	230.0	35	1.05	0.95				
	320	1	58.18918063157895	11.819677315789475	0.0	0.0	3	0.9883137844743769	27.153012456349593	230.0	35	1.05	0.95				
	321	2	0.0	0.0	0.0	0.0	3	1.0013262341384983	28.30394131717824	230.0	37	1.05	0.95				
	322	2	0.0	0.0	0.0	0.0	3	1.018011531176496	32.79941437726169	230.0	37	1.05	0.95				
	323	2	0.0	0.0	0.0	0.0	3	0.9903524479441773	26.483728324837763	230.0	35	1.05	0.95				
	324	1	0.0	0.0	0.0	0.0	3	0.9994651241682297	35.80733127706254	230.0	36	1.05	0.95				
	325	1	0.0	0.0	0.0	0.0	3	0.9910331706712956	25.0705828238101	230.0	35	1.05	0.95				
];
