%% MATPOWER Case Format : Version 2
function mpc = RTS_GMLC
mpc.version = '2';

%%-----  Power Flow Data  -----%%
%% system MVA base
mpc.baseMVA = 100.0;
%% bus data
%    bus_i    type    Pd    Qd    Gs    Bs    area    Vm    Va    baseKV    zone    Vmax    Vmin
mpc.bus = [
	101	2	58.00791687157895	11.816427510877194	0.0	0.0	1	1.0395211839815413	0.9500143671314633	138.0	11	1.05	0.95				
	102	2	52.09970311614035	10.742206828070175	0.0	0.0	1	1.0368776526465198	0.22941677676034036	138.0	12	1.05	0.95				
	103	1	96.67986145263157	19.873082631929826	0.0	0.0	1	1.0325464565004605	1.2152666408325064	138.0	11	1.05	0.95				
	104	1	39.74616526385965	8.056655121052632	0.0	0.0	1	1.0242215993336221	-2.2689073668042785	138.0	11	1.05	0.95				
	105	1	38.13483423964912	7.519544779649124	0.0	0.0	1	1.0371016801250614	-2.715152934857063	138.0	11	1.05	0.95				
	106	1	73.0470064308772	15.039089559298247	0.0	-100.0	1	1.043089657727115	-5.435714011512005	138.0	12	1.05	0.95				
	107	2	67.1387926754386	13.427758535087719	0.0	0.0	1	0.9989069048186595	-12.227113838422069	138.0	12	1.05	0.95				
	108	1	91.84586838	18.798861949122806	0.0	0.0	1	0.9991624589429964	-10.415675664520116	138.0	12	1.05	0.95				
	109	1	93.99430974561403	19.335972290526314	0.0	0.0	1	1.0250913411652198	-3.2480771871454808	138.0	13	1.05	0.95				
	110	1	104.73651657368421	21.48441365614035	0.0	0.0	1	1.05	-4.766672339908981	138.0	13	1.05	0.95				
	111	1	0.0	0.0	0.0	0.0	1	1.0095694674024185	-0.8478626478141887	230.0	13	1.05	0.95				
	112	1	0.0	0.0	0.0	0.0	1	1.012052271925463	-1.3790719858044644	230.0	13	1.05	0.95				
	113	3	142.33424047192983	29.003958435789475	0.0	0.0	1	1.0046381421549286	-4.064634964496919e-29	230.0	14	1.05	0.95				
	114	2	104.1994062322807	20.947303314736843	0.0	0.0	1	1.0127283273800605	1.6516398149780023	230.0	16	1.05	0.95				
	115	2	170.26397822491228	34.37506184982456	0.0	0.0	1	1.0417325148467327	10.13262692148658	230.0	16	1.05	0.95				
	116	2	53.711034140350876	10.742206828070175	0.0	0.0	1	1.0370876592459233	8.395794010414823	230.0	16	1.05	0.95				
	117	1	0.0	0.0	0.0	0.0	1	1.0439021979692218	13.052852217312166	230.0	17	1.05	0.95				
	118	2	178.8577436873684	36.5235032154386	0.0	0.0	1	1.0492780108098538	14.402736794184204	230.0	17	1.05	0.95				
	119	1	97.21697179403509	19.873082631929826	0.0	0.0	1	1.0263432436668054	5.182858490871733	230.0	15	1.05	0.95				
	120	1	68.75012369964912	13.964868876491229	0.0	0.0	1	1.022455371704193	2.920058917578338	230.0	15	1.05	0.95				
	121	2	0.0	0.0	0.0	0.0	1	1.05	16.464468067201274	230.0	17	1.05	0.95				
	122	2	0.0	0.0	0.0	0.0	1	1.05	21.638369681281134	230.0	17	1.05	0.95				
	123	2	0.0	0.0	0.0	0.0	1	1.021674406050354	2.083843976148972	230.0	15	1.05	0.95				
	124	1	0.0	0.0	0.0	0.0	1	1.0270497909646694	6.790334045199993	230.0	16	1.05	0.95				
	201	2	58.25846057684211	11.867464191578948	0.0	0.0	2	1.0120565141572937	-14.296652764469613	138.0	21	1.05	0.95				
	202	2	52.32472848105263	10.788603810526316	0.0	0.0	2	1.0112873426673177	-14.552821688956929	138.0	22	1.05	0.95				
	203	1	97.09743429473686	19.958917049473683	0.0	0.0	2	1.0132821824113174	-10.598473367446863	138.0	21	1.05	0.95				
	204	1	39.91783409894737	8.091452857894737	0.0	0.0	2	1.0094173042352523	-13.43778415192315	138.0	21	1.05	0.95				
	205	1	38.29954352736842	7.552022667368422	0.0	0.0	2	1.0239416996181372	-13.896142091160357	138.0	21	1.05	0.95				
	206	1	73.36250591157895	15.104045334736844	0.0	-100.0	2	1.037995501267622	-14.298938933226513	138.0	22	1.05	0.95				
	207	2	67.42877381578948	13.485754763157894	0.0	0.0	2	0.9944039566501401	-20.97180557551985	138.0	22	1.05	0.95				
	208	1	92.24256258	18.88005666842105	0.0	0.0	2	0.9953255437382806	-18.425169534834904	138.0	22	1.05	0.95				
	209	1	94.40028334210527	19.41948685894737	0.0	0.0	2	1.0253250605659747	-10.31127100614328	138.0	23	1.05	0.95				
	210	1	105.18888715263157	21.577207621052633	0.0	0.0	2	1.05	-11.763595849539877	138.0	23	1.05	0.95				
	211	1	0.0	0.0	0.0	0.0	2	1.0131116892789798	-7.008776265947188	230.0	23	1.05	0.95				
	212	1	0.0	0.0	0.0	0.0	2	1.0181533729787042	-2.0176007030004928	230.0	23	1.05	0.95				
	213	2	142.9490004894737	29.129230288421056	0.0	0.0	2	1.0166917664828505	-4.087951258730446	230.0	24	1.05	0.95				
	214	2	104.64945696210526	21.037777430526315	0.0	0.0	2	1.0153143822945279	-5.495871670383829	230.0	26	1.05	0.95				
	215	2	170.9993703968421	34.52353219368421	0.0	0.0	2	1.029376185900825	0.009427786656366293	230.0	26	1.05	0.95				
	216	2	53.94301905263158	10.788603810526316	0.0	0.0	2	1.030725391960123	-0.035589890290160194	230.0	26	1.05	0.95				
	217	1	0.0	0.0	0.0	0.0	2	1.0326816595871735	0.8898960351583469	230.0	27	1.05	0.95				
	218	2	179.63025344526315	36.681252955789475	0.0	0.0	2	1.0313298271534825	0.2996589309412529	230.0	27	1.05	0.95				
	219	1	97.63686448526316	19.958917049473683	0.0	0.0	2	1.0328718019830712	0.7237568252636555	230.0	25	1.05	0.95				
	220	1	69.04706438736842	14.02518495368421	0.0	0.0	2	1.03920947700148	2.4100360711166284	230.0	25	1.05	0.95				
	221	2	0.0	0.0	0.0	0.0	2	1.0335351586127768	1.004730920024135	230.0	27	1.05	0.95				
	222	2	0.0	0.0	0.0	0.0	2	1.05	7.455408823095273	230.0	27	1.05	0.95				
	223	2	0.0	0.0	0.0	0.0	2	1.0444159448729595	3.7270839170038363	230.0	25	1.05	0.95				
	224	1	0.0	0.0	0.0	0.0	2	1.010262011478589	-3.9418077571311927	230.0	26	1.05	0.95				
	301	2	44.26257512842106	9.016450489122809	0.0	0.0	3	1.00587370822176	26.904462777388325	138.0	31	1.05	0.95				
	302	2	39.75434988385965	8.196773171929825	0.0	0.0	3	1.00571859398489	26.93082816140163	138.0	32	1.05	0.95				
	303	1	73.77095854736842	15.164030368070177	0.0	0.0	3	1.0177433970554282	27.008335865108105	138.0	31	1.05	0.95				
	304	1	30.328060736140355	6.147579878947369	0.0	0.0	3	1.0088654238803128	28.327628053349205	138.0	31	1.05	0.95				
	305	1	29.09854476035088	5.737741220350879	0.0	0.0	3	1.0219285005409067	28.655640570269284	138.0	31	1.05	0.95				
	306	1	55.73805756912281	11.475482440701757	0.0	-100.0	3	1.0401690425562116	29.133449859295396	138.0	32	1.05	0.95				
	307	2	51.22983232456141	10.245966464912282	0.0	0.0	3	0.963369217699005	27.186493674564215	138.0	32	1.05	0.95				
	308	1	70.08241062	14.344353050877192	0.0	0.0	3	0.9893857728224452	28.80529022929158	138.0	32	1.05	0.95				
	309	1	71.72176525438597	14.754191709473686	0.0	0.0	3	1.0241317304341364	31.156191881081295	138.0	33	1.05	0.95				
	310	1	79.9185384263158	16.39354634385965	0.0	0.0	3	1.05	31.719454407131714	138.0	33	1.05	0.95				
	311	1	0.0	0.0	0.0	0.0	3	1.0039754150955154	35.621530502336846	230.0	33	1.05	0.95				
	312	1	0.0	0.0	0.0	0.0	3	1.0124350507315625	36.62594980466325	230.0	33	1.05	0.95				
	313	2	108.60724452807018	22.13128756421053	0.0	0.0	3	1.0147097520552457	43.3388560005145	230.0	34	1.05	0.95				
	314	2	79.5086997677193	15.983707685263159	0.0	0.0	3	0.9996317929938173	33.10619109832011	230.0	36	1.05	0.95				
	315	2	129.91885477508774	26.22967415017544	0.0	0.0	3	1.0329900032275783	24.796358760054794	230.0	36	1.05	0.95				
	316	2	40.98386585964913	8.196773171929825	0.0	0.0	3	1.0335056778813345	26.01777753360358	230.0	36	1.05	0.95				
	317	1	0.0	0.0	0.0	0.0	3	1.0435502640096013	23.625498171291525	230.0	37	1.05	0.95				
	318	2	136.47627331263158	27.869028784561404	0.0	0.0	3	1.0465441233195811	21.799754659169707	230.0	37	1.05	0.95				
	319	1	74.18079720596492	15.164030368070177	0.0	0.0	3	1.0318122183438767	28.9552293851587	230.0	35	1.05	0.95				
	320	1	52.45934830035088	10.655805123508772	0.0	0.0	3	1.0310016539795825	30.822769585128878	230.0	35	1.05	0.95				
	321	2	0.0	0.0	0.0	0.0	3	1.0430049419799845	23.375620921867547	230.0	37	1.05	0.95				
	322	2	0.0	0.0	0.0	0.0	3	1.05	27.80051044792194	230.0	37	1.05	0.95				
	323	2	0.0	0.0	0.0	0.0	3	1.0294097032886649	31.299474469916724	230.0	35	1.05	0.95				
	324	1	0.0	0.0	0.0	0.0	3	1.026713740061981	27.719920380870878	230.0	36	1.05	0.95				
	325	1	0.0	0.0	0.0	0.0	3	1.0318660668705384	30.038827166695587	230.0	35	1.05	0.95				
];
