%% MATPOWER Case Format : Version 2
function mpc = RTS_GMLC
mpc.version = '2';

%%-----  Power Flow Data  -----%%
%% system MVA base
mpc.baseMVA = 100.0;
%% bus data
%    bus_i    type    Pd    Qd    Gs    Bs    area    Vm    Va    baseKV    zone    Vmax    Vmin
mpc.bus = [
	101	2	43.68629391157896	8.899059870877194	0.0	0.0	1	1.0330519156138736	2.035835845712053	138.0	11	1.05	0.95				
	102	2	39.23676397614035	8.090054428070175	0.0	0.0	1	1.0321476237767364	1.7820544801333347	138.0	12	1.05	0.95				
	103	1	72.81048985263159	14.966600691929823	0.0	0.0	1	1.0287044128832605	0.37980697819937387	138.0	11	1.05	0.95				
	104	1	29.933201383859647	6.067540821052632	0.0	0.0	1	1.021432303972766	-1.1468129089237753	138.0	11	1.05	0.95				
	105	1	28.719693219649123	5.663038099649124	0.0	0.0	1	1.03606407554117	-0.9250358165772031	138.0	11	1.05	0.95				
	106	1	55.01237011087719	11.326076199298248	0.0	-100.0	1	1.045995243311008	-3.0379039711729305	138.0	12	1.05	0.95				
	107	2	50.562840175438595	10.112568035087719	0.0	0.0	1	1.0014544528963794	-7.654038200235125	138.0	12	1.05	0.95				
	108	1	69.16996535999999	14.157595249122807	0.0	0.0	1	1.006013704452198	-6.638717932680871	138.0	12	1.05	0.95				
	109	1	70.78797624561403	14.562097970526317	0.0	0.0	1	1.0246567610214083	-1.8993921718708116	138.0	13	1.05	0.95				
	110	1	78.87803067368421	16.18010885614035	0.0	0.0	1	1.05	-2.649243866473207	138.0	13	1.05	0.95				
	111	1	0.0	0.0	0.0	0.0	1	1.002783051880927	-0.24195014740550688	230.0	13	1.05	0.95				
	112	1	0.0	0.0	0.0	0.0	1	1.0076475739150919	0.1343373208024393	230.0	13	1.05	0.95				
	113	3	107.19322117192982	21.84314695578948	0.0	0.0	1	0.9941735788205429	-2.7434379119623224e-28	230.0	14	1.05	0.95				
	114	2	78.4735279522807	15.775606134736844	0.0	0.0	1	0.9991753446234541	1.7141231047846432	230.0	16	1.05	0.95				
	115	2	128.2273626849123	25.888174169824563	0.0	0.0	1	1.0361312103060918	7.250318661701456	230.0	16	1.05	0.95				
	116	2	40.450272140350876	8.090054428070175	0.0	0.0	1	1.0316624357101793	6.803083158575343	230.0	16	1.05	0.95				
	117	1	0.0	0.0	0.0	0.0	1	1.0397393621094988	8.620516899798096	230.0	17	1.05	0.95				
	118	2	134.69940622736843	27.506185055438596	0.0	0.0	1	1.0422258078824738	8.62691541146152	230.0	17	1.05	0.95				
	119	1	73.2149925740351	14.966600691929823	0.0	0.0	1	1.0253502556325493	5.869490920737208	230.0	15	1.05	0.95				
	120	1	51.776348339649125	10.51707075649123	0.0	0.0	1	1.022562374907741	5.84462510134491	230.0	15	1.05	0.95				
	121	2	0.0	0.0	0.0	0.0	1	1.0462077213550771	9.558856779562996	230.0	17	1.05	0.95				
	122	2	0.0	0.0	0.0	0.0	1	1.05	15.895941667173764	230.0	17	1.05	0.95				
	123	2	0.0	0.0	0.0	0.0	1	1.0214782518455265	6.146698643463404	230.0	15	1.05	0.95				
	124	1	0.0	0.0	0.0	0.0	1	1.024309518627761	4.674581967364325	230.0	16	1.05	0.95				
	201	2	44.114591520000005	8.986305680000001	0.0	0.0	2	1.026345373838597	-6.095526055506587	138.0	21	1.05	0.95				
	202	2	39.621438680000004	8.1693688	0.0	0.0	2	1.0273119566529838	-5.888450303490275	138.0	22	1.05	0.95				
	203	1	73.52431920000001	15.113332280000002	0.0	0.0	2	1.0184026082403943	-5.826847293697326	138.0	21	1.05	0.95				
	204	1	30.226664560000003	6.127026600000001	0.0	0.0	2	1.0186640319724345	-7.6596019533296245	138.0	21	1.05	0.95				
	205	1	29.00125924	5.7185581600000015	0.0	0.0	2	1.0332154510660652	-7.881815912255568	138.0	21	1.05	0.95				
	206	1	55.551707840000006	11.437116320000003	0.0	-100.0	2	1.045281519678751	-9.246462444584907	138.0	22	1.05	0.95				
	207	2	51.058555000000005	10.211711000000001	0.0	0.0	2	0.992138658808201	-15.1916547087538	138.0	22	1.05	0.95				
	208	1	69.84810324	14.2963954	0.0	0.0	2	0.9991920163589834	-13.365844293156	138.0	22	1.05	0.95				
	209	1	71.481977	14.704863840000002	0.0	0.0	2	1.0229811013788035	-7.430690454679658	138.0	23	1.05	0.95				
	210	1	79.6513458	16.3387376	0.0	0.0	2	1.05	-8.382446216878614	138.0	23	1.05	0.95				
	211	1	0.0	0.0	0.0	0.0	2	1.0036769436450228	-4.878084622568495	230.0	23	1.05	0.95				
	212	1	0.0	0.0	0.0	0.0	2	1.0074705528907884	-4.286011635482181	230.0	23	1.05	0.95				
	213	2	108.2441366	22.057295760000002	0.0	0.0	2	0.9968316809086316	-3.9127656726004005	230.0	24	1.05	0.95				
	214	2	79.24287736000001	15.930269160000002	0.0	0.0	2	1.0031251040986757	-2.5638596640288096	230.0	26	1.05	0.95				
	215	2	129.48449548	26.141980160000006	0.0	0.0	2	1.0239639189899197	3.1990194916205783	230.0	26	1.05	0.95				
	216	2	40.846844000000004	8.1693688	0.0	0.0	2	1.0247667303072694	3.1555612534979174	230.0	26	1.05	0.95				
	217	1	0.0	0.0	0.0	0.0	2	1.0307922351828753	5.446579632285965	230.0	27	1.05	0.95				
	218	2	136.01999052000002	27.775853920000003	0.0	0.0	2	1.031743251728616	5.670457561964236	230.0	27	1.05	0.95				
	219	1	73.93278764000002	15.113332280000002	0.0	0.0	2	1.0243468342782942	2.615935171267425	230.0	25	1.05	0.95				
	220	1	52.28396032000001	10.620179440000003	0.0	0.0	2	1.0266364307961986	2.9481784848231847	230.0	25	1.05	0.95				
	221	2	0.0	0.0	0.0	0.0	2	1.0323431924185298	5.61917690626849	230.0	27	1.05	0.95				
	222	2	0.0	0.0	0.0	0.0	2	1.05	12.045668231515885	230.0	27	1.05	0.95				
	223	2	0.0	0.0	0.0	0.0	2	1.0284270682553622	3.444178686984194	230.0	25	1.05	0.95				
	224	1	0.0	0.0	0.0	0.0	2	1.0107105969551398	-0.19652418271898742	230.0	26	1.05	0.95				
	301	2	42.74217018947369	8.706738371929825	0.0	0.0	3	1.0090029784487526	-18.504014788906286	138.0	31	1.05	0.95				
	302	2	38.388801003508775	7.915216701754386	0.0	0.0	3	1.0089354576210987	-18.615693457674823	138.0	32	1.05	0.95				
	303	1	71.23695031578949	14.643150898245613	0.0	0.0	3	1.0238581315979611	-13.293729169397723	138.0	31	1.05	0.95				
	304	1	29.286301796491227	5.93641252631579	0.0	0.0	3	1.0114436800059126	-17.31455539702061	138.0	31	1.05	0.95				
	305	1	28.09901929122807	5.540651691228071	0.0	0.0	3	1.0244826805245377	-18.047841479724	138.0	31	1.05	0.95				
	306	1	53.823473571929824	11.081303382456142	0.0	-100.0	3	1.041634549410973	-18.277453287772445	138.0	32	1.05	0.95				
	307	2	49.470104385964916	9.894020877192983	0.0	0.0	3	0.9939826619441856	-22.492568097671697	138.0	32	1.05	0.95				
	308	1	67.67510279999999	13.851629228070175	0.0	0.0	3	1.0012947542561863	-20.738259643885453	138.0	32	1.05	0.95				
	309	1	69.25814614035089	14.247390063157894	0.0	0.0	3	1.0254978623523079	-14.624179798882242	138.0	33	1.05	0.95				
	310	1	77.17336284210526	15.830433403508772	0.0	0.0	3	1.05	-16.316165018919985	138.0	33	1.05	0.95				
	311	1	0.0	0.0	0.0	0.0	3	1.0052509913215462	-11.122174458180043	230.0	33	1.05	0.95				
	312	1	0.0	0.0	0.0	0.0	3	1.00974893290705	-10.549731591074856	230.0	33	1.05	0.95				
	313	2	104.87662129824562	21.371085094736845	0.0	0.0	3	1.0083042026775277	-7.630952764204465	230.0	34	1.05	0.95				
	314	2	76.77760200701755	15.434672568421053	0.0	0.0	3	1.0014561858430298	-9.701419132821782	230.0	36	1.05	0.95				
	315	2	125.45618472280702	25.328693445614036	0.0	0.0	3	1.0244271659565263	-6.16209443591071	230.0	36	1.05	0.95				
	316	2	39.57608350877193	7.915216701754386	0.0	0.0	3	1.0241162046662007	-5.328710942260759	230.0	36	1.05	0.95				
	317	1	0.0	0.0	0.0	0.0	3	1.0290394384641077	-4.255284175209892	230.0	37	1.05	0.95				
	318	2	131.78835808421053	26.911736785964912	0.0	0.0	3	1.0281941749595855	-4.316909366536551	230.0	37	1.05	0.95				
	319	1	71.6327111508772	14.643150898245613	0.0	0.0	3	1.0215107771164504	-5.793230531802158	230.0	35	1.05	0.95				
	320	1	50.65738689122807	10.289781712280702	0.0	0.0	3	1.0217604752020377	-5.416722468713888	230.0	35	1.05	0.95				
	321	2	0.0	0.0	0.0	0.0	3	1.0290758946005971	-4.401893866968588	230.0	37	1.05	0.95				
	322	2	0.0	0.0	0.0	0.0	3	1.042364302235009	0.026253172864819253	230.0	37	1.05	0.95				
	323	2	0.0	0.0	0.0	0.0	3	1.0223943826430688	-4.901380355218655	230.0	35	1.05	0.95				
	324	1	0.0	0.0	0.0	0.0	3	1.015032269129114	-8.857534330382755	230.0	36	1.05	0.95				
	325	1	0.0	0.0	0.0	0.0	3	1.02022021281719	-3.675786294997552	230.0	35	1.05	0.95				
];
