%% MATPOWER Case Format : Version 2
function mpc = RTS_GMLC
mpc.version = '2';

%%-----  Power Flow Data  -----%%
%% system MVA base
mpc.baseMVA = 100.0;
%% bus data
%    bus_i    type    Pd    Qd    Gs    Bs    area    Vm    Va    baseKV    zone    Vmax    Vmin
mpc.bus = [
	101	2	55.242454244210535	11.25309253122807	0.0	0.0	1	1.0127856981535202	0.01704057673447496	138.0	11	1.05	0.95				
	102	2	49.61590797859649	10.230084119298247	0.0	0.0	1	1.0119089654222704	-0.300673532958548	138.0	12	1.05	0.95				
	103	1	92.07075707368422	18.925655620701757	0.0	0.0	1	1.0231872944873412	0.31290910001591526	138.0	11	1.05	0.95				
	104	1	37.851311241403515	7.672563089473685	0.0	0.0	1	1.0110982701171876	-3.1604258848226627	138.0	11	1.05	0.95				
	105	1	36.316798623508774	7.1610588835087725	0.0	0.0	1	1.024180546388083	-3.143642568465386	138.0	11	1.05	0.95				
	106	1	69.56457201122808	14.322117767017545	0.0	-100.0	1	1.0379508837305438	-5.440417458521225	138.0	12	1.05	0.95				
	107	2	63.938025745614034	12.787605149122808	0.0	0.0	1	0.9879788580778552	-12.518846069469292	138.0	12	1.05	0.95				
	108	1	87.46721922	17.90264720877193	0.0	0.0	1	0.993623339880033	-10.494004208951614	138.0	12	1.05	0.95				
	109	1	89.51323604385965	18.414151414736843	0.0	0.0	1	1.026221251208838	-3.3619460385960283	138.0	13	1.05	0.95				
	110	1	99.7433201631579	20.460168238596495	0.0	0.0	1	1.05	-4.65697405368396	138.0	13	1.05	0.95				
	111	1	0.0	0.0	0.0	0.0	1	1.0221600502630919	-0.47157014281140064	230.0	13	1.05	0.95				
	112	1	0.0	0.0	0.0	0.0	1	1.0176337020104047	-0.8166208917725669	230.0	13	1.05	0.95				
	113	3	135.54861458070175	27.621227122105267	0.0	0.0	1	1.0077823720054504	1.9059782356144313e-32	230.0	14	1.05	0.95				
	114	2	99.23181595719298	19.94866403263158	0.0	0.0	1	1.0470095031189735	2.565933027505696	230.0	16	1.05	0.95				
	115	2	162.1468332908772	32.73626918175439	0.0	0.0	1	1.0429236446244072	11.36690791319302	230.0	16	1.05	0.95				
	116	2	51.15042059649123	10.230084119298247	0.0	0.0	1	1.045185828909073	10.107104970504672	230.0	16	1.05	0.95				
	117	1	0.0	0.0	0.0	0.0	1	1.0421814837566938	15.469819034528395	230.0	17	1.05	0.95				
	118	2	170.3309005863158	34.78228600561404	0.0	0.0	1	1.0490435329696413	15.769740221771778	230.0	17	1.05	0.95				
	119	1	92.58226127964913	18.925655620701757	0.0	0.0	1	1.043131235790586	7.059488932344632	230.0	15	1.05	0.95				
	120	1	65.47253836350878	13.29910935508772	0.0	0.0	1	1.0469438972970062	5.378505016964475	230.0	15	1.05	0.95				
	121	2	0.0	0.0	0.0	0.0	1	1.0428487916616975	17.312883433541415	230.0	17	1.05	0.95				
	122	2	0.0	0.0	0.0	0.0	1	1.05	35.27754883527208	230.0	17	1.05	0.95				
	123	2	0.0	0.0	0.0	0.0	1	1.0499999906737578	4.833449010441789	230.0	15	1.05	0.95				
	124	1	0.0	0.0	0.0	0.0	1	1.0217146230703191	7.262306981414841	230.0	16	1.05	0.95				
	201	2	52.51251376421053	10.696993544561403	0.0	0.0	2	1.0163880058731205	-14.417181004729878	138.0	21	1.05	0.95				
	202	2	47.16401699192982	9.724539585964912	0.0	0.0	2	1.0168942540459895	-14.382527589449955	138.0	22	1.05	0.95				
	203	1	87.52085627368422	17.990398234035087	0.0	0.0	2	1.0133933735830187	-12.033106054765295	138.0	21	1.05	0.95				
	204	1	35.980796468070174	7.293404689473684	0.0	0.0	2	1.0127463441802511	-15.221283449098266	138.0	21	1.05	0.95				
	205	1	34.522115530175434	6.80717771017544	0.0	0.0	2	1.0271817824591507	-15.61847252504706	138.0	21	1.05	0.95				
	206	1	66.12686918456141	13.61435542035088	0.0	-100.0	2	1.040785869522097	-16.766410955453836	138.0	22	1.05	0.95				
	207	2	60.7783724122807	12.15567448245614	0.0	0.0	2	0.9887833355456994	-23.409681188325713	138.0	22	1.05	0.95				
	208	1	83.14481346	17.017944275438595	0.0	0.0	2	0.9940654597796791	-21.167623047803716	138.0	22	1.05	0.95				
	209	1	85.08972137719299	17.504171254736843	0.0	0.0	2	1.0235323115054145	-13.896586410083684	138.0	23	1.05	0.95				
	210	1	94.81426096315789	19.449079171929824	0.0	0.0	2	1.05	-15.263499695867177	138.0	23	1.05	0.95				
	211	1	0.0	0.0	0.0	0.0	2	1.0109916841636144	-10.569834311772391	230.0	23	1.05	0.95				
	212	1	0.0	0.0	0.0	0.0	2	1.0139718748093678	-9.424136896124944	230.0	23	1.05	0.95				
	213	2	128.85014951403508	26.256256882105266	0.0	0.0	2	1.0127519027590157	-8.865904240775327	230.0	24	1.05	0.95				
	214	2	94.32803398385964	18.96285219263158	0.0	0.0	2	1.0132634057587504	-7.995661595145277	230.0	26	1.05	0.95				
	215	2	154.13395243754385	31.118526675087722	0.0	0.0	2	1.0317361047807228	-1.4253518110332415	230.0	26	1.05	0.95				
	216	2	48.62269792982456	9.724539585964912	0.0	0.0	2	1.0348760739629856	-1.4510641941329145	230.0	26	1.05	0.95				
	217	1	0.0	0.0	0.0	0.0	2	1.039405520285036	0.353607533389176	230.0	27	1.05	0.95				
	218	2	161.91358410631577	33.06343459228071	0.0	0.0	2	1.0371142648665073	-0.3639850612071107	230.0	27	1.05	0.95				
	219	1	88.00708325298245	17.990398234035087	0.0	0.0	2	1.0384303947398603	-1.1029275531592488	230.0	25	1.05	0.95				
	220	1	62.237053350175444	12.641901461754387	0.0	0.0	2	1.0450948277686336	0.11844699037241926	230.0	25	1.05	0.95				
	221	2	0.0	0.0	0.0	0.0	2	1.037601414138807	0.08984072081952697	230.0	27	1.05	0.95				
	222	2	0.0	0.0	0.0	0.0	2	1.05	6.694682591409282	230.0	27	1.05	0.95				
	223	2	0.0	0.0	0.0	0.0	2	1.0499393367384693	1.1400631433166202	230.0	25	1.05	0.95				
	224	1	0.0	0.0	0.0	0.0	2	1.0117521411150925	-5.367821801545447	230.0	26	1.05	0.95				
	301	2	73.33818411789474	14.939259727719298	0.0	0.0	3	1.0413707637344058	-5.323121431732638	138.0	31	1.05	0.95				
	302	2	65.86855425403509	13.581145207017546	0.0	0.0	3	1.0393580175475334	-5.715618286554405	138.0	32	1.05	0.95				
	303	1	122.2303068631579	25.125118632982456	0.0	0.0	3	1.05	13.123061179484393	138.0	31	1.05	0.95				
	304	1	50.25023726596491	10.185858905263158	0.0	0.0	3	1.0097737432981422	-3.1114939456822084	138.0	31	1.05	0.95				
	305	1	48.213065484912285	9.506801644912281	0.0	0.0	3	1.0306899760270147	-6.184567235392374	138.0	31	1.05	0.95				
	306	1	92.35178740771931	19.013603289824562	0.0	-100.0	3	1.030359563047814	-7.4285302712913905	138.0	32	1.05	0.95				
	307	2	84.88215754385965	16.97643150877193	0.0	0.0	3	0.95	-6.213641115097708	138.0	32	1.05	0.95				
	308	1	116.11879152	23.767004112280702	0.0	0.0	3	0.9610614184350015	-6.513970708946904	138.0	32	1.05	0.95				
	309	1	118.83502056140351	24.44606137263158	0.0	0.0	3	1.0109753237407806	1.9128285090486057	138.0	33	1.05	0.95				
	310	1	132.41616576842105	27.16229041403509	0.0	0.0	3	1.0367172470281385	-4.89084555599841	138.0	33	1.05	0.95				
	311	1	0.0	0.0	0.0	0.0	3	0.9996351055702095	1.075952816629033	230.0	33	1.05	0.95				
	312	1	0.0	0.0	0.0	0.0	3	1.0003695550631215	1.6865597675309787	230.0	33	1.05	0.95				
	313	2	179.95017399298246	36.66909205894737	0.0	0.0	3	0.9968075185705174	3.464516746910834	230.0	34	1.05	0.95				
	314	2	131.73710850807018	26.48323315368421	0.0	0.0	3	1.004546398726834	1.6517466730684909	230.0	36	1.05	0.95				
	315	2	215.26115153122808	43.45966466245614	0.0	0.0	3	1.05	6.906832715494829	230.0	36	1.05	0.95				
	316	2	67.90572603508772	13.581145207017546	0.0	0.0	3	1.0487107483473919	6.539140718991474	230.0	36	1.05	0.95				
	317	1	0.0	0.0	0.0	0.0	3	1.05	12.239098687850703	230.0	37	1.05	0.95				
	318	2	226.12606769684214	46.17589370385966	0.0	0.0	3	1.0399517478795692	9.354178148520035	230.0	37	1.05	0.95				
	319	1	122.90936412350877	25.125118632982456	0.0	0.0	3	1.0294145797409082	5.078473552226581	230.0	35	1.05	0.95				
	320	1	86.91932932491228	17.655488769122808	0.0	0.0	3	1.0187204892986446	5.091326894896216	230.0	35	1.05	0.95				
	321	2	0.0	0.0	0.0	0.0	3	1.0428724288091595	9.197506757239347	230.0	37	1.05	0.95				
	322	2	0.0	0.0	0.0	0.0	3	1.0466193224363436	14.769521644636912	230.0	37	1.05	0.95				
	323	2	0.0	0.0	0.0	0.0	3	1.014617251875977	5.628682963041774	230.0	35	1.05	0.95				
	324	1	0.0	0.0	0.0	0.0	3	1.0473699462973523	9.286764840877451	230.0	36	1.05	0.95				
	325	1	0.0	0.0	0.0	0.0	3	1.014172663544599	6.632859550030962	230.0	35	1.05	0.95				
];
