%% MATPOWER Case Format : Version 2
function mpc = RTS_GMLC
mpc.version = '2';

%%-----  Power Flow Data  -----%%
%% system MVA base
mpc.baseMVA = 100.0;
%% bus data
%    bus_i    type    Pd    Qd    Gs    Bs    area    Vm    Va    baseKV    zone    Vmax    Vmin
mpc.bus = [
	101	2	44.44779812210526	9.05418109894737	0.0	0.0	1	1.0342871643843632	0.9062488502023321	138.0	11	1.05	0.95				
	102	2	39.92070757263158	8.23107372631579	0.0	0.0	1	1.033434184368327	0.6497227727239723	138.0	12	1.05	0.95				
	103	1	74.0796635368421	15.227486393684211	0.0	0.0	1	1.0283834313191802	-0.6101585663576444	138.0	11	1.05	0.95				
	104	1	30.454972787368423	6.173305294736842	0.0	0.0	1	1.0217843474037303	-2.241607075511096	138.0	11	1.05	0.95				
	105	1	29.22031172842105	5.761751608421053	0.0	0.0	1	1.0366203802785603	-2.032552718677897	138.0	11	1.05	0.95				
	106	1	55.97130133894738	11.523503216842107	0.0	-100.0	1	1.0461306197651328	-4.140660543953124	138.0	12	1.05	0.95				
	107	2	51.444210789473686	10.288842157894736	0.0	0.0	1	1.000079540137535	-10.670556337308053	138.0	12	1.05	0.95				
	108	1	70.37568036	14.40437902105263	0.0	0.0	1	1.0040101935723422	-8.829138067261363	138.0	12	1.05	0.95				
	109	1	72.02189510526316	14.81593270736842	0.0	0.0	1	1.0244436821239462	-2.9387917724806174	138.0	13	1.05	0.95				
	110	1	80.25296883157894	16.46214745263158	0.0	0.0	1	1.05	-3.7164308758119056	138.0	13	1.05	0.95				
	111	1	0.0	0.0	0.0	0.0	1	1.0020004923596857	-0.871090519121632	230.0	13	1.05	0.95				
	112	1	0.0	0.0	0.0	0.0	1	1.0077461126231815	-0.6631516083664486	230.0	13	1.05	0.95				
	113	3	109.06172687368421	22.22389906105263	0.0	0.0	1	0.9962610900626491	-1.2944441007878278e-27	230.0	14	1.05	0.95				
	114	2	79.84141514526316	16.050593766315792	0.0	0.0	1	0.9963011687207819	0.97398834529114	230.0	16	1.05	0.95				
	115	2	130.46251856210526	26.339435924210523	0.0	0.0	1	1.03521465966768	6.489976861751204	230.0	16	1.05	0.95				
	116	2	41.155368631578945	8.23107372631579	0.0	0.0	1	1.029524554781417	5.948972492654243	230.0	16	1.05	0.95				
	117	1	0.0	0.0	0.0	0.0	1	1.03986272201362	8.005271307288034	230.0	17	1.05	0.95				
	118	2	137.0473775431579	27.98565066947369	0.0	0.0	1	1.04398688066088	8.021107063666598	230.0	17	1.05	0.95				
	119	1	74.4912172231579	15.227486393684211	0.0	0.0	1	1.022459454343252	4.611661030589408	230.0	15	1.05	0.95				
	120	1	52.678871848421046	10.700395844210526	0.0	0.0	1	1.0192975050083086	4.249832159314668	230.0	15	1.05	0.95				
	121	2	0.0	0.0	0.0	0.0	1	1.0499999597337188	8.971926330445166	230.0	17	1.05	0.95				
	122	2	0.0	0.0	0.0	0.0	1	1.05	16.134673992070564	230.0	17	1.05	0.95				
	123	2	0.0	0.0	0.0	0.0	1	1.0180134454946872	4.372966464497936	230.0	15	1.05	0.95				
	124	1	0.0	0.0	0.0	0.0	1	1.0234001175517353	3.8257071720899822	230.0	16	1.05	0.95				
	201	2	48.55155044210526	9.890130645614034	0.0	0.0	2	1.0256007894033368	-12.110540646725374	138.0	21	1.05	0.95				
	202	2	43.60648511929824	8.991027859649122	0.0	0.0	2	1.0266697399592855	-11.928389086465335	138.0	22	1.05	0.95				
	203	1	80.9192507368421	16.633401540350874	0.0	0.0	2	1.0151899109825495	-10.83637960919261	138.0	21	1.05	0.95				
	204	1	33.26680308070175	6.743270894736842	0.0	0.0	2	1.0172702078044438	-13.59276415270674	138.0	21	1.05	0.95				
	205	1	31.918148901754385	6.293719501754386	0.0	0.0	2	1.0322743610727287	-13.91311580163953	138.0	21	1.05	0.95				
	206	1	61.13898944561404	12.587439003508772	0.0	-100.0	2	1.0439674383438016	-15.323565758798033	138.0	22	1.05	0.95				
	207	2	56.19392412280702	11.238784824561403	0.0	0.0	2	0.9921340406117365	-21.82543808357832	138.0	22	1.05	0.95				
	208	1	76.87328819999999	15.734298754385964	0.0	0.0	2	0.9973445526494061	-19.772468595115164	138.0	22	1.05	0.95				
	209	1	78.67149377192982	16.18385014736842	0.0	0.0	2	1.0224136763347225	-13.107869985334892	138.0	23	1.05	0.95				
	210	1	87.66252163157894	17.982055719298245	0.0	0.0	2	1.05	-14.29904309844346	138.0	23	1.05	0.95				
	211	1	0.0	0.0	0.0	0.0	2	1.0057108070984553	-10.39670260277491	230.0	23	1.05	0.95				
	212	1	0.0	0.0	0.0	0.0	2	1.0098875384230674	-9.639025981355818	230.0	23	1.05	0.95				
	213	2	119.13111914035086	24.27577522105263	0.0	0.0	2	1.0039427588589551	-9.263743031284013	230.0	24	1.05	0.95				
	214	2	87.21297023859648	17.532504326315788	0.0	0.0	2	1.0039385347975949	-7.969489727731953	230.0	26	1.05	0.95				
	215	2	142.50779157543857	28.771289150877195	0.0	0.0	2	1.0195392991055232	-1.4849221584679113	230.0	26	1.05	0.95				
	216	2	44.95513929824561	8.991027859649122	0.0	0.0	2	1.0210762801822064	-1.788011516561278	230.0	26	1.05	0.95				
	217	1	0.0	0.0	0.0	0.0	2	1.025086936814556	0.18474458546696632	230.0	27	1.05	0.95				
	218	2	149.70061386315788	30.56949472280702	0.0	0.0	2	1.0242418585936763	-0.3948715623103578	230.0	27	1.05	0.95				
	219	1	81.36880212982456	16.633401540350874	0.0	0.0	2	1.023789891870803	-2.1679452671433603	230.0	25	1.05	0.95				
	220	1	57.54257830175439	11.68833621754386	0.0	0.0	2	1.0292816117497567	-1.6171939280460461	230.0	25	1.05	0.95				
	221	2	0.0	0.0	0.0	0.0	2	1.0262638746207167	0.052848347354157096	230.0	27	1.05	0.95				
	222	2	0.0	0.0	0.0	0.0	2	1.0481454454898018	6.618141586468179	230.0	27	1.05	0.95				
	223	2	0.0	0.0	0.0	0.0	2	1.033084794027804	-0.9758061740965253	230.0	25	1.05	0.95				
	224	1	0.0	0.0	0.0	0.0	2	1.0064221741241772	-5.0077195652690065	230.0	26	1.05	0.95				
	301	2	65.77032584842107	13.397658969122809	0.0	0.0	3	1.0404280079593178	-15.354060503271558	138.0	31	1.05	0.95				
	302	2	59.07149636385965	12.179689971929825	0.0	0.0	3	1.0370538277055952	-15.723496574289205	138.0	32	1.05	0.95				
	303	1	109.61720974736843	22.53242644807018	0.0	0.0	3	1.05	1.7480552922109078	138.0	31	1.05	0.95				
	304	1	45.06485289614036	9.134767478947369	0.0	0.0	3	1.0104036296749617	-13.70160163163012	138.0	31	1.05	0.95				
	305	1	43.23789940035088	8.52578298035088	0.0	0.0	3	1.0316704448159866	-16.17950205028784	138.0	31	1.05	0.95				
	306	1	82.82189180912282	17.05156596070176	0.0	-100.0	3	1.0326229412795433	-17.34024743036475	138.0	32	1.05	0.95				
	307	2	76.1230623245614	15.224612464912282	0.0	0.0	3	0.9512363654484768	-15.530707952065258	138.0	32	1.05	0.95				
	308	1	104.13634926000002	21.314457450877196	0.0	0.0	3	0.9647142935840068	-16.223053696973864	138.0	32	1.05	0.95				
	309	1	106.57228725438597	21.923441949473684	0.0	0.0	3	1.0100598390586757	-9.457755979483931	138.0	33	1.05	0.95				
	310	1	118.7519772263158	24.35937994385965	0.0	0.0	3	1.0376448056521148	-15.073304259237851	138.0	33	1.05	0.95				
	311	1	0.0	0.0	0.0	0.0	3	0.9966255236481792	-10.023975349526937	230.0	33	1.05	0.95				
	312	1	0.0	0.0	0.0	0.0	3	0.9993051663342742	-9.014633362178612	230.0	33	1.05	0.95				
	313	2	161.38089212807017	32.88516292421053	0.0	0.0	3	0.9959430338878058	-6.895213568475607	230.0	34	1.05	0.95				
	314	2	118.1429927277193	23.750395445263162	0.0	0.0	3	0.9958581515743345	-10.400531870404148	230.0	36	1.05	0.95				
	315	2	193.04808605508774	38.97500791017544	0.0	0.0	3	1.05	-6.766444065705595	230.0	36	1.05	0.95				
	316	2	60.898449859649126	12.179689971929825	0.0	0.0	3	1.041346567792042	-7.234386386370458	230.0	36	1.05	0.95				
	317	1	0.0	0.0	0.0	0.0	3	1.0471183704586096	-3.952551282766789	230.0	37	1.05	0.95				
	318	2	202.79183803263157	41.41094590456141	0.0	0.0	3	1.0438252678620448	-4.954644695504973	230.0	37	1.05	0.95				
	319	1	110.22619424596493	22.53242644807018	0.0	0.0	3	1.0237469565331077	-7.513843555196905	230.0	35	1.05	0.95				
	320	1	77.95001582035088	15.833596963508775	0.0	0.0	3	1.0135192528317782	-6.566133520373928	230.0	35	1.05	0.95				
	321	2	0.0	0.0	0.0	0.0	3	1.0457698955733934	-4.991091563424158	230.0	37	1.05	0.95				
	322	2	0.0	0.0	0.0	0.0	3	1.05	-0.24653252288559388	230.0	37	1.05	0.95				
	323	2	0.0	0.0	0.0	0.0	3	1.00965850629743	-5.555405823933842	230.0	35	1.05	0.95				
	324	1	0.0	0.0	0.0	0.0	3	1.0471862370828577	-3.5111507020052013	230.0	36	1.05	0.95				
	325	1	0.0	0.0	0.0	0.0	3	1.0088140899489144	-4.297071831342415	230.0	35	1.05	0.95				
];
