%% MATPOWER Case Format : Version 2
function mpc = RTS_GMLC
mpc.version = '2';

%%-----  Power Flow Data  -----%%
%% system MVA base
mpc.baseMVA = 100.0;
%% bus data
%    bus_i    type    Pd    Qd    Gs    Bs    area    Vm    Va    baseKV    zone    Vmax    Vmin
mpc.bus = [
	101	2	46.37159821894737	9.446066303859649	0.0	0.0	1	1.0075952054933726	-2.3019725785698637	138.0	11	1.05	0.95				
	102	2	41.64856506701754	8.587333003508773	0.0	0.0	1	1.0052261936231066	-2.892792464373113	138.0	12	1.05	0.95				
	103	1	77.28599703157894	15.886566056491228	0.0	0.0	1	1.02228804956076	1.5322390324290571	138.0	11	1.05	0.95				
	104	1	31.773132112982456	6.440499752631579	0.0	0.0	1	1.0090597567536488	-3.8728578744474413	138.0	11	1.05	0.95				
	105	1	30.48503216245614	6.0111331024561405	0.0	0.0	1	1.0233186968648835	-4.139094853831983	138.0	11	1.05	0.95				
	106	1	58.393864423859654	12.022266204912281	0.0	-100.0	1	1.0394372868224162	-5.7273181538561815	138.0	12	1.05	0.95				
	107	2	53.67083127192982	10.734166254385965	0.0	0.0	1	0.9974774164700903	-11.217372892479482	138.0	12	1.05	0.95				
	108	1	73.42169718	15.02783275614035	0.0	0.0	1	1.0018316804873901	-9.372949093146032	138.0	12	1.05	0.95				
	109	1	75.13916378070175	15.45719940631579	0.0	0.0	1	1.0243632789731096	-2.8777562475592133	138.0	13	1.05	0.95				
	110	1	83.72649678421052	17.174666007017546	0.0	0.0	1	1.05	-4.580274707983529	138.0	13	1.05	0.95				
	111	1	0.0	0.0	0.0	0.0	1	1.013933937285397	0.14634554135134797	230.0	13	1.05	0.95				
	112	1	0.0	0.0	0.0	0.0	1	1.0131691054802505	-1.0290736260170317	230.0	13	1.05	0.95				
	113	3	113.78216229649121	23.185799109473685	0.0	0.0	1	1.0024323430839155	2.3177854899682985e-28	230.0	14	1.05	0.95				
	114	2	83.29713013403509	16.745299356842107	0.0	0.0	1	1.0309055784869081	4.129306063670992	230.0	16	1.05	0.95				
	115	2	136.10922810561402	27.479465611228072	0.0	0.0	1	1.0401123356371567	14.5662240557692	230.0	16	1.05	0.95				
	116	2	42.93666501754386	8.587333003508773	0.0	0.0	1	1.0372895636850268	12.43679065503675	230.0	16	1.05	0.95				
	117	1	0.0	0.0	0.0	0.0	1	1.0405534102991656	18.673733808419584	230.0	17	1.05	0.95				
	118	2	142.97909450842104	29.196932211929827	0.0	0.0	1	1.05	19.71210908823908	230.0	17	1.05	0.95				
	119	1	77.71536368175438	15.886566056491228	0.0	0.0	1	1.0303016808915142	7.8369968909936025	230.0	15	1.05	0.95				
	120	1	54.958931222456144	11.163532904561404	0.0	0.0	1	1.0318671907733123	4.652331529023982	230.0	15	1.05	0.95				
	121	2	0.0	0.0	0.0	0.0	1	1.05	21.713338243763435	230.0	17	1.05	0.95				
	122	2	0.0	0.0	0.0	0.0	1	1.05	36.09795348146267	230.0	17	1.05	0.95				
	123	2	0.0	0.0	0.0	0.0	1	1.0340964213727872	3.231116570780783	230.0	15	1.05	0.95				
	124	1	0.0	0.0	0.0	0.0	1	1.016989322340614	9.71402490121993	230.0	16	1.05	0.95				
	201	2	41.24161815157895	8.401070364210526	0.0	0.0	2	1.019027273749515	-15.085899656679612	138.0	21	1.05	0.95				
	202	2	37.041082969473685	7.637336694736842	0.0	0.0	2	1.018047678199571	-15.36361457314172	138.0	22	1.05	0.95				
	203	1	68.73603025263158	14.129072885263156	0.0	0.0	2	1.0165528107332602	-11.225877669400017	138.0	21	1.05	0.95				
	204	1	28.258145770526312	5.728002521052631	0.0	0.0	2	1.014534034638517	-14.983622683651536	138.0	21	1.05	0.95				
	205	1	27.112545266315784	5.346135686315789	0.0	0.0	2	1.0300039694111733	-15.408233587878641	138.0	21	1.05	0.95				
	206	1	51.93388952421053	10.692271372631579	0.0	-100.0	2	1.044262153220278	-16.079923923838525	138.0	22	1.05	0.95				
	207	2	47.73335434210526	9.546670868421051	0.0	0.0	2	1.0002103994171876	-20.63222336559883	138.0	22	1.05	0.95				
	208	1	65.29922873999999	13.36533921578947	0.0	0.0	2	1.0047649405487622	-18.919125286589633	138.0	22	1.05	0.95				
	209	1	66.82669607894736	13.747206050526314	0.0	0.0	2	1.0223549123485918	-13.087887661403098	138.0	23	1.05	0.95				
	210	1	74.46403277368421	15.274673389473683	0.0	0.0	2	1.05	-14.50450169775277	138.0	23	1.05	0.95				
	211	1	0.0	0.0	0.0	0.0	2	1.0048320651929603	-10.180621809354335	230.0	23	1.05	0.95				
	212	1	0.0	0.0	0.0	0.0	2	1.001505210213073	-9.380400167685847	230.0	23	1.05	0.95				
	213	2	101.19471120526316	20.620809075789474	0.0	0.0	2	0.9951336101240242	-8.743800026407593	230.0	24	1.05	0.95				
	214	2	74.08216593894737	14.892806554736843	0.0	0.0	2	1.0101955474755415	-7.704295051246576	230.0	26	1.05	0.95				
	215	2	121.05178661157893	24.439477423157893	0.0	0.0	2	1.0240572861679984	-1.4459423116662036	230.0	26	1.05	0.95				
	216	2	38.186683473684205	7.637336694736842	0.0	0.0	2	1.0229333506616576	-1.837104663392082	230.0	26	1.05	0.95				
	217	1	0.0	0.0	0.0	0.0	2	1.0308045491012878	0.03151495942646851	230.0	27	1.05	0.95				
	218	2	127.16165596736842	25.966944762105264	0.0	0.0	2	1.030331767552615	-0.4351243615742861	230.0	27	1.05	0.95				
	219	1	69.11789708736842	14.129072885263156	0.0	0.0	2	1.0157520683968508	-1.7376817449620219	230.0	25	1.05	0.95				
	220	1	48.878954846315786	9.928537703157895	0.0	0.0	2	1.01191602146823	-0.885869724843236	230.0	25	1.05	0.95				
	221	2	0.0	0.0	0.0	0.0	2	1.0314156841340194	0.028044316681381364	230.0	27	1.05	0.95				
	222	2	0.0	0.0	0.0	0.0	2	1.05	6.523108662750405	230.0	27	1.05	0.95				
	223	2	0.0	0.0	0.0	0.0	2	1.010418822668569	-0.10888346846455194	230.0	25	1.05	0.95				
	224	1	0.0	0.0	0.0	0.0	2	1.0092129629146411	-5.118842207068144	230.0	26	1.05	0.95				
	301	2	43.801328690526326	8.92249288140351	0.0	0.0	3	1.015756620520475	24.531130238944066	138.0	31	1.05	0.95				
	302	2	39.34008224982456	8.111357164912283	0.0	0.0	3	1.0145359421255238	24.171158545797315	138.0	32	1.05	0.95				
	303	1	73.00221448421054	15.00601075508772	0.0	0.0	3	1.05	39.23102780654111	138.0	31	1.05	0.95				
	304	1	30.01202151017544	6.083517873684211	0.0	0.0	3	1.0104248048688338	25.343073429034057	138.0	31	1.05	0.95				
	305	1	28.795317935438597	5.677950015438598	0.0	0.0	3	1.0263306748099597	22.877461875664075	138.0	31	1.05	0.95				
	306	1	55.15722872140352	11.355900030877196	0.0	-100.0	3	1.0399821409014791	21.452452197423632	138.0	32	1.05	0.95				
	307	2	50.695982280701756	10.139196456140352	0.0	0.0	3	0.95	18.240868238968066	138.0	32	1.05	0.95				
	308	1	69.35210376	14.194875038596491	0.0	0.0	3	0.9729510132049396	19.942072783378112	138.0	32	1.05	0.95				
	309	1	70.97437519298246	14.600442896842106	0.0	0.0	3	1.0193409388276584	27.99148950466153	138.0	33	1.05	0.95				
	310	1	79.08573235789474	16.222714329824566	0.0	0.0	3	1.046869329336833	22.52603817413966	138.0	33	1.05	0.95				
	311	1	0.0	0.0	0.0	0.0	3	1.0091544237138754	26.007359105424037	230.0	33	1.05	0.95				
	312	1	0.0	0.0	0.0	0.0	3	1.0150073656726728	26.03199691288467	230.0	33	1.05	0.95				
	313	2	107.47548243508773	21.900664345263163	0.0	0.0	3	1.0122624354837806	27.367224045671563	230.0	34	1.05	0.95				
	314	2	78.68016449964912	15.81714647157895	0.0	0.0	3	1.0040726675079208	25.64680899846779	230.0	36	1.05	0.95				
	315	2	128.56501106385966	25.9563429277193	0.0	0.0	3	1.05	27.977175156733054	230.0	36	1.05	0.95				
	316	2	40.55678582456141	8.111357164912283	0.0	0.0	3	1.0354165179252643	27.542794788513202	230.0	36	1.05	0.95				
	317	1	0.0	0.0	0.0	0.0	3	1.0433471202918956	31.38463166672511	230.0	37	1.05	0.95				
	318	2	135.0540967957895	27.57861436070176	0.0	0.0	3	1.0349628955562418	27.6757131546618	230.0	37	1.05	0.95				
	319	1	73.40778234245616	15.00601075508772	0.0	0.0	3	1.0279410113261633	25.93485568209	230.0	35	1.05	0.95				
	320	1	51.9126858554386	10.544764314385967	0.0	0.0	3	1.0244892359848823	25.31486071758023	230.0	35	1.05	0.95				
	321	2	0.0	0.0	0.0	0.0	3	1.05	28.404384571905897	230.0	37	1.05	0.95				
	322	2	0.0	0.0	0.0	0.0	3	1.05	33.9094997863731	230.0	37	1.05	0.95				
	323	2	0.0	0.0	0.0	0.0	3	1.0229914408698786	25.287549030315958	230.0	35	1.05	0.95				
	324	1	0.0	0.0	0.0	0.0	3	1.0464483041563681	32.27554970744792	230.0	36	1.05	0.95				
	325	1	0.0	0.0	0.0	0.0	3	1.026578213789631	24.993761064605035	230.0	35	1.05	0.95				
];
