%% MATPOWER Case Format : Version 2
function mpc = RTS_GMLC
mpc.version = '2';

%%-----  Power Flow Data  -----%%
%% system MVA base
mpc.baseMVA = 100.0;
%% bus data
%    bus_i    type    Pd    Qd    Gs    Bs    area    Vm    Va    baseKV    zone    Vmax    Vmin
mpc.bus = [
	101	2	49.44433448842105	10.07199406245614	0.0	0.0	1	1.02251123142779	1.5763283798311525	138.0	11	1.05	0.95				
	102	2	44.40833745719298	9.156358238596491	0.0	0.0	1	1.0201713731894053	0.9198613362737246	138.0	12	1.05	0.95				
	103	1	82.40722414736842	16.939262741403507	0.0	0.0	1	1.0255209731639405	3.506384676093756	138.0	11	1.05	0.95				
	104	1	33.878525482807014	6.867268678947368	0.0	0.0	1	1.017097584110498	-1.1739949991286054	138.0	11	1.05	0.95				
	105	1	32.50507174701754	6.409450767017544	0.0	0.0	1	1.0297514884174752	-1.7082422074468326	138.0	11	1.05	0.95				
	106	1	62.263236022456134	12.818901534035088	0.0	-100.0	1	1.0415065115731887	-4.122525442753371	138.0	12	1.05	0.95				
	107	2	57.22723899122807	11.445447798245613	0.0	0.0	1	0.9952128608826479	-12.954797420091495	138.0	12	1.05	0.95				
	108	1	78.28686293999999	16.023626917543858	0.0	0.0	1	0.9977040522304624	-10.012786531611106	138.0	12	1.05	0.95				
	109	1	80.1181345877193	16.48144482947368	0.0	0.0	1	1.0238704927640354	-1.879053665858738	138.0	13	1.05	0.95				
	110	1	89.27449282631578	18.312716477192982	0.0	0.0	1	1.05	-3.5534306137385028	138.0	13	1.05	0.95				
	111	1	0.0	0.0	0.0	0.0	1	1.0121192997307022	0.7140855204311473	230.0	13	1.05	0.95				
	112	1	0.0	0.0	0.0	0.0	1	1.0147612268135529	-0.6588741501010928	230.0	13	1.05	0.95				
	113	3	121.3217466614035	24.722167244210524	0.0	0.0	1	1.0060604980519923	1.5077346401997558e-29	230.0	14	1.05	0.95				
	114	2	88.81667491438596	17.85489856526316	0.0	0.0	1	1.0216082394320154	4.789464308341969	230.0	16	1.05	0.95				
	115	2	145.12827808175436	29.300346363508773	0.0	0.0	1	1.0376274752618428	15.616025464330246	230.0	16	1.05	0.95				
	116	2	45.78179119298245	9.156358238596491	0.0	0.0	1	1.0325802308912226	13.370015521701532	230.0	16	1.05	0.95				
	117	1	0.0	0.0	0.0	0.0	1	1.0372796388579792	20.119277531942434	230.0	17	1.05	0.95				
	118	2	152.45336467263158	31.131618011228067	0.0	0.0	1	1.05	21.03472200756	230.0	17	1.05	0.95				
	119	1	82.86504205929825	16.939262741403507	0.0	0.0	1	1.0251769170537526	8.26440589212061	230.0	15	1.05	0.95				
	120	1	58.600692727017545	11.903265710175438	0.0	0.0	1	1.0276607297542453	4.542778567370449	230.0	15	1.05	0.95				
	121	2	0.0	0.0	0.0	0.0	1	1.05	22.88728147270341	230.0	17	1.05	0.95				
	122	2	0.0	0.0	0.0	0.0	1	1.05	40.5149500928721	230.0	17	1.05	0.95				
	123	2	0.0	0.0	0.0	0.0	1	1.0309289178898768	2.854062163616574	230.0	15	1.05	0.95				
	124	1	0.0	0.0	0.0	0.0	1	1.0179492088866127	11.085009812443257	230.0	16	1.05	0.95				
	201	2	45.814575789473686	9.332598771929824	0.0	0.0	2	1.009122157145039	-20.7165987933801	138.0	21	1.05	0.95				
	202	2	41.148276403508774	8.484180701754386	0.0	0.0	2	1.008179737960372	-21.04310187167468	138.0	22	1.05	0.95				
	203	1	76.35762631578947	15.695734298245615	0.0	0.0	2	1.0145938707692936	-15.317387706293527	138.0	21	1.05	0.95				
	204	1	31.39146859649123	6.363135526315789	0.0	0.0	2	1.009402364341034	-20.666360378181082	138.0	21	1.05	0.95				
	205	1	30.118841491228064	5.938926491228071	0.0	0.0	2	1.024346674874717	-21.24017824516972	138.0	21	1.05	0.95				
	206	1	57.692428771929826	11.877852982456142	0.0	-100.0	2	1.0406079192431026	-22.063208615049728	138.0	22	1.05	0.95				
	207	2	53.026129385964914	10.605225877192982	0.0	0.0	2	0.9904129704790596	-27.09350051821713	138.0	22	1.05	0.95				
	208	1	72.539745	14.847316228070174	0.0	0.0	2	0.9974638154984673	-25.186004422088647	138.0	22	1.05	0.95				
	209	1	74.23658114035088	15.271525263157896	0.0	0.0	2	1.0227850320806469	-18.59799300046169	138.0	23	1.05	0.95				
	210	1	82.72076184210526	16.968361403508773	0.0	0.0	2	1.05	-20.39411236729893	138.0	23	1.05	0.95				
	211	1	0.0	0.0	0.0	0.0	2	1.0094197362059505	-15.545536626029765	230.0	23	1.05	0.95				
	212	1	0.0	0.0	0.0	0.0	2	1.0125555088539953	-15.084035776274028	230.0	23	1.05	0.95				
	213	2	112.4153942982456	22.907287894736843	0.0	0.0	2	1.006869309732049	-14.437168086116438	230.0	24	1.05	0.95				
	214	2	82.29655280701755	16.544152368421052	0.0	0.0	2	1.0142745778980982	-12.4968751804594	230.0	26	1.05	0.95				
	215	2	134.474264122807	27.149378245614038	0.0	0.0	2	1.0327394210618446	-4.351835999388513	230.0	26	1.05	0.95				
	216	2	42.42090350877193	8.484180701754386	0.0	0.0	2	1.0341127359063758	-5.660452605219929	230.0	26	1.05	0.95				
	217	1	0.0	0.0	0.0	0.0	2	1.0361455256990157	-2.986254963088766	230.0	27	1.05	0.95				
	218	2	141.26160868421053	28.846214385964913	0.0	0.0	2	1.0360078877343213	-3.497775646690241	230.0	27	1.05	0.95				
	219	1	76.78183535087719	15.695734298245615	0.0	0.0	2	1.0363276280255327	-6.60084874640886	230.0	25	1.05	0.95				
	220	1	54.298756491228076	11.029434912280701	0.0	0.0	2	1.0411054386832226	-6.601906437027043	230.0	25	1.05	0.95				
	221	2	0.0	0.0	0.0	0.0	2	1.0372799196500533	-2.9853270517923494	230.0	27	1.05	0.95				
	222	2	0.0	0.0	0.0	0.0	2	1.05	3.5138288443651526	230.0	27	1.05	0.95				
	223	2	0.0	0.0	0.0	0.0	2	1.044222897618229	-6.286974517990779	230.0	25	1.05	0.95				
	224	1	0.0	0.0	0.0	0.0	2	1.0123707810550737	-8.429008176641027	230.0	26	1.05	0.95				
	301	2	52.957924711578954	10.787725404210526	0.0	0.0	3	1.005005817851344	12.612537583469887	138.0	31	1.05	0.95				
	302	2	47.56406200947369	9.807023094736843	0.0	0.0	3	1.0046004132048458	12.425792472093379	138.0	32	1.05	0.95				
	303	1	88.26320785263158	18.142992725263156	0.0	0.0	3	1.0404157790135786	20.442408983975998	138.0	31	1.05	0.95				
	304	1	36.28598545052631	7.355267321052632	0.0	0.0	3	1.0090611090228918	13.8989715016181	138.0	31	1.05	0.95				
	305	1	34.81493198631579	6.8649161663157905	0.0	0.0	3	1.0211075609428035	12.876637562593647	138.0	31	1.05	0.95				
	306	1	66.68775704421053	13.729832332631581	0.0	-100.0	3	1.037818190614365	12.453587660470133	138.0	32	1.05	0.95				
	307	2	61.29389434210526	12.258778868421052	0.0	0.0	3	0.9866808521664956	7.847666742437443	138.0	32	1.05	0.95				
	308	1	83.85004746	17.16229041578947	0.0	0.0	3	0.9957836330638492	10.052320258921258	138.0	32	1.05	0.95				
	309	1	85.81145207894737	17.652641570526313	0.0	0.0	3	1.0286221398663586	17.09927067063863	138.0	33	1.05	0.95				
	310	1	95.6184751736842	19.614046189473687	0.0	0.0	3	1.05	14.719623791442855	138.0	33	1.05	0.95				
	311	1	0.0	0.0	0.0	0.0	3	1.0096088436125226	19.50860194289188	230.0	33	1.05	0.95				
	312	1	0.0	0.0	0.0	0.0	3	1.0157261269510975	20.146951033407596	230.0	33	1.05	0.95				
	313	2	129.94305600526314	26.478962355789477	0.0	0.0	3	1.0152873650216268	23.76756913247753	230.0	34	1.05	0.95				
	314	2	95.12812401894737	19.123695034736844	0.0	0.0	3	1.0048772103987667	19.46875515917885	230.0	36	1.05	0.95				
	315	2	155.44131605157895	31.382473903157894	0.0	0.0	3	1.0387455648775807	18.074481502831773	230.0	36	1.05	0.95				
	316	2	49.03511547368421	9.807023094736843	0.0	0.0	3	1.0332330048725564	18.792876665347077	230.0	36	1.05	0.95				
	317	1	0.0	0.0	0.0	0.0	3	1.05	20.537779204396916	230.0	37	1.05	0.95				
	318	2	163.28693452736843	33.343878522105264	0.0	0.0	3	1.0492273905571683	17.179439999203932	230.0	37	1.05	0.95				
	319	1	88.75355900736842	18.142992725263156	0.0	0.0	3	1.0286360406748876	19.761862690015583	230.0	35	1.05	0.95				
	320	1	62.76494780631579	12.749130023157896	0.0	0.0	3	1.0258622089241016	20.498063382460412	230.0	35	1.05	0.95				
	321	2	0.0	0.0	0.0	0.0	3	1.0482162356064213	18.12699501539529	230.0	37	1.05	0.95				
	322	2	0.0	0.0	0.0	0.0	3	1.05	23.419004419918604	230.0	37	1.05	0.95				
	323	2	0.0	0.0	0.0	0.0	3	1.0245631689522987	20.970098609214983	230.0	35	1.05	0.95				
	324	1	0.0	0.0	0.0	0.0	3	1.0378899122994654	20.12537215585581	230.0	36	1.05	0.95				
	325	1	0.0	0.0	0.0	0.0	3	1.0271775200318183	21.147164919350494	230.0	35	1.05	0.95				
];
