%% MATPOWER Case Format : Version 2
function mpc = RTS_GMLC
mpc.version = '2';

%%-----  Power Flow Data  -----%%
%% system MVA base
mpc.baseMVA = 100.0;
%% bus data
%    bus_i    type    Pd    Qd    Gs    Bs    area    Vm    Va    baseKV    zone    Vmax    Vmin
mpc.bus = [
	101	2	43.45917862736842	8.852795646315789	0.0	0.0	1	1.022538317622821	-4.229918142826796	138.0	11	1.05	0.95				
	102	2	39.032780804210525	8.047996042105265	0.0	0.0	1	1.021909742577698	-4.425943820676571	138.0	12	1.05	0.95				
	103	1	72.43196437894737	14.888792677894735	0.0	0.0	1	1.0175847581131479	-0.6018761692747671	138.0	11	1.05	0.95				
	104	1	29.77758535578947	6.035997031578947	0.0	0.0	1	1.0183532971264073	-4.47030264791141	138.0	11	1.05	0.95				
	105	1	28.570385949473682	5.633597229473685	0.0	0.0	1	1.0314941108896933	-5.442714441023389	138.0	11	1.05	0.95				
	106	1	54.726373086315796	11.26719445894737	0.0	-100.0	1	1.0444383621711428	-6.589115374919616	138.0	12	1.05	0.95				
	107	2	50.29997526315789	10.05999505263158	0.0	0.0	1	1.0048925537076843	-10.191093305611751	138.0	12	1.05	0.95				
	108	1	68.81036616	14.083993073684208	0.0	0.0	1	1.0074017447658659	-9.064205761798158	138.0	12	1.05	0.95				
	109	1	70.41996536842106	14.486392875789472	0.0	0.0	1	1.0221652946995512	-3.7369651187738717	138.0	13	1.05	0.95				
	110	1	78.46796141052631	16.09599208421053	0.0	0.0	1	1.05	-5.375454783070138	138.0	13	1.05	0.95				
	111	1	0.0	0.0	0.0	0.0	1	1.0016418144503223	-1.1390028317148433	230.0	13	1.05	0.95				
	112	1	0.0	0.0	0.0	0.0	1	1.0062442450937248	-1.6724128319589562	230.0	13	1.05	0.95				
	113	3	106.63594755789474	21.72958931368421	0.0	0.0	1	1.0001682202309847	-5.034739434943346e-28	230.0	14	1.05	0.95				
	114	2	78.06556160842105	15.693592282105264	0.0	0.0	1	0.996144188419589	1.4429451030682843	230.0	16	1.05	0.95				
	115	2	127.56073726736842	25.753587334736842	0.0	0.0	1	1.0073452573333763	8.951813458470722	230.0	16	1.05	0.95				
	116	2	40.23998021052632	8.047996042105265	0.0	0.0	1	1.0077889467496366	7.610973189071344	230.0	16	1.05	0.95				
	117	1	0.0	0.0	0.0	0.0	1	1.0110647735547202	12.206134507190402	230.0	17	1.05	0.95				
	118	2	133.99913410105265	27.363186543157898	0.0	0.0	1	1.011544526049206	12.966395509925102	230.0	17	1.05	0.95				
	119	1	72.83436418105263	14.888792677894735	0.0	0.0	1	1.0036900699087714	4.696110137852676	230.0	15	1.05	0.95				
	120	1	51.507174669473685	10.462394854736843	0.0	0.0	1	1.0041175872155907	2.6942917242095503	230.0	15	1.05	0.95				
	121	2	0.0	0.0	0.0	0.0	1	1.0097065034835182	14.424440664254789	230.0	17	1.05	0.95				
	122	2	0.0	0.0	0.0	0.0	1	1.05	24.74010878005617	230.0	17	1.05	0.95				
	123	2	0.0	0.0	0.0	0.0	1	1.0050579059405398	1.9169216995978295	230.0	15	1.05	0.95				
	124	1	0.0	0.0	0.0	0.0	1	0.9995987178128332	5.298502529299007	230.0	16	1.05	0.95				
	201	2	39.082638126315786	7.961278136842105	0.0	0.0	2	1.0064116057273507	-11.075944239581816	138.0	21	1.05	0.95				
	202	2	35.10199905789474	7.237525578947368	0.0	0.0	2	1.004906514741618	-11.31999317131336	138.0	22	1.05	0.95				
	203	1	65.13773021052631	13.38942232105263	0.0	0.0	2	1.0167725990510694	-8.543870410050925	138.0	21	1.05	0.95				
	204	1	26.77884464210526	5.428144184210526	0.0	0.0	2	1.0101601400063793	-11.04333668596604	138.0	21	1.05	0.95				
	205	1	25.693215805263154	5.0662679052631585	0.0	0.0	2	1.0238236527575975	-11.349218183655461	138.0	21	1.05	0.95				
	206	1	49.215173936842106	10.132535810526317	0.0	-100.0	2	1.0416139793006571	-11.973014692654148	138.0	22	1.05	0.95				
	207	2	45.23453486842105	9.04690697368421	0.0	0.0	2	0.9888180461385458	-16.19029807828219	138.0	22	1.05	0.95				
	208	1	61.8808437	12.665669763157894	0.0	0.0	2	0.9994465393135676	-14.634595974089931	138.0	22	1.05	0.95				
	209	1	63.32834881578947	13.027546042105262	0.0	0.0	2	1.0244274270379483	-9.312684657870586	138.0	23	1.05	0.95				
	210	1	70.56587439473684	14.475051157894736	0.0	0.0	2	1.05	-10.449711290535701	138.0	23	1.05	0.95				
	211	1	0.0	0.0	0.0	0.0	2	1.0028431075770372	-6.874125097842464	230.0	23	1.05	0.95				
	212	1	0.0	0.0	0.0	0.0	2	1.0150407928824647	-4.882658636527241	230.0	23	1.05	0.95				
	213	2	95.89721392105263	19.541319063157893	0.0	0.0	2	1.0029025348851166	-5.3083982517334665	230.0	24	1.05	0.95				
	214	2	70.20399811578947	14.113174878947369	0.0	0.0	2	0.9946091506358189	-5.0865949369382575	230.0	26	1.05	0.95				
	215	2	114.71478042631577	23.160081852631578	0.0	0.0	2	1.0215985027686196	0.24644363712981907	230.0	26	1.05	0.95				
	216	2	36.18762789473684	7.237525578947368	0.0	0.0	2	1.0221711647886702	-0.4716200732602716	230.0	26	1.05	0.95				
	217	1	0.0	0.0	0.0	0.0	2	1.0245524172469405	1.0273747638689326	230.0	27	1.05	0.95				
	218	2	120.50480088947369	24.607586968421053	0.0	0.0	2	1.0244576938944372	0.7759090944640898	230.0	27	1.05	0.95				
	219	1	65.49960648947368	13.38942232105263	0.0	0.0	2	1.0305992042303962	-0.5586450117847503	230.0	25	1.05	0.95				
	220	1	46.320163705263155	9.40878325263158	0.0	0.0	2	1.039964497753969	0.06686156283147561	230.0	25	1.05	0.95				
	221	2	0.0	0.0	0.0	0.0	2	1.026975896438177	1.39262716574335	230.0	27	1.05	0.95				
	222	2	0.0	0.0	0.0	0.0	2	1.048285588705902	7.761055312950169	230.0	27	1.05	0.95				
	223	2	0.0	0.0	0.0	0.0	2	1.045472227413588	0.6753930516220691	230.0	25	1.05	0.95				
	224	1	0.0	0.0	0.0	0.0	2	1.0089071506531833	-3.0626973447485772	230.0	26	1.05	0.95				
	301	2	61.63619108210527	12.555520405614038	0.0	0.0	3	1.0480099713138948	22.728666094076324	138.0	31	1.05	0.95				
	302	2	55.35843087929825	11.414109459649124	0.0	0.0	3	1.0441044426203199	22.374002595069072	138.0	32	1.05	0.95				
	303	1	102.72698513684213	21.11610250035088	0.0	0.0	3	1.048859328621155	38.831722878559745	138.0	31	1.05	0.95				
	304	1	42.23220500070176	8.560582094736843	0.0	0.0	3	1.018730117866669	23.919558547413327	138.0	31	1.05	0.95				
	305	1	40.520088581754386	7.989876621754388	0.0	0.0	3	1.0422248499532245	22.026970784563158	138.0	31	1.05	0.95				
	306	1	77.61594432561405	15.979753243508776	0.0	-100.0	3	1.0451767780480476	20.98039536494988	138.0	32	1.05	0.95				
	307	2	71.33818412280702	14.267636824561405	0.0	0.0	3	0.95	16.32975229454551	138.0	32	1.05	0.95				
	308	1	97.59063588000001	19.974691554385966	0.0	0.0	3	0.9699180370318896	18.929582817818783	138.0	32	1.05	0.95				
	309	1	99.87345777192984	20.545397027368423	0.0	0.0	3	1.0169700170677962	27.57021531533741	138.0	33	1.05	0.95				
	310	1	111.28756723157895	22.828218919298248	0.0	0.0	3	1.05	23.103730325073595	138.0	33	1.05	0.95				
	311	1	0.0	0.0	0.0	0.0	3	1.0040374199380777	27.184652230241458	230.0	33	1.05	0.95				
	312	1	0.0	0.0	0.0	0.0	3	1.0087720207782815	27.62414014893644	230.0	33	1.05	0.95				
	313	2	151.2369503403509	30.818095541052635	0.0	0.0	3	1.0052593745309852	30.401112030202928	230.0	34	1.05	0.95				
	314	2	110.7168617585965	22.257513446315794	0.0	0.0	3	0.9984066963884014	26.33811519601571	230.0	36	1.05	0.95				
	315	2	180.9136349354386	36.5251502708772	0.0	0.0	3	1.0431687597551398	23.184465605102545	230.0	36	1.05	0.95				
	316	2	57.07054729824562	11.414109459649124	0.0	0.0	3	1.0279470247123461	23.278266476776427	230.0	36	1.05	0.95				
	317	1	0.0	0.0	0.0	0.0	3	1.0469269028298307	23.428896759390643	230.0	37	1.05	0.95				
	318	2	190.04492250315792	38.807972162807026	0.0	0.0	3	1.05	20.7854180835792	230.0	37	1.05	0.95				
	319	1	103.29769060982458	21.11610250035088	0.0	0.0	3	1.0178931395378492	23.98853233599745	230.0	35	1.05	0.95				
	320	1	73.0503005417544	14.838342297543864	0.0	0.0	3	1.010705278578631	24.396974356164797	230.0	35	1.05	0.95				
	321	2	0.0	0.0	0.0	0.0	3	1.05	22.19342058977751	230.0	37	1.05	0.95				
	322	2	0.0	0.0	0.0	0.0	3	1.05	27.02175847751059	230.0	37	1.05	0.95				
	323	2	0.0	0.0	0.0	0.0	3	1.0066241133184939	24.4740942134689	230.0	35	1.05	0.95				
	324	1	0.0	0.0	0.0	0.0	3	1.0412384504631722	30.38085918304181	230.0	36	1.05	0.95				
	325	1	0.0	0.0	0.0	0.0	3	1.0082097696644794	23.626758174339596	230.0	35	1.05	0.95				
];
