%% MATPOWER Case Format : Version 2
function mpc = RTS_GMLC
mpc.version = '2';

%%-----  Power Flow Data  -----%%
%% system MVA base
mpc.baseMVA = 100.0;
%% bus data
%    bus_i    type    Pd    Qd    Gs    Bs    area    Vm    Va    baseKV    zone    Vmax    Vmin
mpc.bus = [
	101	2	54.41415142736842	11.084364179649123	0.0	0.0	1	1.0307069677867249	-1.3675350812914346	138.0	11	1.05	0.95				
	102	2	48.87196933754386	10.07669470877193	0.0	0.0	1	1.0297837771418046	-1.6428365129472526	138.0	12	1.05	0.95				
	103	1	90.69025237894736	18.641885211228068	0.0	0.0	1	1.0270372848297722	-1.9274524489493983	138.0	11	1.05	0.95				
	104	1	37.283770422456136	7.557521031578947	0.0	0.0	1	1.0189650105752004	-4.23568993473963	138.0	11	1.05	0.95				
	105	1	35.772266216140345	7.053686296140352	0.0	0.0	1	1.033704956404953	-4.140723971450423	138.0	11	1.05	0.95				
	106	1	68.52152401964912	14.107372592280704	0.0	-100.0	1	1.0427804565272758	-6.231790951773201	138.0	12	1.05	0.95				
	107	2	62.979341929824564	12.595868385964911	0.0	0.0	1	1.0010010128722602	-12.376163003464814	138.0	12	1.05	0.95				
	108	1	86.15573975999999	17.634215740350875	0.0	0.0	1	1.0018549859410053	-10.745335773686552	138.0	12	1.05	0.95				
	109	1	88.17107870175438	18.138050475789473	0.0	0.0	1	1.0252858527547493	-4.305252667331207	138.0	13	1.05	0.95				
	110	1	98.2477734105263	20.15338941754386	0.0	0.0	1	1.05	-5.353730331570065	138.0	13	1.05	0.95				
	111	1	0.0	0.0	0.0	0.0	1	1.0075332584161072	-1.5337111532498156	230.0	13	1.05	0.95				
	112	1	0.0	0.0	0.0	0.0	1	1.0115149801282783	-1.1729107291042145	230.0	13	1.05	0.95				
	113	3	133.51620489122806	27.20707571368421	0.0	0.0	1	1.0048330117025364	6.072778690228987e-30	230.0	14	1.05	0.95				
	114	2	97.74393867508772	19.649554682105265	0.0	0.0	1	1.0068887131692492	0.5251693091940658	230.0	16	1.05	0.95				
	115	2	159.71561113403507	32.245423068070174	0.0	0.0	1	1.041238146789149	7.001530530949118	230.0	16	1.05	0.95				
	116	2	50.383473543859644	10.07669470877193	0.0	0.0	1	1.037479857459633	6.392274273913148	230.0	16	1.05	0.95				
	117	1	0.0	0.0	0.0	0.0	1	1.0433042828434138	8.98413706189579	230.0	17	1.05	0.95				
	118	2	167.77696690105265	34.26076200982456	0.0	0.0	1	1.0463991954511291	9.078222217371021	230.0	17	1.05	0.95				
	119	1	91.19408711438597	18.641885211228068	0.0	0.0	1	1.0306549897392376	5.004595432815723	230.0	15	1.05	0.95				
	120	1	64.49084613614035	13.099703121403508	0.0	0.0	1	1.0287283880286207	4.762784380199284	230.0	15	1.05	0.95				
	121	2	0.0	0.0	0.0	0.0	1	1.049999958152349	10.318195648159211	230.0	17	1.05	0.95				
	122	2	0.0	0.0	0.0	0.0	1	1.05	18.772584841572147	230.0	17	1.05	0.95				
	123	2	0.0	0.0	0.0	0.0	1	1.028536803828333	5.0145779222165014	230.0	15	1.05	0.95				
	124	1	0.0	0.0	0.0	0.0	1	1.02466838524246	3.6724068116416646	230.0	16	1.05	0.95				
	201	2	55.946481991578956	11.396505590877194	0.0	0.0	2	1.0241061054761458	-12.506394334790585	138.0	21	1.05	0.95				
	202	2	50.24822919614035	10.360459628070176	0.0	0.0	2	1.0250670644457942	-12.328170767179975	138.0	22	1.05	0.95				
	203	1	93.24413665263158	19.166850311929824	0.0	0.0	2	1.0172407622410404	-10.768126842943442	138.0	21	1.05	0.95				
	204	1	38.33370062385965	7.7703447210526315	0.0	0.0	2	1.0159614885798223	-13.732105534033282	138.0	21	1.05	0.95				
	205	1	36.77963167964912	7.252321739649123	0.0	0.0	2	1.0306270407150437	-14.117918692772966	138.0	21	1.05	0.95				
	206	1	70.4511254708772	14.504643479298245	0.0	-100.0	2	1.0417109328712761	-15.479089888449273	138.0	22	1.05	0.95				
	207	2	64.7528726754386	12.95057453508772	0.0	0.0	2	0.9896447170145624	-22.90672440296244	138.0	22	1.05	0.95				
	208	1	88.58192982	18.130804349122805	0.0	0.0	2	0.9932028289526246	-20.485547923981468	138.0	22	1.05	0.95				
	209	1	90.65402174561403	18.648827330526316	0.0	0.0	2	1.023776825147861	-12.754961724455754	138.0	23	1.05	0.95				
	210	1	101.0144813736842	20.720919256140352	0.0	0.0	2	1.05	-14.091165183565376	138.0	23	1.05	0.95				
	211	1	0.0	0.0	0.0	0.0	2	1.011390432677014	-9.301527140057061	230.0	23	1.05	0.95				
	212	1	0.0	0.0	0.0	0.0	2	1.0119848376849587	-8.330045871419978	230.0	23	1.05	0.95				
	213	2	137.27609007192981	27.973240995789478	0.0	0.0	2	1.010440952987897	-7.804435696000237	230.0	24	1.05	0.95				
	214	2	100.4964583922807	20.202896274736844	0.0	0.0	2	1.0167683239102023	-6.443229649586951	230.0	26	1.05	0.95				
	215	2	164.2132851049123	33.15347080982456	0.0	0.0	2	1.0328984198234434	0.8241325184680734	230.0	26	1.05	0.95				
	216	2	51.80229814035088	10.360459628070176	0.0	0.0	2	1.034737466301509	0.7385542436135489	230.0	26	1.05	0.95				
	217	1	0.0	0.0	0.0	0.0	2	1.0383330994012057	3.381974397311846	230.0	27	1.05	0.95				
	218	2	172.50165280736843	35.2255627354386	0.0	0.0	2	1.039327209914889	3.6373828981641125	230.0	27	1.05	0.95				
	219	1	93.76215963403509	19.166850311929824	0.0	0.0	2	1.035290442257765	0.5694982290699744	230.0	25	1.05	0.95				
	220	1	66.30694161964912	13.46859751649123	0.0	0.0	2	1.0396423010727855	1.4115261022972958	230.0	25	1.05	0.95				
	221	2	0.0	0.0	0.0	0.0	2	1.0395127926135466	3.4654471446214217	230.0	27	1.05	0.95				
	222	2	0.0	0.0	0.0	0.0	2	1.05	9.934445501743637	230.0	27	1.05	0.95				
	223	2	0.0	0.0	0.0	0.0	2	1.0432141506967714	2.2559638429377924	230.0	25	1.05	0.95				
	224	1	0.0	0.0	0.0	0.0	2	1.0126522225379695	-3.4977729414620815	230.0	26	1.05	0.95				
	301	2	54.32458081263158	11.066118313684212	0.0	0.0	3	1.011622124277501	-12.90146122677435	138.0	31	1.05	0.95				
	302	2	48.791521655789474	10.060107557894737	0.0	0.0	3	1.0106007334082263	-13.115510180748625	138.0	32	1.05	0.95				
	303	1	90.54096802105263	18.611198982105265	0.0	0.0	3	1.0406934207724823	-3.110637748689563	138.0	31	1.05	0.95				
	304	1	37.22239796421053	7.545080668421053	0.0	0.0	3	1.0113781796873231	-11.38781793996733	138.0	31	1.05	0.95				
	305	1	35.713381830526316	7.042075290526317	0.0	0.0	3	1.0244342126487895	-13.044121400036076	138.0	31	1.05	0.95				
	306	1	68.40873139368422	14.084150581052635	0.0	-100.0	3	1.038934835428331	-13.698775384727305	138.0	32	1.05	0.95				
	307	2	62.87567223684211	12.575134447368422	0.0	0.0	3	0.9923247365784407	-18.900920516311697	138.0	32	1.05	0.95				
	308	1	86.01391962	17.60518822631579	0.0	0.0	3	0.9963292867978228	-16.572671857183057	138.0	32	1.05	0.95				
	309	1	88.02594113157896	18.108193604210527	0.0	0.0	3	1.0286941637433231	-7.929245886630256	138.0	33	1.05	0.95				
	310	1	98.0860486894737	20.120215115789474	0.0	0.0	3	1.05	-11.570097284457407	138.0	33	1.05	0.95				
	311	1	0.0	0.0	0.0	0.0	3	1.0124188489310189	-5.627650126112051	230.0	33	1.05	0.95				
	312	1	0.0	0.0	0.0	0.0	3	1.014264165539182	-5.322078001278432	230.0	33	1.05	0.95				
	313	2	133.29642514210528	27.16229040631579	0.0	0.0	3	1.013035312966412	-2.726016439468605	230.0	34	1.05	0.95				
	314	2	97.58304331157895	19.61720973789474	0.0	0.0	3	1.015707443231519	-3.9628924258393	230.0	36	1.05	0.95				
	315	2	159.45270479263158	32.19234418526316	0.0	0.0	3	1.0412126716284456	1.3936678714467694	230.0	36	1.05	0.95				
	316	2	50.30053778947369	10.060107557894737	0.0	0.0	3	1.0396623576432145	1.3958328591694673	230.0	36	1.05	0.95				
	317	1	0.0	0.0	0.0	0.0	3	1.05	6.934810140051734	230.0	37	1.05	0.95				
	318	2	167.50079083894738	34.20436569684211	0.0	0.0	3	1.0458869909166022	4.805232671962869	230.0	37	1.05	0.95				
	319	1	91.04397339894737	18.611198982105265	0.0	0.0	3	1.0322033063743956	-0.08331523393726405	230.0	35	1.05	0.95				
	320	1	64.38468837052632	13.078139825263161	0.0	0.0	3	1.0297562206500668	-0.41081009813505065	230.0	35	1.05	0.95				
	321	2	0.0	0.0	0.0	0.0	3	1.0456350577286657	4.287443183842129	230.0	37	1.05	0.95				
	322	2	0.0	0.0	0.0	0.0	3	1.05	9.669149934393293	230.0	37	1.05	0.95				
	323	2	0.0	0.0	0.0	0.0	3	1.0292615636421782	-0.20752046060768348	230.0	35	1.05	0.95				
	324	1	0.0	0.0	0.0	0.0	3	1.0340559358166352	-0.30487559303531564	230.0	36	1.05	0.95				
	325	1	0.0	0.0	0.0	0.0	3	1.0286857545545522	0.6900031416899688	230.0	35	1.05	0.95				
];
