%% MATPOWER Case Format : Version 2
function mpc = RTS_GMLC
mpc.version = '2';

%%-----  Power Flow Data  -----%%
%% system MVA base
mpc.baseMVA = 100.0;
%% bus data
%    bus_i    type    Pd    Qd    Gs    Bs    area    Vm    Va    baseKV    zone    Vmax    Vmin
mpc.bus = [
	101	2	40.62691735578948	8.275853535438598	0.0	0.0	1	1.0433249011106804	5.017232026141277	138.0	11	1.05	0.95				
	102	2	36.48899058807018	7.523503214035089	0.0	0.0	1	1.042333650487231	4.747733975111989	138.0	12	1.05	0.95				
	103	1	67.7115289263158	13.918480945964914	0.0	0.0	1	1.0293383009574013	1.0138519690042034	138.0	11	1.05	0.95				
	104	1	27.83696189192983	5.642627410526316	0.0	0.0	1	1.0273199804346596	1.0679001422439551	138.0	11	1.05	0.95				
	105	1	26.708436409824564	5.266452249824562	0.0	0.0	1	1.0409059670017553	1.208533700821459	138.0	11	1.05	0.95				
	106	1	51.1598218554386	10.532904499649124	0.0	-100.0	1	1.048537781143967	-1.3604949901995536	138.0	12	1.05	0.95				
	107	2	47.02189508771931	9.40437901754386	0.0	0.0	1	1.000087840309287	-7.288837164261733	138.0	12	1.05	0.95				
	108	1	64.32595248	13.166130624561404	0.0	0.0	1	1.0057318496903973	-5.913370310008795	138.0	12	1.05	0.95				
	109	1	65.83065312280702	13.542305785263158	0.0	0.0	1	1.0243861480336827	-1.0668279222427743	138.0	13	1.05	0.95				
	110	1	73.35415633684211	15.047006428070178	0.0	0.0	1	1.05	-1.5107337543120964	138.0	13	1.05	0.95				
	111	1	0.0	0.0	0.0	0.0	1	1.0010396198199978	0.004411123478498852	230.0	13	1.05	0.95				
	112	1	0.0	0.0	0.0	0.0	1	1.006143230156857	0.33325208512300997	230.0	13	1.05	0.95				
	113	3	99.68641758596493	20.31345867789474	0.0	0.0	1	0.9898185590712605	7.93957692681278e-27	230.0	14	1.05	0.95				
	114	2	72.97798117614036	14.670831267368422	0.0	0.0	1	0.9961569653486066	1.4354233302771098	230.0	16	1.05	0.95				
	115	2	119.24752594245615	24.075210284912284	0.0	0.0	1	1.0329408300083156	5.739019041656005	230.0	16	1.05	0.95				
	116	2	37.61751607017544	7.523503214035089	0.0	0.0	1	1.028295327844844	5.627009371005732	230.0	16	1.05	0.95				
	117	1	0.0	0.0	0.0	0.0	1	1.037781712128711	7.473131025669649	230.0	17	1.05	0.95				
	118	2	125.26632851368421	25.5799109277193	0.0	0.0	1	1.0408786076895382	7.448629695561379	230.0	17	1.05	0.95				
	119	1	68.08770408701756	13.918480945964914	0.0	0.0	1	1.0213068875882154	4.73329055230888	230.0	15	1.05	0.95				
	120	1	48.15042056982457	9.780554178245616	0.0	0.0	1	1.017604451448022	4.689357290966882	230.0	15	1.05	0.95				
	121	2	0.0	0.0	0.0	0.0	1	1.0452494037431441	8.287889529378385	230.0	17	1.05	0.95				
	122	2	0.0	0.0	0.0	0.0	1	1.05	15.062619526302688	230.0	17	1.05	0.95				
	123	2	0.0	0.0	0.0	0.0	1	1.015895212112468	4.962845193587101	230.0	15	1.05	0.95				
	124	1	0.0	0.0	0.0	0.0	1	1.024498174800878	3.964408682287115	230.0	16	1.05	0.95				
	201	2	36.41366283536843	7.417597984982456	0.0	0.0	2	1.0166498934588184	-9.089416360074154	138.0	21	1.05	0.95				
	202	2	32.70486384287719	6.743270895438597	0.0	0.0	2	1.016219154062595	-9.23299992042757	138.0	22	1.05	0.95				
	203	1	60.689438058947374	12.475051156561404	0.0	0.0	2	1.0167545024303362	-6.774051826392332	138.0	21	1.05	0.95				
	204	1	24.95010231312281	5.057453171578947	0.0	0.0	2	1.0148815715684436	-9.650215710323593	138.0	21	1.05	0.95				
	205	1	23.938611678807018	4.720289626807018	0.0	0.0	2	1.0294232668685428	-9.952336643705925	138.0	21	1.05	0.95				
	206	1	45.85424208898246	9.440579253614036	0.0	-100.0	2	1.0449748900371836	-10.847683024138103	138.0	22	1.05	0.95				
	207	2	42.14544309649123	8.429088619298247	0.0	0.0	2	0.9954697496086269	-15.060206169845525	138.0	22	1.05	0.95				
	208	1	57.654966156	11.800724067017542	0.0	0.0	2	1.0038204137960536	-13.60473304580991	138.0	22	1.05	0.95				
	209	1	59.003620335087724	12.137887611789473	0.0	0.0	2	1.0225347951923582	-8.584853789167138	138.0	23	1.05	0.95				
	210	1	65.74689123052632	13.486541790877194	0.0	0.0	2	1.05	-9.730097803042074	138.0	23	1.05	0.95				
	211	1	0.0	0.0	0.0	0.0	2	1.0014726436703283	-6.18883884755788	230.0	23	1.05	0.95				
	212	1	0.0	0.0	0.0	0.0	2	1.0060170187199409	-5.782641566659588	230.0	23	1.05	0.95				
	213	2	89.3483393645614	18.206831417684214	0.0	0.0	2	0.9940928502926298	-5.294389385968075	230.0	24	1.05	0.95				
	214	2	65.40972768575438	13.149378246105265	0.0	0.0	2	0.9992580751562931	-3.8498786681696666	230.0	26	1.05	0.95				
	215	2	106.88084369270176	21.57846686540351	0.0	0.0	2	1.0186337019058271	1.8221649136411928	230.0	26	1.05	0.95				
	216	2	33.716354477192986	6.743270895438597	0.0	0.0	2	1.019398634206337	1.4607789478250492	230.0	26	1.05	0.95				
	217	1	0.0	0.0	0.0	0.0	2	1.024566667705328	3.1133667006202175	230.0	27	1.05	0.95				
	218	2	112.27546040905263	22.92712104449123	0.0	0.0	2	1.0241040205147367	2.776342218535897	230.0	27	1.05	0.95				
	219	1	61.0266016037193	12.475051156561404	0.0	0.0	2	1.0198360614685456	0.8009642624424688	230.0	25	1.05	0.95				
	220	1	43.15693373080702	8.766252164070176	0.0	0.0	2	1.0220807557785543	0.898380021537046	230.0	25	1.05	0.95				
	221	2	0.0	0.0	0.0	0.0	2	1.0258661012508294	3.258175961166813	230.0	27	1.05	0.95				
	222	2	0.0	0.0	0.0	0.0	2	1.0477690945839608	9.719498341245705	230.0	27	1.05	0.95				
	223	2	0.0	0.0	0.0	0.0	2	1.0234706613431468	1.2149594247796758	230.0	25	1.05	0.95				
	224	1	0.0	0.0	0.0	0.0	2	1.0072900648046679	-1.4238312786771505	230.0	26	1.05	0.95				
	301	2	48.96045557052632	9.973426134736842	0.0	0.0	3	1.0077942675495764	-21.877715581718498	138.0	31	1.05	0.95				
	302	2	43.973742503157894	9.066751031578947	0.0	0.0	3	1.0074044435008596	-21.975622194247855	138.0	32	1.05	0.95				
	303	1	81.60075928421053	16.773489408421053	0.0	0.0	3	1.0195630862089673	-17.041956929943105	138.0	31	1.05	0.95				
	304	1	33.546978816842106	6.800063273684209	0.0	0.0	3	1.0089538904434796	-20.543581339452704	138.0	31	1.05	0.95				
	305	1	32.18696616210526	6.346725722105264	0.0	0.0	3	1.0228114500542511	-20.98470954514794	138.0	31	1.05	0.95				
	306	1	61.653907014736845	12.693451444210528	0.0	-100.0	3	1.0395205035072148	-21.023514416130674	138.0	32	1.05	0.95				
	307	2	56.667193947368425	11.333438789473684	0.0	0.0	3	0.9945069586433192	-26.260359221535484	138.0	32	1.05	0.95				
	308	1	77.52072131999999	15.866814305263155	0.0	0.0	3	0.999055629961277	-24.1879967220029	138.0	32	1.05	0.95				
	309	1	79.33407152631578	16.320151856842106	0.0	0.0	3	1.0246452121785201	-17.510309076610632	138.0	33	1.05	0.95				
	310	1	88.40082255789473	18.133502063157895	0.0	0.0	3	1.05	-18.63480067941237	138.0	33	1.05	0.95				
	311	1	0.0	0.0	0.0	0.0	3	1.0075105070884558	-13.034321635414003	230.0	33	1.05	0.95				
	312	1	0.0	0.0	0.0	0.0	3	1.0107834827141473	-12.43425226036522	230.0	33	1.05	0.95				
	313	2	120.13445116842104	24.48022778526316	0.0	0.0	3	1.0106524616713362	-9.294871500356189	230.0	34	1.05	0.95				
	314	2	87.94748500631579	17.680164511578948	0.0	0.0	3	1.008879977445944	-11.180688227788897	230.0	36	1.05	0.95				
	315	2	143.70800385052632	29.013603301052633	0.0	0.0	3	1.027826318002598	-8.646327632418885	230.0	36	1.05	0.95				
	316	2	45.333755157894736	9.066751031578947	0.0	0.0	3	1.0275797205485293	-7.781516412504091	230.0	36	1.05	0.95				
	317	1	0.0	0.0	0.0	0.0	3	1.0320361090126244	-6.523165156715631	230.0	37	1.05	0.95				
	318	2	150.96140467578948	30.826953507368422	0.0	0.0	3	1.0303688634982502	-6.7299269015153715	230.0	37	1.05	0.95				
	319	1	82.05409683578947	16.773489408421053	0.0	0.0	3	1.0268721271106107	-7.449617636226119	230.0	35	1.05	0.95				
	320	1	58.02720660210527	11.786776341052631	0.0	0.0	3	1.0276985269427374	-7.006422290350841	230.0	35	1.05	0.95				
	321	2	0.0	0.0	0.0	0.0	3	1.0317249465878513	-6.834954456582678	230.0	37	1.05	0.95				
	322	2	0.0	0.0	0.0	0.0	3	1.045086059123217	-2.364734492690336	230.0	37	1.05	0.95				
	323	2	0.0	0.0	0.0	0.0	3	1.0286653419940002	-6.5145659917459495	230.0	35	1.05	0.95				
	324	1	0.0	0.0	0.0	0.0	3	1.0153814367000755	-11.017384521311987	230.0	36	1.05	0.95				
	325	1	0.0	0.0	0.0	0.0	3	1.025712425075786	-5.272999992949296	230.0	35	1.05	0.95				
];
