%% MATPOWER Case Format : Version 2
function mpc = RTS_GMLC
mpc.version = '2';

%%-----  Power Flow Data  -----%%
%% system MVA base
mpc.baseMVA = 100.0;
%% bus data
%    bus_i    type    Pd    Qd    Gs    Bs    area    Vm    Va    baseKV    zone    Vmax    Vmin
mpc.bus = [
	101	2	39.67837704000001	8.08263236	0.0	0.0	1	1.0379144655045298	2.7524395231608887	138.0	11	1.05	0.95				
	102	2	35.637060860000005	7.3478476	0.0	0.0	1	1.036935618829101	2.432194928432614	138.0	12	1.05	0.95				
	103	1	66.1306284	13.593518060000001	0.0	0.0	1	1.0239993520271242	2.4179471874662593	138.0	11	1.05	0.95				
	104	1	27.187036120000002	5.5108857	0.0	0.0	1	1.022699493283962	-0.5190714379297672	138.0	11	1.05	0.95				
	105	1	26.084858979999996	5.14349332	0.0	0.0	1	1.0388781695773854	-0.3876900060617272	138.0	11	1.05	0.95				
	106	1	49.96536368000001	10.28698664	0.0	-100.0	1	1.0480683700691995	-2.590268329470762	138.0	12	1.05	0.95				
	107	2	45.9240475	9.1848095	0.0	0.0	1	1.0009451564735576	-10.061724033813416	138.0	12	1.05	0.95				
	108	1	62.82409698	12.858733299999999	0.0	0.0	1	1.0047853022316535	-7.746567050103317	138.0	12	1.05	0.95				
	109	1	64.2936665	13.22612568	0.0	0.0	1	1.0217981880762548	-1.4539298967124448	138.0	13	1.05	0.95				
	110	1	71.64151410000001	14.6956952	0.0	0.0	1	1.05	-2.4281656375971554	138.0	13	1.05	0.95				
	111	1	0.0	0.0	0.0	0.0	1	0.9996995897388835	0.457990403933938	230.0	13	1.05	0.95				
	112	1	0.0	0.0	0.0	0.0	1	1.0052309372217865	-0.45926430588138656	230.0	13	1.05	0.95				
	113	3	97.3589807	19.839188520000004	0.0	0.0	1	0.9932908828955739	1.3778517057435356e-28	230.0	14	1.05	0.95				
	114	2	71.27412172000001	14.328302820000003	0.0	0.0	1	0.9940671938308906	3.418212097950617	230.0	16	1.05	0.95				
	115	2	116.46338446	23.51311232	0.0	0.0	1	1.019094579077826	11.463565299335674	230.0	16	1.05	0.95				
	116	2	36.739238	7.3478476	0.0	0.0	1	1.0162806528860853	9.777381456232066	230.0	16	1.05	0.95				
	117	1	0.0	0.0	0.0	0.0	1	1.0217895525728127	14.789395626856631	230.0	17	1.05	0.95				
	118	2	122.34166254	24.982681840000005	0.0	0.0	1	1.0264032379935617	15.521950842104282	230.0	17	1.05	0.95				
	119	1	66.49802078	13.593518060000001	0.0	0.0	1	1.0072264737762278	6.003804375282496	230.0	15	1.05	0.95				
	120	1	47.02622464	9.552201880000002	0.0	0.0	1	1.0047772511300668	3.436044527059678	230.0	15	1.05	0.95				
	121	2	0.0	0.0	0.0	0.0	1	1.026942653342022	17.10384600807261	230.0	17	1.05	0.95				
	122	2	0.0	0.0	0.0	0.0	1	1.05	29.25034018930256	230.0	17	1.05	0.95				
	123	2	0.0	0.0	0.0	0.0	1	1.004221771178259	2.315169980093998	230.0	15	1.05	0.95				
	124	1	0.0	0.0	0.0	0.0	1	1.0097941665610006	8.023293615089784	230.0	16	1.05	0.95				
	201	2	39.25263656842105	7.995907449122807	0.0	0.0	2	1.009872026505677	-16.320324310956547	138.0	21	1.05	0.95				
	202	2	35.25468284385965	7.269006771929824	0.0	0.0	2	1.0090220610008818	-16.62426922264408	138.0	22	1.05	0.95				
	203	1	65.42106094736843	13.447662528070175	0.0	0.0	2	1.0139617206097427	-11.955067172877511	138.0	21	1.05	0.95				
	204	1	26.89532505614035	5.451755078947369	0.0	0.0	2	1.0108281530778607	-16.449617900341718	138.0	21	1.05	0.95				
	205	1	25.804974040350874	5.088304740350877	0.0	0.0	2	1.0255951436883644	-16.911965908297447	138.0	21	1.05	0.95				
	206	1	49.42924604912281	10.176609480701755	0.0	-100.0	2	1.0425417102063592	-17.719612432381094	138.0	22	1.05	0.95				
	207	2	45.4312923245614	9.08625846491228	0.0	0.0	2	0.9927197335159469	-21.964006034288015	138.0	22	1.05	0.95				
	208	1	62.150007900000006	12.720761850877194	0.0	0.0	2	1.001143617216041	-20.376913128143713	138.0	22	1.05	0.95				
	209	1	63.603809254385965	13.084212189473684	0.0	0.0	2	1.0222725601502713	-14.791488366121895	138.0	23	1.05	0.95				
	210	1	70.87281602631579	14.538013543859648	0.0	0.0	2	1.05	-16.327349874834596	138.0	23	1.05	0.95				
	211	1	0.0	0.0	0.0	0.0	2	1.0038822816307265	-12.166058964433672	230.0	23	1.05	0.95				
	212	1	0.0	0.0	0.0	0.0	2	1.011191869326222	-11.893199808868786	230.0	23	1.05	0.95				
	213	2	96.31433972807018	19.626318284210527	0.0	0.0	2	1.00162600114867	-11.33508206231375	230.0	24	1.05	0.95				
	214	2	70.5093656877193	14.174563205263158	0.0	0.0	2	1.001249411872718	-9.365585473397141	230.0	26	1.05	0.95				
	215	2	115.21375733508772	23.26082167017544	0.0	0.0	2	1.0177457189893986	-2.5212514805420403	230.0	26	1.05	0.95				
	216	2	36.34503385964912	7.269006771929824	0.0	0.0	2	1.0199752934666348	-3.2342261231930816	230.0	26	1.05	0.95				
	217	1	0.0	0.0	0.0	0.0	2	1.0216581067491992	-1.1585098508591174	230.0	27	1.05	0.95				
	218	2	121.02896275263157	24.714623024561405	0.0	0.0	2	1.0213764723147631	-1.561184879425553	230.0	27	1.05	0.95				
	219	1	65.78451128596492	13.447662528070175	0.0	0.0	2	1.0264975971780093	-4.388686976627677	230.0	25	1.05	0.95				
	220	1	46.52164334035088	9.449708803508772	0.0	0.0	2	1.0344682898581483	-4.668967620234172	230.0	25	1.05	0.95				
	221	2	0.0	0.0	0.0	0.0	2	1.0237254238362734	-1.0749258240328983	230.0	27	1.05	0.95				
	222	2	0.0	0.0	0.0	0.0	2	1.0453210441275629	5.441641856045359	230.0	27	1.05	0.95				
	223	2	0.0	0.0	0.0	0.0	2	1.0390479804651023	-4.547915958239985	230.0	25	1.05	0.95				
	224	1	0.0	0.0	0.0	0.0	2	1.0047668312352664	-6.077209063212039	230.0	26	1.05	0.95				
	301	2	43.32299904	8.825055359999999	0.0	0.0	3	1.032938004663344	9.57334377656551	138.0	31	1.05	0.95				
	302	2	38.910471359999995	8.0227776	0.0	0.0	3	1.0302462541984034	9.23494617757072	138.0	32	1.05	0.95				
	303	1	72.2049984	14.842138559999999	0.0	0.0	3	1.05	24.106329716963963	138.0	31	1.05	0.95				
	304	1	29.684277119999997	6.017083199999999	0.0	0.0	3	1.0173489599407983	10.311403318389226	138.0	31	1.05	0.95				
	305	1	28.480860479999997	5.61594432	0.0	0.0	3	1.036400770681858	8.146663603681844	138.0	31	1.05	0.95				
	306	1	54.55488768	11.23188864	0.0	-100.0	3	1.0458514895377282	6.8457536743551834	138.0	32	1.05	0.95				
	307	2	50.14236	10.028471999999999	0.0	0.0	3	0.95	3.5215249430829756	138.0	32	1.05	0.95				
	308	1	68.59474847999999	14.039860799999998	0.0	0.0	3	0.9736114524401254	5.188750121563292	138.0	32	1.05	0.95				
	309	1	70.199304	14.44099968	0.0	0.0	3	1.0186969270158623	12.868344681152756	138.0	33	1.05	0.95				
	310	1	78.2220816	16.0455552	0.0	0.0	3	1.0492067340132798	7.974403928605032	138.0	33	1.05	0.95				
	311	1	0.0	0.0	0.0	0.0	3	1.0053002092831524	11.228037887453077	230.0	33	1.05	0.95				
	312	1	0.0	0.0	0.0	0.0	3	1.0109973389261389	11.894108801822876	230.0	33	1.05	0.95				
	313	2	106.3018032	21.66149952	0.0	0.0	3	1.0075161656625966	13.579861866762151	230.0	34	1.05	0.95				
	314	2	77.82094271999999	15.644416319999998	0.0	0.0	3	0.9969539595587779	10.079005656900987	230.0	36	1.05	0.95				
	315	2	127.16102495999999	25.67288832	0.0	0.0	3	1.0437184399817698	11.270016759663584	230.0	36	1.05	0.95				
	316	2	40.113887999999996	8.0227776	0.0	0.0	3	1.0243730405636562	10.895318688459472	230.0	36	1.05	0.95				
	317	1	0.0	0.0	0.0	0.0	3	1.0460883210058871	12.585202783730898	230.0	37	1.05	0.95				
	318	2	133.57924703999998	27.27744384	0.0	0.0	3	1.05	10.45745118952664	230.0	37	1.05	0.95				
	319	1	72.60613728	14.842138559999999	0.0	0.0	3	1.0173098810842902	10.75505626979711	230.0	35	1.05	0.95				
	320	1	51.34577664	10.42961088	0.0	0.0	3	1.0137722554521542	11.431636560278813	230.0	35	1.05	0.95				
	321	2	0.0	0.0	0.0	0.0	3	1.05	11.321978370900728	230.0	37	1.05	0.95				
	322	2	0.0	0.0	0.0	0.0	3	1.05	16.159929653570742	230.0	37	1.05	0.95				
	323	2	0.0	0.0	0.0	0.0	3	1.0124637997038572	12.124926055339305	230.0	35	1.05	0.95				
	324	1	0.0	0.0	0.0	0.0	3	1.0418894311953661	16.1799467838963	230.0	36	1.05	0.95				
	325	1	0.0	0.0	0.0	0.0	3	1.0133833232331462	12.55292319066691	230.0	35	1.05	0.95				
];

%% generator data
%    bus    Pg    Qg    Qmax    Qmin    Vg    mBase    status    Pmax    Pmin    Pc1    Pc2    Qc1min    Qc1max    Qc2min    Qc2max    ramp_agc    ramp_10    ramp_30    ramp_q    apf
