%% MATPOWER Case Format : Version 2
function mpc = RTS_GMLC
mpc.version = '2';

%%-----  Power Flow Data  -----%%
%% system MVA base
mpc.baseMVA = 100.0;
%% bus data
%    bus_i    type    Pd    Qd    Gs    Bs    area    Vm    Va    baseKV    zone    Vmax    Vmin
mpc.bus = [
	101	2	44.06036616000001	8.975259773333335	0.0	0.0	1	1.05	7.212405399702293	138.0	11	1.05	0.95				
	102	2	39.572736273333334	8.159327066666668	0.0	0.0	1	1.0499916107610856	6.885372506467781	138.0	12	1.05	0.95				
	103	1	73.4339436	15.094755073333335	0.0	0.0	1	1.0318650127748494	2.7144240164756694	138.0	11	1.05	0.95				
	104	1	30.18951014666667	6.1194953000000005	0.0	0.0	1	1.0309149037110679	2.6378447877435205	138.0	11	1.05	0.95				
	105	1	28.965611086666666	5.711528946666668	0.0	0.0	1	1.0429276868269588	2.5625982111282313	138.0	11	1.05	0.95				
	106	1	55.483424053333344	11.423057893333336	0.0	-100.0	1	1.048675328163486	-0.5145457217566933	138.0	12	1.05	0.95				
	107	2	50.99579416666668	10.199158833333334	0.0	0.0	1	1.0015854265465107	-6.909638089440716	138.0	12	1.05	0.95				
	108	1	69.76224642000001	14.278822366666667	0.0	0.0	1	1.0056088835361472	-5.5331924525547524	138.0	12	1.05	0.95				
	109	1	71.39411183333334	14.686788720000003	0.0	0.0	1	1.024639770301556	-0.385537385792555	138.0	13	1.05	0.95				
	110	1	79.5534389	16.318654133333336	0.0	0.0	1	1.05	-0.9550375546386112	138.0	13	1.05	0.95				
	111	1	0.0	0.0	0.0	0.0	1	1.0032859871883377	0.32189485004786	230.0	13	1.05	0.95				
	112	1	0.0	0.0	0.0	0.0	1	1.0078301062583768	0.31346689251861054	230.0	13	1.05	0.95				
	113	3	108.11108363333332	22.030183080000004	0.0	0.0	1	0.9931922491013614	-1.447336202766796e-28	230.0	14	1.05	0.95				
	114	2	79.14547254666667	15.910687780000002	0.0	0.0	1	0.9988976006970731	1.7086789419265378	230.0	16	1.05	0.95				
	115	2	129.32533400666668	26.10984661333334	0.0	0.0	1	1.0331522305508838	6.902635494137786	230.0	16	1.05	0.95				
	116	2	40.796635333333334	8.159327066666668	0.0	0.0	1	1.0283137778544151	6.060861765428396	230.0	16	1.05	0.95				
	117	1	0.0	0.0	0.0	0.0	1	1.0373299709387214	8.977319223747275	230.0	17	1.05	0.95				
	118	2	135.85279566000003	27.741712026666672	0.0	0.0	1	1.0408454799769604	9.53618444501665	230.0	17	1.05	0.95				
	119	1	73.84190995333334	15.094755073333335	0.0	0.0	1	1.0199123782471193	4.506874477806258	230.0	15	1.05	0.95				
	120	1	52.21969322666668	10.607125186666668	0.0	0.0	1	1.015004453016037	3.6012325276877846	230.0	15	1.05	0.95				
	121	2	0.0	0.0	0.0	0.0	1	1.0438390733787277	10.552585287108261	230.0	17	1.05	0.95				
	122	2	0.0	0.0	0.0	0.0	1	1.05	16.470262412336613	230.0	17	1.05	0.95				
	123	2	0.0	0.0	0.0	0.0	1	1.012758147680542	3.4230038022418534	230.0	15	1.05	0.95				
	124	1	0.0	0.0	0.0	0.0	1	1.0260081689836826	5.325997932430298	230.0	16	1.05	0.95				
	201	2	42.482606627368426	8.653864312982456	0.0	0.0	2	1.0137084298716346	-8.65649623463021	138.0	21	1.05	0.95				
	202	2	38.155674470877194	7.867149375438598	0.0	0.0	2	1.0128568819977903	-8.903620081151058	138.0	22	1.05	0.95				
	203	1	70.80434437894738	14.554226344561405	0.0	0.0	2	1.0153534984394035	-5.910428060807316	138.0	21	1.05	0.95				
	204	1	29.10845268912281	5.900362031578947	0.0	0.0	2	1.0126097719308176	-8.417731809240422	138.0	21	1.05	0.95				
	205	1	27.92838028280702	5.507004562807018	0.0	0.0	2	1.0270802653440865	-8.746583158602798	138.0	21	1.05	0.95				
	206	1	53.49661575298246	11.014009125614036	0.0	-100.0	2	1.042674258566181	-9.296139573844657	138.0	22	1.05	0.95				
	207	2	49.16968359649123	9.833936719298245	0.0	0.0	2	0.99632953130617	-13.993146337377791	138.0	22	1.05	0.95				
	208	1	67.26412716	13.767511407017544	0.0	0.0	2	1.0023593701435416	-12.2370593591634	138.0	22	1.05	0.95				
	209	1	68.83755703508773	14.160868875789474	0.0	0.0	2	1.023632886035169	-6.390895907126582	138.0	23	1.05	0.95				
	210	1	76.70470641052631	15.734298750877196	0.0	0.0	2	1.05	-7.569656238023597	138.0	23	1.05	0.95				
	211	1	0.0	0.0	0.0	0.0	2	1.0033484007004116	-3.845077062442903	230.0	23	1.05	0.95				
	212	1	0.0	0.0	0.0	0.0	2	1.0090931682553463	-1.1200582760172364	230.0	23	1.05	0.95				
	213	2	104.2397292245614	21.241303313684213	0.0	0.0	2	0.9983366560051841	-1.9706790880870502	230.0	24	1.05	0.95				
	214	2	76.31134894175439	15.340941282105264	0.0	0.0	2	1.0008721556450153	-2.206231063013156	230.0	26	1.05	0.95				
	215	2	124.69431760070175	25.17487800140351	0.0	0.0	2	1.0191571752708677	2.579882020672238	230.0	26	1.05	0.95				
	216	2	39.33574687719298	7.867149375438598	0.0	0.0	2	1.0192238045621103	2.5061486125387926	230.0	26	1.05	0.95				
	217	1	0.0	0.0	0.0	0.0	2	1.023957799653326	3.495271583493532	230.0	27	1.05	0.95				
	218	2	130.98803710105264	26.74830787649123	0.0	0.0	2	1.0233807317906656	3.1522016533909913	230.0	27	1.05	0.95				
	219	1	71.1977018477193	14.554226344561405	0.0	0.0	2	1.0193436988856324	2.6651378148376073	230.0	25	1.05	0.95				
	220	1	50.34975600280702	10.227294188070177	0.0	0.0	2	1.0219790403792055	3.5815080820570446	230.0	25	1.05	0.95				
	221	2	0.0	0.0	0.0	0.0	2	1.0255189750240485	3.760844183021376	230.0	27	1.05	0.95				
	222	2	0.0	0.0	0.0	0.0	2	1.0472446460985505	10.18148895347359	230.0	27	1.05	0.95				
	223	2	0.0	0.0	0.0	0.0	2	1.0240939060549297	4.388795350076344	230.0	25	1.05	0.95				
	224	1	0.0	0.0	0.0	0.0	2	1.0072005609341017	-0.6193953442841211	230.0	26	1.05	0.95				
	301	2	65.22366338526317	13.286301800701755	0.0	0.0	3	1.0073844897681938	-11.350660247646319	138.0	31	1.05	0.95				
	302	2	58.58051248491228	12.078456182456142	0.0	0.0	3	1.0068438032502156	-11.51021857255604	138.0	32	1.05	0.95				
	303	1	108.70610564210527	22.34514393754386	0.0	0.0	3	1.026512688301972	-4.2809084251802885	138.0	31	1.05	0.95				
	304	1	44.69028787508772	9.058842136842106	0.0	0.0	3	1.005801449465036	-9.735791647667968	138.0	31	1.05	0.95				
	305	1	42.8785194477193	8.454919327719299	0.0	0.0	3	1.0201037392415246	-10.14082475667728	138.0	31	1.05	0.95				
	306	1	82.13350204070177	16.909838655438598	0.0	-100.0	3	1.0347832374806887	-10.14252966487436	138.0	32	1.05	0.95				
	307	2	75.49035114035088	15.098070228070176	0.0	0.0	3	0.9925114885759202	-17.4081651925611	138.0	32	1.05	0.95				
	308	1	103.27080036000001	21.137298319298246	0.0	0.0	3	0.9920054595244258	-14.516015481859823	138.0	32	1.05	0.95				
	309	1	105.68649159649124	21.741221128421053	0.0	0.0	3	1.025859970198506	-5.8148192854895475	138.0	33	1.05	0.95				
	310	1	117.76494777894737	24.156912364912284	0.0	0.0	3	1.05	-6.9941490900829555	138.0	33	1.05	0.95				
	311	1	0.0	0.0	0.0	0.0	3	1.013898916016974	-0.996680590149829	230.0	33	1.05	0.95				
	312	1	0.0	0.0	0.0	0.0	3	1.0176680158321847	0.5869893625399413	230.0	33	1.05	0.95				
	313	2	160.03954441754388	32.61183169263158	0.0	0.0	3	1.0288213456329507	5.106049313429689	230.0	34	1.05	0.95				
	314	2	117.16102496982457	23.552989555789473	0.0	0.0	3	1.0148983999637107	-0.964208327173837	230.0	36	1.05	0.95				
	315	2	191.44353049192983	38.65105978385965	0.0	0.0	3	1.027502685398415	-0.9539018149779326	230.0	36	1.05	0.95				
	316	2	60.392280912280704	12.078456182456142	0.0	0.0	3	1.027518579818598	0.11698181832461313	230.0	36	1.05	0.95				
	317	1	0.0	0.0	0.0	0.0	3	1.030349878538531	0.3232124189821602	230.0	37	1.05	0.95				
	318	2	201.10629543789474	41.066751020350885	0.0	0.0	3	1.0280039084139139	-0.24478123467591031	230.0	37	1.05	0.95				
	319	1	109.31002845122808	22.34514393754386	0.0	0.0	3	1.0266792104356237	1.3418482066704107	230.0	35	1.05	0.95				
	320	1	77.3021195677193	15.701993037192985	0.0	0.0	3	1.02846204918976	2.4260388384516522	230.0	35	1.05	0.95				
	321	2	0.0	0.0	0.0	0.0	3	1.0299205672585914	0.06816950889717914	230.0	37	1.05	0.95				
	322	2	0.0	0.0	0.0	0.0	3	1.0433391178961076	4.530843345183349	230.0	37	1.05	0.95				
	323	2	0.0	0.0	0.0	0.0	3	1.0302766948984887	3.145439969489844	230.0	35	1.05	0.95				
	324	1	0.0	0.0	0.0	0.0	3	1.022992670246923	-0.9192044404137013	230.0	36	1.05	0.95				
	325	1	0.0	0.0	0.0	0.0	3	1.0303309145143031	3.7753842100047406	230.0	35	1.05	0.95				
];
