%% MATPOWER Case Format : Version 2
function mpc = RTS_GMLC
mpc.version = '2';

%%-----  Power Flow Data  -----%%
%% system MVA base
mpc.baseMVA = 100.0;
%% bus data
%    bus_i    type    Pd    Qd    Gs    Bs    area    Vm    Va    baseKV    zone    Vmax    Vmin
mpc.bus = [
	101	2	53.505690252631574	10.899307273684212	0.0	0.0	1	1.0365517621364075	-0.2012649598566261	138.0	11	1.05	0.95				
	102	2	48.05603661578947	9.908461157894738	0.0	0.0	1	1.0361721419663283	-0.34682088315240633	138.0	12	1.05	0.95				
	103	1	89.17615042105264	18.330653142105263	0.0	0.0	1	1.0255873863176035	-1.8811567064826678	138.0	11	1.05	0.95				
	104	1	36.661306284210525	7.431345868421052	0.0	0.0	1	1.0214140569716166	-3.453263961673177	138.0	11	1.05	0.95				
	105	1	35.17503711052631	6.935922810526317	0.0	0.0	1	1.036596021472116	-3.2810617929331753	138.0	11	1.05	0.95				
	106	1	67.37753587368421	13.871845621052634	0.0	-100.0	1	1.044322328555019	-5.506351043773676	138.0	12	1.05	0.95				
	107	2	61.9278822368421	12.385576447368422	0.0	0.0	1	1.001691972392935	-11.538867569515592	138.0	12	1.05	0.95				
	108	1	84.7173429	17.339807026315786	0.0	0.0	1	1.0026107707080554	-10.068763087472156	138.0	12	1.05	0.95				
	109	1	86.69903513157895	17.835230084210526	0.0	0.0	1	1.0245969806461939	-3.9992225650614137	138.0	13	1.05	0.95				
	110	1	96.60749628947369	19.816922315789476	0.0	0.0	1	1.05	-4.853500347325807	138.0	13	1.05	0.95				
	111	1	0.0	0.0	0.0	0.0	1	1.0053103385800917	-1.5117428105813446	230.0	13	1.05	0.95				
	112	1	0.0	0.0	0.0	0.0	1	1.010172136270298	-1.056211148805074	230.0	13	1.05	0.95				
	113	3	131.28711034210525	26.752845126315787	0.0	0.0	1	1.002496399641935	1.7954320068328545e-29	230.0	14	1.05	0.95				
	114	2	96.11207323157895	19.321499257894736	0.0	0.0	1	1.001637657636807	0.20322640306153664	230.0	16	1.05	0.95				
	115	2	157.04910935263158	31.70707570526316	0.0	0.0	1	1.0344193107158168	5.951154250060859	230.0	16	1.05	0.95				
	116	2	49.54230578947369	9.908461157894738	0.0	0.0	1	1.0308308205231933	5.567296962983368	230.0	16	1.05	0.95				
	117	1	0.0	0.0	0.0	0.0	1	1.0380946701457219	7.540185633901317	230.0	17	1.05	0.95				
	118	2	164.97587827894736	33.688767936842105	0.0	0.0	1	1.0401682893656217	7.561331710832187	230.0	17	1.05	0.95				
	119	1	89.67157347894738	18.330653142105263	0.0	0.0	1	1.0250642643751111	4.420075520434792	230.0	15	1.05	0.95				
	120	1	63.41415141052632	12.880999505263159	0.0	0.0	1	1.023888592543099	4.384495147411207	230.0	15	1.05	0.95				
	121	2	0.0	0.0	0.0	0.0	1	1.0441432164977016	8.718447306592381	230.0	17	1.05	0.95				
	122	2	0.0	0.0	0.0	0.0	1	1.05	15.326320401225384	230.0	17	1.05	0.95				
	123	2	0.0	0.0	0.0	0.0	1	1.0241177270754842	4.7469669619574395	230.0	15	1.05	0.95				
	124	1	0.0	0.0	0.0	0.0	1	1.0211185940369256	3.0168880845370127	230.0	16	1.05	0.95				
	201	2	53.20950730105264	10.838973709473684	0.0	0.0	2	1.0314289944339845	-10.009469226190436	138.0	21	1.05	0.95				
	202	2	47.790020446315786	9.853612463157896	0.0	0.0	2	1.0318448163380243	-9.978039679138874	138.0	22	1.05	0.95				
	203	1	88.68251216842106	18.229183056842103	0.0	0.0	2	1.0181730132107305	-9.818567647477474	138.0	21	1.05	0.95				
	204	1	36.45836611368421	7.390209347368421	0.0	0.0	2	1.0190219652986194	-12.19098005617194	138.0	21	1.05	0.95				
	205	1	34.98032424421053	6.897528724210527	0.0	0.0	2	1.03447680550389	-12.31654408003155	138.0	21	1.05	0.95				
	206	1	67.0045647494737	13.795057448421055	0.0	-100.0	2	1.0437908328509713	-14.072751932060124	138.0	22	1.05	0.95				
	207	2	61.58507789473684	12.317015578947368	0.0	0.0	2	0.9899080115918741	-21.518116326649405	138.0	22	1.05	0.95				
	208	1	84.24838656	17.243821810526313	0.0	0.0	2	0.99434252178063	-19.235425078229973	138.0	22	1.05	0.95				
	209	1	86.21910905263158	17.73650243368421	0.0	0.0	2	1.0230819476734347	-11.996313854826504	138.0	23	1.05	0.95				
	210	1	96.07272151578947	19.707224926315792	0.0	0.0	2	1.05	-13.093580087279154	138.0	23	1.05	0.95				
	211	1	0.0	0.0	0.0	0.0	2	1.0079154274394033	-9.019714509776906	230.0	23	1.05	0.95				
	212	1	0.0	0.0	0.0	0.0	2	1.010352379291585	-8.343940610280104	230.0	23	1.05	0.95				
	213	2	130.5603651368421	26.60475365052632	0.0	0.0	2	1.004546282944983	-7.981641273660023	230.0	24	1.05	0.95				
	214	2	95.58004089263157	19.214544303157897	0.0	0.0	2	1.0101959615106617	-6.316885080133159	230.0	26	1.05	0.95				
	215	2	156.17975754105262	31.531559882105263	0.0	0.0	2	1.028736212525223	0.7743760706749996	230.0	26	1.05	0.95				
	216	2	49.26806231578947	9.853612463157896	0.0	0.0	2	1.0295505235047824	0.4925352984045349	230.0	26	1.05	0.95				
	217	1	0.0	0.0	0.0	0.0	2	1.034407221749478	3.2453038030142793	230.0	27	1.05	0.95				
	218	2	164.06264751157894	33.50228237473685	0.0	0.0	2	1.0357451932748176	3.5722278844452684	230.0	27	1.05	0.95				
	219	1	89.17519279157895	18.229183056842103	0.0	0.0	2	1.029258126032826	-0.23525132688558648	230.0	25	1.05	0.95				
	220	1	63.063119764210526	12.809696202105265	0.0	0.0	2	1.0326485587338097	0.08640926741942832	230.0	25	1.05	0.95				
	221	2	0.0	0.0	0.0	0.0	2	1.0361437532920943	3.4050814463014416	230.0	27	1.05	0.95				
	222	2	0.0	0.0	0.0	0.0	2	1.05	9.840452199872495	230.0	27	1.05	0.95				
	223	2	0.0	0.0	0.0	0.0	2	1.0354228864546888	0.6338471646281215	230.0	25	1.05	0.95				
	224	1	0.0	0.0	0.0	0.0	2	1.0117145566566161	-3.1929794931118467	230.0	26	1.05	0.95				
	301	2	49.55836759578948	10.09522302877193	0.0	0.0	3	1.0249150762572967	-9.066693281715203	138.0	31	1.05	0.95				
	302	2	44.51075608140351	9.177475480701755	0.0	0.0	3	1.022154655582673	-9.422615144932905	138.0	32	1.05	0.95				
	303	1	82.59727932631579	16.978329639298245	0.0	0.0	3	1.05	5.642868250196417	138.0	31	1.05	0.95				
	304	1	33.95665927859649	6.8831066105263154	0.0	0.0	3	1.0112046188186992	-8.369564113837901	138.0	31	1.05	0.95				
	305	1	32.580037956491225	6.424232836491228	0.0	0.0	3	1.0297488935331713	-10.216048667445952	138.0	31	1.05	0.95				
	306	1	62.40683326877193	12.848465672982456	0.0	-100.0	3	1.0394795267876842	-11.416653007871288	138.0	32	1.05	0.95				
	307	2	57.35922175438597	11.471844350877193	0.0	0.0	3	0.9678885513832646	-14.747517215642214	138.0	32	1.05	0.95				
	308	1	78.46741536	16.06058209122807	0.0	0.0	3	0.9810469536159359	-13.23949603331219	138.0	32	1.05	0.95				
	309	1	80.30291045614035	16.519455865263158	0.0	0.0	3	1.0164588295423573	-5.588813506518885	138.0	33	1.05	0.95				
	310	1	89.4803859368421	18.35495096140351	0.0	0.0	3	1.0455720478883421	-9.906201703508941	138.0	33	1.05	0.95				
	311	1	0.0	0.0	0.0	0.0	3	1.0032009539635725	-5.827208398598573	230.0	33	1.05	0.95				
	312	1	0.0	0.0	0.0	0.0	3	1.007367164594788	-5.001748770817932	230.0	33	1.05	0.95				
	313	2	121.60155011929825	24.77918379789474	0.0	0.0	3	1.0044591903338482	-3.0214899647930054	230.0	34	1.05	0.95				
	314	2	89.02151216280701	17.896077187368423	0.0	0.0	3	0.9987791237045015	-6.256195083577229	230.0	36	1.05	0.95				
	315	2	145.4629863691228	29.367921538245618	0.0	0.0	3	1.0462322016399237	-3.808001207043933	230.0	36	1.05	0.95				
	316	2	45.88737740350877	9.177475480701755	0.0	0.0	3	1.0332763219424468	-4.098945549897991	230.0	36	1.05	0.95				
	317	1	0.0	0.0	0.0	0.0	3	1.0395252150953107	-3.271008660656097	230.0	37	1.05	0.95				
	318	2	152.80496675368423	31.203416634385967	0.0	0.0	3	1.0398270256865905	-3.434715210748552	230.0	37	1.05	0.95				
	319	1	83.05615310035088	16.978329639298245	0.0	0.0	3	1.0224418536265276	-4.149391286103868	230.0	35	1.05	0.95				
	320	1	58.735843076491236	11.930718124912282	0.0	0.0	3	1.016300084782722	-3.2887444204513265	230.0	35	1.05	0.95				
	321	2	0.0	0.0	0.0	0.0	3	1.0437208924073562	-3.041632088160926	230.0	37	1.05	0.95				
	322	2	0.0	0.0	0.0	0.0	3	1.05	1.1914663076075478	230.0	37	1.05	0.95				
	323	2	0.0	0.0	0.0	0.0	3	1.013900632542574	-2.4482098453076517	230.0	35	1.05	0.95				
	324	1	0.0	0.0	0.0	0.0	3	1.0446711410984981	-0.1934401821616143	230.0	36	1.05	0.95				
	325	1	0.0	0.0	0.0	0.0	3	1.0138517203712054	-1.4842439424720302	230.0	35	1.05	0.95				
];
