%% MATPOWER Case Format : Version 2
function mpc = RTS_GMLC
mpc.version = '2';

%%-----  Power Flow Data  -----%%
%% system MVA base
mpc.baseMVA = 100.0;
%% bus data
%    bus_i    type    Pd    Qd    Gs    Bs    area    Vm    Va    baseKV    zone    Vmax    Vmin
mpc.bus = [
	101	2	44.006927267368425	8.964374072982457	0.0	0.0	1	1.0340720660091127	2.01870929323422	138.0	11	1.05	0.95				
	102	2	39.5247402308772	8.149430975438598	0.0	0.0	1	1.0331601876555119	1.765601626932571	138.0	12	1.05	0.95				
	103	1	73.34487877894738	15.076447304561405	0.0	0.0	1	1.0283754755440224	0.3926308352731754	138.0	11	1.05	0.95				
	104	1	30.15289460912281	6.112073231578948	0.0	0.0	1	1.0217539893099101	-1.1376122167628537	138.0	11	1.05	0.95				
	105	1	28.93047996280702	5.704601682807018	0.0	0.0	1	1.0365634670889696	-0.9193240318690621	138.0	11	1.05	0.95				
	106	1	55.416130632982465	11.409203365614037	0.0	-100.0	1	1.046175974721448	-3.022943647151325	138.0	12	1.05	0.95				
	107	2	50.93394359649124	10.186788719298248	0.0	0.0	1	1.0013936828530248	-7.140687068452164	138.0	12	1.05	0.95				
	108	1	69.67763484	14.261504207017545	0.0	0.0	1	1.006039130510946	-6.341283605046527	138.0	12	1.05	0.95				
	109	1	71.30752103508773	14.668975755789473	0.0	0.0	1	1.02448544643611	-1.8601796520244198	138.0	13	1.05	0.95				
	110	1	79.45695201052632	16.298861950877196	0.0	0.0	1	1.05	-2.6144879330925503	138.0	13	1.05	0.95				
	111	1	0.0	0.0	0.0	0.0	1	1.0026905064496456	-0.22923464292896173	230.0	13	1.05	0.95				
	112	1	0.0	0.0	0.0	0.0	1	1.0072484252899643	0.1342687622886308	230.0	13	1.05	0.95				
	113	3	107.97996042456141	22.003463633684213	0.0	0.0	1	0.9936502636927323	-1.934959584822358e-27	230.0	14	1.05	0.95				
	114	2	79.0494804617544	15.891390402105266	0.0	0.0	1	0.9993844019380304	1.7130715870167643	230.0	16	1.05	0.95				
	115	2	129.16848096070177	26.07817912140351	0.0	0.0	1	1.0350572432139393	7.288565042941057	230.0	16	1.05	0.95				
	116	2	40.74715487719299	8.149430975438598	0.0	0.0	1	1.0306761638392763	6.8149406966727595	230.0	16	1.05	0.95				
	117	1	0.0	0.0	0.0	0.0	1	1.038655037173492	8.650910634427786	230.0	17	1.05	0.95				
	118	2	135.68802574105266	27.708065316491233	0.0	0.0	1	1.0409111619198397	8.687640110581686	230.0	17	1.05	0.95				
	119	1	73.75235032771931	15.076447304561405	0.0	0.0	1	1.0242152370448432	5.838680444357815	230.0	15	1.05	0.95				
	120	1	52.15635824280702	10.594260268070176	0.0	0.0	1	1.0213551884203456	5.7837071459699905	230.0	15	1.05	0.95				
	121	2	0.0	0.0	0.0	0.0	1	1.044673190379567	9.656596597401851	230.0	17	1.05	0.95				
	122	2	0.0	0.0	0.0	0.0	1	1.05	15.767716229504549	230.0	17	1.05	0.95				
	123	2	0.0	0.0	0.0	0.0	1	1.0202447865813364	6.072120051160645	230.0	15	1.05	0.95				
	124	1	0.0	0.0	0.0	0.0	1	1.0235003943297742	4.700989917182536	230.0	16	1.05	0.95				
	201	2	40.51062488842106	8.252164329122808	0.0	0.0	2	1.026927824836426	-4.211602663032334	138.0	21	1.05	0.95				
	202	2	36.38454272385965	7.501967571929826	0.0	0.0	2	1.0279016093241062	-3.9855455682139693	138.0	22	1.05	0.95				
	203	1	67.51770814736842	13.878640008070175	0.0	0.0	2	1.018360414249222	-4.714568977119	138.0	21	1.05	0.95				
	204	1	27.75728001614035	5.626475678947369	0.0	0.0	2	1.0195078373057986	-5.840516284767833	138.0	21	1.05	0.95				
	205	1	26.631984880350878	5.251377300350878	0.0	0.0	2	1.0339664815409046	-5.983685276461018	138.0	21	1.05	0.95				
	206	1	51.01337948912281	10.502754600701756	0.0	-100.0	2	1.0463594272631491	-7.3108818730443605	138.0	22	1.05	0.95				
	207	2	46.8872973245614	9.377459464912281	0.0	0.0	2	0.9931567350259926	-12.822771368689647	138.0	22	1.05	0.95				
	208	1	64.14182274	13.128443250877192	0.0	0.0	2	1.0011041873021538	-11.174030962702421	138.0	22	1.05	0.95				
	209	1	65.64221625438597	13.503541629473684	0.0	0.0	2	1.022885283482831	-5.816344946218189	138.0	23	1.05	0.95				
	210	1	73.1441838263158	15.003935143859652	0.0	0.0	2	1.05	-6.576249512246012	138.0	23	1.05	0.95				
	211	1	0.0	0.0	0.0	0.0	2	1.00139370299873	-3.5076559784168517	230.0	23	1.05	0.95				
	212	1	0.0	0.0	0.0	0.0	2	1.0060827209779035	-2.8223464612858384	230.0	23	1.05	0.95				
	213	2	99.40107032807019	20.25531244421053	0.0	0.0	2	0.9935686144713218	-2.486119729864571	230.0	24	1.05	0.95				
	214	2	72.7690854477193	14.62883676526316	0.0	0.0	2	0.9983512577469233	-1.5621131504912709	230.0	26	1.05	0.95				
	215	2	118.90618601508774	24.00629623017544	0.0	0.0	2	1.0207403695174744	3.317346643099501	230.0	26	1.05	0.95				
	216	2	37.509837859649124	7.501967571929826	0.0	0.0	2	1.0211358076078816	3.422738827353321	230.0	26	1.05	0.95				
	217	1	0.0	0.0	0.0	0.0	2	1.0275706143534045	5.143624861986718	230.0	27	1.05	0.95				
	218	2	124.9077600726316	25.506689744561406	0.0	0.0	2	1.0275895913259532	5.022224081093006	230.0	27	1.05	0.95				
	219	1	67.89280652596491	13.878640008070175	0.0	0.0	2	1.021090504036323	3.250538292310198	230.0	25	1.05	0.95				
	220	1	48.01259246035088	9.752557843508773	0.0	0.0	2	1.023309266086606	3.8421297942143604	230.0	25	1.05	0.95				
	221	2	0.0	0.0	0.0	0.0	2	1.0288554173478353	5.242581581969476	230.0	27	1.05	0.95				
	222	2	0.0	0.0	0.0	0.0	2	1.0499999758626226	11.694477626000912	230.0	27	1.05	0.95				
	223	2	0.0	0.0	0.0	0.0	2	1.0249853233629855	4.457523722805358	230.0	25	1.05	0.95				
	224	1	0.0	0.0	0.0	0.0	2	1.0097874322373723	0.2866522345810238	230.0	26	1.05	0.95				
	301	2	40.41885478736843	8.233470419649123	0.0	0.0	3	1.009809064360221	-17.48313436864833	138.0	31	1.05	0.95				
	302	2	36.30211957754386	7.48497310877193	0.0	0.0	3	1.0098107862917234	-17.57133060686298	138.0	32	1.05	0.95				
	303	1	67.36475797894738	13.847200251228072	0.0	0.0	3	1.019965747096683	-13.14371385530281	138.0	31	1.05	0.95				
	304	1	27.694400502456144	5.613729831578948	0.0	0.0	3	1.0118329049972203	-16.31542186116799	138.0	31	1.05	0.95				
	305	1	26.571654536140354	5.239481176140353	0.0	0.0	3	1.025169604990474	-16.91612542337204	138.0	31	1.05	0.95				
	306	1	50.897817139649135	10.478962352280705	0.0	-100.0	3	1.042463139687076	-17.064597769776665	138.0	32	1.05	0.95				
	307	2	46.781081929824566	9.356216385964913	0.0	0.0	3	0.9942074905949669	-21.04798513471809	138.0	32	1.05	0.95				
	308	1	63.99652008000001	13.09870294035088	0.0	0.0	3	1.0021012743958133	-19.405969727914577	138.0	32	1.05	0.95				
	309	1	65.49351470175439	13.472951595789477	0.0	0.0	3	1.024611740727735	-13.745711196804198	138.0	33	1.05	0.95				
	310	1	72.97848781052633	14.96994621754386	0.0	0.0	3	1.05	-15.142305967572536	138.0	33	1.05	0.95				
	311	1	0.0	0.0	0.0	0.0	3	1.003494623276856	-10.073278484984394	230.0	33	1.05	0.95				
	312	1	0.0	0.0	0.0	0.0	3	1.0083168184031155	-9.54237261735183	230.0	33	1.05	0.95				
	313	2	99.17589369122808	20.209427393684216	0.0	0.0	3	1.006621662606225	-6.569185651589574	230.0	34	1.05	0.95				
	314	2	72.60423915508773	14.595697562105265	0.0	0.0	3	0.998354503732976	-8.6282654895073	230.0	36	1.05	0.95				
	315	2	118.63682377403511	23.951913948070178	0.0	0.0	3	1.0213114381667012	-5.217650255193212	230.0	36	1.05	0.95				
	316	2	37.42486554385965	7.48497310877193	0.0	0.0	3	1.0209254420338443	-4.356523767400379	230.0	36	1.05	0.95				
	317	1	0.0	0.0	0.0	0.0	3	1.0257947816668616	-3.326812827169409	230.0	37	1.05	0.95				
	318	2	124.62480226105266	25.448908569824567	0.0	0.0	3	1.025083692140045	-3.3441748628376344	230.0	37	1.05	0.95				
	319	1	67.73900663438597	13.847200251228072	0.0	0.0	3	1.018342033207038	-4.826270784302009	230.0	35	1.05	0.95				
	320	1	47.903827896140356	9.73046504140351	0.0	0.0	3	1.0183763580244827	-4.49137564483309	230.0	35	1.05	0.95				
	321	2	0.0	0.0	0.0	0.0	3	1.0259784075512284	-3.4375047125789493	230.0	37	1.05	0.95				
	322	2	0.0	0.0	0.0	0.0	3	1.039270256229404	1.0027736400418734	230.0	37	1.05	0.95				
	323	2	0.0	0.0	0.0	0.0	3	1.018788534738729	-4.012997934220597	230.0	35	1.05	0.95				
	324	1	0.0	0.0	0.0	0.0	3	1.0108513139995294	-8.211693625257752	230.0	36	1.05	0.95				
	325	1	0.0	0.0	0.0	0.0	3	1.0171962202873743	-2.848659956738407	230.0	35	1.05	0.95				
];
