%% MATPOWER Case Format : Version 2
function mpc = RTS_GMLC
mpc.version = '2';

%%-----  Power Flow Data  -----%%
%% system MVA base
mpc.baseMVA = 100.0;
%% bus data
%    bus_i    type    Pd    Qd    Gs    Bs    area    Vm    Va    baseKV    zone    Vmax    Vmin
mpc.bus = [
	101	2	80.38545275368422	16.374814449824562	0.0	0.0	1	1.0330422573506959	-2.3823942544395815	138.0	11	1.05	0.95				
	102	2	72.19804552877193	14.886194954385964	0.0	0.0	1	1.0330278547488567	-2.4404368055996657	138.0	12	1.05	0.95				
	103	1	133.9757545894737	27.539460665614037	0.0	0.0	1	1.0202276945741617	-2.7622937281579296	138.0	11	1.05	0.95				
	104	1	55.078921331228074	11.164646215789475	0.0	0.0	1	1.0164141035306784	-5.196842503962891	138.0	11	1.05	0.95				
	105	1	52.84599208807017	10.420336468070177	0.0	0.0	1	1.0316466841689385	-5.249712140874537	138.0	11	1.05	0.95				
	106	1	101.22612568982457	20.840672936140354	0.0	-100.0	1	1.036512896562513	-7.533152286519881	138.0	12	1.05	0.95				
	107	2	93.03871846491228	18.607743692982456	0.0	0.0	1	1.0466315541399855	-2.971068143661405	138.0	12	1.05	0.95				
	108	1	127.27696686	26.05084117017544	0.0	0.0	1	1.023627621632852	-6.180825533445442	138.0	12	1.05	0.95				
	109	1	130.25420585087718	26.795150917894738	0.0	0.0	1	1.0266647501124686	-4.440053030340166	138.0	13	1.05	0.95				
	110	1	145.14040080526317	29.772389908771927	0.0	0.0	1	1.05	-5.807419213417786	138.0	13	1.05	0.95				
	111	1	0.0	0.0	0.0	0.0	1	1.0145485672981	-1.5673066783162735	230.0	13	1.05	0.95				
	112	1	0.0	0.0	0.0	0.0	1	1.0162973452778485	-0.6409100432102912	230.0	13	1.05	0.95				
	113	3	197.24208314561403	40.19272637684211	0.0	0.0	1	1.0153202736541456	6.476679649826356e-27	230.0	14	1.05	0.95				
	114	2	144.39609105754386	29.028080161052632	0.0	0.0	1	1.0180961894055225	0.6542650486327399	230.0	16	1.05	0.95				
	115	2	235.94619002701754	47.63582385403509	0.0	0.0	1	1.0454689816510585	8.568464077039817	230.0	16	1.05	0.95				
	116	2	74.43097477192983	14.886194954385964	0.0	0.0	1	1.0442508115472078	8.271841747829404	230.0	16	1.05	0.95				
	117	1	0.0	0.0	0.0	0.0	1	1.0473131880073563	11.358156519521994	230.0	17	1.05	0.95				
	118	2	247.85514599052632	50.613062844912285	0.0	0.0	1	1.0494844249499846	11.862319750359752	230.0	17	1.05	0.95				
	119	1	134.72006433719298	27.539460665614037	0.0	0.0	1	1.0386702143102893	7.126864244762457	230.0	15	1.05	0.95				
	120	1	95.27164770807018	19.352053440701756	0.0	0.0	1	1.0404376613961308	7.534379781478443	230.0	15	1.05	0.95				
	121	2	0.0	0.0	0.0	0.0	1	1.05	12.449910577845218	230.0	17	1.05	0.95				
	122	2	0.0	0.0	0.0	0.0	1	1.05	20.1295543900591	230.0	17	1.05	0.95				
	123	2	0.0	0.0	0.0	0.0	1	1.043508815774068	8.305989666746418	230.0	15	1.05	0.95				
	124	1	0.0	0.0	0.0	0.0	1	1.0218164347037904	4.382658396745929	230.0	16	1.05	0.95				
	201	2	76.9412875831579	15.673225248421055	0.0	0.0	2	1.0389200254489361	-8.281467148884065	138.0	21	1.05	0.95				
	202	2	69.10467495894737	14.248386589473686	0.0	0.0	2	1.0388901578685446	-8.410923545155715	138.0	22	1.05	0.95				
	203	1	128.23547930526317	26.359515190526317	0.0	0.0	2	1.0280101974638924	-6.000779006321168	138.0	21	1.05	0.95				
	204	1	52.71903038105263	10.686289942105264	0.0	0.0	2	1.0194718335059245	-10.31621340960958	138.0	21	1.05	0.95				
	205	1	50.58177239263158	9.97387061263158	0.0	0.0	2	1.0353385562013107	-10.62462296270368	138.0	21	1.05	0.95				
	206	1	96.88902880842106	19.94774122526316	0.0	-100.0	2	1.0392041855471807	-12.619403215286386	138.0	22	1.05	0.95				
	207	2	89.05241618421054	17.810483236842106	0.0	0.0	2	0.9682193946888752	-23.361709043068757	138.0	22	1.05	0.95				
	208	1	121.82370534	24.934676531578948	0.0	0.0	2	0.971541767761209	-19.846237540939654	138.0	22	1.05	0.95				
	209	1	124.67338265789473	25.647095861052634	0.0	0.0	2	1.0258939563010132	-9.002689742236273	138.0	23	1.05	0.95				
	210	1	138.92176924736845	28.49677317894737	0.0	0.0	2	1.05	-10.769695182960783	138.0	23	1.05	0.95				
	211	1	0.0	0.0	0.0	0.0	2	1.0238129594864356	-4.383500386582804	230.0	23	1.05	0.95				
	212	1	0.0	0.0	0.0	0.0	2	1.0195952174397986	-3.1771140496550445	230.0	23	1.05	0.95				
	213	2	188.79112231052633	38.47064379157895	0.0	0.0	2	1.0335023927348381	-0.9382739804337554	230.0	24	1.05	0.95				
	214	2	138.20934991789474	27.784353849473685	0.0	0.0	2	1.036847014180613	-2.0220491993320557	230.0	26	1.05	0.95				
	215	2	225.8369274431579	45.59483708631579	0.0	0.0	2	1.0440109571041398	5.453005191634896	230.0	26	1.05	0.95				
	216	2	71.24193294736843	14.248386589473686	0.0	0.0	2	1.047020571769065	5.6791829236952935	230.0	26	1.05	0.95				
	217	1	0.0	0.0	0.0	0.0	2	1.0488491378466993	8.744912687435587	230.0	27	1.05	0.95				
	218	2	237.23563671473684	48.44451440421053	0.0	0.0	2	1.0499999990700297	9.540473387136906	230.0	27	1.05	0.95				
	219	1	128.94789863473684	26.359515190526317	0.0	0.0	2	1.0433313584789803	5.314296184197456	230.0	25	1.05	0.95				
	220	1	91.18967417263158	18.522902566315793	0.0	0.0	2	1.046239187188977	6.330548124899061	230.0	25	1.05	0.95				
	221	2	0.0	0.0	0.0	0.0	2	1.05	9.898335304241217	230.0	27	1.05	0.95				
	222	2	0.0	0.0	0.0	0.0	2	1.05	15.957642825053668	230.0	27	1.05	0.95				
	223	2	0.0	0.0	0.0	0.0	2	1.05	7.405439227522803	230.0	25	1.05	0.95				
	224	1	0.0	0.0	0.0	0.0	2	1.0236638602623223	1.1836670748977507	230.0	26	1.05	0.95				
	301	2	64.19867130947368	13.07750711859649	0.0	0.0	3	1.0113417737051549	-17.306031222256202	138.0	31	1.05	0.95				
	302	2	57.65991775017544	11.88864283508772	0.0	0.0	3	1.0102546257084801	-17.563008005762203	138.0	32	1.05	0.95				
	303	1	106.99778551578947	21.993989244912278	0.0	0.0	3	1.030081560141864	-9.38030109475791	138.0	31	1.05	0.95				
	304	1	43.987978489824556	8.916482126315788	0.0	0.0	3	1.0087624472828223	-15.998593403481834	138.0	31	1.05	0.95				
	305	1	42.204682064561396	8.322049984561405	0.0	0.0	3	1.0227690826804956	-16.948269391472394	138.0	31	1.05	0.95				
	306	1	80.84277127859649	16.64409996912281	0.0	-100.0	3	1.0361020457438992	-17.41752167769857	138.0	32	1.05	0.95				
	307	2	74.30401771929824	14.86080354385965	0.0	0.0	3	1.0059901901128052	-18.726714617937255	138.0	32	1.05	0.95				
	308	1	101.64789624	20.805124961403507	0.0	0.0	3	1.0036127411053575	-18.3836032759016	138.0	32	1.05	0.95				
	309	1	104.02562480701754	21.399557103157893	0.0	0.0	3	1.0277048395654287	-12.29456421494987	138.0	33	1.05	0.95				
	310	1	115.91426764210526	23.77728567017544	0.0	0.0	3	1.05	-14.682681903638427	138.0	33	1.05	0.95				
	311	1	0.0	0.0	0.0	0.0	3	1.0159706844612189	-8.07197116440402	230.0	33	1.05	0.95				
	312	1	0.0	0.0	0.0	0.0	3	1.0161092949293085	-7.358201771018494	230.0	33	1.05	0.95				
	313	2	157.5245175649123	32.09933565473684	0.0	0.0	3	1.0220050252393618	-4.074571115299299	230.0	34	1.05	0.95				
	314	2	115.31983550035088	23.182853528421056	0.0	0.0	3	1.0236064943700258	-6.156041827372519	230.0	36	1.05	0.95				
	315	2	188.43498893614034	38.0436570722807	0.0	0.0	3	1.0453788682977836	0.15764475414385057	230.0	36	1.05	0.95				
	316	2	59.4432141754386	11.88864283508772	0.0	0.0	3	1.043787553558567	0.14288350138485506	230.0	36	1.05	0.95				
	317	1	0.0	0.0	0.0	0.0	3	1.0472268344100875	2.6450234741688923	230.0	37	1.05	0.95				
	318	2	197.94590320421054	40.421385639298244	0.0	0.0	3	1.0477881672540115	2.882264058961867	230.0	37	1.05	0.95				
	319	1	107.59221765754386	21.993989244912278	0.0	0.0	3	1.0386767262064889	-0.8265057129047634	230.0	35	1.05	0.95				
	320	1	76.0873141445614	15.455235685614035	0.0	0.0	3	1.0390515033490966	-0.5453386950383969	230.0	35	1.05	0.95				
	321	2	0.0	0.0	0.0	0.0	3	1.05	3.8870467413807868	230.0	37	1.05	0.95				
	322	2	0.0	0.0	0.0	0.0	3	1.05	9.174671278595458	230.0	37	1.05	0.95				
	323	2	0.0	0.0	0.0	0.0	3	1.0406127948327515	0.05140358711523925	230.0	35	1.05	0.95				
	324	1	0.0	0.0	0.0	0.0	3	1.0276538206436596	-3.3963806940612846	230.0	36	1.05	0.95				
	325	1	0.0	0.0	0.0	0.0	3	1.0382458052522436	1.0868864552516924	230.0	35	1.05	0.95				
];
