%% MATPOWER Case Format : Version 2
function mpc = RTS_GMLC
mpc.version = '2';

%%-----  Power Flow Data  -----%%
%% system MVA base
mpc.baseMVA = 100.0;
%% bus data
%    bus_i    type    Pd    Qd    Gs    Bs    area    Vm    Va    baseKV    zone    Vmax    Vmin
mpc.bus = [
	101	2	40.73379514105263	8.29762493614035	0.0	0.0	1	1.032860998673742	2.7588634914568315	138.0	11	1.05	0.95				
	102	2	36.584982672982456	7.543295396491229	0.0	0.0	1	1.0321500426588155	2.562107108907313	138.0	12	1.05	0.95				
	103	1	67.88965856842105	13.95509648350877	0.0	0.0	1	1.02968822000471	0.15675492841811745	138.0	11	1.05	0.95				
	104	1	27.91019296701754	5.65747154736842	0.0	0.0	1	1.0219948600134452	-0.6441071078766405	138.0	11	1.05	0.95				
	105	1	26.778698657543853	5.28030677754386	0.0	0.0	1	1.0362104747936458	-0.33973537897779615	138.0	11	1.05	0.95				
	106	1	51.29440869614035	10.56061355508772	0.0	-100.0	1	1.0466236757375322	-2.492391288538933	138.0	12	1.05	0.95				
	107	2	47.145596228070175	9.429119245614034	0.0	0.0	1	1.000439476289159	-7.220229815031706	138.0	12	1.05	0.95				
	108	1	64.49517563999999	13.200766943859646	0.0	0.0	1	1.006380976085343	-6.190261475668547	138.0	12	1.05	0.95				
	109	1	66.00383471929824	13.577931713684208	0.0	0.0	1	1.0250337592201346	-1.7346839979262152	138.0	13	1.05	0.95				
	110	1	73.54713011578946	15.086590792982458	0.0	0.0	1	1.05	-2.289202391259969	138.0	13	1.05	0.95				
	111	1	0.0	0.0	0.0	0.0	1	1.002439417667	-0.3381173808952623	230.0	13	1.05	0.95				
	112	1	0.0	0.0	0.0	0.0	1	1.0073128863885619	0.1804228128565212	230.0	13	1.05	0.95				
	113	3	99.94866400350875	20.366897570526316	0.0	0.0	1	0.9922949467976282	4.4842169163755956e-30	230.0	14	1.05	0.95				
	114	2	73.16996534596491	14.709426023157896	0.0	0.0	1	0.9986043846386204	1.1736232450955477	230.0	16	1.05	0.95				
	115	2	119.56123203438595	24.13854526877193	0.0	0.0	1	1.037614804276501	5.655186089722113	230.0	16	1.05	0.95				
	116	2	37.716476982456136	7.543295396491229	0.0	0.0	1	1.032252557284416	5.465461151562252	230.0	16	1.05	0.95				
	117	1	0.0	0.0	0.0	0.0	1	1.041796630230754	6.7643273180714205	230.0	17	1.05	0.95				
	118	2	125.59586835157894	25.647204348070176	0.0	0.0	1	1.0449450336890111	6.558287165130955	230.0	17	1.05	0.95				
	119	1	68.26682333824562	13.95509648350877	0.0	0.0	1	1.0258270206487239	4.991443656177211	230.0	15	1.05	0.95				
	120	1	48.27709053754386	9.806284015438596	0.0	0.0	1	1.0225092168721106	5.316148241727922	230.0	15	1.05	0.95				
	121	2	0.0	0.0	0.0	0.0	1	1.05	7.225071913472271	230.0	17	1.05	0.95				
	122	2	0.0	0.0	0.0	0.0	1	1.05	13.554354718517947	230.0	17	1.05	0.95				
	123	2	0.0	0.0	0.0	0.0	1	1.0210740695044747	5.791420993888292	230.0	15	1.05	0.95				
	124	1	0.0	0.0	0.0	0.0	1	1.0268570840633344	3.599192201539347	230.0	16	1.05	0.95				
	201	2	42.77160397894737	8.712734143859649	0.0	0.0	2	1.0239886271651308	-6.253078759288058	138.0	21	1.05	0.95				
	202	2	38.415236907017544	7.920667403508773	0.0	0.0	2	1.0247896659937235	-6.05055156840743	138.0	22	1.05	0.95				
	203	1	71.28600663157894	14.653234696491227	0.0	0.0	2	1.0185837277979715	-5.832480463579196	138.0	21	1.05	0.95				
	204	1	29.306469392982454	5.940500552631579	0.0	0.0	2	1.017765320513103	-7.9232242367287204	138.0	21	1.05	0.95				
	205	1	28.11836928245614	5.544467182456141	0.0	0.0	2	1.0321336292639116	-8.157105982767478	138.0	21	1.05	0.95				
	206	1	53.86053834385965	11.088934364912282	0.0	-100.0	2	1.044954075403895	-9.575808449422672	138.0	22	1.05	0.95				
	207	2	49.50417127192983	9.900834254385964	0.0	0.0	2	0.9896524626025948	-15.330583313619826	138.0	22	1.05	0.95				
	208	1	67.7217063	13.86116795614035	0.0	0.0	2	0.998270928558029	-13.581255270690894	138.0	22	1.05	0.95				
	209	1	69.30583978070175	14.257201326315789	0.0	0.0	2	1.0230326461767405	-7.822451774936303	138.0	23	1.05	0.95				
	210	1	77.22650718421052	15.841334807017546	0.0	0.0	2	1.05	-8.810307395179324	138.0	23	1.05	0.95				
	211	1	0.0	0.0	0.0	0.0	2	1.0037789715253487	-5.399898940281521	230.0	23	1.05	0.95				
	212	1	0.0	0.0	0.0	0.0	2	1.0095815022673194	-5.101923034909054	230.0	23	1.05	0.95				
	213	2	104.94884309649122	21.385801989473684	0.0	0.0	2	0.9976437698369239	-4.761282504505353	230.0	24	1.05	0.95				
	214	2	76.83047381403509	15.445301436842108	0.0	0.0	2	1.0024221741176151	-2.913374401316261	230.0	26	1.05	0.95				
	215	2	125.54257834561405	25.34613569122807	0.0	0.0	2	1.0255739477159114	3.2091765505988143	230.0	26	1.05	0.95				
	216	2	39.60333701754386	7.920667403508773	0.0	0.0	2	1.0271300986603726	2.930969585709828	230.0	26	1.05	0.95				
	217	1	0.0	0.0	0.0	0.0	2	1.0326934142580901	5.608600065686038	230.0	27	1.05	0.95				
	218	2	131.87911226842107	26.930269171929826	0.0	0.0	2	1.0344005841579909	6.127399063284054	230.0	27	1.05	0.95				
	219	1	71.68204000175439	14.653234696491227	0.0	0.0	2	1.0278206688287312	1.7691290024892001	230.0	25	1.05	0.95				
	220	1	50.69227138245614	10.296867624561404	0.0	0.0	2	1.0310947287985497	1.5343451694747237	230.0	25	1.05	0.95				
	221	2	0.0	0.0	0.0	0.0	2	1.0344385444021857	5.9136753291007595	230.0	27	1.05	0.95				
	222	2	0.0	0.0	0.0	0.0	2	1.05	12.290239011282154	230.0	27	1.05	0.95				
	223	2	0.0	0.0	0.0	0.0	2	1.0332543463094186	1.7072336641949613	230.0	25	1.05	0.95				
	224	1	0.0	0.0	0.0	0.0	2	1.0117499897449478	-0.18726972476061404	230.0	26	1.05	0.95				
	301	2	49.04587155789474	9.9908256877193	0.0	0.0	3	1.0065966313140886	-29.126065591154536	138.0	31	1.05	0.95				
	302	2	44.05045871403509	9.082568807017545	0.0	0.0	3	1.0062003435699651	-29.233861953076033	138.0	32	1.05	0.95				
	303	1	81.74311926315791	16.802752292982458	0.0	0.0	3	1.022512850013118	-23.707516216112857	138.0	31	1.05	0.95				
	304	1	33.605504585964916	6.8119266052631575	0.0	0.0	3	1.0092207808641531	-27.708753999176093	138.0	31	1.05	0.95				
	305	1	32.24311926491229	6.357798164912282	0.0	0.0	3	1.022286480406764	-28.433911149151317	138.0	31	1.05	0.95				
	306	1	61.76146788771931	12.715596329824564	0.0	-100.0	3	1.0392346746068017	-28.582975745456856	138.0	32	1.05	0.95				
	307	2	56.76605504385965	11.35321100877193	0.0	0.0	3	0.99285102822132	-33.617947902472274	138.0	32	1.05	0.95				
	308	1	77.65596330000001	15.894495412280701	0.0	0.0	3	0.9983942419722925	-31.55197320811545	138.0	32	1.05	0.95				
	309	1	79.47247706140351	16.34862385263158	0.0	0.0	3	1.0262441056654883	-24.60405025988749	138.0	33	1.05	0.95				
	310	1	88.55504586842106	18.16513761403509	0.0	0.0	3	1.05	-26.281520158564163	138.0	33	1.05	0.95				
	311	1	0.0	0.0	0.0	0.0	3	1.0103391060747673	-20.22397289890899	230.0	33	1.05	0.95				
	312	1	0.0	0.0	0.0	0.0	3	1.0129962508371646	-19.55089955569764	230.0	33	1.05	0.95				
	313	2	120.34403669298246	24.52293577894737	0.0	0.0	3	1.0138294387818922	-16.46649121822415	230.0	34	1.05	0.95				
	314	2	88.10091742807018	17.711009173684214	0.0	0.0	3	1.0142380003396665	-18.23021556725879	230.0	36	1.05	0.95				
	315	2	143.95871559122807	29.064220182456147	0.0	0.0	3	1.0384649045322745	-13.482895656567374	230.0	36	1.05	0.95				
	316	2	45.41284403508772	9.082568807017545	0.0	0.0	3	1.0382193913522835	-12.715216785744396	230.0	36	1.05	0.95				
	317	1	0.0	0.0	0.0	0.0	3	1.0420980463245295	-11.046988857527394	230.0	37	1.05	0.95				
	318	2	151.22477063684212	30.880733943859656	0.0	0.0	3	1.0419169843190756	-10.7289478863986	230.0	37	1.05	0.95				
	319	1	82.19724770350878	16.802752292982458	0.0	0.0	3	1.0363082067318719	-13.217455072234468	230.0	35	1.05	0.95				
	320	1	58.128440364912294	11.807339449122809	0.0	0.0	3	1.0377515596365001	-12.785704342508984	230.0	35	1.05	0.95				
	321	2	0.0	0.0	0.0	0.0	3	1.0428649327473776	-10.88910147533438	230.0	37	1.05	0.95				
	322	2	0.0	0.0	0.0	0.0	3	1.05	-6.6265237464822615	230.0	37	1.05	0.95				
	323	2	0.0	0.0	0.0	0.0	3	1.0392828480254301	-12.207735180021775	230.0	35	1.05	0.95				
	324	1	0.0	0.0	0.0	0.0	3	1.019758342855285	-17.291603255870136	230.0	36	1.05	0.95				
	325	1	0.0	0.0	0.0	0.0	3	1.0331185229555695	-10.608392332313702	230.0	35	1.05	0.95				
];
