%% MATPOWER Case Format : Version 2
function mpc = RTS_GMLC
mpc.version = '2';

%%-----  Power Flow Data  -----%%
%% system MVA base
mpc.baseMVA = 100.0;
%% bus data
%    bus_i    type    Pd    Qd    Gs    Bs    area    Vm    Va    baseKV    zone    Vmax    Vmin
mpc.bus = [
	101	2	41.88273131368422	8.531667489824562	0.0	0.0	1	1.0416962792518103	4.334223141383253	138.0	11	1.05	0.95				
	102	2	37.61689756877193	7.756061354385967	0.0	0.0	1	1.0407426558625583	4.067184042245326	138.0	12	1.05	0.95				
	103	1	69.8045521894737	14.348713505614036	0.0	0.0	1	1.0285010303663826	1.0123421433201867	138.0	11	1.05	0.95				
	104	1	28.697427011228072	5.817046015789474	0.0	0.0	1	1.0260984721166455	0.5714014828587507	138.0	11	1.05	0.95				
	105	1	27.53401780807018	5.4292429480701765	0.0	0.0	1	1.0401283412720286	0.720048306799307	138.0	11	1.05	0.95				
	106	1	52.741217209824576	10.858485896140353	0.0	-100.0	1	1.048015815323063	-1.748746782125196	138.0	12	1.05	0.95				
	107	2	48.475383464912284	9.695076692982457	0.0	0.0	1	1.000746954049571	-7.471032612443681	138.0	12	1.05	0.95				
	108	1	66.31432458	13.573107370175439	0.0	0.0	1	1.005733745883644	-6.13920855038553	138.0	12	1.05	0.95				
	109	1	67.86553685087719	13.96091043789474	0.0	0.0	1	1.0241808370474836	-1.2113845661355318	138.0	13	1.05	0.95				
	110	1	75.62159820526317	15.512122708771933	0.0	0.0	1	1.05	-1.7564363445873603	138.0	13	1.05	0.95				
	111	1	0.0	0.0	0.0	0.0	1	1.0009834384930025	0.03129529803113364	230.0	13	1.05	0.95				
	112	1	0.0	0.0	0.0	0.0	1	1.0064957040273266	0.3546800411889955	230.0	13	1.05	0.95				
	113	3	102.76781294561404	20.94136565684211	0.0	0.0	1	0.991129669912444	-6.539311107223427e-28	230.0	14	1.05	0.95				
	114	2	75.23379513754386	15.124319641052633	0.0	0.0	1	0.9955416685808458	1.713069005656726	230.0	16	1.05	0.95				
	115	2	122.93357246701756	24.81939633403509	0.0	0.0	1	1.03156717148882	6.515201635587094	230.0	16	1.05	0.95				
	116	2	38.78030677192983	7.756061354385967	0.0	0.0	1	1.0276697158937185	6.3242206203538975	230.0	16	1.05	0.95				
	117	1	0.0	0.0	0.0	0.0	1	1.0362400045377276	8.34446545588857	230.0	17	1.05	0.95				
	118	2	129.13842155052632	26.370608604912288	0.0	0.0	1	1.0387369654086962	8.415408564432958	230.0	17	1.05	0.95				
	119	1	70.192355257193	14.348713505614036	0.0	0.0	1	1.02143190787459	5.350515030653808	230.0	15	1.05	0.95				
	120	1	49.63879266807018	10.082879760701756	0.0	0.0	1	1.0185469553902953	5.260786841270796	230.0	15	1.05	0.95				
	121	2	0.0	0.0	0.0	0.0	1	1.0423928182189441	9.376492455171016	230.0	17	1.05	0.95				
	122	2	0.0	0.0	0.0	0.0	1	1.05	15.916293289302688	230.0	17	1.05	0.95				
	123	2	0.0	0.0	0.0	0.0	1	1.0173336423098371	5.516825781306905	230.0	15	1.05	0.95				
	124	1	0.0	0.0	0.0	0.0	1	1.0226824846622409	4.444451017171234	230.0	16	1.05	0.95				
	201	2	39.06563828210526	7.957815205614035	0.0	0.0	2	1.0209582901079	-8.224340163207	138.0	21	1.05	0.95				
	202	2	35.08673067929824	7.2343774596491235	0.0	0.0	2	1.0210167312513758	-8.245023878273038	138.0	22	1.05	0.95				
	203	1	65.1093971368421	13.383598300350878	0.0	0.0	2	1.0168767283295859	-6.671103233339329	138.0	21	1.05	0.95				
	204	1	26.767196600701755	5.425783094736842	0.0	0.0	2	1.0165727478426272	-9.108515818894546	138.0	21	1.05	0.95				
	205	1	25.682039981754386	5.0640642217543865	0.0	0.0	2	1.031254207627133	-9.376992690545343	138.0	21	1.05	0.95				
	206	1	49.19376672561404	10.128128443508773	0.0	-100.0	2	1.0453576092078047	-10.41778271613562	138.0	22	1.05	0.95				
	207	2	45.21485912280701	9.042971824561404	0.0	0.0	2	0.9955982466269673	-15.233429997194795	138.0	22	1.05	0.95				
	208	1	61.85392728	12.660160554385962	0.0	0.0	2	1.0029466187929832	-13.646086722719584	138.0	22	1.05	0.95				
	209	1	63.300802771929824	13.021879427368422	0.0	0.0	2	1.0225126352440508	-8.31316928579451	138.0	23	1.05	0.95				
	210	1	70.53518023157895	14.468754919298247	0.0	0.0	2	1.05	-9.37472640373968	138.0	23	1.05	0.95				
	211	1	0.0	0.0	0.0	0.0	2	1.0018746462209738	-5.881994935460165	230.0	23	1.05	0.95				
	212	1	0.0	0.0	0.0	0.0	2	1.0054900180134225	-5.295402452467999	230.0	23	1.05	0.95				
	213	2	95.85550134035088	19.53281914105263	0.0	0.0	2	0.9944834971561101	-4.850025698302681	230.0	24	1.05	0.95				
	214	2	70.17346135859648	14.107036046315791	0.0	0.0	2	1.000012291445616	-3.6745754182905297	230.0	26	1.05	0.95				
	215	2	114.6648827354386	23.150007870877193	0.0	0.0	2	1.0182667987259233	1.796895693643473	230.0	26	1.05	0.95				
	216	2	36.171887298245615	7.2343774596491235	0.0	0.0	2	1.0189139794196576	1.6253266955652133	230.0	26	1.05	0.95				
	217	1	0.0	0.0	0.0	0.0	2	1.0243872138205319	3.250144901511954	230.0	27	1.05	0.95				
	218	2	120.45238470315789	24.59688336280702	0.0	0.0	2	1.023807698899025	2.8272013627058805	230.0	27	1.05	0.95				
	219	1	65.47111600982456	13.383598300350878	0.0	0.0	2	1.0187314539047978	1.2750700456754003	230.0	25	1.05	0.95				
	220	1	46.300015741754386	9.40469069754386	0.0	0.0	2	1.0206889674289092	1.689656962667017	230.0	25	1.05	0.95				
	221	2	0.0	0.0	0.0	0.0	2	1.0255724502439922	3.288282217620005	230.0	27	1.05	0.95				
	222	2	0.0	0.0	0.0	0.0	2	1.047549742187648	9.794254462196875	230.0	27	1.05	0.95				
	223	2	0.0	0.0	0.0	0.0	2	1.0221132501343824	2.1995946068610595	230.0	25	1.05	0.95				
	224	1	0.0	0.0	0.0	0.0	2	1.0072486312898812	-1.4022445276074698	230.0	26	1.05	0.95				
	301	2	46.85922178105264	9.545397029473685	0.0	0.0	3	1.0108318144519086	-13.651014103353921	138.0	31	1.05	0.95				
	302	2	42.08652326631579	8.677633663157897	0.0	0.0	3	1.010365149126622	-13.809044335112333	138.0	32	1.05	0.95				
	303	1	78.09870296842107	16.053622276842106	0.0	0.0	3	1.033197726318551	-5.894486894998473	138.0	31	1.05	0.95				
	304	1	32.10724455368421	6.508225247368421	0.0	0.0	3	1.0125538050417109	-12.137070386466451	138.0	31	1.05	0.95				
	305	1	30.80559950421053	6.074343564210528	0.0	0.0	3	1.0250171314770378	-13.719322658312676	138.0	31	1.05	0.95				
	306	1	59.00790890947369	12.148687128421056	0.0	-100.0	3	1.040892704105447	-14.267712933804143	138.0	32	1.05	0.95				
	307	2	54.235210394736846	10.84704207894737	0.0	0.0	3	0.9948879282973021	-18.47219966691256	138.0	32	1.05	0.95				
	308	1	74.19376782	15.185858910526315	0.0	0.0	3	1.0007087903823275	-16.515550886701178	138.0	32	1.05	0.95				
	309	1	75.92929455263159	15.619740593684211	0.0	0.0	3	1.0282133914605143	-9.002188046792416	138.0	33	1.05	0.95				
	310	1	84.60692821578948	17.355267326315793	0.0	0.0	3	1.05	-12.390218347773379	138.0	33	1.05	0.95				
	311	1	0.0	0.0	0.0	0.0	3	1.0065620156254782	-7.501855200632883	230.0	33	1.05	0.95				
	312	1	0.0	0.0	0.0	0.0	3	1.011761341575503	-6.8680342878675065	230.0	33	1.05	0.95				
	313	2	114.97864603684211	23.42961089052632	0.0	0.0	3	1.0087745780983284	-4.386862374351099	230.0	34	1.05	0.95				
	314	2	84.17304653263157	16.921385643157898	0.0	0.0	3	0.9999557109206698	-6.89717577737302	230.0	36	1.05	0.95				
	315	2	137.54049356105264	27.768427722105265	0.0	0.0	3	1.020704810106109	-4.5348532207701915	230.0	36	1.05	0.95				
	316	2	43.38816831578948	8.677633663157897	0.0	0.0	3	1.019125459462657	-4.119160405993109	230.0	36	1.05	0.95				
	317	1	0.0	0.0	0.0	0.0	3	1.0244445766800845	-2.863858917526595	230.0	37	1.05	0.95				
	318	2	144.48260049157898	29.503954454736846	0.0	0.0	3	1.023060521324506	-3.1611338772321385	230.0	37	1.05	0.95				
	319	1	78.53258465157896	16.053622276842106	0.0	0.0	3	1.0165473335334563	-4.31889592464157	230.0	35	1.05	0.95				
	320	1	55.53685544421053	11.280923762105264	0.0	0.0	3	1.0172555461455757	-3.6510872633487934	230.0	35	1.05	0.95				
	321	2	0.0	0.0	0.0	0.0	3	1.0243828143632006	-3.074733908975691	230.0	37	1.05	0.95				
	322	2	0.0	0.0	0.0	0.0	3	1.0378222323767166	1.417225148982668	230.0	37	1.05	0.95				
	323	2	0.0	0.0	0.0	0.0	3	1.0183345896089313	-2.9804761710505985	230.0	35	1.05	0.95				
	324	1	0.0	0.0	0.0	0.0	3	1.020925126350266	-4.942396432256179	230.0	36	1.05	0.95				
	325	1	0.0	0.0	0.0	0.0	3	1.0172333282196357	-1.9267683535922184	230.0	35	1.05	0.95				
];
