%% MATPOWER Case Format : Version 2
function mpc = RTS_GMLC
mpc.version = '2';

%%-----  Power Flow Data  -----%%
%% system MVA base
mpc.baseMVA = 100.0;
%% bus data
%    bus_i    type    Pd    Qd    Gs    Bs    area    Vm    Va    baseKV    zone    Vmax    Vmin
mpc.bus = [
	101	2	53.7996041431579	10.959178621754386	0.0	0.0	1	1.0331914414661871	1.926418228500494	138.0	11	1.05	0.95				
	102	2	48.3200148322807	9.962889656140351	0.0	0.0	1	1.0328097069041602	1.8047106191426712	138.0	12	1.05	0.95				
	103	1	89.66600690526316	18.43134586385965	0.0	0.0	1	1.0268047953789097	-0.24070597439378114	138.0	11	1.05	0.95				
	104	1	36.8626917277193	7.472167242105263	0.0	0.0	1	1.0203446332867971	-1.3673537078838087	138.0	11	1.05	0.95				
	105	1	35.368258279298246	6.974022759298247	0.0	0.0	1	1.0348367563328082	-1.1625990641787283	138.0	11	1.05	0.95				
	106	1	67.7476496617544	13.948045518596494	0.0	-100.0	1	1.0434102573931634	-3.385908398053995	138.0	12	1.05	0.95				
	107	2	62.2680603508772	12.453612070175438	0.0	0.0	1	1.0241317889871806	-2.8028970648570746	138.0	12	1.05	0.95				
	108	1	85.18270656	17.435056898245612	0.0	0.0	1	1.0177588182478867	-4.177913938276192	138.0	12	1.05	0.95				
	109	1	87.17528449122808	17.933201381052633	0.0	0.0	1	1.0255765107367236	-1.9455809730119602	138.0	13	1.05	0.95				
	110	1	97.13817414736843	19.925779312280703	0.0	0.0	1	1.05	-2.7233494341680977	138.0	13	1.05	0.95				
	111	1	0.0	0.0	0.0	0.0	1	1.0048445531762882	-0.4063836743916585	230.0	13	1.05	0.95				
	112	1	0.0	0.0	0.0	0.0	1	1.0099567933160243	0.25220227885146446	230.0	13	1.05	0.95				
	113	3	132.00828794385967	26.89980207157895	0.0	0.0	1	0.9978411211548796	2.146492597974401e-30	230.0	14	1.05	0.95				
	114	2	96.6400296645614	19.427634829473686	0.0	0.0	1	1.0010912499159168	1.2879524792168917	230.0	16	1.05	0.95				
	115	2	157.91180104982456	31.881246899649124	0.0	0.0	1	1.0396801106507543	6.861049581067477	230.0	16	1.05	0.95				
	116	2	49.814448280701754	9.962889656140351	0.0	0.0	1	1.0353230748743205	6.593754757076532	230.0	16	1.05	0.95				
	117	1	0.0	0.0	0.0	0.0	1	1.0431533153564767	8.210035141599887	230.0	17	1.05	0.95				
	118	2	165.88211277473687	33.8738248308772	0.0	0.0	1	1.0457732233113217	8.147042405120516	230.0	17	1.05	0.95				
	119	1	90.16415138807018	18.43134586385965	0.0	0.0	1	1.0291632644302258	5.904402152483692	230.0	15	1.05	0.95				
	120	1	63.76249379929825	12.951756552982458	0.0	0.0	1	1.0275135279126508	6.266772751565997	230.0	15	1.05	0.95				
	121	2	0.0	0.0	0.0	0.0	1	1.05	8.926603173097826	230.0	17	1.05	0.95				
	122	2	0.0	0.0	0.0	0.0	1	1.05	15.22556481739049	230.0	17	1.05	0.95				
	123	2	0.0	0.0	0.0	0.0	1	1.0275685678205901	6.848388157949206	230.0	15	1.05	0.95				
	124	1	0.0	0.0	0.0	0.0	1	1.0255519620108051	4.214656801724261	230.0	16	1.05	0.95				
	201	2	53.294506522105266	10.856288365614034	0.0	0.0	2	1.032331922526883	-5.990788651651597	138.0	21	1.05	0.95				
	202	2	47.86636233929824	9.869353059649121	0.0	0.0	2	1.0326017608498714	-6.010405982413936	138.0	22	1.05	0.95				
	203	1	88.8241775368421	18.258303160350874	0.0	0.0	2	1.0237756337984918	-5.142731801851818	138.0	21	1.05	0.95				
	204	1	36.51660632070175	7.402014794736841	0.0	0.0	2	1.019565795055045	-8.414658741843798	138.0	21	1.05	0.95				
	205	1	35.03620336175438	6.908547141754386	0.0	0.0	2	1.0347780849925123	-8.586243976328033	138.0	21	1.05	0.95				
	206	1	67.11160080561403	13.817094283508771	0.0	-100.0	2	1.0437954661779143	-10.512232051749539	138.0	22	1.05	0.95				
	207	2	61.68345662280701	12.336691324561402	0.0	0.0	2	0.988598968071242	-17.99198300161842	138.0	22	1.05	0.95				
	208	1	84.38296865999999	17.271367854385964	0.0	0.0	2	0.9936536935625845	-15.710271436569021	138.0	22	1.05	0.95				
	209	1	86.35683927192981	17.764835507368417	0.0	0.0	2	1.0235769131674088	-8.37721358148992	138.0	23	1.05	0.95				
	210	1	96.22619233157894	19.738706119298243	0.0	0.0	2	1.05	-9.656748857987207	138.0	23	1.05	0.95				
	211	1	0.0	0.0	0.0	0.0	2	1.0083308529912	-5.763601723009607	230.0	23	1.05	0.95				
	212	1	0.0	0.0	0.0	0.0	2	1.0112560544051452	-5.215771872043509	230.0	23	1.05	0.95				
	213	2	130.76892804035086	26.647253261052633	0.0	0.0	2	1.0033225469964826	-4.947791683590047	230.0	24	1.05	0.95				
	214	2	95.73272467859648	19.24523846631579	0.0	0.0	2	1.011359914383177	-3.1393684142548084	230.0	26	1.05	0.95				
	215	2	156.42924599543858	31.58192979087719	0.0	0.0	2	1.0306834453250802	3.648335971378034	230.0	26	1.05	0.95				
	216	2	49.34676529824561	9.869353059649121	0.0	0.0	2	1.0325965622159758	3.541349510898234	230.0	26	1.05	0.95				
	217	1	0.0	0.0	0.0	0.0	2	1.0375203209119728	6.398311757583567	230.0	27	1.05	0.95				
	218	2	164.32472844315788	33.555800402807016	0.0	0.0	2	1.039329664895769	6.974605822251878	230.0	27	1.05	0.95				
	219	1	89.31764518982456	18.258303160350874	0.0	0.0	2	1.0318445107184688	2.5344821382993694	230.0	25	1.05	0.95				
	220	1	63.16385958175438	12.83015897754386	0.0	0.0	2	1.0348993132471085	2.610724226340188	230.0	25	1.05	0.95				
	221	2	0.0	0.0	0.0	0.0	2	1.0389159527371055	6.619807756162468	230.0	27	1.05	0.95				
	222	2	0.0	0.0	0.0	0.0	2	1.05	13.033907493811398	230.0	27	1.05	0.95				
	223	2	0.0	0.0	0.0	0.0	2	1.037428328188386	3.023034058973816	230.0	25	1.05	0.95				
	224	1	0.0	0.0	0.0	0.0	2	1.0171140536839958	0.34601636514748196	230.0	26	1.05	0.95				
	301	2	52.0695982231579	10.606770008421051	0.0	0.0	3	1.008349653614248	-23.92721575429258	138.0	31	1.05	0.95				
	302	2	46.766213218947364	9.642518189473684	0.0	0.0	3	1.0077684677480772	-24.06246054028495	138.0	32	1.05	0.95				
	303	1	86.78266370526315	17.838658650526316	0.0	0.0	3	1.026345661772618	-17.281137116446306	138.0	31	1.05	0.95				
	304	1	35.67731730105263	7.231888642105262	0.0	0.0	3	1.0096849803837895	-22.416897922558555	138.0	31	1.05	0.95				
	305	1	34.23093957263158	6.749762732631578	0.0	0.0	3	1.022835961714959	-23.387727811377566	138.0	31	1.05	0.95				
	306	1	65.56912368842104	13.499525465263156	0.0	-100.0	3	1.0388154823185616	-23.64514865702019	138.0	32	1.05	0.95				
	307	2	60.265738684210525	12.053147736842105	0.0	0.0	3	0.9931391377916879	-28.939486053834372	138.0	32	1.05	0.95				
	308	1	82.44353051999998	16.874406831578945	0.0	0.0	3	0.9974983539049082	-26.720880873434027	138.0	32	1.05	0.95				
	309	1	84.37203415789473	17.35653274105263	0.0	0.0	3	1.027040577519085	-19.103664388686223	138.0	33	1.05	0.95				
	310	1	94.01455234736841	19.285036378947368	0.0	0.0	3	1.05	-21.298129263997904	138.0	33	1.05	0.95				
	311	1	0.0	0.0	0.0	0.0	3	1.0119370426362009	-14.976369571252524	230.0	33	1.05	0.95				
	312	1	0.0	0.0	0.0	0.0	3	1.0133897707328772	-14.5102524541302	230.0	33	1.05	0.95				
	313	2	127.7633660105263	26.03479911157895	0.0	0.0	3	1.0145436685627354	-11.4955170819912	230.0	34	1.05	0.95				
	314	2	93.53242643789473	18.802910469473684	0.0	0.0	3	1.0177945228200045	-12.746198357136654	230.0	36	1.05	0.95				
	315	2	152.83391330315789	30.85605820631579	0.0	0.0	3	1.0417599725785405	-7.075734336293559	230.0	36	1.05	0.95				
	316	2	48.21259094736842	9.642518189473684	0.0	0.0	3	1.0404816209725956	-6.721311421702495	230.0	36	1.05	0.95				
	317	1	0.0	0.0	0.0	0.0	3	1.0440651754383357	-4.760698763577733	230.0	37	1.05	0.95				
	318	2	160.54792785473683	32.78456184421052	0.0	0.0	3	1.0442534781756685	-4.352468198129514	230.0	37	1.05	0.95				
	319	1	87.26478961473684	17.838658650526316	0.0	0.0	3	1.0362278626856438	-7.795066065754504	230.0	35	1.05	0.95				
	320	1	61.71211641263158	12.535273646315789	0.0	0.0	3	1.0361013827360563	-7.810054605981781	230.0	35	1.05	0.95				
	321	2	0.0	0.0	0.0	0.0	3	1.0468688353749331	-3.779102333656099	230.0	37	1.05	0.95				
	322	2	0.0	0.0	0.0	0.0	3	1.05	0.17013262892763767	230.0	37	1.05	0.95				
	323	2	0.0	0.0	0.0	0.0	3	1.0368039988840492	-7.45514430358395	230.0	35	1.05	0.95				
	324	1	0.0	0.0	0.0	0.0	3	1.0232373698792294	-10.879475466358684	230.0	36	1.05	0.95				
	325	1	0.0	0.0	0.0	0.0	3	1.0326826895840302	-6.092483038904534	230.0	35	1.05	0.95				
];
