%% MATPOWER Case Format : Version 2
function mpc = RTS_GMLC
mpc.version = '2';

%%-----  Power Flow Data  -----%%
%% system MVA base
mpc.baseMVA = 100.0;
%% bus data
%    bus_i    type    Pd    Qd    Gs    Bs    area    Vm    Va    baseKV    zone    Vmax    Vmin
mpc.bus = [
	101	2	39.22414647157895	7.990103910877193	0.0	0.0	1	1.0346499768624888	2.973534217471636	138.0	11	1.05	0.95				
	102	2	35.22909451614035	7.263730828070175	0.0	0.0	1	1.0337755470487173	2.7315010555972963	138.0	12	1.05	0.95				
	103	1	65.37357745263158	13.437902031929823	0.0	0.0	1	1.0281831667277304	0.7968451478492847	138.0	11	1.05	0.95				
	104	1	26.875804063859647	5.447798121052632	0.0	0.0	1	1.0225952150211863	-0.31973120445418896	138.0	11	1.05	0.95				
	105	1	25.78624443964912	5.084611579649123	0.0	0.0	1	1.037368726808515	-0.037668149749730956	138.0	11	1.05	0.95				
	106	1	49.393369630877196	10.169223159298246	0.0	-100.0	1	1.047485021544724	-2.1448777568057387	138.0	12	1.05	0.95				
	107	2	45.39831767543859	9.079663535087718	0.0	0.0	1	1.0014456098713906	-6.8054015172295355	138.0	12	1.05	0.95				
	108	1	62.104898580000004	12.711528949122805	0.0	0.0	1	1.0072053290270961	-5.752792362426073	138.0	12	1.05	0.95				
	109	1	63.55764474561403	13.074715490526314	0.0	0.0	1	1.0241533105440224	-1.344113715260117	138.0	13	1.05	0.95				
	110	1	70.82137557368421	14.52746165614035	0.0	0.0	1	1.05	-1.9482498685638774	138.0	13	1.05	0.95				
	111	1	0.0	0.0	0.0	0.0	1	1.0006207728170051	0.018468129904064722	230.0	13	1.05	0.95				
	112	1	0.0	0.0	0.0	0.0	1	1.005887004001476	0.3334753836096696	230.0	13	1.05	0.95				
	113	3	96.24443347192981	19.612073235789474	0.0	0.0	1	0.9903700616956169	-2.502975425872842e-30	230.0	14	1.05	0.95				
	114	2	70.4581890322807	14.16427511473684	0.0	0.0	1	0.9955842567503779	1.8437897216744459	230.0	16	1.05	0.95				
	115	2	115.13013362491226	23.24393864982456	0.0	0.0	1	1.0312806877759886	6.657653035026622	230.0	16	1.05	0.95				
	116	2	36.31865414035087	7.263730828070175	0.0	0.0	1	1.0274292554644986	6.4972951923413245	230.0	16	1.05	0.95				
	117	1	0.0	0.0	0.0	0.0	1	1.036149992920022	8.45630404073422	230.0	17	1.05	0.95				
	118	2	120.94111828736843	24.696684815438598	0.0	0.0	1	1.038603673385602	8.528798065953143	230.0	17	1.05	0.95				
	119	1	65.73676399403509	13.437902031929823	0.0	0.0	1	1.0213672992304013	5.602965183439498	230.0	15	1.05	0.95				
	120	1	46.48787729964912	9.44285007649123	0.0	0.0	1	1.0183280820800957	5.5385553797268	230.0	15	1.05	0.95				
	121	2	0.0	0.0	0.0	0.0	1	1.0422246290076624	9.434207711500902	230.0	17	1.05	0.95				
	122	2	0.0	0.0	0.0	0.0	1	1.05	15.770048008043306	230.0	17	1.05	0.95				
	123	2	0.0	0.0	0.0	0.0	1	1.0169170494300486	5.7901765988487135	230.0	15	1.05	0.95				
	124	1	0.0	0.0	0.0	0.0	1	1.0220705894665232	4.451349343448764	230.0	16	1.05	0.95				
	201	2	37.05965685473684	7.5491893592982455	0.0	0.0	2	1.019852712261618	-6.874150736282371	138.0	21	1.05	0.95				
	202	2	33.285062175087724	6.86289941754386	0.0	0.0	2	1.019800086668608	-6.911272769769312	138.0	22	1.05	0.95				
	203	1	61.76609475789474	12.696363922456142	0.0	0.0	2	1.0170567216513495	-5.607072398270642	138.0	21	1.05	0.95				
	204	1	25.392727844912283	5.147174563157895	0.0	0.0	2	1.0164768001615823	-7.6936902745123215	138.0	21	1.05	0.95				
	205	1	24.3632929322807	4.804029592280703	0.0	0.0	2	1.0309589200037863	-7.924984867874908	138.0	21	1.05	0.95				
	206	1	46.66771603929825	9.608059184561405	0.0	-100.0	2	1.0456157518750078	-8.900761023809274	138.0	22	1.05	0.95				
	207	2	42.89312135964912	8.578624271929824	0.0	0.0	2	0.995805485090487	-13.41263110249678	138.0	22	1.05	0.95				
	208	1	58.677790019999996	12.010073980701753	0.0	0.0	2	1.0038210150810676	-11.924501497730498	138.0	22	1.05	0.95				
	209	1	60.05036990350877	12.353218951578947	0.0	0.0	2	1.0226665360600362	-6.905926155463255	138.0	23	1.05	0.95				
	210	1	66.91326932105262	13.72579883508772	0.0	0.0	2	1.05	-7.877078089245542	138.0	23	1.05	0.95				
	211	1	0.0	0.0	0.0	0.0	2	1.000861118455941	-4.5476315407853125	230.0	23	1.05	0.95				
	212	1	0.0	0.0	0.0	0.0	2	1.0052489299433844	-3.896670305374303	230.0	23	1.05	0.95				
	213	2	90.93341728245615	18.52982842736842	0.0	0.0	2	0.9932634776781285	-3.4456842739129776	230.0	24	1.05	0.95				
	214	2	66.57012435017545	13.382653864210525	0.0	0.0	2	0.9976934688223066	-2.5092139028080753	230.0	26	1.05	0.95				
	215	2	108.77695576807018	21.96127813614035	0.0	0.0	2	1.0170292527570486	2.376764613433566	230.0	26	1.05	0.95				
	216	2	34.314497087719296	6.86289941754386	0.0	0.0	2	1.0178469789447842	2.4226636150721084	230.0	26	1.05	0.95				
	217	1	0.0	0.0	0.0	0.0	2	1.0235192267898214	3.925528110990859	230.0	27	1.05	0.95				
	218	2	114.26727530210525	23.333858019649124	0.0	0.0	2	1.022871515095731	3.512607056167821	230.0	27	1.05	0.95				
	219	1	62.109239728771925	12.696363922456142	0.0	0.0	2	1.0184262905131687	2.301997302992647	230.0	25	1.05	0.95				
	220	1	43.9225562722807	8.921769242807018	0.0	0.0	2	1.0208219176343845	2.8800674842108296	230.0	25	1.05	0.95				
	221	2	0.0	0.0	0.0	0.0	2	1.0245524559746804	3.9399548156327193	230.0	27	1.05	0.95				
	222	2	0.0	0.0	0.0	0.0	2	1.0465894734146943	10.46745694158455	230.0	27	1.05	0.95				
	223	2	0.0	0.0	0.0	0.0	2	1.0224447016970908	3.465307140407388	230.0	25	1.05	0.95				
	224	1	0.0	0.0	0.0	0.0	2	1.0070665670717278	-0.6437163398224222	230.0	26	1.05	0.95				
	301	2	42.417589376842116	8.640620058245615	0.0	0.0	3	1.0109662452394126	-13.820844194265826	138.0	31	1.05	0.95				
	302	2	38.0972793477193	7.855109143859651	0.0	0.0	3	1.0108156022603043	-14.015543690236065	138.0	32	1.05	0.95				
	303	1	70.69598229473685	14.53195191614035	0.0	0.0	3	1.0346533080914433	-5.9448823247586144	138.0	31	1.05	0.95				
	304	1	29.0639038322807	5.891331857894737	0.0	0.0	3	1.0124908055413788	-12.903799881274105	138.0	31	1.05	0.95				
	305	1	27.885637460701755	5.498576400701755	0.0	0.0	3	1.0256966182495026	-13.977267266016772	138.0	31	1.05	0.95				
	306	1	53.414742178245625	10.99715280140351	0.0	-100.0	3	1.042186097904773	-14.549472561377597	138.0	32	1.05	0.95				
	307	2	49.09443214912281	9.818886429824563	0.0	0.0	3	0.994286680327363	-18.59476053511816	138.0	32	1.05	0.95				
	308	1	67.16118318000001	13.746441001754386	0.0	0.0	3	1.0015440121415984	-16.854846657619518	138.0	32	1.05	0.95				
	309	1	68.73220500877194	14.13919645894737	0.0	0.0	3	1.025548623170207	-10.378298285291772	138.0	33	1.05	0.95				
	310	1	76.58731415263158	15.710218287719302	0.0	0.0	3	1.05	-12.866725919888124	138.0	33	1.05	0.95				
	311	1	0.0	0.0	0.0	0.0	3	1.0046727975865555	-8.346483961767408	230.0	33	1.05	0.95				
	312	1	0.0	0.0	0.0	0.0	3	1.0102020853858027	-7.659966347125052	230.0	33	1.05	0.95				
	313	2	104.08019615614035	21.208794688421058	0.0	0.0	3	1.0074961763434553	-5.093785527459674	230.0	34	1.05	0.95				
	314	2	76.1945586954386	15.317462830526319	0.0	0.0	3	0.9970536275195335	-7.781112983028616	230.0	36	1.05	0.95				
	315	2	124.50347993017546	25.136349260350883	0.0	0.0	3	1.0199091204986126	-4.897424251829262	230.0	36	1.05	0.95				
	316	2	39.27554571929825	7.855109143859651	0.0	0.0	3	1.017875668410584	-4.60745782900625	230.0	36	1.05	0.95				
	317	1	0.0	0.0	0.0	0.0	3	1.0229611654838435	-3.482995120870622	230.0	37	1.05	0.95				
	318	2	130.78756724526318	26.707371089122812	0.0	0.0	3	1.0223215506116712	-3.4924139122683764	230.0	37	1.05	0.95				
	319	1	71.08873775192983	14.53195191614035	0.0	0.0	3	1.0155674677109745	-4.766600063643178	230.0	35	1.05	0.95				
	320	1	50.272698520701766	10.211641887017544	0.0	0.0	3	1.016071118787347	-4.12106275808335	230.0	35	1.05	0.95				
	321	2	0.0	0.0	0.0	0.0	3	1.0235762021863604	-3.428753581921643	230.0	37	1.05	0.95				
	322	2	0.0	0.0	0.0	0.0	3	1.036769570009909	0.968037865727842	230.0	37	1.05	0.95				
	323	2	0.0	0.0	0.0	0.0	3	1.0169286085775684	-3.456959530872386	230.0	35	1.05	0.95				
	324	1	0.0	0.0	0.0	0.0	3	1.0209656496310189	-5.30798375119203	230.0	36	1.05	0.95				
	325	1	0.0	0.0	0.0	0.0	3	1.0156774612936204	-2.3573922303128034	230.0	35	1.05	0.95				
];
