%% MATPOWER Case Format : Version 2
function mpc = RTS_GMLC
mpc.version = '2';

%%-----  Power Flow Data  -----%%
%% system MVA base
mpc.baseMVA = 100.0;
%% bus data
%    bus_i    type    Pd    Qd    Gs    Bs    area    Vm    Va    baseKV    zone    Vmax    Vmin
mpc.bus = [
	101	2	44.27412173052632	9.018802574736842	0.0	0.0	1	1.008358134847939	0.3853312368991231	138.0	11	1.05	0.95				
	102	2	39.76472044315789	8.198911431578948	0.0	0.0	1	1.006303046607361	-0.247552299600797	138.0	12	1.05	0.95				
	103	1	73.79020288421052	15.16798614842105	0.0	0.0	1	1.0232549933843995	3.1272560933691915	138.0	11	1.05	0.95				
	104	1	30.3359722968421	6.149183573684209	0.0	0.0	1	1.0108513458443231	-1.9037004155214365	138.0	11	1.05	0.95				
	105	1	29.106135582105257	5.739238002105263	0.0	0.0	1	1.0236012494868831	-2.242314578267618	138.0	11	1.05	0.95				
	106	1	55.75259773473684	11.478476004210526	0.0	-100.0	1	1.0398808155502692	-4.246461423094613	138.0	12	1.05	0.95				
	107	2	51.24319644736842	10.248639289473683	0.0	0.0	1	0.984097926306863	-11.805887723983414	138.0	12	1.05	0.95				
	108	1	70.10069274	14.348095005263156	0.0	0.0	1	0.9936255781092269	-9.19635404676901	138.0	12	1.05	0.95				
	109	1	71.74047502631579	14.758040576842104	0.0	0.0	1	1.0243858630012752	-1.9028233207267113	138.0	13	1.05	0.95				
	110	1	79.93938645789473	16.397822863157895	0.0	0.0	1	1.05	-3.5325571786948378	138.0	13	1.05	0.95				
	111	1	0.0	0.0	0.0	0.0	1	1.018190180526915	0.7412079886993324	230.0	13	1.05	0.95				
	112	1	0.0	0.0	0.0	0.0	1	1.0145348113406565	-0.6532815425838121	230.0	13	1.05	0.95				
	113	3	108.63557646842104	22.13706086526316	0.0	0.0	1	0.9996390529083704	-6.525474464828009e-31	230.0	14	1.05	0.95				
	114	2	79.52944088631578	15.987877291578947	0.0	0.0	1	1.0444565466742879	4.74732038607808	230.0	16	1.05	0.95				
	115	2	129.9527461905263	26.236516581052634	0.0	0.0	1	1.03694102764583	15.302131179317074	230.0	16	1.05	0.95				
	116	2	40.99455715789473	8.198911431578948	0.0	0.0	1	1.036919967121694	13.11143147985664	230.0	16	1.05	0.95				
	117	1	0.0	0.0	0.0	0.0	1	1.036185823429426	19.7730922546014	230.0	17	1.05	0.95				
	118	2	136.51187533578948	27.87629886736842	0.0	0.0	1	1.0458818572065975	20.63983788466135	230.0	17	1.05	0.95				
	119	1	74.20014845578947	15.16798614842105	0.0	0.0	1	1.0330877701953158	8.145338591915324	230.0	15	1.05	0.95				
	120	1	52.47303316210527	10.658584861052631	0.0	0.0	1	1.0379182651206842	4.5300916660032895	230.0	15	1.05	0.95				
	121	2	0.0	0.0	0.0	0.0	1	1.0406666754721507	22.387275363689824	230.0	17	1.05	0.95				
	122	2	0.0	0.0	0.0	0.0	1	1.05	40.369781638010075	230.0	17	1.05	0.95				
	123	2	0.0	0.0	0.0	0.0	1	1.0421662674300822	2.8633271493525636	230.0	15	1.05	0.95				
	124	1	0.0	0.0	0.0	0.0	1	1.016596447182514	10.753428331713849	230.0	16	1.05	0.95				
	201	2	42.04061075368421	8.563828116491228	0.0	0.0	2	1.0069240515525069	-19.108950576712157	138.0	21	1.05	0.95				
	202	2	37.758696695438594	7.785298287719298	0.0	0.0	2	1.006131427624694	-19.427041651735287	138.0	22	1.05	0.95				
	203	1	70.06768458947367	14.402801832280701	0.0	0.0	2	1.0112015812365267	-14.214352945682467	138.0	21	1.05	0.95				
	204	1	28.805603664561403	5.838973715789473	0.0	0.0	2	1.008885941870458	-19.188924244707838	138.0	21	1.05	0.95				
	205	1	27.637808921403504	5.449708801403509	0.0	0.0	2	1.0237210023253995	-19.703376679804986	138.0	21	1.05	0.95				
	206	1	52.94002835649123	10.899417602807018	0.0	-100.0	2	1.041097892752627	-20.53520931934288	138.0	22	1.05	0.95				
	207	2	48.658114298245614	9.731622859649121	0.0	0.0	2	0.9899801722251723	-25.102704474644778	138.0	22	1.05	0.95				
	208	1	66.56430035999999	13.62427200350877	0.0	0.0	2	0.9985029845357032	-23.385200317685744	138.0	22	1.05	0.95				
	209	1	68.12136001754385	14.013536917894736	0.0	0.0	2	1.022136927201136	-17.37243000067747	138.0	23	1.05	0.95				
	210	1	75.90665830526315	15.570596575438596	0.0	0.0	2	1.05	-19.036361456082883	138.0	23	1.05	0.95				
	211	1	0.0	0.0	0.0	0.0	2	1.007152511883967	-14.591546810005076	230.0	23	1.05	0.95				
	212	1	0.0	0.0	0.0	0.0	2	1.0135209134643388	-14.253627040288459	230.0	23	1.05	0.95				
	213	2	103.15520231228071	21.020305376842106	0.0	0.0	2	1.005515532828499	-13.661271221822075	230.0	24	1.05	0.95				
	214	2	75.51739339087719	15.18133166105263	0.0	0.0	2	1.0080589682261951	-11.696949981202271	230.0	26	1.05	0.95				
	215	2	123.39697786035086	24.912954520701753	0.0	0.0	2	1.0277993155848442	-4.107742936113885	230.0	26	1.05	0.95				
	216	2	38.926491438596486	7.785298287719298	0.0	0.0	2	1.0304863043548642	-5.31894922349626	230.0	26	1.05	0.95				
	217	1	0.0	0.0	0.0	0.0	2	1.0352818239968364	-2.6492601072880633	230.0	27	1.05	0.95				
	218	2	129.62521649052633	26.470014178245616	0.0	0.0	2	1.0341233459559807	-3.1196849825914543	230.0	27	1.05	0.95				
	219	1	70.45694950385965	14.402801832280701	0.0	0.0	2	1.0357156009720678	-6.413579912658652	230.0	25	1.05	0.95				
	220	1	49.825909041403506	10.120887774035088	0.0	0.0	2	1.0427756856010195	-6.6083689444182765	230.0	25	1.05	0.95				
	221	2	0.0	0.0	0.0	0.0	2	1.0346505483514812	-2.65067515748919	230.0	27	1.05	0.95				
	222	2	0.0	0.0	0.0	0.0	2	1.05	3.8474384260193975	230.0	27	1.05	0.95				
	223	2	0.0	0.0	0.0	0.0	2	1.0469557453906313	-6.4261636319437	230.0	25	1.05	0.95				
	224	1	0.0	0.0	0.0	0.0	2	1.0091233873054941	-7.869113987587379	230.0	26	1.05	0.95				
	301	2	60.37203418105263	12.298006962807017	0.0	0.0	3	1.038037472400938	9.775456513313902	138.0	31	1.05	0.95				
	302	2	54.22303069964912	11.180006329824561	0.0	0.0	3	1.0328175379740268	9.42782224002849	138.0	32	1.05	0.95				
	303	1	100.62005696842104	20.68301171017544	0.0	0.0	3	1.05	25.23303596594159	138.0	31	1.05	0.95				
	304	1	41.36602342035088	8.38500474736842	0.0	0.0	3	1.0113633767965182	10.65844295135701	138.0	31	1.05	0.95				
	305	1	39.68902247087719	7.826004430877194	0.0	0.0	3	1.0339828947570273	9.203066907558345	138.0	31	1.05	0.95				
	306	1	76.02404304280702	15.652008861754387	0.0	-100.0	3	1.0375811841949734	8.231820353713971	138.0	32	1.05	0.95				
	307	2	69.87503956140351	13.975007912280702	0.0	0.0	3	0.95	2.7322776844713594	138.0	32	1.05	0.95				
	308	1	95.58905412	19.56501107719298	0.0	0.0	3	0.9664563352743782	5.335708696778181	138.0	32	1.05	0.95				
	309	1	97.82505538596492	20.12401139368421	0.0	0.0	3	1.012130874392229	14.017567854353937	138.0	33	1.05	0.95				
	310	1	109.00506171578948	22.360012659649122	0.0	0.0	3	1.0433905501987377	10.403765421314063	138.0	33	1.05	0.95				
	311	1	0.0	0.0	0.0	0.0	3	0.9990826816078165	15.31950427458172	230.0	33	1.05	0.95				
	312	1	0.0	0.0	0.0	0.0	3	1.0045428153433633	16.208667997362394	230.0	33	1.05	0.95				
	313	2	148.13508387017544	30.186017090526317	0.0	0.0	3	1.0033126693758498	19.56142961744563	230.0	34	1.05	0.95				
	314	2	108.44606139929824	21.801012343157893	0.0	0.0	3	0.9952956722635516	14.81903313586897	230.0	36	1.05	0.95				
	315	2	177.20310032771928	35.776020255438596	0.0	0.0	3	1.0454595053593259	14.650893990784553	230.0	36	1.05	0.95				
	316	2	55.90003164912281	11.180006329824561	0.0	0.0	3	1.029415645706575	14.857879174691096	230.0	36	1.05	0.95				
	317	1	0.0	0.0	0.0	0.0	3	1.048657413061833	16.390159238943088	230.0	37	1.05	0.95				
	318	2	186.14710539157895	38.01202152140351	0.0	0.0	3	1.05	13.426778041596135	230.0	37	1.05	0.95				
	319	1	101.17905728491228	20.68301171017544	0.0	0.0	3	1.0207974696472697	15.626920645181325	230.0	35	1.05	0.95				
	320	1	71.55204051087719	14.53400822877193	0.0	0.0	3	1.0160137070861186	16.597832564173757	230.0	35	1.05	0.95				
	321	2	0.0	0.0	0.0	0.0	3	1.05	14.469345990366191	230.0	37	1.05	0.95				
	322	2	0.0	0.0	0.0	0.0	3	1.05	19.569154209025463	230.0	37	1.05	0.95				
	323	2	0.0	0.0	0.0	0.0	3	1.014190045134842	17.308231608647997	230.0	35	1.05	0.95				
	324	1	0.0	0.0	0.0	0.0	3	1.0452899952865906	19.621348337148397	230.0	36	1.05	0.95				
	325	1	0.0	0.0	0.0	0.0	3	1.0160741104435713	17.755613492923324	230.0	35	1.05	0.95				
];
