%% MATPOWER Case Format : Version 2
function mpc = RTS_GMLC
mpc.version = '2';

%%-----  Power Flow Data  -----%%
%% system MVA base
mpc.baseMVA = 100.0;
%% bus data
%    bus_i    type    Pd    Qd    Gs    Bs    area    Vm    Va    baseKV    zone    Vmax    Vmin
mpc.bus = [
	101	2	47.84116774736842	9.745423059649122	0.0	0.0	1	1.0247866438974989	-3.858286364607574	138.0	11	1.05	0.95				
	102	2	42.96845621754385	8.85947550877193	0.0	0.0	1	1.024133571080476	-4.084863303740843	138.0	12	1.05	0.95				
	103	1	79.73527957894736	16.39002969122807	0.0	0.0	1	1.0068742278434906	-0.9045575383472324	138.0	11	1.05	0.95				
	104	1	32.78005938245614	6.644606631578946	0.0	0.0	1	1.015710478039448	-4.407891640406886	138.0	11	1.05	0.95				
	105	1	31.451138056140348	6.201632856140351	0.0	0.0	1	1.0291199530600499	-5.503254388037848	138.0	11	1.05	0.95				
	106	1	60.24443345964913	12.403265712280701	0.0	-100.0	1	1.0391606367129014	-6.928048157894054	138.0	12	1.05	0.95				
	107	2	55.37172192982456	11.074344385964912	0.0	0.0	1	1.0036388122168338	-9.923342427731061	138.0	12	1.05	0.95				
	108	1	75.74851559999999	15.504082140350874	0.0	0.0	1	1.002986172115315	-9.215963516584559	138.0	12	1.05	0.95				
	109	1	77.52041070175439	15.947055915789472	0.0	0.0	1	1.0152634433934764	-4.097804113500667	138.0	13	1.05	0.95				
	110	1	86.37988621052631	17.71895101754386	0.0	0.0	1	1.0441871925841408	-5.745915962113278	138.0	13	1.05	0.95				
	111	1	0.0	0.0	0.0	0.0	1	0.9951201854103655	-1.7234427603209936	230.0	13	1.05	0.95				
	112	1	0.0	0.0	0.0	0.0	1	1.0005434227733505	-1.9135952308735715	230.0	13	1.05	0.95				
	113	3	117.38805049122804	23.92058387368421	0.0	0.0	1	0.997481635568952	7.471203550419046e-29	230.0	14	1.05	0.95				
	114	2	85.9369124350877	17.275977242105263	0.0	0.0	1	0.985130482345771	0.12913492856443892	230.0	16	1.05	0.95				
	115	2	140.42268681403507	28.350321628070173	0.0	0.0	1	0.9811920621658292	6.87292448924481	230.0	16	1.05	0.95				
	116	2	44.297377543859646	8.85947550877193	0.0	0.0	1	0.9837026971316534	5.709735833637469	230.0	16	1.05	0.95				
	117	1	0.0	0.0	0.0	0.0	1	0.9826386005344708	9.644661269873023	230.0	17	1.05	0.95				
	118	2	147.51026722105263	30.122216729824565	0.0	0.0	1	0.980568835693049	10.550162087119684	230.0	17	1.05	0.95				
	119	1	80.17825335438596	16.39002969122807	0.0	0.0	1	0.9861939925148212	3.501473821902899	230.0	15	1.05	0.95				
	120	1	56.700643256140346	11.517318161403509	0.0	0.0	1	0.9915245960629726	1.955552023128973	230.0	15	1.05	0.95				
	121	2	0.0	0.0	0.0	0.0	1	0.9811155122103696	12.074062716292847	230.0	17	1.05	0.95				
	122	2	0.0	0.0	0.0	0.0	1	1.0069405147751813	18.745794508279474	230.0	17	1.05	0.95				
	123	2	0.0	0.0	0.0	0.0	1	0.9952583263539995	1.4730855889037808	230.0	15	1.05	0.95				
	124	1	0.0	0.0	0.0	0.0	1	0.9814214549887004	3.8443605452246206	230.0	16	1.05	0.95				
	201	2	43.213599890526325	8.802770348070176	0.0	0.0	2	1.0090843440399193	-8.010677458215355	138.0	21	1.05	0.95				
	202	2	38.812214716491226	8.002518498245614	0.0	0.0	2	1.0082829602519694	-8.221945811122088	138.0	22	1.05	0.95				
	203	1	72.02266648421053	14.804659221754388	0.0	0.0	2	1.014717052537288	-6.5169092390225725	138.0	21	1.05	0.95				
	204	1	29.609318443508776	6.00188887368421	0.0	0.0	2	1.0109947713307028	-7.63510525218389	138.0	21	1.05	0.95				
	205	1	28.408940668771933	5.601762948771931	0.0	0.0	2	1.0245564572403383	-7.854317903063509	138.0	21	1.05	0.95				
	206	1	54.41712578807019	11.203525897543862	0.0	-100.0	2	1.0413593431110282	-8.270262722094644	138.0	22	1.05	0.95				
	207	2	50.01574061403509	10.003148122807017	0.0	0.0	2	0.9923905135620601	-13.052194034532755	138.0	22	1.05	0.95				
	208	1	68.42153316000001	14.004407371929824	0.0	0.0	2	1.0000784012663944	-11.277716101582095	138.0	22	1.05	0.95				
	209	1	70.02203685964913	14.404533296842107	0.0	0.0	2	1.0247897436245805	-5.501158440618853	138.0	23	1.05	0.95				
	210	1	78.02455535789474	16.005036996491228	0.0	0.0	2	1.05	-6.407500066088845	138.0	23	1.05	0.95				
	211	1	0.0	0.0	0.0	0.0	2	1.0030140521548259	-3.2959219611493418	230.0	23	1.05	0.95				
	212	1	0.0	0.0	0.0	0.0	2	1.01518174665625	1.2701339528926678	230.0	23	1.05	0.95				
	213	2	106.03337010175437	21.606799945263162	0.0	0.0	2	1.0014593705234374	-1.0158914838409292	230.0	24	1.05	0.95				
	214	2	77.62442943298245	15.604911071578947	0.0	0.0	2	0.9953126057308673	-2.491194911486173	230.0	26	1.05	0.95				
	215	2	126.83991819719299	25.60805919438597	0.0	0.0	2	1.0188900121468745	1.553347803474801	230.0	26	1.05	0.95				
	216	2	40.01259249122807	8.002518498245614	0.0	0.0	2	1.0185355338145503	1.0511415105687416	230.0	26	1.05	0.95				
	217	1	0.0	0.0	0.0	0.0	2	1.020162989329845	2.0624210144625343	230.0	27	1.05	0.95				
	218	2	133.24193299578948	27.208562894035094	0.0	0.0	2	1.0204275148659363	1.808372375564494	230.0	27	1.05	0.95				
	219	1	72.42279240912282	14.804659221754388	0.0	0.0	2	1.0244790033423263	1.3393884553282938	230.0	25	1.05	0.95				
	220	1	51.21611838877194	10.403274047719298	0.0	0.0	2	1.0322522662278841	2.368118905590232	230.0	25	1.05	0.95				
	221	2	0.0	0.0	0.0	0.0	2	1.023388328519635	2.5212817257861313	230.0	27	1.05	0.95				
	222	2	0.0	0.0	0.0	0.0	2	1.044571379785588	8.900191509152062	230.0	27	1.05	0.95				
	223	2	0.0	0.0	0.0	0.0	2	1.0372428899973074	3.229204396187054	230.0	25	1.05	0.95				
	224	1	0.0	0.0	0.0	0.0	2	1.007242317826496	-1.4858412744263223	230.0	26	1.05	0.95				
	301	2	52.58209426105264	10.711167349473685	0.0	0.0	3	1.0459311504288007	24.9947788299639	138.0	31	1.05	0.95				
	302	2	47.22651058631579	9.737424863157894	0.0	0.0	3	1.0410847098431912	24.6581664368773	138.0	32	1.05	0.95				
	303	1	87.63682376842105	18.014235996842107	0.0	0.0	3	1.0470207249392505	39.510152442617134	138.0	31	1.05	0.95				
	304	1	36.028471993684214	7.303068647368422	0.0	0.0	3	1.0181572090746507	25.491573473137557	138.0	31	1.05	0.95				
	305	1	34.56785826421053	6.816197404210528	0.0	0.0	3	1.0423342586898923	24.37093138720706	138.0	31	1.05	0.95				
	306	1	66.21448906947369	13.632394808421056	0.0	-100.0	3	1.046876406133992	23.437075976098832	138.0	32	1.05	0.95				
	307	2	60.85890539473684	12.171781078947369	0.0	0.0	3	0.95	19.818196487195287	138.0	32	1.05	0.95				
	308	1	83.25498258	17.040493510526318	0.0	0.0	3	0.9739709013691075	21.915851379915715	138.0	32	1.05	0.95				
	309	1	85.20246755263159	17.52736475368421	0.0	0.0	3	1.0143436185199544	28.210264098589136	138.0	33	1.05	0.95				
	310	1	94.93989241578947	19.47484972631579	0.0	0.0	3	1.05	25.26887450713732	138.0	33	1.05	0.95				
	311	1	0.0	0.0	0.0	0.0	3	1.000471110400687	28.119239606283287	230.0	33	1.05	0.95				
	312	1	0.0	0.0	0.0	0.0	3	1.0047329764291058	28.489617149740187	230.0	33	1.05	0.95				
	313	2	129.0208794368421	26.29104713052632	0.0	0.0	3	0.9993391782956589	30.544839425489997	230.0	34	1.05	0.95				
	314	2	94.45302117263158	18.987978483157896	0.0	0.0	3	0.9923932736124642	27.50191258557521	230.0	36	1.05	0.95				
	315	2	154.33818408105265	31.159759562105265	0.0	0.0	3	1.036301808643459	22.74194660659439	230.0	36	1.05	0.95				
	316	2	48.687124315789475	9.737424863157894	0.0	0.0	3	1.0156515589125537	22.653408368063754	230.0	36	1.05	0.95				
	317	1	0.0	0.0	0.0	0.0	3	1.0393390284732753	21.015758096245538	230.0	37	1.05	0.95				
	318	2	162.12812397157896	33.10724453473684	0.0	0.0	3	1.048442207307337	19.3545887875442	230.0	37	1.05	0.95				
	319	1	88.12369501157895	18.014235996842107	0.0	0.0	3	1.0063976952665867	23.89897900966448	230.0	35	1.05	0.95				
	320	1	62.31951912421053	12.658652322105265	0.0	0.0	3	0.9979603898036874	24.103889390946083	230.0	35	1.05	0.95				
	321	2	0.0	0.0	0.0	0.0	3	1.05	21.016680515514587	230.0	37	1.05	0.95				
	322	2	0.0	0.0	0.0	0.0	3	1.05	25.350858934055594	230.0	37	1.05	0.95				
	323	2	0.0	0.0	0.0	0.0	3	0.9932384447268655	24.187187961467757	230.0	35	1.05	0.95				
	324	1	0.0	0.0	0.0	0.0	3	1.0366381916352816	31.427389830866954	230.0	36	1.05	0.95				
	325	1	0.0	0.0	0.0	0.0	3	0.9933318663035807	23.171678797580288	230.0	35	1.05	0.95				
];
