%% MATPOWER Case Format : Version 2
function mpc = RTS_GMLC
mpc.version = '2';

%%-----  Power Flow Data  -----%%
%% system MVA base
mpc.baseMVA = 100.0;
%% bus data
%    bus_i    type    Pd    Qd    Gs    Bs    area    Vm    Va    baseKV    zone    Vmax    Vmin
mpc.bus = [
	101	2	42.91142998736843	8.741217219649124	0.0	0.0	1	1.0177608270432947	-2.4113630107352817	138.0	11	1.05	0.95				
	102	2	38.54082137754386	7.946561108771931	0.0	0.0	1	1.0173194303232822	-2.6471411140587464	138.0	12	1.05	0.95				
	103	1	71.51904997894736	14.701138051228071	0.0	0.0	1	1.0127949303174464	0.9627491388405948	138.0	11	1.05	0.95				
	104	1	29.402276102456142	5.959920831578947	0.0	0.0	1	1.008431564853382	-3.0854195918571685	138.0	11	1.05	0.95				
	105	1	28.21029193614035	5.5625927761403515	0.0	0.0	1	1.020690065293625	-4.185045887588231	138.0	11	1.05	0.95				
	106	1	54.03661553964913	11.125185552280703	0.0	-100.0	1	1.0302133042904222	-5.6542716769074435	138.0	12	1.05	0.95				
	107	2	49.66600692982456	9.933201385964912	0.0	0.0	1	0.9859522329896254	-10.282994375193647	138.0	12	1.05	0.95				
	108	1	67.94309748	13.906481940350876	0.0	0.0	1	0.9891679241312996	-8.823435287097208	138.0	12	1.05	0.95				
	109	1	69.53240970175439	14.303809995789473	0.0	0.0	1	1.006524780693296	-2.9543997980607024	138.0	13	1.05	0.95				
	110	1	77.47897081052632	15.893122217543862	0.0	0.0	1	1.033233364147322	-4.685329498470368	138.0	13	1.05	0.95				
	111	1	0.0	0.0	0.0	0.0	1	0.9846581806197278	-0.7255133415776563	230.0	13	1.05	0.95				
	112	1	0.0	0.0	0.0	0.0	1	0.9859637025469121	-1.3668897832893387	230.0	13	1.05	0.95				
	113	3	105.29193469122806	21.455714993684214	0.0	0.0	1	0.9670451242578547	-8.611890113726382e-27	230.0	14	1.05	0.95				
	114	2	77.08164275508771	15.495794162105264	0.0	0.0	1	0.9911180485695844	1.888411804594735	230.0	16	1.05	0.95				
	115	2	125.95299357403509	25.428995548070176	0.0	0.0	1	1.0073811491242308	9.283990574172902	230.0	16	1.05	0.95				
	116	2	39.73280554385965	7.946561108771931	0.0	0.0	1	1.0032246325953826	8.159710424540702	230.0	16	1.05	0.95				
	117	1	0.0	0.0	0.0	0.0	1	1.0107374132430038	13.091383280539453	230.0	17	1.05	0.95				
	118	2	132.31024246105264	27.018307769824563	0.0	0.0	1	1.0193160011163438	13.312387057392304	230.0	17	1.05	0.95				
	119	1	71.91637803438597	14.701138051228071	0.0	0.0	1	0.9979764038447392	5.193165923813338	230.0	15	1.05	0.95				
	120	1	50.85799109614035	10.33052944140351	0.0	0.0	1	0.9970544577201952	2.874620776953223	230.0	15	1.05	0.95				
	121	2	0.0	0.0	0.0	0.0	1	1.0206523197687039	14.094262909506634	230.0	17	1.05	0.95				
	122	2	0.0	0.0	0.0	0.0	1	1.0330935038469609	31.154276057359965	230.0	17	1.05	0.95				
	123	2	0.0	0.0	0.0	0.0	1	0.9973761596844533	1.9216928427842968	230.0	15	1.05	0.95				
	124	1	0.0	0.0	0.0	0.0	1	0.9991830737964786	6.117116658335702	230.0	16	1.05	0.95				
	201	2	43.43459782736842	8.847788446315787	0.0	0.0	2	1.010854616575428	-12.33979381194057	138.0	21	1.05	0.95				
	202	2	39.01070360421052	8.043444042105264	0.0	0.0	2	1.0096071345388469	-12.574698768977893	138.0	22	1.05	0.95				
	203	1	72.39099637894736	14.880371477894736	0.0	0.0	2	0.9976991358835438	-9.414040942284169	138.0	21	1.05	0.95				
	204	1	29.76074295578947	6.032583031578946	0.0	0.0	2	1.0021745501944366	-11.909121239043747	138.0	21	1.05	0.95				
	205	1	28.554226349473677	5.630410829473684	0.0	0.0	2	1.0184894034050969	-12.256118282859003	138.0	21	1.05	0.95				
	206	1	54.695419486315785	11.260821658947368	0.0	-100.0	2	1.03067084564316	-12.722970474221812	138.0	22	1.05	0.95				
	207	2	50.27152526315789	10.054305052631578	0.0	0.0	2	0.9733798639999516	-17.601570613984652	138.0	22	1.05	0.95				
	208	1	68.77144655999999	14.076027073684209	0.0	0.0	2	0.9821575416093887	-15.763537908014813	138.0	22	1.05	0.95				
	209	1	70.38013536842105	14.478199275789471	0.0	0.0	2	1.0079714278462273	-9.651902408875555	138.0	23	1.05	0.95				
	210	1	78.4235794105263	16.08688808421053	0.0	0.0	2	1.03592304442325	-10.847753110980312	138.0	23	1.05	0.95				
	211	1	0.0	0.0	0.0	0.0	2	0.9880129218101503	-7.551789962121291	230.0	23	1.05	0.95				
	212	1	0.0	0.0	0.0	0.0	2	0.9942683742764044	-3.2819258180412456	230.0	23	1.05	0.95				
	213	2	106.57563355789472	21.71729891368421	0.0	0.0	2	0.9855844245812014	-5.7300965322939135	230.0	24	1.05	0.95				
	214	2	78.02140720842104	15.684715882105262	0.0	0.0	2	0.9811144617062021	-6.298748467567637	230.0	26	1.05	0.95				
	215	2	127.4885880673684	25.73902093473684	0.0	0.0	2	0.9907373030398132	-0.8939539673304759	230.0	26	1.05	0.95				
	216	2	40.217220210526314	8.043444042105264	0.0	0.0	2	0.989196587415924	-1.9009125111282026	230.0	26	1.05	0.95				
	217	1	0.0	0.0	0.0	0.0	2	0.997705761119498	-0.1215221704805157	230.0	27	1.05	0.95				
	218	2	133.92334330105263	27.347709743157893	0.0	0.0	2	0.9979285273196614	-0.4767658766009254	230.0	27	1.05	0.95				
	219	1	72.79316858105263	14.880371477894736	0.0	0.0	2	0.9871633742005426	-2.621413441738278	230.0	25	1.05	0.95				
	220	1	51.47804186947368	10.456477254736841	0.0	0.0	2	0.9882656020521614	-2.400037343755766	230.0	25	1.05	0.95				
	221	2	0.0	0.0	0.0	0.0	2	1.0002774444109697	0.19589422444931903	230.0	27	1.05	0.95				
	222	2	0.0	0.0	0.0	0.0	2	1.0190402862266577	6.797572878014459	230.0	27	1.05	0.95				
	223	2	0.0	0.0	0.0	0.0	2	0.9894742540993302	-1.9451159593238128	230.0	25	1.05	0.95				
	224	1	0.0	0.0	0.0	0.0	2	0.983081024310482	-4.142225865829883	230.0	26	1.05	0.95				
	301	2	63.58367603368421	12.952230303157894	0.0	0.0	3	1.0031206000698867	2.7384861058833785	138.0	31	1.05	0.95				
	302	2	57.107560882105254	11.774754821052632	0.0	0.0	3	1.003233926814841	2.670117531416185	138.0	32	1.05	0.95				
	303	1	105.97279338947368	21.78329641894737	0.0	0.0	3	0.999158954213902	7.212358370831711	138.0	31	1.05	0.95				
	304	1	43.56659283789474	8.831066115789472	0.0	0.0	3	0.9953945669261527	4.893130473365664	138.0	31	1.05	0.95				
	305	1	41.80037961473684	8.242328374736843	0.0	0.0	3	1.0105608255414549	4.57161644634564	138.0	31	1.05	0.95				
	306	1	80.06833278315789	16.484656749473686	0.0	-100.0	3	1.0229454800621145	4.9306441679349255	138.0	32	1.05	0.95				
	307	2	73.59221763157895	14.718443526315788	0.0	0.0	3	0.9719208870094905	1.1696473133264722	138.0	32	1.05	0.95				
	308	1	100.67415371999999	20.605820936842104	0.0	0.0	3	0.9828883707242005	3.8977144869165756	138.0	32	1.05	0.95				
	309	1	103.02910468421051	21.194558677894733	0.0	0.0	3	1.010270993674975	9.19721760563189	138.0	33	1.05	0.95				
	310	1	114.80385950526315	23.549509642105264	0.0	0.0	3	1.0357344240988111	8.352210893762926	138.0	33	1.05	0.95				
	311	1	0.0	0.0	0.0	0.0	3	0.9944292215275129	14.37682719632608	230.0	33	1.05	0.95				
	312	1	0.0	0.0	0.0	0.0	3	1.0001652159786198	15.53373739302432	230.0	33	1.05	0.95				
	313	2	156.01550137894736	31.791838016842107	0.0	0.0	3	1.0088972591859906	21.296764114864093	230.0	34	1.05	0.95				
	314	2	114.21512176421051	22.96077190105263	0.0	0.0	3	0.992853071541781	13.934022603811917	230.0	36	1.05	0.95				
	315	2	186.6298639136842	37.67921542736842	0.0	0.0	3	0.9936041221196116	9.313083479524611	230.0	36	1.05	0.95				
	316	2	58.87377410526315	11.774754821052632	0.0	0.0	3	0.9879571321586578	10.745082093092016	230.0	36	1.05	0.95				
	317	1	0.0	0.0	0.0	0.0	3	0.9988995839176615	10.422291733421696	230.0	37	1.05	0.95				
	318	2	196.0496677705263	40.03416639157894	0.0	0.0	3	0.9975935672719971	8.4219445832132	230.0	37	1.05	0.95				
	319	1	106.5615311305263	21.78329641894737	0.0	0.0	3	0.9968661856020834	13.308986171420358	230.0	35	1.05	0.95				
	320	1	75.35843085473684	15.307181267368422	0.0	0.0	3	1.0069464929811027	15.028008266532046	230.0	35	1.05	0.95				
	321	2	0.0	0.0	0.0	0.0	3	1.0019322171159302	9.322279609964735	230.0	37	1.05	0.95				
	322	2	0.0	0.0	0.0	0.0	3	1.0179080442682358	14.208045176661606	230.0	37	1.05	0.95				
	323	2	0.0	0.0	0.0	0.0	3	1.0122338014965135	15.547667500187325	230.0	35	1.05	0.95				
	324	1	0.0	0.0	0.0	0.0	3	0.9934170424274819	10.657227781311697	230.0	36	1.05	0.95				
