%% MATPOWER Case Format : Version 2
function mpc = RTS_GMLC
mpc.version = '2';

%%-----  Power Flow Data  -----%%
%% system MVA base
mpc.baseMVA = 100.0;
%% bus data
%    bus_i    type    Pd    Qd    Gs    Bs    area    Vm    Va    baseKV    zone    Vmax    Vmin
mpc.bus = [
	101	2	79.75754575578947	16.24690746877193	0.0	0.0	1	1.0325390542822337	-2.5190274774910906	138.0	11	1.05	0.95				
	102	2	71.6340920214035	14.769915880701753	0.0	0.0	1	1.0325430894553098	-2.5732262487985187	138.0	12	1.05	0.95				
	103	1	132.9292429263158	27.324344379298243	0.0	0.0	1	1.020260270697863	-3.066376418329286	138.0	11	1.05	0.95				
	104	1	54.648688758596485	11.077436910526316	0.0	0.0	1	1.0163426972006244	-5.349193899714806	138.0	11	1.05	0.95				
	105	1	52.433201376491226	10.33894111649123	0.0	0.0	1	1.0314672709954857	-5.385531352002364	138.0	11	1.05	0.95				
	106	1	100.43542798877195	20.67788223298246	0.0	-100.0	1	1.0365641454382848	-7.66235876772841	138.0	12	1.05	0.95				
	107	2	92.31197425438596	18.462394850877192	0.0	0.0	1	1.047995497435357	-3.4725610453541234	138.0	12	1.05	0.95				
	108	1	126.28278078	25.84735279122807	0.0	0.0	1	1.024678439475622	-6.519875044245602	138.0	12	1.05	0.95				
	109	1	129.23676395614035	26.585848585263154	0.0	0.0	1	1.026735085078466	-4.630548818982101	138.0	13	1.05	0.95				
	110	1	144.0066798368421	29.539831761403505	0.0	0.0	1	1.05	-5.958857745669663	138.0	13	1.05	0.95				
	111	1	0.0	0.0	0.0	0.0	1	1.0138965062423133	-1.7447424117830925	230.0	13	1.05	0.95				
	112	1	0.0	0.0	0.0	0.0	1	1.0161027023769995	-0.7719467402506849	230.0	13	1.05	0.95				
	113	3	195.70138541929822	39.87877287789473	0.0	0.0	1	1.0150311722574303	-1.5897478491767516e-21	230.0	14	1.05	0.95				
	114	2	143.268184042807	28.80133596736842	0.0	0.0	1	1.0164106218597297	0.32285877095319876	230.0	16	1.05	0.95				
	115	2	234.1031667091228	47.26373081824561	0.0	0.0	1	1.0450726520044904	7.96302002594521	230.0	16	1.05	0.95				
	116	2	73.84957940350877	14.769915880701753	0.0	0.0	1	1.0432660913877885	7.689950439124791	230.0	16	1.05	0.95				
	117	1	0.0	0.0	0.0	0.0	1	1.0471734604740925	10.530620261847899	230.0	17	1.05	0.95				
	118	2	245.91909941368422	50.217713994385974	0.0	0.0	1	1.0491181128908418	11.102910431671916	230.0	17	1.05	0.95				
	119	1	133.66773872035088	27.324344379298243	0.0	0.0	1	1.0378857499533116	6.674999751301343	230.0	15	1.05	0.95				
	120	1	94.52746163649122	19.20089064491228	0.0	0.0	1	1.039733759746408	7.187280475353322	230.0	15	1.05	0.95				
	121	2	0.0	0.0	0.0	0.0	1	1.05	11.736069496702841	230.0	17	1.05	0.95				
	122	2	0.0	0.0	0.0	0.0	1	1.05	17.779051342674585	230.0	17	1.05	0.95				
	123	2	0.0	0.0	0.0	0.0	1	1.0428594969996265	8.01275016012851	230.0	15	1.05	0.95				
	124	1	0.0	0.0	0.0	0.0	1	1.0219723374768797	3.88775502164873	230.0	16	1.05	0.95				
	201	2	82.0412403536842	16.712104516491227	0.0	0.0	2	1.041692045083753	-9.908289874638756	138.0	21	1.05	0.95				
	202	2	73.68518809543858	15.192822287719299	0.0	0.0	2	1.0417038398727976	-10.050999742352385	138.0	22	1.05	0.95				
	203	1	136.73540058947367	28.106721232280695	0.0	0.0	2	1.0272148013296332	-6.9296353450589585	138.0	21	1.05	0.95				
	204	1	56.21344246456139	11.394616715789471	0.0	0.0	2	1.019722258148074	-11.761121583554223	138.0	21	1.05	0.95				
	205	1	53.934519121403504	10.634975601403509	0.0	0.0	2	1.0361536966454035	-12.142576536640272	138.0	21	1.05	0.95				
	206	1	103.31119155649122	21.269951202807018	0.0	-100.0	2	1.0385555117105192	-14.12164066441856	138.0	22	1.05	0.95				
	207	2	94.95513929824561	18.99102785964912	0.0	0.0	2	0.956783403217151	-25.569481664562982	138.0	22	1.05	0.95				
	208	1	129.89863055999996	26.587439003508766	0.0	0.0	2	0.962167903168532	-21.764633368394723	138.0	22	1.05	0.95				
	209	1	132.93719501754384	27.347080117894734	0.0	0.0	2	1.0257559235166998	-10.101485215853714	138.0	23	1.05	0.95				
	210	1	148.13001730526315	30.385644575438597	0.0	0.0	2	1.05	-12.03633714146818	138.0	23	1.05	0.95				
	211	1	0.0	0.0	0.0	0.0	2	1.0287052607063962	-5.0380115392877265	230.0	23	1.05	0.95				
	212	1	0.0	0.0	0.0	0.0	2	1.0218094846279642	-3.80134851250061	230.0	23	1.05	0.95				
	213	2	201.30489531228068	41.0206201768421	0.0	0.0	2	1.0427243646550355	-1.1003461840891615	230.0	24	1.05	0.95				
	214	2	147.37037619087715	29.62600346105263	0.0	0.0	2	1.045344572453678	-2.6701989676993096	230.0	26	1.05	0.95				
	215	2	240.80623326035084	48.61703132070175	0.0	0.0	2	1.044888361022449	5.384487790637921	230.0	26	1.05	0.95				
	216	2	75.96411143859648	15.192822287719299	0.0	0.0	2	1.048764189542019	5.36276110819825	230.0	26	1.05	0.95				
	217	1	0.0	0.0	0.0	0.0	2	1.0492880885290694	8.41814468550849	230.0	27	1.05	0.95				
	218	2	252.96049109052626	51.65559577824561	0.0	0.0	2	1.05	9.19925004900011	230.0	27	1.05	0.95				
	219	1	137.49504170385964	28.106721232280695	0.0	0.0	2	1.0438701318383652	4.89608701389415	230.0	25	1.05	0.95				
	220	1	97.2340626414035	19.750668974035086	0.0	0.0	2	1.0462846761754703	5.909518388327324	230.0	25	1.05	0.95				
	221	2	0.0	0.0	0.0	0.0	2	1.05	9.64864597842556	230.0	27	1.05	0.95				
	222	2	0.0	0.0	0.0	0.0	2	1.05	15.67772838186359	230.0	27	1.05	0.95				
	223	2	0.0	0.0	0.0	0.0	2	1.05	7.017018185975211	230.0	25	1.05	0.95				
	224	1	0.0	0.0	0.0	0.0	2	1.0227520987307823	0.8002297301573067	230.0	26	1.05	0.95				
	301	2	66.69281872421053	13.585574184561402	0.0	0.0	3	1.0130609830018775	-17.04943349449248	138.0	31	1.05	0.95				
	302	2	59.90003163192982	12.350521985964912	0.0	0.0	3	1.0117874139803267	-17.377860572159875	138.0	32	1.05	0.95				
	303	1	111.1546978736842	22.848465674035083	0.0	0.0	3	1.020477738641254	-11.839371193489931	138.0	31	1.05	0.95				
	304	1	45.696931348070166	9.262891489473683	0.0	0.0	3	1.0089081524733623	-16.197148178906755	138.0	31	1.05	0.95				
	305	1	43.844353050175435	8.645365390175439	0.0	0.0	3	1.023358539977759	-16.81691363552801	138.0	31	1.05	0.95				
	306	1	83.9835495045614	17.290730780350877	0.0	-100.0	3	1.0357978563783274	-17.38758431650109	138.0	32	1.05	0.95				
	307	2	77.19076241228069	15.438152482456138	0.0	0.0	3	1.0052922362033079	-19.341241739609924	138.0	32	1.05	0.95				
	308	1	105.59696297999999	21.61341347543859	0.0	0.0	3	1.0022297129951436	-18.879922739484144	138.0	32	1.05	0.95				
	309	1	108.06706737719296	22.230939574736837	0.0	0.0	3	1.0271534388932413	-12.706307021583417	138.0	33	1.05	0.95				
	310	1	120.41758936315787	24.701043971929824	0.0	0.0	3	1.05	-14.60387373429644	138.0	33	1.05	0.95				
	311	1	0.0	0.0	0.0	0.0	3	1.017037204572601	-7.898924352426386	230.0	33	1.05	0.95				
	312	1	0.0	0.0	0.0	0.0	3	1.0167537447727333	-6.873695817792899	230.0	33	1.05	0.95				
	313	2	163.64441631403506	33.34640936210526	0.0	0.0	3	1.0257693082660646	-3.525125308724756	230.0	34	1.05	0.95				
	314	2	119.80006326385964	24.083517872631578	0.0	0.0	3	1.025168717112981	-6.007107185939583	230.0	36	1.05	0.95				
	315	2	195.7557734775438	39.521670355087714	0.0	0.0	3	1.0466946626972857	0.4364477830732761	230.0	36	1.05	0.95				
	316	2	61.75260992982455	12.350521985964912	0.0	0.0	3	1.0448270011366172	0.4009253757314498	230.0	36	1.05	0.95				
	317	1	0.0	0.0	0.0	0.0	3	1.0472425688829696	2.5215187814842825	230.0	37	1.05	0.95				
	318	2	205.63619106631577	41.9917747522807	0.0	0.0	3	1.047683499046533	2.7939527198204814	230.0	37	1.05	0.95				
	319	1	111.77222397298246	22.848465674035083	0.0	0.0	3	1.0412579693232986	0.02486981092417849	230.0	35	1.05	0.95				
	320	1	79.04334071017543	16.055678581754385	0.0	0.0	3	1.043152661863472	0.8611150981227752	230.0	35	1.05	0.95				
	321	2	0.0	0.0	0.0	0.0	3	1.05	3.919654481535919	230.0	37	1.05	0.95				
	322	2	0.0	0.0	0.0	0.0	3	1.05	9.146002197105444	230.0	37	1.05	0.95				
	323	2	0.0	0.0	0.0	0.0	3	1.0458329978299084	1.7740709218633528	230.0	35	1.05	0.95				
	324	1	0.0	0.0	0.0	0.0	3	1.0214046052188086	-4.097024201412351	230.0	36	1.05	0.95				
	325	1	0.0	0.0	0.0	0.0	3	1.0441146780553658	2.6038325917762974	230.0	35	1.05	0.95				
];
