%% MATPOWER Case Format : Version 2
function mpc = RTS_GMLC
mpc.version = '2';

%%-----  Power Flow Data  -----%%
%% system MVA base
mpc.baseMVA = 100.0;
%% bus data
%    bus_i    type    Pd    Qd    Gs    Bs    area    Vm    Va    baseKV    zone    Vmax    Vmin
mpc.bus = [
	101	2	49.49777338105264	10.08287976280702	0.0	0.0	1	1.0149956233918598	1.4851356614989057	138.0	11	1.05	0.95				
	102	2	44.456333499649126	9.166254329824564	0.0	0.0	1	1.0138687138111422	1.1720897145152722	138.0	12	1.05	0.95				
	103	1	82.49628896842106	16.95757051017544	0.0	0.0	1	1.0250191468380168	1.5263894807501754	138.0	11	1.05	0.95				
	104	1	33.91514102035088	6.874690747368422	0.0	0.0	1	1.0126185803169172	-1.8930714794792853	138.0	11	1.05	0.95				
	105	1	32.540202870877195	6.416378030877194	0.0	0.0	1	1.0258765990001508	-1.8388666348456484	138.0	11	1.05	0.95				
	106	1	62.33052944280703	12.832756061754388	0.0	-100.0	1	1.039803278247478	-4.183720156223152	138.0	12	1.05	0.95				
	107	2	57.289089561403514	11.457817912280703	0.0	0.0	1	0.9870153936259918	-11.669927607802817	138.0	12	1.05	0.95				
	108	1	78.37147452	16.040945077192983	0.0	0.0	1	0.9945092581438465	-9.438244730649139	138.0	12	1.05	0.95				
	109	1	80.20472538596492	16.49925779368421	0.0	0.0	1	1.025685170816409	-2.482183518061346	138.0	13	1.05	0.95				
	110	1	89.37097971578947	18.33250865964913	0.0	0.0	1	1.05	-3.692756998252396	138.0	13	1.05	0.95				
	111	1	0.0	0.0	0.0	0.0	1	1.0192718308371342	0.05428099424674525	230.0	13	1.05	0.95				
	112	1	0.0	0.0	0.0	0.0	1	1.015661142733863	-0.6779195973536962	230.0	13	1.05	0.95				
	113	3	121.45286987017545	24.74888669052632	0.0	0.0	1	1.0024315420046859	1.5158274215812664e-30	230.0	14	1.05	0.95				
	114	2	88.91266699929825	17.874195943157897	0.0	0.0	1	1.0425633268397176	3.1782144080117463	230.0	16	1.05	0.95				
	115	2	145.2851311277193	29.3320138554386	0.0	0.0	1	1.0416234515567575	12.11056404000309	230.0	16	1.05	0.95				
	116	2	45.83127164912281	9.166254329824564	0.0	0.0	1	1.0421723933926754	10.512682198965056	230.0	16	1.05	0.95				
	117	1	0.0	0.0	0.0	0.0	1	1.0404743195360067	16.2290808171473	230.0	17	1.05	0.95				
	118	2	152.61813459157895	31.165264721403513	0.0	0.0	1	1.0484062580850402	16.684806368948898	230.0	17	1.05	0.95				
	119	1	82.95460168491229	16.95757051017544	0.0	0.0	1	1.038416821875723	6.821281827408824	230.0	15	1.05	0.95				
	120	1	58.6640277108772	11.916130628771931	0.0	0.0	1	1.0412409006949843	4.4839574506577256	230.0	15	1.05	0.95				
	121	2	0.0	0.0	0.0	0.0	1	1.0424532282814434	18.25631369445934	230.0	17	1.05	0.95				
	122	2	0.0	0.0	0.0	0.0	1	1.05	36.22426905606729	230.0	17	1.05	0.95				
	123	2	0.0	0.0	0.0	0.0	1	1.0437783835460086	3.5441425029184384	230.0	15	1.05	0.95				
	124	1	0.0	0.0	0.0	0.0	1	1.0221922779720543	8.169458425962032	230.0	16	1.05	0.95				
	201	2	54.22949787789474	11.046749567719298	0.0	0.0	2	1.0166423171741379	-15.257060173001465	138.0	21	1.05	0.95				
	202	2	48.70612309403508	10.042499607017543	0.0	0.0	2	1.0171913976255695	-15.234324158539353	138.0	22	1.05	0.95				
	203	1	90.38249646315789	18.578624272982456	0.0	0.0	2	1.0118675318065482	-12.431844473880554	138.0	21	1.05	0.95				
	204	1	37.15724854596491	7.531874705263157	0.0	0.0	2	1.0123569624404545	-16.020400780094228	138.0	21	1.05	0.95				
	205	1	35.65087360491228	7.02974972491228	0.0	0.0	2	1.0270896009319639	-16.459009479519448	138.0	21	1.05	0.95				
	206	1	68.2889973277193	14.05949944982456	0.0	-100.0	2	1.0404026194713327	-17.622429066220885	138.0	22	1.05	0.95				
	207	2	62.76562254385964	12.55312450877193	0.0	0.0	2	0.9893666578887346	-24.4859911293862	138.0	22	1.05	0.95				
	208	1	85.86337164	17.5743743122807	0.0	0.0	2	0.9936157707404987	-22.152113687487176	138.0	22	1.05	0.95				
	209	1	87.87187156140351	18.076499292631574	0.0	0.0	2	1.0231826593303344	-14.58769492826356	138.0	23	1.05	0.95				
	210	1	97.91437116842104	20.084999214035086	0.0	0.0	2	1.05	-16.054762471622464	138.0	23	1.05	0.95				
	211	1	0.0	0.0	0.0	0.0	2	1.012079755035748	-11.22894982565732	230.0	23	1.05	0.95				
	212	1	0.0	0.0	0.0	0.0	2	1.0142487629113506	-9.97408520930167	230.0	23	1.05	0.95				
	213	2	133.06311979298243	27.11474893894737	0.0	0.0	2	1.0151308266289856	-9.421141802724376	230.0	24	1.05	0.95				
	214	2	97.41224618807016	19.582874233684212	0.0	0.0	2	1.0147758334370942	-8.67826181375758	230.0	26	1.05	0.95				
	215	2	159.17361877122806	32.13599874245614	0.0	0.0	2	1.029699716894258	-1.992576496113044	230.0	26	1.05	0.95				
	216	2	50.21249803508772	10.042499607017543	0.0	0.0	2	1.0335267565027693	-2.0391639410156364	230.0	26	1.05	0.95				
	217	1	0.0	0.0	0.0	0.0	2	1.0374231074911415	-0.3925602348368216	230.0	27	1.05	0.95				
	218	2	167.20761845684208	34.14449866385965	0.0	0.0	2	1.0351256925782804	-1.0945588141435794	230.0	27	1.05	0.95				
	219	1	90.88462144350878	18.578624272982456	0.0	0.0	2	1.0374274282365183	-1.5144282990054552	230.0	25	1.05	0.95				
	220	1	64.27199748491228	13.055249489122806	0.0	0.0	2	1.0446655869011066	-0.11047451320167218	230.0	25	1.05	0.95				
	221	2	0.0	0.0	0.0	0.0	2	1.0358212376969778	-0.5861813500637121	230.0	27	1.05	0.95				
	222	2	0.0	0.0	0.0	0.0	2	1.05	5.989149747428349	230.0	27	1.05	0.95				
	223	2	0.0	0.0	0.0	0.0	2	1.05	1.0210770835040246	230.0	25	1.05	0.95				
	224	1	0.0	0.0	0.0	0.0	2	1.0101384010358683	-5.873863035357117	230.0	26	1.05	0.95				
	301	2	69.90446061473683	14.239797532631576	0.0	0.0	3	1.037688658422323	-2.7468908626349666	138.0	31	1.05	0.95				
	302	2	62.78456184842104	12.945270484210525	0.0	0.0	3	1.0345268360585582	-3.1245757295226793	138.0	32	1.05	0.95				
	303	1	116.50743435789472	23.94875039578947	0.0	0.0	3	1.05	14.982170703934754	138.0	31	1.05	0.95				
	304	1	47.89750079157894	9.708952863157894	0.0	0.0	3	1.008669940055703	-0.8432755815845481	138.0	31	1.05	0.95				
	305	1	45.95571021894736	9.061689338947367	0.0	0.0	3	1.0295319259838227	-3.5845181528321404	138.0	31	1.05	0.95				
	306	1	88.02783929263157	18.123378677894735	0.0	-100.0	3	1.0305643408182872	-4.785182858532596	138.0	32	1.05	0.95				
	307	2	80.90794052631578	16.181588105263156	0.0	0.0	3	0.95	-3.3387167179052324	138.0	32	1.05	0.95				
	308	1	110.68206263999998	22.654223347368415	0.0	0.0	3	0.9625818369689112	-3.824325283112479	138.0	32	1.05	0.95				
	309	1	113.27111673684209	23.301486871578945	0.0	0.0	3	1.011018806893493	3.771734057556029	138.0	33	1.05	0.95				
	310	1	126.21638722105261	25.89054096842105	0.0	0.0	3	1.0372785229219514	-2.3627020652978468	138.0	33	1.05	0.95				
	311	1	0.0	0.0	0.0	0.0	3	1.000308375160438	3.3436702976240986	230.0	33	1.05	0.95				
	312	1	0.0	0.0	0.0	0.0	3	1.0010179796903753	3.8872986376542134	230.0	33	1.05	0.95				
	313	2	171.52483391578946	34.95223030736842	0.0	0.0	3	0.9978390952104571	5.744067842669459	230.0	34	1.05	0.95				
	314	2	125.56912369684208	25.243277444210527	0.0	0.0	3	1.0051423967051418	3.9757557638076007	230.0	36	1.05	0.95				
	315	2	205.1825371747368	41.42486554947368	0.0	0.0	3	1.05	9.083566392360241	230.0	36	1.05	0.95				
	316	2	64.72635242105262	12.945270484210525	0.0	0.0	3	1.0485443497676488	8.739171214793812	230.0	36	1.05	0.95				
	317	1	0.0	0.0	0.0	0.0	3	1.05	14.387595845003373	230.0	37	1.05	0.95				
	318	2	215.53875356210526	44.013919646315784	0.0	0.0	3	1.0396854794523418	11.361694984492004	230.0	37	1.05	0.95				
	319	1	117.15469788210527	23.94875039578947	0.0	0.0	3	1.0295629198922531	7.264911202660279	230.0	35	1.05	0.95				
	320	1	82.84973109894736	16.828851629473682	0.0	0.0	3	1.0187797846426752	7.2044529752001845	230.0	35	1.05	0.95				
	321	2	0.0	0.0	0.0	0.0	3	1.042823833812189	11.26732320866201	230.0	37	1.05	0.95				
	322	2	0.0	0.0	0.0	0.0	3	1.0474407870829856	16.860912449158615	230.0	37	1.05	0.95				
	323	2	0.0	0.0	0.0	0.0	3	1.0144601054357898	7.676783598557187	230.0	35	1.05	0.95				
	324	1	0.0	0.0	0.0	0.0	3	1.047364079893587	11.342518330100585	230.0	36	1.05	0.95				
	325	1	0.0	0.0	0.0	0.0	3	1.014482445093352	8.588773382799106	230.0	35	1.05	0.95				
];
