%% MATPOWER Case Format : Version 2
function mpc = RTS_GMLC
mpc.version = '2';

%%-----  Power Flow Data  -----%%
%% system MVA base
mpc.baseMVA = 100.0;
%% bus data
%    bus_i    type    Pd    Qd    Gs    Bs    area    Vm    Va    baseKV    zone    Vmax    Vmin
mpc.bus = [
	101	2	74.66749135578948	15.210044535438596	0.0	0.0	1	1.0327460222839058	-0.4557141554201855	138.0	11	1.05	0.95				
	102	2	67.06246908807017	13.827313214035089	0.0	0.0	1	1.0327301194580716	-0.5188074009839848	138.0	12	1.05	0.95				
	103	1	124.44581892631581	25.58052944596491	0.0	0.0	1	1.0219745191425484	-0.9426286943957533	138.0	11	1.05	0.95				
	104	1	51.16105889192982	10.370484910526317	0.0	0.0	1	1.0170375792312243	-3.5192746324879205	138.0	11	1.05	0.95				
	105	1	49.08696190982456	9.679119249824563	0.0	0.0	1	1.0320741156245652	-3.546883891886741	138.0	11	1.05	0.95				
	106	1	94.02572985543861	19.358238499649126	0.0	-100.0	1	1.037848830964865	-5.909798617284139	138.0	12	1.05	0.95				
	107	2	86.4207075877193	17.284141517543862	0.0	0.0	1	1.0463965918089055	-2.083295627592828	138.0	12	1.05	0.95				
	108	1	118.22352798	24.197798124561405	0.0	0.0	1	1.0250676832140715	-4.960289497484139	138.0	12	1.05	0.95				
	109	1	120.98899062280704	24.889163785263158	0.0	0.0	1	1.026282610264771	-3.1761040746738662	138.0	13	1.05	0.95				
	110	1	134.8163038368421	27.654626428070177	0.0	0.0	1	1.05	-4.498526497727327	138.0	13	1.05	0.95				
	111	1	0.0	0.0	0.0	0.0	1	1.0123334610617227	-0.7040530864669906	230.0	13	1.05	0.95				
	112	1	0.0	0.0	0.0	0.0	1	1.0147553257910609	-0.12980414773740478	230.0	13	1.05	0.95				
	113	3	183.2119000859649	37.33374567789474	0.0	0.0	1	1.0100750837265102	1.770067759681955e-29	230.0	14	1.05	0.95				
	114	2	134.12493817614035	26.963260767368425	0.0	0.0	1	1.0152615311773812	1.8715396497911407	230.0	16	1.05	0.95				
	115	2	219.16291444245616	44.24740228491228	0.0	0.0	1	1.0452532165617936	10.253482770182647	230.0	16	1.05	0.95				
	116	2	69.13656607017545	13.827313214035089	0.0	0.0	1	1.0429524581302043	9.646337776032315	230.0	16	1.05	0.95				
	117	1	0.0	0.0	0.0	0.0	1	1.0463367858179065	13.323903196567274	230.0	17	1.05	0.95				
	118	2	230.22476501368422	47.012864927719306	0.0	0.0	1	1.0499307256168209	13.851245566073494	230.0	17	1.05	0.95				
	119	1	125.13718458701754	25.58052944596491	0.0	0.0	1	1.0363068663876205	7.922150845385808	230.0	15	1.05	0.95				
	120	1	88.49480456982457	17.975507178245614	0.0	0.0	1	1.036821747998923	7.729560138161587	230.0	15	1.05	0.95				
	121	2	0.0	0.0	0.0	0.0	1	1.05	14.351916071112445	230.0	17	1.05	0.95				
	122	2	0.0	0.0	0.0	0.0	1	1.05	24.30062123217651	230.0	17	1.05	0.95				
	123	2	0.0	0.0	0.0	0.0	1	1.0388296414316003	8.138120666693547	230.0	15	1.05	0.95				
	124	1	0.0	0.0	0.0	0.0	1	1.0225093637657732	6.109897364255008	230.0	16	1.05	0.95				
	201	2	72.6063277263158	14.79017787017544	0.0	0.0	2	1.0349033895059672	-9.798086406365591	138.0	21	1.05	0.95				
	202	2	65.21123879122808	13.445616245614037	0.0	0.0	2	1.0349967737672803	-9.897530097345118	138.0	22	1.05	0.95				
	203	1	121.01054621052634	24.874390054385966	0.0	0.0	2	1.027179657752969	-6.6329602695584455	138.0	21	1.05	0.95				
	204	1	49.74878010877193	10.084212184210527	0.0	0.0	2	1.0180694678711844	-11.807410022539385	138.0	21	1.05	0.95				
	205	1	47.73193767192983	9.411931371929825	0.0	0.0	2	1.0337911284829353	-12.219412463644728	138.0	21	1.05	0.95				
	206	1	91.43019047017546	18.82386274385965	0.0	-100.0	2	1.039375178003778	-14.21378036956295	138.0	22	1.05	0.95				
	207	2	84.03510153508773	16.807020307017545	0.0	0.0	2	0.9769628249905015	-24.24982052099023	138.0	22	1.05	0.95				
	208	1	114.96001890000001	23.529828429824562	0.0	0.0	2	0.9785942314990859	-20.964947942071934	138.0	22	1.05	0.95				
	209	1	117.64914214912281	24.202109242105262	0.0	0.0	2	1.0251082960664186	-10.647568534294098	138.0	23	1.05	0.95				
	210	1	131.09475839473686	26.891232491228074	0.0	0.0	2	1.05	-12.557555850410564	138.0	23	1.05	0.95				
	211	1	0.0	0.0	0.0	0.0	2	1.021279958598014	-6.572855276084958	230.0	23	1.05	0.95				
	212	1	0.0	0.0	0.0	0.0	2	1.018004275868654	-5.660765922269349	230.0	23	1.05	0.95				
	213	2	178.15441525438598	36.3031638631579	0.0	0.0	2	1.0261455479240362	-4.300116998831471	230.0	24	1.05	0.95				
	214	2	130.42247758245617	26.218951678947374	0.0	0.0	2	1.0342988943768552	-3.6149838006669035	230.0	26	1.05	0.95				
	215	2	213.11301749298246	43.025971985964915	0.0	0.0	2	1.0436095595481898	4.748182632852213	230.0	26	1.05	0.95				
	216	2	67.22808122807018	13.445616245614037	0.0	0.0	2	1.0466122364084354	4.664899398628842	230.0	26	1.05	0.95				
	217	1	0.0	0.0	0.0	0.0	2	1.048113029620243	8.04538175182011	230.0	27	1.05	0.95				
	218	2	223.86951048947373	45.71509523508773	0.0	0.0	2	1.049999977058623	8.906149765264255	230.0	27	1.05	0.95				
	219	1	121.68282702280703	24.874390054385966	0.0	0.0	2	1.0435693320982158	3.7743552460596033	230.0	25	1.05	0.95				
	220	1	86.05194397192983	17.479301119298245	0.0	0.0	2	1.0465866519554485	4.2592060264052245	230.0	25	1.05	0.95				
	221	2	0.0	0.0	0.0	0.0	2	1.05	9.237403906346529	230.0	27	1.05	0.95				
	222	2	0.0	0.0	0.0	0.0	2	1.05	15.281448854427433	230.0	27	1.05	0.95				
	223	2	0.0	0.0	0.0	0.0	2	1.05	5.014512594880571	230.0	25	1.05	0.95				
	224	1	0.0	0.0	0.0	0.0	2	1.02320284436551	0.5078172579475508	230.0	26	1.05	0.95				
	301	2	60.577032581052634	12.339765896140351	0.0	0.0	3	1.0123273841963312	-16.891009837168557	138.0	31	1.05	0.95				
	302	2	54.40714963298245	11.217968996491228	0.0	0.0	3	1.0111383070889175	-17.146191674016492	138.0	32	1.05	0.95				
	303	1	100.96172096842105	20.75324264350877	0.0	0.0	3	1.0420273215758582	-5.793398869880994	138.0	31	1.05	0.95				
	304	1	41.50648528701754	8.41347674736842	0.0	0.0	3	1.0098547066419241	-15.420601314663278	138.0	31	1.05	0.95				
	305	1	39.82378993754386	7.852578297543861	0.0	0.0	3	1.0239253379698707	-16.94946559020322	138.0	31	1.05	0.95				
	306	1	76.28218917614036	15.705156595087722	0.0	-100.0	3	1.0373578601806734	-17.613938496929542	138.0	32	1.05	0.95				
	307	2	70.11230622807018	14.022461245614034	0.0	0.0	3	0.9912800722851908	-23.80962557150693	138.0	32	1.05	0.95				
	308	1	95.91363491999999	19.631445743859647	0.0	0.0	3	0.9929030483119492	-21.156162377113777	138.0	32	1.05	0.95				
	309	1	98.15722871929825	20.192344193684207	0.0	0.0	3	1.0278189281085368	-11.723612662453458	138.0	33	1.05	0.95				
	310	1	109.37519771578947	22.435937992982456	0.0	0.0	3	1.05	-15.20756462281697	138.0	33	1.05	0.95				
	311	1	0.0	0.0	0.0	0.0	3	1.016511537905197	-8.518644024190959	230.0	33	1.05	0.95				
	312	1	0.0	0.0	0.0	0.0	3	1.0167090501538008	-8.094481433504086	230.0	33	1.05	0.95				
	313	2	148.63808920350877	30.288516290526317	0.0	0.0	3	1.0195466528107489	-5.356047658912322	230.0	34	1.05	0.95				
	314	2	108.8142992659649	21.875039543157897	0.0	0.0	3	1.025270334473671	-6.327996959016954	230.0	36	1.05	0.95				
	315	2	177.80480859438597	35.89750078877193	0.0	0.0	3	1.0472025994909409	0.009082390060666433	230.0	36	1.05	0.95				
	316	2	56.089844982456135	11.217968996491228	0.0	0.0	3	1.0461975817776437	0.12838704874769322	230.0	36	1.05	0.95				
	317	1	0.0	0.0	0.0	0.0	3	1.0499999986506474	2.814207607752738	230.0	37	1.05	0.95				
	318	2	186.77918379157893	38.14109458807018	0.0	0.0	3	1.048501595650642	2.5172352434702274	230.0	37	1.05	0.95				
	319	1	101.52261941824561	20.75324264350877	0.0	0.0	3	1.040321736066699	-1.344552151734595	230.0	35	1.05	0.95				
	320	1	71.79500157754386	14.583359695438597	0.0	0.0	3	1.0398420600110556	-1.5702225004625299	230.0	35	1.05	0.95				
	321	2	0.0	0.0	0.0	0.0	3	1.05	3.1924886623553044	230.0	37	1.05	0.95				
	322	2	0.0	0.0	0.0	0.0	3	1.05	7.391362481636516	230.0	37	1.05	0.95				
	323	2	0.0	0.0	0.0	0.0	3	1.040673588186725	-1.2766699768511895	230.0	35	1.05	0.95				
	324	1	0.0	0.0	0.0	0.0	3	1.0371385679965885	-2.169553532145942	230.0	36	1.05	0.95				
	325	1	0.0	0.0	0.0	0.0	3	1.0366492491681396	0.01920061480151101	230.0	35	1.05	0.95				
];
