%% MATPOWER Case Format : Version 2
function mpc = RTS_GMLC
mpc.version = '2';

%%-----  Power Flow Data  -----%%
%% system MVA base
mpc.baseMVA = 100.0;
%% bus data
%    bus_i    type    Pd    Qd    Gs    Bs    area    Vm    Va    baseKV    zone    Vmax    Vmin
mpc.bus = [
	101	2	38.75655615157895	7.894854030877192	0.0	0.0	1	1.0321516817134406	1.4829564737180296	138.0	11	1.05	0.95				
	102	2	34.80912913614035	7.177140028070175	0.0	0.0	1	1.0302657312571186	0.9856267433905412	138.0	12	1.05	0.95				
	103	1	64.59426025263157	13.277709051929824	0.0	0.0	1	1.0321105990473765	1.1443219295975073	138.0	11	1.05	0.95				
	104	1	26.555418103859648	5.382855021052631	0.0	0.0	1	1.024246393850609	-0.9632904998512042	138.0	11	1.05	0.95				
	105	1	25.478847099649123	5.023998019649123	0.0	0.0	1	1.0362499379155663	-1.393889183119741	138.0	11	1.05	0.95				
	106	1	48.804552190877196	10.047996039298246	0.0	-100.0	1	1.046937581799399	-3.4840333520761915	138.0	12	1.05	0.95				
	107	2	44.8571251754386	8.971425035087718	0.0	0.0	1	1.0017710754740787	-8.960254345834255	138.0	12	1.05	0.95				
	108	1	61.364547239999986	12.559995049122804	0.0	0.0	1	1.007082329718697	-7.388845674985304	138.0	12	1.05	0.95				
	109	1	62.79997524561403	12.918852050526313	0.0	0.0	1	1.0245341253537537	-2.0907974659050703	138.0	13	1.05	0.95				
	110	1	69.9771152736842	14.35428005614035	0.0	0.0	1	1.05	-3.172835660861406	138.0	13	1.05	0.95				
	111	1	0.0	0.0	0.0	0.0	1	1.0009121777034444	-0.6145164942482493	230.0	13	1.05	0.95				
	112	1	0.0	0.0	0.0	0.0	1	1.00584878338007	-1.0086877084959338	230.0	13	1.05	0.95				
	113	3	95.09710537192981	19.378278075789474	0.0	0.0	1	0.9920524992273497	-2.5559904786049276e-31	230.0	14	1.05	0.95				
	114	2	69.6182582722807	13.995423054736841	0.0	0.0	1	0.9956101222702849	1.021939178100451	230.0	16	1.05	0.95				
	115	2	113.75766944491225	22.96684808982456	0.0	0.0	1	1.030739609730644	6.465731238797657	230.0	16	1.05	0.95				
	116	2	35.88570014035087	7.177140028070175	0.0	0.0	1	1.0261081413082007	5.397454083148533	230.0	16	1.05	0.95				
	117	1	0.0	0.0	0.0	0.0	1	1.0348994433915046	8.60397183908002	230.0	17	1.05	0.95				
	118	2	119.49938146736841	24.402276095438598	0.0	0.0	1	1.0383713158796382	9.246235081990475	230.0	17	1.05	0.95				
	119	1	64.95311725403509	13.277709051929824	0.0	0.0	1	1.0164711971068392	3.233835624442516	230.0	15	1.05	0.95				
	120	1	45.93369617964912	9.330282036491228	0.0	0.0	1	1.0103977868522938	1.6167526741708114	230.0	15	1.05	0.95				
	121	2	0.0	0.0	0.0	0.0	1	1.0410148867017859	10.447952266189086	230.0	17	1.05	0.95				
	122	2	0.0	0.0	0.0	0.0	1	1.05	16.61422026765847	230.0	17	1.05	0.95				
	123	2	0.0	0.0	0.0	0.0	1	1.0074199965065638	1.0078539299344662	230.0	15	1.05	0.95				
	124	1	0.0	0.0	0.0	0.0	1	1.0236900348200242	4.451915942900356	230.0	16	1.05	0.95				
	201	2	39.5586337263158	8.058240203508772	0.0	0.0	2	1.0173735529583687	-11.915817189903146	138.0	21	1.05	0.95				
	202	2	35.5295136245614	7.3256729122807025	0.0	0.0	2	1.016547404228948	-12.165752573411085	138.0	22	1.05	0.95				
	203	1	65.93105621052632	13.552494887719298	0.0	0.0	2	1.0142766530652834	-9.10235107583275	138.0	21	1.05	0.95				
	204	1	27.104989775438597	5.494254684210526	0.0	0.0	2	1.0142606451409955	-11.781674651412967	138.0	21	1.05	0.95				
	205	1	26.00613883859649	5.127971038596492	0.0	0.0	2	1.0293615557197389	-12.106135954121534	138.0	21	1.05	0.95				
	206	1	49.814575803508774	10.255942077192984	0.0	-100.0	2	1.0443488175191753	-12.688770398518132	138.0	22	1.05	0.95				
	207	2	45.78545570175439	9.157091140350877	0.0	0.0	2	1.0003765892573824	-17.056459721652374	138.0	22	1.05	0.95				
	208	1	62.6345034	12.819927596491226	0.0	0.0	2	1.0055204149736972	-15.426755878499272	138.0	22	1.05	0.95				
	209	1	64.09963798245613	13.186211242105264	0.0	0.0	2	1.0225096897608232	-9.945744413681442	138.0	23	1.05	0.95				
	210	1	71.42531089473684	14.651345824561405	0.0	0.0	2	1.05	-11.117717507107269	138.0	23	1.05	0.95				
	211	1	0.0	0.0	0.0	0.0	2	1.0001869368431568	-8.228083324818522	230.0	23	1.05	0.95				
	212	1	0.0	0.0	0.0	0.0	2	1.0062871834752793	-4.684413425528353	230.0	23	1.05	0.95				
	213	2	97.0651660877193	19.7793168631579	0.0	0.0	2	0.9913850255790049	-6.936818171960311	230.0	24	1.05	0.95				
	214	2	71.0590272491228	14.285062178947369	0.0	0.0	2	0.99587175742813	-6.891904424266901	230.0	26	1.05	0.95				
	215	2	116.11191565964911	23.442153319298246	0.0	0.0	2	1.0118770913236277	-1.4347642024117824	230.0	26	1.05	0.95				
	216	2	36.62836456140351	7.3256729122807025	0.0	0.0	2	1.009712515910087	-2.727733387272749	230.0	26	1.05	0.95				
	217	1	0.0	0.0	0.0	0.0	2	1.0158105299958924	-0.8040598216120238	230.0	27	1.05	0.95				
	218	2	121.97245398947369	24.907287901754387	0.0	0.0	2	1.015894837083133	-1.029402939597077	230.0	27	1.05	0.95				
	219	1	66.29733985614035	13.552494887719298	0.0	0.0	2	1.0050771457779928	-4.095471296544722	230.0	25	1.05	0.95				
	220	1	46.88430663859649	9.523374785964913	0.0	0.0	2	1.0036267287960647	-4.542912573872914	230.0	25	1.05	0.95				
	221	2	0.0	0.0	0.0	0.0	2	1.0181137244751506	-0.3599081350721666	230.0	27	1.05	0.95				
	222	2	0.0	0.0	0.0	0.0	2	1.0399798515388012	6.083625110165951	230.0	27	1.05	0.95				
	223	2	0.0	0.0	0.0	0.0	2	1.0031172079379687	-4.49285955432063	230.0	25	1.05	0.95				
	224	1	0.0	0.0	0.0	0.0	2	1.0031789207879274	-4.343079522862348	230.0	26	1.05	0.95				
	301	2	52.46251184842106	10.686807969122807	0.0	0.0	3	1.004902492441829	-0.5169103893909605	138.0	31	1.05	0.95				
	302	2	47.11910786385965	9.715279971929824	0.0	0.0	3	1.0043541691977396	-0.7330304483400604	138.0	32	1.05	0.95				
	303	1	87.43751974736841	17.973267948070177	0.0	0.0	3	1.0319706299796145	7.661727948339454	138.0	31	1.05	0.95				
	304	1	35.946535896140354	7.286459978947368	0.0	0.0	3	1.0067192636084212	0.3234602933158064	138.0	31	1.05	0.95				
	305	1	34.48924390035087	6.800695980350878	0.0	0.0	3	1.0210848422776928	-0.14989199176023743	138.0	31	1.05	0.95				
	306	1	66.06390380912282	13.601391960701756	0.0	-100.0	3	1.0378827959214594	-0.5217428469605248	138.0	32	1.05	0.95				
	307	2	60.7204998245614	12.14409996491228	0.0	0.0	3	0.9927337848172587	-3.996936423035087	138.0	32	1.05	0.95				
	308	1	83.06564376	17.001739950877194	0.0	0.0	3	1.002449531920937	-1.852333211733942	138.0	32	1.05	0.95				
	309	1	85.00869975438596	17.487503949473684	0.0	0.0	3	1.023995160511727	3.188764938815953	138.0	33	1.05	0.95				
	310	1	94.72397972631579	19.43055994385965	0.0	0.0	3	1.05	1.7806452118038572	138.0	33	1.05	0.95				
	311	1	0.0	0.0	0.0	0.0	3	1.006408129770207	5.16101527366661	230.0	33	1.05	0.95				
	312	1	0.0	0.0	0.0	0.0	3	1.0138932598015475	7.059140457679107	230.0	33	1.05	0.95				
	313	2	128.72745962807016	26.23125592421053	0.0	0.0	3	1.0157901325068563	11.354132094651677	230.0	34	1.05	0.95				
	314	2	94.2382157277193	18.944795945263156	0.0	0.0	3	0.998875835912453	2.4637553579948657	230.0	36	1.05	0.95				
	315	2	153.9871875550877	31.08889591017544	0.0	0.0	3	1.0213664611023563	-0.347790860630841	230.0	36	1.05	0.95				
	316	2	48.57639985964912	9.715279971929824	0.0	0.0	3	1.0171563873932263	0.04724436018057807	230.0	36	1.05	0.95				
	317	1	0.0	0.0	0.0	0.0	3	1.0210139455366	-0.18414953178160426	230.0	37	1.05	0.95				
	318	2	161.7594115326316	33.03195190456141	0.0	0.0	3	1.019034607042914	-1.0347110043727217	230.0	37	1.05	0.95				
	319	1	87.92328374596491	17.973267948070177	0.0	0.0	3	1.0143234910641294	1.6324815127839876	230.0	35	1.05	0.95				
	320	1	62.17779182035088	12.629863963508772	0.0	0.0	3	1.0164382815896422	3.97398133146901	230.0	35	1.05	0.95				
	321	2	0.0	0.0	0.0	0.0	3	1.021877912672754	-0.2387929189961668	230.0	37	1.05	0.95				
	322	2	0.0	0.0	0.0	0.0	3	1.035041143033334	4.215547725960385	230.0	37	1.05	0.95				
	323	2	0.0	0.0	0.0	0.0	3	1.0189791686641352	5.4236637146061994	230.0	35	1.05	0.95				
	324	1	0.0	0.0	0.0	0.0	3	1.0228051538823875	2.765289474669963	230.0	36	1.05	0.95				
	325	1	0.0	0.0	0.0	0.0	3	1.0205099246888254	5.862253404084614	230.0	35	1.05	0.95				
];
