%% MATPOWER Case Format : Version 2
function mpc = RTS_GMLC
mpc.version = '2';

%%-----  Power Flow Data  -----%%
%% system MVA base
mpc.baseMVA = 100.0;
%% bus data
%    bus_i    type    Pd    Qd    Gs    Bs    area    Vm    Va    baseKV    zone    Vmax    Vmin
mpc.bus = [
	101	2	69.76447302315789	14.211281541754387	0.0	0.0	1	1.0499999910876119	1.0702014656754395	138.0	11	1.05	0.95				
	102	2	62.658832252280696	12.91934685614035	0.0	0.0	1	1.0491038979364695	0.7452221495182921	138.0	12	1.05	0.95				
	103	1	116.27412170526314	23.900791683859648	0.0	0.0	1	1.0312264393164539	-0.8667453245217197	138.0	11	1.05	0.95				
	104	1	47.801583367719296	9.689510142105263	0.0	0.0	1	1.0275133575680604	-2.7814985818504776	138.0	11	1.05	0.95				
	105	1	45.86368133929824	9.043542799298246	0.0	0.0	1	1.0405571984883561	-3.1332626735997136	138.0	11	1.05	0.95				
	106	1	87.85155862175439	18.08708559859649	0.0	-100.0	1	1.042354960571356	-6.153940145133587	138.0	12	1.05	0.95				
	107	2	80.74591785087719	16.14918357017544	0.0	0.0	1	1.001618120221984	-12.269193425875361	138.0	12	1.05	0.95				
	108	1	110.46041561999999	22.60885699824561	0.0	0.0	1	0.998081299032341	-11.139442507457446	138.0	12	1.05	0.95				
	109	1	113.04428499122807	23.25482434105263	0.0	0.0	1	1.0259439675871918	-4.176544781514266	138.0	13	1.05	0.95				
	110	1	125.9636318473684	25.8386937122807	0.0	0.0	1	1.05	-5.445481982179983	138.0	13	1.05	0.95				
	111	1	0.0	0.0	0.0	0.0	1	1.0116153013091458	-1.7086152557740513	230.0	13	1.05	0.95				
	112	1	0.0	0.0	0.0	0.0	1	1.0142054459015566	-1.1200229141218616	230.0	13	1.05	0.95				
	113	3	171.18134584385965	34.882236511578945	0.0	0.0	1	1.0101199838014812	7.323924174049907e-28	230.0	14	1.05	0.95				
	114	2	125.31766450456139	25.192726369473682	0.0	0.0	1	1.0130592412685846	-0.03247947929088176	230.0	16	1.05	0.95				
	115	2	204.77164766982457	41.34190993964913	0.0	0.0	1	1.042898046638051	6.869300126372086	230.0	16	1.05	0.95				
	116	2	64.59673428070175	12.91934685614035	0.0	0.0	1	1.0395908767786237	6.22861651455453	230.0	16	1.05	0.95				
	117	1	0.0	0.0	0.0	0.0	1	1.0447628112024192	8.879737308765893	230.0	17	1.05	0.95				
	118	2	215.10712515473682	43.925779310877196	0.0	0.0	1	1.0470943933569403	9.259404295047709	230.0	17	1.05	0.95				
	119	1	116.92008904807017	23.900791683859648	0.0	0.0	1	1.0327620241868556	5.087854545530713	230.0	15	1.05	0.95				
	120	1	82.68381987929826	16.795150912982457	0.0	0.0	1	1.0312569593188248	4.841860319266364	230.0	15	1.05	0.95				
	121	2	0.0	0.0	0.0	0.0	1	1.0499999929496937	10.623066096089099	230.0	17	1.05	0.95				
	122	2	0.0	0.0	0.0	0.0	1	1.05	16.775844825070397	230.0	17	1.05	0.95				
	123	2	0.0	0.0	0.0	0.0	1	1.0319562417300403	5.193972592625927	230.0	15	1.05	0.95				
	124	1	0.0	0.0	0.0	0.0	1	1.028549599388231	3.9802262649783873	230.0	16	1.05	0.95				
	201	2	63.358413347368426	12.906343459649122	0.0	0.0	2	1.0272955165616462	-9.060408097577048	138.0	21	1.05	0.95				
	202	2	56.90524161754386	11.733039508771931	0.0	0.0	2	1.0279919743340493	-8.927550401913305	138.0	22	1.05	0.95				
	203	1	105.59735557894736	21.70612309122807	0.0	0.0	2	1.01670776457911	-8.750319585538376	138.0	21	1.05	0.95				
	204	1	43.41224618245614	8.799779631578946	0.0	0.0	2	1.0165025756012844	-10.320702460235426	138.0	21	1.05	0.95				
	205	1	41.652290256140354	8.213127656140351	0.0	0.0	2	1.0313372078445158	-10.541570877351623	138.0	21	1.05	0.95				
	206	1	79.78466865964913	16.426255312280702	0.0	-100.0	2	1.04050467244601	-11.898663785383603	138.0	22	1.05	0.95				
	207	2	73.33149692982455	14.666299385964912	0.0	0.0	2	0.9903744797339439	-20.510991624944687	138.0	22	1.05	0.95				
	208	1	100.31748780000001	20.532819140350874	0.0	0.0	2	0.9906753813184619	-17.70445514935576	138.0	22	1.05	0.95				
	209	1	102.66409570175439	21.119471115789473	0.0	0.0	2	1.024850812216598	-9.064860575581642	138.0	23	1.05	0.95				
	210	1	114.3971352105263	23.466079017543862	0.0	0.0	2	1.05	-10.173384150979976	138.0	23	1.05	0.95				
	211	1	0.0	0.0	0.0	0.0	2	1.012218400014975	-5.860815034727416	230.0	23	1.05	0.95				
	212	1	0.0	0.0	0.0	0.0	2	1.0166015833464148	-1.9946039883351796	230.0	23	1.05	0.95				
	213	2	155.46277349122806	31.679206673684213	0.0	0.0	2	1.01200551971837	-3.6928396557551855	230.0	24	1.05	0.95				
	214	2	113.81048323508772	22.879427042105263	0.0	0.0	2	1.0158704040232909	-3.949235835301266	230.0	26	1.05	0.95				
	215	2	185.96867621403507	37.545726428070175	0.0	0.0	2	1.0350734524625536	2.482717425334801	230.0	26	1.05	0.95				
	216	2	58.66519754385965	11.733039508771931	0.0	0.0	2	1.0351908608191611	2.3324934053891564	230.0	26	1.05	0.95				
	217	1	0.0	0.0	0.0	0.0	2	1.0393841867029	4.609406698381501	230.0	27	1.05	0.95				
	218	2	195.35510782105263	39.892334329824564	0.0	0.0	2	1.0401184271805768	4.853119096095313	230.0	27	1.05	0.95				
	219	1	106.18400755438597	21.70612309122807	0.0	0.0	2	1.0340306082200112	2.1288060065864416	230.0	25	1.05	0.95				
	220	1	75.09145285614035	15.252951361403507	0.0	0.0	2	1.037728300592783	3.0723099012327286	230.0	25	1.05	0.95				
	221	2	0.0	0.0	0.0	0.0	2	1.0405445306320944	4.827058469874181	230.0	27	1.05	0.95				
	222	2	0.0	0.0	0.0	0.0	2	1.05	11.244413340261781	230.0	27	1.05	0.95				
	223	2	0.0	0.0	0.0	0.0	2	1.0413202038359088	4.023926846879698	230.0	25	1.05	0.95				
	224	1	0.0	0.0	0.0	0.0	2	1.0142520630957712	-1.6937675359136495	230.0	26	1.05	0.95				
	301	2	84.28851629052633	17.169882948070175	0.0	0.0	3	0.982676384908399	-11.791981856802334	138.0	31	1.05	0.95				
	302	2	75.70357481649123	15.608984498245615	0.0	0.0	3	0.9853120884027845	-12.10091430679726	138.0	32	1.05	0.95				
	303	1	140.48086048421052	28.876621321754385	0.0	0.0	3	0.9993976576884833	-7.769809561555014	138.0	31	1.05	0.95				
	304	1	57.75324264350877	11.70673837368421	0.0	0.0	3	0.9770855111153591	-10.003824719246373	138.0	31	1.05	0.95				
	305	1	55.41189496877193	10.92628914877193	0.0	0.0	3	0.9886755678581897	-10.040910253606787	138.0	31	1.05	0.95				
	306	1	106.14109458807019	21.85257829754386	0.0	-100.0	3	0.9992153645213457	-9.963461800799468	138.0	32	1.05	0.95				
	307	2	97.5561531140351	19.51123062280702	0.0	0.0	3	0.95	-16.954619838087837	138.0	32	1.05	0.95				
	308	1	133.45681746	27.315722871929825	0.0	0.0	3	0.9549617056044504	-13.250573704700509	138.0	32	1.05	0.95				
	309	1	136.57861435964912	28.096172096842103	0.0	0.0	3	1.0000831212313264	-4.922463401181373	138.0	33	1.05	0.95				
	310	1	152.18759885789476	31.21796899649123	0.0	0.0	3	1.0190318046781788	-5.628204557159539	138.0	33	1.05	0.95				
	311	1	0.0	0.0	0.0	0.0	3	0.9969053212792804	2.90455369648603	230.0	33	1.05	0.95				
	312	1	0.0	0.0	0.0	0.0	3	1.0000161211469498	4.504898770685807	230.0	33	1.05	0.95				
	313	2	206.81904460175437	42.144258145263166	0.0	0.0	3	1.0294416453177475	12.302967675487146	230.0	34	1.05	0.95				
	314	2	151.40714963298245	30.437519771578952	0.0	0.0	3	1.0104417141991862	2.4760648354861323	230.0	36	1.05	0.95				
	315	2	247.40240429719302	49.94875039438597	0.0	0.0	3	1.05	-0.6593743137447883	230.0	36	1.05	0.95				
	316	2	78.04492249122808	15.608984498245615	0.0	0.0	3	1.0482265974019174	1.198025680396267	230.0	36	1.05	0.95				
	317	1	0.0	0.0	0.0	0.0	3	1.049206920279129	0.9641146110967042	230.0	37	1.05	0.95				
	318	2	259.88959189578947	53.070547294035094	0.0	0.0	3	1.0467971970959786	-0.029855728200131416	230.0	37	1.05	0.95				
	319	1	141.26130970912283	28.876621321754385	0.0	0.0	3	1.0407727326398661	3.4827474597795716	230.0	35	1.05	0.95				
	320	1	99.89750078877194	20.291679847719298	0.0	0.0	3	1.039072634642446	5.569708413461204	230.0	35	1.05	0.95				
	321	2	0.0	0.0	0.0	0.0	3	1.0497866256949806	0.3100335693135247	230.0	37	1.05	0.95				
	322	2	0.0	0.0	0.0	0.0	3	1.05	4.91316574146143	230.0	37	1.05	0.95				
	323	2	0.0	0.0	0.0	0.0	3	1.0389730137652902	6.480906984004633	230.0	35	1.05	0.95				
	324	1	0.0	0.0	0.0	0.0	3	1.0240446538085872	-1.3863255903572687	230.0	36	1.05	0.95				
	325	1	0.0	0.0	0.0	0.0	3	1.039837920367083	6.835371911542563	230.0	35	1.05	0.95				
];
