%% MATPOWER Case Format : Version 2
function mpc = RTS_GMLC
mpc.version = '2';

%%-----  Power Flow Data  -----%%
%% system MVA base
mpc.baseMVA = 100.0;
%% bus data
%    bus_i    type    Pd    Qd    Gs    Bs    area    Vm    Va    baseKV    zone    Vmax    Vmin
mpc.bus = [
	101	2	58.94309747368421	12.006927263157895	0.0	0.0	1	1.033895895010161	2.3336331559322594	138.0	11	1.05	0.95				
	102	2	52.93963384210526	10.915388421052633	0.0	0.0	1	1.0339639884670022	2.3127917408215306	138.0	12	1.05	0.95				
	103	1	98.23849578947369	20.193468578947368	0.0	0.0	1	1.025472824656954	-0.23226212954704495	138.0	11	1.05	0.95				
	104	1	40.386937157894735	8.186541315789473	0.0	0.0	1	1.0199794648520986	-1.1704564837968756	138.0	11	1.05	0.95				
	105	1	38.749628894736844	7.640771894736844	0.0	0.0	1	1.0344205810411222	-0.9701053598209273	138.0	11	1.05	0.95				
	106	1	74.22464126315789	15.281543789473687	0.0	-100.0	1	1.042151577863074	-3.3235880487793543	138.0	12	1.05	0.95				
	107	2	68.22117763157895	13.64423552631579	0.0	0.0	1	1.0374957622440628	-0.8410220158687115	138.0	12	1.05	0.95				
	108	1	93.326571	19.101929736842106	0.0	0.0	1	1.0241656909452264	-3.123164069049153	138.0	12	1.05	0.95				
	109	1	95.50964868421052	19.64769915789474	0.0	0.0	1	1.0259182786160035	-1.8169863234942432	138.0	13	1.05	0.95				
	110	1	106.42503710526316	21.830776842105266	0.0	0.0	1	1.05	-2.6020993178924505	138.0	13	1.05	0.95				
	111	1	0.0	0.0	0.0	0.0	1	1.005857018977583	-0.33580540919287094	230.0	13	1.05	0.95				
	112	1	0.0	0.0	0.0	0.0	1	1.011376564684387	0.38258871631669744	230.0	13	1.05	0.95				
	113	3	144.62889657894738	29.471548736842106	0.0	0.0	1	1.0000096828118514	2.766846926008489e-31	230.0	14	1.05	0.95				
	114	2	105.87926768421052	21.285007421052633	0.0	0.0	1	1.0018018575077012	1.35856596916914	230.0	16	1.05	0.95				
	115	2	173.00890647368422	34.92924294736842	0.0	0.0	1	1.040377605550301	7.091944051214782	230.0	16	1.05	0.95				
	116	2	54.57694210526316	10.915388421052633	0.0	0.0	1	1.0367253101333724	6.95790551693704	230.0	16	1.05	0.95				
	117	1	0.0	0.0	0.0	0.0	1	1.0447711522067864	9.055372920749642	230.0	17	1.05	0.95				
	118	2	181.74121721052632	37.112320631578946	0.0	0.0	1	1.0478985620414611	9.305481734160562	230.0	17	1.05	0.95				
	119	1	98.78426521052633	20.193468578947368	0.0	0.0	1	1.0309328870066152	6.197426948621246	230.0	15	1.05	0.95				
	120	1	69.85848589473684	14.190004947368424	0.0	0.0	1	1.0301628814151227	6.584985382895654	230.0	15	1.05	0.95				
	121	2	0.0	0.0	0.0	0.0	1	1.05	9.201822661443478	230.0	17	1.05	0.95				
	122	2	0.0	0.0	0.0	0.0	1	1.05	15.655163158742845	230.0	17	1.05	0.95				
	123	2	0.0	0.0	0.0	0.0	1	1.0309271847000478	7.212875974626856	230.0	15	1.05	0.95				
	124	1	0.0	0.0	0.0	0.0	1	1.025258801899523	4.368162877795363	230.0	16	1.05	0.95				
	201	2	57.20447031157896	11.652762470877196	0.0	0.0	2	1.0314403157542686	-7.447281434025074	138.0	21	1.05	0.95				
	202	2	51.378089076140355	10.593420428070177	0.0	0.0	2	1.0315355129052621	-7.528544723838158	138.0	22	1.05	0.95				
	203	1	95.34078385263159	19.597827791929827	0.0	0.0	2	1.026469195537257	-5.579135742866804	138.0	21	1.05	0.95				
	204	1	39.195655583859654	7.945065321052633	0.0	0.0	2	1.0185248800174946	-10.032049458943224	138.0	21	1.05	0.95				
	205	1	37.60664251964913	7.415394299649125	0.0	0.0	2	1.0336994889530007	-10.287336637564543	138.0	21	1.05	0.95				
	206	1	72.0352589108772	14.83078859929825	0.0	-100.0	2	1.0423727089897012	-12.388221447122536	138.0	22	1.05	0.95				
	207	2	66.2088776754386	13.241775535087722	0.0	0.0	2	0.9855430297416767	-20.405644632764854	138.0	22	1.05	0.95				
	208	1	90.57374466000002	18.53848574912281	0.0	0.0	2	0.9903148685653848	-17.929199360758275	138.0	22	1.05	0.95				
	209	1	92.69242874561405	19.06815677052632	0.0	0.0	2	1.0239060569834526	-9.927379965392694	138.0	23	1.05	0.95				
	210	1	103.28584917368421	21.186840856140353	0.0	0.0	2	1.05	-11.489387473689419	138.0	23	1.05	0.95				
	211	1	0.0	0.0	0.0	0.0	2	1.0113350980127844	-7.267054139044429	230.0	23	1.05	0.95				
	212	1	0.0	0.0	0.0	0.0	2	1.0146775602702736	-6.908220689371708	230.0	23	1.05	0.95				
	213	2	140.36282067192985	28.60223515578948	0.0	0.0	2	1.0074420779080575	-6.661227268633534	230.0	24	1.05	0.95				
	214	2	102.75617815228071	20.657169834736848	0.0	0.0	2	1.0170196628792623	-4.304138775185587	230.0	26	1.05	0.95				
	215	2	167.9057137849123	33.89894536982457	0.0	0.0	2	1.03697849452131	3.4878153434746233	230.0	26	1.05	0.95				
	216	2	52.96710214035089	10.593420428070177	0.0	0.0	2	1.0396853592060975	3.0420872567778368	230.0	26	1.05	0.95				
	217	1	0.0	0.0	0.0	0.0	2	1.0428453901936943	6.420175217685997	230.0	27	1.05	0.95				
	218	2	176.38045012736845	36.0176294554386	0.0	0.0	2	1.0453120784072536	7.182094717889992	230.0	27	1.05	0.95				
	219	1	95.8704548740351	19.597827791929827	0.0	0.0	2	1.0395072831250616	1.4495743168922364	230.0	25	1.05	0.95				
	220	1	67.79789073964913	13.771446556491233	0.0	0.0	2	1.0436995877276205	1.0733537691493025	230.0	25	1.05	0.95				
	221	2	0.0	0.0	0.0	0.0	2	1.0452479014429268	7.09403193485312	230.0	27	1.05	0.95				
	222	2	0.0	0.0	0.0	0.0	2	1.05	13.336638507656918	230.0	27	1.05	0.95				
	223	2	0.0	0.0	0.0	0.0	2	1.0469291344992304	1.2574708697785661	230.0	25	1.05	0.95				
	224	1	0.0	0.0	0.0	0.0	2	1.0216828223150467	0.09399397297644231	230.0	26	1.05	0.95				
	301	2	62.83201517052631	12.799114201403508	0.0	0.0	3	1.0064938369891436	-35.08998366785357	138.0	31	1.05	0.95				
	302	2	56.432458069824555	11.63555836491228	0.0	0.0	3	1.005876545291577	-35.228210916619986	138.0	32	1.05	0.95				
	303	1	104.72002528421052	21.52578297508772	0.0	0.0	3	1.0203769700558143	-27.923448515877187	138.0	31	1.05	0.95				
	304	1	43.05156595017544	8.72666877368421	0.0	0.0	3	1.0064182394107684	-33.20432491001965	138.0	31	1.05	0.95				
	305	1	41.30623219543859	8.144890855438597	0.0	0.0	3	1.0201533613955804	-34.128529343074916	138.0	31	1.05	0.95				
	306	1	79.12179688140351	16.289781710877193	0.0	-100.0	3	1.0352928645720105	-34.24055033709849	138.0	32	1.05	0.95				
	307	2	72.72223978070174	14.544447956140349	0.0	0.0	3	1.0039446191977441	-35.749861260484955	138.0	32	1.05	0.95				
	308	1	99.48402401999998	20.362227138596488	0.0	0.0	3	1.0026029845533186	-35.25045594986833	138.0	32	1.05	0.95				
	309	1	101.81113569298246	20.9440050568421	0.0	0.0	3	1.027224289110876	-29.180696173011313	138.0	33	1.05	0.95				
	310	1	113.44669405789472	23.27111672982456	0.0	0.0	3	1.05	-31.30035162158757	138.0	33	1.05	0.95				
	311	1	0.0	0.0	0.0	0.0	3	1.0174290766087437	-24.259642387604675	230.0	33	1.05	0.95				
	312	1	0.0	0.0	0.0	0.0	3	1.0171936962137609	-23.565798703841022	230.0	33	1.05	0.95				
	313	2	154.1711483350877	31.416007585263156	0.0	0.0	3	1.024608233509196	-20.53091674829239	230.0	34	1.05	0.95				
	314	2	112.86491613964911	22.689338811578946	0.0	0.0	3	1.027887101695128	-21.587760723633085	230.0	36	1.05	0.95				
	315	2	184.42360008385964	37.233786767719295	0.0	0.0	3	1.0483682775448935	-14.749789316774214	230.0	36	1.05	0.95				
	316	2	58.177791824561396	11.63555836491228	0.0	0.0	3	1.0483507545945665	-14.337112851085626	230.0	36	1.05	0.95				
	317	1	0.0	0.0	0.0	0.0	3	1.0494314500853703	-11.642214483347649	230.0	37	1.05	0.95				
	318	2	193.73204677578946	39.560898440701756	0.0	0.0	3	1.0498244258221705	-11.026010027627184	230.0	37	1.05	0.95				
	319	1	105.30180320245613	21.52578297508772	0.0	0.0	3	1.0454722737024549	-15.330760409810232	230.0	35	1.05	0.95				
	320	1	74.46757353543859	15.126225874385964	0.0	0.0	3	1.0475886685472577	-15.106505457548495	230.0	35	1.05	0.95				
	321	2	0.0	0.0	0.0	0.0	3	1.05	-10.62223476611238	230.0	37	1.05	0.95				
	322	2	0.0	0.0	0.0	0.0	3	1.05	-5.246460037435969	230.0	37	1.05	0.95				
	323	2	0.0	0.0	0.0	0.0	3	1.05	-14.558307801396932	230.0	35	1.05	0.95				
	324	1	0.0	0.0	0.0	0.0	3	1.0211381082734468	-19.609132291779403	230.0	36	1.05	0.95				
	325	1	0.0	0.0	0.0	0.0	3	1.0399715638601361	-12.64948382722253	230.0	35	1.05	0.95				
];
