%% MATPOWER Case Format : Version 2
function mpc = RTS_GMLC
mpc.version = '2';

%%-----  Power Flow Data  -----%%
%% system MVA base
mpc.baseMVA = 100.0;
%% bus data
%    bus_i    type    Pd    Qd    Gs    Bs    area    Vm    Va    baseKV    zone    Vmax    Vmin
mpc.bus = [
	101	2	44.07372587368422	8.977981196491228	0.0	0.0	1	1.0335447664293904	1.7278337015136271	138.0	11	1.05	0.95				
	102	2	39.5847352754386	8.1618010877193	0.0	0.0	1	1.0326345774111862	1.4827533386896659	138.0	12	1.05	0.95				
	103	1	73.45620978947369	15.099332012280703	0.0	0.0	1	1.028798175403241	-0.17306424538240325	138.0	11	1.05	0.95				
	104	1	30.198664024561406	6.121350815789474	0.0	0.0	1	1.0216922269056838	-1.40201291284127	138.0	11	1.05	0.95				
	105	1	28.974393861403513	5.71326076140351	0.0	0.0	1	1.0363221601799597	-1.1601192705406722	138.0	11	1.05	0.95				
	106	1	55.50024739649124	11.42652152280702	0.0	-100.0	1	1.0460638023745297	-3.23461399211321	138.0	12	1.05	0.95				
	107	2	51.01125679824562	10.202251359649123	0.0	0.0	1	1.000955062584887	-6.939537880320373	138.0	12	1.05	0.95				
	108	1	69.7833993	14.283151903508774	0.0	0.0	1	1.0059838547172204	-6.322146923062837	138.0	12	1.05	0.95				
	109	1	71.41575951754386	14.691241957894738	0.0	0.0	1	1.024807491387754	-2.1053637985015934	138.0	13	1.05	0.95				
	110	1	79.57756060526316	16.3236021754386	0.0	0.0	1	1.05	-2.800544758881912	138.0	13	1.05	0.95				
	111	1	0.0	0.0	0.0	0.0	1	1.0027859296114807	-0.4884989764493944	230.0	13	1.05	0.95				
	112	1	0.0	0.0	0.0	0.0	1	1.007515849569043	0.01647509230646195	230.0	13	1.05	0.95				
	113	3	108.14386441228072	22.03686293684211	0.0	0.0	1	0.9940176134290996	1.6172241023548272e-28	230.0	14	1.05	0.95				
	114	2	79.1694705508772	15.915512121052632	0.0	0.0	1	0.9989754013277942	1.1845358812315034	230.0	16	1.05	0.95				
	115	2	129.3645472403509	26.117763480701754	0.0	0.0	1	1.03678173812561	6.201599081782349	230.0	16	1.05	0.95				
	116	2	40.80900543859649	8.1618010877193	0.0	0.0	1	1.0319349054684395	5.902571344255005	230.0	16	1.05	0.95				
	117	1	0.0	0.0	0.0	0.0	1	1.040585203504696	7.464786038624094	230.0	17	1.05	0.95				
	118	2	135.89398811052632	27.75012369824562	0.0	0.0	1	1.0432725475919964	7.3732837857187	230.0	17	1.05	0.95				
	119	1	73.86429984385965	15.099332012280703	0.0	0.0	1	1.0253404534907598	5.256922648963928	230.0	15	1.05	0.95				
	120	1	52.23552696140351	10.610341414035089	0.0	0.0	1	1.0222713804527281	5.491218681697465	230.0	15	1.05	0.95				
	121	2	0.0	0.0	0.0	0.0	1	1.0477472700873285	8.219701287510953	230.0	17	1.05	0.95				
	122	2	0.0	0.0	0.0	0.0	1	1.05	14.45145520206754	230.0	17	1.05	0.95				
	123	2	0.0	0.0	0.0	0.0	1	1.0211003915032932	5.93961119700562	230.0	15	1.05	0.95				
	124	1	0.0	0.0	0.0	0.0	1	1.0252176580594228	3.814769587712303	230.0	16	1.05	0.95				
	201	2	38.74264128000001	7.89201952	0.0	0.0	2	1.02485063999876	-3.3357904716739166	138.0	21	1.05	0.95				
	202	2	34.79663152	7.174563200000001	0.0	0.0	2	1.0253887008404818	-3.100164539934534	138.0	22	1.05	0.95				
	203	1	64.5710688	13.272941920000001	0.0	0.0	2	1.0187891494609922	-4.053833918175329	138.0	21	1.05	0.95				
	204	1	26.545883840000002	5.3809224	0.0	0.0	2	1.0187913395841863	-5.04407560949936	138.0	21	1.05	0.95				
	205	1	25.469699359999996	5.02219424	0.0	0.0	2	1.0331016591470359	-5.166227134060114	138.0	21	1.05	0.95				
	206	1	48.78702976	10.04438848	0.0	-100.0	2	1.046167927120827	-6.509781783125377	138.0	22	1.05	0.95				
	207	2	44.84102	8.968204	0.0	0.0	2	0.9907351988198079	-11.7847009511812	138.0	22	1.05	0.95				
	208	1	61.34251536000001	12.555485599999999	0.0	0.0	2	1.0004022158333907	-10.234211510136513	138.0	22	1.05	0.95				
	209	1	62.777428	12.91421376	0.0	0.0	2	1.023123755411847	-5.1536962045842	138.0	23	1.05	0.95				
	210	1	69.9519912	14.349126400000001	0.0	0.0	2	1.05	-5.864591317889155	138.0	23	1.05	0.95				
	211	1	0.0	0.0	0.0	0.0	2	1.0011894818198686	-2.936932961661855	230.0	23	1.05	0.95				
	212	1	0.0	0.0	0.0	0.0	2	1.0077478808164837	-2.4418259513748533	230.0	23	1.05	0.95				
	213	2	95.0629624	19.371320640000004	0.0	0.0	2	0.995174869028962	-2.131640082131285	230.0	24	1.05	0.95				
	214	2	69.59326304	13.990398240000001	0.0	0.0	2	0.9959222338766199	-0.9163055308240364	230.0	26	1.05	0.95				
	215	2	113.71682672000001	22.95860224	0.0	0.0	2	1.0221622201032552	4.005110427688589	230.0	26	1.05	0.95				
	216	2	35.872816	7.174563200000001	0.0	0.0	2	1.022458433153037	4.025250075672562	230.0	26	1.05	0.95				
	217	1	0.0	0.0	0.0	0.0	2	1.0291799619383484	5.972585830385322	230.0	27	1.05	0.95				
	218	2	119.45647728000002	24.39351488	0.0	0.0	2	1.0298588620849305	6.142688898899344	230.0	27	1.05	0.95				
	219	1	64.92979696	13.272941920000001	0.0	0.0	2	1.0228598987160646	3.494176145437802	230.0	25	1.05	0.95				
	220	1	45.91720448	9.326932160000002	0.0	0.0	2	1.025283537131083	3.7407963081775284	230.0	25	1.05	0.95				
	221	2	0.0	0.0	0.0	0.0	2	1.030643519760364	6.205553286784054	230.0	27	1.05	0.95				
	222	2	0.0	0.0	0.0	0.0	2	1.05	12.606609667671037	230.0	27	1.05	0.95				
	223	2	0.0	0.0	0.0	0.0	2	1.0268949233375333	4.153582813744855	230.0	25	1.05	0.95				
	224	1	0.0	0.0	0.0	0.0	2	1.0107942249697637	0.9674849801427845	230.0	26	1.05	0.95				
	301	2	44.399240753684225	9.044289783157895	0.0	0.0	3	1.0073373650924113	-22.730757297131845	138.0	31	1.05	0.95				
	302	2	39.877095862105264	8.222081621052633	0.0	0.0	3	1.0072754708462863	-22.83078785355335	138.0	32	1.05	0.95				
	303	1	73.99873458947368	15.21085099894737	0.0	0.0	3	1.022068531846491	-17.82480641390166	138.0	31	1.05	0.95				
	304	1	30.42170199789474	6.166561215789474	0.0	0.0	3	1.0104733326773276	-21.439203789109964	138.0	31	1.05	0.95				
	305	1	29.188389754736843	5.755457134736843	0.0	0.0	3	1.0233523479677569	-22.14362220171432	138.0	31	1.05	0.95				
	306	1	55.910155023157905	11.510914269473686	0.0	-100.0	3	1.0407705807157894	-22.31329890104802	138.0	32	1.05	0.95				
	307	2	51.38801013157895	10.27760202631579	0.0	0.0	3	0.9937530751219563	-26.746642393961938	138.0	32	1.05	0.95				
	308	1	70.29879786000001	14.388642836842106	0.0	0.0	3	1.0006105997715182	-24.911126243632104	138.0	32	1.05	0.95				
	309	1	71.94321418421053	14.799746917894737	0.0	0.0	3	1.0257944128236247	-18.615142151621846	138.0	33	1.05	0.95				
	310	1	80.16529580526317	16.444163242105265	0.0	0.0	3	1.05	-20.232700620456566	138.0	33	1.05	0.95				
	311	1	0.0	0.0	0.0	0.0	3	1.0069539347998568	-14.748210327266841	230.0	33	1.05	0.95				
	312	1	0.0	0.0	0.0	0.0	3	1.0107841853205644	-14.146850817749367	230.0	33	1.05	0.95				
	313	2	108.94258147894737	22.199620376842113	0.0	0.0	3	1.0101446377965164	-11.152107044405263	230.0	34	1.05	0.95				
	314	2	79.75419172421053	16.033059161052634	0.0	0.0	3	1.0058098573141068	-13.111590806562933	230.0	36	1.05	0.95				
	315	2	130.31999369368424	26.310661187368424	0.0	0.0	3	1.029791229102396	-9.198084996035494	230.0	36	1.05	0.95				
	316	2	41.11040810526316	8.222081621052633	0.0	0.0	3	1.0293936590557902	-8.35161416599144	230.0	36	1.05	0.95				
	317	1	0.0	0.0	0.0	0.0	3	1.0343367418678828	-7.036665748119598	230.0	37	1.05	0.95				
	318	2	136.89765899052634	27.955077511578953	0.0	0.0	3	1.0337728699323079	-6.896299989330437	230.0	37	1.05	0.95				
	319	1	74.40983867052633	15.21085099894737	0.0	0.0	3	1.02675512850458	-8.820597216871333	230.0	35	1.05	0.95				
	320	1	52.62132237473685	10.688706107368423	0.0	0.0	3	1.0271229227451115	-8.426434264990078	230.0	35	1.05	0.95				
	321	2	0.0	0.0	0.0	0.0	3	1.0346429649850222	-7.147399193090173	230.0	37	1.05	0.95				
	322	2	0.0	0.0	0.0	0.0	3	1.0477316520209181	-2.7783779028103095	230.0	37	1.05	0.95				
	323	2	0.0	0.0	0.0	0.0	3	1.0278825550066732	-7.893199343448033	230.0	35	1.05	0.95				
	324	1	0.0	0.0	0.0	0.0	3	1.0161064626985272	-12.435556008055189	230.0	36	1.05	0.95				
	325	1	0.0	0.0	0.0	0.0	3	1.0244807176471318	-6.54043563028611	230.0	35	1.05	0.95				
];

%% generator data
%    bus    Pg    Qg    Qmax    Qmin    Vg    mBase    status    Pmax    Pmin    Pc1    Pc2    Qc1min    Qc1max    Qc2min    Qc2max    ramp_agc    ramp_10    ramp_30    ramp_q    apf
