%% MATPOWER Case Format : Version 2
function mpc = RTS_GMLC
mpc.version = '2';

%%-----  Power Flow Data  -----%%
%% system MVA base
mpc.baseMVA = 100.0;
%% bus data
%    bus_i    type    Pd    Qd    Gs    Bs    area    Vm    Va    baseKV    zone    Vmax    Vmin
mpc.bus = [
	101	2	65.16872837052632	13.275111334736842	0.0	0.0	1	1.0355188764979573	1.131552081569277	138.0	11	1.05	0.95				
	102	2	58.5311727031579	12.068283031578948	0.0	0.0	1	1.0355468199965456	1.103407966395675	138.0	12	1.05	0.95				
	103	1	108.61454728421054	22.326323608421053	0.0	0.0	1	1.024356218342563	-0.881090362249878	138.0	11	1.05	0.95				
	104	1	44.652647216842105	9.05121227368421	0.0	0.0	1	1.0197577494854637	-2.1367773715783196	138.0	11	1.05	0.95				
	105	1	42.84240476210526	8.447798122105263	0.0	0.0	1	1.0346255519345346	-2.003707932542184	138.0	11	1.05	0.95				
	106	1	82.06432461473685	16.895596244210527	0.0	-100.0	1	1.0410325974725358	-4.314834532959488	138.0	12	1.05	0.95				
	107	2	75.42676894736843	15.085353789473684	0.0	0.0	1	1.0410368335022893	0.15133820860408162	138.0	12	1.05	0.95				
	108	1	103.18381992	21.119495305263158	0.0	0.0	1	1.0242548286748785	-2.9845576003574616	138.0	12	1.05	0.95				
	109	1	105.59747652631579	21.722909456842103	0.0	0.0	1	1.0259679577807734	-2.3565074787684988	138.0	13	1.05	0.95				
	110	1	117.66575955789473	24.136566063157897	0.0	0.0	1	1.05	-3.288975878608714	138.0	13	1.05	0.95				
	111	1	0.0	0.0	0.0	0.0	1	1.0080817751634605	-0.6275618331527406	230.0	13	1.05	0.95				
	112	1	0.0	0.0	0.0	0.0	1	1.0120540761881878	0.1570707341384946	230.0	13	1.05	0.95				
	113	3	159.90475016842106	32.58436418526316	0.0	0.0	1	1.0028509620540231	1.8881957338890557e-28	230.0	14	1.05	0.95				
	114	2	117.0623454063158	23.53315191157895	0.0	0.0	1	1.0065350415685754	1.1168691423703034	230.0	16	1.05	0.95				
	115	2	191.28228605052632	38.618505701052634	0.0	0.0	1	1.041412568795092	7.396067907296692	230.0	16	1.05	0.95				
	116	2	60.34141515789474	12.068283031578948	0.0	0.0	1	1.037975730932919	7.176383422376812	230.0	16	1.05	0.95				
	117	1	0.0	0.0	0.0	0.0	1	1.0451388254971663	9.54639862166696	230.0	17	1.05	0.95				
	118	2	200.9369124757895	41.032162307368424	0.0	0.0	1	1.0480949298536233	9.909236888668175	230.0	17	1.05	0.95				
	119	1	109.21796143578948	22.326323608421053	0.0	0.0	1	1.0315506502011544	6.320259489114576	230.0	15	1.05	0.95				
	120	1	77.23701140210527	15.688767941052634	0.0	0.0	1	1.0309246669732095	6.731844135627436	230.0	15	1.05	0.95				
	121	2	0.0	0.0	0.0	0.0	1	1.05	10.040931341406589	230.0	17	1.05	0.95				
	122	2	0.0	0.0	0.0	0.0	1	1.05	16.407842463837472	230.0	17	1.05	0.95				
	123	2	0.0	0.0	0.0	0.0	1	1.0320483378251244	7.4145676478320715	230.0	15	1.05	0.95				
	124	1	0.0	0.0	0.0	0.0	1	1.0244861019432991	4.321399887923616	230.0	16	1.05	0.95				
	201	2	52.81851092210527	10.759326298947368	0.0	0.0	2	1.0328760780230437	-3.563318750499207	138.0	21	1.05	0.95				
	202	2	47.438847772631576	9.78120572631579	0.0	0.0	2	1.0329587154234454	-3.610090339422665	138.0	22	1.05	0.95				
	203	1	88.0308515368421	18.09523059368421	0.0	0.0	2	1.0286816353018409	-3.0013644475429735	138.0	21	1.05	0.95				
	204	1	36.19046118736842	7.335904294736842	0.0	0.0	2	1.02027436252015	-6.17720189304321	138.0	21	1.05	0.95				
	205	1	34.723280328421055	6.846844008421053	0.0	0.0	2	1.0350261801524487	-6.307093332284507	138.0	21	1.05	0.95				
	206	1	66.51219893894738	13.693688016842106	0.0	-100.0	2	1.0439187916735053	-8.317230005485571	138.0	22	1.05	0.95				
	207	2	61.132535789473685	12.226507157894737	0.0	0.0	2	0.9870699690028643	-15.780157988105142	138.0	22	1.05	0.95				
	208	1	83.62930895999999	17.117110021052632	0.0	0.0	2	0.9931746370435716	-13.530959064447856	138.0	22	1.05	0.95				
	209	1	85.58555010526315	17.606170307368423	0.0	0.0	2	1.0245124009406446	-6.293753514876842	138.0	23	1.05	0.95				
	210	1	95.36675583157894	19.56241145263158	0.0	0.0	2	1.05	-7.5441127496891145	138.0	23	1.05	0.95				
	211	1	0.0	0.0	0.0	0.0	2	1.007861578508052	-3.8617484735076713	230.0	23	1.05	0.95				
	212	1	0.0	0.0	0.0	0.0	2	1.0121428035293951	-3.239644581125881	230.0	23	1.05	0.95				
	213	2	129.6009758736842	26.409255461052634	0.0	0.0	2	1.0025727885631954	-3.0174761665733083	230.0	24	1.05	0.95				
	214	2	94.87769554526315	19.07335116631579	0.0	0.0	2	1.009532767940701	-1.447450715759299	230.0	26	1.05	0.95				
	215	2	155.03211076210525	31.29985832421053	0.0	0.0	2	1.03328396387885	4.837295764568035	230.0	26	1.05	0.95				
	216	2	48.90602863157895	9.78120572631579	0.0	0.0	2	1.0346679843208377	4.873028989414989	230.0	26	1.05	0.95				
	217	1	0.0	0.0	0.0	0.0	2	1.0397802148626438	7.555234605425263	230.0	27	1.05	0.95				
	218	2	162.8570753431579	33.25609946947369	0.0	0.0	2	1.0414573239732532	8.147990040005128	230.0	27	1.05	0.95				
	219	1	88.5199118231579	18.09523059368421	0.0	0.0	2	1.0347494028478188	4.059347291405265	230.0	25	1.05	0.95				
	220	1	62.59971664842106	12.715567444210526	0.0	0.0	2	1.0383989969715404	4.290173101674672	230.0	25	1.05	0.95				
	221	2	0.0	0.0	0.0	0.0	2	1.040927317471544	7.801610753639796	230.0	27	1.05	0.95				
	222	2	0.0	0.0	0.0	0.0	2	1.05	14.208077330433488	230.0	27	1.05	0.95				
	223	2	0.0	0.0	0.0	0.0	2	1.041255358124486	4.781120236402369	230.0	25	1.05	0.95				
	224	1	0.0	0.0	0.0	0.0	2	1.0215757445467275	1.8868908509388211	230.0	26	1.05	0.95				
	301	2	62.11452073263158	12.652957927017544	0.0	0.0	3	1.009397613042805	-27.320538354994298	138.0	31	1.05	0.95				
	302	2	55.788041769122806	11.502689024561404	0.0	0.0	3	1.0084451902278602	-27.531743473248838	138.0	32	1.05	0.95				
	303	1	103.52420122105264	21.279974695438597	0.0	0.0	3	1.0333414284729654	-17.83359919369345	138.0	31	1.05	0.95				
	304	1	42.55994939087719	8.627016768421052	0.0	0.0	3	1.0081381828038283	-25.729858212845915	138.0	31	1.05	0.95				
	305	1	40.83454603719298	8.051882317192984	0.0	0.0	3	1.022039046888557	-26.913396672011753	138.0	31	1.05	0.95				
	306	1	78.21828536701754	16.103764634385968	0.0	-100.0	3	1.0362306609038936	-27.33101865660791	138.0	32	1.05	0.95				
	307	2	71.89180640350877	14.378361280701753	0.0	0.0	3	0.9967230302765309	-31.084545432726138	138.0	32	1.05	0.95				
	308	1	98.34799115999999	20.129705792982456	0.0	0.0	3	0.9974476072479624	-29.578856597064334	138.0	32	1.05	0.95				
	309	1	100.64852896491227	20.704840244210526	0.0	0.0	3	1.0276166177652648	-21.913128972839687	138.0	33	1.05	0.95				
	310	1	112.15121798947368	23.005378049122807	0.0	0.0	3	1.05	-24.65922907323109	138.0	33	1.05	0.95				
	311	1	0.0	0.0	0.0	0.0	3	1.0170383759613855	-17.786830301899407	230.0	33	1.05	0.95				
	312	1	0.0	0.0	0.0	0.0	3	1.0172593296288606	-17.252297389569343	230.0	33	1.05	0.95				
	313	2	152.41062957543858	31.05726036631579	0.0	0.0	3	1.0222107619629113	-14.362378295485646	230.0	34	1.05	0.95				
	314	2	111.57608353824561	22.430243597894737	0.0	0.0	3	1.0266597271225892	-15.301814473679459	230.0	36	1.05	0.95				
	315	2	182.31762103929822	36.80860487859649	0.0	0.0	3	1.047198525948951	-8.512664140451953	230.0	36	1.05	0.95				
	316	2	57.51344512280701	11.502689024561404	0.0	0.0	3	1.0469378722157794	-8.345852808756806	230.0	36	1.05	0.95				
	317	1	0.0	0.0	0.0	0.0	3	1.0482312461000627	-5.811799990462331	230.0	37	1.05	0.95				
	318	2	191.51977225894737	39.10914268350877	0.0	0.0	3	1.048457857929251	-5.289033109796465	230.0	37	1.05	0.95				
	319	1	104.09933567228072	21.279974695438597	0.0	0.0	3	1.043080384943304	-9.656896041271343	230.0	35	1.05	0.95				
	320	1	73.61720975719298	14.953495731929825	0.0	0.0	3	1.044411025103859	-9.717317265021556	230.0	35	1.05	0.95				
	321	2	0.0	0.0	0.0	0.0	3	1.05	-4.721448046180932	230.0	37	1.05	0.95				
	322	2	0.0	0.0	0.0	0.0	3	1.05	0.6261485365097326	230.0	37	1.05	0.95				
	323	2	0.0	0.0	0.0	0.0	3	1.0463119461713943	-9.327049620460318	230.0	35	1.05	0.95				
	324	1	0.0	0.0	0.0	0.0	3	1.0302448052708204	-11.990504298592738	230.0	36	1.05	0.95				
	325	1	0.0	0.0	0.0	0.0	3	1.0396006506773054	-7.746342517973744	230.0	35	1.05	0.95				
];
