%% MATPOWER Case Format : Version 2
function mpc = RTS_GMLC
mpc.version = '2';

%%-----  Power Flow Data  -----%%
%% system MVA base
mpc.baseMVA = 100.0;
%% bus data
%    bus_i    type    Pd    Qd    Gs    Bs    area    Vm    Va    baseKV    zone    Vmax    Vmin
mpc.bus = [
	101	2	39.50470064842106	8.047253835789475	0.0	0.0	1	1.0124169445720288	-3.8141650548067876	138.0	11	1.05	0.95				
	102	2	35.48107373052631	7.315685305263157	0.0	0.0	1	1.0123649703373028	-4.01913587105729	138.0	12	1.05	0.95				
	103	1	65.84116774736842	13.534017814736842	0.0	0.0	1	1.0015628164958725	0.7216782380399984	138.0	11	1.05	0.95				
	104	1	27.068035629473684	5.486763978947368	0.0	0.0	1	1.0033491184410117	-3.8700884825718584	138.0	11	1.05	0.95				
	105	1	25.97068283368421	5.120979713684211	0.0	0.0	1	1.0174591834455422	-4.855897802043252	138.0	11	1.05	0.95				
	106	1	49.74666007578947	10.241959427368421	0.0	-100.0	1	1.028427001011226	-5.8960339374237165	138.0	12	1.05	0.95				
	107	2	45.72303315789473	9.144606631578947	0.0	0.0	1	0.9857276394335293	-9.033390914001762	138.0	12	1.05	0.95				
	108	1	62.54910936	12.802449284210526	0.0	0.0	1	0.9891449074882338	-8.019850020444588	138.0	12	1.05	0.95				
	109	1	64.01224642105264	13.168233549473685	0.0	0.0	1	1.00232333200567	-2.952387419192607	138.0	13	1.05	0.95				
	110	1	71.32793172631578	14.631370610526314	0.0	0.0	1	1.0310100986718709	-4.701755027116282	138.0	13	1.05	0.95				
	111	1	0.0	0.0	0.0	0.0	1	0.9803142743869308	-0.5603923715777417	230.0	13	1.05	0.95				
	112	1	0.0	0.0	0.0	0.0	1	0.9822144908024416	-1.3042992055488236	230.0	13	1.05	0.95				
	113	3	96.93283029473683	19.75235032421053	0.0	0.0	1	0.9618276337982651	4.7301427147065865e-26	230.0	14	1.05	0.95				
	114	2	70.96214746105262	14.265586345263156	0.0	0.0	1	0.9870045104019729	2.3796486889046706	230.0	16	1.05	0.95				
	115	2	115.95361208842105	23.410192976842104	0.0	0.0	1	0.9875160387870802	10.492433311884957	230.0	16	1.05	0.95				
	116	2	36.57842652631579	7.315685305263157	0.0	0.0	1	0.9870174900629538	9.056584398565144	230.0	16	1.05	0.95				
	117	1	0.0	0.0	0.0	0.0	1	0.9906650553271621	14.109353782738255	230.0	17	1.05	0.95				
	118	2	121.80616033263159	24.873330037894736	0.0	0.0	1	0.9959678103550439	14.729247533993112	230.0	17	1.05	0.95				
	119	1	66.20695201263158	13.534017814736842	0.0	0.0	1	0.9877516617441768	5.755721234924258	230.0	15	1.05	0.95				
	120	1	46.82038595368421	9.510390896842106	0.0	0.0	1	0.99248993506104	3.313710298653713	230.0	15	1.05	0.95				
	121	2	0.0	0.0	0.0	0.0	1	0.9960251389058983	15.978521263584941	230.0	17	1.05	0.95				
	122	2	0.0	0.0	0.0	0.0	1	1.0101160011851185	29.747761411975723	230.0	17	1.05	0.95				
	123	2	0.0	0.0	0.0	0.0	1	0.9958502971948396	2.279354752228636	230.0	15	1.05	0.95				
	124	1	0.0	0.0	0.0	0.0	1	0.9811765184017525	6.741066845466143	230.0	16	1.05	0.95				
	201	2	39.79663150736843	8.106721232982457	0.0	0.0	2	1.0108279713722474	-9.766765092420453	138.0	21	1.05	0.95				
	202	2	35.74327089087719	7.369746575438597	0.0	0.0	2	1.0098146016770573	-9.909161477821272	138.0	22	1.05	0.95				
	203	1	66.32771917894738	13.634031164561405	0.0	0.0	2	0.997991893243546	-7.41058807563614	138.0	21	1.05	0.95				
	204	1	27.26806232912281	5.527309931578948	0.0	0.0	2	1.0024036529342326	-8.970201552787394	138.0	21	1.05	0.95				
	205	1	26.162600342807018	5.158822602807018	0.0	0.0	2	1.0183568207036238	-9.305041619657633	138.0	21	1.05	0.95				
	206	1	50.114276712982466	10.317645205614037	0.0	-100.0	2	1.0309102628163567	-9.52010117535498	138.0	22	1.05	0.95				
	207	2	46.06091609649123	9.212183219298247	0.0	0.0	2	0.9720999147072057	-13.78754343762125	138.0	22	1.05	0.95				
	208	1	63.01133322	12.897056507017544	0.0	0.0	2	0.9823987969660164	-12.136928958874071	138.0	22	1.05	0.95				
	209	1	64.48528253508773	13.265543835789476	0.0	0.0	2	1.0071335800000198	-6.626242967295439	138.0	23	1.05	0.95				
	210	1	71.85502911052633	14.739493150877195	0.0	0.0	2	1.0349181451979497	-7.621045935971552	138.0	23	1.05	0.95				
	211	1	0.0	0.0	0.0	0.0	2	0.9864516993205033	-4.46355283587122	230.0	23	1.05	0.95				
	212	1	0.0	0.0	0.0	0.0	2	0.9888112058937154	-0.11995495362344333	230.0	23	1.05	0.95				
	213	2	97.64914212456141	19.898315753684216	0.0	0.0	2	0.9816865424591273	-2.0495233311192442	230.0	24	1.05	0.95				
	214	2	71.48654178175438	14.371005822105264	0.0	0.0	2	0.9810371733453879	-3.760662927313811	230.0	26	1.05	0.95				
	215	2	116.81048322070176	23.58318904140351	0.0	0.0	2	0.9903845187162322	-0.25537104984207265	230.0	26	1.05	0.95				
	216	2	36.84873287719299	7.369746575438597	0.0	0.0	2	0.9883229484543813	-0.3482609639157142	230.0	26	1.05	0.95				
	217	1	0.0	0.0	0.0	0.0	2	0.998891485894247	0.39809454102678277	230.0	27	1.05	0.95				
	218	2	122.70628048105266	25.057138356491233	0.0	0.0	2	0.9998682388952008	-0.10384703896433937	230.0	27	1.05	0.95				
	219	1	66.6962065077193	13.634031164561405	0.0	0.0	2	0.981953342519706	0.6860574452745	230.0	25	1.05	0.95				
	220	1	47.16637808280702	9.580670548070175	0.0	0.0	2	0.9792679722177121	2.381596373616651	230.0	25	1.05	0.95				
	221	2	0.0	0.0	0.0	0.0	2	1.002084774571293	0.35235754703275035	230.0	27	1.05	0.95				
	222	2	0.0	0.0	0.0	0.0	2	1.0189311606178595	4.54778147303348	230.0	27	1.05	0.95				
	223	2	0.0	0.0	0.0	0.0	2	0.9788466387584037	3.6318086779074465	230.0	25	1.05	0.95				
	224	1	0.0	0.0	0.0	0.0	2	0.9843460502000555	-2.985922683648312	230.0	26	1.05	0.95				
	301	2	48.875039545263164	9.95602657403509	0.0	0.0	3	1.0100847590367277	27.963989474438552	138.0	31	1.05	0.95				
	302	2	43.89702625824562	9.050933249122808	0.0	0.0	3	1.0104596484735844	27.681416501674917	138.0	32	1.05	0.95				
	303	1	81.45839924210527	16.744226510877194	0.0	0.0	3	1.0170228110002106	39.54150394854975	138.0	31	1.05	0.95				
	304	1	33.48845302175439	6.788199936842106	0.0	0.0	3	1.001433057467814	29.090603486668645	138.0	31	1.05	0.95				
	305	1	32.130813034385966	6.335653274385966	0.0	0.0	3	1.018115774060641	27.48516645045097	138.0	31	1.05	0.95				
	306	1	61.5463460940351	12.671306548771932	0.0	-100.0	3	1.030407104536062	26.66656638102262	138.0	32	1.05	0.95				
	307	2	56.568332807017555	11.31366656140351	0.0	0.0	3	0.9683360997745025	24.309061233959056	138.0	32	1.05	0.95				
	308	1	77.38547928	15.839133185964913	0.0	0.0	3	0.9830871107601445	26.312909863985155	138.0	32	1.05	0.95				
	309	1	79.19566592982457	16.291679848421055	0.0	0.0	3	1.008591226921834	32.16724780335287	138.0	33	1.05	0.95				
	310	1	88.24659917894738	18.101866498245617	0.0	0.0	3	1.0372387938206282	28.4865090440279	138.0	33	1.05	0.95				
	311	1	0.0	0.0	0.0	0.0	3	0.9902582849678224	32.13194604609045	230.0	33	1.05	0.95				
	312	1	0.0	0.0	0.0	0.0	3	0.9987964285882139	32.28594694306121	230.0	33	1.05	0.95				
	313	2	119.9248655508772	24.437519772631582	0.0	0.0	3	0.9974523943274137	35.057997868765	230.0	34	1.05	0.95				
	314	2	87.79405251649123	17.649319835789477	0.0	0.0	3	0.9752904089607543	31.489039115260837	230.0	36	1.05	0.95				
	315	2	143.4572919985965	28.962986397192985	0.0	0.0	3	0.9805058288805738	29.25601200703753	230.0	36	1.05	0.95				
	316	2	45.25466624561404	9.050933249122808	0.0	0.0	3	0.9681498394017723	29.65292259161817	230.0	36	1.05	0.95				
	317	1	0.0	0.0	0.0	0.0	3	0.9858639000442906	30.64010288298943	230.0	37	1.05	0.95				
	318	2	150.69803859789474	30.77317304701755	0.0	0.0	3	0.9834666190303138	27.361951354416238	230.0	37	1.05	0.95				
	319	1	81.91094590456142	16.744226510877194	0.0	0.0	3	0.9780212759149569	29.584898270856744	230.0	35	1.05	0.95				
	320	1	57.92597279438597	11.766213223859651	0.0	0.0	3	0.9875767740863182	29.354015438898728	230.0	35	1.05	0.95				
	321	2	0.0	0.0	0.0	0.0	3	0.9907418914941462	28.389460846552534	230.0	37	1.05	0.95				
	322	2	0.0	0.0	0.0	0.0	3	1.006802751788908	31.66321370925125	230.0	37	1.05	0.95				
	323	2	0.0	0.0	0.0	0.0	3	0.9923754013446903	29.071192095578166	230.0	35	1.05	0.95				
	324	1	0.0	0.0	0.0	0.0	3	0.9930506634429981	34.42385075570501	230.0	36	1.05	0.95				
	325	1	0.0	0.0	0.0	0.0	3	0.9936679484922322	27.966902290999062	230.0	35	1.05	0.95				
];
