%% MATPOWER Case Format : Version 2
function mpc = RTS_GMLC
mpc.version = '2';

%%-----  Power Flow Data  -----%%
%% system MVA base
mpc.baseMVA = 100.0;
%% bus data
%    bus_i    type    Pd    Qd    Gs    Bs    area    Vm    Va    baseKV    zone    Vmax    Vmin
mpc.bus = [
	101	2	45.63681347368421	9.29638792982456	0.0	0.0	1	1.018577571370487	3.3598524575471904	138.0	11	1.05	0.95				
	102	2	40.988619508771926	8.451261754385964	0.0	0.0	1	1.017413630271104	3.0549860535138675	138.0	12	1.05	0.95				
	103	1	76.06135578947367	15.634834245614032	0.0	0.0	1	1.0283815501955	3.0628598012630803	138.0	11	1.05	0.95				
	104	1	31.269668491228064	6.338446315789473	0.0	0.0	1	1.0148320520716483	-0.10559116505937986	138.0	11	1.05	0.95				
	105	1	30.00197922807017	5.915883228070175	0.0	0.0	1	1.0281225079879457	-0.013817805037194486	138.0	11	1.05	0.95				
	106	1	57.46857992982456	11.83176645614035	0.0	-100.0	1	1.0416183303496829	-2.360156694582595	138.0	12	1.05	0.95				
	107	2	52.820385964912276	10.564077192982454	0.0	0.0	1	0.9856061635562933	-8.307941640685153	138.0	12	1.05	0.95				
	108	1	72.258288	14.789708070175436	0.0	0.0	1	0.995782132799255	-6.7253604027945775	138.0	12	1.05	0.95				
	109	1	73.94854035087718	15.212271157894733	0.0	0.0	1	1.0256440586643318	-0.9282148019702581	138.0	13	1.05	0.95				
	110	1	82.39980210526315	16.902523508771928	0.0	0.0	1	1.05	-2.0447357053319206	138.0	13	1.05	0.95				
	111	1	0.0	0.0	0.0	0.0	1	1.017132402588486	0.9838251709348855	230.0	13	1.05	0.95				
	112	1	0.0	0.0	0.0	0.0	1	1.0130895176894035	0.4016533611218628	230.0	13	1.05	0.95				
	113	3	111.979218245614	22.818406736842103	0.0	0.0	1	0.9938912196984627	-6.682129043240712e-30	230.0	14	1.05	0.95				
	114	2	81.97723901754385	16.47996042105263	0.0	0.0	1	1.0423594596551262	4.243639985625049	230.0	16	1.05	0.95				
	115	2	133.95249880701752	27.044037614035084	0.0	0.0	1	1.044590212348431	12.933411703779772	230.0	16	1.05	0.95				
	116	2	42.25630877192982	8.451261754385964	0.0	0.0	1	1.0451565710957915	11.519305162091143	230.0	16	1.05	0.95				
	117	1	0.0	0.0	0.0	0.0	1	1.04282870279261	16.874526487984497	230.0	17	1.05	0.95				
	118	2	140.7135082105263	28.73428996491228	0.0	0.0	1	1.05	17.190493763620402	230.0	17	1.05	0.95				
	119	1	76.48391887719296	15.634834245614032	0.0	0.0	1	1.0418675767102843	8.321554443705354	230.0	15	1.05	0.95				
	120	1	54.08807522807017	10.986640280701753	0.0	0.0	1	1.0439149161793653	6.340770660685165	230.0	15	1.05	0.95				
	121	2	0.0	0.0	0.0	0.0	1	1.0428392684677958	18.551179428371036	230.0	17	1.05	0.95				
	122	2	0.0	0.0	0.0	0.0	1	1.05	36.51592432662041	230.0	17	1.05	0.95				
	123	2	0.0	0.0	0.0	0.0	1	1.0457125184961127	5.567814588296538	230.0	15	1.05	0.95				
	124	1	0.0	0.0	0.0	0.0	1	1.0261399623060576	9.258037528121255	230.0	16	1.05	0.95				
	201	2	48.857547600000004	9.9524634	0.0	0.0	2	1.021703301042689	-9.382951341939705	138.0	21	1.05	0.95				
	202	2	43.881315900000004	9.047694	0.0	0.0	2	1.0224197517571358	-9.282241478140378	138.0	22	1.05	0.95				
	203	1	81.429246	16.7382339	0.0	0.0	2	1.0126878758179008	-7.980781544214064	138.0	21	1.05	0.95				
	204	1	33.4764678	6.785770500000001	0.0	0.0	2	1.0154652172861762	-10.423200612864203	138.0	21	1.05	0.95				
	205	1	32.1193137	6.3333858	0.0	0.0	2	1.030354466009054	-10.731853576578608	138.0	21	1.05	0.95				
	206	1	61.52431920000001	12.6667716	0.0	-100.0	2	1.0430513024237684	-11.91854626270928	138.0	22	1.05	0.95				
	207	2	56.5480875	11.3096175	0.0	0.0	2	0.9922706798237908	-18.243132930399533	138.0	22	1.05	0.95				
	208	1	77.3577837	15.8334645	0.0	0.0	2	0.9973580033064657	-16.175107018880723	138.0	22	1.05	0.95				
	209	1	79.1673225	16.285849199999998	0.0	0.0	2	1.022652570298538	-9.489804967599163	138.0	23	1.05	0.95				
	210	1	88.2150165	18.095388	0.0	0.0	2	1.05	-10.642489270645717	138.0	23	1.05	0.95				
	211	1	0.0	0.0	0.0	0.0	2	1.0077806269606169	-6.537551085239425	230.0	23	1.05	0.95				
	212	1	0.0	0.0	0.0	0.0	2	1.00912441007652	-5.303760752252872	230.0	23	1.05	0.95				
	213	2	119.8819455	24.428773800000002	0.0	0.0	2	1.0048809176209565	-4.823660838385436	230.0	24	1.05	0.95				
	214	2	87.76263180000001	17.6430033	0.0	0.0	2	1.0096153419054748	-4.419136910777366	230.0	26	1.05	0.95				
	215	2	143.4059499	28.952620800000002	0.0	0.0	2	1.025013775380933	1.0734510325597237	230.0	26	1.05	0.95				
	216	2	45.23847	9.047694	0.0	0.0	2	1.0280553879654286	1.3264103170444055	230.0	26	1.05	0.95				
	217	1	0.0	0.0	0.0	0.0	2	1.0349431562162599	2.7323180265097378	230.0	27	1.05	0.95				
	218	2	150.64410510000002	30.762159600000004	0.0	0.0	2	1.032766952131611	2.1004478108755613	230.0	27	1.05	0.95				
	219	1	81.8816307	16.7382339	0.0	0.0	2	1.028664593290372	2.0530361686407916	230.0	25	1.05	0.95				
	220	1	57.905241600000004	11.762002200000001	0.0	0.0	2	1.0325942043973904	3.558127019345682	230.0	25	1.05	0.95				
	221	2	0.0	0.0	0.0	0.0	2	1.0330685282856877	2.5652874042908795	230.0	27	1.05	0.95				
	222	2	0.0	0.0	0.0	0.0	2	1.05	9.127454493478304	230.0	27	1.05	0.95				
	223	2	0.0	0.0	0.0	0.0	2	1.0359630635919754	4.722533716959559	230.0	25	1.05	0.95				
	224	1	0.0	0.0	0.0	0.0	2	1.0091827531612663	-2.308644070995222	230.0	26	1.05	0.95				
	301	2	63.22492883368421	12.879152169824563	0.0	0.0	3	1.0175346424785694	-11.164569192288432	138.0	31	1.05	0.95				
	302	2	56.785352748771935	11.708320154385966	0.0	0.0	3	1.0158519743547798	-11.494025956061963	138.0	32	1.05	0.95				
	303	1	105.37488138947369	21.660392285614037	0.0	0.0	3	1.0469278726967672	2.3745941629505656	138.0	31	1.05	0.95				
	304	1	43.320784571228074	8.781240115789474	0.0	0.0	3	1.0099453018561386	-9.986342480786552	138.0	31	1.05	0.95				
	305	1	41.56453654807017	8.195824108070177	0.0	0.0	3	1.0263109483891315	-11.508320939106557	138.0	31	1.05	0.95				
	306	1	79.61657704982457	16.391648216140354	0.0	-100.0	3	1.0377946608504782	-12.362102967101258	138.0	32	1.05	0.95				
	307	2	73.17700096491228	14.635400192982456	0.0	0.0	3	0.9918578925378753	-19.068712074665726	138.0	32	1.05	0.95				
	308	1	100.10613732	20.48956027017544	0.0	0.0	3	0.9913740385721936	-16.262287175643475	138.0	32	1.05	0.95				
	309	1	102.44780135087719	21.074976277894734	0.0	0.0	3	1.0248228235686685	-6.350270099442502	138.0	33	1.05	0.95				
	310	1	114.15612150526316	23.41664030877193	0.0	0.0	3	1.05	-9.97963526700063	138.0	33	1.05	0.95				
	311	1	0.0	0.0	0.0	0.0	3	1.0176943094206607	-3.1772975739288887	230.0	33	1.05	0.95				
	312	1	0.0	0.0	0.0	0.0	3	1.0151170562536755	-2.852012755963273	230.0	33	1.05	0.95				
	313	2	155.13524204561404	31.612464416842105	0.0	0.0	3	1.0199594869422663	-0.16285716597719332	230.0	34	1.05	0.95				
	314	2	113.57070549754387	22.831224301052632	0.0	0.0	3	1.0298955313637577	-0.8469831541936405	230.0	36	1.05	0.95				
	315	2	185.57687444701753	37.46662449403509	0.0	0.0	3	1.046624423122431	5.696750887659674	230.0	36	1.05	0.95				
	316	2	58.54160077192982	11.708320154385966	0.0	0.0	3	1.0449187649562843	6.011629141122256	230.0	36	1.05	0.95				
	317	1	0.0	0.0	0.0	0.0	3	1.05	10.983068678984523	230.0	37	1.05	0.95				
	318	2	194.94353057052632	39.808288524912285	0.0	0.0	3	1.0427930470715934	8.66328551469932	230.0	37	1.05	0.95				
	319	1	105.96029739719299	21.660392285614037	0.0	0.0	3	1.0364547522210081	4.224829647199315	230.0	35	1.05	0.95				
	320	1	74.93324898807018	15.220816200701757	0.0	0.0	3	1.0342320076811269	3.773551774948308	230.0	35	1.05	0.95				
	321	2	0.0	0.0	0.0	0.0	3	1.045619481135697	8.29615123475103	230.0	37	1.05	0.95				
	322	2	0.0	0.0	0.0	0.0	3	1.05	13.693395065952624	230.0	37	1.05	0.95				
	323	2	0.0	0.0	0.0	0.0	3	1.0342191615506777	3.9656004089967283	230.0	35	1.05	0.95				
	324	1	0.0	0.0	0.0	0.0	3	1.040646400964554	4.445482473360234	230.0	36	1.05	0.95				
	325	1	0.0	0.0	0.0	0.0	3	1.0307250272998305	5.1768057177309	230.0	35	1.05	0.95				
];

%% generator data
%    bus    Pg    Qg    Qmax    Qmin    Vg    mBase    status    Pmax    Pmin    Pc1    Pc2    Qc1min    Qc1max    Qc2min    Qc2max    ramp_agc    ramp_10    ramp_30    ramp_q    apf
