%% MATPOWER Case Format : Version 2
function mpc = RTS_GMLC
mpc.version = '2';

%%-----  Power Flow Data  -----%%
%% system MVA base
mpc.baseMVA = 100.0;
%% bus data
%    bus_i    type    Pd    Qd    Gs    Bs    area    Vm    Va    baseKV    zone    Vmax    Vmin
mpc.bus = [
	101	2	92.93023254315791	18.93023255508772	0.0	0.0	1	1.0438423647765593	-0.5349876709345659	138.0	11	1.05	0.95				
	102	2	83.46511626561404	17.20930232280702	0.0	0.0	1	1.0431357539950354	-0.8231438098095691	138.0	12	1.05	0.95				
	103	1	154.88372090526317	31.837209297192988	0.0	0.0	1	1.0204780846108676	-0.6372963200921911	138.0	11	1.05	0.95				
	104	1	63.674418594385976	12.906976742105265	0.0	0.0	1	1.0212872885262685	-4.165708697136403	138.0	11	1.05	0.95				
	105	1	61.093023245964915	12.046511625964914	0.0	0.0	1	1.0346478551176683	-4.769339799911589	138.0	11	1.05	0.95				
	106	1	117.02325579508775	24.09302325192983	0.0	-100.0	1	1.0346347190479663	-7.963629775109293	138.0	12	1.05	0.95				
	107	2	107.55813951754388	21.511627903508774	0.0	0.0	1	1.05	-6.8233873462463785	138.0	12	1.05	0.95				
	108	1	147.13953486	30.116279064912284	0.0	0.0	1	1.0221696811690393	-8.905005178780979	138.0	12	1.05	0.95				
	109	1	150.5813953245614	30.976744181052634	0.0	0.0	1	1.026596397760943	-4.537833410409042	138.0	13	1.05	0.95				
	110	1	167.79069764736843	34.41860464561404	0.0	0.0	1	1.05	-6.405723627904287	138.0	13	1.05	0.95				
	111	1	0.0	0.0	0.0	0.0	1	1.0189010425255727	-1.4613385770785006	230.0	13	1.05	0.95				
	112	1	0.0	0.0	0.0	0.0	1	1.019228501039358	-1.1282071306894697	230.0	13	1.05	0.95				
	113	3	228.023255777193	46.46511627157896	0.0	0.0	1	1.0207888552484272	1.018514689228605e-27	230.0	14	1.05	0.95				
	114	2	166.93023253122809	33.558139529473685	0.0	0.0	1	1.0275604586002887	1.2512486877032862	230.0	16	1.05	0.95				
	115	2	272.7674418164912	55.06976743298247	0.0	0.0	1	1.0398060909644402	11.630230971252411	230.0	16	1.05	0.95				
	116	2	86.0465116140351	17.20930232280702	0.0	0.0	1	1.0399645399214557	10.408608134159119	230.0	16	1.05	0.95				
	117	1	0.0	0.0	0.0	0.0	1	1.0436325031641442	15.148681170196111	230.0	17	1.05	0.95				
	118	2	286.5348836747369	58.511627897543875	0.0	0.0	1	1.05	15.75444025044137	230.0	17	1.05	0.95				
	119	1	155.74418602140352	31.837209297192988	0.0	0.0	1	1.0353024980049206	7.687217883362546	230.0	15	1.05	0.95				
	120	1	110.13953486596493	22.372093019649125	0.0	0.0	1	1.039392194085049	6.505263142907578	230.0	15	1.05	0.95				
	121	2	0.0	0.0	0.0	0.0	1	1.05	17.86987609950863	230.0	17	1.05	0.95				
	122	2	0.0	0.0	0.0	0.0	1	1.05	29.817776808037745	230.0	17	1.05	0.95				
	123	2	0.0	0.0	0.0	0.0	1	1.0441168533758294	6.491315960220487	230.0	15	1.05	0.95				
	124	1	0.0	0.0	0.0	0.0	1	1.0171932821961926	7.070873073823007	230.0	16	1.05	0.95				
	201	2	88.3481819494737	17.99685187859649	0.0	0.0	2	1.0381774412923206	-14.703130476715627	138.0	21	1.05	0.95				
	202	2	79.34975601017544	16.36077443508772	0.0	0.0	2	1.0411720762299557	-14.82443530016624	138.0	22	1.05	0.95				
	203	1	147.2469699157895	30.267432704912284	0.0	0.0	2	1.0261018615569388	-11.215674093867936	138.0	21	1.05	0.95				
	204	1	60.53486540982457	12.270580826315792	0.0	0.0	2	1.0189210073657085	-16.013140826501022	138.0	21	1.05	0.95				
	205	1	58.08074924456142	11.452542104561406	0.0	0.0	2	1.033634737453023	-16.486430529694324	138.0	21	1.05	0.95				
	206	1	111.25326615859652	22.905084209122812	0.0	-100.0	2	1.036840664996564	-18.255242388078443	138.0	22	1.05	0.95				
	207	2	102.25484021929825	20.450968043859653	0.0	0.0	2	0.95	-29.613190087845314	138.0	22	1.05	0.95				
	208	1	139.88462142000003	28.631355261403513	0.0	0.0	2	0.956063999803979	-25.829175992429658	138.0	22	1.05	0.95				
	209	1	143.15677630701757	29.449393983157897	0.0	0.0	2	1.0270150783239953	-13.686233273282658	138.0	23	1.05	0.95				
	210	1	159.51755074210527	32.72154887017544	0.0	0.0	2	1.05	-15.722475551165434	138.0	23	1.05	0.95				
	211	1	0.0	0.0	0.0	0.0	2	1.0344487664492314	-9.761754686737603	230.0	23	1.05	0.95				
	212	1	0.0	0.0	0.0	0.0	2	1.0283283450612066	-4.5374502454974674	230.0	23	1.05	0.95				
	213	2	216.7802612649123	44.17409097473685	0.0	0.0	2	1.05	-6.881080725637866	230.0	24	1.05	0.95				
	214	2	158.69951202035088	31.90351014842106	0.0	0.0	2	1.05	-7.570039063549315	230.0	26	1.05	0.95				
	215	2	259.31827479614043	52.35447819228071	0.0	0.0	2	1.0469786490362403	0.5887519776710778	230.0	26	1.05	0.95				
	216	2	81.80387217543861	16.36077443508772	0.0	0.0	2	1.05	0.5664901789787734	230.0	26	1.05	0.95				
	217	1	0.0	0.0	0.0	0.0	2	1.049972288935637	3.274653615935696	230.0	27	1.05	0.95				
	218	2	272.40689434421057	55.62663307929826	0.0	0.0	2	1.0499999831306053	3.2964749375603963	230.0	27	1.05	0.95				
	219	1	148.06500863754388	30.267432704912284	0.0	0.0	2	1.043616603936441	0.9119684429418788	230.0	25	1.05	0.95				
	220	1	104.70895638456142	21.269006765614037	0.0	0.0	2	1.0456941188707078	2.742486160205125	230.0	25	1.05	0.95				
	221	2	0.0	0.0	0.0	0.0	2	1.05	3.1735502357072614	230.0	27	1.05	0.95				
	222	2	0.0	0.0	0.0	0.0	2	1.05	9.726122207669826	230.0	27	1.05	0.95				
	223	2	0.0	0.0	0.0	0.0	2	1.05	4.339145042316821	230.0	25	1.05	0.95				
	224	1	0.0	0.0	0.0	0.0	2	1.0243090677912023	-3.791757838853032	230.0	26	1.05	0.95				
	301	2	76.61815882105265	15.607402722807018	0.0	0.0	3	0.9754936797887508	5.776388795377232	138.0	31	1.05	0.95				
	302	2	68.81445745964912	14.188547929824564	0.0	0.0	3	0.9778216329606079	5.6920315377854385	138.0	32	1.05	0.95				
	303	1	127.69693136842106	26.24881367017544	0.0	0.0	3	0.9951874619173844	10.053076127608735	138.0	31	1.05	0.95				
	304	1	52.49762734035088	10.64141094736842	0.0	0.0	3	0.9746197905320636	8.50363068474919	138.0	31	1.05	0.95				
	305	1	50.36934515087719	9.931983550877195	0.0	0.0	3	0.9855407622234672	8.280552616795934	138.0	31	1.05	0.95				
	306	1	96.48212592280703	19.86396710175439	0.0	-100.0	3	0.9995563837841593	8.864955924698137	138.0	32	1.05	0.95				
	307	2	88.67842456140352	17.735684912280703	0.0	0.0	3	0.9500000741076127	3.9626461421477432	138.0	32	1.05	0.95				
	308	1	121.3120848	24.829958877192983	0.0	0.0	3	0.96108218054055	7.4474160965051865	138.0	32	1.05	0.95				
	309	1	124.14979438596492	25.53938627368421	0.0	0.0	3	1.0000588151007836	13.848868736626896	138.0	33	1.05	0.95				
	310	1	138.33834231578948	28.377095859649128	0.0	0.0	3	1.0193506641399297	13.194431789803538	138.0	33	1.05	0.95				
	311	1	0.0	0.0	0.0	0.0	3	0.9932819053490621	21.166630140788175	230.0	33	1.05	0.95				
	312	1	0.0	0.0	0.0	0.0	3	0.99863548398874	22.566636910025395	230.0	33	1.05	0.95				
	313	2	187.99826007017543	38.30907941052632	0.0	0.0	3	1.0260069275747972	30.83202696663623	230.0	34	1.05	0.95				
	314	2	137.62891491929824	27.667668463157895	0.0	0.0	3	1.0015891273374868	20.03127834760126	230.0	36	1.05	0.95				
	315	2	224.8884846877193	45.4033533754386	0.0	0.0	3	1.0374127109389333	15.066630510193612	230.0	36	1.05	0.95				
	316	2	70.94273964912281	14.188547929824564	0.0	0.0	3	1.0371288449062748	16.964115001355147	230.0	36	1.05	0.95				
	317	1	0.0	0.0	0.0	0.0	3	1.0456330506308698	16.62608318551496	230.0	37	1.05	0.95				
	318	2	236.23932303157895	48.241062961403514	0.0	0.0	3	1.044139833098942	14.390635788067826	230.0	37	1.05	0.95				
	319	1	128.40635876491228	26.24881367017544	0.0	0.0	3	1.0323557904595624	19.336619884676672	230.0	35	1.05	0.95				
	320	1	90.8067067508772	18.445112308771932	0.0	0.0	3	1.0319215540434425	21.253117606194575	230.0	35	1.05	0.95				
	321	2	0.0	0.0	0.0	0.0	3	1.0429495515712974	15.229467525229413	230.0	37	1.05	0.95				
	322	2	0.0	0.0	0.0	0.0	3	1.05	20.108105117288165	230.0	37	1.05	0.95				
	323	2	0.0	0.0	0.0	0.0	3	1.031957100562576	21.964183561687072	230.0	35	1.05	0.95				
	324	1	0.0	0.0	0.0	0.0	3	1.0168175215575954	15.326446777996885	230.0	36	1.05	0.95				
	325	1	0.0	0.0	0.0	0.0	3	1.034840792916119	21.62350962973634	230.0	35	1.05	0.95				
];
