%% MATPOWER Case Format : Version 2
function mpc = RTS_GMLC
mpc.version = '2';

%%-----  Power Flow Data  -----%%
%% system MVA base
mpc.baseMVA = 100.0;
%% bus data
%    bus_i    type    Pd    Qd    Gs    Bs    area    Vm    Va    baseKV    zone    Vmax    Vmin
mpc.bus = [
	101	2	59.41068779368421	12.102177143157894	0.0	0.0	1	1.0319838868641447	1.3892038419305777	138.0	11	1.05	0.95				
	102	2	53.35959922210526	11.001979221052633	0.0	0.0	1	1.031475428674867	1.2053270139352068	138.0	12	1.05	0.95				
	103	1	99.01781298947368	20.353661558947366	0.0	0.0	1	1.0267567383768696	1.1201279689341725	138.0	11	1.05	0.95				
	104	1	40.70732311789473	8.251484415789474	0.0	0.0	1	1.0186510976827718	-1.8343706795083141	138.0	11	1.05	0.95				
	105	1	39.05702623473684	7.701385454736842	0.0	0.0	1	1.0334664085671734	-1.809283950769613	138.0	11	1.05	0.95				
	106	1	74.81345870315789	15.402770909473684	0.0	-100.0	1	1.0415625282485628	-4.1463189366873765	138.0	12	1.05	0.95				
	107	2	68.76237013157895	13.75247402631579	0.0	0.0	1	1.0134425321942555	-6.838839173334187	138.0	12	1.05	0.95				
	108	1	94.06692233999999	19.253463636842103	0.0	0.0	1	1.0092543302318844	-6.8200638873951664	138.0	12	1.05	0.95				
	109	1	96.26731818421052	19.803562597894736	0.0	0.0	1	1.0252879406877653	-2.089459888884684	138.0	13	1.05	0.95				
	110	1	107.26929740526315	22.003958442105265	0.0	0.0	1	1.05	-3.3130318274960207	138.0	13	1.05	0.95				
	111	1	0.0	0.0	0.0	0.0	1	1.0094422896127972	0.18849350758293976	230.0	13	1.05	0.95				
	112	1	0.0	0.0	0.0	0.0	1	1.0124374259066535	0.317452632823326	230.0	13	1.05	0.95				
	113	3	145.77622467894736	29.705343896842106	0.0	0.0	1	1.0037004062684696	1.4759401557026592e-30	230.0	14	1.05	0.95				
	114	2	106.71919844421052	21.453859481052632	0.0	0.0	1	1.0127027154190584	3.3174076859081594	230.0	16	1.05	0.95				
	115	2	174.3813706536842	35.20633350736842	0.0	0.0	1	1.0449604320536534	11.720065263521619	230.0	16	1.05	0.95				
	116	2	55.00989610526316	11.001979221052633	0.0	0.0	1	1.0418332945220048	10.962107829416047	230.0	16	1.05	0.95				
	117	1	0.0	0.0	0.0	0.0	1	1.0438196241004163	14.628729546919516	230.0	17	1.05	0.95				
	118	2	183.1829540305263	37.406729351578946	0.0	0.0	1	1.0487574139540339	14.549631727947963	230.0	17	1.05	0.95				
	119	1	99.56791195052631	20.353661558947366	0.0	0.0	1	1.0348891729876968	8.819925556014802	230.0	15	1.05	0.95				
	120	1	70.41266701473684	14.30257298736842	0.0	0.0	1	1.0338889340376722	7.997487382787537	230.0	15	1.05	0.95				
	121	2	0.0	0.0	0.0	0.0	1	1.05	15.76191131532661	230.0	17	1.05	0.95				
	122	2	0.0	0.0	0.0	0.0	1	1.05	30.21124933329522	230.0	17	1.05	0.95				
	123	2	0.0	0.0	0.0	0.0	1	1.0343817675862477	7.959164009940633	230.0	15	1.05	0.95				
	124	1	0.0	0.0	0.0	0.0	1	1.0248698160880043	7.779064611892675	230.0	16	1.05	0.95				
	201	2	58.83645520421052	11.985203837894735	0.0	0.0	2	1.0303487672904392	-10.029844128244113	138.0	21	1.05	0.95				
	202	2	52.84385328526315	10.895639852631579	0.0	0.0	2	1.030746811373459	-10.036249117094282	138.0	22	1.05	0.95				
	203	1	98.0607586736842	20.15693372736842	0.0	0.0	2	1.0207192964202316	-8.407744186548772	138.0	21	1.05	0.95				
	204	1	40.31386745473684	8.171729889473683	0.0	0.0	2	1.0177982436811361	-12.145908668783296	138.0	21	1.05	0.95				
	205	1	38.6795214768421	7.626947896842105	0.0	0.0	2	1.033190307297522	-12.416204243016612	138.0	21	1.05	0.95				
	206	1	74.09035099789475	15.25389579368421	0.0	-100.0	2	1.0420075493543117	-14.2642688980608	138.0	22	1.05	0.95				
	207	2	68.09774907894737	13.619549815789473	0.0	0.0	2	0.9883965693397451	-22.41131526874231	138.0	22	1.05	0.95				
	208	1	93.15772073999999	19.06736974210526	0.0	0.0	2	0.9912024708598425	-19.841385783512465	138.0	22	1.05	0.95				
	209	1	95.3368487105263	19.61215173473684	0.0	0.0	2	1.023574845452097	-11.653051423835215	138.0	23	1.05	0.95				
	210	1	106.23248856315787	21.791279705263157	0.0	0.0	2	1.05	-13.10633852039269	138.0	23	1.05	0.95				
	211	1	0.0	0.0	0.0	0.0	2	1.0123014957750434	-8.478746909400847	230.0	23	1.05	0.95				
	212	1	0.0	0.0	0.0	0.0	2	1.012820781896242	-7.8029960617646354	230.0	23	1.05	0.95				
	213	2	144.3672280473684	29.41822760210526	0.0	0.0	2	1.009958273234874	-7.422515962843455	230.0	24	1.05	0.95				
	214	2	105.6877065705263	21.246497712631577	0.0	0.0	2	1.0192271458218052	-5.466918164809217	230.0	26	1.05	0.95				
	215	2	172.6958916642105	34.86604752842105	0.0	0.0	2	1.0349452067483367	2.219972507404356	230.0	26	1.05	0.95				
	216	2	54.47819926315789	10.895639852631579	0.0	0.0	2	1.037355627655064	2.090388957163847	230.0	26	1.05	0.95				
	217	1	0.0	0.0	0.0	0.0	2	1.04128559123695	5.32048547898885	230.0	27	1.05	0.95				
	218	2	181.41240354631577	37.04517549894737	0.0	0.0	2	1.0428508981581803	5.709718082498271	230.0	27	1.05	0.95				
	219	1	98.60554066631579	20.15693372736842	0.0	0.0	2	1.0361132366577888	1.1531889445662755	230.0	25	1.05	0.95				
	220	1	69.7320950568421	14.164331808421052	0.0	0.0	2	1.03928352759391	1.3779349419238625	230.0	25	1.05	0.95				
	221	2	0.0	0.0	0.0	0.0	2	1.0423020807620569	5.306282200622256	230.0	27	1.05	0.95				
	222	2	0.0	0.0	0.0	0.0	2	1.05	11.816548013830344	230.0	27	1.05	0.95				
	223	2	0.0	0.0	0.0	0.0	2	1.0421340940351709	1.905531330686498	230.0	25	1.05	0.95				
	224	1	0.0	0.0	0.0	0.0	2	1.0164333770052236	-1.7463598135046245	230.0	26	1.05	0.95				
	301	2	62.02910470736842	12.635558366315788	0.0	0.0	3	1.014352945007978	-13.783042496570943	138.0	31	1.05	0.95				
	302	2	55.71132552421052	11.486871242105263	0.0	0.0	3	1.0128324415420724	-14.107151353825092	138.0	32	1.05	0.95				
	303	1	103.38184117894738	21.250711797894738	0.0	0.0	3	1.05	0.12696867601519732	138.0	31	1.05	0.95				
	304	1	42.501423595789475	8.615153431578946	0.0	0.0	3	1.0099676268064641	-12.329777926713074	138.0	31	1.05	0.95				
	305	1	40.77839290947368	8.040809869473685	0.0	0.0	3	1.0248874890167918	-14.444172562609657	138.0	31	1.05	0.95				
	306	1	78.1107244463158	16.08161973894737	0.0	-100.0	3	1.0373590143683806	-15.457499823507028	138.0	32	1.05	0.95				
	307	2	71.79294526315789	14.35858905263158	0.0	0.0	3	0.9902527419931217	-21.54234022213124	138.0	32	1.05	0.95				
	308	1	98.21274912	20.10202467368421	0.0	0.0	3	0.9913584638342409	-18.80914140704146	138.0	32	1.05	0.95				
	309	1	100.51012336842105	20.67636823578947	0.0	0.0	3	1.0272478076200224	-8.532528532746364	138.0	33	1.05	0.95				
	310	1	111.99699461052633	22.973742484210526	0.0	0.0	3	1.05	-13.264772001775517	138.0	33	1.05	0.95				
	311	1	0.0	0.0	0.0	0.0	3	1.0166351669425409	-7.183365280456495	230.0	33	1.05	0.95				
	312	1	0.0	0.0	0.0	0.0	3	1.0183499639698244	-6.456292599470976	230.0	33	1.05	0.95				
	313	2	152.20104395789474	31.01455235368421	0.0	0.0	3	1.0194370873764143	-4.141409143318985	230.0	34	1.05	0.95				
	314	2	111.42265104842105	22.399398922105267	0.0	0.0	3	1.0220118708814097	-6.090170458577653	230.0	36	1.05	0.95				
	315	2	182.0669091873684	36.75798797473684	0.0	0.0	3	1.0462474020516028	-1.5875307011114896	230.0	36	1.05	0.95				
	316	2	57.43435621052632	11.486871242105263	0.0	0.0	3	1.0444973980190566	-1.0809874898357532	230.0	36	1.05	0.95				
	317	1	0.0	0.0	0.0	0.0	3	1.048022805453883	0.5308311873677412	230.0	37	1.05	0.95				
	318	2	191.25640618105265	39.0553622231579	0.0	0.0	3	1.0450846171048918	-0.39098019155281283	230.0	37	1.05	0.95				
	319	1	103.95618474105264	21.250711797894738	0.0	0.0	3	1.0394839964528528	-1.898858860630461	230.0	35	1.05	0.95				
	320	1	73.51597594947368	14.932932614736844	0.0	0.0	3	1.03966548782662	-1.5245797859634298	230.0	35	1.05	0.95				
	321	2	0.0	0.0	0.0	0.0	3	1.0462778326411464	-0.2319124577893509	230.0	37	1.05	0.95				
	322	2	0.0	0.0	0.0	0.0	3	1.05	4.406348990337562	230.0	37	1.05	0.95				
	323	2	0.0	0.0	0.0	0.0	3	1.0410483328035811	-0.8915037624508348	230.0	35	1.05	0.95				
	324	1	0.0	0.0	0.0	0.0	3	1.0442620055773917	-0.9258710142906708	230.0	36	1.05	0.95				
	325	1	0.0	0.0	0.0	0.0	3	1.0364176032719346	0.4854168385648638	230.0	35	1.05	0.95				
];
