%% MATPOWER Case Format : Version 2
function mpc = RTS_GMLC
mpc.version = '2';

%%-----  Power Flow Data  -----%%
%% system MVA base
mpc.baseMVA = 100.0;
%% bus data
%    bus_i    type    Pd    Qd    Gs    Bs    area    Vm    Va    baseKV    zone    Vmax    Vmin
mpc.bus = [
	101	2	57.68728351578949	11.751113308771933	0.0	0.0	1	1.0129844747801435	-0.20927519121276786	138.0	11	1.05	0.95				
	102	2	51.811726861403514	10.682830280701756	0.0	0.0	1	1.0120414528623833	-0.533818843552857	138.0	12	1.05	0.95				
	103	1	96.14547252631581	19.76323601929825	0.0	0.0	1	1.021952772168435	0.4591809602135565	138.0	11	1.05	0.95				
	104	1	39.5264720385965	8.012122710526317	0.0	0.0	1	1.0106482828418946	-3.3137143766017076	138.0	11	1.05	0.95				
	105	1	37.924047496491234	7.47798119649123	0.0	0.0	1	1.0240093443347837	-3.3358745440462347	138.0	11	1.05	0.95				
	106	1	72.64324590877195	14.95596239298246	0.0	-100.0	1	1.0373667628741394	-5.634008484246347	138.0	12	1.05	0.95				
	107	2	66.76768925438597	13.353537850877196	0.0	0.0	1	0.9904989866899765	-12.700503231879543	138.0	12	1.05	0.95				
	108	1	91.33819890000001	18.69495299122807	0.0	0.0	1	0.9942730863969245	-10.690709065504493	138.0	12	1.05	0.95				
	109	1	93.47476495614036	19.229094505263163	0.0	0.0	1	1.0260377600338995	-3.3590668532803476	138.0	13	1.05	0.95				
	110	1	104.15759523684211	21.365660561403512	0.0	0.0	1	1.05	-4.743974581485461	138.0	13	1.05	0.95				
	111	1	0.0	0.0	0.0	0.0	1	1.0233489597339296	-0.355563191833558	230.0	13	1.05	0.95				
	112	1	0.0	0.0	0.0	0.0	1	1.0174606338770436	-0.606837540262874	230.0	13	1.05	0.95				
	113	3	141.54750121929825	28.843641757894744	0.0	0.0	1	1.0091392095981693	9.312239349641963e-31	230.0	14	1.05	0.95				
	114	2	103.62345372280703	20.831519047368424	0.0	0.0	1	1.05	2.9163833747935373	230.0	16	1.05	0.95				
	115	2	169.32285994912283	34.18505689824562	0.0	0.0	1	1.042549269168924	12.197118329696805	230.0	16	1.05	0.95				
	116	2	53.41415140350878	10.682830280701756	0.0	0.0	1	1.0451796812088314	10.952306582124944	230.0	16	1.05	0.95				
	117	1	0.0	0.0	0.0	0.0	1	1.042197334557902	16.383049348859778	230.0	17	1.05	0.95				
	118	2	177.86912417368424	36.32162295438597	0.0	0.0	1	1.0492306314392448	16.707741423395394	230.0	17	1.05	0.95				
	119	1	96.6796140403509	19.76323601929825	0.0	0.0	1	1.043040545738759	8.014013028858324	230.0	15	1.05	0.95				
	120	1	68.37011379649124	13.887679364912284	0.0	0.0	1	1.0468692413132636	6.46962665107834	230.0	15	1.05	0.95				
	121	2	0.0	0.0	0.0	0.0	1	1.0435221200423346	18.322894373568225	230.0	17	1.05	0.95				
	122	2	0.0	0.0	0.0	0.0	1	1.05	36.28190279891013	230.0	17	1.05	0.95				
	123	2	0.0	0.0	0.0	0.0	1	1.05	6.015556484619683	230.0	15	1.05	0.95				
	124	1	0.0	0.0	0.0	0.0	1	1.0201353420394925	7.840622524152549	230.0	16	1.05	0.95				
	201	2	57.748465288421066	11.763576262456143	0.0	0.0	2	1.0233933294852948	-13.667530031940128	138.0	21	1.05	0.95				
	202	2	51.86667715719299	10.694160238596494	0.0	0.0	2	1.024445758852178	-13.489993563772783	138.0	22	1.05	0.95				
	203	1	96.24744214736843	19.784196441403513	0.0	0.0	2	1.0146678896021861	-11.82621677364163	138.0	21	1.05	0.95				
	204	1	39.568392882807025	8.02062017894737	0.0	0.0	2	1.015221344860204	-14.825615609939499	138.0	21	1.05	0.95				
	205	1	37.96426884701754	7.4859121670175455	0.0	0.0	2	1.0300433791552548	-15.222941219577415	138.0	21	1.05	0.95				
	206	1	72.72028962245616	14.971824334035091	0.0	-100.0	2	1.0411009972877114	-16.566712499165916	138.0	22	1.05	0.95				
	207	2	66.83850149122807	13.367700298245616	0.0	0.0	2	0.9897329118758655	-24.235304432963268	138.0	22	1.05	0.95				
	208	1	91.43507004000001	18.71478041754386	0.0	0.0	2	0.9924421545501162	-21.71917100028537	138.0	22	1.05	0.95				
	209	1	93.57390208771932	19.249488429473686	0.0	0.0	2	1.023556100262131	-13.723015421262154	138.0	23	1.05	0.95				
	210	1	104.2680623263158	21.388320477192988	0.0	0.0	2	1.05	-15.085149374629035	138.0	23	1.05	0.95				
	211	1	0.0	0.0	0.0	0.0	2	1.0132194412172773	-10.191531314317675	230.0	23	1.05	0.95				
	212	1	0.0	0.0	0.0	0.0	2	1.0123151267570893	-8.920270180335844	230.0	23	1.05	0.95				
	213	2	141.69762316140353	28.874232644210533	0.0	0.0	2	1.0131945245074858	-8.384304132014323	230.0	24	1.05	0.95				
	214	2	103.73335431438598	20.85361246526316	0.0	0.0	2	1.0199933624570705	-7.536121396654136	230.0	26	1.05	0.95				
	215	2	169.50243978175442	34.22131276350878	0.0	0.0	2	1.0348654390728094	-0.6188434896479241	230.0	26	1.05	0.95				
	216	2	53.470801192982464	10.694160238596494	0.0	0.0	2	1.0375667821490215	-0.5391953142808927	230.0	26	1.05	0.95				
	217	1	0.0	0.0	0.0	0.0	2	1.042112865757356	1.6021105668738094	230.0	27	1.05	0.95				
	218	2	178.0577679726316	36.36014481122808	0.0	0.0	2	1.0408424376731307	1.0844573791956762	230.0	27	1.05	0.95				
	219	1	96.78215015929827	19.784196441403513	0.0	0.0	2	1.037575497078171	-0.08289142984179124	230.0	25	1.05	0.95				
	220	1	68.44262552701755	13.90240831017544	0.0	0.0	2	1.0418034671663354	1.327261783654239	230.0	25	1.05	0.95				
	221	2	0.0	0.0	0.0	0.0	2	1.0408216984455119	1.314318035980237	230.0	27	1.05	0.95				
	222	2	0.0	0.0	0.0	0.0	2	1.05	7.931644854921893	230.0	27	1.05	0.95				
	223	2	0.0	0.0	0.0	0.0	2	1.0456535523815047	2.492455016737375	230.0	25	1.05	0.95				
	224	1	0.0	0.0	0.0	0.0	2	1.0133963246975304	-4.778255446339254	230.0	26	1.05	0.95				
	301	2	59.72287251789474	12.165770327719299	0.0	0.0	3	1.0167160972811111	-0.24844799719170949	138.0	31	1.05	0.95				
	302	2	53.63998735403509	11.059791207017543	0.0	0.0	3	1.0152616909309387	-0.6307906360300836	138.0	32	1.05	0.95				
	303	1	99.5381208631579	20.46061373298246	0.0	0.0	3	1.05	15.973055247057838	138.0	31	1.05	0.95				
	304	1	40.92122746596492	8.294843405263158	0.0	0.0	3	1.0097043403243482	1.0698111978882148	138.0	31	1.05	0.95				
	305	1	39.26225878491228	7.741853844912281	0.0	0.0	3	1.026407974617708	-1.4995310129004935	138.0	31	1.05	0.95				
	306	1	75.20658020771931	15.483707689824563	0.0	-100.0	3	1.0384916122977106	-2.8258827563140665	138.0	32	1.05	0.95				
	307	2	69.12369504385964	13.82473900877193	0.0	0.0	3	0.9927371082323603	-8.409496837684344	138.0	32	1.05	0.95				
	308	1	94.56121482	19.3546346122807	0.0	0.0	3	0.9928483494476993	-5.774623752052174	138.0	32	1.05	0.95				
	309	1	96.77317306140351	19.90762417263158	0.0	0.0	3	1.0238395156648825	4.734830860215566	138.0	33	1.05	0.95				
	310	1	107.83296426842107	22.119582414035087	0.0	0.0	3	1.05	-0.9832662841514274	138.0	33	1.05	0.95				
	311	1	0.0	0.0	0.0	0.0	3	1.015944992764337	4.332094689272664	230.0	33	1.05	0.95				
	312	1	0.0	0.0	0.0	0.0	3	1.0162065469712667	4.915353616157125	230.0	33	1.05	0.95				
	313	2	146.54223349298246	29.86143625894737	0.0	0.0	3	1.016214356411391	6.840366319801652	230.0	34	1.05	0.95				
	314	2	107.27997470807018	21.56659285368421	0.0	0.0	3	1.0209618717682305	4.6544785617887925	230.0	36	1.05	0.95				
	315	2	175.29769063122808	35.39133186245614	0.0	0.0	3	1.0446707610031774	8.81352858106202	230.0	36	1.05	0.95				
	316	2	55.29895603508772	11.059791207017543	0.0	0.0	3	1.0408521004747324	8.497672942111006	230.0	36	1.05	0.95				
	317	1	0.0	0.0	0.0	0.0	3	1.05	12.301649625495287	230.0	37	1.05	0.95				
	318	2	184.1455235968421	37.603290103859656	0.0	0.0	3	1.0458893147597859	10.120246003213301	230.0	37	1.05	0.95				
	319	1	100.09111042350878	20.46061373298246	0.0	0.0	3	1.0318223960741975	7.483540781668826	230.0	35	1.05	0.95				
	320	1	70.78266372491228	14.377728569122809	0.0	0.0	3	1.0283806084731295	7.658104914840997	230.0	35	1.05	0.95				
	321	2	0.0	0.0	0.0	0.0	3	1.046362818683356	10.301065605633145	230.0	37	1.05	0.95				
	322	2	0.0	0.0	0.0	0.0	3	1.05	15.429330123213067	230.0	37	1.05	0.95				
	323	2	0.0	0.0	0.0	0.0	3	1.02766023151046	8.17735002091662	230.0	35	1.05	0.95				
	324	1	0.0	0.0	0.0	0.0	3	1.0440515578804508	11.553781821788162	230.0	36	1.05	0.95				
	325	1	0.0	0.0	0.0	0.0	3	1.0268526554178088	9.037175328242778	230.0	35	1.05	0.95				
];
