%% MATPOWER Case Format : Version 2
function mpc = RTS_GMLC
mpc.version = '2';

%%-----  Power Flow Data  -----%%
%% system MVA base
mpc.baseMVA = 100.0;
%% bus data
%    bus_i    type    Pd    Qd    Gs    Bs    area    Vm    Va    baseKV    zone    Vmax    Vmin
mpc.bus = [
	101	2	39.10390897263158	7.965611087017543	0.0	0.0	1	1.0350115501524424	1.8962142213238016	138.0	11	1.05	0.95				
	102	2	35.121103429122805	7.241464624561404	0.0	0.0	1	1.0341536128184818	1.6552082463146112	138.0	12	1.05	0.95				
	103	1	65.17318162105263	13.396709555438596	0.0	0.0	1	1.0271144420812695	-0.30306816629067	138.0	11	1.05	0.95				
	104	1	26.793419110877192	5.431098468421052	0.0	0.0	1	1.0226461254588917	-1.3927500049968609	138.0	11	1.05	0.95				
	105	1	25.70719941719298	5.0690252371929825	0.0	0.0	1	1.0375736770002884	-1.106707783886573	138.0	11	1.05	0.95				
	106	1	49.24195944701755	10.138050474385965	0.0	-100.0	1	1.0476132134024319	-3.2086545750210225	138.0	12	1.05	0.95				
	107	2	45.25915390350877	9.051830780701755	0.0	0.0	1	1.00194778114499	-8.768441777730633	138.0	12	1.05	0.95				
	108	1	61.91452253999999	12.672563092982456	0.0	0.0	1	1.007096128733474	-7.326548686026161	138.0	12	1.05	0.95				
	109	1	63.36281546491228	13.034636324210524	0.0	0.0	1	1.0238955750483556	-2.4201236284707477	138.0	13	1.05	0.95				
	110	1	70.60428008947368	14.482929249122808	0.0	0.0	1	1.05	-3.013582562271515	138.0	13	1.05	0.95				
	111	1	0.0	0.0	0.0	0.0	1	1.0001520425723742	-0.7363894833048933	230.0	13	1.05	0.95				
	112	1	0.0	0.0	0.0	0.0	1	1.0054432983064667	-0.8001883936715478	230.0	13	1.05	0.95				
	113	3	95.94940627543859	19.55195448631579	0.0	0.0	1	0.9914426908665337	-2.5905324531995702e-27	230.0	14	1.05	0.95				
	114	2	70.24220685824561	14.120856017894736	0.0	0.0	1	0.9941055670862741	0.7562625133725052	230.0	16	1.05	0.95				
	115	2	114.77721429929824	23.17268679859649	0.0	0.0	1	1.0284250313329988	5.5033608437560035	230.0	16	1.05	0.95				
	116	2	36.20732312280702	7.241464624561404	0.0	0.0	1	1.0242403576085057	4.959173314114148	230.0	16	1.05	0.95				
	117	1	0.0	0.0	0.0	0.0	1	1.0332170473609712	7.42150112093268	230.0	17	1.05	0.95				
	118	2	120.57038599894736	24.620979723508775	0.0	0.0	1	1.0358483496323114	7.715736827837586	230.0	17	1.05	0.95				
	119	1	65.5352548522807	13.396709555438596	0.0	0.0	1	1.0160302444448757	3.2361777465519994	230.0	15	1.05	0.95				
	120	1	46.34537359719298	9.413904011929825	0.0	0.0	1	1.0116028678309654	2.4458737703742823	230.0	15	1.05	0.95				
	121	2	0.0	0.0	0.0	0.0	1	1.0390451294576977	8.831241574998701	230.0	17	1.05	0.95				
	122	2	0.0	0.0	0.0	0.0	1	1.05	15.058914612022575	230.0	17	1.05	0.95				
	123	2	0.0	0.0	0.0	0.0	1	1.0094101311618588	2.2985092773677636	230.0	15	1.05	0.95				
	124	1	0.0	0.0	0.0	0.0	1	1.0199587429253316	3.312700538644669	230.0	16	1.05	0.95				
	201	2	38.980639061052635	7.9405005494736836	0.0	0.0	2	1.0141302513859372	-11.800637900596673	138.0	21	1.05	0.95				
	202	2	35.01038878631579	7.2186368631578945	0.0	0.0	2	1.013260233885064	-12.062922602520823	138.0	22	1.05	0.95				
	203	1	64.96773176842106	13.354478196842104	0.0	0.0	2	1.0157051986970826	-8.547989171696711	138.0	21	1.05	0.95				
	204	1	26.708956393684208	5.413977647368421	0.0	0.0	2	1.0130833143790632	-11.807479864755848	138.0	21	1.05	0.95				
	205	1	25.626160864210522	5.053045804210527	0.0	0.0	2	1.0277987247319555	-12.172883741367208	138.0	21	1.05	0.95				
	206	1	49.08673066947369	10.106091608421053	0.0	-100.0	2	1.0436790669058622	-12.851933022702356	138.0	22	1.05	0.95				
	207	2	45.11648039473684	9.023296078947368	0.0	0.0	2	0.996453971564749	-17.11954170375848	138.0	22	1.05	0.95				
	208	1	61.71934518	12.632614510526317	0.0	0.0	2	1.003527809793807	-15.534144655270916	138.0	22	1.05	0.95				
	209	1	63.16307255263158	12.99354635368421	0.0	0.0	2	1.0228113615971401	-10.097406579689244	138.0	23	1.05	0.95				
	210	1	70.38170941578947	14.437273726315789	0.0	0.0	2	1.05	-11.381266158914856	138.0	23	1.05	0.95				
	211	1	0.0	0.0	0.0	0.0	2	1.00315981273831	-7.345768963156645	230.0	23	1.05	0.95				
	212	1	0.0	0.0	0.0	0.0	2	1.0062969227481613	-6.517543552417843	230.0	23	1.05	0.95				
	213	2	95.6469384368421	19.490319530526317	0.0	0.0	2	0.9981510188832305	-5.913231592191776	230.0	24	1.05	0.95				
	214	2	70.02077757263157	14.076341883157895	0.0	0.0	2	1.0017505925988053	-5.063924870256921	230.0	26	1.05	0.95				
	215	2	114.41539428105263	23.099637962105263	0.0	0.0	2	1.017415260219789	0.41407690473577347	230.0	26	1.05	0.95				
	216	2	36.09318431578947	7.2186368631578945	0.0	0.0	2	1.0186682253984205	0.3497103238148074	230.0	26	1.05	0.95				
	217	1	0.0	0.0	0.0	0.0	2	1.0225982997285403	1.5879004174486802	230.0	27	1.05	0.95				
	218	2	120.19030377157895	24.543365334736844	0.0	0.0	2	1.022062269516559	1.2381325953367388	230.0	27	1.05	0.95				
	219	1	65.32866361157895	13.354478196842104	0.0	0.0	2	1.0203587126380178	0.5339434096334026	230.0	25	1.05	0.95				
	220	1	46.199275924210525	9.384227922105264	0.0	0.0	2	1.023960429720132	1.407223879078608	230.0	25	1.05	0.95				
	221	2	0.0	0.0	0.0	0.0	2	1.0240948988102516	1.7661219399146633	230.0	27	1.05	0.95				
	222	2	0.0	0.0	0.0	0.0	2	1.045897958415926	8.238169320678463	230.0	27	1.05	0.95				
	223	2	0.0	0.0	0.0	0.0	2	1.0264266563281765	2.164506577067589	230.0	25	1.05	0.95				
	224	1	0.0	0.0	0.0	0.0	2	1.0057473076793275	-2.9709811914734994	230.0	26	1.05	0.95				
	301	2	42.74217018947369	8.706738371929825	0.0	0.0	3	1.0114956552866725	-8.372786028984653	138.0	31	1.05	0.95				
	302	2	38.388801003508775	7.915216701754386	0.0	0.0	3	1.0112891769686656	-8.619976316562942	138.0	32	1.05	0.95				
	303	1	71.23695031578949	14.643150898245613	0.0	0.0	3	1.0422699166465172	1.0721651523417624	138.0	31	1.05	0.95				
	304	1	29.286301796491227	5.93641252631579	0.0	0.0	3	1.01258332965892	-7.652204970110973	138.0	31	1.05	0.95				
	305	1	28.09901929122807	5.540651691228071	0.0	0.0	3	1.0259646037298185	-8.857931733362994	138.0	31	1.05	0.95				
	306	1	53.823473571929824	11.081303382456142	0.0	-100.0	3	1.0421874461041585	-9.619776156498746	138.0	32	1.05	0.95				
	307	2	49.470104385964916	9.894020877192983	0.0	0.0	3	0.9918409514203106	-13.665993269568606	138.0	32	1.05	0.95				
	308	1	67.67510279999999	13.851629228070175	0.0	0.0	3	0.999927271991059	-11.916961907944703	138.0	32	1.05	0.95				
	309	1	69.25814614035089	14.247390063157894	0.0	0.0	3	1.0253158177687374	-5.230117903233945	138.0	33	1.05	0.95				
	310	1	77.17336284210526	15.830433403508772	0.0	0.0	3	1.05	-8.066369784737809	138.0	33	1.05	0.95				
	311	1	0.0	0.0	0.0	0.0	3	1.0057998613421557	-3.709418649729384	230.0	33	1.05	0.95				
	312	1	0.0	0.0	0.0	0.0	3	1.010855531406058	-3.2188909205204417	230.0	33	1.05	0.95				
	313	2	104.87662129824562	21.371085094736845	0.0	0.0	3	1.0079672961205413	-0.7931778752799404	230.0	34	1.05	0.95				
	314	2	76.77760200701755	15.434672568421053	0.0	0.0	3	0.9988613320496404	-3.1951075747060207	230.0	36	1.05	0.95				
	315	2	125.45618472280702	25.328693445614036	0.0	0.0	3	1.0300126632171023	0.13689105226044443	230.0	36	1.05	0.95				
	316	2	39.57608350877193	7.915216701754386	0.0	0.0	3	1.0256606671849902	-0.12234622513260034	230.0	36	1.05	0.95				
	317	1	0.0	0.0	0.0	0.0	3	1.0363277842991931	3.1931179611966014	230.0	37	1.05	0.95				
	318	2	131.78835808421053	26.911736785964912	0.0	0.0	3	1.0341932329775252	2.1131900596155244	230.0	37	1.05	0.95				
	319	1	71.6327111508772	14.643150898245613	0.0	0.0	3	1.0192269156734455	-0.7024008337419552	230.0	35	1.05	0.95				
	320	1	50.65738689122807	10.289781712280702	0.0	0.0	3	1.01618115727007	-0.42507424538440775	230.0	35	1.05	0.95				
	321	2	0.0	0.0	0.0	0.0	3	1.035065967181814	2.0260007406826146	230.0	37	1.05	0.95				
	322	2	0.0	0.0	0.0	0.0	3	1.049231302989878	6.796425138243141	230.0	37	1.05	0.95				
	323	2	0.0	0.0	0.0	0.0	3	1.014993878356738	0.04143464964521889	230.0	35	1.05	0.95				
	324	1	0.0	0.0	0.0	0.0	3	1.0310191832770015	0.49078962613422983	230.0	36	1.05	0.95				
	325	1	0.0	0.0	0.0	0.0	3	1.0154189136335443	0.7989903443366663	230.0	35	1.05	0.95				
];
