%% MATPOWER Case Format : Version 2
function mpc = RTS_GMLC
mpc.version = '2';

%%-----  Power Flow Data  -----%%
%% system MVA base
mpc.baseMVA = 100.0;
%% bus data
%    bus_i    type    Pd    Qd    Gs    Bs    area    Vm    Va    baseKV    zone    Vmax    Vmin
mpc.bus = [
	101	2	49.84512616421053	10.15363681122807	0.0	0.0	1	1.0151104642737754	1.5869925963157163	138.0	11	1.05	0.95				
	102	2	44.76830775859649	9.230578919298246	0.0	0.0	1	1.0139638605440278	1.2769613083881173	138.0	12	1.05	0.95				
	103	1	83.0752102736842	17.076571000701755	0.0	0.0	1	1.02582133082489	1.549495692849324	138.0	11	1.05	0.95				
	104	1	34.15314200140351	6.922934189473684	0.0	0.0	1	1.012752352059596	-1.7660628948030028	138.0	11	1.05	0.95				
	105	1	32.76855516350877	6.461405243508772	0.0	0.0	1	1.0259171722187141	-1.7074689193826074	138.0	11	1.05	0.95				
	106	1	62.76793665122808	12.922810487017545	0.0	-100.0	1	1.039757711629317	-4.0384537458683765	138.0	12	1.05	0.95				
	107	2	57.691118245614035	11.538223649122807	0.0	0.0	1	0.9859011973886364	-10.476105351498958	138.0	12	1.05	0.95				
	108	1	78.92144976	16.15351310877193	0.0	0.0	1	0.9944477312622773	-8.702742535703866	138.0	12	1.05	0.95				
	109	1	80.76756554385966	16.615042054736843	0.0	0.0	1	1.025938501521208	-2.3246766905557164	138.0	13	1.05	0.95				
	110	1	89.99814446315789	18.461157838596492	0.0	0.0	1	1.05	-3.5220839492418063	138.0	13	1.05	0.95				
	111	1	0.0	0.0	0.0	0.0	1	1.0200714063944178	0.10794673214204968	230.0	13	1.05	0.95				
	112	1	0.0	0.0	0.0	0.0	1	1.0152168608294199	-0.5661499619425503	230.0	13	1.05	0.95				
	113	3	122.30517068070175	24.922563082105263	0.0	0.0	1	0.9993783634038366	-1.0769021786296189e-33	230.0	14	1.05	0.95				
	114	2	89.53661551719298	17.99962889263158	0.0	0.0	1	1.0470403688026013	3.1542281045498384	230.0	16	1.05	0.95				
	115	2	146.3046758708772	29.53785254175439	0.0	0.0	1	1.0435891868424336	11.96545146523723	230.0	16	1.05	0.95				
	116	2	46.15289459649123	9.230578919298246	0.0	0.0	1	1.0447211504110434	10.416628391747093	230.0	16	1.05	0.95				
	117	1	0.0	0.0	0.0	0.0	1	1.0422096167170476	16.04739577244253	230.0	17	1.05	0.95				
	118	2	153.6891390063158	31.38396832561404	0.0	0.0	1	1.0497789269795958	16.472837933268373	230.0	17	1.05	0.95				
	119	1	83.53673921964912	17.076571000701755	0.0	0.0	1	1.0414399362825284	6.853214373317635	230.0	15	1.05	0.95				
	120	1	59.07570508350878	11.99975259508772	0.0	0.0	1	1.0444773945075416	4.63004290598974	230.0	15	1.05	0.95				
	121	2	0.0	0.0	0.0	0.0	1	1.0435461899823695	18.020550381189075	230.0	17	1.05	0.95				
	122	2	0.0	0.0	0.0	0.0	1	1.05	35.9793552585838	230.0	17	1.05	0.95				
	123	2	0.0	0.0	0.0	0.0	1	1.047086111693433	3.7532466269958276	230.0	15	1.05	0.95				
	124	1	0.0	0.0	0.0	0.0	1	1.023906654519639	8.091716490930786	230.0	16	1.05	0.95				
	201	2	51.69652131789474	10.53077286105263	0.0	0.0	2	1.0231737426009258	-11.493909856346582	138.0	21	1.05	0.95				
	202	2	46.43113488736842	9.57342987368421	0.0	0.0	2	1.0240930250297913	-11.348724645694908	138.0	22	1.05	0.95				
	203	1	86.16086886315789	17.71084526631579	0.0	0.0	2	1.0129313954736365	-10.089953250969929	138.0	21	1.05	0.95				
	204	1	35.42169053263158	7.180072405263157	0.0	0.0	2	1.0157566722495728	-12.640467780709873	138.0	21	1.05	0.95				
	205	1	33.98567605157894	6.701400911578947	0.0	0.0	2	1.0307211525952493	-12.968945610242107	138.0	21	1.05	0.95				
	206	1	65.09932314105264	13.402801823157894	0.0	-100.0	2	1.0426580082961432	-14.233548929966325	138.0	22	1.05	0.95				
	207	2	59.83393671052632	11.966787342105263	0.0	0.0	2	0.9917252865527544	-21.032391889875786	138.0	22	1.05	0.95				
	208	1	81.85282542	16.75350227894737	0.0	0.0	2	0.9959346209503804	-18.821227189021517	138.0	22	1.05	0.95				
	209	1	83.76751139473684	17.23217377263158	0.0	0.0	2	1.0227696469992729	-11.727131863391286	138.0	23	1.05	0.95				
	210	1	93.34094126842105	19.14685974736842	0.0	0.0	2	1.05	-12.926710995936435	138.0	23	1.05	0.95				
	211	1	0.0	0.0	0.0	0.0	2	1.0092380666155132	-8.643763069156805	230.0	23	1.05	0.95				
	212	1	0.0	0.0	0.0	0.0	2	1.0097747899520044	-7.35661924996576	230.0	23	1.05	0.95				
	213	2	126.84794582631578	25.84826065894737	0.0	0.0	2	1.0071571752588357	-6.878304590951377	230.0	24	1.05	0.95				
	214	2	92.86226977473684	18.66818825368421	0.0	0.0	2	1.0122873659854759	-6.432326370757807	230.0	26	1.05	0.95				
	215	2	151.73886349789473	30.634975595789477	0.0	0.0	2	1.0272967941785642	-0.5130301095173635	230.0	26	1.05	0.95				
	216	2	47.86714936842105	9.57342987368421	0.0	0.0	2	1.030040988544627	-0.388399476684125	230.0	26	1.05	0.95				
	217	1	0.0	0.0	0.0	0.0	2	1.036431187614219	0.9871364935549444	230.0	27	1.05	0.95				
	218	2	159.3976073968421	32.54966157052632	0.0	0.0	2	1.0341867339655206	0.3500573391158373	230.0	27	1.05	0.95				
	219	1	86.6395403568421	17.71084526631579	0.0	0.0	2	1.0302888606624299	0.3469540992373882	230.0	25	1.05	0.95				
	220	1	61.269951191578954	12.445458835789475	0.0	0.0	2	1.0342250553672165	1.906893362836424	230.0	25	1.05	0.95				
	221	2	0.0	0.0	0.0	0.0	2	1.0345659558559168	0.8679321820552474	230.0	27	1.05	0.95				
	222	2	0.0	0.0	0.0	0.0	2	1.05	7.412817869179628	230.0	27	1.05	0.95				
	223	2	0.0	0.0	0.0	0.0	2	1.0377529745531808	3.119275357262259	230.0	25	1.05	0.95				
	224	1	0.0	0.0	0.0	0.0	2	1.0100831825460295	-4.084151556426839	230.0	26	1.05	0.95				
	301	2	60.764947806315796	12.378044923508773	0.0	0.0	3	1.0164012045294613	-5.631279785518964	138.0	31	1.05	0.95				
	302	2	54.575925344561405	11.252768112280704	0.0	0.0	3	1.0150392728179807	-5.890927495306521	138.0	32	1.05	0.95				
	303	1	101.27491301052632	20.817621007719296	0.0	0.0	3	1.046376930905627	6.563949574681917	138.0	31	1.05	0.95				
	304	1	41.63524201543859	8.439576084210525	0.0	0.0	3	1.0121594893425512	-3.8059779656066155	138.0	31	1.05	0.95				
	305	1	39.947326798596485	7.876937678596492	0.0	0.0	3	1.0260760465034597	-6.055476686230165	138.0	31	1.05	0.95				
	306	1	76.51882316350877	15.753875357192983	0.0	-100.0	3	1.0382646358292518	-6.9178131995966075	138.0	32	1.05	0.95				
	307	2	70.32980070175438	14.065960140350878	0.0	0.0	3	0.993763258565993	-12.639284173212973	138.0	32	1.05	0.95				
	308	1	96.21116736	19.692344196491227	0.0	0.0	3	0.9944022451274714	-9.973174576410026	138.0	32	1.05	0.95				
	309	1	98.46172098245614	20.25498260210526	0.0	0.0	3	1.029354397107279	0.18345842491176662	138.0	33	1.05	0.95				
	310	1	109.71448909473685	22.505536224561407	0.0	0.0	3	1.05	-4.6786127959017145	138.0	33	1.05	0.95				
	311	1	0.0	0.0	0.0	0.0	3	1.0153165676298652	1.5997084669187802	230.0	33	1.05	0.95				
	312	1	0.0	0.0	0.0	0.0	3	1.0148177453381537	1.949859125137436	230.0	33	1.05	0.95				
	313	2	149.09917748771932	30.382473903157898	0.0	0.0	3	1.0144207528199318	4.333481169721069	230.0	34	1.05	0.95				
	314	2	109.15185068912281	21.942897818947372	0.0	0.0	3	1.0219149914276258	3.119193850165601	230.0	36	1.05	0.95				
	315	2	178.35637457964913	36.00885795929825	0.0	0.0	3	1.0433857690978692	8.638634555120765	230.0	36	1.05	0.95				
	316	2	56.26384056140351	11.252768112280704	0.0	0.0	3	1.040951029892776	8.686563759459174	230.0	36	1.05	0.95				
	317	1	0.0	0.0	0.0	0.0	3	1.05	14.541478582371766	230.0	37	1.05	0.95				
	318	2	187.35858906947368	38.259411581754385	0.0	0.0	3	1.0436230507182547	11.65438891192666	230.0	37	1.05	0.95				
	319	1	101.83755141614034	20.817621007719296	0.0	0.0	3	1.0315810437953843	7.0717283863004194	230.0	35	1.05	0.95				
	320	1	72.0177159185965	14.628598545964913	0.0	0.0	3	1.028238214060204	6.7365357579693175	230.0	35	1.05	0.95				
	321	2	0.0	0.0	0.0	0.0	3	1.0451241063791166	11.299458249751533	230.0	37	1.05	0.95				
	322	2	0.0	0.0	0.0	0.0	3	1.05	16.914443701781213	230.0	37	1.05	0.95				
	323	2	0.0	0.0	0.0	0.0	3	1.027535517067838	6.981132626639536	230.0	35	1.05	0.95				
	324	1	0.0	0.0	0.0	0.0	3	1.0392822081552098	7.856641818864049	230.0	36	1.05	0.95				
	325	1	0.0	0.0	0.0	0.0	3	1.0263578302334717	7.914846630214033	230.0	35	1.05	0.95				
];
