%% MATPOWER Case Format : Version 2
function mpc = RTS_GMLC
mpc.version = '2';

%%-----  Power Flow Data  -----%%
%% system MVA base
mpc.baseMVA = 100.0;
%% bus data
%    bus_i    type    Pd    Qd    Gs    Bs    area    Vm    Va    baseKV    zone    Vmax    Vmin
mpc.bus = [
	101	2	79.79762493473685	16.255071745964912	0.0	0.0	1	1.049385817659707	-1.3173052969185572	138.0	11	1.05	0.95				
	102	2	71.67008906175438	14.777337950877193	0.0	0.0	1	1.0481530662310354	-1.722881393617664	138.0	12	1.05	0.95				
	103	1	132.99604155789473	27.338075209122803	0.0	0.0	1	1.0293094524096211	-1.5938052720753142	138.0	11	1.05	0.95				
	104	1	54.676150418245605	11.083003463157894	0.0	0.0	1	1.0256926518473741	-4.849280296600009	138.0	11	1.05	0.95				
	105	1	52.45954972561403	10.344136565614036	0.0	0.0	1	1.0392228973906168	-5.367296511928564	138.0	11	1.05	0.95				
	106	1	100.4858980659649	20.688273131228073	0.0	-100.0	1	1.0396378786916358	-8.39776491460067	138.0	12	1.05	0.95				
	107	2	92.35836219298244	18.47167243859649	0.0	0.0	1	1.0015576820056742	-15.387896104670668	138.0	12	1.05	0.95				
	108	1	126.34623948	25.860341414035084	0.0	0.0	1	0.9941846954069152	-13.901287791600966	138.0	12	1.05	0.95				
	109	1	129.30170707017544	26.59920831157894	0.0	0.0	1	1.0260139752566935	-5.552762973818257	138.0	13	1.05	0.95				
	110	1	144.07904502105262	29.554675901754386	0.0	0.0	1	1.05	-7.226456941795118	138.0	13	1.05	0.95				
	111	1	0.0	0.0	0.0	0.0	1	1.0168402006627493	-2.237713188661334	230.0	13	1.05	0.95				
	112	1	0.0	0.0	0.0	0.0	1	1.0173760665762503	-1.7523488852889573	230.0	13	1.05	0.95				
	113	3	195.79972784912277	39.89881246736842	0.0	0.0	1	1.01957220846166	8.477715948854109e-32	230.0	14	1.05	0.95				
	114	2	143.34017812350876	28.815809004210525	0.0	0.0	1	1.0234309345010926	-0.04283609920951631	230.0	16	1.05	0.95				
	115	2	234.2208065214035	47.287481442807014	0.0	0.0	1	1.0449610815911712	8.598853416949382	230.0	16	1.05	0.95				
	116	2	73.88668975438596	14.777337950877193	0.0	0.0	1	1.0436746121926135	7.54620520560043	230.0	16	1.05	0.95				
	117	1	0.0	0.0	0.0	0.0	1	1.0464950364145216	11.029814810721378	230.0	17	1.05	0.95				
	118	2	246.04267688210527	50.24294903298245	0.0	0.0	1	1.0486197297826545	11.823762937028276	230.0	17	1.05	0.95				
	119	1	133.73490845543859	27.338075209122803	0.0	0.0	1	1.0369465307048846	5.78100591390573	230.0	15	1.05	0.95				
	120	1	94.57496288561403	19.21053933614035	0.0	0.0	1	1.0368838116802563	5.1412153407432735	230.0	15	1.05	0.95				
	121	2	0.0	0.0	0.0	0.0	1	1.05	13.772354719841436	230.0	17	1.05	0.95				
	122	2	0.0	0.0	0.0	0.0	1	1.05	19.218671690821935	230.0	17	1.05	0.95				
	123	2	0.0	0.0	0.0	0.0	1	1.0387545982077124	5.33860849986471	230.0	15	1.05	0.95				
	124	1	0.0	0.0	0.0	0.0	1	1.0263260892832822	4.800610102783402	230.0	16	1.05	0.95				
	201	2	71.73933574736844	14.613568392982456	0.0	0.0	2	1.0267434572531844	-11.364935315150905	138.0	21	1.05	0.95				
	202	2	64.43255155087719	13.285062175438597	0.0	0.0	2	1.0277677245954602	-11.144867902190786	138.0	22	1.05	0.95				
	203	1	119.56555957894739	24.577365024561406	0.0	0.0	2	1.0157896601534488	-10.302961868404875	138.0	21	1.05	0.95				
	204	1	49.15473004912281	9.96379663157895	0.0	0.0	2	1.0152468131376755	-11.76299146173162	138.0	21	1.05	0.95				
	205	1	47.16197072280702	9.299543522807019	0.0	0.0	2	1.0299664376203008	-12.13356788941972	138.0	21	1.05	0.95				
	206	1	90.33842279298247	18.599087045614038	0.0	-100.0	2	1.038333154881024	-13.146946156230022	138.0	22	1.05	0.95				
	207	2	83.03163859649123	16.606327719298246	0.0	0.0	2	0.9792498283123724	-22.643031528334966	138.0	22	1.05	0.95				
	208	1	113.5872816	23.248858807017545	0.0	0.0	2	0.9805455086397747	-19.406996346850587	138.0	22	1.05	0.95				
	209	1	116.24429403508773	23.913111915789475	0.0	0.0	2	1.025810670741816	-9.55778235701382	138.0	23	1.05	0.95				
	210	1	129.52935621052632	26.570124350877194	0.0	0.0	2	1.05	-10.796628999690217	138.0	23	1.05	0.95				
	211	1	0.0	0.0	0.0	0.0	2	1.0202846715052143	-5.6771908610440835	230.0	23	1.05	0.95				
	212	1	0.0	0.0	0.0	0.0	2	1.0211599938283253	-0.43927449543519054	230.0	23	1.05	0.95				
	213	2	176.02707382456143	35.86966787368422	0.0	0.0	2	1.0269700749237876	-2.6170382677832436	230.0	24	1.05	0.95				
	214	2	128.86510310175439	25.905871242105267	0.0	0.0	2	1.0283651942729888	-3.9071054654163304	230.0	26	1.05	0.95				
	215	2	210.5682354807018	42.51219896140351	0.0	0.0	2	1.0422032279885924	2.4428943105540353	230.0	26	1.05	0.95				
	216	2	66.42531087719298	13.285062175438597	0.0	0.0	2	1.0425094669440806	2.6603490413042845	230.0	26	1.05	0.95				
	217	1	0.0	0.0	0.0	0.0	2	1.0450479508418307	4.6461770077663305	230.0	27	1.05	0.95				
	218	2	221.19628522105268	45.169211396491235	0.0	0.0	2	1.0452090640237162	4.730678903307404	230.0	27	1.05	0.95				
	219	1	120.2298126877193	24.577365024561406	0.0	0.0	2	1.0406885935791574	3.450628798320907	230.0	25	1.05	0.95				
	220	1	85.02439792280703	17.270580828070177	0.0	0.0	2	1.0450954331761275	5.385264219134378	230.0	25	1.05	0.95				
	221	2	0.0	0.0	0.0	0.0	2	1.045736439411327	4.734083995852051	230.0	27	1.05	0.95				
	222	2	0.0	0.0	0.0	0.0	2	1.05	11.207839615942058	230.0	27	1.05	0.95				
	223	2	0.0	0.0	0.0	0.0	2	1.05	6.92549750996021	230.0	25	1.05	0.95				
	224	1	0.0	0.0	0.0	0.0	2	1.0162602057181682	-2.263929179472258	230.0	26	1.05	0.95				
	301	2	65.73615946105264	13.390699149473683	0.0	0.0	3	0.9912157985689372	10.581105340518587	138.0	31	1.05	0.95				
	302	2	59.04080988631579	12.173362863157895	0.0	0.0	3	0.9914799587039022	10.565935251988309	138.0	32	1.05	0.95				
	303	1	109.56026576842106	22.520721296842105	0.0	0.0	3	1.0132333982556507	12.726660531682406	138.0	31	1.05	0.95				
	304	1	45.04144259368421	9.13002214736842	0.0	0.0	3	0.9992041805152826	12.719211006922533	138.0	31	1.05	0.95				
	305	1	43.215438164210525	8.521354004210528	0.0	0.0	3	1.0108741370533236	12.793655563975035	138.0	31	1.05	0.95				
	306	1	82.7788674694737	17.042708008421055	0.0	-100.0	3	1.0304455082925394	13.338226558279212	138.0	32	1.05	0.95				
	307	2	76.08351789473684	15.216703578947369	0.0	0.0	3	0.9831490411301032	10.083696213673054	138.0	32	1.05	0.95				
	308	1	104.08225248000001	21.303385010526316	0.0	0.0	3	0.9975962328067394	12.781483758103553	138.0	32	1.05	0.95				
	309	1	106.51692505263158	21.912053153684212	0.0	0.0	3	1.0273450787860139	16.947997883296054	138.0	33	1.05	0.95				
	310	1	118.69028791578948	24.34672572631579	0.0	0.0	3	1.05	16.93458029534913	138.0	33	1.05	0.95				
	311	1	0.0	0.0	0.0	0.0	3	1.018302774586575	23.074394719980866	230.0	33	1.05	0.95				
	312	1	0.0	0.0	0.0	0.0	3	1.0251272118835246	24.592213257922154	230.0	33	1.05	0.95				
	313	2	161.2970579368421	32.86807973052632	0.0	0.0	3	1.0499999893213827	32.582843398296895	230.0	34	1.05	0.95				
	314	2	118.08161977263158	23.738057583157897	0.0	0.0	3	1.0195041844318808	20.64269209414298	230.0	36	1.05	0.95				
	315	2	192.94780138105264	38.954761162105264	0.0	0.0	3	1.0374493710098502	13.871363167946098	230.0	36	1.05	0.95				
	316	2	60.866814315789476	12.173362863157895	0.0	0.0	3	1.039788796005871	15.296402617805397	230.0	36	1.05	0.95				
	317	1	0.0	0.0	0.0	0.0	3	1.0425362917056489	13.95903511997423	230.0	37	1.05	0.95				
	318	2	202.68649167157898	41.38943373473685	0.0	0.0	3	1.0411131891848786	12.696367473139043	230.0	37	1.05	0.95				
	319	1	110.16893391157896	22.520721296842105	0.0	0.0	3	1.0406408419032658	18.408799752557123	230.0	35	1.05	0.95				
	320	1	77.90952232421053	15.825371722105263	0.0	0.0	3	1.0446854972417734	20.76235617513673	230.0	35	1.05	0.95				
	321	2	0.0	0.0	0.0	0.0	3	1.0411994804405313	13.655344914637263	230.0	37	1.05	0.95				
	322	2	0.0	0.0	0.0	0.0	3	1.05	18.096807374175853	230.0	37	1.05	0.95				
	323	2	0.0	0.0	0.0	0.0	3	1.0468685093281305	21.610203585557016	230.0	35	1.05	0.95				
	324	1	0.0	0.0	0.0	0.0	3	1.026180872433507	15.393076222287803	230.0	36	1.05	0.95				
	325	1	0.0	0.0	0.0	0.0	3	1.0486147206321552	20.949802040647462	230.0	35	1.05	0.95				
];
