%% MATPOWER Case Format : Version 2
function mpc = RTS_GMLC
mpc.version = '2';

%%-----  Power Flow Data  -----%%
%% system MVA base
mpc.baseMVA = 100.0;
%% bus data
%    bus_i    type    Pd    Qd    Gs    Bs    area    Vm    Va    baseKV    zone    Vmax    Vmin
mpc.bus = [
	101	2	60.96041564210527	12.417862445614034	0.0	0.0	1	1.048322169378489	1.5133047063504688	138.0	11	1.05	0.95				
	102	2	54.751484419298244	11.288965859649123	0.0	0.0	1	1.0471875804817894	1.1743898828366193	138.0	12	1.05	0.95				
	103	1	101.60069273684212	20.884586840350877	0.0	0.0	1	1.0290294030825533	-0.9688733331780891	138.0	11	1.05	0.95				
	104	1	41.769173680701755	8.466724394736842	0.0	0.0	1	1.0274639630003795	-2.226177494743538	138.0	11	1.05	0.95				
	105	1	40.07582880175438	7.902276101754387	0.0	0.0	1	1.040978387932849	-2.4371884462150457	138.0	11	1.05	0.95				
	106	1	76.76496784561404	15.804552203508774	0.0	-100.0	1	1.0444290865325234	-5.25486673656775	138.0	12	1.05	0.95				
	107	2	70.55603662280701	14.111207324561404	0.0	0.0	1	0.9993703221241497	-11.611975217801833	138.0	12	1.05	0.95				
	108	1	96.5206581	19.755690254385964	0.0	0.0	1	0.9991153261669478	-10.2497947874215	138.0	12	1.05	0.95				
	109	1	98.77845127192982	20.32013854736842	0.0	0.0	1	1.025054630106146	-3.7218270691802138	138.0	13	1.05	0.95				
	110	1	110.06741713157895	22.577931719298245	0.0	0.0	1	1.05	-4.735730689833757	138.0	13	1.05	0.95				
	111	1	0.0	0.0	0.0	0.0	1	1.0076723423131182	-1.478636146680159	230.0	13	1.05	0.95				
	112	1	0.0	0.0	0.0	0.0	1	1.011286451329655	-1.0122912318026234	230.0	13	1.05	0.95				
	113	3	149.57879764035087	30.480207821052634	0.0	0.0	1	1.0039756192235076	2.745725032402285e-29	230.0	14	1.05	0.95				
	114	2	109.50296883859649	22.01348342631579	0.0	0.0	1	1.0064101890850472	0.08055283991632382	230.0	16	1.05	0.95				
	115	2	178.93010887543858	36.12469075087719	0.0	0.0	1	1.0366492819105064	6.100303447510365	230.0	16	1.05	0.95				
	116	2	56.444829298245615	11.288965859649123	0.0	0.0	1	1.0335108739037757	5.682114594963132	230.0	16	1.05	0.95				
	117	1	0.0	0.0	0.0	0.0	1	1.0398862790759804	8.41629646623732	230.0	17	1.05	0.95				
	118	2	187.9612815631579	38.38248392280702	0.0	0.0	1	1.0422702624614149	8.83934170694371	230.0	17	1.05	0.95				
	119	1	102.16514102982457	20.884586840350877	0.0	0.0	1	1.0265925955353872	4.4015239608432895	230.0	15	1.05	0.95				
	120	1	72.24938150175439	14.675655617543859	0.0	0.0	1	1.0248572515982775	4.193373421047759	230.0	15	1.05	0.95				
	121	2	0.0	0.0	0.0	0.0	1	1.0452573749397533	10.309482225826029	230.0	17	1.05	0.95				
	122	2	0.0	0.0	0.0	0.0	1	1.05	16.265205200342184	230.0	17	1.05	0.95				
	123	2	0.0	0.0	0.0	0.0	1	1.025076426911753	4.511676779252462	230.0	15	1.05	0.95				
	124	1	0.0	0.0	0.0	0.0	1	1.0245560099247961	3.4501206727557805	230.0	16	1.05	0.95				
	201	2	56.28647883789474	11.4657642077193	0.0	0.0	2	1.0223435206177678	-9.255074421243135	138.0	21	1.05	0.95				
	202	2	50.55359673403509	10.423422007017544	0.0	0.0	2	1.0228523660210795	-9.152934002739595	138.0	22	1.05	0.95				
	203	1	93.81079806315789	19.28333071298246	0.0	0.0	2	1.0144988492681402	-8.471370880084464	138.0	21	1.05	0.95				
	204	1	38.56666142596492	7.817566505263159	0.0	0.0	2	1.0151809137273742	-9.710993365660375	138.0	21	1.05	0.95				
	205	1	37.003148124912286	7.296395404912282	0.0	0.0	2	1.0297570193892944	-9.980613410777146	138.0	21	1.05	0.95				
	206	1	70.8792696477193	14.592790809824564	0.0	-100.0	2	1.0413478027966816	-10.885856923396373	138.0	22	1.05	0.95				
	207	2	65.14638754385965	13.02927750877193	0.0	0.0	2	0.9939898398320612	-18.102524650887446	138.0	22	1.05	0.95				
	208	1	89.12025815999999	18.2409885122807	0.0	0.0	2	0.9957241893971431	-15.655483972396171	138.0	22	1.05	0.95				
	209	1	91.20494256140351	18.762159612631578	0.0	0.0	2	1.0243765595884116	-8.026012238794914	138.0	23	1.05	0.95				
	210	1	101.62836456842106	20.84684401403509	0.0	0.0	2	1.05	-9.04640881298124	138.0	23	1.05	0.95				
	211	1	0.0	0.0	0.0	0.0	2	1.0086811689613502	-5.149779926820764	230.0	23	1.05	0.95				
	212	1	0.0	0.0	0.0	0.0	2	1.0135401842196812	-0.7706669822611346	230.0	23	1.05	0.95				
	213	2	138.11034159298245	28.14323941894737	0.0	0.0	2	1.0076059142269127	-2.6752797124548016	230.0	24	1.05	0.95				
	214	2	101.10719346807018	20.325672913684212	0.0	0.0	2	1.008650916872966	-3.8393542299451386	230.0	26	1.05	0.95				
	215	2	165.21123881122807	33.35495042245614	0.0	0.0	2	1.025648067042037	1.1166001231210103	230.0	26	1.05	0.95				
	216	2	52.11711003508772	10.423422007017544	0.0	0.0	2	1.025777540288358	1.2320270380998652	230.0	26	1.05	0.95				
	217	1	0.0	0.0	0.0	0.0	2	1.0302776429164873	2.3610368317007286	230.0	27	1.05	0.95				
	218	2	173.5499764168421	35.43963482385965	0.0	0.0	2	1.0290313314846862	1.7072323870177673	230.0	27	1.05	0.95				
	219	1	94.33196916350877	19.28333071298246	0.0	0.0	2	1.0248276725842835	1.8453631923844909	230.0	25	1.05	0.95				
	220	1	66.70990084491228	13.550448609122808	0.0	0.0	2	1.028237917181418	3.391944365605857	230.0	25	1.05	0.95				
	221	2	0.0	0.0	0.0	0.0	2	1.0310984849896365	2.3178848903481226	230.0	27	1.05	0.95				
	222	2	0.0	0.0	0.0	0.0	2	1.05	8.82812079893827	230.0	27	1.05	0.95				
	223	2	0.0	0.0	0.0	0.0	2	1.0316978102670264	4.633186634643256	230.0	25	1.05	0.95				
	224	1	0.0	0.0	0.0	0.0	2	1.0096444802859306	-2.47050787838202	230.0	26	1.05	0.95				
	301	2	59.31287568	12.082252453333334	0.0	0.0	3	1.0012365411638968	-4.017941030540326	138.0	31	1.05	0.95				
	302	2	53.27174945333333	10.983865866666667	0.0	0.0	3	1.001049953442964	-4.077281421617454	138.0	32	1.05	0.95				
	303	1	98.8547928	20.320151853333332	0.0	0.0	3	1.0148924022198347	-0.3355609898962914	138.0	31	1.05	0.95				
	304	1	40.640303706666664	8.2378994	0.0	0.0	3	1.004208872694068	-2.233127688919962	138.0	31	1.05	0.95				
	305	1	38.99272382666666	7.688706106666668	0.0	0.0	3	1.0174897708865598	-2.3932424384832625	138.0	31	1.05	0.95				
	306	1	74.69028789333333	15.377412213333336	0.0	-100.0	3	1.0348858402473173	-2.1133230535510616	138.0	32	1.05	0.95				
	307	2	68.64916166666667	13.729832333333333	0.0	0.0	3	0.9943245243287158	-6.650786701946024	138.0	32	1.05	0.95				
	308	1	93.91205316	19.221765266666665	0.0	0.0	3	1.0008107402564075	-4.156220152050543	138.0	32	1.05	0.95				
	309	1	96.10882633333333	19.77095856	0.0	0.0	3	1.025632257494579	1.5176906341579712	138.0	33	1.05	0.95				
	310	1	107.09269219999999	21.967731733333334	0.0	0.0	3	1.05	0.9865652144513624	138.0	33	1.05	0.95				
	311	1	0.0	0.0	0.0	0.0	3	1.0119696962456877	6.985645927107068	230.0	33	1.05	0.95				
	312	1	0.0	0.0	0.0	0.0	3	1.016325758760821	7.89493598844615	230.0	33	1.05	0.95				
	313	2	145.53622273333332	29.65643784	0.0	0.0	3	1.028120473326227	13.55675299369449	230.0	34	1.05	0.95				
	314	2	106.54349890666666	21.418538440000003	0.0	0.0	3	1.011974559896598	6.934736973622953	230.0	36	1.05	0.95				
	315	2	174.09427398666665	35.14837077333333	0.0	0.0	3	1.0262113750797268	4.468612326204474	230.0	36	1.05	0.95				
	316	2	54.91932933333333	10.983865866666667	0.0	0.0	3	1.0262148310988426	5.393892479069269	230.0	36	1.05	0.95				
	317	1	0.0	0.0	0.0	0.0	3	1.0323698012187852	6.244639055256674	230.0	37	1.05	0.95				
	318	2	182.88136668	37.34514394666667	0.0	0.0	3	1.029892769874037	5.161095414565673	230.0	37	1.05	0.95				
	319	1	99.40398609333334	20.320151853333332	0.0	0.0	3	1.0260268606558207	7.2631597205427	230.0	35	1.05	0.95				
	320	1	70.29674154666667	14.279025626666666	0.0	0.0	3	1.0273671252923615	8.510276813789364	230.0	35	1.05	0.95				
	321	2	0.0	0.0	0.0	0.0	3	1.030785763536998	5.50266968379582	230.0	37	1.05	0.95				
	322	2	0.0	0.0	0.0	0.0	3	1.0447715454694428	10.144438815673277	230.0	37	1.05	0.95				
	323	2	0.0	0.0	0.0	0.0	3	1.0281914422713152	9.069858482050403	230.0	35	1.05	0.95				
	324	1	0.0	0.0	0.0	0.0	3	1.0172187012170648	4.435712750680524	230.0	36	1.05	0.95				
	325	1	0.0	0.0	0.0	0.0	3	1.0302512792964758	9.18375993069439	230.0	35	1.05	0.95				
];
