%% MATPOWER Case Format : Version 2
function mpc = RTS_GMLC
mpc.version = '2';

%%-----  Power Flow Data  -----%%
%% system MVA base
mpc.baseMVA = 100.0;
%% bus data
%    bus_i    type    Pd    Qd    Gs    Bs    area    Vm    Va    baseKV    zone    Vmax    Vmin
mpc.bus = [
	101	2	42.93814941473684	8.746660065964912	0.0	0.0	1	0.9936827137358851	-4.772427422225839	138.0	11	1.05	0.95				
	102	2	38.56481938175438	7.951509150877194	0.0	0.0	1	0.9932943094165984	-4.984395609667449	138.0	12	1.05	0.95				
	103	1	71.56358235789475	14.710291929122807	0.0	0.0	1	1.0228559318455508	0.6865681804634348	138.0	11	1.05	0.95				
	104	1	29.420583858245614	5.963631863157894	0.0	0.0	1	1.0063277884918842	-4.717670436525209	138.0	11	1.05	0.95				
	105	1	28.227857485614035	5.566056405614036	0.0	0.0	1	1.0168183758918956	-5.672774157322859	138.0	11	1.05	0.95				
	106	1	54.07026222596492	11.132112811228073	0.0	-100.0	1	1.037646036520713	-6.646225064795312	138.0	12	1.05	0.95				
	107	2	49.69693219298246	9.939386438596491	0.0	0.0	1	0.9832244028285567	-11.14879823597353	138.0	12	1.05	0.95				
	108	1	67.98540324	13.915141014035088	0.0	0.0	1	0.9951349025185305	-9.473554971915835	138.0	12	1.05	0.95				
	109	1	69.57570507017545	14.312716471578945	0.0	0.0	1	1.0258656565590798	-3.3349505578076144	138.0	13	1.05	0.95				
	110	1	77.52721422105263	15.903018301754388	0.0	0.0	1	1.05	-5.2641837376309315	138.0	13	1.05	0.95				
	111	1	0.0	0.0	0.0	0.0	1	1.0198469175429208	-0.2532983837039674	230.0	13	1.05	0.95				
	112	1	0.0	0.0	0.0	0.0	1	1.0150748120482513	-1.3632985660481889	230.0	13	1.05	0.95				
	113	3	105.3574962491228	21.46907470736842	0.0	0.0	1	0.9995342347730738	-3.318562739017222e-30	230.0	14	1.05	0.95				
	114	2	77.12963876350877	15.505442844210526	0.0	0.0	1	1.05	3.4673925630174245	230.0	16	1.05	0.95				
	115	2	126.0314200414035	25.444829282807017	0.0	0.0	1	1.0424713570531459	13.145448624996563	230.0	16	1.05	0.95				
	116	2	39.757545754385966	7.951509150877194	0.0	0.0	1	1.0440608335670074	11.321725997668267	230.0	16	1.05	0.95				
	117	1	0.0	0.0	0.0	0.0	1	1.0415858919377017	17.4817776283926	230.0	17	1.05	0.95				
	118	2	132.39262736210526	27.03513111298246	0.0	0.0	1	1.05	18.157910665869515	230.0	17	1.05	0.95				
	119	1	71.9611578154386	14.710291929122807	0.0	0.0	1	1.041931258337369	7.090064151959754	230.0	15	1.05	0.95				
	120	1	50.889658565614035	10.336961896140352	0.0	0.0	1	1.0464349892065465	4.070601204543621	230.0	15	1.05	0.95				
	121	2	0.0	0.0	0.0	0.0	1	1.0433943724908803	19.68654650401541	230.0	17	1.05	0.95				
	122	2	0.0	0.0	0.0	0.0	1	1.05	37.64663370655494	230.0	17	1.05	0.95				
	123	2	0.0	0.0	0.0	0.0	1	1.05	2.713862174319686	230.0	15	1.05	0.95				
	124	1	0.0	0.0	0.0	0.0	1	1.019449764381503	8.515680768535029	230.0	16	1.05	0.95				
	201	2	43.04360144842106	8.768141035789474	0.0	0.0	2	0.9932708943106128	-15.03640908963242	138.0	21	1.05	0.95				
	202	2	38.659530930526316	7.971037305263158	0.0	0.0	2	0.9919678255173241	-15.317693336960495	138.0	22	1.05	0.95				
	203	1	71.73933574736843	14.746419014736842	0.0	0.0	2	0.9945442324790302	-11.189918990340018	138.0	21	1.05	0.95				
	204	1	29.492838029473685	5.978277978947368	0.0	0.0	2	0.9845292274184466	-14.75351757675367	138.0	21	1.05	0.95				
	205	1	28.29718243368421	5.5797261136842105	0.0	0.0	2	0.9993136275101153	-15.194531430647535	138.0	21	1.05	0.95				
	206	1	54.203053675789484	11.159452227368421	0.0	-100.0	2	1.010274963328573	-15.812385144479851	138.0	22	1.05	0.95				
	207	2	49.818983157894735	9.963796631578948	0.0	0.0	2	0.9712160860979591	-20.996600995584085	138.0	22	1.05	0.95				
	208	1	68.15236896	13.949315284210526	0.0	0.0	2	0.972546099380888	-19.037758375683875	138.0	22	1.05	0.95				
	209	1	69.74657642105264	14.347867149473684	0.0	0.0	2	0.9904471601370123	-12.535291932787919	138.0	23	1.05	0.95				
	210	1	77.71761372631578	15.942074610526316	0.0	0.0	2	1.015154326019955	-13.991134866895923	138.0	23	1.05	0.95				
	211	1	0.0	0.0	0.0	0.0	2	0.9734444900332643	-9.809965698730739	230.0	23	1.05	0.95				
	212	1	0.0	0.0	0.0	0.0	2	0.9626938177927098	-7.400082941947749	230.0	23	1.05	0.95				
	213	2	105.61624429473684	21.52180072421053	0.0	0.0	2	0.9532880990700513	-8.061253007265446	230.0	24	1.05	0.95				
	214	2	77.31906186105263	15.543522745263157	0.0	0.0	2	0.9884640019533729	-7.7742511543955946	230.0	26	1.05	0.95				
	215	2	126.34094128842104	25.50731937684211	0.0	0.0	2	1.0126001847316535	-1.6021849546203617	230.0	26	1.05	0.95				
	216	2	39.85518652631579	7.971037305263158	0.0	0.0	2	1.0050488591458435	-2.2756277891348606	230.0	26	1.05	0.95				
	217	1	0.0	0.0	0.0	0.0	2	1.0232041742074909	-0.3448014250514697	230.0	27	1.05	0.95				
	218	2	132.71777113263158	27.101526837894742	0.0	0.0	2	1.0232815911272306	-0.7972711370445312	230.0	27	1.05	0.95				
	219	1	72.13788761263157	14.746419014736842	0.0	0.0	2	0.9793238639505212	-2.2250582349274874	230.0	25	1.05	0.95				
	220	1	51.01463875368422	10.362348496842106	0.0	0.0	2	0.9598351168726158	-1.3134894930263268	230.0	25	1.05	0.95				
	221	2	0.0	0.0	0.0	0.0	2	1.0235305361181855	-0.25845706587479966	230.0	27	1.05	0.95				
	222	2	0.0	0.0	0.0	0.0	2	1.0468827118898665	6.236011375340651	230.0	27	1.05	0.95				
	223	2	0.0	0.0	0.0	0.0	2	0.95	-0.43468746102565603	230.0	25	1.05	0.95				
	224	1	0.0	0.0	0.0	0.0	2	0.9941623511505708	-5.162693080617346	230.0	26	1.05	0.95				
	301	2	65.15533061052633	13.27238216140351	0.0	0.0	3	1.0311182150630331	13.5744992728501	138.0	31	1.05	0.95				
	302	2	58.51913952982456	12.065801964912282	0.0	0.0	3	1.0261286710992839	13.224131382547982	138.0	32	1.05	0.95				
	303	1	108.59221768421054	22.32173363508772	0.0	0.0	3	1.05	30.67600522520652	138.0	31	1.05	0.95				
	304	1	44.64346727017544	9.049351473684212	0.0	0.0	3	1.0070568399669235	15.252798750138751	138.0	31	1.05	0.95				
	305	1	42.833596975438596	8.446061375438598	0.0	0.0	3	1.0282093223165107	12.58419176504382	138.0	31	1.05	0.95				
	306	1	82.04745336140353	16.892122750877196	0.0	-100.0	3	1.0320172453957321	11.345534729502042	138.0	32	1.05	0.95				
	307	2	75.41126228070176	15.082252456140353	0.0	0.0	3	0.95	6.103430497003593	138.0	32	1.05	0.95				
	308	1	103.1626068	21.115153438596494	0.0	0.0	3	0.9637190039009766	8.98661420607448	138.0	32	1.05	0.95				
	309	1	105.57576719298247	21.718443536842106	0.0	0.0	3	1.0127543726332369	19.457871497479584	138.0	33	1.05	0.95				
	310	1	117.64156915789474	24.131603929824564	0.0	0.0	3	1.0401320942517756	13.513585790156286	138.0	33	1.05	0.95				
	311	1	0.0	0.0	0.0	0.0	3	1.0000298052889032	18.732919238019672	230.0	33	1.05	0.95				
	312	1	0.0	0.0	0.0	0.0	3	1.0057304881735971	18.853973151256067	230.0	33	1.05	0.95				
	313	2	159.87187603508772	32.57766530526317	0.0	0.0	3	1.0008340466938646	20.203390960859068	230.0	34	1.05	0.95				
	314	2	117.03827905964911	23.528313831578952	0.0	0.0	3	0.9979982793862247	19.804598479663973	230.0	36	1.05	0.95				
	315	2	191.24296114385965	38.6105662877193	0.0	0.0	3	1.0485420084236448	22.20148341966693	230.0	36	1.05	0.95				
	316	2	60.32900982456141	12.065801964912282	0.0	0.0	3	1.0352836093356315	22.05420755161961	230.0	36	1.05	0.95				
	317	1	0.0	0.0	0.0	0.0	3	1.0408033545384057	26.285701354800512	230.0	37	1.05	0.95				
	318	2	200.8956027157895	41.02372668070176	0.0	0.0	3	1.0309320910587376	22.56664757941874	230.0	37	1.05	0.95				
	319	1	109.19550778245615	22.32173363508772	0.0	0.0	3	1.0250943477103311	20.938295790319142	230.0	35	1.05	0.95				
	320	1	77.2211325754386	15.685542554385968	0.0	0.0	3	1.019533007204352	20.302126149173674	230.0	35	1.05	0.95				
	321	2	0.0	0.0	0.0	0.0	3	1.049999981961422	23.05477883167483	230.0	37	1.05	0.95				
	322	2	0.0	0.0	0.0	0.0	3	1.0472524269703127	28.68408975771395	230.0	37	1.05	0.95				
	323	2	0.0	0.0	0.0	0.0	3	1.0171265886401537	20.131484126489706	230.0	35	1.05	0.95				
	324	1	0.0	0.0	0.0	0.0	3	1.047729268006725	26.38165626694531	230.0	36	1.05	0.95				
	325	1	0.0	0.0	0.0	0.0	3	1.0202568732420325	20.10680446493263	230.0	35	1.05	0.95				
];
