%% MATPOWER Case Format : Version 2
function mpc = RTS_GMLC
mpc.version = '2';

%%-----  Power Flow Data  -----%%
%% system MVA base
mpc.baseMVA = 100.0;
%% bus data
%    bus_i    type    Pd    Qd    Gs    Bs    area    Vm    Va    baseKV    zone    Vmax    Vmin
mpc.bus = [
	101	2	48.923305275789474	9.965858482105263	0.0	0.0	1	1.034074149532286	3.068928617198428	138.0	11	1.05	0.95				
	102	2	43.940376034736836	9.059871347368421	0.0	0.0	1	1.0336260483744237	2.8940008394190384	138.0	12	1.05	0.95				
	103	1	81.53884212631579	16.76076199263158	0.0	0.0	1	1.0301289726144025	2.051894829336825	138.0	11	1.05	0.95				
	104	1	33.52152398526316	6.794903510526315	0.0	0.0	1	1.0209976206716636	-0.505797637226259	138.0	11	1.05	0.95				
	105	1	32.162543283157895	6.341909943157896	0.0	0.0	1	1.0355744684170438	-0.38387591471979726	138.0	11	1.05	0.95				
	106	1	61.60712516210527	12.683819886315792	0.0	-100.0	1	1.0446009608554874	-2.78320851702331	138.0	12	1.05	0.95				
	107	2	56.62419592105263	11.324839184210527	0.0	0.0	1	0.9994563653609929	-9.645987767252583	138.0	12	1.05	0.95				
	108	1	77.46190002	15.854774857894736	0.0	0.0	1	1.0022881423346914	-7.789585315802727	138.0	12	1.05	0.95				
	109	1	79.2738742894737	16.30776842526316	0.0	0.0	1	1.024792319555564	-1.455856210971863	138.0	13	1.05	0.95				
	110	1	88.33374563684211	18.119742694736843	0.0	0.0	1	1.05	-2.460219718960202	138.0	13	1.05	0.95				
	111	1	0.0	0.0	0.0	0.0	1	1.006485780611605	0.5271963533908537	230.0	13	1.05	0.95				
	112	1	0.0	0.0	0.0	0.0	1	1.010574346881876	0.44724241580815205	230.0	13	1.05	0.95				
	113	3	120.04329535263159	24.461652637894737	0.0	0.0	1	0.9987675766403216	3.7592807940873844e-29	230.0	14	1.05	0.95				
	114	2	87.88075206947367	17.666749127368423	0.0	0.0	1	1.0076334647571061	3.571150316627816	230.0	16	1.05	0.95				
	115	2	143.59896085578947	28.991588311578948	0.0	0.0	1	1.0434327073064906	11.273925360559257	230.0	16	1.05	0.95				
	116	2	45.29935673684211	9.059871347368421	0.0	0.0	1	1.0400218262032368	10.457891098042355	230.0	16	1.05	0.95				
	117	1	0.0	0.0	0.0	0.0	1	1.0429790409174091	14.040726666736651	230.0	17	1.05	0.95				
	118	2	150.84685793368422	30.803562581052635	0.0	0.0	1	1.0485598657909543	13.852316056421508	230.0	17	1.05	0.95				
	119	1	81.99183569368421	16.76076199263158	0.0	0.0	1	1.0323083435687825	8.270621241902637	230.0	15	1.05	0.95				
	120	1	57.983176623157895	11.777832751578948	0.0	0.0	1	1.0296330085064442	7.22621413284591	230.0	15	1.05	0.95				
	121	2	0.0	0.0	0.0	0.0	1	1.05	14.745773426214571	230.0	17	1.05	0.95				
	122	2	0.0	0.0	0.0	0.0	1	1.05	30.091822852166967	230.0	17	1.05	0.95				
	123	2	0.0	0.0	0.0	0.0	1	1.0287883953687007	6.996439973432965	230.0	15	1.05	0.95				
	124	1	0.0	0.0	0.0	0.0	1	1.026842348709258	7.831441247349899	230.0	16	1.05	0.95				
	201	2	54.24649772210527	11.050212498947369	0.0	0.0	2	1.0302674240467349	-10.107098332118142	138.0	21	1.05	0.95				
	202	2	48.72139147263157	10.04564772631579	0.0	0.0	2	1.0307064305714724	-10.09251530887783	138.0	22	1.05	0.95				
	203	1	90.4108295368421	18.58444829368421	0.0	0.0	2	1.0176492247614297	-9.339243139313393	138.0	21	1.05	0.95				
	204	1	37.16889658736842	7.5342357947368415	0.0	0.0	2	1.0182049870671417	-12.322751164680803	138.0	21	1.05	0.95				
	205	1	35.66204942842105	7.031953408421053	0.0	0.0	2	1.0337118421014944	-12.501669651599768	138.0	21	1.05	0.95				
	206	1	68.31040453894738	14.063906816842106	0.0	-100.0	2	1.0431949612112283	-14.315813531514987	138.0	22	1.05	0.95				
	207	2	62.78529828947368	12.557059657894737	0.0	0.0	2	0.9886876311844341	-21.882100980114863	138.0	22	1.05	0.95				
	208	1	85.89028806	17.57988352105263	0.0	0.0	2	0.9931614517207362	-19.548174297779322	138.0	22	1.05	0.95				
	209	1	87.89941760526317	18.08216590736842	0.0	0.0	2	1.0228911505564635	-12.100230976575427	138.0	23	1.05	0.95				
	210	1	97.94506533157895	20.09129545263158	0.0	0.0	2	1.05	-13.333838496649687	138.0	23	1.05	0.95				
	211	1	0.0	0.0	0.0	0.0	2	1.0094278286375193	-9.120520715817394	230.0	23	1.05	0.95				
	212	1	0.0	0.0	0.0	0.0	2	1.0115113992890366	-8.638594066043854	230.0	23	1.05	0.95				
	213	2	133.1048323736842	27.123248861052634	0.0	0.0	2	1.0053677525531335	-8.281745271938032	230.0	24	1.05	0.95				
	214	2	97.44278294526315	19.58901306631579	0.0	0.0	2	1.0142614498282556	-6.1928372937796246	230.0	26	1.05	0.95				
	215	2	159.22351646210527	32.146072724210526	0.0	0.0	2	1.03097358517935	1.2556035196719137	230.0	26	1.05	0.95				
	216	2	50.22823863157895	10.04564772631579	0.0	0.0	2	1.03342201899923	0.9835702367039442	230.0	26	1.05	0.95				
	217	1	0.0	0.0	0.0	0.0	2	1.0373726832224734	4.059430625048834	230.0	27	1.05	0.95				
	218	2	167.2600346431579	34.15520226947369	0.0	0.0	2	1.0386554337183724	4.307258498485752	230.0	27	1.05	0.95				
	219	1	90.9131119231579	18.58444829368421	0.0	0.0	2	1.0326559137327647	-0.22110985403193414	230.0	25	1.05	0.95				
	220	1	64.29214544842105	13.059342044210526	0.0	0.0	2	1.0358707496252735	-0.3011415540918585	230.0	25	1.05	0.95				
	221	2	0.0	0.0	0.0	0.0	2	1.0385864531514413	4.058072897743696	230.0	27	1.05	0.95				
	222	2	0.0	0.0	0.0	0.0	2	1.05	10.55942984757788	230.0	27	1.05	0.95				
	223	2	0.0	0.0	0.0	0.0	2	1.0384984034996074	0.031233497975831002	230.0	25	1.05	0.95				
	224	1	0.0	0.0	0.0	0.0	2	1.0128897125732332	-2.701726254415232	230.0	26	1.05	0.95				
	301	2	67.64947802526315	13.780449227368422	0.0	0.0	3	1.0142461194222194	-25.872926689148525	138.0	31	1.05	0.95				
	302	2	60.75925341157894	12.527681115789473	0.0	0.0	3	1.0128041608005418	-26.175679052792145	138.0	32	1.05	0.95				
	303	1	112.74913004210525	23.176210064210526	0.0	0.0	3	1.045756725267333	-12.712793340344332	138.0	31	1.05	0.95				
	304	1	46.35242012842105	9.395760836842104	0.0	0.0	3	1.009038445763455	-24.242486910134886	138.0	31	1.05	0.95				
	305	1	44.47326796105263	8.769376781052632	0.0	0.0	3	1.0239782743921069	-26.051869669289744	138.0	31	1.05	0.95				
	306	1	85.18823158736842	17.538753562105263	0.0	-100.0	3	1.0358171492408907	-26.843416082676107	138.0	32	1.05	0.95				
	307	2	78.29800697368421	15.65960139473684	0.0	0.0	3	0.988047212967683	-33.86748667772677	138.0	32	1.05	0.95				
	308	1	107.11167354	21.923441952631574	0.0	0.0	3	0.9877961391562571	-30.844578400929304	138.0	32	1.05	0.95				
	309	1	109.6172097631579	22.54982600842105	0.0	0.0	3	1.0279278868443626	-20.109663088270807	138.0	33	1.05	0.95				
	310	1	122.14489087894735	25.055362231578947	0.0	0.0	3	1.05	-24.223643477834898	138.0	33	1.05	0.95				
	311	1	0.0	0.0	0.0	0.0	3	1.0208887728848246	-17.089702536795016	230.0	33	1.05	0.95				
	312	1	0.0	0.0	0.0	0.0	3	1.0203725224225653	-16.289526703321968	230.0	33	1.05	0.95				
	313	2	165.99177478421052	33.824739012631575	0.0	0.0	3	1.0281267838025356	-13.655498751177573	230.0	34	1.05	0.95				
	314	2	121.51850682315788	24.428978175789474	0.0	0.0	3	1.0310921943668434	-15.064224608686466	230.0	36	1.05	0.95				
	315	2	198.56374568526314	40.08857957052632	0.0	0.0	3	1.0479599492428577	-9.100899361993196	230.0	36	1.05	0.95				
	316	2	62.63840557894736	12.527681115789473	0.0	0.0	3	1.0478611707972767	-8.414156809707807	230.0	36	1.05	0.95				
	317	1	0.0	0.0	0.0	0.0	3	1.05	-5.599790739189487	230.0	37	1.05	0.95				
	318	2	208.58589057789473	42.59411579368421	0.0	0.0	3	1.0454341084600642	-6.5545467991344735	230.0	37	1.05	0.95				
	319	1	113.37551409789472	23.176210064210526	0.0	0.0	3	1.0447520370976509	-9.325881890921796	230.0	35	1.05	0.95				
	320	1	80.17715914105264	16.285985450526315	0.0	0.0	3	1.0471694500195152	-8.946836918191293	230.0	35	1.05	0.95				
	321	2	0.0	0.0	0.0	0.0	3	1.0472329327606946	-6.843316220299337	230.0	37	1.05	0.95				
	322	2	0.0	0.0	0.0	0.0	3	1.05	-2.0115466787192697	230.0	37	1.05	0.95				
	323	2	0.0	0.0	0.0	0.0	3	1.05	-8.282014521964065	230.0	35	1.05	0.95				
	324	1	0.0	0.0	0.0	0.0	3	1.0408149495876886	-10.456699694908673	230.0	36	1.05	0.95				
	325	1	0.0	0.0	0.0	0.0	3	1.0405030709407055	-6.42831634023716	230.0	35	1.05	0.95				
];
