%% MATPOWER Case Format : Version 2
function mpc = RTS_GMLC
mpc.version = '2';

%%-----  Power Flow Data  -----%%
%% system MVA base
mpc.baseMVA = 100.0;
%% bus data
%    bus_i    type    Pd    Qd    Gs    Bs    area    Vm    Va    baseKV    zone    Vmax    Vmin
mpc.bus = [
	101	2	43.28550223578948	8.817417122105265	0.0	0.0	1	1.0359071126170614	3.1875041649573057	138.0	11	1.05	0.95				
	102	2	38.876793674736845	8.015833747368422	0.0	0.0	1	1.0355062186242616	3.056731869423211	138.0	12	1.05	0.95				
	103	1	72.1425037263158	14.82929243263158	0.0	0.0	1	1.0299804373302024	0.5509780163277057	138.0	11	1.05	0.95				
	104	1	29.65858486526316	6.011875310526316	0.0	0.0	1	1.022839255702078	-0.41664274983634775	138.0	11	1.05	0.95				
	105	1	28.456209803157893	5.611083623157896	0.0	0.0	1	1.0372815543342535	-0.13434776182008565	138.0	11	1.05	0.95				
	106	1	54.50766948210527	11.222167246315792	0.0	-100.0	1	1.0465863795512194	-2.4137034561559183	138.0	12	1.05	0.95				
	107	2	50.09896092105264	10.019792184210527	0.0	0.0	1	1.0005742254025862	-7.6412745039942775	138.0	12	1.05	0.95				
	108	1	68.53537854	14.027709057894736	0.0	0.0	1	1.0055365968063354	-6.476843856494466	138.0	12	1.05	0.95				
	109	1	70.13854528947368	14.42850074526316	0.0	0.0	1	1.0249145475336194	-1.643690829694861	138.0	13	1.05	0.95				
	110	1	78.1543790368421	16.031667494736844	0.0	0.0	1	1.05	-2.248332218125801	138.0	13	1.05	0.95				
	111	1	0.0	0.0	0.0	0.0	1	1.002736815322351	-0.17310647439787122	230.0	13	1.05	0.95				
	112	1	0.0	0.0	0.0	0.0	1	1.0079353493420975	0.2526164149505557	230.0	13	1.05	0.95				
	113	3	106.2097971526316	21.64275111789474	0.0	0.0	1	0.9935971704523933	-9.099504652969337e-28	230.0	14	1.05	0.95				
	114	2	77.75358734947369	15.630875807368422	0.0	0.0	1	0.998695650963591	1.5804811773738574	230.0	16	1.05	0.95				
	115	2	127.05096489578949	25.650667991578953	0.0	0.0	1	1.0384617433778	6.649016928920264	230.0	16	1.05	0.95				
	116	2	40.07916873684211	8.015833747368422	0.0	0.0	1	1.0334684598245822	6.3446747422190395	230.0	16	1.05	0.95				
	117	1	0.0	0.0	0.0	0.0	1	1.0419861776329644	8.073318854175206	230.0	17	1.05	0.95				
	118	2	133.4636318936842	27.253834741052636	0.0	0.0	1	1.045358914723132	7.866159417581535	230.0	17	1.05	0.95				
	119	1	72.54329541368422	14.82929243263158	0.0	0.0	1	1.026756987562675	5.553574402691752	230.0	15	1.05	0.95				
	120	1	51.301335983157905	10.420583871578948	0.0	0.0	1	1.0235255364852942	5.644011851776969	230.0	15	1.05	0.95				
	121	2	0.0	0.0	0.0	0.0	1	1.05	8.589947698723895	230.0	17	1.05	0.95				
	122	2	0.0	0.0	0.0	0.0	1	1.05	16.607603806134538	230.0	17	1.05	0.95				
	123	2	0.0	0.0	0.0	0.0	1	1.0221962822275512	6.0067393943955665	230.0	15	1.05	0.95				
	124	1	0.0	0.0	0.0	0.0	1	1.0269526537400455	4.368045604259832	230.0	16	1.05	0.95				
	201	2	46.579568703157896	9.488430661754386	0.0	0.0	2	1.0285977054725217	-6.202058072101774	138.0	21	1.05	0.95				
	202	2	41.8353533722807	8.625846056140352	0.0	0.0	2	1.0292204442971056	-6.103092678913231	138.0	22	1.05	0.95				
	203	1	77.63261450526315	15.95781520385965	0.0	0.0	2	1.018524656985217	-6.273775421793445	138.0	21	1.05	0.95				
	204	1	31.9156304077193	6.469384542105263	0.0	0.0	2	1.0189600719585743	-8.287965930348712	138.0	21	1.05	0.95				
	205	1	30.621753499298244	6.038092239298246	0.0	0.0	2	1.0338890515795172	-8.414151164865427	138.0	21	1.05	0.95				
	206	1	58.65575318175439	12.076184478596492	0.0	-100.0	2	1.04491074848036	-10.053248836186642	138.0	22	1.05	0.95				
	207	2	53.91153785087719	10.782307570175439	0.0	0.0	2	0.9897703698210684	-16.521050630275735	138.0	22	1.05	0.95				
	208	1	73.75098377999998	15.095230598245612	0.0	0.0	2	0.9968753940022294	-14.578094508705382	138.0	22	1.05	0.95				
	209	1	75.47615299122806	15.52652290105263	0.0	0.0	2	1.0229526681663201	-8.311406364355415	138.0	23	1.05	0.95				
	210	1	84.10199904736841	17.251692112280704	0.0	0.0	2	1.05	-9.279876123951603	138.0	23	1.05	0.95				
	211	1	0.0	0.0	0.0	0.0	2	1.004906429370789	-5.770650319478773	230.0	23	1.05	0.95				
	212	1	0.0	0.0	0.0	0.0	2	1.0094877785594938	-5.302574085227365	230.0	23	1.05	0.95				
	213	2	114.29246024385964	23.289784351578948	0.0	0.0	2	0.9986587590154059	-4.985321789367149	230.0	24	1.05	0.95				
	214	2	83.6707067445614	16.820399809473685	0.0	0.0	2	1.0051120242159028	-3.3163485815126346	230.0	26	1.05	0.95				
	215	2	136.71965998982455	27.60270737964912	0.0	0.0	2	1.0262288563535062	2.9355705520299695	230.0	26	1.05	0.95				
	216	2	43.129230280701755	8.625846056140352	0.0	0.0	2	1.0278256433354773	2.7291152336607394	230.0	26	1.05	0.95				
	217	1	0.0	0.0	0.0	0.0	2	1.0331936863467495	5.396569044170814	230.0	27	1.05	0.95				
	218	2	143.62033683473683	29.327876590877196	0.0	0.0	2	1.0347125754745587	5.836587553608379	230.0	27	1.05	0.95				
	219	1	78.06390680807017	15.95781520385965	0.0	0.0	2	1.0282900164500244	1.8003133803519058	230.0	25	1.05	0.95				
	220	1	55.20541475929824	11.213599872982456	0.0	0.0	2	1.0316793204611805	1.8334516618963457	230.0	25	1.05	0.95				
	221	2	0.0	0.0	0.0	0.0	2	1.0348208626266144	5.631708904726283	230.0	27	1.05	0.95				
	222	2	0.0	0.0	0.0	0.0	2	1.05	12.036168963081773	230.0	27	1.05	0.95				
	223	2	0.0	0.0	0.0	0.0	2	1.0341028829079637	2.1786027093266895	230.0	25	1.05	0.95				
	224	1	0.0	0.0	0.0	0.0	2	1.0119415434409658	-0.5215715992837558	230.0	26	1.05	0.95				
	301	2	61.653274294736846	12.559000319298248	0.0	0.0	3	1.0093322276140355	-30.097217326888746	138.0	31	1.05	0.95				
	302	2	55.37377413508773	11.417273017543861	0.0	0.0	3	1.0085018955134393	-30.296332804955107	138.0	32	1.05	0.95				
	303	1	102.75545715789475	21.121955082456143	0.0	0.0	3	1.0311586463307238	-20.92263219859474	138.0	31	1.05	0.95				
	304	1	42.243910164912286	8.562954763157895	0.0	0.0	3	1.0082620280397074	-28.4323928196564	138.0	31	1.05	0.95				
	305	1	40.53131921228071	7.992091112280704	0.0	0.0	3	1.0220549297683235	-29.656989857707494	138.0	31	1.05	0.95				
	306	1	77.63745651929827	15.984182224561408	0.0	-100.0	3	1.0363687552843954	-30.050779910585856	138.0	32	1.05	0.95				
	307	2	71.35795635964914	14.271591271929825	0.0	0.0	3	0.991516472583342	-36.52843653174308	138.0	32	1.05	0.95				
	308	1	97.61768430000001	19.980227780701757	0.0	0.0	3	0.9926226469873823	-33.81901253166111	138.0	32	1.05	0.95				
	309	1	99.90113890350878	20.55109143157895	0.0	0.0	3	1.0277090345602062	-24.583510535746825	138.0	33	1.05	0.95				
	310	1	111.31841192105266	22.834546035087723	0.0	0.0	3	1.05	-27.383438809938234	138.0	33	1.05	0.95				
	311	1	0.0	0.0	0.0	0.0	3	1.0182268609167189	-20.132540786838366	230.0	33	1.05	0.95				
	312	1	0.0	0.0	0.0	0.0	3	1.017964016030024	-19.63769189091049	230.0	33	1.05	0.95				
	313	2	151.27886748245615	30.826637147368423	0.0	0.0	3	1.0248231923973852	-16.638204330264358	230.0	34	1.05	0.95				
	314	2	110.74754827017546	22.26368238421053	0.0	0.0	3	1.029264099538181	-17.38496252489944	230.0	36	1.05	0.95				
	315	2	180.9637773280702	36.535273656140355	0.0	0.0	3	1.0470793916683183	-10.659094671712781	230.0	36	1.05	0.95				
	316	2	57.0863650877193	11.417273017543861	0.0	0.0	3	1.0475917316465873	-10.078576461887392	230.0	36	1.05	0.95				
	317	1	0.0	0.0	0.0	0.0	3	1.05	-6.668906373959339	230.0	37	1.05	0.95				
	318	2	190.09759574210528	38.818728259649134	0.0	0.0	3	1.0466758693158387	-7.088062029260733	230.0	37	1.05	0.95				
	319	1	103.32632080877195	21.121955082456143	0.0	0.0	3	1.044517719120589	-11.473372498059849	230.0	35	1.05	0.95				
	320	1	73.07054731228071	14.842454922807018	0.0	0.0	3	1.0465096975171395	-11.616349345301424	230.0	35	1.05	0.95				
	321	2	0.0	0.0	0.0	0.0	3	1.0488546219220574	-7.317720864324125	230.0	37	1.05	0.95				
	322	2	0.0	0.0	0.0	0.0	3	1.05	-2.7171599679543936	230.0	37	1.05	0.95				
	323	2	0.0	0.0	0.0	0.0	3	1.048733487994857	-11.276395020313714	230.0	35	1.05	0.95				
	324	1	0.0	0.0	0.0	0.0	3	1.028231160926677	-14.483010052805744	230.0	36	1.05	0.95				
	325	1	0.0	0.0	0.0	0.0	3	1.04150002147872	-9.661717823110015	230.0	35	1.05	0.95				
];
