%% MATPOWER Case Format : Version 2
function mpc = RTS_GMLC
mpc.version = '2';

%%-----  Power Flow Data  -----%%
%% system MVA base
mpc.baseMVA = 100.0;
%% bus data
%    bus_i    type    Pd    Qd    Gs    Bs    area    Vm    Va    baseKV    zone    Vmax    Vmin
mpc.bus = [
	101	2	71.98218704842105	14.663038102456142	0.0	0.0	1	1.0499999863341567	1.2277012767867124	138.0	11	1.05	0.95				
	102	2	64.65066799719298	13.33003463859649	0.0	0.0	1	1.0488361897636684	0.8170176973087807	138.0	12	1.05	0.95				
	103	1	119.97031174736843	24.660564081403507	0.0	0.0	1	1.028995216932456	0.8245251386070023	138.0	11	1.05	0.95				
	104	1	49.321128162807014	9.997525978947367	0.0	0.0	1	1.0264257509035943	-2.6640751404401124	138.0	11	1.05	0.95				
	105	1	47.32162296701754	9.331024247017544	0.0	0.0	1	1.040116374075861	-3.1483462325273774	138.0	11	1.05	0.95				
	106	1	90.64423554245614	18.662048494035087	0.0	-100.0	1	1.041579599973628	-6.301529794030436	138.0	12	1.05	0.95				
	107	2	83.31271649122807	16.662543298245613	0.0	0.0	1	0.9984434772390218	-13.807076444245942	138.0	12	1.05	0.95				
	108	1	113.97179616	23.327560617543856	0.0	0.0	1	0.9943044216734238	-12.067861320395785	138.0	12	1.05	0.95				
	109	1	116.63780308771929	23.994062349473683	0.0	0.0	1	1.0247298096747839	-3.9613875747330645	138.0	13	1.05	0.95				
	110	1	129.96783772631576	26.66006927719298	0.0	0.0	1	1.05	-5.5742408604237745	138.0	13	1.05	0.95				
	111	1	0.0	0.0	0.0	0.0	1	1.014934476006284	-1.141562646236548	230.0	13	1.05	0.95				
	112	1	0.0	0.0	0.0	0.0	1	1.0151526924834218	-1.4358995150588243	230.0	13	1.05	0.95				
	113	3	176.6229589614035	35.99109352421053	0.0	0.0	1	1.0122400868591683	-9.106138575805678e-31	230.0	14	1.05	0.95				
	114	2	129.30133599438597	25.993567545263158	0.0	0.0	1	1.0231936493974085	1.5038238520798681	230.0	16	1.05	0.95				
	115	2	211.28104902175434	42.65611084350877	0.0	0.0	1	1.0390650752491062	11.069523343766072	230.0	16	1.05	0.95				
	116	2	66.65017319298245	13.33003463859649	0.0	0.0	1	1.0365151642540082	9.360749552912354	230.0	16	1.05	0.95				
	117	1	0.0	0.0	0.0	0.0	1	1.0424850061670716	14.798351285822969	230.0	17	1.05	0.95				
	118	2	221.9450767326316	45.32211777122807	0.0	0.0	1	1.05	15.966372886600343	230.0	17	1.05	0.95				
	119	1	120.63681347929824	24.660564081403507	0.0	0.0	1	1.0283020273694226	6.1232041541180795	230.0	15	1.05	0.95				
	120	1	85.31222168701754	17.32904503017544	0.0	0.0	1	1.0278973784706895	4.056233717093864	230.0	15	1.05	0.95				
	121	2	0.0	0.0	0.0	0.0	1	1.05	18.107094179655792	230.0	17	1.05	0.95				
	122	2	0.0	0.0	0.0	0.0	1	1.05	27.906222659648957	230.0	17	1.05	0.95				
	123	2	0.0	0.0	0.0	0.0	1	1.0295182002285659	3.424386274914282	230.0	15	1.05	0.95				
	124	1	0.0	0.0	0.0	0.0	1	1.0225252018639976	7.230711770856988	230.0	16	1.05	0.95				
	201	2	63.68141034947369	12.972139145263156	0.0	0.0	2	1.0139971077702328	-13.19550807188374	138.0	21	1.05	0.95				
	202	2	57.195340776842094	11.792853768421052	0.0	0.0	2	1.0134722008650443	-13.376316155036891	138.0	22	1.05	0.95				
	203	1	106.13568391578947	21.816779471578947	0.0	0.0	2	1.0133762576330894	-10.203173668037456	138.0	21	1.05	0.95				
	204	1	43.633558943157894	8.844640326315789	0.0	0.0	2	1.009737211096835	-12.263950478364162	138.0	21	1.05	0.95				
	205	1	41.86463087789473	8.254997637894737	0.0	0.0	2	1.0241364585055528	-12.688986011834123	138.0	21	1.05	0.95				
	206	1	80.19140562526316	16.509995275789475	0.0	-100.0	2	1.0370235419755707	-13.056072243218605	138.0	22	1.05	0.95				
	207	2	73.70533605263158	14.741067210526316	0.0	0.0	2	0.9949850765327601	-20.578280754437095	138.0	22	1.05	0.95				
	208	1	100.82889972	20.63749409473684	0.0	0.0	2	0.9934754245329782	-17.75068872611388	138.0	22	1.05	0.95				
	209	1	103.1874704736842	21.227136783157892	0.0	0.0	2	1.026081970429277	-8.937878907436103	138.0	23	1.05	0.95				
	210	1	114.98032424210524	23.585707536842104	0.0	0.0	2	1.05	-10.290955312161296	138.0	23	1.05	0.95				
	211	1	0.0	0.0	0.0	0.0	2	1.0168068053059696	-5.225617965990703	230.0	23	1.05	0.95				
	212	1	0.0	0.0	0.0	0.0	2	1.0198028174016656	0.537829501549342	230.0	23	1.05	0.95				
	213	2	156.25531243157894	31.840705174736843	0.0	0.0	2	1.0238215176891554	-1.6923582452596828	230.0	24	1.05	0.95				
	214	2	114.39068155368419	22.996064848421053	0.0	0.0	2	1.0209014516261825	-3.9376942152842527	230.0	26	1.05	0.95				
	215	2	186.91673222947367	37.73713205894737	0.0	0.0	2	1.034693934109493	1.0862848279601565	230.0	26	1.05	0.95				
	216	2	58.96426884210526	11.792853768421052	0.0	0.0	2	1.035992719503795	1.5073937192012627	230.0	26	1.05	0.95				
	217	1	0.0	0.0	0.0	0.0	2	1.037300158398313	2.1726567796961134	230.0	27	1.05	0.95				
	218	2	196.35101524421052	40.09570281263158	0.0	0.0	2	1.0354945323521583	1.446881146315894	230.0	27	1.05	0.95				
	219	1	106.72532660421052	21.816779471578947	0.0	0.0	2	1.036966309306371	3.206743543117433	230.0	25	1.05	0.95				
	220	1	75.47426411789473	15.330709898947367	0.0	0.0	2	1.0436774463633194	5.790013131712413	230.0	25	1.05	0.95				
	221	2	0.0	0.0	0.0	0.0	2	1.0375707353205588	2.131914889803995	230.0	27	1.05	0.95				
	222	2	0.0	0.0	0.0	0.0	2	1.05	8.648101410649668	230.0	27	1.05	0.95				
	223	2	0.0	0.0	0.0	0.0	2	1.05	7.625433460383969	230.0	25	1.05	0.95				
	224	1	0.0	0.0	0.0	0.0	2	1.012704335178677	-3.0991815664130375	230.0	26	1.05	0.95				
	301	2	78.71939261052633	16.035431828070177	0.0	0.0	3	0.9961705911708103	17.30432795139802	138.0	31	1.05	0.95				
	302	2	70.70167669649123	14.577665298245615	0.0	0.0	3	0.9986673347096591	17.111527908872795	138.0	32	1.05	0.95				
	303	1	131.19898768421055	26.968680801754385	0.0	0.0	3	1.0241706166538398	24.68551749428931	138.0	31	1.05	0.95				
	304	1	53.93736160350877	10.933248973684211	0.0	0.0	3	0.9937585525760255	19.54068178262529	138.0	31	1.05	0.95				
	305	1	51.75071180877193	10.204365708771931	0.0	0.0	3	1.0052693091076805	19.125563518624777	138.0	31	1.05	0.95				
	306	1	99.12812402807019	20.408731417543862	0.0	-100.0	3	1.0182211027303227	19.32982054976599	138.0	32	1.05	0.95				
	307	2	91.1104081140351	18.222081622807018	0.0	0.0	3	0.9637494532568177	14.560373273875248	138.0	32	1.05	0.95				
	308	1	124.63903830000001	25.510914271929824	0.0	0.0	3	0.9764353815783646	18.01112555156145	138.0	32	1.05	0.95				
	309	1	127.55457135964915	26.239797536842108	0.0	0.0	3	1.0172570838336952	24.558092878207695	138.0	33	1.05	0.95				
	310	1	142.13223665789474	29.15533059649123	0.0	0.0	3	1.0367986002377003	23.344997986596496	138.0	33	1.05	0.95				
	311	1	0.0	0.0	0.0	0.0	3	1.0068949159989065	30.74939330719175	230.0	33	1.05	0.95				
	312	1	0.0	0.0	0.0	0.0	3	1.0143827373238627	31.94783238423216	230.0	33	1.05	0.95				
	313	2	193.15406520175438	39.359696305263164	0.0	0.0	3	1.0389069392944024	40.13971042668287	230.0	34	1.05	0.95				
	314	2	141.40335339298247	28.426447331578945	0.0	0.0	3	1.0092367722202642	29.08089512078848	230.0	36	1.05	0.95				
	315	2	231.055994977193	46.64852895438597	0.0	0.0	3	1.0415184711699788	23.779093965867244	230.0	36	1.05	0.95				
	316	2	72.88832649122807	14.577665298245615	0.0	0.0	3	1.0399990200321843	25.11868332009835	230.0	36	1.05	0.95				
	317	1	0.0	0.0	0.0	0.0	3	1.05	25.650231296952956	230.0	37	1.05	0.95				
	318	2	242.71812721578948	49.564062014035095	0.0	0.0	3	1.0476942601359716	22.815676808273185	230.0	37	1.05	0.95				
	319	1	131.92787094912282	26.968680801754385	0.0	0.0	3	1.0384857681072461	27.105286569621345	230.0	35	1.05	0.95				
	320	1	93.29705790877193	18.950964887719298	0.0	0.0	3	1.0405961486754525	28.67650206704747	230.0	35	1.05	0.95				
	321	2	0.0	0.0	0.0	0.0	3	1.0462735549433402	23.775813016326687	230.0	37	1.05	0.95				
	322	2	0.0	0.0	0.0	0.0	3	1.05	28.85432114490474	230.0	37	1.05	0.95				
	323	2	0.0	0.0	0.0	0.0	3	1.0417657838940475	29.152850555400345	230.0	35	1.05	0.95				
	324	1	0.0	0.0	0.0	0.0	3	1.0339545989976886	26.187390471079926	230.0	36	1.05	0.95				
	325	1	0.0	0.0	0.0	0.0	3	1.0437462244736722	28.21991934092935	230.0	35	1.05	0.95				
];
