%% MATPOWER Case Format : Version 2
function mpc = RTS_GMLC
mpc.version = '2';

%%-----  Power Flow Data  -----%%
%% system MVA base
mpc.baseMVA = 100.0;
%% bus data
%    bus_i    type    Pd    Qd    Gs    Bs    area    Vm    Va    baseKV    zone    Vmax    Vmin
mpc.bus = [
	101	2	70.08510637894737	14.27659574385965	0.0	0.0	1	1.0499998185626869	0.07027066404523542	138.0	11	1.05	0.95				
	102	2	62.946808507017536	12.978723403508772	0.0	0.0	1	1.0488529553206334	-0.29170140079233203	138.0	12	1.05	0.95				
	103	1	116.80851063157895	24.010638296491226	0.0	0.0	1	1.0301689860649887	-1.8131792937914806	138.0	11	1.05	0.95				
	104	1	48.02127659298245	9.734042552631578	0.0	0.0	1	1.0274694864936635	-3.612591825451272	138.0	11	1.05	0.95				
	105	1	46.074468082456136	9.085106382456141	0.0	0.0	1	1.0406861703293155	-3.969844272140182	138.0	11	1.05	0.95				
	106	1	88.25531914385965	18.170212764912282	0.0	-100.0	1	1.0423788032667978	-6.912326113332771	138.0	12	1.05	0.95				
	107	2	81.11702127192983	16.223404254385965	0.0	0.0	1	0.999748260758303	-13.374539664242953	138.0	12	1.05	0.95				
	108	1	110.9680851	22.71276595614035	0.0	0.0	1	0.9966053476780306	-12.065329396111313	138.0	12	1.05	0.95				
	109	1	113.56382978070174	23.36170212631579	0.0	0.0	1	1.0258164517054054	-4.845825965247352	138.0	13	1.05	0.95				
	110	1	126.54255318421053	25.957446807017543	0.0	0.0	1	1.05	-6.104156511056272	138.0	13	1.05	0.95				
	111	1	0.0	0.0	0.0	0.0	1	1.011538736255833	-2.139352885609431	230.0	13	1.05	0.95				
	112	1	0.0	0.0	0.0	0.0	1	1.0139943911623437	-1.5415102575690767	230.0	13	1.05	0.95				
	113	3	171.96808509649122	35.042553189473686	0.0	0.0	1	1.0109781713609025	4.596431980653529e-27	230.0	14	1.05	0.95				
	114	2	125.89361701403507	25.308510636842108	0.0	0.0	1	1.0129664812694528	-0.6077696023081497	230.0	16	1.05	0.95				
	115	2	205.71276594561402	41.53191489122807	0.0	0.0	1	1.0420532886730076	6.128001665015375	230.0	16	1.05	0.95				
	116	2	64.89361701754386	12.978723403508772	0.0	0.0	1	1.0385926392565177	5.482694686906845	230.0	16	1.05	0.95				
	117	1	0.0	0.0	0.0	0.0	1	1.0439720541160142	8.099588680698186	230.0	17	1.05	0.95				
	118	2	216.09574466842108	44.127659571929826	0.0	0.0	1	1.0462288485834375	8.484645270507164	230.0	17	1.05	0.95				
	119	1	117.45744680175439	24.010638296491226	0.0	0.0	1	1.0314904829605724	4.302094547462379	230.0	15	1.05	0.95				
	120	1	83.06382978245614	16.872340424561404	0.0	0.0	1	1.0299820226456853	4.1070688258033865	230.0	15	1.05	0.95				
	121	2	0.0	0.0	0.0	0.0	1	1.0493277827958765	9.939092648475157	230.0	17	1.05	0.95				
	122	2	0.0	0.0	0.0	0.0	1	1.05	15.808534064376905	230.0	17	1.05	0.95				
	123	2	0.0	0.0	0.0	0.0	1	1.030706066721174	4.490641277074551	230.0	15	1.05	0.95				
	124	1	0.0	0.0	0.0	0.0	1	1.0274186191568389	3.1624236212359853	230.0	16	1.05	0.95				
	201	2	61.26743269894737	12.480402957192982	0.0	0.0	2	1.0253266576171685	-9.074311376959903	138.0	21	1.05	0.95				
	202	2	55.02723122035087	11.345820870175437	0.0	0.0	2	1.026333591514131	-8.839295532142538	138.0	22	1.05	0.95				
	203	1	102.11238783157894	20.989768609824562	0.0	0.0	2	1.015286700836964	-8.93679089407752	138.0	21	1.05	0.95				
	204	1	41.979537219649124	8.509365652631578	0.0	0.0	2	1.0161153068007744	-9.855429948899594	138.0	21	1.05	0.95				
	205	1	40.27766408912281	7.942074609122808	0.0	0.0	2	1.030638294472386	-10.113449349635935	138.0	21	1.05	0.95				
	206	1	77.15158191719298	15.884149218245616	0.0	-100.0	2	1.0407786775322483	-11.192068369862138	138.0	22	1.05	0.95				
	207	2	70.91138043859648	14.182276087719298	0.0	0.0	2	0.9921385733316167	-19.358986998594684	138.0	22	1.05	0.95				
	208	1	97.00676843999999	19.855186522807017	0.0	0.0	2	0.9926189901130675	-16.65884145449008	138.0	22	1.05	0.95				
	209	1	99.27593261403509	20.422477566315788	0.0	0.0	2	1.0248180893750962	-8.365304492982487	138.0	23	1.05	0.95				
	210	1	110.62175348421053	22.691641740350875	0.0	0.0	2	1.05	-9.354994089303558	138.0	23	1.05	0.95				
	211	1	0.0	0.0	0.0	0.0	2	1.010867572636806	-5.314777664115577	230.0	23	1.05	0.95				
	212	1	0.0	0.0	0.0	0.0	2	1.0158271921242543	-0.6557013802869764	230.0	23	1.05	0.95				
	213	2	150.33212652982456	30.633716349473683	0.0	0.0	2	1.0106806349196849	-2.8532406712389724	230.0	24	1.05	0.95				
	214	2	110.05446244070174	22.124350696842104	0.0	0.0	2	1.0125225565066966	-3.8566470423022143	230.0	26	1.05	0.95				
	215	2	179.8312607922807	36.3066267845614	0.0	0.0	2	1.0317543538157408	1.715641594904574	230.0	26	1.05	0.95				
	216	2	56.72910435087719	11.345820870175437	0.0	0.0	2	1.0312917778231645	1.686757454990465	230.0	26	1.05	0.95				
	217	1	0.0	0.0	0.0	0.0	2	1.0357368372083435	3.2997888454028694	230.0	27	1.05	0.95				
	218	2	188.90791748842105	38.57579095859649	0.0	0.0	2	1.0352773661000412	3.078617146850334	230.0	27	1.05	0.95				
	219	1	102.67967887508772	20.989768609824562	0.0	0.0	2	1.0299289575344217	1.9181428261029068	230.0	25	1.05	0.95				
	220	1	72.6132535691228	14.74956713122807	0.0	0.0	2	1.0333498426744039	3.2112249283920695	230.0	25	1.05	0.95				
	221	2	0.0	0.0	0.0	0.0	2	1.036608474496949	3.4099321214081133	230.0	27	1.05	0.95				
	222	2	0.0	0.0	0.0	0.0	2	1.05	9.865605825190233	230.0	27	1.05	0.95				
	223	2	0.0	0.0	0.0	0.0	2	1.0368818069839	4.34374308846473	230.0	25	1.05	0.95				
	224	1	0.0	0.0	0.0	0.0	2	1.0124153891372796	-2.250949016986052	230.0	26	1.05	0.95				
	301	2	72.96235366736843	14.862701672982457	0.0	0.0	3	0.9943093985172095	-9.356702864294725	138.0	31	1.05	0.95				
	302	2	65.5310028308772	13.511546975438598	0.0	0.0	3	0.9955673967839129	-9.429339892227457	138.0	32	1.05	0.95				
	303	1	121.60392277894738	24.996361904561404	0.0	0.0	3	1.0062132965625183	-5.2790102602620514	138.0	31	1.05	0.95				
	304	1	49.99272380912281	10.133660231578947	0.0	0.0	3	0.9932040974147156	-6.9549140645732175	138.0	31	1.05	0.95				
	305	1	47.96599176280702	9.45808288280702	0.0	0.0	3	1.0059510827985079	-7.071312665160045	138.0	31	1.05	0.95				
	306	1	91.87851943298247	18.91616576561404	0.0	-100.0	3	1.0208767135791101	-6.550636284752867	138.0	32	1.05	0.95				
	307	2	84.44716859649124	16.889433719298246	0.0	0.0	3	0.9772751788773844	-11.656407606900537	138.0	32	1.05	0.95				
	308	1	115.52372664	23.645207207017542	0.0	0.0	3	0.9845264221572491	-8.463507506332814	138.0	32	1.05	0.95				
	309	1	118.22603603508772	24.320784555789473	0.0	0.0	3	1.0166328338496944	-2.1237632737374152	138.0	33	1.05	0.95				
	310	1	131.73758301052632	27.023093950877197	0.0	0.0	3	1.039280124302765	-2.5798974797530336	138.0	33	1.05	0.95				
	311	1	0.0	0.0	0.0	0.0	3	1.0086686603466093	4.7139471604602985	230.0	33	1.05	0.95				
	312	1	0.0	0.0	0.0	0.0	3	1.0132195833895619	6.315828415588438	230.0	33	1.05	0.95				
	313	2	179.02799742456142	36.481176833684216	0.0	0.0	3	1.038636581363457	13.701890399785245	230.0	34	1.05	0.95				
	314	2	131.0620056617544	26.347516602105266	0.0	0.0	3	1.0132891779473627	3.6684633407089504	230.0	36	1.05	0.95				
	315	2	214.15801956070175	43.23695032140351	0.0	0.0	3	1.0314133042708837	-0.34946108445293556	230.0	36	1.05	0.95				
	316	2	67.55773487719298	13.511546975438598	0.0	0.0	3	1.0317132609350141	1.0013457881815995	230.0	36	1.05	0.95				
	317	1	0.0	0.0	0.0	0.0	3	1.03484712613839	0.7579935654163518	230.0	37	1.05	0.95				
	318	2	224.96725714105264	45.939259716491236	0.0	0.0	3	1.0328794054623969	0.07956967967103289	230.0	37	1.05	0.95				
	319	1	122.2795001277193	24.996361904561404	0.0	0.0	3	1.0309297871203316	3.897395287258424	230.0	35	1.05	0.95				
	320	1	86.47390064280702	17.565011068070177	0.0	0.0	3	1.0342275155599563	6.211738015155378	230.0	35	1.05	0.95				
	321	2	0.0	0.0	0.0	0.0	3	1.0344443277457938	0.48572632034936747	230.0	37	1.05	0.95				
	322	2	0.0	0.0	0.0	0.0	3	1.0478128940422264	4.917584201963335	230.0	37	1.05	0.95				
	323	2	0.0	0.0	0.0	0.0	3	1.0366288456753494	7.195875058076519	230.0	35	1.05	0.95				
	324	1	0.0	0.0	0.0	0.0	3	1.0173423133647532	-0.11036351746521442	230.0	36	1.05	0.95				
	325	1	0.0	0.0	0.0	0.0	3	1.0379937096804817	7.43399047342371	230.0	35	1.05	0.95				
];
