%% MATPOWER Case Format : Version 2
function mpc = RTS_GMLC
mpc.version = '2';

%%-----  Power Flow Data  -----%%
%% system MVA base
mpc.baseMVA = 100.0;
%% bus data
%    bus_i    type    Pd    Qd    Gs    Bs    area    Vm    Va    baseKV    zone    Vmax    Vmin
mpc.bus = [
	101	2	79.6373082568421	16.22241464491228	0.0	0.0	1	1.045920752820542	0.0925620779762458	138.0	11	1.05	0.95				
	102	2	71.52610093438597	14.747649677192983	0.0	0.0	1	1.0446313760804582	-0.3525112395346559	138.0	12	1.05	0.95				
	103	1	132.72884709473684	27.283151902807017	0.0	0.0	1	1.023964026014598	1.0138310882049337	138.0	11	1.05	0.95				
	104	1	54.566303805614034	11.060737257894736	0.0	0.0	1	1.0232063093172983	-3.605415050927916	138.0	11	1.05	0.95				
	105	1	52.354156354035084	10.323354774035089	0.0	0.0	1	1.0371946847200304	-4.235137134495001	138.0	11	1.05	0.95				
	106	1	100.2840178049123	20.646709548070177	0.0	-100.0	1	1.0385852788643506	-7.421001943258518	138.0	12	1.05	0.95				
	107	2	92.17281048245613	18.434562096491227	0.0	0.0	1	0.9986983654243841	-16.409023736467304	138.0	12	1.05	0.95				
	108	1	126.09240473999999	25.808386935087718	0.0	0.0	1	0.9906337812400647	-14.057925193566343	138.0	12	1.05	0.95				
	109	1	129.0419346754386	26.54576941894737	0.0	0.0	1	1.0244066175027242	-4.4309131235363495	138.0	13	1.05	0.95				
	110	1	143.78958435263158	29.495299354385967	0.0	0.0	1	1.05	-6.366866203700552	138.0	13	1.05	0.95				
	111	1	0.0	0.0	0.0	0.0	1	1.020734302867633	-0.9774931927168038	230.0	13	1.05	0.95				
	112	1	0.0	0.0	0.0	0.0	1	1.019414150720284	-1.2024646772203216	230.0	13	1.05	0.95				
	113	3	195.406358222807	39.81865412842105	0.0	0.0	1	1.0212252446169392	-4.122311990301774e-28	230.0	14	1.05	0.95				
	114	2	143.05220186877193	28.75791687052632	0.0	0.0	1	1.0353113980028064	2.51477418418747	230.0	16	1.05	0.95				
	115	2	233.7502473835088	47.19247896701754	0.0	0.0	1	1.037827990741729	13.709794708090696	230.0	16	1.05	0.95				
	116	2	73.73824838596491	14.747649677192983	0.0	0.0	1	1.0383401385491187	12.080592442620524	230.0	16	1.05	0.95				
	117	1	0.0	0.0	0.0	0.0	1	1.0416291305300573	18.04022125057939	230.0	17	1.05	0.95				
	118	2	245.54836712526318	50.14200890245615	0.0	0.0	1	1.05	19.100108200185733	230.0	17	1.05	0.95				
	119	1	133.46622957859648	27.283151902807017	0.0	0.0	1	1.0349357557384484	8.619947594657093	230.0	15	1.05	0.95				
	120	1	94.38495793403509	19.17194458035088	0.0	0.0	1	1.0397498959320943	6.517624644928875	230.0	15	1.05	0.95				
	121	2	0.0	0.0	0.0	0.0	1	1.05	21.332260093169563	230.0	17	1.05	0.95				
	122	2	0.0	0.0	0.0	0.0	1	1.05	34.176432690722756	230.0	17	1.05	0.95				
	123	2	0.0	0.0	0.0	0.0	1	1.0445242283182077	5.912344664042272	230.0	15	1.05	0.95				
	124	1	0.0	0.0	0.0	0.0	1	1.0166878420870666	8.96660186496084	230.0	16	1.05	0.95				
	201	2	76.68628995789474	15.621281287719299	0.0	0.0	2	1.030003756668651	-15.157760827405356	138.0	21	1.05	0.95				
	202	2	68.87564931403509	14.201164807017546	0.0	0.0	2	1.0311776290767707	-14.95501354361319	138.0	22	1.05	0.95				
	203	1	127.81048326315792	26.272154892982456	0.0	0.0	2	1.0145644119351347	-13.363109427208972	138.0	21	1.05	0.95				
	204	1	52.54430978596491	10.65087360526316	0.0	0.0	2	1.0156526358623073	-15.37851527852981	138.0	21	1.05	0.95				
	205	1	50.41413506491228	9.940815364912282	0.0	0.0	2	1.0309636044518737	-15.824606827535723	138.0	21	1.05	0.95				
	206	1	96.56792068771932	19.881630729824565	0.0	-100.0	2	1.037821460997939	-16.823942412832274	138.0	22	1.05	0.95				
	207	2	88.75728004385965	17.75145600877193	0.0	0.0	2	0.9686415365807166	-26.96478514059627	138.0	22	1.05	0.95				
	208	1	121.41995910000001	24.852038412280702	0.0	0.0	2	0.9718639090926282	-23.462409110252636	138.0	22	1.05	0.95				
	209	1	124.26019206140353	25.56209665263158	0.0	0.0	2	1.025577713064575	-12.831338707888994	138.0	23	1.05	0.95				
	210	1	138.46135686842106	28.402329614035093	0.0	0.0	2	1.05	-14.24464398187449	138.0	23	1.05	0.95				
	211	1	0.0	0.0	0.0	0.0	2	1.0258199332527647	-8.776938508542408	230.0	23	1.05	0.95				
	212	1	0.0	0.0	0.0	0.0	2	1.0227894434365303	-3.019155557038955	230.0	23	1.05	0.95				
	213	2	188.16543369298248	38.34314497894737	0.0	0.0	2	1.037144085916209	-5.259082531776586	230.0	24	1.05	0.95				
	214	2	137.75129862807017	27.692271373684214	0.0	0.0	2	1.0366834837440682	-7.223477784663764	230.0	26	1.05	0.95				
	215	2	225.08846219122807	45.443727382456146	0.0	0.0	2	1.0414601138903559	-0.9616500967150925	230.0	26	1.05	0.95				
	216	2	71.00582403508773	14.201164807017546	0.0	0.0	2	1.0427329969690933	-0.6319616151628431	230.0	26	1.05	0.95				
	217	1	0.0	0.0	0.0	0.0	2	1.0434776656305982	0.6999786250047226	230.0	27	1.05	0.95				
	218	2	236.44939403684214	48.28396034385966	0.0	0.0	2	1.0415019944205481	-0.37983387372768357	230.0	27	1.05	0.95				
	219	1	128.5205415035088	26.272154892982456	0.0	0.0	2	1.0395344219838019	0.9979729471548282	230.0	25	1.05	0.95				
	220	1	90.88745476491229	18.46151424912281	0.0	0.0	2	1.0440985279966075	3.750176039657518	230.0	25	1.05	0.95				
	221	2	0.0	0.0	0.0	0.0	2	1.0431365291400754	0.24393516798878156	230.0	27	1.05	0.95				
	222	2	0.0	0.0	0.0	0.0	2	1.05	6.929290091254954	230.0	27	1.05	0.95				
	223	2	0.0	0.0	0.0	0.0	2	1.05	5.767855201034446	230.0	25	1.05	0.95				
	224	1	0.0	0.0	0.0	0.0	2	1.0158240930238378	-5.538309198183829	230.0	26	1.05	0.95				
	301	2	69.54571337684212	14.16671939157895	0.0	0.0	3	0.9997642289470108	19.426677613701212	138.0	31	1.05	0.95				
	302	2	62.462353681052626	12.878835810526319	0.0	0.0	3	1.0012683493029528	19.36815822044455	138.0	32	1.05	0.95				
	303	1	115.90952229473686	23.82584624947369	0.0	0.0	3	1.018134055978398	22.744452300698917	138.0	31	1.05	0.95				
	304	1	47.65169249894738	9.659126857894737	0.0	0.0	3	1.0029650164212358	21.68644031660906	138.0	31	1.05	0.95				
	305	1	45.719867127368424	9.015185067368423	0.0	0.0	3	1.0147366494906644	21.588341635943447	138.0	31	1.05	0.95				
	306	1	87.57608351157896	18.030370134736845	0.0	-100.0	3	1.0317800907624715	22.07765141958603	138.0	32	1.05	0.95				
	307	2	80.49272381578947	16.098544763157896	0.0	0.0	3	0.9814209917872195	18.34611720432561	138.0	32	1.05	0.95				
	308	1	110.11404618	22.537962668421052	0.0	0.0	3	0.9950487581552171	21.239653735089686	138.0	32	1.05	0.95				
	309	1	112.68981334210525	23.18190445894737	0.0	0.0	3	1.0278106647271283	26.19622151295793	138.0	33	1.05	0.95				
	310	1	125.5686491526316	25.757671621052637	0.0	0.0	3	1.05	25.803707139725002	138.0	33	1.05	0.95				
	311	1	0.0	0.0	0.0	0.0	3	1.0169118948711178	32.446889946793064	230.0	33	1.05	0.95				
	312	1	0.0	0.0	0.0	0.0	3	1.0239984053552993	33.68314320641255	230.0	33	1.05	0.95				
	313	2	170.6445744894737	34.77285668842106	0.0	0.0	3	1.0472912924577455	41.62810150242852	230.0	34	1.05	0.95				
	314	2	124.92470736210525	25.11372983052632	0.0	0.0	3	1.0174805881634146	30.64574619617672	230.0	36	1.05	0.95				
	315	2	204.1295475968421	41.212274593684214	0.0	0.0	3	1.0404747705019204	24.57337424379251	230.0	36	1.05	0.95				
	316	2	64.39417905263159	12.878835810526319	0.0	0.0	3	1.0408641276798718	26.14202924661731	230.0	36	1.05	0.95				
	317	1	0.0	0.0	0.0	0.0	3	1.05	26.096455447106983	230.0	37	1.05	0.95				
	318	2	214.43261624526318	43.78804175578948	0.0	0.0	3	1.047910523387536	23.274245349361816	230.0	37	1.05	0.95				
	319	1	116.55346408526317	23.82584624947369	0.0	0.0	3	1.0412193910176917	28.62157431971118	230.0	35	1.05	0.95				
	320	1	82.42454918736843	16.742486553684213	0.0	0.0	3	1.044293943164585	30.432190018431598	230.0	35	1.05	0.95				
	321	2	0.0	0.0	0.0	0.0	3	1.0460703577422958	24.343839488530357	230.0	37	1.05	0.95				
	322	2	0.0	0.0	0.0	0.0	3	1.05	29.374132824857153	230.0	37	1.05	0.95				
	323	2	0.0	0.0	0.0	0.0	3	1.0457856895278097	31.009688571540757	230.0	35	1.05	0.95				
	324	1	0.0	0.0	0.0	0.0	3	1.0296703353136443	25.981581799846012	230.0	36	1.05	0.95				
	325	1	0.0	0.0	0.0	0.0	3	1.0475442488630187	30.1936007468266	230.0	35	1.05	0.95				
];
