%% MATPOWER Case Format : Version 2
function mpc = RTS_GMLC
mpc.version = '2';

%%-----  Power Flow Data  -----%%
%% system MVA base
mpc.baseMVA = 100.0;
%% bus data
%    bus_i    type    Pd    Qd    Gs    Bs    area    Vm    Va    baseKV    zone    Vmax    Vmin
mpc.bus = [
	101	2	49.40425530947369	10.06382978526316	0.0	0.0	1	0.9972242094005712	-7.87205783254129	138.0	11	1.05	0.95				
	102	2	44.37234041684211	9.148936168421054	0.0	0.0	1	0.9956849851068554	-8.065924601322411	138.0	12	1.05	0.95				
	103	1	82.34042551578949	16.925531911578947	0.0	0.0	1	1.0178051760878142	0.32641075156926863	138.0	11	1.05	0.95				
	104	1	33.851063823157894	6.86170212631579	0.0	0.0	1	1.0035291470437724	-6.972073411020348	138.0	11	1.05	0.95				
	105	1	32.47872339789474	6.404255317894739	0.0	0.0	1	1.0177012061324906	-7.950441652236369	138.0	11	1.05	0.95				
	106	1	62.21276594526317	12.808510635789478	0.0	-100.0	1	1.0365991509622874	-8.533455622032347	138.0	12	1.05	0.95				
	107	2	57.18085105263159	11.436170210526317	0.0	0.0	1	0.9849793867780633	-11.556219834082277	138.0	12	1.05	0.95				
	108	1	78.22340424000001	16.010638294736843	0.0	0.0	1	0.9943050421271401	-10.375498894036188	138.0	12	1.05	0.95				
	109	1	80.05319147368422	16.468085103157897	0.0	0.0	1	1.0241889358049425	-4.211348386402412	138.0	13	1.05	0.95				
	110	1	89.20212764210527	18.297872336842108	0.0	0.0	1	1.05	-6.546657618577783	138.0	13	1.05	0.95				
	111	1	0.0	0.0	0.0	0.0	1	1.020155102753546	-0.4574253459945385	230.0	13	1.05	0.95				
	112	1	0.0	0.0	0.0	0.0	1	1.0156116280443375	-1.6266712838884045	230.0	13	1.05	0.95				
	113	3	121.22340423157895	24.702127654736845	0.0	0.0	1	1.0056628769506375	-2.338217360051841e-31	230.0	14	1.05	0.95				
	114	2	88.74468083368421	17.840425528421054	0.0	0.0	1	1.05	3.9245428495781467	230.0	16	1.05	0.95				
	115	2	145.0106382694737	29.27659573894737	0.0	0.0	1	1.038535335221748	15.167234054244217	230.0	16	1.05	0.95				
	116	2	45.74468084210527	9.148936168421054	0.0	0.0	1	1.0401529604724777	13.129259233893485	230.0	16	1.05	0.95				
	117	1	0.0	0.0	0.0	0.0	1	1.0394966270139485	20.000035404636535	230.0	17	1.05	0.95				
	118	2	152.32978720421056	31.106382972631586	0.0	0.0	1	1.05	20.987932045539804	230.0	17	1.05	0.95				
	119	1	82.79787232421054	16.925531911578947	0.0	0.0	1	1.038830799941788	8.590059555911337	230.0	15	1.05	0.95				
	120	1	58.55319147789474	11.893617018947369	0.0	0.0	1	1.045014431763861	5.224374933977265	230.0	15	1.05	0.95				
	121	2	0.0	0.0	0.0	0.0	1	1.0454707323309873	22.63079482665563	230.0	17	1.05	0.95				
	122	2	0.0	0.0	0.0	0.0	1	1.05	40.57302931772965	230.0	17	1.05	0.95				
	123	2	0.0	0.0	0.0	0.0	1	1.05	3.7266234737858452	230.0	15	1.05	0.95				
	124	1	0.0	0.0	0.0	0.0	1	1.0116868233432132	9.655242546382587	230.0	16	1.05	0.95				
	201	2	46.63056823578948	9.498819455438596	0.0	0.0	2	0.9866389333195227	-12.238740133862782	138.0	21	1.05	0.95				
	202	2	41.88115850807018	8.635290414035088	0.0	0.0	2	0.9853421691232587	-12.489259371730613	138.0	22	1.05	0.95				
	203	1	77.71761372631579	15.975287265964914	0.0	0.0	2	0.9884363444034838	-9.307835568545235	138.0	21	1.05	0.95				
	204	1	31.950574531929828	6.476467810526317	0.0	0.0	2	0.9773180213753473	-11.655808216866697	138.0	21	1.05	0.95				
	205	1	30.65528096982456	6.044703289824562	0.0	0.0	2	0.9915919146830338	-12.028069426198144	138.0	21	1.05	0.95				
	206	1	58.719974815438604	12.089406579649124	0.0	-100.0	2	1.0017681212292249	-12.472290005807341	138.0	22	1.05	0.95				
	207	2	53.9705650877193	10.79411301754386	0.0	0.0	2	0.9646636186246709	-18.252167462451567	138.0	22	1.05	0.95				
	208	1	73.83173304	15.111758224561402	0.0	0.0	2	0.9642911561244814	-16.067599805884644	138.0	22	1.05	0.95				
	209	1	75.55879112280702	15.543522745263157	0.0	0.0	2	0.9844164107848347	-9.049544085276132	138.0	23	1.05	0.95				
	210	1	84.19408153684212	17.270580828070177	0.0	0.0	2	1.0076122886672794	-10.317084532438203	138.0	23	1.05	0.95				
	211	1	0.0	0.0	0.0	0.0	2	0.9670376466020312	-6.1151906507072935	230.0	23	1.05	0.95				
	212	1	0.0	0.0	0.0	0.0	2	0.9581779195796204	-2.0465050352302914	230.0	23	1.05	0.95				
	213	2	114.41759798596492	23.31528411789474	0.0	0.0	2	0.9500000877897581	-3.482660430992928	230.0	24	1.05	0.95				
	214	2	83.76231701614036	16.838816307368422	0.0	0.0	2	0.9800516830753309	-4.719934941291717	230.0	26	1.05	0.95				
	215	2	136.86935306245616	27.632929324912283	0.0	0.0	2	1.0042370037720532	0.3056357644926704	230.0	26	1.05	0.95				
	216	2	43.17645207017544	8.635290414035088	0.0	0.0	2	0.9953585064516081	0.17058421396709253	230.0	26	1.05	0.95				
	217	1	0.0	0.0	0.0	0.0	2	1.0154504339487707	1.6311283396056637	230.0	27	1.05	0.95				
	218	2	143.7775853936842	29.359987407719302	0.0	0.0	2	1.0148151186627457	1.1011360683204623	230.0	27	1.05	0.95				
	219	1	78.14937824701755	15.975287265964914	0.0	0.0	2	0.9728911812039888	1.170698684319551	230.0	25	1.05	0.95				
	220	1	55.265858649824565	11.225877538245616	0.0	0.0	2	0.9571187961960662	3.021343317525195	230.0	25	1.05	0.95				
	221	2	0.0	0.0	0.0	0.0	2	1.015184207533917	1.6591609128345701	230.0	27	1.05	0.95				
	222	2	0.0	0.0	0.0	0.0	2	1.0387995855305958	8.280722775635972	230.0	27	1.05	0.95				
	223	2	0.0	0.0	0.0	0.0	2	0.95	4.454448613506254	230.0	25	1.05	0.95				
	224	1	0.0	0.0	0.0	0.0	2	0.9867106616272162	-3.272523903264499	230.0	26	1.05	0.95				
	301	2	65.9582410736842	13.435937996491228	0.0	0.0	3	1.0040014474824133	35.291838627815565	138.0	31	1.05	0.95				
	302	2	59.2402720754386	12.214489087719299	0.0	0.0	3	1.003864425739965	34.99240636964157	138.0	32	1.05	0.95				
	303	1	109.93040178947369	22.596804812280702	0.0	0.0	3	1.0156567152671347	47.72869882148733	138.0	31	1.05	0.95				
	304	1	45.193609624561404	9.160866815789474	0.0	0.0	3	1.0017977946631917	36.679423512076355	138.0	31	1.05	0.95				
	305	1	43.361436261403504	8.550142361403509	0.0	0.0	3	1.0188586206497994	35.38581424547514	138.0	31	1.05	0.95				
	306	1	83.05852579649124	17.100284722807018	0.0	-100.0	3	1.0340611734407572	34.75270146646392	138.0	32	1.05	0.95				
	307	2	76.3405567982456	15.268111359649122	0.0	0.0	3	0.9990460409365066	30.737807752225642	138.0	32	1.05	0.95				
	308	1	104.43388169999999	21.37535590350877	0.0	0.0	3	1.0023242739287324	33.5557672211697	138.0	32	1.05	0.95				
	309	1	106.87677951754387	21.986080357894735	0.0	0.0	3	1.0212840577062452	40.58073188468481	138.0	33	1.05	0.95				
	310	1	119.09126860526315	24.428978175438598	0.0	0.0	3	1.05	37.445720987892926	138.0	33	1.05	0.95				
	311	1	0.0	0.0	0.0	0.0	3	1.0046129605741387	42.72018211125042	230.0	33	1.05	0.95				
	312	1	0.0	0.0	0.0	0.0	3	1.0280043865875528	42.863723835958645	230.0	33	1.05	0.95				
	313	2	161.8419804122807	32.9791205368421	0.0	0.0	3	1.038494786006254	47.37841512817833	230.0	34	1.05	0.95				
	314	2	118.4805441508772	23.81825372105263	0.0	0.0	3	0.9748889964854496	42.328644730075574	230.0	36	1.05	0.95				
	315	2	193.5996520403509	39.08636508070175	0.0	0.0	3	0.9704693495708481	38.821109530970055	230.0	36	1.05	0.95				
	316	2	61.07244543859649	12.214489087719299	0.0	0.0	3	0.9504920573903711	39.5725869266027	230.0	36	1.05	0.95				
	317	1	0.0	0.0	0.0	0.0	3	0.9595664760555931	41.28385354166077	230.0	37	1.05	0.95				
	318	2	203.37124331052632	41.52926289824562	0.0	0.0	3	0.95	36.89774830072379	230.0	37	1.05	0.95				
	319	1	110.54112624385965	22.596804812280702	0.0	0.0	3	0.9920167991412896	39.732328595013996	230.0	35	1.05	0.95				
	320	1	78.1727301614035	15.878835814035089	0.0	0.0	3	1.0297343302506838	39.50368430347327	230.0	35	1.05	0.95				
	321	2	0.0	0.0	0.0	0.0	3	0.9733032302726591	38.24326556952983	230.0	37	1.05	0.95				
	322	2	0.0	0.0	0.0	0.0	3	0.9919610867070123	44.229293336859826	230.0	37	1.05	0.95				
	323	2	0.0	0.0	0.0	0.0	3	1.0499654086678807	39.05417623621898	230.0	35	1.05	0.95				
	324	1	0.0	0.0	0.0	0.0	3	0.9874992703140024	44.22754823210533	230.0	36	1.05	0.95				
	325	1	0.0	0.0	0.0	0.0	3	1.05	37.67581658580682	230.0	35	1.05	0.95				
];
