%% MATPOWER Case Format : Version 2
function mpc = RTS_GMLC
mpc.version = '2';

%%-----  Power Flow Data  -----%%
%% system MVA base
mpc.baseMVA = 100.0;
%% bus data
%    bus_i    type    Pd    Qd    Gs    Bs    area    Vm    Va    baseKV    zone    Vmax    Vmin
mpc.bus = [
	101	2	46.117763469473694	9.394359225263159	0.0	0.0	1	1.0181383750481794	3.2821310187681028	138.0	11	1.05	0.95				
	102	2	41.42058385684211	8.540326568421055	0.0	0.0	1	1.0169788412770258	2.976335036805837	138.0	12	1.05	0.95				
	103	1	76.86293911578949	15.79960415157895	0.0	0.0	1	1.0279737269522453	3.025242976657263	138.0	11	1.05	0.95				
	104	1	31.5992083031579	6.40524492631579	0.0	0.0	1	1.0145620918837406	-0.1718370318328098	138.0	11	1.05	0.95				
	105	1	30.31815931789474	5.978228597894739	0.0	0.0	1	1.0278469320083274	-0.08510972552459076	138.0	11	1.05	0.95				
	106	1	58.07422066526316	11.956457195789477	0.0	-100.0	1	1.0413946800756742	-2.4311099355713854	138.0	12	1.05	0.95				
	107	2	53.37704105263159	10.675408210526317	0.0	0.0	1	0.9860134251213658	-7.751204972955976	138.0	12	1.05	0.95				
	108	1	73.01979216000001	14.945571494736843	0.0	0.0	1	0.9961828776047154	-6.444876123913562	138.0	12	1.05	0.95				
	109	1	74.72785747368422	15.372587823157897	0.0	0.0	1	1.025652108133397	-0.9649802654753035	138.0	13	1.05	0.95				
	110	1	83.26818404210528	17.08065313684211	0.0	0.0	1	1.05	-2.093768175019214	138.0	13	1.05	0.95				
	111	1	0.0	0.0	0.0	0.0	1	1.0179639537746141	0.9506948567520908	230.0	13	1.05	0.95				
	112	1	0.0	0.0	0.0	0.0	1	1.0129541937693538	0.2699949485379769	230.0	13	1.05	0.95				
	113	3	113.15932703157895	23.058881734736847	0.0	0.0	1	0.9938831457323823	-2.5664542533203096e-30	230.0	14	1.05	0.95				
	114	2	82.84116771368421	16.653636808421055	0.0	0.0	1	1.044744563771222	4.180975571027836	230.0	16	1.05	0.95				
	115	2	135.3641761094737	27.329045018947372	0.0	0.0	1	1.0442280668264403	12.979654445716791	230.0	16	1.05	0.95				
	116	2	42.70163284210527	8.540326568421055	0.0	0.0	1	1.0446744183409788	11.472114747030586	230.0	16	1.05	0.95				
	117	1	0.0	0.0	0.0	0.0	1	1.0425150936053575	16.96534333830685	230.0	17	1.05	0.95				
	118	2	142.19643736421054	29.03711033263158	0.0	0.0	1	1.05	17.338726411253752	230.0	17	1.05	0.95				
	119	1	77.28995544421055	15.79960415157895	0.0	0.0	1	1.0404566041497914	8.04357892003021	230.0	15	1.05	0.95				
	120	1	54.658090037894745	11.102424538947371	0.0	0.0	1	1.042114245202131	5.869002762993027	230.0	15	1.05	0.95				
	121	2	0.0	0.0	0.0	0.0	1	1.0431956559443	18.762237553241714	230.0	17	1.05	0.95				
	122	2	0.0	0.0	0.0	0.0	1	1.05	36.72399770487725	230.0	17	1.05	0.95				
	123	2	0.0	0.0	0.0	0.0	1	1.0437986798690038	4.993576686414898	230.0	15	1.05	0.95				
	124	1	0.0	0.0	0.0	0.0	1	1.025664664516285	9.273035294681536	230.0	16	1.05	0.95				
	201	2	43.85959389473685	8.934361719298247	0.0	0.0	2	1.0201959073802798	-7.881241702892432	138.0	21	1.05	0.95				
	202	2	39.39241303508772	8.122147017543861	0.0	0.0	2	1.0205742268093212	-7.843693108235659	138.0	22	1.05	0.95				
	203	1	73.09932315789474	15.02597198245614	0.0	0.0	2	1.0133904977140344	-6.663489180097805	138.0	21	1.05	0.95				
	204	1	30.05194396491228	6.091610263157895	0.0	0.0	2	1.0155396531652325	-8.764785211500648	138.0	21	1.05	0.95				
	205	1	28.833621912280705	5.685502912280703	0.0	0.0	2	1.030253697177099	-9.026022313917068	138.0	21	1.05	0.95				
	206	1	55.230599719298255	11.371005824561406	0.0	-100.0	2	1.0439913837768113	-10.082359156526056	138.0	22	1.05	0.95				
	207	2	50.76341885964912	10.152683771929825	0.0	0.0	2	0.9936634062481811	-15.611233692890668	138.0	22	1.05	0.95				
	208	1	69.444357	14.213757280701756	0.0	0.0	2	1.000084890052347	-13.791649907191589	138.0	22	1.05	0.95				
	209	1	71.06878640350878	14.619864631578949	0.0	0.0	2	1.0226162985571134	-7.83628543765637	138.0	23	1.05	0.95				
	210	1	79.19093342105263	16.244294035087723	0.0	0.0	2	1.05	-8.874540383524018	138.0	23	1.05	0.95				
	211	1	0.0	0.0	0.0	0.0	2	1.0051249834839093	-5.085939930532345	230.0	23	1.05	0.95				
	212	1	0.0	0.0	0.0	0.0	2	1.0073059437800749	-3.9786563590561252	230.0	23	1.05	0.95				
	213	2	107.61844798245615	21.929796947368423	0.0	0.0	2	1.0000962598090564	-3.4917759335078955	230.0	24	1.05	0.95				
	214	2	78.78482607017544	15.838186684210529	0.0	0.0	2	1.0053175793574214	-3.0935363436252143	230.0	26	1.05	0.95				
	215	2	128.73603022807018	25.990870456140353	0.0	0.0	2	1.023233183703863	1.9074159785453964	230.0	26	1.05	0.95				
	216	2	40.6107350877193	8.122147017543861	0.0	0.0	2	1.0254120572948384	2.1727623077764657	230.0	26	1.05	0.95				
	217	1	0.0	0.0	0.0	0.0	2	1.0332696402449522	3.396031015947898	230.0	27	1.05	0.95				
	218	2	135.23374784210526	27.615299859649127	0.0	0.0	2	1.0312197740294389	2.889808422823577	230.0	27	1.05	0.95				
	219	1	73.50543050877194	15.02597198245614	0.0	0.0	2	1.0253791546353472	2.821586615767786	230.0	25	1.05	0.95				
	220	1	51.981740912280706	10.558791122807019	0.0	0.0	2	1.028160202633247	4.177908894796343	230.0	25	1.05	0.95				
	221	2	0.0	0.0	0.0	0.0	2	1.0316209484376142	3.3646848318449085	230.0	27	1.05	0.95				
	222	2	0.0	0.0	0.0	0.0	2	1.05	9.871877105316196	230.0	27	1.05	0.95				
	223	2	0.0	0.0	0.0	0.0	2	1.0306028987458624	5.2317616908455005	230.0	25	1.05	0.95				
	224	1	0.0	0.0	0.0	0.0	2	1.0088826272823173	-1.3014836391369027	230.0	26	1.05	0.95				
	301	2	58.81746281684212	11.981335018245614	0.0	0.0	3	1.0150583355767362	-8.922383769467041	138.0	31	1.05	0.95				
	302	2	52.8267953077193	10.89212274385965	0.0	0.0	3	1.013773897292998	-9.182179833382396	138.0	32	1.05	0.95				
	303	1	98.02910469473684	20.15042707614035	0.0	0.0	3	1.0436019174432503	2.3484552716217615	138.0	31	1.05	0.95				
	304	1	40.3008541522807	8.169092057894737	0.0	0.0	3	1.0111863137282808	-7.515082036134652	138.0	31	1.05	0.95				
	305	1	38.66703574070175	7.624485920701756	0.0	0.0	3	1.0255952365583476	-9.087799749572264	138.0	31	1.05	0.95				
	306	1	74.06643465824561	15.248971841403511	0.0	-100.0	3	1.0384921065359287	-9.797540402793256	138.0	32	1.05	0.95				
	307	2	68.0757671491228	13.615153429824561	0.0	0.0	3	0.993098020658727	-15.745463571375884	138.0	32	1.05	0.95				
	308	1	93.12764946	19.061214801754385	0.0	0.0	3	0.994592082252824	-13.177522976798718	138.0	32	1.05	0.95				
	309	1	95.30607400877193	19.605820938947367	0.0	0.0	3	1.027328347890341	-3.9286137003340604	138.0	33	1.05	0.95				
	310	1	106.19819675263157	21.7842454877193	0.0	0.0	3	1.05	-7.50730199502059	138.0	33	1.05	0.95				
	311	1	0.0	0.0	0.0	0.0	3	1.0150118913266635	-1.078952313123189	230.0	33	1.05	0.95				
	312	1	0.0	0.0	0.0	0.0	3	1.0137484532366308	-0.7351465419592179	230.0	33	1.05	0.95				
	313	2	144.32062635614034	29.40873140842106	0.0	0.0	3	1.0151074110280758	1.9470415793660756	230.0	34	1.05	0.95				
	314	2	105.6535906154386	21.239639350526314	0.0	0.0	3	1.0238900177417802	0.9495266122410272	230.0	36	1.05	0.95				
	315	2	172.64014549017543	34.85479278035088	0.0	0.0	3	1.044092662990472	6.6892249657823175	230.0	36	1.05	0.95				
	316	2	54.460613719298244	10.89212274385965	0.0	0.0	3	1.043113344777741	7.107860749946763	230.0	36	1.05	0.95				
	317	1	0.0	0.0	0.0	0.0	3	1.05	11.609148203216517	230.0	37	1.05	0.95				
	318	2	181.35384368526317	37.033217329122806	0.0	0.0	3	1.0442187074483757	9.417884655393907	230.0	37	1.05	0.95				
	319	1	98.57371083192983	20.15042707614035	0.0	0.0	3	1.034077612049985	5.542752601220948	230.0	35	1.05	0.95				
	320	1	69.70958556070175	14.159759567017543	0.0	0.0	3	1.0307707399518558	5.212495262247153	230.0	35	1.05	0.95				
	321	2	0.0	0.0	0.0	0.0	3	1.0455815031810787	9.126319644340677	230.0	37	1.05	0.95				
	322	2	0.0	0.0	0.0	0.0	3	1.05	14.44323458118339	230.0	37	1.05	0.95				
	323	2	0.0	0.0	0.0	0.0	3	1.0299934810958193	5.444458764392896	230.0	35	1.05	0.95				
	324	1	0.0	0.0	0.0	0.0	3	1.0370869506409608	5.069906857869958	230.0	36	1.05	0.95				
	325	1	0.0	0.0	0.0	0.0	3	1.0275227257138753	6.560403782572687	230.0	35	1.05	0.95				
];
