%% MATPOWER Case Format : Version 2
function mpc = RTS_GMLC
mpc.version = '2';

%%-----  Power Flow Data  -----%%
%% system MVA base
mpc.baseMVA = 100.0;
%% bus data
%    bus_i    type    Pd    Qd    Gs    Bs    area    Vm    Va    baseKV    zone    Vmax    Vmin
mpc.bus = [
	101	2	41.46857992421052	8.447303317894736	0.0	0.0	1	1.0144215956476978	-3.669248400852189	138.0	11	1.05	0.95				
	102	2	37.244928265263155	7.679366652631579	0.0	0.0	1	1.0141832730978668	-3.874980605157931	138.0	12	1.05	0.95				
	103	1	69.1142998736842	14.206828307368419	0.0	0.0	1	1.0041922711042632	-0.32633569169551835	138.0	11	1.05	0.95				
	104	1	28.413656614736837	5.759524989473683	0.0	0.0	1	1.004660420637199	-3.9966479945680433	138.0	11	1.05	0.95				
	105	1	27.2617516168421	5.375556656842105	0.0	0.0	1	1.0177120019094794	-5.016347813911267	138.0	11	1.05	0.95				
	106	1	52.21969323789474	10.75111331368421	0.0	-100.0	1	1.0275172287084557	-6.2380629883543754	138.0	12	1.05	0.95				
	107	2	47.99604157894737	9.599208315789474	0.0	0.0	1	0.985052325755977	-8.942272841452692	138.0	12	1.05	0.95				
	108	1	65.65858487999999	13.438891642105261	0.0	0.0	1	0.9882643543012561	-8.236006287650593	138.0	12	1.05	0.95				
	109	1	67.1944582105263	13.82285997473684	0.0	0.0	1	1.0025421508046666	-3.496025037719429	138.0	13	1.05	0.95				
	110	1	74.87382486315789	15.358733305263158	0.0	0.0	1	1.0300584939233803	-5.116797555804995	138.0	13	1.05	0.95				
	111	1	0.0	0.0	0.0	0.0	1	0.9798340483965297	-1.3358135169528154	230.0	13	1.05	0.95				
	112	1	0.0	0.0	0.0	0.0	1	0.9816694676621276	-1.6440824994994692	230.0	13	1.05	0.95				
	113	3	101.75160814736842	20.73428996210526	0.0	0.0	1	0.961627854559409	3.510966578279741e-27	230.0	14	1.05	0.95				
	114	2	74.48985653052631	14.97476497263158	0.0	0.0	1	0.9849156300077132	0.6480218053530917	230.0	16	1.05	0.95				
	115	2	121.71796144421052	24.57397328842105	0.0	0.0	1	0.9896419378812503	7.079362098092247	230.0	16	1.05	0.95				
	116	2	38.396833263157895	7.679366652631579	0.0	0.0	1	0.9894744519340332	6.052267683400655	230.0	16	1.05	0.95				
	117	1	0.0	0.0	0.0	0.0	1	0.9951351655313527	9.913331126237514	230.0	17	1.05	0.95				
	118	2	127.86145476631579	26.10984661894737	0.0	0.0	1	0.9976163910392403	10.487056913634925	230.0	17	1.05	0.95				
	119	1	69.49826820631579	14.206828307368419	0.0	0.0	1	0.9898995720427916	3.8528107006885035	230.0	15	1.05	0.95				
	120	1	49.1479465768421	9.983176648421052	0.0	0.0	1	0.9927770277235173	2.1919842736968866	230.0	15	1.05	0.95				
	121	2	0.0	0.0	0.0	0.0	1	0.9978272281812902	11.616646951574745	230.0	17	1.05	0.95				
	122	2	0.0	0.0	0.0	0.0	1	1.0174953667461795	21.031228051811155	230.0	17	1.05	0.95				
	123	2	0.0	0.0	0.0	0.0	1	0.9949079756332356	1.5967902436656374	230.0	15	1.05	0.95				
	124	1	0.0	0.0	0.0	0.0	1	0.9859775935478737	4.230749773114663	230.0	16	1.05	0.95				
	201	2	42.24460884631579	8.605383283508774	0.0	0.0	2	1.0109861199357524	-8.086506530390299	138.0	21	1.05	0.95				
	202	2	37.941917204561406	7.823075712280703	0.0	0.0	2	1.0098135184814774	-8.260891012137026	138.0	22	1.05	0.95				
	203	1	70.40768141052632	14.472690067719299	0.0	0.0	2	0.9970221102078258	-6.260603179912907	138.0	21	1.05	0.95				
	204	1	28.945380135438597	5.867306784210527	0.0	0.0	2	1.0019666415123858	-7.409236611259208	138.0	21	1.05	0.95				
	205	1	27.771918778596493	5.4761529985964925	0.0	0.0	2	1.0180103365582684	-7.672967318047507	138.0	21	1.05	0.95				
	206	1	53.19691484350878	10.952305997192985	0.0	-100.0	2	1.0300766882162757	-7.939450409610233	138.0	22	1.05	0.95				
	207	2	48.89422320175439	9.778844640350878	0.0	0.0	2	0.971389564457049	-12.631705892665467	138.0	22	1.05	0.95				
	208	1	66.88729734	13.69038249649123	0.0	0.0	2	0.9810202260014763	-10.855117259097604	138.0	22	1.05	0.95				
	209	1	68.45191248245615	14.081536282105263	0.0	0.0	2	1.0071486623930492	-5.04249473999212	138.0	23	1.05	0.95				
	210	1	76.27498819473685	15.646151424561406	0.0	0.0	2	1.034695610914858	-5.963768287684837	138.0	23	1.05	0.95				
	211	1	0.0	0.0	0.0	0.0	2	0.9869218586582397	-2.9100288939061616	230.0	23	1.05	0.95				
	212	1	0.0	0.0	0.0	0.0	2	0.9908026252639383	2.167919593351745	230.0	23	1.05	0.95				
	213	2	103.65575318771931	21.122304423157896	0.0	0.0	2	0.9831918903519716	-0.40277235890567487	230.0	24	1.05	0.95				
	214	2	75.88383440912281	15.254997638947371	0.0	0.0	2	0.9810417267119277	-2.3645040610816053	230.0	26	1.05	0.95				
	215	2	123.99575003964914	25.033842279298245	0.0	0.0	2	0.9901097323764944	1.2436025312917427	230.0	26	1.05	0.95				
	216	2	39.11537856140351	7.823075712280703	0.0	0.0	2	0.9883893947178131	0.9777856387458863	230.0	26	1.05	0.95				
	217	1	0.0	0.0	0.0	0.0	2	0.9979430684175237	1.7445011219138125	230.0	27	1.05	0.95				
	218	2	130.25421060947372	26.59845742175439	0.0	0.0	2	0.9985275976853116	1.3897336640248183	230.0	27	1.05	0.95				
	219	1	70.79883519614036	14.472690067719299	0.0	0.0	2	0.9837357138876616	1.7558280025528357	230.0	25	1.05	0.95				
	220	1	50.06768455859649	10.169998425964915	0.0	0.0	2	0.9826774883323653	3.2679793231268635	230.0	25	1.05	0.95				
	221	2	0.0	0.0	0.0	0.0	2	1.000813407492897	2.037184863901833	230.0	27	1.05	0.95				
	222	2	0.0	0.0	0.0	0.0	2	1.0189170518001611	7.714052252498453	230.0	27	1.05	0.95				
	223	2	0.0	0.0	0.0	0.0	2	0.9831536059188453	4.430211126632734	230.0	25	1.05	0.95				
	224	1	0.0	0.0	0.0	0.0	2	0.9834744054231939	-1.617678936438333	230.0	26	1.05	0.95				
	301	2	59.449541267368424	12.110091739649123	0.0	0.0	3	1.0033470557198232	16.97574187676913	138.0	31	1.05	0.95				
	302	2	53.394495397543864	11.009174308771929	0.0	0.0	3	1.0035991232803625	16.937900745193293	138.0	32	1.05	0.95				
	303	1	99.08256877894736	20.36697247122807	0.0	0.0	3	0.9933043799521982	20.952681338216863	138.0	31	1.05	0.95				
	304	1	40.73394494245614	8.256880731578947	0.0	0.0	3	0.9956424805354335	19.34873093180062	138.0	31	1.05	0.95				
	305	1	39.08256879614035	7.706422016140352	0.0	0.0	3	1.0106377099256016	18.637568728209352	138.0	31	1.05	0.95				
	306	1	74.86238529964912	15.412844032280704	0.0	-100.0	3	1.023042900662595	18.942973384329548	138.0	32	1.05	0.95				
	307	2	68.80733942982455	13.761467885964912	0.0	0.0	3	0.9704952600301955	16.652987683385707	138.0	32	1.05	0.95				
	308	1	94.12844034	19.266055040350878	0.0	0.0	3	0.9843902284458361	19.1463061243108	138.0	32	1.05	0.95				
	309	1	96.33027520175439	19.816513755789472	0.0	0.0	3	1.0091523135323297	23.651313224173933	138.0	33	1.05	0.95				
	310	1	107.33944951052632	22.018348617543857	0.0	0.0	3	1.0341314096062872	22.127285117059518	138.0	33	1.05	0.95				
	311	1	0.0	0.0	0.0	0.0	3	0.9897470780180321	27.86460691283946	230.0	33	1.05	0.95				
	312	1	0.0	0.0	0.0	0.0	3	0.9962220121973714	28.202346969426987	230.0	33	1.05	0.95				
	313	2	145.87155959122805	29.724770633684212	0.0	0.0	3	1.0003035524688684	33.408811714265454	230.0	34	1.05	0.95				
	314	2	106.78899079508773	21.467889902105263	0.0	0.0	3	0.9837821443090217	28.073657462140883	230.0	36	1.05	0.95				
	315	2	174.49541279403508	35.229357788070175	0.0	0.0	3	0.9860360985172023	24.529565920553537	230.0	36	1.05	0.95				
	316	2	55.04587154385965	11.009174308771929	0.0	0.0	3	0.9778830297634349	25.830270187256666	230.0	36	1.05	0.95				
	317	1	0.0	0.0	0.0	0.0	3	0.9939823665663351	27.648833153647242	230.0	37	1.05	0.95				
	318	2	183.30275224105264	37.43119264982456	0.0	0.0	3	0.9902986651591493	24.248704481415423	230.0	37	1.05	0.95				
	319	1	99.63302749438596	20.36697247122807	0.0	0.0	3	0.9862242381739033	26.392870514027187	230.0	35	1.05	0.95				
	320	1	70.45871557614035	14.31192660140351	0.0	0.0	3	0.9944492567553461	26.38688446900629	230.0	35	1.05	0.95				
	321	2	0.0	0.0	0.0	0.0	3	0.9964327912053621	24.919110664444265	230.0	37	1.05	0.95				
	322	2	0.0	0.0	0.0	0.0	3	1.0139068259122355	29.727042801379795	230.0	37	1.05	0.95				
	323	2	0.0	0.0	0.0	0.0	3	0.9983178496766021	26.02024900277018	230.0	35	1.05	0.95				
	324	1	0.0	0.0	0.0	0.0	3	0.9854545810621782	25.198355934761864	230.0	36	1.05	0.95				
