%% MATPOWER Case Format : Version 2
function mpc = RTS_GMLC
mpc.version = '2';

%%-----  Power Flow Data  -----%%
%% system MVA base
mpc.baseMVA = 100.0;
%% bus data
%    bus_i    type    Pd    Qd    Gs    Bs    area    Vm    Va    baseKV    zone    Vmax    Vmin
mpc.bus = [
	101	2	89.52350320421053	18.23626917122807	0.0	0.0	1	1.0330679032293797	-6.051275714102684	138.0	11	1.05	0.95				
	102	2	80.4053686185965	16.578426519298247	0.0	0.0	1	1.0330714564436576	-6.108881463043562	138.0	12	1.05	0.95				
	103	1	149.2058386736842	30.670089060701756	0.0	0.0	1	1.0165039538162886	-6.015236626492787	138.0	11	1.05	0.95				
	104	1	61.34017812140351	12.433819889473684	0.0	0.0	1	1.0150178524115507	-8.499080521287809	138.0	11	1.05	0.95				
	105	1	58.85341414350877	11.604898563508774	0.0	0.0	1	1.0306444958930066	-8.611901542722906	138.0	11	1.05	0.95				
	106	1	112.73330033122808	23.20979712701755	0.0	-100.0	1	1.0341726085948484	-10.798131559804109	138.0	12	1.05	0.95				
	107	2	103.61516574561405	20.72303314912281	0.0	0.0	1	1.05	-6.707617404516765	138.0	12	1.05	0.95				
	108	1	141.74554674	29.01224640877193	0.0	0.0	1	1.023263952179119	-9.740145367983747	138.0	12	1.05	0.95				
	109	1	145.06123204385966	29.84116773473684	0.0	0.0	1	1.02706932099468	-7.098183517875903	138.0	13	1.05	0.95				
	110	1	161.6396585631579	33.156853038596495	0.0	0.0	1	1.05	-8.589551803572034	138.0	13	1.05	0.95				
	111	1	0.0	0.0	0.0	0.0	1	1.0177443148766283	-3.2827165203693154	230.0	13	1.05	0.95				
	112	1	0.0	0.0	0.0	0.0	1	1.0185458246128456	-2.132682446402855	230.0	13	1.05	0.95				
	113	3	219.66415138070175	44.761751602105264	0.0	0.0	1	1.0246598255716415	4.246152128122995e-28	230.0	14	1.05	0.95				
	114	2	160.810737237193	32.32793171263158	0.0	0.0	1	1.022857310909997	-1.610479752659777	230.0	16	1.05	0.95				
	115	2	262.76806033087723	53.05096486175439	0.0	0.0	1	1.0444117594740732	6.030991555944343	230.0	16	1.05	0.95				
	116	2	82.89213259649124	16.578426519298247	0.0	0.0	1	1.0449110420924073	5.793296296265673	230.0	16	1.05	0.95				
	117	1	0.0	0.0	0.0	0.0	1	1.0476890568641821	8.82766025351755	230.0	17	1.05	0.95				
	118	2	276.0308015463158	56.36665016561404	0.0	0.0	1	1.0494457113531033	9.418943096259955	230.0	17	1.05	0.95				
	119	1	150.0347599996491	30.670089060701756	0.0	0.0	1	1.0393877384984378	4.819159252039514	230.0	15	1.05	0.95				
	120	1	106.10192972350877	21.55195447508772	0.0	0.0	1	1.0421580665768204	5.53113101951317	230.0	15	1.05	0.95				
	121	2	0.0	0.0	0.0	0.0	1	1.05	10.277149659631963	230.0	17	1.05	0.95				
	122	2	0.0	0.0	0.0	0.0	1	1.05	16.739873843558513	230.0	17	1.05	0.95				
	123	2	0.0	0.0	0.0	0.0	1	1.0462887603311515	6.527084734684655	230.0	15	1.05	0.95				
	124	1	0.0	0.0	0.0	0.0	1	1.018836684318617	1.5903283741099234	230.0	16	1.05	0.95				
	201	2	87.19219265684211	17.761372578245613	0.0	0.0	2	1.045620485140442	-11.334850173592056	138.0	21	1.05	0.95				
	202	2	78.3115063677193	16.14670234385965	0.0	0.0	2	1.0469039158886193	-11.369253970835713	138.0	22	1.05	0.95				
	203	1	145.32032109473684	29.871399336140353	0.0	0.0	2	1.0278146738674794	-9.01816589311321	138.0	21	1.05	0.95				
	204	1	59.742798672280706	12.110026757894737	0.0	0.0	2	1.0214006809515481	-13.398048990305515	138.0	21	1.05	0.95				
	205	1	57.320793320701746	11.302691640701754	0.0	0.0	2	1.0374517754546908	-13.759043747351173	138.0	21	1.05	0.95				
	206	1	109.79757593824561	22.60538328140351	0.0	-100.0	2	1.0383075672886835	-15.856048279423687	138.0	22	1.05	0.95				
	207	2	100.9168896491228	20.183377929824562	0.0	0.0	2	0.95	-27.730565968395442	138.0	22	1.05	0.95				
	208	1	138.05430504	28.256729101754384	0.0	0.0	2	0.9562089710916214	-23.88707756980908	138.0	22	1.05	0.95				
	209	1	141.28364550877194	29.064064218947365	0.0	0.0	2	1.0262768852656694	-11.827300785052268	138.0	23	1.05	0.95				
	210	1	157.43034785263157	32.2934046877193	0.0	0.0	2	1.05	-13.711144729192146	138.0	23	1.05	0.95				
	211	1	0.0	0.0	0.0	0.0	2	1.0321885237356307	-6.485384184595774	230.0	23	1.05	0.95				
	212	1	0.0	0.0	0.0	0.0	2	1.023530662200454	-5.082451371870403	230.0	23	1.05	0.95				
	213	2	213.94380605614037	43.596096328421055	0.0	0.0	2	1.05	-2.21086881443864	230.0	24	1.05	0.95				
	214	2	156.6230127354386	31.486069570526315	0.0	0.0	2	1.05	-4.221334688704869	230.0	26	1.05	0.95				
	215	2	255.92523215017545	51.66944750035087	0.0	0.0	2	1.046236018964253	4.001132186030577	230.0	26	1.05	0.95				
	216	2	80.73351171929825	16.14670234385965	0.0	0.0	2	1.0499999831567894	3.9656590800515326	230.0	26	1.05	0.95				
	217	1	0.0	0.0	0.0	0.0	2	1.05	6.925100550190492	230.0	27	1.05	0.95				
	218	2	268.84259402526317	54.89878796912281	0.0	0.0	2	1.0499219440830563	7.6555155673965345	230.0	27	1.05	0.95				
	219	1	146.12765621192983	29.871399336140353	0.0	0.0	2	1.0440243685641248	3.7014782244481954	230.0	25	1.05	0.95				
	220	1	103.33889500070174	20.990713047017547	0.0	0.0	2	1.0461008927130433	4.979046463728583	230.0	25	1.05	0.95				
	221	2	0.0	0.0	0.0	0.0	2	1.05	8.161175016278289	230.0	27	1.05	0.95				
	222	2	0.0	0.0	0.0	0.0	2	1.05	14.188155845544234	230.0	27	1.05	0.95				
	223	2	0.0	0.0	0.0	0.0	2	1.05	6.265522015091086	230.0	25	1.05	0.95				
	224	1	0.0	0.0	0.0	0.0	2	1.0228149601043504	-0.8433929532774294	230.0	26	1.05	0.95				
	301	2	63.61784245894737	12.959190130526316	0.0	0.0	3	1.0093708960843715	-13.897926436172206	138.0	31	1.05	0.95				
	302	2	57.13824739368422	11.781081936842106	0.0	0.0	3	1.008524454128437	-14.097327762543042	138.0	32	1.05	0.95				
	303	1	106.02973743157895	21.795001583157898	0.0	0.0	3	1.0228214929579786	-7.6114218021306215	138.0	31	1.05	0.95				
	304	1	43.590003166315796	8.83581145263158	0.0	0.0	3	1.007395231666027	-12.469039888574736	138.0	31	1.05	0.95				
	305	1	41.822840875789474	8.246757355789475	0.0	0.0	3	1.021603641920032	-13.078123426707098	138.0	31	1.05	0.95				
	306	1	80.11135717052633	16.49351471157895	0.0	-100.0	3	1.035754385003647	-13.28407394272808	138.0	32	1.05	0.95				
	307	2	73.63176210526316	14.726352421052633	0.0	0.0	3	1.0063910293264338	-14.687795298791682	138.0	32	1.05	0.95				
	308	1	100.72825056	20.616893389473685	0.0	0.0	3	1.0038587631765767	-14.367464245808987	138.0	32	1.05	0.95				
	309	1	103.08446694736844	21.20594748631579	0.0	0.0	3	1.0265408870434785	-8.730064477515388	138.0	33	1.05	0.95				
	310	1	114.86554888421053	23.562163873684213	0.0	0.0	3	1.05	-10.367747253415274	138.0	33	1.05	0.95				
	311	1	0.0	0.0	0.0	0.0	3	1.0141117060686047	-4.0143396704000756	230.0	33	1.05	0.95				
	312	1	0.0	0.0	0.0	0.0	3	1.015176791211169	-3.2474621216513366	230.0	33	1.05	0.95				
	313	2	156.0993356631579	31.808921229473686	0.0	0.0	3	1.0208419191189366	0.1665144900113456	230.0	34	1.05	0.95				
	314	2	114.27649478736843	22.973109776842108	0.0	0.0	3	1.0202985318182172	-2.133544137065628	230.0	36	1.05	0.95				
	315	2	186.73014869894737	37.69946219789474	0.0	0.0	3	1.0437119554124448	2.8106106565385423	230.0	36	1.05	0.95				
	316	2	58.90540968421053	11.781081936842106	0.0	0.0	3	1.0402757578203479	2.4326078937347786	230.0	36	1.05	0.95				
	317	1	0.0	0.0	0.0	0.0	3	1.0452879200191922	4.606849494406831	230.0	37	1.05	0.95				
	318	2	196.15501424842108	40.055678585263166	0.0	0.0	3	1.04647896821877	4.741216674324686	230.0	37	1.05	0.95				
	319	1	106.61879152842107	21.795001583157898	0.0	0.0	3	1.0359472804053305	2.190738999190619	230.0	35	1.05	0.95				
	320	1	75.39892439578948	15.31540651789474	0.0	0.0	3	1.0361961839162717	2.8223656312889185	230.0	35	1.05	0.95				
	321	2	0.0	0.0	0.0	0.0	3	1.0494663711811494	6.011325000560648	230.0	37	1.05	0.95				
	322	2	0.0	0.0	0.0	0.0	3	1.05	11.233759098667981	230.0	37	1.05	0.95				
	323	2	0.0	0.0	0.0	0.0	3	1.0375928695098482	3.540074344309004	230.0	35	1.05	0.95				
	324	1	0.0	0.0	0.0	0.0	3	1.023957593490979	-0.33140756998576915	230.0	36	1.05	0.95				
	325	1	0.0	0.0	0.0	0.0	3	1.0377766070695347	4.112882579607667	230.0	35	1.05	0.95				
];
