%% MATPOWER Case Format : Version 2
function mpc = RTS_GMLC
mpc.version = '2';

%%-----  Power Flow Data  -----%%
%% system MVA base
mpc.baseMVA = 100.0;
%% bus data
%    bus_i    type    Pd    Qd    Gs    Bs    area    Vm    Va    baseKV    zone    Vmax    Vmin
mpc.bus = [
	101	2	67.2394853936842	13.696932209824562	0.0	0.0	1	1.032510965316334	1.1841818771534356	138.0	11	1.05	0.95				
	102	2	60.39101928877193	12.451756554385964	0.0	0.0	1	1.0325306993119863	1.1303041667571059	138.0	12	1.05	0.95				
	103	1	112.0658089894737	23.03574962561403	0.0	0.0	1	1.0239451228759582	0.041471517468746805	138.0	11	1.05	0.95				
	104	1	46.07149925122806	9.338817415789473	0.0	0.0	1	1.0180458439638003	-2.1389751149713	138.0	11	1.05	0.95				
	105	1	44.203735768070175	8.716229588070176	0.0	0.0	1	1.0327379494493008	-2.088016992413457	138.0	11	1.05	0.95				
	106	1	84.67194456982456	17.432459176140352	0.0	-100.0	1	1.0396542799322777	-4.491530862879786	138.0	12	1.05	0.95				
	107	2	77.82347846491227	15.564695692982456	0.0	0.0	1	1.0423789224310012	-1.9841416451089366	138.0	12	1.05	0.95				
	108	1	106.46251853999999	21.790573970175437	0.0	0.0	1	1.0248170141922688	-4.288213840924951	138.0	12	1.05	0.95				
	109	1	108.95286985087718	22.413161797894734	0.0	0.0	1	1.0260517481156686	-2.294163834170131	138.0	13	1.05	0.95				
	110	1	121.40462640526314	24.90351310877193	0.0	0.0	1	1.05	-3.440022926508217	138.0	13	1.05	0.95				
	111	1	0.0	0.0	0.0	0.0	1	1.0093376753876286	-0.25033691376126016	230.0	13	1.05	0.95				
	112	1	0.0	0.0	0.0	0.0	1	1.013354119745707	0.22660167747019044	230.0	13	1.05	0.95				
	113	3	164.985774345614	33.6197426968421	0.0	0.0	1	1.0052835694803428	-1.9131604013337684e-29	230.0	14	1.05	0.95				
	114	2	120.78203857754386	24.28092528105263	0.0	0.0	1	1.0094280618792941	2.234717463770571	230.0	16	1.05	0.95				
	115	2	197.3603413870175	39.845620974035086	0.0	0.0	1	1.0436054845238891	10.06388925497114	230.0	16	1.05	0.95				
	116	2	62.25878277192982	12.451756554385964	0.0	0.0	1	1.0411311052864738	9.426304504748892	230.0	16	1.05	0.95				
	117	1	0.0	0.0	0.0	0.0	1	1.044581970922948	12.616433858061958	230.0	17	1.05	0.95				
	118	2	207.3217466305263	42.33597228491228	0.0	0.0	1	1.0480567906854419	12.729779801720717	230.0	17	1.05	0.95				
	119	1	112.68839681719298	23.03574962561403	0.0	0.0	1	1.03455770257624	7.77366106025039	230.0	15	1.05	0.95				
	120	1	79.69124194807017	16.187283520701754	0.0	0.0	1	1.0343238853981072	7.5180742472872835	230.0	15	1.05	0.95				
	121	2	0.0	0.0	0.0	0.0	1	1.05	13.705432477550916	230.0	17	1.05	0.95				
	122	2	0.0	0.0	0.0	0.0	1	1.05	24.74231461442345	230.0	17	1.05	0.95				
	123	2	0.0	0.0	0.0	0.0	1	1.0355986901231296	7.844507336601888	230.0	15	1.05	0.95				
	124	1	0.0	0.0	0.0	0.0	1	1.0236941320449144	6.3446166884494355	230.0	16	1.05	0.95				
	201	2	68.91736187368421	14.038721863157896	0.0	0.0	2	1.0332142055373856	-10.798530582537303	138.0	21	1.05	0.95				
	202	2	61.898000942105256	12.762474421052634	0.0	0.0	2	1.033321440880189	-10.904433851453044	138.0	22	1.05	0.95				
	203	1	114.86226978947369	23.61057767894737	0.0	0.0	2	1.0256439177623966	-7.588274204639637	138.0	21	1.05	0.95				
	204	1	47.22115535789474	9.571855815789473	0.0	0.0	2	1.017545280373887	-12.993918431800285	138.0	21	1.05	0.95				
	205	1	45.30678419473684	8.933732094736843	0.0	0.0	2	1.0333037235012459	-13.39772854381543	138.0	21	1.05	0.95				
	206	1	86.78482606315791	17.867464189473687	0.0	-100.0	2	1.0398615616539812	-15.461323267886204	138.0	22	1.05	0.95				
	207	2	79.76546513157895	15.95309302631579	0.0	0.0	2	0.9841066019402193	-25.02554678373927	138.0	22	1.05	0.95				
	208	1	109.1191563	22.334330236842103	0.0	0.0	2	0.9843357121906842	-21.929664990133446	138.0	22	1.05	0.95				
	209	1	111.67165118421055	22.972453957894736	0.0	0.0	2	1.0243491423776852	-12.114492614302636	138.0	23	1.05	0.95				
	210	1	124.43412560526316	25.524948842105267	0.0	0.0	2	1.05	-14.01908692944741	138.0	23	1.05	0.95				
	211	1	0.0	0.0	0.0	0.0	2	1.0188448882483316	-8.578985573940342	230.0	23	1.05	0.95				
	212	1	0.0	0.0	0.0	0.0	2	1.0164576473259497	-7.6710546780972715	230.0	23	1.05	0.95				
	213	2	169.1027860789474	34.45868093684211	0.0	0.0	2	1.0206943952430931	-7.102782731714043	230.0	24	1.05	0.95				
	214	2	123.79600188421051	24.886825121052635	0.0	0.0	2	1.0304204262465764	-5.4281658747908335	230.0	26	1.05	0.95				
	215	2	202.28521957368423	40.83991814736842	0.0	0.0	2	1.0419484601717843	3.131987712198058	230.0	26	1.05	0.95				
	216	2	63.81237210526316	12.762474421052634	0.0	0.0	2	1.044549579274143	2.907649873845511	230.0	26	1.05	0.95				
	217	1	0.0	0.0	0.0	0.0	2	1.0467051145990518	6.332909936860509	230.0	27	1.05	0.95				
	218	2	212.49519911052636	43.392413031578954	0.0	0.0	2	1.0490422979988403	6.987445312874474	230.0	27	1.05	0.95				
	219	1	115.50039351052632	23.61057767894737	0.0	0.0	2	1.0427212704568662	2.1239575540490208	230.0	25	1.05	0.95				
	220	1	81.67983629473684	16.591216747368424	0.0	0.0	2	1.0463824686797367	2.641136108318402	230.0	25	1.05	0.95				
	221	2	0.0	0.0	0.0	0.0	2	1.0494401268410627	7.050003093536492	230.0	27	1.05	0.95				
	222	2	0.0	0.0	0.0	0.0	2	1.05	13.279770672278934	230.0	27	1.05	0.95				
	223	2	0.0	0.0	0.0	0.0	2	1.05	3.389395729086165	230.0	25	1.05	0.95				
	224	1	0.0	0.0	0.0	0.0	2	1.0224552800919828	-0.8612854394080637	230.0	26	1.05	0.95				
	301	2	66.23157228631578	13.491616576842105	0.0	0.0	3	1.0146032445438118	-16.89066402737549	138.0	31	1.05	0.95				
	302	2	59.485763997894736	12.26510597894737	0.0	0.0	3	1.0131875405734314	-17.17764012428046	138.0	32	1.05	0.95				
	303	1	110.38595381052632	22.69044606105263	0.0	0.0	3	1.0459856777877812	-3.8682144237884644	138.0	31	1.05	0.95				
	304	1	45.38089212210526	9.198829484210526	0.0	0.0	3	1.009975630247996	-15.077757808192098	138.0	31	1.05	0.95				
	305	1	43.541126225263156	8.585574185263159	0.0	0.0	3	1.0243866582910144	-17.188843473498558	138.0	31	1.05	0.95				
	306	1	83.4027206568421	17.171148370526318	0.0	-100.0	3	1.0363072093130843	-18.030039618904198	138.0	32	1.05	0.95				
	307	2	76.65691236842105	15.33138247368421	0.0	0.0	3	0.9912480767075864	-24.62780268224044	138.0	32	1.05	0.95				
	308	1	104.86665611999999	21.463935463157892	0.0	0.0	3	0.9904698465297221	-21.678187123193183	138.0	32	1.05	0.95				
	309	1	107.31967731578946	22.07719076210526	0.0	0.0	3	1.0290187942621287	-10.869269997715385	138.0	33	1.05	0.95				
	310	1	119.58478329473682	24.53021195789474	0.0	0.0	3	1.05	-15.522339317301853	138.0	33	1.05	0.95				
	311	1	0.0	0.0	0.0	0.0	3	1.0193273563034757	-8.521095572864619	230.0	33	1.05	0.95				
	312	1	0.0	0.0	0.0	0.0	3	1.0190125655718039	-8.101984161762747	230.0	33	1.05	0.95				
	313	2	162.51265422105263	33.11578614315789	0.0	0.0	3	1.023107511375203	-5.574740976119435	230.0	34	1.05	0.95				
	314	2	118.97152799578947	23.91695665894737	0.0	0.0	3	1.028938174988418	-6.430404635321203	230.0	36	1.05	0.95				
	315	2	194.4019297663158	39.24833913263158	0.0	0.0	3	1.0485461141457866	0.1527715076648401	230.0	36	1.05	0.95				
	316	2	61.32552989473684	12.26510597894737	0.0	0.0	3	1.0468195402249816	0.22802671323510057	230.0	36	1.05	0.95				
	317	1	0.0	0.0	0.0	0.0	3	1.05	3.2105543881081324	230.0	37	1.05	0.95				
	318	2	204.2140145494737	41.70136032842105	0.0	0.0	3	1.047120429805501	2.604534646041303	230.0	37	1.05	0.95				
	319	1	110.9992091094737	22.69044606105263	0.0	0.0	3	1.040801302180846	-1.4688763083752006	230.0	35	1.05	0.95				
	320	1	78.49667826526316	15.944637772631578	0.0	0.0	3	1.0409200295243883	-1.7935311029953656	230.0	35	1.05	0.95				
	321	2	0.0	0.0	0.0	0.0	3	1.05	3.309464272742127	230.0	37	1.05	0.95				
	322	2	0.0	0.0	0.0	0.0	3	1.05	7.618151505081192	230.0	37	1.05	0.95				
	323	2	0.0	0.0	0.0	0.0	3	1.0423094688146197	-1.5176973186411316	230.0	35	1.05	0.95				
	324	1	0.0	0.0	0.0	0.0	3	1.0409525655709142	-1.3574542395221025	230.0	36	1.05	0.95				
	325	1	0.0	0.0	0.0	0.0	3	1.0383693327044305	-0.25696442060877855	230.0	35	1.05	0.95				
];
