%% MATPOWER Case Format : Version 2
function mpc = RTS_GMLC
mpc.version = '2';

%%-----  Power Flow Data  -----%%
%% system MVA base
mpc.baseMVA = 100.0;
%% bus data
%    bus_i    type    Pd    Qd    Gs    Bs    area    Vm    Va    baseKV    zone    Vmax    Vmin
mpc.bus = [
	101	2	37.113310242947364	7.560118753192982	0.0	0.0	1	1.0096692081408924	0.2891154690324733	138.0	11	1.05	0.95				
	102	2	33.33325086635087	6.872835230175438	0.0	0.0	1	1.0076966368720142	-0.28820146198530705	138.0	12	1.05	0.95				
	103	1	61.855517071578944	12.71474517582456	0.0	0.0	1	1.0278397286666028	3.139280560682199	138.0	11	1.05	0.95				
	104	1	25.42949035164912	5.154626422631579	0.0	0.0	1	1.0119788620880017	-1.5855265139146888	138.0	11	1.05	0.95				
	105	1	24.398565067122803	4.8109846611228075	0.0	0.0	1	1.0254600169992114	-1.7417889515765845	138.0	11	1.05	0.95				
	106	1	46.73527956519298	9.621969322245615	0.0	-100.0	1	1.0423685901790911	-3.3655158213685685	138.0	12	1.05	0.95				
	107	2	42.955220188596485	8.591044037719298	0.0	0.0	1	0.9837742968097718	-8.777391033505918	138.0	12	1.05	0.95				
	108	1	58.762741217999995	12.027461652807016	0.0	0.0	1	0.9967960947832923	-6.924539691353073	138.0	12	1.05	0.95				
	109	1	60.137308264035084	12.371103414315789	0.0	0.0	1	1.024543684118073	-1.1983048478713956	138.0	13	1.05	0.95				
	110	1	67.01014349421051	13.745670460350876	0.0	0.0	1	1.05	-2.652803572378922	138.0	13	1.05	0.95				
	111	1	0.0	0.0	0.0	0.0	1	1.013103780182682	1.0544262328484333	230.0	13	1.05	0.95				
	112	1	0.0	0.0	0.0	0.0	1	1.0097536874475814	-0.16956318980645643	230.0	13	1.05	0.95				
	113	3	91.06506679982456	18.556655121473682	0.0	0.0	1	0.9871880188971948	1.0194688628362737e-28	230.0	14	1.05	0.95				
	114	2	66.66650173270175	13.402028698842106	0.0	0.0	1	1.0391726683608977	4.895294515120026	230.0	16	1.05	0.95				
	115	2	108.93443839828069	21.993072736561402	0.0	0.0	1	1.0425726966143536	14.363384758835384	230.0	16	1.05	0.95				
	116	2	34.36417615087719	6.872835230175438	0.0	0.0	1	1.0415534842598622	12.51360008332233	230.0	16	1.05	0.95				
	117	1	0.0	0.0	0.0	0.0	1	1.0409859865178557	18.489111352656213	230.0	17	1.05	0.95				
	118	2	114.43270658242103	23.36763978259649	0.0	0.0	1	1.0499407750630667	19.079574689060728	230.0	17	1.05	0.95				
	119	1	62.19915883308772	12.71474517582456	0.0	0.0	1	1.0365009513028611	8.200418131246428	230.0	15	1.05	0.95				
	120	1	43.986145473122804	8.93468579922807	0.0	0.0	1	1.0382798731749154	5.102870393934828	230.0	15	1.05	0.95				
	121	2	0.0	0.0	0.0	0.0	1	1.0433370472774077	20.520523520159596	230.0	17	1.05	0.95				
	122	2	0.0	0.0	0.0	0.0	1	1.05	38.48109396587006	230.0	17	1.05	0.95				
	123	2	0.0	0.0	0.0	0.0	1	1.04018616742569	3.663085303814042	230.0	15	1.05	0.95				
	124	1	0.0	0.0	0.0	0.0	1	1.0230167616769639	10.175031226896637	230.0	16	1.05	0.95				
	201	2	38.657642058947374	7.87470486385965	0.0	0.0	2	1.0142401882146697	-14.321740028124418	138.0	21	1.05	0.95				
	202	2	34.72028962701754	7.1588226035087725	0.0	0.0	2	1.0134113850319997	-14.613140648928116	138.0	22	1.05	0.95				
	203	1	64.42940343157895	13.243821816491227	0.0	0.0	2	1.0118160804128067	-10.238475620247398	138.0	21	1.05	0.95				
	204	1	26.487643632982454	5.369116952631579	0.0	0.0	2	1.0124625539759478	-14.396953314526678	138.0	21	1.05	0.95				
	205	1	25.413820242456143	5.011175822456141	0.0	0.0	2	1.0279061448872624	-14.82913172169192	138.0	21	1.05	0.95				
	206	1	48.67999370385965	10.022351644912282	0.0	-100.0	2	1.0437855037875508	-15.584851029576445	138.0	22	1.05	0.95				
	207	2	44.74264127192983	8.948528254385964	0.0	0.0	2	0.9971301207802277	-19.79974053951516	138.0	22	1.05	0.95				
	208	1	61.207933260000004	12.52793955614035	0.0	0.0	2	1.0037238392854166	-18.222621974237793	138.0	22	1.05	0.95				
	209	1	62.63969778070175	12.88588068631579	0.0	0.0	2	1.021438914365222	-12.727685014771179	138.0	23	1.05	0.95				
	210	1	69.79852038421053	14.317645207017545	0.0	0.0	2	1.05	-14.182321865762322	138.0	23	1.05	0.95				
	211	1	0.0	0.0	0.0	0.0	2	1.0042736382644013	-10.080565534010923	230.0	23	1.05	0.95				
	212	1	0.0	0.0	0.0	0.0	2	1.005254719226563	-9.701690312634984	230.0	23	1.05	0.95				
	213	2	94.85439949649123	19.328821029473687	0.0	0.0	2	0.9964953980747122	-9.127942286043034	230.0	24	1.05	0.95				
	214	2	69.44057925403509	13.959704076842105	0.0	0.0	2	1.0071270974574462	-7.421560909811024	230.0	26	1.05	0.95				
	215	2	113.46733826561403	22.90823233122807	0.0	0.0	2	1.0214048592028755	-1.0228516109925636	230.0	26	1.05	0.95				
	216	2	35.79411301754386	7.1588226035087725	0.0	0.0	2	1.0235832465952799	-1.4948449790542189	230.0	26	1.05	0.95				
	217	1	0.0	0.0	0.0	0.0	2	1.0314751793932766	0.46353401814151485	230.0	27	1.05	0.95				
	218	2	119.19439634842107	24.339996851929826	0.0	0.0	2	1.0301265964681952	0.04029648791938554	230.0	27	1.05	0.95				
	219	1	64.7873445617544	13.243821816491227	0.0	0.0	2	1.0205603679169253	-2.2870722767669975	230.0	25	1.05	0.95				
	220	1	45.81646466245614	9.306469384561405	0.0	0.0	2	1.0200727038166704	-2.2682757895526002	230.0	25	1.05	0.95				
	221	2	0.0	0.0	0.0	0.0	2	1.0304357468197274	0.4857097698283993	230.0	27	1.05	0.95				
	222	2	0.0	0.0	0.0	0.0	2	1.05	6.970367571369436	230.0	27	1.05	0.95				
	223	2	0.0	0.0	0.0	0.0	2	1.0200492078648289	-1.9768342635338156	230.0	25	1.05	0.95				
	224	1	0.0	0.0	0.0	0.0	2	1.0064581797801733	-4.4753992655489885	230.0	26	1.05	0.95				
	301	2	40.65801961263158	8.282189180350876	0.0	0.0	3	1.0120902548091821	-3.495208476822564	138.0	31	1.05	0.95				
	302	2	36.516925022456135	7.529262891228071	0.0	0.0	3	1.011935546701926	-3.6110738602248738	138.0	32	1.05	0.95				
	303	1	67.76336602105263	13.929136348771928	0.0	0.0	3	1.0287499235127195	1.6853487852470022	138.0	31	1.05	0.95				
	304	1	27.858272697543857	5.646947168421052	0.0	0.0	3	1.0133148186677297	-2.423111747913763	138.0	31	1.05	0.95				
	305	1	26.72888326385965	5.270484023859649	0.0	0.0	3	1.0263702143799005	-3.1081827613194775	138.0	31	1.05	0.95				
	306	1	51.19898766035088	10.540968047719298	0.0	-100.0	3	1.0429318489800201	-3.3597626888614722	138.0	32	1.05	0.95				
	307	2	47.05789307017544	9.411578614035088	0.0	0.0	3	0.990604080930808	-7.31088878581528	138.0	32	1.05	0.95				
	308	1	64.37519772	13.17621005964912	0.0	0.0	3	1.00013291063865	-5.673429375769409	138.0	32	1.05	0.95				
	309	1	65.88105029824561	13.552673204210524	0.0	0.0	3	1.02556311419683	0.098173379196894	138.0	33	1.05	0.95				
	310	1	73.41031318947368	15.058525782456142	0.0	0.0	3	1.05	-1.5070942301617896	138.0	33	1.05	0.95				
	311	1	0.0	0.0	0.0	0.0	3	1.003850073710223	3.460358118894071	230.0	33	1.05	0.95				
	312	1	0.0	0.0	0.0	0.0	3	1.0078017700089719	3.8974486059284064	230.0	33	1.05	0.95				
	313	2	99.76273330877193	20.32900980631579	0.0	0.0	3	1.0056193392409964	6.795223644303406	230.0	34	1.05	0.95				
	314	2	73.03385004491227	14.682062637894738	0.0	0.0	3	0.9990091902594673	4.852957083151631	230.0	36	1.05	0.95				
	315	2	119.3388168259649	24.093641251929824	0.0	0.0	3	1.0319552019164406	8.362982143060144	230.0	36	1.05	0.95				
	316	2	37.64631445614035	7.529262891228071	0.0	0.0	3	1.0304864566601768	8.986706255670551	230.0	36	1.05	0.95				
	317	1	0.0	0.0	0.0	0.0	3	1.0440101188827	12.734927879143115	230.0	37	1.05	0.95				
	318	2	125.36222713894738	25.59949383017544	0.0	0.0	3	1.04075232552923	10.193425768404282	230.0	37	1.05	0.95				
	319	1	68.13982916561405	13.929136348771928	0.0	0.0	3	1.0217294504286414	8.352481067459955	230.0	35	1.05	0.95				
	320	1	48.18728250385965	9.788041758596492	0.0	0.0	3	1.0164303835214097	8.539610395256924	230.0	35	1.05	0.95				
	321	2	0.0	0.0	0.0	0.0	3	1.0396412454821289	10.221659868065698	230.0	37	1.05	0.95				
	322	2	0.0	0.0	0.0	0.0	3	1.05	15.532072260477127	230.0	37	1.05	0.95				
	323	2	0.0	0.0	0.0	0.0	3	1.01388857211426	8.942968082859673	230.0	35	1.05	0.95				
	324	1	0.0	0.0	0.0	0.0	3	1.0219431710244726	5.847570147021833	230.0	36	1.05	0.95				
	325	1	0.0	0.0	0.0	0.0	3	1.0135923133323348	9.940024787645829	230.0	35	1.05	0.95				
];
