%% MATPOWER Case Format : Version 2
function mpc = RTS_GMLC
mpc.version = '2';

%%-----  Power Flow Data  -----%%
%% system MVA base
mpc.baseMVA = 100.0;
%% bus data
%    bus_i    type    Pd    Qd    Gs    Bs    area    Vm    Va    baseKV    zone    Vmax    Vmin
mpc.bus = [
	101	2	34.882236515368426	7.1056407716491226	0.0	0.0	1	0.9896353479047829	-4.71426395482727	138.0	11	1.05	0.95				
	102	2	31.329416129543862	6.459673428771931	0.0	0.0	1	0.9895684420182397	-4.8973035931606725	138.0	12	1.05	0.95				
	103	1	58.13706085894738	11.95039584322807	0.0	0.0	1	1.0198599039115859	2.128292292715349	138.0	11	1.05	0.95				
	104	1	23.90079168645614	4.844755071578947	0.0	0.0	1	1.0037521777980256	-4.265738823893522	138.0	11	1.05	0.95				
	105	1	22.931840672140353	4.521771400140351	0.0	0.0	1	1.015801390787486	-5.077361769391433	138.0	11	1.05	0.95				
	106	1	43.92577931564913	9.043542800280703	0.0	-100.0	1	1.0389511495267056	-5.70560346830097	138.0	12	1.05	0.95				
	107	2	40.37295892982456	8.074591785964913	0.0	0.0	1	0.9859721640451858	-10.922361895534358	138.0	12	1.05	0.95				
	108	1	55.230207816	11.304428500350877	0.0	0.0	1	0.9982047961830891	-8.708862657608682	138.0	12	1.05	0.95				
	109	1	56.52214250175439	11.627412171789473	0.0	0.0	1	1.0241659911216945	-2.406112576426442	138.0	13	1.05	0.95				
	110	1	62.98181593052632	12.919346857543863	0.0	0.0	1	1.05	-4.377249734024586	138.0	13	1.05	0.95				
	111	1	0.0	0.0	0.0	0.0	1	1.015946135624207	0.6399432085450067	230.0	13	1.05	0.95				
	112	1	0.0	0.0	0.0	0.0	1	1.012458207834508	-0.885531859381589	230.0	13	1.05	0.95				
	113	3	85.59067293122807	17.441118257684213	0.0	0.0	1	0.9966364720583063	-1.3749837213951716e-28	230.0	14	1.05	0.95				
	114	2	62.658832259087724	12.596363186105265	0.0	0.0	1	1.043073404409932	5.133641864638176	230.0	16	1.05	0.95				
	115	2	102.3858238460351	20.670954972070177	0.0	0.0	1	1.037263960113987	15.798618223439972	230.0	16	1.05	0.95				
	116	2	32.29836714385965	6.459673428771931	0.0	0.0	1	1.0372740991513933	13.628293619975647	230.0	16	1.05	0.95				
	117	1	0.0	0.0	0.0	0.0	1	1.0368212729597786	20.244846291991948	230.0	17	1.05	0.95				
	118	2	107.55356258905265	21.962889657824565	0.0	0.0	1	1.0465977317117194	21.101791257352268	230.0	17	1.05	0.95				
	119	1	58.46004453038597	11.95039584322807	0.0	0.0	1	1.033360998466611	8.66704492445767	230.0	15	1.05	0.95				
	120	1	41.341909944140355	8.39757545740351	0.0	0.0	1	1.0374030847725335	4.98357248328534	230.0	15	1.05	0.95				
	121	2	0.0	0.0	0.0	0.0	1	1.0404754527836717	22.748262529788274	230.0	17	1.05	0.95				
	122	2	0.0	0.0	0.0	0.0	1	1.05	40.732296329615416	230.0	17	1.05	0.95				
	123	2	0.0	0.0	0.0	0.0	1	1.0409089562456055	3.2142131288050964	230.0	15	1.05	0.95				
	124	1	0.0	0.0	0.0	0.0	1	1.0134277403166116	10.707113230320005	230.0	16	1.05	0.95				
	201	2	41.632614530526325	8.480717774736842	0.0	0.0	2	1.0061868933059581	-18.20169020533493	138.0	21	1.05	0.95				
	202	2	37.392255643157895	7.709743431578948	0.0	0.0	2	1.0054074389097052	-18.515159486787052	138.0	22	1.05	0.95				
	203	1	69.38769088421054	14.263025348421055	0.0	0.0	2	1.0112475744853282	-13.503890910614503	138.0	21	1.05	0.95				
	204	1	28.52605069684211	5.782307573684211	0.0	0.0	2	1.008738251260031	-18.285959061180943	138.0	21	1.05	0.95				
	205	1	27.369589182105265	5.396820402105265	0.0	0.0	2	1.023396548889756	-18.78213329281845	138.0	21	1.05	0.95				
	206	1	52.42625533473685	10.79364080421053	0.0	-100.0	2	1.041030037686376	-19.602543013306654	138.0	22	1.05	0.95				
	207	2	48.18589644736843	9.637179289473686	0.0	0.0	2	0.9894495956286804	-24.117718901995584	138.0	22	1.05	0.95				
	208	1	65.91830634000002	13.492051005263159	0.0	0.0	2	0.9983902250938296	-22.42337229022696	138.0	22	1.05	0.95				
	209	1	67.46025502631579	13.877538176842105	0.0	0.0	2	1.0223171966561764	-16.49218881174551	138.0	23	1.05	0.95				
	210	1	75.16999845789474	15.419486863157896	0.0	0.0	2	1.05	-18.112416868450023	138.0	23	1.05	0.95				
	211	1	0.0	0.0	0.0	0.0	2	1.0068525230227536	-13.759114479522076	230.0	23	1.05	0.95				
	212	1	0.0	0.0	0.0	0.0	2	1.014132945928173	-13.29696659084554	230.0	23	1.05	0.95				
	213	2	102.15410046842106	20.816307265263163	0.0	0.0	2	1.005865466657591	-12.721079023358094	230.0	24	1.05	0.95				
	214	2	74.78451128631579	15.03399969157895	0.0	0.0	2	1.006502522325415	-11.022654814655857	230.0	26	1.05	0.95				
	215	2	122.19943339052632	24.671178981052634	0.0	0.0	2	1.0261463509815134	-3.9013175745420936	230.0	26	1.05	0.95				
	216	2	38.54871715789474	7.709743431578948	0.0	0.0	2	1.029703133489755	-4.897068774139788	230.0	26	1.05	0.95				
	217	1	0.0	0.0	0.0	0.0	2	1.0344297739010235	-2.2956991295248277	230.0	27	1.05	0.95				
	218	2	128.3672281357895	26.213127667368425	0.0	0.0	2	1.033142859907594	-2.796912900737535	230.0	27	1.05	0.95				
	219	1	69.77317805578949	14.263025348421055	0.0	0.0	2	1.03666079408052	-5.701964431236766	230.0	25	1.05	0.95				
	220	1	49.34235796210527	10.022666461052633	0.0	0.0	2	1.0450681214823354	-5.6548591548166325	230.0	25	1.05	0.95				
	221	2	0.0	0.0	0.0	0.0	2	1.0335920901743754	-2.363939979997587	230.0	27	1.05	0.95				
	222	2	0.0	0.0	0.0	0.0	2	1.05	4.1594480338667505	230.0	27	1.05	0.95				
	223	2	0.0	0.0	0.0	0.0	2	1.0499995780525515	-5.345480546492023	230.0	25	1.05	0.95				
	224	1	0.0	0.0	0.0	0.0	2	1.0087167709109455	-7.480025373187191	230.0	26	1.05	0.95				
	301	2	46.278392930526316	9.427080041403508	0.0	0.0	3	1.023058454710282	11.447833552380388	138.0	31	1.05	0.95				
	302	2	41.56485290982456	8.57007276491228	0.0	0.0	3	1.020624682121738	11.095581384375945	138.0	32	1.05	0.95				
	303	1	77.13065488421053	15.85463461508772	0.0	0.0	3	1.05	26.134841436728962	138.0	31	1.05	0.95				
	304	1	31.70926923017544	6.42755457368421	0.0	0.0	3	1.0106992636464718	12.202522924776215	138.0	31	1.05	0.95				
	305	1	30.423758315438597	5.999050935438597	0.0	0.0	3	1.0285053025400406	10.079373637115058	138.0	31	1.05	0.95				
	306	1	58.27649480140351	11.998101870877194	0.0	-100.0	3	1.0388421048097343	8.784540823387866	138.0	32	1.05	0.95				
	307	2	53.56295478070175	10.712590956140351	0.0	0.0	3	0.95	4.925027778576797	138.0	32	1.05	0.95				
	308	1	73.27412214	14.997627338596493	0.0	0.0	3	0.9706991367665051	6.782509889850277	138.0	32	1.05	0.95				
	309	1	74.98813669298245	15.426130976842106	0.0	0.0	3	1.0156807838703674	14.905681772188265	138.0	33	1.05	0.95				
	310	1	83.55820945789473	17.14014552982456	0.0	0.0	3	1.0441993555650058	10.075020301296563	138.0	33	1.05	0.95				
	311	1	0.0	0.0	0.0	0.0	3	1.003083287264239	13.897696452545981	230.0	33	1.05	0.95				
	312	1	0.0	0.0	0.0	0.0	3	1.0082340509880707	14.370985511877992	230.0	33	1.05	0.95				
	313	2	113.55346413508771	23.139196465263158	0.0	0.0	3	1.0044467100761558	15.725170020952081	230.0	34	1.05	0.95				
	314	2	83.12970581964912	16.71164189157895	0.0	0.0	3	0.9978458439491494	13.80785788449485	230.0	36	1.05	0.95				
	315	2	135.83565332385965	27.4242328477193	0.0	0.0	3	1.0471665213699368	16.48972231194417	230.0	36	1.05	0.95				
	316	2	42.850363824561406	8.57007276491228	0.0	0.0	3	1.030131581041412	16.24387375747104	230.0	36	1.05	0.95				
	317	1	0.0	0.0	0.0	0.0	3	1.05	19.54541454659316	230.0	37	1.05	0.95				
	318	2	142.69171153578947	29.138247400701754	0.0	0.0	3	1.05	16.315265479538347	230.0	37	1.05	0.95				
	319	1	77.55915852245614	15.85463461508772	0.0	0.0	3	1.021589133059686	15.514889879313586	230.0	35	1.05	0.95				
	320	1	54.8484656954386	11.141094594385965	0.0	0.0	3	1.017111473439049	15.720081259002667	230.0	35	1.05	0.95				
	321	2	0.0	0.0	0.0	0.0	3	1.05	17.028261979374513	230.0	37	1.05	0.95				
	322	2	0.0	0.0	0.0	0.0	3	1.05	22.364330759844915	230.0	37	1.05	0.95				
	323	2	0.0	0.0	0.0	0.0	3	1.0152735194194087	16.17194486459733	230.0	35	1.05	0.95				
	324	1	0.0	0.0	0.0	0.0	3	1.0452006411874761	20.177714519524777	230.0	36	1.05	0.95				
	325	1	0.0	0.0	0.0	0.0	3	1.0165830725973035	16.744775439548416	230.0	35	1.05	0.95				
];
