%% MATPOWER Case Format : Version 2
function mpc = RTS_GMLC
mpc.version = '2';

%%-----  Power Flow Data  -----%%
%% system MVA base
mpc.baseMVA = 100.0;
%% bus data
%    bus_i    type    Pd    Qd    Gs    Bs    area    Vm    Va    baseKV    zone    Vmax    Vmin
mpc.bus = [
	101	2	35.323107373894736	7.195447798385965	0.0	0.0	1	1.0078615507718856	-6.421947513185655	138.0	11	1.05	0.95				
	102	2	31.72538347470175	6.5413161803508775	0.0	0.0	1	1.0080062648255608	-6.574267655963603	138.0	12	1.05	0.95				
	103	1	58.871845623157895	12.101434933649122	0.0	0.0	1	1.0108729558017835	-0.13666861370574254	138.0	11	1.05	0.95				
	104	1	24.202869867298244	4.905987135263158	0.0	0.0	1	1.0050952456383626	-5.622135778602592	138.0	11	1.05	0.95				
	105	1	23.221672440245612	4.578921326245614	0.0	0.0	1	1.020038001715076	-6.375656225731849	138.0	11	1.05	0.95				
	106	1	44.48095002638597	9.157842652491228	0.0	-100.0	1	1.0355660836459777	-6.7832462655497405	138.0	12	1.05	0.95				
	107	2	40.88322612719298	8.176645225438596	0.0	0.0	1	0.9906305695657832	-9.983235336444103	138.0	12	1.05	0.95				
	108	1	55.928253342	11.447303315614034	0.0	0.0	1	0.9969433556984969	-8.638092931472139	138.0	12	1.05	0.95				
	109	1	57.23651657807017	11.774369124631578	0.0	0.0	1	1.0118845943085992	-3.4539753429029743	138.0	13	1.05	0.95				
	110	1	63.77783275842105	13.082632360701755	0.0	0.0	1	1.039930689226996	-5.253501925869379	138.0	13	1.05	0.95				
	111	1	0.0	0.0	0.0	0.0	1	0.9922277809909646	-0.4322115775373143	230.0	13	1.05	0.95				
	112	1	0.0	0.0	0.0	0.0	1	0.9903269869533051	-1.4411954079243567	230.0	13	1.05	0.95				
	113	3	86.67243938964911	17.661553686947368	0.0	0.0	1	0.9681966234843482	6.238845339980809e-32	230.0	14	1.05	0.95				
	114	2	63.4507669494035	12.755566551684211	0.0	0.0	1	1.0092036730618605	3.211942154982668	230.0	16	1.05	0.95				
	115	2	103.67986145856139	20.932211777122806	0.0	0.0	1	1.0125781175076225	12.087438414524588	230.0	16	1.05	0.95				
	116	2	32.706580901754386	6.5413161803508775	0.0	0.0	1	1.0115921998747157	10.537917269818804	230.0	16	1.05	0.95				
	117	1	0.0	0.0	0.0	0.0	1	1.0144030275521077	16.280990394858936	230.0	17	1.05	0.95				
	118	2	108.91291440284209	22.240475013192984	0.0	0.0	1	1.023755636636197	16.678714882663712	230.0	17	1.05	0.95				
	119	1	59.198911432175436	12.101434933649122	0.0	0.0	1	1.0066422417284397	6.6854399726410545	230.0	15	1.05	0.95				
	120	1	41.86442355424561	8.50371103445614	0.0	0.0	1	1.0074662019035112	3.9921139525899134	230.0	15	1.05	0.95				
	121	2	0.0	0.0	0.0	0.0	1	1.0203609325268477	17.923268102637792	230.0	17	1.05	0.95				
	122	2	0.0	0.0	0.0	0.0	1	1.031767618176117	36.54614132868716	230.0	17	1.05	0.95				
	123	2	0.0	0.0	0.0	0.0	1	1.0085911535795755	2.774903847615812	230.0	15	1.05	0.95				
	124	1	0.0	0.0	0.0	0.0	1	0.9969868758701321	7.469328796085679	230.0	16	1.05	0.95				
	201	2	37.04265701431579	7.545726428842106	0.0	0.0	2	1.0134998814372964	-13.32324965196561	138.0	21	1.05	0.95				
	202	2	33.269793799894735	6.859751298947368	0.0	0.0	2	1.0122197057754048	-13.581572767910764	138.0	22	1.05	0.95				
	203	1	61.73776169052631	12.690539903052631	0.0	0.0	2	1.0002077677135846	-9.836275683486196	138.0	21	1.05	0.95				
	204	1	25.381079806105262	5.144813474210527	0.0	0.0	2	1.0026537288622503	-13.209856528499525	138.0	21	1.05	0.95				
	205	1	24.35211711126316	4.801825909263158	0.0	0.0	2	1.019315495883081	-13.59189026148698	138.0	21	1.05	0.95				
	206	1	46.64630883284211	9.603651818526316	0.0	-100.0	2	1.030732158083058	-14.208425222580718	138.0	22	1.05	0.95				
	207	2	42.87344561842105	8.57468912368421	0.0	0.0	2	0.9760863958654609	-18.314514704622674	138.0	22	1.05	0.95				
	208	1	58.650873606	12.004564773157893	0.0	0.0	2	0.9846460753194501	-16.773177132511996	138.0	22	1.05	0.95				
	209	1	60.022823865789476	12.347552338105263	0.0	0.0	2	1.0042589516621745	-11.432039006296286	138.0	23	1.05	0.95				
	210	1	66.88257516473685	13.719502597894737	0.0	0.0	2	1.0329894558545147	-12.729129901634488	138.0	23	1.05	0.95				
	211	1	0.0	0.0	0.0	0.0	2	0.9839651361035091	-8.780111694971925	230.0	23	1.05	0.95				
	212	1	0.0	0.0	0.0	0.0	2	0.9808773508497958	-7.895069013094477	230.0	23	1.05	0.95				
	213	2	90.89170471105264	18.521328507157897	0.0	0.0	2	0.9769374647311713	-7.326221547042494	230.0	24	1.05	0.95				
	214	2	66.53958759978947	13.37651503294737	0.0	0.0	2	0.9821340203352009	-6.587578659459822	230.0	26	1.05	0.95				
	215	2	108.7270580883158	21.95120415663158	0.0	0.0	2	0.9918708507824325	-0.815852918187474	230.0	26	1.05	0.95				
	216	2	34.29875649473684	6.859751298947368	0.0	0.0	2	0.9894160776567212	-1.2324698184142862	230.0	26	1.05	0.95				
	217	1	0.0	0.0	0.0	0.0	2	1.0014839213019042	0.5146321362083668	230.0	27	1.05	0.95				
	218	2	114.21485912747369	23.323154416421055	0.0	0.0	2	1.0021961568273594	0.12234336321927206	230.0	27	1.05	0.95				
	219	1	62.08074925547369	12.690539903052631	0.0	0.0	2	0.9811514637038954	-0.8129559888640843	230.0	25	1.05	0.95				
	220	1	43.90240831326316	8.917676688631579	0.0	0.0	2	0.976200503088439	0.29357171759997897	230.0	25	1.05	0.95				
	221	2	0.0	0.0	0.0	0.0	2	1.003709683988353	0.6142076319041385	230.0	27	1.05	0.95				
	222	2	0.0	0.0	0.0	0.0	2	1.0225754854538927	7.2148287143111665	230.0	27	1.05	0.95				
	223	2	0.0	0.0	0.0	0.0	2	0.9741080108590211	1.203172752855701	230.0	25	1.05	0.95				
	224	1	0.0	0.0	0.0	0.0	2	0.9841816529243086	-4.259530448799666	230.0	26	1.05	0.95				
	301	2	35.413476749052634	7.213856374807018	0.0	0.0	3	1.0132715867453632	27.099945118051778	138.0	31	1.05	0.95				
	302	2	31.806548561649123	6.558051249824562	0.0	0.0	3	1.0137850967170683	26.732929706793794	138.0	32	1.05	0.95				
	303	1	59.02246124842105	12.132394812175438	0.0	0.0	3	1.0279686687795149	41.878179826710635	138.0	31	1.05	0.95				
	304	1	24.264789624350875	4.9185384373684204	0.0	0.0	3	1.0037569098633454	27.84256879645688	138.0	31	1.05	0.95				
	305	1	23.28108193687719	4.590635874877194	0.0	0.0	3	1.0208996192986621	25.187325655389508	138.0	31	1.05	0.95				
	306	1	44.59474849880702	9.181271749754387	0.0	-100.0	3	1.0338254888508203	23.67403881911611	138.0	32	1.05	0.95				
	307	2	40.98782031140351	8.197564062280701	0.0	0.0	3	0.9597850835368206	21.46286502379155	138.0	32	1.05	0.95				
	308	1	56.071338186	11.47658968719298	0.0	0.0	3	0.9761931653206908	22.848952628860044	138.0	32	1.05	0.95				
	309	1	57.382948435964906	11.80449224968421	0.0	0.0	3	1.0049104113112457	30.165603177376685	138.0	33	1.05	0.95				
	310	1	63.94099968578947	13.116102499649124	0.0	0.0	3	1.0365094720874197	24.332254330228988	138.0	33	1.05	0.95				
	311	1	0.0	0.0	0.0	0.0	3	0.9908134801929006	26.910630472379722	230.0	33	1.05	0.95				
	312	1	0.0	0.0	0.0	0.0	3	0.9982432454467592	26.385686082424147	230.0	33	1.05	0.95				
	313	2	86.89417906017543	17.706738374526317	0.0	0.0	3	0.9910111565379095	25.98608981982271	230.0	34	1.05	0.95				
	314	2	63.613097123298246	12.788199937157895	0.0	0.0	3	0.9800505458695226	27.5132169225508	230.0	36	1.05	0.95				
	315	2	103.9451123097193	20.985763999438596	0.0	0.0	3	1.003223804926427	31.209238103170357	230.0	36	1.05	0.95				
	316	2	32.790256249122805	6.558051249824562	0.0	0.0	3	0.9942796871082703	30.409044448572942	230.0	36	1.05	0.95				
	317	1	0.0	0.0	0.0	0.0	3	1.0045856205066126	35.28238551731829	230.0	37	1.05	0.95				
	318	2	109.19155330957895	22.29737424940351	0.0	0.0	3	0.995342282207621	31.299477744229083	230.0	37	1.05	0.95				
	319	1	59.35036381091228	12.132394812175438	0.0	0.0	3	0.9935029220523441	27.71760026473406	230.0	35	1.05	0.95				
	320	1	41.97152799887719	8.52546662477193	0.0	0.0	3	0.9962100807729543	26.069048416980205	230.0	35	1.05	0.95				
	321	2	0.0	0.0	0.0	0.0	3	1.005960669319472	31.942570674790858	230.0	37	1.05	0.95				
	322	2	0.0	0.0	0.0	0.0	3	1.024452769270092	37.546486667391086	230.0	37	1.05	0.95				
	323	2	0.0	0.0	0.0	0.0	3	0.9979727259525379	25.433923496123867	230.0	35	1.05	0.95				
	324	1	0.0	0.0	0.0	0.0	3	1.0094172707359197	35.310102537309916	230.0	36	1.05	0.95				
