%% MATPOWER Case Format : Version 2
function mpc = RTS_GMLC
mpc.version = '2';

%%-----  Power Flow Data  -----%%
%% system MVA base
mpc.baseMVA = 100.0;
%% bus data
%    bus_i    type    Pd    Qd    Gs    Bs    area    Vm    Va    baseKV    zone    Vmax    Vmin
mpc.bus = [
	101	2	64.30034637473685	13.098218705964912	0.0	0.0	1	1.05	2.518872319940491	138.0	11	1.05	0.95				
	102	2	57.751237021754385	11.907471550877194	0.0	0.0	1	1.049134107654445	2.1241198789775053	138.0	12	1.05	0.95				
	103	1	107.16724395789474	22.028822369122807	0.0	0.0	1	1.032451890994695	0.9634458940702596	138.0	11	1.05	0.95				
	104	1	44.057644738245614	8.930603663157894	0.0	0.0	1	1.027953117635931	-1.5802107999441992	138.0	11	1.05	0.95				
	105	1	42.27152400561403	8.335230085614036	0.0	0.0	1	1.040897319217625	-1.9448552109690023	138.0	11	1.05	0.95				
	106	1	80.97080654596492	16.670460171228072	0.0	-100.0	1	1.0435627022705012	-5.08476968652159	138.0	12	1.05	0.95				
	107	2	74.42169719298246	14.884339438596491	0.0	0.0	1	0.9987946921144275	-12.272166314168349	138.0	12	1.05	0.95				
	108	1	101.80888176	20.838075214035086	0.0	0.0	1	0.9973321588562634	-10.636425161554454	138.0	12	1.05	0.95				
	109	1	104.19037607017545	21.433448791578947	0.0	0.0	1	1.025183667164497	-3.354505080364882	138.0	13	1.05	0.95				
	110	1	116.09784762105264	23.814943101754388	0.0	0.0	1	1.05	-4.6842500408303875	138.0	13	1.05	0.95				
	111	1	0.0	0.0	0.0	0.0	1	1.011095691215431	-1.062920439472613	230.0	13	1.05	0.95				
	112	1	0.0	0.0	0.0	0.0	1	1.0131295071328636	-1.404110140744595	230.0	13	1.05	0.95				
	113	3	157.7739980491228	32.150173187368424	0.0	0.0	1	1.0070355493744636	6.674768733288249e-29	230.0	14	1.05	0.95				
	114	2	115.50247404350877	23.219569524210527	0.0	0.0	1	1.0142006543072914	1.0321878107079345	230.0	16	1.05	0.95				
	115	2	188.7334240814035	38.10390896280702	0.0	0.0	1	1.04137459860669	9.231468110142188	230.0	16	1.05	0.95				
	116	2	59.537357754385965	11.907471550877194	0.0	0.0	1	1.0370363320373324	7.594204922776616	230.0	16	1.05	0.95				
	117	1	0.0	0.0	0.0	0.0	1	1.0436337399221014	12.206665468887952	230.0	17	1.05	0.95				
	118	2	198.25940132210528	40.48540327298246	0.0	0.0	1	1.0489893712746998	13.450193963608482	230.0	17	1.05	0.95				
	119	1	107.76261753543861	22.028822369122807	0.0	0.0	1	1.0262647982739024	4.565715828743379	230.0	15	1.05	0.95				
	120	1	76.20781792561404	15.479713016140352	0.0	0.0	1	1.0226912380879152	2.5880669587598604	230.0	15	1.05	0.95				
	121	2	0.0	0.0	0.0	0.0	1	1.05	15.54175959576945	230.0	17	1.05	0.95				
	122	2	0.0	0.0	0.0	0.0	1	1.05	21.42056351049337	230.0	17	1.05	0.95				
	123	2	0.0	0.0	0.0	0.0	1	1.0222359836515384	1.953567641684707	230.0	15	1.05	0.95				
	124	1	0.0	0.0	0.0	0.0	1	1.0275099304386541	6.133014998877682	230.0	16	1.05	0.95				
	201	2	58.17346135578948	11.850149535438598	0.0	0.0	2	1.0113768030363683	-12.533393389281473	138.0	21	1.05	0.95				
	202	2	52.24838658807018	10.77286321403509	0.0	0.0	2	1.0106106813595468	-12.77305059881678	138.0	22	1.05	0.95				
	203	1	96.9557689263158	19.929796945964913	0.0	0.0	2	1.0135978294007286	-9.399167037428926	138.0	21	1.05	0.95				
	204	1	39.859593891929826	8.079647410526317	0.0	0.0	2	1.0093244442025462	-11.619794659447695	138.0	21	1.05	0.95				
	205	1	38.24366440982456	7.541004249824564	0.0	0.0	2	1.023558911914603	-12.02857022208752	138.0	21	1.05	0.95				
	206	1	73.2554698554386	15.082008499649127	0.0	-100.0	2	1.0378385453490502	-12.37149389158598	138.0	22	1.05	0.95				
	207	2	67.33039508771931	13.46607901754386	0.0	0.0	2	0.99382722838626	-19.038410202819776	138.0	22	1.05	0.95				
	208	1	92.10798048000001	18.852510624561404	0.0	0.0	2	0.995123528602061	-16.499252457352018	138.0	22	1.05	0.95				
	209	1	94.26255312280702	19.39115378526316	0.0	0.0	2	1.025721422349552	-8.467198067044013	138.0	23	1.05	0.95				
	210	1	105.03541633684212	21.54572642807018	0.0	0.0	2	1.05	-9.794038512551028	138.0	23	1.05	0.95				
	211	1	0.0	0.0	0.0	0.0	2	1.013309998786925	-5.08699675393654	230.0	23	1.05	0.95				
	212	1	0.0	0.0	0.0	0.0	2	1.018655614504468	0.16951073821880713	230.0	23	1.05	0.95				
	213	2	142.74043758596494	29.08673067789474	0.0	0.0	2	1.0177513682148978	-1.9032727130119527	230.0	24	1.05	0.95				
	214	2	104.49677317614037	21.007083267368422	0.0	0.0	2	1.0149411867687426	-3.792219473358612	230.0	26	1.05	0.95				
	215	2	170.74988194245614	34.473162284912284	0.0	0.0	2	1.0309374811431056	1.1218138618041746	230.0	26	1.05	0.95				
	216	2	53.86431607017544	10.77286321403509	0.0	0.0	2	1.0322884520188456	1.338684783686073	230.0	26	1.05	0.95				
	217	1	0.0	0.0	0.0	0.0	2	1.0338712210072718	1.914685966551566	230.0	27	1.05	0.95				
	218	2	179.36817251368424	36.6277349277193	0.0	0.0	2	1.0324457355248082	1.350075284384919	230.0	27	1.05	0.95				
	219	1	97.49441208701755	19.929796945964913	0.0	0.0	2	1.034867932599433	2.634460935591137	230.0	25	1.05	0.95				
	220	1	68.94632456982457	14.004722178245615	0.0	0.0	2	1.041940009426082	4.776063415691215	230.0	25	1.05	0.95				
	221	2	0.0	0.0	0.0	0.0	2	1.0346476608942354	2.0736294568413065	230.0	27	1.05	0.95				
	222	2	0.0	0.0	0.0	0.0	2	1.05	8.508154930225997	230.0	27	1.05	0.95				
	223	2	0.0	0.0	0.0	0.0	2	1.0478522296036226	6.336275483028935	230.0	25	1.05	0.95				
	224	1	0.0	0.0	0.0	0.0	2	1.0114448719063984	-2.792070696725729	230.0	26	1.05	0.95				
	301	2	72.22777601684211	14.71306548491228	0.0	0.0	3	0.9930077885191152	20.896808824856603	138.0	31	1.05	0.95				
	302	2	64.87124327438596	13.375514077192982	0.0	0.0	3	0.992341328715036	20.726462104621813	138.0	32	1.05	0.95				
	303	1	120.37962669473686	24.74470104280702	0.0	0.0	3	1.0345440831360695	28.710495940594157	138.0	31	1.05	0.95				
	304	1	49.48940208561404	10.031635557894738	0.0	0.0	3	1.0004953726182977	22.852190112330014	138.0	31	1.05	0.95				
	305	1	47.483074974035084	9.362859854035088	0.0	0.0	3	1.0117464249397035	22.050796166132958	138.0	31	1.05	0.95				
	306	1	90.95349572491229	18.725719708070176	0.0	-100.0	3	1.0292261858287852	21.95714819800694	138.0	32	1.05	0.95				
	307	2	83.59696298245613	16.71939259649123	0.0	0.0	3	0.9846655553301162	17.563857133887208	138.0	32	1.05	0.95				
	308	1	114.36064535999999	23.407149635087716	0.0	0.0	3	0.9950895337074428	20.616236724356206	138.0	32	1.05	0.95				
	309	1	117.0357481754386	24.075925338947368	0.0	0.0	3	1.0313680546054629	27.285081298216394	138.0	33	1.05	0.95				
	310	1	130.4112622526316	26.751028154385963	0.0	0.0	3	1.05	25.34788580623633	138.0	33	1.05	0.95				
	311	1	0.0	0.0	0.0	0.0	3	1.0210550256003927	31.704778348422487	230.0	33	1.05	0.95				
	312	1	0.0	0.0	0.0	0.0	3	1.028394020638282	32.581626627605225	230.0	33	1.05	0.95				
	313	2	177.22556152280703	36.11388800842106	0.0	0.0	3	1.0480877357017848	39.55651553544147	230.0	34	1.05	0.95				
	314	2	129.74248654877192	26.082252450526315	0.0	0.0	3	1.0200990323053911	30.049092938336972	230.0	36	1.05	0.95				
	315	2	212.0018981235088	42.801645047017544	0.0	0.0	3	1.0427321587562857	25.064917722967163	230.0	36	1.05	0.95				
	316	2	66.87757038596492	13.375514077192982	0.0	0.0	3	1.041142098675139	26.10727708369516	230.0	36	1.05	0.95				
	317	1	0.0	0.0	0.0	0.0	3	1.05	26.528230756814313	230.0	37	1.05	0.95				
	318	2	222.7023093852632	45.47674786245614	0.0	0.0	3	1.0472463188910293	23.701776118094813	230.0	37	1.05	0.95				
	319	1	121.0484023985965	24.74470104280702	0.0	0.0	3	1.0426433980286047	27.662046237441054	230.0	35	1.05	0.95				
	320	1	85.60329009403509	17.388168300350877	0.0	0.0	3	1.0462786206082058	28.743333043193815	230.0	35	1.05	0.95				
	321	2	0.0	0.0	0.0	0.0	3	1.0464151474298509	24.79322606404174	230.0	37	1.05	0.95				
	322	2	0.0	0.0	0.0	0.0	3	1.05	29.817092919311474	230.0	37	1.05	0.95				
	323	2	0.0	0.0	0.0	0.0	3	1.048059080379338	29.011221381050667	230.0	35	1.05	0.95				
	324	1	0.0	0.0	0.0	0.0	3	1.0393648129080535	28.3960458753995	230.0	36	1.05	0.95				
	325	1	0.0	0.0	0.0	0.0	3	1.0492053840286268	27.87610104277285	230.0	35	1.05	0.95				
];
