%% MATPOWER Case Format : Version 2
function mpc = RTS_GMLC
mpc.version = '2';

%%-----  Power Flow Data  -----%%
%% system MVA base
mpc.baseMVA = 100.0;
%% bus data
%    bus_i    type    Pd    Qd    Gs    Bs    area    Vm    Va    baseKV    zone    Vmax    Vmin
mpc.bus = [
	101	2	49.40425530947369	10.06382978526316	0.0	0.0	1	1.0359657412821066	2.328423691765199	138.0	11	1.05	0.95				
	102	2	44.37234041684211	9.148936168421054	0.0	0.0	1	1.035521449480274	2.1734128448845826	138.0	12	1.05	0.95				
	103	1	82.34042551578949	16.925531911578947	0.0	0.0	1	1.0295007050221674	0.7470927507203037	138.0	11	1.05	0.95				
	104	1	33.851063823157894	6.86170212631579	0.0	0.0	1	1.0218824806224607	-1.129836800641901	138.0	11	1.05	0.95				
	105	1	32.47872339789474	6.404255317894739	0.0	0.0	1	1.0366226601989914	-0.9590385390914516	138.0	11	1.05	0.95				
	106	1	62.21276594526317	12.808510635789478	0.0	-100.0	1	1.0450657937518126	-3.2694116694243895	138.0	12	1.05	0.95				
	107	2	57.18085105263159	11.436170210526317	0.0	0.0	1	1.000197090877414	-8.537733005118637	138.0	12	1.05	0.95				
	108	1	78.22340424000001	16.010638294736843	0.0	0.0	1	1.003437293866111	-7.376383816383749	138.0	12	1.05	0.95				
	109	1	80.05319147368422	16.468085103157897	0.0	0.0	1	1.0248814773652941	-1.9889761113187923	138.0	13	1.05	0.95				
	110	1	89.20212764210527	18.297872336842108	0.0	0.0	1	1.05	-2.860386282476497	138.0	13	1.05	0.95				
	111	1	0.0	0.0	0.0	0.0	1	1.0053908483633573	-0.08825239500955431	230.0	13	1.05	0.95				
	112	1	0.0	0.0	0.0	0.0	1	1.009439052381809	0.16291546548908628	230.0	13	1.05	0.95				
	113	3	121.22340423157895	24.702127654736845	0.0	0.0	1	0.9975866078249479	-1.2274585526705811e-28	230.0	14	1.05	0.95				
	114	2	88.74468083368421	17.840425528421054	0.0	0.0	1	1.0045611877183422	2.2844397398248253	230.0	16	1.05	0.95				
	115	2	145.0106382694737	29.27659573894737	0.0	0.0	1	1.041039226206972	8.820179876935981	230.0	16	1.05	0.95				
	116	2	45.74468084210527	9.148936168421054	0.0	0.0	1	1.0372825936101995	8.27610017419885	230.0	16	1.05	0.95				
	117	1	0.0	0.0	0.0	0.0	1	1.042638640669543	11.025761773462255	230.0	17	1.05	0.95				
	118	2	152.32978720421056	31.106382972631586	0.0	0.0	1	1.046818412481218	10.825361181133133	230.0	17	1.05	0.95				
	119	1	82.79787232421054	16.925531911578947	0.0	0.0	1	1.0297890979769995	6.833380382773043	230.0	15	1.05	0.95				
	120	1	58.55319147789474	11.893617018947369	0.0	0.0	1	1.0267902453015165	6.4550017408396085	230.0	15	1.05	0.95				
	121	2	0.0	0.0	0.0	0.0	1	1.05	11.69873098112715	230.0	17	1.05	0.95				
	122	2	0.0	0.0	0.0	0.0	1	1.05	23.693634508270957	230.0	17	1.05	0.95				
	123	2	0.0	0.0	0.0	0.0	1	1.025784837338501	6.598577162934837	230.0	15	1.05	0.95				
	124	1	0.0	0.0	0.0	0.0	1	1.026404860199942	5.803851639293126	230.0	16	1.05	0.95				
	201	2	46.22257201263158	9.41570911368421	0.0	0.0	2	1.0280759350188033	-6.234066459342603	138.0	21	1.05	0.95				
	202	2	41.514717455789466	8.559735557894738	0.0	0.0	2	1.0287139056859906	-6.119253982451852	138.0	22	1.05	0.95				
	203	1	77.03762002105263	15.835510782105262	0.0	0.0	2	1.0189735234910038	-6.40883721823836	138.0	21	1.05	0.95				
	204	1	31.671021564210523	6.4198016684210515	0.0	0.0	2	1.0189204816066089	-8.256446043310007	138.0	21	1.05	0.95				
	205	1	30.387061230526314	5.991814890526316	0.0	0.0	2	1.0336961512451672	-8.38101480496303	138.0	21	1.05	0.95				
	206	1	58.20620179368421	11.983629781052633	0.0	-100.0	2	1.0449119697106737	-9.97830520226442	138.0	22	1.05	0.95				
	207	2	53.4983472368421	10.699669447368422	0.0	0.0	2	0.9896445448439252	-16.376229656314916	138.0	22	1.05	0.95				
	208	1	73.18573902	14.979537226315786	0.0	0.0	2	0.9969861379841214	-14.452620465311243	138.0	22	1.05	0.95				
	209	1	74.89768613157895	15.407524004210524	0.0	0.0	2	1.023153754140709	-8.252944226647664	138.0	23	1.05	0.95				
	210	1	83.45742168947368	17.119471115789477	0.0	0.0	2	1.05	-9.189699274722239	138.0	23	1.05	0.95				
	211	1	0.0	0.0	0.0	0.0	2	1.004823234439309	-5.655556085664005	230.0	23	1.05	0.95				
	212	1	0.0	0.0	0.0	0.0	2	1.0093395231778668	-5.206819403704039	230.0	23	1.05	0.95				
	213	2	113.41649614210525	23.11128600631579	0.0	0.0	2	0.9982584914322861	-4.868487997434331	230.0	24	1.05	0.95				
	214	2	83.02943491157893	16.69148433789474	0.0	0.0	2	1.005260837258608	-3.160851437326353	230.0	26	1.05	0.95				
	215	2	135.67180859263158	27.391153785263157	0.0	0.0	2	1.0279241554555352	3.0883975111581057	230.0	26	1.05	0.95				
	216	2	42.798677789473686	8.559735557894738	0.0	0.0	2	1.0290647076213544	2.9082009872977728	230.0	26	1.05	0.95				
	217	1	0.0	0.0	0.0	0.0	2	1.0346661124453584	5.647262431679603	230.0	27	1.05	0.95				
	218	2	142.51959703894735	29.103100896842104	0.0	0.0	2	1.0361523091939542	6.065900975498203	230.0	27	1.05	0.95				
	219	1	77.46560679894738	15.835510782105262	0.0	0.0	2	1.0290162624528285	1.9547300689434441	230.0	25	1.05	0.95				
	220	1	54.782307570526314	11.127656225263157	0.0	0.0	2	1.031924997016007	1.9585263865845195	230.0	25	1.05	0.95				
	221	2	0.0	0.0	0.0	0.0	2	1.0361843813985518	5.835544698174489	230.0	27	1.05	0.95				
	222	2	0.0	0.0	0.0	0.0	2	1.05	12.2598464149469	230.0	27	1.05	0.95				
	223	2	0.0	0.0	0.0	0.0	2	1.0340624595520709	2.285282894725313	230.0	25	1.05	0.95				
	224	1	0.0	0.0	0.0	0.0	2	1.0128221637316737	-0.47274612136661986	230.0	26	1.05	0.95				
	301	2	58.74913000421053	11.96741537122807	0.0	0.0	3	1.0092600261531157	-26.198581127417242	138.0	31	1.05	0.95				
	302	2	52.76542231859649	10.879468519298246	0.0	0.0	3	1.0084092806329001	-26.39672323575348	138.0	32	1.05	0.95				
	303	1	97.91521667368421	20.127016760701753	0.0	0.0	3	1.0353610842441543	-17.061204992490087	138.0	31	1.05	0.95				
	304	1	40.25403352140351	8.159601389473684	0.0	0.0	3	1.0093452974622974	-24.57535124769851	138.0	31	1.05	0.95				
	305	1	38.62211324350877	7.615627963508772	0.0	0.0	3	1.0224965632625644	-25.942430002476613	138.0	31	1.05	0.95				
	306	1	73.98038593122807	15.231255927017544	0.0	-100.0	3	1.0371700387303275	-26.413043615367584	138.0	32	1.05	0.95				
	307	2	67.99667824561404	13.599335649122807	0.0	0.0	3	0.9913361718200927	-32.38514038556515	138.0	32	1.05	0.95				
	308	1	93.01945583999999	19.03906990877193	0.0	0.0	3	0.9939468693330151	-29.831022178789464	138.0	32	1.05	0.95				
	309	1	95.19534954385963	19.583043334736843	0.0	0.0	3	1.0285890056696723	-20.87497925631992	138.0	33	1.05	0.95				
	310	1	106.07481806315788	21.758937038596493	0.0	0.0	3	1.05	-23.938260940217756	138.0	33	1.05	0.95				
	311	1	0.0	0.0	0.0	0.0	3	1.0156452400228848	-17.307294499687742	230.0	33	1.05	0.95				
	312	1	0.0	0.0	0.0	0.0	3	1.0173359910355737	-16.592036440221275	230.0	33	1.05	0.95				
	313	2	144.15295788070176	29.374565002105264	0.0	0.0	3	1.0206337282101907	-13.754134807716953	230.0	34	1.05	0.95				
	314	2	105.53084463719298	21.21496361263158	0.0	0.0	3	1.02210879083339	-15.298612362341013	230.0	36	1.05	0.95				
	315	2	172.4395760308772	34.814299261754385	0.0	0.0	3	1.0432065517632791	-9.86282367058356	230.0	36	1.05	0.95				
	316	2	54.39734259649123	10.879468519298246	0.0	0.0	3	1.0437223060416	-9.20118257857077	230.0	36	1.05	0.95				
	317	1	0.0	0.0	0.0	0.0	3	1.0467539369366445	-6.966624062255716	230.0	37	1.05	0.95				
	318	2	181.1431508463158	36.990192965614035	0.0	0.0	3	1.0447382240097065	-7.177197930374938	230.0	37	1.05	0.95				
	319	1	98.45919009964912	20.127016760701753	0.0	0.0	3	1.0415534028130715	-9.976152600739812	230.0	35	1.05	0.95				
	320	1	69.62859852350877	14.143309075087721	0.0	0.0	3	1.0438258020056594	-9.623396255843224	230.0	35	1.05	0.95				
	321	2	0.0	0.0	0.0	0.0	3	1.0459452469780073	-7.28274882812263	230.0	37	1.05	0.95				
	322	2	0.0	0.0	0.0	0.0	3	1.05	-2.8223768816346326	230.0	37	1.05	0.95				
	323	2	0.0	0.0	0.0	0.0	3	1.046193842633592	-9.02895396162521	230.0	35	1.05	0.95				
	324	1	0.0	0.0	0.0	0.0	3	1.0308412793017712	-12.561244401428262	230.0	36	1.05	0.95				
	325	1	0.0	0.0	0.0	0.0	3	1.0386075029695914	-7.342764346157997	230.0	35	1.05	0.95				
];
