%% MATPOWER Case Format : Version 2
function mpc = RTS_GMLC
mpc.version = '2';

%%-----  Power Flow Data  -----%%
%% system MVA base
mpc.baseMVA = 100.0;
%% bus data
%    bus_i    type    Pd    Qd    Gs    Bs    area    Vm    Va    baseKV    zone    Vmax    Vmin
mpc.bus = [
	101	2	40.506679856842105	8.251360711578947	0.0	0.0	1	1.0122621384319146	-3.7027596085112107	138.0	11	1.05	0.95				
	102	2	36.38099950105263	7.5012370105263155	0.0	0.0	1	1.0122521142024385	-3.923378415541878	138.0	12	1.05	0.95				
	103	1	67.51113309473683	13.877288469473683	0.0	0.0	1	1.0015049709320463	1.510011776930714	138.0	11	1.05	0.95				
	104	1	27.754576938947366	5.625927757894736	0.0	0.0	1	1.003031628198866	-3.7917253605031664	138.0	11	1.05	0.95				
	105	1	26.62939138736842	5.250865907368421	0.0	0.0	1	1.017400687783039	-4.833285699812384	138.0	11	1.05	0.95				
	106	1	51.00841167157895	10.501731814736843	0.0	-100.0	1	1.0283652705404043	-5.932160790276244	138.0	12	1.05	0.95				
	107	2	46.882731315789464	9.376546263157893	0.0	0.0	1	0.9866275278993423	-10.493310337854698	138.0	12	1.05	0.95				
	108	1	64.13557643999998	13.127164768421052	0.0	0.0	1	0.9887700520554019	-8.864681191966737	138.0	12	1.05	0.95				
	109	1	65.63582384210525	13.502226618947367	0.0	0.0	1	1.0022332236615754	-2.8380831251451735	138.0	13	1.05	0.95				
	110	1	73.13706085263156	15.002474021052631	0.0	0.0	1	1.0313379219917298	-4.739226268635395	138.0	13	1.05	0.95				
	111	1	0.0	0.0	0.0	0.0	1	0.9812704998705849	-0.2640363337532133	230.0	13	1.05	0.95				
	112	1	0.0	0.0	0.0	0.0	1	0.983045666111839	-1.2381305374167977	230.0	13	1.05	0.95				
	113	3	99.39139038947367	20.253339928421052	0.0	0.0	1	0.9634342605352326	1.6297143917988283e-27	230.0	14	1.05	0.95				
	114	2	72.76199900210526	14.627412170526313	0.0	0.0	1	0.9893751748723378	3.1764057584189125	230.0	16	1.05	0.95				
	115	2	118.89460661684208	24.003958433684208	0.0	0.0	1	0.9886868254112068	12.314956439533791	230.0	16	1.05	0.95				
	116	2	37.50618505263157	7.5012370105263155	0.0	0.0	1	0.9876358348188612	10.643571410851358	230.0	16	1.05	0.95				
	117	1	0.0	0.0	0.0	0.0	1	0.9909927892560867	16.31864425726754	230.0	17	1.05	0.95				
	118	2	124.89559622526313	25.504205835789474	0.0	0.0	1	0.9982829920862211	17.02851114069646	230.0	17	1.05	0.95				
	119	1	67.88619494526316	13.877288469473683	0.0	0.0	1	0.9879116679877867	6.806016506555643	230.0	15	1.05	0.95				
	120	1	48.007916867368415	9.75160811368421	0.0	0.0	1	0.9931615554793431	3.8380737088079373	230.0	15	1.05	0.95				
	121	2	0.0	0.0	0.0	0.0	1	0.9984139386436847	18.35974259664751	230.0	17	1.05	0.95				
	122	2	0.0	0.0	0.0	0.0	1	1.0088395995583852	33.83357998832276	230.0	17	1.05	0.95				
	123	2	0.0	0.0	0.0	0.0	1	0.9971258052182407	2.5249245983082824	230.0	15	1.05	0.95				
	124	1	0.0	0.0	0.0	0.0	1	0.9806534821560344	8.173693039724737	230.0	16	1.05	0.95				
	201	2	41.66661418105264	8.487643629473684	0.0	0.0	2	1.0111093685448458	-13.899186498854093	138.0	21	1.05	0.95				
	202	2	37.4227923663158	7.716039663157896	0.0	0.0	2	1.0101004339253032	-14.094636452123991	138.0	22	1.05	0.95				
	203	1	69.44435696842106	14.274673376842106	0.0	0.0	2	0.9977233080566158	-10.292730895660585	138.0	21	1.05	0.95				
	204	1	28.549346753684212	5.787029747368421	0.0	0.0	2	1.0012776208173537	-13.243825744882052	138.0	21	1.05	0.95				
	205	1	27.39194080421053	5.401227764210527	0.0	0.0	2	1.0176797053126576	-13.684519579059511	138.0	21	1.05	0.95				
	206	1	52.46906970947369	10.802455528421055	0.0	-100.0	2	1.0294685228678453	-14.059135033388477	138.0	22	1.05	0.95				
	207	2	48.225247894736846	9.645049578947368	0.0	0.0	2	0.9724405806647246	-18.606657148548035	138.0	22	1.05	0.95				
	208	1	65.97213912000001	13.503069410526317	0.0	0.0	2	0.9812208912971525	-16.845801819634662	138.0	22	1.05	0.95				
	209	1	67.51534705263158	13.88887139368421	0.0	0.0	2	1.0054677423843776	-10.894771566302948	138.0	23	1.05	0.95				
	210	1	75.23138671578948	15.432079326315792	0.0	0.0	2	1.033610174059789	-12.191899843750083	138.0	23	1.05	0.95				
	211	1	0.0	0.0	0.0	0.0	2	0.98644269079006	-8.340827950304051	230.0	23	1.05	0.95				
	212	1	0.0	0.0	0.0	0.0	2	0.9864388697955045	-5.377380164259646	230.0	23	1.05	0.95				
	213	2	102.23752553684211	20.83330709052632	0.0	0.0	2	0.9821432503574233	-6.25562052786381	230.0	24	1.05	0.95				
	214	2	74.8455847326316	15.046277343157897	0.0	0.0	2	0.9835310733807626	-6.814923376749346	230.0	26	1.05	0.95				
	215	2	122.29922866105262	24.691326922105265	0.0	0.0	2	0.9914124299210136	-1.6852957138031286	230.0	26	1.05	0.95				
	216	2	38.580198315789474	7.716039663157896	0.0	0.0	2	0.9895287876528804	-2.107066748820636	230.0	26	1.05	0.95				
	217	1	0.0	0.0	0.0	0.0	2	1.0001150482417198	-0.8312709672844831	230.0	27	1.05	0.95				
	218	2	128.47206039157896	26.234534854736847	0.0	0.0	2	1.0014501864740637	-1.3803050764523128	230.0	27	1.05	0.95				
	219	1	69.83015895157895	14.274673376842106	0.0	0.0	2	0.9826638569679008	-1.4610441764410127	230.0	25	1.05	0.95				
	220	1	49.38265384421053	10.030851562105264	0.0	0.0	2	0.9795590573214484	-0.07017821972776198	230.0	25	1.05	0.95				
	221	2	0.0	0.0	0.0	0.0	2	1.0037516816750145	-0.9246610015434384	230.0	27	1.05	0.95				
	222	2	0.0	0.0	0.0	0.0	2	1.0209896790877637	3.6963653066936653	230.0	27	1.05	0.95				
	223	2	0.0	0.0	0.0	0.0	2	0.9788272167571876	1.0265834184047649	230.0	25	1.05	0.95				
	224	1	0.0	0.0	0.0	0.0	2	0.9834126810158863	-4.964492749182856	230.0	26	1.05	0.95				
	301	2	51.454602985263165	10.481493200701756	0.0	0.0	3	1.008270245277418	31.574894229195937	138.0	31	1.05	0.95				
	302	2	46.21385638491228	9.528630182456142	0.0	0.0	3	1.0086938849248464	31.28193512396175	138.0	32	1.05	0.95				
	303	1	85.75767164210527	17.62796583754386	0.0	0.0	3	1.0154593041433095	43.6497341452703	138.0	31	1.05	0.95				
	304	1	35.25593167508772	7.146472636842106	0.0	0.0	3	0.9997012281571049	32.787573324317144	138.0	31	1.05	0.95				
	305	1	33.8266371477193	6.6700411277192995	0.0	0.0	3	1.016511177471079	31.105098414498222	138.0	31	1.05	0.95				
	306	1	64.79468524070177	13.340082255438599	0.0	-100.0	3	1.0287570879365846	30.269543288219257	138.0	32	1.05	0.95				
	307	2	59.55393864035088	11.910787728070177	0.0	0.0	3	0.9687952735080787	28.10720473230312	138.0	32	1.05	0.95				
	308	1	81.46978806	16.675102819298246	0.0	0.0	3	0.9833273820876968	30.23114349095636	138.0	32	1.05	0.95				
	309	1	83.37551409649124	17.151534328421054	0.0	0.0	3	1.0079806918272793	36.04552546224468	138.0	33	1.05	0.95				
	310	1	92.90414427894737	19.057260364912285	0.0	0.0	3	1.0365768299685727	32.19624649014139	138.0	33	1.05	0.95				
	311	1	0.0	0.0	0.0	0.0	3	0.9910530655460177	35.8601914192019	230.0	33	1.05	0.95				
	312	1	0.0	0.0	0.0	0.0	3	0.9992370377309588	36.21546446501932	230.0	33	1.05	0.95				
	313	2	126.25434991754388	25.727301492631582	0.0	0.0	3	0.9990592593143467	39.37676180777757	230.0	34	1.05	0.95				
	314	2	92.42771276982457	18.580828855789477	0.0	0.0	3	0.9774277323611771	34.612647047623234	230.0	36	1.05	0.95				
	315	2	151.02878839192982	30.491616583859653	0.0	0.0	3	0.9820725080545974	31.329727325068973	230.0	36	1.05	0.95				
	316	2	47.64315091228071	9.528630182456142	0.0	0.0	3	0.972253354233188	31.818371425812963	230.0	36	1.05	0.95				
	317	1	0.0	0.0	0.0	0.0	3	0.9863199298401731	32.33506077377971	230.0	37	1.05	0.95				
	318	2	158.65169253789475	32.397342620350884	0.0	0.0	3	0.9819650645951022	28.76401354682647	230.0	37	1.05	0.95				
	319	1	86.23410315122808	17.62796583754386	0.0	0.0	3	0.98131938402624	32.200986076435335	230.0	35	1.05	0.95				
	320	1	60.983233167719305	12.387219237192983	0.0	0.0	3	0.9902634578892663	32.33028222933814	230.0	35	1.05	0.95				
	321	2	0.0	0.0	0.0	0.0	3	0.990777110918475	30.033017187489815	230.0	37	1.05	0.95				
	322	2	0.0	0.0	0.0	0.0	3	1.007422883475308	33.387755615789224	230.0	37	1.05	0.95				
	323	2	0.0	0.0	0.0	0.0	3	0.9947243387285293	32.206082758060646	230.0	35	1.05	0.95				
	324	1	0.0	0.0	0.0	0.0	3	0.9927871496724919	37.362439709987136	230.0	36	1.05	0.95				
