%% MATPOWER Case Format : Version 2
function mpc = RTS_GMLC
mpc.version = '2';

%%-----  Power Flow Data  -----%%
%% system MVA base
mpc.baseMVA = 100.0;
%% bus data
%    bus_i    type    Pd    Qd    Gs    Bs    area    Vm    Va    baseKV    zone    Vmax    Vmin
mpc.bus = [
	101	2	70.65957448421052	14.393617024561403	0.0	0.0	1	1.0324202819377901	-0.12305913736402072	138.0	11	1.05	0.95				
	102	2	63.46276597192983	13.085106385964915	0.0	0.0	1	1.0324625980855735	-0.15819827316204912	138.0	12	1.05	0.95				
	103	1	117.76595747368421	24.207446814035087	0.0	0.0	1	1.0224471627003984	-1.7141106317534227	138.0	11	1.05	0.95				
	104	1	48.414893628070175	9.813829789473685	0.0	0.0	1	1.0177183355827455	-3.2404601635141335	138.0	11	1.05	0.95				
	105	1	46.45212767017544	9.15957447017544	0.0	0.0	1	1.032433889049391	-3.1602658786316677	138.0	11	1.05	0.95				
	106	1	88.97872342456141	18.31914894035088	0.0	-100.0	1	1.0388870397471799	-5.457053107460324	138.0	12	1.05	0.95				
	107	2	81.78191491228071	16.35638298245614	0.0	0.0	1	1.0467465989465148	-0.9134239675825316	138.0	12	1.05	0.95				
	108	1	111.8776596	22.898936175438596	0.0	0.0	1	1.0262539185046573	-4.087345415620304	138.0	12	1.05	0.95				
	109	1	114.49468087719299	23.55319149473684	0.0	0.0	1	1.0264721685112936	-3.1141960058572455	138.0	13	1.05	0.95				
	110	1	127.57978726315791	26.17021277192983	0.0	0.0	1	1.05	-4.173098972164089	138.0	13	1.05	0.95				
	111	1	0.0	0.0	0.0	0.0	1	1.0101982496062447	-1.0129835917895498	230.0	13	1.05	0.95				
	112	1	0.0	0.0	0.0	0.0	1	1.014197015842334	-0.021875873799914552	230.0	13	1.05	0.95				
	113	3	173.37765961403508	35.32978724210526	0.0	0.0	1	1.0080996894861223	-8.998269961541338e-29	230.0	14	1.05	0.95				
	114	2	126.92553194385965	25.515957452631582	0.0	0.0	1	1.0090222004169884	0.8153777471654263	230.0	16	1.05	0.95				
	115	2	207.39893621754385	41.87234043508772	0.0	0.0	1	1.0425634157464816	7.407125831384052	230.0	16	1.05	0.95				
	116	2	65.42553192982456	13.085106385964915	0.0	0.0	1	1.040082533238278	7.304063178356541	230.0	16	1.05	0.95				
	117	1	0.0	0.0	0.0	0.0	1	1.0459401786725384	9.703244468109538	230.0	17	1.05	0.95				
	118	2	217.8670213263158	44.489361712280704	0.0	0.0	1	1.0484321556041318	10.028884023664968	230.0	17	1.05	0.95				
	119	1	118.42021279298247	24.207446814035087	0.0	0.0	1	1.0352473691547774	6.685754917983553	230.0	15	1.05	0.95				
	120	1	83.74468087017544	17.010638301754387	0.0	0.0	1	1.0365401528993197	7.393087421309729	230.0	15	1.05	0.95				
	121	2	0.0	0.0	0.0	0.0	1	1.05	10.241594943558958	230.0	17	1.05	0.95				
	122	2	0.0	0.0	0.0	0.0	1	1.05	16.988138881011285	230.0	17	1.05	0.95				
	123	2	0.0	0.0	0.0	0.0	1	1.0390417537276355	8.268350960494113	230.0	15	1.05	0.95				
	124	1	0.0	0.0	0.0	0.0	1	1.023545960438891	4.026734018955891	230.0	16	1.05	0.95				
	201	2	71.26334014736842	14.51660632631579	0.0	0.0	2	1.0334758319441408	-7.689095307446515	138.0	21	1.05	0.95				
	202	2	64.00503698421053	13.196914842105265	0.0	0.0	2	1.0335747186104538	-7.77303169480047	138.0	22	1.05	0.95				
	203	1	118.77223357894738	24.41429245789474	0.0	0.0	2	1.0278374542970907	-5.122523704954644	138.0	21	1.05	0.95				
	204	1	48.82858491578948	9.897686131578947	0.0	0.0	2	1.017967771729105	-9.709043607275968	138.0	21	1.05	0.95				
	205	1	46.849047689473686	9.237840389473686	0.0	0.0	2	1.0332456346591805	-10.06678708189534	138.0	21	1.05	0.95				
	206	1	89.73902092631579	18.47568077894737	0.0	-100.0	2	1.039406723442772	-12.02267955007718	138.0	22	1.05	0.95				
	207	2	82.4807177631579	16.49614355263158	0.0	0.0	2	0.9800664164157551	-21.889364542110624	138.0	22	1.05	0.95				
	208	1	112.8336219	23.09460097368421	0.0	0.0	2	0.9811810592497744	-18.677115087790966	138.0	22	1.05	0.95				
	209	1	115.47300486842104	23.754446715789474	0.0	0.0	2	1.025643891509913	-8.618681739227673	138.0	23	1.05	0.95				
	210	1	128.6699197105263	26.39382968421053	0.0	0.0	2	1.05	-10.39500621013294	138.0	23	1.05	0.95				
	211	1	0.0	0.0	0.0	0.0	2	1.0190325282191126	-4.437017982998585	230.0	23	1.05	0.95				
	212	1	0.0	0.0	0.0	0.0	2	1.018732782289114	-3.664592481791105	230.0	23	1.05	0.95				
	213	2	174.85912165789472	35.63167007368421	0.0	0.0	2	1.0248781259341666	-1.4514010791021121	230.0	24	1.05	0.95				
	214	2	128.01007396842107	25.733983942105265	0.0	0.0	2	1.0289057682700775	-2.0297475870968924	230.0	26	1.05	0.95				
	215	2	209.1711002473684	42.23012749473684	0.0	0.0	2	1.0430925036955725	5.430539695813523	230.0	26	1.05	0.95				
	216	2	65.98457421052632	13.196914842105265	0.0	0.0	2	1.045451139000932	5.376882915191597	230.0	26	1.05	0.95				
	217	1	0.0	0.0	0.0	0.0	2	1.0478206608589735	8.66494121965513	230.0	27	1.05	0.95				
	218	2	219.7286321210526	44.869510463157894	0.0	0.0	2	1.0499983231434393	9.56176859241953	230.0	27	1.05	0.95				
	219	1	119.43207932105264	24.41429245789474	0.0	0.0	2	1.0430052635565257	4.228975598858294	230.0	25	1.05	0.95				
	220	1	84.46025498947368	17.15598929473684	0.0	0.0	2	1.0464704907821976	4.469160385770631	230.0	25	1.05	0.95				
	221	2	0.0	0.0	0.0	0.0	2	1.05	9.899787270766298	230.0	27	1.05	0.95				
	222	2	0.0	0.0	0.0	0.0	2	1.05	15.92697961847033	230.0	27	1.05	0.95				
	223	2	0.0	0.0	0.0	0.0	2	1.05	5.081493518332124	230.0	25	1.05	0.95				
	224	1	0.0	0.0	0.0	0.0	2	1.0241853797816174	1.495763830878089	230.0	26	1.05	0.95				
	301	2	65.00158177263158	13.24106295368421	0.0	0.0	3	1.0098065009270647	-25.782629418108268	138.0	31	1.05	0.95				
	302	2	58.38105029578947	12.037329957894736	0.0	0.0	3	1.0087235497536913	-26.010286294117286	138.0	32	1.05	0.95				
	303	1	108.33596962105263	22.269060422105262	0.0	0.0	3	1.0355312853643919	-15.55880303873897	138.0	31	1.05	0.95				
	304	1	44.538120844210525	9.027997468421052	0.0	0.0	3	1.0078651120589175	-24.115043717412437	138.0	31	1.05	0.95				
	305	1	42.73252135052631	8.426130970526316	0.0	0.0	3	1.0218635263760985	-25.41329473941461	138.0	31	1.05	0.95				
	306	1	81.8538437136842	16.85226194105263	0.0	-100.0	3	1.0355006720635234	-25.875828323569717	138.0	32	1.05	0.95				
	307	2	75.2333122368421	15.04666244736842	0.0	0.0	3	1.00433790745356	-27.014908053980832	138.0	32	1.05	0.95				
	308	1	102.91917114	21.065327426315786	0.0	0.0	3	1.0023849528864772	-26.628127427461813	138.0	32	1.05	0.95				
	309	1	105.32663713157895	21.667193924210522	0.0	0.0	3	1.0281094145187644	-20.11597270115029	138.0	33	1.05	0.95				
	310	1	117.36396708947368	24.07465991578947	0.0	0.0	3	1.05	-23.11161117458682	138.0	33	1.05	0.95				
	311	1	0.0	0.0	0.0	0.0	3	1.01727308756102	-16.37642927726995	230.0	33	1.05	0.95				
	312	1	0.0	0.0	0.0	0.0	3	1.0174869756892368	-15.85767919756247	230.0	33	1.05	0.95				
	313	2	159.49462194210525	32.50079088631579	0.0	0.0	3	1.0215732118763499	-13.104518729047136	230.0	34	1.05	0.95				
	314	2	116.76210059157894	23.472793417894735	0.0	0.0	3	1.0265938141072306	-14.010613321563465	230.0	36	1.05	0.95				
	315	2	190.79167983263156	38.519455865263154	0.0	0.0	3	1.047295827737141	-7.193734579879212	230.0	36	1.05	0.95				
	316	2	60.18664978947368	12.037329957894736	0.0	0.0	3	1.0470715603166971	-7.056178095048182	230.0	36	1.05	0.95				
	317	1	0.0	0.0	0.0	0.0	3	1.0489975067184805	-4.374818053102418	230.0	37	1.05	0.95				
	318	2	200.42154379894734	40.9269218568421	0.0	0.0	3	1.0490911753505034	-4.006979974860191	230.0	37	1.05	0.95				
	319	1	108.93783611894736	22.269060422105262	0.0	0.0	3	1.0423103555694184	-8.504208737791114	230.0	35	1.05	0.95				
	320	1	77.03891173052631	15.648528945263157	0.0	0.0	3	1.0432341988394447	-8.634034273717326	230.0	35	1.05	0.95				
	321	2	0.0	0.0	0.0	0.0	3	1.05	-3.417679538043992	230.0	37	1.05	0.95				
	322	2	0.0	0.0	0.0	0.0	3	1.05	1.9825918227048018	230.0	37	1.05	0.95				
	323	2	0.0	0.0	0.0	0.0	3	1.0450293904703232	-8.261566421042659	230.0	35	1.05	0.95				
	324	1	0.0	0.0	0.0	0.0	3	1.0321997387958295	-10.319443151616381	230.0	36	1.05	0.95				
	325	1	0.0	0.0	0.0	0.0	3	1.038966391252354	-6.745913501869736	230.0	35	1.05	0.95				
];
