%% MATPOWER Case Format : Version 2
function mpc = RTS_GMLC
mpc.version = '2';

%%-----  Power Flow Data  -----%%
%% system MVA base
mpc.baseMVA = 100.0;
%% bus data
%    bus_i    type    Pd    Qd    Gs    Bs    area    Vm    Va    baseKV    zone    Vmax    Vmin
mpc.bus = [
	101	2	44.58139533473685	9.081395345964912	0.0	0.0	1	1.0325456558839794	3.0939258235672225	138.0	11	1.05	0.95				
	102	2	40.040697661754386	8.255813950877194	0.0	0.0	1	1.0321558349582107	2.974345326395507	138.0	12	1.05	0.95				
	103	1	74.30232555789475	15.273255809122807	0.0	0.0	1	1.0284320451852538	0.09007366894395931	138.0	11	1.05	0.95				
	104	1	30.546511618245614	6.191860463157894	0.0	0.0	1	1.0213891480576385	-0.4580256014429509	138.0	11	1.05	0.95				
	105	1	29.308139525614035	5.779069765614036	0.0	0.0	1	1.0354824910976024	-0.14747900542781858	138.0	11	1.05	0.95				
	106	1	56.13953486596491	11.558139531228072	0.0	-100.0	1	1.0455041892931294	-2.3860245965595808	138.0	12	1.05	0.95				
	107	2	51.59883719298246	10.319767438596491	0.0	0.0	1	1.0099512244657052	-5.3289348727279755	138.0	12	1.05	0.95				
	108	1	70.58720928	14.447674414035086	0.0	0.0	1	1.0115207020274675	-5.160532694277713	138.0	12	1.05	0.95				
	109	1	72.23837207017544	14.860465111578947	0.0	0.0	1	1.025386880944053	-1.5913878698316284	138.0	13	1.05	0.95				
	110	1	80.49418602105263	16.511627901754387	0.0	0.0	1	1.05	-2.1291597141144916	138.0	13	1.05	0.95				
	111	1	0.0	0.0	0.0	0.0	1	1.0032353715698399	-0.283264155843856	230.0	13	1.05	0.95				
	112	1	0.0	0.0	0.0	0.0	1	1.0085801210221907	0.37738174904451255	230.0	13	1.05	0.95				
	113	3	109.38953484912281	22.290697667368423	0.0	0.0	1	0.9939700570483703	-5.470831689685495e-30	230.0	14	1.05	0.95				
	114	2	80.08139532350877	16.09883720421053	0.0	0.0	1	0.9990076129438179	1.1732230347543096	230.0	16	1.05	0.95				
	115	2	130.85465112140352	26.41860464280702	0.0	0.0	1	1.0380841638809923	5.5599945523159295	230.0	16	1.05	0.95				
	116	2	41.279069754385965	8.255813950877194	0.0	0.0	1	1.0334630320533458	5.607517799484528	230.0	16	1.05	0.95				
	117	1	0.0	0.0	0.0	0.0	1	1.0421581668309141	6.771202838273609	230.0	17	1.05	0.95				
	118	2	137.45930228210528	28.069767432982456	0.0	0.0	1	1.0451292587388248	6.36569399160468	230.0	17	1.05	0.95				
	119	1	74.7151162554386	15.273255809122807	0.0	0.0	1	1.0279098122693868	5.296899327436624	230.0	15	1.05	0.95				
	120	1	52.83720928561404	10.732558136140351	0.0	0.0	1	1.0257468269164935	5.8302258063362675	230.0	15	1.05	0.95				
	121	2	0.0	0.0	0.0	0.0	1	1.05	6.931191773777131	230.0	17	1.05	0.95				
	122	2	0.0	0.0	0.0	0.0	1	1.05	14.528433932377206	230.0	17	1.05	0.95				
	123	2	0.0	0.0	0.0	0.0	1	1.0251659198660596	6.444489436505579	230.0	15	1.05	0.95				
	124	1	0.0	0.0	0.0	0.0	1	1.0266974978353798	3.519422309266749	230.0	16	1.05	0.95				
	201	2	50.387533465263154	10.26412718736842	0.0	0.0	2	1.0297103174354036	-7.426169021678963	138.0	21	1.05	0.95				
	202	2	45.255469871578946	9.331024715789473	0.0	0.0	2	1.0301165231255343	-7.417432063334026	138.0	22	1.05	0.95				
	203	1	83.97922244210527	17.262395724210524	0.0	0.0	2	1.0206445894614176	-6.669727834329461	138.0	21	1.05	0.95				
	204	1	34.52479144842105	6.9982685368421045	0.0	0.0	2	1.018644374706347	-9.825482275241555	138.0	21	1.05	0.95				
	205	1	33.125137741052626	6.531717301052632	0.0	0.0	2	1.0338058043288907	-9.996006109374587	138.0	21	1.05	0.95				
	206	1	63.45096806736842	13.063434602105264	0.0	-100.0	2	1.0439522511779957	-11.878128131914691	138.0	22	1.05	0.95				
	207	2	58.318904473684206	11.663780894736842	0.0	0.0	2	0.9876204070682247	-18.929868280230863	138.0	22	1.05	0.95				
	208	1	79.78026132	16.329293252631576	0.0	0.0	2	0.9941404670236962	-16.798736752875985	138.0	22	1.05	0.95				
	209	1	81.64646626315789	16.795844488421054	0.0	0.0	2	1.0230154493215986	-9.892504046938841	138.0	23	1.05	0.95				
	210	1	90.97749097894736	18.662049431578946	0.0	0.0	2	1.05	-11.116799402463599	138.0	23	1.05	0.95				
	211	1	0.0	0.0	0.0	0.0	2	1.0074555865990318	-7.354585556217919	230.0	23	1.05	0.95				
	212	1	0.0	0.0	0.0	0.0	2	1.0118987304401046	-7.13555525314828	230.0	23	1.05	0.95				
	213	2	123.63607748421053	25.193766732631577	0.0	0.0	2	1.0017357887903624	-6.865742317832026	230.0	24	1.05	0.95				
	214	2	90.51093974315789	18.195498195789472	0.0	0.0	2	1.0102897514144216	-4.543788162297784	230.0	26	1.05	0.95				
	215	2	147.89674174526314	29.859279090526314	0.0	0.0	2	1.0300776178578344	2.6018747316259976	230.0	26	1.05	0.95				
	216	2	46.65512357894737	9.331024715789473	0.0	0.0	2	1.0329216607857241	2.212586966618487	230.0	26	1.05	0.95				
	217	1	0.0	0.0	0.0	0.0	2	1.037155339853634	5.368793270757566	230.0	27	1.05	0.95				
	218	2	155.36156151789473	31.72548403368421	0.0	0.0	2	1.0391858157462217	5.987878706850245	230.0	27	1.05	0.95				
	219	1	84.44577367789473	17.262395724210524	0.0	0.0	2	1.0329283110552963	0.5650807817293478	230.0	25	1.05	0.95				
	220	1	59.71855818105263	12.130332130526316	0.0	0.0	2	1.036652975378676	0.034875159784168656	230.0	25	1.05	0.95				
	221	2	0.0	0.0	0.0	0.0	2	1.0386692280858705	5.6117432595163095	230.0	27	1.05	0.95				
	222	2	0.0	0.0	0.0	0.0	2	1.05	12.01712314067812	230.0	27	1.05	0.95				
	223	2	0.0	0.0	0.0	0.0	2	1.0393507525447154	0.09409089596343277	230.0	25	1.05	0.95				
	224	1	0.0	0.0	0.0	0.0	2	1.0150292228030544	-0.8726072919807087	230.0	26	1.05	0.95				
	301	2	61.05536223157895	12.43720341754386	0.0	0.0	3	1.0076518467940927	-36.688604960342154	138.0	31	1.05	0.95				
	302	2	54.83676052280701	11.30654856140351	0.0	0.0	3	1.0070410825886749	-36.83775096923365	138.0	32	1.05	0.95				
	303	1	101.7589370526316	20.91711483859649	0.0	0.0	3	1.0215581311014936	-29.256062741507485	138.0	31	1.05	0.95				
	304	1	41.83422967719298	8.47991142105263	0.0	0.0	3	1.0071554720987272	-34.915753576566445	138.0	31	1.05	0.95				
	305	1	40.13824739298246	7.9145839929824575	0.0	0.0	3	1.021076756240904	-35.85741814370215	138.0	31	1.05	0.95				
	306	1	76.88453021754387	15.829167985964915	0.0	-100.0	3	1.0361065358301786	-36.02777710653702	138.0	32	1.05	0.95				
	307	2	70.66592850877194	14.133185701754385	0.0	0.0	3	0.9941905730097206	-41.35916932774028	138.0	32	1.05	0.95				
	308	1	96.67099019999999	19.78645998245614	0.0	0.0	3	0.995197014531958	-39.199937244957724	138.0	32	1.05	0.95				
	309	1	98.9322999122807	20.351787410526313	0.0	0.0	3	1.0267813012293194	-31.03878359128077	138.0	33	1.05	0.95				
	310	1	110.23884847368421	22.61309712280702	0.0	0.0	3	1.05	-33.2115412219309	138.0	33	1.05	0.95				
	311	1	0.0	0.0	0.0	0.0	3	1.0182021635316272	-25.86670717894024	230.0	33	1.05	0.95				
	312	1	0.0	0.0	0.0	0.0	3	1.017199649324741	-25.264708023334837	230.0	33	1.05	0.95				
	313	2	149.8117684385965	30.527681115789473	0.0	0.0	3	1.0260675305766886	-22.120243774835934	230.0	34	1.05	0.95				
	314	2	109.67352104561402	22.047769694736843	0.0	0.0	3	1.0302821217148566	-22.956970382455154	230.0	36	1.05	0.95				
	315	2	179.2087946982456	36.18095539649123	0.0	0.0	3	1.0490670640500734	-15.825669023123533	230.0	36	1.05	0.95				
	316	2	56.53274280701754	11.30654856140351	0.0	0.0	3	1.0491104418003252	-15.467198091131504	230.0	36	1.05	0.95				
	317	1	0.0	0.0	0.0	0.0	3	1.049548284624371	-12.602932973849615	230.0	37	1.05	0.95				
	318	2	188.25403354736844	38.442265108771934	0.0	0.0	3	1.0494014813979031	-12.012341150527886	230.0	37	1.05	0.95				
	319	1	102.32426448070176	20.91711483859649	0.0	0.0	3	1.0460530787488167	-16.600249207153084	230.0	35	1.05	0.95				
	320	1	72.36191079298246	14.698513129824562	0.0	0.0	3	1.047867534081746	-16.528892502258287	230.0	35	1.05	0.95				
	321	2	0.0	0.0	0.0	0.0	3	1.05	-11.638001859395995	230.0	37	1.05	0.95				
	322	2	0.0	0.0	0.0	0.0	3	1.05	-6.240538288952746	230.0	37	1.05	0.95				
	323	2	0.0	0.0	0.0	0.0	3	1.05	-16.07625623338959	230.0	35	1.05	0.95				
	324	1	0.0	0.0	0.0	0.0	3	1.0216348249182576	-20.78255388621164	230.0	36	1.05	0.95				
	325	1	0.0	0.0	0.0	0.0	3	1.0405176636479454	-14.224093623291829	230.0	35	1.05	0.95				
];
