%% MATPOWER Case Format : Version 2
function mpc = RTS_GMLC
mpc.version = '2';

%%-----  Power Flow Data  -----%%
%% system MVA base
mpc.baseMVA = 100.0;
%% bus data
%    bus_i    type    Pd    Qd    Gs    Bs    area    Vm    Va    baseKV    zone    Vmax    Vmin
mpc.bus = [
	101	2	47.600692711578944	9.696437404210526	0.0	0.0	1	1.0361690310726859	2.5070048799042564	138.0	11	1.05	0.95				
	102	2	42.75247400947368	8.814943094736842	0.0	0.0	1	1.0357393077293395	2.3609263784145864	138.0	12	1.05	0.95				
	103	1	79.33448785263157	16.307644725263156	0.0	0.0	1	1.0296029198037406	0.5621126343255369	138.0	11	1.05	0.95				
	104	1	32.61528945052631	6.611207321052631	0.0	0.0	1	1.0222709053834487	-0.9848415667772428	138.0	11	1.05	0.95				
	105	1	31.293047986315788	6.17046016631579	0.0	0.0	1	1.036941915015382	-0.7765226419943185	138.0	11	1.05	0.95				
	106	1	59.94161304421053	12.34092033263158	0.0	-100.0	1	1.0455807621215674	-3.069877958393791	138.0	12	1.05	0.95				
	107	2	55.09339434210526	11.018678868421052	0.0	0.0	1	1.000410161998898	-8.23571179428671	138.0	12	1.05	0.95				
	108	1	75.36776345999999	15.426150415789472	0.0	0.0	1	1.004159582762732	-7.112768091348554	138.0	12	1.05	0.95				
	109	1	77.13075207894737	15.866897570526314	0.0	0.0	1	1.0248872402346614	-1.9469471819813884	138.0	13	1.05	0.95				
	110	1	85.9456951736842	17.629886189473684	0.0	0.0	1	1.05	-2.7270636399895487	138.0	13	1.05	0.95				
	111	1	0.0	0.0	0.0	0.0	1	1.004402471335258	-0.18000039481257463	230.0	13	1.05	0.95				
	112	1	0.0	0.0	0.0	0.0	1	1.0088901058202848	0.15795536417423126	230.0	13	1.05	0.95				
	113	3	116.79799600526314	23.800346355789472	0.0	0.0	1	0.9963222860697807	-3.417942205910565e-28	230.0	14	1.05	0.95				
	114	2	85.50494801894736	17.18913903473684	0.0	0.0	1	1.0022264202933484	1.9417233786714114	230.0	16	1.05	0.95				
	115	2	139.71684805157892	28.207817903157896	0.0	0.0	1	1.0399529123773255	7.945822167582515	230.0	16	1.05	0.95				
	116	2	44.07471547368421	8.814943094736842	0.0	0.0	1	1.035622490592046	7.477647064306571	230.0	16	1.05	0.95				
	117	1	0.0	0.0	0.0	0.0	1	1.042456262064207	9.795091867776923	230.0	17	1.05	0.95				
	118	2	146.76880252736842	29.970806522105264	0.0	0.0	1	1.0460864352223875	9.646102531613318	230.0	17	1.05	0.95				
	119	1	79.77523500736842	16.307644725263156	0.0	0.0	1	1.0284933933854596	6.306538699974557	230.0	15	1.05	0.95				
	120	1	56.41563580631579	11.459426023157894	0.0	0.0	1	1.0254883537788844	6.13714866466764	230.0	15	1.05	0.95				
	121	2	0.0	0.0	0.0	0.0	1	1.05	10.520512324927592	230.0	17	1.05	0.95				
	122	2	0.0	0.0	0.0	0.0	1	1.05	20.290576895023847	230.0	17	1.05	0.95				
	123	2	0.0	0.0	0.0	0.0	1	1.0244258357491185	6.384697447783682	230.0	15	1.05	0.95				
	124	1	0.0	0.0	0.0	0.0	1	1.0264895846860653	5.185372778787457	230.0	16	1.05	0.95				
	201	2	45.04958287578947	9.176766882105262	0.0	0.0	2	1.0263294314660991	-6.418254167387488	138.0	21	1.05	0.95				
	202	2	40.461199434736834	8.34251534736842	0.0	0.0	2	1.027156627560135	-6.250641808750767	138.0	22	1.05	0.95				
	203	1	75.08263812631579	15.433653392631577	0.0	0.0	2	1.0188573454950676	-6.228607096833068	138.0	21	1.05	0.95				
	204	1	30.867306785263153	6.256886510526314	0.0	0.0	2	1.0184714981430925	-8.17978081442148	138.0	21	1.05	0.95				
	205	1	29.61592948315789	5.839760743157894	0.0	0.0	2	1.0330289871688025	-8.372739748012705	138.0	21	1.05	0.95				
	206	1	56.72910436210527	11.679521486315789	0.0	-100.0	2	1.044925619167324	-9.844160573278138	138.0	22	1.05	0.95				
	207	2	52.14072092105262	10.428144184210526	0.0	0.0	2	0.9903686216074794	-15.973389112861884	138.0	22	1.05	0.95				
	208	1	71.32850622	14.599401857894733	0.0	0.0	2	0.9978481722210396	-14.106835213972056	138.0	22	1.05	0.95				
	209	1	72.99700928947368	15.016527625263155	0.0	0.0	2	1.0231338161676176	-8.045485431623096	138.0	23	1.05	0.95				
	210	1	81.3395246368421	16.68503069473684	0.0	0.0	2	1.05	-9.016234932409617	138.0	23	1.05	0.95				
	211	1	0.0	0.0	0.0	0.0	2	1.0044641170725688	-5.455870074458702	230.0	23	1.05	0.95				
	212	1	0.0	0.0	0.0	0.0	2	1.0088562512725199	-5.02436781927691	230.0	23	1.05	0.95				
	213	2	110.53832835263155	22.524791437894734	0.0	0.0	2	0.9976485605153952	-4.661567587751221	230.0	24	1.05	0.95				
	214	2	80.92239886947367	16.26790492736842	0.0	0.0	2	1.0048067020067446	-2.954365092308705	230.0	26	1.05	0.95				
	215	2	132.22886825578945	26.696049111578944	0.0	0.0	2	1.0272073824643924	3.2364012331882184	230.0	26	1.05	0.95				
	216	2	41.7125767368421	8.34251534736842	0.0	0.0	2	1.0282723870629285	3.0591395010164235	230.0	26	1.05	0.95				
	217	1	0.0	0.0	0.0	0.0	2	1.0340011796441175	5.751756494046372	230.0	27	1.05	0.95				
	218	2	138.9028805336842	28.364552181052634	0.0	0.0	2	1.0355692632501274	6.201677271297645	230.0	27	1.05	0.95				
	219	1	75.4997638936842	15.433653392631577	0.0	0.0	2	1.028031985517475	2.114261308531103	230.0	25	1.05	0.95				
	220	1	53.39209822315789	10.845269951578947	0.0	0.0	2	1.0306517119963567	2.10614592139355	230.0	25	1.05	0.95				
	221	2	0.0	0.0	0.0	0.0	2	1.0356267056727257	5.974407088288401	230.0	27	1.05	0.95				
	222	2	0.0	0.0	0.0	0.0	2	1.05	12.384600651381003	230.0	27	1.05	0.95				
	223	2	0.0	0.0	0.0	0.0	2	1.032581178524381	2.419306526713424	230.0	25	1.05	0.95				
	224	1	0.0	0.0	0.0	0.0	2	1.0123755379569235	-0.31478119348887046	230.0	26	1.05	0.95				
	301	2	46.85922178105264	9.545397029473685	0.0	0.0	3	1.0061883505934655	-24.488312057932486	138.0	31	1.05	0.95				
	302	2	42.08652326631579	8.677633663157897	0.0	0.0	3	1.006016231361759	-24.58817893497309	138.0	32	1.05	0.95				
	303	1	78.09870296842107	16.053622276842106	0.0	0.0	3	1.021648286410786	-19.50355774329591	138.0	31	1.05	0.95				
	304	1	32.10724455368421	6.508225247368421	0.0	0.0	3	1.0094925959111434	-23.12700650047537	138.0	31	1.05	0.95				
	305	1	30.80559950421053	6.074343564210528	0.0	0.0	3	1.0223831986427077	-23.80403417532134	138.0	31	1.05	0.95				
	306	1	59.00790890947369	12.148687128421056	0.0	-100.0	3	1.0397848293171057	-23.94004535977917	138.0	32	1.05	0.95				
	307	2	54.235210394736846	10.84704207894737	0.0	0.0	3	0.9930193918119926	-28.710129483790436	138.0	32	1.05	0.95				
	308	1	74.19376782	15.185858910526315	0.0	0.0	3	0.9993000726141723	-26.75381925522789	138.0	32	1.05	0.95				
	309	1	75.92929455263159	15.619740593684211	0.0	0.0	3	1.026019920696064	-20.155487483195518	138.0	33	1.05	0.95				
	310	1	84.60692821578948	17.355267326315793	0.0	0.0	3	1.05	-21.724028491789845	138.0	33	1.05	0.95				
	311	1	0.0	0.0	0.0	0.0	3	1.00896966257611	-15.91377931991794	230.0	33	1.05	0.95				
	312	1	0.0	0.0	0.0	0.0	3	1.0122782254404346	-15.231737826637342	230.0	33	1.05	0.95				
	313	2	114.97864603684211	23.42961089052632	0.0	0.0	3	1.0126123386226091	-12.167793805511625	230.0	34	1.05	0.95				
	314	2	84.17304653263157	16.921385643157898	0.0	0.0	3	1.010713876994219	-14.08549367580202	230.0	36	1.05	0.95				
	315	2	137.54049356105264	27.768427722105265	0.0	0.0	3	1.0350264388557464	-9.861785260380584	230.0	36	1.05	0.95				
	316	2	43.38816831578948	8.677633663157897	0.0	0.0	3	1.0350711873987284	-8.927093849885301	230.0	36	1.05	0.95				
	317	1	0.0	0.0	0.0	0.0	3	1.0397327288665144	-7.329718508877494	230.0	37	1.05	0.95				
	318	2	144.48260049157898	29.503954454736846	0.0	0.0	3	1.0385148627896448	-7.411419477099586	230.0	37	1.05	0.95				
	319	1	78.53258465157896	16.053622276842106	0.0	0.0	3	1.0331888736173391	-9.319310745308693	230.0	35	1.05	0.95				
	320	1	55.53685544421053	11.280923762105264	0.0	0.0	3	1.0344322052422472	-8.824930224917715	230.0	35	1.05	0.95				
	321	2	0.0	0.0	0.0	0.0	3	1.03931706923415	-7.6843197088533515	230.0	37	1.05	0.95				
	322	2	0.0	0.0	0.0	0.0	3	1.05	-3.229924429550052	230.0	37	1.05	0.95				
	323	2	0.0	0.0	0.0	0.0	3	1.0357868698024277	-8.225047599262334	230.0	35	1.05	0.95				
	324	1	0.0	0.0	0.0	0.0	3	1.0180176526165827	-13.4612882299515	230.0	36	1.05	0.95				
	325	1	0.0	0.0	0.0	0.0	3	1.0303471209215445	-6.672927282188614	230.0	35	1.05	0.95				
];
