%% MATPOWER Case Format : Version 2
function mpc = RTS_GMLC
mpc.version = '2';

%%-----  Power Flow Data  -----%%
%% system MVA base
mpc.baseMVA = 100.0;
%% bus data
%    bus_i    type    Pd    Qd    Gs    Bs    area    Vm    Va    baseKV    zone    Vmax    Vmin
mpc.bus = [
	101	2	42.49727856	8.65685304	0.0	0.0	1	1.0146161437809889	-3.7042219094179507	138.0	11	1.05	0.95				
	102	2	38.16885204	7.8698664	0.0	0.0	1	1.0143668790094922	-3.9094612867772223	138.0	12	1.05	0.95				
	103	1	70.82879759999999	14.559252840000001	0.0	0.0	1	1.004128757345874	-0.49303547065920555	138.0	11	1.05	0.95				
	104	1	29.118505680000002	5.9023997999999995	0.0	0.0	1	1.0047416583275208	-4.061977316533196	138.0	11	1.05	0.95				
	105	1	27.93802572	5.50890648	0.0	0.0	1	1.0175572670745383	-5.1182006015658645	138.0	11	1.05	0.95				
	106	1	53.51509152	11.01781296	0.0	-100.0	1	1.0270957971863541	-6.383980449744182	138.0	12	1.05	0.95				
	107	2	49.186665	9.837333	0.0	0.0	1	0.98516924113492	-9.162414137003815	138.0	12	1.05	0.95				
	108	1	67.28735772	13.772266199999999	0.0	0.0	1	0.9879596609765636	-8.452106480956655	138.0	12	1.05	0.95				
	109	1	68.86133099999999	14.165759519999998	0.0	0.0	1	1.0024927812925126	-3.6298938772224574	138.0	13	1.05	0.95				
	110	1	76.7311974	15.7397328	0.0	0.0	1	1.0298401558286476	-5.256083513195872	138.0	13	1.05	0.95				
	111	1	0.0	0.0	0.0	0.0	1	0.9800374944450604	-1.4410656769194916	230.0	13	1.05	0.95				
	112	1	0.0	0.0	0.0	0.0	1	0.9817839101837773	-1.7144084850173067	230.0	13	1.05	0.95				
	113	3	104.2757298	21.24863928	0.0	0.0	1	0.9622849755120214	-9.360900717404814e-29	230.0	14	1.05	0.95				
	114	2	76.33770408	15.346239479999998	0.0	0.0	1	0.9851478254014864	0.48070872225228745	230.0	16	1.05	0.95				
	115	2	124.73738243999999	25.18357248	0.0	0.0	1	0.9901992049181437	6.8764200026341635	230.0	16	1.05	0.95				
	116	2	39.349332	7.8698664	0.0	0.0	1	0.9900327556211123	5.858734581932914	230.0	16	1.05	0.95				
	117	1	0.0	0.0	0.0	0.0	1	0.9959749099427166	9.679803556494415	230.0	17	1.05	0.95				
	118	2	131.03327556	26.75754576	0.0	0.0	1	0.9983998071941556	10.277104186489815	230.0	17	1.05	0.95				
	119	1	71.22229091999999	14.559252840000001	0.0	0.0	1	0.9902102698159276	3.7079464697404183	230.0	15	1.05	0.95				
	120	1	50.36714496	10.23082632	0.0	0.0	1	0.992904445741178	2.095946386372564	230.0	15	1.05	0.95				
	121	2	0.0	0.0	0.0	0.0	1	0.9985453583097063	11.43322990945662	230.0	17	1.05	0.95				
	122	2	0.0	0.0	0.0	0.0	1	1.018575838096991	20.454347972013206	230.0	17	1.05	0.95				
	123	2	0.0	0.0	0.0	0.0	1	0.9949658483628967	1.534854106143175	230.0	15	1.05	0.95				
	124	1	0.0	0.0	0.0	0.0	1	0.986331829933033	4.043713697068963	230.0	16	1.05	0.95				
	201	2	42.99260191578947	8.757752242105262	0.0	0.0	2	1.011008148196573	-8.177505683519213	138.0	21	1.05	0.95				
	202	2	38.613725794736844	7.9615929473684215	0.0	0.0	2	1.0098119481405299	-8.35956243879142	138.0	22	1.05	0.95				
	203	1	71.65433652631579	14.728946952631578	0.0	0.0	2	0.9969225394446682	-6.349773808085336	138.0	21	1.05	0.95				
	204	1	29.457893905263155	5.971194710526316	0.0	0.0	2	1.0018144609076896	-7.514230298568945	138.0	21	1.05	0.95				
	205	1	28.26365496315789	5.573115063157895	0.0	0.0	2	1.017885384379464	-7.775189763994041	138.0	21	1.05	0.95				
	206	1	54.138832042105264	11.14623012631579	0.0	-100.0	2	1.0298142692181513	-8.055026453849061	138.0	22	1.05	0.95				
	207	2	49.75995592105264	9.951991184210526	0.0	0.0	2	0.9714391449799866	-12.863156820939869	138.0	22	1.05	0.95				
	208	1	68.0716197	13.932787657894735	0.0	0.0	2	0.9807423434878337	-11.046856962681952	138.0	22	1.05	0.95				
	209	1	69.66393828947368	14.330867305263157	0.0	0.0	2	1.0071377285253933	-5.123721045572689	138.0	23	1.05	0.95				
	210	1	77.62553123684211	15.923185894736843	0.0	0.0	2	1.0346190599734741	-6.054710277715197	138.0	23	1.05	0.95				
	211	1	0.0	0.0	0.0	0.0	2	0.9871837431312229	-2.946011578821702	230.0	23	1.05	0.95				
	212	1	0.0	0.0	0.0	0.0	2	0.9911001485762962	2.1821291591023755	230.0	23	1.05	0.95				
	213	2	105.49110655263159	21.496300957894736	0.0	0.0	2	0.9837239587242845	-0.4159875713991218	230.0	24	1.05	0.95				
	214	2	77.22745158947369	15.525106247368422	0.0	0.0	2	0.9815179701513806	-2.3728556468647093	230.0	26	1.05	0.95				
	215	2	126.19124821578947	25.477097431578947	0.0	0.0	2	0.990345895134304	1.3490237572405674	230.0	26	1.05	0.95				
	216	2	39.8079647368421	7.9615929473684215	0.0	0.0	2	0.9887258189976036	1.0562147571329377	230.0	26	1.05	0.95				
	217	1	0.0	0.0	0.0	0.0	2	0.998051883154444	1.858361453317001	230.0	27	1.05	0.95				
	218	2	132.5605225736842	27.069416021052632	0.0	0.0	2	0.9985926208788146	1.514657269263609	230.0	27	1.05	0.95				
	219	1	72.05241617368421	14.728946952631578	0.0	0.0	2	0.984329398441231	1.8091323146265215	230.0	25	1.05	0.95				
	220	1	50.954194863157895	10.350070831578947	0.0	0.0	2	0.9835677039854788	3.3122412373910697	230.0	25	1.05	0.95				
	221	2	0.0	0.0	0.0	0.0	2	1.0009029720958453	2.189075812199949	230.0	27	1.05	0.95				
	222	2	0.0	0.0	0.0	0.0	2	1.0191730778847807	8.131782569156625	230.0	27	1.05	0.95				
	223	2	0.0	0.0	0.0	0.0	2	0.9842348587292731	4.473949313181438	230.0	25	1.05	0.95				
	224	1	0.0	0.0	0.0	0.0	2	0.9833899866028281	-1.5852510958165005	230.0	26	1.05	0.95				
	301	2	59.99620373052632	12.221448908070176	0.0	0.0	3	1.0030930007087817	18.0729600231539	138.0	31	1.05	0.95				
	302	2	53.88547927649123	11.110408098245616	0.0	0.0	3	1.0033391185401461	18.04693837643492	138.0	32	1.05	0.95				
	303	1	99.99367288421053	20.554254981754386	0.0	0.0	3	0.9931017475347909	21.827022204068445	138.0	31	1.05	0.95				
	304	1	41.10850996350877	8.33280607368421	0.0	0.0	3	0.9957066372329146	20.566949313515284	138.0	31	1.05	0.95				
	305	1	39.44194874877193	7.777285668771931	0.0	0.0	3	1.0104995642803656	19.77655685494982	138.0	31	1.05	0.95				
	306	1	75.55077506807018	15.554571337543862	0.0	-100.0	3	1.0229774058248802	20.102841072554796	138.0	32	1.05	0.95				
	307	2	69.44005061403509	13.888010122807017	0.0	0.0	3	0.9704629815113894	17.73442355205612	138.0	32	1.05	0.95				
	308	1	94.99398924	19.443214171929824	0.0	0.0	3	0.9841793924102492	20.256188415479947	138.0	32	1.05	0.95				
	309	1	97.21607085964912	19.998734576842107	0.0	0.0	3	1.009872548103446	24.975895470423183	138.0	33	1.05	0.95				
	310	1	108.32647895789474	22.22081619649123	0.0	0.0	3	1.0343473657866338	23.323840498815073	138.0	33	1.05	0.95				
	311	1	0.0	0.0	0.0	0.0	3	0.9903739852082687	29.059132442951967	230.0	33	1.05	0.95				
	312	1	0.0	0.0	0.0	0.0	3	0.9966311539374002	29.418980239460712	230.0	33	1.05	0.95				
	313	2	147.21290730175437	29.99810186526316	0.0	0.0	3	1.0008656162567875	34.74441833569332	230.0	34	1.05	0.95				
	314	2	107.77095855298246	21.66529579157895	0.0	0.0	3	0.984669134529867	29.076402611826214	230.0	36	1.05	0.95				
	315	2	176.099968357193	35.553305914385966	0.0	0.0	3	0.9870903348647649	24.934332181881928	230.0	36	1.05	0.95				
	316	2	55.55204049122807	11.110408098245616	0.0	0.0	3	0.9792931944055533	26.253035117008643	230.0	36	1.05	0.95				
	317	1	0.0	0.0	0.0	0.0	3	0.9946790766321671	27.75045323448959	230.0	37	1.05	0.95				
	318	2	184.9882948357895	37.77538753403509	0.0	0.0	3	0.9910786295767852	24.427040373202953	230.0	37	1.05	0.95				
	319	1	100.54919328912281	20.554254981754386	0.0	0.0	3	0.9871437481514247	26.99872861516801	230.0	35	1.05	0.95				
	320	1	71.10661182877193	14.4435305277193	0.0	0.0	3	0.9949818275366599	27.14395911226501	230.0	35	1.05	0.95				
	321	2	0.0	0.0	0.0	0.0	3	0.9972229142827956	25.19576491417786	230.0	37	1.05	0.95				
	322	2	0.0	0.0	0.0	0.0	3	1.014786842209304	30.158364170009847	230.0	37	1.05	0.95				
	323	2	0.0	0.0	0.0	0.0	3	0.9985210571742489	26.798903152209423	230.0	35	1.05	0.95				
	324	1	0.0	0.0	0.0	0.0	3	0.9864215413855241	25.858802382931806	230.0	36	1.05	0.95				
	325	1	0.0	0.0	0.0	0.0	3	0.9991321511042623	25.505810938622243	230.0	35	1.05	0.95				
];
