%% MATPOWER Case Format : Version 2
function mpc = RTS_GMLC
mpc.version = '2';

%%-----  Power Flow Data  -----%%
%% system MVA base
mpc.baseMVA = 100.0;
%% bus data
%    bus_i    type    Pd    Qd    Gs    Bs    area    Vm    Va    baseKV    zone    Vmax    Vmin
mpc.bus = [
	101	2	34.14745175494737	6.955962394526316	0.0	0.0	1	1.0323808081746362	4.648633721829518	138.0	11	1.05	0.95				
	102	2	30.669470557684214	6.3236021768421065	0.0	0.0	1	1.0314978372485926	4.39826724304786	138.0	12	1.05	0.95				
	103	1	56.91241959157895	11.698664027157896	0.0	0.0	1	1.031742737223551	2.4189945616647837	138.0	11	1.05	0.95				
	104	1	23.397328054315793	4.7427016326315785	0.0	0.0	1	1.0225234692865566	1.0986817270147975	138.0	11	1.05	0.95				
	105	1	22.448787727789473	4.426521523789474	0.0	0.0	1	1.0366077187742218	1.3975177030748502	138.0	11	1.05	0.95				
	106	1	43.000494802526326	8.853043047578948	0.0	-100.0	1	1.0480247280614252	-0.8036953283136435	138.0	12	1.05	0.95				
	107	2	39.52251360526316	7.904502721052633	0.0	0.0	1	1.000152335841334	-6.745070817159802	138.0	12	1.05	0.95				
	108	1	54.066798612	11.066303809473684	0.0	0.0	1	1.0075025543081089	-5.115772127654689	138.0	12	1.05	0.95				
	109	1	55.331519047368424	11.38248391831579	0.0	0.0	1	1.0246009525653377	-0.3115163312402442	138.0	13	1.05	0.95				
	110	1	61.65512122421053	12.647204353684213	0.0	0.0	1	1.05	-0.8966440004158736	138.0	13	1.05	0.95				
	111	1	0.0	0.0	0.0	0.0	1	1.0009185959674924	0.7999265584849787	230.0	13	1.05	0.95				
	112	1	0.0	0.0	0.0	0.0	1	1.0057189895801892	0.676939583665797	230.0	13	1.05	0.95				
	113	3	83.7877288431579	17.073725877473684	0.0	0.0	1	0.987713683914475	-8.785877318685796e-30	230.0	14	1.05	0.95				
	114	2	61.33894111536843	12.331024244842107	0.0	0.0	1	0.998248003829045	3.0324727182154128	230.0	16	1.05	0.95				
	115	2	100.22909450294736	20.23552696589474	0.0	0.0	1	1.0371404007480232	8.307862376904708	230.0	16	1.05	0.95				
	116	2	31.61801088421053	6.3236021768421065	0.0	0.0	1	1.0323867974121692	7.923251353428739	230.0	16	1.05	0.95				
	117	1	0.0	0.0	0.0	0.0	1	1.0412198661542962	10.450146578096918	230.0	17	1.05	0.95				
	118	2	105.28797624442106	21.500247401263163	0.0	0.0	1	1.0457569438628116	10.453201113252492	230.0	17	1.05	0.95				
	119	1	57.22859970042106	11.698664027157896	0.0	0.0	1	1.023951900255941	6.258233201784567	230.0	15	1.05	0.95				
	120	1	40.47105393178948	8.220682829894738	0.0	0.0	1	1.0187307274445783	5.418180262612204	230.0	15	1.05	0.95				
	121	2	0.0	0.0	0.0	0.0	1	1.05	11.186169942227595	230.0	17	1.05	0.95				
	122	2	0.0	0.0	0.0	0.0	1	1.05	20.597129685086365	230.0	17	1.05	0.95				
	123	2	0.0	0.0	0.0	0.0	1	1.0158683444525163	5.204373944040413	230.0	15	1.05	0.95				
	124	1	0.0	0.0	0.0	0.0	1	1.026993005031865	6.0972937796997035	230.0	16	1.05	0.95				
	201	2	41.80261293473685	8.515347079298246	0.0	0.0	2	1.020937976062991	-9.552162292794662	138.0	21	1.05	0.95				
	202	2	37.544939395087724	7.741224617543861	0.0	0.0	2	1.021234475965042	-9.541237025246563	138.0	22	1.05	0.95				
	203	1	69.67102155789475	14.32126554245614	0.0	0.0	2	1.015473184100278	-7.668663816563926	138.0	21	1.05	0.95				
	204	1	28.64253108491228	5.805918463157895	0.0	0.0	2	1.0160187201870985	-10.58097311798673	138.0	21	1.05	0.95				
	205	1	27.481347392280703	5.418857232280703	0.0	0.0	2	1.0308610181280073	-10.896163728435791	138.0	21	1.05	0.95				
	206	1	52.64032739929826	10.837714464561406	0.0	-100.0	2	1.0446268923800297	-12.051337751592056	138.0	22	1.05	0.95				
	207	2	48.382653859649125	9.676530771929826	0.0	0.0	2	0.993937708258946	-17.29971975747784	138.0	22	1.05	0.95				
	208	1	66.18747048000002	13.547143080701755	0.0	0.0	2	1.000926376991676	-15.580958789250632	138.0	22	1.05	0.95				
	209	1	67.73571540350878	13.934204311578949	0.0	0.0	2	1.0222560679486654	-9.827046835577244	138.0	23	1.05	0.95				
	210	1	75.47694002105264	15.482449235087723	0.0	0.0	2	1.05	-11.006610002046722	138.0	23	1.05	0.95				
	211	1	0.0	0.0	0.0	0.0	2	1.003432215122747	-7.397626215130004	230.0	23	1.05	0.95				
	212	1	0.0	0.0	0.0	0.0	2	1.0075610989185095	-6.759107386581211	230.0	23	1.05	0.95				
	213	2	102.57122618245616	20.901306467368425	0.0	0.0	2	0.9977534064981877	-6.347377894080398	230.0	24	1.05	0.95				
	214	2	75.08987879017545	15.095388004210527	0.0	0.0	2	1.0019409547524816	-5.164395090066866	230.0	26	1.05	0.95				
	215	2	122.6984101880702	24.771918776140353	0.0	0.0	2	1.0176446643104378	0.5233449397275534	230.0	26	1.05	0.95				
	216	2	38.706123087719305	7.741224617543861	0.0	0.0	2	1.019816329383385	0.34133972585908423	230.0	26	1.05	0.95				
	217	1	0.0	0.0	0.0	0.0	2	1.0242620864718277	2.0981880935634356	230.0	27	1.05	0.95				
	218	2	128.89138988210527	26.32016369964913	0.0	0.0	2	1.02357073417529	1.5976618185497509	230.0	27	1.05	0.95				
	219	1	70.05808278877194	14.32126554245614	0.0	0.0	2	1.0215992078422886	-0.018589614656579392	230.0	25	1.05	0.95				
	220	1	49.543837552280706	10.063592002807018	0.0	0.0	2	1.0255492284343621	0.4328847418183216	230.0	25	1.05	0.95				
	221	2	0.0	0.0	0.0	0.0	2	1.0252335444083895	2.048275402356725	230.0	27	1.05	0.95				
	222	2	0.0	0.0	0.0	0.0	2	1.0473649659078668	8.59111170312562	230.0	27	1.05	0.95				
	223	2	0.0	0.0	0.0	0.0	2	1.028187050332151	0.9775717195582083	230.0	25	1.05	0.95				
	224	1	0.0	0.0	0.0	0.0	2	1.0066329613135057	-2.5686310913166293	230.0	26	1.05	0.95				
	301	2	46.551724143157905	9.482758621754387	0.0	0.0	3	1.0061315839072078	-22.664076007696234	138.0	31	1.05	0.95				
	302	2	41.810344832280705	8.620689656140351	0.0	0.0	3	1.0060031064907666	-22.761417471674232	138.0	32	1.05	0.95				
	303	1	77.58620690526317	15.948275863859648	0.0	0.0	3	1.0216203414745715	-17.689483931403625	138.0	31	1.05	0.95				
	304	1	31.896551727719295	6.465517242105263	0.0	0.0	3	1.009680036532428	-21.264414854551703	138.0	31	1.05	0.95				
	305	1	30.603448279298245	6.034482759298246	0.0	0.0	3	1.0224107234226354	-22.011322764897557	138.0	31	1.05	0.95				
	306	1	58.62068966175439	12.068965518596492	0.0	-100.0	3	1.0398692606340936	-22.161314962799693	138.0	32	1.05	0.95				
	307	2	53.8793103508772	10.775862070175439	0.0	0.0	3	0.9930669154744203	-26.835379534229858	138.0	32	1.05	0.95				
	308	1	73.70689656	15.086206898245614	0.0	0.0	3	0.9995003011540353	-24.89540233901032	138.0	32	1.05	0.95				
	309	1	75.43103449122808	15.517241381052632	0.0	0.0	3	1.0262964254820228	-18.276731648410983	138.0	33	1.05	0.95				
	310	1	84.05172414736842	17.241379312280703	0.0	0.0	3	1.05	-19.971724040231226	138.0	33	1.05	0.95				
	311	1	0.0	0.0	0.0	0.0	3	1.0087164987632307	-14.228469835712826	230.0	33	1.05	0.95				
	312	1	0.0	0.0	0.0	0.0	3	1.012270346772923	-13.565494329255323	230.0	33	1.05	0.95				
	313	2	114.22413794385966	23.275862071578953	0.0	0.0	3	1.0123182047738593	-10.540108414946515	230.0	34	1.05	0.95				
	314	2	83.62068966456141	16.810344829473685	0.0	0.0	3	1.0096065632606765	-12.472871818234282	230.0	36	1.05	0.95				
	315	2	136.63793104982454	27.586206899649124	0.0	0.0	3	1.034385155240284	-8.161468564910278	230.0	36	1.05	0.95				
	316	2	43.103448280701755	8.620689656140351	0.0	0.0	3	1.034180555589255	-7.4351735459342665	230.0	36	1.05	0.95				
	317	1	0.0	0.0	0.0	0.0	3	1.040778442745109	-4.6499021634364555	230.0	37	1.05	0.95				
	318	2	143.53448277473686	29.310344830877195	0.0	0.0	3	1.0381968997522921	-5.316819444939339	230.0	37	1.05	0.95				
	319	1	78.01724138807018	15.948275863859648	0.0	0.0	3	1.0320488656065077	-7.853497479961441	230.0	35	1.05	0.95				
	320	1	55.17241379929825	11.206896552982457	0.0	0.0	3	1.0330515851772042	-7.3854438012851205	230.0	35	1.05	0.95				
	321	2	0.0	0.0	0.0	0.0	3	1.0389963947163254	-5.713033547917453	230.0	37	1.05	0.95				
	322	2	0.0	0.0	0.0	0.0	3	1.05	-0.9791993749030645	230.0	37	1.05	0.95				
	323	2	0.0	0.0	0.0	0.0	3	1.0342570252927266	-6.80103986225043	230.0	35	1.05	0.95				
	324	1	0.0	0.0	0.0	0.0	3	1.0177457680445954	-11.720461410773673	230.0	36	1.05	0.95				
	325	1	0.0	0.0	0.0	0.0	3	1.0294094115957908	-5.305994873530028	230.0	35	1.05	0.95				
];
