%% MATPOWER Case Format : Version 2
function mpc = RTS_GMLC
mpc.version = '2';

%%-----  Power Flow Data  -----%%
%% system MVA base
mpc.baseMVA = 100.0;
%% bus data
%    bus_i    type    Pd    Qd    Gs    Bs    area    Vm    Va    baseKV    zone    Vmax    Vmin
mpc.bus = [
	101	2	47.17318160842106	9.609351809122808	0.0	0.0	1	1.0393816021235043	-0.10962427849729812	138.0	11	1.05	0.95				
	102	2	42.36850570385965	8.735774371929827	0.0	0.0	1	1.0386382980387174	-0.36195715386562227	138.0	12	1.05	0.95				
	103	1	78.62196934736842	16.161182588070176	0.0	0.0	1	1.0160433799920423	-1.3902146122310097	138.0	11	1.05	0.95				
	104	1	32.32236517614035	6.5518307789473695	0.0	0.0	1	1.022147472459427	-3.06694652750111	138.0	11	1.05	0.95				
	105	1	31.011999020350878	6.115042060350878	0.0	0.0	1	1.039018014849241	-2.8743454314783987	138.0	11	1.05	0.95				
	106	1	59.403265729122815	12.230084120701756	0.0	-100.0	1	1.0468191737028123	-4.910936388443735	138.0	12	1.05	0.95				
	107	2	54.59858982456141	10.919717964912282	0.0	0.0	1	1.0037682221042026	-10.90419190036126	138.0	12	1.05	0.95				
	108	1	74.69087088	15.287605150877193	0.0	0.0	1	1.0049823839780336	-9.304584417707135	138.0	12	1.05	0.95				
	109	1	76.43802575438598	15.724393869473685	0.0	0.0	1	1.0215412499160355	-3.522859943913146	138.0	13	1.05	0.95				
	110	1	85.1738001263158	17.471548743859653	0.0	0.0	1	1.05	-4.3185795811999	138.0	13	1.05	0.95				
	111	1	0.0	0.0	0.0	0.0	1	0.9999418090738713	-1.246660811078347	230.0	13	1.05	0.95				
	112	1	0.0	0.0	0.0	0.0	1	1.006014670597319	-0.90377766500577	230.0	13	1.05	0.95				
	113	3	115.74901042807018	23.58659080421053	0.0	0.0	1	0.9983126923917339	-3.185692185542465e-28	230.0	14	1.05	0.95				
	114	2	84.7370114077193	17.03476002526316	0.0	0.0	1	0.9906224841146073	0.4978772311775396	230.0	16	1.05	0.95				
	115	2	138.46202379508773	27.95447799017544	0.0	0.0	1	1.0044349202455238	6.028991459842306	230.0	16	1.05	0.95				
	116	2	43.67887185964913	8.735774371929827	0.0	0.0	1	1.0045642209648693	5.695027928176447	230.0	16	1.05	0.95				
	117	1	0.0	0.0	0.0	0.0	1	1.0087974717437398	8.129670992044483	230.0	17	1.05	0.95				
	118	2	145.4506432926316	29.701632864561407	0.0	0.0	1	1.0079986298813373	8.406133166411177	230.0	17	1.05	0.95				
	119	1	79.05875806596492	16.161182588070176	0.0	0.0	1	1.0047214369250421	4.448297196288278	230.0	15	1.05	0.95				
	120	1	55.90895598035088	11.356506683508773	0.0	0.0	1	1.0081960278437518	4.255882116099667	230.0	15	1.05	0.95				
	121	2	0.0	0.0	0.0	0.0	1	1.009542824100361	9.725546317942452	230.0	17	1.05	0.95				
	122	2	0.0	0.0	0.0	0.0	1	1.0321374335652582	15.819381652960121	230.0	17	1.05	0.95				
	123	2	0.0	0.0	0.0	0.0	1	1.0107412490486678	4.496594115125001	230.0	15	1.05	0.95				
	124	1	0.0	0.0	0.0	0.0	1	0.9995150839398041	3.185326357289896	230.0	16	1.05	0.95				
	201	2	39.50763419368421	8.047851409824561	0.0	0.0	2	1.012587585209851	-13.46879442154296	138.0	21	1.05	0.95				
	202	2	35.483708488771924	7.316228554385964	0.0	0.0	2	1.011696577767685	-13.74270117664589	138.0	22	1.05	0.95				
	203	1	65.84605698947368	13.535022825614032	0.0	0.0	2	1.0163927110426807	-10.018527720576728	138.0	21	1.05	0.95				
	204	1	27.070045651228064	5.487171415789473	0.0	0.0	2	1.0124294384919097	-13.462801099526637	138.0	21	1.05	0.95				
	205	1	25.97261136807017	5.121359988070175	0.0	0.0	2	1.026940335731942	-13.846970670903739	138.0	21	1.05	0.95				
	206	1	49.750354169824554	10.24271997614035	0.0	-100.0	2	1.0431568999895442	-14.535691206902884	138.0	22	1.05	0.95				
	207	2	45.726428464912274	9.145285692982455	0.0	0.0	2	0.9951141671051785	-18.840507594464068	138.0	22	1.05	0.95				
	208	1	62.553754139999995	12.803399970175436	0.0	0.0	2	1.0026272311266184	-17.235013203611306	138.0	22	1.05	0.95				
	209	1	64.01699985087718	13.169211397894735	0.0	0.0	2	1.0231072859720844	-11.71312370604824	138.0	23	1.05	0.95				
	210	1	71.33322840526316	14.632457108771929	0.0	0.0	2	1.05	-13.044513207458346	138.0	23	1.05	0.95				
	211	1	0.0	0.0	0.0	0.0	2	1.0033494930980167	-8.84387502126246	230.0	23	1.05	0.95				
	212	1	0.0	0.0	0.0	0.0	2	1.0081724217237733	-8.2329185181168	230.0	23	1.05	0.95				
	213	2	96.94002834561401	19.753817096842106	0.0	0.0	2	1.00029862733167	-7.609705612034463	230.0	24	1.05	0.95				
	214	2	70.96741697754385	14.266645681052632	0.0	0.0	2	1.0008168749230297	-6.246554005022014	230.0	26	1.05	0.95				
	215	2	115.96222258701752	23.411931374035085	0.0	0.0	2	1.0194069289908423	-0.17221151340190882	230.0	26	1.05	0.95				
	216	2	36.58114277192982	7.316228554385964	0.0	0.0	2	1.0198943744604267	-0.385138086797394	230.0	26	1.05	0.95				
	217	1	0.0	0.0	0.0	0.0	2	1.0234325774268955	1.4230751208404944	230.0	27	1.05	0.95				
	218	2	121.8152054305263	24.875177084912277	0.0	0.0	2	1.0230339717104482	0.9577937452285538	230.0	27	1.05	0.95				
	219	1	66.21186841719297	13.535022825614032	0.0	0.0	2	1.022875520528234	-0.7395667733778062	230.0	25	1.05	0.95				
	220	1	46.82386274807017	9.511097120701754	0.0	0.0	2	1.0276046521246298	-0.3257365292450775	230.0	25	1.05	0.95				
	221	2	0.0	0.0	0.0	0.0	2	1.0253965439691697	1.3883045745610405	230.0	27	1.05	0.95				
	222	2	0.0	0.0	0.0	0.0	2	1.0469428880952214	7.930737213501455	230.0	27	1.05	0.95				
	223	2	0.0	0.0	0.0	0.0	2	1.0305531904380971	0.18087147391371436	230.0	25	1.05	0.95				
	224	1	0.0	0.0	0.0	0.0	2	1.0062197257535581	-3.886933355913176	230.0	26	1.05	0.95				
	301	2	44.740904778947375	9.113888010526317	0.0	0.0	3	1.0417055432788804	0.1004565455814616	138.0	31	1.05	0.95				
	302	2	40.183960773684205	8.285352736842105	0.0	0.0	3	1.0380026718229365	-0.22859541250848586	138.0	32	1.05	0.95				
	303	1	74.56817463157896	15.327902563157894	0.0	0.0	3	1.05	14.601909504886539	138.0	31	1.05	0.95				
	304	1	30.655805126315787	6.214014552631579	0.0	0.0	3	1.0198023057646086	0.7953604553466842	138.0	31	1.05	0.95				
	305	1	29.413002215789476	5.799746915789474	0.0	0.0	3	1.0407658024242448	-1.1144604643805724	138.0	31	1.05	0.95				
	306	1	56.34039861052632	11.599493831578949	0.0	-100.0	3	1.0474682772330526	-2.3120704372266707	138.0	32	1.05	0.95				
	307	2	51.78345460526316	10.356690921052632	0.0	0.0	3	0.9538476472065907	-0.006073742528640406	138.0	32	1.05	0.95				
	308	1	70.83976589999999	14.499367289473684	0.0	0.0	3	0.9769037580034794	-0.9287705035196161	138.0	32	1.05	0.95				
	309	1	72.49683644736842	14.913634926315789	0.0	0.0	3	1.017222156471349	3.3679194715934697	138.0	33	1.05	0.95				
	310	1	80.78218918421052	16.57070547368421	0.0	0.0	3	1.0492327972042181	-1.0450229516438143	138.0	33	1.05	0.95				
	311	1	0.0	0.0	0.0	0.0	3	1.0033656008344507	1.6587110325429855	230.0	33	1.05	0.95				
	312	1	0.0	0.0	0.0	0.0	3	1.0083648792609998	2.5060228106722855	230.0	33	1.05	0.95				
	313	2	109.78092376315789	22.370452389473687	0.0	0.0	3	1.0040630863766469	4.085577571877244	230.0	34	1.05	0.95				
	314	2	80.36792154736841	16.156437836842105	0.0	0.0	3	0.9945547043867022	0.13715734750193687	230.0	36	1.05	0.95				
	315	2	131.32284087894737	26.513128757894737	0.0	0.0	3	1.0423010552639969	1.1392483320283049	230.0	36	1.05	0.95				
	316	2	41.42676368421053	8.285352736842105	0.0	0.0	3	1.0223114906721176	0.5348657249935521	230.0	36	1.05	0.95				
	317	1	0.0	0.0	0.0	0.0	3	1.0384368703355922	1.3790801203957463	230.0	37	1.05	0.95				
	318	2	137.95112306842105	28.17019930526316	0.0	0.0	3	1.043058703590009	0.877708289385802	230.0	37	1.05	0.95				
	319	1	74.98244226842105	15.327902563157894	0.0	0.0	3	1.0130578883437178	0.7544981930518752	230.0	35	1.05	0.95				
	320	1	53.026257515789474	10.770958557894737	0.0	0.0	3	1.007865407329826	1.7812126832997608	230.0	35	1.05	0.95				
	321	2	0.0	0.0	0.0	0.0	3	1.05	1.4573188390783784	230.0	37	1.05	0.95				
	322	2	0.0	0.0	0.0	0.0	3	1.05	5.760206973074423	230.0	37	1.05	0.95				
	323	2	0.0	0.0	0.0	0.0	3	1.0058663233968623	2.6841439560241738	230.0	35	1.05	0.95				
	324	1	0.0	0.0	0.0	0.0	3	1.0406934364238751	6.29068725561615	230.0	36	1.05	0.95				
	325	1	0.0	0.0	0.0	0.0	3	1.0052562519403057	3.2733366033721527	230.0	35	1.05	0.95				
];
