%% MATPOWER Case Format : Version 2
function mpc = RTS_GMLC
mpc.version = '2';

%%-----  Power Flow Data  -----%%
%% system MVA base
mpc.baseMVA = 100.0;
%% bus data
%    bus_i    type    Pd    Qd    Gs    Bs    area    Vm    Va    baseKV    zone    Vmax    Vmin
mpc.bus = [
	101	2	41.254824353684214	8.403760516491229	0.0	0.0	1	1.0308876048528524	3.5177953880475736	138.0	11	1.05	0.95				
	102	2	37.0529440954386	7.639782287719299	0.0	0.0	1	1.0299289798876377	3.2242752829727377	138.0	12	1.05	0.95				
	103	1	68.75804058947368	14.133597232280701	0.0	0.0	1	1.031967260579871	2.9414861129234584	138.0	11	1.05	0.95				
	104	1	28.267194464561403	5.729836715789473	0.0	0.0	1	1.0206415732940148	0.06441519765593327	138.0	11	1.05	0.95				
	105	1	27.121227121403507	5.347847601403509	0.0	0.0	1	1.0349580489354686	0.19466263990704866	138.0	11	1.05	0.95				
	106	1	51.95051955649122	10.695695202807018	0.0	-100.0	1	1.0458119035670341	-2.104520181136167	138.0	12	1.05	0.95				
	107	2	47.74863929824561	9.549727859649122	0.0	0.0	1	0.9988630537032644	-9.297640235704632	138.0	12	1.05	0.95				
	108	1	65.32013855999999	13.36961900350877	0.0	0.0	1	1.0039007913842188	-7.147172280449701	138.0	12	1.05	0.95				
	109	1	66.84809501754386	13.751608117894735	0.0	0.0	1	1.0245187218661027	-0.9616983644039976	138.0	13	1.05	0.95				
	110	1	74.48787730526315	15.279564575438599	0.0	0.0	1	1.05	-1.960582147172461	138.0	13	1.05	0.95				
	111	1	0.0	0.0	0.0	0.0	1	1.0044992052896882	0.8460408622978635	230.0	13	1.05	0.95				
	112	1	0.0	0.0	0.0	0.0	1	1.0087152760012001	0.09416003328540354	230.0	13	1.05	0.95				
	113	3	101.2271153122807	20.627412176842107	0.0	0.0	1	0.9941181776495888	-1.3360050803663823e-29	230.0	14	1.05	0.95				
	114	2	74.1058881908772	14.89757546105263	0.0	0.0	1	1.005823326282459	4.000376456523607	230.0	16	1.05	0.95				
	115	2	121.09054926035088	24.447303320701756	0.0	0.0	1	1.0434848491667772	11.986959675258602	230.0	16	1.05	0.95				
	116	2	38.19891143859649	7.639782287719299	0.0	0.0	1	1.0361608806908793	10.616253227860163	230.0	16	1.05	0.95				
	117	1	0.0	0.0	0.0	0.0	1	1.0404526737790267	15.747465922530886	230.0	17	1.05	0.95				
	118	2	127.20237509052632	25.97525977824561	0.0	0.0	1	1.0499999893191836	16.00994027515811	230.0	17	1.05	0.95				
	119	1	69.14002970385965	14.133597232280701	0.0	0.0	1	1.0256146520206142	7.231908110241998	230.0	15	1.05	0.95				
	120	1	48.89460664140351	9.931716974035087	0.0	0.0	1	1.021316291578678	4.999709495578892	230.0	15	1.05	0.95				
	121	2	0.0	0.0	0.0	0.0	1	1.05	17.190780527015317	230.0	17	1.05	0.95				
	122	2	0.0	0.0	0.0	0.0	1	1.05	34.63763171906036	230.0	17	1.05	0.95				
	123	2	0.0	0.0	0.0	0.0	1	1.0196063979909058	4.063361679680556	230.0	15	1.05	0.95				
	124	1	0.0	0.0	0.0	0.0	1	1.0277645580999721	8.604534153330405	230.0	16	1.05	0.95				
	201	2	44.84558474526315	9.135211707368422	0.0	0.0	2	1.0132625566969602	-14.874909807415468	138.0	21	1.05	0.95				
	202	2	40.27797889157894	8.304737915789474	0.0	0.0	2	1.0125227578446874	-15.135426414739447	138.0	22	1.05	0.95				
	203	1	74.74264124210525	15.363765144210525	0.0	0.0	2	1.0143980696933714	-10.660631803021692	138.0	21	1.05	0.95				
	204	1	30.72753028842105	6.2285534368421045	0.0	0.0	2	1.0116132894737921	-14.86954954908537	138.0	21	1.05	0.95				
	205	1	29.481819601052628	5.8133165410526315	0.0	0.0	2	1.0265914471031488	-15.342528968153609	138.0	21	1.05	0.95				
	206	1	56.47221782736842	11.626633082105263	0.0	-100.0	2	1.0419348421963988	-16.113437875396617	138.0	22	1.05	0.95				
	207	2	51.90461197368421	10.38092239473684	0.0	0.0	2	0.9941192268038227	-21.146561259376664	138.0	22	1.05	0.95				
	208	1	71.00550917999999	14.533291352631577	0.0	0.0	2	0.9999941361972381	-19.27613652391543	138.0	22	1.05	0.95				
	209	1	72.66645676315788	14.94852824842105	0.0	0.0	2	1.0228058810644889	-12.929753474012989	138.0	23	1.05	0.95				
	210	1	80.97119467894736	16.609475831578948	0.0	0.0	2	1.05	-14.473525920289687	138.0	23	1.05	0.95				
	211	1	0.0	0.0	0.0	0.0	2	1.0072728298232514	-9.882215050487236	230.0	23	1.05	0.95				
	212	1	0.0	0.0	0.0	0.0	2	1.0091476448656505	-9.026750871658157	230.0	23	1.05	0.95				
	213	2	110.03777738421053	22.422792372631577	0.0	0.0	2	1.004666584563957	-8.397830177122966	230.0	24	1.05	0.95				
	214	2	80.55595778315788	16.194238935789475	0.0	0.0	2	1.0093854096603994	-7.265730551099332	230.0	26	1.05	0.95				
	215	2	131.63009596526314	26.575161330526313	0.0	0.0	2	1.0229962363471192	-0.8621616190664566	230.0	26	1.05	0.95				
	216	2	41.52368957894736	8.304737915789474	0.0	0.0	2	1.0252729929392896	-1.035569126809036	230.0	26	1.05	0.95				
	217	1	0.0	0.0	0.0	0.0	2	1.0287926957956202	0.7035859390046239	230.0	27	1.05	0.95				
	218	2	138.27388629789473	28.23610891368421	0.0	0.0	2	1.0280230590418469	0.15635121963051335	230.0	27	1.05	0.95				
	219	1	75.15787813789473	15.363765144210525	0.0	0.0	2	1.0270746165465938	-1.035682451096179	230.0	25	1.05	0.95				
	220	1	53.15032266105263	10.796159290526315	0.0	0.0	2	1.0313556750194812	-0.2276806462751045	230.0	25	1.05	0.95				
	221	2	0.0	0.0	0.0	0.0	2	1.0297397731479783	0.6219842311059872	230.0	27	1.05	0.95				
	222	2	0.0	0.0	0.0	0.0	2	1.0499999970988771	7.14585941116562	230.0	27	1.05	0.95				
	223	2	0.0	0.0	0.0	0.0	2	1.0344101421143903	0.529049069345109	230.0	25	1.05	0.95				
	224	1	0.0	0.0	0.0	0.0	2	1.007733496819293	-4.5379118546029815	230.0	26	1.05	0.95				
	301	2	45.16798482947369	9.20088579859649	0.0	0.0	3	1.0071719158451788	-14.297010904103526	138.0	31	1.05	0.95				
	302	2	40.56754193017544	8.36444163508772	0.0	0.0	3	1.0070753487188122	-14.394090243402593	138.0	32	1.05	0.95				
	303	1	75.27997471578948	15.474217024912281	0.0	0.0	3	1.023212046462752	-9.436812836225988	138.0	31	1.05	0.95				
	304	1	30.948434049824563	6.27333122631579	0.0	0.0	3	1.0104652790858004	-12.955994200486892	138.0	31	1.05	0.95				
	305	1	29.6937678045614	5.855109144561403	0.0	0.0	3	1.023148475582924	-13.677451105376184	138.0	31	1.05	0.95				
	306	1	56.878203118596495	11.710218289122807	0.0	-100.0	3	1.0405107129999658	-13.834732624874286	138.0	32	1.05	0.95				
	307	2	52.277760219298244	10.45555204385965	0.0	0.0	3	0.9910422060752828	-18.326642604204526	138.0	32	1.05	0.95				
	308	1	71.51597598000001	14.637772861403509	0.0	0.0	3	0.9988570646967468	-16.463205727307248	138.0	32	1.05	0.95				
	309	1	73.18886430701754	15.055994943157893	0.0	0.0	3	1.0262689921006203	-10.06732846023484	138.0	33	1.05	0.95				
	310	1	81.55330594210525	16.72888327017544	0.0	0.0	3	1.05	-11.711622359257026	138.0	33	1.05	0.95				
	311	1	0.0	0.0	0.0	0.0	3	1.0076582108055818	-6.11499247896627	230.0	33	1.05	0.95				
	312	1	0.0	0.0	0.0	0.0	3	1.0116849741164335	-5.523678427450215	230.0	33	1.05	0.95				
	313	2	110.82885166491228	22.583992414736844	0.0	0.0	3	1.0112800735022809	-2.515118641898065	230.0	34	1.05	0.95				
	314	2	81.13508386035087	16.31066118842105	0.0	0.0	3	1.0069788449450618	-4.389962296917228	230.0	36	1.05	0.95				
	315	2	132.57639991614033	26.7662132322807	0.0	0.0	3	1.0365924153347341	-0.10688018171654896	230.0	36	1.05	0.95				
	316	2	41.8222081754386	8.36444163508772	0.0	0.0	3	1.0360731586568386	0.4830347834596728	230.0	36	1.05	0.95				
	317	1	0.0	0.0	0.0	0.0	3	1.0464782508775046	4.531309418104259	230.0	37	1.05	0.95				
	318	2	139.26795322421052	28.439101559298248	0.0	0.0	3	1.0433501893418968	2.796150008111076	230.0	37	1.05	0.95				
	319	1	75.69819679754386	15.474217024912281	0.0	0.0	3	1.0318302354620317	-0.020500776557857356	230.0	35	1.05	0.95				
	320	1	53.5324264645614	10.873774125614036	0.0	0.0	3	1.0308568070974857	0.3487446617175966	230.0	35	1.05	0.95				
	321	2	0.0	0.0	0.0	0.0	3	1.0426445361579273	2.430981396213363	230.0	37	1.05	0.95				
	322	2	0.0	0.0	0.0	0.0	3	1.05	7.5873380854012735	230.0	37	1.05	0.95				
	323	2	0.0	0.0	0.0	0.0	3	1.030892927342366	0.8724054156911664	230.0	35	1.05	0.95				
	324	1	0.0	0.0	0.0	0.0	3	1.0199260458602062	-3.58931423741589	230.0	36	1.05	0.95				
	325	1	0.0	0.0	0.0	0.0	3	1.0273013423225623	2.2402980089325175	230.0	35	1.05	0.95				
];
