%% MATPOWER Case Format : Version 2
function mpc = RTS_GMLC
mpc.version = '2';

%%-----  Power Flow Data  -----%%
%% system MVA base
mpc.baseMVA = 100.0;
%% bus data
%    bus_i    type    Pd    Qd    Gs    Bs    area    Vm    Va    baseKV    zone    Vmax    Vmin
mpc.bus = [
	101	2	44.62147451368421	9.089559623157895	0.0	0.0	1	1.0192272273494554	3.6941060215809287	138.0	11	1.05	0.95				
	102	2	40.07669470210526	8.263236021052633	0.0	0.0	1	1.018065382081291	3.387191185745581	138.0	12	1.05	0.95				
	103	1	74.36912418947368	15.286986638947367	0.0	0.0	1	1.0286635551478418	3.4347949464137444	138.0	11	1.05	0.95				
	104	1	30.573973277894734	6.197427015789473	0.0	0.0	1	1.0151773841303444	0.1880575611680455	138.0	11	1.05	0.95				
	105	1	29.33448787473684	5.784265214736842	0.0	0.0	1	1.0285389453831115	0.27937356918786044	138.0	11	1.05	0.95				
	106	1	56.1900049431579	11.568530429473684	0.0	-100.0	1	1.0420048460687834	-2.0830503726111047	138.0	12	1.05	0.95				
	107	2	51.64522513157894	10.32904502631579	0.0	0.0	1	0.9850515554524517	-8.183279497825096	138.0	12	1.05	0.95				
	108	1	70.65066798	14.460663036842103	0.0	0.0	1	0.9956490783716174	-6.527988630186005	138.0	12	1.05	0.95				
	109	1	72.30331518421053	14.873824837894736	0.0	0.0	1	1.025454004306853	-0.7059561744645424	138.0	13	1.05	0.95				
	110	1	80.56655120526315	16.526472042105265	0.0	0.0	1	1.05	-1.8250293384189245	138.0	13	1.05	0.95				
	111	1	0.0	0.0	0.0	0.0	1	1.0167289352022615	1.1525058755965814	230.0	13	1.05	0.95				
	112	1	0.0	0.0	0.0	0.0	1	1.0127242414220448	0.44401478476418454	230.0	13	1.05	0.95				
	113	3	109.48787727894735	22.310737256842106	0.0	0.0	1	0.9927315320585101	-1.0717559761882996e-30	230.0	14	1.05	0.95				
	114	2	80.15338940421051	16.11331024105263	0.0	0.0	1	1.0423065949684867	4.503035213818426	230.0	16	1.05	0.95				
	115	2	130.9722909336842	26.442355267368423	0.0	0.0	1	1.0443113479822888	13.37370593567692	230.0	16	1.05	0.95				
	116	2	41.31618010526316	8.263236021052633	0.0	0.0	1	1.0445848852121957	11.854851119806824	230.0	16	1.05	0.95				
	117	1	0.0	0.0	0.0	0.0	1	1.0424995356039364	17.346393048876518	230.0	17	1.05	0.95				
	118	2	137.58287975052633	28.09500247157895	0.0	0.0	1	1.05	17.72173006279532	230.0	17	1.05	0.95				
	119	1	74.7822859905263	15.286986638947367	0.0	0.0	1	1.040963447596952	8.412408714196143	230.0	15	1.05	0.95				
	120	1	52.88471053473685	10.74220682736842	0.0	0.0	1	1.0430170541844757	6.201849090792823	230.0	15	1.05	0.95				
	121	2	0.0	0.0	0.0	0.0	1	1.0430139776043086	19.11666501376011	230.0	17	1.05	0.95				
	122	2	0.0	0.0	0.0	0.0	1	1.05	37.07994922702751	230.0	17	1.05	0.95				
	123	2	0.0	0.0	0.0	0.0	1	1.0448715083277065	5.296636970162928	230.0	15	1.05	0.95				
	124	1	0.0	0.0	0.0	0.0	1	1.0259924005375727	9.670629254728308	230.0	16	1.05	0.95				
	201	2	49.911537865263156	10.167165120701753	0.0	0.0	2	1.02221865916633	-9.592891911721923	138.0	21	1.05	0.95				
	202	2	44.82795530491227	9.24287738245614	0.0	0.0	2	1.0230366398072357	-9.474282637984329	138.0	22	1.05	0.95				
	203	1	83.18589644210526	17.099323157543857	0.0	0.0	2	1.012237888305935	-8.174061220685434	138.0	21	1.05	0.95				
	204	1	34.198646315087714	6.932158036842104	0.0	0.0	2	1.015504184563963	-10.684732853033823	138.0	21	1.05	0.95				
	205	1	32.81221470771929	6.470014167719299	0.0	0.0	2	1.0304726794801267	-11.002093401712127	138.0	21	1.05	0.95				
	206	1	62.85156620070175	12.940028335438598	0.0	-100.0	2	1.0428997015938466	-12.224555907369993	138.0	22	1.05	0.95				
	207	2	57.76798364035087	11.553596728070174	0.0	0.0	2	0.9920822736101184	-18.73113893661615	138.0	22	1.05	0.95				
	208	1	79.02660162	16.175035419298244	0.0	0.0	2	0.9968138780184742	-16.609592617810346	138.0	22	1.05	0.95				
	209	1	80.87517709649123	16.63717928842105	0.0	0.0	2	1.0225754100579192	-9.769563179944548	138.0	23	1.05	0.95				
	210	1	90.11805447894736	18.48575476491228	0.0	0.0	2	1.05	-10.943695285401931	138.0	23	1.05	0.95				
	211	1	0.0	0.0	0.0	0.0	2	1.008295377774509	-6.797051086912727	230.0	23	1.05	0.95				
	212	1	0.0	0.0	0.0	0.0	2	1.009473273245975	-5.51701363607965	230.0	23	1.05	0.95				
	213	2	122.46812531754385	24.955768932631578	0.0	0.0	2	1.0059169596146902	-5.0455439661348445	230.0	24	1.05	0.95				
	214	2	89.65591060982455	18.02361089578947	0.0	0.0	2	1.0103309275703978	-4.686521126087898	230.0	26	1.05	0.95				
	215	2	146.4996065119298	29.577207623859646	0.0	0.0	2	1.0247924183429178	0.8635153477091975	230.0	26	1.05	0.95				
	216	2	46.214386912280695	9.24287738245614	0.0	0.0	2	1.0281062872023485	1.115179139514833	230.0	26	1.05	0.95				
	217	1	0.0	0.0	0.0	0.0	2	1.0347630205062908	2.4916613454561585	230.0	27	1.05	0.95				
	218	2	153.89390841789472	31.425783100350873	0.0	0.0	2	1.0325471187176223	1.8499921901885543	230.0	27	1.05	0.95				
	219	1	83.64804031122807	17.099323157543857	0.0	0.0	2	1.028986230984213	1.9025568451693793	230.0	25	1.05	0.95				
	220	1	59.15441524771929	12.015740597192982	0.0	0.0	2	1.0333034488474326	3.4775521593720584	230.0	25	1.05	0.95				
	221	2	0.0	0.0	0.0	0.0	2	1.0328708955715233	2.3287924388609813	230.0	27	1.05	0.95				
	222	2	0.0	0.0	0.0	0.0	2	1.05	8.889126489558041	230.0	27	1.05	0.95				
	223	2	0.0	0.0	0.0	0.0	2	1.03697164765139	4.6860647522445085	230.0	25	1.05	0.95				
	224	1	0.0	0.0	0.0	0.0	2	1.008896722740582	-2.5114896025076185	230.0	26	1.05	0.95				
	301	2	54.32458081263158	11.066118313684212	0.0	0.0	3	1.0120883646669812	-10.264690837089562	138.0	31	1.05	0.95				
	302	2	48.791521655789474	10.060107557894737	0.0	0.0	3	1.0112190384715847	-10.452744969861236	138.0	32	1.05	0.95				
	303	1	90.54096802105263	18.611198982105265	0.0	0.0	3	1.0338382844392853	-1.8349964190405323	138.0	31	1.05	0.95				
	304	1	37.22239796421053	7.545080668421053	0.0	0.0	3	1.0107519293308618	-8.878685427782536	138.0	31	1.05	0.95				
	305	1	35.713381830526316	7.042075290526317	0.0	0.0	3	1.0245457591992093	-9.981228602826974	138.0	31	1.05	0.95				
	306	1	68.40873139368422	14.084150581052635	0.0	-100.0	3	1.0390732678630867	-10.402334190822522	138.0	32	1.05	0.95				
	307	2	62.87567223684211	12.575134447368422	0.0	0.0	3	0.9940752287733567	-15.98475868465569	138.0	32	1.05	0.95				
	308	1	86.01391962	17.60518822631579	0.0	0.0	3	0.9970533773677532	-13.646789001504963	138.0	32	1.05	0.95				
	309	1	88.02594113157896	18.108193604210527	0.0	0.0	3	1.0268720529918338	-5.535954294057714	138.0	33	1.05	0.95				
	310	1	98.0860486894737	20.120215115789474	0.0	0.0	3	1.05	-8.081713885581474	138.0	33	1.05	0.95				
	311	1	0.0	0.0	0.0	0.0	3	1.013077582912874	-1.6611792603352917	230.0	33	1.05	0.95				
	312	1	0.0	0.0	0.0	0.0	3	1.011908039681276	-1.3665530002504078	230.0	33	1.05	0.95				
	313	2	133.29642514210528	27.16229040631579	0.0	0.0	3	1.0132521757985755	1.5761080311710955	230.0	34	1.05	0.95				
	314	2	97.58304331157895	19.61720973789474	0.0	0.0	3	1.0219508169133993	0.6953963186150851	230.0	36	1.05	0.95				
	315	2	159.45270479263158	32.19234418526316	0.0	0.0	3	1.042362891056749	6.434036882815602	230.0	36	1.05	0.95				
	316	2	50.30053778947369	10.060107557894737	0.0	0.0	3	1.041994110333065	7.049218155968332	230.0	36	1.05	0.95				
	317	1	0.0	0.0	0.0	0.0	3	1.05	11.813298168935102	230.0	37	1.05	0.95				
	318	2	167.50079083894738	34.20436569684211	0.0	0.0	3	1.0444782655304286	9.515059774551435	230.0	37	1.05	0.95				
	319	1	91.04397339894737	18.611198982105265	0.0	0.0	3	1.0334088271600717	5.53394613306039	230.0	35	1.05	0.95				
	320	1	64.38468837052632	13.078139825263161	0.0	0.0	3	1.029996545545569	5.170488627346673	230.0	35	1.05	0.95				
	321	2	0.0	0.0	0.0	0.0	3	1.04530863597094	9.112246645272032	230.0	37	1.05	0.95				
	322	2	0.0	0.0	0.0	0.0	3	1.05	14.51466419162849	230.0	37	1.05	0.95				
	323	2	0.0	0.0	0.0	0.0	3	1.028966331452367	5.35397798607468	230.0	35	1.05	0.95				
	324	1	0.0	0.0	0.0	0.0	3	1.0286365177658892	3.33384768729985	230.0	36	1.05	0.95				
	325	1	0.0	0.0	0.0	0.0	3	1.02634562867825	6.5073403559538425	230.0	35	1.05	0.95				
];
