%% MATPOWER Case Format : Version 2
function mpc = RTS_GMLC
mpc.version = '2';

%%-----  Power Flow Data  -----%%
%% system MVA base
mpc.baseMVA = 100.0;
%% bus data
%    bus_i    type    Pd    Qd    Gs    Bs    area    Vm    Va    baseKV    zone    Vmax    Vmin
mpc.bus = [
	101	2	50.74022762526317	10.335972294035088	0.0	0.0	1	1.0460752300930092	3.519934980877363	138.0	11	1.05	0.95				
	102	2	45.572241478245616	9.396338449122808	0.0	0.0	1	1.0450139407032162	3.2228602555659522	138.0	12	1.05	0.95				
	103	1	84.56704604210526	17.383226130877194	0.0	0.0	1	1.0290173160569969	0.33435916424902123	138.0	11	1.05	0.95				
	104	1	34.76645226175439	7.047253836842106	0.0	0.0	1	1.0274062989244266	-0.26033432245523513	138.0	11	1.05	0.95				
	105	1	33.35700149438596	6.577436914385966	0.0	0.0	1	1.0411577001079262	-0.2831119590470804	138.0	11	1.05	0.95				
	106	1	63.8951014540351	13.154873828771931	0.0	-100.0	1	1.046646897507789	-2.932052064341637	138.0	12	1.05	0.95				
	107	2	58.727115307017556	11.745423061403509	0.0	0.0	1	0.9994808823210721	-7.868225689571633	138.0	12	1.05	0.95				
	108	1	80.33869374	16.44359228596491	0.0	0.0	1	1.0028552223898974	-7.006112768399943	138.0	12	1.05	0.95				
	109	1	82.21796142982456	16.913409208421054	0.0	0.0	1	1.0245891380631975	-1.991399742252466	138.0	13	1.05	0.95				
	110	1	91.61429987894736	18.792676898245617	0.0	0.0	1	1.05	-2.715700020982976	138.0	13	1.05	0.95				
	111	1	0.0	0.0	0.0	0.0	1	1.003956530185966	-0.47891066940738325	230.0	13	1.05	0.95				
	112	1	0.0	0.0	0.0	0.0	1	1.0083577157054333	-0.0007062835225789058	230.0	13	1.05	0.95				
	113	3	124.50148445087719	25.370113812631583	0.0	0.0	1	0.9958787485138736	1.3636912657535668e-30	230.0	14	1.05	0.95				
	114	2	91.14448295649123	18.322859975789473	0.0	0.0	1	1.0005667048171372	1.1010127157605258	230.0	16	1.05	0.95				
	115	2	148.9319644185965	30.068283037192984	0.0	0.0	1	1.0344526871229545	6.310249931873725	230.0	16	1.05	0.95				
	116	2	46.981692245614035	9.396338449122808	0.0	0.0	1	1.0306803396924131	6.112159508415516	230.0	16	1.05	0.95				
	117	1	0.0	0.0	0.0	0.0	1	1.0385308902113706	8.335023083025952	230.0	17	1.05	0.95				
	118	2	156.44903517789476	31.94755072701755	0.0	0.0	1	1.0411644493095726	8.476810699351343	230.0	17	1.05	0.95				
	119	1	85.03686296456141	17.383226130877194	0.0	0.0	1	1.0240535868927416	5.218578750255728	230.0	15	1.05	0.95				
	120	1	60.13656607438597	12.21523998385965	0.0	0.0	1	1.0214771369898057	5.235026082868368	230.0	15	1.05	0.95				
	121	2	0.0	0.0	0.0	0.0	1	1.0448067115741186	9.565327404026949	230.0	17	1.05	0.95				
	122	2	0.0	0.0	0.0	0.0	1	1.05	16.21200058552776	230.0	17	1.05	0.95				
	123	2	0.0	0.0	0.0	0.0	1	1.0208307748045158	5.609504371272366	230.0	15	1.05	0.95				
	124	1	0.0	0.0	0.0	0.0	1	1.0242336300892874	4.066901029062296	230.0	16	1.05	0.95				
	201	2	46.17157248000001	9.405320320000001	0.0	0.0	2	1.0189926949573709	-5.112892876922526	138.0	21	1.05	0.95				
	202	2	41.46891232	8.550291200000002	0.0	0.0	2	1.019182310100632	-5.070486534789583	138.0	22	1.05	0.95				
	203	1	76.9526208	15.818038720000002	0.0	0.0	2	1.01542262776144	-4.751016537479276	138.0	21	1.05	0.95				
	204	1	31.636077440000005	6.4127184	0.0	0.0	2	1.0152204867228862	-5.660181352374004	138.0	21	1.05	0.95				
	205	1	30.35353376	5.9852038400000005	0.0	0.0	2	1.029365552827334	-5.847544664533641	138.0	21	1.05	0.95				
	206	1	58.14198016	11.970407680000001	0.0	-100.0	2	1.0431489336077873	-6.699299541859648	138.0	22	1.05	0.95				
	207	2	53.43932	10.687864000000001	0.0	0.0	2	0.9932930780317621	-12.458557541085028	138.0	22	1.05	0.95				
	208	1	73.10498976000001	14.963009600000001	0.0	0.0	2	0.9993025164497951	-10.528940245670011	138.0	22	1.05	0.95				
	209	1	74.815048	15.390524160000002	0.0	0.0	2	1.0239897132159683	-4.37523651885817	138.0	23	1.05	0.95				
	210	1	83.36533920000001	17.100582400000004	0.0	0.0	2	1.05	-5.21413223660206	138.0	23	1.05	0.95				
	211	1	0.0	0.0	0.0	0.0	2	1.0036175781327314	-1.9589577099479132	230.0	23	1.05	0.95				
	212	1	0.0	0.0	0.0	0.0	2	1.0109750380347384	1.4509755475870572	230.0	23	1.05	0.95				
	213	2	113.2913584	23.085786240000004	0.0	0.0	2	0.998863210921934	0.025342470424608896	230.0	24	1.05	0.95				
	214	2	82.93782464	16.67306784	0.0	0.0	2	1.0000859217786324	-0.7215402623003357	230.0	26	1.05	0.95				
	215	2	135.52211552000003	27.360931840000003	0.0	0.0	2	1.021765490717588	3.430313693568138	230.0	26	1.05	0.95				
	216	2	42.751456000000005	8.550291200000002	0.0	0.0	2	1.0219740586751263	3.6198566273182275	230.0	26	1.05	0.95				
	217	1	0.0	0.0	0.0	0.0	2	1.027450897327266	4.663808079391944	230.0	27	1.05	0.95				
	218	2	142.36234848000004	29.07099008	0.0	0.0	2	1.026500240759896	4.179421920404397	230.0	27	1.05	0.95				
	219	1	77.38013536000001	15.818038720000002	0.0	0.0	2	1.0224364571819198	3.9855497365620063	230.0	25	1.05	0.95				
	220	1	54.721863680000006	11.115378560000002	0.0	0.0	2	1.0258228055841858	5.141498107789455	230.0	25	1.05	0.95				
	221	2	0.0	0.0	0.0	0.0	2	1.0284530224171688	4.73205637414842	230.0	27	1.05	0.95				
	222	2	0.0	0.0	0.0	0.0	2	1.0499999371610622	11.195709117421993	230.0	27	1.05	0.95				
	223	2	0.0	0.0	0.0	0.0	2	1.0286103922029766	6.101964049303848	230.0	25	1.05	0.95				
	224	1	0.0	0.0	0.0	0.0	2	1.009158379853639	0.35640102643034943	230.0	26	1.05	0.95				
	301	2	62.182853545263164	12.666877574035087	0.0	0.0	3	1.007088421511736	-16.37010724680709	138.0	31	1.05	0.95				
	302	2	55.84941475824561	11.515343249122807	0.0	0.0	3	1.0066986733435044	-16.478929922507984	138.0	32	1.05	0.95				
	303	1	103.63808924210527	21.303385010877193	0.0	0.0	3	1.0184761860377332	-10.81462378677085	138.0	31	1.05	0.95				
	304	1	42.606770021754386	8.636507436842104	0.0	0.0	3	1.0060285012154364	-14.609900948616934	138.0	31	1.05	0.95				
	305	1	40.87946853438596	8.060740274385966	0.0	0.0	3	1.020261921446199	-14.985561111524866	138.0	31	1.05	0.95				
	306	1	78.30433409403508	16.12148054877193	0.0	-100.0	3	1.0355519324691953	-14.860673937620755	138.0	32	1.05	0.95				
	307	2	71.97089530701754	14.39417906140351	0.0	0.0	3	0.9952329105087167	-20.891646251319408	138.0	32	1.05	0.95				
	308	1	98.45618478	20.151850685964913	0.0	0.0	3	0.9969899536708231	-18.190935373905212	138.0	32	1.05	0.95				
	309	1	100.75925342982457	20.72761784842105	0.0	0.0	3	1.0253871733654898	-10.725955029912534	138.0	33	1.05	0.95				
	310	1	112.27459667894738	23.030686498245615	0.0	0.0	3	1.05	-11.755162429717688	138.0	33	1.05	0.95				
	311	1	0.0	0.0	0.0	0.0	3	1.013257073560155	-5.165905933248393	230.0	33	1.05	0.95				
	312	1	0.0	0.0	0.0	0.0	3	1.0154704024271073	-4.4662420815840385	230.0	33	1.05	0.95				
	313	2	152.57829805087718	31.091426772631582	0.0	0.0	3	1.024776719776346	-0.0862474092456108	230.0	34	1.05	0.95				
	314	2	111.69882951649122	22.454919335789477	0.0	0.0	3	1.017831870809291	-3.558753664907614	230.0	36	1.05	0.95				
	315	2	182.51819049859648	36.84909839719298	0.0	0.0	3	1.0317328658734572	-2.9095198308910857	230.0	36	1.05	0.95				
	316	2	57.57671624561404	11.515343249122807	0.0	0.0	3	1.0315727390681	-1.8563539338921229	230.0	36	1.05	0.95				
	317	1	0.0	0.0	0.0	0.0	3	1.035779331579726	-0.9161109678380924	230.0	37	1.05	0.95				
	318	2	191.73046509789472	39.15216704701754	0.0	0.0	3	1.0336930031662663	-1.348784683261119	230.0	37	1.05	0.95				
	319	1	104.2138564045614	21.303385010877193	0.0	0.0	3	1.0299701616052115	-1.1215745254565095	230.0	35	1.05	0.95				
	320	1	73.69819679438596	14.969946223859651	0.0	0.0	3	1.030663779142273	-0.4594190415843057	230.0	35	1.05	0.95				
	321	2	0.0	0.0	0.0	0.0	3	1.0352083961393779	-1.3291449214146305	230.0	37	1.05	0.95				
	322	2	0.0	0.0	0.0	0.0	3	1.0485926035455588	3.151692826774319	230.0	37	1.05	0.95				
	323	2	0.0	0.0	0.0	0.0	3	1.0315779049626284	0.005960800210020161	230.0	35	1.05	0.95				
	324	1	0.0	0.0	0.0	0.0	3	1.018914110298966	-4.27527715466654	230.0	36	1.05	0.95				
	325	1	0.0	0.0	0.0	0.0	3	1.0307892211622671	0.8140007733420691	230.0	35	1.05	0.95				
];
