%% MATPOWER Case Format : Version 2
function mpc = RTS_GMLC
mpc.version = '2';

%%-----  Power Flow Data  -----%%
%% system MVA base
mpc.baseMVA = 100.0;
%% bus data
%    bus_i    type    Pd    Qd    Gs    Bs    area    Vm    Va    baseKV    zone    Vmax    Vmin
mpc.bus = [
	101	2	75.66947056421054	15.414151411228072	0.0	0.0	1	1.032091895342506	-0.9222391640402047	138.0	11	1.05	0.95				
	102	2	67.9623948585965	14.012864919298249	0.0	0.0	1	1.0320979088041051	-0.9785763224679948	138.0	12	1.05	0.95				
	103	1	126.11578427368421	25.923800100701754	0.0	0.0	1	1.0214635067517355	-1.5978996491091653	138.0	11	1.05	0.95				
	104	1	51.84760020140351	10.509648689473684	0.0	0.0	1	1.0167141469471934	-3.9277602103654448	138.0	11	1.05	0.95				
	105	1	49.74567046350877	9.809005443508774	0.0	0.0	1	1.031659225415239	-3.9417241495609265	138.0	11	1.05	0.95				
	106	1	95.28748145122809	19.618010887017547	0.0	-100.0	1	1.0374686077488726	-6.270906310518666	138.0	12	1.05	0.95				
	107	2	87.58040574561404	17.516081149122808	0.0	0.0	1	1.0477755085599003	-2.3013703938793073	138.0	12	1.05	0.95				
	108	1	119.80999506	24.52251360877193	0.0	0.0	1	1.0256387856050297	-5.241281102687044	138.0	12	1.05	0.95				
	109	1	122.61256804385967	25.223156854736846	0.0	0.0	1	1.0265150968099332	-3.5029858693200544	138.0	13	1.05	0.95				
	110	1	136.6254329631579	28.025729838596497	0.0	0.0	1	1.05	-4.7885535815196745	138.0	13	1.05	0.95				
	111	1	0.0	0.0	0.0	0.0	1	1.0125256758918406	-0.9841165876437248	230.0	13	1.05	0.95				
	112	1	0.0	0.0	0.0	0.0	1	1.0151699286891278	-0.1521040501439565	230.0	13	1.05	0.95				
	113	3	185.67046018070178	37.83473528210527	0.0	0.0	1	1.011411203538616	8.067281863045666e-29	230.0	14	1.05	0.95				
	114	2	135.924789717193	27.325086592631582	0.0	0.0	1	1.0145279087546393	1.375752245310348	230.0	16	1.05	0.95				
	115	2	222.10390897087723	44.84116774175439	0.0	0.0	1	1.0448368189270811	9.24168696354065	230.0	16	1.05	0.95				
	116	2	70.06432459649123	14.012864919298249	0.0	0.0	1	1.0429983413767474	8.90141622822921	230.0	16	1.05	0.95				
	117	1	0.0	0.0	0.0	0.0	1	1.0470081014637005	11.842333552004105	230.0	17	1.05	0.95				
	118	2	233.31420090631582	47.643740725614045	0.0	0.0	1	1.0492272383012258	12.392630161366515	230.0	17	1.05	0.95				
	119	1	126.81642751964914	25.923800100701754	0.0	0.0	1	1.0375663636143662	7.717331887031182	230.0	15	1.05	0.95				
	120	1	89.68233548350878	18.21672439508772	0.0	0.0	1	1.0389755338628557	8.01215121574603	230.0	15	1.05	0.95				
	121	2	0.0	0.0	0.0	0.0	1	1.05	12.921623057630308	230.0	17	1.05	0.95				
	122	2	0.0	0.0	0.0	0.0	1	1.05	19.657498250226173	230.0	17	1.05	0.95				
	123	2	0.0	0.0	0.0	0.0	1	1.041614606210898	8.6923107756214	230.0	15	1.05	0.95				
	124	1	0.0	0.0	0.0	0.0	1	1.0225170704873119	5.231457910205786	230.0	16	1.05	0.95				
	201	2	80.01825908210527	16.30001573894737	0.0	0.0	2	1.0406485177087286	-9.61761919605354	138.0	21	1.05	0.95				
	202	2	71.86825121263158	14.818196126315792	0.0	0.0	2	1.0406390223839326	-9.767145789693348	138.0	22	1.05	0.95				
	203	1	133.36376513684212	27.41366283368421	0.0	0.0	2	1.0269216181907654	-6.5073347848673935	138.0	21	1.05	0.95				
	204	1	54.82732566736842	11.113647094736843	0.0	0.0	2	1.0194099735930653	-11.58723318447875	138.0	21	1.05	0.95				
	205	1	52.60459624842105	10.372737288421053	0.0	0.0	2	1.035831939268439	-11.974057642941274	138.0	21	1.05	0.95				
	206	1	100.76373365894737	20.745474576842106	0.0	-100.0	2	1.0387931706831448	-14.005314389548348	138.0	22	1.05	0.95				
	207	2	92.61372578947369	18.52274515789474	0.0	0.0	2	0.9611254888263431	-25.16709907613364	138.0	22	1.05	0.95				
	208	1	126.69557687999999	25.93184322105263	0.0	0.0	2	0.9656851871545005	-21.47693174798733	138.0	22	1.05	0.95				
	209	1	129.65921610526317	26.672753027368422	0.0	0.0	2	1.0253849114336995	-10.090881767351087	138.0	23	1.05	0.95				
	210	1	144.47741223157894	29.636392252631584	0.0	0.0	2	1.05	-12.048689384744456	138.0	23	1.05	0.95				
	211	1	0.0	0.0	0.0	0.0	2	1.0271263706906955	-5.33364772673166	230.0	23	1.05	0.95				
	212	1	0.0	0.0	0.0	0.0	2	1.020798685680455	-4.1713002504877945	230.0	23	1.05	0.95				
	213	2	196.3410986736842	40.00912954105264	0.0	0.0	2	1.0384945763780846	-1.938180328343017	230.0	24	1.05	0.95				
	214	2	143.73650242526315	28.89548244631579	0.0	0.0	2	1.0432137742518057	-2.751815383602948	230.0	26	1.05	0.95				
	215	2	234.86840860210526	47.41822760421053	0.0	0.0	2	1.0442860456710363	5.496652651513996	230.0	26	1.05	0.95				
	216	2	74.09098063157896	14.818196126315792	0.0	0.0	2	1.0482606317907044	5.46140145893647	230.0	26	1.05	0.95				
	217	1	0.0	0.0	0.0	0.0	2	1.0489664654431774	8.660595411662941	230.0	27	1.05	0.95				
	218	2	246.72296550315792	50.38186682947369	0.0	0.0	2	1.0499999992084472	9.43944494309544	230.0	27	1.05	0.95				
	219	1	134.1046749431579	27.41366283368421	0.0	0.0	2	1.0437944885271404	4.8909153630437	230.0	25	1.05	0.95				
	220	1	94.83645520842106	19.263654964210527	0.0	0.0	2	1.0463536034762582	5.779640006203833	230.0	25	1.05	0.95				
	221	2	0.0	0.0	0.0	0.0	2	1.05	9.8461103882557	230.0	27	1.05	0.95				
	222	2	0.0	0.0	0.0	0.0	2	1.05	15.892826457832445	230.0	27	1.05	0.95				
	223	2	0.0	0.0	0.0	0.0	2	1.05	6.805372332226161	230.0	25	1.05	0.95				
	224	1	0.0	0.0	0.0	0.0	2	1.0226956206649842	1.0270712010815273	230.0	26	1.05	0.95				
	301	2	68.4182220631579	13.93704523508772	0.0	0.0	3	1.0134787352533083	-18.124146814345675	138.0	31	1.05	0.95				
	302	2	61.44969944561402	12.670041122807016	0.0	0.0	3	1.0121454624825748	-18.468216352015975	138.0	32	1.05	0.95				
	303	1	114.03037010526316	23.43957607719298	0.0	0.0	3	1.0212477583024164	-12.318629483618915	138.0	31	1.05	0.95				
	304	1	46.87915215438596	9.502530842105262	0.0	0.0	3	1.008696962903966	-17.265737412242263	138.0	31	1.05	0.95				
	305	1	44.9786459859649	8.869028785964913	0.0	0.0	3	1.023350053761474	-17.932236672044304	138.0	31	1.05	0.95				
	306	1	86.15627963508771	17.738057571929826	0.0	-100.0	3	1.03540848342539	-18.540852589383775	138.0	32	1.05	0.95				
	307	2	79.18775701754386	15.83755140350877	0.0	0.0	3	1.0048230458347083	-20.69808900177773	138.0	32	1.05	0.95				
	308	1	108.3288516	22.172571964912276	0.0	0.0	3	1.0013174000011116	-20.155173388188278	138.0	32	1.05	0.95				
	309	1	110.86285982456138	22.806074021052627	0.0	0.0	3	1.0271431000981395	-13.691886319003848	138.0	33	1.05	0.95				
	310	1	123.53290094736842	25.34008224561403	0.0	0.0	3	1.05	-15.709143044045083	138.0	33	1.05	0.95				
	311	1	0.0	0.0	0.0	0.0	3	1.0182401082418087	-8.756694416397666	230.0	33	1.05	0.95				
	312	1	0.0	0.0	0.0	0.0	3	1.0173285482257748	-7.928529130639207	230.0	33	1.05	0.95				
	313	2	167.87804487719296	34.20911103157895	0.0	0.0	3	1.0269569881817875	-4.567560946321735	230.0	34	1.05	0.95				
	314	2	122.89939889122805	24.706580189473684	0.0	0.0	3	1.0282519561684678	-6.536524287120699	230.0	36	1.05	0.95				
	315	2	200.8201517964912	40.54413159298245	0.0	0.0	3	1.0479839755513352	0.3645055415143887	230.0	36	1.05	0.95				
	316	2	63.35020561403508	12.670041122807016	0.0	0.0	3	1.0468141959361024	0.4277434899756679	230.0	36	1.05	0.95				
	317	1	0.0	0.0	0.0	0.0	3	1.04814105246919	2.4830493637184747	230.0	37	1.05	0.95				
	318	2	210.95618469473686	43.07813981754386	0.0	0.0	3	1.0480215753969226	2.7100857313632414	230.0	37	1.05	0.95				
	319	1	114.6638721614035	23.43957607719298	0.0	0.0	3	1.0424993944441356	-0.45820997639967037	230.0	35	1.05	0.95				
	320	1	81.0882631859649	16.47105345964912	0.0	0.0	3	1.0439670252239455	-0.039369940400953485	230.0	35	1.05	0.95				
	321	2	0.0	0.0	0.0	0.0	3	1.05	3.8443817121548802	230.0	37	1.05	0.95				
	322	2	0.0	0.0	0.0	0.0	3	1.05	9.085511298407459	230.0	37	1.05	0.95				
	323	2	0.0	0.0	0.0	0.0	3	1.0463338548616588	0.6559427825448051	230.0	35	1.05	0.95				
	324	1	0.0	0.0	0.0	0.0	3	1.0219192367198826	-4.3182395033176775	230.0	36	1.05	0.95				
	325	1	0.0	0.0	0.0	0.0	3	1.0435525461526272	1.6724877788977865	230.0	35	1.05	0.95				
];
