%% MATPOWER Case Format : Version 2
function mpc = RTS_GMLC
mpc.version = '2';

%%-----  Power Flow Data  -----%%
%% system MVA base
mpc.baseMVA = 100.0;
%% bus data
%    bus_i    type    Pd    Qd    Gs    Bs    area    Vm    Va    baseKV    zone    Vmax    Vmin
mpc.bus = [
	101	2	48.02820385263159	9.783523007017546	0.0	0.0	1	1.05	4.574381133426715	138.0	11	1.05	0.95				
	102	2	43.13644234912281	8.894111824561406	0.0	0.0	1	1.0490905407802589	4.221974400864	138.0	12	1.05	0.95				
	103	1	80.04700642105264	16.454106875438598	0.0	0.0	1	1.0324473553816214	1.1529899002097497	138.0	11	1.05	0.95				
	104	1	32.908213750877195	6.670583868421054	0.0	0.0	1	1.0299135337374525	0.4214586572429037	138.0	11	1.05	0.95				
	105	1	31.574096977192983	6.225878277192984	0.0	0.0	1	1.042989857604135	0.33086038198839635	138.0	11	1.05	0.95				
	106	1	60.47996040701755	12.451756554385968	0.0	-100.0	1	1.047918976437474	-2.5590347083061977	138.0	12	1.05	0.95				
	107	2	55.588198903508776	11.117639780701756	0.0	0.0	1	1.0004782282820273	-8.43328498069033	138.0	12	1.05	0.95				
	108	1	76.04465610000001	15.564695692982458	0.0	0.0	1	1.0038983319777235	-7.213665987885199	138.0	12	1.05	0.95				
	109	1	77.82347846491228	16.00940128421053	0.0	0.0	1	1.024571344738412	-1.9091612109337583	138.0	13	1.05	0.95				
	110	1	86.71759028947369	17.788223649122813	0.0	0.0	1	1.05	-2.6523950752678496	138.0	13	1.05	0.95				
	111	1	0.0	0.0	0.0	0.0	1	1.0031028818142385	-0.677962452634626	230.0	13	1.05	0.95				
	112	1	0.0	0.0	0.0	0.0	1	1.0074458270299924	-0.7588086504609757	230.0	13	1.05	0.95				
	113	3	117.84698167543861	24.014101926315796	0.0	0.0	1	0.9945707394980747	5.868488928412882e-29	230.0	14	1.05	0.95				
	114	2	86.27288469824562	17.34351805789474	0.0	0.0	1	0.998528427280604	0.4612777114432327	230.0	16	1.05	0.95				
	115	2	140.97167241929827	28.461157838596495	0.0	0.0	1	1.0335261267197096	5.63916658903252	230.0	16	1.05	0.95				
	116	2	44.470559122807025	8.894111824561406	0.0	0.0	1	1.0283342279599854	4.708130751100282	230.0	16	1.05	0.95				
	117	1	0.0	0.0	0.0	0.0	1	1.0374334958685687	7.7928465244324405	230.0	17	1.05	0.95				
	118	2	148.0869618789474	30.239980203508775	0.0	0.0	1	1.0412266942970096	8.405702421515201	230.0	17	1.05	0.95				
	119	1	80.49171201228071	16.454106875438598	0.0	0.0	1	1.0184117897843572	2.8921334371995733	230.0	15	1.05	0.95				
	120	1	56.92231567719299	11.562345371929826	0.0	0.0	1	1.0126854014515991	1.757757444964667	230.0	15	1.05	0.95				
	121	2	0.0	0.0	0.0	0.0	1	1.0444761925756532	9.625369766995663	230.0	17	1.05	0.95				
	122	2	0.0	0.0	0.0	0.0	1	1.05	15.549822117271741	230.0	17	1.05	0.95				
	123	2	0.0	0.0	0.0	0.0	1	1.0101911094275546	1.4819504386514764	230.0	15	1.05	0.95				
	124	1	0.0	0.0	0.0	0.0	1	1.0262241073957645	3.9488989655734765	230.0	16	1.05	0.95				
	201	2	45.49157878736843	9.266803086315791	0.0	0.0	2	1.013972952255816	-8.873538645491447	138.0	21	1.05	0.95				
	202	2	40.85817724421053	8.424366442105265	0.0	0.0	2	1.0131700184214707	-9.103676880721219	138.0	22	1.05	0.95				
	203	1	75.81929797894739	15.585077917894738	0.0	0.0	2	1.0141218990229788	-6.536790684810156	138.0	21	1.05	0.95				
	204	1	31.170155835789476	6.318274831578948	0.0	0.0	2	1.012302781053412	-8.441250617763187	138.0	21	1.05	0.95				
	205	1	29.906500869473685	5.8970565094736855	0.0	0.0	2	1.0267604672651582	-8.741196677497262	138.0	21	1.05	0.95				
	206	1	57.285691806315796	11.794113018947371	0.0	-100.0	2	1.041949448075124	-9.189227774964598	138.0	22	1.05	0.95				
	207	2	52.652290263157894	10.53045805263158	0.0	0.0	2	0.9967865056837595	-14.274484205143263	138.0	22	1.05	0.95				
	208	1	72.02833308000001	14.742641273684212	0.0	0.0	2	1.0015742826901142	-12.367585146958548	138.0	22	1.05	0.95				
	209	1	73.71320636842107	15.163859595789475	0.0	0.0	2	1.023999394563662	-6.159076803571459	138.0	23	1.05	0.95				
	210	1	82.13757281052632	16.84873288421053	0.0	0.0	2	1.05	-7.253494646396546	138.0	23	1.05	0.95				
	211	1	0.0	0.0	0.0	0.0	2	1.0041590759135741	-3.7230153294829895	230.0	23	1.05	0.95				
	212	1	0.0	0.0	0.0	0.0	2	1.0109380692504433	0.44678101452782254	230.0	23	1.05	0.95				
	213	2	111.62285535789476	22.745789393684216	0.0	0.0	2	1.0001806924980325	-1.5087840131589956	230.0	24	1.05	0.95				
	214	2	81.71635448842106	16.427514562105266	0.0	0.0	2	1.0010216379356187	-2.541549239207322	230.0	26	1.05	0.95				
	215	2	133.52620810736843	26.957972614736846	0.0	0.0	2	1.0184666882098006	1.8265777037359743	230.0	26	1.05	0.95				
	216	2	42.12183221052632	8.424366442105265	0.0	0.0	2	1.0182687861272677	1.7210466111126326	230.0	26	1.05	0.95				
	217	1	0.0	0.0	0.0	0.0	2	1.0227220931329735	2.455871943651008	230.0	27	1.05	0.95				
	218	2	140.26570126105267	28.642845903157898	0.0	0.0	2	1.0221930890618323	2.1340181377810103	230.0	27	1.05	0.95				
	219	1	76.24051630105264	15.585077917894738	0.0	0.0	2	1.0180219333999265	1.9254166593950564	230.0	25	1.05	0.95				
	220	1	53.91594522947369	10.951676374736845	0.0	0.0	2	1.0207006901034492	2.93722709617725	230.0	25	1.05	0.95				
	221	2	0.0	0.0	0.0	0.0	2	1.0244771614794264	2.8306715816019086	230.0	27	1.05	0.95				
	222	2	0.0	0.0	0.0	0.0	2	1.0461715315913351	9.222058442861316	230.0	27	1.05	0.95				
	223	2	0.0	0.0	0.0	0.0	2	1.0230192831583214	3.818279130056161	230.0	25	1.05	0.95				
	224	1	0.0	0.0	0.0	0.0	2	1.0064499043076205	-1.3228398085308932	230.0	26	1.05	0.95				
	301	2	71.71527997894736	14.60866814385965	0.0	0.0	3	1.0020877926637803	-10.834097394014007	138.0	31	1.05	0.95				
	302	2	64.41094590701753	13.280607403508771	0.0	0.0	3	1.002082910149898	-10.922683046252278	138.0	32	1.05	0.95				
	303	1	119.52546663157895	24.569123696491225	0.0	0.0	3	1.0164755165121453	-5.765558159697881	138.0	31	1.05	0.95				
	304	1	49.13824739298245	9.960455552631577	0.0	0.0	3	1.002508163979939	-8.624581338127618	138.0	31	1.05	0.95				
	305	1	47.14615628245613	9.29642518245614	0.0	0.0	3	1.015853605587813	-8.924165598779261	138.0	31	1.05	0.95				
	306	1	90.30813034385964	18.59285036491228	0.0	-100.0	3	1.031481032587381	-8.588867587159863	138.0	32	1.05	0.95				
	307	2	83.00379627192982	16.600759254385963	0.0	0.0	3	0.9945130264205444	-13.956223624290121	138.0	32	1.05	0.95				
	308	1	113.5491933	23.241062956140347	0.0	0.0	3	0.9982012637699623	-10.865056852105443	138.0	32	1.05	0.95				
	309	1	116.20531478070176	23.905093326315786	0.0	0.0	3	1.0271256649569906	-4.043520919543092	138.0	33	1.05	0.95				
	310	1	129.48592218421052	26.561214807017542	0.0	0.0	3	1.05	-4.891133061206331	138.0	33	1.05	0.95				
	311	1	0.0	0.0	0.0	0.0	3	1.0189868933119741	2.2626230084856984	230.0	33	1.05	0.95				
	312	1	0.0	0.0	0.0	0.0	3	1.0223642833502522	3.659543235089983	230.0	33	1.05	0.95				
	313	2	175.9680480964912	35.85763998947368	0.0	0.0	3	1.046175084198917	10.267416156776088	230.0	34	1.05	0.95				
	314	2	128.82189181403507	25.897184436842103	0.0	0.0	3	1.0224383828895598	1.7857907477805852	230.0	36	1.05	0.95				
	315	2	210.497627345614	42.497943691228066	0.0	0.0	3	1.030092207938937	-1.1008028373890042	230.0	36	1.05	0.95				
	316	2	66.40303701754385	13.280607403508771	0.0	0.0	3	1.0314932559034604	0.2133617303240008	230.0	36	1.05	0.95				
	317	1	0.0	0.0	0.0	0.0	3	1.0332923164235972	0.20646592365975644	230.0	37	1.05	0.95				
	318	2	221.12211326842103	45.15406517192982	0.0	0.0	3	1.0302876131202143	-0.5039893094872753	230.0	37	1.05	0.95				
	319	1	120.18949700175439	24.569123696491225	0.0	0.0	3	1.0322217992604	2.5988557819222344	230.0	35	1.05	0.95				
	320	1	84.99588738245613	17.264789624561402	0.0	0.0	3	1.0362502642206508	4.511894984839077	230.0	35	1.05	0.95				
	321	2	0.0	0.0	0.0	0.0	3	1.0323408746194005	-0.14984391875429456	230.0	37	1.05	0.95				
	322	2	0.0	0.0	0.0	0.0	3	1.0459099075113223	4.33112514101009	230.0	37	1.05	0.95				
	323	2	0.0	0.0	0.0	0.0	3	1.0390061706160345	5.364523908679627	230.0	35	1.05	0.95				
	324	1	0.0	0.0	0.0	0.0	3	1.0202613037069876	-1.13401339238309	230.0	36	1.05	0.95				
	325	1	0.0	0.0	0.0	0.0	3	1.039376665344342	5.7242960208251485	230.0	35	1.05	0.95				
];
