%% MATPOWER Case Format : Version 2
function mpc = RTS_GMLC
mpc.version = '2';

%%-----  Power Flow Data  -----%%
%% system MVA base
mpc.baseMVA = 100.0;
%% bus data
%    bus_i    type    Pd    Qd    Gs    Bs    area    Vm    Va    baseKV    zone    Vmax    Vmin
mpc.bus = [
	101	2	56.712023734736846	11.552449279298244	0.0	0.0	1	1.0220275670935257	-5.106774533904093	138.0	11	1.05	0.95				
	102	2	50.93579909508772	10.50222661754386	0.0	0.0	1	1.0209834088370853	-5.366342618791748	138.0	12	1.05	0.95				
	103	1	94.52003955789475	19.42911924245614	0.0	0.0	1	1.030817529594089	-0.973568442202216	138.0	11	1.05	0.95				
	104	1	38.85823848491228	7.876669963157894	0.0	0.0	1	1.018539239880011	-5.492537756592941	138.0	11	1.05	0.95				
	105	1	37.2829044922807	7.351558632280702	0.0	0.0	1	1.0294638456299934	-6.716925493524188	138.0	11	1.05	0.95				
	106	1	71.41514099929826	14.703117264561405	0.0	-100.0	1	1.040585564096214	-8.187228137312475	138.0	12	1.05	0.95				
	107	2	65.63891635964913	13.127783271929824	0.0	0.0	1	1.0008968990962523	-10.9674227888503	138.0	12	1.05	0.95				
	108	1	89.79403758	18.378896580701753	0.0	0.0	1	1.0023768375401094	-10.374895190365473	138.0	12	1.05	0.95				
	109	1	91.89448290350877	18.904007911578947	0.0	0.0	1	1.0260890106242286	-4.657546719274639	138.0	13	1.05	0.95				
	110	1	102.39670952105261	21.00445323508772	0.0	0.0	1	1.05	-6.661538792620452	138.0	13	1.05	0.95				
	111	1	0.0	0.0	0.0	0.0	1	1.010927075007402	-1.725644687211609	230.0	13	1.05	0.95				
	112	1	0.0	0.0	0.0	0.0	1	1.0116863031970345	-2.0834821771561787	230.0	13	1.05	0.95				
	113	3	139.15450268245613	28.356011867368423	0.0	0.0	1	1.0069081768989971	4.800447357126612e-28	230.0	14	1.05	0.95				
	114	2	101.87159819017543	20.47934190421053	0.0	0.0	1	1.0167815611315965	0.7715558086312877	230.0	16	1.05	0.95				
	115	2	166.46029188807017	33.60712517614035	0.0	0.0	1	1.0428158450330023	8.702685022138182	230.0	16	1.05	0.95				
	116	2	52.511133087719294	10.50222661754386	0.0	0.0	1	1.038329175584407	7.4574915800729515	230.0	16	1.05	0.95				
	117	1	0.0	0.0	0.0	0.0	1	1.043152877349132	12.283641397613625	230.0	17	1.05	0.95				
	118	2	174.86207318210526	35.70757049964913	0.0	0.0	1	1.049870343236469	13.001789608030348	230.0	17	1.05	0.95				
	119	1	95.04515088877193	19.42911924245614	0.0	0.0	1	1.0278988429123201	4.7486167724142785	230.0	15	1.05	0.95				
	120	1	67.2142503522807	13.652894602807017	0.0	0.0	1	1.0232779244522232	2.8205295574126374	230.0	15	1.05	0.95				
	121	2	0.0	0.0	0.0	0.0	1	1.05	14.40934385266126	230.0	17	1.05	0.95				
	122	2	0.0	0.0	0.0	0.0	1	1.05	26.4014741489427	230.0	17	1.05	0.95				
	123	2	0.0	0.0	0.0	0.0	1	1.0219095893671155	2.1589434288678766	230.0	15	1.05	0.95				
	124	1	0.0	0.0	0.0	0.0	1	1.0261924576465227	5.084803210118989	230.0	16	1.05	0.95				
	201	2	45.78057610105263	9.325672909473685	0.0	0.0	2	1.0115502148526159	-7.634674514662022	138.0	21	1.05	0.95				
	202	2	41.11773964631579	8.477884463157896	0.0	0.0	2	1.0107242827187262	-7.833604507796159	138.0	22	1.05	0.95				
	203	1	76.30096016842106	15.684086256842104	0.0	0.0	2	1.015277532960684	-6.360495968707065	138.0	21	1.05	0.95				
	204	1	31.368172513684208	6.358413347368421	0.0	0.0	2	1.0116704402858692	-7.090764610017982	138.0	21	1.05	0.95				
	205	1	30.096489844210524	5.934519124210526	0.0	0.0	2	1.0254167679713084	-7.298268328708287	138.0	21	1.05	0.95				
	206	1	57.64961434947369	11.869038248421052	0.0	-100.0	2	1.0412629601227494	-7.632885121095917	138.0	22	1.05	0.95				
	207	2	52.98677789473684	10.597355578947369	0.0	0.0	2	0.9943635433362412	-12.753549569132554	138.0	22	1.05	0.95				
	208	1	72.48591216	14.836297810526315	0.0	0.0	2	1.0003001650635057	-10.844100716224487	138.0	22	1.05	0.95				
	209	1	74.18148905263158	15.26019203368421	0.0	0.0	2	1.0250250492895552	-4.735356801545903	138.0	23	1.05	0.95				
	210	1	82.65937351578947	16.95576892631579	0.0	0.0	2	1.05	-5.597156041524868	138.0	23	1.05	0.95				
	211	1	0.0	0.0	0.0	0.0	2	1.0047596973940915	-2.297324996984063	230.0	23	1.05	0.95				
	212	1	0.0	0.0	0.0	0.0	2	1.0133541315312973	2.771206263070763	230.0	23	1.05	0.95				
	213	2	112.33196913684209	22.890288050526316	0.0	0.0	2	1.0018053637904096	0.3541050476204567	230.0	24	1.05	0.95				
	214	2	82.23547929263158	16.531874703157897	0.0	0.0	2	1.0006918810758463	-1.6181879619985045	230.0	26	1.05	0.95				
	215	2	134.37446874105262	27.12923028210526	0.0	0.0	2	1.0250072622813915	2.159780809902819	230.0	26	1.05	0.95				
	216	2	42.389422315789474	8.477884463157896	0.0	0.0	2	1.0235237205451697	1.911491171213578	230.0	26	1.05	0.95				
	217	1	0.0	0.0	0.0	0.0	2	1.0290262631744476	2.766778036958031	230.0	27	1.05	0.95				
	218	2	141.15677631157894	28.824807174736844	0.0	0.0	2	1.0283625885762524	2.4490899112092723	230.0	27	1.05	0.95				
	219	1	76.72485439157894	15.684086256842104	0.0	0.0	2	1.0242701699292642	2.707294744003751	230.0	25	1.05	0.95				
	220	1	54.25846056421052	11.021249802105263	0.0	0.0	2	1.0280322207915495	4.2251269947092	230.0	25	1.05	0.95				
	221	2	0.0	0.0	0.0	0.0	2	1.0304639813440473	3.1442169421299924	230.0	27	1.05	0.95				
	222	2	0.0	0.0	0.0	0.0	2	1.049999984577887	9.48836004534288	230.0	27	1.05	0.95				
	223	2	0.0	0.0	0.0	0.0	2	1.031190346080702	5.378761310350893	230.0	25	1.05	0.95				
	224	1	0.0	0.0	0.0	0.0	2	1.0107352883967828	-1.0304969588139719	230.0	26	1.05	0.95				
	301	2	56.63081303999999	11.535906359999998	0.0	0.0	3	0.9977607807533441	25.638035755732506	138.0	31	1.05	0.95				
	302	2	50.862859859999986	10.487187599999999	0.0	0.0	3	0.9974218607241734	25.60461184274944	138.0	32	1.05	0.95				
	303	1	94.38468839999999	19.401297059999997	0.0	0.0	3	1.0220220094857655	28.196396228783488	138.0	31	1.05	0.95				
	304	1	38.802594119999995	7.865390699999998	0.0	0.0	3	1.0040785949814366	27.340008299124456	138.0	31	1.05	0.95				
	305	1	37.229515979999995	7.341031319999999	0.0	0.0	3	1.0160383826981432	27.336518556680677	138.0	31	1.05	0.95				
	306	1	71.31287568	14.682062639999998	0.0	-100.0	3	1.0347206662686326	27.677603244116398	138.0	32	1.05	0.95				
	307	2	65.54492249999998	13.108984499999998	0.0	0.0	3	0.9788115453929419	25.763970213087134	138.0	32	1.05	0.95				
	308	1	89.66545397999998	18.352578299999998	0.0	0.0	3	0.9984700402922647	27.9851930832078	138.0	32	1.05	0.95				
	309	1	91.7628915	18.876937679999997	0.0	0.0	3	1.0272165659896904	30.892612441098716	138.0	33	1.05	0.95				
	310	1	102.2500791	20.974375199999997	0.0	0.0	3	1.05	30.70647699177675	138.0	33	1.05	0.95				
	311	1	0.0	0.0	0.0	0.0	3	1.0097436856773876	35.60240978023013	230.0	33	1.05	0.95				
	312	1	0.0	0.0	0.0	0.0	3	1.0190844862660062	36.198086210421025	230.0	33	1.05	0.95				
	313	2	138.95523569999997	28.315406519999996	0.0	0.0	3	1.0230260810783878	42.48102825196579	230.0	34	1.05	0.95				
	314	2	101.72571971999997	20.450015819999997	0.0	0.0	3	1.006950440727713	34.39832592327169	230.0	36	1.05	0.95				
	315	2	166.22192345999997	33.559000319999996	0.0	0.0	3	1.03911741878895	27.796209724204935	230.0	36	1.05	0.95				
	316	2	52.43593799999999	10.487187599999999	0.0	0.0	3	1.0397069696202335	28.95949331846965	230.0	36	1.05	0.95				
	317	1	0.0	0.0	0.0	0.0	3	1.05	28.562861383889473	230.0	37	1.05	0.95				
	318	2	174.61167353999997	35.65643784	0.0	0.0	3	1.049258961992717	25.869967326096855	230.0	37	1.05	0.95				
	319	1	94.90904778	19.401297059999997	0.0	0.0	3	1.0409515098767048	30.72288243091049	230.0	35	1.05	0.95				
	320	1	67.11800063999999	13.633343879999998	0.0	0.0	3	1.0426450236575477	31.669793588960268	230.0	35	1.05	0.95				
	321	2	0.0	0.0	0.0	0.0	3	1.0469969160122825	27.134019240402424	230.0	37	1.05	0.95				
	322	2	0.0	0.0	0.0	0.0	3	1.05	32.0383173049831	230.0	37	1.05	0.95				
	323	2	0.0	0.0	0.0	0.0	3	1.042380234663746	31.64991043042345	230.0	35	1.05	0.95				
	324	1	0.0	0.0	0.0	0.0	3	1.0316924233958258	30.27221745391949	230.0	36	1.05	0.95				
	325	1	0.0	0.0	0.0	0.0	3	1.0432265545952273	30.194590915612565	230.0	35	1.05	0.95				
];
