%% MATPOWER Case Format : Version 2
function mpc = RTS_GMLC
mpc.version = '2';

%%-----  Power Flow Data  -----%%
%% system MVA base
mpc.baseMVA = 100.0;
%% bus data
%    bus_i    type    Pd    Qd    Gs    Bs    area    Vm    Va    baseKV    zone    Vmax    Vmin
mpc.bus = [
	101	2	69.9515091663158	14.249381496842107	0.0	0.0	1	1.0324389416056337	-0.09667657649034227	138.0	11	1.05	0.95				
	102	2	62.826818417894735	12.953983178947368	0.0	0.0	1	1.032488414947737	-0.12604168185799594	138.0	12	1.05	0.95				
	103	1	116.58584861052633	23.96486888105263	0.0	0.0	1	1.0225182220144975	-1.906367823651141	138.0	11	1.05	0.95				
	104	1	47.92973776210526	9.715487384210526	0.0	0.0	1	1.0178698614106125	-3.2195774292577215	138.0	11	1.05	0.95				
	105	1	45.98664028526315	9.067788225263158	0.0	0.0	1	1.0325402141267086	-3.1182304837008825	138.0	11	1.05	0.95				
	106	1	88.0870856168421	18.135576450526315	0.0	-100.0	1	1.0390915371904939	-5.39992689839479	138.0	12	1.05	0.95				
	107	2	80.96239486842106	16.19247897368421	0.0	0.0	1	1.046594375599995	-0.6282255616350629	138.0	12	1.05	0.95				
	108	1	110.75655618	22.669470563157894	0.0	0.0	1	1.026303769330587	-3.8983874511576535	138.0	12	1.05	0.95				
	109	1	113.34735281578946	23.31716972210526	0.0	0.0	1	1.026501375712391	-3.1292458578878373	138.0	13	1.05	0.95				
	110	1	126.30133599473683	25.907966357894736	0.0	0.0	1	1.05	-4.135948402417533	138.0	13	1.05	0.95				
	111	1	0.0	0.0	0.0	0.0	1	1.0098966364434645	-1.0887980581941903	230.0	13	1.05	0.95				
	112	1	0.0	0.0	0.0	0.0	1	1.014109847708495	-0.04084385858047474	230.0	13	1.05	0.95				
	113	3	171.64027712105263	34.9757545831579	0.0	0.0	1	1.007746087009851	-7.569313596170967e-30	230.0	14	1.05	0.95				
	114	2	125.65363683578947	25.260267198947368	0.0	0.0	1	1.0081758556872549	0.5891579756393015	230.0	16	1.05	0.95				
	115	2	205.3206333863158	41.45274617263158	0.0	0.0	1	1.0422325291845385	6.79954179408248	230.0	16	1.05	0.95				
	116	2	64.76991589473684	12.953983178947368	0.0	0.0	1	1.039727281669994	6.825796924102331	230.0	16	1.05	0.95				
	117	1	0.0	0.0	0.0	0.0	1	1.0459185369413346	8.961919682124934	230.0	17	1.05	0.95				
	118	2	215.68381992947369	44.04354280842105	0.0	0.0	1	1.048264044566728	9.216012866214344	230.0	17	1.05	0.95				
	119	1	117.23354776947367	23.96486888105263	0.0	0.0	1	1.0349739344178863	6.368645109739291	230.0	15	1.05	0.95				
	120	1	82.90549234526316	16.84017813263158	0.0	0.0	1	1.0362587506971896	7.20484703649899	230.0	15	1.05	0.95				
	121	2	0.0	0.0	0.0	0.0	1	1.05	9.345827164904863	230.0	17	1.05	0.95				
	122	2	0.0	0.0	0.0	0.0	1	1.05	15.721655102330597	230.0	17	1.05	0.95				
	123	2	0.0	0.0	0.0	0.0	1	1.0387774917808386	8.146291167531206	230.0	15	1.05	0.95				
	124	1	0.0	0.0	0.0	0.0	1	1.0238340465987483	3.5732117059655346	230.0	16	1.05	0.95				
	201	2	69.39335747368422	14.13568392982456	0.0	0.0	2	1.0323785553736349	-7.003966515128772	138.0	21	1.05	0.95				
	202	2	62.32551550877192	12.850621754385966	0.0	0.0	2	1.0324620131678135	-7.083611123911903	138.0	22	1.05	0.95				
	203	1	115.6555957894737	23.773650245614032	0.0	0.0	2	1.0282514513559369	-4.674202638374866	138.0	21	1.05	0.95				
	204	1	47.547300491228064	9.637966315789473	0.0	0.0	2	1.0178476214970786	-9.094656083742166	138.0	21	1.05	0.95				
	205	1	45.61970722807017	8.995435228070175	0.0	0.0	2	1.0328979034989132	-9.427403791098376	138.0	21	1.05	0.95				
	206	1	87.38422792982456	17.99087045614035	0.0	-100.0	2	1.039612130519617	-11.392377565124654	138.0	22	1.05	0.95				
	207	2	80.31638596491229	16.063277192982454	0.0	0.0	2	0.9839405566911856	-21.0213530506944	138.0	22	1.05	0.95				
	208	1	109.872816	22.488588070175435	0.0	0.0	2	0.9843455596190304	-17.90611673995097	138.0	22	1.05	0.95				
	209	1	112.44294035087718	23.131119157894737	0.0	0.0	2	1.0257308102383447	-8.133459238545395	138.0	23	1.05	0.95				
	210	1	125.29356210526315	25.70124350877193	0.0	0.0	2	1.05	-9.853231656627734	138.0	23	1.05	0.95				
	211	1	0.0	0.0	0.0	0.0	2	1.0173202313657692	-4.08281071975976	230.0	23	1.05	0.95				
	212	1	0.0	0.0	0.0	0.0	2	1.0182931306330978	-3.406893317529244	230.0	23	1.05	0.95				
	213	2	170.27073824561404	34.69667873684211	0.0	0.0	2	1.0219091943172531	-1.204226000464733	230.0	24	1.05	0.95				
	214	2	124.65103101754384	25.058712421052633	0.0	0.0	2	1.0258859428504672	-1.7145579941988618	230.0	26	1.05	0.95				
	215	2	203.68235480701756	41.12198961403509	0.0	0.0	2	1.0430614690004978	5.606541386933088	230.0	26	1.05	0.95				
	216	2	64.25310877192982	12.850621754385966	0.0	0.0	2	1.0450453062689853	5.514038235393477	230.0	26	1.05	0.95				
	217	1	0.0	0.0	0.0	0.0	2	1.0476595764574579	8.797021329878444	230.0	27	1.05	0.95				
	218	2	213.9628522105263	43.69211396491228	0.0	0.0	2	1.049996580092985	9.73463285772365	230.0	27	1.05	0.95				
	219	1	116.29812687719298	23.773650245614032	0.0	0.0	2	1.0429174620275503	4.217181108396994	230.0	25	1.05	0.95				
	220	1	82.24397922807017	16.705808280701753	0.0	0.0	2	1.0465165757691839	4.2966555143298715	230.0	25	1.05	0.95				
	221	2	0.0	0.0	0.0	0.0	2	1.05	10.071790224356347	230.0	27	1.05	0.95				
	222	2	0.0	0.0	0.0	0.0	2	1.05	16.083289543513136	230.0	27	1.05	0.95				
	223	2	0.0	0.0	0.0	0.0	2	1.05	4.8086337574739675	230.0	25	1.05	0.95				
	224	1	0.0	0.0	0.0	0.0	2	1.0246568592035075	1.7721736585862873	230.0	26	1.05	0.95				
	301	2	60.132869355789474	12.249288202105264	0.0	0.0	3	1.0062416906353255	-29.525842050601064	138.0	31	1.05	0.95				
	302	2	54.00822525473684	11.135716547368423	0.0	0.0	3	1.0056241693538817	-29.659196559374248	138.0	32	1.05	0.95				
	303	1	100.22144892631579	20.601075612631583	0.0	0.0	3	1.0211363716762016	-22.65750080443518	138.0	31	1.05	0.95				
	304	1	41.202151225263165	8.351787410526317	0.0	0.0	3	1.0068815223314165	-27.73835458907487	138.0	31	1.05	0.95				
	305	1	39.53179374315789	7.795001583157895	0.0	0.0	3	1.020446889770877	-28.631323371287458	138.0	31	1.05	0.95				
	306	1	75.72287252210528	15.59000316631579	0.0	-100.0	3	1.0360010326240943	-28.758416538033106	138.0	32	1.05	0.95				
	307	2	69.59822842105264	13.919645684210527	0.0	0.0	3	1.0053778850975987	-29.640135347693615	138.0	32	1.05	0.95				
	308	1	95.21037648000001	19.487503957894738	0.0	0.0	3	1.0044854501053266	-29.40136070176005	138.0	32	1.05	0.95				
	309	1	97.4375197894737	20.04428978526316	0.0	0.0	3	1.0271011266415226	-23.899657792302552	138.0	33	1.05	0.95				
	310	1	108.5732363368421	22.271433094736846	0.0	0.0	3	1.05	-25.94978596991704	138.0	33	1.05	0.95				
	311	1	0.0	0.0	0.0	0.0	3	1.0154333465795269	-19.223097523348684	230.0	33	1.05	0.95				
	312	1	0.0	0.0	0.0	0.0	3	1.0160087008682386	-18.68610790564129	230.0	33	1.05	0.95				
	313	2	147.54824425263158	30.066434677894737	0.0	0.0	3	1.0205042700244091	-15.68384756997985	230.0	34	1.05	0.95				
	314	2	108.01645050947369	21.714647267368424	0.0	0.0	3	1.0245328370401887	-16.628136824631824	230.0	36	1.05	0.95				
	315	2	176.50110727578948	35.63429295157895	0.0	0.0	3	1.0472584498162332	-9.982843345521385	230.0	36	1.05	0.95				
	316	2	55.67858273684211	11.135716547368423	0.0	0.0	3	1.0468084532336106	-9.646446478318522	230.0	36	1.05	0.95				
	317	1	0.0	0.0	0.0	0.0	3	1.0488303350983257	-6.962582604206066	230.0	37	1.05	0.95				
	318	2	185.40968051368424	37.86143626105264	0.0	0.0	3	1.0495805958762199	-6.377461213120567	230.0	37	1.05	0.95				
	319	1	100.77823475368422	20.601075612631583	0.0	0.0	3	1.0430231577264897	-10.881751662276537	230.0	35	1.05	0.95				
	320	1	71.2685859031579	14.47643151157895	0.0	0.0	3	1.044173589595894	-10.910064842290216	230.0	35	1.05	0.95				
	321	2	0.0	0.0	0.0	0.0	3	1.05	-5.93499161461404	230.0	37	1.05	0.95				
	322	2	0.0	0.0	0.0	0.0	3	1.05	-0.5624772354400607	230.0	37	1.05	0.95				
	323	2	0.0	0.0	0.0	0.0	3	1.0458961315411273	-10.515030842448608	230.0	35	1.05	0.95				
	324	1	0.0	0.0	0.0	0.0	3	1.0214450256510534	-14.665052902031066	230.0	36	1.05	0.95				
	325	1	0.0	0.0	0.0	0.0	3	1.038903691774258	-8.895248882885708	230.0	35	1.05	0.95				
];
