%% MATPOWER Case Format : Version 2
function mpc = RTS_GMLC
mpc.version = '2';

%%-----  Power Flow Data  -----%%
%% system MVA base
mpc.baseMVA = 100.0;
%% bus data
%    bus_i    type    Pd    Qd    Gs    Bs    area    Vm    Va    baseKV    zone    Vmax    Vmin
mpc.bus = [
	101	2	49.99208312842106	10.183572489122806	0.0	0.0	1	1.0336635563456533	1.0832564297990996	138.0	11	1.05	0.95				
	102	2	44.900296883859646	9.257793171929825	0.0	0.0	1	1.0326925461064893	0.8100441302132031	138.0	12	1.05	0.95				
	103	1	83.32013854736843	17.126917368070174	0.0	0.0	1	1.0288258914154496	0.3584247457261783	138.0	11	1.05	0.95				
	104	1	34.25383473614035	6.943344878947368	0.0	0.0	1	1.0207493037520232	-1.9214609283476507	138.0	11	1.05	0.95				
	105	1	32.86516576035087	6.480455220350878	0.0	0.0	1	1.035677852572634	-1.8016211520436245	138.0	11	1.05	0.95				
	106	1	62.9529935691228	12.960910440701756	0.0	-100.0	1	1.0445664538884394	-3.923751773801408	138.0	12	1.05	0.95				
	107	2	57.861207324561406	11.572241464912281	0.0	0.0	1	0.9998071731240141	-7.890899760059755	138.0	12	1.05	0.95				
	108	1	79.15413162	16.20113805087719	0.0	0.0	1	1.0034511484319721	-7.178343143331947	138.0	12	1.05	0.95				
	109	1	81.00569025438597	16.664027709473682	0.0	0.0	1	1.0248027149537622	-2.2783313025517433	138.0	13	1.05	0.95				
	110	1	90.26348342631579	18.51558634385965	0.0	0.0	1	1.05	-3.267213067752482	138.0	13	1.05	0.95				
	111	1	0.0	0.0	0.0	0.0	1	1.0058898404125312	-0.20176384786603066	230.0	13	1.05	0.95				
	112	1	0.0	0.0	0.0	0.0	1	1.0088832285404472	-0.015255269869263538	230.0	13	1.05	0.95				
	113	3	122.66575952807017	24.99604156421053	0.0	0.0	1	0.9974264987487454	-8.131451288761695e-29	230.0	14	1.05	0.95				
	114	2	89.80059376771929	18.052696685263157	0.0	0.0	1	1.0068719747665464	2.3013546181749858	230.0	16	1.05	0.95				
	115	2	146.73602177508772	29.62493815017544	0.0	0.0	1	1.04068463041289	8.938766775924282	230.0	16	1.05	0.95				
	116	2	46.288965859649124	9.257793171929825	0.0	0.0	1	1.0374571707129447	8.528602828129394	230.0	16	1.05	0.95				
	117	1	0.0	0.0	0.0	0.0	1	1.0425558301443123	11.796482363033299	230.0	17	1.05	0.95				
	118	2	154.1422563126316	31.4764967845614	0.0	0.0	1	1.0471154763917365	11.83970601039954	230.0	17	1.05	0.95				
	119	1	83.78302820596491	17.126917368070174	0.0	0.0	1	1.0291706887127825	6.918200997215344	230.0	15	1.05	0.95				
	120	1	59.24987630035088	12.035131123508773	0.0	0.0	1	1.025653939070437	6.402605595597119	230.0	15	1.05	0.95				
	121	2	0.0	0.0	0.0	0.0	1	1.05	12.953366747791092	230.0	17	1.05	0.95				
	122	2	0.0	0.0	0.0	0.0	1	1.05	24.72001244136122	230.0	17	1.05	0.95				
	123	2	0.0	0.0	0.0	0.0	1	1.0243856691260176	6.475178005954678	230.0	15	1.05	0.95				
	124	1	0.0	0.0	0.0	0.0	1	1.0253859075942604	5.732624882909113	230.0	16	1.05	0.95				
	201	2	41.90461200000001	8.536124666666666	0.0	0.0	2	1.0217655733154447	-4.124130522647114	138.0	21	1.05	0.95				
	202	2	37.63654966666667	7.760113333333335	0.0	0.0	2	1.0222619360259484	-3.9957461875614912	138.0	22	1.05	0.95				
	203	1	69.84102000000001	14.356209666666667	0.0	0.0	2	1.0168738551216598	-4.4999481079965955	138.0	21	1.05	0.95				
	204	1	28.712419333333333	5.820085	0.0	0.0	2	1.0171877587712181	-5.174015071886773	138.0	21	1.05	0.95				
	205	1	27.548402333333332	5.432079333333334	0.0	0.0	2	1.0313017743267405	-5.304241606015832	138.0	21	1.05	0.95				
	206	1	52.768770666666676	10.864158666666668	0.0	-100.0	2	1.0448893388627551	-6.344613099175777	138.0	22	1.05	0.95				
	207	2	48.500708333333336	9.700141666666667	0.0	0.0	2	0.9929590616471815	-11.764300482276646	138.0	22	1.05	0.95				
	208	1	66.348969	13.580198333333332	0.0	0.0	2	1.000629478148487	-10.049070673819925	138.0	22	1.05	0.95				
	209	1	67.90099166666667	13.968204	0.0	0.0	2	1.0235700046709808	-4.533132150114354	138.0	23	1.05	0.95				
	210	1	75.661105	15.52022666666667	0.0	0.0	2	1.05	-5.248095271815645	138.0	23	1.05	0.95				
	211	1	0.0	0.0	0.0	0.0	2	1.0018463070499721	-2.1259226106342113	230.0	23	1.05	0.95				
	212	1	0.0	0.0	0.0	0.0	2	1.0080814626188672	-0.172120881244775	230.0	23	1.05	0.95				
	213	2	102.82150166666666	20.952306000000004	0.0	0.0	2	0.9954716985061818	-0.49770859912667154	230.0	24	1.05	0.95				
	214	2	75.27309933333333	15.132221000000001	0.0	0.0	2	0.9978748267190931	-0.6340369980529619	230.0	26	1.05	0.95				
	215	2	122.99779633333334	24.83236266666667	0.0	0.0	2	1.021392753388198	3.3779281577477667	230.0	26	1.05	0.95				
	216	2	38.80056666666667	7.760113333333335	0.0	0.0	2	1.021833144393178	3.790951945011272	230.0	26	1.05	0.95				
	217	1	0.0	0.0	0.0	0.0	2	1.027999251144547	4.973962937158355	230.0	27	1.05	0.95				
	218	2	129.20588700000002	26.384385333333338	0.0	0.0	2	1.026993887696589	4.469371874520297	230.0	27	1.05	0.95				
	219	1	70.22902566666667	14.356209666666667	0.0	0.0	2	1.0225139720433654	4.313665406247922	230.0	25	1.05	0.95				
	220	1	49.66472533333334	10.088147333333335	0.0	0.0	2	1.0256568436140223	5.52956244318265	230.0	25	1.05	0.95				
	221	2	0.0	0.0	0.0	0.0	2	1.0286547645330315	4.909937064129462	230.0	27	1.05	0.95				
	222	2	0.0	0.0	0.0	0.0	2	1.0499999766369077	11.425907578557162	230.0	27	1.05	0.95				
	223	2	0.0	0.0	0.0	0.0	2	1.0281467118131675	6.494078023727672	230.0	25	1.05	0.95				
	224	1	0.0	0.0	0.0	0.0	2	1.00979030314975	0.41259537484885145	230.0	26	1.05	0.95				
	301	2	54.76874407578948	11.156596015438597	0.0	0.0	3	1.010694541606436	-14.872065450344067	138.0	31	1.05	0.95				
	302	2	49.19044606807017	10.142360014035088	0.0	0.0	3	1.0098496767911735	-15.065280880832388	138.0	32	1.05	0.95				
	303	1	91.2812401263158	18.763366025964913	0.0	0.0	3	1.0342955907346654	-6.459495598659546	138.0	31	1.05	0.95				
	304	1	37.52673205192983	7.606770010526316	0.0	0.0	3	1.0098801844487741	-13.555750039478381	138.0	31	1.05	0.95				
	305	1	36.00537804982456	7.099652009824562	0.0	0.0	3	1.023754887264527	-14.548546620145306	138.0	31	1.05	0.95				
	306	1	68.9680480954386	14.199304019649125	0.0	-100.0	3	1.0386109899444704	-14.953079771236675	138.0	32	1.05	0.95				
	307	2	63.3897500877193	12.67795001754386	0.0	0.0	3	0.9929040164091224	-20.67591427700672	138.0	32	1.05	0.95				
	308	1	86.71717812	17.749130024561403	0.0	0.0	3	0.9961280835063263	-18.317039348969594	138.0	32	1.05	0.95				
	309	1	88.74565012280702	18.256248025263158	0.0	0.0	3	1.026509258188954	-10.247293373744542	138.0	33	1.05	0.95				
	310	1	98.88801013684211	20.284720028070176	0.0	0.0	3	1.05	-12.595337572670784	138.0	33	1.05	0.95				
	311	1	0.0	0.0	0.0	0.0	3	1.0110493924581574	-6.6903161336060535	230.0	33	1.05	0.95				
	312	1	0.0	0.0	0.0	0.0	3	1.0132141158829173	-6.241974305184721	230.0	33	1.05	0.95				
	313	2	134.38627018596492	27.38437203789474	0.0	0.0	3	1.0128740685892683	-3.408230891674937	230.0	34	1.05	0.95				
	314	2	98.38089213614035	19.77760202736842	0.0	0.0	3	1.0150005713358512	-4.761291820196085	230.0	36	1.05	0.95				
	315	2	160.75640622245612	32.45555204491228	0.0	0.0	3	1.0358928997159411	-0.7938308567441299	230.0	36	1.05	0.95				
	316	2	50.71180007017544	10.142360014035088	0.0	0.0	3	1.035236216916859	-0.28880285545091516	230.0	36	1.05	0.95				
	317	1	0.0	0.0	0.0	0.0	3	1.0415821112083168	2.437121650200698	230.0	37	1.05	0.95				
	318	2	168.87029423368423	34.4840240477193	0.0	0.0	3	1.0385529180705793	1.580199341361158	230.0	37	1.05	0.95				
	319	1	91.78835812701755	18.763366025964913	0.0	0.0	3	1.0308076675756126	-1.1315465800444857	230.0	35	1.05	0.95				
	320	1	64.91110408982456	13.185068018245616	0.0	0.0	3	1.030530856849741	-0.9991452867946758	230.0	35	1.05	0.95				
	321	2	0.0	0.0	0.0	0.0	3	1.0395615512853382	1.348376358753356	230.0	37	1.05	0.95				
	322	2	0.0	0.0	0.0	0.0	3	1.05	6.094401044989568	230.0	37	1.05	0.95				
	323	2	0.0	0.0	0.0	0.0	3	1.031168506541966	-0.5982804934940787	230.0	35	1.05	0.95				
	324	1	0.0	0.0	0.0	0.0	3	1.028280989206941	-2.3563370723372166	230.0	36	1.05	0.95				
	325	1	0.0	0.0	0.0	0.0	3	1.0290276990583844	0.5451870464227234	230.0	35	1.05	0.95				
];
