%% MATPOWER Case Format : Version 2
function mpc = RTS_GMLC
mpc.version = '2';

%%-----  Power Flow Data  -----%%
%% system MVA base
mpc.baseMVA = 100.0;
%% bus data
%    bus_i    type    Pd    Qd    Gs    Bs    area    Vm    Va    baseKV    zone    Vmax    Vmin
mpc.bus = [
	101	2	82.28253338526315	16.761256800701755	0.0	0.0	1	1.047550951997082	-1.8775412167367627	138.0	11	1.05	0.95				
	102	2	73.90190498491228	15.23750618245614	0.0	0.0	1	1.0472056439795134	-2.0039687851212746	138.0	12	1.05	0.95				
	103	1	137.13755564210527	28.189386437543856	0.0	0.0	1	1.0223314280406541	-4.599043219072906	138.0	11	1.05	0.95				
	104	1	56.37877287508771	11.428129636842105	0.0	0.0	1	1.0242697719160947	-5.249772078701089	138.0	11	1.05	0.95				
	105	1	54.0931469477193	10.6662543277193	0.0	0.0	1	1.0383857280563142	-5.464794369863355	138.0	11	1.05	0.95				
	106	1	103.61504204070175	21.3325086554386	0.0	-100.0	1	1.0390087555262106	-8.189037326843794	138.0	12	1.05	0.95				
	107	2	95.23441364035088	19.046882728070173	0.0	0.0	1	1.0292507473597448	-5.363983030729369	138.0	12	1.05	0.95				
	108	1	130.28067786	26.665635819298245	0.0	0.0	1	1.0129912566878083	-8.123463675197886	138.0	12	1.05	0.95				
	109	1	133.32817909649123	27.42751112842105	0.0	0.0	1	1.026504008919529	-5.650165115577144	138.0	13	1.05	0.95				
	110	1	148.56568527894737	30.47501236491228	0.0	0.0	1	1.05	-6.765808625400174	138.0	13	1.05	0.95				
	111	1	0.0	0.0	0.0	0.0	1	1.013231278073254	-2.9229457642398566	230.0	13	1.05	0.95				
	112	1	0.0	0.0	0.0	0.0	1	1.0157954394665147	-1.7179267765141215	230.0	13	1.05	0.95				
	113	3	201.89695691754386	41.141266692631575	0.0	0.0	1	1.0155639070447204	8.772042007795881e-31	230.0	14	1.05	0.95				
	114	2	147.80380996982456	29.713137055789474	0.0	0.0	1	1.013675022074454	-2.1454801423929264	230.0	16	1.05	0.95				
	115	2	241.5144729919298	48.76001978385965	0.0	0.0	1	1.041102802471387	3.8490944043714195	230.0	16	1.05	0.95				
	116	2	76.18753091228069	15.23750618245614	0.0	0.0	1	1.0381911121379441	3.6193855059714606	230.0	16	1.05	0.95				
	117	1	0.0	0.0	0.0	0.0	1	1.0428291347208816	5.654897866681876	230.0	17	1.05	0.95				
	118	2	253.70447793789475	51.807521020350876	0.0	0.0	1	1.0443512038624307	5.63590343881892	230.0	17	1.05	0.95				
	119	1	137.89943095122808	28.189386437543856	0.0	0.0	1	1.0319836692675601	3.1579118313568615	230.0	15	1.05	0.95				
	120	1	97.5200395677193	19.808758037192984	0.0	0.0	1	1.0330788615479582	4.080887430238103	230.0	15	1.05	0.95				
	121	2	0.0	0.0	0.0	0.0	1	1.048039334187579	7.209412336883245	230.0	17	1.05	0.95				
	122	2	0.0	0.0	0.0	0.0	1	1.05	14.064766946759125	230.0	17	1.05	0.95				
	123	2	0.0	0.0	0.0	0.0	1	1.0360997877862317	5.156201224516067	230.0	15	1.05	0.95				
	124	1	0.0	0.0	0.0	0.0	1	1.023351702841654	0.7161427323794487	230.0	16	1.05	0.95				
	201	2	61.70942861052632	12.57043916140351	0.0	0.0	2	1.0309314063012494	-4.010460433841242	138.0	21	1.05	0.95				
	202	2	55.42420902982455	11.427671964912282	0.0	0.0	2	1.0312636202322258	-3.9581120665774243	138.0	22	1.05	0.95				
	203	1	102.84904768421053	21.14119313508772	0.0	0.0	2	1.0255201042560977	-4.199790348580156	138.0	21	1.05	0.95				
	204	1	42.28238627017544	8.57075397368421	0.0	0.0	2	1.0188970743858325	-5.79318662197607	138.0	21	1.05	0.95				
	205	1	40.56823547543859	7.9993703754385965	0.0	0.0	2	1.0333153947809293	-5.917840341019272	138.0	21	1.05	0.95				
	206	1	77.7081693614035	15.998740750877193	0.0	-100.0	2	1.0415986212735944	-7.514345450462003	138.0	22	1.05	0.95				
	207	2	71.42294978070176	14.284589956140351	0.0	0.0	2	0.989531054812348	-16.058210935374262	138.0	22	1.05	0.95				
	208	1	97.7065953	19.99842593859649	0.0	0.0	2	0.9911750862373553	-13.34504299648924	138.0	22	1.05	0.95				
	209	1	99.99212969298246	20.569809536842104	0.0	0.0	2	1.0259826487328114	-4.972457763885183	138.0	23	1.05	0.95				
	210	1	111.41980165789474	22.855343929824564	0.0	0.0	2	1.05	-6.039343505736756	138.0	23	1.05	0.95				
	211	1	0.0	0.0	0.0	0.0	2	1.0103535557399828	-2.2032894332438677	230.0	23	1.05	0.95				
	212	1	0.0	0.0	0.0	0.0	2	1.0154726960550697	1.5398003830717633	230.0	23	1.05	0.95				
	213	2	151.4166535350877	30.85471430526316	0.0	0.0	2	1.0076841343168947	-0.2173883756184107	230.0	24	1.05	0.95				
	214	2	110.8484180596491	22.283960331578946	0.0	0.0	2	1.012203917033423	-0.5579675152158725	230.0	26	1.05	0.95				
	215	2	181.12860064385964	36.5685502877193	0.0	0.0	2	1.0366360828304373	5.028658913441891	230.0	26	1.05	0.95				
	216	2	57.138359824561405	11.427671964912282	0.0	0.0	2	1.0358380938703278	5.224749158828361	230.0	26	1.05	0.95				
	217	1	0.0	0.0	0.0	0.0	2	1.0414728643029552	7.220391854885007	230.0	27	1.05	0.95				
	218	2	190.2707382157895	38.85408468070175	0.0	0.0	2	1.0429514222442962	7.795051687906717	230.0	27	1.05	0.95				
	219	1	103.42043128245615	21.14119313508772	0.0	0.0	2	1.033210698096133	5.1318946302981505	230.0	25	1.05	0.95				
	220	1	73.1371005754386	14.855973554385965	0.0	0.0	2	1.035471888916837	6.145340980006634	230.0	25	1.05	0.95				
	221	2	0.0	0.0	0.0	0.0	2	1.0426779322965982	7.621865148385826	230.0	27	1.05	0.95				
	222	2	0.0	0.0	0.0	0.0	2	1.05	13.969169580328204	230.0	27	1.05	0.95				
	223	2	0.0	0.0	0.0	0.0	2	1.038239752687925	7.127952476566487	230.0	25	1.05	0.95				
	224	1	0.0	0.0	0.0	0.0	2	1.020933415976268	1.5762350396593383	230.0	26	1.05	0.95				
	301	2	69.18696613894738	14.093641250526318	0.0	0.0	3	1.0100997194433081	-12.822920381089396	138.0	31	1.05	0.95				
	302	2	62.14014551368422	12.812401136842109	0.0	0.0	3	1.009193161466861	-13.039649101354437	138.0	32	1.05	0.95				
	303	1	115.31161023157897	23.7029421031579	0.0	0.0	3	1.0341306798390633	-3.4930349569916475	138.0	31	1.05	0.95				
	304	1	47.4058842063158	9.609300852631579	0.0	0.0	3	1.0065086909240857	-11.191737369084235	138.0	31	1.05	0.95				
	305	1	45.484024035789474	8.968680795789476	0.0	0.0	3	1.0211541289961585	-11.948452686822833	138.0	31	1.05	0.95				
	306	1	87.12432773052633	17.937361591578952	0.0	-100.0	3	1.0343378773554017	-12.169590479350944	138.0	32	1.05	0.95				
	307	2	80.07750710526317	16.015501421052633	0.0	0.0	3	0.994484611087575	-18.55229129661807	138.0	32	1.05	0.95				
	308	1	109.54602972	22.421701989473686	0.0	0.0	3	0.9950974402266156	-15.516332030386547	138.0	32	1.05	0.95				
	309	1	112.10850994736843	23.062322046315792	0.0	0.0	3	1.0267979537545309	-7.064765166958211	138.0	33	1.05	0.95				
	310	1	124.92091108421053	25.624802273684217	0.0	0.0	3	1.05	-9.018493183508564	138.0	33	1.05	0.95				
	311	1	0.0	0.0	0.0	0.0	3	1.0163758584184246	-2.179083605651687	230.0	33	1.05	0.95				
	312	1	0.0	0.0	0.0	0.0	3	1.0182144500063857	-1.5136759339188661	230.0	33	1.05	0.95				
	313	2	169.7643150631579	34.59348306947369	0.0	0.0	3	1.0294844453318566	3.1077650708780764	230.0	34	1.05	0.95				
	314	2	124.28029102736843	24.984182216842107	0.0	0.0	3	1.0215355549755947	-0.9906042818181701	230.0	36	1.05	0.95				
	315	2	203.0765580189474	40.99968363789474	0.0	0.0	3	1.037750292017289	0.6575686698629221	230.0	36	1.05	0.95				
	316	2	64.06200568421053	12.812401136842109	0.0	0.0	3	1.035371225329419	0.8877043861736363	230.0	36	1.05	0.95				
	317	1	0.0	0.0	0.0	0.0	3	1.0400633686285996	2.280827294054938	230.0	37	1.05	0.95				
	318	2	213.3264789284211	43.562163865263166	0.0	0.0	3	1.039645446286619	2.269813594280732	230.0	37	1.05	0.95				
	319	1	115.95223028842108	23.7029421031579	0.0	0.0	3	1.0321942544116958	1.1933421858943714	230.0	35	1.05	0.95				
	320	1	81.99936727578948	16.65612147789474	0.0	0.0	3	1.032187932336285	1.60543618671545	230.0	35	1.05	0.95				
	321	2	0.0	0.0	0.0	0.0	3	1.042540954723943	3.1263150796979695	230.0	37	1.05	0.95				
	322	2	0.0	0.0	0.0	0.0	3	1.05	7.115903246706644	230.0	37	1.05	0.95				
	323	2	0.0	0.0	0.0	0.0	3	1.0327855822453988	1.9174158714978564	230.0	35	1.05	0.95				
	324	1	0.0	0.0	0.0	0.0	3	1.0316453302633157	0.43046406072884585	230.0	36	1.05	0.95				
	325	1	0.0	0.0	0.0	0.0	3	1.0336701753546569	2.372141327903313	230.0	35	1.05	0.95				
];
