%% MATPOWER Case Format : Version 2
function mpc = RTS_GMLC
mpc.version = '2';

%%-----  Power Flow Data  -----%%
%% system MVA base
mpc.baseMVA = 100.0;
%% bus data
%    bus_i    type    Pd    Qd    Gs    Bs    area    Vm    Va    baseKV    zone    Vmax    Vmin
mpc.bus = [
	101	2	36.59228104926316	7.453983176701754	0.0	0.0	1	1.030619572974015	3.6939508640414336	138.0	11	1.05	0.95				
	102	2	32.86528946091228	6.77634834245614	0.0	0.0	1	1.0297471864663292	3.4489335064040163	138.0	12	1.05	0.95				
	103	1	60.98713508210526	12.536244433543859	0.0	0.0	1	1.0307473039524	1.3502248289237035	138.0	11	1.05	0.95				
	104	1	25.072488867087717	5.082261256842105	0.0	0.0	1	1.021576767029452	0.239636964370882	138.0	11	1.05	0.95				
	105	1	24.056036615719297	4.743443839719299	0.0	0.0	1	1.0355100297686597	0.5422882722579844	138.0	11	1.05	0.95				
	106	1	46.07916872870175	9.486887679438597	0.0	-100.0	1	1.04706442845453	-1.6190747112729074	138.0	12	1.05	0.95				
	107	2	42.352177140350875	8.470435428070175	0.0	0.0	1	1.0002753028462692	-7.424560101365206	138.0	12	1.05	0.95				
	108	1	57.937778328	11.858609599298244	0.0	0.0	1	1.0069942105433252	-5.86886623939432	138.0	12	1.05	0.95				
	109	1	59.293047996491225	12.197427016421052	0.0	0.0	1	1.024965609453947	-0.9997986721590179	138.0	13	1.05	0.95				
	110	1	66.06939633894736	13.55269668491228	0.0	0.0	1	1.05	-1.5734985625413689	138.0	13	1.05	0.95				
	111	1	0.0	0.0	0.0	0.0	1	1.0018998071906162	0.2465390789894824	230.0	13	1.05	0.95				
	112	1	0.0	0.0	0.0	0.0	1	1.006828244388949	0.5059237134169525	230.0	13	1.05	0.95				
	113	3	89.78661553754385	18.29614052463158	0.0	0.0	1	0.9902542584919227	2.3981848506269776e-28	230.0	14	1.05	0.95				
	114	2	65.73057892182456	13.213879267789475	0.0	0.0	1	0.9986966643075541	2.1263200448118837	230.0	16	1.05	0.95				
	115	2	107.40512122792983	21.684314695859648	0.0	0.0	1	1.037668671865651	7.040799756755663	230.0	16	1.05	0.95				
	116	2	33.8817417122807	6.77634834245614	0.0	0.0	1	1.032292880809312	6.679395296727848	230.0	16	1.05	0.95				
	117	1	0.0	0.0	0.0	0.0	1	1.0417442664196146	8.253562801033288	230.0	17	1.05	0.95				
	118	2	112.82619990189473	23.039584364350876	0.0	0.0	1	1.045171237777581	8.100246937746453	230.0	17	1.05	0.95				
	119	1	61.325952499228066	12.536244433543859	0.0	0.0	1	1.0257685376554735	5.7761866495257195	230.0	15	1.05	0.95				
	120	1	43.368629391719296	8.809252845192981	0.0	0.0	1	1.0220221748648897	5.650468444478936	230.0	15	1.05	0.95				
	121	2	0.0	0.0	0.0	0.0	1	1.05	8.730620771418918	230.0	17	1.05	0.95				
	122	2	0.0	0.0	0.0	0.0	1	1.05	15.750255138183677	230.0	17	1.05	0.95				
	123	2	0.0	0.0	0.0	0.0	1	1.0200867751283786	5.8481577386221675	230.0	15	1.05	0.95				
	124	1	0.0	0.0	0.0	0.0	1	1.0271204376821523	4.909440205934266	230.0	16	1.05	0.95				
	201	2	45.865575322105265	9.342987565614035	0.0	0.0	2	1.024909936071419	-9.162143236960954	138.0	21	1.05	0.95				
	202	2	41.194081539298246	8.493625059649123	0.0	0.0	2	1.025912502601109	-8.983923284884298	138.0	22	1.05	0.95				
	203	1	76.4426255368421	15.713206360350876	0.0	0.0	2	1.0171329557908009	-7.879650068622437	138.0	21	1.05	0.95				
	204	1	31.42641272070175	6.370218794736841	0.0	0.0	2	1.017436769754547	-10.778388800818188	138.0	21	1.05	0.95				
	205	1	30.152368961754384	5.945537541754387	0.0	0.0	2	1.0322099245898588	-11.094466480864309	138.0	21	1.05	0.95				
	206	1	57.75665040561404	11.891075083508774	0.0	-100.0	2	1.0444185525576715	-12.556291879281307	138.0	22	1.05	0.95				
	207	2	53.08515662280702	10.617031324561403	0.0	0.0	2	0.9906473628006826	-18.700601952092725	138.0	22	1.05	0.95				
	208	1	72.62049426	14.863843854385964	0.0	0.0	2	0.9975474649052898	-16.789200906212216	138.0	22	1.05	0.95				
	209	1	74.31921927192982	15.28852510736842	0.0	0.0	2	1.022497070867413	-10.499505922126323	138.0	23	1.05	0.95				
	210	1	82.81284433157894	16.987250119298245	0.0	0.0	2	1.05	-11.688222287907296	138.0	23	1.05	0.95				
	211	1	0.0	0.0	0.0	0.0	2	1.0053363338901196	-7.988271030078021	230.0	23	1.05	0.95				
	212	1	0.0	0.0	0.0	0.0	2	1.009649851867356	-7.647633864573141	230.0	23	1.05	0.95				
	213	2	112.54053204035085	22.932787661052632	0.0	0.0	2	0.9993884641639309	-7.301275260651351	230.0	24	1.05	0.95				
	214	2	82.38816307859649	16.56256886631579	0.0	0.0	2	1.006264108751058	-5.372946002867286	230.0	26	1.05	0.95				
	215	2	134.62395719543858	27.17960019087719	0.0	0.0	2	1.0241784648513617	1.2971536115438063	230.0	26	1.05	0.95				
	216	2	42.46812529824561	8.493625059649123	0.0	0.0	2	1.026570332582428	0.8779311181555876	230.0	26	1.05	0.95				
	217	1	0.0	0.0	0.0	0.0	2	1.031232543593028	3.61972414527807	230.0	27	1.05	0.95				
	218	2	141.4188572431579	28.87832520280702	0.0	0.0	2	1.032245424899022	3.8063121389571517	230.0	27	1.05	0.95				
	219	1	76.86730678982457	15.713206360350876	0.0	0.0	2	1.0272621904756998	-0.32170537896907836	230.0	25	1.05	0.95				
	220	1	54.35920038175438	11.041712577543858	0.0	0.0	2	1.0308871403726438	-0.5336053992045413	230.0	25	1.05	0.95				
	221	2	0.0	0.0	0.0	0.0	2	1.0327075013757487	3.744130130244534	230.0	27	1.05	0.95				
	222	2	0.0	0.0	0.0	0.0	2	1.05	10.18995154317814	230.0	27	1.05	0.95				
	223	2	0.0	0.0	0.0	0.0	2	1.0333771784681745	-0.32710756022619725	230.0	25	1.05	0.95				
	224	1	0.0	0.0	0.0	0.0	2	1.010197375015497	-2.1500367640224898	230.0	26	1.05	0.95				
	301	2	48.260044307368425	9.83074976631579	0.0	0.0	3	1.0063131277192434	-27.903715602792417	138.0	31	1.05	0.95				
	302	2	43.34466942421053	8.937045242105263	0.0	0.0	3	1.0060450278913382	-28.024448945704666	138.0	32	1.05	0.95				
	303	1	80.43340717894738	16.533533697894736	0.0	0.0	3	1.0250526638633362	-22.200907892007844	138.0	31	1.05	0.95				
	304	1	33.06706739578947	6.702783931578947	0.0	0.0	3	1.0094791788642041	-26.56649469815461	138.0	31	1.05	0.95				
	305	1	31.726510609473685	6.255931669473686	0.0	0.0	3	1.0222981492826053	-27.319136491704057	138.0	31	1.05	0.95				
	306	1	60.771907646315796	12.511863338947371	0.0	-100.0	3	1.0394236419764726	-27.52282696165473	138.0	32	1.05	0.95				
	307	2	55.856532763157894	11.17130655263158	0.0	0.0	3	0.9923422441394311	-32.443733934764516	138.0	32	1.05	0.95				
	308	1	76.41173682	15.63982917368421	0.0	0.0	3	0.9984551870161384	-30.420076691475863	138.0	32	1.05	0.95				
	309	1	78.19914586842106	16.086681435789473	0.0	0.0	3	1.0264742184304059	-23.54645949352428	138.0	33	1.05	0.95				
	310	1	87.13619111052631	17.874090484210527	0.0	0.0	3	1.05	-25.296891332038808	138.0	33	1.05	0.95				
	311	1	0.0	0.0	0.0	0.0	3	1.009643749919385	-19.477777743813732	230.0	33	1.05	0.95				
	312	1	0.0	0.0	0.0	0.0	3	1.0133398280805612	-18.693292981389302	230.0	33	1.05	0.95				
	313	2	118.41584945789474	24.130022153684212	0.0	0.0	3	1.0137458241375956	-15.680696963823546	230.0	34	1.05	0.95				
	314	2	86.68933884842106	17.427238222105267	0.0	0.0	3	1.0111921371479191	-17.780565477382297	230.0	36	1.05	0.95				
	315	2	141.65216708736844	28.598544774736844	0.0	0.0	3	1.0352073019353267	-13.641882685674885	230.0	36	1.05	0.95				
	316	2	44.68522621052632	8.937045242105263	0.0	0.0	3	1.0355729394332793	-12.724404166400845	230.0	36	1.05	0.95				
	317	1	0.0	0.0	0.0	0.0	3	1.0396335249528186	-11.373579602822472	230.0	37	1.05	0.95				
	318	2	148.80180328105263	30.385953823157898	0.0	0.0	3	1.038686201315385	-11.320830260713985	230.0	37	1.05	0.95				
	319	1	80.88025944105264	16.533533697894736	0.0	0.0	3	1.0347294544134202	-12.942424703737666	230.0	35	1.05	0.95				
	320	1	57.19708954947369	11.618158814736844	0.0	0.0	3	1.0370169234308972	-12.274778347918431	230.0	35	1.05	0.95				
	321	2	0.0	0.0	0.0	0.0	3	1.039384394985077	-11.57708643791114	230.0	37	1.05	0.95				
	322	2	0.0	0.0	0.0	0.0	3	1.05	-7.182082619902605	230.0	37	1.05	0.95				
	323	2	0.0	0.0	0.0	0.0	3	1.0390557946730496	-11.573030213997708	230.0	35	1.05	0.95				
	324	1	0.0	0.0	0.0	0.0	3	1.0206280026543675	-16.84563323212713	230.0	36	1.05	0.95				
	325	1	0.0	0.0	0.0	0.0	3	1.0323475372810287	-9.905314034715216	230.0	35	1.05	0.95				
];
