%% MATPOWER Case Format : Version 2
function mpc = RTS_GMLC
mpc.version = '2';

%%-----  Power Flow Data  -----%%
%% system MVA base
mpc.baseMVA = 100.0;
%% bus data
%    bus_i    type    Pd    Qd    Gs    Bs    area    Vm    Va    baseKV    zone    Vmax    Vmin
mpc.bus = [
	101	2	65.68975754526316	13.381246907368421	0.0	0.0	1	1.0499999743176989	1.366312416425325	138.0	11	1.05	0.95				
	102	2	58.999134091578945	12.164769915789474	0.0	0.0	1	1.0488994978998276	1.0054842658972498	138.0	12	1.05	0.95				
	103	1	109.48292924210526	22.504824344210526	0.0	0.0	1	1.0314891283885714	-0.7319120579767732	138.0	11	1.05	0.95				
	104	1	45.00964868842105	9.123577436842105	0.0	0.0	1	1.028053481745915	-2.4782407614875437	138.0	11	1.05	0.95				
	105	1	43.18493320105263	8.515338941052631	0.0	0.0	1	1.0410511059999141	-2.814978946261268	138.0	11	1.05	0.95				
	106	1	82.72043542736841	17.030677882105262	0.0	-100.0	1	1.0434088894355433	-5.802142690625949	138.0	12	1.05	0.95				
	107	2	76.0298119736842	15.205962394736842	0.0	0.0	1	0.9995430740696976	-12.731363846539343	138.0	12	1.05	0.95				
	108	1	104.00878277999999	21.288347352631575	0.0	0.0	1	0.9975690246050415	-11.199521276177157	138.0	12	1.05	0.95				
	109	1	106.44173676315789	21.89658584842105	0.0	0.0	1	1.0256239670587834	-4.027057932921949	138.0	13	1.05	0.95				
	110	1	118.60650667894737	24.32953983157895	0.0	0.0	1	1.05	-5.2225628942959395	138.0	13	1.05	0.95				
	111	1	0.0	0.0	0.0	0.0	1	1.0098536693872255	-1.6929203521285736	230.0	13	1.05	0.95				
	112	1	0.0	0.0	0.0	0.0	1	1.0131383770216502	-1.165128143966189	230.0	13	1.05	0.95				
	113	3	161.18320138421052	32.84487877263158	0.0	0.0	1	1.007798087798127	-3.0820644977525365e-29	230.0	14	1.05	0.95				
	114	2	117.99826818315789	23.721301335789473	0.0	0.0	1	1.0096472803423806	-0.1569898837147886	230.0	16	1.05	0.95				
	115	2	192.81160316526314	38.92726373052631	0.0	0.0	1	1.040306620744677	6.348166696320437	230.0	16	1.05	0.95				
	116	2	60.82384957894737	12.164769915789474	0.0	0.0	1	1.0366956866105679	5.678301722178957	230.0	16	1.05	0.95				
	117	1	0.0	0.0	0.0	0.0	1	1.0425705336437825	8.131412810389802	230.0	17	1.05	0.95				
	118	2	202.5434190978947	41.36021771368421	0.0	0.0	1	1.0447440251064168	8.445237778930025	230.0	17	1.05	0.95				
	119	1	110.09116773789474	22.504824344210526	0.0	0.0	1	1.0297831729434883	4.452001398030175	230.0	15	1.05	0.95				
	120	1	77.85452746105263	15.814200890526314	0.0	0.0	1	1.028194907363411	4.227710655713203	230.0	15	1.05	0.95				
	121	2	0.0	0.0	0.0	0.0	1	1.048059760097326	9.874019561359795	230.0	17	1.05	0.95				
	122	2	0.0	0.0	0.0	0.0	1	1.05	15.699874288635574	230.0	17	1.05	0.95				
	123	2	0.0	0.0	0.0	0.0	1	1.0286863325107534	4.566739445256105	230.0	15	1.05	0.95				
	124	1	0.0	0.0	0.0	0.0	1	1.0277197647001717	3.697453929788241	230.0	16	1.05	0.95				
	201	2	63.154415254736854	12.86478829263158	0.0	0.0	2	1.0254886658515336	-10.037025353434323	138.0	21	1.05	0.95				
	202	2	56.72202110842105	11.695262084210528	0.0	0.0	2	1.0265355788971495	-9.814435595788362	138.0	22	1.05	0.95				
	203	1	105.25735875789475	21.636234855789475	0.0	0.0	2	1.0147423896973984	-9.423562629805344	138.0	21	1.05	0.95				
	204	1	43.27246971157895	8.771446563157895	0.0	0.0	2	1.0158026515125205	-10.784910610247058	138.0	21	1.05	0.95				
	205	1	41.518180398947365	8.18668345894737	0.0	0.0	2	1.030473704423187	-11.089655470258876	138.0	21	1.05	0.95				
	206	1	79.52778217263159	16.37336691789474	0.0	-100.0	2	1.0403164399760687	-12.192197000565582	138.0	22	1.05	0.95				
	207	2	73.09538802631579	14.61907760526316	0.0	0.0	2	0.9926300565617738	-20.604910896935205	138.0	22	1.05	0.95				
	208	1	99.99449082000001	20.46670864736842	0.0	0.0	2	0.9920502938189438	-17.804271179348273	138.0	22	1.05	0.95				
	209	1	102.33354323684212	21.051471751578948	0.0	0.0	2	1.0247435363920356	-9.186554672281892	138.0	23	1.05	0.95				
	210	1	114.02880532105264	23.390524168421056	0.0	0.0	2	1.05	-10.289860125050478	138.0	23	1.05	0.95				
	211	1	0.0	0.0	0.0	0.0	2	1.0120380277145282	-6.1083656255861385	230.0	23	1.05	0.95				
	212	1	0.0	0.0	0.0	0.0	2	1.0165976313177183	-1.344138372819846	230.0	23	1.05	0.95				
	213	2	154.96222261578947	31.577207627368427	0.0	0.0	2	1.0128255549079979	-3.6200341408056222	230.0	24	1.05	0.95				
	214	2	113.4440422168421	22.80576106421053	0.0	0.0	2	1.0143388519653953	-4.6025557473028025	230.0	26	1.05	0.95				
	215	2	185.36990403473686	37.42483866947369	0.0	0.0	2	1.030829153629893	1.2211711123454956	230.0	26	1.05	0.95				
	216	2	58.47631042105264	11.695262084210528	0.0	0.0	2	1.0309745922891744	1.1327965139938698	230.0	26	1.05	0.95				
	217	1	0.0	0.0	0.0	0.0	2	1.0349900167790402	2.851164572284361	230.0	27	1.05	0.95				
	218	2	194.7261137021053	39.763891086315795	0.0	0.0	2	1.0345278970475986	2.5913829071971737	230.0	27	1.05	0.95				
	219	1	105.84212186210526	21.636234855789475	0.0	0.0	2	1.0298964946770521	1.2930668106504422	230.0	25	1.05	0.95				
	220	1	74.84967733894737	15.203840709473685	0.0	0.0	2	1.0337579792196159	2.5572140172157654	230.0	25	1.05	0.95				
	221	2	0.0	0.0	0.0	0.0	2	1.0358997570030444	2.9226302380722586	230.0	27	1.05	0.95				
	222	2	0.0	0.0	0.0	0.0	2	1.05	9.392755614960379	230.0	27	1.05	0.95				
	223	2	0.0	0.0	0.0	0.0	2	1.0376008426649679	3.6855816551755254	230.0	25	1.05	0.95				
	224	1	0.0	0.0	0.0	0.0	2	1.011653776140922	-2.743981267705148	230.0	26	1.05	0.95				
	301	2	66.53906992421054	13.554254984561407	0.0	0.0	3	0.9990140804364565	-9.405777996611402	138.0	31	1.05	0.95				
	302	2	59.761942431929825	12.322049985964915	0.0	0.0	3	0.9988733365232275	-9.468425628494499	138.0	32	1.05	0.95				
	303	1	110.89844987368423	22.79579247403509	0.0	0.0	3	1.0151371310733064	-5.288777500127679	138.0	31	1.05	0.95				
	304	1	45.59158494807018	9.241537489473686	0.0	0.0	3	1.0022516284885405	-7.31045274520475	138.0	31	1.05	0.95				
	305	1	43.74327745017544	8.62543499017544	0.0	0.0	3	1.0151095405889687	-7.56663107167096	138.0	31	1.05	0.95				
	306	1	83.78993990456142	17.25086998035088	0.0	-100.0	3	1.0322127825609622	-7.228005888621958	138.0	32	1.05	0.95				
	307	2	77.01281241228071	15.402562482456142	0.0	0.0	3	0.9952953995835815	-11.262130329061215	138.0	32	1.05	0.95				
	308	1	105.35352738000002	21.5635874754386	0.0	0.0	3	1.0023902278374128	-8.465980383448406	138.0	32	1.05	0.95				
	309	1	107.81793737719299	22.179689974736842	0.0	0.0	3	1.0270816648843188	-3.041307548165506	138.0	33	1.05	0.95				
	310	1	120.1399873631579	24.64409997192983	0.0	0.0	3	1.05	-3.7611079480678344	138.0	33	1.05	0.95				
	311	1	0.0	0.0	0.0	0.0	3	1.016614114492491	2.7436122175198925	230.0	33	1.05	0.95				
	312	1	0.0	0.0	0.0	0.0	3	1.0211240862426385	4.318357883213839	230.0	33	1.05	0.95				
	313	2	163.26716231403512	33.26953496210527	0.0	0.0	3	1.0420982522614388	10.914706229884821	230.0	34	1.05	0.95				
	314	2	119.52388486385965	24.027997472631583	0.0	0.0	3	1.0175714209452829	1.5813989766891765	230.0	36	1.05	0.95				
	315	2	195.3044922775439	39.43055995508772	0.0	0.0	3	1.0296506835600494	-0.9576262442437694	230.0	36	1.05	0.95				
	316	2	61.61024992982457	12.322049985964915	0.0	0.0	3	1.0307994990370992	0.2768919029511269	230.0	36	1.05	0.95				
	317	1	0.0	0.0	0.0	0.0	3	1.0340430024657978	0.2097374207989772	230.0	37	1.05	0.95				
	318	2	205.16213226631584	41.89496995228071	0.0	0.0	3	1.0321435584118768	-0.3949764463329974	230.0	37	1.05	0.95				
	319	1	111.51455237298246	22.79579247403509	0.0	0.0	3	1.0313865719367887	2.778852694554889	230.0	35	1.05	0.95				
	320	1	78.86111991017545	16.018664981754387	0.0	0.0	3	1.0349585434084514	4.752105068437761	230.0	35	1.05	0.95				
	321	2	0.0	0.0	0.0	0.0	3	1.0333495543151687	-0.035163214596409795	230.0	37	1.05	0.95				
	322	2	0.0	0.0	0.0	0.0	3	1.0468335137975913	4.394167750238812	230.0	37	1.05	0.95				
	323	2	0.0	0.0	0.0	0.0	3	1.0374857547812937	5.681023550103477	230.0	35	1.05	0.95				
	324	1	0.0	0.0	0.0	0.0	3	1.01943739700129	-1.1317353765944134	230.0	36	1.05	0.95				
	325	1	0.0	0.0	0.0	0.0	3	1.038299098325953	6.039389585768326	230.0	35	1.05	0.95				
];
