%% MATPOWER Case Format : Version 2
function mpc = RTS_GMLC
mpc.version = '2';

%%-----  Power Flow Data  -----%%
%% system MVA base
mpc.baseMVA = 100.0;
%% bus data
%    bus_i    type    Pd    Qd    Gs    Bs    area    Vm    Va    baseKV    zone    Vmax    Vmin
mpc.bus = [
	101	2	36.40524492884211	7.415883226245615	0.0	0.0	1	1.010018361261929	-0.05267500076432697	138.0	11	1.05	0.95				
	102	2	32.6973033157193	6.74171202385965	0.0	0.0	1	1.0080569854566663	-0.6330648462906965	138.0	12	1.05	0.95				
	103	1	60.67540821473685	12.472167244140351	0.0	0.0	1	1.0277270322192542	2.8767880167413087	138.0	11	1.05	0.95				
	104	1	24.944334488280703	5.056284017894737	0.0	0.0	1	1.0121309753690555	-1.9648886981063525	138.0	11	1.05	0.95				
	105	1	23.933077684701754	4.719198416701755	0.0	0.0	1	1.0257072667309821	-2.124826701086878	138.0	11	1.05	0.95				
	106	1	45.84364176224562	9.43839683340351	0.0	-100.0	1	1.0426203572102581	-3.766506094693271	138.0	12	1.05	0.95				
	107	2	42.13570014912281	8.427140029824562	0.0	0.0	1	0.981185563155957	-10.944984813401446	138.0	12	1.05	0.95				
	108	1	57.641637804	11.797996041754386	0.0	0.0	1	0.9944292755273826	-8.314493130701113	138.0	12	1.05	0.95				
	109	1	58.98998020877193	12.13508164294737	0.0	0.0	1	1.0242979427434584	-1.6323637837590426	138.0	13	1.05	0.95				
	110	1	65.73169223263157	13.4834240477193	0.0	0.0	1	1.05	-3.0985380717012267	138.0	13	1.05	0.95				
	111	1	0.0	0.0	0.0	0.0	1	1.0119087243557083	0.8254884990068571	230.0	13	1.05	0.95				
	112	1	0.0	0.0	0.0	0.0	1	1.0108828793306248	-0.5452325786870963	230.0	13	1.05	0.95				
	113	3	89.32768431614035	18.202622464421054	0.0	0.0	1	0.9887261266372325	1.6893400827818168e-32	230.0	14	1.05	0.95				
	114	2	65.3946066314386	13.146338446526318	0.0	0.0	1	1.0350710867189419	4.702361455754759	230.0	16	1.05	0.95				
	115	2	106.85613557817544	21.57347847635088	0.0	0.0	1	1.0419442312988958	14.259785646451368	230.0	16	1.05	0.95				
	116	2	33.70856011929825	6.74171202385965	0.0	0.0	1	1.0406203387557242	12.296661207750953	230.0	16	1.05	0.95				
	117	1	0.0	0.0	0.0	0.0	1	1.0403885969217932	18.432325859171794	230.0	17	1.05	0.95				
	118	2	112.24950519726318	22.92182088112281	0.0	0.0	1	1.0497573533369997	19.090386307620747	230.0	17	1.05	0.95				
	119	1	61.01249381592982	12.472167244140351	0.0	0.0	1	1.0367297614975344	7.660980673219257	230.0	15	1.05	0.95				
	120	1	43.14695695270176	8.764225631017544	0.0	0.0	1	1.0401562417821733	4.280403571020034	230.0	15	1.05	0.95				
	121	2	0.0	0.0	0.0	0.0	1	1.0434521090481859	20.579462352131667	230.0	17	1.05	0.95				
	122	2	0.0	0.0	0.0	0.0	1	1.05	38.53906230821022	230.0	17	1.05	0.95				
	123	2	0.0	0.0	0.0	0.0	1	1.0431389239696467	2.683762648256346	230.0	15	1.05	0.95				
	124	1	0.0	0.0	0.0	0.0	1	1.0223830555859597	10.009817353916059	230.0	16	1.05	0.95				
	201	2	43.026601604210526	8.764678104561403	0.0	0.0	2	1.0124185743665648	-19.877069779799186	138.0	21	1.05	0.95				
	202	2	38.64426255192983	7.967889185964913	0.0	0.0	2	1.0115687207898718	-20.203366556655908	138.0	22	1.05	0.95				
	203	1	71.7110026736842	14.740594994035089	0.0	0.0	2	1.0101214851588605	-14.4649042024669	138.0	21	1.05	0.95				
	204	1	29.481189988070177	5.975916889473684	0.0	0.0	2	1.0105352043598532	-19.91195498860831	138.0	21	1.05	0.95				
	205	1	28.28600661017544	5.577522430175439	0.0	0.0	2	1.0264058096607886	-20.471860937952265	138.0	21	1.05	0.95				
	206	1	54.1816464645614	11.155044860350879	0.0	-100.0	2	1.0421710321115887	-21.313133910381367	138.0	22	1.05	0.95				
	207	2	49.799307412280704	9.959861482456141	0.0	0.0	2	0.9945361128991091	-26.033726902986572	138.0	22	1.05	0.95				
	208	1	68.12545254	13.943806075438598	0.0	0.0	2	1.0005140575088256	-24.246407629764644	138.0	22	1.05	0.95				
	209	1	69.71903037719298	14.342200534736843	0.0	0.0	2	1.0210275532609783	-18.014744067735638	138.0	23	1.05	0.95				
	210	1	77.6869195631579	15.935778371929826	0.0	0.0	2	1.05	-19.78242789619404	138.0	23	1.05	0.95				
	211	1	0.0	0.0	0.0	0.0	2	1.007844145537078	-15.18117962530433	230.0	23	1.05	0.95				
	212	1	0.0	0.0	0.0	0.0	2	1.008118481129675	-14.98429148177654	230.0	23	1.05	0.95				
	213	2	105.57453171403507	21.513300802105263	0.0	0.0	2	1.0015648281790956	-14.39565598893019	230.0	24	1.05	0.95				
	214	2	77.28852510385966	15.537383912631581	0.0	0.0	2	1.0145020960819138	-12.078570225982425	230.0	26	1.05	0.95				
	215	2	126.29104359754386	25.49724539508772	0.0	0.0	2	1.0270186148118325	-4.331101071129285	230.0	26	1.05	0.95				
	216	2	39.839445929824564	7.967889185964913	0.0	0.0	2	1.0301182767371435	-5.276144585688715	230.0	26	1.05	0.95				
	217	1	0.0	0.0	0.0	0.0	2	1.0356829384486435	-2.742947884723745	230.0	27	1.05	0.95				
	218	2	132.6653549463158	27.0908232322807	0.0	0.0	2	1.0347589248906781	-3.2659170882578694	230.0	27	1.05	0.95				
	219	1	72.10939713298245	14.740594994035089	0.0	0.0	2	1.0269297174295293	-6.660348487178623	230.0	25	1.05	0.95				
	220	1	50.99449079017544	10.358255941754386	0.0	0.0	2	1.0269828893770259	-7.088592795547175	230.0	25	1.05	0.95				
	221	2	0.0	0.0	0.0	0.0	2	1.0348208607945044	-2.820055144669819	230.0	27	1.05	0.95				
	222	2	0.0	0.0	0.0	0.0	2	1.05	3.7080936896797625	230.0	27	1.05	0.95				
	223	2	0.0	0.0	0.0	0.0	2	1.0273785415525818	-7.017123817238994	230.0	25	1.05	0.95				
	224	1	0.0	0.0	0.0	0.0	2	1.0082078216321224	-8.101461236780537	230.0	26	1.05	0.95				
	301	2	50.03669724631579	10.192660550175438	0.0	0.0	3	1.0112196883476199	0.1747263246111986	138.0	31	1.05	0.95				
	302	2	44.940366971228066	9.266055045614035	0.0	0.0	3	1.0105357768148004	-0.02462633254069794	138.0	32	1.05	0.95				
	303	1	83.39449541052632	17.142201834385965	0.0	0.0	3	1.0434496360718883	9.632564123001957	138.0	31	1.05	0.95				
	304	1	34.28440366877193	6.949541284210525	0.0	0.0	3	1.0129240776662725	1.7865282748546227	138.0	31	1.05	0.95				
	305	1	32.89449541192982	6.486238531929825	0.0	0.0	3	1.024847266324184	-0.2085097927786763	138.0	31	1.05	0.95				
	306	1	63.00917431017544	12.97247706385965	0.0	-100.0	3	1.0400646426946853	-0.9570704886293984	138.0	32	1.05	0.95				
	307	2	57.912844035087716	11.582568807017543	0.0	0.0	3	0.9922197151930965	-5.311141758712775	138.0	32	1.05	0.95				
	308	1	79.22477064	16.215596329824557	0.0	0.0	3	0.9982219997920537	-3.2067189245404193	138.0	32	1.05	0.95				
	309	1	81.0779816491228	16.67889908210526	0.0	0.0	3	1.0300652836509918	5.14529921029699	138.0	33	1.05	0.95				
	310	1	90.34403669473683	18.53211009122807	0.0	0.0	3	1.05	0.8994520722995495	138.0	33	1.05	0.95				
	311	1	0.0	0.0	0.0	0.0	3	1.0100506858886884	5.956110838465475	230.0	33	1.05	0.95				
	312	1	0.0	0.0	0.0	0.0	3	1.0132556179032397	6.511297146863758	230.0	33	1.05	0.95				
	313	2	122.77522935438596	25.018348623157895	0.0	0.0	3	1.0104064945661002	8.805109748591253	230.0	34	1.05	0.95				
	314	2	89.88073394245613	18.06880733894737	0.0	0.0	3	1.0069915639014317	6.516244282086608	230.0	36	1.05	0.95				
	315	2	146.86697247298244	29.651376145964907	0.0	0.0	3	1.0384600162631843	9.854559531734317	230.0	36	1.05	0.95				
	316	2	46.33027522807017	9.266055045614035	0.0	0.0	3	1.0349543217473103	10.067898410664784	230.0	36	1.05	0.95				
	317	1	0.0	0.0	0.0	0.0	3	1.05	14.739110678050205	230.0	37	1.05	0.95				
	318	2	154.27981650947368	31.50458715508772	0.0	0.0	3	1.0463241975542525	11.334623502046922	230.0	37	1.05	0.95				
	319	1	83.85779816280701	17.142201834385965	0.0	0.0	3	1.0256766657219227	9.365780183080263	230.0	35	1.05	0.95				
	320	1	59.302752291929814	12.045871559298245	0.0	0.0	3	1.0209355612711686	9.654600553711322	230.0	35	1.05	0.95				
	321	2	0.0	0.0	0.0	0.0	3	1.0447781762514174	11.516515127031015	230.0	37	1.05	0.95				
	322	2	0.0	0.0	0.0	0.0	3	1.05	17.123472806273867	230.0	37	1.05	0.95				
	323	2	0.0	0.0	0.0	0.0	3	1.0191260820756438	10.176717900681096	230.0	35	1.05	0.95				
	324	1	0.0	0.0	0.0	0.0	3	1.0361667445271305	9.775633318371689	230.0	36	1.05	0.95				
	325	1	0.0	0.0	0.0	0.0	3	1.0189157871191716	11.069009974682247	230.0	35	1.05	0.95				
];
