%% MATPOWER Case Format : Version 2
function mpc = RTS_GMLC
mpc.version = '2';

%%-----  Power Flow Data  -----%%
%% system MVA base
mpc.baseMVA = 100.0;
%% bus data
%    bus_i    type    Pd    Qd    Gs    Bs    area    Vm    Va    baseKV    zone    Vmax    Vmin
mpc.bus = [
	101	2	39.10390897263158	7.965611087017543	0.0	0.0	1	1.0246386724854701	0.4481966337635224	138.0	11	1.05	0.95				
	102	2	35.121103429122805	7.241464624561404	0.0	0.0	1	1.022260024173149	-0.2199499897391189	138.0	12	1.05	0.95				
	103	1	65.17318162105263	13.396709555438596	0.0	0.0	1	1.024074855554674	2.8597921140658085	138.0	11	1.05	0.95				
	104	1	26.793419110877192	5.431098468421052	0.0	0.0	1	1.01686093016797	-1.838731308167013	138.0	11	1.05	0.95				
	105	1	25.70719941719298	5.0690252371929825	0.0	0.0	1	1.0327209846829797	-1.877386071146411	138.0	11	1.05	0.95				
	106	1	49.24195944701755	10.138050474385965	0.0	-100.0	1	1.0452857785377234	-3.7058553496959608	138.0	12	1.05	0.95				
	107	2	45.25915390350877	9.051830780701755	0.0	0.0	1	0.9996609538162062	-10.802422774228502	138.0	12	1.05	0.95				
	108	1	61.91452253999999	12.672563092982456	0.0	0.0	1	1.0040602042691364	-8.332325580553167	138.0	12	1.05	0.95				
	109	1	63.36281546491228	13.034636324210524	0.0	0.0	1	1.022174465728849	-1.6613604739464023	138.0	13	1.05	0.95				
	110	1	70.60428008947368	14.482929249122808	0.0	0.0	1	1.05	-3.064796526045939	138.0	13	1.05	0.95				
	111	1	0.0	0.0	0.0	0.0	1	1.0025204210998664	0.7514489109051838	230.0	13	1.05	0.95				
	112	1	0.0	0.0	0.0	0.0	1	1.00727053090986	-0.5151587773698577	230.0	13	1.05	0.95				
	113	3	95.94940627543859	19.55195448631579	0.0	0.0	1	0.99654323805717	-4.035986192106268e-30	230.0	14	1.05	0.95				
	114	2	70.24220685824561	14.120856017894736	0.0	0.0	1	1.0020328920333992	4.65750412244888	230.0	16	1.05	0.95				
	115	2	114.77721429929824	23.17268679859649	0.0	0.0	1	1.0277827096980652	14.314761892486084	230.0	16	1.05	0.95				
	116	2	36.20732312280702	7.241464624561404	0.0	0.0	1	1.0219109073799582	12.323701095627658	230.0	16	1.05	0.95				
	117	1	0.0	0.0	0.0	0.0	1	1.0270545273552012	18.29472651116054	230.0	17	1.05	0.95				
	118	2	120.57038599894736	24.620979723508775	0.0	0.0	1	1.035423812422454	19.127810317594605	230.0	17	1.05	0.95				
	119	1	65.5352548522807	13.396709555438596	0.0	0.0	1	1.0120984735422989	7.758961720442242	230.0	15	1.05	0.95				
	120	1	46.34537359719298	9.413904011929825	0.0	0.0	1	1.0105116057732777	4.479307025015181	230.0	15	1.05	0.95				
	121	2	0.0	0.0	0.0	0.0	1	1.0347789065626407	20.808637475217107	230.0	17	1.05	0.95				
	122	2	0.0	0.0	0.0	0.0	1	1.05	35.94025971123938	230.0	17	1.05	0.95				
	123	2	0.0	0.0	0.0	0.0	1	1.010828121133761	2.9606100960268313	230.0	15	1.05	0.95				
	124	1	0.0	0.0	0.0	0.0	1	1.0122415609458764	9.99522370488238	230.0	16	1.05	0.95				
	201	2	41.25861795789474	8.404533287719298	0.0	0.0	2	1.0069823669942017	-17.870998980455443	138.0	21	1.05	0.95				
	202	2	37.05635131403508	7.640484807017545	0.0	0.0	2	1.0061344327161958	-18.18452860293815	138.0	22	1.05	0.95				
	203	1	68.76436326315789	14.134896892982454	0.0	0.0	2	1.0137774319361068	-13.184297986329833	138.0	21	1.05	0.95				
	204	1	28.269793785964907	5.7303636052631575	0.0	0.0	2	1.0093385693327013	-17.971278801984678	138.0	21	1.05	0.95				
	205	1	27.123721064912274	5.348339364912281	0.0	0.0	2	1.023853479513211	-18.468403849925224	138.0	21	1.05	0.95				
	206	1	51.9552966877193	10.696678729824562	0.0	-100.0	2	1.041304688691478	-19.29529985411081	138.0	22	1.05	0.95				
	207	2	47.753030043859646	9.55060600877193	0.0	0.0	2	0.9896992087604961	-23.76073122409125	138.0	22	1.05	0.95				
	208	1	65.3261451	13.3708484122807	0.0	0.0	2	0.9987493005127558	-22.085612870783354	138.0	22	1.05	0.95				
	209	1	66.8542420614035	13.752872652631579	0.0	0.0	2	1.0226653675745285	-16.205765555164724	138.0	23	1.05	0.95				
	210	1	74.49472686842104	15.28096961403509	0.0	0.0	2	1.05	-17.827417395511873	138.0	23	1.05	0.95				
	211	1	0.0	0.0	0.0	0.0	2	1.0057707198507615	-13.482416649268698	230.0	23	1.05	0.95				
	212	1	0.0	0.0	0.0	0.0	2	1.0142198984130004	-13.124147029463089	230.0	23	1.05	0.95				
	213	2	101.23642369298244	20.62930897894737	0.0	0.0	2	1.0053216269179335	-12.550739507163497	230.0	24	1.05	0.95				
	214	2	74.11270262807017	14.89894537368421	0.0	0.0	2	1.0037207599657685	-10.646614805894375	230.0	26	1.05	0.95				
	215	2	121.10168419122806	24.44955138245614	0.0	0.0	2	1.022244387351634	-3.5010672079514618	230.0	26	1.05	0.95				
	216	2	38.20242403508772	7.640484807017545	0.0	0.0	2	1.0251882995905637	-4.382558178992162	230.0	26	1.05	0.95				
	217	1	0.0	0.0	0.0	0.0	2	1.0265310011074003	-1.974233367109177	230.0	27	1.05	0.95				
	218	2	127.2140720368421	25.97764834385965	0.0	0.0	2	1.0262694980104812	-2.452826779816764	230.0	27	1.05	0.95				
	219	1	69.14638750350876	14.134896892982454	0.0	0.0	2	1.033953247840668	-5.437943478659246	230.0	25	1.05	0.95				
	220	1	48.89910276491228	9.932630249122806	0.0	0.0	2	1.043996012383824	-5.605640464601297	230.0	25	1.05	0.95				
	221	2	0.0	0.0	0.0	0.0	2	1.0284737236329031	-1.9992358945852422	230.0	27	1.05	0.95				
	222	2	0.0	0.0	0.0	0.0	2	1.049999670011356	4.500668090794873	230.0	27	1.05	0.95				
	223	2	0.0	0.0	0.0	0.0	2	1.0497845432410475	-5.415546125639192	230.0	25	1.05	0.95				
	224	1	0.0	0.0	0.0	0.0	2	1.0071738028896575	-7.133879460923672	230.0	26	1.05	0.95				
	301	2	46.17589369263158	9.406200567017544	0.0	0.0	3	1.0357803389657048	14.33952387566657	138.0	31	1.05	0.95				
	302	2	41.47279340912281	8.551091424561404	0.0	0.0	3	1.0326257085271382	14.007483417865142	138.0	32	1.05	0.95				
	303	1	76.95982282105264	15.819519135438595	0.0	0.0	3	1.0497077019065888	29.6475333120086	138.0	31	1.05	0.95				
	304	1	31.63903827087719	6.413318568421052	0.0	0.0	3	1.018313369373483	15.441840897635984	138.0	31	1.05	0.95				
	305	1	30.35637455719298	5.985763997192983	0.0	0.0	3	1.0378625026298032	12.802977077584986	138.0	31	1.05	0.95				
	306	1	58.14742168701754	11.971527994385966	0.0	-100.0	3	1.046265736013722	11.422515336884686	138.0	32	1.05	0.95				
	307	2	53.444321403508766	10.688864280701754	0.0	0.0	3	0.95	8.05513462692802	138.0	32	1.05	0.95				
	308	1	73.11183168	14.964409992982455	0.0	0.0	3	0.9727752862433944	9.871432743007725	138.0	32	1.05	0.95				
	309	1	74.82204996491228	15.391964564210525	0.0	0.0	3	1.0198686846309608	18.39978617335902	138.0	33	1.05	0.95				
	310	1	83.37314138947369	17.10218284912281	0.0	0.0	3	1.05	12.595373820091108	138.0	33	1.05	0.95				
	311	1	0.0	0.0	0.0	0.0	3	1.0068645811724308	15.955643192928065	230.0	33	1.05	0.95				
	312	1	0.0	0.0	0.0	0.0	3	1.0128502669972195	16.636786765764846	230.0	33	1.05	0.95				
	313	2	113.3019613754386	23.08794684631579	0.0	0.0	3	1.0092033046885345	18.14766697354591	230.0	34	1.05	0.95				
	314	2	82.94558681824562	16.674628277894737	0.0	0.0	3	0.9987165345498535	14.597683068321619	230.0	36	1.05	0.95				
	315	2	135.53479907929824	27.36349255859649	0.0	0.0	3	1.0448787664119403	15.598492227480971	230.0	36	1.05	0.95				
	316	2	42.755457122807016	8.551091424561404	0.0	0.0	3	1.0274525145351696	15.285224624607311	230.0	36	1.05	0.95				
	317	1	0.0	0.0	0.0	0.0	3	1.0478682450531034	17.14527786997494	230.0	37	1.05	0.95				
	318	2	142.3756722189474	29.07371084350877	0.0	0.0	3	1.05	14.452049808291722	230.0	37	1.05	0.95				
	319	1	77.3873773922807	15.819519135438595	0.0	0.0	3	1.0202334740351804	15.080542248372383	230.0	35	1.05	0.95				
	320	1	54.72698511719298	11.116418851929826	0.0	0.0	3	1.0168560104592952	15.747360772985468	230.0	35	1.05	0.95				
	321	2	0.0	0.0	0.0	0.0	3	1.05	15.455214660103593	230.0	37	1.05	0.95				
	322	2	0.0	0.0	0.0	0.0	3	1.05	20.46324263559073	230.0	37	1.05	0.95				
	323	2	0.0	0.0	0.0	0.0	3	1.015750917480984	16.453192900624515	230.0	35	1.05	0.95				
	324	1	0.0	0.0	0.0	0.0	3	1.0418449198103057	20.968986901653913	230.0	36	1.05	0.95				
	325	1	0.0	0.0	0.0	0.0	3	1.0172234295255633	16.832656795714367	230.0	35	1.05	0.95				
];
