%% MATPOWER Case Format : Version 2
function mpc = RTS_GMLC
mpc.version = '2';

%%-----  Power Flow Data  -----%%
%% system MVA base
mpc.baseMVA = 100.0;
%% bus data
%    bus_i    type    Pd    Qd    Gs    Bs    area    Vm    Va    baseKV    zone    Vmax    Vmin
mpc.bus = [
	101	2	52.690747149473694	10.733300345263158	0.0	0.0	1	1.0324743654669917	2.3866700267337215	138.0	11	1.05	0.95				
	102	2	47.32409697684211	9.757545768421053	0.0	0.0	1	1.0321067178281158	2.264152519427676	138.0	12	1.05	0.95				
	103	1	87.81791191578948	18.051459671578947	0.0	0.0	1	1.0270379270080874	0.2141771916006841	138.0	11	1.05	0.95				
	104	1	36.10291934315789	7.31815932631579	0.0	0.0	1	1.0201870636714343	-0.9735267761841273	138.0	11	1.05	0.95				
	105	1	34.63928747789474	6.8302820378947375	0.0	0.0	1	1.0345559838163862	-0.7656071923200255	138.0	11	1.05	0.95				
	106	1	66.35131122526316	13.660564075789475	0.0	-100.0	1	1.043479388981393	-3.0146333647249124	138.0	12	1.05	0.95				
	107	2	60.98466105263158	12.196932210526317	0.0	0.0	1	1.0259277102676914	-2.68024736206624	138.0	12	1.05	0.95				
	108	1	83.42701632	17.075705094736843	0.0	0.0	1	1.0191052119845494	-3.9432982038351003	138.0	12	1.05	0.95				
	109	1	85.37852547368422	17.563582383157893	0.0	0.0	1	1.0255822271475277	-1.644650465375819	138.0	13	1.05	0.95				
	110	1	95.13607124210527	19.515091536842107	0.0	0.0	1	1.05	-2.420298251551849	138.0	13	1.05	0.95				
	111	1	0.0	0.0	0.0	0.0	1	1.0044329105562317	-0.18167306791287693	230.0	13	1.05	0.95				
	112	1	0.0	0.0	0.0	0.0	1	1.0099024321227734	0.3895296982551867	230.0	13	1.05	0.95				
	113	3	129.28748143157895	26.345373574736847	0.0	0.0	1	0.9971828329375975	-1.6103677004909397e-29	230.0	14	1.05	0.95				
	114	2	94.64819395368421	19.027214248421053	0.0	0.0	1	1.0003326521156142	1.6340878446901768	230.0	16	1.05	0.95				
	115	2	154.6571004294737	31.22414645894737	0.0	0.0	1	1.039680334989421	7.354912338741069	230.0	16	1.05	0.95				
	116	2	48.78772884210527	9.757545768421053	0.0	0.0	1	1.035355991993866	7.034833206795664	230.0	16	1.05	0.95				
	117	1	0.0	0.0	0.0	0.0	1	1.0432984349448626	8.771324141052144	230.0	17	1.05	0.95				
	118	2	162.46313704421053	33.17565561263158	0.0	0.0	1	1.0460421261471284	8.78281011402252	230.0	17	1.05	0.95				
	119	1	88.30578920421054	18.051459671578947	0.0	0.0	1	1.0292229765816927	6.188433791231378	230.0	15	1.05	0.95				
	120	1	62.44829291789474	12.68480949894737	0.0	0.0	1	1.0275093781426974	6.393628010458789	230.0	15	1.05	0.95				
	121	2	0.0	0.0	0.0	0.0	1	1.05	9.460027067778563	230.0	17	1.05	0.95				
	122	2	0.0	0.0	0.0	0.0	1	1.05	15.70918564644668	230.0	17	1.05	0.95				
	123	2	0.0	0.0	0.0	0.0	1	1.0274406523657857	6.881006051372627	230.0	15	1.05	0.95				
	124	1	0.0	0.0	0.0	0.0	1	1.025601155495136	4.693129257570888	230.0	16	1.05	0.95				
	201	2	57.578466884210535	11.728946957894737	0.0	0.0	2	1.0326484793851314	-7.479474620169103	138.0	21	1.05	0.95				
	202	2	51.71399340526316	10.66267905263158	0.0	0.0	2	1.0328375127125118	-7.542368624445663	138.0	22	1.05	0.95				
	203	1	95.96411147368421	19.72595624736842	0.0	0.0	2	1.0229360402388878	-6.157939288654952	138.0	21	1.05	0.95				
	204	1	39.45191249473684	7.9970092894736835	0.0	0.0	2	1.0188757762360634	-9.9609001785191	138.0	21	1.05	0.95				
	205	1	37.852510636842105	7.463875336842106	0.0	0.0	2	1.0343659075181533	-10.164321515475153	138.0	21	1.05	0.95				
	206	1	72.50621755789474	14.927750673684212	0.0	-100.0	2	1.0426886435625735	-12.180423768950504	138.0	22	1.05	0.95				
	207	2	66.64174407894737	13.328348815789473	0.0	0.0	2	0.9877722745506115	-20.27565666391102	138.0	22	1.05	0.95				
	208	1	91.16590589999998	18.65968834210526	0.0	0.0	2	0.9913724498275022	-17.772952513827843	138.0	22	1.05	0.95				
	209	1	93.29844171052632	19.192822294736843	0.0	0.0	2	1.0235421165826326	-9.775505282357953	138.0	23	1.05	0.95				
	210	1	103.9611207631579	21.32535810526316	0.0	0.0	2	1.05	-11.201911510500986	138.0	23	1.05	0.95				
	211	1	0.0	0.0	0.0	0.0	2	1.0108484290508024	-6.973758098138974	230.0	23	1.05	0.95				
	212	1	0.0	0.0	0.0	0.0	2	1.0130528147111184	-6.275887229648602	230.0	23	1.05	0.95				
	213	2	141.28049744736842	28.789233442105267	0.0	0.0	2	1.0080434077131046	-5.996526850495911	230.0	24	1.05	0.95				
	214	2	103.42798681052632	20.792224152631576	0.0	0.0	2	1.0153508326287142	-4.256150008454093	230.0	26	1.05	0.95				
	215	2	169.00346298421053	34.12057296842105	0.0	0.0	2	1.0317029097574233	2.9239341642751597	230.0	26	1.05	0.95				
	216	2	53.313395263157894	10.66267905263158	0.0	0.0	2	1.034519305541268	2.8162621684120968	230.0	26	1.05	0.95				
	217	1	0.0	0.0	0.0	0.0	2	1.0383931746757407	5.736235331593027	230.0	27	1.05	0.95				
	218	2	177.53360622631578	36.25310877894737	0.0	0.0	2	1.0399775453967313	6.225589710239988	230.0	27	1.05	0.95				
	219	1	96.49724542631579	19.72595624736842	0.0	0.0	2	1.034864424302637	1.9685675538469434	230.0	25	1.05	0.95				
	220	1	68.2411459368421	13.861482768421052	0.0	0.0	2	1.0392650788624196	2.25267883544066	230.0	25	1.05	0.95				
	221	2	0.0	0.0	0.0	0.0	2	1.039600770753583	5.882190634087353	230.0	27	1.05	0.95				
	222	2	0.0	0.0	0.0	0.0	2	1.05	12.326727016784144	230.0	27	1.05	0.95				
	223	2	0.0	0.0	0.0	0.0	2	1.0427529640684985	2.803422104559885	230.0	25	1.05	0.95				
	224	1	0.0	0.0	0.0	0.0	2	1.0171010286542141	-0.48151541625736327	230.0	26	1.05	0.95				
	301	2	52.99209109894737	10.794685223859648	0.0	0.0	3	1.0083932980842922	-24.26149773677676	138.0	31	1.05	0.95				
	302	2	47.59474848701754	9.813350203508772	0.0	0.0	3	1.0077452988566382	-24.41383943625129	138.0	32	1.05	0.95				
	303	1	88.32015183157894	18.154697876491227	0.0	0.0	3	1.0280584693954173	-17.16467116966111	138.0	31	1.05	0.95				
	304	1	36.309395752982454	7.360012652631578	0.0	0.0	3	1.0093866085722436	-22.835394870750658	138.0	31	1.05	0.95				
	305	1	34.837393222456136	6.86934514245614	0.0	0.0	3	1.0227447573442574	-23.75394705146992	138.0	31	1.05	0.95				
	306	1	66.73078138385965	13.73869028491228	0.0	-100.0	3	1.0385607773205776	-24.038938575461774	138.0	32	1.05	0.95				
	307	2	61.33343877192983	12.266687754385964	0.0	0.0	3	0.9925133401314461	-29.51519143428663	138.0	32	1.05	0.95				
	308	1	83.90414424	17.17336285614035	0.0	0.0	3	0.9967085714567054	-27.250101103031295	138.0	32	1.05	0.95				
	309	1	85.86681428070176	17.66403036631579	0.0	0.0	3	1.026777744806572	-19.540308367841327	138.0	33	1.05	0.95				
	310	1	95.68016448421052	19.626700407017545	0.0	0.0	3	1.05	-21.66894234427442	138.0	33	1.05	0.95				
	311	1	0.0	0.0	0.0	0.0	3	1.0126671511613645	-15.2601643786118	230.0	33	1.05	0.95				
	312	1	0.0	0.0	0.0	0.0	3	1.0139023033265735	-14.786994903084475	230.0	33	1.05	0.95				
	313	2	130.02689019649122	26.496045549473685	0.0	0.0	3	1.0157934666762163	-11.75526363470666	230.0	34	1.05	0.95				
	314	2	95.18949697403508	19.136032896842107	0.0	0.0	3	1.019399349236768	-12.945609600934324	230.0	36	1.05	0.95				
	315	2	155.54160072561402	31.402720651228073	0.0	0.0	3	1.0434268240936144	-7.078152657835632	230.0	36	1.05	0.95				
	316	2	49.06675101754386	9.813350203508772	0.0	0.0	3	1.042246606671581	-6.755807872210285	230.0	36	1.05	0.95				
	317	1	0.0	0.0	0.0	0.0	3	1.04564847952075	-4.727475533302767	230.0	37	1.05	0.95				
	318	2	163.39228088842106	33.365390691929825	0.0	0.0	3	1.0460602240549615	-4.331291291410716	230.0	37	1.05	0.95				
	319	1	88.81081934175438	18.154697876491227	0.0	0.0	3	1.0380404151842246	-7.84983291165437	230.0	35	1.05	0.95				
	320	1	62.805441302456146	12.757355264561404	0.0	0.0	3	1.0380480329344042	-7.8695815036076215	230.0	35	1.05	0.95				
	321	2	0.0	0.0	0.0	0.0	3	1.0484578933614122	-3.727094254720928	230.0	37	1.05	0.95				
	322	2	0.0	0.0	0.0	0.0	3	1.05	0.5745118306932961	230.0	37	1.05	0.95				
	323	2	0.0	0.0	0.0	0.0	3	1.0388566722170747	-7.5124771999918085	230.0	35	1.05	0.95				
	324	1	0.0	0.0	0.0	0.0	3	1.0250452583890648	-10.8375808173258	230.0	36	1.05	0.95				
	325	1	0.0	0.0	0.0	0.0	3	1.0342250856144588	-6.106346430231092	230.0	35	1.05	0.95				
];
