%% MATPOWER Case Format : Version 2
function mpc = RTS_GMLC
mpc.version = '2';

%%-----  Power Flow Data  -----%%
%% system MVA base
mpc.baseMVA = 100.0;
%% bus data
%    bus_i    type    Pd    Qd    Gs    Bs    area    Vm    Va    baseKV    zone    Vmax    Vmin
mpc.bus = [
	101	2	39.29094507789474	8.003711034385965	0.0	0.0	1	1.040056153374147	2.704900064648475	138.0	11	1.05	0.95				
	102	2	35.289089560701754	7.276100940350877	0.0	0.0	1	1.0392522810946094	2.4317352185209975	138.0	12	1.05	0.95				
	103	1	65.4849084631579	13.460786739649123	0.0	0.0	1	1.0223436833544302	1.7375086978878658	138.0	11	1.05	0.95				
	104	1	26.921573479298246	5.457075705263158	0.0	0.0	1	1.023607920652295	-0.634367627184133	138.0	11	1.05	0.95				
	105	1	25.830158338245614	5.093270658245614	0.0	0.0	1	1.040001854629252	-0.45178487434561704	138.0	11	1.05	0.95				
	106	1	49.47748639438597	10.186541316491228	0.0	-100.0	1	1.0486977516015537	-2.6514913464094247	138.0	12	1.05	0.95				
	107	2	45.47563087719298	9.095126175438596	0.0	0.0	1	1.0021411877409199	-9.906268240872919	138.0	12	1.05	0.95				
	108	1	62.21066303999999	12.733176645614034	0.0	0.0	1	1.005728897268684	-7.719029186895706	138.0	12	1.05	0.95				
	109	1	63.66588322807017	13.096981692631578	0.0	0.0	1	1.0215430230252063	-1.6860928855450552	138.0	13	1.05	0.95				
	110	1	70.94198416842104	14.552201880701753	0.0	0.0	1	1.05	-2.5280998325241035	138.0	13	1.05	0.95				
	111	1	0.0	0.0	0.0	0.0	1	0.998465988766113	0.13085653196895117	230.0	13	1.05	0.95				
	112	1	0.0	0.0	0.0	0.0	1	1.004335903255918	-0.5405706965818815	230.0	13	1.05	0.95				
	113	3	96.40833745964912	19.64547253894737	0.0	0.0	1	0.9923696128754719	-4.589978867055969e-31	230.0	14	1.05	0.95				
	114	2	70.57817912140351	14.18839683368421	0.0	0.0	1	0.9906907070161516	2.6538327233537973	230.0	16	1.05	0.95				
	115	2	115.32619990456139	23.283523009122806	0.0	0.0	1	1.0133713517314313	9.832362419556693	230.0	16	1.05	0.95				
	116	2	36.38050470175438	7.276100940350877	0.0	0.0	1	1.0112098041620496	8.398205186527786	230.0	16	1.05	0.95				
	117	1	0.0	0.0	0.0	0.0	1	1.0174177983197186	12.878169131200327	230.0	17	1.05	0.95				
	118	2	121.14708065684209	24.738743197192985	0.0	0.0	1	1.0205465490321552	13.481152680650128	230.0	17	1.05	0.95				
	119	1	65.84871351017544	13.460786739649123	0.0	0.0	1	1.0041445820705919	5.1916989732554635	230.0	15	1.05	0.95				
	120	1	46.56704601824561	9.45893122245614	0.0	0.0	1	1.0024563934166595	3.1264943943024095	230.0	15	1.05	0.95				
	121	2	0.0	0.0	0.0	0.0	1	1.0210550481419576	14.935206090210196	230.0	17	1.05	0.95				
	122	2	0.0	0.0	0.0	0.0	1	1.05	26.118622793102958	230.0	17	1.05	0.95				
	123	2	0.0	0.0	0.0	0.0	1	1.002084107541297	2.282445910096031	230.0	15	1.05	0.95				
	124	1	0.0	0.0	0.0	0.0	1	1.0066867793397911	6.739793253999318	230.0	16	1.05	0.95				
	201	2	41.54761530947369	8.463403118596492	0.0	0.0	2	1.0115279292193506	-15.853580464026026	138.0	21	1.05	0.95				
	202	2	37.31591375017544	7.694002835087721	0.0	0.0	2	1.0106932520678693	-16.15278414164281	138.0	22	1.05	0.95				
	203	1	69.24602551578948	14.233905244912282	0.0	0.0	2	1.0137360408086113	-11.49492601699014	138.0	21	1.05	0.95				
	204	1	28.467810489824565	5.770502126315789	0.0	0.0	2	1.011186688590081	-15.858760966191024	138.0	21	1.05	0.95				
	205	1	27.313710064561402	5.385801984561405	0.0	0.0	2	1.02613725127915	-16.326368618453245	138.0	21	1.05	0.95				
	206	1	52.3192192785965	10.77160396912281	0.0	-100.0	2	1.0423623374399065	-17.085787715155394	138.0	22	1.05	0.95				
	207	2	48.08751771929825	9.61750354385965	0.0	0.0	2	0.9942130186887299	-21.627786171291234	138.0	22	1.05	0.95				
	208	1	65.78372424000001	13.46450496140351	0.0	0.0	2	1.0011952729935143	-19.92106709383462	138.0	22	1.05	0.95				
	209	1	67.32252480701754	13.849205103157894	0.0	0.0	2	1.0224041574219658	-14.018551575776652	138.0	23	1.05	0.95				
	210	1	75.01652764210527	15.388005670175442	0.0	0.0	2	1.05	-15.55757108427602	138.0	23	1.05	0.95				
	211	1	0.0	0.0	0.0	0.0	2	1.0047662151001768	-11.196666074533635	230.0	23	1.05	0.95				
	212	1	0.0	0.0	0.0	0.0	2	1.0100850447012057	-10.619598679356914	230.0	23	1.05	0.95				
	213	2	101.94553756491229	20.773807654736846	0.0	0.0	2	1.003541730099723	-10.02531700375952	230.0	24	1.05	0.95				
	214	2	74.63182750035088	15.003305528421054	0.0	0.0	2	1.0026305863880027	-8.504819432054802	230.0	26	1.05	0.95				
	215	2	121.94994493614035	24.620809072280707	0.0	0.0	2	1.0166176858993363	-1.8951482561247401	230.0	26	1.05	0.95				
	216	2	38.4700141754386	7.694002835087721	0.0	0.0	2	1.0185985578737935	-2.359807828842232	230.0	26	1.05	0.95				
	217	1	0.0	0.0	0.0	0.0	2	1.0202843318487496	-0.5590129231953469	230.0	27	1.05	0.95				
	218	2	128.10514720421054	26.15960963929825	0.0	0.0	2	1.0198958955264321	-0.993531253139834	230.0	27	1.05	0.95				
	219	1	69.63072565754386	14.233905244912282	0.0	0.0	2	1.0239890041620363	-2.902666443540637	230.0	25	1.05	0.95				
	220	1	49.241618144561414	10.002203685614036	0.0	0.0	2	1.0310491010799423	-2.6155473299312915	230.0	25	1.05	0.95				
	221	2	0.0	0.0	0.0	0.0	2	1.0223688289547597	-0.48447641199068087	230.0	27	1.05	0.95				
	222	2	0.0	0.0	0.0	0.0	2	1.0439606574765266	6.053068251952561	230.0	27	1.05	0.95				
	223	2	0.0	0.0	0.0	0.0	2	1.0353282852744075	-2.1678295193917174	230.0	25	1.05	0.95				
	224	1	0.0	0.0	0.0	0.0	2	1.0037992815541734	-5.5171509450993055	230.0	26	1.05	0.95				
	301	2	42.50300536421053	8.65801961122807	0.0	0.0	3	1.0396593320189456	5.5005776281021275	138.0	31	1.05	0.95				
	302	2	38.17399555859649	7.870926919298246	0.0	0.0	3	1.0364047731637647	5.173209681060638	138.0	32	1.05	0.95				
	303	1	70.8383422736842	14.561214800701755	0.0	0.0	3	1.0482135022496812	20.145558497898474	138.0	31	1.05	0.95				
	304	1	29.12242960140351	5.903195189473684	0.0	0.0	3	1.019973924762683	6.296998575719337	138.0	31	1.05	0.95				
	305	1	27.94179056350877	5.5096488435087725	0.0	0.0	3	1.040334598157506	4.069340527452449	138.0	31	1.05	0.95				
	306	1	53.52230305122807	11.019297687017545	0.0	-100.0	3	1.0481863040334374	2.7719870895613608	138.0	32	1.05	0.95				
	307	2	49.193293245614036	9.838658649122808	0.0	0.0	3	0.95	0.6895810688600623	138.0	32	1.05	0.95				
	308	1	67.29642516	13.77412210877193	0.0	0.0	3	0.9744452984247876	1.8358299197047663	138.0	32	1.05	0.95				
	309	1	68.87061054385964	14.167668454736843	0.0	0.0	3	1.018141830715577	8.865505736482238	138.0	33	1.05	0.95				
	310	1	76.7415374631579	15.741853838596493	0.0	0.0	3	1.05	3.8552361892653884	138.0	33	1.05	0.95				
	311	1	0.0	0.0	0.0	0.0	3	1.0039036583370335	6.689534466348361	230.0	33	1.05	0.95				
	312	1	0.0	0.0	0.0	0.0	3	1.0096305297773958	7.605924052242893	230.0	33	1.05	0.95				
	313	2	104.28978168070175	21.251502682105265	0.0	0.0	3	1.0055075611403221	9.169188189654637	230.0	34	1.05	0.95				
	314	2	76.34799111719298	15.34830749263158	0.0	0.0	3	0.9940815403565304	4.9535205331480805	230.0	36	1.05	0.95				
	315	2	124.75419167087718	25.186966141754386	0.0	0.0	3	1.0408694094975424	5.41362520400366	230.0	36	1.05	0.95				
	316	2	39.35463459649123	7.870926919298246	0.0	0.0	3	1.0200690278668811	4.922832263480759	230.0	36	1.05	0.95				
	317	1	0.0	0.0	0.0	0.0	3	1.040118506822914	5.401903165416289	230.0	37	1.05	0.95				
	318	2	131.0509332063158	26.761151525614036	0.0	0.0	3	1.046252987867482	4.421379960717592	230.0	37	1.05	0.95				
	319	1	71.23188861964913	14.561214800701755	0.0	0.0	3	1.0127188051734817	5.397459294585049	230.0	35	1.05	0.95				
	320	1	50.37393228350877	10.23220499508772	0.0	0.0	3	1.0090042740507306	6.60642460704876	230.0	35	1.05	0.95				
	321	2	0.0	0.0	0.0	0.0	3	1.05	5.272131951926315	230.0	37	1.05	0.95				
	322	2	0.0	0.0	0.0	0.0	3	1.05	9.65833464029029	230.0	37	1.05	0.95				
	323	2	0.0	0.0	0.0	0.0	3	1.0077955886564958	7.591426283002858	230.0	35	1.05	0.95				
	324	1	0.0	0.0	0.0	0.0	3	1.0383931866476899	11.049414457074267	230.0	36	1.05	0.95				
	325	1	0.0	0.0	0.0	0.0	3	1.0078698347625272	8.216085730683039	230.0	35	1.05	0.95				
];
