%% MATPOWER Case Format : Version 2
function mpc = RTS_GMLC
mpc.version = '2';

%%-----  Power Flow Data  -----%%
%% system MVA base
mpc.baseMVA = 100.0;
%% bus data
%    bus_i    type    Pd    Qd    Gs    Bs    area    Vm    Va    baseKV    zone    Vmax    Vmin
mpc.bus = [
	101	2	42.53735773894738	8.665017317192984	0.0	0.0	1	1.0275582577537055	0.7063321587091208	138.0	11	1.05	0.95				
	102	2	38.20484908035088	7.877288470175441	0.0	0.0	1	1.0256860624268231	0.20622788869592068	138.0	12	1.05	0.95				
	103	1	70.89559623157896	14.572983669824563	0.0	0.0	1	1.0337815866870361	1.5829775215222077	138.0	11	1.05	0.95				
	104	1	29.145967339649125	5.907966352631579	0.0	0.0	1	1.0218430784544699	-1.5160977732750642	138.0	11	1.05	0.95				
	105	1	27.96437406912281	5.514101929122808	0.0	0.0	1	1.0335305600877942	-2.062518136566162	138.0	11	1.05	0.95				
	106	1	53.56556159719299	11.028203858245616	0.0	-100.0	1	1.0449301361942798	-4.117202514421487	138.0	12	1.05	0.95				
	107	2	49.2330529385965	9.846610587719299	0.0	0.0	1	1.0002051393059088	-10.210030142681632	138.0	12	1.05	0.95				
	108	1	67.35081642	13.785254822807019	0.0	0.0	1	1.0047804548105943	-8.340378373830625	138.0	12	1.05	0.95				
	109	1	68.9262741140351	14.179119246315791	0.0	0.0	1	1.0251742041062906	-2.2584680044630376	138.0	13	1.05	0.95				
	110	1	76.80356258421054	15.754576940350882	0.0	0.0	1	1.05	-3.6068244103154146	138.0	13	1.05	0.95				
	111	1	0.0	0.0	0.0	0.0	1	1.004148056214839	-0.34738674471140224	230.0	13	1.05	0.95				
	112	1	0.0	0.0	0.0	0.0	1	1.0084338996956828	-1.0129647893677904	230.0	13	1.05	0.95				
	113	3	104.37407222982458	21.26867886947369	0.0	0.0	1	0.9959826782797859	1.606449991471285e-27	230.0	14	1.05	0.95				
	114	2	76.40969816070177	15.36071251684211	0.0	0.0	1	1.0029807807383395	2.0674844055479156	230.0	16	1.05	0.95				
	115	2	124.85502225228072	25.207323104561407	0.0	0.0	1	1.0405139418696596	9.121055685762578	230.0	16	1.05	0.95				
	116	2	39.386442350877196	7.877288470175441	0.0	0.0	1	1.0354217871927498	7.716845892247993	230.0	16	1.05	0.95				
	117	1	0.0	0.0	0.0	0.0	1	1.042422681558208	11.86420704461358	230.0	17	1.05	0.95				
	118	2	131.1568530284211	26.782780798596495	0.0	0.0	1	1.0475786809717158	12.742555907703531	230.0	17	1.05	0.95				
	119	1	71.28946065508774	14.572983669824563	0.0	0.0	1	1.0238837770693678	4.802580528251284	230.0	15	1.05	0.95				
	120	1	50.414646209122814	10.240475011228071	0.0	0.0	1	1.0174557269731928	2.565197500639896	230.0	15	1.05	0.95				
	121	2	0.0	0.0	0.0	0.0	1	1.049653145896667	14.118518015548538	230.0	17	1.05	0.95				
	122	2	0.0	0.0	0.0	0.0	1	1.05	21.95328963537675	230.0	17	1.05	0.95				
	123	2	0.0	0.0	0.0	0.0	1	1.0146397927682138	1.6343017738945873	230.0	15	1.05	0.95				
	124	1	0.0	0.0	0.0	0.0	1	1.0282474751403752	6.290946275044507	230.0	16	1.05	0.95				
	201	2	43.31559891789475	8.8235479277193	0.0	0.0	2	1.0163224745773898	-14.094595791016914	138.0	21	1.05	0.95				
	202	2	38.90382495403509	8.021407207017544	0.0	0.0	2	1.0154843303141956	-14.358694643867144	138.0	22	1.05	0.95				
	203	1	72.1926648631579	14.839603332982456	0.0	0.0	2	1.0142563360683359	-10.677311725067197	138.0	21	1.05	0.95				
	204	1	29.679206665964912	6.016055405263159	0.0	0.0	2	1.0131944916198434	-13.865873824993464	138.0	21	1.05	0.95				
	205	1	28.475995584912283	5.614985044912282	0.0	0.0	2	1.028321347182728	-14.254979473625598	138.0	21	1.05	0.95				
	206	1	54.54556900771931	11.229970089824564	0.0	-100.0	2	1.0430946463557824	-14.851584647815908	138.0	22	1.05	0.95				
	207	2	50.13379504385965	10.026759008771931	0.0	0.0	2	0.9987793442810148	-19.66203598405555	138.0	22	1.05	0.95				
	208	1	68.58303162	14.037462612280702	0.0	0.0	2	1.0032787706697717	-17.852733528549685	138.0	22	1.05	0.95				
	209	1	70.18731306140351	14.43853297263158	0.0	0.0	2	1.0228308205717405	-11.800584000388136	138.0	23	1.05	0.95				
	210	1	78.20872026842106	16.04281441403509	0.0	0.0	2	1.05	-13.12580114632821	138.0	23	1.05	0.95				
	211	1	0.0	0.0	0.0	0.0	2	1.0028280207314706	-9.693243946725037	230.0	23	1.05	0.95				
	212	1	0.0	0.0	0.0	0.0	2	1.00817203709065	-6.3468808327411015	230.0	23	1.05	0.95				
	213	2	106.28364549298246	21.657799458947373	0.0	0.0	2	0.9957298236693335	-8.205465129551278	230.0	24	1.05	0.95				
	214	2	77.80764990807018	15.641744053684212	0.0	0.0	2	1.0008919141770778	-8.080807274028924	230.0	26	1.05	0.95				
	215	2	127.13930423122808	25.668503062456143	0.0	0.0	2	1.0170074151994881	-2.1216925802334283	230.0	26	1.05	0.95				
	216	2	40.107036035087724	8.021407207017544	0.0	0.0	2	1.0153620351451411	-3.3139872145043276	230.0	26	1.05	0.95				
	217	1	0.0	0.0	0.0	0.0	2	1.0214000783412098	-1.2707810205679095	230.0	27	1.05	0.95				
	218	2	133.55642999684213	27.272784503859654	0.0	0.0	2	1.0213316228618972	-1.615443360275679	230.0	27	1.05	0.95				
	219	1	72.59373522350879	14.839603332982456	0.0	0.0	2	1.0114853256603127	-4.374734122878422	230.0	25	1.05	0.95				
	220	1	51.337006124912286	10.427829369122808	0.0	0.0	2	1.0109110984238252	-4.493300962012673	230.0	25	1.05	0.95				
	221	2	0.0	0.0	0.0	0.0	2	1.023447838141385	-0.9818787021640685	230.0	27	1.05	0.95				
	222	2	0.0	0.0	0.0	0.0	2	1.0452975570272753	5.45414468738492	230.0	27	1.05	0.95				
	223	2	0.0	0.0	0.0	0.0	2	1.0110550003082968	-4.239553077815997	230.0	25	1.05	0.95				
	224	1	0.0	0.0	0.0	0.0	2	1.0053976024748454	-5.349287625138809	230.0	26	1.05	0.95				
	301	2	51.43751977263158	10.478013287017543	0.0	0.0	3	1.000047361529718	2.4654363562067045	138.0	31	1.05	0.95				
	302	2	46.1985131291228	9.525466624561403	0.0	0.0	3	0.9998873297310825	2.426606170997399	138.0	32	1.05	0.95				
	303	1	85.72919962105263	17.622113255438595	0.0	0.0	3	1.0164856524413568	4.933541613393592	138.0	31	1.05	0.95				
	304	1	35.24422651087719	7.1440999684210515	0.0	0.0	3	1.0051591937778839	3.920503198710546	138.0	31	1.05	0.95				
	305	1	33.81540651719298	6.667826637192982	0.0	0.0	3	1.0180866950877312	3.998637090200041	138.0	31	1.05	0.95				
	306	1	64.77317304701754	13.335653274385963	0.0	-100.0	3	1.0368306367717415	4.2900524169877565	138.0	32	1.05	0.95				
	307	2	59.53416640350877	11.906833280701754	0.0	0.0	3	0.9934806305592461	1.2670066574207803	138.0	32	1.05	0.95				
	308	1	81.44273964	16.669566592982456	0.0	0.0	3	1.0046020304449454	3.3391505228824805	138.0	32	1.05	0.95				
	309	1	83.34783296491227	17.145839924210524	0.0	0.0	3	1.0249394660010127	7.093681830440924	138.0	33	1.05	0.95				
	310	1	92.87329958947367	19.050933249122807	0.0	0.0	3	1.05	7.052933843026916	138.0	33	1.05	0.95				
	311	1	0.0	0.0	0.0	0.0	3	1.006916584974611	11.634570489811615	230.0	33	1.05	0.95				
	312	1	0.0	0.0	0.0	0.0	3	1.0130097559560178	12.804434242195244	230.0	33	1.05	0.95				
	313	2	126.21243277543859	25.71875988631579	0.0	0.0	3	1.0152026249518706	17.582087836680284	230.0	34	1.05	0.95				
	314	2	92.3970262582456	18.57465991789474	0.0	0.0	3	1.0040833211195461	11.053444151881996	230.0	36	1.05	0.95				
	315	2	150.9786459992982	30.48149319859649	0.0	0.0	3	1.0236839804744284	6.374768667778379	230.0	36	1.05	0.95				
	316	2	47.627333122807016	9.525466624561403	0.0	0.0	3	1.0239739429000192	7.487262180591902	230.0	36	1.05	0.95				
	317	1	0.0	0.0	0.0	0.0	3	1.0289016566154852	6.536250530698196	230.0	37	1.05	0.95				
	318	2	158.59901929894735	32.38658652350877	0.0	0.0	3	1.0271389877976624	5.135137563315881	230.0	37	1.05	0.95				
	319	1	86.20547295228069	17.622113255438595	0.0	0.0	3	1.0234622566749696	10.389964505319503	230.0	35	1.05	0.95				
	320	1	60.96298639719298	12.383106611929824	0.0	0.0	3	1.0242675288224024	12.258552445811954	230.0	35	1.05	0.95				
	321	2	0.0	0.0	0.0	0.0	3	1.028035738278055	6.130864461662472	230.0	37	1.05	0.95				
	322	2	0.0	0.0	0.0	0.0	3	1.0419377549803697	10.66362107814351	230.0	37	1.05	0.95				
	323	2	0.0	0.0	0.0	0.0	3	1.0243323179120465	12.945127801371584	230.0	35	1.05	0.95				
	324	1	0.0	0.0	0.0	0.0	3	1.018815262626921	7.829390983941651	230.0	36	1.05	0.95				
	325	1	0.0	0.0	0.0	0.0	3	1.0270941732387384	13.058534988373163	230.0	35	1.05	0.95				
];
