%% MATPOWER Case Format : Version 2
function mpc = RTS_GMLC
mpc.version = '2';

%%-----  Power Flow Data  -----%%
%% system MVA base
mpc.baseMVA = 100.0;
%% bus data
%    bus_i    type    Pd    Qd    Gs    Bs    area    Vm    Va    baseKV    zone    Vmax    Vmin
mpc.bus = [
	101	2	41.22810488842105	8.39831766245614	0.0	0.0	1	1.05	7.289161518942707	138.0	11	1.05	0.95				
	102	2	37.02894605719298	7.634834238596492	0.0	0.0	1	1.0496708145270113	6.945813397428037	138.0	12	1.05	0.95				
	103	1	68.71350814736842	14.12444334140351	0.0	0.0	1	1.0341623582818307	2.3991385462880173	138.0	11	1.05	0.95				
	104	1	28.24888668280702	5.726125678947367	0.0	0.0	1	1.0313822306881892	2.6811126173233504	138.0	11	1.05	0.95				
	105	1	27.103661547017538	5.344383967017544	0.0	0.0	1	1.0432797263262878	2.671225567622344	138.0	11	1.05	0.95				
	106	1	51.91687282245614	10.688767934035088	0.0	-100.0	1	1.0493469711729513	-0.3726778981949343	138.0	12	1.05	0.95				
	107	2	47.71771399122807	9.543542798245614	0.0	0.0	1	1.0003537661451398	-5.991495454772391	138.0	12	1.05	0.95				
	108	1	65.27783274	13.360959917543857	0.0	0.0	1	1.0061558266290458	-4.925027209749932	138.0	12	1.05	0.95				
	109	1	66.8047995877193	13.742701629473682	0.0	0.0	1	1.0250555309169387	-0.4357203469733446	138.0	13	1.05	0.95				
	110	1	74.43963382631578	15.269668477192983	0.0	0.0	1	1.05	-0.8953363528145023	138.0	13	1.05	0.95				
	111	1	0.0	0.0	0.0	0.0	1	1.0026565576760804	-0.10012813624343721	230.0	13	1.05	0.95				
	112	1	0.0	0.0	0.0	0.0	1	1.0072200223248735	0.17022868271450137	230.0	13	1.05	0.95				
	113	3	101.16155366140349	20.614052444210525	0.0	0.0	1	0.9913116860711023	3.7889391385525904e-31	230.0	14	1.05	0.95				
	114	2	74.05789211438596	14.887926765263156	0.0	0.0	1	0.9974877643815829	0.49064754714204134	230.0	16	1.05	0.95				
	115	2	121.01212268175436	24.43146956350877	0.0	0.0	1	1.03456762792159	3.9442887198808965	230.0	16	1.05	0.95				
	116	2	38.174171192982456	7.634834238596492	0.0	0.0	1	1.0284118731027831	3.5672947098599868	230.0	16	1.05	0.95				
	117	1	0.0	0.0	0.0	0.0	1	1.0392946865348172	5.564928131934322	230.0	17	1.05	0.95				
	118	2	127.11999007263157	25.95843641122807	0.0	0.0	1	1.0433708182787023	5.648716365624934	230.0	17	1.05	0.95				
	119	1	69.09524985929825	14.12444334140351	0.0	0.0	1	1.0203183748405469	2.9196880496978217	230.0	15	1.05	0.95				
	120	1	48.86293912701754	9.92528451017544	0.0	0.0	1	1.0144692930811803	2.5588815065468564	230.0	15	1.05	0.95				
	121	2	0.0	0.0	0.0	0.0	1	1.0481841629888722	6.323281931261745	230.0	17	1.05	0.95				
	122	2	0.0	0.0	0.0	0.0	1	1.05	12.93869124602623	230.0	17	1.05	0.95				
	123	2	0.0	0.0	0.0	0.0	1	1.0115802515552652	2.6633758604575246	230.0	15	1.05	0.95				
	124	1	0.0	0.0	0.0	0.0	1	1.0295412364507495	3.3700837941040342	230.0	16	1.05	0.95				
	201	2	42.516606315789474	8.660790175438596	0.0	0.0	2	1.0113493984365656	-6.5690326218579065	138.0	21	1.05	0.95				
	202	2	38.18621122807017	7.873445614035088	0.0	0.0	2	1.0105601426563748	-6.795162638261578	138.0	22	1.05	0.95				
	203	1	70.86101052631578	14.56587438596491	0.0	0.0	2	1.0143578012643786	-4.569772953948573	138.0	21	1.05	0.95				
	204	1	29.13174877192982	5.905084210526315	0.0	0.0	2	1.0118103475121314	-6.262359735435833	138.0	21	1.05	0.95				
	205	1	27.950731929824556	5.511411929824562	0.0	0.0	2	1.0258385348955197	-6.523992833804514	138.0	21	1.05	0.95				
	206	1	53.539430175438596	11.022823859649124	0.0	-100.0	2	1.0421046793934814	-6.99721251554757	138.0	22	1.05	0.95				
	207	2	49.20903508771929	9.841807017543859	0.0	0.0	2	0.9946883181743676	-11.701020072131431	138.0	22	1.05	0.95				
	208	1	67.31796	13.778529824561403	0.0	0.0	2	1.0015122305901436	-9.95090753631476	138.0	22	1.05	0.95				
	209	1	68.89264912280701	14.172202105263157	0.0	0.0	2	1.0241148487883915	-4.196940643226196	138.0	23	1.05	0.95				
	210	1	76.76609473684209	15.746891228070176	0.0	0.0	2	1.05	-5.209689777279182	138.0	23	1.05	0.95				
	211	1	0.0	0.0	0.0	0.0	2	1.0028172614256161	-2.160768214916549	230.0	23	1.05	0.95				
	212	1	0.0	0.0	0.0	0.0	2	1.0124264554592013	2.171361948153584	230.0	23	1.05	0.95				
	213	2	104.32315438596491	21.258303157894737	0.0	0.0	2	0.9980135505765174	-0.21141152580686803	230.0	24	1.05	0.95				
	214	2	76.37242245614034	15.353218947368422	0.0	0.0	2	0.9976387850318683	-1.1789544293419523	230.0	26	1.05	0.95				
	215	2	124.79411298245613	25.195025964912283	0.0	0.0	2	1.0184064996429343	2.8431691829697745	230.0	26	1.05	0.95				
	216	2	39.367228070175436	7.873445614035088	0.0	0.0	2	1.018706017555412	2.593727654469839	230.0	26	1.05	0.95				
	217	1	0.0	0.0	0.0	0.0	2	1.0232875436952402	3.47787212636263	230.0	27	1.05	0.95				
	218	2	131.0928694736842	26.769715087719298	0.0	0.0	2	1.0227357816362455	3.2050390138786358	230.0	27	1.05	0.95				
	219	1	71.25468280701755	14.56587438596491	0.0	0.0	2	1.0200335944910741	2.238995037928638	230.0	25	1.05	0.95				
	220	1	50.390051929824565	10.235479298245615	0.0	0.0	2	1.0236773250796858	2.7099308034119107	230.0	25	1.05	0.95				
	221	2	0.0	0.0	0.0	0.0	2	1.0248137635712007	3.8809420380326665	230.0	27	1.05	0.95				
	222	2	0.0	0.0	0.0	0.0	2	1.046586890144794	10.255926966063416	230.0	27	1.05	0.95				
	223	2	0.0	0.0	0.0	0.0	2	1.0261896712977463	3.2715014132217206	230.0	25	1.05	0.95				
	224	1	0.0	0.0	0.0	0.0	2	1.007480243621943	0.05219119146640108	230.0	26	1.05	0.95				
	301	2	57.12622586526316	11.636823787368423	0.0	0.0	3	1.0102933117330166	-26.031002749273288	138.0	31	1.05	0.95				
	302	2	51.30781397157895	10.578930715789475	0.0	0.0	3	1.009486914884034	-26.223861588988377	138.0	32	1.05	0.95				
	303	1	95.21037644210527	19.571021824210526	0.0	0.0	3	1.0338698532882782	-17.45202149732891	138.0	31	1.05	0.95				
	304	1	39.14204364842105	7.934198036842105	0.0	0.0	3	1.0095219288193733	-24.58226794835097	138.0	31	1.05	0.95				
	305	1	37.55520404105263	7.405251501052633	0.0	0.0	3	1.0232030574298412	-25.653712026740088	138.0	31	1.05	0.95				
	306	1	71.93672886736843	14.810503002105266	0.0	-100.0	3	1.0378698844204484	-26.04655371605966	138.0	32	1.05	0.95				
	307	2	66.11831697368422	13.223663394736842	0.0	0.0	3	0.9928472021482282	-31.969686584978255	138.0	32	1.05	0.95				
	308	1	90.44985762	18.513128752631577	0.0	0.0	3	0.9953947487259098	-29.4942039912111	138.0	32	1.05	0.95				
	309	1	92.56564376315791	19.042075288421053	0.0	0.0	3	1.0271895949245127	-21.08121683700935	138.0	33	1.05	0.95				
	310	1	103.14457447894736	21.15786143157895	0.0	0.0	3	1.05	-23.577105639766955	138.0	33	1.05	0.95				
	311	1	0.0	0.0	0.0	0.0	3	1.0132198043234668	-17.208160691860602	230.0	33	1.05	0.95				
	312	1	0.0	0.0	0.0	0.0	3	1.0152783532288927	-16.511394328550193	230.0	33	1.05	0.95				
	313	2	140.1708319842105	28.56311293263158	0.0	0.0	3	1.0183587379096202	-13.397977592099233	230.0	34	1.05	0.95				
	314	2	102.6156279431579	20.628914895789475	0.0	0.0	3	1.0179021397333765	-15.384221425392614	230.0	36	1.05	0.95				
	315	2	167.67605184526315	33.85257829052632	0.0	0.0	3	1.0375309872910765	-11.194210950820318	230.0	36	1.05	0.95				
	316	2	52.89465357894737	10.578930715789475	0.0	0.0	3	1.0372294329072647	-10.61324728432279	230.0	36	1.05	0.95				
	317	1	0.0	0.0	0.0	0.0	3	1.0422652363110212	-8.060885455459577	230.0	37	1.05	0.95				
	318	2	176.13919641789474	35.968364433684215	0.0	0.0	3	1.0402730758250687	-8.32671247356119	230.0	37	1.05	0.95				
	319	1	95.73932297789474	19.571021824210526	0.0	0.0	3	1.035306102057072	-10.81601406310766	230.0	35	1.05	0.95				
	320	1	67.70515658105263	13.752609930526315	0.0	0.0	3	1.0362683107659378	-10.541771489562928	230.0	35	1.05	0.95				
	321	2	0.0	0.0	0.0	0.0	3	1.0411153170135128	-8.75010720955775	230.0	37	1.05	0.95				
	322	2	0.0	0.0	0.0	0.0	3	1.05	-4.157573690751051	230.0	37	1.05	0.95				
	323	2	0.0	0.0	0.0	0.0	3	1.0377161557616472	-10.046085923010434	230.0	35	1.05	0.95				
	324	1	0.0	0.0	0.0	0.0	3	1.0278624380625956	-13.447849300923526	230.0	36	1.05	0.95				
	325	1	0.0	0.0	0.0	0.0	3	1.0333829627113857	-8.68910732066037	230.0	35	1.05	0.95				
];
