%% MATPOWER Case Format : Version 2
function mpc = RTS_GMLC
mpc.version = '2';

%%-----  Power Flow Data  -----%%
%% system MVA base
mpc.baseMVA = 100.0;
%% bus data
%    bus_i    type    Pd    Qd    Gs    Bs    area    Vm    Va    baseKV    zone    Vmax    Vmin
mpc.bus = [
	101	2	48.08164274526316	9.79440870736842	0.0	0.0	1	1.0328730953419234	0.9420443674634471	138.0	11	1.05	0.95				
	102	2	43.184438391578944	8.904007915789474	0.0	0.0	1	1.0318867462597525	0.6529306812347578	138.0	12	1.05	0.95				
	103	1	80.13607124210526	16.472414644210527	0.0	0.0	1	1.0296403566543524	0.6163571584499284	138.0	11	1.05	0.95				
	104	1	32.944829288421055	6.678005936842105	0.0	0.0	1	1.0205127429360288	-2.206598548136962	138.0	11	1.05	0.95				
	105	1	31.60922810105263	6.232805541052632	0.0	0.0	1	1.0353787203546725	-2.1163873115229506	138.0	11	1.05	0.95				
	106	1	60.54725382736843	12.465611082105264	0.0	-100.0	1	1.0447459660894103	-4.3219563101718155	138.0	12	1.05	0.95				
	107	2	55.65004947368421	11.130009894736842	0.0	0.0	1	0.9995279656062309	-10.258543707062387	138.0	12	1.05	0.95				
	108	1	76.12926768	15.582013852631576	0.0	0.0	1	1.0028975871084362	-8.681857070252084	138.0	12	1.05	0.95				
	109	1	77.9100692631579	16.02721424842105	0.0	0.0	1	1.024535880306729	-2.7375201694240516	138.0	13	1.05	0.95				
	110	1	86.81407717894737	17.80801583157895	0.0	0.0	1	1.05	-3.811363099444248	138.0	13	1.05	0.95				
	111	1	0.0	0.0	0.0	0.0	1	1.0058489580403867	-0.3955102427555491	230.0	13	1.05	0.95				
	112	1	0.0	0.0	0.0	0.0	1	1.0089133835834077	-1.0073054195528373	230.0	13	1.05	0.95				
	113	3	117.97810488421052	24.04082137263158	0.0	0.0	1	0.9977279619664746	6.587399768398574e-32	230.0	14	1.05	0.95				
	114	2	86.36887678315789	17.362815435789475	0.0	0.0	1	1.0075517818770745	2.2471974146592846	230.0	16	1.05	0.95				
	115	2	141.12852546526315	28.492825330526315	0.0	0.0	1	1.041965583251941	10.013125980234049	230.0	16	1.05	0.95				
	116	2	44.52003957894737	8.904007915789474	0.0	0.0	1	1.035400933867343	8.583738360399233	230.0	16	1.05	0.95				
	117	1	0.0	0.0	0.0	0.0	1	1.0410311805625985	13.518856197168795	230.0	17	1.05	0.95				
	118	2	148.25173179789473	30.273626913684215	0.0	0.0	1	1.0490934480076317	14.0518966883592	230.0	17	1.05	0.95				
	119	1	80.58127163789473	16.472414644210527	0.0	0.0	1	1.0235986077997823	5.2660466821317975	230.0	15	1.05	0.95				
	120	1	56.98565066105263	11.575210290526316	0.0	0.0	1	1.0187691296468773	3.2129400580560827	230.0	15	1.05	0.95				
	121	2	0.0	0.0	0.0	0.0	1	1.05	15.610217517096007	230.0	17	1.05	0.95				
	122	2	0.0	0.0	0.0	0.0	1	1.05	29.457770461711693	230.0	17	1.05	0.95				
	123	2	0.0	0.0	0.0	0.0	1	1.0169849198936143	2.42461743184473	230.0	15	1.05	0.95				
	124	1	0.0	0.0	0.0	0.0	1	1.0255565967182276	6.501529999973756	230.0	16	1.05	0.95				
	201	2	42.24460884631579	8.605383283508774	0.0	0.0	2	1.0119556233604292	-12.664138136725372	138.0	21	1.05	0.95				
	202	2	37.941917204561406	7.823075712280703	0.0	0.0	2	1.0110672288407148	-12.931356094894545	138.0	22	1.05	0.95				
	203	1	70.40768141052632	14.472690067719299	0.0	0.0	2	1.0156986521053697	-9.316047067469867	138.0	21	1.05	0.95				
	204	1	28.945380135438597	5.867306784210527	0.0	0.0	2	1.0118097123700482	-12.523445290086118	138.0	21	1.05	0.95				
	205	1	27.771918778596493	5.4761529985964925	0.0	0.0	2	1.0262397966580965	-12.90594406521893	138.0	21	1.05	0.95				
	206	1	53.19691484350878	10.952305997192985	0.0	-100.0	2	1.0422905113007312	-13.539705324688637	138.0	22	1.05	0.95				
	207	2	48.89422320175439	9.778844640350878	0.0	0.0	2	0.9942209348029806	-18.18020343009294	138.0	22	1.05	0.95				
	208	1	66.88729734	13.69038249649123	0.0	0.0	2	1.0012008286420682	-16.44294495342529	138.0	22	1.05	0.95				
	209	1	68.45191248245615	14.081536282105263	0.0	0.0	2	1.0235262748216956	-10.567873333421671	138.0	23	1.05	0.95				
	210	1	76.27498819473685	15.646151424561406	0.0	0.0	2	1.05	-11.886443535008185	138.0	23	1.05	0.95				
	211	1	0.0	0.0	0.0	0.0	2	1.0057044661320143	-7.496342505558369	230.0	23	1.05	0.95				
	212	1	0.0	0.0	0.0	0.0	2	1.008574830972202	-6.412672979042317	230.0	23	1.05	0.95				
	213	2	103.65575318771931	21.122304423157896	0.0	0.0	2	1.0030241113014478	-5.743768251452186	230.0	24	1.05	0.95				
	214	2	75.88383440912281	15.254997638947371	0.0	0.0	2	1.0055916182062756	-5.181307868757498	230.0	26	1.05	0.95				
	215	2	123.99575003964914	25.033842279298245	0.0	0.0	2	1.0230010172119206	0.34332032296593423	230.0	26	1.05	0.95				
	216	2	39.11537856140351	7.823075712280703	0.0	0.0	2	1.0246468084065876	0.44394411117667587	230.0	26	1.05	0.95				
	217	1	0.0	0.0	0.0	0.0	2	1.028353662397637	1.5772491248286362	230.0	27	1.05	0.95				
	218	2	130.25421060947372	26.59845742175439	0.0	0.0	2	1.0274990567621602	1.1595386310738376	230.0	27	1.05	0.95				
	219	1	70.79883519614036	14.472690067719299	0.0	0.0	2	1.027258833738623	1.0713126214616686	230.0	25	1.05	0.95				
	220	1	50.06768455859649	10.169998425964915	0.0	0.0	2	1.0321288134804754	2.3742650608876685	230.0	25	1.05	0.95				
	221	2	0.0	0.0	0.0	0.0	2	1.0294101311357367	1.68617017593015	230.0	27	1.05	0.95				
	222	2	0.0	0.0	0.0	0.0	2	1.0499999905461244	8.134820230067394	230.0	27	1.05	0.95				
	223	2	0.0	0.0	0.0	0.0	2	1.0356083230165263	3.382438210682024	230.0	25	1.05	0.95				
	224	1	0.0	0.0	0.0	0.0	2	1.0083851679935774	-3.2848596003469446	230.0	26	1.05	0.95				
	301	2	45.441316042105264	9.256564378947367	0.0	0.0	3	1.009771200783594	1.946001806717011	138.0	31	1.05	0.95				
	302	2	40.81303385263158	8.41505852631579	0.0	0.0	3	1.009540397510628	1.6683118991540973	138.0	32	1.05	0.95				
	303	1	75.73552673684209	15.567858273684209	0.0	0.0	3	1.0471460251202678	12.638977187685658	138.0	31	1.05	0.95				
	304	1	31.135716547368418	6.311293894736841	0.0	0.0	3	1.0117490028245906	2.7550861652571306	138.0	31	1.05	0.95				
	305	1	29.873457768421048	5.890540968421052	0.0	0.0	3	1.0247361003612827	1.2400395977878098	138.0	31	1.05	0.95				
	306	1	57.22239797894737	11.781081936842105	0.0	-100.0	3	1.0410118326768592	0.3344901091093557	138.0	32	1.05	0.95				
	307	2	52.59411578947368	10.518823157894735	0.0	0.0	3	0.9858483808056784	-3.83240329509188	138.0	32	1.05	0.95				
	308	1	71.9487504	14.72635242105263	0.0	0.0	3	0.9955957744743914	-1.969599246235946	138.0	32	1.05	0.95				
	309	1	73.63176210526315	15.14710534736842	0.0	0.0	3	1.0263073151445843	5.3713374350742855	138.0	33	1.05	0.95				
	310	1	82.04682063157892	16.83011705263158	0.0	0.0	3	1.05	1.8926934377736433	138.0	33	1.05	0.95				
	311	1	0.0	0.0	0.0	0.0	3	1.0088011779896875	6.3847711630639905	230.0	33	1.05	0.95				
	312	1	0.0	0.0	0.0	0.0	3	1.0142630125918726	6.733064121089916	230.0	33	1.05	0.95				
	313	2	111.4995254736842	22.720658021052632	0.0	0.0	3	1.0117591410669935	9.017523016021695	230.0	34	1.05	0.95				
	314	2	81.62606770526315	16.409364126315786	0.0	0.0	3	1.0031540816954696	6.940967428156378	230.0	36	1.05	0.95				
	315	2	133.37867764210526	26.928187284210527	0.0	0.0	3	1.0395475813254673	10.436979277096388	230.0	36	1.05	0.95				
	316	2	42.07529263157894	8.41505852631579	0.0	0.0	3	1.0346089641068223	10.185666509875412	230.0	36	1.05	0.95				
	317	1	0.0	0.0	0.0	0.0	3	1.0484640793404167	14.258984669356328	230.0	37	1.05	0.95				
	318	2	140.11072446315788	28.611198989473685	0.0	0.0	3	1.0466114545170841	12.100101917573863	230.0	37	1.05	0.95				
	319	1	76.15627966315789	15.567858273684209	0.0	0.0	3	1.0270820576550155	9.199916580367367	230.0	35	1.05	0.95				
	320	1	53.85637456842105	10.939576084210525	0.0	0.0	3	1.0234344904267358	9.1565708941964	230.0	35	1.05	0.95				
	321	2	0.0	0.0	0.0	0.0	3	1.0451480283308638	12.164314765694243	230.0	37	1.05	0.95				
	322	2	0.0	0.0	0.0	0.0	3	1.05	17.32529947723549	230.0	37	1.05	0.95				
	323	2	0.0	0.0	0.0	0.0	3	1.0219481728811386	9.460487330330835	230.0	35	1.05	0.95				
	324	1	0.0	0.0	0.0	0.0	3	1.0392018376165226	11.281070100901683	230.0	36	1.05	0.95				
	325	1	0.0	0.0	0.0	0.0	3	1.023627859155843	9.999948652176187	230.0	35	1.05	0.95				
];
