%% MATPOWER Case Format : Version 2
function mpc = RTS_GMLC
mpc.version = '2';

%%-----  Power Flow Data  -----%%
%% system MVA base
mpc.baseMVA = 100.0;
%% bus data
%    bus_i    type    Pd    Qd    Gs    Bs    area    Vm    Va    baseKV    zone    Vmax    Vmin
mpc.bus = [
	101	2	70.57941612631579	14.37728847017544	0.0	0.0	1	1.0333931080756937	-0.5145892229082059	138.0	11	1.05	0.95				
	102	2	63.39077189122807	13.070262245614037	0.0	0.0	1	1.033501080157456	-0.5735077285531139	138.0	12	1.05	0.95				
	103	1	117.63236021052631	24.179985154385964	0.0	0.0	1	1.0207937042765949	-1.3359884401857376	138.0	11	1.05	0.95				
	104	1	48.35997030877193	9.802696684210526	0.0	0.0	1	1.0176898276767599	-3.7095562671898845	138.0	11	1.05	0.95				
	105	1	46.399430971929824	9.149183571929825	0.0	0.0	1	1.032850482815501	-3.691713623356544	138.0	11	1.05	0.95				
	106	1	88.87778327017544	18.29836714385965	0.0	-100.0	1	1.0390740714643925	-6.070339119806234	138.0	12	1.05	0.95				
	107	2	81.68913903508772	16.337827807017543	0.0	0.0	1	1.0469001866370387	-5.011452339786304	138.0	12	1.05	0.95				
	108	1	111.75074219999999	22.87295892982456	0.0	0.0	1	1.0264665631676342	-6.702400419733395	138.0	12	1.05	0.95				
	109	1	114.36479464912281	23.52647204210526	0.0	0.0	1	1.0255876597042357	-3.632963997384452	138.0	13	1.05	0.95				
	110	1	127.43505689473685	26.140524491228074	0.0	0.0	1	1.05	-4.85301189223083	138.0	13	1.05	0.95				
	111	1	0.0	0.0	0.0	0.0	1	1.0080427166924917	-1.044813351482756	230.0	13	1.05	0.95				
	112	1	0.0	0.0	0.0	0.0	1	1.0135881134507536	-0.6232912062612392	230.0	13	1.05	0.95				
	113	3	173.18097475438597	35.289708063157896	0.0	0.0	1	1.0088957976451132	-2.6496853477663766e-27	230.0	14	1.05	0.95				
	114	2	126.78154378245614	25.487011378947365	0.0	0.0	1	1.0044215720769447	1.3439147485507206	230.0	16	1.05	0.95				
	115	2	207.16365659298245	41.82483918596491	0.0	0.0	1	1.0384271161419745	9.276175494179396	230.0	16	1.05	0.95				
	116	2	65.35131122807017	13.070262245614037	0.0	0.0	1	1.035135756492856	8.62941974650144	230.0	16	1.05	0.95				
	117	1	0.0	0.0	0.0	0.0	1	1.0424928932919273	12.148568079287317	230.0	17	1.05	0.95				
	118	2	217.61986638947369	44.43889163508772	0.0	0.0	1	1.0471695258141038	12.702377497882583	230.0	17	1.05	0.95				
	119	1	118.28587332280702	24.179985154385964	0.0	0.0	1	1.0293532179602158	6.693299545928651	230.0	15	1.05	0.95				
	120	1	83.64967837192982	16.991340919298246	0.0	0.0	1	1.030391331428812	6.262812087230449	230.0	15	1.05	0.95				
	121	2	0.0	0.0	0.0	0.0	1	1.05	13.129304297398916	230.0	17	1.05	0.95				
	122	2	0.0	0.0	0.0	0.0	1	1.05	22.16106539534648	230.0	17	1.05	0.95				
	123	2	0.0	0.0	0.0	0.0	1	1.0325113506605064	6.518959047814742	230.0	15	1.05	0.95				
	124	1	0.0	0.0	0.0	0.0	1	1.0186174552976615	5.328812407268465	230.0	16	1.05	0.95				
	201	2	77.58728158736842	15.804816619649124	0.0	0.0	2	1.0366310503098948	-18.410947936464478	138.0	21	1.05	0.95				
	202	2	69.68487327754386	14.368015108771932	0.0	0.0	2	1.0368328831762137	-18.568028061438987	138.0	22	1.05	0.95				
	203	1	129.31213597894737	26.58082795122807	0.0	0.0	2	1.0216032810503601	-13.046234652616302	138.0	21	1.05	0.95				
	204	1	53.16165590245614	10.776011331578946	0.0	0.0	2	1.0166839099572285	-20.412571698060496	138.0	21	1.05	0.95				
	205	1	51.00645363614035	10.057610576140352	0.0	0.0	2	1.0339698585160597	-21.01788315906243	138.0	21	1.05	0.95				
	206	1	97.70250273964913	20.115221152280704	0.0	-100.0	2	1.0383919589484414	-23.165215905970378	138.0	22	1.05	0.95				
	207	2	89.80009442982457	17.960018885964914	0.0	0.0	2	0.9649233677547726	-33.86547991198984	138.0	22	1.05	0.95				
	208	1	122.84652918	25.144026440350874	0.0	0.0	2	0.9685188005141426	-30.30046804206892	138.0	22	1.05	0.95				
	209	1	125.7201322017544	25.862427195789472	0.0	0.0	2	1.022800599344982	-19.009798008580077	138.0	23	1.05	0.95				
	210	1	140.08814731052632	28.736030217543863	0.0	0.0	2	1.05	-21.405734218797676	138.0	23	1.05	0.95				
	211	1	0.0	0.0	0.0	0.0	2	1.0270700315091523	-14.906562835198832	230.0	23	1.05	0.95				
	212	1	0.0	0.0	0.0	0.0	2	1.0209888765286466	-14.30792952502479	230.0	23	1.05	0.95				
	213	2	190.37620019122807	38.79364079368421	0.0	0.0	2	1.0362713081976755	-13.381898426127073	230.0	24	1.05	0.95				
	214	2	139.36974655508772	28.017629462105266	0.0	0.0	2	1.0446225133348328	-11.124245346741215	230.0	26	1.05	0.95				
	215	2	227.73303947403508	45.977648348070176	0.0	0.0	2	1.0419644013082106	-0.372837976154431	230.0	26	1.05	0.95				
	216	2	71.84007554385965	14.368015108771932	0.0	0.0	2	1.045351274195308	-1.3022970888993115	230.0	26	1.05	0.95				
	217	1	0.0	0.0	0.0	0.0	2	1.0460066579273148	3.032306389969648	230.0	27	1.05	0.95				
	218	2	239.22745156105262	48.85125136982457	0.0	0.0	2	1.049069755260951	3.7802378513846757	230.0	27	1.05	0.95				
	219	1	130.03053673438595	26.58082795122807	0.0	0.0	2	1.0422091125892925	-3.108105139873208	230.0	25	1.05	0.95				
	220	1	91.95529669614035	18.678419641403508	0.0	0.0	2	1.046069925101825	-3.3294619702598287	230.0	25	1.05	0.95				
	221	2	0.0	0.0	0.0	0.0	2	1.05	4.11345735928719	230.0	27	1.05	0.95				
	222	2	0.0	0.0	0.0	0.0	2	1.05	10.200702527203118	230.0	27	1.05	0.95				
	223	2	0.0	0.0	0.0	0.0	2	1.05	-2.9276940388152686	230.0	25	1.05	0.95				
	224	1	0.0	0.0	0.0	0.0	2	1.018376125699177	-5.079352331612553	230.0	26	1.05	0.95				
	301	2	70.04112624	14.267636826666665	0.0	0.0	3	1.049037155914462	-14.105043490806906	138.0	31	1.05	0.95				
	302	2	62.90730782666666	12.970578933333332	0.0	0.0	3	1.0474167764708808	-14.497145098475514	138.0	32	1.05	0.95				
	303	1	116.73521039999999	23.995571026666664	0.0	0.0	3	1.05	3.617247806541975	138.0	31	1.05	0.95				
	304	1	47.99114205333333	9.7279342	0.0	0.0	3	1.014344479963586	-12.219458047159167	138.0	31	1.05	0.95				
	305	1	46.04555521333333	9.079405253333334	0.0	0.0	3	1.0360826472878146	-14.824478047151993	138.0	31	1.05	0.95				
	306	1	88.19993674666667	18.15881050666667	0.0	-100.0	3	1.0349082009361463	-15.96309071921082	138.0	32	1.05	0.95				
	307	2	81.06611833333332	16.213223666666664	0.0	0.0	3	0.9584529825609861	-12.68420436262685	138.0	32	1.05	0.95				
	308	1	110.89844987999999	22.69851313333333	0.0	0.0	3	0.9682490998450267	-13.99707595262576	138.0	32	1.05	0.95				
	309	1	113.49256566666665	23.347042079999998	0.0	0.0	3	1.0107065901458645	-7.591712113462587	138.0	33	1.05	0.95				
	310	1	126.46314459999999	25.941157866666664	0.0	0.0	3	1.0387847250528242	-13.4983994968739	138.0	33	1.05	0.95				
	311	1	0.0	0.0	0.0	0.0	3	0.995696024409189	-8.458089741991929	230.0	33	1.05	0.95				
	312	1	0.0	0.0	0.0	0.0	3	0.9986002161287552	-6.947649193606653	230.0	33	1.05	0.95				
	313	2	171.86017086666666	35.02056312	0.0	0.0	3	0.9948559331799803	-4.729077028848031	230.0	34	1.05	0.95				
	314	2	125.81461565333332	25.29262892	0.0	0.0	3	0.9937791612054345	-9.497470453045636	230.0	36	1.05	0.95				
	315	2	205.5836760933333	41.50585258666666	0.0	0.0	3	1.05	-7.00616432871762	230.0	36	1.05	0.95				
	316	2	64.85289466666666	12.970578933333332	0.0	0.0	3	1.0392491493766005	-6.9618907415205475	230.0	36	1.05	0.95				
	317	1	0.0	0.0	0.0	0.0	3	1.0460679981086523	-5.905889995018427	230.0	37	1.05	0.95				
	318	2	215.96013924	44.09996837333333	0.0	0.0	3	1.045906857921804	-6.57615171039988	230.0	37	1.05	0.95				
	319	1	117.38373934666666	23.995571026666664	0.0	0.0	3	1.0216072749561813	-6.291756993303115	230.0	35	1.05	0.95				
	320	1	83.01170517333333	16.861752613333334	0.0	0.0	3	1.012199093602263	-4.415073043191713	230.0	35	1.05	0.95				
	321	2	0.0	0.0	0.0	0.0	3	1.05	-6.190297955028504	230.0	37	1.05	0.95				
	322	2	0.0	0.0	0.0	0.0	3	1.05	-1.7360131185381449	230.0	37	1.05	0.95				
	323	2	0.0	0.0	0.0	0.0	3	1.0095245587288415	-2.857046215878661	230.0	35	1.05	0.95				
	324	1	0.0	0.0	0.0	0.0	3	1.0466681147534798	-2.9478030655532717	230.0	36	1.05	0.95				
	325	1	0.0	0.0	0.0	0.0	3	1.0079045168143563	-1.478242261289216	230.0	35	1.05	0.95				
];
