%% MATPOWER Case Format : Version 2
function mpc = RTS_GMLC
mpc.version = '2';

%%-----  Power Flow Data  -----%%
%% system MVA base
mpc.baseMVA = 100.0;
%% bus data
%    bus_i    type    Pd    Qd    Gs    Bs    area    Vm    Va    baseKV    zone    Vmax    Vmin
mpc.bus = [
	101	2	37.27362691705263	7.592775853473683	0.0	0.0	1	1.0338176362017677	3.5042265972512756	138.0	11	1.05	0.95				
	102	2	33.47723899031579	6.902523503157895	0.0	0.0	1	1.0329517434568982	3.262385302942071	138.0	12	1.05	0.95				
	103	1	62.12271152842105	12.769668480842105	0.0	0.0	1	1.028703605295673	1.2049976150122215	138.0	11	1.05	0.95				
	104	1	25.53933696168421	5.176892627368421	0.0	0.0	1	1.0225399084463838	0.12642404150975464	138.0	11	1.05	0.95				
	105	1	24.503958436210524	4.831766452210527	0.0	0.0	1	1.0371194397481371	0.42485080768023264	138.0	11	1.05	0.95				
	106	1	46.93715982147369	9.663532904421054	0.0	-100.0	1	1.047725721313296	-1.7046707458534627	138.0	12	1.05	0.95				
	107	2	43.140771894736844	8.628154378947368	0.0	0.0	1	1.0011639042171743	-6.806160405941295	138.0	12	1.05	0.95				
	108	1	59.016575952	12.079416130526315	0.0	0.0	1	1.0074531658415196	-5.555334393469776	138.0	12	1.05	0.95				
	109	1	60.39708065263157	12.42454230568421	0.0	0.0	1	1.024214262121959	-1.0377393599281577	138.0	13	1.05	0.95				
	110	1	67.29960415578947	13.80504700631579	0.0	0.0	1	1.05	-1.6089018904463444	138.0	13	1.05	0.95				
	111	1	0.0	0.0	0.0	0.0	1	1.00049664499918	0.21566612112147857	230.0	13	1.05	0.95				
	112	1	0.0	0.0	0.0	0.0	1	1.0057622716985442	0.46597041810776985	230.0	13	1.05	0.95				
	113	3	91.4584364168421	18.636813458526316	0.0	0.0	1	0.9894372051231907	-7.916562336605968e-31	230.0	14	1.05	0.95				
	114	2	66.95447798063158	13.459920831157895	0.0	0.0	1	0.9957506026929652	2.0849004523563757	230.0	16	1.05	0.95				
	115	2	109.40499752505264	22.088075210105263	0.0	0.0	1	1.0316027479130436	6.874011960310215	230.0	16	1.05	0.95				
	116	2	34.51261751578947	6.902523503157895	0.0	0.0	1	1.0275806043705786	6.682479682231801	230.0	16	1.05	0.95				
	117	1	0.0	0.0	0.0	0.0	1	1.036595133975263	8.616018753926825	230.0	17	1.05	0.95				
	118	2	114.92701632757895	23.468579910736846	0.0	0.0	1	1.0391886742130727	8.704395582699696	230.0	17	1.05	0.95				
	119	1	62.467837703578944	12.769668480842105	0.0	0.0	1	1.0215530665178403	5.720071181334928	230.0	15	1.05	0.95				
	120	1	44.176150420210526	8.973280554105264	0.0	0.0	1	1.0183579491123713	5.560663197197353	230.0	15	1.05	0.95				
	121	2	0.0	0.0	0.0	0.0	1	1.042945314263085	9.581509946183104	230.0	17	1.05	0.95				
	122	2	0.0	0.0	0.0	0.0	1	1.05	15.708743732670895	230.0	17	1.05	0.95				
	123	2	0.0	0.0	0.0	0.0	1	1.016763103949533	5.746110802800172	230.0	15	1.05	0.95				
	124	1	0.0	0.0	0.0	0.0	1	1.0226352719969851	4.739834556043856	230.0	16	1.05	0.95				
	201	2	41.70061386947369	8.494569491929825	0.0	0.0	2	1.0233633609346848	-7.273603676119122	138.0	21	1.05	0.95				
	202	2	37.45332912350878	7.722335901754388	0.0	0.0	2	1.0239058725880363	-7.182456306596191	138.0	22	1.05	0.95				
	203	1	69.50102311578948	14.286321418245615	0.0	0.0	2	1.0164018043970353	-6.35849451247479	138.0	21	1.05	0.95				
	204	1	28.57264283649123	5.79175192631579	0.0	0.0	2	1.017395541934787	-8.47997003853666	138.0	21	1.05	0.95				
	205	1	27.41429245122807	5.405635131228071	0.0	0.0	2	1.0320909428403233	-8.724072048351589	138.0	21	1.05	0.95				
	206	1	52.51188413192983	10.811270262456143	0.0	-100.0	2	1.0452507850965302	-9.9173927831944	138.0	22	1.05	0.95				
	207	2	48.26459938596492	9.652919877192984	0.0	0.0	2	0.9941370736810871	-15.308291515810975	138.0	22	1.05	0.95				
	208	1	66.02597196	13.514087828070176	0.0	0.0	2	1.001151105985413	-13.595137133647953	138.0	22	1.05	0.95				
	209	1	67.57043914035089	13.900204623157897	0.0	0.0	2	1.0225510807856257	-7.945662390674903	138.0	23	1.05	0.95				
	210	1	75.29277504210528	15.444671803508776	0.0	0.0	2	1.05	-8.949412385171895	138.0	23	1.05	0.95				
	211	1	0.0	0.0	0.0	0.0	2	1.0026518439026961	-5.521626329670417	230.0	23	1.05	0.95				
	212	1	0.0	0.0	0.0	0.0	2	1.006713327201044	-4.728016937723591	230.0	23	1.05	0.95				
	213	2	102.32095069824562	20.850306934736846	0.0	0.0	2	0.9966093002899536	-4.33378392307857	230.0	24	1.05	0.95				
	214	2	74.90665824701756	15.058555008421054	0.0	0.0	2	1.0002125112215141	-3.493852081835748	230.0	26	1.05	0.95				
	215	2	122.39902404280703	24.711474885614038	0.0	0.0	2	1.017494359968185	1.6686565955021453	230.0	26	1.05	0.95				
	216	2	38.611679508771935	7.722335901754388	0.0	0.0	2	1.019064155150719	1.7114821668156004	230.0	26	1.05	0.95				
	217	1	0.0	0.0	0.0	0.0	2	1.0240585824511244	3.2552226764477754	230.0	27	1.05	0.95				
	218	2	128.57689276421053	26.255942065964916	0.0	0.0	2	1.023267834969852	2.754206706744238	230.0	27	1.05	0.95				
	219	1	69.88713991087721	14.286321418245615	0.0	0.0	2	1.0203964147770228	1.7195721546933993	230.0	25	1.05	0.95				
	220	1	49.422949771228076	10.039036672280703	0.0	0.0	2	1.0239643574095105	2.489168972955957	230.0	25	1.05	0.95				
	221	2	0.0	0.0	0.0	0.0	2	1.0249809611084755	3.2015240483512097	230.0	27	1.05	0.95				
	222	2	0.0	0.0	0.0	0.0	2	1.0470768563700046	9.749567814159228	230.0	27	1.05	0.95				
	223	2	0.0	0.0	0.0	0.0	2	1.0264948381084522	3.208469204306004	230.0	25	1.05	0.95				
	224	1	0.0	0.0	0.0	0.0	2	1.0070616295784043	-1.364508604750854	230.0	26	1.05	0.95				
	301	2	46.24422650526317	9.420120214035089	0.0	0.0	3	1.0099859840837786	-15.960289729155102	138.0	31	1.05	0.95				
	302	2	41.53416639824562	8.563745649122808	0.0	0.0	3	1.0096122842181292	-16.121614032869385	138.0	32	1.05	0.95				
	303	1	77.07371084210527	15.842929450877193	0.0	0.0	3	1.0319012747836522	-8.735326594491097	138.0	31	1.05	0.95				
	304	1	31.685858901754386	6.422809236842106	0.0	0.0	3	1.0117498780701775	-14.717976065434035	138.0	31	1.05	0.95				
	305	1	30.401297054385967	5.994621954385966	0.0	0.0	3	1.0246191997375889	-15.838683401507469	138.0	31	1.05	0.95				
	306	1	58.233470414035104	11.989243908771932	0.0	-100.0	3	1.0408743445659814	-16.282457510214147	138.0	32	1.05	0.95				
	307	2	53.52341030701755	10.70468206140351	0.0	0.0	3	0.9942373043068359	-20.74215271461293	138.0	32	1.05	0.95				
	308	1	73.2200253	14.986554885964914	0.0	0.0	3	1.0003577569932312	-18.815002132489415	138.0	32	1.05	0.95				
	309	1	74.93277442982456	15.414742168421053	0.0	0.0	3	1.026855308700784	-11.81778975530986	138.0	33	1.05	0.95				
	310	1	83.49652007894738	17.127491298245616	0.0	0.0	3	1.05	-14.33774019228884	138.0	33	1.05	0.95				
	311	1	0.0	0.0	0.0	0.0	3	1.0073063336196983	-9.085030496177652	230.0	33	1.05	0.95				
	312	1	0.0	0.0	0.0	0.0	3	1.0111408259005337	-8.55666685122678	230.0	33	1.05	0.95				
	313	2	113.46962985087721	23.122113252631586	0.0	0.0	3	1.00934569835258	-5.829739684456734	230.0	34	1.05	0.95				
	314	2	83.06833279649123	16.699304015789476	0.0	0.0	3	1.0045961126086063	-7.820123378537554	230.0	36	1.05	0.95				
	315	2	135.7353685385965	27.40398607719299	0.0	0.0	3	1.027161998065008	-4.029085563704409	230.0	36	1.05	0.95				
	316	2	42.81872824561404	8.563745649122808	0.0	0.0	3	1.0262959526525597	-3.4522791745768515	230.0	36	1.05	0.95				
	317	1	0.0	0.0	0.0	0.0	3	1.0324451938096304	-1.6281934080266343	230.0	37	1.05	0.95				
	318	2	142.58636505789474	29.116735207017552	0.0	0.0	3	1.030507524368658	-2.10136075837875	230.0	37	1.05	0.95				
	319	1	77.50189812456142	15.842929450877193	0.0	0.0	3	1.0224195877073339	-4.139844366349787	230.0	35	1.05	0.95				
	320	1	54.80797215438598	11.132869343859651	0.0	0.0	3	1.0219777565202683	-3.8971719438779893	230.0	35	1.05	0.95				
	321	2	0.0	0.0	0.0	0.0	3	1.0316048698871152	-2.1973424076917563	230.0	37	1.05	0.95				
	322	2	0.0	0.0	0.0	0.0	3	1.0452603421993643	2.372352903894328	230.0	37	1.05	0.95				
	323	2	0.0	0.0	0.0	0.0	3	1.0223525077121438	-3.4308168492733286	230.0	35	1.05	0.95				
	324	1	0.0	0.0	0.0	0.0	3	1.0219212115219858	-5.817600011302515	230.0	36	1.05	0.95				
	325	1	0.0	0.0	0.0	0.0	3	1.0206482129014733	-2.3285066879781415	230.0	35	1.05	0.95				
];
