%% MATPOWER Case Format : Version 2
function mpc = RTS_GMLC
mpc.version = '2';

%%-----  Power Flow Data  -----%%
%% system MVA base
mpc.baseMVA = 100.0;
%% bus data
%    bus_i    type    Pd    Qd    Gs    Bs    area    Vm    Va    baseKV    zone    Vmax    Vmin
mpc.bus = [
	101	2	35.323107373894736	7.195447798385965	0.0	0.0	1	1.0371110880085357	3.0975023263093977	138.0	11	1.05	0.95				
	102	2	31.72538347470175	6.5413161803508775	0.0	0.0	1	1.0360482152633275	2.7721442007552497	138.0	12	1.05	0.95				
	103	1	58.871845623157895	12.101434933649122	0.0	0.0	1	1.0260924254853163	2.100627520717666	138.0	11	1.05	0.95				
	104	1	24.202869867298244	4.905987135263158	0.0	0.0	1	1.0233226046507378	-0.19259864030652135	138.0	11	1.05	0.95				
	105	1	23.221672440245612	4.578921326245614	0.0	0.0	1	1.0390219148949782	0.013023234237468843	138.0	11	1.05	0.95				
	106	1	44.48095002638597	9.157842652491228	0.0	-100.0	1	1.0489960708232402	-2.128866108027936	138.0	12	1.05	0.95				
	107	2	40.88322612719298	8.176645225438596	0.0	0.0	1	1.0014706583896091	-9.354430183642354	138.0	12	1.05	0.95				
	108	1	55.928253342	11.447303315614034	0.0	0.0	1	1.006661986711698	-7.108014355131875	138.0	12	1.05	0.95				
	109	1	57.23651657807017	11.774369124631578	0.0	0.0	1	1.0223098784541742	-1.2979675339938834	138.0	13	1.05	0.95				
	110	1	63.77783275842105	13.082632360701755	0.0	0.0	1	1.05	-2.093928840618783	138.0	13	1.05	0.95				
	111	1	0.0	0.0	0.0	0.0	1	0.9979837107281183	0.3347819862916657	230.0	13	1.05	0.95				
	112	1	0.0	0.0	0.0	0.0	1	1.003944587584662	-0.44056767956024195	230.0	13	1.05	0.95				
	113	3	86.67243938964911	17.661553686947368	0.0	0.0	1	0.9900334764475678	-1.4236122566409111e-30	230.0	14	1.05	0.95				
	114	2	63.4507669494035	12.755566551684211	0.0	0.0	1	0.9904594045371803	2.8301252494040976	230.0	16	1.05	0.95				
	115	2	103.67986145856139	20.932211777122806	0.0	0.0	1	1.020879696797542	9.659933133806192	230.0	16	1.05	0.95				
	116	2	32.706580901754386	6.5413161803508775	0.0	0.0	1	1.0167693354564304	8.233468249839552	230.0	16	1.05	0.95				
	117	1	0.0	0.0	0.0	0.0	1	1.0251321367340667	12.515179364444029	230.0	17	1.05	0.95				
	118	2	108.91291440284209	22.240475013192984	0.0	0.0	1	1.0299172452839347	13.10398599449999	230.0	17	1.05	0.95				
	119	1	59.198911432175436	12.101434933649122	0.0	0.0	1	1.0075037557596287	4.99406836029636	230.0	15	1.05	0.95				
	120	1	41.86442355424561	8.50371103445614	0.0	0.0	1	1.0035649867086303	2.810328909199374	230.0	15	1.05	0.95				
	121	2	0.0	0.0	0.0	0.0	1	1.0325463968128534	14.436469347314905	230.0	17	1.05	0.95				
	122	2	0.0	0.0	0.0	0.0	1	1.05	25.11159041595894	230.0	17	1.05	0.95				
	123	2	0.0	0.0	0.0	0.0	1	1.0018315032317349	1.8684326509230014	230.0	15	1.05	0.95				
	124	1	0.0	0.0	0.0	0.0	1	1.0132630627135306	6.783791015175981	230.0	16	1.05	0.95				
	201	2	38.01164805473684	7.743113492631578	0.0	0.0	2	1.0120930568688415	-15.971583071670567	138.0	21	1.05	0.95				
	202	2	34.14009130842105	7.039194084210526	0.0	0.0	2	1.0112540021173493	-16.275080049778868	138.0	22	1.05	0.95				
	203	1	63.35274675789474	13.022509055789472	0.0	0.0	2	1.0134985095153621	-11.608567719749656	138.0	21	1.05	0.95				
	204	1	26.045018111578944	5.279395563157895	0.0	0.0	2	1.0117804697501291	-16.134621313094964	138.0	21	1.05	0.95				
	205	1	24.989138998947364	4.927435858947369	0.0	0.0	2	1.026894037910212	-16.592029438671656	138.0	21	1.05	0.95				
	206	1	47.866519772631584	9.854871717894738	0.0	-100.0	2	1.0434098252228499	-17.406305295633768	138.0	22	1.05	0.95				
	207	2	43.99496302631579	8.798992605263157	0.0	0.0	2	0.9950924233935378	-21.51754675834428	138.0	22	1.05	0.95				
	208	1	60.185109419999996	12.31858964736842	0.0	0.0	2	1.0028381071339494	-19.981174182054527	138.0	22	1.05	0.95				
	209	1	61.592948236842105	12.670549351578947	0.0	0.0	2	1.0217188994830777	-14.550808018913216	138.0	23	1.05	0.95				
	210	1	68.63214232105263	14.078388168421052	0.0	0.0	2	1.05	-16.074945481870007	138.0	23	1.05	0.95				
	211	1	0.0	0.0	0.0	0.0	2	1.0026907987822637	-12.051161565299013	230.0	23	1.05	0.95				
	212	1	0.0	0.0	0.0	0.0	2	1.009043302302629	-11.845942611095381	230.0	23	1.05	0.95				
	213	2	93.26932161578947	19.00582402736842	0.0	0.0	2	0.999249747511926	-11.315132980323881	230.0	24	1.05	0.95				
	214	2	68.2801826168421	13.726428464210528	0.0	0.0	2	0.9997495087336227	-9.29005390574004	230.0	26	1.05	0.95				
	215	2	111.57122623473683	22.525421069473683	0.0	0.0	2	1.0140818442571535	-2.492763978491788	230.0	26	1.05	0.95				
	216	2	35.19597042105263	7.039194084210526	0.0	0.0	2	1.015809804290963	-3.255522630537577	230.0	26	1.05	0.95				
	217	1	0.0	0.0	0.0	0.0	2	1.0181089970564472	-1.213625802866159	230.0	27	1.05	0.95				
	218	2	117.20258150210525	23.933259886315792	0.0	0.0	2	1.017860902208796	-1.5744113134511681	230.0	27	1.05	0.95				
	219	1	63.704706462105264	13.022509055789472	0.0	0.0	2	1.0206944887380713	-4.503568747049297	230.0	25	1.05	0.95				
	220	1	45.05084213894737	9.150952309473684	0.0	0.0	2	1.0271910946560558	-4.880864303262394	230.0	25	1.05	0.95				
	221	2	0.0	0.0	0.0	0.0	2	1.0201716108406529	-1.070927318222305	230.0	27	1.05	0.95				
	222	2	0.0	0.0	0.0	0.0	2	1.0418872850033518	5.466446256324727	230.0	27	1.05	0.95				
	223	2	0.0	0.0	0.0	0.0	2	1.0309209395999053	-4.817086284944782	230.0	25	1.05	0.95				
	224	1	0.0	0.0	0.0	0.0	2	1.0027015575610718	-5.940047967866905	230.0	26	1.05	0.95				
	301	2	44.63840557894736	9.093008543859648	0.0	0.0	3	1.0240418546226262	1.4283159032832922	138.0	31	1.05	0.95				
	302	2	40.09190130701754	8.26637140350877	0.0	0.0	3	1.0217093383282427	1.0732415806644764	138.0	32	1.05	0.95				
	303	1	74.39734263157895	15.292787096491226	0.0	0.0	3	1.05	15.44724716949716	138.0	31	1.05	0.95				
	304	1	30.585574192982453	6.199778552631578	0.0	0.0	3	1.0113527916072753	1.8498500540780742	138.0	31	1.05	0.95				
	305	1	29.34561848245614	5.78645998245614	0.0	0.0	3	1.0296100055427517	0.24142620193477116	138.0	31	1.05	0.95				
	306	1	56.211325543859644	11.57291996491228	0.0	-100.0	3	1.0401630545956038	-0.9435428597224932	138.0	32	1.05	0.95				
	307	2	51.66482127192982	10.332964254385963	0.0	0.0	3	0.95	-3.8725367286253802	138.0	32	1.05	0.95				
	308	1	70.67747549999999	14.466149956140347	0.0	0.0	3	0.972045729305811	-2.5782871032878436	138.0	32	1.05	0.95				
	309	1	72.33074978070174	14.879468526315787	0.0	0.0	3	1.01509541755304	4.220098046626229	138.0	33	1.05	0.95				
	310	1	80.59712118421052	16.53274280701754	0.0	0.0	3	1.0449280124551166	0.3706816285961905	138.0	33	1.05	0.95				
	311	1	0.0	0.0	0.0	0.0	3	1.002871426954193	4.010793687374903	230.0	33	1.05	0.95				
	312	1	0.0	0.0	0.0	0.0	3	1.007506836515171	4.6935338084286835	230.0	33	1.05	0.95				
	313	2	109.52942109649122	22.31920278947368	0.0	0.0	3	1.0049745610131495	6.674520303389129	230.0	34	1.05	0.95				
	314	2	80.18380261403507	16.119424236842104	0.0	0.0	3	0.9976402209986555	3.48940384908261	230.0	36	1.05	0.95				
	315	2	131.02198674561402	26.452388491228067	0.0	0.0	3	1.046868430359284	5.605857911088746	230.0	36	1.05	0.95				
	316	2	41.331857017543854	8.26637140350877	0.0	0.0	3	1.0294136920062753	5.243803582192701	230.0	36	1.05	0.95				
	317	1	0.0	0.0	0.0	0.0	3	1.0476240516647979	7.464838409903219	230.0	37	1.05	0.95				
	318	2	137.63508386842105	28.105662771929822	0.0	0.0	3	1.05	5.632709283991716	230.0	37	1.05	0.95				
	319	1	74.81066120175439	15.292787096491226	0.0	0.0	3	1.0202829475526765	5.064746003105147	230.0	35	1.05	0.95				
	320	1	52.904776982456134	10.746282824561403	0.0	0.0	3	1.0150729873156876	5.7266498935693715	230.0	35	1.05	0.95				
	321	2	0.0	0.0	0.0	0.0	3	1.05	6.214165765527823	230.0	37	1.05	0.95				
	322	2	0.0	0.0	0.0	0.0	3	1.05	11.049509394151245	230.0	37	1.05	0.95				
	323	2	0.0	0.0	0.0	0.0	3	1.0128940799086876	6.422093618835812	230.0	35	1.05	0.95				
	324	1	0.0	0.0	0.0	0.0	3	1.044965862831341	9.368950862714453	230.0	36	1.05	0.95				
	325	1	0.0	0.0	0.0	0.0	3	1.013250948255017	7.109742514356228	230.0	35	1.05	0.95				
];
