%% MATPOWER Case Format : Version 2
function mpc = RTS_GMLC
mpc.version = '2';

%%-----  Power Flow Data  -----%%
%% system MVA base
mpc.baseMVA = 100.0;
%% bus data
%    bus_i    type    Pd    Qd    Gs    Bs    area    Vm    Va    baseKV    zone    Vmax    Vmin
mpc.bus = [
	101	2	81.46759032	16.595249879999997	0.0	0.0	1	1.0474863882743026	0.370397625879571	138.0	11	1.05	0.95				
	102	2	73.16996538	15.0865908	0.0	0.0	1	1.0467478729970228	0.11063858731079786	138.0	12	1.05	0.95				
	103	1	135.7793172	27.910192979999998	0.0	0.0	1	1.0277076641437655	-1.5169878236860956	138.0	11	1.05	0.95				
	104	1	55.820385959999996	11.314943099999999	0.0	0.0	1	1.0251117492302935	-3.3735975821130335	138.0	11	1.05	0.95				
	105	1	53.55739733999999	10.560613560000002	0.0	0.0	1	1.0379480568461994	-3.789885189861981	138.0	11	1.05	0.95				
	106	1	102.58881744000001	21.121227120000004	0.0	-100.0	1	1.0386840959665182	-6.855048797175885	138.0	12	1.05	0.95				
	107	2	94.2911925	18.8582385	0.0	0.0	1	1.0349337171923436	-6.178504620324986	138.0	12	1.05	0.95				
	108	1	128.99035134	26.401533899999997	0.0	0.0	1	1.0166685260675634	-8.037793370270373	138.0	12	1.05	0.95				
	109	1	132.0076695	27.15586344	0.0	0.0	1	1.027050478290613	-4.302979761662868	138.0	13	1.05	0.95				
	110	1	147.0942603	30.1731816	0.0	0.0	1	1.05	-5.7043245918817895	138.0	13	1.05	0.95				
	111	1	0.0	0.0	0.0	0.0	1	1.0129297458916402	-1.9145918524063494	230.0	13	1.05	0.95				
	112	1	0.0	0.0	0.0	0.0	1	1.016233269142599	-1.1470696858979574	230.0	13	1.05	0.95				
	113	3	199.89732809999998	40.73379516	0.0	0.0	1	1.0135012444814628	4.075688324214245e-30	230.0	14	1.05	0.95				
	114	2	146.33993076	29.41885206	0.0	0.0	1	1.0133481413615535	-0.4396461551108553	230.0	16	1.05	0.95				
	115	2	239.12246418	48.27709056	0.0	0.0	1	1.0433114352726112	6.772733513441667	230.0	16	1.05	0.95				
	116	2	75.432954	15.0865908	0.0	0.0	1	1.0406864417746966	6.2145349579492	230.0	16	1.05	0.95				
	117	1	0.0	0.0	0.0	0.0	1	1.0451011212342376	8.931256393428022	230.0	17	1.05	0.95				
	118	2	251.19173682	51.29440872000001	0.0	0.0	1	1.0471324891024978	9.343311286338077	230.0	17	1.05	0.95				
	119	1	136.53364674	27.910192979999998	0.0	0.0	1	1.034309381345502	5.039396750252061	230.0	15	1.05	0.95				
	120	1	96.55418112	19.61256804	0.0	0.0	1	1.0343672781752324	4.9346634678360655	230.0	15	1.05	0.95				
	121	2	0.0	0.0	0.0	0.0	1	1.0499999965492743	10.951831895424425	230.0	17	1.05	0.95				
	122	2	0.0	0.0	0.0	0.0	1	1.05	16.863638138290234	230.0	17	1.05	0.95				
	123	2	0.0	0.0	0.0	0.0	1	1.036446930738109	5.440055655593685	230.0	15	1.05	0.95				
	124	1	0.0	0.0	0.0	0.0	1	1.0268972035699193	3.688378369556626	230.0	16	1.05	0.95				
	201	2	79.88226036631579	16.272312296842106	0.0	0.0	2	1.0377546799006157	-12.063995208135237	138.0	21	1.05	0.95				
	202	2	71.74610421789474	14.793011178947369	0.0	0.0	2	1.038065061876351	-12.131707952545412	138.0	22	1.05	0.95				
	203	1	133.13710061052632	27.36707068105263	0.0	0.0	2	1.0234449027866017	-9.610536871866877	138.0	21	1.05	0.95				
	204	1	54.73414136210526	11.094758384210527	0.0	0.0	2	1.0184514055923473	-13.623943362932975	138.0	21	1.05	0.95				
	205	1	52.51518968526315	10.35510782526316	0.0	0.0	2	1.0344918725514454	-13.98924831930594	138.0	21	1.05	0.95				
	206	1	100.59247601684211	20.71021565052632	0.0	-100.0	2	1.0383627379105655	-15.76265504820807	138.0	22	1.05	0.95				
	207	2	92.45631986842106	18.49126397368421	0.0	0.0	2	0.9616614265701005	-26.798457973172074	138.0	22	1.05	0.95				
	208	1	126.48024558	25.887769563157892	0.0	0.0	2	0.9661636788864552	-23.11779250547127	138.0	22	1.05	0.95				
	209	1	129.43884781578947	26.62742012210526	0.0	0.0	2	1.025729047535971	-11.85494682379638	138.0	23	1.05	0.95				
	210	1	144.23185899473683	29.586022357894738	0.0	0.0	2	1.05	-13.617140222370846	138.0	23	1.05	0.95				
	211	1	0.0	0.0	0.0	0.0	2	1.0256332644828037	-8.406497452747239	230.0	23	1.05	0.95				
	212	1	0.0	0.0	0.0	0.0	2	1.0247021765185023	-3.5221166114490434	230.0	23	1.05	0.95				
	213	2	196.00739812105263	39.941130183157895	0.0	0.0	2	1.0333988460870918	-5.898225612980698	230.0	24	1.05	0.95				
	214	2	143.49220843578948	28.846371798947366	0.0	0.0	2	1.0373986647554627	-6.378115894504607	230.0	26	1.05	0.95				
	215	2	234.4692271863158	47.33763577263158	0.0	0.0	2	1.0414493753738707	1.229293451986118	230.0	26	1.05	0.95				
	216	2	73.96505589473684	14.793011178947369	0.0	0.0	2	1.0435452523652335	1.0616763494888	230.0	26	1.05	0.95				
	217	1	0.0	0.0	0.0	0.0	2	1.0451610752571496	3.665359702087366	230.0	27	1.05	0.95				
	218	2	246.30363612947372	50.29623800842106	0.0	0.0	2	1.04576422698617	3.8805469765593124	230.0	27	1.05	0.95				
	219	1	133.8767511694737	27.36707068105263	0.0	0.0	2	1.040983638976433	0.8681175595037839	230.0	25	1.05	0.95				
	220	1	94.67527154526316	19.23091453263158	0.0	0.0	2	1.045251453800725	2.088863237722542	230.0	25	1.05	0.95				
	221	2	0.0	0.0	0.0	0.0	2	1.045785250563269	3.7585757906323054	230.0	27	1.05	0.95				
	222	2	0.0	0.0	0.0	0.0	2	1.05	10.23031963269921	230.0	27	1.05	0.95				
	223	2	0.0	0.0	0.0	0.0	2	1.05	3.2936201715646685	230.0	25	1.05	0.95				
	224	1	0.0	0.0	0.0	0.0	2	1.0211776919684565	-2.802013661730166	230.0	26	1.05	0.95				
	301	2	87.03891174315788	17.730148688421053	0.0	0.0	3	0.9797357530806003	-5.84122948662768	138.0	31	1.05	0.95				
	302	2	78.17383739894736	16.118316989473684	0.0	0.0	3	0.9823549441571615	-6.209108123280693	138.0	32	1.05	0.95				
	303	1	145.06485290526314	29.81888643052631	0.0	0.0	3	0.9949811123792881	-2.2936117559053337	138.0	31	1.05	0.95				
	304	1	59.63777286105262	12.08873774210526	0.0	0.0	3	0.9724716978286582	-4.2438676115890335	138.0	31	1.05	0.95				
	305	1	57.22002531263157	11.282821892631578	0.0	0.0	3	0.9841173175606691	-4.217744001497842	138.0	31	1.05	0.95				
	306	1	109.60455552842106	22.565643785263156	0.0	-100.0	3	0.993352563024408	-4.250071037411561	138.0	32	1.05	0.95				
	307	2	100.73948118421052	20.147896236842104	0.0	0.0	3	0.95	-10.16663535759022	138.0	32	1.05	0.95				
	308	1	137.81161025999998	28.20705473157894	0.0	0.0	3	0.9549977268861835	-6.536561644329567	138.0	32	1.05	0.95				
	309	1	141.03527365789472	29.012970581052627	0.0	0.0	3	0.9951686099558789	0.8766961214154837	138.0	33	1.05	0.95				
	310	1	157.1535906473684	32.23663397894737	0.0	0.0	3	1.0135498099077618	0.1848400489918328	138.0	33	1.05	0.95				
	311	1	0.0	0.0	0.0	0.0	3	0.9905930917445821	8.75698131424415	230.0	33	1.05	0.95				
	312	1	0.0	0.0	0.0	0.0	3	0.9949210224212394	10.332242666802511	230.0	33	1.05	0.95				
	313	2	213.5677001105263	43.51945587157894	0.0	0.0	3	1.0250299448350175	18.80374465652367	230.0	34	1.05	0.95				
	314	2	156.3476747978947	31.430718129473682	0.0	0.0	3	1.0031573983564108	7.7999199106114	230.0	36	1.05	0.95				
	315	2	255.47532428315787	51.57861436631579	0.0	0.0	3	1.0483544336205142	4.4585932024183945	230.0	36	1.05	0.95				
	316	2	80.59158494736842	16.118316989473684	0.0	0.0	3	1.0459009774304018	5.8691221171344	230.0	36	1.05	0.95				
	317	1	0.0	0.0	0.0	0.0	3	1.0479268260635584	5.5752199280217045	230.0	37	1.05	0.95				
	318	2	268.36997787473683	54.80227776421053	0.0	0.0	3	1.046843038091743	4.795564765566425	230.0	37	1.05	0.95				
	319	1	145.87076875473684	29.81888643052631	0.0	0.0	3	1.0378608231748898	8.144265237154373	230.0	35	1.05	0.95				
	320	1	103.15722873263158	20.953812086315786	0.0	0.0	3	1.0357955515049595	10.207815864633512	230.0	35	1.05	0.95				
	321	2	0.0	0.0	0.0	0.0	3	1.05	6.080567813974659	230.0	37	1.05	0.95				
	322	2	0.0	0.0	0.0	0.0	3	1.05	10.227202038461414	230.0	37	1.05	0.95				
	323	2	0.0	0.0	0.0	0.0	3	1.0354087204915	11.05045985509538	230.0	35	1.05	0.95				
	324	1	0.0	0.0	0.0	0.0	3	1.021792850378349	3.949464745650067	230.0	36	1.05	0.95				
	325	1	0.0	0.0	0.0	0.0	3	1.037517267905535	11.049240910986587	230.0	35	1.05	0.95				
];

%% generator data
%    bus    Pg    Qg    Qmax    Qmin    Vg    mBase    status    Pmax    Pmin    Pc1    Pc2    Qc1min    Qc1max    Qc2min    Qc2max    ramp_agc    ramp_10    ramp_30    ramp_q    apf
