%% MATPOWER Case Format : Version 2
function mpc = RTS_GMLC
mpc.version = '2';

%%-----  Power Flow Data  -----%%
%% system MVA base
mpc.baseMVA = 100.0;
%% bus data
%    bus_i    type    Pd    Qd    Gs    Bs    area    Vm    Va    baseKV    zone    Vmax    Vmin
mpc.bus = [
	101	2	44.07372587368422	8.977981196491228	0.0	0.0	1	1.0472753202965384	4.532668555110992	138.0	11	1.05	0.95				
	102	2	39.5847352754386	8.1618010877193	0.0	0.0	1	1.0456711431560977	4.087024039077725	138.0	12	1.05	0.95				
	103	1	73.45620978947369	15.099332012280703	0.0	0.0	1	1.0317825718439757	1.175166126462871	138.0	11	1.05	0.95				
	104	1	30.198664024561406	6.121350815789474	0.0	0.0	1	1.0291383499176374	0.4316074663709332	138.0	11	1.05	0.95				
	105	1	28.974393861403513	5.71326076140351	0.0	0.0	1	1.0421157396672782	0.34842440904754524	138.0	11	1.05	0.95				
	106	1	55.50024739649124	11.42652152280702	0.0	-100.0	1	1.0481942164393847	-2.4998199457710255	138.0	12	1.05	0.95				
	107	2	51.01125679824562	10.202251359649123	0.0	0.0	1	1.000096526933701	-10.175989510045715	138.0	12	1.05	0.95				
	108	1	69.7833993	14.283151903508774	0.0	0.0	1	1.0038110567695937	-8.101189976372934	138.0	12	1.05	0.95				
	109	1	71.41575951754386	14.691241957894738	0.0	0.0	1	1.0243698098441685	-1.9634842082514607	138.0	13	1.05	0.95				
	110	1	79.57756060526316	16.3236021754386	0.0	0.0	1	1.05	-2.6751316292736163	138.0	13	1.05	0.95				
	111	1	0.0	0.0	0.0	0.0	1	1.0018634613650543	-0.6255501356605733	230.0	13	1.05	0.95				
	112	1	0.0	0.0	0.0	0.0	1	1.0073202824051672	-0.8974183049428636	230.0	13	1.05	0.95				
	113	3	108.14386441228072	22.03686293684211	0.0	0.0	1	0.9941418278168765	-2.411353627552866e-31	230.0	14	1.05	0.95				
	114	2	79.1694705508772	15.915512121052632	0.0	0.0	1	0.9956781093922611	0.6611216690114563	230.0	16	1.05	0.95				
	115	2	129.3645472403509	26.117763480701754	0.0	0.0	1	1.0319797361903003	5.934382606888074	230.0	16	1.05	0.95				
	116	2	40.80900543859649	8.1618010877193	0.0	0.0	1	1.027107915475147	4.860873182505754	230.0	16	1.05	0.95				
	117	1	0.0	0.0	0.0	0.0	1	1.0359486890406269	8.05168591145919	230.0	17	1.05	0.95				
	118	2	135.89398811052632	27.75012369824562	0.0	0.0	1	1.0394957502944902	8.722612530653494	230.0	17	1.05	0.95				
	119	1	73.86429984385965	15.099332012280703	0.0	0.0	1	1.0175298502501111	2.695459581841832	230.0	15	1.05	0.95				
	120	1	52.23552696140351	10.610341414035089	0.0	0.0	1	1.012238563117255	1.290009719392348	230.0	15	1.05	0.95				
	121	2	0.0	0.0	0.0	0.0	1	1.042398765147398	10.02824275247307	230.0	17	1.05	0.95				
	122	2	0.0	0.0	0.0	0.0	1	1.05	15.791705109557869	230.0	17	1.05	0.95				
	123	2	0.0	0.0	0.0	0.0	1	1.0098617058517443	0.8361193561000916	230.0	15	1.05	0.95				
	124	1	0.0	0.0	0.0	0.0	1	1.0248005445799904	4.138233385073324	230.0	16	1.05	0.95				
	201	2	40.935620955789474	8.338737602105263	0.0	0.0	2	1.014703997414772	-15.006490921602088	138.0	21	1.05	0.95				
	202	2	36.76625215473684	7.580670547368422	0.0	0.0	2	1.0138008102535123	-15.293686942677656	138.0	22	1.05	0.95				
	203	1	68.22603492631579	14.024240512631577	0.0	0.0	2	1.014999691025384	-10.97309880019948	138.0	21	1.05	0.95				
	204	1	28.048481025263154	5.685502910526315	0.0	0.0	2	1.0127094029457557	-14.975730317107407	138.0	21	1.05	0.95				
	205	1	26.911380443157896	5.3064693831578955	0.0	0.0	2	1.0278389303732647	-15.413766560129048	138.0	21	1.05	0.95				
	206	1	51.54855972210527	10.612938766315791	0.0	-100.0	2	1.0432932448079102	-16.131118065791778	138.0	22	1.05	0.95				
	207	2	47.37919092105263	9.475838184210525	0.0	0.0	2	0.9967557769432763	-20.619175301531673	138.0	22	1.05	0.95				
	208	1	64.81473317999999	13.266173457894737	0.0	0.0	2	1.0028922952160397	-18.933899871747617	138.0	22	1.05	0.95				
	209	1	66.33086728947369	13.645206985263158	0.0	0.0	2	1.0224037266777024	-13.14050209233407	138.0	23	1.05	0.95				
	210	1	73.9115378368421	15.161341094736844	0.0	0.0	2	1.05	-14.600448072253304	138.0	23	1.05	0.95				
	211	1	0.0	0.0	0.0	0.0	2	1.0045060339000818	-10.30284598107545	230.0	23	1.05	0.95				
	212	1	0.0	0.0	0.0	0.0	2	1.006297930739279	-9.64001595452507	230.0	23	1.05	0.95				
	213	2	100.44388475263158	20.467810477894737	0.0	0.0	2	0.999444136439793	-8.988567083458019	230.0	24	1.05	0.95				
	214	2	73.53250430947368	14.782307567368422	0.0	0.0	2	1.0053305528715148	-7.760437714536087	230.0	26	1.05	0.95				
	215	2	120.15362817578948	24.258145751578947	0.0	0.0	2	1.0193200448171964	-1.4102150426930542	230.0	26	1.05	0.95				
	216	2	37.9033527368421	7.580670547368422	0.0	0.0	2	1.0200523681827038	-1.8442190605721827	230.0	26	1.05	0.95				
	217	1	0.0	0.0	0.0	0.0	2	1.0238146508328665	-0.4023763504528808	230.0	27	1.05	0.95				
	218	2	126.21816461368421	25.774279861052634	0.0	0.0	2	1.023426832711948	-0.7434052192341357	230.0	27	1.05	0.95				
	219	1	68.60506845368421	14.024240512631577	0.0	0.0	2	1.0201127687493927	-2.111733485629476	230.0	25	1.05	0.95				
	220	1	48.516291503157895	9.854871711578948	0.0	0.0	2	1.0224764386565897	-1.5937962973058768	230.0	25	1.05	0.95				
	221	2	0.0	0.0	0.0	0.0	2	1.0256149701038246	-0.16620742335841537	230.0	27	1.05	0.95				
	222	2	0.0	0.0	0.0	0.0	2	1.0472844380479989	6.265449671819087	230.0	27	1.05	0.95				
	223	2	0.0	0.0	0.0	0.0	2	1.024231199495995	-1.0155423208293988	230.0	25	1.05	0.95				
	224	1	0.0	0.0	0.0	0.0	2	1.0059744346077546	-5.012976026085442	230.0	26	1.05	0.95				
	301	2	61.22619424421053	12.47200253122807	0.0	0.0	3	1.0009318631629955	-5.264554670590643	138.0	31	1.05	0.95				
	302	2	54.99019297859648	11.338184119298244	0.0	0.0	3	1.0006316910129922	-5.3575657716597105	138.0	32	1.05	0.95				
	303	1	102.04365707368422	20.975640620701753	0.0	0.0	3	1.020264145624348	-0.6381759239888204	138.0	31	1.05	0.95				
	304	1	41.95128124140351	8.503638089473684	0.0	0.0	3	1.0039181152140448	-3.604891541425694	138.0	31	1.05	0.95				
	305	1	40.250553623508765	7.9367288835087715	0.0	0.0	3	1.0171368062800705	-3.741421485716164	138.0	31	1.05	0.95				
	306	1	77.09965201122807	15.873457767017543	0.0	-100.0	3	1.0342777147092355	-3.5370754178989645	138.0	32	1.05	0.95				
	307	2	70.86365074561402	14.172730149122806	0.0	0.0	3	0.9924099474370128	-8.547147807382682	138.0	32	1.05	0.95				
	308	1	96.94147421999999	19.841822208771926	0.0	0.0	3	0.9986069244681745	-5.953045640069212	138.0	32	1.05	0.95				
	309	1	99.20911104385965	20.408731414736838	0.0	0.0	3	1.026037177894884	0.14328861963696016	138.0	33	1.05	0.95				
	310	1	110.54729516315788	22.67636823859649	0.0	0.0	3	1.05	-0.40550718176218764	138.0	33	1.05	0.95				
	311	1	0.0	0.0	0.0	0.0	3	1.0126254577692109	5.3096583977661025	230.0	33	1.05	0.95				
	312	1	0.0	0.0	0.0	0.0	3	1.0173052235763353	6.504438000704181	230.0	33	1.05	0.95				
	313	2	150.23093958070172	30.613097122105266	0.0	0.0	3	1.0291986034158902	12.091997317434922	230.0	34	1.05	0.95				
	314	2	109.98038595719296	22.10945903263158	0.0	0.0	3	1.0121801418020646	4.774692270367803	230.0	36	1.05	0.95				
	315	2	179.71021829087718	36.28218918175438	0.0	0.0	3	1.0245317925966808	0.8949579309007979	230.0	36	1.05	0.95				
	316	2	56.690920596491225	11.338184119298244	0.0	0.0	3	1.0247129892627742	1.8578797243169924	230.0	36	1.05	0.95				
	317	1	0.0	0.0	0.0	0.0	3	1.0280239566038785	1.4344027300599773	230.0	37	1.05	0.95				
	318	2	188.78076558631577	38.54982600561404	0.0	0.0	3	1.025885794812158	0.5293015128951125	230.0	37	1.05	0.95				
	319	1	102.6105662796491	20.975640620701753	0.0	0.0	3	1.0248448493408946	4.42493662733493	230.0	35	1.05	0.95				
	320	1	72.56437836350877	14.73963935508772	0.0	0.0	3	1.0269781965300164	6.176900852652971	230.0	35	1.05	0.95				
	321	2	0.0	0.0	0.0	0.0	3	1.0274723691015875	1.2153513536536555	230.0	37	1.05	0.95				
	322	2	0.0	0.0	0.0	0.0	3	1.0410811857129796	5.682663126376042	230.0	37	1.05	0.95				
	323	2	0.0	0.0	0.0	0.0	3	1.0286448473431538	7.051996031675039	230.0	35	1.05	0.95				
	324	1	0.0	0.0	0.0	0.0	3	1.0208506161709454	2.4388726626836212	230.0	36	1.05	0.95				
	325	1	0.0	0.0	0.0	0.0	3	1.030038921619221	7.31061798784568	230.0	35	1.05	0.95				
];
