%% MATPOWER Case Format : Version 2
function mpc = RTS_GMLC
mpc.version = '2';

%%-----  Power Flow Data  -----%%
%% system MVA base
mpc.baseMVA = 100.0;
%% bus data
%    bus_i    type    Pd    Qd    Gs    Bs    area    Vm    Va    baseKV    zone    Vmax    Vmin
mpc.bus = [
	101	2	40.73379514105263	8.29762493614035	0.0	0.0	1	1.0337670571267228	3.090832773578245	138.0	11	1.05	0.95				
	102	2	36.584982672982456	7.543295396491229	0.0	0.0	1	1.0328343203165877	2.8241957530023227	138.0	12	1.05	0.95				
	103	1	67.88965856842105	13.95509648350877	0.0	0.0	1	1.0310859023317525	1.7261112159485124	138.0	11	1.05	0.95				
	104	1	27.91019296701754	5.65747154736842	0.0	0.0	1	1.022086602641756	-0.24941350412568886	138.0	11	1.05	0.95				
	105	1	26.778698657543853	5.28030677754386	0.0	0.0	1	1.036641570558364	-0.04672515606872143	138.0	11	1.05	0.95				
	106	1	51.29440869614035	10.56061355508772	0.0	-100.0	1	1.0467862623795627	-2.238298083109966	138.0	12	1.05	0.95				
	107	2	47.145596228070175	9.429119245614034	0.0	0.0	1	1.0004093478369598	-7.760592203630151	138.0	12	1.05	0.95				
	108	1	64.49517563999999	13.200766943859646	0.0	0.0	1	1.0058498966414742	-6.335354335438171	138.0	12	1.05	0.95				
	109	1	66.00383471929824	13.577931713684208	0.0	0.0	1	1.024497400122105	-1.2331311169210162	138.0	13	1.05	0.95				
	110	1	73.54713011578946	15.086590792982458	0.0	0.0	1	1.05	-2.0390804465326404	138.0	13	1.05	0.95				
	111	1	0.0	0.0	0.0	0.0	1	1.0023272085926314	0.34829877792547975	230.0	13	1.05	0.95				
	112	1	0.0	0.0	0.0	0.0	1	1.0068214674087528	0.1411318072986596	230.0	13	1.05	0.95				
	113	3	99.94866400350875	20.366897570526316	0.0	0.0	1	0.9915370543809618	-1.5443136327417231e-31	230.0	14	1.05	0.95				
	114	2	73.16996534596491	14.709426023157896	0.0	0.0	1	1.0004085748988822	2.7689089627425227	230.0	16	1.05	0.95				
	115	2	119.56123203438595	24.13854526877193	0.0	0.0	1	1.039121678305643	9.175500547245859	230.0	16	1.05	0.95				
	116	2	37.716476982456136	7.543295396491229	0.0	0.0	1	1.0346886644375977	8.30698968042824	230.0	16	1.05	0.95				
	117	1	0.0	0.0	0.0	0.0	1	1.0412981671756933	11.972780590805451	230.0	17	1.05	0.95				
	118	2	125.59586835157894	25.647204348070176	0.0	0.0	1	1.0469406670183439	12.199772791138164	230.0	17	1.05	0.95				
	119	1	68.26682333824562	13.95509648350877	0.0	0.0	1	1.024810258800823	6.192627653263907	230.0	15	1.05	0.95				
	120	1	48.27709053754386	9.806284015438596	0.0	0.0	1	1.0193966668890186	5.070890544110627	230.0	15	1.05	0.95				
	121	2	0.0	0.0	0.0	0.0	1	1.05	13.292305179006595	230.0	17	1.05	0.95				
	122	2	0.0	0.0	0.0	0.0	1	1.05	25.065462201941564	230.0	17	1.05	0.95				
	123	2	0.0	0.0	0.0	0.0	1	1.0167380446102567	4.746563697927625	230.0	15	1.05	0.95				
	124	1	0.0	0.0	0.0	0.0	1	1.0264689998721481	6.383023502585286	230.0	16	1.05	0.95				
	201	2	40.238627418947374	8.196757437192982	0.0	0.0	2	1.0175355642811115	-9.581064997058489	138.0	21	1.05	0.95				
	202	2	36.140248700350874	7.451597670175439	0.0	0.0	2	1.0172611511419807	-9.6919464762095	138.0	22	1.05	0.95				
	203	1	67.06437903157895	13.78545568982456	0.0	0.0	2	1.0160474059217748	-7.341564144899638	138.0	21	1.05	0.95				
	204	1	27.57091137964912	5.588698252631579	0.0	0.0	2	1.0147715824422354	-10.099150947273726	138.0	21	1.05	0.95				
	205	1	26.453171729122804	5.216118369122808	0.0	0.0	2	1.0293865398160689	-10.41166791874418	138.0	21	1.05	0.95				
	206	1	50.67086415719299	10.432236738245615	0.0	-100.0	2	1.0442354282473254	-11.308953906841184	138.0	22	1.05	0.95				
	207	2	46.57248543859649	9.314497087719298	0.0	0.0	2	0.9952143325793383	-16.064375451027026	138.0	22	1.05	0.95				
	208	1	63.71116008	13.040295922807015	0.0	0.0	2	1.002353784493034	-14.421037055877868	138.0	22	1.05	0.95				
	209	1	65.20147961403508	13.412875806315789	0.0	0.0	2	1.022777282105578	-8.883526860462453	138.0	23	1.05	0.95				
	210	1	72.65307728421053	14.903195340350878	0.0	0.0	2	1.05	-10.046324173929694	138.0	23	1.05	0.95				
	211	1	0.0	0.0	0.0	0.0	2	1.0031701752354003	-6.248495580278057	230.0	23	1.05	0.95				
	212	1	0.0	0.0	0.0	0.0	2	1.0066176250223058	-5.443955767972002	230.0	23	1.05	0.95				
	213	2	98.73366912982455	20.119313709473687	0.0	0.0	2	0.997617825181521	-4.923494066457565	230.0	24	1.05	0.95				
	214	2	72.28049740070175	14.530615456842105	0.0	0.0	2	1.0016613150301983	-4.051801476680194	230.0	26	1.05	0.95				
	215	2	118.1078230722807	23.845112544561403	0.0	0.0	2	1.0187404975502017	1.2843146716228315	230.0	26	1.05	0.95				
	216	2	37.25798835087719	7.451597670175439	0.0	0.0	2	1.0201275259123976	1.3033728711888681	230.0	26	1.05	0.95				
	217	1	0.0	0.0	0.0	0.0	2	1.0250401853679538	2.7686024934480304	230.0	27	1.05	0.95				
	218	2	124.06910120842105	25.335432078596494	0.0	0.0	2	1.0243005663971267	2.3187275502178406	230.0	27	1.05	0.95				
	219	1	67.43695891508771	13.78545568982456	0.0	0.0	2	1.0213361685867126	1.391064424096082	230.0	25	1.05	0.95				
	220	1	47.690225089122805	9.68707697122807	0.0	0.0	2	1.0246372119620675	2.20218479944942	230.0	25	1.05	0.95				
	221	2	0.0	0.0	0.0	0.0	2	1.0260618028388808	2.7789599034723182	230.0	27	1.05	0.95				
	222	2	0.0	0.0	0.0	0.0	2	1.0480460507417129	9.28960267401695	230.0	27	1.05	0.95				
	223	2	0.0	0.0	0.0	0.0	2	1.0269686068602089	2.9340999869362157	230.0	25	1.05	0.95				
	224	1	0.0	0.0	0.0	0.0	2	1.0070583984851136	-1.9700795132385565	230.0	26	1.05	0.95				
	301	2	50.13919644631579	10.213540016842106	0.0	0.0	3	1.0092205883121734	-12.81932137627047	138.0	31	1.05	0.95				
	302	2	45.03242643789474	9.28503637894737	0.0	0.0	3	1.0086509595056123	-12.975269146262638	138.0	32	1.05	0.95				
	303	1	83.56532741052632	17.177317301052632	0.0	0.0	3	1.03422662513503	-5.047760378517918	138.0	31	1.05	0.95				
	304	1	34.354634602105264	6.963777284210526	0.0	0.0	3	1.0115770051409576	-11.197911659110508	138.0	31	1.05	0.95				
	305	1	32.961879145263154	6.499525465263159	0.0	0.0	3	1.0237159026936231	-12.754604683020105	138.0	31	1.05	0.95				
	306	1	63.138247376842116	12.999050930526318	0.0	-100.0	3	1.0395892647077143	-13.25538760902381	138.0	32	1.05	0.95				
	307	2	58.03147736842106	11.606295473684211	0.0	0.0	3	0.9930603917474983	-17.88727184453524	138.0	32	1.05	0.95				
	308	1	79.38706104	16.248813663157893	0.0	0.0	3	0.9985915773804335	-15.773820345933524	138.0	32	1.05	0.95				
	309	1	81.24406831578948	16.713065482105264	0.0	0.0	3	1.0291787402674777	-7.859886972015482	138.0	33	1.05	0.95				
	310	1	90.52910469473684	18.57007275789474	0.0	0.0	3	1.05	-11.1952739170802	138.0	33	1.05	0.95				
	311	1	0.0	0.0	0.0	0.0	3	1.0098568046317813	-5.658200301536436	230.0	33	1.05	0.95				
	312	1	0.0	0.0	0.0	0.0	3	1.0135813608182274	-5.104036019432098	230.0	33	1.05	0.95				
	313	2	123.02673202105264	25.069598223157897	0.0	0.0	3	1.0118498995101253	-2.496735085465816	230.0	34	1.05	0.95				
	314	2	90.06485287578948	18.10582093894737	0.0	0.0	3	1.0083498959757298	-4.44562458390938	230.0	36	1.05	0.95				
	315	2	147.1678266063158	29.712116412631577	0.0	0.0	3	1.0334078405836566	-0.358324711368994	230.0	36	1.05	0.95				
	316	2	46.425181894736845	9.28503637894737	0.0	0.0	3	1.0324970689958894	0.04832560581501252	230.0	36	1.05	0.95				
	317	1	0.0	0.0	0.0	0.0	3	1.041139073686028	3.3554223516704833	230.0	37	1.05	0.95				
	318	2	154.59585570947368	31.569123688421058	0.0	0.0	3	1.0378603614949218	2.069621496459855	230.0	37	1.05	0.95				
	319	1	84.0295792294737	17.177317301052632	0.0	0.0	3	1.027730431388354	-0.7167202452707581	230.0	35	1.05	0.95				
	320	1	59.424232825263154	12.070547292631579	0.0	0.0	3	1.0269182914349184	-0.48185230149857416	230.0	35	1.05	0.95				
	321	2	0.0	0.0	0.0	0.0	3	1.0384117612336052	1.841091612869044	230.0	37	1.05	0.95				
	322	2	0.0	0.0	0.0	0.0	3	1.05	6.7519713606201055	230.0	37	1.05	0.95				
	323	2	0.0	0.0	0.0	0.0	3	1.0272423804562143	0.004131759785842449	230.0	35	1.05	0.95				
	324	1	0.0	0.0	0.0	0.0	3	1.0266589604644039	-2.1305261318538267	230.0	36	1.05	0.95				
	325	1	0.0	0.0	0.0	0.0	3	1.0255601391965627	1.1321272881093478	230.0	35	1.05	0.95				
];
