%% MATPOWER Case Format : Version 2
function mpc = RTS_GMLC
mpc.version = '2';

%%-----  Power Flow Data  -----%%
%% system MVA base
mpc.baseMVA = 100.0;
%% bus data
%    bus_i    type    Pd    Qd    Gs    Bs    area    Vm    Va    baseKV    zone    Vmax    Vmin
mpc.bus = [
	101	2	43.80653141052632	8.923552694736843	0.0	0.0	1	1.0140146073912009	-3.141793461294671	138.0	11	1.05	0.95				
	102	2	39.34475506315789	8.112320631578948	0.0	0.0	1	1.0138839207585295	-3.400840017747808	138.0	12	1.05	0.95				
	103	1	73.01088568421052	15.007793168421053	0.0	0.0	1	1.0036284262190596	2.2183488437644465	138.0	11	1.05	0.95				
	104	1	30.015586336842105	6.08424047368421	0.0	0.0	1	1.004179712785965	-3.500621993442751	138.0	11	1.05	0.95				
	105	1	28.798738242105266	5.678624442105264	0.0	0.0	1	1.0180904207530572	-4.669577138505049	138.0	11	1.05	0.95				
	106	1	55.16378029473685	11.357248884210527	0.0	-100.0	1	1.0282288089731222	-6.016923544635552	138.0	12	1.05	0.95				
	107	2	50.702003947368425	10.140400789473684	0.0	0.0	1	0.9870938034481092	-12.335788673442266	138.0	12	1.05	0.95				
	108	1	69.36034140000001	14.196561105263159	0.0	0.0	1	0.9873983102407332	-10.044498354531251	138.0	12	1.05	0.95				
	109	1	70.9828055263158	14.602177136842103	0.0	0.0	1	1.0029757584214973	-2.834562942716525	138.0	13	1.05	0.95				
	110	1	79.09512615789474	16.224641263157896	0.0	0.0	1	1.0319356818879228	-4.883769667913345	138.0	13	1.05	0.95				
	111	1	0.0	0.0	0.0	0.0	1	0.9840848165006995	-0.11612455056556266	230.0	13	1.05	0.95				
	112	1	0.0	0.0	0.0	0.0	1	0.985001794101088	-1.2507954444732137	230.0	13	1.05	0.95				
	113	3	107.48824836842105	21.90326570526316	0.0	0.0	1	0.9663304695484823	-2.142238807162546e-30	230.0	14	1.05	0.95				
	114	2	78.68951012631578	15.819025231578948	0.0	0.0	1	0.9952383410459323	3.6385462174232974	230.0	16	1.05	0.95				
	115	2	128.5802820105263	25.959426021052636	0.0	0.0	1	0.9940485578819759	13.59873166492162	230.0	16	1.05	0.95				
	116	2	40.56160315789474	8.112320631578948	0.0	0.0	1	0.992037486891607	11.763342932312735	230.0	16	1.05	0.95				
	117	1	0.0	0.0	0.0	0.0	1	0.9946839693476913	18.046561402482205	230.0	17	1.05	0.95				
	118	2	135.0701385157895	27.581890147368426	0.0	0.0	1	1.0048585567747959	18.7260261331587	230.0	17	1.05	0.95				
	119	1	73.41650171578948	15.007793168421053	0.0	0.0	1	0.9910476338075419	7.474752905596625	230.0	15	1.05	0.95				
	120	1	51.91885204210527	10.546016821052632	0.0	0.0	1	0.9963124974711044	4.101045945565759	230.0	15	1.05	0.95				
	121	2	0.0	0.0	0.0	0.0	1	1.0053671113755285	20.091531156027152	230.0	17	1.05	0.95				
	122	2	0.0	0.0	0.0	0.0	1	1.0094107437453683	38.389749287353155	230.0	17	1.05	0.95				
	123	2	0.0	0.0	0.0	0.0	1	1.0006798078395103	2.589381000623312	230.0	15	1.05	0.95				
	124	1	0.0	0.0	0.0	0.0	1	0.9840221701450971	9.251864492731434	230.0	16	1.05	0.95				
	201	2	43.99559264842105	8.962065169122807	0.0	0.0	2	1.0114516054985727	-18.24934723957215	138.0	21	1.05	0.95				
	202	2	39.51456006385964	8.147331971929825	0.0	0.0	2	1.0104508535732544	-18.511401386558962	138.0	22	1.05	0.95				
	203	1	73.32598774736842	15.072564148070175	0.0	0.0	2	0.9964245766223276	-13.362234970404144	138.0	21	1.05	0.95				
	204	1	30.14512829614035	6.110498978947368	0.0	0.0	2	0.9996692195534495	-17.786897727545558	138.0	21	1.05	0.95				
	205	1	28.923028500350874	5.703132380350877	0.0	0.0	2	1.016721134145169	-18.327448176090567	138.0	21	1.05	0.95				
	206	1	55.40185740912281	11.406264760701754	0.0	-100.0	2	1.027520915412079	-18.893585544797286	138.0	22	1.05	0.95				
	207	2	50.92082482456141	10.18416496491228	0.0	0.0	2	0.9723489710629887	-23.817882428584873	138.0	22	1.05	0.95				
	208	1	69.65968835999999	14.257830950877192	0.0	0.0	2	0.9793114624851209	-21.91855906796245	138.0	22	1.05	0.95				
	209	1	71.28915475438596	14.665197549473682	0.0	0.0	2	1.0030191926311063	-15.443726921193043	138.0	23	1.05	0.95				
	210	1	79.43648672631578	16.29466394385965	0.0	0.0	2	1.0318071976415784	-17.058394162887836	138.0	23	1.05	0.95				
	211	1	0.0	0.0	0.0	0.0	2	0.9866545318693501	-12.4772134557139	230.0	23	1.05	0.95				
	212	1	0.0	0.0	0.0	0.0	2	0.9834235370086981	-10.924982471124308	230.0	23	1.05	0.95				
	213	2	107.95214862807016	21.997796324210526	0.0	0.0	2	0.9828303276895042	-10.809497249948144	230.0	24	1.05	0.95				
	214	2	79.02912012771928	15.887297345263157	0.0	0.0	2	0.9875053070801886	-10.038714725313588	230.0	26	1.05	0.95				
	215	2	129.1352117550877	26.071462310175438	0.0	0.0	2	0.9925970544167407	-2.95789131971475	230.0	26	1.05	0.95				
	216	2	40.73665985964912	8.147331971929825	0.0	0.0	2	0.990827287284432	-3.8615445496923013	230.0	26	1.05	0.95				
	217	1	0.0	0.0	0.0	0.0	2	1.001636622941226	-1.9313901795847312	230.0	27	1.05	0.95				
	218	2	135.65307733263157	27.700928704561406	0.0	0.0	2	1.003312891003691	-2.4811796103818806	230.0	27	1.05	0.95				
	219	1	73.73335434596491	15.072564148070175	0.0	0.0	2	0.9830884340136529	-3.8472334983389995	230.0	25	1.05	0.95				
	220	1	52.142924620350875	10.591531563508772	0.0	0.0	2	0.9793061477787355	-2.966070250898012	230.0	25	1.05	0.95				
	221	2	0.0	0.0	0.0	0.0	2	1.0056226520854152	-1.9733516583047062	230.0	27	1.05	0.95				
	222	2	0.0	0.0	0.0	0.0	2	1.0235497686942563	3.5393179387776206	230.0	27	1.05	0.95				
	223	2	0.0	0.0	0.0	0.0	2	0.9780823453964576	-2.1322427704877924	230.0	25	1.05	0.95				
	224	1	0.0	0.0	0.0	0.0	2	0.9816359386646316	-6.910450899888104	230.0	26	1.05	0.95				
	301	2	63.805757684210526	12.997469157894736	0.0	0.0	3	1.0026417330930215	29.40203060350259	138.0	31	1.05	0.95				
	302	2	57.307023105263156	11.815881052631578	0.0	0.0	3	1.0031911613443727	29.058745464381822	138.0	32	1.05	0.95				
	303	1	106.3429294736842	21.85937994736842	0.0	0.0	3	1.0138393321243757	43.6866114596605	138.0	31	1.05	0.95				
	304	1	43.71875989473684	8.861910789473683	0.0	0.0	3	0.9932432557050767	30.969843844104616	138.0	31	1.05	0.95				
	305	1	41.9463777368421	8.271116736842107	0.0	0.0	3	1.0105576842789825	29.040633704412965	138.0	31	1.05	0.95				
	306	1	80.34799115789474	16.542233473684213	0.0	-100.0	3	1.021837353359139	28.157240239679624	138.0	32	1.05	0.95				
	307	2	73.84925657894736	14.769851315789474	0.0	0.0	3	0.9667555553352916	25.03195648648023	138.0	32	1.05	0.95				
	308	1	101.025783	20.67779184210526	0.0	0.0	3	0.977944583184185	27.796427257033223	138.0	32	1.05	0.95				
	309	1	103.38895921052631	21.26858589473684	0.0	0.0	3	1.0060602436100643	35.0505258503261	138.0	33	1.05	0.95				
	310	1	115.20484026315789	23.631762105263157	0.0	0.0	3	1.0338189558895166	30.62699408632149	138.0	33	1.05	0.95				
	311	1	0.0	0.0	0.0	0.0	3	0.9949070235444369	35.27592456836475	230.0	33	1.05	0.95				
	312	1	0.0	0.0	0.0	0.0	3	1.0019519045360157	35.90736878289574	230.0	33	1.05	0.95				
	313	2	156.5604239473684	31.902878842105263	0.0	0.0	3	1.0058800682110633	39.68684482181203	230.0	34	1.05	0.95				
	314	2	114.61404621052631	23.040968052631577	0.0	0.0	3	0.9877201122192767	33.894143896506336	230.0	36	1.05	0.95				
	315	2	187.2817146842105	37.81081936842105	0.0	0.0	3	0.9874950323695662	30.355950728363325	230.0	36	1.05	0.95				
	316	2	59.079405263157895	11.815881052631578	0.0	0.0	3	0.9827833018975833	30.95721600878593	230.0	36	1.05	0.95				
	317	1	0.0	0.0	0.0	0.0	3	0.990795350381848	31.669794150921557	230.0	37	1.05	0.95				
	318	2	196.73441952631578	40.17399557894737	0.0	0.0	3	0.9826578499727292	27.699952613688772	230.0	37	1.05	0.95				
	319	1	106.93372352631579	21.85937994736842	0.0	0.0	3	0.9917309120820847	31.720319511637353	230.0	35	1.05	0.95				
	320	1	75.6216387368421	15.360645368421052	0.0	0.0	3	1.0012923500099171	32.115342032306366	230.0	35	1.05	0.95				
	321	2	0.0	0.0	0.0	0.0	3	0.9932058940751752	29.08184215698146	230.0	37	1.05	0.95				
	322	2	0.0	0.0	0.0	0.0	3	1.0110268480866398	33.04826671630489	230.0	37	1.05	0.95				
	323	2	0.0	0.0	0.0	0.0	3	1.0065049132437778	32.16744270462646	230.0	35	1.05	0.95				
	324	1	0.0	0.0	0.0	0.0	3	0.9953670516952651	37.042273272716095	230.0	36	1.05	0.95				
