%% MATPOWER Case Format : Version 2
function mpc = RTS_GMLC
mpc.version = '2';

%%-----  Power Flow Data  -----%%
%% system MVA base
mpc.baseMVA = 100.0;
%% bus data
%    bus_i    type    Pd    Qd    Gs    Bs    area    Vm    Va    baseKV    zone    Vmax    Vmin
mpc.bus = [
	101	2	52.597229077894745	10.714250367719298	0.0	0.0	1	1.0305518455640725	0.6300890483924864	138.0	11	1.05	0.95				
	102	2	47.24010389403509	9.740227607017545	0.0	0.0	1	1.029504500797942	0.3124279766467554	138.0	12	1.05	0.95				
	103	1	87.6620484631579	18.019421072982457	0.0	0.0	1	1.0254433459011896	1.4191002711531129	138.0	11	1.05	0.95				
	104	1	36.038842145964914	7.305170705263158	0.0	0.0	1	1.0182463004909517	-2.4724157493180394	138.0	11	1.05	0.95				
	105	1	34.57780800491228	6.818159324912282	0.0	0.0	1	1.0336092419855185	-2.4894491499654396	138.0	11	1.05	0.95				
	106	1	66.23354772771931	13.636318649824563	0.0	-100.0	1	1.0429639020744474	-4.765020396272536	138.0	12	1.05	0.95				
	107	2	60.876422543859654	12.17528450877193	0.0	0.0	1	0.9977422152190771	-11.483631791601423	138.0	12	1.05	0.95				
	108	1	83.27894604000001	17.045398312280703	0.0	0.0	1	0.9998248719316097	-9.58473998058517	138.0	12	1.05	0.95				
	109	1	85.22699156140351	17.53240969263158	0.0	0.0	1	1.023779712825956	-2.7654480870039975	138.0	13	1.05	0.95				
	110	1	94.96721916842105	19.48045521403509	0.0	0.0	1	1.05	-4.106378008430188	138.0	13	1.05	0.95				
	111	1	0.0	0.0	0.0	0.0	1	1.009793572537194	-0.04653516401077812	230.0	13	1.05	0.95				
	112	1	0.0	0.0	0.0	0.0	1	1.0112772154398655	-0.9526447526348091	230.0	13	1.05	0.95				
	113	3	129.05801579298247	26.298614538947373	0.0	0.0	1	1.0023080835836613	-1.359678183402535e-29	230.0	14	1.05	0.95				
	114	2	94.48020778807017	18.99344383368421	0.0	0.0	1	1.0173025509030125	3.3559749089600115	230.0	16	1.05	0.95				
	115	2	154.38260757122808	31.16872834245614	0.0	0.0	1	1.0385694964830432	13.003789607644974	230.0	16	1.05	0.95				
	116	2	48.70113803508772	9.740227607017545	0.0	0.0	1	1.0334424259099564	11.129295927845746	230.0	16	1.05	0.95				
	117	1	0.0	0.0	0.0	0.0	1	1.0391440545459985	17.111985461006004	230.0	17	1.05	0.95				
	118	2	162.1747896568421	33.116773863859656	0.0	0.0	1	1.05	17.879233974873166	230.0	17	1.05	0.95				
	119	1	88.14905984350878	18.019421072982457	0.0	0.0	1	1.0235290276243092	6.909724426738133	230.0	15	1.05	0.95				
	120	1	62.33745668491228	12.662295889122808	0.0	0.0	1	1.0223529897186847	4.159824368192665	230.0	15	1.05	0.95				
	121	2	0.0	0.0	0.0	0.0	1	1.05	19.772281173529272	230.0	17	1.05	0.95				
	122	2	0.0	0.0	0.0	0.0	1	1.05	35.50085487050109	230.0	17	1.05	0.95				
	123	2	0.0	0.0	0.0	0.0	1	1.02308046681781	3.0214046688479077	230.0	15	1.05	0.95				
	124	1	0.0	0.0	0.0	0.0	1	1.0191977793862204	8.673902352060125	230.0	16	1.05	0.95				
	201	2	47.089563991578956	9.592318590877195	0.0	0.0	2	1.0093146079556152	-14.714079932678015	138.0	21	1.05	0.95				
	202	2	42.29340469614035	8.720289628070176	0.0	0.0	2	1.008436789031785	-14.993877410987508	138.0	22	1.05	0.95				
	203	1	78.48260665263157	16.132535811929824	0.0	0.0	2	1.014959950512375	-10.80601671298613	138.0	21	1.05	0.95				
	204	1	32.26507162385965	6.5402172210526315	0.0	0.0	2	1.0099358840787906	-14.434495250780824	138.0	21	1.05	0.95				
	205	1	30.95702817964912	6.104202739649123	0.0	0.0	2	1.0242289221613476	-14.880687141774132	138.0	21	1.05	0.95				
	206	1	59.2979694708772	12.208405479298246	0.0	-100.0	2	1.0403558948501606	-15.511879253914909	138.0	22	1.05	0.95				
	207	2	54.50181017543861	10.90036203508772	0.0	0.0	2	0.9912869277543277	-20.73089731666644	138.0	22	1.05	0.95				
	208	1	74.55847632	15.260506849122807	0.0	0.0	2	0.997788772282098	-18.761198591921445	138.0	22	1.05	0.95				
	209	1	76.30253424561404	15.696521330526316	0.0	0.0	2	1.0241023705560146	-12.174506294211872	138.0	23	1.05	0.95				
	210	1	85.02282387368422	17.440579256140353	0.0	0.0	2	1.05	-13.641722789003747	138.0	23	1.05	0.95				
	211	1	0.0	0.0	0.0	0.0	2	1.0094253399590016	-8.746038469902913	230.0	23	1.05	0.95				
	212	1	0.0	0.0	0.0	0.0	2	1.012216317151946	-7.4620913907527	230.0	23	1.05	0.95				
	213	2	115.54383757192983	23.544781995789478	0.0	0.0	2	1.0102912141632288	-6.735494503786686	230.0	24	1.05	0.95				
	214	2	84.5868093922807	17.004564774736846	0.0	0.0	2	1.011204789067721	-6.267547745398873	230.0	26	1.05	0.95				
	215	2	138.21659060491228	27.904926809824566	0.0	0.0	2	1.0280763710644034	-0.3103364460505615	230.0	26	1.05	0.95				
	216	2	43.60144814035088	8.720289628070176	0.0	0.0	2	1.0309307586527188	-0.14893320487892794	230.0	26	1.05	0.95				
	217	1	0.0	0.0	0.0	0.0	2	1.0330079824121317	1.1012197069563638	230.0	27	1.05	0.95				
	218	2	145.19282230736843	29.6489847354386	0.0	0.0	2	1.0317216913202087	0.5615083403178909	230.0	27	1.05	0.95				
	219	1	78.91862113403509	16.132535811929824	0.0	0.0	2	1.0358308071550433	0.7158820440455881	230.0	25	1.05	0.95				
	220	1	55.80985361964913	11.336376516491228	0.0	0.0	2	1.0433051011275816	2.2906333490860766	230.0	25	1.05	0.95				
	221	2	0.0	0.0	0.0	0.0	2	1.0334015547339421	1.0723268199611171	230.0	27	1.05	0.95				
	222	2	0.0	0.0	0.0	0.0	2	1.05	7.579523588106412	230.0	27	1.05	0.95				
	223	2	0.0	0.0	0.0	0.0	2	1.0485510757322407	3.468424323196789	230.0	25	1.05	0.95				
	224	1	0.0	0.0	0.0	0.0	2	1.0102285856286866	-4.231115167305346	230.0	26	1.05	0.95				
	301	2	45.69756408	9.308763053333333	0.0	0.0	3	1.0087758236075204	14.429002356942883	138.0	31	1.05	0.95				
	302	2	41.04318255333333	8.462511866666667	0.0	0.0	3	1.0086352866233579	14.147402839149237	138.0	32	1.05	0.95				
	303	1	76.16260679999999	15.655646953333333	0.0	0.0	3	1.0479855756926253	26.11724392082575	138.0	31	1.05	0.95				
	304	1	31.311293906666666	6.3468839	0.0	0.0	3	1.0118450950450235	15.60009371844209	138.0	31	1.05	0.95				
	305	1	30.041917126666668	5.923758306666667	0.0	0.0	3	1.0241763708637202	13.353032093617312	138.0	31	1.05	0.95				
	306	1	57.54508069333334	11.847516613333333	0.0	-100.0	3	1.040644851242878	12.24817372394777	138.0	32	1.05	0.95				
	307	2	52.890699166666664	10.578139833333333	0.0	0.0	3	0.9807532406218311	8.609116130774646	138.0	32	1.05	0.95				
	308	1	72.35447646	14.809395766666666	0.0	0.0	3	0.9926542331365076	10.466572355845539	138.0	32	1.05	0.95				
	309	1	74.04697883333333	15.232521359999998	0.0	0.0	3	1.0276812240184956	18.51580679512618	138.0	33	1.05	0.95				
	310	1	82.5094907	16.925023733333333	0.0	0.0	3	1.05	13.646285463865533	138.0	33	1.05	0.95				
	311	1	0.0	0.0	0.0	0.0	3	1.0104986816895212	17.774573276215836	230.0	33	1.05	0.95				
	312	1	0.0	0.0	0.0	0.0	3	1.016965398867932	17.991946180109462	230.0	33	1.05	0.95				
	313	2	112.12828223333334	22.84878204	0.0	0.0	3	1.013900009431756	19.88669356298086	230.0	34	1.05	0.95				
	314	2	82.08636510666666	16.50189814	0.0	0.0	3	1.0030167346728098	17.719941658404846	230.0	36	1.05	0.95				
	315	2	134.13081308666665	27.080037973333333	0.0	0.0	3	1.0396934661923072	20.399178695970253	230.0	36	1.05	0.95				
	316	2	42.31255933333333	8.462511866666667	0.0	0.0	3	1.0317006969004103	20.147168036359076	230.0	36	1.05	0.95				
	317	1	0.0	0.0	0.0	0.0	3	1.05	24.111059597126808	230.0	37	1.05	0.95				
	318	2	140.90082258	28.77254034666667	0.0	0.0	3	1.0491534825107642	21.103241874765036	230.0	37	1.05	0.95				
	319	1	76.58573239333334	15.655646953333333	0.0	0.0	3	1.0257442442691933	18.875843305357364	230.0	35	1.05	0.95				
	320	1	54.160075946666666	11.001265426666667	0.0	0.0	3	1.0236218238435784	18.59091204512702	230.0	35	1.05	0.95				
	321	2	0.0	0.0	0.0	0.0	3	1.0465626711353637	21.52272918036531	230.0	37	1.05	0.95				
	322	2	0.0	0.0	0.0	0.0	3	1.05	26.882387885068024	230.0	37	1.05	0.95				
	323	2	0.0	0.0	0.0	0.0	3	1.0229563806251865	18.762330830773717	230.0	35	1.05	0.95				
	324	1	0.0	0.0	0.0	0.0	3	1.0402271814293087	22.58826864001005	230.0	36	1.05	0.95				
	325	1	0.0	0.0	0.0	0.0	3	1.0258943510451775	18.862816118458362	230.0	35	1.05	0.95				
];
