%% MATPOWER Case Format : Version 2
function mpc = RTS_GMLC
mpc.version = '2';

%%-----  Power Flow Data  -----%%
%% system MVA base
mpc.baseMVA = 100.0;
%% bus data
%    bus_i    type    Pd    Qd    Gs    Bs    area    Vm    Va    baseKV    zone    Vmax    Vmin
mpc.bus = [
	101	2	40.399802071578954	8.229589310877195	0.0	0.0	1	1.0330008066569611	2.565098638518046	138.0	11	1.05	0.95				
	102	2	36.28500741614035	7.481444828070176	0.0	0.0	1	1.0317688462097212	2.1871316092124005	138.0	12	1.05	0.95				
	103	1	67.33300345263159	13.840672931929825	0.0	0.0	1	1.029614887680791	2.8162260597572715	138.0	11	1.05	0.95				
	104	1	27.68134586385965	5.611083621052632	0.0	0.0	1	1.0211244678533715	-0.6182146339968765	138.0	11	1.05	0.95				
	105	1	26.559129139649123	5.2370113796491236	0.0	0.0	1	1.0363180530538867	-0.5372663251368054	138.0	11	1.05	0.95				
	106	1	50.873824830877204	10.474022759298247	0.0	-100.0	1	1.046680852174141	-2.733232697911213	138.0	12	1.05	0.95				
	107	2	46.759030175438596	9.351806035087721	0.0	0.0	1	0.9986396196529315	-10.647071548752248	138.0	12	1.05	0.95				
	108	1	63.96635328000001	13.09252844912281	0.0	0.0	1	1.0031879438216627	-8.098994936148175	138.0	12	1.05	0.95				
	109	1	65.46264224561405	13.466600690526317	0.0	0.0	1	1.0232645420935726	-1.390262212223587	138.0	13	1.05	0.95				
	110	1	72.94408707368422	14.962889656140351	0.0	0.0	1	1.05	-2.5007662866767277	138.0	13	1.05	0.95				
	111	1	0.0	0.0	0.0	0.0	1	1.0022491478935263	0.6788536932139531	230.0	13	1.05	0.95				
	112	1	0.0	0.0	0.0	0.0	1	1.0072181347976497	-0.403657171631202	230.0	13	1.05	0.95				
	113	3	99.12914397192984	20.199901035789477	0.0	0.0	1	0.9947597205306083	5.268546902618831e-29	230.0	14	1.05	0.95				
	114	2	72.5700148322807	14.588817414736843	0.0	0.0	1	1.0003678024110632	4.034418875589855	230.0	16	1.05	0.95				
	115	2	118.58090052491228	23.940623449824564	0.0	0.0	1	1.0364541701115089	12.639145529328156	230.0	16	1.05	0.95				
	116	2	37.407224140350884	7.481444828070176	0.0	0.0	1	1.0290982288285435	10.90528589069191	230.0	16	1.05	0.95				
	117	1	0.0	0.0	0.0	0.0	1	1.0363334874160721	16.38846738715255	230.0	17	1.05	0.95				
	118	2	124.56605638736843	25.436912415438602	0.0	0.0	1	1.046428035035525	16.975787903428163	230.0	17	1.05	0.95				
	119	1	67.7070756940351	13.840672931929825	0.0	0.0	1	1.0167844167231384	6.783920748883917	230.0	15	1.05	0.95				
	120	1	47.88124689964913	9.72587827649123	0.0	0.0	1	1.012230231200879	3.8923602413177436	230.0	15	1.05	0.95				
	121	2	0.0	0.0	0.0	0.0	1	1.049202112242898	18.424840741254265	230.0	17	1.05	0.95				
	122	2	0.0	0.0	0.0	0.0	1	1.05	34.03216290843452	230.0	17	1.05	0.95				
	123	2	0.0	0.0	0.0	0.0	1	1.0107105639729612	2.5898129871294837	230.0	15	1.05	0.95				
	124	1	0.0	0.0	0.0	0.0	1	1.0216620346816805	8.947241702666014	230.0	16	1.05	0.95				
	201	2	42.261608690526316	8.608846214736841	0.0	0.0	2	1.0091712118859753	-17.94111241468903	138.0	21	1.05	0.95				
	202	2	37.957185583157894	7.826223831578948	0.0	0.0	2	1.0083392966607108	-18.256276859548304	138.0	22	1.05	0.95				
	203	1	70.43601448421052	14.478514088421052	0.0	0.0	2	1.0130161041962447	-13.084840046299053	138.0	21	1.05	0.95				
	204	1	28.957028176842105	5.86966787368421	0.0	0.0	2	1.0099243288230337	-17.990077238455292	138.0	21	1.05	0.95				
	205	1	27.78309460210526	5.478356682105264	0.0	0.0	2	1.0248416219491836	-18.503419024329453	138.0	21	1.05	0.95				
	206	1	53.218322054736845	10.956713364210527	0.0	-100.0	2	1.0415852836330233	-19.319203361228162	138.0	22	1.05	0.95				
	207	2	48.913898947368416	9.782779789473683	0.0	0.0	2	0.9918205665323813	-23.92559306546483	138.0	22	1.05	0.95				
	208	1	66.91421376	13.695891705263156	0.0	0.0	2	0.9995179404212852	-22.191042650757602	138.0	22	1.05	0.95				
	209	1	68.47945852631578	14.087202896842104	0.0	0.0	2	1.0222909383329695	-16.144043425726238	138.0	23	1.05	0.95				
	210	1	76.30568235789474	15.652447663157895	0.0	0.0	2	1.05	-17.800443532833498	138.0	23	1.05	0.95				
	211	1	0.0	0.0	0.0	0.0	2	1.0059822269639347	-13.32211424028999	230.0	23	1.05	0.95				
	212	1	0.0	0.0	0.0	0.0	2	1.0124271824116358	-12.965011367485518	230.0	23	1.05	0.95				
	213	2	103.69746576842105	21.130804345263158	0.0	0.0	2	1.0051631142493358	-12.377024956461597	230.0	24	1.05	0.95				
	214	2	75.91437116631579	15.261136471578945	0.0	0.0	2	1.0050711027613846	-10.387537044732388	230.0	26	1.05	0.95				
	215	2	124.04564773052631	25.04391626105263	0.0	0.0	2	1.0206479890840414	-3.164859656756304	230.0	26	1.05	0.95				
	216	2	39.13111915789473	7.826223831578948	0.0	0.0	2	1.0232689392585474	-3.888762487330402	230.0	26	1.05	0.95				
	217	1	0.0	0.0	0.0	0.0	2	1.025180183415548	-1.695968244312181	230.0	27	1.05	0.95				
	218	2	130.30662679578947	26.609161027368422	0.0	0.0	2	1.0247133446742307	-2.176060211876496	230.0	27	1.05	0.95				
	219	1	70.82732567578947	14.478514088421052	0.0	0.0	2	1.0296182689908981	-4.975716869355579	230.0	25	1.05	0.95				
	220	1	50.08783252210526	10.174090981052633	0.0	0.0	2	1.0377090443891601	-5.149863631947823	230.0	25	1.05	0.95				
	221	2	0.0	0.0	0.0	0.0	2	1.02691612494511	-1.7004928748361454	230.0	27	1.05	0.95				
	222	2	0.0	0.0	0.0	0.0	2	1.0485769675174703	4.80929994511846	230.0	27	1.05	0.95				
	223	2	0.0	0.0	0.0	0.0	2	1.0424847242830682	-4.952567557710963	230.0	25	1.05	0.95				
	224	1	0.0	0.0	0.0	0.0	2	1.0056320395732958	-6.88996074231442	230.0	26	1.05	0.95				
	301	2	47.91838024421053	9.76115153122807	0.0	0.0	3	1.023777356788296	3.8797646464782276	138.0	31	1.05	0.95				
	302	2	43.03780447859649	8.873774119298245	0.0	0.0	3	1.0211209176042901	3.5254163106792946	138.0	32	1.05	0.95				
	303	1	79.86396707368422	16.416482120701755	0.0	0.0	3	1.05	18.526287263545907	138.0	31	1.05	0.95				
	304	1	32.83296424140351	6.655330589473683	0.0	0.0	3	1.0104044434202342	4.577035619109918	138.0	31	1.05	0.95				
	305	1	31.50189812350877	6.211641883508773	0.0	0.0	3	1.0286323251815193	2.6481719716065144	138.0	31	1.05	0.95				
	306	1	60.34166401122807	12.423283767017546	0.0	-100.0	3	1.0384837902246429	1.4143635964048458	138.0	32	1.05	0.95				
	307	2	55.46108824561403	11.092217649122807	0.0	0.0	3	0.95	-2.7791119339153956	138.0	32	1.05	0.95				
	308	1	75.87076871999999	15.529104708771929	0.0	0.0	3	0.9700175530870675	-0.8505522964873464	138.0	32	1.05	0.95				
	309	1	77.64552354385965	15.972793414736842	0.0	0.0	3	1.015278219489856	7.298499840606712	138.0	33	1.05	0.95				
	310	1	86.51929766315789	17.74754823859649	0.0	0.0	3	1.0440883954634366	2.8297644857198634	138.0	33	1.05	0.95				
	311	1	0.0	0.0	0.0	0.0	3	1.0030900729282668	6.871016269142247	230.0	33	1.05	0.95				
	312	1	0.0	0.0	0.0	0.0	3	1.0080481862599802	7.58077573322898	230.0	33	1.05	0.95				
	313	2	117.57750708070176	23.959190122105266	0.0	0.0	3	1.0055912280849755	9.53410722272518	230.0	34	1.05	0.95				
	314	2	86.07560895719298	17.30385953263158	0.0	0.0	3	0.9984538263701754	6.441897878410554	230.0	36	1.05	0.95				
	315	2	140.64931979087717	28.396077181754386	0.0	0.0	3	1.048085982424215	8.786469470066205	230.0	36	1.05	0.95				
	316	2	44.36887059649123	8.873774119298245	0.0	0.0	3	1.0321076566214242	8.506738698714793	230.0	36	1.05	0.95				
	317	1	0.0	0.0	0.0	0.0	3	1.0493103379931314	11.122109294724124	230.0	37	1.05	0.95				
	318	2	147.74833908631578	30.170832005614034	0.0	0.0	3	1.05	8.806317304056344	230.0	37	1.05	0.95				
	319	1	80.30765577964912	16.416482120701755	0.0	0.0	3	1.023126120997434	8.257091631374252	230.0	35	1.05	0.95				
	320	1	56.79215436350877	11.53590635508772	0.0	0.0	3	1.018388944738811	8.911022691395608	230.0	35	1.05	0.95				
	321	2	0.0	0.0	0.0	0.0	3	1.05	9.415025647521468	230.0	37	1.05	0.95				
	322	2	0.0	0.0	0.0	0.0	3	1.05	14.432044057380644	230.0	37	1.05	0.95				
	323	2	0.0	0.0	0.0	0.0	3	1.0166042092221568	9.62238934490407	230.0	35	1.05	0.95				
	324	1	0.0	0.0	0.0	0.0	3	1.0457441921431228	12.50987081445738	230.0	36	1.05	0.95				
	325	1	0.0	0.0	0.0	0.0	3	1.0177206250992976	10.391131256555768	230.0	35	1.05	0.95				
];
