%% MATPOWER Case Format : Version 2
function mpc = RTS_GMLC
mpc.version = '2';

%%-----  Power Flow Data  -----%%
%% system MVA base
mpc.baseMVA = 100.0;
%% bus data
%    bus_i    type    Pd    Qd    Gs    Bs    area    Vm    Va    baseKV    zone    Vmax    Vmin
mpc.bus = [
	101	2	50.406234555789474	10.26793666877193	0.0	0.0	1	1.0144915634855252	1.18877296483615	138.0	11	1.05	0.95				
	102	2	45.272266221403505	9.334487880701754	0.0	0.0	1	1.0133572223156613	0.8778245031823962	138.0	12	1.05	0.95				
	103	1	84.0103909263158	17.268802579298246	0.0	0.0	1	1.0250154166271752	1.1895532803600706	138.0	11	1.05	0.95				
	104	1	34.53760515859649	7.000865910526315	0.0	0.0	1	1.0123649566883315	-2.1513174622351863	138.0	11	1.05	0.95				
	105	1	33.13743197649123	6.5341415164912275	0.0	0.0	1	1.0255413426640716	-2.0963689479869054	138.0	11	1.05	0.95				
	106	1	63.47451758877193	13.068283032982455	0.0	-100.0	1	1.0394719238785377	-4.425847920616693	138.0	12	1.05	0.95				
	107	2	58.34054925438596	11.668109850877192	0.0	0.0	1	0.9871862671129596	-11.855201863019667	138.0	12	1.05	0.95				
	108	1	79.80987138	16.33535379122807	0.0	0.0	1	0.9944068644156215	-9.653735679786807	138.0	12	1.05	0.95				
	109	1	81.67676895614035	16.802078185263156	0.0	0.0	1	1.0259034873384838	-2.675672081511059	138.0	13	1.05	0.95				
	110	1	91.01125683684211	18.66897576140351	0.0	0.0	1	1.05	-3.8827742496831723	138.0	13	1.05	0.95				
	111	1	0.0	0.0	0.0	0.0	1	1.0196146776909905	-0.0915192598153413	230.0	13	1.05	0.95				
	112	1	0.0	0.0	0.0	0.0	1	1.0160791758073722	-0.6844904704227437	230.0	13	1.05	0.95				
	113	3	123.68196441929824	25.203117277894737	0.0	0.0	1	1.003406201267506	4.788226203330202e-30	230.0	14	1.05	0.95				
	114	2	90.54453244280701	18.202251367368422	0.0	0.0	1	1.0426484893108363	2.95276441996008	230.0	16	1.05	0.95				
	115	2	147.9516329091228	29.870361218245613	0.0	0.0	1	1.0424172327794714	11.69458757666917	230.0	16	1.05	0.95				
	116	2	46.67243940350877	9.334487880701754	0.0	0.0	1	1.0432817512476011	10.214151728287208	230.0	16	1.05	0.95				
	117	1	0.0	0.0	0.0	0.0	1	1.0412769914674505	15.772805188333619	230.0	17	1.05	0.95				
	118	2	155.4192232136842	31.737258794385966	0.0	0.0	1	1.04885860970063	16.161876933858316	230.0	17	1.05	0.95				
	119	1	84.47711532035088	17.268802579298246	0.0	0.0	1	1.0400493230417263	6.80218902326222	230.0	15	1.05	0.95				
	120	1	59.740722436491225	12.13483424491228	0.0	0.0	1	1.0429383269477146	4.722291154870958	230.0	15	1.05	0.95				
	121	2	0.0	0.0	0.0	0.0	1	1.0426978247050194	17.689403178318745	230.0	17	1.05	0.95				
	122	2	0.0	0.0	0.0	0.0	1	1.05	35.65532711036341	230.0	17	1.05	0.95				
	123	2	0.0	0.0	0.0	0.0	1	1.0454340954558994	3.928489321611994	230.0	15	1.05	0.95				
	124	1	0.0	0.0	0.0	0.0	1	1.0227762130139715	7.786165885081758	230.0	16	1.05	0.95				
	201	2	53.889501031578945	10.977490950877193	0.0	0.0	2	1.0170592570406252	-15.077778151050117	138.0	21	1.05	0.95				
	202	2	48.40075555614035	9.979537228070177	0.0	0.0	2	1.017674508354676	-15.035107108278266	138.0	22	1.05	0.95				
	203	1	89.81583505263157	18.462143871929825	0.0	0.0	2	1.0122195111067276	-12.428659471606572	138.0	21	1.05	0.95				
	204	1	36.92428774385965	7.484652921052631	0.0	0.0	2	1.012656469031029	-15.925252425043599	138.0	21	1.05	0.95				
	205	1	35.42735715964912	6.985676059649124	0.0	0.0	2	1.0273389497944012	-16.352006724549017	138.0	21	1.05	0.95				
	206	1	67.8608531508772	13.971352119298247	0.0	-100.0	2	1.0405872735907404	-17.547041818401482	138.0	22	1.05	0.95				
	207	2	62.37210767543859	12.47442153508772	0.0	0.0	2	0.9890635176338433	-24.40868829907066	138.0	22	1.05	0.95				
	208	1	85.3250433	17.464190149122807	0.0	0.0	2	0.9935847235366262	-22.09329292751727	138.0	22	1.05	0.95				
	209	1	87.32095074561403	17.963167010526316	0.0	0.0	2	1.0231951123844296	-14.590923357765105	138.0	23	1.05	0.95				
	210	1	97.30048797368421	19.959074456140353	0.0	0.0	2	1.05	-16.031032823867314	138.0	23	1.05	0.95				
	211	1	0.0	0.0	0.0	0.0	2	1.011720933447944	-11.272464510738718	230.0	23	1.05	0.95				
	212	1	0.0	0.0	0.0	0.0	2	1.0142634805573179	-10.081202057414606	230.0	23	1.05	0.95				
	213	2	132.2288682719298	26.944750515789472	0.0	0.0	2	1.0142940532200477	-9.54136833595319	230.0	24	1.05	0.95				
	214	2	96.8015111122807	19.46009759473684	0.0	0.0	2	1.0142783988750994	-8.70366978604523	230.0	26	1.05	0.95				
	215	2	158.17566506491227	31.93451912982456	0.0	0.0	2	1.0300369964382883	-1.9866954472113654	230.0	26	1.05	0.95				
	216	2	49.89768614035088	9.979537228070177	0.0	0.0	2	1.033734831211177	-2.065189144061732	230.0	26	1.05	0.95				
	217	1	0.0	0.0	0.0	0.0	2	1.0378085795187657	-0.32625164599654444	230.0	27	1.05	0.95				
	218	2	166.15929484736841	33.9304265754386	0.0	0.0	2	1.0355367474366821	-1.0379111897477582	230.0	27	1.05	0.95				
	219	1	90.31481191403509	18.462143871929825	0.0	0.0	2	1.0376431136512962	-1.6721403801511323	230.0	25	1.05	0.95				
	220	1	63.86903825964912	12.973398396491229	0.0	0.0	2	1.044793510017348	-0.38757953090248753	230.0	25	1.05	0.95				
	221	2	0.0	0.0	0.0	0.0	2	1.0361651710562605	-0.54609312837422	230.0	27	1.05	0.95				
	222	2	0.0	0.0	0.0	0.0	2	1.05	6.03992420934198	230.0	27	1.05	0.95				
	223	2	0.0	0.0	0.0	0.0	2	1.05	0.6769053469679316	230.0	25	1.05	0.95				
	224	1	0.0	0.0	0.0	0.0	2	1.0104736661759735	-5.869071314857491	230.0	26	1.05	0.95				
	301	2	73.62859854315789	14.998418221754386	0.0	0.0	3	1.0415828318018687	-4.891473557653146	138.0	31	1.05	0.95				
	302	2	66.1293894322807	13.63492565614035	0.0	0.0	3	1.0396494152768134	-5.285033771025018	138.0	32	1.05	0.95				
	303	1	122.71433090526315	25.224612463859646	0.0	0.0	3	1.05	13.613511086895457	138.0	31	1.05	0.95				
	304	1	50.44922492771929	10.226194242105263	0.0	0.0	3	1.0098370651368895	-2.6546743965263055	138.0	31	1.05	0.95				
	305	1	48.40398607929824	9.544447959298246	0.0	0.0	3	1.0307554363534155	-5.755562009831737	138.0	31	1.05	0.95				
	306	1	92.71749446175438	19.088895918596492	0.0	-100.0	3	1.0303423027669776	-7.003448055147679	138.0	32	1.05	0.95				
	307	2	85.21828535087718	17.04365707017544	0.0	0.0	3	0.95	-5.808210078530994	138.0	32	1.05	0.95				
	308	1	116.57861435999999	23.86111989824561	0.0	0.0	3	0.9609481648059942	-6.093070413010777	138.0	32	1.05	0.95				
	309	1	119.30559949122808	24.54286618105263	0.0	0.0	3	1.0110148934925742	2.4030927734899206	138.0	33	1.05	0.95				
	310	1	132.94052514736842	27.2698513122807	0.0	0.0	3	1.0367071405729875	-4.456330115654913	138.0	33	1.05	0.95				
	311	1	0.0	0.0	0.0	0.0	3	0.999705194528132	1.5382081542150436	230.0	33	1.05	0.95				
	312	1	0.0	0.0	0.0	0.0	3	1.0003854192283572	2.142236340705042	230.0	33	1.05	0.95				
	313	2	180.66276494385966	36.814299271578946	0.0	0.0	3	0.9968135807425477	3.914451767391271	230.0	34	1.05	0.95				
	314	2	132.2587788645614	26.588105029473684	0.0	0.0	3	1.004751018977961	2.1244046849200573	230.0	36	1.05	0.95				
	315	2	216.11357164982454	43.63176209964912	0.0	0.0	3	1.05	7.394610014039493	230.0	36	1.05	0.95				
	316	2	68.17462828070175	13.63492565614035	0.0	0.0	3	1.0488818254885424	7.042605592244777	230.0	36	1.05	0.95				
	317	1	0.0	0.0	0.0	0.0	3	1.05	12.81620769074495	230.0	37	1.05	0.95				
	318	2	227.02151217473684	46.35874723087719	0.0	0.0	3	1.0396220954882447	9.815927029780445	230.0	37	1.05	0.95				
	319	1	123.39607718807018	25.224612463859646	0.0	0.0	3	1.029504594344418	5.556538244210744	230.0	35	1.05	0.95				
	320	1	87.26352419929825	17.725403352982458	0.0	0.0	3	1.0187829261661145	5.551512007450737	230.0	35	1.05	0.95				
	321	2	0.0	0.0	0.0	0.0	3	1.0426815078065197	9.673240875293343	230.0	37	1.05	0.95				
	322	2	0.0	0.0	0.0	0.0	3	1.0466889038876646	15.284175343726169	230.0	37	1.05	0.95				
	323	2	0.0	0.0	0.0	0.0	3	1.0146735268381617	6.080866175447361	230.0	35	1.05	0.95				
	324	1	0.0	0.0	0.0	0.0	3	1.047369963478355	9.77556011354513	230.0	36	1.05	0.95				
	325	1	0.0	0.0	0.0	0.0	3	1.0142462604469593	7.078471583875903	230.0	35	1.05	0.95				
];
