%% MATPOWER Case Format : Version 2
function mpc = RTS_GMLC
mpc.version = '2';

%%-----  Power Flow Data  -----%%
%% system MVA base
mpc.baseMVA = 100.0;
%% bus data
%    bus_i    type    Pd    Qd    Gs    Bs    area    Vm    Va    baseKV    zone    Vmax    Vmin
mpc.bus = [
	101	2	86.04997525894737	17.528698663859647	0.0	0.0	1	1.041971272531175	-4.648322882287491	138.0	11	1.05	0.95				
	102	2	77.28562592701753	15.935180603508769	0.0	0.0	1	1.0415632744012184	-4.806181918470679	138.0	12	1.05	0.95				
	103	1	143.41662543157895	29.480084116491224	0.0	0.0	1	1.024805086701938	-4.83411023954599	138.0	11	1.05	0.95				
	104	1	58.96016823298245	11.951385452631577	0.0	0.0	1	1.0195598228612077	-7.576535048973517	138.0	11	1.05	0.95				
	105	1	56.56989114245613	11.15462642245614	0.0	0.0	1	1.035463988847171	-7.628237542308893	138.0	11	1.05	0.95				
	106	1	108.35922810385965	22.30925284491228	0.0	-100.0	1	1.0370274734680143	-10.04949185830042	138.0	12	1.05	0.95				
	107	2	99.59487877192981	19.91897575438596	0.0	0.0	1	1.0220277215295852	-7.55118836192995	138.0	12	1.05	0.95				
	108	1	136.24579415999997	27.886566056140342	0.0	0.0	1	1.007779675731359	-10.03021641782749	138.0	12	1.05	0.95				
	109	1	139.43283028070172	28.683325086315786	0.0	0.0	1	1.0270031355100648	-6.689983676902771	138.0	13	1.05	0.95				
	110	1	155.3680108842105	31.870361207017538	0.0	0.0	1	1.05	-8.170814430862256	138.0	13	1.05	0.95				
	111	1	0.0	0.0	0.0	0.0	1	1.0172935025223744	-3.3362234588038318	230.0	13	1.05	0.95				
	112	1	0.0	0.0	0.0	0.0	1	1.0178783502743165	-2.159657844214025	230.0	13	1.05	0.95				
	113	3	211.1411429964912	43.024987629473685	0.0	0.0	1	1.0223804488069215	-2.97884484324856e-27	230.0	14	1.05	0.95				
	114	2	154.57125185403507	31.0736021768421	0.0	0.0	1	1.022000454652801	-2.160975585269883	230.0	16	1.05	0.95				
	115	2	252.57261256561398	50.99257793122807	0.0	0.0	1	1.0444865979068403	4.606167239693176	230.0	16	1.05	0.95				
	116	2	79.67590301754385	15.935180603508769	0.0	0.0	1	1.0425952859819354	4.372430447233941	230.0	16	1.05	0.95				
	117	1	0.0	0.0	0.0	0.0	1	1.045812449212262	6.84101110677825	230.0	17	1.05	0.95				
	118	2	265.320757048421	54.179614051929825	0.0	0.0	1	1.0472144924646754	7.075744789358096	230.0	17	1.05	0.95				
	119	1	144.21338446175437	29.480084116491224	0.0	0.0	1	1.0369462163491852	3.884730191135318	230.0	15	1.05	0.95				
	120	1	101.98515586245614	20.715734784561402	0.0	0.0	1	1.0381832854554651	4.557003911763859	230.0	15	1.05	0.95				
	121	2	0.0	0.0	0.0	0.0	1	1.05	8.694074767620277	230.0	17	1.05	0.95				
	122	2	0.0	0.0	0.0	0.0	1	1.05	15.133149923604487	230.0	17	1.05	0.95				
	123	2	0.0	0.0	0.0	0.0	1	1.0413194511759445	5.514452454439351	230.0	15	1.05	0.95				
	124	1	0.0	0.0	0.0	0.0	1	1.0252444299079355	1.104700176713061	230.0	16	1.05	0.95				
	201	2	60.33244138105264	12.289941762807018	0.0	0.0	2	1.02940433130639	-1.9773246427539444	138.0	21	1.05	0.95				
	202	2	54.187470499649116	11.172674329824561	0.0	0.0	2	1.029803890089308	-1.8652987949050972	138.0	22	1.05	0.95				
	203	1	100.55406896842105	20.669447510175438	0.0	0.0	2	1.0237502367773377	-3.4588892515893153	138.0	21	1.05	0.95				
	204	1	41.338895020350876	8.379505747368421	0.0	0.0	2	1.0186519361094915	-3.564163806987417	138.0	21	1.05	0.95				
	205	1	39.66299387087719	7.820872030877194	0.0	0.0	2	1.0327856684767196	-3.5815133872374143	138.0	21	1.05	0.95				
	206	1	75.97418544280701	15.641744061754387	0.0	-100.0	2	1.0417216793241988	-4.9891046277806455	138.0	22	1.05	0.95				
	207	2	69.8292145614035	13.965842912280701	0.0	0.0	2	0.9893365893894891	-13.336148183822193	138.0	22	1.05	0.95				
	208	1	95.52636552	19.552180077192983	0.0	0.0	2	0.9917338096085032	-10.697042880910463	138.0	22	1.05	0.95				
	209	1	97.76090038596492	20.11081379368421	0.0	0.0	2	1.026246400194872	-2.680033312907302	138.0	23	1.05	0.95				
	210	1	108.93357471578946	22.345348659649122	0.0	0.0	2	1.05	-3.4314934926439906	138.0	23	1.05	0.95				
	211	1	0.0	0.0	0.0	0.0	2	1.0093222443311425	-0.011064864321848191	230.0	23	1.05	0.95				
	212	1	0.0	0.0	0.0	0.0	2	1.0158439795045073	4.80313655414871	230.0	23	1.05	0.95				
	213	2	148.03793487017543	30.16622069052632	0.0	0.0	2	1.0063022587565293	2.2935376406636503	230.0	24	1.05	0.95				
	214	2	108.37494099929823	21.786714943157897	0.0	0.0	2	1.0095897900846635	1.108945363178526	230.0	26	1.05	0.95				
	215	2	177.08688812771928	35.752557855438596	0.0	0.0	2	1.0380851388542625	5.494798508998847	230.0	26	1.05	0.95				
	216	2	55.863371649122804	11.172674329824561	0.0	0.0	2	1.0364863842511955	6.059059965720433	230.0	26	1.05	0.95				
	217	1	0.0	0.0	0.0	0.0	2	1.0430226371557623	7.879500696440788	230.0	27	1.05	0.95				
	218	2	186.02502759157895	37.987092721403506	0.0	0.0	2	1.0444230080941252	8.424986175699535	230.0	27	1.05	0.95				
	219	1	101.11270268491228	20.669447510175438	0.0	0.0	2	1.0332584129810518	6.278291499917957	230.0	25	1.05	0.95				
	220	1	71.50511571087719	14.524476628771929	0.0	0.0	2	1.034918127549131	7.539578986158468	230.0	25	1.05	0.95				
	221	2	0.0	0.0	0.0	0.0	2	1.0440095317835225	8.197855378417106	230.0	27	1.05	0.95				
	222	2	0.0	0.0	0.0	0.0	2	1.05	14.57922841140067	230.0	27	1.05	0.95				
	223	2	0.0	0.0	0.0	0.0	2	1.037416550277729	8.650023237644488	230.0	25	1.05	0.95				
	224	1	0.0	0.0	0.0	0.0	2	1.021471533216196	2.1570187075737097	230.0	26	1.05	0.95				
	301	2	72.74027205473685	14.817462825964913	0.0	0.0	3	0.9999856334896352	-8.20872045217952	138.0	31	1.05	0.95				
	302	2	65.33154064175439	13.470420750877196	0.0	0.0	3	1.0014608727756396	-8.275716761657463	138.0	32	1.05	0.95				
	303	1	121.23378675789476	24.92027838912281	0.0	0.0	3	1.011066107847272	-4.054716108489623	138.0	31	1.05	0.95				
	304	1	49.84055677824562	10.102815563157895	0.0	0.0	3	0.9994807525607788	-5.673145009869912	138.0	31	1.05	0.95				
	305	1	47.819993665614035	9.429294525614038	0.0	0.0	3	1.011845223079919	-6.0552121100882985	138.0	31	1.05	0.95				
	306	1	91.59886110596493	18.858589051228076	0.0	-100.0	3	1.0269086685679605	-5.595407822822548	138.0	32	1.05	0.95				
	307	2	84.19012969298247	16.838025938596495	0.0	0.0	3	0.984154011644205	-9.740950596439545	138.0	32	1.05	0.95				
	308	1	115.17209742000001	23.57323631403509	0.0	0.0	3	0.9929992711574678	-6.633105678292492	138.0	32	1.05	0.95				
	309	1	117.86618157017546	24.24675735157895	0.0	0.0	3	1.0231742634657466	-0.7839045805947362	138.0	33	1.05	0.95				
	310	1	131.33660232105265	26.94084150175439	0.0	0.0	3	1.0449153553303785	-1.7254223225090657	138.0	33	1.05	0.95				
	311	1	0.0	0.0	0.0	0.0	3	1.0140075553070238	5.62397175084986	230.0	33	1.05	0.95				
	312	1	0.0	0.0	0.0	0.0	3	1.0196418363451496	7.588391135531728	230.0	33	1.05	0.95				
	313	2	178.48307494912282	36.370136027368424	0.0	0.0	3	1.0488572542077423	15.457759106790894	230.0	34	1.05	0.95				
	314	2	130.66308128350877	26.26732046421053	0.0	0.0	3	1.016033810947983	3.61362478327852	230.0	36	1.05	0.95				
	315	2	213.50616890140356	43.10534640280702	0.0	0.0	3	1.0336765239763075	0.9817023382957428	230.0	36	1.05	0.95				
	316	2	67.35210375438598	13.470420750877196	0.0	0.0	3	1.0338846147975134	2.2820442727716244	230.0	36	1.05	0.95				
	317	1	0.0	0.0	0.0	0.0	3	1.0375254399953966	2.502298950565074	230.0	37	1.05	0.95				
	318	2	224.2825055021053	45.799430552982464	0.0	0.0	3	1.0356505527676443	1.9532451380634235	230.0	37	1.05	0.95				
	319	1	121.90730779543861	24.92027838912281	0.0	0.0	3	1.0320514313671867	3.9150569563355853	230.0	35	1.05	0.95				
	320	1	86.21069280561404	17.511546976140355	0.0	0.0	3	1.0371834720887276	6.546300658462538	230.0	35	1.05	0.95				
	321	2	0.0	0.0	0.0	0.0	3	1.037042395972622	2.1717284748211836	230.0	37	1.05	0.95				
	322	2	0.0	0.0	0.0	0.0	3	1.0499999530217463	6.6096419460408695	230.0	37	1.05	0.95				
	323	2	0.0	0.0	0.0	0.0	3	1.0405794824860402	7.61911342349394	230.0	35	1.05	0.95				
	324	1	0.0	0.0	0.0	0.0	3	1.019813474402173	0.5603764201272184	230.0	36	1.05	0.95				
	325	1	0.0	0.0	0.0	0.0	3	1.0420403366788387	7.714314210540345	230.0	35	1.05	0.95				
];
