%% MATPOWER Case Format : Version 2
function mpc = RTS_GMLC
mpc.version = '2';

%%-----  Power Flow Data  -----%%
%% system MVA base
mpc.baseMVA = 100.0;
%% bus data
%    bus_i    type    Pd    Qd    Gs    Bs    area    Vm    Va    baseKV    zone    Vmax    Vmin
mpc.bus = [
	101	2	44.795150905263164	9.12493814736842	0.0	0.0	1	1.018826263977156	2.84908043372412	138.0	11	1.05	0.95				
	102	2	40.23268183157895	8.295398315789475	0.0	0.0	1	1.0176783464177828	2.5396588670226903	138.0	12	1.05	0.95				
	103	1	74.65858484210527	15.346486884210528	0.0	0.0	1	1.0279124928277212	2.6669419423740424	138.0	11	1.05	0.95				
	104	1	30.692973768421055	6.221548736842105	0.0	0.0	1	1.0148924234324221	-0.6630818294119991	138.0	11	1.05	0.95				
	105	1	29.44866402105263	5.806778821052632	0.0	0.0	1	1.0283037503726924	-0.5776187998511789	138.0	11	1.05	0.95				
	106	1	56.40870854736843	11.613557642105263	0.0	-100.0	1	1.041857806957301	-2.947785831005905	138.0	12	1.05	0.95				
	107	2	51.84623947368421	10.369247894736842	0.0	0.0	1	0.9843539020844738	-10.2647734925158	138.0	12	1.05	0.95				
	108	1	70.9256556	14.51694705263158	0.0	0.0	1	0.9944657880874139	-8.079464348699357	138.0	12	1.05	0.95				
	109	1	72.5847352631579	14.931716968421052	0.0	0.0	1	1.025315065117784	-1.5522458006444186	138.0	13	1.05	0.95				
	110	1	80.88013357894737	16.59079663157895	0.0	0.0	1	1.05	-2.687359338378513	138.0	13	1.05	0.95				
	111	1	0.0	0.0	0.0	0.0	1	1.016816882007095	0.6163861734935961	230.0	13	1.05	0.95				
	112	1	0.0	0.0	0.0	0.0	1	1.013187077974331	-0.38837302586703154	230.0	13	1.05	0.95				
	113	3	109.91402768421052	22.397575452631582	0.0	0.0	1	0.9940689663304652	-1.0425285056293754e-29	230.0	14	1.05	0.95				
	114	2	80.4653636631579	16.176026715789472	0.0	0.0	1	1.0420287170933353	3.829524965167219	230.0	16	1.05	0.95				
	115	2	131.48206330526315	26.545274610526313	0.0	0.0	1	1.0429593310680567	12.769044159833847	230.0	16	1.05	0.95				
	116	2	41.47699157894737	8.295398315789475	0.0	0.0	1	1.0426456138773692	11.01921064039645	230.0	16	1.05	0.95				
	117	1	0.0	0.0	0.0	0.0	1	1.0412588550219035	16.839453004119328	230.0	17	1.05	0.95				
	118	2	138.11838195789474	28.204354273684213	0.0	0.0	1	1.0496033713239887	17.350935506500473	230.0	17	1.05	0.95				
	119	1	75.07335475789473	15.346486884210528	0.0	0.0	1	1.0380696543900025	6.910746406190664	230.0	15	1.05	0.95				
	120	1	53.090549221052626	10.784017810526317	0.0	0.0	1	1.0405300662204522	4.126342645575373	230.0	15	1.05	0.95				
	121	2	0.0	0.0	0.0	0.0	1	1.0434310927075818	18.875739275926957	230.0	17	1.05	0.95				
	122	2	0.0	0.0	0.0	0.0	1	1.05	36.83551665010463	230.0	17	1.05	0.95				
	123	2	0.0	0.0	0.0	0.0	1	1.0429137114948734	2.9100254597254893	230.0	15	1.05	0.95				
	124	1	0.0	0.0	0.0	0.0	1	1.0246847975663147	9.002585223956267	230.0	16	1.05	0.95				
	201	2	47.36156146105263	9.647725482807017	0.0	0.0	2	1.0116841629662492	-16.185821915730596	138.0	21	1.05	0.95				
	202	2	42.53769871964912	8.770659529824561	0.0	0.0	2	1.010877332052215	-16.48397739133924	138.0	22	1.05	0.95				
	203	1	78.93593576842105	16.225720130175436	0.0	0.0	2	1.0109568158219253	-11.557825830032451	138.0	21	1.05	0.95				
	204	1	32.45144026035087	6.57799464736842	0.0	0.0	2	1.0101603078570995	-15.941018007367887	138.0	21	1.05	0.95				
	205	1	31.13584133087719	6.139461670877193	0.0	0.0	2	1.0254235015316948	-16.44601153783991	138.0	21	1.05	0.95				
	206	1	59.640484802807016	12.278923341754385	0.0	-100.0	2	1.0408786986649907	-17.133000010764277	138.0	22	1.05	0.95				
	207	2	54.8166220614035	10.9633244122807	0.0	0.0	2	0.9940251908999904	-22.403241753460183	138.0	22	1.05	0.95				
	208	1	74.98913897999999	15.34865417719298	0.0	0.0	2	0.9989217627067685	-20.405161666719252	138.0	22	1.05	0.95				
	209	1	76.7432708859649	15.78718715368421	0.0	0.0	2	1.0225940207891548	-13.680113669997976	138.0	23	1.05	0.95				
	210	1	85.51393041578946	17.541319059649123	0.0	0.0	2	1.05	-15.294331569316403	138.0	23	1.05	0.95				
	211	1	0.0	0.0	0.0	0.0	2	1.0098934434710456	-10.358290430649875	230.0	23	1.05	0.95				
	212	1	0.0	0.0	0.0	0.0	2	1.009679668578804	-9.273794349964314	230.0	23	1.05	0.95				
	213	2	116.21123877017543	23.680780730526315	0.0	0.0	2	1.0083859276625806	-8.580168958897328	230.0	24	1.05	0.95				
	214	2	85.07539743929824	17.10278608315789	0.0	0.0	2	1.014853883508343	-7.723226626674891	230.0	26	1.05	0.95				
	215	2	139.0149535477193	28.066110495438597	0.0	0.0	2	1.0269163128597685	-1.2496323025205256	230.0	26	1.05	0.95				
	216	2	43.8532976491228	8.770659529824561	0.0	0.0	2	1.030121715255807	-1.3225384203363373	230.0	26	1.05	0.95				
	217	1	0.0	0.0	0.0	0.0	2	1.0358001275745132	0.19735310787313703	230.0	27	1.05	0.95				
	218	2	146.03148117157895	29.820242401403508	0.0	0.0	2	1.0338197726661613	-0.3553350118752327	230.0	27	1.05	0.95				
	219	1	79.37446874491228	16.225720130175436	0.0	0.0	2	1.0308058408795984	-0.8883373057828935	230.0	25	1.05	0.95				
	220	1	56.132220990877194	11.401857388771928	0.0	0.0	2	1.0344822023254132	0.3341658168672587	230.0	25	1.05	0.95				
	221	2	0.0	0.0	0.0	0.0	2	1.034240159289548	0.1485738212510891	230.0	27	1.05	0.95				
	222	2	0.0	0.0	0.0	0.0	2	1.05	6.665285322837646	230.0	27	1.05	0.95				
	223	2	0.0	0.0	0.0	0.0	2	1.0374877417652923	1.3333676028082666	230.0	25	1.05	0.95				
	224	1	0.0	0.0	0.0	0.0	2	1.0082481981965776	-5.08894592865009	230.0	26	1.05	0.95				
	301	2	51.352103747368425	10.46061372631579	0.0	0.0	3	1.010397979615279	-5.249891133565588	138.0	31	1.05	0.95				
	302	2	46.12179688421053	9.509648842105264	0.0	0.0	3	1.0096647710578919	-5.395889560476479	138.0	32	1.05	0.95				
	303	1	85.58683957894738	17.592850357894736	0.0	0.0	3	1.0343803878846836	2.4147982356754616	138.0	31	1.05	0.95				
	304	1	35.18570071578947	7.132236631578948	0.0	0.0	3	1.011961569519068	-3.5073213452287044	138.0	31	1.05	0.95				
	305	1	33.759253389473685	6.656754189473685	0.0	0.0	3	1.0241350707802082	-5.116826200320142	138.0	31	1.05	0.95				
	306	1	64.66561212631579	13.31350837894737	0.0	-100.0	3	1.0395089231615624	-5.58739429983624	138.0	32	1.05	0.95				
	307	2	59.4353052631579	11.88706105263158	0.0	0.0	3	0.9939523452541762	-10.333155661117662	138.0	32	1.05	0.95				
	308	1	81.3074976	16.641885473684212	0.0	0.0	3	0.9987149670297181	-8.156872504095562	138.0	32	1.05	0.95				
	309	1	83.20942736842106	17.117367915789476	0.0	0.0	3	1.0296304042056061	-0.03550616332028437	138.0	33	1.05	0.95				
	310	1	92.71907621052632	19.019297684210528	0.0	0.0	3	1.05	-3.454271801512376	138.0	33	1.05	0.95				
	311	1	0.0	0.0	0.0	0.0	3	1.0110493483198737	2.3631286077213214	230.0	33	1.05	0.95				
	312	1	0.0	0.0	0.0	0.0	3	1.012281238794537	2.713417081670074	230.0	33	1.05	0.95				
	313	2	126.00284715789473	25.676051873684212	0.0	0.0	3	1.0106631437416116	5.37432376209224	230.0	34	1.05	0.95				
	314	2	92.24359376842106	18.543815242105268	0.0	0.0	3	1.0133344323787612	3.9381311182976133	230.0	36	1.05	0.95				
	315	2	150.72793414736842	30.430876294736848	0.0	0.0	3	1.039385489734136	8.658623689495204	230.0	36	1.05	0.95				
	316	2	47.54824421052632	9.509648842105264	0.0	0.0	3	1.0379994806259156	8.998494970311171	230.0	36	1.05	0.95				
	317	1	0.0	0.0	0.0	0.0	3	1.05	14.46413074998373	230.0	37	1.05	0.95				
	318	2	158.33565322105267	32.332806063157896	0.0	0.0	3	1.045294399130843	11.576655109885461	230.0	37	1.05	0.95				
	319	1	86.06232202105264	17.592850357894736	0.0	0.0	3	1.0287354881084108	7.748732128442115	230.0	35	1.05	0.95				
	320	1	60.861752589473696	12.362543494736844	0.0	0.0	3	1.0243099839034637	7.573421218965526	230.0	35	1.05	0.95				
	321	2	0.0	0.0	0.0	0.0	3	1.044812988498404	11.257608688416457	230.0	37	1.05	0.95				
	322	2	0.0	0.0	0.0	0.0	3	1.05	16.8582826957248	230.0	37	1.05	0.95				
	323	2	0.0	0.0	0.0	0.0	3	1.0226326890187096	7.84496819047278	230.0	35	1.05	0.95				
	324	1	0.0	0.0	0.0	0.0	3	1.0290431123114074	6.3126044931592595	230.0	36	1.05	0.95				
	325	1	0.0	0.0	0.0	0.0	3	1.0218580866439204	8.784532807750786	230.0	35	1.05	0.95				
];
