%% MATPOWER Case Format : Version 2
function mpc = RTS_GMLC
mpc.version = '2';

%%-----  Power Flow Data  -----%%
%% system MVA base
mpc.baseMVA = 100.0;
%% bus data
%    bus_i    type    Pd    Qd    Gs    Bs    area    Vm    Va    baseKV    zone    Vmax    Vmin
mpc.bus = [
	101	2	62.389905991578956	12.709054924210527	0.0	0.0	1	1.0499999847520047	2.722079928736216	138.0	11	1.05	0.95				
	102	2	56.03537852947369	11.553686294736842	0.0	0.0	1	1.0489278745833996	2.3471839016787133	138.0	12	1.05	0.95				
	103	1	103.9831766526316	21.37431964526316	0.0	0.0	1	1.0331652718641118	0.5861029462183202	138.0	11	1.05	0.95				
	104	1	42.74863929052632	8.665264721052631	0.0	0.0	1	1.028381614457734	-1.4145522006390783	138.0	11	1.05	0.95				
	105	1	41.01558634631579	8.08758040631579	0.0	0.0	1	1.0411077182389175	-1.7472188767156154	138.0	11	1.05	0.95				
	106	1	78.56506680421053	16.17516081263158	0.0	-100.0	1	1.0439904501473913	-4.871885869714746	138.0	12	1.05	0.95				
	107	2	72.21053934210526	14.442107868421052	0.0	0.0	1	0.9985220712464901	-13.383912085239217	138.0	12	1.05	0.95				
	108	1	98.78401782	20.218951015789475	0.0	0.0	1	0.9969783999709255	-11.177990330377243	138.0	12	1.05	0.95				
	109	1	101.09475507894736	20.796635330526318	0.0	0.0	1	1.0254751332663286	-3.3459246073895774	138.0	13	1.05	0.95				
	110	1	112.64844137368422	23.107372589473684	0.0	0.0	1	1.05	-4.547778551637247	138.0	13	1.05	0.95				
	111	1	0.0	0.0	0.0	0.0	1	1.0094965994157095	-1.1378692132517234	230.0	13	1.05	0.95				
	112	1	0.0	0.0	0.0	0.0	1	1.0134416386103604	-1.0487924645857445	230.0	13	1.05	0.95				
	113	3	153.08634340526314	31.194952995789478	0.0	0.0	1	1.0067493006675436	-2.2575357661493152e-30	230.0	14	1.05	0.95				
	114	2	112.07075705894738	22.52968827473684	0.0	0.0	1	1.0092259584106111	0.7627865881563336	230.0	16	1.05	0.95				
	115	2	183.12592777157894	36.971796143157896	0.0	0.0	1	1.0420173146822809	7.928224061527455	230.0	16	1.05	0.95				
	116	2	57.76843147368421	11.553686294736842	0.0	0.0	1	1.038503731227177	6.885525414002794	230.0	16	1.05	0.95				
	117	1	0.0	0.0	0.0	0.0	1	1.04417973124608	10.557647337970215	230.0	17	1.05	0.95				
	118	2	192.36887680736842	39.282533402105265	0.0	0.0	1	1.0476902458942552	11.456128283654067	230.0	17	1.05	0.95				
	119	1	104.56086096736843	21.37431964526316	0.0	0.0	1	1.0303831533186807	4.921644701371149	230.0	15	1.05	0.95				
	120	1	73.94359228631579	15.019792183157895	0.0	0.0	1	1.0275597258456166	3.811257025172045	230.0	15	1.05	0.95				
	121	2	0.0	0.0	0.0	0.0	1	1.05	13.131513209116484	230.0	17	1.05	0.95				
	122	2	0.0	0.0	0.0	0.0	1	1.05	18.63576462213341	230.0	17	1.05	0.95				
	123	2	0.0	0.0	0.0	0.0	1	1.0272221595587334	3.639123454403989	230.0	15	1.05	0.95				
	124	1	0.0	0.0	0.0	0.0	1	1.0291399339667768	5.178708611934398	230.0	16	1.05	0.95				
	201	2	56.09948055157895	11.427671964210525	0.0	0.0	2	1.0235364118857955	-14.095534922948147	138.0	21	1.05	0.95				
	202	2	50.385644569473676	10.388792694736843	0.0	0.0	2	1.0244615781193311	-13.933719213284572	138.0	22	1.05	0.95				
	203	1	93.49913425263158	19.219266485263155	0.0	0.0	2	1.0160843958517345	-12.245300527649515	138.0	21	1.05	0.95				
	204	1	38.43853297052631	7.79159452105263	0.0	0.0	2	1.0155763222847105	-15.248655631706246	138.0	21	1.05	0.95				
	205	1	36.88021406631579	7.27215488631579	0.0	0.0	2	1.0303302220687294	-15.63978426675958	138.0	21	1.05	0.95				
	206	1	70.64379032421053	14.54430977263158	0.0	-100.0	2	1.041551408824863	-16.969540527318728	138.0	22	1.05	0.95				
	207	2	64.92995434210526	12.985990868421052	0.0	0.0	2	0.9900048826965987	-24.38272559907849	138.0	22	1.05	0.95				
	208	1	88.82417754	18.18038721578947	0.0	0.0	2	0.9933122085503158	-21.952074728673573	138.0	22	1.05	0.95				
	209	1	90.90193607894736	18.699826850526314	0.0	0.0	2	1.023623901040846	-14.191292003857292	138.0	23	1.05	0.95				
	210	1	101.2907287736842	20.777585389473685	0.0	0.0	2	1.05	-15.53934157456947	138.0	23	1.05	0.95				
	211	1	0.0	0.0	0.0	0.0	2	1.0114838090609215	-10.773415494585578	230.0	23	1.05	0.95				
	212	1	0.0	0.0	0.0	0.0	2	1.012170472754213	-9.601368450867556	230.0	23	1.05	0.95				
	213	2	137.65150320526314	28.049740275789475	0.0	0.0	2	1.011697796663393	-9.015021770384854	230.0	24	1.05	0.95				
	214	2	100.77128913894735	20.25814575473684	0.0	0.0	2	1.0158457245597257	-8.172595166753215	230.0	26	1.05	0.95				
	215	2	164.66236421157893	33.24413662315789	0.0	0.0	2	1.0314021653569097	-0.9716760106301457	230.0	26	1.05	0.95				
	216	2	51.94396347368421	10.388792694736843	0.0	0.0	2	1.0327968601412476	-1.329174905712578	230.0	26	1.05	0.95				
	217	1	0.0	0.0	0.0	0.0	2	1.0347888141589239	0.2471970442367608	230.0	27	1.05	0.95				
	218	2	172.9733983673684	35.321895162105264	0.0	0.0	2	1.0336194486418846	-0.392712805573773	230.0	27	1.05	0.95				
	219	1	94.01857388736842	19.219266485263155	0.0	0.0	2	1.034376202251939	-1.0519088890015365	230.0	25	1.05	0.95				
	220	1	66.48827324631579	13.505430503157895	0.0	0.0	2	1.0397405026085573	0.17939564626351107	230.0	25	1.05	0.95				
	221	2	0.0	0.0	0.0	0.0	2	1.0354938008895898	0.21777618932979068	230.0	27	1.05	0.95				
	222	2	0.0	0.0	0.0	0.0	2	1.05	6.727201648399047	230.0	27	1.05	0.95				
	223	2	0.0	0.0	0.0	0.0	2	1.0440534004285498	1.2357614759935922	230.0	25	1.05	0.95				
	224	1	0.0	0.0	0.0	0.0	2	1.011715367037475	-5.175552670228303	230.0	26	1.05	0.95				
	301	2	69.57987980210527	14.173679218947369	0.0	0.0	3	0.9993741987526993	6.6324573199125645	138.0	31	1.05	0.95				
	302	2	62.493040192631575	12.885162926315791	0.0	0.0	3	1.0008003088028001	6.572372056814998	138.0	32	1.05	0.95				
	303	1	115.96646633684212	23.83755141368421	0.0	0.0	3	1.0185846943648262	10.040910728486569	138.0	31	1.05	0.95				
	304	1	47.67510282736842	9.663872194736841	0.0	0.0	3	1.002854277439572	8.890345672500652	138.0	31	1.05	0.95				
	305	1	45.74232838842105	9.019614048421055	0.0	0.0	3	1.0145582055287288	8.767937881742101	138.0	31	1.05	0.95				
	306	1	87.61910789894738	18.03922809684211	0.0	-100.0	3	1.031668705044912	9.242387728369577	138.0	32	1.05	0.95				
	307	2	80.53226828947369	16.106453657894736	0.0	0.0	3	0.9828675874244398	5.541390112408542	138.0	32	1.05	0.95				
	308	1	110.16814302	22.54903512105263	0.0	0.0	3	0.9959888031422973	8.436867973813513	138.0	32	1.05	0.95				
	309	1	112.74517560526316	23.19329326736842	0.0	0.0	3	1.0280061601979666	13.399727413966234	138.0	33	1.05	0.95				
	310	1	125.63033853157894	25.770325852631583	0.0	0.0	3	1.05	12.957943087607946	138.0	33	1.05	0.95				
	311	1	0.0	0.0	0.0	0.0	3	1.0172770224109318	19.455540737665164	230.0	33	1.05	0.95				
	312	1	0.0	0.0	0.0	0.0	3	1.023627503828849	20.94401214421456	230.0	33	1.05	0.95				
	313	2	170.7284087736842	34.789939901052634	0.0	0.0	3	1.0467114699427376	28.72295031555806	230.0	34	1.05	0.95				
	314	2	124.98608038526315	25.12606770631579	0.0	0.0	3	1.018688629515268	17.41705146148707	230.0	36	1.05	0.95				
	315	2	204.2298323821053	41.23252136421053	0.0	0.0	3	1.0391716635043113	11.117345981350917	230.0	36	1.05	0.95				
	316	2	64.42581463157894	12.885162926315791	0.0	0.0	3	1.0406765434337415	12.593046293769142	230.0	36	1.05	0.95				
	317	1	0.0	0.0	0.0	0.0	3	1.0451456270740573	11.666099545627802	230.0	37	1.05	0.95				
	318	2	214.53796272315788	43.80955394947369	0.0	0.0	3	1.0433359253497914	9.941311060464386	230.0	37	1.05	0.95				
	319	1	116.6107244831579	23.83755141368421	0.0	0.0	3	1.0398913813718247	15.656294195939301	230.0	35	1.05	0.95				
	320	1	82.46504272842105	16.75071180421053	0.0	0.0	3	1.0426831528518483	17.964676347973697	230.0	35	1.05	0.95				
	321	2	0.0	0.0	0.0	0.0	3	1.0430217604902698	10.921474996380029	230.0	37	1.05	0.95				
	322	2	0.0	0.0	0.0	0.0	3	1.05	15.543077829853319	230.0	37	1.05	0.95				
	323	2	0.0	0.0	0.0	0.0	3	1.0443289903419632	18.81755857060234	230.0	35	1.05	0.95				
	324	1	0.0	0.0	0.0	0.0	3	1.0294060635590807	12.74641214250276	230.0	36	1.05	0.95				
	325	1	0.0	0.0	0.0	0.0	3	1.0462705770568133	18.33933566065328	230.0	35	1.05	0.95				
];
