%% MATPOWER Case Format : Version 2
function mpc = RTS_GMLC
mpc.version = '2';

%%-----  Power Flow Data  -----%%
%% system MVA base
mpc.baseMVA = 100.0;
%% bus data
%    bus_i    type    Pd    Qd    Gs    Bs    area    Vm    Va    baseKV    zone    Vmax    Vmin
mpc.bus = [
	101	2	41.41514103157895	8.43641761754386	0.0	0.0	1	1.0169297685370593	-2.3257132295751997	138.0	11	1.05	0.95				
	102	2	37.196932222807014	7.669470561403509	0.0	0.0	1	1.0165746372386884	-2.5605647343205353	138.0	12	1.05	0.95				
	103	1	69.02523505263159	14.18852053859649	0.0	0.0	1	1.0122199306098454	1.556116941384646	138.0	11	1.05	0.95				
	104	1	28.37704107719298	5.752102921052631	0.0	0.0	1	1.0083760745844137	-2.89774065677376	138.0	11	1.05	0.95				
	105	1	27.226620492982455	5.368629392982457	0.0	0.0	1	1.0211303669307226	-3.962845274979576	138.0	11	1.05	0.95				
	106	1	52.15239981754386	10.737258785964913	0.0	-100.0	1	1.0314787044470854	-5.344934478294984	138.0	12	1.05	0.95				
	107	2	47.93419100877193	9.586838201754386	0.0	0.0	1	0.9854064917881175	-9.985880991439545	138.0	12	1.05	0.95				
	108	1	65.5739733	13.42157348245614	0.0	0.0	1	0.9896660899042418	-8.459662690476147	138.0	12	1.05	0.95				
	109	1	67.1078674122807	13.805047010526314	0.0	0.0	1	1.0072110740543816	-2.5943794336578767	138.0	13	1.05	0.95				
	110	1	74.77733797368421	15.338941122807018	0.0	0.0	1	1.034513556842315	-4.367271572915296	138.0	13	1.05	0.95				
	111	1	0.0	0.0	0.0	0.0	1	0.9867529516896167	-0.3606134754822019	230.0	13	1.05	0.95				
	112	1	0.0	0.0	0.0	0.0	1	0.9864990569305057	-1.1406210590918922	230.0	13	1.05	0.95				
	113	3	101.62048493859648	20.707570515789474	0.0	0.0	1	0.9648212927487219	2.7821586245062016e-29	230.0	14	1.05	0.95				
	114	2	74.39386444561403	14.955467594736843	0.0	0.0	1	0.9983861394508321	2.5688899615638814	230.0	16	1.05	0.95				
	115	2	121.56110839824561	24.542305796491227	0.0	0.0	1	1.0052878128646852	10.501045912923958	230.0	16	1.05	0.95				
	116	2	38.34735280701754	7.669470561403509	0.0	0.0	1	1.004013013289735	9.254071950648884	230.0	16	1.05	0.95				
	117	1	0.0	0.0	0.0	0.0	1	1.0071418372182124	14.572026427010774	230.0	17	1.05	0.95				
	118	2	127.69668484736843	26.07619990877193	0.0	0.0	1	1.0159649853747315	14.788035034666347	230.0	17	1.05	0.95				
	119	1	69.40870858070176	14.18852053859649	0.0	0.0	1	1.0001155746454922	5.998825556585778	230.0	15	1.05	0.95				
	120	1	49.084611592982455	9.970311729824562	0.0	0.0	1	1.000697413754968	3.4334474168134217	230.0	15	1.05	0.95				
	121	2	0.0	0.0	0.0	0.0	1	1.0130455516304373	15.590968599268562	230.0	17	1.05	0.95				
	122	2	0.0	0.0	0.0	0.0	1	1.0233150278933054	34.50588014233375	230.0	17	1.05	0.95				
	123	2	0.0	0.0	0.0	0.0	1	1.0018906480292682	2.3339509741124913	230.0	15	1.05	0.95				
	124	1	0.0	0.0	0.0	0.0	1	0.9970090651924248	7.091545312927298	230.0	16	1.05	0.95				
	201	2	44.26759011789474	9.017472061052631	0.0	0.0	2	1.0104010834004058	-12.623402313986347	138.0	21	1.05	0.95				
	202	2	39.75885408736842	8.19770187368421	0.0	0.0	2	1.0091821361652065	-12.860128177851427	138.0	22	1.05	0.95				
	203	1	73.7793168631579	15.165748466315787	0.0	0.0	2	0.9969365434939929	-9.501854893934874	138.0	21	1.05	0.95				
	204	1	30.331496932631573	6.148276405263157	0.0	0.0	2	1.00126183121158	-12.151155450564579	138.0	21	1.05	0.95				
	205	1	29.10184165157894	5.7383913115789476	0.0	0.0	2	1.0176386959187145	-12.519809126655703	138.0	21	1.05	0.95				
	206	1	55.74437274105263	11.476782623157895	0.0	-100.0	2	1.0295534864053317	-12.98294794954218	138.0	22	1.05	0.95				
	207	2	51.23563671052631	10.247127342105262	0.0	0.0	2	0.9719323954983564	-17.967962460501226	138.0	22	1.05	0.95				
	208	1	70.09035102	14.345978278947365	0.0	0.0	2	0.9805580010341155	-16.08347438078805	138.0	22	1.05	0.95				
	209	1	71.72989139473684	14.755863372631579	0.0	0.0	2	1.007005914927537	-9.822912693814668	138.0	23	1.05	0.95				
	210	1	79.92759326842105	16.39540374736842	0.0	0.0	2	1.0349118363093845	-11.063968939912728	138.0	23	1.05	0.95				
	211	1	0.0	0.0	0.0	0.0	2	0.9876291409251501	-7.650830541854197	230.0	23	1.05	0.95				
	212	1	0.0	0.0	0.0	0.0	2	0.9932898513095713	-3.3780943470064435	230.0	23	1.05	0.95				
	213	2	108.61954982631579	22.13379505894737	0.0	0.0	2	0.9853024468937658	-5.753740309896671	230.0	24	1.05	0.95				
	214	2	79.51770817473684	15.985518653684212	0.0	0.0	2	0.9815161157636884	-6.373594428109797	230.0	26	1.05	0.95				
	215	2	129.93357469789473	26.232645995789472	0.0	0.0	2	0.9908107436432526	-0.9656430672053142	230.0	26	1.05	0.95				
	216	2	40.98850936842105	8.19770187368421	0.0	0.0	2	0.9895821254975041	-1.884540240644417	230.0	26	1.05	0.95				
	217	1	0.0	0.0	0.0	0.0	2	0.9989424170120434	-0.09884686867417597	230.0	27	1.05	0.95				
	218	2	136.49173619684208	27.872186370526315	0.0	0.0	2	0.9990481053797529	-0.5037437408240165	230.0	27	1.05	0.95				
	219	1	74.1892019568421	15.165748466315787	0.0	0.0	2	0.9871207561947125	-2.4453599682433365	230.0	25	1.05	0.95				
	220	1	52.465291991578944	10.657012435789474	0.0	0.0	2	0.9879187553049702	-2.069270265654793	230.0	25	1.05	0.95				
	221	2	0.0	0.0	0.0	0.0	2	1.001193271308186	0.1409290024197931	230.0	27	1.05	0.95				
	222	2	0.0	0.0	0.0	0.0	2	1.019966408319653	6.648985090282766	230.0	27	1.05	0.95				
	223	2	0.0	0.0	0.0	0.0	2	0.9890362095742365	-1.5226992347530668	230.0	25	1.05	0.95				
	224	1	0.0	0.0	0.0	0.0	2	0.9828231293963019	-4.217099739415019	230.0	26	1.05	0.95				
	301	2	65.6336602231579	13.369819675087719	0.0	0.0	3	1.0001125808101303	0.1823827011293972	138.0	31	1.05	0.95				
	302	2	58.94875038561403	12.154381522807018	0.0	0.0	3	1.0002985965062638	0.1101905124971813	138.0	32	1.05	0.95				
	303	1	109.38943370526314	22.48560581719298	0.0	0.0	3	0.9914740928020881	4.7203070756053656	138.0	31	1.05	0.95				
	304	1	44.97121163438596	9.11578614210526	0.0	0.0	3	0.9907029597496236	2.357248592784486	138.0	31	1.05	0.95				
	305	1	43.148054405964906	8.508067065964912	0.0	0.0	3	1.0065390771945701	2.188545984248028	138.0	31	1.05	0.95				
	306	1	82.6497943550877	17.016134131929824	0.0	-100.0	3	1.018371482035481	2.6211195917409076	138.0	32	1.05	0.95				
	307	2	75.96488451754385	15.19297690350877	0.0	0.0	3	0.9683601050556936	-1.7427210878807267	138.0	32	1.05	0.95				
	308	1	103.91996201999999	21.270167664912275	0.0	0.0	3	0.9776029784865555	1.1328395744581528	138.0	32	1.05	0.95				
	309	1	106.35083832456141	21.87788674105263	0.0	0.0	3	1.0051054118977292	6.789102866797257	138.0	33	1.05	0.95				
	310	1	118.50521984736841	24.308763045614036	0.0	0.0	3	1.0316901683931365	6.222397147362969	138.0	33	1.05	0.95				
	311	1	0.0	0.0	0.0	0.0	3	0.9931910395973946	12.982734861610687	230.0	33	1.05	0.95				
	312	1	0.0	0.0	0.0	0.0	3	0.9969371088623418	14.018470535758283	230.0	33	1.05	0.95				
	313	2	161.04555517719297	32.81683011157895	0.0	0.0	3	1.0091359253773735	19.900017745329286	230.0	34	1.05	0.95				
	314	2	117.89750077122805	23.70104396947368	0.0	0.0	3	0.9965441116545767	13.359367112114642	230.0	36	1.05	0.95				
	315	2	192.6469471364912	38.89402087298245	0.0	0.0	3	0.9932543652238046	10.695848603145608	230.0	36	1.05	0.95				
	316	2	60.77190761403508	12.154381522807018	0.0	0.0	3	0.9884258274772023	12.243062811067851	230.0	36	1.05	0.95				
	317	1	0.0	0.0	0.0	0.0	3	1.001658662827525	13.497533587216036	230.0	37	1.05	0.95				
	318	2	202.3704523547368	41.32489717754385	0.0	0.0	3	0.9986467564838828	10.843158181956465	230.0	37	1.05	0.95				
	319	1	109.9971527814035	22.48560581719298	0.0	0.0	3	0.9972848474051931	13.973864026545401	230.0	35	1.05	0.95				
	320	1	77.7880417459649	15.80069597964912	0.0	0.0	3	1.0073485506490067	15.212934443919702	230.0	35	1.05	0.95				
	321	2	0.0	0.0	0.0	0.0	3	1.002996983260191	11.419627502319678	230.0	37	1.05	0.95				
	322	2	0.0	0.0	0.0	0.0	3	1.0197570599785253	16.59746871566817	230.0	37	1.05	0.95				
	323	2	0.0	0.0	0.0	0.0	3	1.0126473409050265	15.539868177651917	230.0	35	1.05	0.95				
	324	1	0.0	0.0	0.0	0.0	3	0.9871979659299925	10.342120084565588	230.0	36	1.05	0.95				
