%% MATPOWER Case Format : Version 2
function mpc = RTS_GMLC
mpc.version = '2';

%%-----  Power Flow Data  -----%%
%% system MVA base
mpc.baseMVA = 100.0;
%% bus data
%    bus_i    type    Pd    Qd    Gs    Bs    area    Vm    Va    baseKV    zone    Vmax    Vmin
mpc.bus = [
	101	2	44.27412173052632	9.018802574736842	0.0	0.0	1	1.0324675192620387	2.550193408620392	138.0	11	1.05	0.95				
	102	2	39.76472044315789	8.198911431578948	0.0	0.0	1	1.0315183711484868	2.270098733790797	138.0	12	1.05	0.95				
	103	1	73.79020288421052	15.16798614842105	0.0	0.0	1	1.0304998632823148	1.7373623506222942	138.0	11	1.05	0.95				
	104	1	30.3359722968421	6.149183573684209	0.0	0.0	1	1.0209828699321533	-0.7169183861403755	138.0	11	1.05	0.95				
	105	1	29.106135582105257	5.739238002105263	0.0	0.0	1	1.0355732358852867	-0.5731770135443668	138.0	11	1.05	0.95				
	106	1	55.75259773473684	11.478476004210526	0.0	-100.0	1	1.045581117956219	-2.7840979119617413	138.0	12	1.05	0.95				
	107	2	51.24319644736842	10.248639289473683	0.0	0.0	1	0.9998764410269932	-8.739076576675592	138.0	12	1.05	0.95				
	108	1	70.10069274	14.348095005263156	0.0	0.0	1	1.0042759127372054	-7.140242933229953	138.0	12	1.05	0.95				
	109	1	71.74047502631579	14.758040576842104	0.0	0.0	1	1.024601366451543	-1.4935147009379564	138.0	13	1.05	0.95				
	110	1	79.93938645789473	16.397822863157895	0.0	0.0	1	1.05	-2.4434978175443876	138.0	13	1.05	0.95				
	111	1	0.0	0.0	0.0	0.0	1	1.0042081386450454	0.3414264739997453	230.0	13	1.05	0.95				
	112	1	0.0	0.0	0.0	0.0	1	1.0083571637183177	0.1741170542477424	230.0	13	1.05	0.95				
	113	3	108.63557646842104	22.13706086526316	0.0	0.0	1	0.9946359784230455	-1.8851699221532183e-29	230.0	14	1.05	0.95				
	114	2	79.52944088631578	15.987877291578947	0.0	0.0	1	1.00407448605125	3.06794858466258	230.0	16	1.05	0.95				
	115	2	129.9527461905263	26.236516581052634	0.0	0.0	1	1.0410456911378774	10.249191374844038	230.0	16	1.05	0.95				
	116	2	40.99455715789473	8.198911431578948	0.0	0.0	1	1.0365722168619105	9.250349097635153	230.0	16	1.05	0.95				
	117	1	0.0	0.0	0.0	0.0	1	1.0415335830096104	13.46526372418947	230.0	17	1.05	0.95				
	118	2	136.51187533578948	27.87629886736842	0.0	0.0	1	1.0481032379737765	13.703570153851455	230.0	17	1.05	0.95				
	119	1	74.20014845578947	15.16798614842105	0.0	0.0	1	1.0277792185961518	7.066514336832019	230.0	15	1.05	0.95				
	120	1	52.47303316210527	10.658584861052631	0.0	0.0	1	1.023718625734793	5.946259226527796	230.0	15	1.05	0.95				
	121	2	0.0	0.0	0.0	0.0	1	1.05	14.894643594312528	230.0	17	1.05	0.95				
	122	2	0.0	0.0	0.0	0.0	1	1.05	28.753986405977013	230.0	17	1.05	0.95				
	123	2	0.0	0.0	0.0	0.0	1	1.0219422729074514	5.645569021918915	230.0	15	1.05	0.95				
	124	1	0.0	0.0	0.0	0.0	1	1.026310686093791	7.064350835837263	230.0	16	1.05	0.95				
	201	2	44.08059183157895	8.97937981754386	0.0	0.0	2	1.0232755973020533	-9.844325453889766	138.0	21	1.05	0.95				
	202	2	39.59090192280702	8.16307256140351	0.0	0.0	2	1.0237047810928608	-9.787834598463638	138.0	22	1.05	0.95				
	203	1	73.46765305263159	15.10168423859649	0.0	0.0	2	1.0163561153303273	-8.335608776083559	138.0	21	1.05	0.95				
	204	1	30.20336847719298	6.122304421052632	0.0	0.0	2	1.0169016832164859	-10.890664031686436	138.0	21	1.05	0.95				
	205	1	28.978907592982456	5.7141507929824575	0.0	0.0	2	1.0317688783054688	-11.18826365395238	138.0	21	1.05	0.95				
	206	1	55.50889341754387	11.428301585964915	0.0	-100.0	2	1.0446292637559045	-12.34942068720022	138.0	22	1.05	0.95				
	207	2	51.01920350877194	10.203840701754388	0.0	0.0	2	0.9946031568413313	-17.97782981668923	138.0	22	1.05	0.95				
	208	1	69.7942704	14.28537698245614	0.0	0.0	2	1.0005343576938341	-16.143767849579394	138.0	22	1.05	0.95				
	209	1	71.42688491228071	14.693530610526317	0.0	0.0	2	1.0225874732009916	-10.107339057201706	138.0	23	1.05	0.95				
	210	1	79.58995747368421	16.32614512280702	0.0	0.0	2	1.05	-11.236489156134748	138.0	23	1.05	0.95				
	211	1	0.0	0.0	0.0	0.0	2	1.004260743833735	-7.457399205901561	230.0	23	1.05	0.95				
	212	1	0.0	0.0	0.0	0.0	2	1.0065147454149708	-6.6595817284774785	230.0	23	1.05	0.95				
	213	2	108.1607114385965	22.040295915789475	0.0	0.0	2	0.9985362398950388	-6.2170016480262085	230.0	24	1.05	0.95				
	214	2	79.18180384561404	15.917991494736844	0.0	0.0	2	1.004079403740224	-5.202303694322219	230.0	26	1.05	0.95				
	215	2	129.38470009824562	26.12183219649123	0.0	0.0	2	1.0204794965829815	0.5264171381735508	230.0	26	1.05	0.95				
	216	2	40.81536280701755	8.16307256140351	0.0	0.0	2	1.0215585135448229	0.4735330071508695	230.0	26	1.05	0.95				
	217	1	0.0	0.0	0.0	0.0	2	1.0270242809432504	2.2095616801909963	230.0	27	1.05	0.95				
	218	2	135.91515814736843	27.754446708771933	0.0	0.0	2	1.026303049601048	1.643632883452908	230.0	27	1.05	0.95				
	219	1	73.87580668070176	15.10168423859649	0.0	0.0	2	1.0210030393149843	0.40162766232781777	230.0	25	1.05	0.95				
	220	1	52.24366439298246	10.611994329824563	0.0	0.0	2	1.0231848783775928	1.1441315542979664	230.0	25	1.05	0.95				
	221	2	0.0	0.0	0.0	0.0	2	1.0279899729898685	2.079027836920524	230.0	27	1.05	0.95				
	222	2	0.0	0.0	0.0	0.0	2	1.0499994882181214	8.620301050025349	230.0	27	1.05	0.95				
	223	2	0.0	0.0	0.0	0.0	2	1.025051655874672	1.8670049043370096	230.0	25	1.05	0.95				
	224	1	0.0	0.0	0.0	0.0	2	1.0079845558181815	-2.8122785639024857	230.0	26	1.05	0.95				
	301	2	39.01803226105264	7.948117682807018	0.0	0.0	3	1.012709200669402	-9.87914559514733	138.0	31	1.05	0.95				
	302	2	35.04397341964913	7.225561529824563	0.0	0.0	3	1.0126158382168577	-10.017032018237144	138.0	32	1.05	0.95				
	303	1	65.03005376842106	13.36728883017544	0.0	0.0	3	1.028141871261031	-4.0649812967146595	138.0	31	1.05	0.95				
	304	1	26.73457766035088	5.419171147368421	0.0	0.0	3	1.0134833631601863	-8.951513153178714	138.0	31	1.05	0.95				
	305	1	25.650743430877192	5.057893070877194	0.0	0.0	3	1.0269656118795487	-9.68431624767365	138.0	31	1.05	0.95				
	306	1	49.13381840280703	10.115786141754388	0.0	-100.0	3	1.0435395324843726	-10.031744920212997	138.0	32	1.05	0.95				
	307	2	45.15975956140351	9.031951912280704	0.0	0.0	3	0.9913950405802806	-13.779342627716147	138.0	32	1.05	0.95				
	308	1	61.778551080000014	12.644732677192982	0.0	0.0	3	1.0009699981971707	-12.217387351801863	138.0	32	1.05	0.95				
	309	1	63.223663385964926	13.00601075368421	0.0	0.0	3	1.024621414614935	-6.587813982986897	138.0	33	1.05	0.95				
	310	1	70.44922491578947	14.451123059649126	0.0	0.0	3	1.05	-8.323579193006388	138.0	33	1.05	0.95				
	311	1	0.0	0.0	0.0	0.0	3	1.0017141456963643	-3.8330321395922593	230.0	33	1.05	0.95				
	312	1	0.0	0.0	0.0	0.0	3	1.0083545269531307	-3.1534518118750183	230.0	33	1.05	0.95				
	313	2	95.73869027017545	19.50901613052632	0.0	0.0	3	1.005539937815076	-0.39772979785329043	230.0	34	1.05	0.95				
	314	2	70.08794683929825	14.089844983157898	0.0	0.0	3	0.9917449806764448	-3.0617792910263657	230.0	36	1.05	0.95				
	315	2	114.52515024771932	23.1217968954386	0.0	0.0	3	1.0167787143668465	-0.26162423924330713	230.0	36	1.05	0.95				
	316	2	36.127807649122815	7.225561529824563	0.0	0.0	3	1.0155877990251594	0.17157970441688353	230.0	36	1.05	0.95				
	317	1	0.0	0.0	0.0	0.0	3	1.0237377700813086	2.095645773145878	230.0	37	1.05	0.95				
	318	2	120.30559947157897	24.566909201403515	0.0	0.0	3	1.0220677179882889	1.3022945462504931	230.0	37	1.05	0.95				
	319	1	65.39133184491229	13.36728883017544	0.0	0.0	3	1.01374159276685	0.12365245732242126	230.0	35	1.05	0.95				
	320	1	46.2435937908772	9.393229988771932	0.0	0.0	3	1.0142840092274021	0.8070145156111532	230.0	35	1.05	0.95				
	321	2	0.0	0.0	0.0	0.0	3	1.022485519069567	1.351269587084536	230.0	37	1.05	0.95				
	322	2	0.0	0.0	0.0	0.0	3	1.0365711894318526	6.063332587382214	230.0	37	1.05	0.95				
	323	2	0.0	0.0	0.0	0.0	3	1.0150279457538758	1.4690350530191252	230.0	35	1.05	0.95				
	324	1	0.0	0.0	0.0	0.0	3	1.014806054918092	-1.7216940839401735	230.0	36	1.05	0.95				
	325	1	0.0	0.0	0.0	0.0	3	1.0142967441204167	2.6274226951996082	230.0	35	1.05	0.95				
];
