%% MATPOWER Case Format : Version 2
function mpc = RTS_GMLC
mpc.version = '2';

%%-----  Power Flow Data  -----%%
%% system MVA base
mpc.baseMVA = 100.0;
%% bus data
%    bus_i    type    Pd    Qd    Gs    Bs    area    Vm    Va    baseKV    zone    Vmax    Vmin
mpc.bus = [
	101	2	41.69569520842105	8.493567542456141	0.0	0.0	1	1.034094611463931	2.727110808270591	138.0	11	1.05	0.95				
	102	2	37.44891143719298	7.721425038596491	0.0	0.0	1	1.0331942452569474	2.4725343301161136	138.0	12	1.05	0.95				
	103	1	69.49282534736842	14.284636321403507	0.0	0.0	1	1.0286381636360529	1.0435352529722646	138.0	11	1.05	0.95				
	104	1	28.569272642807015	5.791068778947368	0.0	0.0	1	1.022014662561631	-0.5242317598464182	138.0	11	1.05	0.95				
	105	1	27.411058887017543	5.404997527017544	0.0	0.0	1	1.0367868133946905	-0.29388107131109786	138.0	11	1.05	0.95				
	106	1	52.50569026245614	10.809995054035088	0.0	-100.0	1	1.0467135925781534	-2.426424700526334	138.0	12	1.05	0.95				
	107	2	48.25890649122807	9.651781298245615	0.0	0.0	1	1.0010627568672053	-7.19279848690814	138.0	12	1.05	0.95				
	108	1	66.01818408	13.512493817543858	0.0	0.0	1	1.006235524790585	-6.1022689729409745	138.0	12	1.05	0.95				
	109	1	67.56246908771931	13.898565069473683	0.0	0.0	1	1.0242945577986922	-1.4099951999119904	138.0	13	1.05	0.95				
	110	1	75.28389412631579	15.442850077192983	0.0	0.0	1	1.05	-2.1407567331491673	138.0	13	1.05	0.95				
	111	1	0.0	0.0	0.0	0.0	1	1.0019847174995744	0.12221663709209185	230.0	13	1.05	0.95				
	112	1	0.0	0.0	0.0	0.0	1	1.0067780966421909	0.33195853126437963	230.0	13	1.05	0.95				
	113	3	102.30888176140351	20.847847604210525	0.0	0.0	1	0.9921372175277009	-1.1581785250958821e-29	230.0	14	1.05	0.95				
	114	2	74.89782287438597	15.056778825263159	0.0	0.0	1	0.9986038331384152	2.2628795646537996	230.0	16	1.05	0.95				
	115	2	122.38458686175437	24.70856012350877	0.0	0.0	1	1.0339144593196332	7.85474289452157	230.0	16	1.05	0.95				
	116	2	38.60712519298246	7.721425038596491	0.0	0.0	1	1.0301721628469687	7.499718408410882	230.0	16	1.05	0.95				
	117	1	0.0	0.0	0.0	0.0	1	1.0379415770080183	9.845424256682588	230.0	17	1.05	0.95				
	118	2	128.56172689263158	26.25284513122807	0.0	0.0	1	1.0407091980303247	9.979706732538716	230.0	17	1.05	0.95				
	119	1	69.87889659929824	14.284636321403507	0.0	0.0	1	1.023596373339962	6.262320472391132	230.0	15	1.05	0.95				
	120	1	49.41712024701754	10.037852550175439	0.0	0.0	1	1.0205078224500288	5.937749378951516	230.0	15	1.05	0.95				
	121	2	0.0	0.0	0.0	0.0	1	1.044113331385261	10.99534913201067	230.0	17	1.05	0.95				
	122	2	0.0	0.0	0.0	0.0	1	1.05	18.266446262616686	230.0	17	1.05	0.95				
	123	2	0.0	0.0	0.0	0.0	1	1.0191427199486536	6.061536935867368	230.0	15	1.05	0.95				
	124	1	0.0	0.0	0.0	0.0	1	1.0229782398142302	5.29496677754807	230.0	16	1.05	0.95				
	201	2	42.44860693894737	8.646938450526315	0.0	0.0	2	1.0252668794447004	-6.00331683120783	138.0	21	1.05	0.95				
	202	2	38.12513771368421	7.860853136842105	0.0	0.0	2	1.0260507754405839	-5.8407376641529245	138.0	22	1.05	0.95				
	203	1	70.74767823157894	14.542578303157894	0.0	0.0	2	1.016942787136931	-5.791448693926122	138.0	21	1.05	0.95				
	204	1	29.08515660631579	5.895639852631579	0.0	0.0	2	1.0183260355018344	-7.373590358772993	138.0	21	1.05	0.95				
	205	1	27.906028635789472	5.502597195789474	0.0	0.0	2	1.032939952827859	-7.5717738417930365	138.0	21	1.05	0.95				
	206	1	53.45380133052632	11.005194391578948	0.0	-100.0	2	1.0455167275285409	-8.8174830327188	138.0	22	1.05	0.95				
	207	2	49.13033210526316	9.826066421052632	0.0	0.0	2	0.9937533428600214	-14.445434492293082	138.0	22	1.05	0.95				
	208	1	67.21029432	13.756492989473685	0.0	0.0	2	1.0007057363798926	-12.697080625077799	138.0	22	1.05	0.95				
	209	1	68.78246494736841	14.149535646315789	0.0	0.0	2	1.022776525390408	-7.008504040993353	138.0	23	1.05	0.95				
	210	1	76.64331808421052	15.72170627368421	0.0	0.0	2	1.05	-7.898300036774771	138.0	23	1.05	0.95				
	211	1	0.0	0.0	0.0	0.0	2	1.002612468474469	-4.552211179152662	230.0	23	1.05	0.95				
	212	1	0.0	0.0	0.0	0.0	2	1.0064933588293647	-3.63211827644375	230.0	23	1.05	0.95				
	213	2	104.1563040631579	21.224303469473686	0.0	0.0	2	0.9965141531411006	-3.2511756218805306	230.0	24	1.05	0.95				
	214	2	76.25027542736842	15.328663616842105	0.0	0.0	2	0.9999718133308241	-2.6474937182533216	230.0	26	1.05	0.95				
	215	2	124.59452221894736	25.154730037894733	0.0	0.0	2	1.0187414934699595	2.2319682029233134	230.0	26	1.05	0.95				
	216	2	39.30426568421053	7.860853136842105	0.0	0.0	2	1.0199084241634304	2.420916148766462	230.0	26	1.05	0.95				
	217	1	0.0	0.0	0.0	0.0	2	1.0253145605346106	3.8363152461073504	230.0	27	1.05	0.95				
	218	2	130.88320472842105	26.72690066526316	0.0	0.0	2	1.0244454639796274	3.318812786645768	230.0	27	1.05	0.95				
	219	1	71.14072088842104	14.542578303157894	0.0	0.0	2	1.0207737408556297	2.6950126976207573	230.0	25	1.05	0.95				
	220	1	50.30946007578947	10.219109077894737	0.0	0.0	2	1.0240700964695975	3.707775992024215	230.0	25	1.05	0.95				
	221	2	0.0	0.0	0.0	0.0	2	1.0261759103111507	3.7646813547927134	230.0	27	1.05	0.95				
	222	2	0.0	0.0	0.0	0.0	2	1.0482313274489021	10.30517620837819	230.0	27	1.05	0.95				
	223	2	0.0	0.0	0.0	0.0	2	1.0265809556112582	4.565548590314745	230.0	25	1.05	0.95				
	224	1	0.0	0.0	0.0	0.0	2	1.0080352941152115	-0.797432287696052	230.0	26	1.05	0.95				
	301	2	41.22176525052632	8.397026254736843	0.0	0.0	3	1.0099737019578183	-13.723104555779736	138.0	31	1.05	0.95				
	302	2	37.023252123157896	7.633660231578948	0.0	0.0	3	1.0099237764684563	-13.829842702562704	138.0	32	1.05	0.95				
	303	1	68.70294208421053	14.122271428421055	0.0	0.0	3	1.0231168049389752	-8.784490200614805	138.0	31	1.05	0.95				
	304	1	28.24454285684211	5.725245173684211	0.0	0.0	3	1.011931855512746	-12.596916067507216	138.0	31	1.05	0.95				
	305	1	27.099493822105263	5.343562162105265	0.0	0.0	3	1.0251818898134977	-13.25473829407633	138.0	31	1.05	0.95				
	306	1	51.90888957473685	10.68712432421053	0.0	-100.0	3	1.0422833033840648	-13.46561423509654	138.0	32	1.05	0.95				
	307	2	47.710376447368425	9.542075289473685	0.0	0.0	3	0.9936456982358965	-17.530162185657368	138.0	32	1.05	0.95				
	308	1	65.26779498	13.358905405263158	0.0	0.0	3	1.0015526379612891	-15.851278691784199	138.0	32	1.05	0.95				
	309	1	66.79452702631579	13.740588416842106	0.0	0.0	3	1.0249606712122243	-10.016694493161355	138.0	33	1.05	0.95				
	310	1	74.42818725789473	15.267320463157896	0.0	0.0	3	1.05	-11.55569024369421	138.0	33	1.05	0.95				
	311	1	0.0	0.0	0.0	0.0	3	1.0042229588932496	-6.426777565562734	230.0	33	1.05	0.95				
	312	1	0.0	0.0	0.0	0.0	3	1.008604659454911	-6.020852899704598	230.0	33	1.05	0.95				
	313	2	101.14599806842106	20.61088262526316	0.0	0.0	3	1.0068457431103432	-3.07601038605869	230.0	34	1.05	0.95				
	314	2	74.04650424631579	14.885637451578948	0.0	0.0	3	0.9999693092538721	-4.862466284662249	230.0	36	1.05	0.95				
	315	2	120.99351467052632	24.427712741052634	0.0	0.0	3	1.0247461667432298	-1.0639498827374683	230.0	36	1.05	0.95				
	316	2	38.16830115789474	7.633660231578948	0.0	0.0	3	1.0239473182621501	-0.390671838432812	230.0	36	1.05	0.95				
	317	1	0.0	0.0	0.0	0.0	3	1.0315430423431844	1.8405968701125304	230.0	37	1.05	0.95				
	318	2	127.1004428557895	25.954444787368423	0.0	0.0	3	1.0294874416924322	1.1453524481423625	230.0	37	1.05	0.95				
	319	1	69.08462509578949	14.122271428421055	0.0	0.0	3	1.0196680294807074	-1.165678184419726	230.0	35	1.05	0.95				
	320	1	48.85542548210527	9.923758301052633	0.0	0.0	3	1.0183677425323814	-1.085574755233871	230.0	35	1.05	0.95				
	321	2	0.0	0.0	0.0	0.0	3	1.030217255630083	0.9681007030754767	230.0	37	1.05	0.95				
	322	2	0.0	0.0	0.0	0.0	3	1.0441867013092112	5.665817054574161	230.0	37	1.05	0.95				
	323	2	0.0	0.0	0.0	0.0	3	1.0180257835105806	-0.7410636298999951	230.0	35	1.05	0.95				
	324	1	0.0	0.0	0.0	0.0	3	1.0143583943987056	-3.979224477420349	230.0	36	1.05	0.95				
	325	1	0.0	0.0	0.0	0.0	3	1.017375345053035	0.2642987316833722	230.0	35	1.05	0.95				
];
