%% MATPOWER Case Format : Version 2
function mpc = RTS_GMLC
mpc.version = '2';

%%-----  Power Flow Data  -----%%
%% system MVA base
mpc.baseMVA = 100.0;
%% bus data
%    bus_i    type    Pd    Qd    Gs    Bs    area    Vm    Va    baseKV    zone    Vmax    Vmin
mpc.bus = [
	101	2	68.50865906526316	13.955467587368423	0.0	0.0	1	1.0499999881524364	2.2731225912389745	138.0	11	1.05	0.95				
	102	2	61.53092527157895	12.686788715789474	0.0	0.0	1	1.0494478840457486	2.0436627879050873	138.0	12	1.05	0.95				
	103	1	114.18109844210527	23.470559124210528	0.0	0.0	1	1.030797240780575	-0.004037604661032437	138.0	11	1.05	0.95				
	104	1	46.941118248421056	9.515091536842107	0.0	0.0	1	1.02722805290536	-1.697741322052126	138.0	11	1.05	0.95				
	105	1	45.038099941052636	8.880752101052632	0.0	0.0	1	1.0406908792772573	-1.9413239565353297	138.0	11	1.05	0.95				
	106	1	86.27016326736843	17.761504202105264	0.0	-100.0	1	1.0427125491576619	-4.9352726130216595	138.0	12	1.05	0.95				
	107	2	79.29242947368421	15.858485894736843	0.0	0.0	1	1.0068502592002146	-8.801326770098939	138.0	12	1.05	0.95				
	108	1	108.47204352	22.20188025263158	0.0	0.0	1	1.0026297153028607	-8.652571009185504	138.0	12	1.05	0.95				
	109	1	111.0094012631579	22.836219688421053	0.0	0.0	1	1.0258365961737086	-3.1324804984115753	138.0	13	1.05	0.95				
	110	1	123.69618997894737	25.373577431578948	0.0	0.0	1	1.05	-4.301333769557316	138.0	13	1.05	0.95				
	111	1	0.0	0.0	0.0	0.0	1	1.0104538599886341	-1.0656433443240723	230.0	13	1.05	0.95				
	112	1	0.0	0.0	0.0	0.0	1	1.0132563223730457	-0.4020176730929203	230.0	13	1.05	0.95				
	113	3	168.09995048421052	34.25432953263158	0.0	0.0	1	1.0067847881287657	1.0782312278661088e-28	230.0	14	1.05	0.95				
	114	2	123.0618505431579	24.739237995789477	0.0	0.0	1	1.011281090128045	0.7323048991778277	230.0	16	1.05	0.95				
	115	2	201.08560114526318	40.59772389052632	0.0	0.0	1	1.0422830756519739	7.491096435771071	230.0	16	1.05	0.95				
	116	2	63.43394357894737	12.686788715789474	0.0	0.0	1	1.039179426167358	7.082382291550947	230.0	16	1.05	0.95				
	117	1	0.0	0.0	0.0	0.0	1	1.0441829574296466	9.511973253909252	230.0	17	1.05	0.95				
	118	2	211.23503211789478	43.135081633684216	0.0	0.0	1	1.046677072573578	9.577658180320293	230.0	17	1.05	0.95				
	119	1	114.81543787789474	23.470559124210528	0.0	0.0	1	1.0325917813812469	6.089889082826941	230.0	15	1.05	0.95				
	120	1	81.19544778105264	16.492825330526315	0.0	0.0	1	1.0313039669445463	6.0436684179812135	230.0	15	1.05	0.95				
	121	2	0.0	0.0	0.0	0.0	1	1.0499999992925357	10.81251524512403	230.0	17	1.05	0.95				
	122	2	0.0	0.0	0.0	0.0	1	1.05	18.880210020083755	230.0	17	1.05	0.95				
	123	2	0.0	0.0	0.0	0.0	1	1.0320987532117676	6.497177148578308	230.0	15	1.05	0.95				
	124	1	0.0	0.0	0.0	0.0	1	1.0282582510122935	4.6921689724029445	230.0	16	1.05	0.95				
	201	2	59.397450025263154	12.099480560701755	0.0	0.0	2	1.0308899539298977	-6.098382583274257	138.0	21	1.05	0.95				
	202	2	53.34770974491227	10.999527782456141	0.0	0.0	2	1.031296993802297	-6.045188390715689	138.0	22	1.05	0.95				
	203	1	98.99575004210526	20.34912639754386	0.0	0.0	2	1.0191613225994278	-6.362632952695567	138.0	21	1.05	0.95				
	204	1	40.69825279508772	8.249645836842106	0.0	0.0	2	1.0184661535286115	-7.961774033764817	138.0	21	1.05	0.95				
	205	1	39.04832362771929	7.699669447719298	0.0	0.0	2	1.0335666598068673	-8.06652632607581	138.0	21	1.05	0.95				
	206	1	74.79678892070176	15.399338895438596	0.0	-100.0	2	1.042194850602904	-9.678706997865213	138.0	22	1.05	0.95				
	207	2	68.74704864035087	13.749409728070175	0.0	0.0	2	0.9899348535011567	-17.93707168412125	138.0	22	1.05	0.95				
	208	1	94.04596253999999	19.249173619298244	0.0	0.0	2	0.9920666115782057	-15.338115814777456	138.0	22	1.05	0.95				
	209	1	96.24586809649122	19.79915000842105	0.0	0.0	2	1.0244378866655526	-7.291793677695889	138.0	23	1.05	0.95				
	210	1	107.24539587894736	21.999055564912283	0.0	0.0	2	1.05	-8.317165631543292	138.0	23	1.05	0.95				
	211	1	0.0	0.0	0.0	0.0	2	1.0096156537846186	-4.321173416699839	230.0	23	1.05	0.95				
	212	1	0.0	0.0	0.0	0.0	2	1.013699685845121	-1.5065107417453183	230.0	23	1.05	0.95				
	213	2	145.74374311754386	29.698725012631577	0.0	0.0	2	1.0068215035812795	-2.5671870073115555	230.0	24	1.05	0.95				
	214	2	106.69541948982454	21.449079175789475	0.0	0.0	2	1.0121534193689563	-2.294827007698956	230.0	26	1.05	0.95				
	215	2	174.34251535192982	35.19848890385965	0.0	0.0	2	1.0327815026876939	3.8384475999739727	230.0	26	1.05	0.95				
	216	2	54.9976389122807	10.999527782456141	0.0	0.0	2	1.0329626442918585	3.9141628364359113	230.0	26	1.05	0.95				
	217	1	0.0	0.0	0.0	0.0	2	1.0381423454112317	6.162588599280649	230.0	27	1.05	0.95				
	218	2	183.14213757789472	37.39839446035088	0.0	0.0	2	1.038959800961582	6.438783454607903	230.0	27	1.05	0.95				
	219	1	99.54572643122806	20.34912639754386	0.0	0.0	2	1.0310096630735404	3.5744358090350588	230.0	25	1.05	0.95				
	220	1	70.3969778077193	14.299386117192983	0.0	0.0	2	1.033593014062502	4.337381674422953	230.0	25	1.05	0.95				
	221	2	0.0	0.0	0.0	0.0	2	1.0392094600051716	6.336613913567569	230.0	27	1.05	0.95				
	222	2	0.0	0.0	0.0	0.0	2	1.05	12.769778830976731	230.0	27	1.05	0.95				
	223	2	0.0	0.0	0.0	0.0	2	1.0363364309174308	5.168328443545021	230.0	25	1.05	0.95				
	224	1	0.0	0.0	0.0	0.0	2	1.0150447876765927	0.02996353954977104	230.0	26	1.05	0.95				
	301	2	54.42708005052632	11.086997788070176	0.0	0.0	3	1.0082166735810842	-14.83454034481267	138.0	31	1.05	0.95				
	302	2	48.883581156491225	10.079088898245613	0.0	0.0	3	1.0077551587263016	-14.951165754107965	138.0	32	1.05	0.95				
	303	1	90.71180008421052	18.646314461754386	0.0	0.0	3	1.0228392261993242	-9.109426964394476	138.0	31	1.05	0.95				
	304	1	37.29262892350877	7.559316673684211	0.0	0.0	3	1.0085382788888961	-13.318575794474157	138.0	31	1.05	0.95				
	305	1	35.78076558877193	7.05536222877193	0.0	0.0	3	1.0222422756017828	-13.903005875359721	138.0	31	1.05	0.95				
	306	1	68.53780450807018	14.11072445754386	0.0	-100.0	3	1.0380989438590196	-13.964414103873905	138.0	32	1.05	0.95				
	307	2	62.994305614035085	12.598861122807017	0.0	0.0	3	0.9944450315919169	-19.588160730607235	138.0	32	1.05	0.95				
	308	1	86.17621007999999	17.638405571929823	0.0	0.0	3	0.9977420529265991	-17.253045829727267	138.0	32	1.05	0.95				
	309	1	88.19202785964913	18.142360016842105	0.0	0.0	3	1.025839445263386	-9.921485887563325	138.0	33	1.05	0.95				
	310	1	98.27111675789475	20.158177796491227	0.0	0.0	3	1.05	-11.353192526661013	138.0	33	1.05	0.95				
	311	1	0.0	0.0	0.0	0.0	3	1.0108637026040976	-5.0488410379425925	230.0	33	1.05	0.95				
	312	1	0.0	0.0	0.0	0.0	3	1.0131469849011419	-4.518538746810268	230.0	33	1.05	0.95				
	313	2	133.54792790175438	27.21354002526316	0.0	0.0	3	1.0173333927100638	-0.69870860602049	230.0	34	1.05	0.95				
	314	2	97.76716231298245	19.65422335157895	0.0	0.0	3	1.0146904718689098	-3.227283387963607	230.0	36	1.05	0.95				
	315	2	159.75355903719299	32.253084474385965	0.0	0.0	3	1.0331846666229056	-1.0917463059649375	230.0	36	1.05	0.95				
	316	2	50.39544449122807	10.079088898245613	0.0	0.0	3	1.0330741015599227	-0.022587278661665218	230.0	36	1.05	0.95				
	317	1	0.0	0.0	0.0	0.0	3	1.0379496842610731	0.9355800438960122	230.0	37	1.05	0.95				
	318	2	167.8168301557895	34.26890225403509	0.0	0.0	3	1.0359778835224565	0.3813458506314056	230.0	37	1.05	0.95				
	319	1	91.2157545291228	18.646314461754386	0.0	0.0	3	1.0307131636696967	0.19870378179845744	230.0	35	1.05	0.95				
	320	1	64.50616894877193	13.102815567719297	0.0	0.0	3	1.0305520159141686	0.5927344707493306	230.0	35	1.05	0.95				
	321	2	0.0	0.0	0.0	0.0	3	1.0371083225696656	0.43448654150674415	230.0	37	1.05	0.95				
	322	2	0.0	0.0	0.0	0.0	3	1.0499999748131985	4.940115454150464	230.0	37	1.05	0.95				
	323	2	0.0	0.0	0.0	0.0	3	1.030520986162809	0.8329121150185241	230.0	35	1.05	0.95				
	324	1	0.0	0.0	0.0	0.0	3	1.0206435627763157	-3.068854184490014	230.0	36	1.05	0.95				
	325	1	0.0	0.0	0.0	0.0	3	1.0300708650530783	1.6835383116885652	230.0	35	1.05	0.95				
];
