%% MATPOWER Case Format : Version 2
function mpc = RTS_GMLC
mpc.version = '2';

%%-----  Power Flow Data  -----%%
%% system MVA base
mpc.baseMVA = 100.0;
%% bus data
%    bus_i    type    Pd    Qd    Gs    Bs    area    Vm    Va    baseKV    zone    Vmax    Vmin
mpc.bus = [
	101	2	44.80851065684211	9.127659578245614	0.0	0.0	1	1.0134029801321434	-6.386347700474957	138.0	11	1.05	0.95				
	102	2	40.244680867719296	8.29787234385965	0.0	0.0	1	1.0126493355288013	-6.544513146433609	138.0	12	1.05	0.95				
	103	1	74.68085109473684	15.35106383614035	0.0	0.0	1	1.029578460030018	-1.4886272430714127	138.0	11	1.05	0.95				
	104	1	30.7021276722807	6.223404257894736	0.0	0.0	1	1.0148037856895735	-5.935198027065773	138.0	11	1.05	0.95				
	105	1	29.457446820701755	5.808510640701755	0.0	0.0	1	1.0266723634701298	-6.907509630790053	138.0	11	1.05	0.95				
	106	1	56.42553193824562	11.61702128140351	0.0	-100.0	1	1.0419622116517182	-7.6828945523594285	138.0	12	1.05	0.95				
	107	2	51.8617021491228	10.372340429824561	0.0	0.0	1	1.003092346213948	-8.832740147717573	138.0	12	1.05	0.95				
	108	1	70.94680853999999	14.521276601754385	0.0	0.0	1	1.0074299759353034	-8.60556558911296	138.0	12	1.05	0.95				
	109	1	72.60638300877193	14.936170218947368	0.0	0.0	1	1.0256732749523518	-4.296513902073963	138.0	13	1.05	0.95				
	110	1	80.90425535263158	16.5957446877193	0.0	0.0	1	1.05	-6.093283705314894	138.0	13	1.05	0.95				
	111	1	0.0	0.0	0.0	0.0	1	1.0063438750836817	-1.526173272431767	230.0	13	1.05	0.95				
	112	1	0.0	0.0	0.0	0.0	1	1.0081443531191983	-1.9021799044988204	230.0	13	1.05	0.95				
	113	3	109.94680855614034	22.404255328421055	0.0	0.0	1	0.9998129579011991	6.26381785759762e-29	230.0	14	1.05	0.95				
	114	2	80.48936173543859	16.180851070526316	0.0	0.0	1	1.0090782374986584	0.930323391708675	230.0	16	1.05	0.95				
	115	2	131.52127665017542	26.553191500350877	0.0	0.0	1	1.0416560732577609	8.14672334806594	230.0	16	1.05	0.95				
	116	2	41.489361719298245	8.29787234385965	0.0	0.0	1	1.036676279412004	6.816014903880504	230.0	16	1.05	0.95				
	117	1	0.0	0.0	0.0	0.0	1	1.0432575150065262	10.805544666458493	230.0	17	1.05	0.95				
	118	2	138.15957452526314	28.21276596912281	0.0	0.0	1	1.047530098249991	11.842852762803757	230.0	17	1.05	0.95				
	119	1	75.09574471192983	15.35106383614035	0.0	0.0	1	1.024853334853253	4.2673028883886905	230.0	15	1.05	0.95				
	120	1	53.106383000701754	10.787234047017543	0.0	0.0	1	1.0183890726329814	2.692218074690683	230.0	15	1.05	0.95				
	121	2	0.0	0.0	0.0	0.0	1	1.0497877822013033	13.504295027331489	230.0	17	1.05	0.95				
	122	2	0.0	0.0	0.0	0.0	1	1.05	19.081082877356575	230.0	17	1.05	0.95				
	123	2	0.0	0.0	0.0	0.0	1	1.0154173263011654	2.14468522936828	230.0	15	1.05	0.95				
	124	1	0.0	0.0	0.0	0.0	1	1.0250646893876219	4.544556659270821	230.0	16	1.05	0.95				
	201	2	38.53864314947369	7.850464345263158	0.0	0.0	2	1.0138057934610951	-5.575890658464958	138.0	21	1.05	0.95				
	202	2	34.613410976842104	7.1367857684210545	0.0	0.0	2	1.0129625083343174	-5.769784366926529	138.0	22	1.05	0.95				
	203	1	64.23107191578949	13.20305367157895	0.0	0.0	2	1.0158263123880515	-4.726895554102062	138.0	21	1.05	0.95				
	204	1	26.4061073431579	5.3525893263157895	0.0	0.0	2	1.01367682137621	-5.300790976783099	138.0	21	1.05	0.95				
	205	1	25.335589477894736	4.995750037894737	0.0	0.0	2	1.0276083622507532	-5.449022384630757	138.0	21	1.05	0.95				
	206	1	48.53014322526317	9.991500075789475	0.0	-100.0	2	1.0437514340719325	-5.842503654028429	138.0	22	1.05	0.95				
	207	2	44.604911052631586	8.920982210526317	0.0	0.0	2	0.9972176031133053	-10.090926498388088	138.0	22	1.05	0.95				
	208	1	61.01951832000001	12.489375094736843	0.0	0.0	2	1.0044276368516838	-8.52953204750279	138.0	22	1.05	0.95				
	209	1	62.446875473684216	12.846214383157895	0.0	0.0	2	1.0240867109311882	-3.4371529259581557	138.0	23	1.05	0.95				
	210	1	69.58366124210526	14.273571536842109	0.0	0.0	2	1.05	-4.170671344569639	138.0	23	1.05	0.95				
	211	1	0.0	0.0	0.0	0.0	2	1.0001344135988401	-1.4248771664207327	230.0	23	1.05	0.95				
	212	1	0.0	0.0	0.0	0.0	2	1.0083681747530207	2.779100818732041	230.0	23	1.05	0.95				
	213	2	94.56241143157895	19.269321574736846	0.0	0.0	2	0.9932187359859532	0.7176772197860916	230.0	24	1.05	0.95				
	214	2	69.22682195368421	13.916732248421054	0.0	0.0	2	0.9937521830410037	-0.7536590036868445	230.0	26	1.05	0.95				
	215	2	113.11805442947369	22.83771445894737	0.0	0.0	2	1.017554984600271	2.633878160798114	230.0	26	1.05	0.95				
	216	2	35.68392884210527	7.1367857684210545	0.0	0.0	2	1.0153306807949194	2.350979502644197	230.0	26	1.05	0.95				
	217	1	0.0	0.0	0.0	0.0	2	1.0222048291443424	3.2654891184517285	230.0	27	1.05	0.95				
	218	2	118.82748304421054	24.265071612631584	0.0	0.0	2	1.0219693713008977	3.0595533826182946	230.0	27	1.05	0.95				
	219	1	64.58791120421054	13.20305367157895	0.0	0.0	2	1.014114000864366	2.8024246260523804	230.0	25	1.05	0.95				
	220	1	45.67542891789474	9.27782149894737	0.0	0.0	2	1.0152525180604113	3.9103665728263204	230.0	25	1.05	0.95				
	221	2	0.0	0.0	0.0	0.0	2	1.0240111610870934	3.7125737494253066	230.0	27	1.05	0.95				
	222	2	0.0	0.0	0.0	0.0	2	1.045764762022797	10.080694789786646	230.0	27	1.05	0.95				
	223	2	0.0	0.0	0.0	0.0	2	1.0164669018268333	4.801011168945348	230.0	25	1.05	0.95				
	224	1	0.0	0.0	0.0	0.0	2	1.0075602277898614	-0.14474370621772426	230.0	26	1.05	0.95				
	301	2	45.47548242947368	9.26352419859649	0.0	0.0	3	1.0094833992364276	25.99145836278542	138.0	31	1.05	0.95				
	302	2	40.84372033017543	8.42138563508772	0.0	0.0	3	1.009182483274178	25.74763529399815	138.0	32	1.05	0.95				
	303	1	75.79247071578946	15.57956342491228	0.0	0.0	3	1.0414811401643347	34.88764041170316	138.0	31	1.05	0.95				
	304	1	31.15912684982456	6.316039226315788	0.0	0.0	3	1.0105808594389873	26.600318737062555	138.0	31	1.05	0.95				
	305	1	29.8959190045614	5.894969944561403	0.0	0.0	3	1.024530358371523	25.829699045614475	138.0	31	1.05	0.95				
	306	1	57.26542231859648	11.789939889122806	0.0	-100.0	3	1.0409709105063207	25.221317582204136	138.0	32	1.05	0.95				
	307	2	52.63366021929824	10.526732043859647	0.0	0.0	3	0.9672284360261423	23.44616349625336	138.0	32	1.05	0.95				
	308	1	72.00284717999999	14.737424861403506	0.0	0.0	3	0.9910652139993437	25.14261109895004	138.0	32	1.05	0.95				
	309	1	73.68712430701754	15.158494143157892	0.0	0.0	3	1.0243065394305053	29.035537184315046	138.0	33	1.05	0.95				
	310	1	82.10850994210524	16.84277127017544	0.0	0.0	3	1.05	27.025869688507893	138.0	33	1.05	0.95				
	311	1	0.0	0.0	0.0	0.0	3	1.0074261488974867	30.056329518550843	230.0	33	1.05	0.95				
	312	1	0.0	0.0	0.0	0.0	3	1.0136130110680768	30.49860170541423	230.0	33	1.05	0.95				
	313	2	111.58335966491227	22.73774121473684	0.0	0.0	3	1.0124705612666878	34.26503683450086	230.0	34	1.05	0.95				
	314	2	81.68744066035086	16.42170198842105	0.0	0.0	3	0.9993710984621473	28.472196938267135	230.0	36	1.05	0.95				
	315	2	133.47896231614033	26.948434032280698	0.0	0.0	3	1.032905326128515	23.331477623139293	230.0	36	1.05	0.95				
	316	2	42.10692817543859	8.42138563508772	0.0	0.0	3	1.0240762092435465	23.476919622236714	230.0	36	1.05	0.95				
	317	1	0.0	0.0	0.0	0.0	3	1.035213170102189	22.04179333766472	230.0	37	1.05	0.95				
	318	2	140.2160708242105	28.63271115929824	0.0	0.0	3	1.03696045793951	20.493946858354903	230.0	37	1.05	0.95				
	319	1	76.21353999754386	15.57956342491228	0.0	0.0	3	1.0195482375118712	24.817004827788278	230.0	35	1.05	0.95				
	320	1	53.896868064561396	10.947801325614034	0.0	0.0	3	1.0158704654277548	25.606474896258224	230.0	35	1.05	0.95				
	321	2	0.0	0.0	0.0	0.0	3	1.0375848335125764	22.011367366547947	230.0	37	1.05	0.95				
	322	2	0.0	0.0	0.0	0.0	3	1.0499998007590352	26.329422462219778	230.0	37	1.05	0.95				
	323	2	0.0	0.0	0.0	0.0	3	1.0133262422052025	25.875719364210546	230.0	35	1.05	0.95				
	324	1	0.0	0.0	0.0	0.0	3	1.0351247560500259	29.64955845783665	230.0	36	1.05	0.95				
	325	1	0.0	0.0	0.0	0.0	3	1.0174981388609188	24.81900728995763	230.0	35	1.05	0.95				
];
