%% MATPOWER Case Format : Version 2
function mpc = RTS_GMLC
mpc.version = '2';

%%-----  Power Flow Data  -----%%
%% system MVA base
mpc.baseMVA = 100.0;
%% bus data
%    bus_i    type    Pd    Qd    Gs    Bs    area    Vm    Va    baseKV    zone    Vmax    Vmin
mpc.bus = [
	101	2	75.48243442105263	15.376051456140349	0.0	0.0	1	1.0309446510133926	-1.1713202393390845	138.0	11	1.05	0.95				
	102	2	67.79440869298244	13.978228596491228	0.0	0.0	1	1.0309705177188464	-1.229178511303044	138.0	12	1.05	0.95				
	103	1	125.80405736842104	25.859722903508768	0.0	0.0	1	1.0211679011334787	-1.8304088859464598	138.0	11	1.05	0.95				
	104	1	51.719445807017536	10.48367144736842	0.0	0.0	1	1.016253396429234	-4.203410541912087	138.0	11	1.05	0.95				
	105	1	49.622711517543856	9.78476001754386	0.0	0.0	1	1.031077610584538	-4.217706544454549	138.0	11	1.05	0.95				
	106	1	95.05195445614035	19.56952003508772	0.0	-100.0	1	1.0372247757409119	-6.559170747806911	138.0	12	1.05	0.95				
	107	2	87.36392872807018	17.472785745614033	0.0	0.0	1	1.05	-3.558732329856629	138.0	12	1.05	0.95				
	108	1	119.51385449999998	24.461900043859643	0.0	0.0	1	1.0271209848284448	-6.082806672813721	138.0	12	1.05	0.95				
	109	1	122.30950021929823	25.16081147368421	0.0	0.0	1	1.0265670618494536	-3.8022565909019206	138.0	13	1.05	0.95				
	110	1	136.28772881578945	27.956457192982455	0.0	0.0	1	1.05	-5.092735912092612	138.0	13	1.05	0.95				
	111	1	0.0	0.0	0.0	0.0	1	1.011993208353475	-1.152798625203765	230.0	13	1.05	0.95				
	112	1	0.0	0.0	0.0	0.0	1	1.0151763072047364	-0.3851249987961822	230.0	13	1.05	0.95				
	113	3	185.21152890350874	37.741217210526315	0.0	0.0	1	1.0115297404205328	3.0655225875711197e-30	230.0	14	1.05	0.95				
	114	2	135.5888173859649	27.257545763157893	0.0	0.0	1	1.013284194308802	1.1982770940651943	230.0	16	1.05	0.95				
	115	2	221.55492325438595	44.730331508771926	0.0	0.0	1	1.0445787651732823	9.078021130063089	230.0	16	1.05	0.95				
	116	2	69.89114298245613	13.978228596491228	0.0	0.0	1	1.042691464312827	8.695631120075076	230.0	16	1.05	0.95				
	117	1	0.0	0.0	0.0	0.0	1	1.0468213225843013	11.710402089668076	230.0	17	1.05	0.95				
	118	2	232.73750613157893	47.525977228070175	0.0	0.0	1	1.0491892489517494	12.279287458082742	230.0	17	1.05	0.95				
	119	1	126.5029687982456	25.859722903508768	0.0	0.0	1	1.037140929487348	7.373317187737254	230.0	15	1.05	0.95				
	120	1	89.46066301754385	18.171697175438595	0.0	0.0	1	1.0384817142176566	7.545272484678291	230.0	15	1.05	0.95				
	121	2	0.0	0.0	0.0	0.0	1	1.05	12.822197472788506	230.0	17	1.05	0.95				
	122	2	0.0	0.0	0.0	0.0	1	1.05	19.679649457488203	230.0	17	1.05	0.95				
	123	2	0.0	0.0	0.0	0.0	1	1.041044697136787	8.157324378842615	230.0	15	1.05	0.95				
	124	1	0.0	0.0	0.0	0.0	1	1.0221614744712597	5.0422918186454755	230.0	16	1.05	0.95				
	201	2	88.62017945684211	18.052258778245616	0.0	0.0	2	1.0476607473254127	-12.111057288574967	138.0	21	1.05	0.95				
	202	2	79.59405006771931	16.41114434385965	0.0	0.0	2	1.049057158146207	-12.174318521223382	138.0	22	1.05	0.95				
	203	1	147.70029909473686	30.360617036140354	0.0	0.0	2	1.025433070003065	-8.761678186936296	138.0	21	1.05	0.95				
	204	1	60.72123407228071	12.308358257894735	0.0	0.0	2	1.0214430235765726	-14.19827896429913	138.0	21	1.05	0.95				
	205	1	58.25956242070175	11.487801040701756	0.0	0.0	2	1.0382769347967806	-14.647162439260663	138.0	21	1.05	0.95				
	206	1	111.59578153824563	22.975602081403512	0.0	-100.0	2	1.0383964111415984	-16.82471683119131	138.0	22	1.05	0.95				
	207	2	102.56965214912282	20.513930429824562	0.0	0.0	2	0.95	-28.404929335050646	138.0	22	1.05	0.95				
	208	1	140.31528414000002	28.71950260175438	0.0	0.0	2	0.9557027517944698	-24.69375558539603	138.0	22	1.05	0.95				
	209	1	143.59751300877193	29.540059818947366	0.0	0.0	2	1.0250755215457363	-12.572508701931737	138.0	23	1.05	0.95				
	210	1	160.00865735263156	32.8222886877193	0.0	0.0	2	1.05	-14.680352504765654	138.0	23	1.05	0.95				
	211	1	0.0	0.0	0.0	0.0	2	1.032160493443713	-7.420889338854076	230.0	23	1.05	0.95				
	212	1	0.0	0.0	0.0	0.0	2	1.0236735188677473	-6.132508327291354	230.0	23	1.05	0.95				
	213	2	217.44766255614033	44.310089728421055	0.0	0.0	2	1.05	-3.4839264730651434	230.0	24	1.05	0.95				
	214	2	159.18810013543862	32.001731470526316	0.0	0.0	2	1.05	-4.941160184885974	230.0	26	1.05	0.95				
	215	2	260.11663785017544	52.51566190035087	0.0	0.0	2	1.0438767469308732	3.818376822614068	230.0	26	1.05	0.95				
	216	2	82.05572171929825	16.41114434385965	0.0	0.0	2	1.0484530305663105	3.6512366538960954	230.0	26	1.05	0.95				
	217	1	0.0	0.0	0.0	0.0	2	1.0489257198058322	6.978330715059752	230.0	27	1.05	0.95				
	218	2	273.2455533252632	55.797890769122816	0.0	0.0	2	1.0499999990893174	7.617894713019394	230.0	27	1.05	0.95				
	219	1	148.52085631192983	30.360617036140354	0.0	0.0	2	1.0430786502042944	3.0585531656291205	230.0	25	1.05	0.95				
	220	1	105.03132380070174	21.334487647017543	0.0	0.0	2	1.045811159071511	4.0765974386061385	230.0	25	1.05	0.95				
	221	2	0.0	0.0	0.0	0.0	2	1.05	8.07792157608205	230.0	27	1.05	0.95				
	222	2	0.0	0.0	0.0	0.0	2	1.05	14.158388480142833	230.0	27	1.05	0.95				
	223	2	0.0	0.0	0.0	0.0	2	1.05	5.229854920274517	230.0	25	1.05	0.95				
	224	1	0.0	0.0	0.0	0.0	2	1.0211020521966294	-0.8618397535027191	230.0	26	1.05	0.95				
	301	2	67.71781083789475	13.794368874385965	0.0	0.0	3	1.0135644164371294	-16.130951715707152	138.0	31	1.05	0.95				
	302	2	60.82062640070175	12.540335340350877	0.0	0.0	3	1.0121677751265552	-16.457302058591093	138.0	32	1.05	0.95				
	303	1	112.86301806315788	23.199620379649122	0.0	0.0	3	1.0369471403632826	-6.599130434241872	138.0	31	1.05	0.95				
	304	1	46.399240759298245	9.405251505263157	0.0	0.0	3	1.0092202666842764	-14.967124175725923	138.0	31	1.05	0.95				
	305	1	44.51819045824561	8.778234738245615	0.0	0.0	3	1.0235563118902424	-16.112557242434303	138.0	31	1.05	0.95				
	306	1	85.27428031438596	17.55646947649123	0.0	-100.0	3	1.0356287264238095	-16.80465509330047	138.0	32	1.05	0.95				
	307	2	78.37709587719299	15.675419175438595	0.0	0.0	3	1.0046206361346395	-18.501455035209265	138.0	32	1.05	0.95				
	308	1	107.21986715999998	21.94558684561403	0.0	0.0	3	1.0016075072325796	-17.996173635771218	138.0	32	1.05	0.95				
	309	1	109.72793422807017	22.57260361263158	0.0	0.0	3	1.0281651671614631	-11.191936536786658	138.0	33	1.05	0.95				
	310	1	122.26826956842105	25.080670680701754	0.0	0.0	3	1.05	-14.08399537824734	138.0	33	1.05	0.95				
	311	1	0.0	0.0	0.0	0.0	3	1.0174474635768556	-7.456981246867343	230.0	33	1.05	0.95				
	312	1	0.0	0.0	0.0	0.0	3	1.017573025179495	-6.634847225783494	230.0	33	1.05	0.95				
	313	2	166.1594432596491	33.85890541894737	0.0	0.0	3	1.0239993598205333	-3.4980048503915926	230.0	34	1.05	0.95				
	314	2	121.6412528014035	24.45365391368421	0.0	0.0	3	1.0250574120121556	-5.7507842785630325	230.0	36	1.05	0.95				
	315	2	198.76431514456138	40.129073089122805	0.0	0.0	3	1.0461844935002904	0.6330590394669785	230.0	36	1.05	0.95				
	316	2	62.70167670175438	12.540335340350877	0.0	0.0	3	1.0444792039281308	0.45960915071035163	230.0	36	1.05	0.95				
	317	1	0.0	0.0	0.0	0.0	3	1.0474276293724467	2.6618367862285095	230.0	37	1.05	0.95				
	318	2	208.7965834168421	42.63714015719298	0.0	0.0	3	1.0476357059211931	2.765117903974653	230.0	37	1.05	0.95				
	319	1	113.49003483017543	23.199620379649122	0.0	0.0	3	1.0396618691862032	-0.3956895691081073	230.0	35	1.05	0.95				
	320	1	80.25814617824561	16.30243594245614	0.0	0.0	3	1.0406366576570116	0.0438850195355191	230.0	35	1.05	0.95				
	321	2	0.0	0.0	0.0	0.0	3	1.05	3.9724480278364322	230.0	37	1.05	0.95				
	322	2	0.0	0.0	0.0	0.0	3	1.05	9.23322544260483	230.0	37	1.05	0.95				
	323	2	0.0	0.0	0.0	0.0	3	1.0427219368199165	0.7492685067697588	230.0	35	1.05	0.95				
	324	1	0.0	0.0	0.0	0.0	3	1.0332351949299974	-2.073904373474381	230.0	36	1.05	0.95				
	325	1	0.0	0.0	0.0	0.0	3	1.0403320369057594	1.755283447086526	230.0	35	1.05	0.95				
];
