%% MATPOWER Case Format : Version 2
function mpc = RTS_GMLC
mpc.version = '2';

%%-----  Power Flow Data  -----%%
%% system MVA base
mpc.baseMVA = 100.0;
%% bus data
%    bus_i    type    Pd    Qd    Gs    Bs    area    Vm    Va    baseKV    zone    Vmax    Vmin
mpc.bus = [
	101	2	58.48886690526316	11.914398814035088	0.0	0.0	1	1.0461375743820844	2.467110121539551	138.0	11	1.05	0.95				
	102	2	52.53166749824562	10.831271649122808	0.0	0.0	1	1.044645331615457	2.0264151739700815	138.0	12	1.05	0.95				
	103	1	97.48144484210526	20.03785255087719	0.0	0.0	1	1.0312956301606686	1.0926139125925298	138.0	11	1.05	0.95				
	104	1	40.07570510175438	8.123453736842105	0.0	0.0	1	1.0267249366723146	-1.3531215023267473	138.0	11	1.05	0.95				
	105	1	38.45101435438596	7.581890154385966	0.0	0.0	1	1.0399575273502588	-1.6682773644683446	138.0	11	1.05	0.95				
	106	1	73.6526472140351	15.163780308771932	0.0	-100.0	1	1.0443230875835983	-4.591037517334148	138.0	12	1.05	0.95				
	107	2	67.69544780701754	13.53908956140351	0.0	0.0	1	0.998523867620897	-11.995784254072131	138.0	12	1.05	0.95				
	108	1	92.60737259999999	18.95472538596491	0.0	0.0	1	0.998634793611234	-10.120415284478595	138.0	12	1.05	0.95				
	109	1	94.77362692982456	19.49628896842105	0.0	0.0	1	1.0247866270353372	-2.9713529860339296	138.0	13	1.05	0.95				
	110	1	105.60489857894737	21.662543298245616	0.0	0.0	1	1.05	-4.218550612523589	138.0	13	1.05	0.95				
	111	1	0.0	0.0	0.0	0.0	1	1.0089456844210984	-0.6842830233087744	230.0	13	1.05	0.95				
	112	1	0.0	0.0	0.0	0.0	1	1.0114552139946524	-1.2095908775963446	230.0	13	1.05	0.95				
	113	3	143.51434935087718	29.24443345263158	0.0	0.0	1	1.0030120817425525	-9.181305227596197e-32	230.0	14	1.05	0.95				
	114	2	105.06333499649124	21.120979715789474	0.0	0.0	1	1.011689038019476	1.7122355143612762	230.0	16	1.05	0.95				
	115	2	171.67565563859648	34.66006927719298	0.0	0.0	1	1.0410636423479935	9.95030939171352	230.0	16	1.05	0.95				
	116	2	54.15635824561404	10.831271649122808	0.0	0.0	1	1.0357181210680628	8.35010053437433	230.0	16	1.05	0.95				
	117	1	0.0	0.0	0.0	0.0	1	1.0421424957284804	13.330738762055907	230.0	17	1.05	0.95				
	118	2	180.34067295789472	36.82632360701755	0.0	0.0	1	1.0493461100161356	14.229244395474227	230.0	17	1.05	0.95				
	119	1	98.02300842456141	20.03785255087719	0.0	0.0	1	1.0245739767978208	5.000980249888934	230.0	15	1.05	0.95				
	120	1	69.32013855438596	14.080653143859651	0.0	0.0	1	1.0209127892610912	2.825376590331508	230.0	15	1.05	0.95				
	121	2	0.0	0.0	0.0	0.0	1	1.05	16.089953459650566	230.0	17	1.05	0.95				
	122	2	0.0	0.0	0.0	0.0	1	1.05	26.635129876623044	230.0	17	1.05	0.95				
	123	2	0.0	0.0	0.0	0.0	1	1.0202460036159293	2.042239362930703	230.0	15	1.05	0.95				
	124	1	0.0	0.0	0.0	0.0	1	1.0262370222600237	6.63253955662032	230.0	16	1.05	0.95				
	201	2	56.69447506105264	11.548874549473686	0.0	0.0	2	1.0134416026506765	-14.192389254570601	138.0	21	1.05	0.95				
	202	2	50.920037786315795	10.498976863157896	0.0	0.0	2	1.0126608977296405	-14.450083747630552	138.0	22	1.05	0.95				
	203	1	94.49079176842106	19.423107196842107	0.0	0.0	2	1.0132481526982016	-10.472884943227086	138.0	21	1.05	0.95				
	204	1	38.846214393684214	7.874232647368422	0.0	0.0	2	1.0101516576099547	-13.397368789869775	138.0	21	1.05	0.95				
	205	1	37.27136786421053	7.349283804210528	0.0	0.0	2	1.0248929892882963	-13.852510562388522	138.0	21	1.05	0.95				
	206	1	71.3930426694737	14.698567608421056	0.0	-100.0	2	1.038771141973724	-14.276338892848974	138.0	22	1.05	0.95				
	207	2	65.61860539473685	13.12372107894737	0.0	0.0	2	0.9956600984954274	-20.754596644603247	138.0	22	1.05	0.95				
	208	1	89.76625218000001	18.373209510526316	0.0	0.0	2	0.996616479636253	-18.2840608536838	138.0	22	1.05	0.95				
	209	1	91.86604755263158	18.898158353684213	0.0	0.0	2	1.0248888804333869	-10.378860643634956	138.0	23	1.05	0.95				
	210	1	102.36502441578948	20.997953726315792	0.0	0.0	2	1.05	-11.827294436308453	138.0	23	1.05	0.95				
	211	1	0.0	0.0	0.0	0.0	2	1.0120561405465702	-7.061845975883799	230.0	23	1.05	0.95				
	212	1	0.0	0.0	0.0	0.0	2	1.015649659843783	-2.539521802209159	230.0	23	1.05	0.95				
	213	2	139.1114434368421	28.34723753052632	0.0	0.0	2	1.0144506740437564	-4.243652780781843	230.0	24	1.05	0.95				
	214	2	101.84007557263159	20.4730048831579	0.0	0.0	2	1.0144513240232633	-5.4357559104302196	230.0	26	1.05	0.95				
	215	2	166.40878328105265	33.59672596210527	0.0	0.0	2	1.0275510125596004	0.10097519322323349	230.0	26	1.05	0.95				
	216	2	52.49488431578948	10.498976863157896	0.0	0.0	2	1.0284890048904674	0.11057786303089509	230.0	26	1.05	0.95				
	217	1	0.0	0.0	0.0	0.0	2	1.0311297464346487	1.0124736184008538	230.0	27	1.05	0.95				
	218	2	174.80796477157898	35.69652133473685	0.0	0.0	2	1.0299017103324644	0.4383852057037358	230.0	27	1.05	0.95				
	219	1	95.01574061157896	19.423107196842107	0.0	0.0	2	1.0291114406330728	0.9824699536469376	230.0	25	1.05	0.95				
	220	1	67.19345192421054	13.648669922105267	0.0	0.0	2	1.0340447510022837	2.7488266209133796	230.0	25	1.05	0.95				
	221	2	0.0	0.0	0.0	0.0	2	1.0321592408716875	1.1281432667634332	230.0	27	1.05	0.95				
	222	2	0.0	0.0	0.0	0.0	2	1.05	7.577003438645933	230.0	27	1.05	0.95				
	223	2	0.0	0.0	0.0	0.0	2	1.0384768508337578	4.105528777526926	230.0	25	1.05	0.95				
	224	1	0.0	0.0	0.0	0.0	2	1.0091708994257647	-3.8444525255008823	230.0	26	1.05	0.95				
	301	2	52.0183486231579	10.59633027508772	0.0	0.0	3	1.000180421596595	10.732941175327252	138.0	31	1.05	0.95				
	302	2	46.72018348561403	9.633027522807017	0.0	0.0	3	0.999979760758431	10.70431578478794	138.0	32	1.05	0.95				
	303	1	86.69724770526315	17.821100917192982	0.0	0.0	3	1.018005905471093	13.016360253714343	138.0	31	1.05	0.95				
	304	1	35.642201834385965	7.2247706421052635	0.0	0.0	3	1.0054727316583485	12.296905283355082	138.0	31	1.05	0.95				
	305	1	34.19724770596491	6.743119265964912	0.0	0.0	3	1.0180439667671808	12.3030941631911	138.0	31	1.05	0.95				
	306	1	65.50458715508772	13.486238531929825	0.0	-100.0	3	1.036681721859267	12.61239360668587	138.0	32	1.05	0.95				
	307	2	60.20642201754386	12.041284403508772	0.0	0.0	3	0.987055249485377	9.374259805369913	138.0	32	1.05	0.95				
	308	1	82.36238532	16.85779816491228	0.0	0.0	3	1.0002478429983626	11.464447238280608	138.0	32	1.05	0.95				
	309	1	84.28899082456141	17.33944954105263	0.0	0.0	3	1.0257553656355187	15.567779759225132	138.0	33	1.05	0.95				
	310	1	93.92201834736842	19.266055045614035	0.0	0.0	3	1.05	15.411286528683549	138.0	33	1.05	0.95				
	311	1	0.0	0.0	0.0	0.0	3	1.0080488612021974	20.333352537248036	230.0	33	1.05	0.95				
	312	1	0.0	0.0	0.0	0.0	3	1.0148833553238858	21.392398397720616	230.0	33	1.05	0.95				
	313	2	127.63761467719297	26.00917431157895	0.0	0.0	3	1.0217277158720424	27.468871281267106	230.0	34	1.05	0.95				
	314	2	93.44036697122806	18.784403669473683	0.0	0.0	3	1.0046220598519016	18.95020064356524	230.0	36	1.05	0.95				
	315	2	152.6834862364912	30.825688072982455	0.0	0.0	3	1.0278971531468561	13.577112007245484	230.0	36	1.05	0.95				
	316	2	48.16513761403509	9.633027522807017	0.0	0.0	3	1.0280626547827174	14.625391446186944	230.0	36	1.05	0.95				
	317	1	0.0	0.0	0.0	0.0	3	1.034416903000314	13.553194033261757	230.0	37	1.05	0.95				
	318	2	160.38990825473684	32.75229357754386	0.0	0.0	3	1.0338794218909042	12.293546805791003	230.0	37	1.05	0.95				
	319	1	87.1788990814035	17.821100917192982	0.0	0.0	3	1.0270745196557984	17.257536690819027	230.0	35	1.05	0.95				
	320	1	61.65137614596491	12.522935779649123	0.0	0.0	3	1.0276554245945808	19.064978450781815	230.0	35	1.05	0.95				
	321	2	0.0	0.0	0.0	0.0	3	1.0338237845137883	13.290781973588285	230.0	37	1.05	0.95				
	322	2	0.0	0.0	0.0	0.0	3	1.0475315008542871	17.720309997806687	230.0	37	1.05	0.95				
	323	2	0.0	0.0	0.0	0.0	3	1.0277841647532686	19.79909636638553	230.0	35	1.05	0.95				
	324	1	0.0	0.0	0.0	0.0	3	1.0224200138616453	15.32172870711966	230.0	36	1.05	0.95				
	325	1	0.0	0.0	0.0	0.0	3	1.0309843660670104	19.49244236063889	230.0	35	1.05	0.95				
];
