%% MATPOWER Case Format : Version 2
function mpc = RTS_GMLC
mpc.version = '2';

%%-----  Power Flow Data  -----%%
%% system MVA base
mpc.baseMVA = 100.0;
%% bus data
%    bus_i    type    Pd    Qd    Gs    Bs    area    Vm    Va    baseKV    zone    Vmax    Vmin
mpc.bus = [
	101	2	45.436417616842114	9.255566551578948	0.0	0.0	1	1.0115858699704565	-4.593529647415999	138.0	11	1.05	0.95				
	102	2	40.80863434105263	8.414151410526316	0.0	0.0	1	1.0115447751284885	-4.823630508152561	138.0	12	1.05	0.95				
	103	1	75.72736269473684	15.566180109473684	0.0	0.0	1	0.9997184753784684	0.651574213128207	138.0	11	1.05	0.95				
	104	1	31.13236021894737	6.310613557894737	0.0	0.0	1	1.001686879529964	-4.627447724958335	138.0	11	1.05	0.95				
	105	1	29.87023750736842	5.889905987368422	0.0	0.0	1	1.0159213561006277	-5.71730525123839	138.0	11	1.05	0.95				
	106	1	57.21622959157895	11.779811974736845	0.0	-100.0	1	1.0261010759602671	-6.851969165923799	138.0	12	1.05	0.95				
	107	2	52.58844631578947	10.517689263157894	0.0	0.0	1	0.9869825575280077	-10.68027358423767	138.0	12	1.05	0.95				
	108	1	71.94099456000001	14.724764968421052	0.0	0.0	1	0.987525008534111	-9.424333187914423	138.0	12	1.05	0.95				
	109	1	73.62382484210526	15.145472538947368	0.0	0.0	1	1.0017491640339555	-3.4982803047294273	138.0	13	1.05	0.95				
	110	1	82.03797625263158	16.82830282105263	0.0	0.0	1	1.0303386773683447	-5.465623624248936	138.0	13	1.05	0.95				
	111	1	0.0	0.0	0.0	0.0	1	0.9827802753949576	-0.6514363161261516	230.0	13	1.05	0.95				
	112	1	0.0	0.0	0.0	0.0	1	0.9834062676361263	-1.5210733344282794	230.0	13	1.05	0.95				
	113	3	111.48750618947368	22.718208808421057	0.0	0.0	1	0.9657517855037191	-1.428795709171071e-26	230.0	14	1.05	0.95				
	114	2	81.61726868210526	16.407595250526317	0.0	0.0	1	0.9932973790786819	2.734998951564479	230.0	16	1.05	0.95				
	115	2	133.3642998568421	26.92528451368421	0.0	0.0	1	0.9907413455442101	12.086341279662555	230.0	16	1.05	0.95				
	116	2	42.07075705263158	8.414151410526316	0.0	0.0	1	0.9896718146958043	10.453230410472175	230.0	16	1.05	0.95				
	117	1	0.0	0.0	0.0	0.0	1	0.9921104977437745	16.37700490724844	230.0	17	1.05	0.95				
	118	2	140.09562098526317	28.608114795789476	0.0	0.0	1	1.0009075926086288	16.981737790710252	230.0	17	1.05	0.95				
	119	1	76.14807026526316	15.566180109473684	0.0	0.0	1	0.9895652272335049	6.622912066262131	230.0	15	1.05	0.95				
	120	1	53.85056902736842	10.93839683368421	0.0	0.0	1	0.9949942706659693	3.797817925269821	230.0	15	1.05	0.95				
	121	2	0.0	0.0	0.0	0.0	1	1.0015711000526786	18.375138180896215	230.0	17	1.05	0.95				
	122	2	0.0	0.0	0.0	0.0	1	1.007390629849701	35.8101428606509	230.0	17	1.05	0.95				
	123	2	0.0	0.0	0.0	0.0	1	0.9991749555443755	2.5979729350402776	230.0	15	1.05	0.95				
	124	1	0.0	0.0	0.0	0.0	1	0.9804669145844219	7.721191218565762	230.0	16	1.05	0.95				
	201	2	44.182590896842115	9.000157404912281	0.0	0.0	2	1.010586967002941	-11.632280413227873	138.0	21	1.05	0.95				
	202	2	39.682512194385964	8.181961277192984	0.0	0.0	2	1.009515620738895	-11.811690510482494	138.0	22	1.05	0.95				
	203	1	73.63765149473684	15.136628362807016	0.0	0.0	2	0.9972993956712786	-8.855184877305156	138.0	21	1.05	0.95				
	204	1	30.273256725614033	6.136470957894737	0.0	0.0	2	1.0007199311391826	-10.837301881528504	138.0	21	1.05	0.95				
	205	1	29.045962534035084	5.7273728940350885	0.0	0.0	2	1.016853316866824	-11.205230569000312	138.0	21	1.05	0.95				
	206	1	55.637336684912285	11.454745788070177	0.0	-100.0	2	1.028402416554879	-11.4802665086325	138.0	22	1.05	0.95				
	207	2	51.13725798245614	10.227451596491228	0.0	0.0	2	0.9714870764631984	-16.391557279988252	138.0	22	1.05	0.95				
	208	1	69.95576892000001	14.31843223508772	0.0	0.0	2	0.9797489719031858	-14.502841994713059	138.0	22	1.05	0.95				
	209	1	71.59216117543859	14.72753029894737	0.0	0.0	2	1.0059466263539079	-8.290513224646444	138.0	23	1.05	0.95				
	210	1	79.77412245263157	16.36392255438597	0.0	0.0	2	1.0333171738391507	-9.420703848122978	138.0	23	1.05	0.95				
	211	1	0.0	0.0	0.0	0.0	2	0.9872459403199803	-5.797932655831455	230.0	23	1.05	0.95				
	212	1	0.0	0.0	0.0	0.0	2	0.9882333312342796	-1.3923250546637347	230.0	23	1.05	0.95				
	213	2	108.41098692280701	22.091295448421057	0.0	0.0	2	0.9833321903948203	-3.285081263578511	230.0	24	1.05	0.95				
	214	2	79.36502438877193	15.954824490526317	0.0	0.0	2	0.9844090005582353	-4.8005375256569724	230.0	26	1.05	0.95				
	215	2	129.68408624350877	26.18227608701755	0.0	0.0	2	0.9920722891703004	-0.45514311503492305	230.0	26	1.05	0.95				
	216	2	40.90980638596491	8.181961277192984	0.0	0.0	2	0.9902320489908775	-0.6795925507307765	230.0	26	1.05	0.95				
	217	1	0.0	0.0	0.0	0.0	2	1.0007513456923067	0.34246920090408484	230.0	27	1.05	0.95				
	218	2	136.22965526526315	27.818668342456142	0.0	0.0	2	1.0016083930293798	-0.19578025151369866	230.0	27	1.05	0.95				
	219	1	74.04674955859649	15.136628362807016	0.0	0.0	2	0.9834334508631227	0.26523667650064564	230.0	25	1.05	0.95				
	220	1	52.3645521740351	10.636549660350877	0.0	0.0	2	0.9808448136668239	1.965133589885964	230.0	25	1.05	0.95				
	221	2	0.0	0.0	0.0	0.0	2	1.0039393131979792	0.3237098561391002	230.0	27	1.05	0.95				
	222	2	0.0	0.0	0.0	0.0	2	1.0215345941371559	5.317216454148861	230.0	27	1.05	0.95				
	223	2	0.0	0.0	0.0	0.0	2	0.9806851897731225	3.249439809104721	230.0	25	1.05	0.95				
	224	1	0.0	0.0	0.0	0.0	2	0.9838774812205405	-3.6516209450723554	230.0	26	1.05	0.95				
	301	2	61.533691882105266	12.53464093894737	0.0	0.0	3	1.002969584992665	28.68414163195749	138.0	31	1.05	0.95				
	302	2	55.26637141263158	11.39512812631579	0.0	0.0	3	1.0036165403277233	28.31257617531059	138.0	32	1.05	0.95				
	303	1	102.55615313684213	21.080987033684213	0.0	0.0	3	1.0152263782039956	43.94253113711291	138.0	31	1.05	0.95				
	304	1	42.161974067368426	8.546346094736842	0.0	0.0	3	0.9933331154565882	30.11987478302402	138.0	31	1.05	0.95				
	305	1	40.45270484842105	7.976589688421054	0.0	0.0	3	1.0111639169157374	28.00158045998715	138.0	31	1.05	0.95				
	306	1	77.48687125894737	15.953179376842108	0.0	-100.0	3	1.0226819477449018	26.956889996656702	138.0	32	1.05	0.95				
	307	2	71.21955078947369	14.243910157894737	0.0	0.0	3	0.9662286697305674	23.43078525962097	138.0	32	1.05	0.95				
	308	1	97.42834548	19.941474221052633	0.0	0.0	3	0.9762570560750682	26.114222976931067	138.0	32	1.05	0.95				
	309	1	99.70737110526316	20.51123062736842	0.0	0.0	3	1.0048634187537628	34.03255171733282	138.0	33	1.05	0.95				
	310	1	111.10249923157896	22.79025625263158	0.0	0.0	3	1.0339735614646495	29.195256085056567	138.0	33	1.05	0.95				
	311	1	0.0	0.0	0.0	0.0	3	0.995075039946901	33.72367499131239	230.0	33	1.05	0.95				
	312	1	0.0	0.0	0.0	0.0	3	1.0018307025027442	33.97226818246391	230.0	33	1.05	0.95				
	313	2	150.9854476736842	30.766845941052633	0.0	0.0	3	1.0043765177926571	36.776561387521745	230.0	34	1.05	0.95				
	314	2	110.53274282526316	22.220499846315793	0.0	0.0	3	0.9876761996580838	33.22317130407644	230.0	36	1.05	0.95				
	315	2	180.61278080210528	36.46441000421053	0.0	0.0	3	0.9877452943975628	31.467766439412703	230.0	36	1.05	0.95				
	316	2	56.97564063157895	11.39512812631579	0.0	0.0	3	0.9808874643354972	31.78593754402613	230.0	36	1.05	0.95				
	317	1	0.0	0.0	0.0	0.0	3	0.9930702218833489	33.52109060279332	230.0	37	1.05	0.95				
	318	2	189.72888330315791	38.74343562947369	0.0	0.0	3	0.9864359327481903	29.675808543961036	230.0	37	1.05	0.95				
	319	1	103.1259095431579	21.080987033684213	0.0	0.0	3	0.9897047615086895	31.61802653592509	230.0	35	1.05	0.95				
	320	1	72.92882000842106	14.813666564210529	0.0	0.0	3	0.9990728828147512	31.249111539439827	230.0	35	1.05	0.95				
	321	2	0.0	0.0	0.0	0.0	3	0.9952452206619853	30.739139109169926	230.0	37	1.05	0.95				
	322	2	0.0	0.0	0.0	0.0	3	1.0123030519559777	34.54907338661906	230.0	37	1.05	0.95				
	323	2	0.0	0.0	0.0	0.0	3	1.004227630514834	30.958877737600904	230.0	35	1.05	0.95				
	324	1	0.0	0.0	0.0	0.0	3	0.9962487857567637	37.64516940661929	230.0	36	1.05	0.95				
