%% MATPOWER Case Format : Version 2
function mpc = RTS_GMLC
mpc.version = '2';

%%-----  Power Flow Data  -----%%
%% system MVA base
mpc.baseMVA = 100.0;
%% bus data
%    bus_i    type    Pd    Qd    Gs    Bs    area    Vm    Va    baseKV    zone    Vmax    Vmin
mpc.bus = [
	101	2	40.934190997894746	8.338446314385966	0.0	0.0	1	1.0191210604711207	-3.0020832277213563	138.0	11	1.05	0.95				
	102	2	36.76496784070176	7.580405740350877	0.0	0.0	1	1.0182926708354352	-3.2081069113775955	138.0	12	1.05	0.95				
	103	1	68.22365166315791	14.023750619649123	0.0	0.0	1	1.0310647469655922	-0.3240886996100225	138.0	11	1.05	0.95				
	104	1	28.047501239298246	5.685304305263158	0.0	0.0	1	1.0192404564032844	-3.597524245714074	138.0	11	1.05	0.95				
	105	1	26.910440378245614	5.306284018245615	0.0	0.0	1	1.0299926115419862	-4.544463810173471	138.0	11	1.05	0.95				
	106	1	51.54675903438597	10.61256803649123	0.0	-100.0	1	1.0440984190375173	-5.8513139466124855	138.0	12	1.05	0.95				
	107	2	47.37753587719298	9.475507175438597	0.0	0.0	1	1.0024026622621272	-9.517284239110605	138.0	12	1.05	0.95				
	108	1	64.81246908	13.265710045614036	0.0	0.0	1	1.0074229803937758	-8.411723957887135	138.0	12	1.05	0.95				
	109	1	66.32855022807018	13.64473033263158	0.0	0.0	1	1.0253288492792394	-3.354984557332472	138.0	13	1.05	0.95				
	110	1	73.90895596842105	15.160811480701755	0.0	0.0	1	1.05	-4.876289093908035	138.0	13	1.05	0.95				
	111	1	0.0	0.0	0.0	0.0	1	1.0033392756317479	-1.2098265486866322	230.0	13	1.05	0.95				
	112	1	0.0	0.0	0.0	0.0	1	1.0072560478264407	-1.5843332273945048	230.0	13	1.05	0.95				
	113	3	100.44037605964913	20.467095498947373	0.0	0.0	1	0.9963454283010629	5.357178785745325e-29	230.0	14	1.05	0.95				
	114	2	73.52993568140351	14.78179119368421	0.0	0.0	1	1.0010757759343878	0.7887962254892326	230.0	16	1.05	0.95				
	115	2	120.1494309845614	24.257298369122807	0.0	0.0	1	1.0350836854348273	6.9155977291054365	230.0	16	1.05	0.95				
	116	2	37.90202870175439	7.580405740350877	0.0	0.0	1	1.0305504012320739	5.800341830381491	230.0	16	1.05	0.95				
	117	1	0.0	0.0	0.0	0.0	1	1.038632451992955	9.292639638662534	230.0	17	1.05	0.95				
	118	2	126.21375557684212	25.773379517192986	0.0	0.0	1	1.0424278378603031	10.123132990754424	230.0	17	1.05	0.95				
	119	1	68.60267195017545	14.023750619649123	0.0	0.0	1	1.0206676798917995	3.5930075515395634	230.0	15	1.05	0.95				
	120	1	48.514596738245615	9.85452746245614	0.0	0.0	1	1.0146182922903968	1.9674402453624824	230.0	15	1.05	0.95				
	121	2	0.0	0.0	0.0	0.0	1	1.0448120331259068	11.386482477944703	230.0	17	1.05	0.95				
	122	2	0.0	0.0	0.0	0.0	1	1.05	17.071466152072308	230.0	17	1.05	0.95				
	123	2	0.0	0.0	0.0	0.0	1	1.011735953047203	1.3670308289584916	230.0	15	1.05	0.95				
	124	1	0.0	0.0	0.0	0.0	1	1.0241888262106023	4.189870630865658	230.0	16	1.05	0.95				
	201	2	43.842594050526316	8.930898788070175	0.0	0.0	2	1.014007219288768	-10.64114305886396	138.0	21	1.05	0.95				
	202	2	39.377144656491225	8.118998898245614	0.0	0.0	2	1.0131904200240929	-10.877192296622308	138.0	22	1.05	0.95				
	203	1	73.07099008421054	15.020147961754384	0.0	0.0	2	1.0146385912229345	-8.18774164779967	138.0	21	1.05	0.95				
	204	1	30.04029592350877	6.08924917368421	0.0	0.0	2	1.0125600830024246	-10.300437621912023	138.0	21	1.05	0.95				
	205	1	28.82244608877193	5.68329922877193	0.0	0.0	2	1.0270247033325117	-10.606394313006897	138.0	21	1.05	0.95				
	206	1	55.20919250807018	11.36659845754386	0.0	-100.0	2	1.0423963787254569	-11.096244330108803	138.0	22	1.05	0.95				
	207	2	50.74374311403509	10.148748622807018	0.0	0.0	2	0.9968294378893781	-15.97281321593255	138.0	22	1.05	0.95				
	208	1	69.41744058	14.208248071929825	0.0	0.0	2	1.0021801332154991	-14.14769460166089	138.0	22	1.05	0.95				
	209	1	71.04124035964912	14.614198016842106	0.0	0.0	2	1.0238057245885175	-8.149284433082686	138.0	23	1.05	0.95				
	210	1	79.16023925789474	16.23799779649123	0.0	0.0	2	1.05	-9.264804356928215	138.0	23	1.05	0.95				
	211	1	0.0	0.0	0.0	0.0	2	1.0030337279254866	-5.960763567597979	230.0	23	1.05	0.95				
	212	1	0.0	0.0	0.0	0.0	2	1.0106289457799342	-1.8783291189394702	230.0	23	1.05	0.95				
	213	2	107.57673540175439	21.921297025263158	0.0	0.0	2	0.9982183690044173	-3.942334376498104	230.0	24	1.05	0.95				
	214	2	78.75428931298245	15.832047851578949	0.0	0.0	2	0.998841401350894	-4.835894583963195	230.0	26	1.05	0.95				
	215	2	128.68613253719298	25.980796474385965	0.0	0.0	2	1.0171503642121253	-0.03215284885475815	230.0	26	1.05	0.95				
	216	2	40.59499449122807	8.118998898245614	0.0	0.0	2	1.0161564480232985	-0.7495596935035176	230.0	26	1.05	0.95				
	217	1	0.0	0.0	0.0	0.0	2	1.0214563980378337	0.6258728895233919	230.0	27	1.05	0.95				
	218	2	135.18133165578948	27.60459625403509	0.0	0.0	2	1.0210635212350225	0.3236098759731736	230.0	27	1.05	0.95				
	219	1	73.4769400291228	15.020147961754384	0.0	0.0	2	1.0162120771564942	-0.8450696019072776	230.0	25	1.05	0.95				
	220	1	51.96159294877193	10.5546985677193	0.0	0.0	2	1.0189299543025274	-0.12006652281469406	230.0	25	1.05	0.95				
	221	2	0.0	0.0	0.0	0.0	2	1.0232909248061186	1.0051955662910455	230.0	27	1.05	0.95				
	222	2	0.0	0.0	0.0	0.0	2	1.0450410434480666	7.409168856782032	230.0	27	1.05	0.95				
	223	2	0.0	0.0	0.0	0.0	2	1.021088527569149	0.5934893222237941	230.0	25	1.05	0.95				
	224	1	0.0	0.0	0.0	0.0	2	1.0060541602373725	-3.109190085064557	230.0	26	1.05	0.95				
	301	2	61.841189482105264	12.597279338947368	0.0	0.0	3	1.0062871092544254	21.508206034001756	138.0	31	1.05	0.95				
	302	2	55.54254981263157	11.45207212631579	0.0	0.0	3	1.0046833386354155	21.127443754202133	138.0	32	1.05	0.95				
	303	1	103.06864913684211	21.186333433684208	0.0	0.0	3	1.042297465938056	35.99807098945848	138.0	31	1.05	0.95				
	304	1	42.372666867368416	8.589054094736841	0.0	0.0	3	1.0032799516826323	22.187024431652283	138.0	31	1.05	0.95				
	305	1	40.654856048421046	8.016450488421054	0.0	0.0	3	1.0207564790558126	20.96093723798401	138.0	31	1.05	0.95				
	306	1	77.87409045894736	16.032900976842107	0.0	-100.0	3	1.0354110946195942	19.997374436966144	138.0	32	1.05	0.95				
	307	2	71.57545078947368	14.315090157894735	0.0	0.0	3	0.9830151228080467	16.345531656722244	138.0	32	1.05	0.95				
	308	1	97.91521668	20.04112622105263	0.0	0.0	3	0.9943110162160756	18.926375356380618	138.0	32	1.05	0.95				
	309	1	100.20563110526315	20.613729827368417	0.0	0.0	3	1.0209700459472175	25.424836454444286	138.0	33	1.05	0.95				
	310	1	111.65770323157894	22.90414425263158	0.0	0.0	3	1.05	22.259836059536486	138.0	33	1.05	0.95				
	311	1	0.0	0.0	0.0	0.0	3	1.0136902266205359	26.162001396302827	230.0	33	1.05	0.95				
	312	1	0.0	0.0	0.0	0.0	3	1.0199482500044799	27.020588476023196	230.0	33	1.05	0.95				
	313	2	151.7399556736842	30.920594741052632	0.0	0.0	3	1.0223452425564876	31.14007975351646	230.0	34	1.05	0.95				
	314	2	111.08509962526314	22.33154064631579	0.0	0.0	3	1.0126093572620212	24.144849296597766	230.0	36	1.05	0.95				
	315	2	181.51534320210524	36.646630804210524	0.0	0.0	3	1.05	18.85637600777194	230.0	36	1.05	0.95				
	316	2	57.26036063157894	11.45207212631579	0.0	0.0	3	1.0432419212477324	19.00751509966404	230.0	36	1.05	0.95				
	317	1	0.0	0.0	0.0	0.0	3	1.0479678627673321	17.11107356486863	230.0	37	1.05	0.95				
	318	2	190.67700090315788	38.93704522947368	0.0	0.0	3	1.048524102966232	15.516076113023184	230.0	37	1.05	0.95				
	319	1	103.64125274315789	21.186333433684208	0.0	0.0	3	1.0388797865409913	20.905940663875604	230.0	35	1.05	0.95				
	320	1	73.29326160842105	14.887693764210526	0.0	0.0	3	1.0366156957650539	22.153626793948266	230.0	35	1.05	0.95				
	321	2	0.0	0.0	0.0	0.0	3	1.0496048435434562	17.20145942323913	230.0	37	1.05	0.95				
	322	2	0.0	0.0	0.0	0.0	3	1.05	21.510325027883894	230.0	37	1.05	0.95				
	323	2	0.0	0.0	0.0	0.0	3	1.0350064288645768	22.531235809238748	230.0	35	1.05	0.95				
	324	1	0.0	0.0	0.0	0.0	3	1.0426542441972395	27.281586058574604	230.0	36	1.05	0.95				
	325	1	0.0	0.0	0.0	0.0	3	1.0371011001377575	21.58941787453682	230.0	35	1.05	0.95				
];
