%% MATPOWER Case Format : Version 2
function mpc = RTS_GMLC
mpc.version = '2';

%%-----  Power Flow Data  -----%%
%% system MVA base
mpc.baseMVA = 100.0;
%% bus data
%    bus_i    type    Pd    Qd    Gs    Bs    area    Vm    Va    baseKV    zone    Vmax    Vmin
mpc.bus = [
	101	2	53.2518555031579	10.847600195087718	0.0	0.0	1	1.0363200857559274	-0.35875055159112085	138.0	11	1.05	0.95				
	102	2	47.82805540561404	9.861454722807018	0.0	0.0	1	1.035396329453015	-0.6237464973033371	138.0	12	1.05	0.95				
	103	1	88.75309250526315	18.243691237192984	0.0	0.0	1	1.0261096814544648	-1.8935787007175264	138.0	11	1.05	0.95				
	104	1	36.48738247438597	7.396091042105263	0.0	0.0	1	1.021956194147616	-3.3994915584001415	138.0	11	1.05	0.95				
	105	1	35.00816426596491	6.903018305964912	0.0	0.0	1	1.0365787176088588	-3.339537722893444	138.0	11	1.05	0.95				
	106	1	67.05789211508772	13.806036611929825	0.0	-100.0	1	1.0443120022369965	-5.537996898033449	138.0	12	1.05	0.95				
	107	2	61.634092017543864	12.32681840350877	0.0	0.0	1	1.0009744667149008	-10.625484542740658	138.0	12	1.05	0.95				
	108	1	84.31543788	17.25754576491228	0.0	0.0	1	1.002731779373491	-9.517397600000441	138.0	12	1.05	0.95				
	109	1	86.2877288245614	17.75061850105263	0.0	0.0	1	1.0247585929346756	-3.919558435070983	138.0	13	1.05	0.95				
	110	1	96.14918354736841	19.722909445614036	0.0	0.0	1	1.05	-4.817472471718135	138.0	13	1.05	0.95				
	111	1	0.0	0.0	0.0	0.0	1	1.0055746799113552	-1.5247165520288064	230.0	13	1.05	0.95				
	112	1	0.0	0.0	0.0	0.0	1	1.0096149444501337	-1.063138834920659	230.0	13	1.05	0.95				
	113	3	130.66427507719297	26.62592775157895	0.0	0.0	1	1.0011335031538302	-3.918983439549263e-28	230.0	14	1.05	0.95				
	114	2	95.65611081122807	19.229836709473684	0.0	0.0	1	1.0032957203820283	0.10658656547197061	230.0	16	1.05	0.95				
	115	2	156.30405735649123	31.556655112982458	0.0	0.0	1	1.0353671809317706	5.872770971597882	230.0	16	1.05	0.95				
	116	2	49.30727361403508	9.861454722807018	0.0	0.0	1	1.0315538612111637	5.348953178659084	230.0	16	1.05	0.95				
	117	1	0.0	0.0	0.0	0.0	1	1.0384468479707993	7.452539797459885	230.0	17	1.05	0.95				
	118	2	164.19322113473683	33.52894605754386	0.0	0.0	1	1.0403557571874595	7.585968602037428	230.0	17	1.05	0.95				
	119	1	89.2461652414035	18.243691237192984	0.0	0.0	1	1.025077360883618	4.242407240455374	230.0	15	1.05	0.95				
	120	1	63.113310225964916	12.819891139649123	0.0	0.0	1	1.0232146314317734	4.224978491001278	230.0	15	1.05	0.95				
	121	2	0.0	0.0	0.0	0.0	1	1.0437516287419344	8.832500276077633	230.0	17	1.05	0.95				
	122	2	0.0	0.0	0.0	0.0	1	1.05	14.929206401857597	230.0	17	1.05	0.95				
	123	2	0.0	0.0	0.0	0.0	1	1.0230597917709636	4.596554920561659	230.0	15	1.05	0.95				
	124	1	0.0	0.0	0.0	0.0	1	1.0219659432243313	2.9647330271546815	230.0	16	1.05	0.95				
	201	2	47.25956239578947	9.626947895438596	0.0	0.0	2	1.026153660569805	-7.84331702840244	138.0	21	1.05	0.95				
	202	2	42.44608844807017	8.751770814035087	0.0	0.0	2	1.0271256726650697	-7.623865298629635	138.0	22	1.05	0.95				
	203	1	78.76593732631578	16.19077600596491	0.0	0.0	2	1.0174575147403147	-7.827527568840279	138.0	21	1.05	0.95				
	204	1	32.38155201192982	6.563828110526315	0.0	0.0	2	1.0182520764308822	-9.237676533037169	138.0	21	1.05	0.95				
	205	1	31.06878638982456	6.126239569824561	0.0	0.0	2	1.03277974840039	-9.445685049397461	138.0	21	1.05	0.95				
	206	1	59.5120415354386	12.252479139649122	0.0	-100.0	2	1.0444999464046973	-10.730632099132013	138.0	22	1.05	0.95				
	207	2	54.698567587719296	10.939713517543858	0.0	0.0	2	0.9920995720653233	-17.08047133420258	138.0	22	1.05	0.95				
	208	1	74.82764045999998	15.315598924561403	0.0	0.0	2	0.9980522229997412	-15.097151897532669	138.0	22	1.05	0.95				
	209	1	76.57799462280701	15.753187465263155	0.0	0.0	2	1.023367305636214	-8.761948480707813	138.0	23	1.05	0.95				
	210	1	85.3297654368421	17.503541628070174	0.0	0.0	2	1.05	-9.668101492560565	138.0	23	1.05	0.95				
	211	1	0.0	0.0	0.0	0.0	2	1.004656224904083	-6.0348289938177	230.0	23	1.05	0.95				
	212	1	0.0	0.0	0.0	0.0	2	1.0084004420285075	-4.668561002254885	230.0	23	1.05	0.95				
	213	2	115.96096328596491	23.629781197894737	0.0	0.0	2	0.9997073365385248	-4.55411168848921	230.0	24	1.05	0.95				
	214	2	84.89217689614034	17.06595308736842	0.0	0.0	2	1.0036474633652868	-4.0253437434207555	230.0	26	1.05	0.95				
	215	2	138.71556740245612	28.005666604912278	0.0	0.0	2	1.0240789015249878	1.452846190272484	230.0	26	1.05	0.95				
	216	2	43.75885407017543	8.751770814035087	0.0	0.0	2	1.0244655712901727	1.4626903265215365	230.0	26	1.05	0.95				
	217	1	0.0	0.0	0.0	0.0	2	1.0295181047261803	2.9014888293848125	230.0	27	1.05	0.95				
	218	2	145.7169840536842	29.7560207677193	0.0	0.0	2	1.0287887696342073	2.492340236412245	230.0	27	1.05	0.95				
	219	1	79.20352586701755	16.19077600596491	0.0	0.0	2	1.0247286252148837	1.6986779786248625	230.0	25	1.05	0.95				
	220	1	56.011333209824556	11.377302058245613	0.0	0.0	2	1.0280100231317058	2.758069253358522	230.0	25	1.05	0.95				
	221	2	0.0	0.0	0.0	0.0	2	1.0305008791691441	2.9440652883251506	230.0	27	1.05	0.95				
	222	2	0.0	0.0	0.0	0.0	2	1.05	9.419937760660867	230.0	27	1.05	0.95				
	223	2	0.0	0.0	0.0	0.0	2	1.030737428607172	3.671955209058825	230.0	25	1.05	0.95				
	224	1	0.0	0.0	0.0	0.0	2	1.0101406496887262	-2.0349409429047323	230.0	26	1.05	0.95				
	301	2	49.50711799578948	10.084783295438598	0.0	0.0	3	1.0083138935459959	-13.374112981819783	138.0	31	1.05	0.95				
	302	2	44.46472634807018	9.167984814035089	0.0	0.0	3	1.0077766080592168	-13.499881984495591	138.0	32	1.05	0.95				
	303	1	82.51186332631579	16.960771905964915	0.0	0.0	3	1.0247347249574126	-7.69663299668397	138.0	31	1.05	0.95				
	304	1	33.92154381192983	6.875988610526316	0.0	0.0	3	1.0092394381566923	-12.151333770546199	138.0	31	1.05	0.95				
	305	1	32.54634608982456	6.4175893698245625	0.0	0.0	3	1.023081398874477	-12.637650556447204	138.0	31	1.05	0.95				
	306	1	62.34229673543861	12.835178739649125	0.0	-100.0	3	1.0394883509126454	-12.769845548721289	138.0	32	1.05	0.95				
	307	2	57.2999050877193	11.45998101754386	0.0	0.0	3	0.9938626751432712	-18.006470666232275	138.0	32	1.05	0.95				
	308	1	78.38627016000001	16.043973424561404	0.0	0.0	3	0.9987210318877029	-15.91266585029273	138.0	32	1.05	0.95				
	309	1	80.21986712280702	16.50237266526316	0.0	0.0	3	1.0249595227108081	-9.165898528454528	138.0	33	1.05	0.95				
	310	1	89.38785193684211	18.335969628070178	0.0	0.0	3	1.05	-10.427441853933818	138.0	33	1.05	0.95				
	311	1	0.0	0.0	0.0	0.0	3	1.007513047970232	-4.942738025209748	230.0	33	1.05	0.95				
	312	1	0.0	0.0	0.0	0.0	3	1.0105175127666233	-4.645971451232626	230.0	33	1.05	0.95				
	313	2	121.47579878596491	24.75355899789474	0.0	0.0	3	1.0097223665266823	-1.5069027658123544	230.0	34	1.05	0.95				
	314	2	88.92945269614036	17.877570387368422	0.0	0.0	3	1.0087026720712682	-3.0012515702317466	230.0	36	1.05	0.95				
	315	2	145.31255930245615	29.337551404912283	0.0	0.0	3	1.0304050687280777	-0.53556526069984	230.0	36	1.05	0.95				
	316	2	45.83992407017544	9.167984814035089	0.0	0.0	3	1.0290631048776113	-0.02722903602552227	230.0	36	1.05	0.95				
	317	1	0.0	0.0	0.0	0.0	3	1.0378930819369505	2.681102996273017	230.0	37	1.05	0.95				
	318	2	152.64694715368424	31.171148367719304	0.0	0.0	3	1.0353037882303793	1.6410064138952978	230.0	37	1.05	0.95				
	319	1	82.97026256701756	16.960771905964915	0.0	0.0	3	1.0251422508632446	-0.17815251723423495	230.0	35	1.05	0.95				
	320	1	58.675102809824565	11.918380258245616	0.0	0.0	3	1.0231063767874669	-0.20660684049359218	230.0	35	1.05	0.95				
	321	2	0.0	0.0	0.0	0.0	3	1.0359898695281444	1.4849516063190988	230.0	37	1.05	0.95				
	322	2	0.0	0.0	0.0	0.0	3	1.0499999121593868	6.261846947293716	230.0	37	1.05	0.95				
	323	2	0.0	0.0	0.0	0.0	3	1.022369583416599	0.006088848500847928	230.0	35	1.05	0.95				
	324	1	0.0	0.0	0.0	0.0	3	1.0204582341426378	-2.2502603413243265	230.0	36	1.05	0.95				
	325	1	0.0	0.0	0.0	0.0	3	1.0225511020496059	0.7633319629948147	230.0	35	1.05	0.95				
];
