%% MATPOWER Case Format : Version 2
function mpc = RTS_GMLC
mpc.version = '2';

%%-----  Power Flow Data  -----%%
%% system MVA base
mpc.baseMVA = 100.0;
%% bus data
%    bus_i    type    Pd    Qd    Gs    Bs    area    Vm    Va    baseKV    zone    Vmax    Vmin
mpc.bus = [
	101	2	39.41118257684211	8.028203858245615	0.0	0.0	1	1.0341667505462238	2.9921028582346163	138.0	11	1.05	0.95				
	102	2	35.3970806477193	7.298367143859649	0.0	0.0	1	1.0332785726610194	2.749211430368401	138.0	12	1.05	0.95				
	103	1	65.68530429473684	13.50197921614035	0.0	0.0	1	1.0291919539362637	0.8305986467788034	138.0	11	1.05	0.95				
	104	1	27.0039584322807	5.473775357894736	0.0	0.0	1	1.0224881105422596	-0.3037347224425268	138.0	11	1.05	0.95				
	105	1	25.90920336070175	5.108857000701755	0.0	0.0	1	1.0370959598911664	-0.024649768966126525	138.0	11	1.05	0.95				
	106	1	49.628896578245616	10.21771400140351	0.0	-100.0	1	1.0473130005125963	-2.1359444169229844	138.0	12	1.05	0.95				
	107	2	45.6147946491228	9.122958929824561	0.0	0.0	1	1.0009547509987509	-6.650676634007586	138.0	12	1.05	0.95				
	108	1	62.40103908	12.772142501754386	0.0	0.0	1	1.0069798159242127	-5.662227018553004	138.0	12	1.05	0.95				
	109	1	63.860712508771925	13.137060858947367	0.0	0.0	1	1.0244259279185643	-1.320988306840828	138.0	13	1.05	0.95				
	110	1	71.15907965263158	14.596734287719299	0.0	0.0	1	1.05	-1.9337903174440556	138.0	13	1.05	0.95				
	111	1	0.0	0.0	0.0	0.0	1	1.0010765123229326	0.032303586765122023	230.0	13	1.05	0.95				
	112	1	0.0	0.0	0.0	0.0	1	1.0061542008929443	0.3415459603568093	230.0	13	1.05	0.95				
	113	3	96.70336465614035	19.705591288421054	0.0	0.0	1	0.9904606046893478	-1.5104908288963489e-30	230.0	14	1.05	0.95				
	114	2	70.7941612954386	14.231815930526315	0.0	0.0	1	0.9966730813889234	1.861230619290254	230.0	16	1.05	0.95				
	115	2	115.67911923017542	23.354774860350876	0.0	0.0	1	1.034114680248165	6.734517582663999	230.0	16	1.05	0.95				
	116	2	36.491835719298244	7.298367143859649	0.0	0.0	1	1.02968547121378	6.519605986206719	230.0	16	1.05	0.95				
	117	1	0.0	0.0	0.0	0.0	1	1.0386004110263818	8.41468369882689	230.0	17	1.05	0.95				
	118	2	121.51781294526316	24.814448289122808	0.0	0.0	1	1.041539913165916	8.411657674499383	230.0	17	1.05	0.95				
	119	1	66.05022265192983	13.50197921614035	0.0	0.0	1	1.0230163918580826	5.612491015437905	230.0	15	1.05	0.95				
	120	1	46.70954972070175	9.487877287017543	0.0	0.0	1	1.0194642587661242	5.537300628448728	230.0	15	1.05	0.95				
	121	2	0.0	0.0	0.0	0.0	1	1.0456598336954561	9.24692641960208	230.0	17	1.05	0.95				
	122	2	0.0	0.0	0.0	0.0	1	1.05	16.052031756769615	230.0	17	1.05	0.95				
	123	2	0.0	0.0	0.0	0.0	1	1.0177738880855964	5.783877143582422	230.0	15	1.05	0.95				
	124	1	0.0	0.0	0.0	0.0	1	1.0241562973726381	4.516967047068087	230.0	16	1.05	0.95				
	201	2	38.198646303157894	7.781205728421052	0.0	0.0	2	1.0231028023183857	-5.584855792411837	138.0	21	1.05	0.95				
	202	2	34.308043438947365	7.0738233894736835	0.0	0.0	2	1.0235031213346557	-5.478186862034301	138.0	22	1.05	0.95				
	203	1	63.664410505263156	13.086573270526314	0.0	0.0	2	1.0171741202596019	-5.280282947279595	138.0	21	1.05	0.95				
	204	1	26.173146541052628	5.305367542105262	0.0	0.0	2	1.0178847521287642	-6.883189876925022	138.0	21	1.05	0.95				
	205	1	25.112073032631578	4.951676372631579	0.0	0.0	2	1.03239005027451	-7.064594168528018	138.0	21	1.05	0.95				
	206	1	48.10199904842105	9.903352745263158	0.0	-100.0	2	1.0460434830309655	-8.245346883325496	138.0	22	1.05	0.95				
	207	2	44.21139618421052	8.842279236842105	0.0	0.0	2	0.994004022525199	-13.206636436573474	138.0	22	1.05	0.95				
	208	1	60.481189979999996	12.379190931578945	0.0	0.0	2	1.002373028360865	-11.668970944137362	138.0	22	1.05	0.95				
	209	1	61.89595465789473	12.732882101052631	0.0	0.0	2	1.022637570020024	-6.5674261022311855	138.0	23	1.05	0.95				
	210	1	68.96977804736841	14.147646778947367	0.0	0.0	2	1.05	-7.421081401829089	138.0	23	1.05	0.95				
	211	1	0.0	0.0	0.0	0.0	2	1.0008561398306624	-4.338528498253125	230.0	23	1.05	0.95				
	212	1	0.0	0.0	0.0	0.0	2	1.0061768601921584	-3.679436326690471	230.0	23	1.05	0.95				
	213	2	93.7281599105263	19.099323151578947	0.0	0.0	2	0.9937652170097517	-3.3150984720841152	230.0	24	1.05	0.95				
	214	2	68.61608687789473	13.793955609473683	0.0	0.0	2	0.9966632760340454	-2.422199354803421	230.0	26	1.05	0.95				
	215	2	112.12010072315788	22.636234846315787	0.0	0.0	2	1.0172167405861219	2.3511026412646405	230.0	26	1.05	0.95				
	216	2	35.36911694736842	7.0738233894736835	0.0	0.0	2	1.018260515404895	2.3928883621460537	230.0	26	1.05	0.95				
	217	1	0.0	0.0	0.0	0.0	2	1.0239154961447499	3.8810666724458986	230.0	27	1.05	0.95				
	218	2	117.77915943473683	24.050999524210525	0.0	0.0	2	1.023178581304751	3.453809273910017	230.0	27	1.05	0.95				
	219	1	64.01810167473684	13.086573270526314	0.0	0.0	2	1.0194763512624951	2.2463496065642667	230.0	25	1.05	0.95				
	220	1	45.272469692631574	9.195970406315789	0.0	0.0	2	1.0225445960428352	2.8209582236272612	230.0	25	1.05	0.95				
	221	2	0.0	0.0	0.0	0.0	2	1.0248175797359682	3.892360749771724	230.0	27	1.05	0.95				
	222	2	0.0	0.0	0.0	0.0	2	1.0468961811837527	10.417199257704713	230.0	27	1.05	0.95				
	223	2	0.0	0.0	0.0	0.0	2	1.0245822885057094	3.4106560879373435	230.0	25	1.05	0.95				
	224	1	0.0	0.0	0.0	0.0	2	1.0075873059456266	-0.5355089338479823	230.0	26	1.05	0.95				
	301	2	42.16134133894737	8.588421383859648	0.0	0.0	3	1.0084552890079685	-20.165597972074575	138.0	31	1.05	0.95				
	302	2	37.86713064701755	7.807655803508773	0.0	0.0	3	1.0084428722746965	-20.254086241519044	138.0	32	1.05	0.95				
	303	1	70.26890223157895	14.444163236491228	0.0	0.0	3	1.0198584529372605	-15.749746798281437	138.0	31	1.05	0.95				
	304	1	28.888326472982456	5.855741852631578	0.0	0.0	3	1.0110421935998362	-18.9344495248666	138.0	31	1.05	0.95				
	305	1	27.717178102456135	5.46535906245614	0.0	0.0	3	1.0242186757881366	-19.548333917918086	138.0	31	1.05	0.95				
	306	1	53.092059463859655	10.93071812491228	0.0	-100.0	3	1.0416561613124742	-19.683020092325254	138.0	32	1.05	0.95				
	307	2	48.79784877192982	9.759569754385964	0.0	0.0	3	0.9941131698861795	-23.881393009552745	138.0	32	1.05	0.95				
	308	1	66.75545711999999	13.663397656140349	0.0	0.0	3	1.0014880222691704	-22.154057816205633	138.0	32	1.05	0.95				
	309	1	68.31698828070175	14.05378044631579	0.0	0.0	3	1.0249894254432803	-16.249422381166667	138.0	33	1.05	0.95				
	310	1	76.12464408421053	15.615311607017546	0.0	0.0	3	1.05	-17.673270809683117	138.0	33	1.05	0.95				
	311	1	0.0	0.0	0.0	0.0	3	1.0050854623115473	-12.383622127191009	230.0	33	1.05	0.95				
	312	1	0.0	0.0	0.0	0.0	3	1.0093955181832228	-11.815086156536095	230.0	33	1.05	0.95				
	313	2	103.45143939649122	21.080670669473687	0.0	0.0	3	1.0083073232176032	-8.807624288020518	230.0	34	1.05	0.95				
	314	2	75.7342612940351	15.224928816842107	0.0	0.0	3	1.0020454782118913	-10.811010708461362	230.0	36	1.05	0.95				
	315	2	123.75134448561403	24.98449857122807	0.0	0.0	3	1.0251996003862027	-7.152693766340283	230.0	36	1.05	0.95				
	316	2	39.03827901754386	7.807655803508773	0.0	0.0	3	1.024916520995239	-6.262078538844664	230.0	36	1.05	0.95				
	317	1	0.0	0.0	0.0	0.0	3	1.0297159822013102	-5.036085078271454	230.0	37	1.05	0.95				
	318	2	129.99746912842105	26.546029731929828	0.0	0.0	3	1.0286948367342783	-5.078040273019002	230.0	37	1.05	0.95				
	319	1	70.65928502175439	14.444163236491228	0.0	0.0	3	1.0224899694688205	-6.719766187590521	230.0	35	1.05	0.95				
	320	1	49.96899714245614	10.149952544561405	0.0	0.0	3	1.0228238267743088	-6.34908227986124	230.0	35	1.05	0.95				
	321	2	0.0	0.0	0.0	0.0	3	1.0297262620559542	-5.2407688131985966	230.0	37	1.05	0.95				
	322	2	0.0	0.0	0.0	0.0	3	1.0430111602714707	-0.7952539565895086	230.0	37	1.05	0.95				
	323	2	0.0	0.0	0.0	0.0	3	1.0234733410549084	-5.841645535250989	230.0	35	1.05	0.95				
	324	1	0.0	0.0	0.0	0.0	3	1.0124882429104878	-10.387095739414882	230.0	36	1.05	0.95				
	325	1	0.0	0.0	0.0	0.0	3	1.0208346336916063	-4.5676244718472585	230.0	35	1.05	0.95				
];
