%% MATPOWER Case Format : Version 2
function mpc = RTS_GMLC
mpc.version = '2';

%%-----  Power Flow Data  -----%%
%% system MVA base
mpc.baseMVA = 100.0;
%% bus data
%    bus_i    type    Pd    Qd    Gs    Bs    area    Vm    Va    baseKV    zone    Vmax    Vmin
mpc.bus = [
	101	2	50.820385945263155	10.352300840701755	0.0	0.0	1	1.0497099024718246	2.8797290453998845	138.0	11	1.05	0.95				
	102	2	45.64423552491228	9.41118258245614	0.0	0.0	1	1.0486491816592662	2.5771622490490538	138.0	12	1.05	0.95				
	103	1	84.70064324210527	17.41068777754386	0.0	0.0	1	1.02799429829212	-0.72375421676907	138.0	11	1.05	0.95				
	104	1	34.82137555508772	7.058386936842105	0.0	0.0	1	1.0289094367014948	-1.074125836649516	138.0	11	1.05	0.95				
	105	1	33.4096981677193	6.587827807719298	0.0	0.0	1	1.0428113865003714	-1.1074723002430293	138.0	11	1.05	0.95				
	106	1	63.996041560701755	13.175655615438597	0.0	-100.0	1	1.0473368597567527	-3.8645173156478205	138.0	12	1.05	0.95				
	107	2	58.819891140350876	11.763978228070176	0.0	0.0	1	1.000597007160638	-10.116715551710909	138.0	12	1.05	0.95				
	108	1	80.46561108	16.469569519298243	0.0	0.0	1	1.002832795821322	-8.739982461973481	138.0	12	1.05	0.95				
	109	1	82.34784759649123	16.94012864842105	0.0	0.0	1	1.024139287588541	-3.0686257824973104	138.0	13	1.05	0.95				
	110	1	91.75903017894737	18.82236516491228	0.0	0.0	1	1.05	-3.743894733705542	138.0	13	1.05	0.95				
	111	1	0.0	0.0	0.0	0.0	1	1.0028340597459147	-1.3453334593555797	230.0	13	1.05	0.95				
	112	1	0.0	0.0	0.0	0.0	1	1.007582675516967	-1.1889182472684423	230.0	13	1.05	0.95				
	113	3	124.69816921754384	25.410192972631577	0.0	0.0	1	0.996600188135771	4.73737479012716e-31	230.0	14	1.05	0.95				
	114	2	91.28847104982457	18.351806035789476	0.0	0.0	1	0.9974184242045199	-0.32492679712190814	230.0	16	1.05	0.95				
	115	2	149.16724393192982	30.115784263859652	0.0	0.0	1	1.0299670762205484	4.758767533551111	230.0	16	1.05	0.95				
	116	2	47.055912912280704	9.41118258245614	0.0	0.0	1	1.0254795668026317	3.9416081294447447	230.0	16	1.05	0.95				
	117	1	0.0	0.0	0.0	0.0	1	1.0337478367602335	7.002585246045685	230.0	17	1.05	0.95				
	118	2	156.69618999789475	31.998020780350878	0.0	0.0	1	1.0368544218139428	7.4815503575161255	230.0	17	1.05	0.95				
	119	1	85.17120237122808	17.41068777754386	0.0	0.0	1	1.017042958800547	2.351706494306804	230.0	15	1.05	0.95				
	120	1	60.231568527719304	12.234537357192982	0.0	0.0	1	1.0132663504750312	1.7508813056130663	230.0	15	1.05	0.95				
	121	2	0.0	0.0	0.0	0.0	1	1.0397545264190002	8.889780075239646	230.0	17	1.05	0.95				
	122	2	0.0	0.0	0.0	0.0	1	1.05	15.655946184748505	230.0	17	1.05	0.95				
	123	2	0.0	0.0	0.0	0.0	1	1.0119337215904187	1.7906669060449798	230.0	15	1.05	0.95				
	124	1	0.0	0.0	0.0	0.0	1	1.0215240488761834	2.6927731499005243	230.0	16	1.05	0.95				
	201	2	46.9875649263158	9.571541003508772	0.0	0.0	2	1.0149455870450506	-11.148606189129405	138.0	21	1.05	0.95				
	202	2	42.201794424561406	8.701400912280704	0.0	0.0	2	1.014108511463686	-11.392436987000057	138.0	22	1.05	0.95				
	203	1	78.31260821052632	16.097591687719298	0.0	0.0	2	1.0144405221895103	-8.268622204934909	138.0	21	1.05	0.95				
	204	1	32.195183375438596	6.526050684210527	0.0	0.0	2	1.0123623661583823	-10.701024825582312	138.0	21	1.05	0.95				
	205	1	30.88997323859649	6.090980638596492	0.0	0.0	2	1.0270677518359173	-11.05391558220836	138.0	21	1.05	0.95				
	206	1	59.16952620350878	12.181961277192984	0.0	-100.0	2	1.0417790598637997	-11.535679518015808	138.0	22	1.05	0.95				
	207	2	54.38375570175439	10.876751140350878	0.0	0.0	2	0.9972372274249897	-16.801782859912304	138.0	22	1.05	0.95				
	208	1	74.3969778	15.227451596491228	0.0	0.0	2	1.00122996976205	-14.817677965946174	138.0	22	1.05	0.95				
	209	1	76.13725798245613	15.662521642105265	0.0	0.0	2	1.0238878344558258	-8.338813769794932	138.0	23	1.05	0.95				
	210	1	84.83865889473685	17.402801824561408	0.0	0.0	2	1.05	-9.5604734303051	138.0	23	1.05	0.95				
	211	1	0.0	0.0	0.0	0.0	2	1.0053836417329327	-5.571467824255472	230.0	23	1.05	0.95				
	212	1	0.0	0.0	0.0	0.0	2	1.0100296958834676	-2.060394496977956	230.0	23	1.05	0.95				
	213	2	115.29356208771931	23.4937824631579	0.0	0.0	2	1.001919307757682	-3.393385709152075	230.0	24	1.05	0.95				
	214	2	84.40358884912281	16.96773177894737	0.0	0.0	2	1.0042967325421515	-3.9746185208469567	230.0	26	1.05	0.95				
	215	2	137.91720445964913	27.844482919298247	0.0	0.0	2	1.0201523582754033	1.0781242425271653	230.0	26	1.05	0.95				
	216	2	43.50700456140351	8.701400912280704	0.0	0.0	2	1.0198908553033643	0.9702211629950197	230.0	26	1.05	0.95				
	217	1	0.0	0.0	0.0	0.0	2	1.0242703058688485	1.8722368801661842	230.0	27	1.05	0.95				
	218	2	144.8783251894737	29.58476310175439	0.0	0.0	2	1.0236723983085734	1.4841335212570934	230.0	27	1.05	0.95				
	219	1	78.74767825614036	16.097591687719298	0.0	0.0	2	1.0189548658931225	1.3128491032123482	230.0	25	1.05	0.95				
	220	1	55.688965838596495	11.311821185964915	0.0	0.0	2	1.021238391652542	2.4704069837863702	230.0	25	1.05	0.95				
	221	2	0.0	0.0	0.0	0.0	2	1.0260334035683927	2.148993058816295	230.0	27	1.05	0.95				
	222	2	0.0	0.0	0.0	0.0	2	1.0476586407116717	8.560017709321484	230.0	27	1.05	0.95				
	223	2	0.0	0.0	0.0	0.0	2	1.0234716442948435	3.441847558612945	230.0	25	1.05	0.95				
	224	1	0.0	0.0	0.0	0.0	2	1.0065234641884708	-2.437930373830948	230.0	26	1.05	0.95				
	301	2	49.16545397052632	10.015185068070176	0.0	0.0	3	1.0064680391934593	-4.089752545851953	138.0	31	1.05	0.95				
	302	2	44.15786143649123	9.104713698245614	0.0	0.0	3	1.006054122921118	-4.19045223339937	138.0	32	1.05	0.95				
	303	1	81.94242328421053	16.843720341754388	0.0	0.0	3	1.0231799016745162	0.8999914971311994	138.0	31	1.05	0.95				
	304	1	33.687440683508775	6.828535273684211	0.0	0.0	3	1.0088791161908874	-2.7180805253257434	138.0	31	1.05	0.95				
	305	1	32.32173362877193	6.37329958877193	0.0	0.0	3	1.022141930566668	-3.2706494114158753	138.0	31	1.05	0.95				
	306	1	61.91205314807018	12.74659917754386	0.0	-100.0	3	1.0391461410452527	-3.3515634742299585	138.0	32	1.05	0.95				
	307	2	56.90446061403509	11.380892122807019	0.0	0.0	3	0.9959081832674158	-7.4268199117486144	138.0	32	1.05	0.95				
	308	1	77.84530212	15.933248971929824	0.0	0.0	3	1.002866048928117	-5.392893198327494	138.0	32	1.05	0.95				
	309	1	79.66624485964913	16.388484656842106	0.0	0.0	3	1.0257328536255454	0.3506717491220202	138.0	33	1.05	0.95				
	310	1	88.77095855789474	18.20942739649123	0.0	0.0	3	1.05	-0.988502140527166	138.0	33	1.05	0.95				
	311	1	0.0	0.0	0.0	0.0	3	1.0050522186855517	3.5977841451351744	230.0	33	1.05	0.95				
	312	1	0.0	0.0	0.0	0.0	3	1.0105613605381119	4.298220611883493	230.0	33	1.05	0.95				
	313	2	120.63745650175439	24.58272698526316	0.0	0.0	3	1.0097955525360653	8.244940877976292	230.0	34	1.05	0.95				
	314	2	88.31572287298246	17.754191711578947	0.0	0.0	3	0.9992009836942913	3.5622830316157716	230.0	36	1.05	0.95				
	315	2	144.309712117193	29.135083834385966	0.0	0.0	3	1.0143696487228921	1.726048108478062	230.0	36	1.05	0.95				
	316	2	45.523568491228076	9.104713698245614	0.0	0.0	3	1.0127928425097552	2.1030103431129126	230.0	36	1.05	0.95				
	317	1	0.0	0.0	0.0	0.0	3	1.0182848823970303	2.671795319247165	230.0	37	1.05	0.95				
	318	2	151.5934830757895	30.95602657403509	0.0	0.0	3	1.0171198990617045	2.133243318569975	230.0	37	1.05	0.95				
	319	1	82.39765896912282	16.843720341754388	0.0	0.0	3	1.0123037202486755	3.4294621297112875	230.0	35	1.05	0.95				
	320	1	58.27016766877193	11.836127807719299	0.0	0.0	3	1.0133044311920063	4.552035075339711	230.0	35	1.05	0.95				
	321	2	0.0	0.0	0.0	0.0	3	1.0182350309847936	2.5566612553135157	230.0	37	1.05	0.95				
	322	2	0.0	0.0	0.0	0.0	3	1.0318054854896532	7.062909752980544	230.0	37	1.05	0.95				
	323	2	0.0	0.0	0.0	0.0	3	1.014126337684422	5.2218903013298394	230.0	35	1.05	0.95				
	324	1	0.0	0.0	0.0	0.0	3	1.015536145745488	3.018198384868669	230.0	36	1.05	0.95				
	325	1	0.0	0.0	0.0	0.0	3	1.0163321235132499	5.548596213049387	230.0	35	1.05	0.95				
];
