%% MATPOWER Case Format : Version 2
function mpc = RTS_GMLC
mpc.version = '2';

%%-----  Power Flow Data  -----%%
%% system MVA base
mpc.baseMVA = 100.0;
%% bus data
%    bus_i    type    Pd    Qd    Gs    Bs    area    Vm    Va    baseKV    zone    Vmax    Vmin
mpc.bus = [
	101	2	42.57743691789474	8.673181594385964	0.0	0.0	1	1.05	7.665221521703943	138.0	11	1.05	0.95				
	102	2	38.24084612070175	7.884710540350877	0.0	0.0	1	1.0497507486419155	7.342212180049047	138.0	12	1.05	0.95				
	103	1	70.9623948631579	14.586714499649123	0.0	0.0	1	1.0318577186063822	3.22186098677239	138.0	11	1.05	0.95				
	104	1	29.173428999298245	5.913532905263157	0.0	0.0	1	1.0308380724772233	3.110511152314268	138.0	11	1.05	0.95				
	105	1	27.99072241824561	5.519297378245614	0.0	0.0	1	1.043153478748651	3.063720558242122	138.0	11	1.05	0.95				
	106	1	53.616031674385965	11.038594756491229	0.0	-100.0	1	1.0490388410480074	0.024226084844207508	138.0	12	1.05	0.95				
	107	2	49.27944087719298	9.855888175438595	0.0	0.0	1	1.0007400431908533	-6.6221161740648675	138.0	12	1.05	0.95				
	108	1	67.41427511999999	13.798243445614034	0.0	0.0	1	1.0053803151908605	-5.110405564235531	138.0	12	1.05	0.95				
	109	1	68.99121722807017	14.192478972631578	0.0	0.0	1	1.0244530066444004	0.10280427523362988	138.0	13	1.05	0.95				
	110	1	76.87592776842105	15.769421080701754	0.0	0.0	1	1.05	-0.44687499547926024	138.0	13	1.05	0.95				
	111	1	0.0	0.0	0.0	0.0	1	1.0026150906299047	0.7448899146686292	230.0	13	1.05	0.95				
	112	1	0.0	0.0	0.0	0.0	1	1.0073936765880362	0.7825497128873831	230.0	13	1.05	0.95				
	113	3	104.47241465964912	21.28871845894737	0.0	0.0	1	0.9916414780339265	-2.2946749831169733e-33	230.0	14	1.05	0.95				
	114	2	76.4816922414035	15.37518555368421	0.0	0.0	1	0.9984257907845616	2.4259790284337908	230.0	16	1.05	0.95				
	115	2	124.97266206456139	25.231073729122805	0.0	0.0	1	1.0326976079600643	7.540010866612318	230.0	16	1.05	0.95				
	116	2	39.42355270175438	7.884710540350877	0.0	0.0	1	1.0286652055983885	7.09066835477678	230.0	16	1.05	0.95				
	117	1	0.0	0.0	0.0	0.0	1	1.0370015691282284	9.352297267032629	230.0	17	1.05	0.95				
	118	2	131.28043049684211	26.808015837192983	0.0	0.0	1	1.0395400357007787	9.59532295404326	230.0	17	1.05	0.95				
	119	1	71.35663039017544	14.586714499649123	0.0	0.0	1	1.0209195169910288	5.5875141479144625	230.0	15	1.05	0.95				
	120	1	50.46214745824561	10.25012370245614	0.0	0.0	1	1.0166733515459685	4.8474232114216935	230.0	15	1.05	0.95				
	121	2	0.0	0.0	0.0	0.0	1	1.0428368139305928	10.59152240861271	230.0	17	1.05	0.95				
	122	2	0.0	0.0	0.0	0.0	1	1.05	16.609320168280398	230.0	17	1.05	0.95				
	123	2	0.0	0.0	0.0	0.0	1	1.0147128123999003	4.749624631355162	230.0	15	1.05	0.95				
	124	1	0.0	0.0	0.0	0.0	1	1.0256240640567535	5.912956896312573	230.0	16	1.05	0.95				
	201	2	41.53061546526317	8.459940187368423	0.0	0.0	2	1.0153040555058273	-8.597763985918572	138.0	21	1.05	0.95				
	202	2	37.30064537157895	7.690854715789475	0.0	0.0	2	1.0146754465847312	-8.793824565809237	138.0	22	1.05	0.95				
	203	1	69.21769244210527	14.228081224210529	0.0	0.0	2	1.01479911791905	-6.165106612505324	138.0	21	1.05	0.95				
	204	1	28.456162448421058	5.768141036842106	0.0	0.0	2	1.0134703946060446	-8.606271015701703	138.0	21	1.05	0.95				
	205	1	27.302534241052633	5.383598301052633	0.0	0.0	2	1.0280588584240615	-8.91556964898358	138.0	21	1.05	0.95				
	206	1	52.29781206736843	10.767196602105265	0.0	-100.0	2	1.0433551539524888	-9.56780233810257	138.0	22	1.05	0.95				
	207	2	48.06784197368422	9.613568394736843	0.0	0.0	2	0.9965778950925122	-14.270793487368412	138.0	22	1.05	0.95				
	208	1	65.75680782	13.45899575263158	0.0	0.0	2	1.0027605192446591	-12.559718724750306	138.0	22	1.05	0.95				
	209	1	67.29497876315791	13.843538488421054	0.0	0.0	2	1.0231970363329483	-6.857094782061976	138.0	23	1.05	0.95				
	210	1	74.98583347894737	15.38170943157895	0.0	0.0	2	1.05	-7.99572715410357	138.0	23	1.05	0.95				
	211	1	0.0	0.0	0.0	0.0	2	1.0026201395220122	-4.426496586727205	230.0	23	1.05	0.95				
	212	1	0.0	0.0	0.0	0.0	2	1.0081725760325067	-1.9921814756660932	230.0	23	1.05	0.95				
	213	2	101.90382498421053	20.765307732631584	0.0	0.0	2	0.9969617603712824	-2.7296007907320985	230.0	24	1.05	0.95				
	214	2	74.6012907431579	14.997166695789478	0.0	0.0	2	0.9997430000465584	-2.763410251299657	230.0	26	1.05	0.95				
	215	2	121.90004724526318	24.61073509052632	0.0	0.0	2	1.01661887733475	1.8156754085687568	230.0	26	1.05	0.95				
	216	2	38.45427357894737	7.690854715789475	0.0	0.0	2	1.0174076064086852	1.9341466613983136	230.0	26	1.05	0.95				
	217	1	0.0	0.0	0.0	0.0	2	1.022641389872987	3.237035202567208	230.0	27	1.05	0.95				
	218	2	128.05273101789476	26.148906033684217	0.0	0.0	2	1.0218892922917062	2.7810449488169104	230.0	27	1.05	0.95				
	219	1	69.60223517789474	14.228081224210529	0.0	0.0	2	1.017614951934546	2.057353452910446	230.0	25	1.05	0.95				
	220	1	49.22147018105264	9.998111130526317	0.0	0.0	2	1.0202232604859474	2.9281765851720643	230.0	25	1.05	0.95				
	221	2	0.0	0.0	0.0	0.0	2	1.0237571121090825	3.2677511011412026	230.0	27	1.05	0.95				
	222	2	0.0	0.0	0.0	0.0	2	1.0457640037266323	9.79938064974093	230.0	27	1.05	0.95				
	223	2	0.0	0.0	0.0	0.0	2	1.0222676718933907	3.704954399975546	230.0	25	1.05	0.95				
	224	1	0.0	0.0	0.0	0.0	2	1.005969917706249	-1.1974965344674395	230.0	26	1.05	0.95				
	301	2	49.06295477052632	9.994305601403507	0.0	0.0	3	1.00741398845218	-13.599037237611356	138.0	31	1.05	0.95				
	302	2	44.065801969824555	9.08573236491228	0.0	0.0	3	1.007133241627401	-13.677056855569067	138.0	32	1.05	0.95				
	303	1	81.77159128421052	16.808604875087717	0.0	0.0	3	1.016449035119055	-9.575414078570912	138.0	31	1.05	0.95				
	304	1	33.617209750175434	6.81429927368421	0.0	0.0	3	1.00839624768969	-12.250525448544217	138.0	31	1.05	0.95				
	305	1	32.254349895438594	6.360012655438596	0.0	0.0	3	1.0224797892322635	-12.489617152255253	138.0	31	1.05	0.95				
	306	1	61.78298008140351	12.720025310877192	0.0	-100.0	3	1.03938108256571	-12.409678710208926	138.0	32	1.05	0.95				
	307	2	56.78582728070175	11.35716545614035	0.0	0.0	3	0.9951307520536152	-17.760332644608507	138.0	32	1.05	0.95				
	308	1	77.68301172	15.90003163859649	0.0	0.0	3	0.9992895631399318	-15.679381250619153	138.0	32	1.05	0.95				
	309	1	79.50015819298245	16.354318256842106	0.0	0.0	3	1.0238962378159047	-9.214954221288567	138.0	33	1.05	0.95				
	310	1	88.58589055789473	18.17146472982456	0.0	0.0	3	1.05	-9.921336407785983	138.0	33	1.05	0.95				
	311	1	0.0	0.0	0.0	0.0	3	1.0062510679897425	-4.5306007131776305	230.0	33	1.05	0.95				
	312	1	0.0	0.0	0.0	0.0	3	1.0102104266477123	-3.8452034744321466	230.0	33	1.05	0.95				
	313	2	120.3859538350877	24.53147738526316	0.0	0.0	3	1.0110959927722785	-0.22622698819294368	230.0	34	1.05	0.95				
	314	2	88.13160393964911	17.717178111578946	0.0	0.0	3	1.0056089225389149	-3.169611889481543	230.0	36	1.05	0.95				
	315	2	144.00885798385963	29.074343567719296	0.0	0.0	3	1.020808076433327	-2.6414922277249238	230.0	36	1.05	0.95				
	316	2	45.4286618245614	9.08573236491228	0.0	0.0	3	1.020747541562559	-1.6324750457675414	230.0	36	1.05	0.95				
	317	1	0.0	0.0	0.0	0.0	3	1.0245280730521942	-1.1071975744934615	230.0	37	1.05	0.95				
	318	2	151.2774438757895	30.891490040701754	0.0	0.0	3	1.0229789799008795	-1.427509923928864	230.0	37	1.05	0.95				
	319	1	82.22587790245613	16.808604875087717	0.0	0.0	3	1.0204468505854998	-0.8254431693841382	230.0	35	1.05	0.95				
	320	1	58.14868713543859	11.811452074385965	0.0	0.0	3	1.0207718959232166	-0.38581299097996324	230.0	35	1.05	0.95				
	321	2	0.0	0.0	0.0	0.0	3	1.024367847194877	-1.287310712166204	230.0	37	1.05	0.95				
	322	2	0.0	0.0	0.0	0.0	3	1.0377983736968368	3.1929169235985073	230.0	37	1.05	0.95				
	323	2	0.0	0.0	0.0	0.0	3	1.0216926154067592	0.1869025696142293	230.0	35	1.05	0.95				
	324	1	0.0	0.0	0.0	0.0	3	1.0114431398599617	-4.427016067369556	230.0	36	1.05	0.95				
	325	1	0.0	0.0	0.0	0.0	3	1.0212177291796252	1.0751233241489802	230.0	35	1.05	0.95				
];
