%% MATPOWER Case Format : Version 2
function mpc = RTS_GMLC
mpc.version = '2';

%%-----  Power Flow Data  -----%%
%% system MVA base
mpc.baseMVA = 100.0;
%% bus data
%    bus_i    type    Pd    Qd    Gs    Bs    area    Vm    Va    baseKV    zone    Vmax    Vmin
mpc.bus = [
	101	2	42.296882741052634	8.616031669473683	0.0	0.0	1	1.0436006609328305	4.73978247263375	138.0	11	1.05	0.95				
	102	2	37.988866906315785	7.832756063157895	0.0	0.0	1	1.042584763039844	4.457658597561555	138.0	12	1.05	0.95				
	103	1	70.49480456842105	14.490598716842104	0.0	0.0	1	1.0288021310858284	1.0236228055893521	138.0	11	1.05	0.95				
	104	1	28.98119743368421	5.87456704736842	0.0	0.0	1	1.027088066744646	0.8278966466333327	138.0	11	1.05	0.95				
	105	1	27.80628402421052	5.482929244210526	0.0	0.0	1	1.0408778885949208	0.9517899561685063	138.0	11	1.05	0.95				
	106	1	53.26274122947369	10.965858488421052	0.0	-100.0	1	1.0482045872650405	-1.6212213416772627	138.0	12	1.05	0.95				
	107	2	48.95472539473683	9.790945078947368	0.0	0.0	1	1.0004494553302037	-7.636925570651547	138.0	12	1.05	0.95				
	108	1	66.97006434	13.707323110526314	0.0	0.0	1	1.0053680461302354	-6.227915369260283	138.0	12	1.05	0.95				
	109	1	68.53661555263157	14.098960913684207	0.0	0.0	1	1.0242516721317936	-1.187543913467171	138.0	13	1.05	0.95				
	110	1	76.36937161578946	15.66551212631579	0.0	0.0	1	1.05	-1.6990534004377482	138.0	13	1.05	0.95				
	111	1	0.0	0.0	0.0	0.0	1	1.0011211161383915	0.0009674815784326763	230.0	13	1.05	0.95				
	112	1	0.0	0.0	0.0	0.0	1	1.0066195201561312	0.33289407997515225	230.0	13	1.05	0.95				
	113	3	103.7840178368421	21.148441370526317	0.0	0.0	1	0.9911608487443293	2.593143893705116e-30	230.0	14	1.05	0.95				
	114	2	75.97773381263157	15.273874323157893	0.0	0.0	1	0.9956745839213067	1.5830267358393466	230.0	16	1.05	0.95				
	115	2	124.14918360105263	25.06481940210526	0.0	0.0	1	1.0320367743004337	6.257343966225127	230.0	16	1.05	0.95				
	116	2	39.163780315789474	7.832756063157895	0.0	0.0	1	1.0279404113482666	6.079989509901954	230.0	16	1.05	0.95				
	117	1	0.0	0.0	0.0	0.0	1	1.0367190944374103	8.06277694730322	230.0	17	1.05	0.95				
	118	2	130.41538845157893	26.631370614736845	0.0	0.0	1	1.0393647973967675	8.11564387242606	230.0	17	1.05	0.95				
	119	1	70.88644237157894	14.490598716842104	0.0	0.0	1	1.021506134636416	5.11770609324545	230.0	15	1.05	0.95				
	120	1	50.12963880421052	10.182582882105262	0.0	0.0	1	1.0184807135963045	5.04070156211001	230.0	15	1.05	0.95				
	121	2	0.0	0.0	0.0	0.0	1	1.0432233435635532	9.064057040448319	230.0	17	1.05	0.95				
	122	2	0.0	0.0	0.0	0.0	1	1.05	15.620752578848526	230.0	17	1.05	0.95				
	123	2	0.0	0.0	0.0	0.0	1	1.0172102686139601	5.306775958971359	230.0	15	1.05	0.95				
	124	1	0.0	0.0	0.0	0.0	1	1.0233164330312987	4.289042477571487	230.0	16	1.05	0.95				
	201	2	38.24964583578947	7.791594522105262	0.0	0.0	2	1.0185597398279818	-9.140405206623196	138.0	21	1.05	0.95				
	202	2	34.35384857473684	7.08326774736842	0.0	0.0	2	1.0183026956600267	-9.241260339674607	138.0	22	1.05	0.95				
	203	1	63.74940972631579	13.104045332631578	0.0	0.0	2	1.0168771952604037	-6.9901118371846005	138.0	21	1.05	0.95				
	204	1	26.208090665263157	5.3124508105263155	0.0	0.0	2	1.0155044206027983	-9.788487394376608	138.0	21	1.05	0.95				
	205	1	25.14560050315789	4.958287423157895	0.0	0.0	2	1.030157313790763	-10.090809067643473	138.0	21	1.05	0.95				
	206	1	48.16622068210526	9.91657484631579	0.0	-100.0	2	1.0449783115765827	-11.03601617128663	138.0	22	1.05	0.95				
	207	2	44.27042342105263	8.854084684210525	0.0	0.0	2	0.9957254400616772	-15.574946816549167	138.0	22	1.05	0.95				
	208	1	60.561939239999994	12.395718557894735	0.0	0.0	2	1.003319001195728	-14.027695299666998	138.0	22	1.05	0.95				
	209	1	61.97859278947367	12.749881945263155	0.0	0.0	2	1.0225515357667363	-8.762287529984667	138.0	23	1.05	0.95				
	210	1	69.0618605368421	14.16653549473684	0.0	0.0	2	1.05	-9.90531444683393	138.0	23	1.05	0.95				
	211	1	0.0	0.0	0.0	0.0	2	1.0020327868467522	-6.283846422805165	230.0	23	1.05	0.95				
	212	1	0.0	0.0	0.0	0.0	2	1.0056782404786992	-5.785907810244489	230.0	23	1.05	0.95				
	213	2	93.85329765263157	19.124822917894736	0.0	0.0	2	0.9945894667480569	-5.2987741971432785	230.0	24	1.05	0.95				
	214	2	68.70769714947367	13.81237210736842	0.0	0.0	2	1.0006668162201526	-3.9482577855205996	230.0	26	1.05	0.95				
	215	2	112.26979379578945	22.666456791578945	0.0	0.0	2	1.0192163978423978	1.7822764432547067	230.0	26	1.05	0.95				
	216	2	35.4163387368421	7.08326774736842	0.0	0.0	2	1.0197790972747098	1.478791998116465	230.0	26	1.05	0.95				
	217	1	0.0	0.0	0.0	0.0	2	1.0251011021617973	3.1422526478833297	230.0	27	1.05	0.95				
	218	2	117.93640799368418	24.08311034105263	0.0	0.0	2	1.0246031616273783	2.756744282126345	230.0	27	1.05	0.95				
	219	1	64.1035731136842	13.104045332631578	0.0	0.0	2	1.0195564714130727	0.9568321370493801	230.0	25	1.05	0.95				
	220	1	45.33291358315789	9.208248071578947	0.0	0.0	2	1.0214030112417045	1.2066829484827246	230.0	25	1.05	0.95				
	221	2	0.0	0.0	0.0	0.0	2	1.0264002131438925	3.2333009425187473	230.0	27	1.05	0.95				
	222	2	0.0	0.0	0.0	0.0	2	1.0483024991265644	9.708971538019144	230.0	27	1.05	0.95				
	223	2	0.0	0.0	0.0	0.0	2	1.0226874253706582	1.6202514832402135	230.0	25	1.05	0.95				
	224	1	0.0	0.0	0.0	0.0	2	1.0075022667367572	-1.5287911562799728	230.0	26	1.05	0.95				
	301	2	49.86586523368421	10.157861436491228	0.0	0.0	3	1.0105086396309546	-16.377608829046597	138.0	31	1.05	0.95				
	302	2	44.786934515438595	9.234419487719297	0.0	0.0	3	1.009796535303282	-16.54766397146198	138.0	32	1.05	0.95				
	303	1	83.10977538947368	17.0836760522807	0.0	0.0	3	1.0304284359098743	-9.179539807609466	138.0	31	1.05	0.95				
	304	1	34.1673521045614	6.9258146157894735	0.0	0.0	3	1.0101473996374521	-15.275926168583922	138.0	31	1.05	0.95				
	305	1	32.7821891814035	6.464093641403509	0.0	0.0	3	1.0242951966147305	-15.957813262553492	138.0	31	1.05	0.95				
	306	1	62.79405251649123	12.928187282807018	0.0	-100.0	3	1.0399254379354501	-16.27058457714223	138.0	32	1.05	0.95				
	307	2	57.715121798245605	11.543024359649122	0.0	0.0	3	0.9941961378102245	-21.551402586978405	138.0	32	1.05	0.95				
	308	1	78.95428661999999	16.16023410350877	0.0	0.0	3	0.9985652191721858	-19.43477380955007	138.0	32	1.05	0.95				
	309	1	80.80117051754385	16.621955077894736	0.0	0.0	3	1.0249873748386358	-12.338638866176304	138.0	33	1.05	0.95				
	310	1	90.03559000526315	18.468838975438594	0.0	0.0	3	1.05	-14.05295298779089	138.0	33	1.05	0.95				
	311	1	0.0	0.0	0.0	0.0	3	1.0068002279976176	-8.903257917792315	230.0	33	1.05	0.95				
	312	1	0.0	0.0	0.0	0.0	3	1.0108400150326473	-8.280737999403634	230.0	33	1.05	0.95				
	313	2	122.35605821228069	24.932932616842105	0.0	0.0	3	1.0093950750511365	-5.3798249601977	230.0	34	1.05	0.95				
	314	2	89.57386903087719	18.00711800105263	0.0	0.0	3	1.0050287330247667	-7.584922380352772	230.0	36	1.05	0.95				
	315	2	146.36554888035087	29.550142360701752	0.0	0.0	3	1.0229016920384404	-5.7192412096531475	230.0	36	1.05	0.95				
	316	2	46.17209743859649	9.234419487719297	0.0	0.0	3	1.0219447086767925	-5.107288887197966	230.0	36	1.05	0.95				
	317	1	0.0	0.0	0.0	0.0	3	1.0258697338716112	-4.3807272094528775	230.0	37	1.05	0.95				
	318	2	153.75308447052632	31.397026258245614	0.0	0.0	3	1.024540419148692	-4.566356901052274	230.0	37	1.05	0.95				
	319	1	83.57149636385964	17.0836760522807	0.0	0.0	3	1.0211339249079758	-4.645633292670563	230.0	35	1.05	0.95				
	320	1	59.100284721403504	12.004745334035087	0.0	0.0	3	1.0219221948185262	-4.114676791136366	230.0	35	1.05	0.95				
	321	2	0.0	0.0	0.0	0.0	3	1.026061936162448	-4.413848925709841	230.0	37	1.05	0.95				
	322	2	0.0	0.0	0.0	0.0	3	1.039326774452402	-0.0044649529795012565	230.0	37	1.05	0.95				
	323	2	0.0	0.0	0.0	0.0	3	1.0229374829364855	-3.5710246982613465	230.0	35	1.05	0.95				
	324	1	0.0	0.0	0.0	0.0	3	1.021025878077115	-6.14962352332823	230.0	36	1.05	0.95				
	325	1	0.0	0.0	0.0	0.0	3	1.0213877774223215	-2.500100760985878	230.0	35	1.05	0.95				
];
