%% MATPOWER Case Format : Version 2
function mpc = RTS_GMLC
mpc.version = '2';

%%-----  Power Flow Data  -----%%
%% system MVA base
mpc.baseMVA = 100.0;
%% bus data
%    bus_i    type    Pd    Qd    Gs    Bs    area    Vm    Va    baseKV    zone    Vmax    Vmin
mpc.bus = [
	101	2	39.19742700631579	7.984661056842104	0.0	0.0	1	1.0340158144932015	1.4504830852627784	138.0	11	1.05	0.95				
	102	2	35.205096477894735	7.258782778947369	0.0	0.0	1	1.0318512181523183	0.8895505286848867	138.0	12	1.05	0.95				
	103	1	65.32904501052631	13.42874814105263	0.0	0.0	1	1.0302139893968767	0.4239878459381586	138.0	11	1.05	0.95				
	104	1	26.85749628210526	5.444087084210525	0.0	0.0	1	1.0243899479819127	-1.1982940220089318	138.0	11	1.05	0.95				
	105	1	25.768678865263155	5.081147945263158	0.0	0.0	1	1.0371420790631147	-1.4358249536553844	138.0	11	1.05	0.95				
	106	1	49.35972289684211	10.162295890526316	0.0	-100.0	1	1.0472260350066755	-3.5514893083693235	138.0	12	1.05	0.95				
	107	2	45.36739236842105	9.07347847368421	0.0	0.0	1	1.0025187041537176	-8.528623200678512	138.0	12	1.05	0.95				
	108	1	62.06259275999999	12.702869863157892	0.0	0.0	1	1.0076127673866588	-7.209795570543949	138.0	12	1.05	0.95				
	109	1	63.514349315789474	13.065809002105262	0.0	0.0	1	1.0243308484304596	-2.290538717841782	138.0	13	1.05	0.95				
	110	1	70.77313209473684	14.517565557894738	0.0	0.0	1	1.05	-3.2177827565474066	138.0	13	1.05	0.95				
	111	1	0.0	0.0	0.0	0.0	1	1.0004645495300273	-0.7469731604401945	230.0	13	1.05	0.95				
	112	1	0.0	0.0	0.0	0.0	1	1.0051546018095925	-1.0287924284074859	230.0	13	1.05	0.95				
	113	3	96.17887182105262	19.598713503157896	0.0	0.0	1	0.9911646487762062	8.972339308239754e-31	230.0	14	1.05	0.95				
	114	2	70.41019295578947	14.15462641894737	0.0	0.0	1	0.9951363750974808	0.7654882227661992	230.0	16	1.05	0.95				
	115	2	115.05170704631578	23.228104892631578	0.0	0.0	1	1.0299128012033296	6.007734590766625	230.0	16	1.05	0.95				
	116	2	36.29391389473684	7.258782778947369	0.0	0.0	1	1.0250503193995015	5.003983422767524	230.0	16	1.05	0.95				
	117	1	0.0	0.0	0.0	0.0	1	1.0342639075463085	8.112039508174743	230.0	17	1.05	0.95				
	118	2	120.85873326947367	24.679861448421054	0.0	0.0	1	1.0376809761878198	8.751696512382727	230.0	17	1.05	0.95				
	119	1	65.69198414947368	13.42874814105263	0.0	0.0	1	1.0153031977103109	2.9643599158772105	230.0	15	1.05	0.95				
	120	1	46.456209785263155	9.436417612631578	0.0	0.0	1	1.0093538684144143	1.6375229812127543	230.0	15	1.05	0.95				
	121	2	0.0	0.0	0.0	0.0	1	1.0404544725835794	9.962807533688663	230.0	17	1.05	0.95				
	122	2	0.0	0.0	0.0	0.0	1	1.05	15.73858950245588	230.0	17	1.05	0.95				
	123	2	0.0	0.0	0.0	0.0	1	1.0063991128849097	1.1936965229088998	230.0	15	1.05	0.95				
	124	1	0.0	0.0	0.0	0.0	1	1.022238888252492	3.897141868021648	230.0	16	1.05	0.95				
	201	2	38.72564143578948	7.888556588771929	0.0	0.0	2	1.0174851717011386	-10.66994163125692	138.0	21	1.05	0.95				
	202	2	34.7813631414035	7.171415080701754	0.0	0.0	2	1.016624563492528	-10.917667707310896	138.0	22	1.05	0.95				
	203	1	64.5427357263158	13.267117899298245	0.0	0.0	2	1.0149964498554385	-7.960270398337771	138.0	21	1.05	0.95				
	204	1	26.53423579859649	5.378561310526315	0.0	0.0	2	1.0145030167476101	-10.56322069476667	138.0	21	1.05	0.95				
	205	1	25.458523536491224	5.019990556491228	0.0	0.0	2	1.0295308609410139	-10.876889616521597	138.0	21	1.05	0.95				
	206	1	48.76562254877193	10.039981112982456	0.0	-100.0	2	1.0445861439983788	-11.462051724307019	138.0	22	1.05	0.95				
	207	2	44.82134425438596	8.964268850877193	0.0	0.0	2	1.0003040134590278	-15.726834590841655	138.0	22	1.05	0.95				
	208	1	61.315598939999994	12.549976391228068	0.0	0.0	2	1.0057955234498839	-14.138765469835313	138.0	22	1.05	0.95				
	209	1	62.74988195614035	12.908547145263158	0.0	0.0	2	1.0225790105493602	-8.782938171783446	138.0	23	1.05	0.95				
	210	1	69.9212970368421	14.342830161403509	0.0	0.0	2	1.05	-9.929608819277982	138.0	23	1.05	0.95				
	211	1	0.0	0.0	0.0	0.0	2	0.9999680969851231	-6.822433834696113	230.0	23	1.05	0.95				
	212	1	0.0	0.0	0.0	0.0	2	1.005444176713314	-3.926257800858991	230.0	23	1.05	0.95				
	213	2	95.02124981929823	19.36282071789474	0.0	0.0	2	0.990681171432588	-5.607645917322504	230.0	24	1.05	0.95				
	214	2	69.562726282807	13.984259407368421	0.0	0.0	2	0.9964862426572443	-5.184877551902016	230.0	26	1.05	0.95				
	215	2	113.66692902912281	22.948528258245613	0.0	0.0	2	1.0123964292217487	0.09541674052272567	230.0	26	1.05	0.95				
	216	2	35.85707540350877	7.171415080701754	0.0	0.0	2	1.0109902911081516	-0.6533217504025988	230.0	26	1.05	0.95				
	217	1	0.0	0.0	0.0	0.0	2	1.0165935407647133	0.7791116733615387	230.0	27	1.05	0.95				
	218	2	119.4040610936842	24.382811274385965	0.0	0.0	2	1.0164626727147357	0.5560403180475297	230.0	27	1.05	0.95				
	219	1	64.90130648035087	13.267117899298245	0.0	0.0	2	1.0063848517503575	-1.9218260422289577	230.0	25	1.05	0.95				
	220	1	45.897056516491226	9.32283960491228	0.0	0.0	2	1.004809183198508	-2.299863448351164	230.0	25	1.05	0.95				
	221	2	0.0	0.0	0.0	0.0	2	1.0186651728740383	1.2063691646160648	230.0	27	1.05	0.95				
	222	2	0.0	0.0	0.0	0.0	2	1.0405009900006243	7.649861671732758	230.0	27	1.05	0.95				
	223	2	0.0	0.0	0.0	0.0	2	1.004193518336662	-2.2181481394000673	230.0	25	1.05	0.95				
	224	1	0.0	0.0	0.0	0.0	2	1.0033704064790565	-2.960937773081032	230.0	26	1.05	0.95				
	301	2	52.66751028631579	10.728566910175438	0.0	0.0	3	1.001701030587856	-6.63431845030066	138.0	31	1.05	0.95				
	302	2	47.30322683122806	9.753242645614035	0.0	0.0	3	1.0016038975731296	-6.672811874717648	138.0	32	1.05	0.95				
	303	1	87.7791838105263	18.043498894385962	0.0	0.0	3	1.0114100503089702	-3.9085430705574624	138.0	31	1.05	0.95				
	304	1	36.086997788771924	7.314931984210525	0.0	0.0	3	1.0052169690898183	-5.0523265912918625	138.0	31	1.05	0.95				
	305	1	34.62401139192982	6.827269851929825	0.0	0.0	3	1.0187509086099673	-5.092702438871395	138.0	31	1.05	0.95				
	306	1	66.32204999017543	13.65453970385965	0.0	-100.0	3	1.0369092996582823	-4.804106304006874	138.0	32	1.05	0.95				
	307	2	60.95776653508771	12.191553307017543	0.0	0.0	3	0.995485675481492	-8.882276948477699	138.0	32	1.05	0.95				
	308	1	83.39022461999998	17.068174629824558	0.0	0.0	3	1.0028547649511999	-6.70039424025383	138.0	32	1.05	0.95				
	309	1	85.3408731491228	17.555836762105262	0.0	0.0	3	1.0242430159262927	-1.7272839846858743	138.0	33	1.05	0.95				
	310	1	95.09411579473684	19.50648529122807	0.0	0.0	3	1.05	-1.99220878849122	138.0	33	1.05	0.95				
	311	1	0.0	0.0	0.0	0.0	3	1.0079798619663802	3.2556143793463437	230.0	33	1.05	0.95				
	312	1	0.0	0.0	0.0	0.0	3	1.0132911824415733	4.40594436267934	230.0	33	1.05	0.95				
	313	2	129.23046505438595	26.333755143157894	0.0	0.0	3	1.0216889198922687	9.736152727899409	230.0	34	1.05	0.95				
	314	2	94.60645366245612	19.018823158947367	0.0	0.0	3	1.004546241902514	2.716161939825296	230.0	36	1.05	0.95				
	315	2	154.58889593298244	31.210376465964913	0.0	0.0	3	1.0142927512975917	-0.6335526695162089	230.0	36	1.05	0.95				
	316	2	48.76621322807017	9.753242645614035	0.0	0.0	3	1.0151828445083508	0.394153768466827	230.0	36	1.05	0.95				
	317	1	0.0	0.0	0.0	0.0	3	1.0171713456448057	0.005675385547760902	230.0	37	1.05	0.95				
	318	2	162.39149004947367	33.161024995087715	0.0	0.0	3	1.0146116873733744	-0.7798883468137024	230.0	37	1.05	0.95				
	319	1	88.26684594280701	18.043498894385962	0.0	0.0	3	1.0166558604909801	2.757751062819645	230.0	35	1.05	0.95				
	320	1	62.420752931929826	12.679215439298245	0.0	0.0	3	1.019926352193222	4.590230843631146	230.0	35	1.05	0.95				
	321	2	0.0	0.0	0.0	0.0	3	1.0166117691130254	-0.16067372543525485	230.0	37	1.05	0.95				
	322	2	0.0	0.0	0.0	0.0	3	1.0303907659588905	4.378143470975022	230.0	37	1.05	0.95				
	323	2	0.0	0.0	0.0	0.0	3	1.0219599695183872	5.472020523989809	230.0	35	1.05	0.95				
	324	1	0.0	0.0	0.0	0.0	3	1.0095315266862428	-0.25433332750839704	230.0	36	1.05	0.95				
	325	1	0.0	0.0	0.0	0.0	3	1.0233497156585156	5.862352409348734	230.0	35	1.05	0.95				
];
