%% MATPOWER Case Format : Version 2
function mpc = RTS_GMLC
mpc.version = '2';

%%-----  Power Flow Data  -----%%
%% system MVA base
mpc.baseMVA = 100.0;
%% bus data
%    bus_i    type    Pd    Qd    Gs    Bs    area    Vm    Va    baseKV    zone    Vmax    Vmin
mpc.bus = [
	101	2	42.711034130526315	8.700395841403509	0.0	0.0	1	1.05	6.26895500011944	138.0	11	1.05	0.95				
	102	2	38.360836209824555	7.909450764912281	0.0	0.0	1	1.049448095066591	5.955169573205034	138.0	12	1.05	0.95				
	103	1	71.18505688421052	14.632483915087718	0.0	0.0	1	1.0308748720024663	1.9994933132129578	138.0	11	1.05	0.95				
	104	1	29.264967830175436	5.93208807368421	0.0	0.0	1	1.030464409156364	1.8657801819463482	138.0	11	1.05	0.95				
	105	1	28.07855021543859	5.536615535438597	0.0	0.0	1	1.0433776735936766	1.8552849876603412	138.0	11	1.05	0.95				
	106	1	53.784265201403514	11.073231070877194	0.0	-100.0	1	1.049137551212848	-1.0801681261137102	138.0	12	1.05	0.95				
	107	2	49.434067280701754	9.88681345614035	0.0	0.0	1	1.0015321820526994	-7.895011453148494	138.0	12	1.05	0.95				
	108	1	67.62580403999999	13.84153883859649	0.0	0.0	1	1.0056170214579858	-6.276021878378039	138.0	12	1.05	0.95				
	109	1	69.20769419298244	14.237011376842105	0.0	0.0	1	1.024179256893043	-0.9156411168591533	138.0	13	1.05	0.95				
	110	1	77.11714495789474	15.818901529824561	0.0	0.0	1	1.05	-1.457397521737279	138.0	13	1.05	0.95				
	111	1	0.0	0.0	0.0	0.0	1	1.0014305489665292	-0.047899936457621015	230.0	13	1.05	0.95				
	112	1	0.0	0.0	0.0	0.0	1	1.0066743511829768	-0.045875632595859354	230.0	13	1.05	0.95				
	113	3	104.8002226350877	21.355517065263157	0.0	0.0	1	0.9917935650353978	-1.548173310846703e-29	230.0	14	1.05	0.95				
	114	2	76.72167241964911	15.423428991578946	0.0	0.0	1	0.9952628410522292	1.1789275715878258	230.0	16	1.05	0.95				
	115	2	125.36479462385964	25.3102424477193	0.0	0.0	1	1.0299820742610128	6.073871408043984	230.0	16	1.05	0.95				
	116	2	39.5472538245614	7.909450764912281	0.0	0.0	1	1.0251467175599784	5.22978390785035	230.0	16	1.05	0.95				
	117	1	0.0	0.0	0.0	0.0	1	1.0342542106880297	7.986766292124777	230.0	17	1.05	0.95				
	118	2	131.69235523578945	26.892132600701757	0.0	0.0	1	1.0372862939954421	8.453956922124837	230.0	17	1.05	0.95				
	119	1	71.58052942245614	14.632483915087718	0.0	0.0	1	1.0170618745523252	3.6835748491258276	230.0	15	1.05	0.95				
	120	1	50.6204848954386	10.282285994385965	0.0	0.0	1	1.0125013476525906	2.8681485226098475	230.0	15	1.05	0.95				
	121	2	0.0	0.0	0.0	0.0	1	1.0404375139239321	9.66641025221127	230.0	17	1.05	0.95				
	122	2	0.0	0.0	0.0	0.0	1	1.05	15.509207667990609	230.0	17	1.05	0.95				
	123	2	0.0	0.0	0.0	0.0	1	1.0103903394015816	2.731971725405598	230.0	15	1.05	0.95				
	124	1	0.0	0.0	0.0	0.0	1	1.0237689534042695	4.535269229781772	230.0	16	1.05	0.95				
	201	2	41.90461200000001	8.536124666666666	0.0	0.0	2	1.0149718490517434	-11.036991449673192	138.0	21	1.05	0.95				
	202	2	37.63654966666667	7.760113333333335	0.0	0.0	2	1.0140907267007289	-11.302284896220806	138.0	22	1.05	0.95				
	203	1	69.84102000000001	14.356209666666667	0.0	0.0	2	1.015226091132465	-7.679386650147277	138.0	21	1.05	0.95				
	204	1	28.712419333333333	5.820085	0.0	0.0	2	1.012958611187401	-10.88257215731367	138.0	21	1.05	0.95				
	205	1	27.548402333333332	5.432079333333334	0.0	0.0	2	1.027827312088461	-11.263749547004394	138.0	21	1.05	0.95				
	206	1	52.768770666666676	10.864158666666668	0.0	-100.0	2	1.0431234798175122	-11.886328254546285	138.0	22	1.05	0.95				
	207	2	48.500708333333336	9.700141666666667	0.0	0.0	2	0.9972476317012037	-16.50864776646511	138.0	22	1.05	0.95				
	208	1	66.348969	13.580198333333332	0.0	0.0	2	1.0029600754479564	-14.775724754028879	138.0	22	1.05	0.95				
	209	1	67.90099166666667	13.968204	0.0	0.0	2	1.0230094674783665	-8.929893143421632	138.0	23	1.05	0.95				
	210	1	75.661105	15.52022666666667	0.0	0.0	2	1.05	-10.241468681275107	138.0	23	1.05	0.95				
	211	1	0.0	0.0	0.0	0.0	2	1.0033787608215117	-6.315436942612162	230.0	23	1.05	0.95				
	212	1	0.0	0.0	0.0	0.0	2	1.0074829121132693	-4.3736445325959075	230.0	23	1.05	0.95				
	213	2	102.82150166666666	20.952306000000004	0.0	0.0	2	0.9976647079096983	-4.754376885395872	230.0	24	1.05	0.95				
	214	2	75.27309933333333	15.132221000000001	0.0	0.0	2	1.0022840528215968	-4.270217098445093	230.0	26	1.05	0.95				
	215	2	122.99779633333334	24.83236266666667	0.0	0.0	2	1.0181947744715782	1.359845735208409	230.0	26	1.05	0.95				
	216	2	38.80056666666667	7.760113333333335	0.0	0.0	2	1.018178698726485	1.0002076493470602	230.0	26	1.05	0.95				
	217	1	0.0	0.0	0.0	0.0	2	1.0226451562975802	2.2328946557543286	230.0	27	1.05	0.95				
	218	2	129.20588700000002	26.384385333333338	0.0	0.0	2	1.0222087172966716	1.9096905259451824	230.0	27	1.05	0.95				
	219	1	70.22902566666667	14.356209666666667	0.0	0.0	2	1.017451713274184	0.7703108346276493	230.0	25	1.05	0.95				
	220	1	49.66472533333334	10.088147333333335	0.0	0.0	2	1.0192569425313194	1.342133268913687	230.0	25	1.05	0.95				
	221	2	0.0	0.0	0.0	0.0	2	1.024418430807821	2.526484597605071	230.0	27	1.05	0.95				
	222	2	0.0	0.0	0.0	0.0	2	1.0461191521345732	8.950413607947002	230.0	27	1.05	0.95				
	223	2	0.0	0.0	0.0	0.0	2	1.0207740647379124	1.9590031454770234	230.0	25	1.05	0.95				
	224	1	0.0	0.0	0.0	0.0	2	1.0059609911258076	-2.0499193782311815	230.0	26	1.05	0.95				
	301	2	55.62290413894737	11.330591583859649	0.0	0.0	3	1.0056544872768285	-10.53846930497534	138.0	31	1.05	0.95				
	302	2	49.95760834701754	10.300537803508773	0.0	0.0	3	1.0054062100580718	-10.614213527277665	138.0	32	1.05	0.95				
	303	1	92.70484023157894	19.055994936491228	0.0	0.0	3	1.0153483824384129	-6.465182312419879	138.0	31	1.05	0.95				
	304	1	38.111989872982456	7.725403352631578	0.0	0.0	3	1.0063664415813727	-8.970089588816577	138.0	31	1.05	0.95				
	305	1	36.56690920245614	7.21037646245614	0.0	0.0	3	1.0204459377382429	-9.123279526941337	138.0	31	1.05	0.95				
	306	1	70.04365706385965	14.42075292491228	0.0	-100.0	3	1.0370611635238127	-8.928310442408666	138.0	32	1.05	0.95				
	307	2	64.37836127192982	12.875672254385965	0.0	0.0	3	0.9951338882070256	-14.360689694111139	138.0	32	1.05	0.95				
	308	1	88.06959821999999	18.025941156140348	0.0	0.0	3	0.9989801716700281	-11.985886784094038	138.0	32	1.05	0.95				
	309	1	90.12970578070176	18.540968046315786	0.0	0.0	3	1.0243154209506566	-5.512470019482117	138.0	33	1.05	0.95				
	310	1	100.43024358421052	20.601075607017545	0.0	0.0	3	1.05	-6.057714461749259	138.0	33	1.05	0.95				
	311	1	0.0	0.0	0.0	0.0	3	1.0091954723587488	-0.262549959350747	230.0	33	1.05	0.95				
	312	1	0.0	0.0	0.0	0.0	3	1.0129350021356645	0.553365809562811	230.0	33	1.05	0.95				
	313	2	136.48212589649123	27.811452069473685	0.0	0.0	3	1.0195464179487201	5.084169145525662	230.0	34	1.05	0.95				
	314	2	99.91521669403508	20.086048716842107	0.0	0.0	3	1.0093872597834026	0.6102532781240333	230.0	36	1.05	0.95				
	315	2	163.26352418561402	32.96172097122807	0.0	0.0	3	1.0213897131738119	-0.7212594220045274	230.0	36	1.05	0.95				
	316	2	51.50268901754386	10.300537803508773	0.0	0.0	3	1.0216933333252431	0.39437331353302046	230.0	36	1.05	0.95				
	317	1	0.0	0.0	0.0	0.0	3	1.0247018905095622	0.38855797912164114	230.0	37	1.05	0.95				
	318	2	171.50395442842105	35.02182853192983	0.0	0.0	3	1.0226308056700577	-0.2138449096351723	230.0	37	1.05	0.95				
	319	1	93.21986712175439	19.055994936491228	0.0	0.0	3	1.0218394661842019	1.9911273437426087	230.0	35	1.05	0.95				
	320	1	65.92344194245614	13.390699144561403	0.0	0.0	3	1.0231011671596288	3.0187722119909886	230.0	35	1.05	0.95				
	321	2	0.0	0.0	0.0	0.0	3	1.0242973726816031	0.17305677027334246	230.0	37	1.05	0.95				
	322	2	0.0	0.0	0.0	0.0	3	1.0378403498789124	4.666795237468695	230.0	37	1.05	0.95				
	323	2	0.0	0.0	0.0	0.0	3	1.023872917191777	3.5201871395793622	230.0	35	1.05	0.95				
	324	1	0.0	0.0	0.0	0.0	3	1.0134268556160158	-1.2981019423138784	230.0	36	1.05	0.95				
	325	1	0.0	0.0	0.0	0.0	3	1.0246040349114336	4.047961673023236	230.0	35	1.05	0.95				
];
