%% MATPOWER Case Format : Version 2
function mpc = RTS_GMLC
mpc.version = '2';

%%-----  Power Flow Data  -----%%
%% system MVA base
mpc.baseMVA = 100.0;
%% bus data
%    bus_i    type    Pd    Qd    Gs    Bs    area    Vm    Va    baseKV    zone    Vmax    Vmin
mpc.bus = [
	101	2	38.62295893894737	7.86763978385965	0.0	0.0	1	0.9863662646457657	-5.769470693977559	138.0	11	1.05	0.95				
	102	2	34.68913904701754	7.152399803508773	0.0	0.0	1	0.9862958771804718	-5.949551398148057	138.0	12	1.05	0.95				
	103	1	64.37159823157896	13.231939636491227	0.0	0.0	1	1.018342008496362	1.1281890182083807	138.0	11	1.05	0.95				
	104	1	26.463879272982453	5.364299852631579	0.0	0.0	1	1.0018915792553202	-5.169840375511283	138.0	11	1.05	0.95				
	105	1	25.39101930245614	5.006679862456141	0.0	0.0	1	1.0136169581855117	-5.997994569929159	138.0	11	1.05	0.95				
	106	1	48.636318663859655	10.013359724912283	0.0	-100.0	1	1.0371753048192345	-6.581402702914147	138.0	12	1.05	0.95				
	107	2	44.702498771929825	8.940499754385964	0.0	0.0	1	0.9887174496685359	-10.579656275391732	138.0	12	1.05	0.95				
	108	1	61.153018319999994	12.51669965614035	0.0	0.0	1	0.9994674171428802	-8.917220555133342	138.0	12	1.05	0.95				
	109	1	62.583498280701754	12.87431964631579	0.0	0.0	1	1.0249039818444876	-3.0530466410120196	138.0	13	1.05	0.95				
	110	1	69.73589808421052	14.304799607017546	0.0	0.0	1	1.05	-5.053222371499576	138.0	13	1.05	0.95				
	111	1	0.0	0.0	0.0	0.0	1	1.019206223196038	0.1711612994499006	230.0	13	1.05	0.95				
	112	1	0.0	0.0	0.0	0.0	1	1.0139097783215714	-1.1663349424334297	230.0	13	1.05	0.95				
	113	3	94.76929739649123	19.311479469473685	0.0	0.0	1	1.0009175378556834	2.0604335047203437e-30	230.0	14	1.05	0.95				
	114	2	69.37827809403508	13.947179616842106	0.0	0.0	1	1.048585400058937	4.422640769818312	230.0	16	1.05	0.95				
	115	2	113.36553688561403	22.88767937122807	0.0	0.0	1	1.0378438844556126	14.878157921629791	230.0	16	1.05	0.95				
	116	2	35.76199901754386	7.152399803508773	0.0	0.0	1	1.038873616585503	12.827001053656083	230.0	16	1.05	0.95				
	117	1	0.0	0.0	0.0	0.0	1	1.037588389653929	19.327823202861637	230.0	17	1.05	0.95				
	118	2	119.08745672842105	24.318159331929827	0.0	0.0	1	1.0468290332834629	20.132471999416694	230.0	17	1.05	0.95				
	119	1	64.7292182217544	13.231939636491227	0.0	0.0	1	1.0350462752238885	8.158288346101031	230.0	15	1.05	0.95				
	120	1	45.77535874245614	9.298119744561404	0.0	0.0	1	1.0387969268453134	4.791098822221567	230.0	15	1.05	0.95				
	121	2	0.0	0.0	0.0	0.0	1	1.0406974807886245	21.807023208048676	230.0	17	1.05	0.95				
	122	2	0.0	0.0	0.0	0.0	1	1.05	39.789282864835826	230.0	17	1.05	0.95				
	123	2	0.0	0.0	0.0	0.0	1	1.0420368830687154	3.2181767972222266	230.0	15	1.05	0.95				
	124	1	0.0	0.0	0.0	0.0	1	1.0131032854362991	9.7666462459408	230.0	16	1.05	0.95				
	201	2	37.02565717010527	7.5422634976140355	0.0	0.0	2	1.0074944536411512	-14.882636468769668	138.0	21	1.05	0.95				
	202	2	33.25452542129825	6.856603179649124	0.0	0.0	2	1.0062599844012086	-15.163550910502735	138.0	22	1.05	0.95				
	203	1	61.70942861684211	12.684715882350877	0.0	0.0	2	1.0137837006585515	-11.280179193000132	138.0	21	1.05	0.95				
	204	1	25.369431764701755	5.142452384736843	0.0	0.0	2	1.0102623043847827	-15.050346602847428	138.0	21	1.05	0.95				
	205	1	24.340941287754386	4.799622225754387	0.0	0.0	2	1.0246680918582802	-15.441122444127254	138.0	21	1.05	0.95				
	206	1	46.62490162161404	9.599244451508774	0.0	-100.0	2	1.0424537415033632	-16.210366922422345	138.0	22	1.05	0.95				
	207	2	42.85376987280702	8.570753974561404	0.0	0.0	2	0.9907146040518253	-20.17553731357033	138.0	22	1.05	0.95				
	208	1	58.623957186000005	11.999055564385964	0.0	0.0	2	1.0008919414566644	-18.70890182476289	138.0	22	1.05	0.95				
	209	1	59.995277821929825	12.341885723368422	0.0	0.0	2	1.0227199753008906	-13.525438902069087	138.0	23	1.05	0.95				
	210	1	66.85188100157895	13.713206359298248	0.0	0.0	2	1.05	-14.886423544464908	138.0	23	1.05	0.95				
	211	1	0.0	0.0	0.0	0.0	2	1.003861415563529	-11.011868854806805	230.0	23	1.05	0.95				
	212	1	0.0	0.0	0.0	0.0	2	1.011771109665805	-10.57511483216806	230.0	23	1.05	0.95				
	213	2	90.84999213035087	18.512828585052635	0.0	0.0	2	1.0012031226537663	-10.027685337246561	230.0	24	1.05	0.95				
	214	2	66.5090508425965	13.370376200315793	0.0	0.0	2	1.0005623274182736	-8.544093941493733	230.0	26	1.05	0.95				
	215	2	108.6771603974386	21.941130174877195	0.0	0.0	2	1.0246862180290195	-2.2603081120033846	230.0	26	1.05	0.95				
	216	2	34.283015898245615	6.856603179649124	0.0	0.0	2	1.0266607987305771	-3.089598637209473	230.0	26	1.05	0.95				
	217	1	0.0	0.0	0.0	0.0	2	1.0333485878079607	-0.7862747532562955	230.0	27	1.05	0.95				
	218	2	114.16244294115792	23.31245081080702	0.0	0.0	2	1.0319682954111478	-1.1766077287854424	230.0	27	1.05	0.95				
	219	1	62.05225877582456	12.684715882350877	0.0	0.0	2	1.0319173999961642	-3.737756569499765	230.0	25	1.05	0.95				
	220	1	43.88226034975439	8.91358413354386	0.0	0.0	2	1.0383411918332979	-3.631292538925036	230.0	25	1.05	0.95				
	221	2	0.0	0.0	0.0	0.0	2	1.0324587968031627	-0.7409955224507979	230.0	27	1.05	0.95				
	222	2	0.0	0.0	0.0	0.0	2	1.05	5.7366069417783985	230.0	27	1.05	0.95				
	223	2	0.0	0.0	0.0	0.0	2	1.0420126067918913	-3.3158109580571264	230.0	25	1.05	0.95				
	224	1	0.0	0.0	0.0	0.0	2	1.0094303753868124	-5.634558174020568	230.0	26	1.05	0.95				
	301	2	47.04713696842106	9.583676049122808	0.0	0.0	3	1.022433144441276	10.417439541132348	138.0	31	1.05	0.95				
	302	2	42.25529894385966	8.712432771929826	0.0	0.0	3	1.0198984590679434	10.065174837940734	138.0	32	1.05	0.95				
	303	1	78.41189494736844	16.118000628070178	0.0	0.0	3	1.05	25.256331794745545	138.0	31	1.05	0.95				
	304	1	32.236001256140355	6.534324578947369	0.0	0.0	3	1.0098383797288708	11.239310678484541	138.0	31	1.05	0.95				
	305	1	30.929136340350876	6.098702940350878	0.0	0.0	3	1.0275955084841613	9.037449933813463	138.0	31	1.05	0.95				
	306	1	59.244542849122816	12.197405880701757	0.0	-100.0	3	1.0376865945476654	7.729905554272902	138.0	32	1.05	0.95				
	307	2	54.452704824561415	10.890540964912281	0.0	0.0	3	0.95	3.800591502546605	138.0	32	1.05	0.95				
	308	1	74.49130020000001	15.246757350877193	0.0	0.0	3	0.970013022614625	5.706522438417878	138.0	32	1.05	0.95				
	309	1	76.23378675438597	15.682378989473685	0.0	0.0	3	1.0150682505650501	14.029278338371723	138.0	33	1.05	0.95				
	310	1	84.9462195263158	17.424865543859653	0.0	0.0	3	1.0432102246495099	9.045995710571221	138.0	33	1.05	0.95				
	311	1	0.0	0.0	0.0	0.0	3	1.0023074641082195	12.977017472752271	230.0	33	1.05	0.95				
	312	1	0.0	0.0	0.0	0.0	3	1.0073915713641768	13.37497711867596	230.0	33	1.05	0.95				
	313	2	115.4397342280702	23.52356848421053	0.0	0.0	3	1.0032036489053204	14.57162887287947	230.0	34	1.05	0.95				
	314	2	84.51059788771931	16.98924390526316	0.0	0.0	3	0.9974894862137342	13.125790388598507	230.0	36	1.05	0.95				
	315	2	138.09205943508772	27.879784870175445	0.0	0.0	3	1.0474838657877983	16.244755784753337	230.0	36	1.05	0.95				
	316	2	43.562163859649125	8.712432771929826	0.0	0.0	3	1.0307227409405055	15.932175518365916	230.0	36	1.05	0.95				
	317	1	0.0	0.0	0.0	0.0	3	1.05	19.5396437287762	230.0	37	1.05	0.95				
	318	2	145.0620056526316	29.622271424561408	0.0	0.0	3	1.0497064710533888	16.429372473821807	230.0	37	1.05	0.95				
	319	1	78.84751658596493	16.118000628070178	0.0	0.0	3	1.0217240498426032	14.995448504660375	230.0	35	1.05	0.95				
	320	1	55.75956974035089	11.326162603508774	0.0	0.0	3	1.0169903782337666	15.030989151828134	230.0	35	1.05	0.95				
	321	2	0.0	0.0	0.0	0.0	3	1.05	17.018005387049627	230.0	37	1.05	0.95				
	322	2	0.0	0.0	0.0	0.0	3	1.05	22.355834309530508	230.0	37	1.05	0.95				
	323	2	0.0	0.0	0.0	0.0	3	1.0150120245749585	15.39446321971931	230.0	35	1.05	0.95				
	324	1	0.0	0.0	0.0	0.0	3	1.045540628530838	19.69088879700837	230.0	36	1.05	0.95				
	325	1	0.0	0.0	0.0	0.0	3	1.0164155141457756	15.953968687762496	230.0	35	1.05	0.95				
];
