%% MATPOWER Case Format : Version 2
function mpc = RTS_GMLC
mpc.version = '2';

%%-----  Power Flow Data  -----%%
%% system MVA base
mpc.baseMVA = 100.0;
%% bus data
%    bus_i    type    Pd    Qd    Gs    Bs    area    Vm    Va    baseKV    zone    Vmax    Vmin
mpc.bus = [
	101	2	44.44779812210526	9.05418109894737	0.0	0.0	1	1.0430927316640362	3.977042917933253	138.0	11	1.05	0.95				
	102	2	39.92070757263158	8.23107372631579	0.0	0.0	1	1.0420641721620685	3.6768582919793826	138.0	12	1.05	0.95				
	103	1	74.0796635368421	15.227486393684211	0.0	0.0	1	1.0312701125893518	0.958918926340314	138.0	11	1.05	0.95				
	104	1	30.454972787368423	6.173305294736842	0.0	0.0	1	1.0267258230231417	0.022753785101126484	138.0	11	1.05	0.95				
	105	1	29.22031172842105	5.761751608421053	0.0	0.0	1	1.0402437539508484	0.06310249337608666	138.0	11	1.05	0.95				
	106	1	55.97130133894738	11.523503216842107	0.0	-100.0	1	1.0474255832261326	-2.5979001741537338	138.0	12	1.05	0.95				
	107	2	51.444210789473686	10.288842157894736	0.0	0.0	1	0.9998937973197554	-9.982595928202892	138.0	12	1.05	0.95				
	108	1	70.37568036	14.40437902105263	0.0	0.0	1	1.003746753872024	-7.995197427694067	138.0	12	1.05	0.95				
	109	1	72.02189510526316	14.81593270736842	0.0	0.0	1	1.024607371650046	-1.953934116631308	138.0	13	1.05	0.95				
	110	1	80.25296883157894	16.46214745263158	0.0	0.0	1	1.05	-2.6526083970347005	138.0	13	1.05	0.95				
	111	1	0.0	0.0	0.0	0.0	1	1.002683002857633	-0.31433484236416226	230.0	13	1.05	0.95				
	112	1	0.0	0.0	0.0	0.0	1	1.0077082603269831	-0.6804725403128469	230.0	13	1.05	0.95				
	113	3	109.06172687368421	22.22389906105263	0.0	0.0	1	0.9940330960868556	-1.3360899865791623e-30	230.0	14	1.05	0.95				
	114	2	79.84141514526316	16.050593766315792	0.0	0.0	1	0.9988803097013438	1.5351649323624132	230.0	16	1.05	0.95				
	115	2	130.46251856210526	26.339435924210523	0.0	0.0	1	1.038535317562545	7.625354069517084	230.0	16	1.05	0.95				
	116	2	41.155368631578945	8.23107372631579	0.0	0.0	1	1.0335379882897904	6.502453528358272	230.0	16	1.05	0.95				
	117	1	0.0	0.0	0.0	0.0	1	1.0403948629155249	10.447779570730287	230.0	17	1.05	0.95				
	118	2	137.0473775431579	27.98565066947369	0.0	0.0	1	1.0463176722488723	10.821265333974205	230.0	17	1.05	0.95				
	119	1	74.4912172231579	15.227486393684211	0.0	0.0	1	1.0220439188751962	3.916278512326173	230.0	15	1.05	0.95				
	120	1	52.678871848421046	10.700395844210526	0.0	0.0	1	1.016109627240679	2.4348363549449634	230.0	15	1.05	0.95				
	121	2	0.0	0.0	0.0	0.0	1	1.0493103988770636	12.120962458052428	230.0	17	1.05	0.95				
	122	2	0.0	0.0	0.0	0.0	1	1.05	23.5394467089445	230.0	17	1.05	0.95				
	123	2	0.0	0.0	0.0	0.0	1	1.0133989393320106	1.9385865370332005	230.0	15	1.05	0.95				
	124	1	0.0	0.0	0.0	0.0	1	1.0269505843810653	5.126166724387047	230.0	16	1.05	0.95				
	201	2	42.431607132631584	8.643475527017545	0.0	0.0	2	1.014920139738288	-14.614210622567619	138.0	21	1.05	0.95				
	202	2	38.109869369122805	7.857705024561404	0.0	0.0	2	1.0140133462368242	-14.901018921098899	138.0	22	1.05	0.95				
	203	1	70.71934522105263	14.536754295438595	0.0	0.0	2	1.015041576149324	-10.5203797191124	138.0	21	1.05	0.95				
	204	1	29.07350859087719	5.893278768421053	0.0	0.0	2	1.0125957019381104	-14.519131521506953	138.0	21	1.05	0.95				
	205	1	27.89485283719298	5.5003935171929825	0.0	0.0	2	1.0277474595264138	-14.966857738392765	138.0	21	1.05	0.95				
	206	1	53.43239416701755	11.000787034385965	0.0	-100.0	2	1.042955157554974	-15.665487667534054	138.0	22	1.05	0.95				
	207	2	49.11065640350877	9.822131280701754	0.0	0.0	2	0.9967846047354368	-20.338490250354067	138.0	22	1.05	0.95				
	208	1	67.18337796	13.750983792982455	0.0	0.0	2	1.0023942426180839	-18.579183234697265	138.0	22	1.05	0.95				
	209	1	68.75491896491228	14.143869044210525	0.0	0.0	2	1.022580410763489	-12.576151058646504	138.0	23	1.05	0.95				
	210	1	76.61262398947369	15.715410049122807	0.0	0.0	2	1.05	-14.055187207195418	138.0	23	1.05	0.95				
	211	1	0.0	0.0	0.0	0.0	2	1.005095033525808	-9.691776559747577	230.0	23	1.05	0.95				
	212	1	0.0	0.0	0.0	0.0	2	1.006697491652657	-8.734831313936677	230.0	23	1.05	0.95				
	213	2	104.11459157543858	21.215803566315792	0.0	0.0	2	1.0000738064325165	-8.33288276919122	230.0	24	1.05	0.95				
	214	2	76.21973873824561	15.322524797894738	0.0	0.0	2	1.0065768700396114	-7.13793846764317	230.0	26	1.05	0.95				
	215	2	124.54462463929823	25.14465607859649	0.0	0.0	2	1.0206471832088937	-0.6576225001512275	230.0	26	1.05	0.95				
	216	2	39.288525122807016	7.857705024561404	0.0	0.0	2	1.0211499437914309	-1.1158947523942546	230.0	26	1.05	0.95				
	217	1	0.0	0.0	0.0	0.0	2	1.025372506172782	0.3741697278404716	230.0	27	1.05	0.95				
	218	2	130.83078865894737	26.716197083508774	0.0	0.0	2	1.0249068985506207	0.0020367211474030256	230.0	27	1.05	0.95				
	219	1	71.1122304722807	14.536754295438595	0.0	0.0	2	1.0203812285109468	-1.3980907853794753	230.0	25	1.05	0.95				
	220	1	50.28931215719298	10.215016531929825	0.0	0.0	2	1.022189119374378	-0.866565451674738	230.0	25	1.05	0.95				
	221	2	0.0	0.0	0.0	0.0	2	1.0270387434524688	0.5809068616391261	230.0	27	1.05	0.95				
	222	2	0.0	0.0	0.0	0.0	2	1.0487312152001518	7.005791459279087	230.0	27	1.05	0.95				
	223	2	0.0	0.0	0.0	0.0	2	1.0237095436533863	-0.2698313914494519	230.0	25	1.05	0.95				
	224	1	0.0	0.0	0.0	0.0	2	1.0064564926506658	-4.368808051796843	230.0	26	1.05	0.95				
	301	2	40.504270812631574	8.250869980350876	0.0	0.0	3	1.009140181702798	-8.600079950593981	138.0	31	1.05	0.95				
	302	2	36.37883582245613	7.500790891228071	0.0	0.0	3	1.0091364482868184	-8.672212598147441	138.0	32	1.05	0.95				
	303	1	67.50711802105262	13.876463148771927	0.0	0.0	3	1.017969261233492	-5.030639875288023	138.0	31	1.05	0.95				
	304	1	27.752926297543855	5.625593168421052	0.0	0.0	3	1.0110417493489003	-7.480489207648386	138.0	31	1.05	0.95				
	305	1	26.62780766385965	5.250553623859649	0.0	0.0	3	1.0247229594539673	-7.814939734523162	138.0	31	1.05	0.95				
	306	1	51.00537806035088	10.501107247719299	0.0	-100.0	3	1.042251386218319	-7.844559723109573	138.0	32	1.05	0.95				
	307	2	46.879943070175436	9.375988614035087	0.0	0.0	3	0.9916516765403096	-11.925847641824136	138.0	32	1.05	0.95				
	308	1	64.13176211999999	13.126384059649121	0.0	0.0	3	1.0005799374267472	-10.28867177262196	138.0	32	1.05	0.95				
	309	1	65.6319202982456	13.501423604210524	0.0	0.0	3	1.0237085408659872	-4.956698425538852	138.0	33	1.05	0.95				
	310	1	73.13271118947368	15.001581782456142	0.0	0.0	3	1.05	-5.821253820587353	138.0	33	1.05	0.95				
	311	1	0.0	0.0	0.0	0.0	3	1.0012347301565756	-1.4403475631390683	230.0	33	1.05	0.95				
	312	1	0.0	0.0	0.0	0.0	3	1.0078387801848838	-0.8619502442258253	230.0	33	1.05	0.95				
	313	2	99.38547930877192	20.252135406315787	0.0	0.0	3	1.0053201568497965	2.1689965721032656	230.0	34	1.05	0.95				
	314	2	72.75767164491226	14.626542237894736	0.0	0.0	3	0.9920436576992223	-0.5005339646910965	230.0	36	1.05	0.95				
	315	2	118.8875356259649	24.002530851929823	0.0	0.0	3	1.0132382403798796	0.0013609413932546815	230.0	36	1.05	0.95				
	316	2	37.50395445614035	7.500790891228071	0.0	0.0	3	1.011960872492411	0.45918195765571346	230.0	36	1.05	0.95				
	317	1	0.0	0.0	0.0	0.0	3	1.020687379282071	2.1954113821219394	230.0	37	1.05	0.95				
	318	2	124.88816833894735	25.50268903017544	0.0	0.0	3	1.019072861690033	1.2181442902682915	230.0	37	1.05	0.95				
	319	1	67.88215756561404	13.876463148771927	0.0	0.0	3	1.0114807403009929	1.3640353036753492	230.0	35	1.05	0.95				
	320	1	48.005061703859646	9.75102815859649	0.0	0.0	3	1.0116089396168324	2.083538622648907	230.0	35	1.05	0.95				
	321	2	0.0	0.0	0.0	0.0	3	1.01929028538248	1.3936229570213372	230.0	37	1.05	0.95				
	322	2	0.0	0.0	0.0	0.0	3	1.033522825281639	6.15450902774742	230.0	37	1.05	0.95				
	323	2	0.0	0.0	0.0	0.0	3	1.011876130776104	2.648759661091396	230.0	35	1.05	0.95				
	324	1	0.0	0.0	0.0	0.0	3	1.009300477408719	-0.902634241412267	230.0	36	1.05	0.95				
	325	1	0.0	0.0	0.0	0.0	3	1.0131306983041901	3.4800831229857665	230.0	35	1.05	0.95				
];
