%% MATPOWER Case Format : Version 2
function mpc = RTS_GMLC
mpc.version = '2';

%%-----  Power Flow Data  -----%%
%% system MVA base
mpc.baseMVA = 100.0;
%% bus data
%    bus_i    type    Pd    Qd    Gs    Bs    area    Vm    Va    baseKV    zone    Vmax    Vmin
mpc.bus = [
	101	2	71.76843147789475	14.619495301052632	0.0	0.0	1	1.0333822417898604	0.12209397232085019	138.0	11	1.05	0.95				
	102	2	64.45868382736842	13.290450273684213	0.0	0.0	1	1.0333503376458817	0.05465698518929309	138.0	12	1.05	0.95				
	103	1	119.6140524631579	24.587333006315788	0.0	0.0	1	1.0226473687193807	-0.3403049364555403	138.0	11	1.05	0.95				
	104	1	49.174666012631576	9.967837705263157	0.0	0.0	1	1.0175867814116728	-3.0651863767789744	138.0	11	1.05	0.95				
	105	1	47.18109847157895	9.303315191578948	0.0	0.0	1	1.0326789394019922	-3.0857037554036215	138.0	11	1.05	0.95				
	106	1	90.37506186105264	18.606630383157896	0.0	-100.0	1	1.0387000462566052	-5.492082007052588	138.0	12	1.05	0.95				
	107	2	83.06531421052632	16.613062842105265	0.0	0.0	1	1.0393002263076716	-3.011841058595251	138.0	12	1.05	0.95				
	108	1	113.63334984	23.25828797894737	0.0	0.0	1	1.021737432861091	-5.323804456483038	138.0	12	1.05	0.95				
	109	1	116.29143989473685	23.92281049263158	0.0	0.0	1	1.0258998789415261	-2.9305786092283133	138.0	13	1.05	0.95				
	110	1	129.58189016842107	26.580900547368426	0.0	0.0	1	1.05	-4.243364874299457	138.0	13	1.05	0.95				
	111	1	0.0	0.0	0.0	0.0	1	1.0118367449273744	-0.4849406662173493	230.0	13	1.05	0.95				
	112	1	0.0	0.0	0.0	0.0	1	1.0141509717286685	-0.1821306014351446	230.0	13	1.05	0.95				
	113	3	176.0984661263158	35.884215738947375	0.0	0.0	1	1.0080156232065456	-2.2702945580188468e-28	230.0	14	1.05	0.95				
	114	2	128.91736765473684	25.91637803368421	0.0	0.0	1	1.0158140140201621	2.251262402018449	230.0	16	1.05	0.95				
	115	2	210.65363683789477	42.529440875789476	0.0	0.0	1	1.044422461747582	10.923458488752091	230.0	16	1.05	0.95				
	116	2	66.45225136842106	13.290450273684213	0.0	0.0	1	1.041202288843234	10.108055723381534	230.0	16	1.05	0.95				
	117	1	0.0	0.0	0.0	0.0	1	1.0430136721472203	14.043372114123695	230.0	17	1.05	0.95				
	118	2	221.28599705684212	45.18753093052632	0.0	0.0	1	1.0493706441226365	13.846942204394187	230.0	17	1.05	0.95				
	119	1	120.27857497684211	24.587333006315788	0.0	0.0	1	1.0342157751534244	7.877811971597357	230.0	15	1.05	0.95				
	120	1	85.05888175157895	17.277585355789473	0.0	0.0	1	1.034530161940582	7.196890215893523	230.0	15	1.05	0.95				
	121	2	0.0	0.0	0.0	0.0	1	1.05	15.22665621116707	230.0	17	1.05	0.95				
	122	2	0.0	0.0	0.0	0.0	1	1.05	31.64978756107022	230.0	17	1.05	0.95				
	123	2	0.0	0.0	0.0	0.0	1	1.036272687088027	7.319753092914605	230.0	15	1.05	0.95				
	124	1	0.0	0.0	0.0	0.0	1	1.0221634737068221	6.748624109872006	230.0	16	1.05	0.95				
	201	2	65.1093971494737	13.263025345263157	0.0	0.0	2	1.032287561642395	-10.157140110055682	138.0	21	1.05	0.95				
	202	2	58.4778844768421	12.057295768421053	0.0	0.0	2	1.0324137732302736	-10.244175565547199	138.0	22	1.05	0.95				
	203	1	108.51566191578948	22.305997171578948	0.0	0.0	2	1.02546870257382	-7.746024213291043	138.0	21	1.05	0.95				
	204	1	44.611994343157896	9.042971826315789	0.0	0.0	2	1.0178634735058476	-12.441379094905036	138.0	21	1.05	0.95				
	205	1	42.803399977894735	8.440107037894737	0.0	0.0	2	1.0332968770003836	-12.764992006867429	138.0	21	1.05	0.95				
	206	1	81.98961122526316	16.880214075789475	0.0	-100.0	2	1.040646625676873	-14.799905920258054	138.0	22	1.05	0.95				
	207	2	75.35809855263157	15.071619710526315	0.0	0.0	2	0.9873230846851687	-23.873845111993642	138.0	22	1.05	0.95				
	208	1	103.08987882	21.10026759473684	0.0	0.0	2	0.9879921156920599	-20.97779964375375	138.0	22	1.05	0.95				
	209	1	105.50133797368422	21.703132383157893	0.0	0.0	2	1.0244351778431255	-11.791390006438908	138.0	23	1.05	0.95				
	210	1	117.55863374210527	24.114591536842106	0.0	0.0	2	1.05	-13.503240789138678	138.0	23	1.05	0.95				
	211	1	0.0	0.0	0.0	0.0	2	1.0158190134165117	-8.52786800795551	230.0	23	1.05	0.95				
	212	1	0.0	0.0	0.0	0.0	2	1.0153451287741526	-7.524358797811515	230.0	23	1.05	0.95				
	213	2	159.75916893157893	32.55469857473685	0.0	0.0	2	1.016355641638319	-7.17336868202669	230.0	24	1.05	0.95				
	214	2	116.9557689536842	23.51172674842105	0.0	0.0	2	1.0240615868977168	-5.593650773375416	230.0	26	1.05	0.95				
	215	2	191.10813792947368	38.58334645894737	0.0	0.0	2	1.0382743315632297	2.2432525737791096	230.0	26	1.05	0.95				
	216	2	60.28647884210526	12.057295768421053	0.0	0.0	2	1.0410530252904486	2.2113366490485653	230.0	26	1.05	0.95				
	217	1	0.0	0.0	0.0	0.0	2	1.0439039053942019	5.233220906515581	230.0	27	1.05	0.95				
	218	2	200.75397454421054	40.99480561263158	0.0	0.0	2	1.0451577660120124	5.6102051766199175	230.0	27	1.05	0.95				
	219	1	109.11852670421052	22.305997171578948	0.0	0.0	2	1.040986437463947	1.7698355634824565	230.0	25	1.05	0.95				
	220	1	77.16669291789474	15.674484498947368	0.0	0.0	2	1.045750931079443	2.522530642281111	230.0	25	1.05	0.95				
	221	2	0.0	0.0	0.0	0.0	2	1.0447847951140075	5.329287443989418	230.0	27	1.05	0.95				
	222	2	0.0	0.0	0.0	0.0	2	1.05	11.798803508876807	230.0	27	1.05	0.95				
	223	2	0.0	0.0	0.0	0.0	2	1.049896246402566	3.3737025299620087	230.0	25	1.05	0.95				
	224	1	0.0	0.0	0.0	0.0	2	1.0210302476680098	-1.4890566448815017	230.0	26	1.05	0.95				
	301	2	65.46282821052631	13.335020561403507	0.0	0.0	3	1.0129950231964329	-19.057928876715955	138.0	31	1.05	0.95				
	302	2	58.795317929824556	12.12274596491228	0.0	0.0	3	1.0118012595783166	-19.318646538157648	138.0	32	1.05	0.95				
	303	1	109.10471368421054	22.42708003508772	0.0	0.0	3	1.0396048605552934	-7.349010026523102	138.0	31	1.05	0.95				
	304	1	44.85416007017544	9.092059473684209	0.0	0.0	3	1.009125879138081	-17.345564446261772	138.0	31	1.05	0.95				
	305	1	43.03574817543859	8.485922175438597	0.0	0.0	3	1.0235703546086417	-19.027138733625076	138.0	31	1.05	0.95				
	306	1	82.43467256140352	16.971844350877195	0.0	-100.0	3	1.0361670235116525	-19.680717932764246	138.0	32	1.05	0.95				
	307	2	75.76716228070175	15.15343245614035	0.0	0.0	3	0.9919215355101954	-26.445985463953516	138.0	32	1.05	0.95				
	308	1	103.64947799999999	21.21480543859649	0.0	0.0	3	0.9911424207583615	-23.534693189916748	138.0	32	1.05	0.95				
	309	1	106.07402719298244	21.820942736842103	0.0	0.0	3	1.0281447085666366	-13.264886999575188	138.0	33	1.05	0.95				
	310	1	118.19677315789474	24.24549192982456	0.0	0.0	3	1.05	-17.05229915513613	138.0	33	1.05	0.95				
	311	1	0.0	0.0	0.0	0.0	3	1.0194937313187071	-9.75502154158004	230.0	33	1.05	0.95				
	312	1	0.0	0.0	0.0	0.0	3	1.0186278643928148	-9.369300595787454	230.0	33	1.05	0.95				
	313	2	160.6263840350877	32.731414105263156	0.0	0.0	3	1.025026834401892	-6.596448998368072	230.0	34	1.05	0.95				
	314	2	117.59063585964911	23.63935463157895	0.0	0.0	3	1.030802280223317	-7.155027376575177	230.0	36	1.05	0.95				
	315	2	192.14552354385964	38.7927870877193	0.0	0.0	3	1.0474394780950715	0.13117671190475202	230.0	36	1.05	0.95				
	316	2	60.6137298245614	12.12274596491228	0.0	0.0	3	1.0461362368536344	0.19252799141889318	230.0	36	1.05	0.95				
	317	1	0.0	0.0	0.0	0.0	3	1.05	4.463083639253571	230.0	37	1.05	0.95				
	318	2	201.84372031578945	41.21733628070176	0.0	0.0	3	1.0457155274601426	3.469221324374372	230.0	37	1.05	0.95				
	319	1	109.71085098245614	22.42708003508772	0.0	0.0	3	1.0415832332393353	-1.581450984827305	230.0	35	1.05	0.95				
	320	1	77.5855741754386	15.759569754385966	0.0	0.0	3	1.0429391619215096	-1.985367319152145	230.0	35	1.05	0.95				
	321	2	0.0	0.0	0.0	0.0	3	1.0496400362601281	3.894593463925552	230.0	37	1.05	0.95				
	322	2	0.0	0.0	0.0	0.0	3	1.05	8.464926566205033	230.0	37	1.05	0.95				
	323	2	0.0	0.0	0.0	0.0	3	1.0449612181684256	-1.760258899669074	230.0	35	1.05	0.95				
	324	1	0.0	0.0	0.0	0.0	3	1.034753680687705	-2.6737553118510733	230.0	36	1.05	0.95				
	325	1	0.0	0.0	0.0	0.0	3	1.0398111041073057	-0.3637544766304395	230.0	35	1.05	0.95				
];
