%% MATPOWER Case Format : Version 2
function mpc = RTS_GMLC
mpc.version = '2';

%%-----  Power Flow Data  -----%%
%% system MVA base
mpc.baseMVA = 100.0;
%% bus data
%    bus_i    type    Pd    Qd    Gs    Bs    area    Vm    Va    baseKV    zone    Vmax    Vmin
mpc.bus = [
	101	2	40.773874320000004	8.305789213333334	0.0	0.0	1	1.0022647718947306	-2.0475110368997957	138.0	11	1.05	0.95				
	102	2	36.62097971333333	7.550717466666668	0.0	0.0	1	1.0014932771883516	-2.341378702663521	138.0	12	1.05	0.95				
	103	1	67.9564572	13.968827313333332	0.0	0.0	1	1.0263552605405566	2.360201948864888	138.0	11	1.05	0.95				
	104	1	27.937654626666664	5.6630381	0.0	0.0	1	1.010640987768151	-2.7472655551067438	138.0	11	1.05	0.95				
	105	1	26.805047006666666	5.285502226666667	0.0	0.0	1	1.021377409094821	-3.628111170238932	138.0	11	1.05	0.95				
	106	1	51.344878773333335	10.571004453333334	0.0	-100.0	1	1.0400326163012683	-4.967216434416419	138.0	12	1.05	0.95				
	107	2	47.191984166666664	9.438396833333334	0.0	0.0	1	0.9835518164970586	-10.425305968668502	138.0	12	1.05	0.95				
	108	1	64.55863434	13.213755566666666	0.0	0.0	1	0.9955185062273716	-8.458286825618876	138.0	12	1.05	0.95				
	109	1	66.06877783333334	13.591291440000001	0.0	0.0	1	1.025250601912302	-2.1465475852352567	138.0	13	1.05	0.95				
	110	1	73.6194953	15.101434933333335	0.0	0.0	1	1.05	-3.968094785294632	138.0	13	1.05	0.95				
	111	1	0.0	0.0	0.0	0.0	1	1.0165017724656518	0.45096019690298794	230.0	13	1.05	0.95				
	112	1	0.0	0.0	0.0	0.0	1	1.0126540957083703	-0.7972781606177254	230.0	13	1.05	0.95				
	113	3	100.04700643333334	20.386937160000002	0.0	0.0	1	0.9937072075792265	-2.0083862112138917e-28	230.0	14	1.05	0.95				
	114	2	73.24195942666665	14.72389906	0.0	0.0	1	1.0442941284732916	4.274617904791483	230.0	16	1.05	0.95				
	115	2	119.67887184666665	24.162295893333333	0.0	0.0	1	1.0422659137677133	14.011275697742159	230.0	16	1.05	0.95				
	116	2	37.753587333333336	7.550717466666668	0.0	0.0	1	1.0422711849778301	12.117967793166041	230.0	16	1.05	0.95				
	117	1	0.0	0.0	0.0	0.0	1	1.0410258757605397	18.301070036739493	230.0	17	1.05	0.95				
	118	2	125.71944582	25.672439386666667	0.0	0.0	1	1.05	18.99139912597085	230.0	17	1.05	0.95				
	119	1	68.33399307333333	13.968827313333332	0.0	0.0	1	1.038512886926606	7.71508603521777	230.0	15	1.05	0.95				
	120	1	48.324591786666666	9.815932706666667	0.0	0.0	1	1.0416984165369263	4.430521842504714	230.0	15	1.05	0.95				
	121	2	0.0	0.0	0.0	0.0	1	1.0435007644217378	20.438787036087962	230.0	17	1.05	0.95				
	122	2	0.0	0.0	0.0	0.0	1	1.05	38.39797597681652	230.0	17	1.05	0.95				
	123	2	0.0	0.0	0.0	0.0	1	1.0446462451683247	2.9144465325737254	230.0	15	1.05	0.95				
	124	1	0.0	0.0	0.0	0.0	1	1.021717121124549	9.667807448040303	230.0	16	1.05	0.95				
	201	2	42.99260191578947	8.757752242105262	0.0	0.0	2	1.0139595657237113	-15.64840880742654	138.0	21	1.05	0.95				
	202	2	38.613725794736844	7.9615929473684215	0.0	0.0	2	1.0131686132832602	-15.929928762608052	138.0	22	1.05	0.95				
	203	1	71.65433652631579	14.728946952631578	0.0	0.0	2	1.0113828256157111	-11.710505804988719	138.0	21	1.05	0.95				
	204	1	29.457893905263155	5.971194710526316	0.0	0.0	2	1.0118607004622233	-15.508189976242289	138.0	21	1.05	0.95				
	205	1	28.26365496315789	5.573115063157895	0.0	0.0	2	1.0271739644595022	-15.939564324026056	138.0	21	1.05	0.95				
	206	1	54.138832042105264	11.14623012631579	0.0	-100.0	2	1.0426042275637795	-16.608048889881168	138.0	22	1.05	0.95				
	207	2	49.75995592105264	9.951991184210526	0.0	0.0	2	0.996821566457581	-21.361038982047624	138.0	22	1.05	0.95				
	208	1	68.0716197	13.932787657894735	0.0	0.0	2	1.0021170917376938	-19.572069304870624	138.0	22	1.05	0.95				
	209	1	69.66393828947368	14.330867305263157	0.0	0.0	2	1.0221677222677112	-13.510208511564025	138.0	23	1.05	0.95				
	210	1	77.62553123684211	15.923185894736843	0.0	0.0	2	1.05	-14.949060472414345	138.0	23	1.05	0.95				
	211	1	0.0	0.0	0.0	0.0	2	1.0047486534686572	-11.146115038584853	230.0	23	1.05	0.95				
	212	1	0.0	0.0	0.0	0.0	2	1.0084575217109175	-8.82679102728839	230.0	23	1.05	0.95				
	213	2	105.49110655263159	21.496300957894736	0.0	0.0	2	0.9973728410312408	-9.82660606934019	230.0	24	1.05	0.95				
	214	2	77.22745158947369	15.525106247368422	0.0	0.0	2	1.0062925019950257	-9.095551931637576	230.0	26	1.05	0.95				
	215	2	126.19124821578947	25.477097431578947	0.0	0.0	2	1.023300231157487	-2.7018603575717806	230.0	26	1.05	0.95				
	216	2	39.8079647368421	7.9615929473684215	0.0	0.0	2	1.0237645587407862	-3.77021557968623	230.0	26	1.05	0.95				
	217	1	0.0	0.0	0.0	0.0	2	1.0324032297421044	-1.4278294580422215	230.0	27	1.05	0.95				
	218	2	132.5605225736842	27.069416021052632	0.0	0.0	2	1.0313917419312877	-1.871411078992595	230.0	27	1.05	0.95				
	219	1	72.05241617368421	14.728946952631578	0.0	0.0	2	1.0193716759675933	-4.718664120803126	230.0	25	1.05	0.95				
	220	1	50.954194863157895	10.350070831578947	0.0	0.0	2	1.0182205459959361	-4.757823976820992	230.0	25	1.05	0.95				
	221	2	0.0	0.0	0.0	0.0	2	1.0317137412820647	-1.3494234568329284	230.0	27	1.05	0.95				
	222	2	0.0	0.0	0.0	0.0	2	1.05	5.114302454589242	230.0	27	1.05	0.95				
	223	2	0.0	0.0	0.0	0.0	2	1.0180194395091204	-4.466701947643847	230.0	25	1.05	0.95				
	224	1	0.0	0.0	0.0	0.0	2	1.0076917058784063	-6.068204087382444	230.0	26	1.05	0.95				
	301	2	62.319519132631584	12.694716860350876	0.0	0.0	3	1.009811923254141	-3.809744217230391	138.0	31	1.05	0.95				
	302	2	55.972160702456144	11.54065169122807	0.0	0.0	3	1.0090429894217308	-3.9662244762895478	138.0	32	1.05	0.95				
	303	1	103.86586522105263	21.350205628771928	0.0	0.0	3	1.0344955979737849	4.220592685486101	138.0	31	1.05	0.95				
	304	1	42.700411257543855	8.655488768421051	0.0	0.0	3	1.009293294005157	-1.8284865009141718	138.0	31	1.05	0.95				
	305	1	40.969313503859645	8.07845618385965	0.0	0.0	3	1.0221175949688488	-3.1816085243269123	138.0	31	1.05	0.95				
	306	1	78.47643150035088	16.1569123677193	0.0	-100.0	3	1.036289770270456	-3.4700033031631166	138.0	32	1.05	0.95				
	307	2	72.12907307017544	14.425814614035087	0.0	0.0	3	0.9957101030710285	-8.443687683710642	138.0	32	1.05	0.95				
	308	1	98.67257196	20.19614045964912	0.0	0.0	3	0.999176753511963	-5.770285131249331	138.0	32	1.05	0.95				
	309	1	100.9807022982456	20.773173044210523	0.0	0.0	3	1.0297702166393132	2.2561201481733413	138.0	33	1.05	0.95				
	310	1	112.52135398947367	23.08130338245614	0.0	0.0	3	1.05	-0.7010097750513469	138.0	33	1.05	0.95				
	311	1	0.0	0.0	0.0	0.0	3	1.0128436418946853	5.170856147732822	230.0	33	1.05	0.95				
	312	1	0.0	0.0	0.0	0.0	3	1.0144312922069814	5.859519556540323	230.0	33	1.05	0.95				
	313	2	152.9136349087719	31.159759566315792	0.0	0.0	3	1.0133528153642077	8.509502896292318	230.0	34	1.05	0.95				
	314	2	111.94432140491229	22.504270797894737	0.0	0.0	3	1.0171060964566787	6.71920364831883	230.0	36	1.05	0.95				
	315	2	182.9193293059649	36.930085411929824	0.0	0.0	3	1.0399648054850181	8.144630981026413	230.0	36	1.05	0.95				
	316	2	57.70325845614035	11.54065169122807	0.0	0.0	3	1.0387278377810547	8.92034650574027	230.0	36	1.05	0.95				
	317	1	0.0	0.0	0.0	0.0	3	1.0499999613302906	12.178015520967401	230.0	37	1.05	0.95				
	318	2	192.15185065894738	39.23821575017544	0.0	0.0	3	1.0457989946526152	9.238143692079232	230.0	37	1.05	0.95				
	319	1	104.44289780561404	21.350205628771928	0.0	0.0	3	1.031892095515389	9.292570634274675	230.0	35	1.05	0.95				
	320	1	73.86017082385965	15.002847198596491	0.0	0.0	3	1.0283807575449249	9.81733964464169	230.0	35	1.05	0.95				
	321	2	0.0	0.0	0.0	0.0	3	1.04488874764117	9.525801225032012	230.0	37	1.05	0.95				
	322	2	0.0	0.0	0.0	0.0	3	1.05	14.908480186579208	230.0	37	1.05	0.95				
	323	2	0.0	0.0	0.0	0.0	3	1.0268936822913626	10.18878380223171	230.0	35	1.05	0.95				
	324	1	0.0	0.0	0.0	0.0	3	1.0332519466094985	7.949704935796655	230.0	36	1.05	0.95				
	325	1	0.0	0.0	0.0	0.0	3	1.026104517443994	11.058208626355997	230.0	35	1.05	0.95				
];
