%% MATPOWER Case Format : Version 2
function mpc = RTS_GMLC
mpc.version = '2';

%%-----  Power Flow Data  -----%%
%% system MVA base
mpc.baseMVA = 100.0;
%% bus data
%    bus_i    type    Pd    Qd    Gs    Bs    area    Vm    Va    baseKV    zone    Vmax    Vmin
mpc.bus = [
	101	2	44.11380505263158	8.986145473684209	0.0	0.0	1	1.0211121634608111	-3.0963638973766168	138.0	11	1.05	0.95				
	102	2	39.62073231578947	8.169223157894736	0.0	0.0	1	1.020215028833132	-3.3201872261500274	138.0	12	1.05	0.95				
	103	1	73.52300842105262	15.113062842105263	0.0	0.0	1	1.0320961017475292	-0.22274367161308742	138.0	11	1.05	0.95				
	104	1	30.226125684210526	6.126917368421052	0.0	0.0	1	1.020106867150517	-3.6887431890158036	138.0	11	1.05	0.95				
	105	1	29.000742210526308	5.718456210526316	0.0	0.0	1	1.0305773086091277	-4.7589497919358985	138.0	11	1.05	0.95				
	106	1	55.55071747368421	11.436912421052632	0.0	-100.0	1	1.0436963174477536	-6.158012827826858	138.0	12	1.05	0.95				
	107	2	51.0576447368421	10.21152894736842	0.0	0.0	1	1.0022428595341883	-9.740677107826032	138.0	12	1.05	0.95				
	108	1	69.84685799999998	14.296140526315787	0.0	0.0	1	1.0064861808668712	-8.715600703833132	138.0	12	1.05	0.95				
	109	1	71.48070263157894	14.704601684210525	0.0	0.0	1	1.0255218715715746	-3.489269129356902	138.0	13	1.05	0.95				
	110	1	79.64992578947367	16.338446315789472	0.0	0.0	1	1.05	-5.122956013037735	138.0	13	1.05	0.95				
	111	1	0.0	0.0	0.0	0.0	1	1.0045004234902586	-1.290314686472833	230.0	13	1.05	0.95				
	112	1	0.0	0.0	0.0	0.0	1	1.007777677174025	-1.653815012325064	230.0	13	1.05	0.95				
	113	3	108.24220684210526	22.05690252631579	0.0	0.0	1	0.9976071332888796	5.937312238809326e-31	230.0	14	1.05	0.95				
	114	2	79.24146463157894	15.929985157894736	0.0	0.0	1	1.0035719618637946	0.7382530776970984	230.0	16	1.05	0.95				
	115	2	129.48218705263156	26.14151410526316	0.0	0.0	1	1.0368571279799454	7.127385293886676	230.0	16	1.05	0.95				
	116	2	40.84611578947368	8.169223157894736	0.0	0.0	1	1.0323439966712327	5.985079752678927	230.0	16	1.05	0.95				
	117	1	0.0	0.0	0.0	0.0	1	1.040076681505761	9.614622581353181	230.0	17	1.05	0.95				
	118	2	136.01756557894734	27.775358736842104	0.0	0.0	1	1.0440284844059247	10.514388157992638	230.0	17	1.05	0.95				
	119	1	73.93146957894736	15.113062842105263	0.0	0.0	1	1.021938115486419	3.750950551246329	230.0	15	1.05	0.95				
	120	1	52.28302821052632	10.619990105263158	0.0	0.0	1	1.0155926782794462	2.0496115591092283	230.0	15	1.05	0.95				
	121	2	0.0	0.0	0.0	0.0	1	1.0462204806446924	11.779476599690614	230.0	17	1.05	0.95				
	122	2	0.0	0.0	0.0	0.0	1	1.05	17.43806020664376	230.0	17	1.05	0.95				
	123	2	0.0	0.0	0.0	0.0	1	1.012699999323626	1.4288292671153	230.0	15	1.05	0.95				
	124	1	0.0	0.0	0.0	0.0	1	1.0255563231878821	4.362169520294439	230.0	16	1.05	0.95				
	201	2	42.431607132631584	8.643475527017545	0.0	0.0	2	1.0155698851452593	-9.89322577160372	138.0	21	1.05	0.95				
	202	2	38.109869369122805	7.857705024561404	0.0	0.0	2	1.0147533769962518	-10.118536850761084	138.0	22	1.05	0.95				
	203	1	70.71934522105263	14.536754295438595	0.0	0.0	2	1.014764179771907	-7.811053191521078	138.0	21	1.05	0.95				
	204	1	29.07350859087719	5.893278768421053	0.0	0.0	2	1.0134511862915874	-9.560609958561987	138.0	21	1.05	0.95				
	205	1	27.89485283719298	5.5003935171929825	0.0	0.0	2	1.028006824090035	-9.829257292521213	138.0	21	1.05	0.95				
	206	1	53.43239416701755	11.000787034385965	0.0	-100.0	2	1.0431564229117851	-10.290668033885945	138.0	22	1.05	0.95				
	207	2	49.11065640350877	9.822131280701754	0.0	0.0	2	0.9985316162677035	-15.010591359401948	138.0	22	1.05	0.95				
	208	1	67.18337796	13.750983792982455	0.0	0.0	2	1.003653705596112	-13.249374415023459	138.0	22	1.05	0.95				
	209	1	68.75491896491228	14.143869044210525	0.0	0.0	2	1.0236248431940043	-7.477698118289244	138.0	23	1.05	0.95				
	210	1	76.61262398947369	15.715410049122807	0.0	0.0	2	1.05	-8.500550175732759	138.0	23	1.05	0.95				
	211	1	0.0	0.0	0.0	0.0	2	1.0018215859502972	-5.485732477089877	230.0	23	1.05	0.95				
	212	1	0.0	0.0	0.0	0.0	2	1.0088676878856302	-1.0894472624475788	230.0	23	1.05	0.95				
	213	2	104.11459157543858	21.215803566315792	0.0	0.0	2	0.9953641900095634	-3.557372693725519	230.0	24	1.05	0.95				
	214	2	76.21973873824561	15.322524797894738	0.0	0.0	2	0.9972187636015335	-4.516156400685146	230.0	26	1.05	0.95				
	215	2	124.54462463929823	25.14465607859649	0.0	0.0	2	1.0158041489662102	0.09828787306123782	230.0	26	1.05	0.95				
	216	2	39.288525122807016	7.857705024561404	0.0	0.0	2	1.0137286940926435	-0.7199102361046279	230.0	26	1.05	0.95				
	217	1	0.0	0.0	0.0	0.0	2	1.0200472707677772	0.7185802291651318	230.0	27	1.05	0.95				
	218	2	130.83078865894737	26.716197083508774	0.0	0.0	2	1.0197768868043076	0.4490492635967161	230.0	27	1.05	0.95				
	219	1	71.1122304722807	14.536754295438595	0.0	0.0	2	1.0112896970414673	-1.1363446685787293	230.0	25	1.05	0.95				
	220	1	50.28931215719298	10.215016531929825	0.0	0.0	2	1.0117146577863783	-0.7080581033587958	230.0	25	1.05	0.95				
	221	2	0.0	0.0	0.0	0.0	2	1.0219871960978857	1.1327367457821307	230.0	27	1.05	0.95				
	222	2	0.0	0.0	0.0	0.0	2	1.043767875999527	7.539295372580746	230.0	27	1.05	0.95				
	223	2	0.0	0.0	0.0	0.0	2	1.0124776216671896	-0.16067228848346846	230.0	25	1.05	0.95				
	224	1	0.0	0.0	0.0	0.0	2	1.0055297321820809	-2.8904103057744677	230.0	26	1.05	0.95				
	301	2	65.44574503578949	13.331540655438598	0.0	0.0	3	0.996652188157576	10.231155738601181	138.0	31	1.05	0.95				
	302	2	58.779974708070185	12.119582414035088	0.0	0.0	3	0.9959865990709186	10.081303485612871	138.0	32	1.05	0.95				
	303	1	109.0762417263158	22.421227465964915	0.0	0.0	3	1.0332516016888618	17.205345504709616	138.0	31	1.05	0.95				
	304	1	44.84245493192983	9.089686810526317	0.0	0.0	3	1.0030234578817636	12.005641104772149	138.0	31	1.05	0.95				
	305	1	43.02451756982456	8.483707689824563	0.0	0.0	3	1.014677665417309	11.27143097581321	138.0	31	1.05	0.95				
	306	1	82.4131604154386	16.967415379649125	0.0	-100.0	3	1.0320938255058656	11.174020702405878	138.0	32	1.05	0.95				
	307	2	75.7473900877193	15.14947801754386	0.0	0.0	3	0.9903109257494823	8.105557718718988	138.0	32	1.05	0.95				
	308	1	103.62242964000001	21.209269224561403	0.0	0.0	3	1.0018968433487907	10.801209595878637	138.0	32	1.05	0.95				
	309	1	106.04634612280704	21.815248345263157	0.0	0.0	3	1.0300405916488993	16.029288692481124	138.0	33	1.05	0.95				
	310	1	118.16592853684212	24.239164828070177	0.0	0.0	3	1.05	14.254291745426945	138.0	33	1.05	0.95				
	311	1	0.0	0.0	0.0	0.0	3	1.015133315044873	19.29508194374931	230.0	33	1.05	0.95				
	312	1	0.0	0.0	0.0	0.0	3	1.0213877279681	20.55609691722442	230.0	33	1.05	0.95				
	313	2	160.58446698596492	32.72287251789474	0.0	0.0	3	1.029132103153053	25.877718642227254	230.0	34	1.05	0.95				
	314	2	117.55994941614037	23.633185707368423	0.0	0.0	3	1.0135519876114856	17.673700238388562	230.0	36	1.05	0.95				
	315	2	192.09538126245616	38.78266372491228	0.0	0.0	3	1.0367625287390803	11.943489380012254	230.0	36	1.05	0.95				
	316	2	60.59791207017544	12.119582414035088	0.0	0.0	3	1.0350408537928741	12.887438165028062	230.0	36	1.05	0.95				
	317	1	0.0	0.0	0.0	0.0	3	1.0386722051738906	11.520215821158853	230.0	37	1.05	0.95				
	318	2	201.79104719368422	41.2065802077193	0.0	0.0	3	1.036664930170078	9.9796675848212	230.0	37	1.05	0.95				
	319	1	109.68222084701755	22.421227465964915	0.0	0.0	3	1.0332547778269532	15.595180862371608	230.0	35	1.05	0.95				
	320	1	77.56532744982457	15.755457138245616	0.0	0.0	3	1.0341068460998266	17.471356419196546	230.0	35	1.05	0.95				
	321	2	0.0	0.0	0.0	0.0	3	1.0385431281081883	11.212453847966321	230.0	37	1.05	0.95				
	322	2	0.0	0.0	0.0	0.0	3	1.049999981960721	15.645641990743623	230.0	37	1.05	0.95				
	323	2	0.0	0.0	0.0	0.0	3	1.03424683795453	18.05282521061336	230.0	35	1.05	0.95				
	324	1	0.0	0.0	0.0	0.0	3	1.0355960267813478	16.07865118028591	230.0	36	1.05	0.95				
	325	1	0.0	0.0	0.0	0.0	3	1.036721859431465	17.525212198959395	230.0	35	1.05	0.95				
];
