%% MATPOWER Case Format : Version 2
function mpc = RTS_GMLC
mpc.version = '2';

%%-----  Power Flow Data  -----%%
%% system MVA base
mpc.baseMVA = 100.0;
%% bus data
%    bus_i    type    Pd    Qd    Gs    Bs    area    Vm    Va    baseKV    zone    Vmax    Vmin
mpc.bus = [
	101	2	41.21474517473685	8.395596239298246	0.0	0.0	1	1.0356256824738774	2.9518610732442148	138.0	11	1.05	0.95				
	102	2	37.01694705508772	7.63236021754386	0.0	0.0	1	1.0333798134623318	2.346701349454706	138.0	12	1.05	0.95				
	103	1	68.69124195789475	14.119866402456141	0.0	0.0	1	1.0340654965863723	1.8231435934552949	138.0	11	1.05	0.95				
	104	1	28.239732804912283	5.724270163157895	0.0	0.0	1	1.0255886677523742	-0.18400458172430512	138.0	11	1.05	0.95				
	105	1	27.0948787722807	5.342652152280703	0.0	0.0	1	1.037195905658947	-0.5744234803683359	138.0	11	1.05	0.95				
	106	1	51.90004947929825	10.685304304561406	0.0	-100.0	1	1.046617497545354	-3.064928273794005	138.0	12	1.05	0.95				
	107	2	47.702251359649125	9.540450271929824	0.0	0.0	1	1.001082914398431	-10.315707003348749	138.0	12	1.05	0.95				
	108	1	65.25667986	13.356630380701754	0.0	0.0	1	1.0052588819916608	-8.13984800203019	138.0	12	1.05	0.95				
	109	1	66.78315190350878	13.738248391578948	0.0	0.0	1	1.024951889714329	-1.8874805145592581	138.0	13	1.05	0.95				
	110	1	74.41551212105263	15.26472043508772	0.0	0.0	1	1.05	-2.9559313403028975	138.0	13	1.05	0.95				
	111	1	0.0	0.0	0.0	0.0	1	1.0024546488234647	-0.4703651277380406	230.0	13	1.05	0.95				
	112	1	0.0	0.0	0.0	0.0	1	1.0079267410328285	-0.88785290352436	230.0	13	1.05	0.95				
	113	3	101.12877288245615	20.607372587368424	0.0	0.0	1	0.9947070641874137	-4.866487357646083e-29	230.0	14	1.05	0.95				
	114	2	74.03389411017544	14.883102424210525	0.0	0.0	1	0.9973552321885202	1.2130751126106687	230.0	16	1.05	0.95				
	115	2	120.97290944807017	24.42355269614035	0.0	0.0	1	1.0343413366840981	6.886837137627737	230.0	16	1.05	0.95				
	116	2	38.1618010877193	7.63236021754386	0.0	0.0	1	1.0297848141597905	5.77737957938165	230.0	16	1.05	0.95				
	117	1	0.0	0.0	0.0	0.0	1	1.038312282200272	9.125366616575892	230.0	17	1.05	0.95				
	118	2	127.07879762210527	25.950024739649123	0.0	0.0	1	1.0422238329210927	9.849049841169872	230.0	17	1.05	0.95				
	119	1	69.07285996877194	14.119866402456141	0.0	0.0	1	1.0204193134531905	3.5316918044642915	230.0	15	1.05	0.95				
	120	1	48.8471053922807	9.922068282807018	0.0	0.0	1	1.0147355050496387	1.7873416301637353	230.0	15	1.05	0.95				
	121	2	0.0	0.0	0.0	0.0	1	1.0448359104794358	10.964425126087429	230.0	17	1.05	0.95				
	122	2	0.0	0.0	0.0	0.0	1	1.05	17.117700562966924	230.0	17	1.05	0.95				
	123	2	0.0	0.0	0.0	0.0	1	1.0121000509878737	1.1232356818147635	230.0	15	1.05	0.95				
	124	1	0.0	0.0	0.0	0.0	1	1.02686366142792	4.9752618458271	230.0	16	1.05	0.95				
	201	2	38.48764361684211	7.840075551578947	0.0	0.0	2	1.015949669939496	-16.237004853838645	138.0	21	1.05	0.95				
	202	2	34.567605841052625	7.1273414105263155	0.0	0.0	2	1.0149765678725369	-16.540955966368163	138.0	22	1.05	0.95				
	203	1	64.14607269473684	13.185581609473685	0.0	0.0	2	1.0163651807812089	-11.726282171224822	138.0	21	1.05	0.95				
	204	1	26.37116321894737	5.345506057894736	0.0	0.0	2	1.013407826288692	-16.36471270385473	138.0	21	1.05	0.95				
	205	1	25.30206200736842	4.989138987368421	0.0	0.0	2	1.0288059595625405	-16.839313094651885	138.0	21	1.05	0.95				
	206	1	48.46592159157895	9.978277974736843	0.0	-100.0	2	1.0441998823023795	-17.647655270701843	138.0	22	1.05	0.95				
	207	2	44.54588381578947	8.909176763157895	0.0	0.0	2	0.9975144523878662	-21.829188503298035	138.0	22	1.05	0.95				
	208	1	60.93876906	12.472847468421051	0.0	0.0	2	1.0040772921831014	-20.260203948196622	138.0	22	1.05	0.95				
	209	1	62.364237342105255	12.829214538947367	0.0	0.0	2	1.0217840565598622	-14.735904077806401	138.0	23	1.05	0.95				
	210	1	69.49157875263158	14.254682821052631	0.0	0.0	2	1.05	-16.294297573600506	138.0	23	1.05	0.95				
	211	1	0.0	0.0	0.0	0.0	2	1.0034683261432	-12.134995507200355	230.0	23	1.05	0.95				
	212	1	0.0	0.0	0.0	0.0	2	1.0048369299665616	-12.099182963928767	230.0	23	1.05	0.95				
	213	2	94.43727368947367	19.243821808421053	0.0	0.0	2	0.9950382347457417	-11.477939148378738	230.0	24	1.05	0.95				
	214	2	69.13521168210525	13.898315750526317	0.0	0.0	2	1.0060936385634733	-9.203640532735516	230.0	26	1.05	0.95				
	215	2	112.9683613568421	22.80749251368421	0.0	0.0	2	1.0218819894614135	-1.7183839350621384	230.0	26	1.05	0.95				
	216	2	35.63670705263158	7.1273414105263155	0.0	0.0	2	1.0213688186527483	-2.8906481145239398	230.0	26	1.05	0.95				
	217	1	0.0	0.0	0.0	0.0	2	1.0256157626730646	-0.9526748877269449	230.0	27	1.05	0.95				
	218	2	118.67023448526315	24.232960795789474	0.0	0.0	2	1.0256933054620743	-1.192379574796817	230.0	27	1.05	0.95				
	219	1	64.50243976526315	13.185581609473685	0.0	0.0	2	1.0174543072229465	-4.462298095100578	230.0	25	1.05	0.95				
	220	1	45.61498502736842	9.26554383368421	0.0	0.0	2	1.0165737349362551	-5.123435788632371	230.0	25	1.05	0.95				
	221	2	0.0	0.0	0.0	0.0	2	1.0279310351334519	-0.5767662562910715	230.0	27	1.05	0.95				
	222	2	0.0	0.0	0.0	0.0	2	1.0494293664386307	5.7728469369493745	230.0	27	1.05	0.95				
	223	2	0.0	0.0	0.0	0.0	2	1.0162880032301458	-5.206045331675082	230.0	25	1.05	0.95				
	224	1	0.0	0.0	0.0	0.0	2	1.0075385739768137	-5.484692737486914	230.0	26	1.05	0.95				
	301	2	52.63334386105264	10.721607082807019	0.0	0.0	3	1.002751371515432	-7.808970582779399	138.0	31	1.05	0.95				
	302	2	47.27254031964912	9.746915529824562	0.0	0.0	3	1.002570146964646	-7.874401777494565	138.0	32	1.05	0.95				
	303	1	87.72223976842105	18.031793730175437	0.0	0.0	3	1.019967637775515	-3.9319844347953308	138.0	31	1.05	0.95				
	304	1	36.063587460350874	7.31018664736842	0.0	0.0	3	1.0069852665082153	-6.186970098537892	138.0	31	1.05	0.95				
	305	1	34.60155013087719	6.822840870877194	0.0	0.0	3	1.0195320588851562	-6.609994424359494	138.0	31	1.05	0.95				
	306	1	66.27902560280702	13.645681741754387	0.0	-100.0	3	1.037257772278771	-6.50805761631899	138.0	32	1.05	0.95				
	307	2	60.918222061403505	12.183644412280701	0.0	0.0	3	0.9921612558797336	-11.683932625499398	138.0	32	1.05	0.95				
	308	1	83.33612778	17.05710217719298	0.0	0.0	3	0.9979662920394233	-9.461235312374153	138.0	32	1.05	0.95				
	309	1	85.28551088596491	17.54444795368421	0.0	0.0	3	1.0266969795692815	-2.8196948354721165	138.0	33	1.05	0.95				
	310	1	95.03242641578947	19.493831059649125	0.0	0.0	3	1.05	-3.8493410631240796	138.0	33	1.05	0.95				
	311	1	0.0	0.0	0.0	0.0	3	1.010969754441354	2.170757291130985	230.0	33	1.05	0.95				
	312	1	0.0	0.0	0.0	0.0	3	1.0155359348630089	3.2649538997893366	230.0	33	1.05	0.95				
	313	2	129.14663077017542	26.31667193052632	0.0	0.0	3	1.027292230280104	9.16025210483362	230.0	34	1.05	0.95				
	314	2	94.54508063929823	19.006485283157897	0.0	0.0	3	1.0094474575263888	1.5432556431984141	230.0	36	1.05	0.95				
	315	2	154.4886111477193	31.190129695438596	0.0	0.0	3	1.0249899038465118	-0.6601144142039067	230.0	36	1.05	0.95				
	316	2	48.734577649122805	9.746915529824562	0.0	0.0	3	1.0257961811911276	0.5194319113860117	230.0	36	1.05	0.95				
	317	1	0.0	0.0	0.0	0.0	3	1.0303664086028064	0.5947089828917276	230.0	37	1.05	0.95				
	318	2	162.28614357157895	33.13951280140351	0.0	0.0	3	1.0275487185822691	-0.6357129146791626	230.0	37	1.05	0.95				
	319	1	88.20958554491229	18.031793730175437	0.0	0.0	3	1.0269513418410365	3.353088831463033	230.0	35	1.05	0.95				
	320	1	62.38025939087719	12.67099018877193	0.0	0.0	3	1.0294914693046644	5.265410733598751	230.0	35	1.05	0.95				
	321	2	0.0	0.0	0.0	0.0	3	1.028793666782905	-0.06482174467335007	230.0	37	1.05	0.95				
	322	2	0.0	0.0	0.0	0.0	3	1.0428157771615185	4.56097393872922	230.0	37	1.05	0.95				
	323	2	0.0	0.0	0.0	0.0	3	1.030356883502919	5.900493610075217	230.0	35	1.05	0.95				
	324	1	0.0	0.0	0.0	0.0	3	1.018317296157271	-1.116565007567221	230.0	36	1.05	0.95				
	325	1	0.0	0.0	0.0	0.0	3	1.0312463781985475	6.335399530900035	230.0	35	1.05	0.95				
];
