%% MATPOWER Case Format : Version 2
function mpc = RTS_GMLC
mpc.version = '2';

%%-----  Power Flow Data  -----%%
%% system MVA base
mpc.baseMVA = 100.0;
%% bus data
%    bus_i    type    Pd    Qd    Gs    Bs    area    Vm    Va    baseKV    zone    Vmax    Vmin
mpc.bus = [
	101	2	43.29886194947369	8.820138545263157	0.0	0.0	1	1.013523115894603	-3.5274346707780118	138.0	11	1.05	0.95				
	102	2	38.8887926768421	8.018307768421053	0.0	0.0	1	1.0133792705142084	-3.770881586655955	138.0	12	1.05	0.95				
	103	1	72.16476991578948	14.833869371578947	0.0	0.0	1	1.0033283178347054	1.4520310957188556	138.0	11	1.05	0.95				
	104	1	29.667738743157894	6.013730826315789	0.0	0.0	1	1.0036948524868818	-3.8132656453458367	138.0	11	1.05	0.95				
	105	1	28.464992577894733	5.612815437894738	0.0	0.0	1	1.017550467586543	-4.921835722332636	138.0	11	1.05	0.95				
	106	1	54.52449282526316	11.225630875789475	0.0	-100.0	1	1.0276793125872437	-6.190158575257401	138.0	12	1.05	0.95				
	107	2	50.11442355263158	10.022884710526316	0.0	0.0	1	0.9870481021784975	-11.321690882811184	138.0	12	1.05	0.95				
	108	1	68.55653142	14.03203859473684	0.0	0.0	1	0.9879750996561614	-9.530800132002366	138.0	12	1.05	0.95				
	109	1	70.1601929736842	14.432953983157896	0.0	0.0	1	1.0025976386571611	-3.0669289829632542	138.0	13	1.05	0.95				
	110	1	78.17850074210526	16.036615536842106	0.0	0.0	1	1.0311578186871455	-5.014183282301431	138.0	13	1.05	0.95				
	111	1	0.0	0.0	0.0	0.0	1	0.9824048347649368	-0.44794019319716044	230.0	13	1.05	0.95				
	112	1	0.0	0.0	0.0	0.0	1	0.9837617861033172	-1.3692924086376561	230.0	13	1.05	0.95				
	113	3	106.24257793157894	21.649430974736845	0.0	0.0	1	0.9647762564056674	-1.4548817019834884e-27	230.0	14	1.05	0.95				
	114	2	77.7775853536842	15.635700148421053	0.0	0.0	1	0.9914984285111521	2.8907184978429745	230.0	16	1.05	0.95				
	115	2	127.09017812947367	25.65858485894737	0.0	0.0	1	0.9924939658533937	11.997635873548855	230.0	16	1.05	0.95				
	116	2	40.091538842105265	8.018307768421053	0.0	0.0	1	0.9909618702747858	10.369242296980499	230.0	16	1.05	0.95				
	117	1	0.0	0.0	0.0	0.0	1	0.9946594028666563	16.06496010869808	230.0	17	1.05	0.95				
	118	2	133.5048243442105	27.26224641263158	0.0	0.0	1	1.002649459873559	16.7070123810945	230.0	17	1.05	0.95				
	119	1	72.56568530421052	14.833869371578947	0.0	0.0	1	0.9904866676563678	6.600085561166104	230.0	15	1.05	0.95				
	120	1	51.31716971789474	10.423800098947368	0.0	0.0	1	0.9951368787072591	3.671098449396794	230.0	15	1.05	0.95				
	121	2	0.0	0.0	0.0	0.0	1	1.0033039774341994	18.025805922186102	230.0	17	1.05	0.95				
	122	2	0.0	0.0	0.0	0.0	1	1.012090214084881	34.186614321965486	230.0	17	1.05	0.95				
	123	2	0.0	0.0	0.0	0.0	1	0.9988597421849529	2.3973314200365134	230.0	15	1.05	0.95				
	124	1	0.0	0.0	0.0	0.0	1	0.983984187783701	7.963422620123169	230.0	16	1.05	0.95				
	201	2	44.53958758736842	9.072878952982457	0.0	0.0	2	1.0110079179857845	-15.07826749279301	138.0	21	1.05	0.95				
	202	2	40.0031481108772	8.248071775438598	0.0	0.0	2	1.0099536847091284	-15.30732284144358	138.0	22	1.05	0.95				
	203	1	74.23264597894737	15.258932784561404	0.0	0.0	2	0.9968145256338492	-11.148327696163957	138.0	21	1.05	0.95				
	204	1	30.517865569122808	6.186053831578947	0.0	0.0	2	1.000068891282124	-14.473361533972739	138.0	21	1.05	0.95				
	205	1	29.280654802807014	5.773650242807019	0.0	0.0	2	1.0166831694730625	-14.934339949370672	138.0	21	1.05	0.95				
	206	1	56.08688807298247	11.547300485614038	0.0	-100.0	2	1.0277511082333912	-15.376640866356023	138.0	22	1.05	0.95				
	207	2	51.55044859649123	10.310089719298245	0.0	0.0	2	0.9717531989791433	-20.363279891970784	138.0	22	1.05	0.95				
	208	1	70.52101368	14.434125607017542	0.0	0.0	2	0.9792208414144398	-18.445420417027293	138.0	22	1.05	0.95				
	209	1	72.17062803508773	14.846529195789474	0.0	0.0	2	1.0044260492791457	-12.023258850767277	138.0	23	1.05	0.95				
	210	1	80.41869981052632	16.496143550877196	0.0	0.0	2	1.0324493598550732	-13.424454610222073	138.0	23	1.05	0.95				
	211	1	0.0	0.0	0.0	0.0	2	0.9868550273360245	-9.290238332973937	230.0	23	1.05	0.95				
	212	1	0.0	0.0	0.0	0.0	2	0.9859744697023396	-6.319667852072613	230.0	23	1.05	0.95				
	213	2	109.2869510245614	22.26979379368421	0.0	0.0	2	0.9830159547241037	-7.218500222935884	230.0	24	1.05	0.95				
	214	2	80.0062962217544	16.083739962105266	0.0	0.0	2	0.9857596066411894	-7.536089654157917	230.0	26	1.05	0.95				
	215	2	130.73193764070177	26.393829681403506	0.0	0.0	2	0.9919497496846632	-1.6788738567757062	230.0	26	1.05	0.95				
	216	2	41.24035887719298	8.248071775438598	0.0	0.0	2	0.9901802817930856	-2.307057065641645	230.0	26	1.05	0.95				
	217	1	0.0	0.0	0.0	0.0	2	1.0007270080268822	-0.8063800552173319	230.0	27	1.05	0.95				
	218	2	137.33039506105266	28.043444036491234	0.0	0.0	2	1.0019849126730134	-1.3314510805384032	230.0	27	1.05	0.95				
	219	1	74.6450495677193	15.258932784561404	0.0	0.0	2	0.9829418476718048	-1.8995204830551284	230.0	25	1.05	0.95				
	220	1	52.78765936280701	10.722493308070176	0.0	0.0	2	0.9797592397868525	-0.6625443873825005	230.0	25	1.05	0.95				
	221	2	0.0	0.0	0.0	0.0	2	1.0043348877325808	-0.7892777695930315	230.0	27	1.05	0.95				
	222	2	0.0	0.0	0.0	0.0	2	1.0222727456825296	4.632703143318289	230.0	27	1.05	0.95				
	223	2	0.0	0.0	0.0	0.0	2	0.9790440731478883	0.37084828240230194	230.0	25	1.05	0.95				
	224	1	0.0	0.0	0.0	0.0	2	0.982462549328294	-5.280520962205816	230.0	26	1.05	0.95				
	301	2	61.70452389473684	12.569440052631577	0.0	0.0	3	1.004591989742259	26.524703923825843	138.0	31	1.05	0.95				
	302	2	55.41980386842105	11.426763684210526	0.0	0.0	3	1.004913729987047	26.228795923048384	138.0	32	1.05	0.95				
	303	1	102.84087315789475	21.13951281578947	0.0	0.0	3	1.0160811504088458	38.88865451265929	138.0	31	1.05	0.95				
	304	1	42.27902563157894	8.570072763157894	0.0	0.0	3	0.9955675782692147	28.067021116355697	138.0	31	1.05	0.95				
	305	1	40.565011078947364	7.998734578947368	0.0	0.0	3	1.0119889448535946	26.481057736989076	138.0	31	1.05	0.95				
	306	1	77.70199305263158	15.997469157894736	0.0	-100.0	3	1.0231954220025763	25.79514320685496	138.0	32	1.05	0.95				
	307	2	71.41727302631578	14.283454605263158	0.0	0.0	3	0.9672574513806832	22.623986619870536	138.0	32	1.05	0.95				
	308	1	97.69882949999999	19.99683644736842	0.0	0.0	3	0.9792394981470239	25.27368068828912	138.0	32	1.05	0.95				
	309	1	99.9841822368421	20.568174631578945	0.0	0.0	3	1.007910668282889	31.99642290449188	138.0	33	1.05	0.95				
	310	1	111.41094592105263	22.85352736842105	0.0	0.0	3	1.0342649830732664	28.32015096308448	138.0	33	1.05	0.95				
	311	1	0.0	0.0	0.0	0.0	3	0.9930366972883483	33.21504964724385	230.0	33	1.05	0.95				
	312	1	0.0	0.0	0.0	0.0	3	1.000402560400806	33.63351459804223	230.0	33	1.05	0.95				
	313	2	151.40461881578946	30.85226194736842	0.0	0.0	3	1.0032491719117258	37.55298623875844	230.0	34	1.05	0.95				
	314	2	110.8396077368421	22.282189184210527	0.0	0.0	3	0.9845151175044802	32.5421791277669	230.0	36	1.05	0.95				
	315	2	181.11420439473682	36.56564378947368	0.0	0.0	3	0.9859378490038447	29.93945482852516	230.0	36	1.05	0.95				
	316	2	57.13381842105263	11.426763684210526	0.0	0.0	3	0.9787846975239313	30.57477401985311	230.0	36	1.05	0.95				
	317	1	0.0	0.0	0.0	0.0	3	0.9896835426149625	32.20667781253044	230.0	37	1.05	0.95				
	318	2	190.25561534210527	38.85099652631579	0.0	0.0	3	0.9822624071898901	28.208412763715078	230.0	37	1.05	0.95				
	319	1	103.41221134210525	21.13951281578947	0.0	0.0	3	0.9879538453629794	30.84250874347142	230.0	35	1.05	0.95				
	320	1	73.13128757894737	14.854792789473684	0.0	0.0	3	0.9975729658095116	30.831735059292676	230.0	35	1.05	0.95				
	321	2	0.0	0.0	0.0	0.0	3	0.9919424603621873	29.303655980746544	230.0	37	1.05	0.95				
	322	2	0.0	0.0	0.0	0.0	3	1.0098270071714854	33.518132161241766	230.0	37	1.05	0.95				
	323	2	0.0	0.0	0.0	0.0	3	1.002721172488034	30.663492406302744	230.0	35	1.05	0.95				
	324	1	0.0	0.0	0.0	0.0	3	0.9968282025450451	34.9729095322374	230.0	36	1.05	0.95				
