%% MATPOWER Case Format : Version 2
function mpc = RTS_GMLC
mpc.version = '2';

%%-----  Power Flow Data  -----%%
%% system MVA base
mpc.baseMVA = 100.0;
%% bus data
%    bus_i    type    Pd    Qd    Gs    Bs    area    Vm    Va    baseKV    zone    Vmax    Vmin
mpc.bus = [
	101	2	53.452251360000005	10.888421573333334	0.0	0.0	1	1.018206319081935	-4.927259284784766	138.0	11	1.05	0.95				
	102	2	48.008040573333325	9.898565066666666	0.0	0.0	1	1.0172233644212867	-5.170655674148657	138.0	12	1.05	0.95				
	103	1	89.0870856	18.31234537333333	0.0	0.0	1	1.0281071857309687	-0.5889248647396855	138.0	11	1.05	0.95				
	104	1	36.62469074666666	7.423923799999999	0.0	0.0	1	1.0168369032579376	-5.210739947718188	138.0	11	1.05	0.95				
	105	1	35.13990598666666	6.928995546666666	0.0	0.0	1	1.0279514843342676	-6.397767855913325	138.0	11	1.05	0.95				
	106	1	67.31024245333333	13.857991093333332	0.0	-100.0	1	1.0405753170407361	-7.763949822237911	138.0	12	1.05	0.95				
	107	2	61.866031666666665	12.373206333333332	0.0	0.0	1	1.0002421315280738	-11.30670839919608	138.0	12	1.05	0.95				
	108	1	84.63273131999999	17.322488866666664	0.0	0.0	1	1.0024896817235835	-10.316040823320405	138.0	12	1.05	0.95				
	109	1	86.61244433333333	17.817417119999998	0.0	0.0	1	1.0255608173968658	-4.31590570511257	138.0	13	1.05	0.95				
	110	1	96.51100939999999	19.797130133333333	0.0	0.0	1	1.05	-6.2889497641226235	138.0	13	1.05	0.95				
	111	1	0.0	0.0	0.0	0.0	1	1.0107010265951086	-1.2937094075670161	230.0	13	1.05	0.95				
	112	1	0.0	0.0	0.0	0.0	1	1.011569193333245	-1.8872216393221006	230.0	13	1.05	0.95				
	113	3	131.15598713333333	26.726125680000003	0.0	0.0	1	1.0058574701202654	-2.9069534221044084e-29	230.0	14	1.05	0.95				
	114	2	96.01608114666665	19.30220188	0.0	0.0	1	1.017681802012231	1.6496284328228146	230.0	16	1.05	0.95				
	115	2	156.89225630666667	31.675408213333334	0.0	0.0	1	1.0415546031271026	10.237579593318895	230.0	16	1.05	0.95				
	116	2	49.49282533333333	9.898565066666666	0.0	0.0	1	1.03702402281542	8.789269460533205	230.0	16	1.05	0.95				
	117	1	0.0	0.0	0.0	0.0	1	1.0418941356475864	14.06434653715509	230.0	17	1.05	0.95				
	118	2	164.81110836	33.655121226666665	0.0	0.0	1	1.0499999922243652	14.799884296361409	230.0	17	1.05	0.95				
	119	1	89.58201385333334	18.31234537333333	0.0	0.0	1	1.026998637977984	5.545748652916913	230.0	15	1.05	0.95				
	120	1	63.35081642666667	12.868134586666665	0.0	0.0	1	1.0234693313957235	3.257873873774689	230.0	15	1.05	0.95				
	121	2	0.0	0.0	0.0	0.0	1	1.05	16.3065179943813	230.0	17	1.05	0.95				
	122	2	0.0	0.0	0.0	0.0	1	1.05	29.86291047541239	230.0	17	1.05	0.95				
	123	2	0.0	0.0	0.0	0.0	1	1.022704513741483	2.3757113849094136	230.0	15	1.05	0.95				
	124	1	0.0	0.0	0.0	0.0	1	1.0229997332670515	6.193263433086111	230.0	16	1.05	0.95				
	201	2	48.31355266105263	9.841649616140351	0.0	0.0	2	1.0103189640400303	-10.361763599369421	138.0	21	1.05	0.95				
	202	2	43.39272785298245	8.946954196491228	0.0	0.0	2	1.0094978099699898	-10.58699960529021	138.0	22	1.05	0.95				
	203	1	80.52258776842105	16.551865263508773	0.0	0.0	2	1.0150439375755038	-8.159412535211477	138.0	21	1.05	0.95				
	204	1	33.10373052701755	6.710215647368421	0.0	0.0	2	1.0106430081399296	-9.818402019388296	138.0	21	1.05	0.95				
	205	1	31.76168739754386	6.26286793754386	0.0	0.0	2	1.0244721311988412	-10.116332592667574	138.0	21	1.05	0.95				
	206	1	60.83928853614036	12.52573587508772	0.0	-100.0	2	1.0402834100846279	-10.523911383981282	138.0	22	1.05	0.95				
	207	2	55.91846372807018	11.183692745614035	0.0	0.0	2	0.9929059135160277	-15.937266715503194	138.0	22	1.05	0.95				
	208	1	76.49645837999999	15.657169843859647	0.0	0.0	2	0.9984864322546724	-13.904429874750754	138.0	22	1.05	0.95				
	209	1	78.28584921929824	16.10451755368421	0.0	0.0	2	1.0250971370392366	-7.346755429158902	138.0	23	1.05	0.95				
	210	1	87.23280341578948	17.893908392982457	0.0	0.0	2	1.05	-8.431120859668853	138.0	23	1.05	0.95				
	211	1	0.0	0.0	0.0	0.0	2	1.0066899386345085	-4.66823379316186	230.0	23	1.05	0.95				
	212	1	0.0	0.0	0.0	0.0	2	1.015255004376646	-0.1313217702557234	230.0	23	1.05	0.95				
	213	2	118.54714310350876	24.156776330526316	0.0	0.0	2	1.0056486801371585	-2.0891886306642893	230.0	24	1.05	0.95				
	214	2	86.7854557059649	17.446560683157895	0.0	0.0	2	1.0038430915428531	-3.591310164135414	230.0	26	1.05	0.95				
	215	2	141.80922401438596	28.63025342877193	0.0	0.0	2	1.0261848538129807	0.969268204428342	230.0	26	1.05	0.95				
	216	2	44.73477098245614	8.946954196491228	0.0	0.0	2	1.026055902848222	0.6385871772681586	230.0	26	1.05	0.95				
	217	1	0.0	0.0	0.0	0.0	2	1.0303895543963502	1.7481039260555864	230.0	27	1.05	0.95				
	218	2	148.96678737157896	30.41964426807018	0.0	0.0	2	1.0294504822567014	1.3460613994700124	230.0	27	1.05	0.95				
	219	1	80.96993547824562	16.551865263508773	0.0	0.0	2	1.0290511964820481	1.39599722277492	230.0	25	1.05	0.95				
	220	1	57.26050685754386	11.631040455438598	0.0	0.0	2	1.0350034744575418	2.9136266505309796	230.0	25	1.05	0.95				
	221	2	0.0	0.0	0.0	0.0	2	1.031461406338935	2.015477436793771	230.0	27	1.05	0.95				
	222	2	0.0	0.0	0.0	0.0	2	1.0499999936973694	8.404010389796506	230.0	27	1.05	0.95				
	223	2	0.0	0.0	0.0	0.0	2	1.0394596229096322	4.07615458282005	230.0	25	1.05	0.95				
	224	1	0.0	0.0	0.0	0.0	2	1.0107015832378285	-2.4451264224480513	230.0	26	1.05	0.95				
	301	2	63.037013608421056	12.840873142456138	0.0	0.0	3	1.0018258949302739	27.899472853980015	138.0	31	1.05	0.95				
	302	2	56.616577037192975	11.67352103859649	0.0	0.0	3	1.0008479411117435	27.636665240243698	138.0	32	1.05	0.95				
	303	1	105.06168934736841	21.596013921403507	0.0	0.0	3	1.0457491489517365	38.93011771505743	138.0	31	1.05	0.95				
	304	1	43.192027842807015	8.755140778947368	0.0	0.0	3	1.005425431370895	29.383717650858195	138.0	31	1.05	0.95				
	305	1	41.44099968701754	8.171464727017543	0.0	0.0	3	1.018186317749015	27.869370865868508	138.0	31	1.05	0.95				
	306	1	79.37994306245614	16.342929454035087	0.0	-100.0	3	1.0341377397973988	27.199252113020048	138.0	32	1.05	0.95				
	307	2	72.95950649122807	14.591901298245613	0.0	0.0	3	0.9857846360514656	23.497749993780054	138.0	32	1.05	0.95				
	308	1	99.80860487999999	20.42866181754386	0.0	0.0	3	0.996469409425933	26.127857664309648	138.0	32	1.05	0.95				
	309	1	102.14330908771929	21.012337869473683	0.0	0.0	3	1.0292220359899233	33.1805732313483	138.0	33	1.05	0.95				
	310	1	113.81683012631578	23.34704207719298	0.0	0.0	3	1.05	29.721470850253105	138.0	33	1.05	0.95				
	311	1	0.0	0.0	0.0	0.0	3	1.0134709841972545	34.42931906593489	230.0	33	1.05	0.95				
	312	1	0.0	0.0	0.0	0.0	3	1.0216028716724475	34.66773542611662	230.0	33	1.05	0.95				
	313	2	154.6741537614035	31.518506804210528	0.0	0.0	3	1.021366632633628	38.526291255074476	230.0	34	1.05	0.95				
	314	2	113.23315407438595	22.763366025263156	0.0	0.0	3	1.0088143211651504	33.875752626037524	230.0	36	1.05	0.95				
	315	2	185.02530846175438	37.35526732350877	0.0	0.0	3	1.0455128687828095	30.372392575644977	230.0	36	1.05	0.95				
	316	2	58.36760519298245	11.67352103859649	0.0	0.0	3	1.037231665288701	30.804919524696103	230.0	36	1.05	0.95				
	317	1	0.0	0.0	0.0	0.0	3	1.05	31.81316863668107	230.0	37	1.05	0.95				
	318	2	194.36412529263157	39.68997153122807	0.0	0.0	3	1.04787967661438	28.490961714970272	230.0	37	1.05	0.95				
	319	1	105.64536539929826	21.596013921403507	0.0	0.0	3	1.0359233505511687	31.209252988536367	230.0	35	1.05	0.95				
	320	1	74.71053464701754	15.175577350175438	0.0	0.0	3	1.0360015111254324	31.230626642539217	230.0	35	1.05	0.95				
	321	2	0.0	0.0	0.0	0.0	3	1.0481408238446939	29.772512869344354	230.0	37	1.05	0.95				
	322	2	0.0	0.0	0.0	0.0	3	1.05	34.9190075425605	230.0	37	1.05	0.95				
	323	2	0.0	0.0	0.0	0.0	3	1.0355974508541215	30.99817104427953	230.0	35	1.05	0.95				
	324	1	0.0	0.0	0.0	0.0	3	1.0454975104207302	35.63713874636096	230.0	36	1.05	0.95				
	325	1	0.0	0.0	0.0	0.0	3	1.037566999885424	29.753326347102796	230.0	35	1.05	0.95				
];
