%% MATPOWER Case Format : Version 2
function mpc = RTS_GMLC
mpc.version = '2';

%%-----  Power Flow Data  -----%%
%% system MVA base
mpc.baseMVA = 100.0;
%% bus data
%    bus_i    type    Pd    Qd    Gs    Bs    area    Vm    Va    baseKV    zone    Vmax    Vmin
mpc.bus = [
	101	2	50.20583869894737	10.227115290526315	0.0	0.0	1	0.9956936303783497	-3.845566804037592	138.0	11	1.05	0.95				
	102	2	45.09228105368421	9.297377536842106	0.0	0.0	1	0.9950540256248872	-4.106270266334359	138.0	12	1.05	0.95				
	103	1	83.67639783157895	17.200148443157897	0.0	0.0	1	1.0188270449153658	1.529046360003311	138.0	11	1.05	0.95				
	104	1	34.40029688631579	6.9730331526315785	0.0	0.0	1	1.006732077576183	-4.24545912044183	138.0	11	1.05	0.95				
	105	1	33.005690255789474	6.508164275789474	0.0	0.0	1	1.016806254734457	-5.429960828902128	138.0	11	1.05	0.95				
	106	1	63.22216725052632	13.016328551578948	0.0	-100.0	1	1.0359613741224396	-6.826873075735345	138.0	12	1.05	0.95				
	107	2	58.10860960526316	11.621721921052632	0.0	0.0	1	0.9908788449675259	-13.061933840843128	138.0	12	1.05	0.95				
	108	1	79.49257794	16.27041068947368	0.0	0.0	1	0.9963942404472952	-10.829142092071535	138.0	12	1.05	0.95				
	109	1	81.35205344736842	16.73527956631579	0.0	0.0	1	1.0253150191818823	-3.35112984043072	138.0	13	1.05	0.95				
	110	1	90.64943098421053	18.59475507368421	0.0	0.0	1	1.05	-5.480714413802029	138.0	13	1.05	0.95				
	111	1	0.0	0.0	0.0	0.0	1	1.022119322122697	-0.04090626918641256	230.0	13	1.05	0.95				
	112	1	0.0	0.0	0.0	0.0	1	1.0183411830167313	-1.3340802039964317	230.0	13	1.05	0.95				
	113	3	123.19025236315788	25.102919349473684	0.0	0.0	1	1.0091327025440444	-1.201433609710808e-30	230.0	14	1.05	0.95				
	114	2	90.18456210736842	18.129886196842108	0.0	0.0	1	1.05	4.158321574596822	230.0	16	1.05	0.95				
	115	2	147.36343395894735	29.75160811789474	0.0	0.0	1	1.0388878490112239	15.392640349945344	230.0	16	1.05	0.95				
	116	2	46.48688768421053	9.297377536842106	0.0	0.0	1	1.0397389486121205	13.149417655774508	230.0	16	1.05	0.95				
	117	1	0.0	0.0	0.0	0.0	1	1.0391670157256945	20.08111848071714	230.0	17	1.05	0.95				
	118	2	154.80133598842104	31.61108362526316	0.0	0.0	1	1.05	21.06359078534571	230.0	17	1.05	0.95				
	119	1	84.14126670842106	17.200148443157897	0.0	0.0	1	1.0377177391796821	8.200183029384513	230.0	15	1.05	0.95				
	120	1	59.50321623578948	12.086590797894738	0.0	0.0	1	1.0445076617795672	4.64830720151321	230.0	15	1.05	0.95				
	121	2	0.0	0.0	0.0	0.0	1	1.0466706536737693	23.011075851193826	230.0	17	1.05	0.95				
	122	2	0.0	0.0	0.0	0.0	1	1.05	40.94268403259902	230.0	17	1.05	0.95				
	123	2	0.0	0.0	0.0	0.0	1	1.05	3.056511559638834	230.0	15	1.05	0.95				
	124	1	0.0	0.0	0.0	0.0	1	1.013755318189635	10.241296859682073	230.0	16	1.05	0.95				
	201	2	43.91059342736842	8.944750512982456	0.0	0.0	2	1.0005625680619084	-18.365044209410467	138.0	21	1.05	0.95				
	202	2	39.438218170877185	8.131591375438596	0.0	0.0	2	0.9991150844588039	-18.672052468554575	138.0	22	1.05	0.95				
	203	1	73.18432237894737	15.043444044561403	0.0	0.0	2	1.001200622055979	-13.492398550735501	138.0	21	1.05	0.95				
	204	1	30.086888089122805	6.098693531578947	0.0	0.0	2	0.98983251091011	-18.143803159372354	138.0	21	1.05	0.95				
	205	1	28.867149382807018	5.692113962807017	0.0	0.0	2	1.0052326739610324	-18.680900965274116	138.0	21	1.05	0.95				
	206	1	55.29482135298246	11.384227925614034	0.0	-100.0	2	1.015366057946128	-19.393497565616343	138.0	22	1.05	0.95				
	207	2	50.82244609649123	10.164489219298245	0.0	0.0	2	0.9768299112056633	-24.62604707925897	138.0	22	1.05	0.95				
	208	1	69.52510625999999	14.230284907017543	0.0	0.0	2	0.9773398772335431	-22.635860064078727	138.0	22	1.05	0.95				
	209	1	71.15142453508771	14.636864475789471	0.0	0.0	2	0.9944266141283897	-15.935499463627508	138.0	23	1.05	0.95				
	210	1	79.28301591052632	16.263182750877192	0.0	0.0	2	1.019754847564504	-17.625319596515126	138.0	23	1.05	0.95				
	211	1	0.0	0.0	0.0	0.0	2	0.9802145394599497	-12.720271471728779	230.0	23	1.05	0.95				
	212	1	0.0	0.0	0.0	0.0	2	0.9627591737430082	-11.972314331991225	230.0	23	1.05	0.95				
	213	2	107.7435857245614	21.95529671368421	0.0	0.0	2	0.9580727037897694	-11.248279859843061	230.0	24	1.05	0.95				
	214	2	78.87643634175437	15.856603182105264	0.0	0.0	2	1.0017297392972604	-9.890272951567075	230.0	26	1.05	0.95				
	215	2	128.88572330070173	26.021092401403507	0.0	0.0	2	1.0227249648540493	-2.3500030461587276	230.0	26	1.05	0.95				
	216	2	40.65795687719298	8.131591375438596	0.0	0.0	2	1.0139648057042214	-3.2288781381164453	230.0	26	1.05	0.95				
	217	1	0.0	0.0	0.0	0.0	2	1.0299799967667997	-1.0247849657723802	230.0	27	1.05	0.95				
	218	2	135.39099640105263	27.64741067649123	0.0	0.0	2	1.0310076186965964	-1.5094683635927573	230.0	27	1.05	0.95				
	219	1	73.5909019477193	15.043444044561403	0.0	0.0	2	0.9843919757106592	-3.2166588658312403	230.0	25	1.05	0.95				
	220	1	52.042184802807014	10.571068788070175	0.0	0.0	2	0.9616175074645151	-2.3297622748961797	230.0	25	1.05	0.95				
	221	2	0.0	0.0	0.0	0.0	2	1.0314552605514198	-0.9896381760147385	230.0	27	1.05	0.95				
	222	2	0.0	0.0	0.0	0.0	2	1.05	5.489939124002584	230.0	27	1.05	0.95				
	223	2	0.0	0.0	0.0	0.0	2	0.95	-1.454861454272833	230.0	25	1.05	0.95				
	224	1	0.0	0.0	0.0	0.0	2	1.0010061425456027	-6.478716049186793	230.0	26	1.05	0.95				
	301	2	56.04998418947369	11.417589371929823	0.0	0.0	3	1.0408055013096202	28.346522702899687	138.0	31	1.05	0.95				
	302	2	50.341189503508765	10.379626701754386	0.0	0.0	3	1.0383750364734117	27.982807040139665	138.0	32	1.05	0.95				
	303	1	93.41664031578946	19.202309398245614	0.0	0.0	3	1.0269989154976222	45.301522676381005	138.0	31	1.05	0.95				
	304	1	38.40461879649123	7.784720026315789	0.0	0.0	3	1.0071885088615398	29.792351699508817	138.0	31	1.05	0.95				
	305	1	36.847674791228066	7.26573869122807	0.0	0.0	3	1.0313197648906727	27.29157794086172	138.0	31	1.05	0.95				
	306	1	70.58146157192982	14.53147738245614	0.0	-100.0	3	1.0326925841733958	26.07630224950589	138.0	32	1.05	0.95				
	307	2	64.87266688596492	12.974533377192982	0.0	0.0	3	0.95	21.686508846642113	138.0	32	1.05	0.95				
	308	1	88.7458083	18.164346728070175	0.0	0.0	3	0.9627874196256435	24.151019529401598	138.0	32	1.05	0.95				
	309	1	90.82173364035087	18.68332806315789	0.0	0.0	3	0.9992890028075675	33.53656519215387	138.0	33	1.05	0.95				
	310	1	101.20136034210525	20.759253403508772	0.0	0.0	3	1.0339670410541966	27.87621089450764	138.0	33	1.05	0.95				
	311	1	0.0	0.0	0.0	0.0	3	0.9804081273836871	31.858137907453816	230.0	33	1.05	0.95				
	312	1	0.0	0.0	0.0	0.0	3	0.9904312547231016	31.7489474604428	230.0	33	1.05	0.95				
	313	2	137.5300537982456	28.024992094736845	0.0	0.0	3	0.9817588848372493	32.78299769702404	230.0	34	1.05	0.95				
	314	2	100.68237900701753	20.240272068421053	0.0	0.0	3	0.964987943934045	32.3929031970076	230.0	36	1.05	0.95				
	315	2	164.517083222807	33.21480544561403	0.0	0.0	3	0.9971208469126314	32.50589339443301	230.0	36	1.05	0.95				
	316	2	51.89813350877193	10.379626701754386	0.0	0.0	3	0.9803508841753372	32.36234684535189	230.0	36	1.05	0.95				
	317	1	0.0	0.0	0.0	0.0	3	0.9862742786494908	35.16017478334376	230.0	37	1.05	0.95				
	318	2	172.82078458421054	35.29073078596491	0.0	0.0	3	0.9760658526880479	31.01479292045326	230.0	37	1.05	0.95				
	319	1	93.93562165087718	19.202309398245614	0.0	0.0	3	0.9824490918183263	31.603827924607792	230.0	35	1.05	0.95				
	320	1	66.42961089122807	13.493514712280701	0.0	0.0	3	0.9859935150846068	30.79210907729439	230.0	35	1.05	0.95				
	321	2	0.0	0.0	0.0	0.0	3	0.9978915648278546	32.18676180126828	230.0	37	1.05	0.95				
	322	2	0.0	0.0	0.0	0.0	3	1.004651990459593	38.06141923788981	230.0	37	1.05	0.95				
	323	2	0.0	0.0	0.0	0.0	3	0.9882385502026684	30.42980840907972	230.0	35	1.05	0.95				
	324	1	0.0	0.0	0.0	0.0	3	1.0064794899467957	38.90509901703492	230.0	36	1.05	0.95				
	325	1	0.0	0.0	0.0	0.0	3	0.9945767683701917	29.80326116755494	230.0	35	1.05	0.95				
];
