%% MATPOWER Case Format : Version 2
function mpc = RTS_GMLC
mpc.version = '2';

%%-----  Power Flow Data  -----%%
%% system MVA base
mpc.baseMVA = 100.0;
%% bus data
%    bus_i    type    Pd    Qd    Gs    Bs    area    Vm    Va    baseKV    zone    Vmax    Vmin
mpc.bus = [
	101	2	49.03018306105264	9.987629882807019	0.0	0.0	1	1.014876056093829	1.8109768168176323	138.0	11	1.05	0.95				
	102	2	44.036368119649126	9.079663529824563	0.0	0.0	1	1.013768065981026	1.4909721179351811	138.0	12	1.05	0.95				
	103	1	81.71697176842106	16.79737753017544	0.0	0.0	1	1.0242707456673976	2.0511799908253576	138.0	11	1.05	0.95				
	104	1	33.59475506035088	6.809747647368421	0.0	0.0	1	1.0124390428987857	-1.6115076108786777	138.0	11	1.05	0.95				
	105	1	32.232805530877194	6.355764470877194	0.0	0.0	1	1.0258232370843103	-1.5724533309389894	138.0	11	1.05	0.95				
	106	1	61.74171200280703	12.711528941754388	0.0	-100.0	1	1.0398567718948313	-3.9472356070831807	138.0	12	1.05	0.95				
	107	2	56.747897061403506	11.349579412280702	0.0	0.0	1	0.9865255601631295	-11.901808434007986	138.0	12	1.05	0.95				
	108	1	77.63112318	15.889411177192983	0.0	0.0	1	0.9939783396265146	-9.462305052443513	138.0	12	1.05	0.95				
	109	1	79.44705588596493	16.34339435368421	0.0	0.0	1	1.025330420579032	-2.2478545864221675	138.0	13	1.05	0.95				
	110	1	88.52671941578947	18.159327059649126	0.0	0.0	1	1.05	-3.498984692741345	138.0	13	1.05	0.95				
	111	1	0.0	0.0	0.0	0.0	1	1.019463525152745	0.29191354874996944	230.0	13	1.05	0.95				
	112	1	0.0	0.0	0.0	0.0	1	1.0157913153167621	-0.5850023383975869	230.0	13	1.05	0.95				
	113	3	120.30554177017545	24.51509153052632	0.0	0.0	1	1.002435243756919	6.152469236396148e-32	230.0	14	1.05	0.95				
	114	2	88.07273623929825	17.705343883157894	0.0	0.0	1	1.0435650830130134	3.633700337723472	230.0	16	1.05	0.95				
	115	2	143.91266694771932	29.054923295438602	0.0	0.0	1	1.040049985295177	13.035744654176957	230.0	16	1.05	0.95				
	116	2	45.39831764912281	9.079663529824563	0.0	0.0	1	1.040692714052993	11.274534567836268	230.0	16	1.05	0.95				
	117	1	0.0	0.0	0.0	0.0	1	1.038991123556048	17.247850121030393	230.0	17	1.05	0.95				
	118	2	151.17639777157896	30.870856001403514	0.0	0.0	1	1.0472311664340528	17.810586482792925	230.0	17	1.05	0.95				
	119	1	82.1709549449123	16.79737753017544	0.0	0.0	1	1.0372493426797795	7.259432847231389	230.0	15	1.05	0.95				
	120	1	58.109846590877204	11.80356258877193	0.0	0.0	1	1.0408938063540345	4.638049658424726	230.0	15	1.05	0.95				
	121	2	0.0	0.0	0.0	0.0	1	1.0415073086408615	19.473799096969927	230.0	17	1.05	0.95				
	122	2	0.0	0.0	0.0	0.0	1	1.05	37.44952156588471	230.0	17	1.05	0.95				
	123	2	0.0	0.0	0.0	0.0	1	1.044005996232635	3.5411909249466227	230.0	15	1.05	0.95				
	124	1	0.0	0.0	0.0	0.0	1	1.0204441649237115	8.94149715242076	230.0	16	1.05	0.95				
	201	2	55.232488572631574	11.251062487017544	0.0	0.0	2	1.0162182957530026	-16.54028050611105	138.0	21	1.05	0.95				
	202	2	49.6069573291228	10.228238624561403	0.0	0.0	2	1.0166916968598239	-16.547205798531436	138.0	22	1.05	0.95				
	203	1	92.05414762105264	18.922241455438595	0.0	0.0	2	1.0112594254694582	-13.238298871624345	138.0	21	1.05	0.95				
	204	1	37.84448291087719	7.671178968421052	0.0	0.0	2	1.0118418967612481	-17.21284963625011	138.0	21	1.05	0.95				
	205	1	36.31024711719298	7.1597670371929825	0.0	0.0	2	1.026746658631318	-17.690788468738766	138.0	21	1.05	0.95				
	206	1	69.55202264701754	14.319534074385965	0.0	-100.0	2	1.040030187045079	-18.840808716260373	138.0	22	1.05	0.95				
	207	2	63.92649140350877	12.785298280701754	0.0	0.0	2	0.9896448188348423	-25.784086170989173	138.0	22	1.05	0.95				
	208	1	87.45144024	17.899417592982456	0.0	0.0	2	0.9933222126151231	-23.396808889540832	138.0	22	1.05	0.95				
	209	1	89.49708796491228	18.410829524210527	0.0	0.0	2	1.0230337018775917	-15.643091538048115	138.0	23	1.05	0.95				
	210	1	99.72532658947368	20.456477249122806	0.0	0.0	2	1.05	-17.204713702375408	138.0	23	1.05	0.95				
	211	1	0.0	0.0	0.0	0.0	2	1.012962949926874	-12.213168450245071	230.0	23	1.05	0.95				
	212	1	0.0	0.0	0.0	0.0	2	1.0144801238469916	-10.98508718028723	230.0	23	1.05	0.95				
	213	2	135.52416177543859	27.616244286315787	0.0	0.0	2	1.0164978422145008	-10.41651078862383	230.0	24	1.05	0.95				
	214	2	99.2139146582456	19.945065317894738	0.0	0.0	2	1.0166447099291596	-9.546806219164655	230.0	26	1.05	0.95				
	215	2	162.11758219929823	32.73036359859649	0.0	0.0	2	1.0300675206611731	-2.5551922202457695	230.0	26	1.05	0.95				
	216	2	51.14119312280702	10.228238624561403	0.0	0.0	2	1.0339743387112719	-2.6765278074897	230.0	26	1.05	0.95				
	217	1	0.0	0.0	0.0	0.0	2	1.037620229924573	-0.9082300492115427	230.0	27	1.05	0.95				
	218	2	170.30017309894737	34.77601132350877	0.0	0.0	2	1.0353926968503395	-1.6390509508794073	230.0	27	1.05	0.95				
	219	1	92.56555955228069	18.922241455438595	0.0	0.0	2	1.037635402518591	-2.253413760973368	230.0	25	1.05	0.95				
	220	1	65.46072719719298	13.296710211929824	0.0	0.0	2	1.0447352385134763	-0.9197056884520116	230.0	25	1.05	0.95				
	221	2	0.0	0.0	0.0	0.0	2	1.0360919583594688	-1.1355614052453757	230.0	27	1.05	0.95				
	222	2	0.0	0.0	0.0	0.0	2	1.05	5.453273565116524	230.0	27	1.05	0.95				
	223	2	0.0	0.0	0.0	0.0	2	1.05	0.18044440124027564	230.0	25	1.05	0.95				
	224	1	0.0	0.0	0.0	0.0	2	1.0098381953382733	-6.523888349854804	230.0	26	1.05	0.95				
	301	2	69.16988296421053	14.090161344561402	0.0	0.0	3	1.0408621787812489	2.0123797536590713	138.0	31	1.05	0.95				
	302	2	62.124802291929825	12.809237585964913	0.0	0.0	3	1.0382361787385217	1.6339622515571726	138.0	32	1.05	0.95				
	303	1	115.28313827368422	23.697089534035086	0.0	0.0	3	1.05	20.04079997866965	138.0	31	1.05	0.95				
	304	1	47.39417906807017	9.606928189473683	0.0	0.0	3	1.0101802701551672	4.091641145349499	138.0	31	1.05	0.95				
	305	1	45.472793430175436	8.96646631017544	0.0	0.0	3	1.0311457123970522	1.0381571569622885	138.0	31	1.05	0.95				
	306	1	87.10281558456141	17.93293262035088	0.0	-100.0	3	1.0314733849857742	-0.23268782155039905	138.0	32	1.05	0.95				
	307	2	80.0577349122807	16.01154698245614	0.0	0.0	3	0.95	1.5433713377688272	138.0	32	1.05	0.95				
	308	1	109.51898136	22.416165775438596	0.0	0.0	3	0.9625905413495413	1.0229799016078485	138.0	32	1.05	0.95				
	309	1	112.08082887719297	23.056627654736843	0.0	0.0	3	1.0107388910131179	8.831685916634818	138.0	33	1.05	0.95				
	310	1	124.8900664631579	25.618475171929827	0.0	0.0	3	1.0370300286388447	2.091005767381737	138.0	33	1.05	0.95				
	311	1	0.0	0.0	0.0	0.0	3	0.9970027610780333	7.519345262831712	230.0	33	1.05	0.95				
	312	1	0.0	0.0	0.0	0.0	3	1.0008841114233331	8.054217727529723	230.0	33	1.05	0.95				
	313	2	169.7223980140351	34.584941482105265	0.0	0.0	3	0.9964599172594016	9.727605367792389	230.0	34	1.05	0.95				
	314	2	124.24960458385965	24.97801329263158	0.0	0.0	3	0.9958402874461926	7.765341060218546	230.0	36	1.05	0.95				
	315	2	203.02641573754389	40.98956027508772	0.0	0.0	3	1.05	12.273109066536378	230.0	36	1.05	0.95				
	316	2	64.04618792982455	12.809237585964913	0.0	0.0	3	1.042478552126019	11.957463428576087	230.0	36	1.05	0.95				
	317	1	0.0	0.0	0.0	0.0	3	1.05	17.278821805707565	230.0	37	1.05	0.95				
	318	2	213.2738058063158	43.551407792280706	0.0	0.0	3	1.042249603012556	13.986927865344981	230.0	37	1.05	0.95				
	319	1	115.92360015298246	23.697089534035086	0.0	0.0	3	1.0255209483107584	10.4796671208517	230.0	35	1.05	0.95				
	320	1	81.97912055017544	16.652008861754386	0.0	0.0	3	1.0164549167333305	10.415772148985937	230.0	35	1.05	0.95				
	321	2	0.0	0.0	0.0	0.0	3	1.0446597331361316	14.090589570922058	230.0	37	1.05	0.95				
	322	2	0.0	0.0	0.0	0.0	3	1.049999998130086	19.683895791774912	230.0	37	1.05	0.95				
	323	2	0.0	0.0	0.0	0.0	3	1.0130580190263467	10.882293988812018	230.0	35	1.05	0.95				
	324	1	0.0	0.0	0.0	0.0	3	1.0472895140407188	15.243971251374772	230.0	36	1.05	0.95				
	325	1	0.0	0.0	0.0	0.0	3	1.013921208832425	11.62849544283283	230.0	35	1.05	0.95				
];
