%% MATPOWER Case Format : Version 2
function mpc = RTS_GMLC
mpc.version = '2';

%%-----  Power Flow Data  -----%%
%% system MVA base
mpc.baseMVA = 100.0;
%% bus data
%    bus_i    type    Pd    Qd    Gs    Bs    area    Vm    Va    baseKV    zone    Vmax    Vmin
mpc.bus = [
	101	2	44.96882729684211	9.160316671578947	0.0	0.0	1	1.0392849833775673	1.706901523883436	138.0	11	1.05	0.95				
	102	2	40.38866896105263	8.327560610526316	0.0	0.0	1	1.0374693425209487	1.2189135227196877	138.0	12	1.05	0.95				
	103	1	74.94804549473683	15.405987129473683	0.0	0.0	1	1.0299246522630947	0.06856029679957475	138.0	11	1.05	0.95				
	104	1	30.811974258947366	6.245670457894736	0.0	0.0	1	1.0239794174245656	-1.7511769475403511	138.0	11	1.05	0.95				
	105	1	29.56284016736842	5.829292427368422	0.0	0.0	1	1.038843485229982	-1.572834174098279	138.0	11	1.05	0.95				
	106	1	56.62741215157895	11.658584854736844	0.0	-100.0	1	1.046808799287816	-3.9318704034792704	138.0	12	1.05	0.95				
	107	2	52.047253815789475	10.409450763157894	0.0	0.0	1	1.0010123381607376	-9.480749655488282	138.0	12	1.05	0.95				
	108	1	71.20064321999999	14.573231068421052	0.0	0.0	1	1.004900770053804	-8.10980513982012	138.0	12	1.05	0.95				
	109	1	72.86615534210526	14.989609098947367	0.0	0.0	1	1.024198774328912	-2.7687112242434915	138.0	13	1.05	0.95				
	110	1	81.19371595263158	16.65512122105263	0.0	0.0	1	1.05	-3.607785072164472	138.0	13	1.05	0.95				
	111	1	0.0	0.0	0.0	0.0	1	1.0023405819655589	-0.8856899684849818	230.0	13	1.05	0.95				
	112	1	0.0	0.0	0.0	0.0	1	1.0064021773954652	-1.1995741620388807	230.0	13	1.05	0.95				
	113	3	110.34017808947367	22.484413648421054	0.0	0.0	1	0.9940038352366403	-4.402087449814766e-29	230.0	14	1.05	0.95				
	114	2	80.77733792210526	16.238743190526318	0.0	0.0	1	0.9989156794709078	0.7861588321355539	230.0	16	1.05	0.95				
	115	2	131.9918356768421	26.648193953684213	0.0	0.0	1	1.03349671817592	6.716048717937175	230.0	16	1.05	0.95				
	116	2	41.637803052631575	8.327560610526316	0.0	0.0	1	1.0288612108810071	5.587683499308488	230.0	16	1.05	0.95				
	117	1	0.0	0.0	0.0	0.0	1	1.0364369456102924	9.268141741283104	230.0	17	1.05	0.95				
	118	2	138.65388416526315	28.313706075789476	0.0	0.0	1	1.0406648941058751	9.870017713973935	230.0	17	1.05	0.95				
	119	1	75.36442352526316	15.405987129473683	0.0	0.0	1	1.0177723864628503	3.172140867841643	230.0	15	1.05	0.95				
	120	1	53.29638790736843	10.825828793684211	0.0	0.0	1	1.0118387342301158	1.7303091629652814	230.0	15	1.05	0.95				
	121	2	0.0	0.0	0.0	0.0	1	1.0432061404145336	11.264011154493655	230.0	17	1.05	0.95				
	122	2	0.0	0.0	0.0	0.0	1	1.05	19.505889352925777	230.0	17	1.05	0.95				
	123	2	0.0	0.0	0.0	0.0	1	1.0091553966409277	1.2624165874108264	230.0	15	1.05	0.95				
	124	1	0.0	0.0	0.0	0.0	1	1.0233623591765473	4.21312877513361	230.0	16	1.05	0.95				
	201	2	43.04360144842106	8.768141035789474	0.0	0.0	2	1.0164695270012545	-10.948693437921905	138.0	21	1.05	0.95				
	202	2	38.659530930526316	7.971037305263158	0.0	0.0	2	1.0156527611594546	-11.188290646809145	138.0	22	1.05	0.95				
	203	1	71.73933574736843	14.746419014736842	0.0	0.0	2	1.0138897767567816	-8.33925664598934	138.0	21	1.05	0.95				
	204	1	29.492838029473685	5.978277978947368	0.0	0.0	2	1.0134849945486681	-10.637414974663509	138.0	21	1.05	0.95				
	205	1	28.29718243368421	5.5797261136842105	0.0	0.0	2	1.0284019077206195	-10.953758146947347	138.0	21	1.05	0.95				
	206	1	54.203053675789484	11.159452227368421	0.0	-100.0	2	1.0432133599140758	-11.459572854966945	138.0	22	1.05	0.95				
	207	2	49.818983157894735	9.963796631578948	0.0	0.0	2	0.9992602166216126	-16.253666467910882	138.0	22	1.05	0.95				
	208	1	68.15236896	13.949315284210526	0.0	0.0	2	1.0037387432789555	-14.457616173616255	138.0	22	1.05	0.95				
	209	1	69.74657642105264	14.347867149473684	0.0	0.0	2	1.0231589906188256	-8.53610381389812	138.0	23	1.05	0.95				
	210	1	77.71761372631578	15.942074610526316	0.0	0.0	2	1.05	-9.676814926117657	138.0	23	1.05	0.95				
	211	1	0.0	0.0	0.0	0.0	2	1.0025259117951917	-6.1207618099981325	230.0	23	1.05	0.95				
	212	1	0.0	0.0	0.0	0.0	2	1.0074286424360455	-2.796732986934662	230.0	23	1.05	0.95				
	213	2	105.61624429473684	21.52180072421053	0.0	0.0	2	0.9967203965115135	-4.206811102524306	230.0	24	1.05	0.95				
	214	2	77.31906186105263	15.543522745263157	0.0	0.0	2	0.9996917309039561	-4.660328760543006	230.0	26	1.05	0.95				
	215	2	126.34094128842104	25.50731937684211	0.0	0.0	2	1.0139578782142598	-0.06046789696388045	230.0	26	1.05	0.95				
	216	2	39.85518652631579	7.971037305263158	0.0	0.0	2	1.013682188590577	-0.11833630809152203	230.0	26	1.05	0.95				
	217	1	0.0	0.0	0.0	0.0	2	1.0188853083812226	0.9498939040828346	230.0	27	1.05	0.95				
	218	2	132.71777113263158	27.101526837894742	0.0	0.0	2	1.018307455689401	0.5716463187545096	230.0	27	1.05	0.95				
	219	1	72.13788761263157	14.746419014736842	0.0	0.0	2	1.0117956740203728	-0.0672042848286028	230.0	25	1.05	0.95				
	220	1	51.01463875368422	10.362348496842106	0.0	0.0	2	1.0127847411509778	0.7782607693772576	230.0	25	1.05	0.95				
	221	2	0.0	0.0	0.0	0.0	2	1.0204502060069651	1.1697555409083895	230.0	27	1.05	0.95				
	222	2	0.0	0.0	0.0	0.0	2	1.0423702443562242	7.670577037127725	230.0	27	1.05	0.95				
	223	2	0.0	0.0	0.0	0.0	2	1.0140198196336856	1.5579956421622772	230.0	25	1.05	0.95				
	224	1	0.0	0.0	0.0	0.0	2	1.0036810906547948	-3.192439190473257	230.0	26	1.05	0.95				
	301	2	42.33217335157895	8.62322049754386	0.0	0.0	3	1.006434776532791	-2.8844306286561596	138.0	31	1.05	0.95				
	302	2	38.02056310280702	7.839291361403509	0.0	0.0	3	1.0064738579768528	-2.9181149628515635	138.0	32	1.05	0.95				
	303	1	70.55362225263157	14.50268901859649	0.0	0.0	3	1.0132479898482318	-0.47285501809974106	138.0	31	1.05	0.95				
	304	1	29.00537803719298	5.879468521052631	0.0	0.0	3	1.0094442595741628	-1.5632309819489083	138.0	31	1.05	0.95				
	305	1	27.829484332982457	5.487503952982457	0.0	0.0	3	1.0229206996319051	-1.7774224479483005	138.0	31	1.05	0.95				
	306	1	53.30718125754387	10.975007905964913	0.0	-100.0	3	1.0410539329628765	-1.6415327945532863	138.0	32	1.05	0.95				
	307	2	48.99557100877193	9.799114201754385	0.0	0.0	3	0.9953894258613086	-5.131842158812669	138.0	32	1.05	0.95				
	308	1	67.02594114	13.718759882456139	0.0	0.0	3	1.004293196874226	-3.427332994158995	138.0	32	1.05	0.95				
	309	1	68.5937994122807	14.110724450526316	0.0	0.0	3	1.023820238266043	1.160007902083262	138.0	33	1.05	0.95				
	310	1	76.43309077368421	15.678582722807018	0.0	0.0	3	1.05	0.5893951446146588	138.0	33	1.05	0.95				
	311	1	0.0	0.0	0.0	0.0	3	1.001748803367655	4.999541302206648	230.0	33	1.05	0.95				
	312	1	0.0	0.0	0.0	0.0	3	1.008373008912548	5.860459772936417	230.0	33	1.05	0.95				
	313	2	103.8706105385965	21.166086675789476	0.0	0.0	3	1.008044154024091	10.12270120979091	230.0	34	1.05	0.95				
	314	2	76.04112620561403	15.286618154736843	0.0	0.0	3	0.9933662058381165	4.7636455575281955	230.0	36	1.05	0.95				
	315	2	124.25276807824561	25.08573235649123	0.0	0.0	3	1.0087324168842486	2.6102974475584007	230.0	36	1.05	0.95				
	316	2	39.19645680701754	7.839291361403509	0.0	0.0	3	1.008443030227	3.302300629222768	230.0	36	1.05	0.95				
	317	1	0.0	0.0	0.0	0.0	3	1.0131888984947224	3.4746337946075028	230.0	37	1.05	0.95				
	318	2	130.52420116736843	26.653590628771934	0.0	0.0	3	1.0117970081417382	2.821830293436612	230.0	37	1.05	0.95				
	319	1	70.94558682070175	14.50268901859649	0.0	0.0	3	1.0099671955780634	5.346296673258967	230.0	35	1.05	0.95				
	320	1	50.17146471298246	10.191078769824562	0.0	0.0	3	1.011494696035541	6.6003103206151374	230.0	35	1.05	0.95				
	321	2	0.0	0.0	0.0	0.0	3	1.0128326325313257	3.3206592908331065	230.0	37	1.05	0.95				
	322	2	0.0	0.0	0.0	0.0	3	1.0266323202435337	7.88759849179322	230.0	37	1.05	0.95				
	323	2	0.0	0.0	0.0	0.0	3	1.0122274235909259	7.243732493578109	230.0	35	1.05	0.95				
	324	1	0.0	0.0	0.0	0.0	3	1.0064403682274417	2.636394218966743	230.0	36	1.05	0.95				
	325	1	0.0	0.0	0.0	0.0	3	1.014784600360807	7.604944539669665	230.0	35	1.05	0.95				
];
