%% MATPOWER Case Format : Version 2
function mpc = RTS_GMLC
mpc.version = '2';

%%-----  Power Flow Data  -----%%
%% system MVA base
mpc.baseMVA = 100.0;
%% bus data
%    bus_i    type    Pd    Qd    Gs    Bs    area    Vm    Va    baseKV    zone    Vmax    Vmin
mpc.bus = [
	101	2	48.30875802947369	9.840672931929825	0.0	0.0	1	1.0315710134737668	1.0059624236429574	138.0	11	1.05	0.95				
	102	2	43.38842156350877	8.946066301754387	0.0	0.0	1	1.0306015535444855	0.7152067940853876	138.0	12	1.05	0.95				
	103	1	80.51459671578948	16.550222658245612	0.0	0.0	1	1.0295819015293552	0.6955002912106196	138.0	11	1.05	0.95				
	104	1	33.100445316491225	6.709549726315789	0.0	0.0	1	1.0199766023015866	-2.1533888799837912	138.0	11	1.05	0.95				
	105	1	31.75853537122807	6.262246411228071	0.0	0.0	1	1.034677400346712	-2.064996371391301	138.0	11	1.05	0.95				
	106	1	60.83325085192983	12.524492822456143	0.0	-100.0	1	1.0443658547104422	-4.277979553177295	138.0	12	1.05	0.95				
	107	2	55.91291438596492	11.182582877192983	0.0	0.0	1	0.9991187027026955	-10.796559585041985	138.0	12	1.05	0.95				
	108	1	76.48886688	15.655616028070174	0.0	0.0	1	1.002303720799008	-8.97033266385001	138.0	12	1.05	0.95				
	109	1	78.27808014035088	16.102919343157897	0.0	0.0	1	1.0247009270535716	-2.679424470979564	138.0	13	1.05	0.95				
	110	1	87.22414644210527	17.892132603508774	0.0	0.0	1	1.05	-3.761365065198368	138.0	13	1.05	0.95				
	111	1	0.0	0.0	0.0	0.0	1	1.006248592022098	-0.3121207388390278	230.0	13	1.05	0.95				
	112	1	0.0	0.0	0.0	0.0	1	1.0097730791315214	-0.7841490918786332	230.0	13	1.05	0.95				
	113	3	118.5353784982456	24.154379014736843	0.0	0.0	1	0.9988571723214248	7.820157421897287e-30	230.0	14	1.05	0.95				
	114	2	86.77684312701754	17.444829288421055	0.0	0.0	1	1.0077761187306116	2.4297411905375887	230.0	16	1.05	0.95				
	115	2	141.795150882807	28.627412165614036	0.0	0.0	1	1.0426751603391584	10.153293932026513	230.0	16	1.05	0.95				
	116	2	44.73033150877193	8.946066301754387	0.0	0.0	1	1.0363809372255506	8.906386749748657	230.0	16	1.05	0.95				
	117	1	0.0	0.0	0.0	0.0	1	1.0408328319422708	13.863434397113659	230.0	17	1.05	0.95				
	118	2	148.95200392421054	30.416625425964916	0.0	0.0	1	1.0495968460597498	14.157366502044171	230.0	17	1.05	0.95				
	119	1	80.9619000308772	16.550222658245612	0.0	0.0	1	1.0261532057801221	5.882314415508115	230.0	15	1.05	0.95				
	120	1	57.25482433122807	11.629886192280702	0.0	0.0	1	1.0222635958552935	4.0941652765893854	230.0	15	1.05	0.95				
	121	2	0.0	0.0	0.0	0.0	1	1.05	15.50866356173929	230.0	17	1.05	0.95				
	122	2	0.0	0.0	0.0	0.0	1	1.05	31.784111051600316	230.0	17	1.05	0.95				
	123	2	0.0	0.0	0.0	0.0	1	1.0209043944388352	3.452850302385332	230.0	15	1.05	0.95				
	124	1	0.0	0.0	0.0	0.0	1	1.0258996820884059	6.621505739398825	230.0	16	1.05	0.95				
	201	2	47.93955612631579	9.765465136842105	0.0	0.0	2	1.021771746193576	-12.217667167309948	138.0	21	1.05	0.95				
	202	2	43.05682355789473	8.87769557894737	0.0	0.0	2	1.02230013056384	-12.146389181912559	138.0	22	1.05	0.95				
	203	1	79.89926021052631	16.423736821052632	0.0	0.0	2	1.015806982324306	-10.470314061280986	138.0	21	1.05	0.95				
	204	1	32.847473642105264	6.658271684210526	0.0	0.0	2	1.0157712315009921	-13.238671935175944	138.0	21	1.05	0.95				
	205	1	31.515819305263154	6.214386905263158	0.0	0.0	2	1.0305054671269167	-13.573498064321488	138.0	21	1.05	0.95				
	206	1	60.3683299368421	12.428773810526316	0.0	-100.0	2	1.0432663655952443	-14.764496863749029	138.0	22	1.05	0.95				
	207	2	55.48559736842105	11.09711947368421	0.0	0.0	2	0.9922912196822601	-20.910723324908457	138.0	22	1.05	0.95				
	208	1	75.90429719999999	15.535967263157893	0.0	0.0	2	0.9978027345404326	-18.89061216903927	138.0	22	1.05	0.95				
	209	1	77.67983631578946	15.97985204210526	0.0	0.0	2	1.0229910744638158	-12.300351612361021	138.0	23	1.05	0.95				
	210	1	86.55753189473683	17.75539115789474	0.0	0.0	2	1.05	-13.518094908976982	138.0	23	1.05	0.95				
	211	1	0.0	0.0	0.0	0.0	2	1.0067405243424168	-9.406467622165714	230.0	23	1.05	0.95				
	212	1	0.0	0.0	0.0	0.0	2	1.00928631891785	-8.417352096936273	230.0	23	1.05	0.95				
	213	2	117.62946642105261	23.969778063157896	0.0	0.0	2	1.0037587786399491	-7.94247048565962	230.0	24	1.05	0.95				
	214	2	86.11364711578946	17.311506378947367	0.0	0.0	2	1.0073906252468445	-7.0822173010281135	230.0	26	1.05	0.95				
	215	2	140.71147492631576	28.408625852631573	0.0	0.0	2	1.0234205234169564	-0.9928683683549875	230.0	26	1.05	0.95				
	216	2	44.38847789473684	8.87769557894737	0.0	0.0	2	1.025200605923102	-1.0933079743141911	230.0	26	1.05	0.95				
	217	1	0.0	0.0	0.0	0.0	2	1.029006651635018	0.47152136161941766	230.0	27	1.05	0.95				
	218	2	147.81363138947367	30.18416496842105	0.0	0.0	2	1.0280666158787475	-0.1008861132320061	230.0	27	1.05	0.95				
	219	1	80.34314498947369	16.423736821052632	0.0	0.0	2	1.0268970766772778	-0.9041634213649979	230.0	25	1.05	0.95				
	220	1	56.817251705263146	11.541004252631579	0.0	0.0	2	1.0314726467339481	0.12200401614665318	230.0	25	1.05	0.95				
	221	2	0.0	0.0	0.0	0.0	2	1.0298809408814322	0.4075503383999535	230.0	27	1.05	0.95				
	222	2	0.0	0.0	0.0	0.0	2	1.0499999982154073	6.9246784775411285	230.0	27	1.05	0.95				
	223	2	0.0	0.0	0.0	0.0	2	1.0349166385105262	1.0184092444851942	230.0	25	1.05	0.95				
	224	1	0.0	0.0	0.0	0.0	2	1.0088933027229336	-4.551331819216342	230.0	26	1.05	0.95				
	301	2	50.87377413473685	10.36317621263158	0.0	0.0	3	1.0131021808712726	-6.657660662355948	138.0	31	1.05	0.95				
	302	2	45.692186028421055	9.421069284210528	0.0	0.0	3	1.012016652807381	-6.977981156351476	138.0	32	1.05	0.95				
	303	1	84.78962355789474	17.428978175789474	0.0	0.0	3	1.0499999934444897	5.794259443423771	138.0	31	1.05	0.95				
	304	1	34.85795635157895	7.065801963157894	0.0	0.0	3	1.0109718763033286	-5.8862676227361765	138.0	31	1.05	0.95				
	305	1	33.444795958947374	6.59474849894737	0.0	0.0	3	1.0257311780319078	-7.417377092863107	138.0	31	1.05	0.95				
	306	1	64.06327113263158	13.18949699789474	0.0	-100.0	3	1.04016552352318	-8.401377712236302	138.0	32	1.05	0.95				
	307	2	58.88168302631579	11.77633660526316	0.0	0.0	3	0.9884709899624123	-13.385064997406303	138.0	32	1.05	0.95				
	308	1	80.55014238	16.48687124736842	0.0	0.0	3	0.9946406233382905	-11.229979161738266	138.0	32	1.05	0.95				
	309	1	82.4343562368421	16.957924711578947	0.0	0.0	3	1.0248324960410116	-3.0558217722478505	138.0	33	1.05	0.95				
	310	1	91.85542552105264	18.842138568421056	0.0	0.0	3	1.05	-6.663131509886168	138.0	33	1.05	0.95				
	311	1	0.0	0.0	0.0	0.0	3	1.0106422714830945	-1.7602248453594491	230.0	33	1.05	0.95				
	312	1	0.0	0.0	0.0	0.0	3	1.0145997747068318	-1.1026907896726212	230.0	33	1.05	0.95				
	313	2	124.82916801578948	25.436887067368424	0.0	0.0	3	1.0130378447629358	1.2215650810015637	230.0	34	1.05	0.95				
	314	2	91.38437205684211	18.37108510421053	0.0	0.0	3	1.009281380463644	-1.1827342396834248	230.0	36	1.05	0.95				
	315	2	149.32394815473685	30.147421709473686	0.0	0.0	3	1.0441241794059961	2.698776127194982	230.0	36	1.05	0.95				
	316	2	47.10534642105264	9.421069284210528	0.0	0.0	3	1.0390131872834742	2.429021226452448	230.0	36	1.05	0.95				
	317	1	0.0	0.0	0.0	0.0	3	1.0488199703373375	6.1888005614361115	230.0	37	1.05	0.95				
	318	2	156.8608035821053	32.03163556631579	0.0	0.0	3	1.0460840698298297	4.536025905270394	230.0	37	1.05	0.95				
	319	1	85.26067702210527	17.428978175789474	0.0	0.0	3	1.0320633842496598	1.9180003090074424	230.0	35	1.05	0.95				
	320	1	60.29484341894737	12.247390069473687	0.0	0.0	3	1.029360529448208	2.379603560410512	230.0	35	1.05	0.95				
	321	2	0.0	0.0	0.0	0.0	3	1.0462813318726865	4.5172242500761115	230.0	37	1.05	0.95				
	322	2	0.0	0.0	0.0	0.0	3	1.05	9.514048995722497	230.0	37	1.05	0.95				
	323	2	0.0	0.0	0.0	0.0	3	1.0287276988993213	2.9956043541468547	230.0	35	1.05	0.95				
	324	1	0.0	0.0	0.0	0.0	3	1.0433554270349576	3.8858885853217733	230.0	36	1.05	0.95				
	325	1	0.0	0.0	0.0	0.0	3	1.0272974470630245	4.057780546202936	230.0	35	1.05	0.95				
];
