%% MATPOWER Case Format : Version 2
function mpc = RTS_GMLC
mpc.version = '2';

%%-----  Power Flow Data  -----%%
%% system MVA base
mpc.baseMVA = 100.0;
%% bus data
%    bus_i    type    Pd    Qd    Gs    Bs    area    Vm    Va    baseKV    zone    Vmax    Vmin
mpc.bus = [
	101	2	54.36071253473684	11.073478479298245	0.0	0.0	1	1.0333817040310294	1.3940567626782148	138.0	11	1.05	0.95				
	102	2	48.82397329508772	10.06679861754386	0.0	0.0	1	1.0329395582332512	1.2610590488888558	138.0	12	1.05	0.95				
	103	1	90.60118755789473	18.623577442456142	0.0	0.0	1	1.0266794075080796	-0.7085577812042358	138.0	11	1.05	0.95				
	104	1	37.247154884912284	7.550098963157895	0.0	0.0	1	1.0203539098418974	-1.8167428634528788	138.0	11	1.05	0.95				
	105	1	35.737135092280695	7.046759032280702	0.0	0.0	1	1.0349231176707334	-1.6159479424685315	138.0	11	1.05	0.95				
	106	1	68.45423059929826	14.093518064561405	0.0	-100.0	1	1.0433575867774998	-3.80339040953028	138.0	12	1.05	0.95				
	107	2	62.91749135964913	12.583498271929825	0.0	0.0	1	1.020403226599235	-3.418904552101207	138.0	12	1.05	0.95				
	108	1	86.07112818	17.616897580701753	0.0	0.0	1	1.0154155439369998	-4.7042725177263085	138.0	12	1.05	0.95				
	109	1	88.08448790350877	18.120237511578946	0.0	0.0	1	1.025575838196156	-2.296948877075839	138.0	13	1.05	0.95				
	110	1	98.15128652105263	20.13359723508772	0.0	0.0	1	1.05	-3.0806720749095033	138.0	13	1.05	0.95				
	111	1	0.0	0.0	0.0	0.0	1	1.0052801806321132	-0.6478296373277299	230.0	13	1.05	0.95				
	112	1	0.0	0.0	0.0	0.0	1	1.0101210258521969	0.09363801328986318	230.0	13	1.05	0.95				
	113	3	133.38508168245613	27.18035626736842	0.0	0.0	1	0.9987493727383979	-2.59821693776832e-32	230.0	14	1.05	0.95				
	114	2	97.64794659017544	19.630257304210527	0.0	0.0	1	1.00181479624536	0.9462343070860073	230.0	16	1.05	0.95				
	115	2	159.55875808807016	32.21375557614035	0.0	0.0	1	1.0397264323065742	6.370152994159054	230.0	16	1.05	0.95				
	116	2	50.3339930877193	10.06679861754386	0.0	0.0	1	1.035389833497692	6.1517823933182445	230.0	16	1.05	0.95				
	117	1	0.0	0.0	0.0	0.0	1	1.0428990785103505	7.622203197009804	230.0	17	1.05	0.95				
	118	2	167.61219698210525	34.22711529964913	0.0	0.0	1	1.0453658535431127	7.4233451321383335	230.0	17	1.05	0.95				
	119	1	91.10452748877194	18.623577442456142	0.0	0.0	1	1.0293511343889892	5.629889200461031	230.0	15	1.05	0.95				
	120	1	64.4275111522807	13.08683820280702	0.0	0.0	1	1.0278450706913693	6.148460933502285	230.0	15	1.05	0.95				
	121	2	0.0	0.0	0.0	0.0	1	1.0499999865332141	8.383332520484355	230.0	17	1.05	0.95				
	122	2	0.0	0.0	0.0	0.0	1	1.05	15.074862316782665	230.0	17	1.05	0.95				
	123	2	0.0	0.0	0.0	0.0	1	1.0280489439753024	6.819667799912303	230.0	15	1.05	0.95				
	124	1	0.0	0.0	0.0	0.0	1	1.025556074615785	3.7329600580692492	230.0	16	1.05	0.95				
	201	2	50.55753186947369	10.298756491929826	0.0	0.0	2	1.031352768791229	-4.768548675701667	138.0	21	1.05	0.95				
	202	2	45.408153623508774	9.362505901754387	0.0	0.0	2	1.0317049360141022	-4.748019459173396	138.0	22	1.05	0.95				
	203	1	84.26255311578949	17.320635918245614	0.0	0.0	2	1.0238406023961009	-4.389557689981718	138.0	21	1.05	0.95				
	204	1	34.64127183649123	7.02187942631579	0.0	0.0	2	1.0197552316093714	-7.102717447203315	138.0	21	1.05	0.95				
	205	1	33.23689595122807	6.553754131228071	0.0	0.0	2	1.0346780623390204	-7.243359802498243	138.0	21	1.05	0.95				
	206	1	63.66504013192983	13.107508262456141	0.0	-100.0	2	1.0443520563362627	-9.07388370759139	138.0	22	1.05	0.95				
	207	2	58.51566188596492	11.703132377192983	0.0	0.0	2	0.9889140952097051	-16.152979608220377	138.0	22	1.05	0.95				
	208	1	80.04942546	16.384385328070174	0.0	0.0	2	0.9949851797660364	-14.012196093863738	138.0	22	1.05	0.95				
	209	1	81.92192664035089	16.852510623157897	0.0	0.0	2	1.0237365251659316	-7.124451223065615	138.0	23	1.05	0.95				
	210	1	91.28443254210526	18.725011803508774	0.0	0.0	2	1.05	-8.267872242015656	138.0	23	1.05	0.95				
	211	1	0.0	0.0	0.0	0.0	2	1.006840901020103	-4.56531349096442	230.0	23	1.05	0.95				
	212	1	0.0	0.0	0.0	0.0	2	1.0103757676829306	-4.042964330294285	230.0	23	1.05	0.95				
	213	2	124.05320319824563	25.278765934736846	0.0	0.0	2	1.00084661996731	-3.7622757936160633	230.0	24	1.05	0.95				
	214	2	90.81630724701755	18.256886508421054	0.0	0.0	2	1.0087408895204277	-2.0364856995610303	230.0	26	1.05	0.95				
	215	2	148.39571854280703	29.960018885614037	0.0	0.0	2	1.030521903566643	4.364786465483425	230.0	26	1.05	0.95				
	216	2	46.81252950877193	9.362505901754387	0.0	0.0	2	1.0318706545703047	4.336175402782371	230.0	26	1.05	0.95				
	217	1	0.0	0.0	0.0	0.0	2	1.0373753469361648	7.066467586561448	230.0	27	1.05	0.95				
	218	2	155.88572326421053	31.832520065964914	0.0	0.0	2	1.0392996482353216	7.699844804431419	230.0	27	1.05	0.95				
	219	1	84.7306784108772	17.320635918245614	0.0	0.0	2	1.0309275757706542	3.3856456243234767	230.0	25	1.05	0.95				
	220	1	59.920037771228074	12.171257672280703	0.0	0.0	2	1.0335104099770553	3.464167218663904	230.0	25	1.05	0.95				
	221	2	0.0	0.0	0.0	0.0	2	1.0388480910245934	7.339648031473859	230.0	27	1.05	0.95				
	222	2	0.0	0.0	0.0	0.0	2	1.05	13.733353525575689	230.0	27	1.05	0.95				
	223	2	0.0	0.0	0.0	0.0	2	1.0356654896055701	3.860450972879425	230.0	25	1.05	0.95				
	224	1	0.0	0.0	0.0	0.0	2	1.017079719819771	1.0755390187170983	230.0	26	1.05	0.95				
	301	2	50.29294528421053	10.244859224561404	0.0	0.0	3	1.0079729778909012	-23.862621600492314	138.0	31	1.05	0.95				
	302	2	45.17051567192982	9.313508385964914	0.0	0.0	3	1.0074430308061815	-23.985411074982462	138.0	32	1.05	0.95				
	303	1	83.82157547368422	17.229990514035087	0.0	0.0	3	1.0236205803157055	-17.85070265581594	138.0	31	1.05	0.95				
	304	1	34.459981028070175	6.985131289473684	0.0	0.0	3	1.009458241678667	-22.447370284760538	138.0	31	1.05	0.95				
	305	1	33.06295477017544	6.519455870175439	0.0	0.0	3	1.0228467533172303	-23.229828212245874	138.0	31	1.05	0.95				
	306	1	63.33185702456141	13.038911740350878	0.0	-100.0	3	1.0392082110371188	-23.42220691264585	138.0	32	1.05	0.95				
	307	2	58.209427412280704	11.641885482456141	0.0	0.0	3	0.9933465525086081	-28.607154872974053	138.0	32	1.05	0.95				
	308	1	79.6304967	16.298639675438594	0.0	0.0	3	0.9981518886580724	-26.475585917181988	138.0	32	1.05	0.95				
	309	1	81.49319837719298	16.764315094736844	0.0	0.0	3	1.0261232846701358	-19.28416913185116	138.0	33	1.05	0.95				
	310	1	90.80670676315789	18.627016771929828	0.0	0.0	3	1.05	-21.099695552718263	138.0	33	1.05	0.95				
	311	1	0.0	0.0	0.0	0.0	3	1.011122068959097	-14.830580724498805	230.0	33	1.05	0.95				
	312	1	0.0	0.0	0.0	0.0	3	1.012425886418608	-14.422020122092096	230.0	33	1.05	0.95				
	313	2	123.40398611403509	25.146472642105266	0.0	0.0	3	1.0135184066382883	-11.328497240176107	230.0	34	1.05	0.95				
	314	2	90.34103134385964	18.16134135263158	0.0	0.0	3	1.0172800591688065	-12.482198230350711	230.0	36	1.05	0.95				
	315	2	147.61910791754386	29.80322683508772	0.0	0.0	3	1.0417639129589107	-6.755240565386393	230.0	36	1.05	0.95				
	316	2	46.567541929824564	9.313508385964914	0.0	0.0	3	1.0402650410282321	-6.396494692750478	230.0	36	1.05	0.95				
	317	1	0.0	0.0	0.0	0.0	3	1.0439457051094037	-4.357780727042837	230.0	37	1.05	0.95				
	318	2	155.0699146263158	31.665928512280704	0.0	0.0	3	1.0442235291257846	-3.9077364556836214	230.0	37	1.05	0.95				
	319	1	84.28725089298246	17.229990514035087	0.0	0.0	3	1.0356752055507965	-7.532172712544058	230.0	35	1.05	0.95				
	320	1	59.60645367017544	12.107560901754386	0.0	0.0	3	1.0350969546441013	-7.631666872727359	230.0	35	1.05	0.95				
	321	2	0.0	0.0	0.0	0.0	3	1.046889703265923	-3.3776692213841186	230.0	37	1.05	0.95				
	322	2	0.0	0.0	0.0	0.0	3	1.05	0.572072076225788	230.0	37	1.05	0.95				
	323	2	0.0	0.0	0.0	0.0	3	1.0354638523902577	-7.334400680702964	230.0	35	1.05	0.95				
	324	1	0.0	0.0	0.0	0.0	3	1.0211117816647917	-10.881649426800088	230.0	36	1.05	0.95				
	325	1	0.0	0.0	0.0	0.0	3	1.031825568659013	-6.022622841929488	230.0	35	1.05	0.95				
];
