%% MATPOWER Case Format : Version 2
function mpc = RTS_GMLC
mpc.version = '2';

%%-----  Power Flow Data  -----%%
%% system MVA base
mpc.baseMVA = 100.0;
%% bus data
%    bus_i    type    Pd    Qd    Gs    Bs    area    Vm    Va    baseKV    zone    Vmax    Vmin
mpc.bus = [
	101	2	48.95002474105263	9.971301336140352	0.0	0.0	1	1.0422523769502114	1.6074494603426683	138.0	11	1.05	0.95				
	102	2	43.96437407298245	9.06481939649123	0.0	0.0	1	1.0398629107795154	0.9816195922355454	138.0	12	1.05	0.95				
	103	1	81.58337456842105	16.76991588350877	0.0	0.0	1	1.0309457863804057	-0.3008297668819704	138.0	11	1.05	0.95				
	104	1	33.53983176701754	6.798614547368421	0.0	0.0	1	1.0267342878055918	-1.6975609817544324	138.0	11	1.05	0.95				
	105	1	32.18010885754386	6.34537357754386	0.0	0.0	1	1.0396859016553033	-1.9102771163815035	138.0	11	1.05	0.95				
	106	1	61.64077189614036	12.69074715508772	0.0	-100.0	1	1.0462373417232231	-4.465223484608984	138.0	12	1.05	0.95				
	107	2	56.65512122807017	11.331024245614035	0.0	0.0	1	1.0008991956293305	-9.985372510252606	138.0	12	1.05	0.95				
	108	1	77.50420584	15.863433943859647	0.0	0.0	1	1.0038185262347514	-8.694810179607321	138.0	12	1.05	0.95				
	109	1	79.31716971929825	16.31667491368421	0.0	0.0	1	1.0247716521889598	-3.1233321760942894	138.0	13	1.05	0.95				
	110	1	88.38198911578947	18.12963879298246	0.0	0.0	1	1.05	-4.08533422637469	138.0	13	1.05	0.95				
	111	1	0.0	0.0	0.0	0.0	1	1.0034968587727564	-1.2847222645568077	230.0	13	1.05	0.95				
	112	1	0.0	0.0	0.0	0.0	1	1.0076005104817864	-1.4295585940098487	230.0	13	1.05	0.95				
	113	3	120.10885700350877	24.475012370526315	0.0	0.0	1	0.9965822670954843	2.0718145388973504e-30	230.0	14	1.05	0.95				
	114	2	87.9287481459649	17.676397823157895	0.0	0.0	1	0.9997543898607144	0.049680713404671624	230.0	16	1.05	0.95				
	115	2	143.67738743438596	29.00742206877193	0.0	0.0	1	1.0342278573573103	5.610169450408632	230.0	16	1.05	0.95				
	116	2	45.32409698245614	9.06481939649123	0.0	0.0	1	1.029420879422344	4.621411081562661	230.0	16	1.05	0.95				
	117	1	0.0	0.0	0.0	0.0	1	1.037468872162982	8.080284305481053	230.0	17	1.05	0.95				
	118	2	150.92924295157894	30.82038594807018	0.0	0.0	1	1.0416714313966438	8.636172296704883	230.0	17	1.05	0.95				
	119	1	82.03661553824561	16.76991588350877	0.0	0.0	1	1.01895273002142	2.543122784952056	230.0	15	1.05	0.95				
	120	1	58.01484413754386	11.784265215438596	0.0	0.0	1	1.0133063948358443	1.310333956141082	230.0	15	1.05	0.95				
	121	2	0.0	0.0	0.0	0.0	1	1.0446563390463848	9.971374606974466	230.0	17	1.05	0.95				
	122	2	0.0	0.0	0.0	0.0	1	1.05	17.7770715815201	230.0	17	1.05	0.95				
	123	2	0.0	0.0	0.0	0.0	1	1.0109079115807889	0.9860582992654622	230.0	15	1.05	0.95				
	124	1	0.0	0.0	0.0	0.0	1	1.0248801159863048	3.38534046192375	230.0	16	1.05	0.95				
	201	2	44.930583966315794	9.152526363508773	0.0	0.0	2	1.015624669679617	-10.816141920152408	138.0	21	1.05	0.95				
	202	2	40.3543207845614	8.320478512280703	0.0	0.0	2	1.0147848932635763	-11.0555519553483	138.0	22	1.05	0.95				
	203	1	74.88430661052632	15.392885247719299	0.0	0.0	2	1.014607965210404	-8.15428930083811	138.0	21	1.05	0.95				
	204	1	30.785770495438598	6.240358884210527	0.0	0.0	2	1.0129688361417704	-10.43327168015739	138.0	21	1.05	0.95				
	205	1	29.537698718596495	5.824334958596492	0.0	0.0	2	1.0277024130674983	-10.760769078737948	138.0	21	1.05	0.95				
	206	1	56.579253883508784	11.648669917192985	0.0	-100.0	2	1.0424971049052496	-11.247766123497229	138.0	22	1.05	0.95				
	207	2	52.00299070175439	10.400598140350878	0.0	0.0	2	0.9980715607442218	-16.26564947163059	138.0	22	1.05	0.95				
	208	1	71.14009128000001	14.560837396491227	0.0	0.0	2	1.0024497439673261	-14.381251583437537	138.0	22	1.05	0.95				
	209	1	72.80418698245614	14.976861322105265	0.0	0.0	2	1.023650299109802	-8.204113226011415	138.0	23	1.05	0.95				
	210	1	81.12466549473685	16.640957024561406	0.0	0.0	2	1.05	-9.367442012384704	138.0	23	1.05	0.95				
	211	1	0.0	0.0	0.0	0.0	2	1.0036554919356404	-5.747561866288598	230.0	23	1.05	0.95				
	212	1	0.0	0.0	0.0	0.0	2	1.0091552812351787	-2.025396443646321	230.0	23	1.05	0.95				
	213	2	110.2463402877193	22.465291983157897	0.0	0.0	2	0.9982539658354902	-3.8009051548924724	230.0	24	1.05	0.95				
	214	2	80.7086415691228	16.224933098947368	0.0	0.0	2	1.0015260486123263	-4.2720381099538045	230.0	26	1.05	0.95				
	215	2	131.87958441964912	26.62553123929825	0.0	0.0	2	1.0183118081323335	0.7736775930449876	230.0	26	1.05	0.95				
	216	2	41.60239256140351	8.320478512280703	0.0	0.0	2	1.017265805059548	0.3850461205598227	230.0	26	1.05	0.95				
	217	1	0.0	0.0	0.0	0.0	2	1.0222587823786846	1.3664855711982924	230.0	27	1.05	0.95				
	218	2	138.5359672294737	28.289626941754392	0.0	0.0	2	1.021845516120897	1.0630184174026034	230.0	27	1.05	0.95				
	219	1	75.30033053614036	15.392885247719299	0.0	0.0	2	1.0149923171686002	0.13350972644196976	230.0	25	1.05	0.95				
	220	1	53.2510624785965	10.816622065964914	0.0	0.0	2	1.0158094327270224	0.744943264709761	230.0	25	1.05	0.95				
	221	2	0.0	0.0	0.0	0.0	2	1.0241891800196958	1.7652570024329377	230.0	27	1.05	0.95				
	222	2	0.0	0.0	0.0	0.0	2	1.0458383158090165	8.151473819769745	230.0	27	1.05	0.95				
	223	2	0.0	0.0	0.0	0.0	2	1.016942210739176	1.4077257775369403	230.0	25	1.05	0.95				
	224	1	0.0	0.0	0.0	0.0	2	1.0059246713080017	-2.5913990980792923	230.0	26	1.05	0.95				
	301	2	57.04080987789475	11.619424234385967	0.0	0.0	3	1.0044718230806027	-8.03872017385188	138.0	31	1.05	0.95				
	302	2	51.23109776070176	10.563112940350878	0.0	0.0	3	1.0042036860756076	-8.124451767578071	138.0	32	1.05	0.95				
	303	1	95.06801646315792	19.541758939649124	0.0	0.0	3	1.0174200922863605	-3.6883987668271474	138.0	31	1.05	0.95				
	304	1	39.08351787929825	7.922334705263158	0.0	0.0	3	1.0057640633845166	-6.482995576351395	138.0	31	1.05	0.95				
	305	1	37.49905093824562	7.394179058245616	0.0	0.0	3	1.0196356177649217	-6.621998925085612	138.0	31	1.05	0.95				
	306	1	71.82916799438598	14.788358116491231	0.0	-100.0	3	1.0363685824274995	-6.439581770364685	138.0	32	1.05	0.95				
	307	2	66.019455877193	13.203891175438597	0.0	0.0	3	0.9930950114360502	-12.316573466327917	138.0	32	1.05	0.95				
	308	1	90.31461564	18.485447645614038	0.0	0.0	3	0.9966647321404221	-9.864276181575544	138.0	32	1.05	0.95				
	309	1	92.42723822807018	19.013603292631583	0.0	0.0	3	1.0247347040595614	-2.975977017990355	138.0	33	1.05	0.95				
	310	1	102.99035116842106	21.126225880701757	0.0	0.0	3	1.05	-3.513646186753008	138.0	33	1.05	0.95				
	311	1	0.0	0.0	0.0	0.0	3	1.0103058983536768	2.277670551797292	230.0	33	1.05	0.95				
	312	1	0.0	0.0	0.0	0.0	3	1.014588029790764	3.268233575308536	230.0	33	1.05	0.95				
	313	2	139.96124645964915	28.520404938947376	0.0	0.0	3	1.0234743976621596	8.237007938232262	230.0	34	1.05	0.95				
	314	2	102.46219552140352	20.59807023368421	0.0	0.0	3	1.0098533541477763	2.58720628764967	230.0	36	1.05	0.95				
	315	2	167.42534010456143	33.80196140912281	0.0	0.0	3	1.0214148193781962	0.5134316913732355	230.0	36	1.05	0.95				
	316	2	52.81556470175439	10.563112940350878	0.0	0.0	3	1.0214335776469354	1.3475205126959506	230.0	36	1.05	0.95				
	317	1	0.0	0.0	0.0	0.0	3	1.0255933065416396	1.9165590955478302	230.0	37	1.05	0.95				
	318	2	175.87583045684212	35.91458399719299	0.0	0.0	3	1.0228723009128924	1.0437335080077363	230.0	37	1.05	0.95				
	319	1	95.59617211017544	19.541758939649124	0.0	0.0	3	1.0224191235495068	3.448699247997857	230.0	35	1.05	0.95				
	320	1	67.60392281824562	13.732046822456143	0.0	0.0	3	1.0246642636928678	4.829865275128339	230.0	35	1.05	0.95				
	321	2	0.0	0.0	0.0	0.0	3	1.0245166624079962	1.4352842512398	230.0	37	1.05	0.95				
	322	2	0.0	0.0	0.0	0.0	3	1.0383474942003839	6.0291228326773565	230.0	37	1.05	0.95				
	323	2	0.0	0.0	0.0	0.0	3	1.0258743566761164	5.416662141902606	230.0	35	1.05	0.95				
	324	1	0.0	0.0	0.0	0.0	3	1.0158615879017368	0.8531024535402875	230.0	36	1.05	0.95				
	325	1	0.0	0.0	0.0	0.0	3	1.0272693257473942	5.81257653827447	230.0	35	1.05	0.95				
];
