%% MATPOWER Case Format : Version 2
function mpc = RTS_GMLC
mpc.version = '2';

%%-----  Power Flow Data  -----%%
%% system MVA base
mpc.baseMVA = 100.0;
%% bus data
%    bus_i    type    Pd    Qd    Gs    Bs    area    Vm    Va    baseKV    zone    Vmax    Vmin
mpc.bus = [
	101	2	40.25284510736843	8.199653632982457	0.0	0.0	1	1.023564526232795	4.057895044520796	138.0	11	1.05	0.95				
	102	2	36.1530182908772	7.454230575438597	0.0	0.0	1	1.0223727381079206	3.778699313636368	138.0	12	1.05	0.95				
	103	1	67.08807517894738	13.790326564561406	0.0	0.0	1	1.032302233129297	2.8382395888398873	138.0	11	1.05	0.95				
	104	1	27.580653129122812	5.590672931578948	0.0	0.0	1	1.0180441705045191	0.5259557478435694	138.0	11	1.05	0.95				
	105	1	26.462518542807018	5.217961402807019	0.0	0.0	1	1.0313237589607072	0.7136309941257397	138.0	11	1.05	0.95				
	106	1	50.68876791298247	10.435922805614037	0.0	-100.0	1	1.0442088930009592	-1.5785270456646632	138.0	12	1.05	0.95				
	107	2	46.58894109649123	9.317788219298247	0.0	0.0	1	0.985091421905257	-8.309294795623629	138.0	12	1.05	0.95				
	108	1	63.73367142000001	13.044903507017544	0.0	0.0	1	0.9967617387332305	-6.360751026436683	138.0	12	1.05	0.95				
	109	1	65.22451753508773	13.417615035789474	0.0	0.0	1	1.025796557134092	-0.588826277466368	138.0	13	1.05	0.95				
	110	1	72.67874811052633	14.908461150877194	0.0	0.0	1	1.05	-1.4644256051427456	138.0	13	1.05	0.95				
	111	1	0.0	0.0	0.0	0.0	1	1.0110015467292925	0.9899346334822667	230.0	13	1.05	0.95				
	112	1	0.0	0.0	0.0	0.0	1	1.0112677361761893	0.7366082418024761	230.0	13	1.05	0.95				
	113	3	98.7685551245614	20.126422553684215	0.0	0.0	1	0.9896377444295786	-1.5492134231951943e-27	230.0	14	1.05	0.95				
	114	2	72.3060365817544	14.535749622105264	0.0	0.0	1	1.0269100133615545	3.882556861248495	230.0	16	1.05	0.95				
	115	2	118.14955462070176	23.85353784140351	0.0	0.0	1	1.0468332512848213	10.858458155852965	230.0	16	1.05	0.95				
	116	2	37.27115287719299	7.454230575438597	0.0	0.0	1	1.0466698635799785	10.175819713307204	230.0	16	1.05	0.95				
	117	1	0.0	0.0	0.0	0.0	1	1.0446029418815506	14.32183286388564	230.0	17	1.05	0.95				
	118	2	124.11293908105266	25.344383956491235	0.0	0.0	1	1.05	14.129792287503955	230.0	17	1.05	0.95				
	119	1	67.46078670771931	13.790326564561406	0.0	0.0	1	1.0435475251159236	7.937149060468769	230.0	15	1.05	0.95				
	120	1	47.70707568280702	9.690499748070176	0.0	0.0	1	1.0439799049805603	6.69346703167937	230.0	15	1.05	0.95				
	121	2	0.0	0.0	0.0	0.0	1	1.040565511679902	14.909157408272629	230.0	17	1.05	0.95				
	122	2	0.0	0.0	0.0	0.0	1	1.05	32.89247253042922	230.0	17	1.05	0.95				
	123	2	0.0	0.0	0.0	0.0	1	1.044465301755049	6.288099963225901	230.0	15	1.05	0.95				
	124	1	0.0	0.0	0.0	0.0	1	1.0310746623853266	7.8716119492826895	230.0	16	1.05	0.95				
	201	2	46.851566172631586	9.543837553684211	0.0	0.0	2	1.022698213193375	-11.083939879260205	138.0	21	1.05	0.95				
	202	2	42.07964739578948	8.676215957894739	0.0	0.0	2	1.0238059079499044	-10.90986366156093	138.0	22	1.05	0.95				
	203	1	78.08594362105264	16.050999522105265	0.0	0.0	2	1.0132930096427641	-9.611514509248208	138.0	21	1.05	0.95				
	204	1	32.10199904421053	6.5071619684210535	0.0	0.0	2	1.0160329958059164	-12.695038290328068	138.0	21	1.05	0.95				
	205	1	30.800566650526317	6.073351170526316	0.0	0.0	2	1.0309510799542916	-13.02735465533718	138.0	21	1.05	0.95				
	206	1	58.998268513684216	12.146702341052633	0.0	-100.0	2	1.043642310379061	-14.501854358937308	138.0	22	1.05	0.95				
	207	2	54.2263497368421	10.845269947368422	0.0	0.0	2	0.9892307424902524	-20.768221911068206	138.0	22	1.05	0.95				
	208	1	74.18164644000001	15.183377926315789	0.0	0.0	2	0.9962392102840845	-18.80937634481564	138.0	22	1.05	0.95				
	209	1	75.91688963157895	15.617188724210527	0.0	0.0	2	1.0220131234524232	-12.3663509776631	138.0	23	1.05	0.95				
	210	1	84.59310558947368	17.352431915789477	0.0	0.0	2	1.05	-13.597984386461992	138.0	23	1.05	0.95				
	211	1	0.0	0.0	0.0	0.0	2	1.0070089877917148	-9.835888064899194	230.0	23	1.05	0.95				
	212	1	0.0	0.0	0.0	0.0	2	1.0110363364403054	-9.39161877663393	230.0	23	1.05	0.95				
	213	2	114.95986144210526	23.425783086315793	0.0	0.0	2	1.0015114353290193	-9.043653445631515	230.0	24	1.05	0.95				
	214	2	84.15929479157896	16.918621117894737	0.0	0.0	2	1.0095377333651654	-7.291552372070918	230.0	26	1.05	0.95				
	215	2	137.51802293263157	27.76389106526316	0.0	0.0	2	1.0268000669225181	-0.6584347516317535	230.0	26	1.05	0.95				
	216	2	43.38107978947369	8.676215957894739	0.0	0.0	2	1.0310933503391888	-1.1019925999275877	230.0	26	1.05	0.95				
	217	1	0.0	0.0	0.0	0.0	2	1.0366986775063558	1.3722887916994464	230.0	27	1.05	0.95				
	218	2	144.45899569894738	29.499134256842108	0.0	0.0	2	1.0356597261154115	0.9233903271717142	230.0	27	1.05	0.95				
	219	1	78.51975441894737	16.050999522105265	0.0	0.0	2	1.0320825848408655	-2.0964567013798505	230.0	25	1.05	0.95				
	220	1	55.52778213052632	11.279080745263158	0.0	0.0	2	1.0359538013393745	-2.120832664232552	230.0	25	1.05	0.95				
	221	2	0.0	0.0	0.0	0.0	2	1.0353388386040416	1.1952654592865242	230.0	27	1.05	0.95				
	222	2	0.0	0.0	0.0	0.0	2	1.05	7.763462219628616	230.0	27	1.05	0.95				
	223	2	0.0	0.0	0.0	0.0	2	1.0386303912490673	-1.8081820689418324	230.0	25	1.05	0.95				
	224	1	0.0	0.0	0.0	0.0	2	1.010619559739811	-3.9983766626233144	230.0	26	1.05	0.95				
	301	2	59.65453970526317	12.151850680701754	0.0	0.0	3	1.0090368412367698	-31.510514969827618	138.0	31	1.05	0.95				
	302	2	53.57861436491228	11.047136982456141	0.0	0.0	3	1.008309317923163	-31.681623640765004	138.0	32	1.05	0.95				
	303	1	99.42423284210527	20.43720341754386	0.0	0.0	3	1.030238186304114	-23.41878943152735	138.0	31	1.05	0.95				
	304	1	40.87440683508772	8.285352736842105	0.0	0.0	3	1.0087227478470189	-29.84110552585893	138.0	31	1.05	0.95				
	305	1	39.2173362877193	7.732995887719299	0.0	0.0	3	1.022116402925464	-30.93003920013048	138.0	31	1.05	0.95				
	306	1	75.12053148070176	15.465991775438598	0.0	-100.0	3	1.0368553638696685	-31.228234643385562	138.0	32	1.05	0.95				
	307	2	69.04460614035088	13.808921228070176	0.0	0.0	3	0.992166269259197	-37.49144325136258	138.0	32	1.05	0.95				
	308	1	94.4530212	19.332489719298245	0.0	0.0	3	0.9939445395679376	-34.88654389319524	138.0	32	1.05	0.95				
	309	1	96.66244859649123	19.884846568421054	0.0	0.0	3	1.027917020968457	-26.08788529176728	138.0	33	1.05	0.95				
	310	1	107.70958557894737	22.094273964912283	0.0	0.0	3	1.05	-28.575644070335642	138.0	33	1.05	0.95				
	311	1	0.0	0.0	0.0	0.0	3	1.0170949593331708	-21.612849774149044	230.0	33	1.05	0.95				
	312	1	0.0	0.0	0.0	0.0	3	1.0166306974414612	-20.705667963850722	230.0	33	1.05	0.95				
	313	2	146.37456501754386	29.827269852631584	0.0	0.0	3	1.0235206455094275	-17.680368143290053	230.0	34	1.05	0.95				
	314	2	107.15722872982457	21.541917115789474	0.0	0.0	3	1.0266104716720472	-19.359817746934073	230.0	36	1.05	0.95				
	315	2	175.0971211719298	35.35083834385965	0.0	0.0	3	1.0458473282975385	-13.85380762942017	230.0	36	1.05	0.95				
	316	2	55.2356849122807	11.047136982456141	0.0	0.0	3	1.0463873445340772	-12.862116424221767	230.0	36	1.05	0.95				
	317	1	0.0	0.0	0.0	0.0	3	1.05	-10.367861499443174	230.0	37	1.05	0.95				
	318	2	183.93483075789473	37.56026574035088	0.0	0.0	3	1.0474733202785849	-10.928931404317082	230.0	37	1.05	0.95				
	319	1	99.97658969122809	20.43720341754386	0.0	0.0	3	1.0437665594425767	-13.242648937105445	230.0	35	1.05	0.95				
	320	1	70.7016766877193	14.361278077192981	0.0	0.0	3	1.045687648015018	-12.535977117957307	230.0	35	1.05	0.95				
	321	2	0.0	0.0	0.0	0.0	3	1.0480940767949094	-11.30805311481605	230.0	37	1.05	0.95				
	322	2	0.0	0.0	0.0	0.0	3	1.05	-6.594199661068401	230.0	37	1.05	0.95				
	323	2	0.0	0.0	0.0	0.0	3	1.048010221353898	-11.742588501047548	230.0	35	1.05	0.95				
	324	1	0.0	0.0	0.0	0.0	3	1.0279684784572474	-17.41686734550376	230.0	36	1.05	0.95				
	325	1	0.0	0.0	0.0	0.0	3	1.0352529523807457	-9.637229422170863	230.0	35	1.05	0.95				
];
