%% MATPOWER Case Format : Version 2
function mpc = RTS_GMLC
mpc.version = '2';

%%-----  Power Flow Data  -----%%
%% system MVA base
mpc.baseMVA = 100.0;
%% bus data
%    bus_i    type    Pd    Qd    Gs    Bs    area    Vm    Va    baseKV    zone    Vmax    Vmin
mpc.bus = [
	101	2	39.77189511157896	8.10168233754386	0.0	0.0	1	1.0393240204438206	2.418398687602405	138.0	11	1.05	0.95				
	102	2	35.72105394280702	7.365165761403509	0.0	0.0	1	1.0385016733133143	2.151092916658426	138.0	12	1.05	0.95				
	103	1	66.28649185263158	13.62555665859649	0.0	0.0	1	1.0243585220700027	1.2418644980898244	138.0	11	1.05	0.95				
	104	1	27.25111331719298	5.523874321052632	0.0	0.0	1	1.0235844827407248	-0.8908584750546633	138.0	11	1.05	0.95				
	105	1	26.14633845298246	5.155616032982457	0.0	0.0	1	1.0396089447212495	-0.6935311879764925	138.0	11	1.05	0.95				
	106	1	50.083127177543865	10.311232065964914	0.0	-100.0	1	1.0484268635768903	-2.870119690682348	138.0	12	1.05	0.95				
	107	2	46.03228600877193	9.206457201754386	0.0	0.0	1	1.0018451332575493	-9.769352621083206	138.0	12	1.05	0.95				
	108	1	62.97216726	12.889040082456141	0.0	0.0	1	1.00577003519037	-7.739640240880182	138.0	12	1.05	0.95				
	109	1	64.4452004122807	13.257298370526316	0.0	0.0	1	1.0222372569020417	-1.9021395451089005	138.0	13	1.05	0.95				
	110	1	71.81036617368422	14.730331522807019	0.0	0.0	1	1.05	-2.707476205152642	138.0	13	1.05	0.95				
	111	1	0.0	0.0	0.0	0.0	1	0.9988802957225529	-0.08551690198281053	230.0	13	1.05	0.95				
	112	1	0.0	0.0	0.0	0.0	1	1.0045481536173033	-0.6006584695392616	230.0	13	1.05	0.95				
	113	3	97.5884463385965	19.88594755578948	0.0	0.0	1	0.99214539680765	2.7680780122388905e-31	230.0	14	1.05	0.95				
	114	2	71.44210788561404	14.362073234736844	0.0	0.0	1	0.991557728047465	2.2267318155228075	230.0	16	1.05	0.95				
	115	2	116.73787731824564	23.56853043649123	0.0	0.0	1	1.0190368692350427	8.930902341447307	230.0	16	1.05	0.95				
	116	2	36.825828807017544	7.365165761403509	0.0	0.0	1	1.0154881388899364	7.669240877571694	230.0	16	1.05	0.95				
	117	1	0.0	0.0	0.0	0.0	1	1.0233013582551844	11.837825185862657	230.0	17	1.05	0.95				
	118	2	122.63000992736843	25.041563588771933	0.0	0.0	1	1.0275402003581606	12.334768791566342	230.0	17	1.05	0.95				
	119	1	66.65475014070175	13.62555665859649	0.0	0.0	1	1.0076900239126856	4.82993485722769	230.0	15	1.05	0.95				
	120	1	47.13706087298246	9.574715489824563	0.0	0.0	1	1.0048875955426433	3.086141260256065	230.0	15	1.05	0.95				
	121	2	0.0	0.0	0.0	0.0	1	1.0298109201836874	13.683516102986845	230.0	17	1.05	0.95				
	122	2	0.0	0.0	0.0	0.0	1	1.05	24.665068348804922	230.0	17	1.05	0.95				
	123	2	0.0	0.0	0.0	0.0	1	1.0038059643416715	2.4204095077229746	230.0	15	1.05	0.95				
	124	1	0.0	0.0	0.0	0.0	1	1.0113464699061572	6.0050224895945945	230.0	16	1.05	0.95				
	201	2	39.25263656842105	7.995907449122807	0.0	0.0	2	1.0123558404496904	-14.966185521702569	138.0	21	1.05	0.95				
	202	2	35.25468284385965	7.269006771929824	0.0	0.0	2	1.0115128697341458	-15.258340767010106	138.0	22	1.05	0.95				
	203	1	65.42106094736843	13.447662528070175	0.0	0.0	2	1.0142208234798022	-10.921724925903185	138.0	21	1.05	0.95				
	204	1	26.89532505614035	5.451755078947369	0.0	0.0	2	1.011940542688921	-15.035468931854952	138.0	21	1.05	0.95				
	205	1	25.804974040350874	5.088304740350877	0.0	0.0	2	1.0268636263509068	-15.469067615556078	138.0	21	1.05	0.95				
	206	1	49.42924604912281	10.176609480701755	0.0	-100.0	2	1.0431644648187	-16.22673625828852	138.0	22	1.05	0.95				
	207	2	45.4312923245614	9.08625846491228	0.0	0.0	2	0.9952307363355745	-20.495917198242317	138.0	22	1.05	0.95				
	208	1	62.150007900000006	12.720761850877194	0.0	0.0	2	1.0025940163396685	-18.899443762012123	138.0	22	1.05	0.95				
	209	1	63.603809254385965	13.084212189473684	0.0	0.0	2	1.0222606300873704	-13.339461672151673	138.0	23	1.05	0.95				
	210	1	70.87281602631579	14.538013543859648	0.0	0.0	2	1.05	-14.798460705846532	138.0	23	1.05	0.95				
	211	1	0.0	0.0	0.0	0.0	2	1.003239608742963	-10.658519577678796	230.0	23	1.05	0.95				
	212	1	0.0	0.0	0.0	0.0	2	1.0087632029682505	-10.203997020608577	230.0	23	1.05	0.95				
	213	2	96.31433972807018	19.626318284210527	0.0	0.0	2	1.000470725849869	-9.63131745743817	230.0	24	1.05	0.95				
	214	2	70.5093656877193	14.174563205263158	0.0	0.0	2	1.0003965478743702	-8.006453818598622	230.0	26	1.05	0.95				
	215	2	115.21375733508772	23.26082167017544	0.0	0.0	2	1.0154451573396328	-1.5579374027233273	230.0	26	1.05	0.95				
	216	2	36.34503385964912	7.269006771929824	0.0	0.0	2	1.0168858420634073	-2.056146583096135	230.0	26	1.05	0.95				
	217	1	0.0	0.0	0.0	0.0	2	1.0194980908740117	-0.23175564454485856	230.0	27	1.05	0.95				
	218	2	121.02896275263157	24.714623024561405	0.0	0.0	2	1.019130275751152	-0.6249683476832558	230.0	27	1.05	0.95				
	219	1	65.78451128596492	13.447662528070175	0.0	0.0	2	1.0213265073843716	-2.775747417963167	230.0	25	1.05	0.95				
	220	1	46.52164334035088	9.449708803508772	0.0	0.0	2	1.0273635831602494	-2.6781009364705937	230.0	25	1.05	0.95				
	221	2	0.0	0.0	0.0	0.0	2	1.0214691587767037	-0.1267808956683661	230.0	27	1.05	0.95				
	222	2	0.0	0.0	0.0	0.0	2	1.0431432770899385	6.4092825199293415	230.0	27	1.05	0.95				
	223	2	0.0	0.0	0.0	0.0	2	1.0309505858103514	-2.346678394825573	230.0	25	1.05	0.95				
	224	1	0.0	0.0	0.0	0.0	2	1.0035304839255414	-5.09678087351931	230.0	26	1.05	0.95				
	301	2	47.20088580631579	9.614995256842105	0.0	0.0	3	1.0343267057440202	0.769535719344961	138.0	31	1.05	0.95				
	302	2	42.393388177894735	8.74090477894737	0.0	0.0	3	1.0309024165783653	0.4297171604359003	138.0	32	1.05	0.95				
	303	1	78.66814301052631	16.17067384105263	0.0	0.0	3	1.05	15.442138228021992	138.0	31	1.05	0.95				
	304	1	32.34134768210526	6.555678584210526	0.0	0.0	3	1.0153880906505188	1.5022846513356929	138.0	31	1.05	0.95				
	305	1	31.030211965263156	6.118633345263158	0.0	0.0	3	1.03535022462465	-0.41909106526311474	138.0	31	1.05	0.95				
	306	1	59.438152496842115	12.237266690526315	0.0	-100.0	3	1.0429981334994654	-1.622688432281464	138.0	32	1.05	0.95				
	307	2	54.63065486842105	10.92613097368421	0.0	0.0	3	0.95	-1.2922895907979983	138.0	32	1.05	0.95				
	308	1	74.73473586	15.296583363157893	0.0	0.0	3	0.9727786693701471	-1.3615185994268788	138.0	32	1.05	0.95				
	309	1	76.48291681578947	15.733628602105263	0.0	0.0	3	1.0160054341079854	4.21190536211081	138.0	33	1.05	0.95				
	310	1	85.22382159473683	17.48180955789474	0.0	0.0	3	1.046546268364587	-0.2359846906983877	138.0	33	1.05	0.95				
	311	1	0.0	0.0	0.0	0.0	3	1.0030908037188098	3.0412507224988277	230.0	33	1.05	0.95				
	312	1	0.0	0.0	0.0	0.0	3	1.0079998241606565	3.8823561609063018	230.0	33	1.05	0.95				
	313	2	115.81698832105263	23.600442903157894	0.0	0.0	3	1.0044786495919014	5.605315332172198	230.0	34	1.05	0.95				
	314	2	84.78677635578947	17.04476431894737	0.0	0.0	3	0.9963325807424395	1.952384134982612	230.0	36	1.05	0.95				
	315	2	138.54334074631578	27.97089529263158	0.0	0.0	3	1.045096076382771	3.5352920450960954	230.0	36	1.05	0.95				
	316	2	43.70452389473684	8.74090477894737	0.0	0.0	3	1.027196884356161	3.083935246119926	230.0	36	1.05	0.95				
	317	1	0.0	0.0	0.0	0.0	3	1.0442084187473386	4.650312768077395	230.0	37	1.05	0.95				
	318	2	145.53606456947367	29.719076248421057	0.0	0.0	3	1.0474511103102897	3.4086746893104074	230.0	37	1.05	0.95				
	319	1	79.10518824947368	16.17067384105263	0.0	0.0	3	1.0177696449496147	3.177622475992917	230.0	35	1.05	0.95				
	320	1	55.94179058526316	11.36317621263158	0.0	0.0	3	1.0126436929144806	4.130301999690681	230.0	35	1.05	0.95				
	321	2	0.0	0.0	0.0	0.0	3	1.05	4.0003154246030705	230.0	37	1.05	0.95				
	322	2	0.0	0.0	0.0	0.0	3	1.05	8.59536993818032	230.0	37	1.05	0.95				
	323	2	0.0	0.0	0.0	0.0	3	1.0107463190444015	5.006440666171472	230.0	35	1.05	0.95				
	324	1	0.0	0.0	0.0	0.0	3	1.043162782457861	8.08842425167391	230.0	36	1.05	0.95				
	325	1	0.0	0.0	0.0	0.0	3	1.01081282051169	5.748753362190375	230.0	35	1.05	0.95				
];
