%% MATPOWER Case Format : Version 2
function mpc = RTS_GMLC
mpc.version = '2';

%%-----  Power Flow Data  -----%%
%% system MVA base
mpc.baseMVA = 100.0;
%% bus data
%    bus_i    type    Pd    Qd    Gs    Bs    area    Vm    Va    baseKV    zone    Vmax    Vmin
mpc.bus = [
	101	2	39.01039090105263	7.946561109473683	0.0	0.0	1	1.0125803696458784	-1.6004272401437516	138.0	11	1.05	0.95				
	102	2	35.037110346315785	7.224146463157894	0.0	0.0	1	1.0103490307253253	-2.148437938833955	138.0	12	1.05	0.95				
	103	1	65.01731816842106	13.364670956842103	0.0	0.0	1	1.0296828238483335	0.6021550279825387	138.0	11	1.05	0.95				
	104	1	26.729341913684205	5.418109847368421	0.0	0.0	1	1.0133189828555154	-3.282334632368215	138.0	11	1.05	0.95				
	105	1	25.645719944210526	5.0569025242105266	0.0	0.0	1	1.0268095634062284	-3.3893426004049294	138.0	11	1.05	0.95				
	106	1	49.12419594947369	10.113805048421053	0.0	-100.0	1	1.0426247893886693	-4.892620459279222	138.0	12	1.05	0.95				
	107	2	45.15091539473684	9.030183078947369	0.0	0.0	1	1.0009747350060556	-9.493265947759557	138.0	12	1.05	0.95				
	108	1	61.766452259999994	12.642256310526315	0.0	0.0	1	1.0068139840355514	-8.01058229438664	138.0	12	1.05	0.95				
	109	1	63.21128155263158	13.003463633684209	0.0	0.0	1	1.0253857364710015	-2.6974984668538142	138.0	13	1.05	0.95				
	110	1	70.43542801578947	14.448292926315789	0.0	0.0	1	1.05	-4.0103843371442345	138.0	13	1.05	0.95				
	111	1	0.0	0.0	0.0	0.0	1	1.0069980348489407	-0.28151934036710125	230.0	13	1.05	0.95				
	112	1	0.0	0.0	0.0	0.0	1	1.008785305893087	-1.0627187095874875	230.0	13	1.05	0.95				
	113	3	95.7199406368421	19.505195450526315	0.0	0.0	1	0.9945674234105669	-5.818755150142512e-29	230.0	14	1.05	0.95				
	114	2	70.07422069263157	14.087085603157895	0.0	0.0	1	1.0139603599746603	2.636919526117318	230.0	16	1.05	0.95				
	115	2	114.50272144105263	23.117268682105262	0.0	0.0	1	1.0450471665263636	10.483085760993562	230.0	16	1.05	0.95				
	116	2	36.120732315789475	7.224146463157894	0.0	0.0	1	1.0400604957306914	8.833844901324934	230.0	16	1.05	0.95				
	117	1	0.0	0.0	0.0	0.0	1	1.0451478333610975	13.281304144764151	230.0	17	1.05	0.95				
	118	2	120.28203861157894	24.562097974736844	0.0	0.0	1	1.05	14.325717127709135	230.0	17	1.05	0.95				
	119	1	65.37852549157894	13.364670956842103	0.0	0.0	1	1.0290907980305162	5.504318963037116	230.0	15	1.05	0.95				
	120	1	46.234537364210524	9.391390402105262	0.0	0.0	1	1.024114467694032	3.2729131506370543	230.0	15	1.05	0.95				
	121	2	0.0	0.0	0.0	0.0	1	1.05	16.147498074057875	230.0	17	1.05	0.95				
	122	2	0.0	0.0	0.0	0.0	1	1.05	23.393039095349053	230.0	17	1.05	0.95				
	123	2	0.0	0.0	0.0	0.0	1	1.0219312388118753	2.318855251003012	230.0	15	1.05	0.95				
	124	1	0.0	0.0	0.0	0.0	1	1.0268949218460115	6.800658189830617	230.0	16	1.05	0.95				
	201	2	37.73965055873684	7.687706595298245	0.0	0.0	2	1.0216109894774543	-12.718700434362061	138.0	21	1.05	0.95				
	202	2	33.895797261087715	6.988824177543861	0.0	0.0	2	1.0206475886478623	-12.981418799137044	138.0	22	1.05	0.95				
	203	1	62.89941759789473	12.929324728456141	0.0	0.0	2	1.0163792733801267	-9.435227538498951	138.0	21	1.05	0.95				
	204	1	25.858649456912282	5.241618133157894	0.0	0.0	2	1.0161343854942613	-12.685851595370211	138.0	21	1.05	0.95				
	205	1	24.810325830280703	4.892176924280702	0.0	0.0	2	1.0317863727753707	-13.048572820139153	138.0	21	1.05	0.95				
	206	1	47.52400440729825	9.784353848561404	0.0	-100.0	2	1.0458202860110333	-13.695892274514907	138.0	22	1.05	0.95				
	207	2	43.680151109649124	8.736030221929825	0.0	0.0	2	1.0033104775830919	-17.851675821421214	138.0	22	1.05	0.95				
	208	1	59.754446718	12.230442310701754	0.0	0.0	2	1.0077185360100442	-16.297867503299106	138.0	22	1.05	0.95				
	209	1	61.15221155350877	12.579883519578946	0.0	0.0	2	1.0218560049979535	-10.990358449598208	138.0	23	1.05	0.95				
	210	1	68.14103573105264	13.977648355087721	0.0	0.0	2	1.05	-12.256807071702813	138.0	23	1.05	0.95				
	211	1	0.0	0.0	0.0	0.0	2	1.0017102899013697	-8.38393291460925	230.0	23	1.05	0.95				
	212	1	0.0	0.0	0.0	0.0	2	0.9986671817012491	-7.486266755837391	230.0	23	1.05	0.95				
	213	2	92.60192035245613	18.86982527936842	0.0	0.0	2	0.9906665964106002	-6.901357537466089	230.0	24	1.05	0.95				
	214	2	67.79159452217543	13.628207146210528	0.0	0.0	2	1.0040701702517705	-6.290216219304548	230.0	26	1.05	0.95				
	215	2	110.77286321407018	22.36423736814035	0.0	0.0	2	1.015831029002299	-0.7247663263200858	230.0	26	1.05	0.95				
	216	2	34.9441208877193	6.988824177543861	0.0	0.0	2	1.0139686513705035	-1.1305064290896023	230.0	26	1.05	0.95				
	217	1	0.0	0.0	0.0	0.0	2	1.022432105531549	0.510230699132948	230.0	27	1.05	0.95				
	218	2	116.36392255610527	23.762002203649125	0.0	0.0	2	1.0221673072698712	0.1622988271636924	230.0	27	1.05	0.95				
	219	1	63.248858806771935	12.929324728456141	0.0	0.0	2	1.0069995168279562	-0.6688641155906808	230.0	25	1.05	0.95				
	220	1	44.7284747362807	9.085471430807019	0.0	0.0	2	1.003098414823633	0.44949818407240033	230.0	25	1.05	0.95				
	221	2	0.0	0.0	0.0	0.0	2	1.023719067973973	0.6696180725291855	230.0	27	1.05	0.95				
	222	2	0.0	0.0	0.0	0.0	2	1.0459108451697081	7.1485867447050735	230.0	27	1.05	0.95				
	223	2	0.0	0.0	0.0	0.0	2	1.0015429931564346	1.3540484035369158	230.0	25	1.05	0.95				
	224	1	0.0	0.0	0.0	0.0	2	1.0053029873774904	-4.022492406865164	230.0	26	1.05	0.95				
	301	2	41.614678913684216	8.477064223157896	0.0	0.0	3	1.0070579033340745	22.048649056540437	138.0	31	1.05	0.95				
	302	2	37.37614680210527	7.706422021052633	0.0	0.0	3	1.006869261379977	21.67507337269375	138.0	32	1.05	0.95				
	303	1	69.3577981894737	14.25688073894737	0.0	0.0	3	1.05	36.23260861846358	138.0	31	1.05	0.95				
	304	1	28.51376147789474	5.779816515789474	0.0	0.0	3	1.0076594422537295	22.61647601555948	138.0	31	1.05	0.95				
	305	1	27.357798174736843	5.394495414736843	0.0	0.0	3	1.0219436243594708	20.36520754733224	138.0	31	1.05	0.95				
	306	1	52.4036697431579	10.788990829473686	0.0	-100.0	3	1.0383512781137547	18.94185854774314	138.0	32	1.05	0.95				
	307	2	48.16513763157895	9.633027526315791	0.0	0.0	3	0.95	15.875322832366246	138.0	32	1.05	0.95				
	308	1	65.88990828000001	13.486238536842105	0.0	0.0	3	0.9738337191423062	17.458242541238768	138.0	32	1.05	0.95				
	309	1	67.43119268421054	13.871559637894737	0.0	0.0	3	1.0196482389357526	24.992370027131788	138.0	33	1.05	0.95				
	310	1	75.13761470526316	15.412844042105267	0.0	0.0	3	1.046459592382295	19.938722248421353	138.0	33	1.05	0.95				
	311	1	0.0	0.0	0.0	0.0	3	1.0114432147977128	23.4050764256757	230.0	33	1.05	0.95				
	312	1	0.0	0.0	0.0	0.0	3	1.0162985788504666	23.103997984155303	230.0	33	1.05	0.95				
	313	2	102.11009177894736	20.807339456842108	0.0	0.0	3	1.0137489067897096	24.195278353229327	230.0	34	1.05	0.95				
	314	2	74.75229360421054	15.027522941052634	0.0	0.0	3	1.0093757011731732	23.71935076843471	230.0	36	1.05	0.95				
	315	2	122.14678903368421	24.660550467368424	0.0	0.0	3	1.05	27.013823054405485	230.0	36	1.05	0.95				
	316	2	38.532110105263165	7.706422021052633	0.0	0.0	3	1.0440217113488877	26.385638209424382	230.0	36	1.05	0.95				
	317	1	0.0	0.0	0.0	0.0	3	1.05	31.05471250492901	230.0	37	1.05	0.95				
	318	2	128.31192665052635	26.20183487157895	0.0	0.0	3	1.041064545568227	27.395961003520167	230.0	37	1.05	0.95				
	319	1	69.74311929052632	14.25688073894737	0.0	0.0	3	1.0338648818107168	24.13692710861048	230.0	35	1.05	0.95				
	320	1	49.32110093473685	10.018348627368423	0.0	0.0	3	1.0283896031825703	22.899130337253254	230.0	35	1.05	0.95				
	321	2	0.0	0.0	0.0	0.0	3	1.049999995740493	27.918084956404755	230.0	37	1.05	0.95				
	322	2	0.0	0.0	0.0	0.0	3	1.05	33.49717008380624	230.0	37	1.05	0.95				
	323	2	0.0	0.0	0.0	0.0	3	1.025724607767148	22.511468411942158	230.0	35	1.05	0.95				
	324	1	0.0	0.0	0.0	0.0	3	1.0470504034256758	30.537333254893714	230.0	36	1.05	0.95				
	325	1	0.0	0.0	0.0	0.0	3	1.0292278547085871	21.97677454367149	230.0	35	1.05	0.95				
];
