%% MATPOWER Case Format : Version 2
function mpc = RTS_GMLC
mpc.version = '2';

%%-----  Power Flow Data  -----%%
%% system MVA base
mpc.baseMVA = 100.0;
%% bus data
%    bus_i    type    Pd    Qd    Gs    Bs    area    Vm    Va    baseKV    zone    Vmax    Vmin
mpc.bus = [
	101	2	59.21029193684212	12.061355764912282	0.0	0.0	1	1.032046859370631	2.602067091455901	138.0	11	1.05	0.95				
	102	2	53.17961405438597	10.964868877192984	0.0	0.0	1	1.0321220412293668	2.567468775696094	138.0	12	1.05	0.95				
	103	1	98.68381989473686	20.28500742280702	0.0	0.0	1	1.0254685432694761	0.4525121677266381	138.0	11	1.05	0.95				
	104	1	40.57001484561404	8.223651657894738	0.0	0.0	1	1.019085170754179	-0.967381824531347	138.0	11	1.05	0.95				
	105	1	38.92528451403509	7.67540821403509	0.0	0.0	1	1.0333624484263815	-0.8044427591891367	138.0	11	1.05	0.95				
	106	1	74.5611083649123	15.35081642807018	0.0	-100.0	1	1.0415560622490385	-3.216755395676998	138.0	12	1.05	0.95				
	107	2	68.53043048245615	13.70608609649123	0.0	0.0	1	1.0389209742397867	-2.005780568982463	138.0	12	1.05	0.95				
	108	1	93.7496289	19.18852053508772	0.0	0.0	1	1.0250150424084796	-3.743447471849718	138.0	12	1.05	0.95				
	109	1	95.94260267543861	19.73676397894737	0.0	0.0	1	1.0259551455740747	-1.6394366717048086	138.0	13	1.05	0.95				
	110	1	106.90747155263158	21.929737754385968	0.0	0.0	1	1.05	-2.5255785884544593	138.0	13	1.05	0.95				
	111	1	0.0	0.0	0.0	0.0	1	1.006126479254328	-0.040352267003180294	230.0	13	1.05	0.95				
	112	1	0.0	0.0	0.0	0.0	1	1.0119307841394172	0.4999240355879186	230.0	13	1.05	0.95				
	113	3	145.28451262280703	29.60514596842106	0.0	0.0	1	1.0008764275384654	7.675868103343714e-31	230.0	14	1.05	0.95				
	114	2	106.35922810877194	21.38149431052632	0.0	0.0	1	1.00240287744122	2.080632464090591	230.0	16	1.05	0.95				
	115	2	173.7931717035088	35.08758040701755	0.0	0.0	1	1.0410614590917062	8.635757755085242	230.0	16	1.05	0.95				
	116	2	54.82434438596492	10.964868877192984	0.0	0.0	1	1.0377664565424285	8.276952789574981	230.0	16	1.05	0.95				
	117	1	0.0	0.0	0.0	0.0	1	1.0450846475012707	10.781546769653913	230.0	17	1.05	0.95				
	118	2	182.5650668052632	37.28055418245615	0.0	0.0	1	1.0482765239060299	11.185367533649107	230.0	17	1.05	0.95				
	119	1	99.2320633385965	20.28500742280702	0.0	0.0	1	1.0321423145043496	7.087196319927407	230.0	15	1.05	0.95				
	120	1	70.1751608140351	14.254329540350879	0.0	0.0	1	1.0316648420696914	7.101921023983289	230.0	15	1.05	0.95				
	121	2	0.0	0.0	0.0	0.0	1	1.05	11.231573944272782	230.0	17	1.05	0.95				
	122	2	0.0	0.0	0.0	0.0	1	1.05	17.87172754509095	230.0	17	1.05	0.95				
	123	2	0.0	0.0	0.0	0.0	1	1.032507899424261	7.524980778141269	230.0	15	1.05	0.95				
	124	1	0.0	0.0	0.0	0.0	1	1.0247881142509443	5.59145711069703	230.0	16	1.05	0.95				
	201	2	71.22934045894738	14.50968046385965	0.0	0.0	2	1.0336110801411797	-11.94839789127967	138.0	21	1.05	0.95				
	202	2	63.97450022701755	13.190618603508772	0.0	0.0	2	1.0337561104424975	-12.062835749714834	138.0	22	1.05	0.95				
	203	1	118.71556743157896	24.402644416491228	0.0	0.0	2	1.0236528800542732	-8.334609043059865	138.0	21	1.05	0.95				
	204	1	48.805288832982455	9.892963952631579	0.0	0.0	2	1.0171113131714757	-14.07713986255033	138.0	21	1.05	0.95				
	205	1	46.82669604245614	9.233433022456142	0.0	0.0	2	1.0332328445119956	-14.519447995096526	138.0	21	1.05	0.95				
	206	1	89.69620650385966	18.466866044912283	0.0	-100.0	2	1.0393649687957025	-16.587197920091427	138.0	22	1.05	0.95				
	207	2	82.44136627192982	16.488273254385966	0.0	0.0	2	0.9791625113878928	-26.448784264782308	138.0	22	1.05	0.95				
	208	1	112.77978906000001	23.08358255614035	0.0	0.0	2	0.9802693332348523	-23.231947051944747	138.0	22	1.05	0.95				
	209	1	115.41791278070176	23.74311348631579	0.0	0.0	2	1.0239680762241765	-13.04905489529265	138.0	23	1.05	0.95				
	210	1	128.60853138421052	26.381237207017545	0.0	0.0	2	1.05	-15.045946014084366	138.0	23	1.05	0.95				
	211	1	0.0	0.0	0.0	0.0	2	1.02039083490565	-9.206758924861976	230.0	23	1.05	0.95				
	212	1	0.0	0.0	0.0	0.0	2	1.0184251132423485	-8.552173923716374	230.0	23	1.05	0.95				
	213	2	174.77569649649124	35.61467022947369	0.0	0.0	2	1.0244590810425869	-7.18510016616271	230.0	24	1.05	0.95				
	214	2	127.9490004540351	25.721706276842106	0.0	0.0	2	1.0330432999815053	-6.207694868176767	230.0	26	1.05	0.95				
	215	2	209.07130486561405	42.20997953122807	0.0	0.0	2	1.0421218186734933	2.560523469168252	230.0	26	1.05	0.95				
	216	2	65.95309301754386	13.190618603508772	0.0	0.0	2	1.0452950812695478	2.0590268982346296	230.0	26	1.05	0.95				
	217	1	0.0	0.0	0.0	0.0	2	1.0466029915803472	5.8158614504952055	230.0	27	1.05	0.95				
	218	2	219.62379974842108	44.84810325192983	0.0	0.0	2	1.0494181603539985	6.59086844120279	230.0	27	1.05	0.95				
	219	1	119.3750983617544	24.402644416491228	0.0	0.0	2	1.042865116759523	0.6276669683603029	230.0	25	1.05	0.95				
	220	1	84.41995906245614	17.147804184561405	0.0	0.0	2	1.0464578137193423	0.6216429861455344	230.0	25	1.05	0.95				
	221	2	0.0	0.0	0.0	0.0	2	1.0499999966241198	6.8156041433480725	230.0	27	1.05	0.95				
	222	2	0.0	0.0	0.0	0.0	2	1.05	12.934883318043308	230.0	27	1.05	0.95				
	223	2	0.0	0.0	0.0	0.0	2	1.05	1.0990110583585142	230.0	25	1.05	0.95				
	224	1	0.0	0.0	0.0	0.0	2	1.0215981752877497	-1.4896781208773167	230.0	26	1.05	0.95				
	301	2	63.94242327157895	13.025308444210527	0.0	0.0	3	1.0100705392789793	-27.173915364020374	138.0	31	1.05	0.95				
	302	2	57.42976904947368	11.841189494736842	0.0	0.0	3	1.0089161446493102	-27.42457946883955	138.0	32	1.05	0.95				
	303	1	106.57070545263156	21.906200565263156	0.0	0.0	3	1.0385157567022327	-16.375845254907418	138.0	31	1.05	0.95				
	304	1	43.81240113052631	8.88089212105263	0.0	0.0	3	1.0079661064292131	-25.68056307105967	138.0	31	1.05	0.95				
	305	1	42.03622270631578	8.28883264631579	0.0	0.0	3	1.022211695797336	-26.961315241185904	138.0	31	1.05	0.95				
	306	1	80.52008856421052	16.57766529263158	0.0	-100.0	3	1.0358609813055348	-27.504989914172032	138.0	32	1.05	0.95				
	307	2	74.00743434210526	14.801486868421051	0.0	0.0	3	0.9954613703465415	-31.447241114823242	138.0	32	1.05	0.95				
	308	1	101.24217017999999	20.72208161578947	0.0	0.0	3	0.9959615382497611	-29.866498646701476	138.0	32	1.05	0.95				
	309	1	103.61040807894737	21.314141090526313	0.0	0.0	3	1.0275215916534794	-21.84061189040108	138.0	33	1.05	0.95				
	310	1	115.4515975736842	23.682378989473683	0.0	0.0	3	1.05	-24.84753624106396	138.0	33	1.05	0.95				
	311	1	0.0	0.0	0.0	0.0	3	1.0179206726798975	-18.00447663545066	230.0	33	1.05	0.95				
	312	1	0.0	0.0	0.0	0.0	3	1.018567660593858	-17.368799371933267	230.0	33	1.05	0.95				
	313	2	156.89576080526314	31.971211635789476	0.0	0.0	3	1.0238046405319303	-14.56711605562185	230.0	34	1.05	0.95				
	314	2	114.85953809894735	23.09031951473684	0.0	0.0	3	1.027258011528267	-15.696695716485218	230.0	36	1.05	0.95				
	315	2	187.68285349157892	37.89180638315789	0.0	0.0	3	1.0478566648575829	-9.05409058642028	230.0	36	1.05	0.95				
	316	2	59.205947473684205	11.841189494736842	0.0	0.0	3	1.0478544327621089	-8.889868358586375	230.0	36	1.05	0.95				
	317	1	0.0	0.0	0.0	0.0	3	1.048949244837565	-6.578404666072638	230.0	37	1.05	0.95				
	318	2	197.1558050873684	40.26004428210526	0.0	0.0	3	1.0487297557148503	-6.264124958100343	230.0	37	1.05	0.95				
	319	1	107.16276492736843	21.906200565263156	0.0	0.0	3	1.0449269907459602	-10.043182058546643	230.0	35	1.05	0.95				
	320	1	75.78361276631578	15.393546343157894	0.0	0.0	3	1.047177561598744	-9.937694334297266	230.0	35	1.05	0.95				
	321	2	0.0	0.0	0.0	0.0	3	1.05	-5.541672586096564	230.0	37	1.05	0.95				
	322	2	0.0	0.0	0.0	0.0	3	1.05	-0.1726967125266959	230.0	37	1.05	0.95				
	323	2	0.0	0.0	0.0	0.0	3	1.049685005976007	-9.447062864937308	230.0	35	1.05	0.95				
	324	1	0.0	0.0	0.0	0.0	3	1.0347627321381587	-11.794561630330367	230.0	36	1.05	0.95				
	325	1	0.0	0.0	0.0	0.0	3	1.0418389770546388	-7.771645999550275	230.0	35	1.05	0.95				
];
