%% MATPOWER Case Format : Version 2
function mpc = RTS_GMLC
mpc.version = '2';

%%-----  Power Flow Data  -----%%
%% system MVA base
mpc.baseMVA = 100.0;
%% bus data
%    bus_i    type    Pd    Qd    Gs    Bs    area    Vm    Va    baseKV    zone    Vmax    Vmin
mpc.bus = [
	101	2	83.35131123789475	16.9789708077193	0.0	0.0	1	1.05	-0.5440097410200078	138.0	11	1.05	0.95				
	102	2	74.86182583403509	15.435428007017546	0.0	0.0	1	1.0495565838588923	-0.8268969443581937	138.0	12	1.05	0.95				
	103	1	138.9188520631579	28.555541812982455	0.0	0.0	1	1.0282846279005908	-1.7467532617829384	138.0	11	1.05	0.95				
	104	1	57.11108362596491	11.576571005263157	0.0	0.0	1	1.0258038908022784	-4.31601989752316	138.0	11	1.05	0.95				
	105	1	54.79576942491228	10.804799604912283	0.0	0.0	1	1.0389348127845326	-4.782579934566049	138.0	11	1.05	0.95				
	106	1	104.96091044771931	21.609599209824566	0.0	-100.0	1	1.038804534162864	-7.913787427577692	138.0	12	1.05	0.95				
	107	2	96.47142504385965	19.29428500877193	0.0	0.0	1	1.0140408274165291	-11.16542188747128	138.0	12	1.05	0.95				
	108	1	131.97290946	27.0119990122807	0.0	0.0	1	1.002731918816104	-11.399672680005446	138.0	12	1.05	0.95				
	109	1	135.05999506140353	27.783770412631583	0.0	0.0	1	1.0266404577730541	-5.1784367503451305	138.0	13	1.05	0.95				
	110	1	150.49542306842105	30.87085601403509	0.0	0.0	1	1.05	-6.735957510092521	138.0	13	1.05	0.95				
	111	1	0.0	0.0	0.0	0.0	1	1.0164328957693793	-2.197033140819296	230.0	13	1.05	0.95				
	112	1	0.0	0.0	0.0	0.0	1	1.0176062887536244	-1.5954978658424894	230.0	13	1.05	0.95				
	113	3	204.51942109298247	41.675655618947374	0.0	0.0	1	1.0188119437642214	-1.1431762557212496e-27	230.0	14	1.05	0.95				
	114	2	149.72365166807018	30.099084613684212	0.0	0.0	1	1.0212187849586158	-0.3436857039218052	230.0	16	1.05	0.95				
	115	2	244.65153391122806	49.39336962245614	0.0	0.0	1	1.0448991051400693	7.800421980836657	230.0	16	1.05	0.95				
	116	2	77.17714003508772	15.435428007017546	0.0	0.0	1	1.0435043132070432	6.962012754381825	230.0	16	1.05	0.95				
	117	1	0.0	0.0	0.0	0.0	1	1.0462633145534443	10.145064776389392	230.0	17	1.05	0.95				
	118	2	256.9998763168421	52.48045522385966	0.0	0.0	1	1.0480072384451384	10.79080260321436	230.0	17	1.05	0.95				
	119	1	139.69062346350879	28.555541812982455	0.0	0.0	1	1.0362329961158316	5.3295895171686025	230.0	15	1.05	0.95				
	120	1	98.78673924491228	20.066056409122808	0.0	0.0	1	1.0359901370791196	4.873400940615719	230.0	15	1.05	0.95				
	121	2	0.0	0.0	0.0	0.0	1	1.05	12.683497899457095	230.0	17	1.05	0.95				
	122	2	0.0	0.0	0.0	0.0	1	1.05	18.23812061765968	230.0	17	1.05	0.95				
	123	2	0.0	0.0	0.0	0.0	1	1.0379310568130284	5.196676047985563	230.0	15	1.05	0.95				
	124	1	0.0	0.0	0.0	0.0	1	1.0266757385436867	4.247751161383901	230.0	16	1.05	0.95				
	201	2	75.8362978231579	15.448134741754387	0.0	0.0	2	1.033528779751597	-10.25270809014919	138.0	21	1.05	0.95				
	202	2	68.1122304522807	14.04375885614035	0.0	0.0	2	1.0340306668482637	-10.217348065895319	138.0	22	1.05	0.95				
	203	1	126.39382970526316	25.980953883859648	0.0	0.0	2	1.0198895174060727	-9.255270669278765	138.0	21	1.05	0.95				
	204	1	51.961907767719296	10.532819142105264	0.0	0.0	2	1.0174812286336326	-11.49676507503067	138.0	21	1.05	0.95				
	205	1	49.855343939298244	9.830631199298248	0.0	0.0	2	1.0329150980564863	-11.760253947245381	138.0	21	1.05	0.95				
	206	1	95.4975602217544	19.661262398596495	0.0	-100.0	2	1.0386044826532448	-13.249606542031989	138.0	22	1.05	0.95				
	207	2	87.7734928508772	17.55469857017544	0.0	0.0	2	0.970675684445261	-23.636447176913606	138.0	22	1.05	0.95				
	208	1	120.07413822	24.576577998245615	0.0	0.0	2	0.9735609230535683	-20.182026182066593	138.0	22	1.05	0.95				
	209	1	122.88288999122807	25.278765941052633	0.0	0.0	2	1.0259263690352154	-9.69481483577372	138.0	23	1.05	0.95				
	210	1	136.92664884736843	28.0875177122807	0.0	0.0	2	1.05	-11.068493880425194	138.0	23	1.05	0.95				
	211	1	0.0	0.0	0.0	0.0	2	1.0223850672459027	-6.013540971689003	230.0	23	1.05	0.95				
	212	1	0.0	0.0	0.0	0.0	2	1.022684687566362	-0.9505395883460843	230.0	23	1.05	0.95				
	213	2	186.07980484385965	37.91814891157895	0.0	0.0	2	1.0292413578535444	-3.2304287505591334	230.0	24	1.05	0.95				
	214	2	136.2244609045614	27.38532976947369	0.0	0.0	2	1.0317811868825646	-4.152104775291309	230.0	26	1.05	0.95				
	215	2	222.59357786982457	44.940028339649125	0.0	0.0	2	1.0425481158164474	2.646591122179484	230.0	26	1.05	0.95				
	216	2	70.21879428070176	14.04375885614035	0.0	0.0	2	1.0433364867388597	2.7900578353736396	230.0	26	1.05	0.95				
	217	1	0.0	0.0	0.0	0.0	2	1.0457061377698997	4.9743888396658695	230.0	27	1.05	0.95				
	218	2	233.82858495473684	47.7487801108772	0.0	0.0	2	1.046289305979141	5.248485527731071	230.0	27	1.05	0.95				
	219	1	127.09601764807019	25.980953883859648	0.0	0.0	2	1.041035105260179	3.1252598512226673	230.0	25	1.05	0.95				
	220	1	89.88005667929825	18.256886512982458	0.0	0.0	2	1.0452403634611682	4.735222858575185	230.0	25	1.05	0.95				
	221	2	0.0	0.0	0.0	0.0	2	1.046416368446594	5.139439335228098	230.0	27	1.05	0.95				
	222	2	0.0	0.0	0.0	0.0	2	1.05	11.58356300257625	230.0	27	1.05	0.95				
	223	2	0.0	0.0	0.0	0.0	2	1.05	6.125727360573006	230.0	25	1.05	0.95				
	224	1	0.0	0.0	0.0	0.0	2	1.0191480303860654	-1.7624022373793258	230.0	26	1.05	0.95				
	301	2	67.70072762526316	13.790888960701755	0.0	0.0	3	0.9974214977497168	6.425673166504682	138.0	31	1.05	0.95				
	302	2	60.80528314491228	12.537171782456142	0.0	0.0	3	0.998754404892231	6.396395013504454	138.0	32	1.05	0.95				
	303	1	112.83454604210526	23.19376779754386	0.0	0.0	3	1.0128697149155559	8.793973613590786	138.0	31	1.05	0.95				
	304	1	46.38753559508772	9.402878836842104	0.0	0.0	3	1.001674140158557	8.68276160775585	138.0	31	1.05	0.95				
	305	1	44.50695982771929	8.776020247719298	0.0	0.0	3	1.0136750982877647	8.719938128804188	138.0	31	1.05	0.95				
	306	1	85.25276812070176	17.552040495438597	0.0	-100.0	3	1.0316250209496007	9.296913427810376	138.0	32	1.05	0.95				
	307	2	78.35732364035087	15.671464728070175	0.0	0.0	3	0.9827191843219514	5.766999751602273	138.0	32	1.05	0.95				
	308	1	107.19281873999999	21.940050619298244	0.0	0.0	3	0.9963631195309217	8.569677051297427	138.0	32	1.05	0.95				
	309	1	109.70025309649122	22.566909208421052	0.0	0.0	3	1.0267968445570825	13.100597988004967	138.0	33	1.05	0.95				
	310	1	122.23742487894735	25.074343564912283	0.0	0.0	3	1.05	13.008335225133642	138.0	33	1.05	0.95				
	311	1	0.0	0.0	0.0	0.0	3	1.0169603656414552	19.406918868158733	230.0	33	1.05	0.95				
	312	1	0.0	0.0	0.0	0.0	3	1.023638878207748	20.982542658902144	230.0	33	1.05	0.95				
	313	2	166.11752611754383	33.85036381263158	0.0	0.0	3	1.0485321794143652	28.964749488890458	230.0	34	1.05	0.95				
	314	2	121.61056628982456	24.447484975789475	0.0	0.0	3	1.0179692993090497	17.16048651068356	230.0	36	1.05	0.95				
	315	2	198.71417275192982	40.118949703859656	0.0	0.0	3	1.036165781957892	10.797006661113292	230.0	36	1.05	0.95				
	316	2	62.6858589122807	12.537171782456142	0.0	0.0	3	1.0380800989060073	12.23102981742589	230.0	36	1.05	0.95				
	317	1	0.0	0.0	0.0	0.0	3	1.0410120173979633	11.091508621388526	230.0	37	1.05	0.95				
	318	2	208.74391017789472	42.62638406035088	0.0	0.0	3	1.039457109651479	9.93542042688379	230.0	37	1.05	0.95				
	319	1	113.46140463122806	23.19376779754386	0.0	0.0	3	1.038463326802072	15.367947190358409	230.0	35	1.05	0.95				
	320	1	80.23789940771931	16.298323317192985	0.0	0.0	3	1.042314383556677	17.75554563805392	230.0	35	1.05	0.95				
	321	2	0.0	0.0	0.0	0.0	3	1.0398577644881184	10.786690316562412	230.0	37	1.05	0.95				
	322	2	0.0	0.0	0.0	0.0	3	1.05	15.224175780584785	230.0	37	1.05	0.95				
	323	2	0.0	0.0	0.0	0.0	3	1.044551183640283	18.650680154269843	230.0	35	1.05	0.95				
	324	1	0.0	0.0	0.0	0.0	3	1.0247956002789684	12.03586242062909	230.0	36	1.05	0.95				
	325	1	0.0	0.0	0.0	0.0	3	1.046482842151504	18.148620937686022	230.0	35	1.05	0.95				
];
