%% MATPOWER Case Format : Version 2
function mpc = RTS_GMLC
mpc.version = '2';

%%-----  Power Flow Data  -----%%
%% system MVA base
mpc.baseMVA = 100.0;
%% bus data
%    bus_i    type    Pd    Qd    Gs    Bs    area    Vm    Va    baseKV    zone    Vmax    Vmin
mpc.bus = [
	101	2	46.19792182736842	9.410687779649123	0.0	0.0	1	0.9910213410557093	-5.006785034017283	138.0	11	1.05	0.95				
	102	2	41.49257793754386	8.55517070877193	0.0	0.0	1	0.9905698276419139	-5.234982613473466	138.0	12	1.05	0.95				
	103	1	76.99653637894737	15.827065811228069	0.0	0.0	1	1.0177297151824838	1.1250432375669919	138.0	11	1.05	0.95				
	104	1	31.654131622456138	6.4163780315789465	0.0	0.0	1	1.0041667771904612	-4.889651903555295	138.0	11	1.05	0.95				
	105	1	30.37085601614035	5.988619496140352	0.0	0.0	1	1.0150260560774151	-5.931048470148937	138.0	11	1.05	0.95				
	106	1	58.17516081964913	11.977238992280704	0.0	-100.0	1	1.0361080312290323	-6.9432780316758365	138.0	12	1.05	0.95				
	107	2	53.46981692982457	10.693963385964912	0.0	0.0	1	0.9894683530332102	-11.522956042321256	138.0	12	1.05	0.95				
	108	1	73.14670956	14.971548740350876	0.0	0.0	1	0.9975683703699612	-9.830043209650464	138.0	12	1.05	0.95				
	109	1	74.85774370175439	15.399307275789473	0.0	0.0	1	1.0251815787535594	-3.35427242705543	138.0	13	1.05	0.95				
	110	1	83.41291441052631	17.11034141754386	0.0	0.0	1	1.05	-5.445254072240127	138.0	13	1.05	0.95				
	111	1	0.0	0.0	0.0	0.0	1	1.0215359164703854	-0.05982697165742631	230.0	13	1.05	0.95				
	112	1	0.0	0.0	0.0	0.0	1	1.0168479366458287	-1.320455813235994	230.0	13	1.05	0.95				
	113	3	113.35601189122806	23.09896091368421	0.0	0.0	1	1.0070899885892206	2.1129546123260402e-29	230.0	14	1.05	0.95				
	114	2	82.98515587508771	16.68258288210526	0.0	0.0	1	1.05	4.0924306917335596	230.0	16	1.05	0.95				
	115	2	135.5994557340351	27.37654626807017	0.0	0.0	1	1.0368543799030367	14.925606869555962	230.0	16	1.05	0.95				
	116	2	42.77585354385965	8.55517070877193	0.0	0.0	1	1.0383754609693239	12.807053354846069	230.0	16	1.05	0.95				
	117	1	0.0	0.0	0.0	0.0	1	1.0370026535253822	19.538293401205973	230.0	17	1.05	0.95				
	118	2	142.44359230105263	29.087580409824564	0.0	0.0	1	1.0466406783061206	20.43704473188858	230.0	17	1.05	0.95				
	119	1	77.42429491438597	15.827065811228069	0.0	0.0	1	1.0360116740374024	8.064198003975857	230.0	15	1.05	0.95				
	120	1	54.75309253614034	11.121721921403509	0.0	0.0	1	1.0417242671164662	4.6650598097616225	230.0	15	1.05	0.95				
	121	2	0.0	0.0	0.0	0.0	1	1.0416100869729232	22.237512849663354	230.0	17	1.05	0.95				
	122	2	0.0	0.0	0.0	0.0	1	1.05	40.212398240165484	230.0	17	1.05	0.95				
	123	2	0.0	0.0	0.0	0.0	1	1.0463571911662695	3.1286473853745087	230.0	15	1.05	0.95				
	124	1	0.0	0.0	0.0	0.0	1	1.0121962264538302	9.793556293718936	230.0	16	1.05	0.95				
	201	2	43.91059342736842	8.944750512982456	0.0	0.0	2	1.0066651415985617	-14.816518380013305	138.0	21	1.05	0.95				
	202	2	39.438218170877185	8.131591375438596	0.0	0.0	2	1.0058792489540378	-15.090638637408224	138.0	22	1.05	0.95				
	203	1	73.18432237894737	15.043444044561403	0.0	0.0	2	1.0135156885076042	-11.318292772022318	138.0	21	1.05	0.95				
	204	1	30.086888089122805	6.098693531578947	0.0	0.0	2	1.0093271214509913	-14.660199929448341	138.0	21	1.05	0.95				
	205	1	28.867149382807018	5.692113962807017	0.0	0.0	2	1.023308822857665	-15.059375829754591	138.0	21	1.05	0.95				
	206	1	55.29482135298246	11.384227925614034	0.0	-100.0	2	1.0405741889521256	-15.70746841970222	138.0	22	1.05	0.95				
	207	2	50.82244609649123	10.164489219298245	0.0	0.0	2	0.9898648130235694	-20.52561324126848	138.0	22	1.05	0.95				
	208	1	69.52510625999999	14.230284907017543	0.0	0.0	2	0.9981422304821524	-18.72101014663066	138.0	22	1.05	0.95				
	209	1	71.15142453508771	14.636864475789471	0.0	0.0	2	1.0238980252805214	-12.62271444195444	138.0	23	1.05	0.95				
	210	1	79.28301591052632	16.263182750877192	0.0	0.0	2	1.05	-13.987776810956623	138.0	23	1.05	0.95				
	211	1	0.0	0.0	0.0	0.0	2	1.0061741945975815	-9.965230530331107	230.0	23	1.05	0.95				
	212	1	0.0	0.0	0.0	0.0	2	1.0154009527373957	-7.754321082577171	230.0	23	1.05	0.95				
	213	2	107.7435857245614	21.95529671368421	0.0	0.0	2	1.0046584156089577	-8.357522335069588	230.0	24	1.05	0.95				
	214	2	78.87643634175437	15.856603182105264	0.0	0.0	2	1.003996169935988	-7.9160442052267	230.0	26	1.05	0.95				
	215	2	128.88572330070173	26.021092401403507	0.0	0.0	2	1.028454395364626	-1.8824782710855112	230.0	26	1.05	0.95				
	216	2	40.65795687719298	8.131591375438596	0.0	0.0	2	1.0300802869336303	-2.636543775520233	230.0	26	1.05	0.95				
	217	1	0.0	0.0	0.0	0.0	2	1.0362444566975557	-0.5729929125315483	230.0	27	1.05	0.95				
	218	2	135.39099640105263	27.64741067649123	0.0	0.0	2	1.0344912787060603	-1.0329410250362776	230.0	27	1.05	0.95				
	219	1	73.5909019477193	15.043444044561403	0.0	0.0	2	1.0352321356041785	-2.960122076821023	230.0	25	1.05	0.95				
	220	1	52.042184802807014	10.571068788070175	0.0	0.0	2	1.042247629889514	-2.459793906882054	230.0	25	1.05	0.95				
	221	2	0.0	0.0	0.0	0.0	2	1.0350441091129812	-0.5189887691358142	230.0	27	1.05	0.95				
	222	2	0.0	0.0	0.0	0.0	2	1.05	5.957969500576761	230.0	27	1.05	0.95				
	223	2	0.0	0.0	0.0	0.0	2	1.0466270867446044	-1.8862051375604618	230.0	25	1.05	0.95				
	224	1	0.0	0.0	0.0	0.0	2	1.0111751617469003	-5.398590089417694	230.0	26	1.05	0.95				
	301	2	65.94115786105263	13.432458082807017	0.0	0.0	3	1.0335993903078047	10.034105498526552	138.0	31	1.05	0.95				
	302	2	59.22492881964912	12.211325529824563	0.0	0.0	3	1.0288974993282922	9.673076561412449	138.0	32	1.05	0.95				
	303	1	109.90192976842106	22.590952230175436	0.0	0.0	3	1.05	26.583340189279166	138.0	31	1.05	0.95				
	304	1	45.18190446035087	9.15849414736842	0.0	0.0	3	1.0073499830354318	11.388529501753162	138.0	31	1.05	0.95				
	305	1	43.35020563087719	8.547927870877194	0.0	0.0	3	1.0290161923874315	9.36345226583692	138.0	31	1.05	0.95				
	306	1	83.03701360280702	17.095855741754388	0.0	-100.0	3	1.0319842401674035	8.290216654244091	138.0	32	1.05	0.95				
	307	2	76.32078456140351	15.264156912280702	0.0	0.0	3	0.95	2.512117863666781	138.0	32	1.05	0.95				
	308	1	104.40683328	21.36981967719298	0.0	0.0	3	0.9631732781775633	5.443269257628374	138.0	32	1.05	0.95				
	309	1	106.84909838596491	21.98038595368421	0.0	0.0	3	1.0108399194367326	15.37374620563826	138.0	33	1.05	0.95				
	310	1	119.06042391578949	24.422651059649127	0.0	0.0	3	1.0394421611041886	10.642181048399902	138.0	33	1.05	0.95				
	311	1	0.0	0.0	0.0	0.0	3	0.9979041026734923	16.130773808034206	230.0	33	1.05	0.95				
	312	1	0.0	0.0	0.0	0.0	3	1.0031187280917704	16.566856263922265	230.0	33	1.05	0.95				
	313	2	161.80006327017543	32.970578930526315	0.0	0.0	3	0.9998510120509269	18.80163377598207	230.0	34	1.05	0.95				
	314	2	118.44985763929824	23.812084783157896	0.0	0.0	3	0.9964002192360155	17.024632800905955	230.0	36	1.05	0.95				
	315	2	193.54950964771928	39.0762416954386	0.0	0.0	3	1.0481044005179971	18.872768658029237	230.0	36	1.05	0.95				
	316	2	61.05662764912281	12.211325529824563	0.0	0.0	3	1.0343811416969408	18.939861001409422	230.0	36	1.05	0.95				
	317	1	0.0	0.0	0.0	0.0	3	1.05	22.465199393923935	230.0	37	1.05	0.95				
	318	2	203.31857007157893	41.51850680140351	0.0	0.0	3	1.0469455854504768	18.887593157136212	230.0	37	1.05	0.95				
	319	1	110.5124960449123	22.590952230175436	0.0	0.0	3	1.024041923869477	18.54381536052559	230.0	35	1.05	0.95				
	320	1	78.1524833908772	15.874723188771931	0.0	0.0	3	1.0181213114176568	18.535469474816196	230.0	35	1.05	0.95				
	321	2	0.0	0.0	0.0	0.0	3	1.0499999603291081	19.54513970539108	230.0	37	1.05	0.95				
	322	2	0.0	0.0	0.0	0.0	3	1.0499999993369469	25.03927879171813	230.0	37	1.05	0.95				
	323	2	0.0	0.0	0.0	0.0	3	1.015538484456924	18.69815007991905	230.0	35	1.05	0.95				
	324	1	0.0	0.0	0.0	0.0	3	1.0476839256350012	22.851472830731762	230.0	36	1.05	0.95				
	325	1	0.0	0.0	0.0	0.0	3	1.0178146457667812	19.014239570596498	230.0	35	1.05	0.95				
];
