%% MATPOWER Case Format : Version 2
function mpc = RTS_GMLC
mpc.version = '2';

%%-----  Power Flow Data  -----%%
%% system MVA base
mpc.baseMVA = 100.0;
%% bus data
%    bus_i    type    Pd    Qd    Gs    Bs    area    Vm    Va    baseKV    zone    Vmax    Vmin
mpc.bus = [
	101	2	42.44383966736843	8.645967339649124	0.0	0.0	1	1.0201593666886493	-2.6373885540634143	138.0	11	1.05	0.95				
	102	2	38.12085599754386	7.859970308771931	0.0	0.0	1	1.019290677703982	-2.8551447875558096	138.0	12	1.05	0.95				
	103	1	70.73973277894738	14.540945071228073	0.0	0.0	1	1.0328557224087245	0.20726470394122376	138.0	11	1.05	0.95				
	104	1	29.081890142456146	5.8949777315789476	0.0	0.0	1	1.0198694520845157	-3.3030067541419337	138.0	11	1.05	0.95				
	105	1	27.902894596140353	5.501979216140352	0.0	0.0	1	1.0302867031599132	-4.339827152597995	138.0	11	1.05	0.95				
	106	1	53.447798099649134	11.003958432280704	0.0	-100.0	1	1.0438874185185423	-5.746522600378	138.0	12	1.05	0.95				
	107	2	49.12481442982457	9.824962885964913	0.0	0.0	1	1.001992916294019	-9.68447949473992	138.0	12	1.05	0.95				
	108	1	67.20274614	13.754948040350879	0.0	0.0	1	1.006692009892416	-8.494752136929835	138.0	12	1.05	0.95				
	109	1	68.7747402017544	14.147946555789476	0.0	0.0	1	1.0255532639367846	-3.178191713687047	138.0	13	1.05	0.95				
	110	1	76.63471051052633	15.719940617543863	0.0	0.0	1	1.05	-4.790637040940865	138.0	13	1.05	0.95				
	111	1	0.0	0.0	0.0	0.0	1	1.0041935916324545	-1.053064080480238	230.0	13	1.05	0.95				
	112	1	0.0	0.0	0.0	0.0	1	1.0076787550706579	-1.5001277731310458	230.0	13	1.05	0.95				
	113	3	104.14460659122808	21.221919833684215	0.0	0.0	1	0.9965885935832677	3.1112750147361893e-30	230.0	14	1.05	0.95				
	114	2	76.24171199508773	15.326942102105265	0.0	0.0	1	1.003326382848086	1.0999297607740144	230.0	16	1.05	0.95				
	115	2	124.5805293940351	25.15190498807018	0.0	0.0	1	1.0377220678231058	7.396641002288022	230.0	16	1.05	0.95				
	116	2	39.29985154385965	7.859970308771931	0.0	0.0	1	1.033838189730585	6.402839174661011	230.0	16	1.05	0.95				
	117	1	0.0	0.0	0.0	0.0	1	1.0400344260499306	10.39092359062329	230.0	17	1.05	0.95				
	118	2	130.86850564105265	26.723899049824567	0.0	0.0	1	1.0452810975959126	10.871359010611338	230.0	17	1.05	0.95				
	119	1	71.13273129438598	14.540945071228073	0.0	0.0	1	1.0229965285723037	4.0755521190120145	230.0	15	1.05	0.95				
	120	1	50.30380997614036	10.21796140140351	0.0	0.0	1	1.0161542496235927	2.2220408435147236	230.0	15	1.05	0.95				
	121	2	0.0	0.0	0.0	0.0	1	1.0468719207688306	11.734616578648131	230.0	17	1.05	0.95				
	122	2	0.0	0.0	0.0	0.0	1	1.05	22.85178472765431	230.0	17	1.05	0.95				
	123	2	0.0	0.0	0.0	0.0	1	1.0129631946557296	1.5040275018819909	230.0	15	1.05	0.95				
	124	1	0.0	0.0	0.0	0.0	1	1.0265350670278068	4.692535636672842	230.0	16	1.05	0.95				
	201	2	42.465606783157895	8.650401381754385	0.0	0.0	2	1.0162923448110772	-10.743521721508795	138.0	21	1.05	0.95				
	202	2	38.1404060922807	7.864001256140352	0.0	0.0	2	1.0154792666650743	-10.976432553077778	138.0	22	1.05	0.95				
	203	1	70.77601130526315	14.54840232385965	0.0	0.0	2	1.014602329454344	-8.393837602473763	138.0	21	1.05	0.95				
	204	1	29.0968046477193	5.898000942105262	0.0	0.0	2	1.0136413527771613	-10.43290188834611	138.0	21	1.05	0.95				
	205	1	27.917204459298244	5.504800879298246	0.0	0.0	2	1.028382997550657	-10.725157647335589	138.0	21	1.05	0.95				
	206	1	53.475208541754384	11.009601758596492	0.0	-100.0	2	1.0433250279354502	-11.21281869389524	138.0	22	1.05	0.95				
	207	2	49.150007850877195	9.830001570175439	0.0	0.0	2	0.9992121100532404	-15.937880421088327	138.0	22	1.05	0.95				
	208	1	67.23721074	13.762002198245613	0.0	0.0	2	1.0039765736512474	-14.171612009658814	138.0	22	1.05	0.95				
	209	1	68.81001099122807	14.15520226105263	0.0	0.0	2	1.0233756693026164	-8.359887802233846	138.0	23	1.05	0.95				
	210	1	76.67401224736842	15.728002512280703	0.0	0.0	2	1.05	-9.44154750065572	138.0	23	1.05	0.95				
	211	1	0.0	0.0	0.0	0.0	2	1.001764473994338	-6.472259600488707	230.0	23	1.05	0.95				
	212	1	0.0	0.0	0.0	0.0	2	1.0083441257132668	-2.06406156932407	230.0	23	1.05	0.95				
	213	2	104.19801664385963	21.232803391578948	0.0	0.0	2	0.9946863086701443	-4.716942492937997	230.0	24	1.05	0.95				
	214	2	76.2808121845614	15.334802449473683	0.0	0.0	2	0.9975138285278758	-5.426851824784873	230.0	26	1.05	0.95				
	215	2	124.64441990982455	25.16480401964912	0.0	0.0	2	1.0151493214095526	-0.4941311659334967	230.0	26	1.05	0.95				
	216	2	39.320006280701755	7.864001256140352	0.0	0.0	2	1.012904462901931	-1.5118556014240143	230.0	26	1.05	0.95				
	217	1	0.0	0.0	0.0	0.0	2	1.0194252986866188	0.14458842176234368	230.0	27	1.05	0.95				
	218	2	130.93562091473683	26.737604270877192	0.0	0.0	2	1.0192221626548814	-0.13088697131455637	230.0	27	1.05	0.95				
	219	1	71.16921136807018	14.54840232385965	0.0	0.0	2	1.0091916489983501	-2.34149002124611	230.0	25	1.05	0.95				
	220	1	50.32960803929824	10.223201632982457	0.0	0.0	2	1.0086030084749855	-2.270257257285471	230.0	25	1.05	0.95				
	221	2	0.0	0.0	0.0	0.0	2	1.0214065072202934	0.5498098510444591	230.0	27	1.05	0.95				
	222	2	0.0	0.0	0.0	0.0	2	1.0432327725070312	6.966699222907192	230.0	27	1.05	0.95				
	223	2	0.0	0.0	0.0	0.0	2	1.0087384300834572	-1.9165755410502636	230.0	25	1.05	0.95				
	224	1	0.0	0.0	0.0	0.0	2	1.0050762905726764	-3.480810854239994	230.0	26	1.05	0.95				
	301	2	64.67700096000002	13.17494464	0.0	0.0	3	0.9951017781090795	-0.03536341876202988	138.0	31	1.05	0.95				
	302	2	58.08952864	11.9772224	0.0	0.0	3	0.9950360387331504	-0.06701314184559472	138.0	32	1.05	0.95				
	303	1	107.79500160000002	22.15786144	0.0	0.0	3	1.0123621137595276	2.894424776079056	138.0	31	1.05	0.95				
	304	1	44.31572288	8.9829168	0.0	0.0	3	1.0007679983285593	2.0510093396832687	138.0	31	1.05	0.95				
	305	1	42.519139519999996	8.384055680000001	0.0	0.0	3	1.0132281309784432	1.967365782442056	138.0	31	1.05	0.95				
	306	1	81.44511232	16.768111360000002	0.0	-100.0	3	1.0317273367467497	2.4092709637888747	138.0	32	1.05	0.95				
	307	2	74.85764	14.971528000000001	0.0	0.0	3	0.9934773892350592	-1.0216764149272612	138.0	32	1.05	0.95				
	308	1	102.40525152	20.9601392	0.0	0.0	3	1.0030449312443068	1.6585115365821923	138.0	32	1.05	0.95				
	309	1	104.80069599999999	21.55900032	0.0	0.0	3	1.0267887164478278	6.216377518287651	138.0	33	1.05	0.95				
	310	1	116.7779184	23.9544448	0.0	0.0	3	1.05	5.874809937511854	138.0	33	1.05	0.95				
	311	1	0.0	0.0	0.0	0.0	3	1.0156903729602238	11.860853895451505	230.0	33	1.05	0.95				
	312	1	0.0	0.0	0.0	0.0	3	1.020696812861369	13.219782206055998	230.0	33	1.05	0.95				
	313	2	158.6981968	32.33850048000001	0.0	0.0	3	1.0371860032811202	19.49117244742747	230.0	34	1.05	0.95				
	314	2	116.17905728	23.355583680000002	0.0	0.0	3	1.0168265158659588	10.885908120195388	230.0	36	1.05	0.95				
	315	2	189.83897504	38.32711168	0.0	0.0	3	1.029157942583303	5.586791318494726	230.0	36	1.05	0.95				
	316	2	59.886112000000004	11.9772224	0.0	0.0	3	1.0308643682021321	6.955956854802981	230.0	36	1.05	0.95				
	317	1	0.0	0.0	0.0	0.0	3	1.0336264359204603	6.275526467343795	230.0	37	1.05	0.95				
	318	2	199.42075296000002	40.72255616	0.0	0.0	3	1.0301624685711563	4.789872390402164	230.0	37	1.05	0.95				
	319	1	108.39386272	22.15786144	0.0	0.0	3	1.0311693301677054	9.949720982141946	230.0	35	1.05	0.95				
	320	1	76.65422336	15.57038912	0.0	0.0	3	1.0343011471291006	12.117410640936537	230.0	35	1.05	0.95				
	321	2	0.0	0.0	0.0	0.0	3	1.0319590867980921	5.640387369016192	230.0	37	1.05	0.95				
	322	2	0.0	0.0	0.0	0.0	3	1.046021605019322	10.229481583385164	230.0	37	1.05	0.95				
	323	2	0.0	0.0	0.0	0.0	3	1.0358502113466364	12.857916224361773	230.0	35	1.05	0.95				
	324	1	0.0	0.0	0.0	0.0	3	1.0199898838897832	6.708103575093036	230.0	36	1.05	0.95				
	325	1	0.0	0.0	0.0	0.0	3	1.0378219149234367	12.768030816711736	230.0	35	1.05	0.95				
];
