%% MATPOWER Case Format : Version 2
function mpc = RTS_GMLC
mpc.version = '2';

%%-----  Power Flow Data  -----%%
%% system MVA base
mpc.baseMVA = 100.0;
%% bus data
%    bus_i    type    Pd    Qd    Gs    Bs    area    Vm    Va    baseKV    zone    Vmax    Vmin
mpc.bus = [
	101	2	53.13161800421054	10.823107371228073	0.0	0.0	1	1.000216336171353	-3.5252860388931078	138.0	11	1.05	0.95				
	102	2	47.72006431859649	9.839188519298247	0.0	0.0	1	0.9991530046477736	-3.8053824207867013	138.0	12	1.05	0.95				
	103	1	88.55269667368421	18.202498760701754	0.0	0.0	1	1.0210540282321627	1.7194942708951417	138.0	11	1.05	0.95				
	104	1	36.40499752140351	7.3793913894736844	0.0	0.0	1	1.0084433155323438	-4.160530801023781	138.0	11	1.05	0.95				
	105	1	34.92911924350877	6.8874319635087735	0.0	0.0	1	1.0186719647213789	-5.391701922420183	138.0	11	1.05	0.95				
	106	1	66.90648193122809	13.774863927017547	0.0	-100.0	1	1.036086511618036	-6.965803710467443	138.0	12	1.05	0.95				
	107	2	61.49492824561405	12.298985649122809	0.0	0.0	1	0.9899329072288783	-13.451502930058673	138.0	12	1.05	0.95				
	108	1	84.12506184	17.21857990877193	0.0	0.0	1	0.9948696503164448	-11.195743057195891	138.0	12	1.05	0.95				
	109	1	86.09289954385966	17.710539334736843	0.0	0.0	1	1.0254059212078308	-3.4522032981106214	138.0	13	1.05	0.95				
	110	1	95.9320880631579	19.678377038596494	0.0	0.0	1	1.05	-5.644021642557368	138.0	13	1.05	0.95				
	111	1	0.0	0.0	0.0	0.0	1	1.022485059711742	-0.190756581770773	230.0	13	1.05	0.95				
	112	1	0.0	0.0	0.0	0.0	1	1.0186284044671743	-1.410816795422021	230.0	13	1.05	0.95				
	113	3	130.36924788070178	26.56580900210527	0.0	0.0	1	1.0100393573410156	2.638086771556531e-30	230.0	14	1.05	0.95				
	114	2	95.44012863719298	19.186417612631583	0.0	0.0	1	1.05	3.863899828347376	230.0	16	1.05	0.95				
	115	2	155.95113803087722	31.485403261754392	0.0	0.0	1	1.0392237406447524	14.97838368213534	230.0	16	1.05	0.95				
	116	2	49.195942596491236	9.839188519298247	0.0	0.0	1	1.0400968740691794	12.81228777754438	230.0	16	1.05	0.95				
	117	1	0.0	0.0	0.0	0.0	1	1.039390081546669	19.68902501114452	230.0	17	1.05	0.95				
	118	2	163.8224888463158	33.45324096561404	0.0	0.0	1	1.05	20.65827271711911	230.0	17	1.05	0.95				
	119	1	89.04465609964913	18.202498760701754	0.0	0.0	1	1.038107600091639	8.031228394234654	230.0	15	1.05	0.95				
	120	1	62.970806523508784	12.79094507508772	0.0	0.0	1	1.0445863824030146	4.507452791256208	230.0	15	1.05	0.95				
	121	2	0.0	0.0	0.0	0.0	1	1.0464386172421105	22.501053033013772	230.0	17	1.05	0.95				
	122	2	0.0	0.0	0.0	0.0	1	1.05	40.43473373585686	230.0	17	1.05	0.95				
	123	2	0.0	0.0	0.0	0.0	1	1.05	2.94968055022086	230.0	15	1.05	0.95				
	124	1	0.0	0.0	0.0	0.0	1	1.0156661457277514	10.043833254217382	230.0	16	1.05	0.95				
	201	2	49.89453802105263	10.163702189473684	0.0	0.0	2	0.9983750510014501	-18.399823503213565	138.0	21	1.05	0.95				
	202	2	44.812686926315784	9.239729263157894	0.0	0.0	2	0.9969687443369074	-18.698865592699004	138.0	22	1.05	0.95				
	203	1	83.15756336842105	17.093499136842105	0.0	0.0	2	0.9979814811460809	-13.534266359631847	138.0	21	1.05	0.95				
	204	1	34.18699827368421	6.929796947368421	0.0	0.0	2	0.98657065308429	-17.876703945971432	138.0	21	1.05	0.95				
	205	1	32.80103888421052	6.467810484210526	0.0	0.0	2	1.0019069886560792	-18.431105375344767	138.0	21	1.05	0.95				
	206	1	62.83015898947368	12.935620968421052	0.0	-100.0	2	1.011098988359477	-19.035409468927423	138.0	22	1.05	0.95				
	207	2	57.74830789473684	11.549661578947369	0.0	0.0	2	0.9747753661461313	-25.10482469813884	138.0	22	1.05	0.95				
	208	1	78.99968519999999	16.169526210526314	0.0	0.0	2	0.9727301171339531	-22.785229485942153	138.0	22	1.05	0.95				
	209	1	80.84763105263157	16.63151267368421	0.0	0.0	2	0.9927163391554263	-15.181522652600304	138.0	23	1.05	0.95				
	210	1	90.08736031578947	18.47945852631579	0.0	0.0	2	1.0170697011879943	-16.893371720808464	138.0	23	1.05	0.95				
	211	1	0.0	0.0	0.0	0.0	2	0.9795601309664372	-11.890854478893903	230.0	23	1.05	0.95				
	212	1	0.0	0.0	0.0	0.0	2	0.9639192980470815	-9.335428286625236	230.0	23	1.05	0.95				
	213	2	122.4264127368421	24.947269010526316	0.0	0.0	2	0.9600497384276044	-9.823307659955969	230.0	24	1.05	0.95				
	214	2	89.62537385263157	18.017472063157893	0.0	0.0	2	1.000484242896137	-9.493269220871527	230.0	26	1.05	0.95				
	215	2	146.4497088210526	29.567133642105265	0.0	0.0	2	1.021212663110036	-2.2364375615401424	230.0	26	1.05	0.95				
	216	2	46.198646315789475	9.239729263157894	0.0	0.0	2	1.0117439091192673	-3.0460419615592262	230.0	26	1.05	0.95				
	217	1	0.0	0.0	0.0	0.0	2	1.0284629774644733	-1.0170216233617173	230.0	27	1.05	0.95				
	218	2	153.84149223157894	31.41507949473684	0.0	0.0	2	1.029262087466595	-1.5751621751956046	230.0	27	1.05	0.95				
	219	1	83.61954983157894	17.093499136842105	0.0	0.0	2	0.9824137448405594	-2.79750868993448	230.0	25	1.05	0.95				
	220	1	59.13426728421053	12.011648042105264	0.0	0.0	2	0.960629923132425	-1.5729467109808064	230.0	25	1.05	0.95				
	221	2	0.0	0.0	0.0	0.0	2	1.029967658306999	-0.9917329449824527	230.0	27	1.05	0.95				
	222	2	0.0	0.0	0.0	0.0	2	1.0499999948801877	5.4901601688859785	230.0	27	1.05	0.95				
	223	2	0.0	0.0	0.0	0.0	2	0.95	-0.4591761922215211	230.0	25	1.05	0.95				
	224	1	0.0	0.0	0.0	0.0	2	0.9986817473600073	-6.415914698275449	230.0	26	1.05	0.95				
	301	2	62.54160074526316	12.73995570736842	0.0	0.0	3	1.05	30.787315980896867	138.0	31	1.05	0.95				
	302	2	56.17162289157894	11.581777915789473	0.0	0.0	3	1.0495528081221202	30.384955876963456	138.0	32	1.05	0.95				
	303	1	104.23600124210526	21.426289144210525	0.0	0.0	3	1.0227336014144313	47.643500057876196	138.0	31	1.05	0.95				
	304	1	42.85257828842105	8.686333436842105	0.0	0.0	3	1.0102709676003179	31.964854959491	138.0	31	1.05	0.95				
	305	1	41.11531160105263	8.107244541052632	0.0	0.0	3	1.036035850665214	30.346568478952285	138.0	31	1.05	0.95				
	306	1	78.75608982736843	16.214489082105263	0.0	-100.0	3	1.0351592137876016	29.41480413716743	138.0	32	1.05	0.95				
	307	2	72.38611197368421	14.477222394736842	0.0	0.0	3	0.95	24.73728186191691	138.0	32	1.05	0.95				
	308	1	99.02420117999999	20.268111352631575	0.0	0.0	3	0.9636691597172924	27.496199609882083	138.0	32	1.05	0.95				
	309	1	101.34055676315789	20.84720024842105	0.0	0.0	3	0.9977709461834626	35.77636745744494	138.0	33	1.05	0.95				
	310	1	112.92233467894737	23.163555831578947	0.0	0.0	3	1.0357637843291279	31.749018303569702	138.0	33	1.05	0.95				
	311	1	0.0	0.0	0.0	0.0	3	0.9773207501922035	36.44691868960052	230.0	33	1.05	0.95				
	312	1	0.0	0.0	0.0	0.0	3	0.9919364935265244	36.56235769391945	230.0	33	1.05	0.95				
	313	2	153.4585573842105	31.27080037263158	0.0	0.0	3	0.9856519979007878	39.59553403544697	230.0	34	1.05	0.95				
	314	2	112.34324578315788	22.584466935789475	0.0	0.0	3	0.9567255628739566	36.57446318281735	230.0	36	1.05	0.95				
	315	2	183.57117996526313	37.06168933052631	0.0	0.0	3	0.9833888006801543	34.79677842285214	230.0	36	1.05	0.95				
	316	2	57.90888957894737	11.581777915789473	0.0	0.0	3	0.9660282391096922	35.027129280815316	230.0	36	1.05	0.95				
	317	1	0.0	0.0	0.0	0.0	3	0.9724140099827393	37.01227301359699	230.0	37	1.05	0.95				
	318	2	192.83660229789473	39.378044913684214	0.0	0.0	3	0.9622819246902533	32.74584031478605	230.0	37	1.05	0.95				
	319	1	104.81509013789474	21.426289144210525	0.0	0.0	3	0.9781769816445962	34.962570683186506	230.0	35	1.05	0.95				
	320	1	74.12337866105263	15.056311290526313	0.0	0.0	3	0.990263288469821	34.532814201602235	230.0	35	1.05	0.95				
	321	2	0.0	0.0	0.0	0.0	3	0.9848264811083158	34.12105258704256	230.0	37	1.05	0.95				
	322	2	0.0	0.0	0.0	0.0	3	0.9967040476656105	40.02406076487245	230.0	37	1.05	0.95				
	323	2	0.0	0.0	0.0	0.0	3	0.9968606859236397	34.16024748602204	230.0	35	1.05	0.95				
	324	1	0.0	0.0	0.0	0.0	3	0.9966659675295206	41.51985383596863	230.0	36	1.05	0.95				
	325	1	0.0	0.0	0.0	0.0	3	1.0022048556169347	33.16053220896188	230.0	35	1.05	0.95				
];
