%% MATPOWER Case Format : Version 2
function mpc = RTS_GMLC
mpc.version = '2';

%%-----  Power Flow Data  -----%%
%% system MVA base
mpc.baseMVA = 100.0;
%% bus data
%    bus_i    type    Pd    Qd    Gs    Bs    area    Vm    Va    baseKV    zone    Vmax    Vmin
mpc.bus = [
	101	2	50.4329539831579	10.27337951508772	0.0	0.0	1	1.0138330576879067	-4.493445979061364	138.0	11	1.05	0.95				
	102	2	45.29626422561404	9.339435922807018	0.0	0.0	1	1.0134972324497757	-4.74888964250384	138.0	12	1.05	0.95				
	103	1	84.05492330526316	17.277956457192982	0.0	0.0	1	1.0048238177847129	-0.18324458625308934	138.0	11	1.05	0.95				
	104	1	34.555912914385964	7.004576942105263	0.0	0.0	1	1.0034928175577147	-4.862985936236255	138.0	11	1.05	0.95				
	105	1	33.154997525964916	6.537605145964913	0.0	0.0	1	1.01626533658363	-6.061533287284665	138.0	11	1.05	0.95				
	106	1	63.50816427508773	13.075210291929826	0.0	-100.0	1	1.0249731109401774	-7.481359425315046	138.0	12	1.05	0.95				
	107	2	58.37147451754387	11.674294903508772	0.0	0.0	1	0.9877961590610685	-11.219526227016658	138.0	12	1.05	0.95				
	108	1	79.85217714000001	16.34401286491228	0.0	0.0	1	0.9869521241363083	-10.165628994622466	138.0	12	1.05	0.95				
	109	1	81.7200643245614	16.81098466105263	0.0	0.0	1	1.0033080689240608	-4.158064345932034	138.0	13	1.05	0.95				
	110	1	91.05950024736842	18.678871845614037	0.0	0.0	1	1.0301733783140554	-6.115375581475078	138.0	13	1.05	0.95				
	111	1	0.0	0.0	0.0	0.0	1	0.9845769353218191	-1.4199980463435433	230.0	13	1.05	0.95				
	112	1	0.0	0.0	0.0	0.0	1	0.9853386421988197	-1.8980372689441563	230.0	13	1.05	0.95				
	113	3	123.74752597719298	25.21647699157895	0.0	0.0	1	0.9709286055433825	-4.3064450764605674e-27	230.0	14	1.05	0.95				
	114	2	90.59252845122808	18.211900049473687	0.0	0.0	1	0.9925063066160956	1.1891631724390446	230.0	16	1.05	0.95				
	115	2	148.03005937649124	29.886194952982457	0.0	0.0	1	0.9983533193861622	9.429637805611234	230.0	16	1.05	0.95				
	116	2	46.697179614035086	9.339435922807018	0.0	0.0	1	0.9974970309496266	8.007791290891756	230.0	16	1.05	0.95				
	117	1	0.0	0.0	0.0	0.0	1	1.0051423325792486	12.824553804065745	230.0	17	1.05	0.95				
	118	2	155.50160811473685	31.754082137543865	0.0	0.0	1	1.0100614731173405	13.716020113307568	230.0	17	1.05	0.95				
	119	1	84.52189510140352	17.277956457192982	0.0	0.0	1	0.9950373817957301	5.07926674836781	230.0	15	1.05	0.95				
	120	1	59.772389905964914	12.141266699649124	0.0	0.0	1	0.9971433013581428	2.9016182301438733	230.0	15	1.05	0.95				
	121	2	0.0	0.0	0.0	0.0	1	1.0094884414236722	15.253742230288706	230.0	17	1.05	0.95				
	122	2	0.0	0.0	0.0	0.0	1	1.0296277396018763	25.290978309961723	230.0	17	1.05	0.95				
	123	2	0.0	0.0	0.0	0.0	1	0.9993912809427998	2.0853428301885115	230.0	15	1.05	0.95				
	124	1	0.0	0.0	0.0	0.0	1	0.9892317622173973	5.767578863558752	230.0	16	1.05	0.95				
	201	2	49.89453802105263	10.163702189473684	0.0	0.0	2	1.0106872043933304	-10.678228868160586	138.0	21	1.05	0.95				
	202	2	44.812686926315784	9.239729263157894	0.0	0.0	2	1.0094974068791611	-10.887585471180754	138.0	22	1.05	0.95				
	203	1	83.15756336842105	17.093499136842105	0.0	0.0	2	0.9968624013316569	-8.204696623341343	138.0	21	1.05	0.95				
	204	1	34.18699827368421	6.929796947368421	0.0	0.0	2	1.0002486387760927	-9.852647444935052	138.0	21	1.05	0.95				
	205	1	32.80103888421052	6.467810484210526	0.0	0.0	2	1.0163982507772253	-10.182329554994645	138.0	21	1.05	0.95				
	206	1	62.83015898947368	12.935620968421052	0.0	-100.0	2	1.0273102698694438	-10.46928895968822	138.0	22	1.05	0.95				
	207	2	57.74830789473684	11.549661578947369	0.0	0.0	2	0.9712171219260904	-16.21661167907694	138.0	22	1.05	0.95				
	208	1	78.99968519999999	16.169526210526314	0.0	0.0	2	0.9777353558782749	-14.03367187023584	138.0	22	1.05	0.95				
	209	1	80.84763105263157	16.63151267368421	0.0	0.0	2	1.0072297095131053	-7.03906973318217	138.0	23	1.05	0.95				
	210	1	90.08736031578947	18.47945852631579	0.0	0.0	2	1.033941348787073	-8.15745721104923	138.0	23	1.05	0.95				
	211	1	0.0	0.0	0.0	0.0	2	0.991060786896341	-4.305762497033082	230.0	23	1.05	0.95				
	212	1	0.0	0.0	0.0	0.0	2	0.9929266732715464	1.1050074776869268	230.0	23	1.05	0.95				
	213	2	122.4264127368421	24.947269010526316	0.0	0.0	2	0.9901196426401353	-1.3757599173435098	230.0	24	1.05	0.95				
	214	2	89.62537385263157	18.017472063157893	0.0	0.0	2	0.9894209987877047	-3.471255002915295	230.0	26	1.05	0.95				
	215	2	146.4497088210526	29.567133642105265	0.0	0.0	2	0.994556701392973	1.006580926344169	230.0	26	1.05	0.95				
	216	2	46.198646315789475	9.239729263157894	0.0	0.0	2	0.9937958195804297	0.7742237122791775	230.0	26	1.05	0.95				
	217	1	0.0	0.0	0.0	0.0	2	1.0021201365505223	1.7100957121598808	230.0	27	1.05	0.95				
	218	2	153.84149223157894	31.41507949473684	0.0	0.0	2	1.0021964216122166	1.248156526313173	230.0	27	1.05	0.95				
	219	1	83.61954983157894	17.093499136842105	0.0	0.0	2	0.9898928507603209	1.9036507856161675	230.0	25	1.05	0.95				
	220	1	59.13426728421053	12.011648042105264	0.0	0.0	2	0.9905897945234594	3.8551759834741857	230.0	25	1.05	0.95				
	221	2	0.0	0.0	0.0	0.0	2	1.004753270997515	1.9609512695149003	230.0	27	1.05	0.95				
	222	2	0.0	0.0	0.0	0.0	2	1.0232828442912751	8.419447804209879	230.0	27	1.05	0.95				
	223	2	0.0	0.0	0.0	0.0	2	0.9926392137805382	5.30613004463186	230.0	25	1.05	0.95				
	224	1	0.0	0.0	0.0	0.0	2	0.9843687472753623	-2.4874903227396215	230.0	26	1.05	0.95				
	301	2	50.85669092210527	10.35969629894737	0.0	0.0	3	1.0088911535071852	33.87058662220739	138.0	31	1.05	0.95				
	302	2	45.67684277263158	9.41790572631579	0.0	0.0	3	1.0090406470554727	33.854541567025	138.0	32	1.05	0.95				
	303	1	84.76115153684212	17.42312559368421	0.0	0.0	3	1.0007483156506116	35.8744358439723	138.0	31	1.05	0.95				
	304	1	34.84625118736842	7.063429294736842	0.0	0.0	3	1.0015184254759875	35.59381420608556	138.0	31	1.05	0.95				
	305	1	33.433565328421054	6.592534008421054	0.0	0.0	3	1.0169810662557648	35.68170933441533	138.0	31	1.05	0.95				
	306	1	64.04175893894738	13.185068016842107	0.0	-100.0	3	1.0304891775772649	36.14021041222251	138.0	32	1.05	0.95				
	307	2	58.86191078947369	11.772382157894738	0.0	0.0	3	0.9749319693008363	34.84379139125588	138.0	32	1.05	0.95				
	308	1	80.52309396	16.481335021052633	0.0	0.0	3	0.9922151411543446	36.86479887771662	138.0	32	1.05	0.95				
	309	1	82.40667510526318	16.95223030736842	0.0	0.0	3	1.01102792552733	39.00718644759545	138.0	33	1.05	0.95				
	310	1	91.82458083157896	18.83581145263158	0.0	0.0	3	1.0389174375111778	39.04772724363575	138.0	33	1.05	0.95				
	311	1	0.0	0.0	0.0	0.0	3	0.9893793209731493	43.84512221106864	230.0	33	1.05	0.95				
	312	1	0.0	0.0	0.0	0.0	3	0.9954398614281464	44.25836350020225	230.0	33	1.05	0.95				
	313	2	124.78725087368423	25.428345461052636	0.0	0.0	3	0.9993273403799396	51.07037239424358	230.0	34	1.05	0.95				
	314	2	91.35368554526316	18.364916166315794	0.0	0.0	3	0.9829949408631423	42.438126707264104	230.0	36	1.05	0.95				
	315	2	149.27380576210527	30.137298324210533	0.0	0.0	3	0.9948562769579755	35.74581287986138	230.0	36	1.05	0.95				
	316	2	47.08952863157895	9.41790572631579	0.0	0.0	3	0.9873404035594027	37.09530066276967	230.0	36	1.05	0.95				
	317	1	0.0	0.0	0.0	0.0	3	0.9989593990358763	37.116995207710076	230.0	37	1.05	0.95				
	318	2	156.80813034315793	32.02087946947369	0.0	0.0	3	0.9945431082388116	33.60717052575444	230.0	37	1.05	0.95				
	319	1	85.2320468231579	17.42312559368421	0.0	0.0	3	0.992282969386443	38.52683394971689	230.0	35	1.05	0.95				
	320	1	60.27459664842107	12.243277444210527	0.0	0.0	3	0.9966491682207678	39.059210978121016	230.0	35	1.05	0.95				
	321	2	0.0	0.0	0.0	0.0	3	1.0025377778067452	34.96315444433901	230.0	37	1.05	0.95				
	322	2	0.0	0.0	0.0	0.0	3	1.020034728669458	40.1209291774651	230.0	37	1.05	0.95				
	323	2	0.0	0.0	0.0	0.0	3	0.9976425345516569	38.7415796104505	230.0	35	1.05	0.95				
	324	1	0.0	0.0	0.0	0.0	3	0.9959488683422256	37.92976271609067	230.0	36	1.05	0.95				
	325	1	0.0	0.0	0.0	0.0	3	0.9968709725406858	36.76131240929149	230.0	35	1.05	0.95				
];
