%% MATPOWER Case Format : Version 2
function mpc = RTS_GMLC
mpc.version = '2';

%%-----  Power Flow Data  -----%%
%% system MVA base
mpc.baseMVA = 100.0;
%% bus data
%    bus_i    type    Pd    Qd    Gs    Bs    area    Vm    Va    baseKV    zone    Vmax    Vmin
mpc.bus = [
	101	2	52.85106382736843	10.765957446315792	0.0	0.0	1	1.0352259110934328	1.0024964410224173	138.0	11	1.05	0.95				
	102	2	47.46808510421053	9.787234042105265	0.0	0.0	1	1.0348009191174445	0.8668274826891097	138.0	12	1.05	0.95				
	103	1	88.08510637894737	18.10638297789474	0.0	0.0	1	1.026769507170139	-1.0461494009962835	138.0	11	1.05	0.95				
	104	1	36.21276595578948	7.340425531578948	0.0	0.0	1	1.021197617457964	-2.2555576965179696	138.0	11	1.05	0.95				
	105	1	34.74468084947369	6.851063829473686	0.0	0.0	1	1.0360147261968657	-2.0524033941171202	138.0	11	1.05	0.95				
	106	1	66.5531914863158	13.702127658947372	0.0	-100.0	1	1.0441722047432036	-4.255789019687434	138.0	12	1.05	0.95				
	107	2	61.170212763157906	12.23404255263158	0.0	0.0	1	1.0054104918406808	-7.207721134027952	138.0	12	1.05	0.95				
	108	1	83.68085106000001	17.127659573684213	0.0	0.0	1	1.006402411858207	-7.066637463009825	138.0	12	1.05	0.95				
	109	1	85.63829786842105	17.617021275789472	0.0	0.0	1	1.0251363675273888	-2.834754833706868	138.0	13	1.05	0.95				
	110	1	95.42553191052632	19.57446808421053	0.0	0.0	1	1.05	-3.6135844390088816	138.0	13	1.05	0.95				
	111	1	0.0	0.0	0.0	0.0	1	1.0055517481713885	-0.8968373846682464	230.0	13	1.05	0.95				
	112	1	0.0	0.0	0.0	0.0	1	1.0100321504154284	-0.12677310156129554	230.0	13	1.05	0.95				
	113	3	129.68085105789476	26.425531913684214	0.0	0.0	1	0.9999060991507921	-2.7630914060461286e-30	230.0	14	1.05	0.95				
	114	2	94.93617020842106	19.085106382105266	0.0	0.0	1	1.0025803318408792	0.7642389900182992	230.0	16	1.05	0.95				
	115	2	155.12765956736843	31.319148934736845	0.0	0.0	1	1.037771949325433	6.106048916865859	230.0	16	1.05	0.95				
	116	2	48.93617021052632	9.787234042105265	0.0	0.0	1	1.0340888489732547	5.991060507996212	230.0	16	1.05	0.95				
	117	1	0.0	0.0	0.0	0.0	1	1.041234349339416	7.481988902615655	230.0	17	1.05	0.95				
	118	2	162.95744680105264	33.2765957431579	0.0	0.0	1	1.0431772344473735	7.346801862957136	230.0	17	1.05	0.95				
	119	1	88.57446808105264	18.10638297789474	0.0	0.0	1	1.028837821683594	5.583840944770874	230.0	15	1.05	0.95				
	120	1	62.63829786947369	12.723404254736845	0.0	0.0	1	1.0278469238085688	6.177193811800789	230.0	15	1.05	0.95				
	121	2	0.0	0.0	0.0	0.0	1	1.0472752293545637	8.337865476949235	230.0	17	1.05	0.95				
	122	2	0.0	0.0	0.0	0.0	1	1.05	14.532036751831932	230.0	17	1.05	0.95				
	123	2	0.0	0.0	0.0	0.0	1	1.0282914636000353	6.878753617735753	230.0	15	1.05	0.95				
	124	1	0.0	0.0	0.0	0.0	1	1.0243149859581926	3.434945774514184	230.0	16	1.05	0.95				
	201	2	47.769557684210525	9.730835824561405	0.0	0.0	2	1.0312896452392506	-3.7452176491731817	138.0	21	1.05	0.95				
	202	2	42.90413977192982	8.846214385964913	0.0	0.0	2	1.0316526442977845	-3.6907424361643955	138.0	22	1.05	0.95				
	203	1	79.6159294736842	16.365496614035088	0.0	0.0	2	1.0211381912252337	-4.551638233740837	138.0	21	1.05	0.95				
	204	1	32.730993228070176	6.634660789473684	0.0	0.0	2	1.0201355708947475	-6.060832249952394	138.0	21	1.05	0.95				
	205	1	31.404061070175437	6.192350070175439	0.0	0.0	2	1.035056894099076	-6.086099262380711	138.0	21	1.05	0.95				
	206	1	60.154257824561405	12.384700140350878	0.0	-100.0	2	1.0451339859522664	-7.816026176171764	138.0	22	1.05	0.95				
	207	2	55.28883991228071	11.05776798245614	0.0	0.0	2	0.9894144748799693	-14.56385874541147	138.0	22	1.05	0.95				
	208	1	75.635133	15.480875175438596	0.0	0.0	2	0.9963499623770744	-12.563852408649252	138.0	22	1.05	0.95				
	209	1	77.40437587719298	15.923185894736841	0.0	0.0	2	1.0235757296678958	-6.199115134276394	138.0	23	1.05	0.95				
	210	1	86.25059026315789	17.692428771929826	0.0	0.0	2	1.05	-7.055518554224846	138.0	23	1.05	0.95				
	211	1	0.0	0.0	0.0	0.0	2	1.0051061173023101	-3.541307560140536	230.0	23	1.05	0.95				
	212	1	0.0	0.0	0.0	0.0	2	1.0089158923141999	-3.0109519647194136	230.0	23	1.05	0.95				
	213	2	117.2123406140351	23.884778842105263	0.0	0.0	2	0.998122581192422	-2.688618457481401	230.0	24	1.05	0.95				
	214	2	85.80827954385964	17.25011805263158	0.0	0.0	2	1.006025129032503	-1.0855647913489692	230.0	26	1.05	0.95				
	215	2	140.21249801754385	28.30788603508772	0.0	0.0	2	1.0305084413319205	4.9096787996067235	230.0	26	1.05	0.95				
	216	2	44.23107192982456	8.846214385964913	0.0	0.0	2	1.030982072269599	5.008541632921313	230.0	26	1.05	0.95				
	217	1	0.0	0.0	0.0	0.0	2	1.037085649316229	7.609726442318165	230.0	27	1.05	0.95				
	218	2	147.2894695263158	30.077128912280703	0.0	0.0	2	1.0391338167428337	8.262244320198228	230.0	27	1.05	0.95				
	219	1	80.05824019298245	16.365496614035088	0.0	0.0	2	1.0295103965800607	4.19350578940643	230.0	25	1.05	0.95				
	220	1	56.61577207017544	11.500078701754386	0.0	0.0	2	1.03130376119144	4.342512524891576	230.0	25	1.05	0.95				
	221	2	0.0	0.0	0.0	0.0	2	1.038762434646661	7.8952658387067025	230.0	27	1.05	0.95				
	222	2	0.0	0.0	0.0	0.0	2	1.05	14.28395925299091	230.0	27	1.05	0.95				
	223	2	0.0	0.0	0.0	0.0	2	1.0329240158037538	4.760454840200293	230.0	25	1.05	0.95				
	224	1	0.0	0.0	0.0	0.0	2	1.0152612813823645	1.363513142959592	230.0	26	1.05	0.95				
	301	2	46.21006011789475	9.413160394385967	0.0	0.0	3	1.0077551585928144	-20.349557571733264	138.0	31	1.05	0.95				
	302	2	41.50347992070176	8.557418540350879	0.0	0.0	3	1.0075208329252332	-20.46013572380754	138.0	32	1.05	0.95				
	303	1	77.0167668631579	15.831224299649124	0.0	0.0	3	1.0237959513758037	-14.885150341175951	138.0	31	1.05	0.95				
	304	1	31.662448599298248	6.418063905263159	0.0	0.0	3	1.0104678721487486	-18.990128505577168	138.0	31	1.05	0.95				
	305	1	30.37883581824562	5.990192978245616	0.0	0.0	3	1.0233410467642654	-19.81835515044573	138.0	31	1.05	0.95				
	306	1	58.19044607438598	11.980385956491231	0.0	-100.0	3	1.0403477161047805	-20.032888412064384	138.0	32	1.05	0.95				
	307	2	53.48386587719299	10.696773175438597	0.0	0.0	3	0.9940244707198891	-24.629858451195478	138.0	32	1.05	0.95				
	308	1	73.16592852000001	14.975482445614036	0.0	0.0	3	1.0001788069470376	-22.70394064954836	138.0	32	1.05	0.95				
	309	1	74.87741222807018	15.403353372631582	0.0	0.0	3	1.0263196600394866	-16.0365076334765	138.0	33	1.05	0.95				
	310	1	83.43483076842107	17.114837080701758	0.0	0.0	3	1.05	-17.909746714147992	138.0	33	1.05	0.95				
	311	1	0.0	0.0	0.0	0.0	3	1.008230165470302	-12.213239896410135	230.0	33	1.05	0.95				
	312	1	0.0	0.0	0.0	0.0	3	1.0110610977528984	-11.772223940758368	230.0	33	1.05	0.95				
	313	2	113.38579565964915	23.105030058947374	0.0	0.0	3	1.0104691878748497	-8.793013675829911	230.0	34	1.05	0.95				
	314	2	83.00695984140351	16.686966153684214	0.0	0.0	3	1.0091890259209921	-10.347637260831286	230.0	36	1.05	0.95				
	315	2	135.6350838645614	27.383739329122815	0.0	0.0	3	1.0338538084486084	-5.725124996973634	230.0	36	1.05	0.95				
	316	2	42.78709270175439	8.557418540350879	0.0	0.0	3	1.0326224750249784	-5.16445045636024	230.0	36	1.05	0.95				
	317	1	0.0	0.0	0.0	0.0	3	1.0377371237889927	-3.5794466966999083	230.0	37	1.05	0.95				
	318	2	142.48101869684214	29.09522303719299	0.0	0.0	3	1.0376257358406535	-3.3342449862046495	230.0	37	1.05	0.95				
	319	1	77.44463779017545	15.831224299649124	0.0	0.0	3	1.02818878584934	-6.060169142473421	230.0	35	1.05	0.95				
	320	1	54.76747865824563	11.124644102456143	0.0	0.0	3	1.0272730215172456	-6.0095021543792875	230.0	35	1.05	0.95				
	321	2	0.0	0.0	0.0	0.0	3	1.0394884414351986	-3.110974438731326	230.0	37	1.05	0.95				
	322	2	0.0	0.0	0.0	0.0	3	1.05	1.0179247267578235	230.0	37	1.05	0.95				
	323	2	0.0	0.0	0.0	0.0	3	1.0273276679605845	-5.652157973266604	230.0	35	1.05	0.95				
	324	1	0.0	0.0	0.0	0.0	3	1.0186562231585605	-9.15547881937185	230.0	36	1.05	0.95				
	325	1	0.0	0.0	0.0	0.0	3	1.025068603912094	-4.471141744752044	230.0	35	1.05	0.95				
];
