%% MATPOWER Case Format : Version 2
function mpc = RTS_GMLC
mpc.version = '2';

%%-----  Power Flow Data  -----%%
%% system MVA base
mpc.baseMVA = 100.0;
%% bus data
%    bus_i    type    Pd    Qd    Gs    Bs    area    Vm    Va    baseKV    zone    Vmax    Vmin
mpc.bus = [
	101	2	34.187530926315794	6.964126670175438	0.0	0.0	1	0.9912549289051034	-4.9215649846308365	138.0	11	1.05	0.95				
	102	2	30.705467591228068	6.331024245614035	0.0	0.0	1	0.9911233278184949	-5.091556717797974	138.0	12	1.05	0.95				
	103	1	56.97921821052632	11.712394854385966	0.0	0.0	1	1.0221279837046506	1.4775142236545267	138.0	11	1.05	0.95				
	104	1	23.424789708771932	4.748268184210526	0.0	0.0	1	1.0048784089108347	-4.449623934455254	138.0	11	1.05	0.95				
	105	1	22.475136071929825	4.431716971929825	0.0	0.0	1	1.0167168970615874	-5.222196617323774	138.0	11	1.05	0.95				
	106	1	43.05096487017545	8.86343394385965	0.0	-100.0	1	1.0395213865237112	-5.809795641334942	138.0	12	1.05	0.95				
	107	2	39.56890153508772	7.913780307017544	0.0	0.0	1	0.9868162021906389	-10.420864087474492	138.0	12	1.05	0.95				
	108	1	54.1302573	11.07929242982456	0.0	0.0	1	0.9993572915218134	-8.471851456187803	138.0	12	1.05	0.95				
	109	1	55.396462149122804	11.395843642105262	0.0	0.0	1	1.02468770355644	-2.609476629684555	138.0	13	1.05	0.95				
	110	1	61.72748639473684	12.66204849122807	0.0	0.0	1	1.05	-4.482834100359985	138.0	13	1.05	0.95				
	111	1	0.0	0.0	0.0	0.0	1	1.0145455613349759	0.34430066284061006	230.0	13	1.05	0.95				
	112	1	0.0	0.0	0.0	0.0	1	1.0114789031453153	-1.00476747162103	230.0	13	1.05	0.95				
	113	3	83.88607125438597	17.093765463157897	0.0	0.0	1	0.9950523544679845	2.701268420958177e-29	230.0	14	1.05	0.95				
	114	2	61.410935182456136	12.345497278947368	0.0	0.0	1	1.039237925345098	4.476943039545965	230.0	16	1.05	0.95				
	115	2	100.34673429298246	20.259277585964913	0.0	0.0	1	1.0391411182146217	14.28036036542509	230.0	16	1.05	0.95				
	116	2	31.655121228070175	6.331024245614035	0.0	0.0	1	1.0387572304104833	12.36332184795807	230.0	16	1.05	0.95				
	117	1	0.0	0.0	0.0	0.0	1	1.0383500575264069	18.55109357517716	230.0	17	1.05	0.95				
	118	2	105.41155368947368	21.525482435087724	0.0	0.0	1	1.0474386901884316	19.229830867280654	230.0	17	1.05	0.95				
	119	1	57.29576942280702	11.712394854385966	0.0	0.0	1	1.0340102314348143	7.8566697537455505	230.0	15	1.05	0.95				
	120	1	40.518555171929826	8.230331519298247	0.0	0.0	1	1.0362130480598686	4.545250170237562	230.0	15	1.05	0.95				
	121	2	0.0	0.0	0.0	0.0	1	1.0405577450319872	20.696826168280598	230.0	17	1.05	0.95				
	122	2	0.0	0.0	0.0	0.0	1	1.05	38.680203319999464	230.0	17	1.05	0.95				
	123	2	0.0	0.0	0.0	0.0	1	1.0383916859044755	2.9704192250995956	230.0	15	1.05	0.95				
	124	1	0.0	0.0	0.0	0.0	1	1.0166604955305902	9.51097864207006	230.0	16	1.05	0.95				
	201	2	40.37462617263159	8.224460887017544	0.0	0.0	2	1.0062945632048133	-16.712070855900787	138.0	21	1.05	0.95				
	202	2	36.26239572912281	7.476782624561405	0.0	0.0	2	1.0053860097042218	-17.01343505390607	138.0	22	1.05	0.95				
	203	1	67.29104362105264	13.832047855438597	0.0	0.0	2	1.0117764709063155	-12.421421483088912	138.0	21	1.05	0.95				
	204	1	27.664095710877195	5.607586968421053	0.0	0.0	2	1.0090822549224927	-16.809066780642667	138.0	21	1.05	0.95				
	205	1	26.542578317192984	5.2337478371929835	0.0	0.0	2	1.0236157662622236	-17.266931248284806	138.0	21	1.05	0.95				
	206	1	50.84212184701755	10.467495674385967	0.0	-100.0	2	1.0413601584703094	-18.062207179374113	138.0	22	1.05	0.95				
	207	2	46.72989140350878	9.345978280701756	0.0	0.0	2	0.9896351697206656	-22.42709933809894	138.0	22	1.05	0.95				
	208	1	63.926491440000014	13.084369592982457	0.0	0.0	2	0.9990069278538973	-20.796143964693805	138.0	22	1.05	0.95				
	209	1	65.42184796491229	13.458208724210527	0.0	0.0	2	1.0225055190544956	-15.083328338546908	138.0	23	1.05	0.95				
	210	1	72.89863058947368	14.95356524912281	0.0	0.0	2	1.05	-16.60894536831642	138.0	23	1.05	0.95				
	211	1	0.0	0.0	0.0	0.0	2	1.0059371744353072	-12.409179311510185	230.0	23	1.05	0.95				
	212	1	0.0	0.0	0.0	0.0	2	1.0137297256627245	-11.87131005004185	230.0	23	1.05	0.95				
	213	2	99.0673697754386	20.187313086315793	0.0	0.0	2	1.0046815903063147	-11.299922897484361	230.0	24	1.05	0.95				
	214	2	72.52479145824562	14.57972611789474	0.0	0.0	2	1.0044054853380926	-9.83009814633532	230.0	26	1.05	0.95				
	215	2	118.50700459929826	23.925704398596494	0.0	0.0	2	1.0248497806512862	-3.129522794916663	230.0	26	1.05	0.95				
	216	2	37.38391312280702	7.476782624561405	0.0	0.0	2	1.0284098676375075	-4.004328486888641	230.0	26	1.05	0.95				
	217	1	0.0	0.0	0.0	0.0	2	1.0333954286648204	-1.6271526202446336	230.0	27	1.05	0.95				
	218	2	124.4884306989474	25.421060923508776	0.0	0.0	2	1.0319881805942537	-2.0807057956701485	230.0	27	1.05	0.95				
	219	1	67.6648827522807	13.832047855438597	0.0	0.0	2	1.0359024902011125	-4.584289115895752	230.0	25	1.05	0.95				
	220	1	47.85140879719299	9.719817411929826	0.0	0.0	2	1.0445914106156942	-4.364995099508823	230.0	25	1.05	0.95				
	221	2	0.0	0.0	0.0	0.0	2	1.03252439929114	-1.6307703184253897	230.0	27	1.05	0.95				
	222	2	0.0	0.0	0.0	0.0	2	1.0499999994372624	4.866120059294092	230.0	27	1.05	0.95				
	223	2	0.0	0.0	0.0	0.0	2	1.0496588849280424	-3.9702490478558015	230.0	25	1.05	0.95				
	224	1	0.0	0.0	0.0	0.0	2	1.0084735379701533	-6.598234701892554	230.0	26	1.05	0.95				
	301	2	42.690920589473684	8.69629863859649	0.0	0.0	3	1.0139452275662486	10.736078557467405	138.0	31	1.05	0.95				
	302	2	38.34277127017543	7.905726035087719	0.0	0.0	3	1.0124702986000174	10.375338748012764	138.0	32	1.05	0.95				
	303	1	71.15153431578948	14.62559316491228	0.0	0.0	3	1.05	25.058082761045096	138.0	31	1.05	0.95				
	304	1	29.25118632982456	5.929294526315789	0.0	0.0	3	1.006972039775726	11.362217344648412	138.0	31	1.05	0.95				
	305	1	28.065327424561403	5.534008224561403	0.0	0.0	3	1.0229398092097803	9.19671694855442	138.0	31	1.05	0.95				
	306	1	53.758937038596486	11.068016449122807	0.0	-100.0	3	1.035661597584873	7.835832755011794	138.0	32	1.05	0.95				
	307	2	49.41078771929824	9.882157543859648	0.0	0.0	3	0.95	4.466576394203381	138.0	32	1.05	0.95				
	308	1	67.5939576	13.835020561403507	0.0	0.0	3	0.971173608787345	6.146174526952465	138.0	32	1.05	0.95				
	309	1	69.17510280701754	14.230306863157892	0.0	0.0	3	1.014253824310977	13.833994771885045	138.0	33	1.05	0.95				
	310	1	77.08082884210525	15.811452070175438	0.0	0.0	3	1.0415360783673364	8.933331976080705	138.0	33	1.05	0.95				
	311	1	0.0	0.0	0.0	0.0	3	1.0018968099603618	12.470707687205081	230.0	33	1.05	0.95				
	312	1	0.0	0.0	0.0	0.0	3	1.0065317047100117	12.504089794107715	230.0	33	1.05	0.95				
	313	2	104.75086996491227	21.345460294736842	0.0	0.0	3	1.000062384657943	12.531037780064874	230.0	34	1.05	0.95				
	314	2	76.68554254035087	15.416165768421052	0.0	0.0	3	0.9992251327861359	13.604799491107944	230.0	36	1.05	0.95				
	315	2	125.30575765614034	25.2983233122807	0.0	0.0	3	1.0492490721723826	17.92307986629207	230.0	36	1.05	0.95				
	316	2	39.52863017543859	7.905726035087719	0.0	0.0	3	1.0346457631813835	17.48735096284807	230.0	36	1.05	0.95				
	317	1	0.0	0.0	0.0	0.0	3	1.05	22.107608168559796	230.0	37	1.05	0.95				
	318	2	131.63033848421054	26.879468519298243	0.0	0.0	3	1.0463883032822048	18.593535982684248	230.0	37	1.05	0.95				
	319	1	71.54682061754386	14.62559316491228	0.0	0.0	3	1.0245302149803095	15.884076919532259	230.0	35	1.05	0.95				
	320	1	50.5966466245614	10.277443845614034	0.0	0.0	3	1.018687727798721	15.247676007117517	230.0	35	1.05	0.95				
	321	2	0.0	0.0	0.0	0.0	3	1.047649622800086	19.047498704026225	230.0	37	1.05	0.95				
	322	2	0.0	0.0	0.0	0.0	3	1.0499999435782996	24.59386017838653	230.0	37	1.05	0.95				
	323	2	0.0	0.0	0.0	0.0	3	1.015844191113206	15.206919099724198	230.0	35	1.05	0.95				
	324	1	0.0	0.0	0.0	0.0	3	1.0468804409679822	20.65310421771734	230.0	36	1.05	0.95				
	325	1	0.0	0.0	0.0	0.0	3	1.0174584252388958	15.687441521169992	230.0	35	1.05	0.95				
];
