%% MATPOWER Case Format : Version 2
function mpc = RTS_GMLC
mpc.version = '2';

%%-----  Power Flow Data  -----%%
%% system MVA base
mpc.baseMVA = 100.0;
%% bus data
%    bus_i    type    Pd    Qd    Gs    Bs    area    Vm    Va    baseKV    zone    Vmax    Vmin
mpc.bus = [
	101	2	54.761504210526326	11.155121228070177	0.0	0.0	1	1.0254185334905948	-5.6410254062196	138.0	11	1.05	0.95				
	102	2	49.18394359649123	10.141019298245615	0.0	0.0	1	1.022491061347458	-6.00526599810615	138.0	12	1.05	0.95				
	103	1	91.26917368421054	18.760885701754386	0.0	0.0	1	1.0206893008612283	0.9792108604712624	138.0	11	1.05	0.95				
	104	1	37.52177140350877	7.605764473684211	0.0	0.0	1	1.0144971726975274	-5.904972106574448	138.0	11	1.05	0.95				
	105	1	36.00061850877193	7.098713508771931	0.0	0.0	1	1.0315302922754608	-6.743335345543894	138.0	11	1.05	0.95				
	106	1	68.95893122807018	14.197427017543863	0.0	-100.0	1	1.0416381415603255	-7.954058894056544	138.0	12	1.05	0.95				
	107	2	63.38137061403509	12.676274122807019	0.0	0.0	1	0.9942087635361493	-12.497612510994761	138.0	12	1.05	0.95				
	108	1	86.70571500000001	17.746783771929824	0.0	0.0	1	0.9970740134563026	-10.959601293244313	138.0	12	1.05	0.95				
	109	1	88.73391885964914	18.253834736842105	0.0	0.0	1	1.0218075107396252	-3.9959789009669917	138.0	13	1.05	0.95				
	110	1	98.87493815789475	20.28203859649123	0.0	0.0	1	1.05	-6.23935381674857	138.0	13	1.05	0.95				
	111	1	0.0	0.0	0.0	0.0	1	1.0106449762297685	-0.38280184351974794	230.0	13	1.05	0.95				
	112	1	0.0	0.0	0.0	0.0	1	1.0083939825313895	-1.5663390324218502	230.0	13	1.05	0.95				
	113	3	134.36850570175437	27.380752105263163	0.0	0.0	1	1.0003199577062234	1.8957061791540598e-29	230.0	14	1.05	0.95				
	114	2	98.36788719298247	19.77498763157895	0.0	0.0	1	1.0278302135286008	4.014801211078574	230.0	16	1.05	0.95				
	115	2	160.735155877193	32.45126175438597	0.0	0.0	1	1.0332121235661913	15.67933863671093	230.0	16	1.05	0.95				
	116	2	50.705096491228076	10.141019298245615	0.0	0.0	1	1.0283947060792937	13.500039117900165	230.0	16	1.05	0.95				
	117	1	0.0	0.0	0.0	0.0	1	1.0321308700557426	20.551400143552197	230.0	17	1.05	0.95				
	118	2	168.8479713157895	34.47946561403509	0.0	0.0	1	1.0444509199498602	21.563170075095464	230.0	17	1.05	0.95				
	119	1	91.77622464912282	18.760885701754386	0.0	0.0	1	1.0197085232663934	8.676178030017676	230.0	15	1.05	0.95				
	120	1	64.90252350877194	13.1833250877193	0.0	0.0	1	1.0207690184093885	5.193671537825016	230.0	15	1.05	0.95				
	121	2	0.0	0.0	0.0	0.0	1	1.05	23.474656581190803	230.0	17	1.05	0.95				
	122	2	0.0	0.0	0.0	0.0	1	1.05	41.375597683056846	230.0	17	1.05	0.95				
	123	2	0.0	0.0	0.0	0.0	1	1.0232947991415393	3.6741382353107848	230.0	15	1.05	0.95				
	124	1	0.0	0.0	0.0	0.0	1	1.0097142255106308	10.1800288738477	230.0	16	1.05	0.95				
	201	2	48.39855188210527	9.858964272280701	0.0	0.0	2	1.001623826182934	-13.665499847975777	138.0	21	1.05	0.95				
	202	2	43.46906974596491	8.962694792982456	0.0	0.0	2	1.0004976843252014	-13.918242223087233	138.0	22	1.05	0.95				
	203	1	80.6642531368421	16.580985367017544	0.0	0.0	2	0.9968190818000684	-10.381797813220581	138.0	21	1.05	0.95				
	204	1	33.16197073403509	6.722021094736842	0.0	0.0	2	0.9908513007360858	-13.03928951497257	138.0	21	1.05	0.95				
	205	1	31.81756651508772	6.273886355087719	0.0	0.0	2	1.0060857473399427	-13.441416138613903	138.0	21	1.05	0.95				
	206	1	60.94632459228071	12.547772710175439	0.0	-100.0	2	1.0161237232607987	-13.881849847625073	138.0	22	1.05	0.95				
	207	2	56.016842456140346	11.20336849122807	0.0	0.0	2	0.9808280739708769	-19.731747707832184	138.0	22	1.05	0.95				
	208	1	76.63104048	15.684715887719298	0.0	0.0	2	0.9789116335771288	-17.511116009779634	138.0	22	1.05	0.95				
	209	1	78.42357943859649	16.13285062736842	0.0	0.0	2	0.9970223080361904	-10.373569042832193	138.0	23	1.05	0.95				
	210	1	87.38627423157894	17.92538958596491	0.0	0.0	2	1.0218763152195016	-11.703750701513618	138.0	23	1.05	0.95				
	211	1	0.0	0.0	0.0	0.0	2	0.979541046366483	-7.476717023912548	230.0	23	1.05	0.95				
	212	1	0.0	0.0	0.0	0.0	2	0.9719613431969011	-3.3405954335288675	230.0	23	1.05	0.95				
	213	2	118.75570600701755	24.199275941052633	0.0	0.0	2	0.9666541264774352	-5.037069750756858	230.0	24	1.05	0.95				
	214	2	86.93813949192982	17.47725484631579	0.0	0.0	2	0.9882792546260794	-5.922000233083884	230.0	26	1.05	0.95				
	215	2	142.05871246877194	28.68062333754386	0.0	0.0	2	1.0040509730697185	-0.2561110137016841	230.0	26	1.05	0.95				
	216	2	44.81347396491228	8.962694792982456	0.0	0.0	2	0.996280211611314	-0.7082628901848071	230.0	26	1.05	0.95				
	217	1	0.0	0.0	0.0	0.0	2	1.010054983817165	0.9600654522073149	230.0	27	1.05	0.95				
	218	2	149.2288683031579	30.473162296140355	0.0	0.0	2	1.010101265045269	0.42704626827495273	230.0	27	1.05	0.95				
	219	1	81.11238787649123	16.580985367017544	0.0	0.0	2	0.9763098789737785	-0.15532896909351954	230.0	25	1.05	0.95				
	220	1	57.36124667508772	11.651503230877193	0.0	0.0	2	0.9626440688134607	1.3159034676402366	230.0	25	1.05	0.95				
	221	2	0.0	0.0	0.0	0.0	2	1.0118372480256586	1.0281316160650866	230.0	27	1.05	0.95				
	222	2	0.0	0.0	0.0	0.0	2	1.0345547915848596	7.689761073150494	230.0	27	1.05	0.95				
	223	2	0.0	0.0	0.0	0.0	2	0.9565266740751911	2.540794637796846	230.0	25	1.05	0.95				
	224	1	0.0	0.0	0.0	0.0	2	0.9891428333500517	-4.0597956221798475	230.0	26	1.05	0.95				
	301	2	58.0828851663158	11.831698830175439	0.0	0.0	3	0.9964722917931143	21.987328482112535	138.0	31	1.05	0.95				
	302	2	52.16703575122808	10.756089845614037	0.0	0.0	3	0.9966269775649138	21.829246319280724	138.0	32	1.05	0.95				
	303	1	96.80480861052632	19.89876621438597	0.0	0.0	3	1.0204428236331295	29.567216987541354	138.0	31	1.05	0.95				
	304	1	39.79753242877194	8.067067384210528	0.0	0.0	3	1.0036281586193214	23.75277304319156	138.0	31	1.05	0.95				
	305	1	38.18411895192983	7.529262891929826	0.0	0.0	3	1.0159241687652554	22.490128348912602	138.0	31	1.05	0.95				
	306	1	73.14141095017546	15.058525783859652	0.0	-100.0	3	1.0344225981448678	22.16082434346751	138.0	32	1.05	0.95				
	307	2	67.22556153508773	13.445112307017546	0.0	0.0	3	0.9973960553517199	17.985996755633934	138.0	32	1.05	0.95				
	308	1	91.96456818	18.823157229824563	0.0	0.0	3	1.0022984930426768	20.439001508032025	138.0	32	1.05	0.95				
	309	1	94.11578614912281	19.360961722105266	0.0	0.0	3	1.027851203721604	27.507173995310502	138.0	33	1.05	0.95				
	310	1	104.87187599473687	21.512179691228074	0.0	0.0	3	1.05	24.724163549007176	138.0	33	1.05	0.95				
	311	1	0.0	0.0	0.0	0.0	3	1.0106591672027738	29.876395236679297	230.0	33	1.05	0.95				
	312	1	0.0	0.0	0.0	0.0	3	1.020324833565573	29.885381780326814	230.0	33	1.05	0.95				
	313	2	142.51819045438597	29.0414425831579	0.0	0.0	3	1.0189998222689478	32.867694652619896	230.0	34	1.05	0.95				
	314	2	104.33407150245615	20.97437519894737	0.0	0.0	3	1.0044472667335262	31.100619713812463	230.0	36	1.05	0.95				
	315	2	170.48402405298248	34.419487505964916	0.0	0.0	3	1.0034321459534994	30.074674536449244	230.0	36	1.05	0.95				
	316	2	53.78044922807018	10.756089845614037	0.0	0.0	3	0.9882370803293955	30.856981865285377	230.0	36	1.05	0.95				
	317	1	0.0	0.0	0.0	0.0	3	0.9968171629228351	33.97273839470501	230.0	37	1.05	0.95				
	318	2	179.0888959294737	36.57070547508773	0.0	0.0	3	0.9872874186430975	29.911730169278666	230.0	37	1.05	0.95				
	319	1	97.34261310280704	19.89876621438597	0.0	0.0	3	1.0080683157096133	30.7968292099903	230.0	35	1.05	0.95				
	320	1	68.83897501192983	13.982916799298248	0.0	0.0	3	1.0260796220701063	30.269940084289487	230.0	35	1.05	0.95				
	321	2	0.0	0.0	0.0	0.0	3	1.0078504866098832	30.622648457615878	230.0	37	1.05	0.95				
	322	2	0.0	0.0	0.0	0.0	3	1.0182231532641668	36.508205938536875	230.0	37	1.05	0.95				
	323	2	0.0	0.0	0.0	0.0	3	1.0357587564204491	29.869182983030704	230.0	35	1.05	0.95				
	324	1	0.0	0.0	0.0	0.0	3	1.0083257336395026	31.88053440875919	230.0	36	1.05	0.95				
	325	1	0.0	0.0	0.0	0.0	3	1.0384295248357125	29.331355067193176	230.0	35	1.05	0.95				
];
