%% MATPOWER Case Format : Version 2
function mpc = RTS_GMLC
mpc.version = '2';

%%-----  Power Flow Data  -----%%
%% system MVA base
mpc.baseMVA = 100.0;
%% bus data
%    bus_i    type    Pd    Qd    Gs    Bs    area    Vm    Va    baseKV    zone    Vmax    Vmin
mpc.bus = [
	101	2	48.74962888421053	9.930479957894738	0.0	0.0	1	1.0333107662071477	3.2644091966971374	138.0	11	1.05	0.95				
	102	2	43.784388905263164	9.02770905263158	0.0	0.0	1	1.0328596756747543	3.0857105092692945	138.0	12	1.05	0.95				
	103	1	81.24938147368421	16.701261747368424	0.0	0.0	1	1.0303770946010309	2.3398082965983553	138.0	11	1.05	0.95				
	104	1	33.40252349473685	6.770781789473684	0.0	0.0	1	1.0206924884004085	-0.34061978462398806	138.0	11	1.05	0.95				
	105	1	32.0483671368421	6.319396336842106	0.0	0.0	1	1.0351717693162035	-0.22674583165855092	138.0	11	1.05	0.95				
	106	1	61.388421557894745	12.638792673684213	0.0	-100.0	1	1.0444285260040609	-2.645643766894127	138.0	12	1.05	0.95				
	107	2	56.423181578947364	11.284636315789474	0.0	0.0	1	0.9989349439593935	-9.759227614339805	138.0	12	1.05	0.95				
	108	1	77.18691240000001	15.798490842105265	0.0	0.0	1	1.0018992952516899	-7.7932209489450255	138.0	12	1.05	0.95				
	109	1	78.99245421052632	16.249876294736843	0.0	0.0	1	1.0248445169042262	-1.3163006494182778	138.0	13	1.05	0.95				
	110	1	88.0201632631579	18.05541810526316	0.0	0.0	1	1.05	-2.3440824259817274	138.0	13	1.05	0.95				
	111	1	0.0	0.0	0.0	0.0	1	1.0069360371086624	0.6733529495297652	230.0	13	1.05	0.95				
	112	1	0.0	0.0	0.0	0.0	1	1.0109860474252141	0.5176512137206667	230.0	13	1.05	0.95				
	113	3	119.61714494736842	24.374814442105265	0.0	0.0	1	0.9991148739104135	2.650466347454913e-29	230.0	14	1.05	0.95				
	114	2	87.56877781052633	17.60403265263158	0.0	0.0	1	1.0087910037921577	3.857122904996999	230.0	16	1.05	0.95				
	115	2	143.08918848421052	28.888668968421054	0.0	0.0	1	1.0444174387951475	11.761867117018454	230.0	16	1.05	0.95				
	116	2	45.138545263157894	9.02770905263158	0.0	0.0	1	1.0404915018486942	10.931942392075563	230.0	16	1.05	0.95				
	117	1	0.0	0.0	0.0	0.0	1	1.0427703254450753	14.765666206790847	230.0	17	1.05	0.95				
	118	2	150.3113557263158	30.694210778947372	0.0	0.0	1	1.0494422778116066	14.480872376804113	230.0	17	1.05	0.95				
	119	1	81.7007669263158	16.701261747368424	0.0	0.0	1	1.0329519282062896	8.575204681024418	230.0	15	1.05	0.95				
	120	1	57.77733793684211	11.736021768421054	0.0	0.0	1	1.0305788079059246	7.378797606248531	230.0	15	1.05	0.95				
	121	2	0.0	0.0	0.0	0.0	1	1.05	15.294868834229103	230.0	17	1.05	0.95				
	122	2	0.0	0.0	0.0	0.0	1	1.05	32.62596922362917	230.0	17	1.05	0.95				
	123	2	0.0	0.0	0.0	0.0	1	1.0299098883565025	7.063357568870077	230.0	15	1.05	0.95				
	124	1	0.0	0.0	0.0	0.0	1	1.0273091489049437	8.246840222026378	230.0	16	1.05	0.95				
	201	2	53.974500252631586	10.994805607017543	0.0	0.0	2	1.0297250610655206	-10.647010492981416	138.0	21	1.05	0.95				
	202	2	48.47709744912281	9.995277824561406	0.0	0.0	2	1.0301658417752364	-10.63659760323952	138.0	22	1.05	0.95				
	203	1	89.95750042105264	18.491263975438596	0.0	0.0	2	1.0176320460743946	-9.76198407465733	138.0	21	1.05	0.95				
	204	1	36.98252795087719	7.496458368421052	0.0	0.0	2	1.0179689535003091	-12.895135319307084	138.0	21	1.05	0.95				
	205	1	35.48323627719298	6.996694477192983	0.0	0.0	2	1.0334464254752216	-13.083735316399261	138.0	21	1.05	0.95				
	206	1	67.96788920701755	13.993388954385965	0.0	-100.0	2	1.043110302641335	-14.919283001699212	138.0	22	1.05	0.95				
	207	2	62.47048640350877	12.494097280701755	0.0	0.0	2	0.9881062369870085	-22.445144704868863	138.0	22	1.05	0.95				
	208	1	85.45962540000001	17.491736192982454	0.0	0.0	2	0.9929235123061612	-20.1266173135534	138.0	22	1.05	0.95				
	209	1	87.45868096491229	17.991500084210525	0.0	0.0	2	1.0228353157866017	-12.70460662268967	138.0	23	1.05	0.95				
	210	1	97.45395878947369	19.99055564912281	0.0	0.0	2	1.05	-13.96494175467188	138.0	23	1.05	0.95				
	211	1	0.0	0.0	0.0	0.0	2	1.009531759997093	-9.76807972418653	230.0	23	1.05	0.95				
	212	1	0.0	0.0	0.0	0.0	2	1.0119929619733057	-9.382698199729003	230.0	23	1.05	0.95				
	213	2	132.4374311754386	26.987250126315793	0.0	0.0	2	1.0052407487576551	-9.035550712566236	230.0	24	1.05	0.95				
	214	2	96.95419489824562	19.490791757894737	0.0	0.0	2	1.0146424270573449	-6.779390097755991	230.0	26	1.05	0.95				
	215	2	158.42515351929825	31.984889038596492	0.0	0.0	2	1.0316652308016718	0.8287759565534196	230.0	26	1.05	0.95				
	216	2	49.97638912280702	9.995277824561406	0.0	0.0	2	1.034417967366921	0.4577857413534846	230.0	26	1.05	0.95				
	217	1	0.0	0.0	0.0	0.0	2	1.0380612661734443	3.6486560064448597	230.0	27	1.05	0.95				
	218	2	166.42137577894738	33.983944603508775	0.0	0.0	2	1.0393518162084674	3.871317442248545	230.0	27	1.05	0.95				
	219	1	90.4572643122807	18.491263975438596	0.0	0.0	2	1.0337389550365594	-0.9555357982259158	230.0	25	1.05	0.95				
	220	1	63.969778077192984	12.993861171929824	0.0	0.0	2	1.0370948596517169	-1.2229452453250105	230.0	25	1.05	0.95				
	221	2	0.0	0.0	0.0	0.0	2	1.0391978998469702	3.625848392692443	230.0	27	1.05	0.95				
	222	2	0.0	0.0	0.0	0.0	2	1.05	10.136286308609549	230.0	27	1.05	0.95				
	223	2	0.0	0.0	0.0	0.0	2	1.039759649848648	-0.9959263199492961	230.0	25	1.05	0.95				
	224	1	0.0	0.0	0.0	0.0	2	1.013312829839232	-3.1242736822062818	230.0	26	1.05	0.95				
	301	2	60.081619755789475	12.23884846877193	0.0	0.0	3	1.0077459168074947	-32.31753847168262	138.0	31	1.05	0.95				
	302	2	53.96219552140351	11.126225880701755	0.0	0.0	3	1.007227526190777	-32.4509286465218	138.0	32	1.05	0.95				
	303	1	100.13603292631579	20.583517879298245	0.0	0.0	3	1.0213474076456124	-25.354459971944078	138.0	31	1.05	0.95				
	304	1	41.16703575859649	8.344669410526317	0.0	0.0	3	1.0076603430393052	-30.475006317498146	138.0	31	1.05	0.95				
	305	1	39.498101876491226	7.788358116491229	0.0	0.0	3	1.0212451827584634	-31.456204038782644	138.0	31	1.05	0.95				
	306	1	75.65833598877194	15.576716232982458	0.0	-100.0	3	1.0364183469316426	-31.599743180229623	138.0	32	1.05	0.95				
	307	2	69.53891175438596	13.907782350877193	0.0	0.0	3	0.9926891424362517	-37.95271172951399	138.0	32	1.05	0.95				
	308	1	95.12923128	19.470895291228068	0.0	0.0	3	0.993934996108023	-35.322065338298266	138.0	32	1.05	0.95				
	309	1	97.35447645614035	20.02720658526316	0.0	0.0	3	1.0272495308709393	-26.59373901241795	138.0	33	1.05	0.95				
	310	1	108.4807023368421	22.25245176140351	0.0	0.0	3	1.05	-28.809127868460898	138.0	33	1.05	0.95				
	311	1	0.0	0.0	0.0	0.0	3	1.01803303142133	-21.49834563148646	230.0	33	1.05	0.95				
	312	1	0.0	0.0	0.0	0.0	3	1.0169925199858714	-20.68428721754949	230.0	33	1.05	0.95				
	313	2	147.42249291929824	30.040809877894738	0.0	0.0	3	1.0264798789193657	-17.52939856874938	230.0	34	1.05	0.95				
	314	2	107.92439104280702	21.696140467368423	0.0	0.0	3	1.029061916560171	-18.830799673165007	230.0	36	1.05	0.95				
	315	2	176.3506802091228	35.603922818245614	0.0	0.0	3	1.0482433872048877	-12.365444706101806	230.0	36	1.05	0.95				
	316	2	55.63112940350877	11.126225880701755	0.0	0.0	3	1.0482335983003341	-11.73478674880853	230.0	36	1.05	0.95				
	317	1	0.0	0.0	0.0	0.0	3	1.0498237054080084	-9.24039446565084	230.0	37	1.05	0.95				
	318	2	185.25166091368422	37.82916799438597	0.0	0.0	3	1.0484297673432568	-9.095292280938951	230.0	37	1.05	0.95				
	319	1	100.69234422035088	20.583517879298245	0.0	0.0	3	1.0456703916737073	-12.351004882018946	230.0	35	1.05	0.95				
	320	1	71.20784563649123	14.464093644912282	0.0	0.0	3	1.0476849581225258	-11.84568595398796	230.0	35	1.05	0.95				
	321	2	0.0	0.0	0.0	0.0	3	1.05	-8.691852311182405	230.0	37	1.05	0.95				
	322	2	0.0	0.0	0.0	0.0	3	1.05	-4.560105902165839	230.0	37	1.05	0.95				
	323	2	0.0	0.0	0.0	0.0	3	1.05	-11.16146957952704	230.0	35	1.05	0.95				
	324	1	0.0	0.0	0.0	0.0	3	1.021684996601226	-17.161137378351228	230.0	36	1.05	0.95				
	325	1	0.0	0.0	0.0	0.0	3	1.0379136559366189	-9.05252332205774	230.0	35	1.05	0.95				
];
