%% MATPOWER Case Format : Version 2
function mpc = RTS_GMLC
mpc.version = '2';

%%-----  Power Flow Data  -----%%
%% system MVA base
mpc.baseMVA = 100.0;
%% bus data
%    bus_i    type    Pd    Qd    Gs    Bs    area    Vm    Va    baseKV    zone    Vmax    Vmin
mpc.bus = [
	101	2	74.57397328421052	15.190994557894735	0.0	0.0	1	1.0435327392780767	1.5224489049887684	138.0	11	1.05	0.95				
	102	2	66.97847600526316	13.80999505263158	0.0	0.0	1	1.0428683940747334	1.27818752383606	138.0	12	1.05	0.95				
	103	1	124.2899554736842	25.54849084736842	0.0	0.0	1	1.0260371124019712	-0.8881491423252857	138.0	11	1.05	0.95				
	104	1	51.09698169473684	10.357496289473684	0.0	0.0	1	1.023912524867442	-2.389125779808744	138.0	11	1.05	0.95				
	105	1	49.0254824368421	9.666996536842106	0.0	0.0	1	1.0366891926939859	-2.686003123198256	138.0	11	1.05	0.95				
	106	1	93.90796635789475	19.333993073684212	0.0	-100.0	1	1.0395237092390324	-5.715688551698436	138.0	12	1.05	0.95				
	107	2	86.31246907894736	17.262493815789473	0.0	0.0	1	1.0370504847227	-6.532548070353821	138.0	12	1.05	0.95				
	108	1	118.07545769999999	24.16749134210526	0.0	0.0	1	1.0196125524841597	-7.702765403391297	138.0	12	1.05	0.95				
	109	1	120.8374567105263	24.85799109473684	0.0	0.0	1	1.0265939714403842	-3.6095908388486935	138.0	13	1.05	0.95				
	110	1	134.64745176315787	27.61999010526316	0.0	0.0	1	1.05	-4.830486167062935	138.0	13	1.05	0.95				
	111	1	0.0	0.0	0.0	0.0	1	1.01031185902183	-1.365604872655629	230.0	13	1.05	0.95				
	112	1	0.0	0.0	0.0	0.0	1	1.0153488884608326	-0.8265439373535567	230.0	13	1.05	0.95				
	113	3	182.9824344473684	37.28698664210526	0.0	0.0	1	1.010138377510292	4.0172043801527353e-29	230.0	14	1.05	0.95				
	114	2	133.95695201052632	26.92949035263158	0.0	0.0	1	1.0081918209435068	0.3789089462957385	230.0	16	1.05	0.95				
	115	2	218.88842158421053	44.19198416842105	0.0	0.0	1	1.0418648742680765	7.728687634606138	230.0	16	1.05	0.95				
	116	2	69.04997526315789	13.80999505263158	0.0	0.0	1	1.0390434292636919	6.98639275148759	230.0	16	1.05	0.95				
	117	1	0.0	0.0	0.0	0.0	1	1.043906084200853	9.775367264310116	230.0	17	1.05	0.95				
	118	2	229.9364176263158	46.953983178947375	0.0	0.0	1	1.0460530708884772	10.23536784125078	230.0	17	1.05	0.95				
	119	1	124.98045522631578	25.54849084736842	0.0	0.0	1	1.0328118801263466	5.387888365724085	230.0	15	1.05	0.95				
	120	1	88.3839683368421	17.952993568421054	0.0	0.0	1	1.0330415487178253	5.0411468494160765	230.0	15	1.05	0.95				
	121	2	0.0	0.0	0.0	0.0	1	1.0491472392607484	11.965892101872825	230.0	17	1.05	0.95				
	122	2	0.0	0.0	0.0	0.0	1	1.05	17.621616927656557	230.0	17	1.05	0.95				
	123	2	0.0	0.0	0.0	0.0	1	1.0348859860357107	5.368156739783109	230.0	15	1.05	0.95				
	124	1	0.0	0.0	0.0	0.0	1	1.0250254806768386	4.522371862737346	230.0	16	1.05	0.95				
	201	2	76.6522902694737	15.614355425263158	0.0	0.0	2	1.037049083773371	-17.262151234617665	138.0	21	1.05	0.95				
	202	2	68.8451125568421	14.194868568421054	0.0	0.0	2	1.0372435336921906	-17.391020644262785	138.0	22	1.05	0.95				
	203	1	127.75381711578947	26.260506851578945	0.0	0.0	2	1.0222610147539293	-12.876903387094263	138.0	21	1.05	0.95				
	204	1	52.52101370315789	10.64615142631579	0.0	0.0	2	1.0174915663561406	-19.191436725487854	138.0	21	1.05	0.95				
	205	1	50.39178341789473	9.936407997894738	0.0	0.0	2	1.034371518044381	-19.711692561717115	138.0	21	1.05	0.95				
	206	1	96.52510626526318	19.872815995789477	0.0	-100.0	2	1.038823604870276	-21.760143243391802	138.0	22	1.05	0.95				
	207	2	88.71792855263159	17.743585710526315	0.0	0.0	2	0.9674543989272996	-32.337300982507315	138.0	22	1.05	0.95				
	208	1	121.36612626	24.84101999473684	0.0	0.0	2	0.9706734949577892	-28.827725458700087	138.0	22	1.05	0.95				
	209	1	124.20509997368421	25.550763423157896	0.0	0.0	2	1.0235866219786276	-17.790721353084585	138.0	23	1.05	0.95				
	210	1	138.39996854210526	28.389737136842108	0.0	0.0	2	1.05	-19.967641026464477	138.0	23	1.05	0.95				
	211	1	0.0	0.0	0.0	0.0	2	1.0268157761963563	-13.71715022628967	230.0	23	1.05	0.95				
	212	1	0.0	0.0	0.0	0.0	2	1.0184927801796093	-12.540196541617377	230.0	23	1.05	0.95				
	213	2	188.08200853157894	38.32614513473685	0.0	0.0	2	1.033985337672547	-11.882547947873087	230.0	24	1.05	0.95				
	214	2	137.6902251136842	27.67999370842105	0.0	0.0	2	1.04472656718409	-10.331082825140559	230.0	26	1.05	0.95				
	215	2	224.9886668094737	45.42357941894737	0.0	0.0	2	1.0438874550456023	-0.6378680202981616	230.0	26	1.05	0.95				
	216	2	70.97434284210526	14.194868568421054	0.0	0.0	2	1.0468734551973797	-1.143332469316792	230.0	26	1.05	0.95				
	217	1	0.0	0.0	0.0	0.0	2	1.0467847489973228	1.9920540478178408	230.0	27	1.05	0.95				
	218	2	236.34456166421054	48.26255313263159	0.0	0.0	2	1.0478846810903801	2.2048815660952785	230.0	27	1.05	0.95				
	219	1	128.46356054421054	26.260506851578945	0.0	0.0	2	1.043289521396481	-1.5757335952641165	230.0	25	1.05	0.95				
	220	1	90.84715883789474	18.453329138947367	0.0	0.0	2	1.046251910526547	-0.6230329411548909	230.0	25	1.05	0.95				
	221	2	0.0	0.0	0.0	0.0	2	1.047803423327298	2.0177174703392624	230.0	27	1.05	0.95				
	222	2	0.0	0.0	0.0	0.0	2	1.05	8.51787236493313	230.0	27	1.05	0.95				
	223	2	0.0	0.0	0.0	0.0	2	1.05	0.4151280562621334	230.0	25	1.05	0.95				
	224	1	0.0	0.0	0.0	0.0	2	1.0203975385540258	-5.177069195148347	230.0	26	1.05	0.95				
	301	2	58.031635566315785	11.821259096842104	0.0	0.0	3	0.99544210240115	2.104800285916129	138.0	31	1.05	0.95				
	302	2	52.121006017894736	10.746599178947367	0.0	0.0	3	0.9953050761403215	2.066465505392848	138.0	32	1.05	0.95				
	303	1	96.7193926105263	19.881208481052628	0.0	0.0	3	1.0164114961818445	4.815612096512175	138.0	31	1.05	0.95				
	304	1	39.762416962105256	8.059949384210526	0.0	0.0	3	1.002340436257794	3.830602117039119	138.0	31	1.05	0.95				
	305	1	38.150427085263146	7.522619425263158	0.0	0.0	3	1.014607732847028	3.850695897348488	138.0	31	1.05	0.95				
	306	1	73.0768744168421	15.045238850526315	0.0	-100.0	3	1.0337873155431245	4.203640448278391	138.0	32	1.05	0.95				
	307	2	67.16624486842105	13.433248973684208	0.0	0.0	3	0.9900435859931985	0.09080459021410857	138.0	32	1.05	0.95				
	308	1	91.88342297999998	18.80654856315789	0.0	0.0	3	0.9998122359641582	2.492575914073492	138.0	32	1.05	0.95				
	309	1	94.03274281578946	19.34387852210526	0.0	0.0	3	1.0263855793564105	7.462392696014081	138.0	33	1.05	0.95				
	310	1	104.77934199473682	21.493198357894734	0.0	0.0	3	1.05	7.306992879797571	138.0	33	1.05	0.95				
	311	1	0.0	0.0	0.0	0.0	3	1.0132008999836888	12.98086107384552	230.0	33	1.05	0.95				
	312	1	0.0	0.0	0.0	0.0	3	1.0183739926471636	14.025065821858105	230.0	33	1.05	0.95				
	313	2	142.3924391210526	29.015817783157893	0.0	0.0	3	1.0308015640040706	20.17013844246623	230.0	34	1.05	0.95				
	314	2	104.24201203578947	20.955868398947366	0.0	0.0	3	1.0136379593515066	12.227155866901846	230.0	36	1.05	0.95				
	315	2	170.33359698631577	34.389117372631574	0.0	0.0	3	1.033926980596008	7.7739116291539405	230.0	36	1.05	0.95				
	316	2	53.73299589473683	10.746599178947367	0.0	0.0	3	1.0346857924098625	9.178829701387578	230.0	36	1.05	0.95				
	317	1	0.0	0.0	0.0	0.0	3	1.039615697032469	7.934038658639974	230.0	37	1.05	0.95				
	318	2	178.93087632947368	36.53843720842105	0.0	0.0	3	1.038967205989796	6.718901676047637	230.0	37	1.05	0.95				
	319	1	97.25672256947368	19.881208481052628	0.0	0.0	3	1.0330009062344443	11.43821898171493	230.0	35	1.05	0.95				
	320	1	68.77823474526315	13.970578932631577	0.0	0.0	3	1.0332773736285243	13.03765082986696	230.0	35	1.05	0.95				
	321	2	0.0	0.0	0.0	0.0	3	1.038881648195164	7.63627996234097	230.0	37	1.05	0.95				
	322	2	0.0	0.0	0.0	0.0	3	1.05	12.067389529670052	230.0	37	1.05	0.95				
	323	2	0.0	0.0	0.0	0.0	3	1.0333733678475707	13.696285614714741	230.0	35	1.05	0.95				
	324	1	0.0	0.0	0.0	0.0	3	1.0240792424500462	8.584860131061628	230.0	36	1.05	0.95				
	325	1	0.0	0.0	0.0	0.0	3	1.035826212352855	13.556797043707888	230.0	35	1.05	0.95				
];
