%% MATPOWER Case Format : Version 2
function mpc = RTS_GMLC
mpc.version = '2';

%%-----  Power Flow Data  -----%%
%% system MVA base
mpc.baseMVA = 100.0;
%% bus data
%    bus_i    type    Pd    Qd    Gs    Bs    area    Vm    Va    baseKV    zone    Vmax    Vmin
mpc.bus = [
	101	2	46.95942603789474	9.565809007719297	0.0	0.0	1	1.032272335970827	3.1097039845762535	138.0	11	1.05	0.95				
	102	2	42.17652153403508	8.696190007017544	0.0	0.0	1	1.0318649359717753	2.973507954305888	138.0	12	1.05	0.95				
	103	1	78.26571006315788	16.087951512982453	0.0	0.0	1	1.0287037957476044	0.7327668486630378	138.0	11	1.05	0.95				
	104	1	32.17590302596491	6.522142505263158	0.0	0.0	1	1.0208766587177853	-0.41578343134155427	138.0	11	1.05	0.95				
	105	1	30.87147452491228	6.087333004912281	0.0	0.0	1	1.0350330984144749	-0.16852587578384678	138.0	11	1.05	0.95				
	106	1	59.1340920477193	12.174666009824563	0.0	-100.0	1	1.0448030823478387	-2.4477088739890633	138.0	12	1.05	0.95				
	107	2	54.351187543859645	10.870237508771929	0.0	0.0	1	1.011885894405087	-5.510109694214848	138.0	12	1.05	0.95				
	108	1	74.35242456	15.2183325122807	0.0	0.0	1	1.011925407755216	-5.294352165410892	138.0	12	1.05	0.95				
	109	1	76.09166256140351	15.653142012631577	0.0	0.0	1	1.0253890737059714	-1.4242187182208872	138.0	13	1.05	0.95				
	110	1	84.78785256842104	17.392380014035087	0.0	0.0	1	1.05	-2.117400596711112	138.0	13	1.05	0.95				
	111	1	0.0	0.0	0.0	0.0	1	1.0037209067359678	0.03884082887722074	230.0	13	1.05	0.95				
	112	1	0.0	0.0	0.0	0.0	1	1.0095806213529483	0.4931464820171258	230.0	13	1.05	0.95				
	113	3	115.22451759298245	23.47971301894737	0.0	0.0	1	0.9958985446562232	2.1964901927617107e-32	230.0	14	1.05	0.95				
	114	2	84.35304306807016	16.95757051368421	0.0	0.0	1	0.999469656013291	2.0094572520656486	230.0	16	1.05	0.95				
	115	2	137.83461161122804	27.82780802245614	0.0	0.0	1	1.039569207681015	7.399753882988527	230.0	16	1.05	0.95				
	116	2	43.480950035087716	8.696190007017544	0.0	0.0	1	1.0358101867425284	7.270997228573586	230.0	16	1.05	0.95				
	117	1	0.0	0.0	0.0	0.0	1	1.0424152606227017	9.22482384371229	230.0	17	1.05	0.95				
	118	2	144.7915636168421	29.56704602385965	0.0	0.0	1	1.046137302146516	8.757875284333196	230.0	17	1.05	0.95				
	119	1	78.70051956350878	16.087951512982453	0.0	0.0	1	1.0299580571466778	6.385780033874074	230.0	15	1.05	0.95				
	120	1	55.65561604491228	11.305047009122807	0.0	0.0	1	1.0278751994142037	6.454697589101217	230.0	15	1.05	0.95				
	121	2	0.0	0.0	0.0	0.0	1	1.05	9.32832023055778	230.0	17	1.05	0.95				
	122	2	0.0	0.0	0.0	0.0	1	1.05	20.663030686150467	230.0	17	1.05	0.95				
	123	2	0.0	0.0	0.0	0.0	1	1.0273212814080128	6.82754470670818	230.0	15	1.05	0.95				
	124	1	0.0	0.0	0.0	0.0	1	1.0266208002875699	4.911036936948679	230.0	16	1.05	0.95				
	201	2	52.52951360842106	10.700456475789474	0.0	0.0	2	1.0295531490495522	-9.027246889793378	138.0	21	1.05	0.95				
	202	2	47.179285370526316	9.72768770526316	0.0	0.0	2	1.029953321603355	-9.032307876582697	138.0	22	1.05	0.95				
	203	1	87.54918934736843	17.996222254736843	0.0	0.0	2	1.0206569595542616	-7.730330697028059	138.0	21	1.05	0.95				
	204	1	35.992444509473685	7.295765778947369	0.0	0.0	2	1.0181658792771024	-11.395666592245247	138.0	21	1.05	0.95				
	205	1	34.533291353684206	6.8093813936842125	0.0	0.0	2	1.033451356882758	-11.6197879517757	138.0	21	1.05	0.95				
	206	1	66.14827639578948	13.618762787368425	0.0	-100.0	2	1.0433449150911824	-13.532738863785971	138.0	22	1.05	0.95				
	207	2	60.79804815789473	12.159609631578947	0.0	0.0	2	0.9872853725555838	-20.85265018343542	138.0	22	1.05	0.95				
	208	1	83.17172988	17.023453484210528	0.0	0.0	2	0.9930626318143774	-18.61158636131875	138.0	22	1.05	0.95				
	209	1	85.11726742105263	17.509837869473685	0.0	0.0	2	1.0229531036640835	-11.345162924925162	138.0	23	1.05	0.95				
	210	1	94.8449551263158	19.45537541052632	0.0	0.0	2	1.05	-12.70064191219252	138.0	23	1.05	0.95				
	211	1	0.0	0.0	0.0	0.0	2	1.0089152217436017	-8.709564590157974	230.0	23	1.05	0.95				
	212	1	0.0	0.0	0.0	0.0	2	1.0126096788699677	-8.514289513815035	230.0	23	1.05	0.95				
	213	2	128.89186209473684	26.26475680421053	0.0	0.0	2	1.0037450757434752	-8.233672834080803	230.0	24	1.05	0.95				
	214	2	94.35857074105263	18.96899102526316	0.0	0.0	2	1.0133527136476759	-5.741122022971206	230.0	26	1.05	0.95				
	215	2	154.18385012842106	31.12860065684211	0.0	0.0	2	1.0317119080284534	1.8486845485690007	230.0	26	1.05	0.95				
	216	2	48.63843852631579	9.72768770526316	0.0	0.0	2	1.0348591665908204	1.3658526784164644	230.0	26	1.05	0.95				
	217	1	0.0	0.0	0.0	0.0	2	1.0385529546186603	4.733275481807568	230.0	27	1.05	0.95				
	218	2	161.9660002926316	33.07413819789474	0.0	0.0	2	1.04055057558213	5.283966997709608	230.0	27	1.05	0.95				
	219	1	88.03557373263159	17.996222254736843	0.0	0.0	2	1.0343950805708135	-0.41948654680628006	230.0	25	1.05	0.95				
	220	1	62.25720131368422	12.645994016842108	0.0	0.0	2	1.0380213768889732	-1.0350161717747581	230.0	25	1.05	0.95				
	221	2	0.0	0.0	0.0	0.0	2	1.039970797560236	4.893502346554222	230.0	27	1.05	0.95				
	222	2	0.0	0.0	0.0	0.0	2	1.05	11.332731345026954	230.0	27	1.05	0.95				
	223	2	0.0	0.0	0.0	0.0	2	1.0407500351391124	-1.009000558953459	230.0	25	1.05	0.95				
	224	1	0.0	0.0	0.0	0.0	2	1.0156840690455906	-1.7356446648405255	230.0	26	1.05	0.95				
	301	2	67.30781400000001	13.710851000000002	0.0	0.0	3	1.0092054146103966	-39.72670588452051	138.0	31	1.05	0.95				
	302	2	60.45238850000001	12.464410000000003	0.0	0.0	3	1.00856549702952	-39.87871570571566	138.0	32	1.05	0.95				
	303	1	112.17969000000001	23.059158500000002	0.0	0.0	3	1.0184042619936964	-31.746039472936957	138.0	31	1.05	0.95				
	304	1	46.118317000000005	9.3483075	0.0	0.0	3	1.0064257260400522	-37.66068885179913	138.0	31	1.05	0.95				
	305	1	44.2486555	8.725087000000002	0.0	0.0	3	1.0208725355268358	-38.71094962888803	138.0	31	1.05	0.95				
	306	1	84.75798800000001	17.450174000000004	0.0	-100.0	3	1.034682404783448	-38.828318407259054	138.0	32	1.05	0.95				
	307	2	77.9025625	15.580512500000001	0.0	0.0	3	1.000632427990392	-42.52376197753503	138.0	32	1.05	0.95				
	308	1	106.5707055	21.8127175	0.0	0.0	3	0.9980369369062466	-41.07784822860058	138.0	32	1.05	0.95				
	309	1	109.0635875	22.435938000000004	0.0	0.0	3	1.0270361020089092	-33.307650419193564	138.0	33	1.05	0.95				
	310	1	121.52799750000001	24.928820000000005	0.0	0.0	3	1.05	-35.69563782414765	138.0	33	1.05	0.95				
	311	1	0.0	0.0	0.0	0.0	3	1.0212411336449156	-27.90027110548235	230.0	33	1.05	0.95				
	312	1	0.0	0.0	0.0	0.0	3	1.0178102756822929	-27.21565977973702	230.0	33	1.05	0.95				
	313	2	165.1534325	33.653907000000004	0.0	0.0	3	1.0309520240665069	-24.09119927172129	230.0	34	1.05	0.95				
	314	2	120.90477700000002	24.305599500000003	0.0	0.0	3	1.0362328109901509	-24.75923565962778	230.0	36	1.05	0.95				
	315	2	197.56089850000004	39.886112000000004	0.0	0.0	3	1.0499564226470715	-17.019229561680927	230.0	36	1.05	0.95				
	316	2	62.322050000000004	12.464410000000003	0.0	0.0	3	1.049868069528234	-16.550485784380058	230.0	36	1.05	0.95				
	317	1	0.0	0.0	0.0	0.0	3	1.05	-13.04479750905746	230.0	37	1.05	0.95				
	318	2	207.53242650000004	42.378994000000006	0.0	0.0	3	1.048344403437282	-12.766194258268474	230.0	37	1.05	0.95				
	319	1	112.80291050000002	23.059158500000002	0.0	0.0	3	1.0459148216379375	-17.733599687133594	230.0	35	1.05	0.95				
	320	1	79.77222400000001	16.203733000000003	0.0	0.0	3	1.0476346204224336	-17.599827523644997	230.0	35	1.05	0.95				
	321	2	0.0	0.0	0.0	0.0	3	1.05	-12.52664978142174	230.0	37	1.05	0.95				
	322	2	0.0	0.0	0.0	0.0	3	1.05	-6.953338887700557	230.0	37	1.05	0.95				
	323	2	0.0	0.0	0.0	0.0	3	1.05	-17.071551384715246	230.0	35	1.05	0.95				
	324	1	0.0	0.0	0.0	0.0	3	1.0190709168576833	-22.43731974256443	230.0	36	1.05	0.95				
	325	1	0.0	0.0	0.0	0.0	3	1.0379583703949162	-14.966749056087592	230.0	35	1.05	0.95				
];
