%% MATPOWER Case Format : Version 2
function mpc = RTS_GMLC
mpc.version = '2';

%%-----  Power Flow Data  -----%%
%% system MVA base
mpc.baseMVA = 100.0;
%% bus data
%    bus_i    type    Pd    Qd    Gs    Bs    area    Vm    Va    baseKV    zone    Vmax    Vmin
mpc.bus = [
	101	2	43.67293419789474	8.896338447719298	0.0	0.0	1	1.0315285604884434	1.9002508771673403	138.0	11	1.05	0.95				
	102	2	39.22476497403509	8.087580407017544	0.0	0.0	1	1.030594612331134	1.619176959129687	138.0	12	1.05	0.95				
	103	1	72.7882236631579	14.962023752982457	0.0	0.0	1	1.0305140099320982	1.0571668752049594	138.0	11	1.05	0.95				
	104	1	29.924047505964914	6.065685305263157	0.0	0.0	1	1.020682049516774	-1.4039598640533175	138.0	11	1.05	0.95				
	105	1	28.71091044491228	5.661306284912281	0.0	0.0	1	1.0351396789171468	-1.255278693582817	138.0	11	1.05	0.95				
	106	1	54.995546767719304	11.322612569824562	0.0	-100.0	1	1.045485847654194	-3.4785509867481363	138.0	12	1.05	0.95				
	107	2	50.54737754385965	10.10947550877193	0.0	0.0	1	0.9994628817667499	-10.453616625675858	138.0	12	1.05	0.95				
	108	1	69.14881248	14.153265712280701	0.0	0.0	1	1.003670809817229	-8.411782078682153	138.0	12	1.05	0.95				
	109	1	70.76632856140351	14.557644732631578	0.0	0.0	1	1.0246610578595197	-2.2297783836483136	138.0	13	1.05	0.95				
	110	1	78.85390896842105	16.175160814035088	0.0	0.0	1	1.05	-3.172350535291783	138.0	13	1.05	0.95				
	111	1	0.0	0.0	0.0	0.0	1	1.0041635507706281	-0.14965371785588133	230.0	13	1.05	0.95				
	112	1	0.0	0.0	0.0	0.0	1	1.0088404586082371	-0.6559483905078491	230.0	13	1.05	0.95				
	113	3	107.16044039298245	21.83646709894737	0.0	0.0	1	0.9962984735540232	-2.4833476198874695e-30	230.0	14	1.05	0.95				
	114	2	78.44952994807018	15.770781793684211	0.0	0.0	1	1.0029375716013484	2.397236392182075	230.0	16	1.05	0.95				
	115	2	128.18814945122807	25.88025730245614	0.0	0.0	1	1.0410925441127545	9.54475440498364	230.0	16	1.05	0.95				
	116	2	40.43790203508772	8.087580407017544	0.0	0.0	1	1.0354096244591404	8.295777088275978	230.0	16	1.05	0.95				
	117	1	0.0	0.0	0.0	0.0	1	1.0410936786488965	12.798124885023189	230.0	17	1.05	0.95				
	118	2	134.6582137768421	27.497773383859652	0.0	0.0	1	1.0482282182085343	13.200596185088033	230.0	17	1.05	0.95				
	119	1	73.19260268350878	14.962023752982457	0.0	0.0	1	1.0248739793012047	5.389404362294797	230.0	15	1.05	0.95				
	120	1	51.76051460491228	10.513854529122806	0.0	0.0	1	1.020107396945809	3.6216269758727373	230.0	15	1.05	0.95				
	121	2	0.0	0.0	0.0	0.0	1	1.05	14.534211260255944	230.0	17	1.05	0.95				
	122	2	0.0	0.0	0.0	0.0	1	1.05	27.97346753594656	230.0	17	1.05	0.95				
	123	2	0.0	0.0	0.0	0.0	1	1.0180714517501983	2.959630638868539	230.0	15	1.05	0.95				
	124	1	0.0	0.0	0.0	0.0	1	1.0263713000683607	6.369151713790107	230.0	16	1.05	0.95				
	201	2	47.14056352421053	9.602707384561402	0.0	0.0	2	1.0180260466793876	-14.276927656881504	138.0	21	1.05	0.95				
	202	2	42.33920983192982	8.729733985964911	0.0	0.0	2	1.0179838725104144	-14.358779787120193	138.0	22	1.05	0.95				
	203	1	78.56760587368422	16.150007874035087	0.0	0.0	2	1.0149861697216584	-11.235241696597964	138.0	21	1.05	0.95				
	204	1	32.30001574807017	6.547300489473683	0.0	0.0	2	1.0138259404587635	-14.832711822850841	138.0	21	1.05	0.95				
	205	1	30.990555650175434	6.110813790175438	0.0	0.0	2	1.0287373775824198	-15.247444074275043	138.0	21	1.05	0.95				
	206	1	59.362191104561404	12.221627580350876	0.0	-100.0	2	1.0425582204028259	-16.261646880010275	138.0	22	1.05	0.95				
	207	2	54.56083741228069	10.91216748245614	0.0	0.0	2	0.9933206570296791	-21.981434768677225	138.0	22	1.05	0.95				
	208	1	74.63922557999999	15.277034475438594	0.0	0.0	2	0.9986606266183629	-19.99781664404689	138.0	22	1.05	0.95				
	209	1	76.38517237719297	15.713521174736842	0.0	0.0	2	1.0228150434336338	-13.412904186137288	138.0	23	1.05	0.95				
	210	1	85.11490636315789	17.459467971929822	0.0	0.0	2	1.05	-14.821262772331206	138.0	23	1.05	0.95				
	211	1	0.0	0.0	0.0	0.0	2	1.0072975564450206	-10.435886759696176	230.0	23	1.05	0.95				
	212	1	0.0	0.0	0.0	0.0	2	1.0092610523125705	-9.514543318268469	230.0	23	1.05	0.95				
	213	2	115.66897531403508	23.570281762105264	0.0	0.0	2	1.0047305421222221	-8.971931174306398	230.0	24	1.05	0.95				
	214	2	84.67841966385964	17.022981272631576	0.0	0.0	2	1.008878568825241	-7.939889130753508	230.0	26	1.05	0.95				
	215	2	138.36628367754383	27.93514875508772	0.0	0.0	2	1.0228521164191589	-1.5360732399386392	230.0	26	1.05	0.95				
	216	2	43.64866992982456	8.729733985964911	0.0	0.0	2	1.024850507017602	-1.7417456998000518	230.0	26	1.05	0.95				
	217	1	0.0	0.0	0.0	0.0	2	1.0282681472429087	-0.10627671170863658	230.0	27	1.05	0.95				
	218	2	145.35007086631578	29.681095552280702	0.0	0.0	2	1.0274683020002837	-0.657387102548645	230.0	27	1.05	0.95				
	219	1	79.00409257298246	16.150007874035087	0.0	0.0	2	1.0265332311357498	-1.6805053451976226	230.0	25	1.05	0.95				
	220	1	55.87029751017544	11.348654181754386	0.0	0.0	2	1.0309822168811962	-0.7782434373683773	230.0	25	1.05	0.95				
	221	2	0.0	0.0	0.0	0.0	2	1.0293631943785801	-0.14517988214544814	230.0	27	1.05	0.95				
	222	2	0.0	0.0	0.0	0.0	2	1.0499999924622847	6.361468100329283	230.0	27	1.05	0.95				
	223	2	0.0	0.0	0.0	0.0	2	1.034269804478619	0.04555599006961708	230.0	25	1.05	0.95				
	224	1	0.0	0.0	0.0	0.0	2	1.0079808527593777	-5.177150573438258	230.0	26	1.05	0.95				
	301	2	42.65675420210526	8.68933881894737	0.0	0.0	3	1.0124988052027077	-0.6409040470613255	138.0	31	1.05	0.95				
	302	2	38.31208479263158	7.89939892631579	0.0	0.0	3	1.012021420938399	-1.0103515472265292	138.0	32	1.05	0.95				
	303	1	71.0945903368421	14.613888013684209	0.0	0.0	3	1.0488517471665912	12.67827975278806	138.0	31	1.05	0.95				
	304	1	29.227776027368417	5.924549194736842	0.0	0.0	3	1.0106690293255893	-0.4310029893243002	138.0	31	1.05	0.95				
	305	1	28.04286618842105	5.529579248421053	0.0	0.0	3	1.026450583389286	-1.8894168433063971	138.0	31	1.05	0.95				
	306	1	53.71591269894738	11.059158496842105	0.0	-100.0	3	1.0422413103914243	-3.08651120804239	138.0	32	1.05	0.95				
	307	2	49.37124328947368	9.874248657894737	0.0	0.0	3	0.9850301877654877	-7.095802568850965	138.0	32	1.05	0.95				
	308	1	67.53986082	13.82394812105263	0.0	0.0	3	0.9949798383324479	-5.357163047694276	138.0	32	1.05	0.95				
	309	1	69.11974060526316	14.218918067368419	0.0	0.0	3	1.0209454619006635	1.6862370456451488	138.0	33	1.05	0.95				
	310	1	77.01913953157894	15.79879785263158	0.0	0.0	3	1.05	-1.8638458021680482	138.0	33	1.05	0.95				
	311	1	0.0	0.0	0.0	0.0	3	1.0083461747205384	1.6465583029587958	230.0	33	1.05	0.95				
	312	1	0.0	0.0	0.0	0.0	3	1.0133038727230108	2.4707123862361877	230.0	33	1.05	0.95				
	313	2	104.66703577368422	21.32837710105263	0.0	0.0	3	1.0111784286943009	4.485559591747036	230.0	34	1.05	0.95				
	314	2	76.62416958526316	15.40382790631579	0.0	0.0	3	1.0027424707942227	0.9842588328384954	230.0	36	1.05	0.95				
	315	2	125.20547298210525	25.27807656421053	0.0	0.0	3	1.0439800173994191	2.8876351306879835	230.0	36	1.05	0.95				
	316	2	39.49699463157895	7.89939892631579	0.0	0.0	3	1.0331442042154566	2.4085133384997723	230.0	36	1.05	0.95				
	317	1	0.0	0.0	0.0	0.0	3	1.0415459043614228	3.9456093071571257	230.0	37	1.05	0.95				
	318	2	131.5249921231579	26.85795634947369	0.0	0.0	3	1.0407467790681513	3.086510743415135	230.0	37	1.05	0.95				
	319	1	71.4895602831579	14.613888013684209	0.0	0.0	3	1.025517545898728	2.6439943271517694	230.0	35	1.05	0.95				
	320	1	50.55615312842106	10.269218604210527	0.0	0.0	3	1.021416295596546	3.626581854170214	230.0	35	1.05	0.95				
	321	2	0.0	0.0	0.0	0.0	3	1.0430398130478056	3.57342074315363	230.0	37	1.05	0.95				
	322	2	0.0	0.0	0.0	0.0	3	1.05	8.04380667522911	230.0	37	1.05	0.95				
	323	2	0.0	0.0	0.0	0.0	3	1.0198610133539527	4.480640462893602	230.0	35	1.05	0.95				
	324	1	0.0	0.0	0.0	0.0	3	1.0427600178155918	6.63274351941128	230.0	36	1.05	0.95				
	325	1	0.0	0.0	0.0	0.0	3	1.02026816998318	5.351295962630136	230.0	35	1.05	0.95				
];
