%% MATPOWER Case Format : Version 2
function mpc = RTS_GMLC
mpc.version = '2';

%%-----  Power Flow Data  -----%%
%% system MVA base
mpc.baseMVA = 100.0;
%% bus data
%    bus_i    type    Pd    Qd    Gs    Bs    area    Vm    Va    baseKV    zone    Vmax    Vmin
mpc.bus = [
	101	2	43.24542305684211	8.809252844912281	0.0	0.0	1	1.0348253160633154	1.9622416132581137	138.0	11	1.05	0.95				
	102	2	38.84079663438597	8.008411677192983	0.0	0.0	1	1.0326075866116926	1.3693303441780977	138.0	12	1.05	0.95				
	103	1	72.07570509473685	14.815561602807017	0.0	0.0	1	1.0338670191013453	1.5060471060133502	138.0	11	1.05	0.95				
	104	1	29.631123205614035	6.006308757894736	0.0	0.0	1	1.0246063589790333	-0.9299109652179889	138.0	11	1.05	0.95				
	105	1	28.429861454035088	5.605888174035088	0.0	0.0	1	1.0367811079919989	-1.3045115074572688	138.0	11	1.05	0.95				
	106	1	54.45719940491228	11.211776348070176	0.0	-100.0	1	1.0461155775383346	-3.6643540019896963	138.0	12	1.05	0.95				
	107	2	50.05257298245615	10.010514596491229	0.0	0.0	1	1.0006562822415739	-10.02976553728511	138.0	12	1.05	0.95				
	108	1	68.47191984	14.01472043508772	0.0	0.0	1	1.004812564080456	-8.192174742401491	138.0	12	1.05	0.95				
	109	1	70.0736021754386	14.415141018947367	0.0	0.0	1	1.0249034759197682	-2.1956663709081248	138.0	13	1.05	0.95				
	110	1	78.08201385263158	16.016823354385966	0.0	0.0	1	1.05	-3.3593920294618274	138.0	13	1.05	0.95				
	111	1	0.0	0.0	0.0	0.0	1	1.0030024716666817	-0.5616911375700502	230.0	13	1.05	0.95				
	112	1	0.0	0.0	0.0	0.0	1	1.00776468425842	-1.0164640899504824	230.0	13	1.05	0.95				
	113	3	106.11145472280701	21.622711528421053	0.0	0.0	1	0.9951243173309078	7.114933964610502e-30	230.0	14	1.05	0.95				
	114	2	77.68159326877193	15.616402770526317	0.0	0.0	1	0.9993354505564661	1.3046633226542506	230.0	16	1.05	0.95				
	115	2	126.93332508350876	25.626917367017544	0.0	0.0	1	1.035975687570779	7.487257571635285	230.0	16	1.05	0.95				
	116	2	40.042058385964914	8.008411677192983	0.0	0.0	1	1.0313369399783403	6.2471776642830275	230.0	16	1.05	0.95				
	117	1	0.0	0.0	0.0	0.0	1	1.0393983104323707	9.815999880961462	230.0	17	1.05	0.95				
	118	2	133.34005442526316	27.22859970245614	0.0	0.0	1	1.0434209983819513	10.659297116295807	230.0	17	1.05	0.95				
	119	1	72.47612567859649	14.815561602807017	0.0	0.0	1	1.020841699300754	3.8028162363013474	230.0	15	1.05	0.95				
	120	1	51.25383473403509	10.410935180350878	0.0	0.0	1	1.0147035288810289	1.968398108010251	230.0	15	1.05	0.95				
	121	2	0.0	0.0	0.0	0.0	1	1.0459914313811194	11.998253992707335	230.0	17	1.05	0.95				
	122	2	0.0	0.0	0.0	0.0	1	1.05	17.80882604797338	230.0	17	1.05	0.95				
	123	2	0.0	0.0	0.0	0.0	1	1.01193182108293	1.2682721023595902	230.0	15	1.05	0.95				
	124	1	0.0	0.0	0.0	0.0	1	1.0269925506115236	5.232515989632085	230.0	16	1.05	0.95				
	201	2	45.30458050105263	9.228710842807017	0.0	0.0	2	1.0164658957440604	-13.804539718950936	138.0	21	1.05	0.95				
	202	2	40.69022507964912	8.38973712982456	0.0	0.0	2	1.0156328690888587	-14.068113859559695	138.0	22	1.05	0.95				
	203	1	75.50763416842105	15.521013690175437	0.0	0.0	2	1.0140471218677385	-10.31104771959234	138.0	21	1.05	0.95				
	204	1	31.042027380350873	6.292302847368419	0.0	0.0	2	1.0129536607045557	-13.490339131224607	138.0	21	1.05	0.95				
	205	1	29.783566810877186	5.872815990877193	0.0	0.0	2	1.0281160991981368	-13.891758588561054	138.0	21	1.05	0.95				
	206	1	57.05021248280702	11.745631981754386	0.0	-100.0	2	1.0426037040378466	-14.463175302802483	138.0	22	1.05	0.95				
	207	2	52.4358570614035	10.4871714122807	0.0	0.0	2	0.9987783461449137	-19.52068400682102	138.0	22	1.05	0.95				
	208	1	71.73225245999998	14.682039977192979	0.0	0.0	2	1.00256949390138	-17.61271893786317	138.0	22	1.05	0.95				
	209	1	73.4101998859649	15.10152683368421	0.0	0.0	2	1.0230290431030789	-11.28162269213669	138.0	23	1.05	0.95				
	210	1	81.79993701578945	16.77947425964912	0.0	0.0	2	1.05	-12.630984186824879	138.0	23	1.05	0.95				
	211	1	0.0	0.0	0.0	0.0	2	1.003803925625671	-9.100245687396558	230.0	23	1.05	0.95				
	212	1	0.0	0.0	0.0	0.0	2	1.0089466939466283	-5.382108089947487	230.0	23	1.05	0.95				
	213	2	111.16401697017541	22.652290250526313	0.0	0.0	2	0.9970368008237569	-7.618151424246797	230.0	24	1.05	0.95				
	214	2	81.38045015929823	16.359987403157895	0.0	0.0	2	1.0027201099949956	-7.405153548165482	230.0	26	1.05	0.95				
	215	2	132.97733350771927	26.847158815438593	0.0	0.0	2	1.0174257141155567	-1.4903457368013486	230.0	26	1.05	0.95				
	216	2	41.9486856491228	8.38973712982456	0.0	0.0	2	1.0164201058984854	-2.3980122598874125	230.0	26	1.05	0.95				
	217	1	0.0	0.0	0.0	0.0	2	1.0215675820610854	-0.7092950393564731	230.0	27	1.05	0.95				
	218	2	139.68912321157893	28.52510624140351	0.0	0.0	2	1.0212768980955538	-1.0683954045310657	230.0	27	1.05	0.95				
	219	1	75.92712102491227	15.521013690175437	0.0	0.0	2	1.0115682900928278	-3.8291531040589457	230.0	25	1.05	0.95				
	220	1	53.69431763087719	10.90665826877193	0.0	0.0	2	1.0105415449713362	-4.236254852800799	230.0	25	1.05	0.95				
	221	2	0.0	0.0	0.0	0.0	2	1.0235434714421479	-0.40645681121013677	230.0	27	1.05	0.95				
	222	2	0.0	0.0	0.0	0.0	2	1.045303734394993	6.024129000323057	230.0	27	1.05	0.95				
	223	2	0.0	0.0	0.0	0.0	2	1.0104979859825278	-4.12705122304874	230.0	25	1.05	0.95				
	224	1	0.0	0.0	0.0	0.0	2	1.0052880772131347	-4.81601053925161	230.0	26	1.05	0.95				
	301	2	59.22745965473685	12.06485289263158	0.0	0.0	3	0.9955535615104874	-0.09825089501109523	138.0	31	1.05	0.95				
	302	2	53.19503320842105	10.968048084210528	0.0	0.0	3	0.9954270205205387	-0.14597194378734896	138.0	32	1.05	0.95				
	303	1	98.71243275789475	20.290888955789473	0.0	0.0	3	1.016830928373381	3.116053117809885	138.0	31	1.05	0.95				
	304	1	40.581777911578946	8.226036063157895	0.0	0.0	3	1.0024212107051786	1.708178448358621	138.0	31	1.05	0.95				
	305	1	38.936570698947364	7.67763365894737	0.0	0.0	3	1.0145588958272487	1.564508129053643	138.0	31	1.05	0.95				
	306	1	74.58272697263159	15.35526731789474	0.0	-100.0	3	1.0335127882857704	1.863028564862608	138.0	32	1.05	0.95				
	307	2	68.5503005263158	13.710060105263159	0.0	0.0	3	0.9914114213477341	-1.8077698128101434	138.0	32	1.05	0.95				
	308	1	93.77681112	19.19408414736842	0.0	0.0	3	1.0015141066247815	0.6339895671291176	138.0	32	1.05	0.95				
	309	1	95.97042073684212	19.742486551578946	0.0	0.0	3	1.026997228493146	5.454380508811347	138.0	33	1.05	0.95				
	310	1	106.93846882105262	21.936096168421056	0.0	0.0	3	1.05	4.974691534214682	138.0	33	1.05	0.95				
	311	1	0.0	0.0	0.0	0.0	3	1.0134446530740158	10.468553354988037	230.0	33	1.05	0.95				
	312	1	0.0	0.0	0.0	0.0	3	1.0191089841937893	11.923431263437823	230.0	33	1.05	0.95				
	313	2	145.32663711578948	29.613729827368424	0.0	0.0	3	1.0329047024266362	18.118661111016007	230.0	34	1.05	0.95				
	314	2	106.3900664168421	21.38769376421053	0.0	0.0	3	1.012333932414522	8.958122711568354	230.0	36	1.05	0.95				
	315	2	173.84356213473683	35.097753869473685	0.0	0.0	3	1.0259240945695263	3.4840470452769994	230.0	36	1.05	0.95				
	316	2	54.840240421052634	10.968048084210528	0.0	0.0	3	1.027254064948552	4.722227097501147	230.0	36	1.05	0.95				
	317	1	0.0	0.0	0.0	0.0	3	1.0293785248058434	3.5118471063792494	230.0	37	1.05	0.95				
	318	2	182.61800060210527	37.291363486315795	0.0	0.0	3	1.0268981288662944	2.3024026259835657	230.0	37	1.05	0.95				
	319	1	99.26083516210527	20.290888955789473	0.0	0.0	3	1.027370962456603	7.84951861705277	230.0	35	1.05	0.95				
	320	1	70.19550773894737	14.258462509473684	0.0	0.0	3	1.0304893757903126	10.239408332098764	230.0	35	1.05	0.95				
	321	2	0.0	0.0	0.0	0.0	3	1.0286554695382848	3.270274912669209	230.0	37	1.05	0.95				
	322	2	0.0	0.0	0.0	0.0	3	1.0424184978839732	7.73478349354428	230.0	37	1.05	0.95				
	323	2	0.0	0.0	0.0	0.0	3	1.0324340945193629	11.243156146818134	230.0	35	1.05	0.95				
	324	1	0.0	0.0	0.0	0.0	3	1.0206705391540942	5.132235023416711	230.0	36	1.05	0.95				
	325	1	0.0	0.0	0.0	0.0	3	1.0342986097756162	11.31381283588005	230.0	35	1.05	0.95				
];
