%% MATPOWER Case Format : Version 2
function mpc = RTS_GMLC
mpc.version = '2';

%%-----  Power Flow Data  -----%%
%% system MVA base
mpc.baseMVA = 100.0;
%% bus data
%    bus_i    type    Pd    Qd    Gs    Bs    area    Vm    Va    baseKV    zone    Vmax    Vmin
mpc.bus = [
	101	2	39.17070757894737	7.979218210526316	0.0	0.0	1	1.0200539418275545	-0.1948343236904733	138.0	11	1.05	0.95				
	102	2	35.18109847368421	7.253834736842106	0.0	0.0	1	1.0175944814005875	-0.8457928773707415	138.0	12	1.05	0.95				
	103	1	65.28451263157895	13.419594263157894	0.0	0.0	1	1.0301855415880796	1.3648017114510032	138.0	11	1.05	0.95				
	104	1	26.839188526315787	5.440376052631579	0.0	0.0	1	1.016092479411694	-2.4563857631722543	138.0	11	1.05	0.95				
	105	1	25.75111331578947	5.077684315789474	0.0	0.0	1	1.0304185963403167	-2.427833626345442	138.0	11	1.05	0.95				
	106	1	49.326076210526324	10.155368631578948	0.0	-100.0	1	1.0441735513339323	-4.199425659673522	138.0	12	1.05	0.95				
	107	2	45.336467105263154	9.067293421052632	0.0	0.0	1	1.0002194646145504	-9.982899941305979	138.0	12	1.05	0.95				
	108	1	62.020286999999996	12.694210789473685	0.0	0.0	1	1.0056903893198794	-8.091010159551066	138.0	12	1.05	0.95				
	109	1	63.47105394736842	13.056902526315788	0.0	0.0	1	1.0246268744330174	-2.2631664184466445	138.0	13	1.05	0.95				
	110	1	70.72488868421053	14.507669473684212	0.0	0.0	1	1.05	-3.5074968410770255	138.0	13	1.05	0.95				
	111	1	0.0	0.0	0.0	0.0	1	1.004252594625387	0.05649114658887112	230.0	13	1.05	0.95				
	112	1	0.0	0.0	0.0	0.0	1	1.0083262129478598	-0.8373145437385864	230.0	13	1.05	0.95				
	113	3	96.11331026315789	19.585353789473686	0.0	0.0	1	0.9954816447873392	-1.1954304718188672e-29	230.0	14	1.05	0.95				
	114	2	70.36219694736842	14.144977736842106	0.0	0.0	1	1.005421405238823	3.171376750923879	230.0	16	1.05	0.95				
	115	2	114.97328057894735	23.212271157894737	0.0	0.0	1	1.0428429602668872	11.225351379195091	230.0	16	1.05	0.95				
	116	2	36.26917368421053	7.253834736842106	0.0	0.0	1	1.0359134210149357	9.607695072698093	230.0	16	1.05	0.95				
	117	1	0.0	0.0	0.0	0.0	1	1.0419065438801935	14.496192570359973	230.0	17	1.05	0.95				
	118	2	120.77634836842105	24.663038105263162	0.0	0.0	1	1.0490645752068997	15.26371817955744	230.0	17	1.05	0.95				
	119	1	65.64720436842106	13.419594263157894	0.0	0.0	1	1.0241567703791654	5.998700464208803	230.0	15	1.05	0.95				
	120	1	46.42454231578947	9.429985157894736	0.0	0.0	1	1.0189978661052486	3.527260047284294	230.0	15	1.05	0.95				
	121	2	0.0	0.0	0.0	0.0	1	1.05	16.842495480171223	230.0	17	1.05	0.95				
	122	2	0.0	0.0	0.0	0.0	1	1.05	28.43993965781904	230.0	17	1.05	0.95				
	123	2	0.0	0.0	0.0	0.0	1	1.0168466034864982	2.443768830674024	230.0	15	1.05	0.95				
	124	1	0.0	0.0	0.0	0.0	1	1.0257538059865516	7.5406383680263085	230.0	16	1.05	0.95				
	201	2	38.606642526315795	7.864316070175439	0.0	0.0	2	1.0127577083097405	-14.897391649990002	138.0	21	1.05	0.95				
	202	2	34.67448449122807	7.149378245614035	0.0	0.0	2	1.011835965184297	-15.187170905216602	138.0	22	1.05	0.95				
	203	1	64.34440421052632	13.226349754385966	0.0	0.0	2	1.0159569705134293	-10.947357636932649	138.0	21	1.05	0.95				
	204	1	26.452699508771932	5.362033684210527	0.0	0.0	2	1.0123605474362487	-14.986839894941731	138.0	21	1.05	0.95				
	205	1	25.380292771929824	5.004564771929825	0.0	0.0	2	1.0271542796607738	-15.412381369131547	138.0	21	1.05	0.95				
	206	1	48.615772070175446	10.00912954385965	0.0	-100.0	2	1.043411687934136	-16.171475510801525	138.0	22	1.05	0.95				
	207	2	44.68361403508772	8.936722807017544	0.0	0.0	2	0.9949671250818731	-20.356350148238246	138.0	22	1.05	0.95				
	208	1	61.127184	12.511411929824561	0.0	0.0	2	1.0027329563933178	-18.793933165842983	138.0	22	1.05	0.95				
	209	1	62.55705964912281	12.868880842105263	0.0	0.0	2	1.0225194728659557	-13.334213881186539	138.0	23	1.05	0.95				
	210	1	69.70643789473684	14.29875649122807	0.0	0.0	2	1.05	-14.773204410861899	138.0	23	1.05	0.95				
	211	1	0.0	0.0	0.0	0.0	2	1.0037700447329658	-10.685338837350407	230.0	23	1.05	0.95				
	212	1	0.0	0.0	0.0	0.0	2	1.0074785336226373	-10.295102995263026	230.0	23	1.05	0.95				
	213	2	94.72926175438596	19.303321263157898	0.0	0.0	2	0.9976280115690749	-9.717988873925783	230.0	24	1.05	0.95				
	214	2	69.34896898245614	13.941287578947371	0.0	0.0	2	1.0041460686875199	-8.031943830615836	230.0	26	1.05	0.95				
	215	2	113.31764519298247	22.878010385964913	0.0	0.0	2	1.0215363741964467	-1.6134431769530315	230.0	26	1.05	0.95				
	216	2	35.746891228070176	7.149378245614035	0.0	0.0	2	1.022875955917734	-2.1412696067374517	230.0	26	1.05	0.95				
	217	1	0.0	0.0	0.0	0.0	2	1.0271344531212976	-0.2860243061959801	230.0	27	1.05	0.95				
	218	2	119.03714778947369	24.307886035087723	0.0	0.0	2	1.026726820829619	-0.6694117844321777	230.0	27	1.05	0.95				
	219	1	64.70187312280702	13.226349754385966	0.0	0.0	2	1.0236986446740777	-2.9402215103702876	230.0	25	1.05	0.95				
	220	1	45.756020771929826	9.294191719298246	0.0	0.0	2	1.0265294188118779	-2.928871263493726	230.0	25	1.05	0.95				
	221	2	0.0	0.0	0.0	0.0	2	1.028527108178354	-0.18582227535880466	230.0	27	1.05	0.95				
	222	2	0.0	0.0	0.0	0.0	2	1.0499999858315192	6.265199657339728	230.0	27	1.05	0.95				
	223	2	0.0	0.0	0.0	0.0	2	1.0283101282820195	-2.646924950236379	230.0	25	1.05	0.95				
	224	1	0.0	0.0	0.0	0.0	2	1.0079560754105508	-5.125165374574014	230.0	26	1.05	0.95				
	301	2	39.735526736842104	8.09427396491228	0.0	0.0	3	1.0104311174218243	11.445009476750664	138.0	31	1.05	0.95				
	302	2	35.688389754385966	7.3584308771929825	0.0	0.0	3	1.0104063973732156	11.07485369161608	138.0	32	1.05	0.95				
	303	1	66.22587789473684	13.613097122807016	0.0	0.0	3	1.0487600148833658	24.472235425725614	138.0	31	1.05	0.95				
	304	1	27.226194245614032	5.518823157894736	0.0	0.0	3	1.0105614263202918	11.555790181665984	138.0	31	1.05	0.95				
	305	1	26.122429614035088	5.150901614035088	0.0	0.0	3	1.0257460705864943	10.10026516143426	138.0	31	1.05	0.95				
	306	1	50.03732996491228	10.301803228070176	0.0	-100.0	3	1.0425809152367633	8.873506139450066	138.0	32	1.05	0.95				
	307	2	45.990192982456136	9.198038596491227	0.0	0.0	3	0.96991389274432	5.387470403935419	138.0	32	1.05	0.95				
	308	1	62.914584	12.877254035087718	0.0	0.0	3	0.987341688823228	6.921732714805157	138.0	32	1.05	0.95				
	309	1	64.38627017543858	13.245175578947366	0.0	0.0	3	1.0209893382251127	13.482990510493043	138.0	33	1.05	0.95				
	310	1	71.74470105263157	14.716861754385965	0.0	0.0	3	1.05	9.947850099354014	138.0	33	1.05	0.95				
	311	1	0.0	0.0	0.0	0.0	3	1.0098168530428406	13.27491697246289	230.0	33	1.05	0.95				
	312	1	0.0	0.0	0.0	0.0	3	1.0158955825871014	13.654996327133444	230.0	33	1.05	0.95				
	313	2	97.499209122807	19.867763368421052	0.0	0.0	3	1.0141294233846185	15.612335071636105	230.0	34	1.05	0.95				
	314	2	71.37677950877193	14.348940210526315	0.0	0.0	3	1.0035408679946365	12.862833219041548	230.0	36	1.05	0.95				
	315	2	116.63112940350875	23.546978807017542	0.0	0.0	3	1.0434439097161456	14.850118918386457	230.0	36	1.05	0.95				
	316	2	36.792154385964906	7.3584308771929825	0.0	0.0	3	1.0318970319291265	14.458031205922326	230.0	36	1.05	0.95				
	317	1	0.0	0.0	0.0	0.0	3	1.0494182572364088	17.054338082073514	230.0	37	1.05	0.95				
	318	2	122.51787410526316	25.01866498245614	0.0	0.0	3	1.05	14.580523257837386	230.0	37	1.05	0.95				
	319	1	66.59379943859649	13.613097122807016	0.0	0.0	3	1.0267337737853115	13.800953747338994	230.0	35	1.05	0.95				
	320	1	47.093957614035084	9.565960140350876	0.0	0.0	3	1.0244301387626795	13.94691595342021	230.0	35	1.05	0.95				
	321	2	0.0	0.0	0.0	0.0	3	1.0481463438175895	15.29505729167903	230.0	37	1.05	0.95				
	322	2	0.0	0.0	0.0	0.0	3	1.05	20.330046213096487	230.0	37	1.05	0.95				
	323	2	0.0	0.0	0.0	0.0	3	1.0234634434439516	14.314705987107248	230.0	35	1.05	0.95				
	324	1	0.0	0.0	0.0	0.0	3	1.0424372141843894	18.53120187073132	230.0	36	1.05	0.95				
	325	1	0.0	0.0	0.0	0.0	3	1.0260298989682235	14.544712355822613	230.0	35	1.05	0.95				
];
