%% MATPOWER Case Format : Version 2
function mpc = RTS_GMLC
mpc.version = '2';

%%-----  Power Flow Data  -----%%
%% system MVA base
mpc.baseMVA = 100.0;
%% bus data
%    bus_i    type    Pd    Qd    Gs    Bs    area    Vm    Va    baseKV    zone    Vmax    Vmin
mpc.bus = [
	101	2	36.886194951157904	7.5138545270877195	0.0	0.0	1	1.0320060953660763	1.6937956075165954	138.0	11	1.05	0.95				
	102	2	33.12926768761404	6.830776842807018	0.0	0.0	1	1.030709932563911	1.3413316725599842	138.0	12	1.05	0.95				
	103	1	61.476991585263164	12.636937159192986	0.0	0.0	1	1.0278466957740882	0.38018381421482383	138.0	11	1.05	0.95				
	104	1	25.27387431838597	5.123082632105263	0.0	0.0	1	1.0215912842911263	-1.3638288443813305	138.0	11	1.05	0.95				
	105	1	24.24925779196491	4.781543789964913	0.0	0.0	1	1.036436809679672	-1.127741293744564	138.0	11	1.05	0.95				
	106	1	46.449282531087725	9.563087579929826	0.0	-100.0	1	1.0475093008953655	-3.1395162374698287	138.0	12	1.05	0.95				
	107	2	42.69235526754386	8.538471053508772	0.0	0.0	1	1.0023575876087338	-8.657508779227573	138.0	12	1.05	0.95				
	108	1	58.40314200600001	11.95385947491228	0.0	0.0	1	1.0078779180662074	-7.122970376933066	138.0	12	1.05	0.95				
	109	1	59.769297374561404	12.295398317052632	0.0	0.0	1	1.0237791508943805	-2.1812114682580344	138.0	13	1.05	0.95				
	110	1	66.60007421736842	13.661553685614036	0.0	0.0	1	1.05	-2.9042957438384565	138.0	13	1.05	0.95				
	111	1	0.0	0.0	0.0	0.0	1	0.9998820382776147	-0.47629168429867214	230.0	13	1.05	0.95				
	112	1	0.0	0.0	0.0	0.0	1	1.0050915666325946	-0.8791073176042802	230.0	13	1.05	0.95				
	113	3	90.50779316719299	18.443097475578952	0.0	0.0	1	0.9907991127740754	5.130919179120889e-28	230.0	14	1.05	0.95				
	114	2	66.25853537522808	13.320014843473684	0.0	0.0	1	0.9942512894929153	1.333311846394834	230.0	16	1.05	0.95				
	115	2	108.26781295849123	21.858485896982458	0.0	0.0	1	1.02907133893636	6.990597333197705	230.0	16	1.05	0.95				
	116	2	34.15388421403509	6.830776842807018	0.0	0.0	1	1.0246569539900248	5.838670360113341	230.0	16	1.05	0.95				
	117	1	0.0	0.0	0.0	0.0	1	1.0329372087320443	9.223794827407463	230.0	17	1.05	0.95				
	118	2	113.73243443273687	23.224641265543863	0.0	0.0	1	1.0362565418331537	9.86475380805065	230.0	17	1.05	0.95				
	119	1	61.818530427403516	12.636937159192986	0.0	0.0	1	1.0149928410861886	3.4371533883522973	230.0	15	1.05	0.95				
	120	1	43.716971793964916	8.880009895649124	0.0	0.0	1	1.0097217863862733	2.0066480630826136	230.0	15	1.05	0.95				
	121	2	0.0	0.0	0.0	0.0	1	1.0386426152273553	11.26159428156714	230.0	17	1.05	0.95				
	122	2	0.0	0.0	0.0	0.0	1	1.05	17.948859326003152	230.0	17	1.05	0.95				
	123	2	0.0	0.0	0.0	0.0	1	1.0070620981516305	1.4889473674158658	230.0	15	1.05	0.95				
	124	1	0.0	0.0	0.0	0.0	1	1.0198929862167299	4.494777317474007	230.0	16	1.05	0.95				
	201	2	38.07964739368421	7.7569652098245605	0.0	0.0	2	1.0143960451448415	-12.343259878854743	138.0	21	1.05	0.95				
	202	2	34.201164788771926	7.0517865543859655	0.0	0.0	2	1.01350094872149	-12.615739842454966	138.0	22	1.05	0.95				
	203	1	63.46607898947369	13.045805125614034	0.0	0.0	2	1.0155890851015794	-8.937638277140742	138.0	21	1.05	0.95				
	204	1	26.09161025122807	5.288839915789474	0.0	0.0	2	1.0132207988820918	-12.37796195814937	138.0	21	1.05	0.95				
	205	1	25.033842268070174	4.936250588070176	0.0	0.0	2	1.0280557978095253	-12.752842104748739	138.0	21	1.05	0.95				
	206	1	47.952148569824566	9.872501176140352	0.0	-100.0	2	1.0439712701882624	-13.447883080134572	138.0	22	1.05	0.95				
	207	2	44.07366596491228	8.814733192982455	0.0	0.0	2	0.9969384015366876	-17.593243256574272	138.0	22	1.05	0.95				
	208	1	60.29277504	12.340626470175438	0.0	0.0	2	1.0040707114924374	-16.049624174022124	138.0	22	1.05	0.95				
	209	1	61.70313235087719	12.693215797894736	0.0	0.0	2	1.0225429899837744	-10.715577564837577	138.0	23	1.05	0.95				
	210	1	68.75491890526315	14.103573108771931	0.0	0.0	2	1.05	-12.025209839644857	138.0	23	1.05	0.95				
	211	1	0.0	0.0	0.0	0.0	2	1.0026170194217117	-8.067217645651711	230.0	23	1.05	0.95				
	212	1	0.0	0.0	0.0	0.0	2	1.0058837174035422	-7.355183418050799	230.0	23	1.05	0.95				
	213	2	93.43617184561404	19.039823696842106	0.0	0.0	2	0.9969773344936235	-6.771214087188809	230.0	24	1.05	0.95				
	214	2	68.40232957754385	13.75098378105263	0.0	0.0	2	1.0010653144405421	-5.752228804307609	230.0	26	1.05	0.95				
	215	2	111.77081688701753	22.565716974035087	0.0	0.0	2	1.0162154199887976	-0.13658941265311625	230.0	26	1.05	0.95				
	216	2	35.25893277192982	7.0517865543859655	0.0	0.0	2	1.0173534602915126	-0.33841810419913376	230.0	26	1.05	0.95				
	217	1	0.0	0.0	0.0	0.0	2	1.0211509677638235	0.9348306126177204	230.0	27	1.05	0.95				
	218	2	117.41224613052633	23.976074284912283	0.0	0.0	2	1.020722843401368	0.6259747234628047	230.0	27	1.05	0.95				
	219	1	63.81866831719299	13.045805125614034	0.0	0.0	2	1.0188450583425304	-0.3825190451094259	230.0	25	1.05	0.95				
	220	1	45.131433948070175	9.167322520701754	0.0	0.0	2	1.022149640796832	0.27937434160162783	230.0	25	1.05	0.95				
	221	2	0.0	0.0	0.0	0.0	2	1.0227962405641364	1.174333882990908	230.0	27	1.05	0.95				
	222	2	0.0	0.0	0.0	0.0	2	1.0445903327698467	7.638996762033806	230.0	27	1.05	0.95				
	223	2	0.0	0.0	0.0	0.0	2	1.0243412350422476	0.9160171819320038	230.0	25	1.05	0.95				
	224	1	0.0	0.0	0.0	0.0	2	1.0051439657608379	-3.4645161591541176	230.0	26	1.05	0.95				
	301	2	42.041758926315794	8.564062003508772	0.0	0.0	3	1.0111630624871861	2.7962256560078282	138.0	31	1.05	0.95				
	302	2	37.7597279245614	7.785510912280702	0.0	0.0	3	1.011011079067614	2.4923750507140383	138.0	32	1.05	0.95				
	303	1	70.06959821052632	14.403195187719298	0.0	0.0	3	1.046871520949982	14.050784620802485	138.0	31	1.05	0.95				
	304	1	28.806390375438596	5.839133184210526	0.0	0.0	3	1.0120272757278908	3.3227208462866806	138.0	31	1.05	0.95				
	305	1	27.63856373859649	5.449857638596492	0.0	0.0	3	1.0258853742722907	1.8742728182016601	138.0	31	1.05	0.95				
	306	1	52.941474203508776	10.899715277192984	0.0	-100.0	3	1.042231612758212	0.8715348058866552	138.0	32	1.05	0.95				
	307	2	48.659443201754385	9.731888640350878	0.0	0.0	3	0.9816393921218611	-2.910259602847848	138.0	32	1.05	0.95				
	308	1	66.5661183	13.62464409649123	0.0	0.0	3	0.9939846776003427	-1.2273120382106373	138.0	32	1.05	0.95				
	309	1	68.12322048245613	14.013919642105263	0.0	0.0	3	1.02418337266408	5.610795581231454	138.0	33	1.05	0.95				
	310	1	75.90873139473683	15.571021824561404	0.0	0.0	3	1.05	2.209844167614342	138.0	33	1.05	0.95				
	311	1	0.0	0.0	0.0	0.0	3	1.007685961021223	6.195350046489815	230.0	33	1.05	0.95				
	312	1	0.0	0.0	0.0	0.0	3	1.0135941761697524	6.4537453160236256	230.0	33	1.05	0.95				
	313	2	103.15801958771931	21.020879463157897	0.0	0.0	3	1.0108558966391366	8.631401771184471	230.0	34	1.05	0.95				
	314	2	75.5194558491228	15.181746278947369	0.0	0.0	3	1.0004025660898523	6.454766588368025	230.0	36	1.05	0.95				
	315	2	123.40034795964911	24.913634919298246	0.0	0.0	3	1.03530621071363	9.505464442373416	230.0	36	1.05	0.95				
	316	2	38.92755456140351	7.785510912280702	0.0	0.0	3	1.0283181335827745	9.115906717283595	230.0	36	1.05	0.95				
	317	1	0.0	0.0	0.0	0.0	3	1.0430895211984643	12.74135169353955	230.0	37	1.05	0.95				
	318	2	129.62875668947368	26.470737101754388	0.0	0.0	3	1.041540337836449	10.684222345873815	230.0	37	1.05	0.95				
	319	1	70.45887375614035	14.403195187719298	0.0	0.0	3	1.0221622579373442	8.05940011859274	230.0	35	1.05	0.95				
	320	1	49.82726983859649	10.121164185964913	0.0	0.0	3	1.0194007147409876	7.902299215059845	230.0	35	1.05	0.95				
	321	2	0.0	0.0	0.0	0.0	3	1.0408875579503745	10.904595268838536	230.0	37	1.05	0.95				
	322	2	0.0	0.0	0.0	0.0	3	1.05	15.949110929769045	230.0	37	1.05	0.95				
	323	2	0.0	0.0	0.0	0.0	3	1.0182508679410773	8.121655212116536	230.0	35	1.05	0.95				
	324	1	0.0	0.0	0.0	0.0	3	1.036991966318917	11.244366583362092	230.0	36	1.05	0.95				
	325	1	0.0	0.0	0.0	0.0	3	1.0201554967365567	8.399291014946305	230.0	35	1.05	0.95				
];
