%% MATPOWER Case Format : Version 2
function mpc = RTS_GMLC
mpc.version = '2';

%%-----  Power Flow Data  -----%%
%% system MVA base
mpc.baseMVA = 100.0;
%% bus data
%    bus_i    type    Pd    Qd    Gs    Bs    area    Vm    Va    baseKV    zone    Vmax    Vmin
mpc.bus = [
	101	2	43.92676890947368	8.948045518596489	0.0	0.0	1	1.012006645771925	-4.142165479733119	138.0	11	1.05	0.95				
	102	2	39.452746150175436	8.134586835087719	0.0	0.0	1	1.0119517733900703	-4.373024423636482	138.0	12	1.05	0.95				
	103	1	73.21128151578947	15.048985644912277	0.0	0.0	1	1.0007977266394334	1.0648396664834343	138.0	11	1.05	0.95				
	104	1	30.097971289824553	6.1009401263157885	0.0	0.0	1	1.0022597733683527	-4.230764012170824	138.0	11	1.05	0.95				
	105	1	28.877783264561398	5.694210784561403	0.0	0.0	1	1.0164509259073893	-5.315120547358723	138.0	11	1.05	0.95				
	106	1	55.315190478596485	11.388421569122807	0.0	-100.0	1	1.0267870331227797	-6.465253104291486	138.0	12	1.05	0.95				
	107	2	50.84116771929824	10.168233543859648	0.0	0.0	1	0.9871484413950364	-10.493035415757152	138.0	12	1.05	0.95				
	108	1	69.55071743999999	14.235526961403504	0.0	0.0	1	0.9880796882598435	-9.142016310179653	138.0	12	1.05	0.95				
	109	1	71.17763480701753	14.642256303157891	0.0	0.0	1	1.0019050177353883	-3.2075114299079033	138.0	13	1.05	0.95				
	110	1	79.31222164210526	16.269173670175437	0.0	0.0	1	1.0305894726361597	-5.1600130661740105	138.0	13	1.05	0.95				
	111	1	0.0	0.0	0.0	0.0	1	0.9821513549134532	-0.49935107685944047	230.0	13	1.05	0.95				
	112	1	0.0	0.0	0.0	0.0	1	0.9832468427144693	-1.3941558344320144	230.0	13	1.05	0.95				
	113	3	107.78327556491227	21.96338445473684	0.0	0.0	1	0.9648463509774108	2.8292459797641327e-28	230.0	14	1.05	0.95				
	114	2	78.90549230035087	15.862444328421052	0.0	0.0	1	0.9916304482801201	2.882420356374102	230.0	16	1.05	0.95				
	115	2	128.9332013361403	26.030677872280698	0.0	0.0	1	0.990302678032397	12.103697699138946	230.0	16	1.05	0.95				
	116	2	40.67293417543859	8.134586835087719	0.0	0.0	1	0.9890561081517731	10.489119553650596	230.0	16	1.05	0.95				
	117	1	0.0	0.0	0.0	0.0	1	0.9917675839755499	16.31065755007876	230.0	17	1.05	0.95				
	118	2	135.4408708042105	27.657595239298242	0.0	0.0	1	1.000216349157294	16.91377218108474	230.0	17	1.05	0.95				
	119	1	73.61801085754385	15.048985644912277	0.0	0.0	1	0.9890866640642851	6.70368788281187	230.0	15	1.05	0.95				
	120	1	52.061355744561396	10.574962885614033	0.0	0.0	1	0.9943325205752418	3.8296470425328715	230.0	15	1.05	0.95				
	121	2	0.0	0.0	0.0	0.0	1	1.0009655491503018	18.235875089196362	230.0	17	1.05	0.95				
	122	2	0.0	0.0	0.0	0.0	1	1.007417816935932	35.31693712635455	230.0	17	1.05	0.95				
	123	2	0.0	0.0	0.0	0.0	1	0.9983789540610373	2.592127277989023	230.0	15	1.05	0.95				
	124	1	0.0	0.0	0.0	0.0	1	0.9810941884226808	7.8828706442663075	230.0	16	1.05	0.95				
	201	2	45.423579410526315	9.252951361403507	0.0	0.0	2	1.0100211068994633	-12.018103929684369	138.0	21	1.05	0.95				
	202	2	40.797103729824556	8.41177396491228	0.0	0.0	2	1.0089783295819676	-12.196662055644099	138.0	22	1.05	0.95				
	203	1	75.70596568421053	15.561781835087718	0.0	0.0	2	0.9967838438435007	-9.100295841337857	138.0	21	1.05	0.95				
	204	1	31.123563670175436	6.30883047368421	0.0	0.0	2	1.000136552918197	-11.159994633025857	138.0	21	1.05	0.95				
	205	1	29.861797575438594	5.888241775438597	0.0	0.0	2	1.016263106243109	-11.546112700120137	138.0	21	1.05	0.95				
	206	1	57.20006296140351	11.776483550877193	0.0	-100.0	2	1.0277505929168935	-11.806111554895823	138.0	22	1.05	0.95				
	207	2	52.57358728070175	10.51471745614035	0.0	0.0	2	0.970998243297284	-16.872159542511	138.0	22	1.05	0.95				
	208	1	71.9206674	14.72060443859649	0.0	0.0	2	0.978904306340672	-14.91829086597823	138.0	22	1.05	0.95				
	209	1	73.60302219298245	15.141193136842105	0.0	0.0	2	1.0058394111369346	-8.513431458782327	138.0	23	1.05	0.95				
	210	1	82.01479615789474	16.82354792982456	0.0	0.0	2	1.0330898979757397	-9.677964638476569	138.0	23	1.05	0.95				
	211	1	0.0	0.0	0.0	0.0	2	0.9877297722769782	-6.0531576688831255	230.0	23	1.05	0.95				
	212	1	0.0	0.0	0.0	0.0	2	0.9891319992684144	-1.28686545787068	230.0	23	1.05	0.95				
	213	2	111.4560050350877	22.711789705263158	0.0	0.0	2	0.9843777734025138	-3.461728375152001	230.0	24	1.05	0.95				
	214	2	81.59420745964911	16.402959231578947	0.0	0.0	2	0.9850474119679976	-5.146532685208679	230.0	26	1.05	0.95				
	215	2	133.32661734385965	26.9176766877193	0.0	0.0	2	0.9919135509842324	-0.8332737312054929	230.0	26	1.05	0.95				
	216	2	42.0588698245614	8.41177396491228	0.0	0.0	2	0.9904362605578186	-1.0730690342263554	230.0	26	1.05	0.95				
	217	1	0.0	0.0	0.0	0.0	2	1.0006115066904075	-0.03025673720586484	230.0	27	1.05	0.95				
	218	2	140.05603651578946	28.600031480701755	0.0	0.0	2	1.0014379519767738	-0.6044826684618632	230.0	27	1.05	0.95				
	219	1	76.12655438245613	15.561781835087718	0.0	0.0	2	0.984244086504755	-0.17065812185416118	230.0	25	1.05	0.95				
	220	1	53.8353533754386	10.935306154385966	0.0	0.0	2	0.9823014706471299	1.513211529523468	230.0	25	1.05	0.95				
	221	2	0.0	0.0	0.0	0.0	2	1.003847016227239	-0.08974359264478556	230.0	27	1.05	0.95				
	222	2	0.0	0.0	0.0	0.0	2	1.0213795522841156	4.7862560081569665	230.0	27	1.05	0.95				
	223	2	0.0	0.0	0.0	0.0	2	0.9825424719937847	2.7956554305331958	230.0	25	1.05	0.95				
	224	1	0.0	0.0	0.0	0.0	2	0.9837248595428713	-3.977930749379872	230.0	26	1.05	0.95				
	301	2	63.72034165894737	12.980069597192982	0.0	0.0	3	1.002389466769441	26.86687159980601	138.0	31	1.05	0.95				
	302	2	57.23030686035088	11.800063270175439	0.0	0.0	3	1.0030011462066404	26.50396679907526	138.0	32	1.05	0.95				
	303	1	106.20056943157894	21.83011704982456	0.0	0.0	3	1.014855124604405	41.94781223453475	138.0	31	1.05	0.95				
	304	1	43.66023409964912	8.850047452631578	0.0	0.0	3	0.9926278075625852	28.433207411375506	138.0	31	1.05	0.95				
	305	1	41.890224609122804	8.260044289122808	0.0	0.0	3	1.0101442184001712	26.316942682631275	138.0	31	1.05	0.95				
	306	1	80.24043023719298	16.520088578245616	0.0	-100.0	3	1.0212871329722144	25.32803458614837	138.0	32	1.05	0.95				
	307	2	73.7503954385965	14.750079087719298	0.0	0.0	3	0.9662579126553847	22.050944013838475	138.0	32	1.05	0.95				
	308	1	100.89054095999998	20.650110722807018	0.0	0.0	3	0.9766370188595733	24.82933842376375	138.0	32	1.05	0.95				
	309	1	103.25055361403508	21.240113886315786	0.0	0.0	3	1.0051101207052837	32.53049418402559	138.0	33	1.05	0.95				
	310	1	115.05061688421053	23.600126540350878	0.0	0.0	3	1.0331533031270743	27.713086602048673	138.0	33	1.05	0.95				
	311	1	0.0	0.0	0.0	0.0	3	0.9950851591496421	32.5090528729122	230.0	33	1.05	0.95				
	312	1	0.0	0.0	0.0	0.0	3	1.001535455611606	32.89507279428824	230.0	33	1.05	0.95				
	313	2	156.35083832982454	31.860170829473685	0.0	0.0	3	1.0052254761112889	36.16262388419489	230.0	34	1.05	0.95				
	314	2	114.46061372070176	23.010123376842106	0.0	0.0	3	0.9885321185274417	31.74870204419985	230.0	36	1.05	0.95				
	315	2	187.03100283228068	37.7602024645614	0.0	0.0	3	0.9880095760763442	29.87670074078741	230.0	36	1.05	0.95				
	316	2	59.00031635087719	11.800063270175439	0.0	0.0	3	0.9812092303598011	30.292878621732545	230.0	36	1.05	0.95				
	317	1	0.0	0.0	0.0	0.0	3	0.9937406892858834	31.96616523359642	230.0	37	1.05	0.95				
	318	2	196.47105344842103	40.12021511859649	0.0	0.0	3	0.9874056891314991	28.15957432051381	230.0	37	1.05	0.95				
	319	1	106.79057259508772	21.83011704982456	0.0	0.0	3	0.9899687433311288	30.280479325524848	230.0	35	1.05	0.95				
	320	1	75.5204049291228	15.340082251228072	0.0	0.0	3	0.9996571182766586	30.160369902858374	230.0	35	1.05	0.95				
	321	2	0.0	0.0	0.0	0.0	3	0.9958349683094981	29.190689039285388	230.0	37	1.05	0.95				
	322	2	0.0	0.0	0.0	0.0	3	1.012705503167184	32.94820935734876	230.0	37	1.05	0.95				
	323	2	0.0	0.0	0.0	0.0	3	1.0050124957237585	29.988067612164095	230.0	35	1.05	0.95				
	324	1	0.0	0.0	0.0	0.0	3	0.9963937637399195	35.85392265023151	230.0	36	1.05	0.95				
