%% MATPOWER Case Format : Version 2
function mpc = RTS_GMLC
mpc.version = '2';

%%-----  Power Flow Data  -----%%
%% system MVA base
mpc.baseMVA = 100.0;
%% bus data
%    bus_i    type    Pd    Qd    Gs    Bs    area    Vm    Va    baseKV    zone    Vmax    Vmin
mpc.bus = [
	101	2	52.23651658105264	10.64077189614035	0.0	0.0	1	1.0329856650130897	1.7888487205816392	138.0	11	1.05	0.95				
	102	2	46.91613063298246	9.673428996491229	0.0	0.0	1	1.0325717049547927	1.643949562087842	138.0	12	1.05	0.95				
	103	1	87.06086096842105	17.895843643508773	0.0	0.0	1	1.026004519059131	-0.037902167900747706	138.0	11	1.05	0.95				
	104	1	35.791687287017545	7.2550717473684205	0.0	0.0	1	1.0202163531014792	-1.5532200241357368	138.0	11	1.05	0.95				
	105	1	34.34067293754386	6.77140029754386	0.0	0.0	1	1.0348677909427542	-1.3681502291100225	138.0	11	1.05	0.95				
	106	1	65.77931717614035	13.54280059508772	0.0	-100.0	1	1.0437150731831222	-3.6223499388531413	138.0	12	1.05	0.95				
	107	2	60.45893122807018	12.091786245614035	0.0	0.0	1	1.016373009610528	-6.026247762221814	138.0	12	1.05	0.95				
	108	1	82.70781792	16.928500743859647	0.0	0.0	1	1.0131223218620011	-6.108824983455115	138.0	12	1.05	0.95				
	109	1	84.64250371929825	17.41217219368421	0.0	0.0	1	1.0250712799300576	-2.209377156357373	138.0	13	1.05	0.95				
	110	1	94.31593271578947	19.346857992982457	0.0	0.0	1	1.05	-3.0428101276772783	138.0	13	1.05	0.95				
	111	1	0.0	0.0	0.0	0.0	1	1.0046101383439454	-0.4084691587038128	230.0	13	1.05	0.95				
	112	1	0.0	0.0	0.0	0.0	1	1.0100546766712803	0.0835595827851248	230.0	13	1.05	0.95				
	113	3	128.17293420350876	26.11825829052632	0.0	0.0	1	0.9988367233092489	-1.022069111233375e-27	230.0	14	1.05	0.95				
	114	2	93.83226126596492	18.863186543157894	0.0	0.0	1	1.00063536140906	1.5774355962003033	230.0	16	1.05	0.95				
	115	2	153.32384959438596	30.95497278877193	0.0	0.0	1	1.0362348885162276	7.619915767954946	230.0	16	1.05	0.95				
	116	2	48.36714498245614	9.673428996491229	0.0	0.0	1	1.0328429505237764	7.212916390031653	230.0	16	1.05	0.95				
	117	1	0.0	0.0	0.0	0.0	1	1.0396831891079292	9.119498799363948	230.0	17	1.05	0.95				
	118	2	161.06259279157896	32.889658588070176	0.0	0.0	1	1.0415404733096754	9.178894422443436	230.0	17	1.05	0.95				
	119	1	87.54453241824561	17.895843643508773	0.0	0.0	1	1.0277169497640841	6.186844586782704	230.0	15	1.05	0.95				
	120	1	61.90994557754386	12.575457695438597	0.0	0.0	1	1.0268954591398192	6.230514457454385	230.0	15	1.05	0.95				
	121	2	0.0	0.0	0.0	0.0	1	1.0451574362255027	10.342083179910393	230.0	17	1.05	0.95				
	122	2	0.0	0.0	0.0	0.0	1	1.05	16.370976834074757	230.0	17	1.05	0.95				
	123	2	0.0	0.0	0.0	0.0	1	1.0272666450951315	6.625584010015689	230.0	15	1.05	0.95				
	124	1	0.0	0.0	0.0	0.0	1	1.0225719206250787	4.755900985260291	230.0	16	1.05	0.95				
	201	2	59.737446871578946	12.16873917754386	0.0	0.0	2	1.0320943913342817	-10.153691125825954	138.0	21	1.05	0.95				
	202	2	53.65307728280702	11.06249016140351	0.0	0.0	2	1.032413833489363	-10.191613722803432	138.0	22	1.05	0.95				
	203	1	99.56241145263158	20.465606798596493	0.0	0.0	2	1.0203947908550273	-8.481928154636503	138.0	21	1.05	0.95				
	204	1	40.931213597192986	8.29686762105263	0.0	0.0	2	1.0182107101849942	-12.39501267970208	138.0	21	1.05	0.95				
	205	1	39.27184007298246	7.7437431129824565	0.0	0.0	2	1.0339183049990053	-12.651819514068858	138.0	21	1.05	0.95				
	206	1	75.22493309754387	15.487486225964913	0.0	-100.0	2	1.0421227353060918	-14.575877069373636	138.0	22	1.05	0.95				
	207	2	69.14056350877193	13.828112701754385	0.0	0.0	2	0.9889448403622016	-22.904480135984908	138.0	22	1.05	0.95				
	208	1	94.58429088	19.359357782456136	0.0	0.0	2	0.9910651246413102	-20.284853822692035	138.0	22	1.05	0.95				
	209	1	96.79678891228069	19.912482290526317	0.0	0.0	2	1.0232888102457476	-11.949650614977447	138.0	23	1.05	0.95				
	210	1	107.8592790736842	22.12498032280702	0.0	0.0	2	1.05	-13.434738687765604	138.0	23	1.05	0.95				
	211	1	0.0	0.0	0.0	0.0	2	1.0123875880460051	-8.833444421899044	230.0	23	1.05	0.95				
	212	1	0.0	0.0	0.0	0.0	2	1.0126557136283405	-8.094045052377124	230.0	23	1.05	0.95				
	213	2	146.5779946385965	29.868723435789473	0.0	0.0	2	1.0105088606500165	-7.7439904781061335	230.0	24	1.05	0.95				
	214	2	107.30615456561404	21.571855814736843	0.0	0.0	2	1.018960099740266	-5.893420005000531	230.0	26	1.05	0.95				
	215	2	175.34046905824562	35.39996851649123	0.0	0.0	2	1.0322950961943693	1.8053912932275313	230.0	26	1.05	0.95				
	216	2	55.31245080701754	11.06249016140351	0.0	0.0	2	1.0350002204442086	1.642095664421823	230.0	26	1.05	0.95				
	217	1	0.0	0.0	0.0	0.0	2	1.038556273326026	4.7086823575235615	230.0	27	1.05	0.95				
	218	2	184.1904611873684	37.612466548771934	0.0	0.0	2	1.0401990990765144	5.138582896522378	230.0	27	1.05	0.95				
	219	1	100.11553596070175	20.465606798596493	0.0	0.0	2	1.03417745642606	0.8069860434347432	230.0	25	1.05	0.95				
	220	1	70.79993703298246	14.381237209824564	0.0	0.0	2	1.0378002161527908	1.1400635538786283	230.0	25	1.05	0.95				
	221	2	0.0	0.0	0.0	0.0	2	1.039929305318337	4.786920282963508	230.0	27	1.05	0.95				
	222	2	0.0	0.0	0.0	0.0	2	1.05	11.258322807939676	230.0	27	1.05	0.95				
	223	2	0.0	0.0	0.0	0.0	2	1.040973019030759	1.73374627199382	230.0	25	1.05	0.95				
	224	1	0.0	0.0	0.0	0.0	2	1.0151029287388202	-2.0420546517544	230.0	26	1.05	0.95				
	301	2	50.29294528421053	10.244859224561404	0.0	0.0	3	1.0153305963502695	-8.485590939975552	138.0	31	1.05	0.95				
	302	2	45.17051567192982	9.313508385964914	0.0	0.0	3	1.0139737572608656	-8.842474511454924	138.0	32	1.05	0.95				
	303	1	83.82157547368422	17.229990514035087	0.0	0.0	3	1.05	5.115951841868909	138.0	31	1.05	0.95				
	304	1	34.459981028070175	6.985131289473684	0.0	0.0	3	1.0106393897384525	-7.947900238839545	138.0	31	1.05	0.95				
	305	1	33.06295477017544	6.519455870175439	0.0	0.0	3	1.0269475285134892	-9.43591355282611	138.0	31	1.05	0.95				
	306	1	63.33185702456141	13.038911740350878	0.0	-100.0	3	1.0407709507381304	-10.526812535727299	138.0	32	1.05	0.95				
	307	2	58.209427412280704	11.641885482456141	0.0	0.0	3	0.9893451858178535	-15.549251869411284	138.0	32	1.05	0.95				
	308	1	79.6304967	16.298639675438594	0.0	0.0	3	0.9948006227377055	-13.411394540777062	138.0	32	1.05	0.95				
	309	1	81.49319837719298	16.764315094736844	0.0	0.0	3	1.022243166694508	-5.290030690163835	138.0	33	1.05	0.95				
	310	1	90.80670676315789	18.627016771929828	0.0	0.0	3	1.05	-8.892794060525741	138.0	33	1.05	0.95				
	311	1	0.0	0.0	0.0	0.0	3	1.010182722395543	-4.150962732588711	230.0	33	1.05	0.95				
	312	1	0.0	0.0	0.0	0.0	3	1.0134500215367654	-3.5984264531859744	230.0	33	1.05	0.95				
	313	2	123.40398611403509	25.146472642105266	0.0	0.0	3	1.0118824364978174	-1.3234230074311044	230.0	34	1.05	0.95				
	314	2	90.34103134385964	18.16134135263158	0.0	0.0	3	1.0096690042311631	-3.600176671146153	230.0	36	1.05	0.95				
	315	2	147.61910791754386	29.80322683508772	0.0	0.0	3	1.0425194139054246	-0.050858791869800565	230.0	36	1.05	0.95				
	316	2	46.567541929824564	9.313508385964914	0.0	0.0	3	1.0366662088261598	-0.03178333903177637	230.0	36	1.05	0.95				
	317	1	0.0	0.0	0.0	0.0	3	1.0410483304074822	0.5966152617575716	230.0	37	1.05	0.95				
	318	2	155.0699146263158	31.665928512280704	0.0	0.0	3	1.0405398737764808	0.33583912200216426	230.0	37	1.05	0.95				
	319	1	84.28725089298246	17.229990514035087	0.0	0.0	3	1.029335597656014	-0.7604887170729158	230.0	35	1.05	0.95				
	320	1	59.60645367017544	12.107560901754386	0.0	0.0	3	1.0262925303309702	-0.49558975968589936	230.0	35	1.05	0.95				
	321	2	0.0	0.0	0.0	0.0	3	1.042974904778238	0.981583194078736	230.0	37	1.05	0.95				
	322	2	0.0	0.0	0.0	0.0	3	1.05	5.153951624436098	230.0	37	1.05	0.95				
	323	2	0.0	0.0	0.0	0.0	3	1.025404379537946	0.010103516075727834	230.0	35	1.05	0.95				
	324	1	0.0	0.0	0.0	0.0	3	1.042702109722142	1.9274459451179358	230.0	36	1.05	0.95				
	325	1	0.0	0.0	0.0	0.0	3	1.0248393378253864	0.8904024344840724	230.0	35	1.05	0.95				
];
