%% MATPOWER Case Format : Version 2
function mpc = RTS_GMLC
mpc.version = '2';

%%-----  Power Flow Data  -----%%
%% system MVA base
mpc.baseMVA = 100.0;
%% bus data
%    bus_i    type    Pd    Qd    Gs    Bs    area    Vm    Va    baseKV    zone    Vmax    Vmin
mpc.bus = [
	101	2	43.19198416421053	8.798367144561405	0.0	0.0	1	1.011885813228787	-4.135912738572494	138.0	11	1.05	0.95				
	102	2	38.792800591929826	7.998515585964913	0.0	0.0	1	1.0118361913368243	-4.361904453793213	138.0	12	1.05	0.95				
	103	1	71.98664027368422	14.797253834035088	0.0	0.0	1	1.0009979865130498	1.033870913945587	138.0	11	1.05	0.95				
	104	1	29.594507668070175	5.998886689473684	0.0	0.0	1	1.0021986382053838	-4.210760405229803	138.0	11	1.05	0.95				
	105	1	28.394730330175438	5.598960910175439	0.0	0.0	1	1.016469484849143	-5.264716564832874	138.0	11	1.05	0.95				
	106	1	54.389905984561416	11.197921820350878	0.0	-100.0	1	1.0269340935368692	-6.384377821261393	138.0	12	1.05	0.95				
	107	2	49.990722412280704	9.99814448245614	0.0	0.0	1	0.9868548449787486	-10.172190288540836	138.0	12	1.05	0.95				
	108	1	68.38730826	13.997402275438597	0.0	0.0	1	0.9882190572873286	-8.910807326363013	138.0	12	1.05	0.95				
	109	1	69.98701137719299	14.39732805473684	0.0	0.0	1	1.001873623158621	-3.1605851696083533	138.0	13	1.05	0.95				
	110	1	77.9855269631579	15.997031171929827	0.0	0.0	1	1.030547297675876	-5.086652777812715	138.0	13	1.05	0.95				
	111	1	0.0	0.0	0.0	0.0	1	0.9817091911916108	-0.5066102563856759	230.0	13	1.05	0.95				
	112	1	0.0	0.0	0.0	0.0	1	0.9829572291387122	-1.3725821751924931	230.0	13	1.05	0.95				
	113	3	105.9803315140351	21.595992082105266	0.0	0.0	1	0.9642507589987601	1.316674990950906e-29	230.0	14	1.05	0.95				
	114	2	77.58560118385965	15.59710539263158	0.0	0.0	1	0.9906571768822294	2.8071113237454637	230.0	16	1.05	0.95				
	115	2	126.77647203754385	25.595249875087724	0.0	0.0	1	0.9898874217991601	11.835678707359012	230.0	16	1.05	0.95				
	116	2	39.99257792982456	7.998515585964913	0.0	0.0	1	0.9886943344489069	10.265463157472087	230.0	16	1.05	0.95				
	117	1	0.0	0.0	0.0	0.0	1	0.9915877978794992	15.951375221538838	230.0	17	1.05	0.95				
	118	2	133.1752845063158	27.194952992280708	0.0	0.0	1	0.9995538850991526	16.541753291991913	230.0	17	1.05	0.95				
	119	1	72.38656605298246	14.797253834035088	0.0	0.0	1	0.9888532147138872	6.587994030300938	230.0	15	1.05	0.95				
	120	1	51.19049975017545	10.398070261754388	0.0	0.0	1	0.9939297527481317	3.780525534730884	230.0	15	1.05	0.95				
	121	2	0.0	0.0	0.0	0.0	1	1.0003313485906797	17.83328235362959	230.0	17	1.05	0.95				
	122	2	0.0	0.0	0.0	0.0	1	1.0077570832253961	34.48156561336196	230.0	17	1.05	0.95				
	123	2	0.0	0.0	0.0	0.0	1	0.9978156149455716	2.5738013212345026	230.0	15	1.05	0.95				
	124	1	0.0	0.0	0.0	0.0	1	0.9812045330962946	7.702612535143271	230.0	16	1.05	0.95				
	201	2	44.52258774315789	9.069416021754385	0.0	0.0	2	1.0100146376110792	-11.393916991785929	138.0	21	1.05	0.95				
	202	2	39.9878797322807	8.244923656140351	0.0	0.0	2	1.0089739115292848	-11.563028711754042	138.0	22	1.05	0.95				
	203	1	74.20431290526317	15.253108763859649	0.0	0.0	2	0.9969297466593462	-8.653846056584452	138.0	21	1.05	0.95				
	204	1	30.506217527719297	6.183692742105262	0.0	0.0	2	1.0004864601681056	-10.531379589994087	138.0	21	1.05	0.95				
	205	1	29.269478979298242	5.771446559298246	0.0	0.0	2	1.016547885367451	-10.902118953464711	138.0	21	1.05	0.95				
	206	1	56.06548086175439	11.542893118596492	0.0	-100.0	2	1.0282643249814305	-11.142491504254085	138.0	22	1.05	0.95				
	207	2	51.53077285087719	10.306154570175439	0.0	0.0	2	0.971169927754087	-16.078451410937685	138.0	22	1.05	0.95				
	208	1	70.49409726	14.42861639824561	0.0	0.0	2	0.9795037475724244	-14.174116394060158	138.0	22	1.05	0.95				
	209	1	72.14308199122806	14.84086258105263	0.0	0.0	2	1.0061431181769365	-7.924992237694196	138.0	23	1.05	0.95				
	210	1	80.38800564736842	16.489847312280702	0.0	0.0	2	1.0334367756352638	-9.041928011232583	138.0	23	1.05	0.95				
	211	1	0.0	0.0	0.0	0.0	2	0.9875011204888332	-5.547697081347696	230.0	23	1.05	0.95				
	212	1	0.0	0.0	0.0	0.0	2	0.9893983302517184	-0.7003678608575225	230.0	23	1.05	0.95				
	213	2	109.24523844385965	22.261293871578946	0.0	0.0	2	0.983978133374255	-2.957524212137362	230.0	24	1.05	0.95				
	214	2	79.9757594645614	16.077601129473685	0.0	0.0	2	0.9841159536550086	-4.7423794845418445	230.0	26	1.05	0.95				
	215	2	130.68203994982454	26.383755699649118	0.0	0.0	2	0.9916049446515379	-0.673498819427545	230.0	26	1.05	0.95				
	216	2	41.224618280701755	8.244923656140351	0.0	0.0	2	0.9900630504120091	-0.8739267869595203	230.0	26	1.05	0.95				
	217	1	0.0	0.0	0.0	0.0	2	1.0002387746873211	0.09947431512394277	230.0	27	1.05	0.95				
	218	2	137.27797887473682	28.032740430877194	0.0	0.0	2	1.0010511460850076	-0.46456495315896323	230.0	27	1.05	0.95				
	219	1	74.61655908807018	15.253108763859649	0.0	0.0	2	0.9840706826722116	0.05066033175393189	230.0	25	1.05	0.95				
	220	1	52.767511399298236	10.718400752982456	0.0	0.0	2	0.9822063745561743	1.7365813876070841	230.0	25	1.05	0.95				
	221	2	0.0	0.0	0.0	0.0	2	1.0034358515226678	0.039506830994227554	230.0	27	1.05	0.95				
	222	2	0.0	0.0	0.0	0.0	2	1.0208411132668294	4.774893426916067	230.0	27	1.05	0.95				
	223	2	0.0	0.0	0.0	0.0	2	0.9824487515932756	3.013336070636764	230.0	25	1.05	0.95				
	224	1	0.0	0.0	0.0	0.0	2	0.9838838385074913	-3.7106931674947172	230.0	26	1.05	0.95				
	301	2	64.59158493473684	13.157545079298247	0.0	0.0	3	1.0022765054293912	25.76187601335961	138.0	31	1.05	0.95				
	302	2	58.01281239508772	11.961404617543861	0.0	0.0	3	1.0028564283644361	25.405006045896553	138.0	32	1.05	0.95				
	303	1	107.65264155789475	22.12859854245614	0.0	0.0	3	1.0148645053975782	40.65010281681627	138.0	31	1.05	0.95				
	304	1	44.25719708491228	8.971053463157896	0.0	0.0	3	0.9924431227991681	27.375228711354072	138.0	31	1.05	0.95				
	305	1	42.462986392280705	8.372983232280703	0.0	0.0	3	1.0097952717378817	25.294302550348185	138.0	31	1.05	0.95				
	306	1	81.33755139929826	16.745966464561405	0.0	-100.0	3	1.0207618771761957	24.34399441778676	138.0	32	1.05	0.95				
	307	2	74.75877885964913	14.951755771929825	0.0	0.0	3	0.9662273809864251	21.1298315262328	138.0	32	1.05	0.95				
	308	1	102.27000948	20.932458080701753	0.0	0.0	3	0.9767531646895279	23.946176858002296	138.0	32	1.05	0.95				
	309	1	104.66229040350879	21.530528311578948	0.0	0.0	3	1.005291252528702	31.539410061254703	138.0	33	1.05	0.95				
	310	1	116.62369502105263	23.922809235087723	0.0	0.0	3	1.032835818416246	26.800709915039906	138.0	33	1.05	0.95				
	311	1	0.0	0.0	0.0	0.0	3	0.9949757987279914	31.722310273874847	230.0	33	1.05	0.95				
	312	1	0.0	0.0	0.0	0.0	3	1.0012979552481664	32.1404937639767	230.0	33	1.05	0.95				
	313	2	158.48861118245614	32.29579246736842	0.0	0.0	3	1.0053455859654608	35.5681050923762	230.0	34	1.05	0.95				
	314	2	116.02562479017544	23.324739004210528	0.0	0.0	3	0.9887602207141206	30.955790450636695	230.0	36	1.05	0.95				
	315	2	189.5882631880702	38.27649477614035	0.0	0.0	3	0.9878850827888273	29.047433524504996	230.0	36	1.05	0.95				
	316	2	59.8070230877193	11.961404617543861	0.0	0.0	3	0.9808445132111684	29.50875126422856	230.0	36	1.05	0.95				
	317	1	0.0	0.0	0.0	0.0	3	0.993884558640152	31.176766809156387	230.0	37	1.05	0.95				
	318	2	199.15738688210527	40.66877569964913	0.0	0.0	3	0.9878988036674772	27.42363043627664	230.0	37	1.05	0.95				
	319	1	108.25071178877195	22.12859854245614	0.0	0.0	3	0.9896274683619497	29.519073082687342	230.0	35	1.05	0.95				
	320	1	76.5529895522807	15.549826002807018	0.0	0.0	3	0.9995033442544691	29.467483390633717	230.0	35	1.05	0.95				
	321	2	0.0	0.0	0.0	0.0	3	0.9960202941278998	28.414762412667816	230.0	37	1.05	0.95				
	322	2	0.0	0.0	0.0	0.0	3	1.0127068924851295	32.11060182459392	230.0	37	1.05	0.95				
	323	2	0.0	0.0	0.0	0.0	3	1.0049651044438255	29.321457587270224	230.0	35	1.05	0.95				
	324	1	0.0	0.0	0.0	0.0	3	0.9965140529060555	34.84929998079378	230.0	36	1.05	0.95				
