%% MATPOWER Case Format : Version 2
function mpc = RTS_GMLC
mpc.version = '2';

%%-----  Power Flow Data  -----%%
%% system MVA base
mpc.baseMVA = 100.0;
%% bus data
%    bus_i    type    Pd    Qd    Gs    Bs    area    Vm    Va    baseKV    zone    Vmax    Vmin
mpc.bus = [
	101	2	44.58139533473685	9.081395345964912	0.0	0.0	1	1.0360317778864783	2.824630474846163	138.0	11	1.05	0.95				
	102	2	40.040697661754386	8.255813950877194	0.0	0.0	1	1.0356273490979149	2.694074713334314	138.0	12	1.05	0.95				
	103	1	74.30232555789475	15.273255809122807	0.0	0.0	1	1.0296792758513829	0.24319824090536613	138.0	11	1.05	0.95				
	104	1	30.546511618245614	6.191860463157894	0.0	0.0	1	1.0227285464260307	-0.7269645303343579	138.0	11	1.05	0.95				
	105	1	29.308139525614035	5.779069765614036	0.0	0.0	1	1.0372308172653975	-0.45324165888504125	138.0	11	1.05	0.95				
	106	1	56.13953486596491	11.558139531228072	0.0	-100.0	1	1.0463225529610354	-2.718021141579996	138.0	12	1.05	0.95				
	107	2	51.59883719298246	10.319767438596491	0.0	0.0	1	1.0009376036212652	-7.6881223420911615	138.0	12	1.05	0.95				
	108	1	70.58720928	14.447674414035086	0.0	0.0	1	1.0054790908863895	-6.640781128939258	138.0	12	1.05	0.95				
	109	1	72.23837207017544	14.860465111578947	0.0	0.0	1	1.0249532057299862	-1.8630771971555236	138.0	13	1.05	0.95				
	110	1	80.49418602105263	16.511627901754387	0.0	0.0	1	1.05	-2.4852039403692596	138.0	13	1.05	0.95				
	111	1	0.0	0.0	0.0	0.0	1	1.002940659161384	-0.30801237257896524	230.0	13	1.05	0.95				
	112	1	0.0	0.0	0.0	0.0	1	1.0081749022252717	0.15985333058301662	230.0	13	1.05	0.95				
	113	3	109.38953484912281	22.290697667368423	0.0	0.0	1	0.9944280541132499	1.344884708476477e-28	230.0	14	1.05	0.95				
	114	2	80.08139532350877	16.09883720421053	0.0	0.0	1	0.9987548734587081	1.4214951594180727	230.0	16	1.05	0.95				
	115	2	130.85465112140352	26.41860464280702	0.0	0.0	1	1.038614917593357	6.429815981280013	230.0	16	1.05	0.95				
	116	2	41.279069754385965	8.255813950877194	0.0	0.0	1	1.0337793251524083	6.226579324815256	230.0	16	1.05	0.95				
	117	1	0.0	0.0	0.0	0.0	1	1.0423893422881365	7.66043273396736	230.0	17	1.05	0.95				
	118	2	137.45930228210528	28.069767432982456	0.0	0.0	1	1.0452311848449198	7.501079799691956	230.0	17	1.05	0.95				
	119	1	74.7151162554386	15.273255809122807	0.0	0.0	1	1.0270550309437592	5.47964668707589	230.0	15	1.05	0.95				
	120	1	52.83720928561404	10.732558136140351	0.0	0.0	1	1.0239391315846529	5.6314195266634375	230.0	15	1.05	0.95				
	121	2	0.0	0.0	0.0	0.0	1	1.05	8.291616325496513	230.0	17	1.05	0.95				
	122	2	0.0	0.0	0.0	0.0	1	1.05	14.65420867484644	230.0	17	1.05	0.95				
	123	2	0.0	0.0	0.0	0.0	1	1.0227413446406757	6.0367231697645956	230.0	15	1.05	0.95				
	124	1	0.0	0.0	0.0	0.0	1	1.0268521298411795	4.116694050153717	230.0	16	1.05	0.95				
	201	2	47.58255943578947	9.692743588771929	0.0	0.0	2	1.0310258471721376	-5.286395901982294	138.0	21	1.05	0.95				
	202	2	42.736187641403504	8.811585080701754	0.0	0.0	2	1.031445225640083	-5.237427813540608	138.0	22	1.05	0.95				
	203	1	79.30426572631578	16.301432399298243	0.0	0.0	2	1.018906899492578	-5.854998131476648	138.0	21	1.05	0.95				
	204	1	32.602864798596485	6.608688810526315	0.0	0.0	2	1.019750562078577	-7.6251914221338	138.0	21	1.05	0.95				
	205	1	31.281127036491224	6.1681095564912285	0.0	0.0	2	1.0349227387077113	-7.6699208076185705	138.0	21	1.05	0.95				
	206	1	59.91877854877193	12.336219112982457	0.0	-100.0	2	1.0451077236458264	-9.422616270123417	138.0	22	1.05	0.95				
	207	2	55.07240675438596	11.014481350877192	0.0	0.0	2	0.9895631770783583	-16.145950872006118	138.0	22	1.05	0.95				
	208	1	75.33905243999999	15.420273891228067	0.0	0.0	2	0.9963799784911258	-14.152795746632881	138.0	22	1.05	0.95				
	209	1	77.10136945614035	15.860853145263157	0.0	0.0	2	1.0230036263832731	-7.784022085869437	138.0	23	1.05	0.95				
	210	1	85.91295453684211	17.623170161403507	0.0	0.0	2	1.05	-8.68733518358033	138.0	23	1.05	0.95				
	211	1	0.0	0.0	0.0	0.0	2	1.0050195120929115	-5.208452393789696	230.0	23	1.05	0.95				
	212	1	0.0	0.0	0.0	0.0	2	1.0093143677810565	-4.723266690580575	230.0	23	1.05	0.95				
	213	2	116.75350231929824	23.791279717894735	0.0	0.0	2	0.9986247851399568	-4.4232357483476985	230.0	24	1.05	0.95				
	214	2	85.47237528280701	17.182590907368418	0.0	0.0	2	1.0054420368997694	-2.75358751082298	230.0	26	1.05	0.95				
	215	2	139.6636235291228	28.197072258245615	0.0	0.0	2	1.0268089805947191	3.404727188934659	230.0	26	1.05	0.95				
	216	2	44.05792540350877	8.811585080701754	0.0	0.0	2	1.0283157754161378	3.3506958931456228	230.0	26	1.05	0.95				
	217	1	0.0	0.0	0.0	0.0	2	1.0336349321916787	5.847472636827711	230.0	27	1.05	0.95				
	218	2	146.71289159368422	29.959389274385966	0.0	0.0	2	1.0350456729790845	6.275477509405378	230.0	27	1.05	0.95				
	219	1	79.74484498035088	16.301432399298243	0.0	0.0	2	1.0282194183772273	2.425032648805418	230.0	25	1.05	0.95				
	220	1	56.39414451649123	11.45506060491228	0.0	0.0	2	1.0312289828312704	2.478133465674814	230.0	25	1.05	0.95				
	221	2	0.0	0.0	0.0	0.0	2	1.0351829186394363	6.080777301325085	230.0	27	1.05	0.95				
	222	2	0.0	0.0	0.0	0.0	2	1.05	12.486359243234133	230.0	27	1.05	0.95				
	223	2	0.0	0.0	0.0	0.0	2	1.0334923314264008	2.8415243300818904	230.0	25	1.05	0.95				
	224	1	0.0	0.0	0.0	0.0	2	1.0123839926101281	-0.07070873964512528	230.0	26	1.05	0.95				
	301	2	54.9054096631579	11.184435301754386	0.0	0.0	3	1.010037405190291	-25.045400635997055	138.0	31	1.05	0.95				
	302	2	49.3131920122807	10.167668456140351	0.0	0.0	3	1.0091880207483925	-25.242405093125896	138.0	32	1.05	0.95				
	303	1	91.50901610526316	18.81018664385965	0.0	0.0	3	1.034243609088161	-16.41449216061987	138.0	31	1.05	0.95				
	304	1	37.6203732877193	7.6257513421052625	0.0	0.0	3	1.00976782427828	-23.7052840292927	138.0	31	1.05	0.95				
	305	1	36.095223019298246	7.117367919298247	0.0	0.0	3	1.0234217502847165	-24.782954565614407	138.0	31	1.05	0.95				
	306	1	69.14014550175439	14.234735838596494	0.0	-100.0	3	1.0384157744388145	-25.222082431789815	138.0	32	1.05	0.95				
	307	2	63.547927850877194	12.709585570175438	0.0	0.0	3	0.9922029904854849	-30.900462140311202	138.0	32	1.05	0.95				
	308	1	86.9335653	17.793419798245612	0.0	0.0	3	0.9957462317547041	-28.53778789235257	138.0	32	1.05	0.95				
	309	1	88.96709899122807	18.30180322105263	0.0	0.0	3	1.0269310227830521	-20.371419613961205	138.0	33	1.05	0.95				
	310	1	99.13476744736842	20.335336912280702	0.0	0.0	3	1.05	-22.88637867519978	138.0	33	1.05	0.95				
	311	1	0.0	0.0	0.0	0.0	3	1.0132667764184693	-16.523718268315086	230.0	33	1.05	0.95				
	312	1	0.0	0.0	0.0	0.0	3	1.014596722112491	-15.998812586953807	230.0	33	1.05	0.95				
	313	2	134.72160704385965	27.45270483157895	0.0	0.0	3	1.0164863232145784	-13.08319894655291	230.0	34	1.05	0.95				
	314	2	98.6263840245614	19.826953489473684	0.0	0.0	3	1.019541387461353	-14.391233148084785	230.0	36	1.05	0.95				
	315	2	161.15754502982455	32.53653905964912	0.0	0.0	3	1.0413617444036152	-8.77997043433153	230.0	36	1.05	0.95				
	316	2	50.83834228070175	10.167668456140351	0.0	0.0	3	1.040955670531522	-8.329700734136676	230.0	36	1.05	0.95				
	317	1	0.0	0.0	0.0	0.0	3	1.044429636308147	-6.185266937515859	230.0	37	1.05	0.95				
	318	2	169.29167979473684	34.570072750877195	0.0	0.0	3	1.043341554639805	-6.10431623187658	230.0	37	1.05	0.95				
	319	1	92.01739952807017	18.81018664385965	0.0	0.0	3	1.037179254595141	-9.381814062940162	230.0	35	1.05	0.95				
	320	1	65.07307811929824	13.217968992982456	0.0	0.0	3	1.0377546693792827	-9.329735773372878	230.0	35	1.05	0.95				
	321	2	0.0	0.0	0.0	0.0	3	1.0451466579619504	-5.956805336469408	230.0	37	1.05	0.95				
	322	2	0.0	0.0	0.0	0.0	3	1.05	-1.714821511097648	230.0	37	1.05	0.95				
	323	2	0.0	0.0	0.0	0.0	3	1.0389732354024706	-8.920376538529796	230.0	35	1.05	0.95				
	324	1	0.0	0.0	0.0	0.0	3	1.0288431787727903	-11.645293173547891	230.0	36	1.05	0.95				
	325	1	0.0	0.0	0.0	0.0	3	1.0341922738101532	-7.495436001728841	230.0	35	1.05	0.95				
];
