%% MATPOWER Case Format : Version 2
function mpc = RTS_GMLC
mpc.version = '2';

%%-----  Power Flow Data  -----%%
%% system MVA base
mpc.baseMVA = 100.0;
%% bus data
%    bus_i    type    Pd    Qd    Gs    Bs    area    Vm    Va    baseKV    zone    Vmax    Vmin
mpc.bus = [
	101	2	40.65363682105264	8.281296389473686	0.0	0.0	1	1.039978861002943	2.327928738706714	138.0	11	1.05	0.95				
	102	2	36.512988626315796	7.528451263157897	0.0	0.0	1	1.039175037811543	2.0551748295504595	138.0	12	1.05	0.95				
	103	1	67.75606136842106	13.927634836842106	0.0	0.0	1	1.0216082717050332	1.4112469098616625	138.0	11	1.05	0.95				
	104	1	27.855269673684212	5.6463384473684215	0.0	0.0	1	1.0233672915191998	-0.9575924031855183	138.0	11	1.05	0.95				
	105	1	26.72600198421053	5.269915884210528	0.0	0.0	1	1.0398407813040762	-0.7828393381262316	138.0	11	1.05	0.95				
	106	1	51.1934685894737	10.539831768421056	0.0	-100.0	1	1.0483703250914782	-2.9670123454259865	138.0	12	1.05	0.95				
	107	2	47.05282039473685	9.41056407894737	0.0	0.0	1	1.002136513571854	-9.970727111962665	138.0	12	1.05	0.95				
	108	1	64.36825830000001	13.174789710526316	0.0	0.0	1	1.0054550129032904	-7.898292732794914	138.0	12	1.05	0.95				
	109	1	65.87394855263159	13.551212273684213	0.0	0.0	1	1.0215389951790042	-1.9140042303270477	138.0	13	1.05	0.95				
	110	1	73.4023998157895	15.056902526315794	0.0	0.0	1	1.05	-2.7723913179492814	138.0	13	1.05	0.95				
	111	1	0.0	0.0	0.0	0.0	1	0.9988381773960475	-0.026411923046676507	230.0	13	1.05	0.95				
	112	1	0.0	0.0	0.0	0.0	1	1.0046667815310504	-0.6027320428707255	230.0	13	1.05	0.95				
	113	3	99.75197923684212	20.32681841052632	0.0	0.0	1	0.9933325041238801	2.672912599543945e-30	230.0	14	1.05	0.95				
	114	2	73.02597725263159	14.680479963157897	0.0	0.0	1	0.9910764416049419	2.4361516766590414	230.0	16	1.05	0.95				
	115	2	119.32595252105264	24.091044042105267	0.0	0.0	1	1.0126403818129932	9.59600348469727	230.0	16	1.05	0.95				
	116	2	37.64225631578948	7.528451263157897	0.0	0.0	1	1.0106262708616556	8.18863781216418	230.0	16	1.05	0.95				
	117	1	0.0	0.0	0.0	0.0	1	1.0169070215814335	12.554461319600714	230.0	17	1.05	0.95				
	118	2	125.34871353157897	25.59673429473685	0.0	0.0	1	1.0194676518031904	13.208210708171348	230.0	17	1.05	0.95				
	119	1	68.13248393157896	13.927634836842106	0.0	0.0	1	1.004304188719555	5.13764473810809	230.0	15	1.05	0.95				
	120	1	48.182088084210534	9.786986642105266	0.0	0.0	1	1.0031675947927423	3.236914395344746	230.0	15	1.05	0.95				
	121	2	0.0	0.0	0.0	0.0	1	1.0199483083245755	14.737960904271773	230.0	17	1.05	0.95				
	122	2	0.0	0.0	0.0	0.0	1	1.05	24.9587009284837	230.0	17	1.05	0.95				
	123	2	0.0	0.0	0.0	0.0	1	1.003095466167102	2.4936708170539723	230.0	15	1.05	0.95				
	124	1	0.0	0.0	0.0	0.0	1	1.0058669576767365	6.469156689571895	230.0	16	1.05	0.95				
	201	2	40.64662364210526	8.279867778947368	0.0	0.0	2	1.0105070354926564	-15.226348426177744	138.0	21	1.05	0.95				
	202	2	36.50668975263158	7.527152526315789	0.0	0.0	2	1.0096615590690166	-15.520499352505347	138.0	22	1.05	0.95				
	203	1	67.74437273684211	13.92523217368421	0.0	0.0	2	1.01434342079962	-11.108152471053952	138.0	21	1.05	0.95				
	204	1	27.85046434736842	5.645364394736842	0.0	0.0	2	1.0110505970423407	-15.25793305058298	138.0	21	1.05	0.95				
	205	1	26.721391468421054	5.269006768421053	0.0	0.0	2	1.0257330127790003	-15.702700958131002	138.0	21	1.05	0.95				
	206	1	51.18463717894737	10.538013536842106	0.0	-100.0	2	1.04234675956786	-16.456497682630456	138.0	22	1.05	0.95				
	207	2	47.04470328947368	9.408940657894735	0.0	0.0	2	0.993265352838183	-20.881413899342164	138.0	22	1.05	0.95				
	208	1	64.35715409999999	13.17251692105263	0.0	0.0	2	1.0010421858503196	-19.224221897609354	138.0	22	1.05	0.95				
	209	1	65.86258460526315	13.54887454736842	0.0	0.0	2	1.0226744765322195	-13.477406789592646	138.0	23	1.05	0.95				
	210	1	73.38973713157894	15.054305052631578	0.0	0.0	2	1.05	-14.962900463441258	138.0	23	1.05	0.95				
	211	1	0.0	0.0	0.0	0.0	2	1.004413884894121	-10.68986888498006	230.0	23	1.05	0.95				
	212	1	0.0	0.0	0.0	0.0	2	1.0107176382409149	-10.133636251395949	230.0	23	1.05	0.95				
	213	2	99.7347709736842	20.32331182105263	0.0	0.0	2	1.003044023607635	-9.540263860573768	230.0	24	1.05	0.95				
	214	2	73.01337950526316	14.677947426315788	0.0	0.0	2	1.0017048537776054	-8.034984847601393	230.0	26	1.05	0.95				
	215	2	119.30536754210526	24.086888084210525	0.0	0.0	2	1.0177069810004897	-1.5797926968183322	230.0	26	1.05	0.95				
	216	2	37.63576263157894	7.527152526315789	0.0	0.0	2	1.0198102698681681	-2.0185923176387095	230.0	26	1.05	0.95				
	217	1	0.0	0.0	0.0	0.0	2	1.0214689492746496	-0.23508658518767478	230.0	27	1.05	0.95				
	218	2	125.3270895631579	25.592318589473685	0.0	0.0	2	1.0210765344494912	-0.6561580528488679	230.0	27	1.05	0.95				
	219	1	68.12073036315789	13.92523217368421	0.0	0.0	2	1.0260353386292125	-2.5753527384444315	230.0	25	1.05	0.95				
	220	1	48.17377616842105	9.785298284210526	0.0	0.0	2	1.0337111435734478	-2.318559679116913	230.0	25	1.05	0.95				
	221	2	0.0	0.0	0.0	0.0	2	1.0235115378134376	-0.1567021191469976	230.0	27	1.05	0.95				
	222	2	0.0	0.0	0.0	0.0	2	1.0450731596922103	6.365120199605023	230.0	27	1.05	0.95				
	223	2	0.0	0.0	0.0	0.0	2	1.0382745292923512	-1.8953095603854362	230.0	25	1.05	0.95				
	224	1	0.0	0.0	0.0	0.0	2	1.0047777644999618	-5.173027182038517	230.0	26	1.05	0.95				
	301	2	46.722556155789476	9.517557735438597	0.0	0.0	3	1.0397439541636155	7.17279607711717	138.0	31	1.05	0.95				
	302	2	41.963777288070176	8.65232521403509	0.0	0.0	3	1.036084276420197	6.84586603616591	138.0	32	1.05	0.95				
	303	1	77.8709269263158	16.006801645964913	0.0	0.0	3	1.05	22.503611651574687	138.0	31	1.05	0.95				
	304	1	32.013603291929826	6.489243910526316	0.0	0.0	3	1.0191929708636986	8.280874707148335	138.0	31	1.05	0.95				
	305	1	30.71575450982456	6.056627649824562	0.0	0.0	3	1.0395391979655193	5.712138298180433	138.0	31	1.05	0.95				
	306	1	58.8358114554386	12.113255299649124	0.0	-100.0	3	1.0465194471660793	4.367399326566952	138.0	32	1.05	0.95				
	307	2	54.0770325877193	10.81540651754386	0.0	0.0	3	0.95	2.005890400905923	138.0	32	1.05	0.95				
	308	1	73.97738058	15.141569124561402	0.0	0.0	3	0.972810024004541	3.349399122530268	138.0	32	1.05	0.95				
	309	1	75.70784562280703	15.574185385263158	0.0	0.0	3	1.0188216070222762	11.26531684330944	138.0	33	1.05	0.95				
	310	1	84.3601708368421	17.30465042807018	0.0	0.0	3	1.0493873893517014	5.590235957056878	138.0	33	1.05	0.95				
	311	1	0.0	0.0	0.0	0.0	3	1.0049526140984053	8.89860115670062	230.0	33	1.05	0.95				
	312	1	0.0	0.0	0.0	0.0	3	1.010382130718521	9.622551955342336	230.0	33	1.05	0.95				
	313	2	114.64330908596492	23.361278077894738	0.0	0.0	3	1.0062591350556174	11.142694222895184	230.0	34	1.05	0.95				
	314	2	83.92755457614035	16.872034167368422	0.0	0.0	3	0.9966161708089024	7.515868394375502	230.0	36	1.05	0.95				
	315	2	137.13935464245614	27.687440684912286	0.0	0.0	3	1.0437608277794688	8.703878155849194	230.0	36	1.05	0.95				
	316	2	43.26162607017544	8.65232521403509	0.0	0.0	3	1.0253907878846642	8.211159112401614	230.0	36	1.05	0.95				
	317	1	0.0	0.0	0.0	0.0	3	1.0456740945626402	9.741318595998498	230.0	37	1.05	0.95				
	318	2	144.06121481368422	29.4179057277193	0.0	0.0	3	1.05	8.106952445838248	230.0	37	1.05	0.95				
	319	1	78.30354318701755	16.006801645964913	0.0	0.0	3	1.0167566227660598	8.07540566652812	230.0	35	1.05	0.95				
	320	1	55.37488136982457	11.248022778245614	0.0	0.0	3	1.0122407503679802	8.818681978635512	230.0	35	1.05	0.95				
	321	2	0.0	0.0	0.0	0.0	3	1.05	8.877946424247641	230.0	37	1.05	0.95				
	322	2	0.0	0.0	0.0	0.0	3	1.05	13.558619966395982	230.0	37	1.05	0.95				
	323	2	0.0	0.0	0.0	0.0	3	1.0105763935018466	9.5749436630583	230.0	35	1.05	0.95				
	324	1	0.0	0.0	0.0	0.0	3	1.0414086275338816	13.981656222600582	230.0	36	1.05	0.95				
	325	1	0.0	0.0	0.0	0.0	3	1.0110198964895085	10.013687215293684	230.0	35	1.05	0.95				
];
