%% MATPOWER Case Format : Version 2
function mpc = RTS_GMLC
mpc.version = '2';

%%-----  Power Flow Data  -----%%
%% system MVA base
mpc.baseMVA = 100.0;
%% bus data
%    bus_i    type    Pd    Qd    Gs    Bs    area    Vm    Va    baseKV    zone    Vmax    Vmin
mpc.bus = [
	101	2	50.86046512421053	10.360465117894737	0.0	0.0	1	1.007014351399385	-8.704807221258164	138.0	11	1.05	0.95				
	102	2	45.680232565263154	9.41860465263158	0.0	0.0	1	1.0072057491932154	-8.913708345941359	138.0	12	1.05	0.95				
	103	1	84.76744187368422	17.424418607368423	0.0	0.0	1	1.0101312525753938	-0.11587172235202124	138.0	11	1.05	0.95				
	104	1	34.84883721473685	7.063953489473684	0.0	0.0	1	1.001680500802471	-7.618026811479091	138.0	11	1.05	0.95				
	105	1	33.436046516842104	6.593023256842106	0.0	0.0	1	1.0172593272908013	-8.626593525693806	138.0	11	1.05	0.95				
	106	1	64.04651163789474	13.186046513684213	0.0	-100.0	1	1.0308109063357846	-9.142881673056396	138.0	12	1.05	0.95				
	107	2	58.86627907894737	11.773255815789474	0.0	0.0	1	0.9906474719822534	-11.07826865651969	138.0	12	1.05	0.95				
	108	1	80.52906978	16.482558142105262	0.0	0.0	1	0.9927197415528576	-10.36160044593347	138.0	12	1.05	0.95				
	109	1	82.41279071052632	16.953488374736843	0.0	0.0	1	1.0121623490672282	-4.596298886341986	138.0	13	1.05	0.95				
	110	1	91.8313953631579	18.83720930526316	0.0	0.0	1	1.0394516944620995	-7.00678215960067	138.0	13	1.05	0.95				
	111	1	0.0	0.0	0.0	0.0	1	1.0007170883785514	-0.8668638553321535	230.0	13	1.05	0.95				
	112	1	0.0	0.0	0.0	0.0	1	0.9957979341935494	-1.8570609229043251	230.0	13	1.05	0.95				
	113	3	124.79651164736842	25.430232562105264	0.0	0.0	1	0.9827793529482789	5.431106414313762e-32	230.0	14	1.05	0.95				
	114	2	91.36046513052631	18.36627907263158	0.0	0.0	1	1.0248926520446788	3.2938504343102064	230.0	16	1.05	0.95				
	115	2	149.2848837442105	30.139534888421053	0.0	0.0	1	1.0219109685296024	14.198235070739882	230.0	16	1.05	0.95				
	116	2	47.093023263157896	9.41860465263158	0.0	0.0	1	1.0204933709425184	12.323422561680852	230.0	16	1.05	0.95				
	117	1	0.0	0.0	0.0	0.0	1	1.0261955070498328	18.80707951458408	230.0	17	1.05	0.95				
	118	2	156.8197674663158	32.02325581894737	0.0	0.0	1	1.0371484151282204	19.753856527488804	230.0	17	1.05	0.95				
	119	1	85.2383721063158	17.424418607368423	0.0	0.0	1	1.0145069067909471	8.208612900595066	230.0	15	1.05	0.95				
	120	1	60.27906977684211	12.244186048421053	0.0	0.0	1	1.0157569689426402	5.090023601832947	230.0	15	1.05	0.95				
	121	2	0.0	0.0	0.0	0.0	1	1.0362312687344848	21.38319357541271	230.0	17	1.05	0.95				
	122	2	0.0	0.0	0.0	0.0	1	1.0440682551503044	37.72645237196736	230.0	17	1.05	0.95				
	123	2	0.0	0.0	0.0	0.0	1	1.017987997758126	3.7463369835823372	230.0	15	1.05	0.95				
	124	1	0.0	0.0	0.0	0.0	1	0.9994746019124836	8.840422939786837	230.0	16	1.05	0.95				
	201	2	47.32756177263158	9.640799620350878	0.0	0.0	2	1.0097498698741347	-8.940817891393085	138.0	21	1.05	0.95				
	202	2	42.50716196245614	8.76436329122807	0.0	0.0	2	1.0085209816805987	-9.133246860393157	138.0	22	1.05	0.95				
	203	1	78.87926962105263	16.214072088771932	0.0	0.0	2	0.9954423932836929	-7.196127404327068	138.0	21	1.05	0.95				
	204	1	32.428144177543864	6.573272468421052	0.0	0.0	2	0.9971064954951685	-8.118477890358506	138.0	21	1.05	0.95				
	205	1	31.113489683859648	6.13505430385965	0.0	0.0	2	1.013162294237127	-8.378467481995933	138.0	21	1.05	0.95				
	206	1	59.59767038035088	12.2701086077193	0.0	-100.0	2	1.0229156217437434	-8.60870100667609	138.0	22	1.05	0.95				
	207	2	54.77727057017544	10.955454114035087	0.0	0.0	2	0.9717668754651902	-14.148519204105689	138.0	22	1.05	0.95				
	208	1	74.93530614000001	15.337635759649121	0.0	0.0	2	0.9764173969016183	-12.053071956510243	138.0	22	1.05	0.95				
	209	1	76.68817879824562	15.775853924210526	0.0	0.0	2	1.001435709054284	-5.3997312212763	138.0	23	1.05	0.95				
	210	1	85.45254208947368	17.52872658245614	0.0	0.0	2	1.027714897592385	-6.3466536026483515	138.0	23	1.05	0.95				
	211	1	0.0	0.0	0.0	0.0	2	0.9845312210802915	-2.7315790148570147	230.0	23	1.05	0.95				
	212	1	0.0	0.0	0.0	0.0	2	0.9792815460209117	2.8366434969424605	230.0	23	1.05	0.95				
	213	2	116.12781360877192	23.66378088631579	0.0	0.0	2	0.9768533317974597	0.3706307112451866	230.0	24	1.05	0.95				
	214	2	85.01432392491228	17.090508417894736	0.0	0.0	2	0.9877729493409361	-2.1767732308901016	230.0	26	1.05	0.95				
	215	2	138.91515816596493	28.045962531929824	0.0	0.0	2	0.992872711578683	1.2687009112081227	230.0	26	1.05	0.95				
	216	2	43.82181645614035	8.76436329122807	0.0	0.0	2	0.9888867674782365	1.5964933244106856	230.0	26	1.05	0.95				
	217	1	0.0	0.0	0.0	0.0	2	1.0031248981707108	2.595854201364024	230.0	27	1.05	0.95				
	218	2	145.92664879894735	29.79883519017544	0.0	0.0	2	1.0031213401937549	2.0250598014606154	230.0	27	1.05	0.95				
	219	1	79.31748778561403	16.214072088771932	0.0	0.0	2	0.9733801521896377	3.258823657614462	230.0	25	1.05	0.95				
	220	1	56.09192506385965	11.39367227859649	0.0	0.0	2	0.964281795216407	5.69569509248286	230.0	25	1.05	0.95				
	221	2	0.0	0.0	0.0	0.0	2	1.0049556380802382	2.5808460905519777	230.0	27	1.05	0.95				
	222	2	0.0	0.0	0.0	0.0	2	1.0240655013398334	9.202655802965019	230.0	27	1.05	0.95				
	223	2	0.0	0.0	0.0	0.0	2	0.9612593807660984	7.439595463589336	230.0	25	1.05	0.95				
	224	1	0.0	0.0	0.0	0.0	2	0.9836049511322515	-1.9430627232843958	230.0	26	1.05	0.95				
	301	2	69.16988296421053	14.090161344561402	0.0	0.0	3	1.0027207006338572	40.21099915680383	138.0	31	1.05	0.95				
	302	2	62.124802291929825	12.809237585964913	0.0	0.0	3	1.0034431820669059	39.8155645206364	138.0	32	1.05	0.95				
	303	1	115.28313827368422	23.697089534035086	0.0	0.0	3	1.0133607462388294	55.80287127008182	138.0	31	1.05	0.95				
	304	1	47.39417906807017	9.606928189473683	0.0	0.0	3	0.9929479788343263	41.522249236015604	138.0	31	1.05	0.95				
	305	1	45.472793430175436	8.96646631017544	0.0	0.0	3	1.0118042500877247	39.94774553135447	138.0	31	1.05	0.95				
	306	1	87.10281558456141	17.93293262035088	0.0	-100.0	3	1.0235014085489744	39.06828743649297	138.0	32	1.05	0.95				
	307	2	80.0577349122807	16.01154698245614	0.0	0.0	3	0.9663942420506003	35.11934263404103	138.0	32	1.05	0.95				
	308	1	109.51898136	22.416165775438596	0.0	0.0	3	0.9772774957131507	38.140772987528244	138.0	32	1.05	0.95				
	309	1	112.08082887719297	23.056627654736843	0.0	0.0	3	1.007062202096273	45.640868885159065	138.0	33	1.05	0.95				
	310	1	124.8900664631579	25.618475171929827	0.0	0.0	3	1.0377897478774099	41.78447908135727	138.0	33	1.05	0.95				
	311	1	0.0	0.0	0.0	0.0	3	1.0002008096050057	47.05126993790666	230.0	33	1.05	0.95				
	312	1	0.0	0.0	0.0	0.0	3	1.011751594242019	47.29318770434605	230.0	33	1.05	0.95				
	313	2	169.7223980140351	34.584941482105265	0.0	0.0	3	1.0203324979208823	52.18645273675017	230.0	34	1.05	0.95				
	314	2	124.24960458385965	24.97801329263158	0.0	0.0	3	0.9909461374609548	45.860108539201434	230.0	36	1.05	0.95				
	315	2	203.02641573754389	40.98956027508772	0.0	0.0	3	0.9842926821187705	41.962953993444145	230.0	36	1.05	0.95				
	316	2	64.04618792982455	12.809237585964913	0.0	0.0	3	0.9796811108072827	42.37302245328106	230.0	36	1.05	0.95				
	317	1	0.0	0.0	0.0	0.0	3	0.9837023719776272	43.555828251493026	230.0	37	1.05	0.95				
	318	2	213.2738058063158	43.551407792280706	0.0	0.0	3	0.9730120174615629	39.398408526286154	230.0	37	1.05	0.95				
	319	1	115.92360015298246	23.697089534035086	0.0	0.0	3	1.0004386916545414	42.48983719430036	230.0	35	1.05	0.95				
	320	1	81.97912055017544	16.652008861754386	0.0	0.0	3	1.0205802034039295	42.36009544854831	230.0	35	1.05	0.95				
	321	2	0.0	0.0	0.0	0.0	3	0.9883445550531996	40.91900094089858	230.0	37	1.05	0.95				
	322	2	0.0	0.0	0.0	0.0	3	1.0067070860517267	46.32358245374666	230.0	37	1.05	0.95				
	323	2	0.0	0.0	0.0	0.0	3	1.0312235489884813	41.95109758550749	230.0	35	1.05	0.95				
	324	1	0.0	0.0	0.0	0.0	3	0.9933924200337891	49.28054563966229	230.0	36	1.05	0.95				
	325	1	0.0	0.0	0.0	0.0	3	1.0308932805601132	40.22051376385348	230.0	35	1.05	0.95				
];
