%% MATPOWER Case Format : Version 2
function mpc = RTS_GMLC
mpc.version = '2';

%%-----  Power Flow Data  -----%%
%% system MVA base
mpc.baseMVA = 100.0;
%% bus data
%    bus_i    type    Pd    Qd    Gs    Bs    area    Vm    Va    baseKV    zone    Vmax    Vmin
mpc.bus = [
	101	2	53.07817911157895	10.812221670877193	0.0	0.0	1	1.0314369971732988	-0.7640574944276144	138.0	11	1.05	0.95				
	102	2	47.672068276140344	9.829292428070174	0.0	0.0	1	1.0305044117581488	-1.0410330903943399	138.0	12	1.05	0.95				
	103	1	88.46363185263158	18.18419099192982	0.0	0.0	1	1.0274617202242733	-1.3059793604596468	138.0	11	1.05	0.95				
	104	1	36.36838198385964	7.371969321052631	0.0	0.0	1	1.0194041511167848	-3.683835991682915	138.0	11	1.05	0.95				
	105	1	34.893988119649116	6.880504699649123	0.0	0.0	1	1.0342088888137222	-3.5869122463288097	138.0	11	1.05	0.95				
	106	1	66.8391885108772	13.761009399298246	0.0	-100.0	1	1.043273659442137	-5.696328885869592	138.0	12	1.05	0.95				
	107	2	61.43307767543858	12.286615535087718	0.0	0.0	1	1.0007070650830525	-11.703048382549712	138.0	12	1.05	0.95				
	108	1	84.04045025999999	17.201261749122803	0.0	0.0	1	1.0021334676412164	-10.124237080579718	138.0	12	1.05	0.95				
	109	1	86.00630874561402	17.692726370526312	0.0	0.0	1	1.025091475696449	-3.846279237027536	138.0	13	1.05	0.95				
	110	1	95.8356011736842	19.658584856140347	0.0	0.0	1	1.05	-4.891824388098402	138.0	13	1.05	0.95				
	111	1	0.0	0.0	0.0	0.0	1	1.0069649094907496	-1.2151486968693688	230.0	13	1.05	0.95				
	112	1	0.0	0.0	0.0	0.0	1	1.0108292507637644	-0.954641755305845	230.0	13	1.05	0.95				
	113	3	130.23812467192982	26.539089555789474	0.0	0.0	1	1.0029100185501705	9.5501105512023e-27	230.0	14	1.05	0.95				
	114	2	95.34413655228069	19.16712023473684	0.0	0.0	1	1.0065956192174388	0.9846875592252655	230.0	16	1.05	0.95				
	115	2	155.79428498491225	31.453735769824558	0.0	0.0	1	1.040892906837942	7.6548061420163185	230.0	16	1.05	0.95				
	116	2	49.14646214035087	9.829292428070174	0.0	0.0	1	1.037121134685401	6.97104742363329	230.0	16	1.05	0.95				
	117	1	0.0	0.0	0.0	0.0	1	1.0428342881860433	9.683936277827787	230.0	17	1.05	0.95				
	118	2	163.6577189273684	33.4195942554386	0.0	0.0	1	1.0460198572178598	9.800888174957695	230.0	17	1.05	0.95				
	119	1	88.95509647403507	18.18419099192982	0.0	0.0	1	1.029860781189441	5.407217748459735	230.0	15	1.05	0.95				
	120	1	62.907471539649116	12.778080156491228	0.0	0.0	1	1.0275230915397755	4.988106470704152	230.0	15	1.05	0.95				
	121	2	0.0	0.0	0.0	0.0	1	1.0494369059023132	11.03633843379326	230.0	17	1.05	0.95				
	122	2	0.0	0.0	0.0	0.0	1	1.05	19.78602183852235	230.0	17	1.05	0.95				
	123	2	0.0	0.0	0.0	0.0	1	1.0270359221701517	5.13381807245	230.0	15	1.05	0.95				
	124	1	0.0	0.0	0.0	0.0	1	1.0245795513273268	4.311052178669145	230.0	16	1.05	0.95				
	201	2	52.13851722947369	10.620809065263158	0.0	0.0	2	1.02532894480549	-11.401921099872235	138.0	21	1.05	0.95				
	202	2	46.828112696842105	9.655280968421053	0.0	0.0	2	1.0263002885984318	-11.21437302538138	138.0	22	1.05	0.95				
	203	1	86.89752871578948	17.862269791578946	0.0	0.0	2	1.0172751009776566	-10.137446642066372	138.0	21	1.05	0.95				
	204	1	35.72453958315789	7.241460726315789	0.0	0.0	2	1.016997841432935	-12.73042301311614	138.0	21	1.05	0.95				
	205	1	34.27624743789474	6.758696677894738	0.0	0.0	2	1.0317253881077075	-13.062911773045487	138.0	21	1.05	0.95				
	206	1	65.65591058526317	13.517393355789476	0.0	-100.0	2	1.0429985265166781	-14.421570128433482	138.0	22	1.05	0.95				
	207	2	60.34550605263158	12.069101210526316	0.0	0.0	2	0.9909107120768628	-21.370112618749776	138.0	22	1.05	0.95				
	208	1	82.55265227999999	16.896741694736843	0.0	0.0	2	0.9954199850950496	-19.140907405605983	138.0	22	1.05	0.95				
	209	1	84.48370847368422	17.379505743157893	0.0	0.0	2	1.0233757368139336	-11.989942238606718	138.0	23	1.05	0.95				
	210	1	94.13898944210526	19.310561936842106	0.0	0.0	2	1.05	-13.200315890120763	138.0	23	1.05	0.95				
	211	1	0.0	0.0	0.0	0.0	2	1.0086078587523546	-8.843996274704232	230.0	23	1.05	0.95				
	212	1	0.0	0.0	0.0	0.0	2	1.0100361051270077	-7.945310903421222	230.0	23	1.05	0.95				
	213	2	127.93247283157893	26.069258614736846	0.0	0.0	2	1.0057162836580764	-7.472492976432189	230.0	24	1.05	0.95				
	214	2	93.65622539368421	18.827797888421053	0.0	0.0	2	1.0117489452730033	-6.212680275530431	230.0	26	1.05	0.95				
	215	2	153.03620334947368	30.896899098947365	0.0	0.0	2	1.0287161766482282	0.5346732617524127	230.0	26	1.05	0.95				
	216	2	48.276404842105265	9.655280968421053	0.0	0.0	2	1.0301012425460747	0.43993374818564535	230.0	26	1.05	0.95				
	217	1	0.0	0.0	0.0	0.0	2	1.0344767216975552	2.783568028241382	230.0	27	1.05	0.95				
	218	2	160.76042812421053	32.827955292631586	0.0	0.0	2	1.0347754965270102	2.745095804324808	230.0	27	1.05	0.95				
	219	1	87.38029276421054	17.862269791578946	0.0	0.0	2	1.0301923415772782	0.26228270564746087	230.0	25	1.05	0.95				
	220	1	61.79379819789473	12.55186525894737	0.0	0.0	2	1.0337592153594208	1.0400442194788606	230.0	25	1.05	0.95				
	221	2	0.0	0.0	0.0	0.0	2	1.0355090122204191	2.7891603892890644	230.0	27	1.05	0.95				
	222	2	0.0	0.0	0.0	0.0	2	1.05	9.2847100961331	230.0	27	1.05	0.95				
	223	2	0.0	0.0	0.0	0.0	2	1.0367256692011877	1.8288610511816576	230.0	25	1.05	0.95				
	224	1	0.0	0.0	0.0	0.0	2	1.0112691081609488	-3.4589813187338008	230.0	26	1.05	0.95				
	301	2	44.53590634105263	9.072129069473684	0.0	0.0	3	1.0105877428025278	-9.393955206988139	138.0	31	1.05	0.95				
	302	2	39.999841806315786	8.247390063157894	0.0	0.0	3	1.0103162112515778	-9.645687089820852	138.0	32	1.05	0.95				
	303	1	74.22651056842106	15.257671616842106	0.0	0.0	3	1.0426765259629043	0.14553668288364593	138.0	31	1.05	0.95				
	304	1	30.515343233684213	6.185542547368421	0.0	0.0	3	1.0118268778153223	-8.676568758408216	138.0	31	1.05	0.95				
	305	1	29.278234724210524	5.773173044210527	0.0	0.0	3	1.0252567121996314	-9.805154881854595	138.0	31	1.05	0.95				
	306	1	56.08225242947369	11.546346088421053	0.0	-100.0	3	1.0414814010250704	-10.541403878753327	138.0	32	1.05	0.95				
	307	2	51.54618789473684	10.309237578947368	0.0	0.0	3	0.9907675444690194	-14.875179207069031	138.0	32	1.05	0.95				
	308	1	70.51518503999999	14.432932610526313	0.0	0.0	3	0.9986621452632493	-13.0399057835536	138.0	32	1.05	0.95				
	309	1	72.16466305263157	14.845302113684209	0.0	0.0	3	1.0253861540618896	-6.186220203366327	138.0	33	1.05	0.95				
	310	1	80.41205311578948	16.49478012631579	0.0	0.0	3	1.05	-8.886220020549565	138.0	33	1.05	0.95				
	311	1	0.0	0.0	0.0	0.0	3	1.006987778991415	-4.275284189729628	230.0	33	1.05	0.95				
	312	1	0.0	0.0	0.0	0.0	3	1.0120137938611344	-3.722139181797176	230.0	33	1.05	0.95				
	313	2	109.2779183368421	22.267953170526315	0.0	0.0	3	1.0097703801055649	-1.221362011380027	230.0	34	1.05	0.95				
	314	2	79.99968361263157	16.082410623157894	0.0	0.0	3	1.001645609554604	-3.5707166200521714	230.0	36	1.05	0.95				
	315	2	130.7211325010526	26.391648202105262	0.0	0.0	3	1.0329408628606818	-0.07761159327440069	230.0	36	1.05	0.95				
	316	2	41.23695031578947	8.247390063157894	0.0	0.0	3	1.0292956168603675	-0.13555243724396987	230.0	36	1.05	0.95				
	317	1	0.0	0.0	0.0	0.0	3	1.039323836511873	2.8063870667379263	230.0	37	1.05	0.95				
	318	2	137.31904455157894	28.041126214736845	0.0	0.0	3	1.0374070447169852	1.7481927067112268	230.0	37	1.05	0.95				
	319	1	74.63888007157895	15.257671616842106	0.0	0.0	3	1.0236600505137252	-0.6534934006054665	230.0	35	1.05	0.95				
	320	1	52.783296404210525	10.721607082105262	0.0	0.0	3	1.021465620080677	-0.29596062405692214	230.0	35	1.05	0.95				
	321	2	0.0	0.0	0.0	0.0	3	1.037866508864827	1.708672138580344	230.0	37	1.05	0.95				
	322	2	0.0	0.0	0.0	0.0	3	1.0499999992033766	6.452083390265465	230.0	37	1.05	0.95				
	323	2	0.0	0.0	0.0	0.0	3	1.0208294882058706	0.223549602949092	230.0	35	1.05	0.95				
	324	1	0.0	0.0	0.0	0.0	3	1.0326772962302728	0.006773250467006422	230.0	36	1.05	0.95				
	325	1	0.0	0.0	0.0	0.0	3	1.0207866995418389	1.1555570206718426	230.0	35	1.05	0.95				
];
