%% MATPOWER Case Format : Version 2
function mpc = RTS_GMLC
mpc.version = '2';

%%-----  Power Flow Data  -----%%
%% system MVA base
mpc.baseMVA = 100.0;
%% bus data
%    bus_i    type    Pd    Qd    Gs    Bs    area    Vm    Va    baseKV    zone    Vmax    Vmin
mpc.bus = [
	101	2	38.28896586947369	7.799604158596492	0.0	0.0	1	0.9872362413797742	-5.991443723400622	138.0	11	1.05	0.95				
	102	2	34.389163790175445	7.09054923508772	0.0	0.0	1	0.9871285862325079	-6.162071035774963	138.0	12	1.05	0.95				
	103	1	63.81494311578948	13.117516084912282	0.0	0.0	1	1.0194601700707773	0.5939787403812056	138.0	11	1.05	0.95				
	104	1	26.235032169824564	5.31791192631579	0.0	0.0	1	1.0025105710824493	-5.368919842747516	138.0	11	1.05	0.95				
	105	1	25.171449784561407	4.963384464561404	0.0	0.0	1	1.0141000685189039	-6.169553776284356	138.0	11	1.05	0.95				
	106	1	48.2157347985965	9.926768929122808	0.0	-100.0	1	1.037471821456128	-6.72204018864894	138.0	12	1.05	0.95				
	107	2	44.315932719298246	8.86318654385965	0.0	0.0	1	0.989014404919311	-10.329697822157012	138.0	12	1.05	0.95				
	108	1	60.62419596	12.408461161403508	0.0	0.0	1	1.0000041885321653	-8.83845829689121	138.0	12	1.05	0.95				
	109	1	62.04230580701755	12.762988623157895	0.0	0.0	1	1.0252292409603798	-3.2551259694476546	138.0	13	1.05	0.95				
	110	1	69.13285504210526	14.18109847017544	0.0	0.0	1	1.05	-5.186207023474686	138.0	13	1.05	0.95				
	111	1	0.0	0.0	0.0	0.0	1	1.0183321992278414	-0.0770358490595175	230.0	13	1.05	0.95				
	112	1	0.0	0.0	0.0	0.0	1	1.0135422238964389	-1.274738381084533	230.0	13	1.05	0.95				
	113	3	93.94977736491228	19.144482934736846	0.0	0.0	1	1.0004100624682815	-2.7009404881981308e-30	230.0	14	1.05	0.95				
	114	2	68.77832758035089	13.826571008421054	0.0	0.0	1	1.0457665473699047	3.905025522807514	230.0	16	1.05	0.95				
	115	2	112.38520537614036	22.689757552280703	0.0	0.0	1	1.0382175940060479	13.73900013058473	230.0	16	1.05	0.95				
	116	2	35.4527461754386	7.09054923508772	0.0	0.0	1	1.0393243573873765	11.87459465619764	230.0	16	1.05	0.95				
	117	1	0.0	0.0	0.0	0.0	1	1.0377217649811112	18.07040748424976	230.0	17	1.05	0.95				
	118	2	118.05764476421055	24.10786739929825	0.0	0.0	1	1.0461687014402443	18.74566955403354	230.0	17	1.05	0.95				
	119	1	64.16947057754386	13.117516084912282	0.0	0.0	1	1.0354976124955755	7.545232127844624	230.0	15	1.05	0.95				
	120	1	45.379515104561406	9.217714005614036	0.0	0.0	1	1.0384720169292696	4.463674783453875	230.0	15	1.05	0.95				
	121	2	0.0	0.0	0.0	0.0	1	1.0392202720835777	20.295695528757296	230.0	17	1.05	0.95				
	122	2	0.0	0.0	0.0	0.0	1	1.05	38.28961206172973	230.0	17	1.05	0.95				
	123	2	0.0	0.0	0.0	0.0	1	1.0410706388856181	3.0429638747186525	230.0	15	1.05	0.95				
	124	1	0.0	0.0	0.0	0.0	1	1.0146204633525817	8.849691534658268	230.0	16	1.05	0.95				
	201	2	38.6746419031579	7.878167795087719	0.0	0.0	2	1.006157256643479	-14.089324192894534	138.0	21	1.05	0.95				
	202	2	34.73555800561403	7.161970722807018	0.0	0.0	2	1.0048601107730393	-14.363761242897068	138.0	22	1.05	0.95				
	203	1	64.45773650526316	13.249645837192983	0.0	0.0	2	1.0138201373887779	-10.636240006979246	138.0	21	1.05	0.95				
	204	1	26.499291674385965	5.371478042105263	0.0	0.0	2	1.0095827212576411	-14.176317896783587	138.0	21	1.05	0.95				
	205	1	25.424996065964912	5.013379505964913	0.0	0.0	2	1.0237644895242821	-14.559260575998549	138.0	21	1.05	0.95				
	206	1	48.701400915087724	10.026759011929826	0.0	-100.0	2	1.0416897428833352	-15.291553300229447	138.0	22	1.05	0.95				
	207	2	44.76231701754386	8.952463403508771	0.0	0.0	2	0.9892963723284466	-19.452039385871462	138.0	22	1.05	0.95				
	208	1	61.23484967999999	12.533448764912281	0.0	0.0	2	0.9995999461412712	-17.91045967735811	138.0	22	1.05	0.95				
	209	1	62.6672438245614	12.891547301052631	0.0	0.0	2	1.0232414065158384	-12.529918840567047	138.0	23	1.05	0.95				
	210	1	69.82921454736841	14.323941445614036	0.0	0.0	2	1.05	-13.866820559545083	138.0	23	1.05	0.95				
	211	1	0.0	0.0	0.0	0.0	2	1.0048668841548798	-9.864790837638767	230.0	23	1.05	0.95				
	212	1	0.0	0.0	0.0	0.0	2	1.0132672408873489	-9.153575158716468	230.0	23	1.05	0.95				
	213	2	94.89611207719297	19.33732095157895	0.0	0.0	2	1.0032770444445398	-8.568738481677514	230.0	24	1.05	0.95				
	214	2	69.47111601122806	13.965842909473682	0.0	0.0	2	1.0017791073309772	-7.538371694427546	230.0	26	1.05	0.95				
	215	2	113.51723595649122	22.918306312982455	0.0	0.0	2	1.026096970181552	-1.595700814489273	230.0	26	1.05	0.95				
	216	2	35.809853614035084	7.161970722807018	0.0	0.0	2	1.028999332945003	-2.19576503836961	230.0	26	1.05	0.95				
	217	1	0.0	0.0	0.0	0.0	2	1.0346549312513567	-0.18834699325853788	230.0	27	1.05	0.95				
	218	2	119.24681253473683	24.350700457543862	0.0	0.0	2	1.0329903066963277	-0.5872263197486441	230.0	27	1.05	0.95				
	219	1	64.81583504140352	13.249645837192983	0.0	0.0	2	1.0365204201347014	-2.2993898737687783	230.0	25	1.05	0.95				
	220	1	45.83661262596491	9.310561939649123	0.0	0.0	2	1.045014067288414	-1.7026770890150773	230.0	25	1.05	0.95				
	221	2	0.0	0.0	0.0	0.0	2	1.0334726410867956	-0.12723257195300805	230.0	27	1.05	0.95				
	222	2	0.0	0.0	0.0	0.0	2	1.05	6.345306181768363	230.0	27	1.05	0.95				
	223	2	0.0	0.0	0.0	0.0	2	1.05	-1.114091058053644	230.0	25	1.05	0.95				
	224	1	0.0	0.0	0.0	0.0	2	1.0102877669829418	-4.972869777669957	230.0	26	1.05	0.95				
	301	2	40.96551725052631	8.344827588070174	0.0	0.0	3	1.0149722595546464	18.08024663936955	138.0	31	1.05	0.95				
	302	2	36.793103456491224	7.586206898245614	0.0	0.0	3	1.0137005087341076	17.724958528031383	138.0	32	1.05	0.95				
	303	1	68.27586208421053	14.034482761754386	0.0	0.0	3	1.05	32.62570531774245	138.0	31	1.05	0.95				
	304	1	28.068965523508773	5.689655173684209	0.0	0.0	3	1.008781550502097	18.867593379589174	138.0	31	1.05	0.95				
	305	1	26.931034488771928	5.31034482877193	0.0	0.0	3	1.0244769377917768	16.325838151892587	138.0	31	1.05	0.95				
	306	1	51.586206908070174	10.62068965754386	0.0	-100.0	3	1.0376816552587327	14.864609918082675	138.0	32	1.05	0.95				
	307	2	47.41379311403509	9.482758622807017	0.0	0.0	3	0.95	12.040190793168126	138.0	32	1.05	0.95				
	308	1	64.86206897999999	13.275862071929822	0.0	0.0	3	0.9724753792514647	13.615869759964363	138.0	32	1.05	0.95				
	309	1	66.37931035964911	13.655172416842104	0.0	0.0	3	1.016029912521817	21.39539272351387	138.0	33	1.05	0.95				
	310	1	73.96551725789473	15.172413796491227	0.0	0.0	3	1.04327369364405	15.791997479298171	138.0	33	1.05	0.95				
	311	1	0.0	0.0	0.0	0.0	3	1.0037535017663135	18.951325226409164	230.0	33	1.05	0.95				
	312	1	0.0	0.0	0.0	0.0	3	1.0091735960562784	18.803295870847883	230.0	33	1.05	0.95				
	313	2	100.51724140175438	20.482758625263155	0.0	0.0	3	1.0024747090976782	18.595132986095987	230.0	34	1.05	0.95				
	314	2	73.58620691298245	14.793103451578945	0.0	0.0	3	0.9995101977457072	19.721839865614424	230.0	36	1.05	0.95				
	315	2	120.24137933719297	24.275862074385962	0.0	0.0	3	1.0484771194744729	23.559991601931255	230.0	36	1.05	0.95				
	316	2	37.93103449122807	7.586206898245614	0.0	0.0	3	1.0316804191066766	23.017442996723755	230.0	36	1.05	0.95				
	317	1	0.0	0.0	0.0	0.0	3	1.05	27.516088740936336	230.0	37	1.05	0.95				
	318	2	126.31034485578947	25.793103454035087	0.0	0.0	3	1.047811703457914	23.851743052660364	230.0	37	1.05	0.95				
	319	1	68.6551724291228	14.034482761754386	0.0	0.0	3	1.0231373583111456	21.079224898069352	230.0	35	1.05	0.95				
	320	1	48.551724148771925	9.862068967719297	0.0	0.0	3	1.0187520106977093	20.12278467566391	230.0	35	1.05	0.95				
	321	2	0.0	0.0	0.0	0.0	3	1.05	24.425505067553885	230.0	37	1.05	0.95				
	322	2	0.0	0.0	0.0	0.0	3	1.0499999483925715	29.98653184810108	230.0	37	1.05	0.95				
	323	2	0.0	0.0	0.0	0.0	3	1.016652440858702	19.892514826095397	230.0	35	1.05	0.95				
	324	1	0.0	0.0	0.0	0.0	3	1.0461427845343743	27.026154523001356	230.0	36	1.05	0.95				
	325	1	0.0	0.0	0.0	0.0	3	1.019326203980518	19.938540161993238	230.0	35	1.05	0.95				
];
