%% MATPOWER Case Format : Version 2
function mpc = RTS_GMLC
mpc.version = '2';

%%-----  Power Flow Data  -----%%
%% system MVA base
mpc.baseMVA = 100.0;
%% bus data
%    bus_i    type    Pd    Qd    Gs    Bs    area    Vm    Va    baseKV    zone    Vmax    Vmin
mpc.bus = [
	101	2	37.2068283031579	7.5791687284210525	0.0	0.0	1	1.0315054680149909	4.134585645197493	138.0	11	1.05	0.95				
	102	2	33.417243938947365	6.890153389473684	0.0	0.0	1	1.0306146234859708	3.874392153240775	138.0	12	1.05	0.95				
	103	1	62.01138050526316	12.746783770526315	0.0	0.0	1	1.0313262603290518	2.3267936282116053	138.0	11	1.05	0.95				
	104	1	25.49356754105263	5.167615042105264	0.0	0.0	1	1.0217098857725868	0.6570358889060217	138.0	11	1.05	0.95				
	105	1	24.460044532631578	4.82310737263158	0.0	0.0	1	1.035828673622613	0.9095713961029747	138.0	11	1.05	0.95				
	106	1	46.85304304842106	9.64621474526316	0.0	-100.0	1	1.0470674563640996	-1.3004460413519474	138.0	12	1.05	0.95				
	107	2	43.063458684210524	8.612691736842105	0.0	0.0	1	0.9997094366494444	-7.540217831192175	138.0	12	1.05	0.95				
	108	1	58.91081148	12.057768431578946	0.0	0.0	1	1.006204725417111	-5.793451460661792	138.0	12	1.05	0.95				
	109	1	60.28884215789474	12.402276101052632	0.0	0.0	1	1.024696221200081	-0.569045500574678	138.0	13	1.05	0.95				
	110	1	67.17899554736843	13.780306778947368	0.0	0.0	1	1.05	-1.2660299135480493	138.0	13	1.05	0.95				
	111	1	0.0	0.0	0.0	0.0	1	1.0018302710447597	0.7624429868417089	230.0	13	1.05	0.95				
	112	1	0.0	0.0	0.0	0.0	1	1.0072658873330236	0.6987668793096332	230.0	13	1.05	0.95				
	113	3	91.29453241052632	18.60341415157895	0.0	0.0	1	0.9907783740970192	1.095296549923122e-28	230.0	14	1.05	0.95				
	114	2	66.83448787789473	13.435799109473685	0.0	0.0	1	0.9989174331231692	3.239259084611677	230.0	16	1.05	0.95				
	115	2	109.20893122315789	22.04849084631579	0.0	0.0	1	1.0383890530562783	9.0246264561667	230.0	16	1.05	0.95				
	116	2	34.45076694736842	6.890153389473684	0.0	0.0	1	1.0344748734797629	8.630968920821642	230.0	16	1.05	0.95				
	117	1	0.0	0.0	0.0	0.0	1	1.041811524487628	11.422555941290835	230.0	17	1.05	0.95				
	118	2	114.72105393473684	23.42652152421053	0.0	0.0	1	1.0463717651238247	11.400515343646182	230.0	17	1.05	0.95				
	119	1	62.35588817473685	12.746783770526315	0.0	0.0	1	1.026981807799739	6.96254725040401	230.0	15	1.05	0.95				
	120	1	44.09698169263158	8.95719940631579	0.0	0.0	1	1.0228811218869105	6.172958184046556	230.0	15	1.05	0.95				
	121	2	0.0	0.0	0.0	0.0	1	1.05	12.17901365555716	230.0	17	1.05	0.95				
	122	2	0.0	0.0	0.0	0.0	1	1.05	22.859107081776042	230.0	17	1.05	0.95				
	123	2	0.0	0.0	0.0	0.0	1	1.0207519460478485	6.006738035387236	230.0	15	1.05	0.95				
	124	1	0.0	0.0	0.0	0.0	1	1.0268515812152221	6.512978295713082	230.0	16	1.05	0.95				
	201	2	44.57358727578948	9.079804815438596	0.0	0.0	2	1.0222718956844503	-10.128328572778743	138.0	21	1.05	0.95				
	202	2	40.03368486807018	8.254368014035089	0.0	0.0	2	1.0228262761663296	-10.058623921011224	138.0	22	1.05	0.95				
	203	1	74.28931212631579	15.270580825964913	0.0	0.0	2	1.015747950748128	-8.39471022927257	138.0	21	1.05	0.95				
	204	1	30.541161651929826	6.190776010526315	0.0	0.0	2	1.0163169205813536	-11.309817625705792	138.0	21	1.05	0.95				
	205	1	29.303006449824565	5.778057609824563	0.0	0.0	2	1.0311561869603783	-11.634201861993034	138.0	21	1.05	0.95				
	206	1	56.12970249543861	11.556115219649126	0.0	-100.0	2	1.04422047624381	-12.882329583927955	138.0	22	1.05	0.95				
	207	2	51.589800087719304	10.31796001754386	0.0	0.0	2	0.9928136410559797	-18.613500598563732	138.0	22	1.05	0.95				
	208	1	70.57484652	14.445144024561404	0.0	0.0	2	0.9992775381685092	-16.760038814202744	138.0	22	1.05	0.95				
	209	1	72.22572012280702	14.857862425263157	0.0	0.0	2	1.0224348847502112	-10.627846719795018	138.0	23	1.05	0.95				
	210	1	80.48008813684211	16.508736028070178	0.0	0.0	2	1.05	-11.829375477982516	138.0	23	1.05	0.95				
	211	1	0.0	0.0	0.0	0.0	2	1.0048227271624453	-8.078600852612942	230.0	23	1.05	0.95				
	212	1	0.0	0.0	0.0	0.0	2	1.008454486345356	-7.385113377482838	230.0	23	1.05	0.95				
	213	2	109.37037618596493	22.28679363789474	0.0	0.0	2	0.9998237996668744	-6.979993244326132	230.0	24	1.05	0.95				
	214	2	80.06736973614036	16.096017627368422	0.0	0.0	2	1.0044591593080607	-5.770281992974968	230.0	26	1.05	0.95				
	215	2	130.83173302245615	26.413977644912283	0.0	0.0	2	1.0204679879564835	0.17118886588496324	230.0	26	1.05	0.95				
	216	2	41.27184007017544	8.254368014035089	0.0	0.0	2	1.022723952405918	-0.001726522064713013	230.0	26	1.05	0.95				
	217	1	0.0	0.0	0.0	0.0	2	1.0272634459232572	1.9114927707590248	230.0	27	1.05	0.95				
	218	2	137.43522743368422	28.064851247719304	0.0	0.0	2	1.026573217374074	1.3221824750536133	230.0	27	1.05	0.95				
	219	1	74.70203052701756	15.270580825964913	0.0	0.0	2	1.0241554494988094	-0.34691402525767245	230.0	25	1.05	0.95				
	220	1	52.827955289824565	10.730678418245615	0.0	0.0	2	1.0280884308442784	0.16264309237143823	230.0	25	1.05	0.95				
	221	2	0.0	0.0	0.0	0.0	2	1.0281451822939296	1.7474524476239899	230.0	27	1.05	0.95				
	222	2	0.0	0.0	0.0	0.0	2	1.0499999397250925	8.302081045400193	230.0	27	1.05	0.95				
	223	2	0.0	0.0	0.0	0.0	2	1.0308483866392792	0.7566344638071677	230.0	25	1.05	0.95				
	224	1	0.0	0.0	0.0	0.0	2	1.008072663877352	-3.0535120659310833	230.0	26	1.05	0.95				
	301	2	50.85669092210527	10.35969629894737	0.0	0.0	3	1.0090217246434137	-21.477776100907064	138.0	31	1.05	0.95				
	302	2	45.67684277263158	9.41790572631579	0.0	0.0	3	1.0083252875678363	-21.65679853173268	138.0	32	1.05	0.95				
	303	1	84.76115153684212	17.42312559368421	0.0	0.0	3	1.0331679456805352	-13.72159954720832	138.0	31	1.05	0.95				
	304	1	34.84625118736842	7.063429294736842	0.0	0.0	3	1.0101270835121925	-20.259746155625376	138.0	31	1.05	0.95				
	305	1	33.433565328421054	6.592534008421054	0.0	0.0	3	1.0234535667573188	-21.211170146659605	138.0	31	1.05	0.95				
	306	1	64.04175893894738	13.185068016842107	0.0	-100.0	3	1.039306574595782	-21.61512918729477	138.0	32	1.05	0.95				
	307	2	58.86191078947369	11.772382157894738	0.0	0.0	3	0.9923126701779837	-26.820488950488414	138.0	32	1.05	0.95				
	308	1	80.52309396	16.481335021052633	0.0	0.0	3	0.9974158199649086	-24.664674846329472	138.0	32	1.05	0.95				
	309	1	82.40667510526318	16.95223030736842	0.0	0.0	3	1.026645899266462	-17.1907503908842	138.0	33	1.05	0.95				
	310	1	91.82458083157896	18.83581145263158	0.0	0.0	3	1.05	-19.42941127748821	138.0	33	1.05	0.95				
	311	1	0.0	0.0	0.0	0.0	3	1.0106284746053233	-13.576893645388987	230.0	33	1.05	0.95				
	312	1	0.0	0.0	0.0	0.0	3	1.013606838839115	-12.882933966865757	230.0	33	1.05	0.95				
	313	2	124.78725087368423	25.428345461052636	0.0	0.0	3	1.0136469681189533	-9.99399482743931	230.0	34	1.05	0.95				
	314	2	91.35368554526316	18.364916166315794	0.0	0.0	3	1.013197184563389	-11.905466311541417	230.0	36	1.05	0.95				
	315	2	149.27380576210527	30.137298324210533	0.0	0.0	3	1.0360401604145435	-7.39405433793587	230.0	36	1.05	0.95				
	316	2	47.08952863157895	9.41790572631579	0.0	0.0	3	1.036154416487236	-6.721857957483906	230.0	36	1.05	0.95				
	317	1	0.0	0.0	0.0	0.0	3	1.0415993957833478	-4.368183751599474	230.0	37	1.05	0.95				
	318	2	156.80813034315793	32.02087946947369	0.0	0.0	3	1.0388654554427115	-5.025735836743451	230.0	37	1.05	0.95				
	319	1	85.2320468231579	17.42312559368421	0.0	0.0	3	1.0340181031963058	-7.235975562709847	230.0	35	1.05	0.95				
	320	1	60.27459664842107	12.243277444210527	0.0	0.0	3	1.0354816238020002	-6.779283596224497	230.0	35	1.05	0.95				
	321	2	0.0	0.0	0.0	0.0	3	1.0397643381337567	-5.264817865016771	230.0	37	1.05	0.95				
	322	2	0.0	0.0	0.0	0.0	3	1.05	-0.5939743037076097	230.0	37	1.05	0.95				
	323	2	0.0	0.0	0.0	0.0	3	1.037118771308945	-6.173997099401221	230.0	35	1.05	0.95				
	324	1	0.0	0.0	0.0	0.0	3	1.0264499835328051	-9.777874611359195	230.0	36	1.05	0.95				
	325	1	0.0	0.0	0.0	0.0	3	1.0318095530811278	-4.655359490974405	230.0	35	1.05	0.95				
];
