%% MATPOWER Case Format : Version 2
function mpc = RTS_GMLC
mpc.version = '2';

%%-----  Power Flow Data  -----%%
%% system MVA base
mpc.baseMVA = 100.0;
%% bus data
%    bus_i    type    Pd    Qd    Gs    Bs    area    Vm    Va    baseKV    zone    Vmax    Vmin
mpc.bus = [
	101	2	42.92478970105263	8.743938642807016	0.0	0.0	1	1.05	8.116345383909364	138.0	11	1.05	0.95				
	102	2	38.55282037964912	7.949035129824561	0.0	0.0	1	1.0499723922465314	7.755606505515819	138.0	12	1.05	0.95				
	103	1	71.54131616842105	14.705714990175437	0.0	0.0	1	1.035218118085323	3.705790708705957	138.0	11	1.05	0.95				
	104	1	29.411429980350874	5.961776347368421	0.0	0.0	1	1.0311649270299084	3.270725810840314	138.0	11	1.05	0.95				
	105	1	28.21907471087719	5.564324590877193	0.0	0.0	1	1.042660724355853	3.1798496600388417	138.0	11	1.05	0.95				
	106	1	54.053438882807015	11.128649181754387	0.0	-100.0	1	1.048632236976483	-0.05517223446691358	138.0	12	1.05	0.95				
	107	2	49.68146956140351	9.936293912280702	0.0	0.0	1	1.0012383964858314	-7.841724171574101	138.0	12	1.05	0.95				
	108	1	67.96425036	13.910811477192981	0.0	0.0	1	1.005159841022179	-5.890237595844072	138.0	12	1.05	0.95				
	109	1	69.55405738596491	14.30826323368421	0.0	0.0	1	1.0250883979950016	-0.03695323744220299	138.0	13	1.05	0.95				
	110	1	77.50309251578946	15.898070259649122	0.0	0.0	1	1.05	-0.6667331791448109	138.0	13	1.05	0.95				
	111	1	0.0	0.0	0.0	0.0	1	1.0037918006731008	0.504429897845045	230.0	13	1.05	0.95				
	112	1	0.0	0.0	0.0	0.0	1	1.0090583604048684	0.3938032656690394	230.0	13	1.05	0.95				
	113	3	105.32471547017543	21.462394850526316	0.0	0.0	1	0.9943030180608065	-8.303613289380271e-30	230.0	14	1.05	0.95				
	114	2	77.10564075929824	15.500618503157895	0.0	0.0	1	0.9989093226372988	1.9112181666841583	230.0	16	1.05	0.95				
	115	2	125.9922068077193	25.436912415438595	0.0	0.0	1	1.035852074704233	6.880730756038853	230.0	16	1.05	0.95				
	116	2	39.74517564912281	7.949035129824561	0.0	0.0	1	1.0310999224514938	6.1941560182651205	230.0	16	1.05	0.95				
	117	1	0.0	0.0	0.0	0.0	1	1.0399468561058753	8.786280533139832	230.0	17	1.05	0.95				
	118	2	132.35143491157893	27.026719441403507	0.0	0.0	1	1.0434677717988403	9.169963343356912	230.0	17	1.05	0.95				
	119	1	71.93876792491228	14.705714990175437	0.0	0.0	1	1.022717734097041	4.549429342549143	230.0	15	1.05	0.95				
	120	1	50.87382483087719	10.333745668771929	0.0	0.0	1	1.0175209711261042	3.4108951781194614	230.0	15	1.05	0.95				
	121	2	0.0	0.0	0.0	0.0	1	1.0469710900959022	10.067660961068214	230.0	17	1.05	0.95				
	122	2	0.0	0.0	0.0	0.0	1	1.05	16.31888119561371	230.0	17	1.05	0.95				
	123	2	0.0	0.0	0.0	0.0	1	1.0150836922240776	3.0938299255593034	230.0	15	1.05	0.95				
	124	1	0.0	0.0	0.0	0.0	1	1.029686716250591	5.687450573620636	230.0	16	1.05	0.95				
	201	2	42.907602694736845	8.740437585964912	0.0	0.0	2	1.0195353490158385	-11.149743170678997	138.0	21	1.05	0.95				
	202	2	38.53738390175438	7.945852350877193	0.0	0.0	2	1.019511380922429	-11.213245439679389	138.0	22	1.05	0.95				
	203	1	71.51267115789473	14.699826849122807	0.0	0.0	2	1.0167173470937112	-8.477711449558512	138.0	21	1.05	0.95				
	204	1	29.399653698245615	5.959389263157894	0.0	0.0	2	1.0151796922662941	-11.9211222328506	138.0	21	1.05	0.95				
	205	1	28.20777584561403	5.5620966456140355	0.0	0.0	2	1.0300370327475727	-12.296136387278585	138.0	21	1.05	0.95				
	206	1	54.03179598596491	11.124193291228071	0.0	-100.0	2	1.0439954767063726	-13.37051816594104	138.0	22	1.05	0.95				
	207	2	49.661577192982456	9.932315438596492	0.0	0.0	2	0.9941446276752751	-18.59987618897221	138.0	22	1.05	0.95				
	208	1	67.9370376	13.905241614035086	0.0	0.0	2	1.0006887962750755	-16.82592223756884	138.0	22	1.05	0.95				
	209	1	69.52620807017543	14.302534231578948	0.0	0.0	2	1.0225277675182163	-10.852582195845676	138.0	23	1.05	0.95				
	210	1	77.47206042105262	15.891704701754387	0.0	0.0	2	1.05	-12.173000998184387	138.0	23	1.05	0.95				
	211	1	0.0	0.0	0.0	0.0	2	1.0046096887638756	-8.226936831941973	230.0	23	1.05	0.95				
	212	1	0.0	0.0	0.0	0.0	2	1.0074903215117637	-7.683591096830399	230.0	23	1.05	0.95				
	213	2	105.2825436491228	21.453801347368422	0.0	0.0	2	0.9987847278966502	-7.160467336133513	230.0	24	1.05	0.95				
	214	2	77.07476780350876	15.494412084210527	0.0	0.0	2	1.0051997865152273	-5.7520577319121635	230.0	26	1.05	0.95				
	215	2	125.94175976140349	25.42672752280702	0.0	0.0	2	1.0225688777268573	0.8098223869647313	230.0	26	1.05	0.95				
	216	2	39.729261754385966	7.945852350877193	0.0	0.0	2	1.0229846750430787	0.1555179899461551	230.0	26	1.05	0.95				
	217	1	0.0	0.0	0.0	0.0	2	1.0270786676641888	1.6704022047623814	230.0	27	1.05	0.95				
	218	2	132.29844164210527	27.015897992982456	0.0	0.0	2	1.0266107163503793	1.3343871537487635	230.0	27	1.05	0.95				
	219	1	71.9099637754386	14.699826849122807	0.0	0.0	2	1.0228612862202762	-0.4562523585429211	230.0	25	1.05	0.95				
	220	1	50.85345504561404	10.329608056140351	0.0	0.0	2	1.0252979745509918	-0.20564540705870668	230.0	25	1.05	0.95				
	221	2	0.0	0.0	0.0	0.0	2	1.0287383267993546	1.9539495904369408	230.0	27	1.05	0.95				
	222	2	0.0	0.0	0.0	0.0	2	1.0499999487035143	8.333093419413721	230.0	27	1.05	0.95				
	223	2	0.0	0.0	0.0	0.0	2	1.027101036573124	0.23796217023962035	230.0	25	1.05	0.95				
	224	1	0.0	0.0	0.0	0.0	2	1.0089277347017258	-2.683425333155015	230.0	26	1.05	0.95				
	301	2	63.36159442105264	12.906991456140352	0.0	0.0	3	1.0071489786581511	-17.298239624390277	138.0	31	1.05	0.95				
	302	2	56.908098692982456	11.73362859649123	0.0	0.0	3	1.0067336264027997	-17.42310406011247	138.0	32	1.05	0.95				
	303	1	105.60265736842105	21.707212903508772	0.0	0.0	3	1.0242287146955653	-10.868701658536441	138.0	31	1.05	0.95				
	304	1	43.414425807017544	8.800221447368422	0.0	0.0	3	1.0069031735677345	-15.399765022647822	138.0	31	1.05	0.95				
	305	1	41.65438151754386	8.21354001754386	0.0	0.0	3	1.020287751982658	-16.14273241860338	138.0	31	1.05	0.95				
	306	1	79.78867445614036	16.42708003508772	0.0	-100.0	3	1.0353026566109786	-16.15185395993683	138.0	32	1.05	0.95				
	307	2	73.33517872807018	14.667035745614035	0.0	0.0	3	0.9936418014271134	-22.73077714571578	138.0	32	1.05	0.95				
	308	1	100.32252449999999	20.533850043859648	0.0	0.0	3	0.9942199625946748	-19.947705876259207	138.0	32	1.05	0.95				
	309	1	102.66925021929825	21.12053147368421	0.0	0.0	3	1.0275903577279855	-11.357895176054875	138.0	33	1.05	0.95				
	310	1	114.40287881578948	23.46725719298246	0.0	0.0	3	1.05	-13.105507102975075	138.0	33	1.05	0.95				
	311	1	0.0	0.0	0.0	0.0	3	1.015558253236445	-6.08499722395517	230.0	33	1.05	0.95				
	312	1	0.0	0.0	0.0	0.0	3	1.0177736932470405	-5.4396946121233	230.0	33	1.05	0.95				
	313	2	155.47057890350877	31.68079721052632	0.0	0.0	3	1.0310284226102668	-0.24167496274914815	230.0	34	1.05	0.95				
	314	2	113.81619738596491	22.880575763157896	0.0	0.0	3	1.0192627986718263	-5.104926401136144	230.0	36	1.05	0.95				
	315	2	185.97801325438596	37.54761150877193	0.0	0.0	3	1.0320245617374082	-5.112155283333798	230.0	36	1.05	0.95				
	316	2	58.66814298245614	11.73362859649123	0.0	0.0	3	1.0328681091161844	-3.8130961174352693	230.0	36	1.05	0.95				
	317	1	0.0	0.0	0.0	0.0	3	1.0350409643586487	-3.763973349694581	230.0	37	1.05	0.95				
	318	2	195.36491613157895	39.89433722807018	0.0	0.0	3	1.032530320833238	-4.32045409577439	230.0	37	1.05	0.95				
	319	1	106.18933879824561	21.707212903508772	0.0	0.0	3	1.0335875153360037	-2.0924588170519067	230.0	35	1.05	0.95				
	320	1	75.09522301754386	15.253717175438597	0.0	0.0	3	1.0353407911377537	-1.1660227035701456	230.0	35	1.05	0.95				
	321	2	0.0	0.0	0.0	0.0	3	1.0344478315373802	-4.0398677398283755	230.0	37	1.05	0.95				
	322	2	0.0	0.0	0.0	0.0	3	1.0478328032981346	0.393446467877433	230.0	37	1.05	0.95				
	323	2	0.0	0.0	0.0	0.0	3	1.0368678203098782	-0.586408649296471	230.0	35	1.05	0.95				
	324	1	0.0	0.0	0.0	0.0	3	1.0228565699442045	-6.079922132663974	230.0	36	1.05	0.95				
	325	1	0.0	0.0	0.0	0.0	3	1.035357395227981	0.3076735762913584	230.0	35	1.05	0.95				
];
