%% MATPOWER Case Format : Version 2
function mpc = RTS_GMLC
mpc.version = '2';

%%-----  Power Flow Data  -----%%
%% system MVA base
mpc.baseMVA = 100.0;
%% bus data
%    bus_i    type    Pd    Qd    Gs    Bs    area    Vm    Va    baseKV    zone    Vmax    Vmin
mpc.bus = [
	101	2	65.3156852968421	13.305047004912279	0.0	0.0	1	1.0338278285543572	1.3557162249952042	138.0	11	1.05	0.95				
	102	2	58.66316179438596	12.095497277192981	0.0	0.0	1	1.0338583431879413	1.316167642926649	138.0	12	1.05	0.95				
	103	1	108.85947549473684	22.376669962807018	0.0	0.0	1	1.0243285889287561	-0.3143924262132069	138.0	11	1.05	0.95				
	104	1	44.753339925614036	9.071622957894736	0.0	0.0	1	1.0189628304467027	-1.9715951990211389	138.0	11	1.05	0.95				
	105	1	42.939015334035076	8.466848094035088	0.0	0.0	1	1.0336790625937762	-1.8689204776552948	138.0	11	1.05	0.95				
	106	1	82.24938148491228	16.933696188070176	0.0	-100.0	1	1.0405189257502652	-4.230529407852661	138.0	12	1.05	0.95				
	107	2	75.59685798245613	15.119371596491227	0.0	0.0	1	1.0419243146564496	-0.923775266152836	138.0	12	1.05	0.95				
	108	1	103.41650171999999	21.167120235087715	0.0	0.0	1	1.0249708785439064	-3.563880212244928	138.0	12	1.05	0.95				
	109	1	105.83560117543857	21.771895098947365	0.0	0.0	1	1.0260111882186282	-2.218856929967047	138.0	13	1.05	0.95				
	110	1	117.93109845263157	24.190994554385963	0.0	0.0	1	1.05	-3.2341594947856103	138.0	13	1.05	0.95				
	111	1	0.0	0.0	0.0	0.0	1	1.0082807505905993	-0.3872790882323214	230.0	13	1.05	0.95				
	112	1	0.0	0.0	0.0	0.0	1	1.012478822891205	0.25065592066680825	230.0	13	1.05	0.95				
	113	3	160.265338922807	32.65784264842105	0.0	0.0	1	1.00344701655588	1.614454273675092e-30	230.0	14	1.05	0.95				
	114	2	117.32632358877191	23.586219690526313	0.0	0.0	1	1.0070710118185253	1.710003494389536	230.0	16	1.05	0.95				
	115	2	191.71363184350875	38.70559128701754	0.0	0.0	1	1.0421443947530589	8.673583525367755	230.0	16	1.05	0.95				
	116	2	60.47748638596491	12.095497277192981	0.0	0.0	1	1.0389920205835108	8.258346538546004	230.0	16	1.05	0.95				
	117	1	0.0	0.0	0.0	0.0	1	1.045524049653426	10.941962538829559	230.0	17	1.05	0.95				
	118	2	201.39002966526314	41.12469074245614	0.0	0.0	1	1.0484661910043798	11.456532078490369	230.0	17	1.05	0.95				
	119	1	109.46425035859649	22.376669962807018	0.0	0.0	1	1.0326964585714635	7.0531485681502115	230.0	15	1.05	0.95				
	120	1	77.41118257403508	15.724146460350877	0.0	0.0	1	1.0322922335149394	7.159591159652951	230.0	15	1.05	0.95				
	121	2	0.0	0.0	0.0	0.0	1	1.05	11.733293893250234	230.0	17	1.05	0.95				
	122	2	0.0	0.0	0.0	0.0	1	1.05	17.934093075651628	230.0	17	1.05	0.95				
	123	2	0.0	0.0	0.0	0.0	1	1.0334596160487273	7.674047037230146	230.0	15	1.05	0.95				
	124	1	0.0	0.0	0.0	0.0	1	1.0241439306460265	5.334975914310268	230.0	16	1.05	0.95				
	201	2	62.86541790315789	12.805918461754388	0.0	0.0	2	1.0326529344229485	-7.828566907924416	138.0	21	1.05	0.95				
	202	2	56.462458672280704	11.641744056140352	0.0	0.0	2	1.0327465099979414	-7.912690931347987	138.0	22	1.05	0.95				
	203	1	104.77569650526316	21.53722650385965	0.0	0.0	2	1.0268281367185679	-5.610354011706975	138.0	21	1.05	0.95				
	204	1	43.0744530077193	8.731308042105262	0.0	0.0	2	1.018416759337177	-10.188474217766741	138.0	21	1.05	0.95				
	205	1	41.32819139929824	8.149220839298247	0.0	0.0	2	1.0337324875258977	-10.490434188488539	138.0	21	1.05	0.95				
	206	1	79.1638595817544	16.298441678596493	0.0	-100.0	2	1.041291656333038	-12.537848637519238	138.0	22	1.05	0.95				
	207	2	72.7609003508772	14.552180070175439	0.0	0.0	2	0.9871658475354901	-21.309094450538915	138.0	22	1.05	0.95				
	208	1	99.53691167999999	20.373052098245612	0.0	0.0	2	0.9889144239556351	-18.53275901464853	138.0	22	1.05	0.95				
	209	1	101.86526049122806	20.95513930105263	0.0	0.0	2	1.024448743028242	-9.688379497999739	138.0	23	1.05	0.95				
	210	1	113.50700454736841	23.283488112280704	0.0	0.0	2	1.05	-11.350401190544392	138.0	23	1.05	0.95				
	211	1	0.0	0.0	0.0	0.0	2	1.0143177891245674	-6.597504318506153	230.0	23	1.05	0.95				
	212	1	0.0	0.0	0.0	0.0	2	1.0146043232577948	-5.746791040735822	230.0	23	1.05	0.95				
	213	2	154.25310874385966	31.432708951578945	0.0	0.0	2	1.0131588647878762	-5.423975466281031	230.0	24	1.05	0.95				
	214	2	112.92491734456141	22.701400909473683	0.0	0.0	2	1.0218505745435125	-3.683110198386514	230.0	26	1.05	0.95				
	215	2	184.52164328982454	37.25358097964912	0.0	0.0	2	1.0383214571797728	4.046148053293847	230.0	26	1.05	0.95				
	216	2	58.208720280701755	11.641744056140352	0.0	0.0	2	1.0405509203807781	3.9537129260400294	230.0	26	1.05	0.95				
	217	1	0.0	0.0	0.0	0.0	2	1.043830342085283	7.058931981249543	230.0	27	1.05	0.95				
	218	2	193.83503853473684	39.5819297908772	0.0	0.0	2	1.0459343541435056	7.715329622213048	230.0	27	1.05	0.95				
	219	1	105.35778370807019	21.53722650385965	0.0	0.0	2	1.0398274335327302	3.2592485183591955	230.0	25	1.05	0.95				
	220	1	74.50716195929824	15.134267272982457	0.0	0.0	2	1.0438030220307533	3.7567846728238705	230.0	25	1.05	0.95				
	221	2	0.0	0.0	0.0	0.0	2	1.0460374254981788	7.647947859192792	230.0	27	1.05	0.95				
	222	2	0.0	0.0	0.0	0.0	2	1.05	13.924706359815431	230.0	27	1.05	0.95				
	223	2	0.0	0.0	0.0	0.0	2	1.0473323043445895	4.456209054723546	230.0	25	1.05	0.95				
	224	1	0.0	0.0	0.0	0.0	2	1.021962560898752	0.43402505787393597	230.0	26	1.05	0.95				
	301	2	64.86491614736842	13.21322365964912	0.0	0.0	3	1.0092872903783516	-23.46072190586481	138.0	31	1.05	0.95				
	302	2	58.25830431754385	12.012021508771928	0.0	0.0	3	1.0088051744923756	-23.57231168899016	138.0	32	1.05	0.95				
	303	1	108.10819357894736	22.22223979122807	0.0	0.0	3	1.0210365718966088	-15.657383775106272	138.0	31	1.05	0.95				
	304	1	44.44447958245614	9.009016131578946	0.0	0.0	3	1.0088138896234478	-20.79925628487937	138.0	31	1.05	0.95				
	305	1	42.64267635614034	8.40841505614035	0.0	0.0	3	1.0214688927946898	-22.79168255905606	138.0	31	1.05	0.95				
	306	1	81.68174625964912	16.8168301122807	0.0	-100.0	3	1.0355177014970929	-23.06636571933676	138.0	32	1.05	0.95				
	307	2	75.07513442982456	15.015026885964911	0.0	0.0	3	0.99497139665785	-29.057449480749085	138.0	32	1.05	0.95				
	308	1	102.70278389999999	21.021037640350873	0.0	0.0	3	0.9940324902747855	-26.28884017047537	138.0	32	1.05	0.95				
	309	1	105.10518820175436	21.62163871578947	0.0	0.0	3	1.0311549520573076	-16.11456164932653	138.0	33	1.05	0.95				
	310	1	117.11720971052631	24.024043017543857	0.0	0.0	3	1.05	-20.194800373608935	138.0	33	1.05	0.95				
	311	1	0.0	0.0	0.0	0.0	3	1.019737478500346	-12.499685303700172	230.0	33	1.05	0.95				
	312	1	0.0	0.0	0.0	0.0	3	1.0187027522836856	-12.216591404676391	230.0	33	1.05	0.95				
	313	2	159.15928499122805	32.43245807368421	0.0	0.0	3	1.0251606159563047	-9.350817620986952	230.0	34	1.05	0.95				
	314	2	116.5166086350877	23.42344194210526	0.0	0.0	3	1.0311041673455423	-9.634112871132265	230.0	36	1.05	0.95				
	315	2	190.39054091403506	38.43846882807017	0.0	0.0	3	1.048120850403331	-2.4527616609800305	230.0	36	1.05	0.95				
	316	2	60.060107543859644	12.012021508771928	0.0	0.0	3	1.046901284046554	-1.9586441476126324	230.0	36	1.05	0.95				
	317	1	0.0	0.0	0.0	0.0	3	1.05	2.177442272785127	230.0	37	1.05	0.95				
	318	2	200.0001581210526	40.84087312982456	0.0	0.0	3	1.045903089201353	1.4140045327815998	230.0	37	1.05	0.95				
	319	1	108.70879465438597	22.22223979122807	0.0	0.0	3	1.0414866979601465	-3.9391834266388344	230.0	35	1.05	0.95				
	320	1	76.87693765614034	15.615627961403508	0.0	0.0	3	1.042187260956931	-4.535131394923794	230.0	35	1.05	0.95				
	321	2	0.0	0.0	0.0	0.0	3	1.049999987037603	1.6518487404236353	230.0	37	1.05	0.95				
	322	2	0.0	0.0	0.0	0.0	3	1.05	6.205946810516073	230.0	37	1.05	0.95				
	323	2	0.0	0.0	0.0	0.0	3	1.0438154270036761	-4.418754514651433	230.0	35	1.05	0.95				
	324	1	0.0	0.0	0.0	0.0	3	1.0211871457974844	-7.327658042532698	230.0	36	1.05	0.95				
	325	1	0.0	0.0	0.0	0.0	3	1.0392379375347807	-3.0864456136331753	230.0	35	1.05	0.95				
];
