%% MATPOWER Case Format : Version 2
function mpc = RTS_GMLC
mpc.version = '2';

%%-----  Power Flow Data  -----%%
%% system MVA base
mpc.baseMVA = 100.0;
%% bus data
%    bus_i    type    Pd    Qd    Gs    Bs    area    Vm    Va    baseKV    zone    Vmax    Vmin
mpc.bus = [
	101	2	57.52696683789475	11.718456207719298	0.0	0.0	1	1.0343120421257193	0.7539869872668494	138.0	11	1.05	0.95				
	102	2	51.66773873403508	10.653142007017545	0.0	0.0	1	1.0338362788344542	0.5938349049924351	138.0	12	1.05	0.95				
	103	1	95.8782780631579	19.708312712982455	0.0	0.0	1	1.0270394427408596	-0.31698287573469625	138.0	11	1.05	0.95				
	104	1	39.41662542596491	7.989856505263158	0.0	0.0	1	1.0200867400027442	-2.4263554720132836	138.0	11	1.05	0.95				
	105	1	37.818654124912285	7.457199404912282	0.0	0.0	1	1.0349701846240993	-2.3243777199735915	138.0	11	1.05	0.95				
	106	1	72.44136564771931	14.914398809824563	0.0	-100.0	1	1.042711392307618	-4.579360599001684	138.0	12	1.05	0.95				
	107	2	66.58213754385966	13.31642750877193	0.0	0.0	1	1.007937617453073	-7.333204122162882	138.0	12	1.05	0.95				
	108	1	91.08436415999999	18.642998512280702	0.0	0.0	1	1.0065890099385435	-7.289608405197206	138.0	12	1.05	0.95				
	109	1	93.2149925614035	19.17565561263158	0.0	0.0	1	1.0253189624449255	-2.7437846908698114	138.0	13	1.05	0.95				
	110	1	103.86813456842106	21.30628401403509	0.0	0.0	1	1.05	-3.769878656195403	138.0	13	1.05	0.95				
	111	1	0.0	0.0	0.0	0.0	1	1.0080202803261968	-0.5274871657334822	230.0	13	1.05	0.95				
	112	1	0.0	0.0	0.0	0.0	1	1.0113364843957027	-0.02485795704231937	230.0	13	1.05	0.95				
	113	3	141.15413159298245	28.763483418947374	0.0	0.0	1	1.0026032293233818	-5.641463260949009e-28	230.0	14	1.05	0.95				
	114	2	103.33547746807017	20.77362691368421	0.0	0.0	1	1.0085747965662	1.8359542170565168	230.0	16	1.05	0.95				
	115	2	168.85230081122808	34.09005442245614	0.0	0.0	1	1.0421458589660673	8.696662771483577	230.0	16	1.05	0.95				
	116	2	53.26571003508772	10.653142007017545	0.0	0.0	1	1.0391538341664226	8.305091872868248	230.0	16	1.05	0.95				
	117	1	0.0	0.0	0.0	0.0	1	1.0436031524531482	10.912883606249478	230.0	17	1.05	0.95				
	118	2	177.3748144168421	36.220682823859654	0.0	0.0	1	1.046878404815781	10.756052277852985	230.0	17	1.05	0.95				
	119	1	96.41093516350878	19.708312712982455	0.0	0.0	1	1.032695500496949	7.0995189198168935	230.0	15	1.05	0.95				
	120	1	68.18010884491228	13.849084609122809	0.0	0.0	1	1.0313156366930978	7.068671450592903	230.0	15	1.05	0.95				
	121	2	0.0	0.0	0.0	0.0	1	1.05	11.834695418798132	230.0	17	1.05	0.95				
	122	2	0.0	0.0	0.0	0.0	1	1.05	22.695215533234066	230.0	17	1.05	0.95				
	123	2	0.0	0.0	0.0	0.0	1	1.0315812272933007	7.4559378261444635	230.0	15	1.05	0.95				
	124	1	0.0	0.0	0.0	0.0	1	1.0251315900793658	5.338884685837324	230.0	16	1.05	0.95				
	201	2	51.23752556210527	10.437273725614036	0.0	0.0	2	1.0308134129320394	-5.697054398656976	138.0	21	1.05	0.95				
	202	2	46.018888699298245	9.488430659649124	0.0	0.0	2	1.031182802548	-5.660582896104905	138.0	22	1.05	0.95				
	203	1	85.39587593684212	17.55359672035088	0.0	0.0	2	1.021387457582477	-5.78467161593455	138.0	21	1.05	0.95				
	204	1	35.10719344070176	7.116322994736842	0.0	0.0	2	1.0193999092476378	-7.949068821259524	138.0	21	1.05	0.95				
	205	1	33.68392884175439	6.641901461754387	0.0	0.0	2	1.0343830495712252	-8.048145239297497	138.0	21	1.05	0.95				
	206	1	64.52132848561403	13.283802923508773	0.0	-100.0	2	1.0441170682025214	-9.812406259129176	138.0	22	1.05	0.95				
	207	2	59.30269162280701	11.860538324561404	0.0	0.0	2	0.9888137366513451	-16.991252955663345	138.0	22	1.05	0.95				
	208	1	81.12608214	16.604753654385966	0.0	0.0	2	0.994651464720936	-14.815743924714045	138.0	22	1.05	0.95				
	209	1	83.02376827192984	17.07917518736842	0.0	0.0	2	1.0237047735500204	-7.889409393467407	138.0	23	1.05	0.95				
	210	1	92.51219893157895	18.976861319298248	0.0	0.0	2	1.05	-8.92553708509048	138.0	23	1.05	0.95				
	211	1	0.0	0.0	0.0	0.0	2	1.0072986595960938	-5.052128584975482	230.0	23	1.05	0.95				
	212	1	0.0	0.0	0.0	0.0	2	1.0102294613325813	-4.486256339022831	230.0	23	1.05	0.95				
	213	2	125.72170624035088	25.618762781052634	0.0	0.0	2	1.0016639614645146	-4.140427919560314	230.0	24	1.05	0.95				
	214	2	92.03777739859649	18.50243978631579	0.0	0.0	2	1.0100821458683422	-2.4006547500900215	230.0	26	1.05	0.95				
	215	2	150.3916259554386	30.362978110877194	0.0	0.0	2	1.0324474897261338	4.145062447269743	230.0	26	1.05	0.95				
	216	2	47.442153298245614	9.488430659649124	0.0	0.0	2	1.0334516601389712	4.1775735246395636	230.0	26	1.05	0.95				
	217	1	0.0	0.0	0.0	0.0	2	1.0389949700435297	7.020742089185383	230.0	27	1.05	0.95				
	218	2	157.98237048315792	32.26066424280702	0.0	0.0	2	1.040834550695621	7.595562382736816	230.0	27	1.05	0.95				
	219	1	85.87029746982456	17.55359672035088	0.0	0.0	2	1.0320573740356194	3.2994101396775086	230.0	25	1.05	0.95				
	220	1	60.72595622175439	12.334959857543861	0.0	0.0	2	1.0342912827815434	3.4502797967930756	230.0	25	1.05	0.95				
	221	2	0.0	0.0	0.0	0.0	2	1.0403614996768946	7.198374438876951	230.0	27	1.05	0.95				
	222	2	0.0	0.0	0.0	0.0	2	1.05	13.631185057799382	230.0	27	1.05	0.95				
	223	2	0.0	0.0	0.0	0.0	2	1.0362958272511062	3.890529870226741	230.0	25	1.05	0.95				
	224	1	0.0	0.0	0.0	0.0	2	1.0159970286678002	0.4288243307888297	230.0	26	1.05	0.95				
	301	2	60.55994936842106	12.336285982456141	0.0	0.0	3	1.0082740185098602	-22.37518016024324	138.0	31	1.05	0.95				
	302	2	54.391806377192985	11.214805438596493	0.0	0.0	3	1.0076704228616657	-22.525820365395152	138.0	32	1.05	0.95				
	303	1	100.93324894736841	20.747390061403507	0.0	0.0	3	1.0246233283245287	-15.153842333329523	138.0	31	1.05	0.95				
	304	1	41.494780122807015	8.411104078947368	0.0	0.0	3	1.0074785459267854	-20.697639013364338	138.0	31	1.05	0.95				
	305	1	39.812559307017544	7.850363807017545	0.0	0.0	3	1.0214403559670309	-21.499523193204194	138.0	31	1.05	0.95				
	306	1	76.26067698245615	15.70072761403509	0.0	-100.0	3	1.036389190486429	-21.642676943765927	138.0	32	1.05	0.95				
	307	2	70.09253399122807	14.018506798245614	0.0	0.0	3	0.992497614579131	-28.207170720672433	138.0	32	1.05	0.95				
	308	1	95.88658649999999	19.625909517543857	0.0	0.0	3	0.9935053767862093	-25.549961462331026	138.0	32	1.05	0.95				
	309	1	98.1295475877193	20.186649789473684	0.0	0.0	3	1.0265287268541574	-16.91357818977323	138.0	33	1.05	0.95				
	310	1	109.34435302631577	22.429610877192985	0.0	0.0	3	1.05	-18.823987008233928	138.0	33	1.05	0.95				
	311	1	0.0	0.0	0.0	0.0	3	1.0151786932531894	-12.00607639888978	230.0	33	1.05	0.95				
	312	1	0.0	0.0	0.0	0.0	3	1.016024081775543	-11.49749563407247	230.0	33	1.05	0.95				
	313	2	148.5961720614035	30.27997468421053	0.0	0.0	3	1.0214197988840028	-8.368631239403799	230.0	34	1.05	0.95				
	314	2	108.78361275438597	21.868870605263158	0.0	0.0	3	1.0239720150786478	-9.342864944223095	230.0	36	1.05	0.95				
	315	2	177.75466620175436	35.88737740350877	0.0	0.0	3	1.0425211781124923	-4.931188191302504	230.0	36	1.05	0.95				
	316	2	56.074027192982456	11.214805438596493	0.0	0.0	3	1.0425420498301525	-4.107203459432308	230.0	36	1.05	0.95				
	317	1	0.0	0.0	0.0	0.0	3	1.0459574400411351	-2.11374014763075	230.0	37	1.05	0.95				
	318	2	186.7265105526316	38.13033849122807	0.0	0.0	3	1.043854076461154	-2.4865192051807745	230.0	37	1.05	0.95				
	319	1	101.49398921929824	20.747390061403507	0.0	0.0	3	1.0392985854324368	-4.764514485899432	230.0	35	1.05	0.95				
	320	1	71.77475480701754	14.579247070175438	0.0	0.0	3	1.0397123960144241	-4.751053499553152	230.0	35	1.05	0.95				
	321	2	0.0	0.0	0.0	0.0	3	1.045575156187198	-2.339688267301913	230.0	37	1.05	0.95				
	322	2	0.0	0.0	0.0	0.0	3	1.05	2.083544308546185	230.0	37	1.05	0.95				
	323	2	0.0	0.0	0.0	0.0	3	1.040847585239524	-4.413058970292479	230.0	35	1.05	0.95				
	324	1	0.0	0.0	0.0	0.0	3	1.024203318448753	-7.967983176570837	230.0	36	1.05	0.95				
	325	1	0.0	0.0	0.0	0.0	3	1.0364641754142743	-3.0680669703269134	230.0	35	1.05	0.95				
];
