%% MATPOWER Case Format : Version 2
function mpc = RTS_GMLC
mpc.version = '2';

%%-----  Power Flow Data  -----%%
%% system MVA base
mpc.baseMVA = 100.0;
%% bus data
%    bus_i    type    Pd    Qd    Gs    Bs    area    Vm    Va    baseKV    zone    Vmax    Vmin
mpc.bus = [
	101	2	35.683819889684216	7.268926273824563	0.0	0.0	1	1.0104022372080834	0.19778719759312768	138.0	11	1.05	0.95				
	102	2	32.04935675277193	6.608114794385965	0.0	0.0	1	1.0084571727918326	-0.3803817844289651	138.0	12	1.05	0.95				
	103	1	59.473033149473686	12.225012369614035	0.0	0.0	1	1.027871538851938	3.1595497991991683	138.0	11	1.05	0.95				
	104	1	24.45002473922807	4.956086095789474	0.0	0.0	1	1.0123637430330383	-1.725135339702833	138.0	11	1.05	0.95				
	105	1	23.458807520070177	4.625680356070176	0.0	0.0	1	1.0259858511426239	-1.8881738413952538	138.0	11	1.05	0.95				
	106	1	44.93518060182456	9.251360712140352	0.0	-100.0	1	1.0428964682911979	-3.5318865279447054	138.0	12	1.05	0.95				
	107	2	41.30071746491228	8.260143492982456	0.0	0.0	1	0.9803121653451393	-10.687755387237624	138.0	12	1.05	0.95				
	108	1	56.499381492	11.564200890175439	0.0	0.0	1	0.9941254998453009	-8.059188274406985	138.0	12	1.05	0.95				
	109	1	57.8210044508772	11.894606629894737	0.0	0.0	1	1.0241561375565558	-1.430630221714999	138.0	13	1.05	0.95				
	110	1	64.42911924526315	13.21622958877193	0.0	0.0	1	1.05	-2.897752928342718	138.0	13	1.05	0.95				
	111	1	0.0	0.0	0.0	0.0	1	1.0115541695325463	0.969150420699656	230.0	13	1.05	0.95				
	112	1	0.0	0.0	0.0	0.0	1	1.0107397909873663	-0.45827343218702815	230.0	13	1.05	0.95				
	113	3	87.55752102561404	17.841909944842108	0.0	0.0	1	0.9880190407533795	2.595706785157055e-29	230.0	14	1.05	0.95				
	114	2	64.09871350554386	12.885823849052633	0.0	0.0	1	1.034687994193041	4.912296139474355	230.0	16	1.05	0.95				
	115	2	104.73861949101754	21.14596734203509	0.0	0.0	1	1.0416709911718938	14.568279191581782	230.0	16	1.05	0.95				
	116	2	33.040573971929824	6.608114794385965	0.0	0.0	1	1.0402397924595725	12.55846847442912	230.0	16	1.05	0.95				
	117	1	0.0	0.0	0.0	0.0	1	1.0400782990261783	18.752524949336188	230.0	17	1.05	0.95				
	118	2	110.02511132652633	22.46759030091228	0.0	0.0	1	1.04955432323695	19.435932348355827	230.0	17	1.05	0.95				
	119	1	59.80343888919298	12.225012369614035	0.0	0.0	1	1.0364150845930742	7.819344570819331	230.0	15	1.05	0.95				
	120	1	42.29193468407018	8.590549232701756	0.0	0.0	1	1.0400740625472376	4.337908838909799	230.0	15	1.05	0.95				
	121	2	0.0	0.0	0.0	0.0	1	1.0432554652053614	20.934029456374343	230.0	17	1.05	0.95				
	122	2	0.0	0.0	0.0	0.0	1	1.05	38.895286741353615	230.0	17	1.05	0.95				
	123	2	0.0	0.0	0.0	0.0	1	1.0432337743278859	2.681936821037047	230.0	15	1.05	0.95				
	124	1	0.0	0.0	0.0	0.0	1	1.022235791128162	10.306976555582109	230.0	16	1.05	0.95				
	201	2	41.343617178947376	8.42184794385965	0.0	0.0	2	1.0124218558187275	-19.44366825554469	138.0	21	1.05	0.95				
	202	2	37.132693207017546	7.656225403508773	0.0	0.0	2	1.0115969479787192	-19.763962507575904	138.0	22	1.05	0.95				
	203	1	68.90602863157895	14.16401699649123	0.0	0.0	2	1.010004895387575	-14.312488657999834	138.0	21	1.05	0.95				
	204	1	28.32803399298246	5.74216905263158	0.0	0.0	2	1.0108418007194477	-19.524734555285477	138.0	21	1.05	0.95				
	205	1	27.17960018245614	5.359357782456142	0.0	0.0	2	1.026628074414399	-20.054987593287468	138.0	21	1.05	0.95				
	206	1	52.06233274385966	10.718715564912284	0.0	-100.0	2	1.0426199481241298	-20.89177030782288	138.0	22	1.05	0.95				
	207	2	47.85140877192983	9.570281754385967	0.0	0.0	2	0.9949461243914531	-25.41003054786204	138.0	22	1.05	0.95				
	208	1	65.46072720000001	13.398394456140354	0.0	0.0	2	1.0013621751959807	-23.7052956475605	138.0	22	1.05	0.95				
	209	1	66.99197228070176	13.78120572631579	0.0	0.0	2	1.0209443038984327	-17.733306791653597	138.0	23	1.05	0.95				
	210	1	74.64819768421054	15.312450807017546	0.0	0.0	2	1.05	-19.43144803019548	138.0	23	1.05	0.95				
	211	1	0.0	0.0	0.0	0.0	2	1.006668247793609	-15.086321164168115	230.0	23	1.05	0.95				
	212	1	0.0	0.0	0.0	0.0	2	1.0077450739610783	-14.776000686525162	230.0	23	1.05	0.95				
	213	2	101.44498659649123	20.671808589473688	0.0	0.0	2	1.0002844188971747	-14.22148528683642	230.0	24	1.05	0.95				
	214	2	74.26538641403509	14.929639536842107	0.0	0.0	2	1.0114229049266419	-12.257346473881045	230.0	26	1.05	0.95				
	215	2	121.35117264561406	24.499921291228073	0.0	0.0	2	1.0255272466920102	-4.774000748497069	230.0	26	1.05	0.95				
	216	2	38.28112701754387	7.656225403508773	0.0	0.0	2	1.0279689374009129	-5.942642270629743	230.0	26	1.05	0.95				
	217	1	0.0	0.0	0.0	0.0	2	1.0344124400335382	-3.191212728524926	230.0	27	1.05	0.95				
	218	2	127.47615296842108	26.03116637192983	0.0	0.0	2	1.033829484539012	-3.687580295983529	230.0	27	1.05	0.95				
	219	1	69.2888399017544	14.16401699649123	0.0	0.0	2	1.0257197878004798	-7.004709474967529	230.0	25	1.05	0.95				
	220	1	48.99984258245615	9.953093024561404	0.0	0.0	2	1.0262573898461083	-7.179233064166954	230.0	25	1.05	0.95				
	221	2	0.0	0.0	0.0	0.0	2	1.0338289098515616	-3.249107507992002	230.0	27	1.05	0.95				
	222	2	0.0	0.0	0.0	0.0	2	1.05	3.270346586491965	230.0	27	1.05	0.95				
	223	2	0.0	0.0	0.0	0.0	2	1.0268698838949075	-6.979422590238067	230.0	25	1.05	0.95				
	224	1	0.0	0.0	0.0	0.0	2	1.007945202808751	-8.326320225004904	230.0	26	1.05	0.95				
	301	2	42.74217018947369	8.706738371929825	0.0	0.0	3	1.0121906800726783	-0.1244222039161376	138.0	31	1.05	0.95				
	302	2	38.388801003508775	7.915216701754386	0.0	0.0	3	1.011944587282774	-0.2840974263360375	138.0	32	1.05	0.95				
	303	1	71.23695031578949	14.643150898245613	0.0	0.0	3	1.036578432743034	6.749510112382055	138.0	31	1.05	0.95				
	304	1	29.286301796491227	5.93641252631579	0.0	0.0	3	1.0136857554714902	0.9775618441497358	138.0	31	1.05	0.95				
	305	1	28.09901929122807	5.540651691228071	0.0	0.0	3	1.026239933694353	-0.08252198434265369	138.0	31	1.05	0.95				
	306	1	53.823473571929824	11.081303382456142	0.0	-100.0	3	1.0423837894381758	-0.5430108283896083	138.0	32	1.05	0.95				
	307	2	49.470104385964916	9.894020877192983	0.0	0.0	3	0.9856771537976571	-4.5057288582365365	138.0	32	1.05	0.95				
	308	1	67.67510279999999	13.851629228070175	0.0	0.0	3	0.9967877460648112	-2.7853601968540653	138.0	32	1.05	0.95				
	309	1	69.25814614035089	14.247390063157894	0.0	0.0	3	1.0270332236603992	3.6317314928147177	138.0	33	1.05	0.95				
	310	1	77.17336284210526	15.830433403508772	0.0	0.0	3	1.05	1.2348506287992107	138.0	33	1.05	0.95				
	311	1	0.0	0.0	0.0	0.0	3	1.005789401224485	6.067072331084332	230.0	33	1.05	0.95				
	312	1	0.0	0.0	0.0	0.0	3	1.0101609867462766	6.507433494081798	230.0	33	1.05	0.95				
	313	2	104.87662129824562	21.371085094736845	0.0	0.0	3	1.0076412195362219	9.174707020791068	230.0	34	1.05	0.95				
	314	2	76.77760200701755	15.434672568421053	0.0	0.0	3	1.0003665962897346	7.117901424597843	230.0	36	1.05	0.95				
	315	2	125.45618472280702	25.328693445614036	0.0	0.0	3	1.0345855931829084	10.558905819409318	230.0	36	1.05	0.95				
	316	2	39.57608350877193	7.915216701754386	0.0	0.0	3	1.0317955517898911	10.896385467064338	230.0	36	1.05	0.95				
	317	1	0.0	0.0	0.0	0.0	3	1.05	15.732146306751316	230.0	37	1.05	0.95				
	318	2	131.78835808421053	26.911736785964912	0.0	0.0	3	1.0478712317872694	12.274023433508548	230.0	37	1.05	0.95				
	319	1	71.6327111508772	14.643150898245613	0.0	0.0	3	1.0230848594781463	10.202916754058705	230.0	35	1.05	0.95				
	320	1	50.65738689122807	10.289781712280702	0.0	0.0	3	1.0180571546019603	10.373380199438476	230.0	35	1.05	0.95				
	321	2	0.0	0.0	0.0	0.0	3	1.0444844426581532	12.382647072599948	230.0	37	1.05	0.95				
	322	2	0.0	0.0	0.0	0.0	3	1.05	18.039201336452063	230.0	37	1.05	0.95				
	323	2	0.0	0.0	0.0	0.0	3	1.0157485393489272	10.780996185105344	230.0	35	1.05	0.95				
	324	1	0.0	0.0	0.0	0.0	3	1.028959687038592	9.118519538854047	230.0	36	1.05	0.95				
	325	1	0.0	0.0	0.0	0.0	3	1.0159085680119226	11.656731345394306	230.0	35	1.05	0.95				
];
