%% MATPOWER Case Format : Version 2
function mpc = RTS_GMLC
mpc.version = '2';

%%-----  Power Flow Data  -----%%
%% system MVA base
mpc.baseMVA = 100.0;
%% bus data
%    bus_i    type    Pd    Qd    Gs    Bs    area    Vm    Va    baseKV    zone    Vmax    Vmin
mpc.bus = [
	101	2	37.153389410526316	7.568283028070175	0.0	0.0	1	1.0253301533586756	5.132899505128974	138.0	11	1.05	0.95				
	102	2	33.369247896491224	6.880257298245613	0.0	0.0	1	1.0241506411505275	4.843905455752879	138.0	12	1.05	0.95				
	103	1	61.922315684210524	12.728476001754386	0.0	0.0	1	1.0327689713903132	4.137402060168696	138.0	11	1.05	0.95				
	104	1	25.45695200350877	5.16019297368421	0.0	0.0	1	1.0189230112137924	1.4640105905512488	138.0	11	1.05	0.95				
	105	1	24.424913408771925	4.81618010877193	0.0	0.0	1	1.0324519993577115	1.6402533362493537	138.0	11	1.05	0.95				
	106	1	46.78574962807017	9.63236021754386	0.0	-100.0	1	1.045303251967091	-0.7144226858824344	138.0	12	1.05	0.95				
	107	2	43.001608114035086	8.600321622807016	0.0	0.0	1	0.9846261242938729	-7.291202328522754	138.0	12	1.05	0.95				
	108	1	58.8261999	12.040450271929823	0.0	0.0	1	0.9973671764652259	-5.389941025170342	138.0	12	1.05	0.95				
	109	1	60.20225135964912	12.384463136842104	0.0	0.0	1	1.025119626529775	0.12394787578621984	138.0	13	1.05	0.95				
	110	1	67.08250865789472	13.760514596491227	0.0	0.0	1	1.05	-0.7847247366740895	138.0	13	1.05	0.95				
	111	1	0.0	0.0	0.0	0.0	1	1.0109583685148258	1.506494940679952	230.0	13	1.05	0.95				
	112	1	0.0	0.0	0.0	0.0	1	1.009360337501487	0.6660753084597525	230.0	13	1.05	0.95				
	113	3	91.16340920175438	18.576694705263158	0.0	0.0	1	0.9852385226360435	-2.4802672432199483e-27	230.0	14	1.05	0.95				
	114	2	66.73849579298245	13.416501731578947	0.0	0.0	1	1.030908820138626	4.639057940361147	230.0	16	1.05	0.95				
	115	2	109.05207817719298	22.016823354385963	0.0	0.0	1	1.044972443850073	12.579589346728316	230.0	16	1.05	0.95				
	116	2	34.40128649122806	6.880257298245613	0.0	0.0	1	1.0432402884085228	11.168652069277258	230.0	16	1.05	0.95				
	117	1	0.0	0.0	0.0	0.0	1	1.0425315543871088	16.298526294890237	230.0	17	1.05	0.95				
	118	2	114.55628401578946	23.392874814035086	0.0	0.0	1	1.05	16.529427101552308	230.0	17	1.05	0.95				
	119	1	62.266328549122804	12.728476001754386	0.0	0.0	1	1.0375581328927046	7.746660002960468	230.0	15	1.05	0.95				
	120	1	44.033646708771926	8.944334487719297	0.0	0.0	1	1.0371064262627607	5.41720486307986	230.0	15	1.05	0.95				
	121	2	0.0	0.0	0.0	0.0	1	1.0420123114470723	17.638847925633005	230.0	17	1.05	0.95				
	122	2	0.0	0.0	0.0	0.0	1	1.05	35.61044133089853	230.0	17	1.05	0.95				
	123	2	0.0	0.0	0.0	0.0	1	1.0373490058162071	4.396014123600389	230.0	15	1.05	0.95				
	124	1	0.0	0.0	0.0	0.0	1	1.0296513711218744	9.42642705030306	230.0	16	1.05	0.95				
	201	2	41.41161655578948	8.43569966877193	0.0	0.0	2	1.0149055597432137	-12.270404437057257	138.0	21	1.05	0.95				
	202	2	37.193766721403506	7.668817880701756	0.0	0.0	2	1.0144969328454807	-12.459967743910887	138.0	22	1.05	0.95				
	203	1	69.0193609263158	14.187313079298248	0.0	0.0	2	1.0115199227469858	-8.850692282983813	138.0	21	1.05	0.95				
	204	1	28.374626158596495	5.751613410526316	0.0	0.0	2	1.0127115976758165	-12.614917255095827	138.0	21	1.05	0.95				
	205	1	27.22430347649123	5.368172516491229	0.0	0.0	2	1.0278912338980621	-13.01817983694925	138.0	21	1.05	0.95				
	206	1	52.14796158877194	10.736345032982458	0.0	-100.0	2	1.0432769174199397	-13.897668891421356	138.0	22	1.05	0.95				
	207	2	47.93011175438597	9.586022350877194	0.0	0.0	2	0.9948141940036737	-18.66445021264321	138.0	22	1.05	0.95				
	208	1	65.56839288	13.420431291228068	0.0	0.0	2	1.001465843262869	-16.960242037976567	138.0	22	1.05	0.95				
	209	1	67.10215645614035	13.803872185263158	0.0	0.0	2	1.0217959079361145	-11.145262986083564	138.0	23	1.05	0.95				
	210	1	74.77097433684212	15.337635761403511	0.0	0.0	2	1.05	-12.532073069984323	138.0	23	1.05	0.95				
	211	1	0.0	0.0	0.0	0.0	2	1.0053304267708776	-8.459396024095883	230.0	23	1.05	0.95				
	212	1	0.0	0.0	0.0	0.0	2	1.0074860865154245	-7.800801501762725	230.0	23	1.05	0.95				
	213	2	101.61183691929824	20.70580827789474	0.0	0.0	2	0.9996928664438264	-7.261232863695962	230.0	24	1.05	0.95				
	214	2	74.38753344280701	14.954194867368424	0.0	0.0	2	1.0071217565370494	-6.017014135793096	230.0	26	1.05	0.95				
	215	2	121.55076340912281	24.540217218245616	0.0	0.0	2	1.0212713082196552	-0.02146586931690888	230.0	26	1.05	0.95				
	216	2	38.344089403508775	7.668817880701756	0.0	0.0	2	1.0244293167785619	-0.24191366693092103	230.0	26	1.05	0.95				
	217	1	0.0	0.0	0.0	0.0	2	1.0313366167133096	1.4976762669232357	230.0	27	1.05	0.95				
	218	2	127.68581771368422	26.07398079438597	0.0	0.0	2	1.0297776030677634	1.0210684598239066	230.0	27	1.05	0.95				
	219	1	69.40280182035087	14.187313079298248	0.0	0.0	2	1.0244768134593072	-0.5287289651873242	230.0	25	1.05	0.95				
	220	1	49.08043443649123	9.969463244912282	0.0	0.0	2	1.0268533660447485	-0.025307928700348006	230.0	25	1.05	0.95				
	221	2	0.0	0.0	0.0	0.0	2	1.0302013466918765	1.475855729312681	230.0	27	1.05	0.95				
	222	2	0.0	0.0	0.0	0.0	2	1.05	7.97761379148571	230.0	27	1.05	0.95				
	223	2	0.0	0.0	0.0	0.0	2	1.0286183880145128	0.5458386633601573	230.0	25	1.05	0.95				
	224	1	0.0	0.0	0.0	0.0	2	1.006694454498317	-3.32791478058299	230.0	26	1.05	0.95				
	301	2	44.36507432842106	9.037329955789474	0.0	0.0	3	1.0080904056859188	-17.237521563993333	138.0	31	1.05	0.95				
	302	2	39.846409350526315	8.215754505263158	0.0	0.0	3	1.007959476403146	-17.32969165608473	138.0	32	1.05	0.95				
	303	1	73.94179054736843	15.199145834736841	0.0	0.0	3	1.0225883721778908	-12.566181714686365	138.0	31	1.05	0.95				
	304	1	30.398291669473682	6.161815878947368	0.0	0.0	3	1.0108494694676322	-15.919724225976745	138.0	31	1.05	0.95				
	305	1	29.165928493684206	5.751028153684211	0.0	0.0	3	1.0237206979657003	-16.598360781512724	138.0	31	1.05	0.95				
	306	1	55.86713063578947	11.502056307368422	0.0	-100.0	3	1.040942299393935	-16.73800546030704	138.0	32	1.05	0.95				
	307	2	51.348465657894735	10.269693131578947	0.0	0.0	3	0.9950647195947885	-21.184808701451768	138.0	32	1.05	0.95				
	308	1	70.24470102	14.377570384210525	0.0	0.0	3	1.0014121878901023	-19.34710640442006	138.0	32	1.05	0.95				
	309	1	71.88785192105263	14.788358109473684	0.0	0.0	3	1.0259192454944848	-13.08232092389838	138.0	33	1.05	0.95				
	310	1	80.10360642631579	16.431509010526316	0.0	0.0	3	1.05	-14.63663845778161	138.0	33	1.05	0.95				
	311	1	0.0	0.0	0.0	0.0	3	1.0071317992954534	-9.206409227675666	230.0	33	1.05	0.95				
	312	1	0.0	0.0	0.0	0.0	3	1.009504674685642	-8.409758381168182	230.0	33	1.05	0.95				
	313	2	108.85874719473682	22.18253716421053	0.0	0.0	3	1.0089892739667583	-5.400491565922548	230.0	34	1.05	0.95				
	314	2	79.69281870105263	16.020721285263157	0.0	0.0	3	1.0073194348772998	-7.7751611164596675	230.0	36	1.05	0.95				
	315	2	130.21970890842104	26.290414416842108	0.0	0.0	3	1.0317329121345002	-4.1049810118570695	230.0	36	1.05	0.95				
	316	2	41.07877252631579	8.215754505263158	0.0	0.0	3	1.030672460018658	-3.296818274114684	230.0	36	1.05	0.95				
	317	1	0.0	0.0	0.0	0.0	3	1.038652217698674	-0.931449426398711	230.0	37	1.05	0.95				
	318	2	136.79231251263158	27.933565317894736	0.0	0.0	3	1.0362528753301001	-1.843522983369545	230.0	37	1.05	0.95				
	319	1	74.35257827263158	15.199145834736841	0.0	0.0	3	1.0263850799973309	-3.3057272629441203	230.0	35	1.05	0.95				
	320	1	52.580828833684215	10.680480856842104	0.0	0.0	3	1.0253250804124217	-2.5102587018958498	230.0	35	1.05	0.95				
	321	2	0.0	0.0	0.0	0.0	3	1.0370693330022829	-2.0348888466283515	230.0	37	1.05	0.95				
	322	2	0.0	0.0	0.0	0.0	3	1.0499999894292156	2.7084620901685863	230.0	37	1.05	0.95				
	323	2	0.0	0.0	0.0	0.0	3	1.0254329242078613	-1.753847731033948	230.0	35	1.05	0.95				
	324	1	0.0	0.0	0.0	0.0	3	1.0176747406163258	-7.2752191469348535	230.0	36	1.05	0.95				
	325	1	0.0	0.0	0.0	0.0	3	1.0198382368013754	-0.14594055378833098	230.0	35	1.05	0.95				
];
