%% MATPOWER Case Format : Version 2
function mpc = RTS_GMLC
mpc.version = '2';

%%-----  Power Flow Data  -----%%
%% system MVA base
mpc.baseMVA = 100.0;
%% bus data
%    bus_i    type    Pd    Qd    Gs    Bs    area    Vm    Va    baseKV    zone    Vmax    Vmin
mpc.bus = [
	101	2	43.04502720000001	8.768431466666666	0.0	0.0	1	1.0349396776323618	2.9942557221743633	138.0	11	1.05	0.95				
	102	2	38.660811466666665	7.971301333333335	0.0	0.0	1	1.0345504684664435	2.8723236690000986	138.0	12	1.05	0.95				
	103	1	71.741712	14.746907466666666	0.0	0.0	1	1.0295102618133625	0.04347382843457426	138.0	11	1.05	0.95				
	104	1	29.493814933333333	5.978476	0.0	0.0	1	1.0225503848014692	-0.5975816289310368	138.0	11	1.05	0.95				
	105	1	28.298119733333333	5.579910933333334	0.0	0.0	1	1.0368512420063543	-0.286369853807401	138.0	11	1.05	0.95				
	106	1	54.20484906666667	11.159821866666668	0.0	-100.0	1	1.0464458250001	-2.5384137880498003	138.0	12	1.05	0.95				
	107	2	49.82063333333333	9.964126666666667	0.0	0.0	1	1.0001803836698766	-7.533474150106223	138.0	12	1.05	0.95				
	108	1	68.15462640000001	13.949777333333332	0.0	0.0	1	1.0055211672085704	-6.472436968564374	138.0	12	1.05	0.95				
	109	1	69.74888666666668	14.3483424	0.0	0.0	1	1.0250956590695433	-1.8273313109355143	138.0	13	1.05	0.95				
	110	1	77.72018800000001	15.94260266666667	0.0	0.0	1	1.05	-2.361638960815144	138.0	13	1.05	0.95				
	111	1	0.0	0.0	0.0	0.0	1	1.0030148640701129	-0.37800173310693397	230.0	13	1.05	0.95				
	112	1	0.0	0.0	0.0	0.0	1	1.0080935547117362	0.21167526491953614	230.0	13	1.05	0.95				
	113	3	105.61974266666667	21.522513600000003	0.0	0.0	1	0.9937463576093789	-3.2580107176928406e-29	230.0	14	1.05	0.95				
	114	2	77.32162293333333	15.544037600000001	0.0	0.0	1	0.9990608884508148	1.1378533201248282	230.0	16	1.05	0.95				
	115	2	126.34512613333332	25.508164266666668	0.0	0.0	1	1.0382319476083923	5.562997851462226	230.0	16	1.05	0.95				
	116	2	39.85650666666667	7.971301333333335	0.0	0.0	1	1.0334085304103842	5.564356624068358	230.0	16	1.05	0.95				
	117	1	0.0	0.0	0.0	0.0	1	1.0421989446829643	6.743463329704888	230.0	17	1.05	0.95				
	118	2	132.7221672	27.102424533333334	0.0	0.0	1	1.045149979788477	6.380784906476237	230.0	17	1.05	0.95				
	119	1	72.14027706666667	14.746907466666666	0.0	0.0	1	1.0272829058076896	5.1571154867755755	230.0	15	1.05	0.95				
	120	1	51.016328533333336	10.362691733333335	0.0	0.0	1	1.0244626337690916	5.5794368270345895	230.0	15	1.05	0.95				
	121	2	0.0	0.0	0.0	0.0	1	1.05	6.952825787686928	230.0	17	1.05	0.95				
	122	2	0.0	0.0	0.0	0.0	1	1.05	14.239967743226396	230.0	17	1.05	0.95				
	123	2	0.0	0.0	0.0	0.0	1	1.023423299502462	6.123158521348019	230.0	15	1.05	0.95				
	124	1	0.0	0.0	0.0	0.0	1	1.0271515882122666	3.501175307910647	230.0	16	1.05	0.95				
	201	2	45.79757594526316	9.329135840701754	0.0	0.0	2	1.0292963930836898	-5.367152668983642	138.0	21	1.05	0.95				
	202	2	41.13300802491228	8.481032582456141	0.0	0.0	2	1.0296777806739585	-5.322289590347677	138.0	22	1.05	0.95				
	203	1	76.32929324210527	15.68991027754386	0.0	0.0	2	1.0190989107876531	-5.951453425136125	138.0	21	1.05	0.95				
	204	1	31.37982055508772	6.360774436842105	0.0	0.0	2	1.0192389434741012	-7.817641849235286	138.0	21	1.05	0.95				
	205	1	30.107665667719296	5.936722807719299	0.0	0.0	2	1.0341984867433625	-7.8557152082618655	138.0	21	1.05	0.95				
	206	1	57.67102156070176	11.873445615438598	0.0	-100.0	2	1.0450732668992686	-9.652212973141616	138.0	22	1.05	0.95				
	207	2	53.006453640350884	10.601290728070175	0.0	0.0	2	0.9877354594459054	-16.137990434658928	138.0	22	1.05	0.95				
	208	1	72.51282858	14.841807019298244	0.0	0.0	2	0.996020229557514	-14.241768661534087	138.0	22	1.05	0.95				
	209	1	74.20903509649122	15.265858648421052	0.0	0.0	2	1.0230302548588082	-8.127024133288524	138.0	23	1.05	0.95				
	210	1	82.69006767894737	16.962065164912282	0.0	0.0	2	1.05	-9.026542317053847	138.0	23	1.05	0.95				
	211	1	0.0	0.0	0.0	0.0	2	1.0047058589060835	-5.70687101408054	230.0	23	1.05	0.95				
	212	1	0.0	0.0	0.0	0.0	2	1.010743536644442	-5.462510509324273	230.0	23	1.05	0.95				
	213	2	112.37368171754385	22.89878797263158	0.0	0.0	2	0.9987218153453544	-5.198379698212083	230.0	24	1.05	0.95				
	214	2	82.26601604982456	16.538013535789474	0.0	0.0	2	1.0040276111230257	-3.1644600617882674	230.0	26	1.05	0.95				
	215	2	134.42436643192983	27.13930426385965	0.0	0.0	2	1.0275019357784894	3.162714863035249	230.0	26	1.05	0.95				
	216	2	42.4051629122807	8.481032582456141	0.0	0.0	2	1.0295445510410048	2.9267501020923894	230.0	26	1.05	0.95				
	217	1	0.0	0.0	0.0	0.0	2	1.0345616245533469	5.661937276635257	230.0	27	1.05	0.95				
	218	2	141.20919249789475	28.83551078035088	0.0	0.0	2	1.0361598514237402	6.16561667335678	230.0	27	1.05	0.95				
	219	1	76.75334487122808	15.68991027754386	0.0	0.0	2	1.030201767318282	1.5224800396763407	230.0	25	1.05	0.95				
	220	1	54.2786085277193	11.025342357192983	0.0	0.0	2	1.0338769663333087	1.1277200460603878	230.0	25	1.05	0.95				
	221	2	0.0	0.0	0.0	0.0	2	1.036059070363801	5.923282767087938	230.0	27	1.05	0.95				
	222	2	0.0	0.0	0.0	0.0	2	1.05	12.318771613250929	230.0	27	1.05	0.95				
	223	2	0.0	0.0	0.0	0.0	2	1.036366129464624	1.2318241406397032	230.0	25	1.05	0.95				
	224	1	0.0	0.0	0.0	0.0	2	1.0130461505539874	-0.2560776920098833	230.0	26	1.05	0.95				
	301	2	58.0828851663158	11.831698830175439	0.0	0.0	3	1.006913593212306	-35.43324937043766	138.0	31	1.05	0.95				
	302	2	52.16703575122808	10.756089845614037	0.0	0.0	3	1.0063608966636488	-35.571765451899154	138.0	32	1.05	0.95				
	303	1	96.80480861052632	19.89876621438597	0.0	0.0	3	1.0215873725217808	-28.522561940965858	138.0	31	1.05	0.95				
	304	1	39.79753242877194	8.067067384210528	0.0	0.0	3	1.0074728437566454	-33.75038521849613	138.0	31	1.05	0.95				
	305	1	38.18411895192983	7.529262891929826	0.0	0.0	3	1.0211346724814054	-34.63457506531742	138.0	31	1.05	0.95				
	306	1	73.14141095017546	15.058525783859652	0.0	-100.0	3	1.0367723168006333	-34.798661445407255	138.0	32	1.05	0.95				
	307	2	67.22556153508773	13.445112307017546	0.0	0.0	3	0.9916516516038894	-40.958108525915506	138.0	32	1.05	0.95				
	308	1	91.96456818	18.823157229824563	0.0	0.0	3	0.9940710147077779	-38.4318062173968	138.0	32	1.05	0.95				
	309	1	94.11578614912281	19.360961722105266	0.0	0.0	3	1.0266599792485929	-30.066994163753105	138.0	33	1.05	0.95				
	310	1	104.87187599473687	21.512179691228074	0.0	0.0	3	1.05	-32.10908522404546	138.0	33	1.05	0.95				
	311	1	0.0	0.0	0.0	0.0	3	1.0168343063473555	-24.948707433872052	230.0	33	1.05	0.95				
	312	1	0.0	0.0	0.0	0.0	3	1.0168131167905792	-24.339834979106485	230.0	33	1.05	0.95				
	313	2	142.51819045438597	29.0414425831579	0.0	0.0	3	1.0242050682199775	-21.170893548542555	230.0	34	1.05	0.95				
	314	2	104.33407150245615	20.97437519894737	0.0	0.0	3	1.0275020752811734	-22.162844443333586	230.0	36	1.05	0.95				
	315	2	170.48402405298248	34.419487505964916	0.0	0.0	3	1.0482414340562214	-15.448971090829293	230.0	36	1.05	0.95				
	316	2	53.78044922807018	10.756089845614037	0.0	0.0	3	1.0481707791494568	-15.027653245370109	230.0	36	1.05	0.95				
	317	1	0.0	0.0	0.0	0.0	3	1.0494431664910215	-12.422606791434465	230.0	37	1.05	0.95				
	318	2	179.0888959294737	36.57070547508773	0.0	0.0	3	1.0492087140713857	-11.785234054683842	230.0	37	1.05	0.95				
	319	1	97.34261310280704	19.89876621438597	0.0	0.0	3	1.0457996090516224	-16.03448264094947	230.0	35	1.05	0.95				
	320	1	68.83897501192983	13.982916799298248	0.0	0.0	3	1.0478521167489108	-15.902895613290584	230.0	35	1.05	0.95				
	321	2	0.0	0.0	0.0	0.0	3	1.05	-11.532031808549268	230.0	37	1.05	0.95				
	322	2	0.0	0.0	0.0	0.0	3	1.05	-7.535139923420838	230.0	37	1.05	0.95				
	323	2	0.0	0.0	0.0	0.0	3	1.05	-15.43692444596262	230.0	35	1.05	0.95				
	324	1	0.0	0.0	0.0	0.0	3	1.0216527670104358	-20.277157107349304	230.0	36	1.05	0.95				
	325	1	0.0	0.0	0.0	0.0	3	1.0409564640035367	-13.631509701720523	230.0	35	1.05	0.95				
];
