%% MATPOWER Case Format : Version 2
function mpc = RTS_GMLC
mpc.version = '2';

%%-----  Power Flow Data  -----%%
%% system MVA base
mpc.baseMVA = 100.0;
%% bus data
%    bus_i    type    Pd    Qd    Gs    Bs    area    Vm    Va    baseKV    zone    Vmax    Vmin
mpc.bus = [
	101	2	43.24542305684211	8.809252844912281	0.0	0.0	1	1.0331072753513202	3.0596807771835177	138.0	11	1.05	0.95				
	102	2	38.84079663438597	8.008411677192983	0.0	0.0	1	1.0327261332243352	2.9413320663375178	138.0	12	1.05	0.95				
	103	1	72.07570509473685	14.815561602807017	0.0	0.0	1	1.0288880356587666	-0.03576347671176302	138.0	11	1.05	0.95				
	104	1	29.631123205614035	6.006308757894736	0.0	0.0	1	1.0218038493254578	-0.5329834743495572	138.0	11	1.05	0.95				
	105	1	28.429861454035088	5.605888174035088	0.0	0.0	1	1.0359026627771024	-0.20966121321124326	138.0	11	1.05	0.95				
	106	1	54.45719940491228	11.211776348070176	0.0	-100.0	1	1.0459596765180488	-2.4541411176127763	138.0	12	1.05	0.95				
	107	2	50.05257298245615	10.010514596491229	0.0	0.0	1	1.0040332925291315	-6.769717342953903	138.0	12	1.05	0.95				
	108	1	68.47191984	14.01472043508772	0.0	0.0	1	1.0080169968210042	-6.0058725774999875	138.0	12	1.05	0.95				
	109	1	70.0736021754386	14.415141018947367	0.0	0.0	1	1.0253061733234612	-1.7525221043452919	138.0	13	1.05	0.95				
	110	1	78.08201385263158	16.016823354385966	0.0	0.0	1	1.05	-2.260719265621699	138.0	13	1.05	0.95				
	111	1	0.0	0.0	0.0	0.0	1	1.0032536696754215	-0.38070584502873467	230.0	13	1.05	0.95				
	112	1	0.0	0.0	0.0	0.0	1	1.0084608370151233	0.30554076589537815	230.0	13	1.05	0.95				
	113	3	106.11145472280701	21.622711528421053	0.0	0.0	1	0.9939394786665838	-9.61904947063779e-29	230.0	14	1.05	0.95				
	114	2	77.68159326877193	15.616402770526317	0.0	0.0	1	0.9992325528403686	1.03971097209922	230.0	16	1.05	0.95				
	115	2	126.93332508350876	25.626917367017544	0.0	0.0	1	1.0380734637757976	5.255697282357257	230.0	16	1.05	0.95				
	116	2	40.042058385964914	8.008411677192983	0.0	0.0	1	1.0333953318204199	5.3477203486817215	230.0	16	1.05	0.95				
	117	1	0.0	0.0	0.0	0.0	1	1.042227052389683	6.380576379831262	230.0	17	1.05	0.95				
	118	2	133.34005442526316	27.22859970245614	0.0	0.0	1	1.0451024036901662	5.959292859673674	230.0	17	1.05	0.95				
	119	1	72.47612567859649	14.815561602807017	0.0	0.0	1	1.0279767802979123	5.14887434110099	230.0	15	1.05	0.95				
	120	1	51.25383473403509	10.410935180350878	0.0	0.0	1	1.025782914614041	5.7563215126188	230.0	15	1.05	0.95				
	121	2	0.0	0.0	0.0	0.0	1	1.05	6.481128073471283	230.0	17	1.05	0.95				
	122	2	0.0	0.0	0.0	0.0	1	1.05	13.730555040386433	230.0	17	1.05	0.95				
	123	2	0.0	0.0	0.0	0.0	1	1.0251489612314646	6.402319078800852	230.0	15	1.05	0.95				
	124	1	0.0	0.0	0.0	0.0	1	1.0270166675534846	3.2812522266453814	230.0	16	1.05	0.95				
	201	2	49.06154573052632	9.994018574736842	0.0	0.0	2	1.0294087201120539	-7.060081598927151	138.0	21	1.05	0.95				
	202	2	44.06453644315789	9.085471431578949	0.0	0.0	2	1.0298231172206467	-7.03887490356039	138.0	22	1.05	0.95				
	203	1	81.76924288421053	16.808122148421052	0.0	0.0	2	1.0197723593233377	-6.759669789496473	138.0	21	1.05	0.95				
	204	1	33.616244296842105	6.814103573684211	0.0	0.0	2	1.0187377541520195	-9.467841209480804	138.0	21	1.05	0.95				
	205	1	32.25342358210526	6.359830002105264	0.0	0.0	2	1.033833594056781	-9.593681923724551	138.0	21	1.05	0.95				
	206	1	61.781205734736844	12.719660004210528	0.0	-100.0	2	1.0442437623301177	-11.443496754393893	138.0	22	1.05	0.95				
	207	2	56.784196447368416	11.356839289473685	0.0	0.0	2	0.9875643692758185	-18.33225548992611	138.0	22	1.05	0.95				
	208	1	77.68078074	15.89957500526316	0.0	0.0	2	0.9946381863624314	-16.269491799007355	138.0	22	1.05	0.95				
	209	1	79.4978750263158	16.353848576842108	0.0	0.0	2	1.0230098498805005	-9.60090050312333	138.0	23	1.05	0.95				
	210	1	88.58334645789473	18.170942863157897	0.0	0.0	2	1.05	-10.715426137428198	138.0	23	1.05	0.95				
	211	1	0.0	0.0	0.0	0.0	2	1.0067115961007729	-7.049206172651029	230.0	23	1.05	0.95				
	212	1	0.0	0.0	0.0	0.0	2	1.011577995669142	-6.860295610725937	230.0	23	1.05	0.95				
	213	2	120.38249646842105	24.53077286526316	0.0	0.0	2	1.0006023215097375	-6.579371420822349	230.0	24	1.05	0.95				
	214	2	88.12907288631578	17.71666929157895	0.0	0.0	2	1.009003501792775	-4.255947479890001	230.0	26	1.05	0.95				
	215	2	144.0047221905263	29.073508581052632	0.0	0.0	2	1.0299922012748712	2.758675515042084	230.0	26	1.05	0.95				
	216	2	45.42735715789474	9.085471431578949	0.0	0.0	2	1.0326691568320923	2.3894956246185006	230.0	26	1.05	0.95				
	217	1	0.0	0.0	0.0	0.0	2	1.0370769960988888	5.522606740548501	230.0	27	1.05	0.95				
	218	2	151.27309933578948	30.890602867368422	0.0	0.0	2	1.0391614594675926	6.164201665329976	230.0	27	1.05	0.95				
	219	1	82.22351645578948	16.808122148421052	0.0	0.0	2	1.0327622301674355	0.7266925895054412	230.0	25	1.05	0.95				
	220	1	58.147017162105264	11.811112861052631	0.0	0.0	2	1.0364357505871085	0.16046518934851198	230.0	25	1.05	0.95				
	221	2	0.0	0.0	0.0	0.0	2	1.0386365404897298	5.7806054679677965	230.0	27	1.05	0.95				
	222	2	0.0	0.0	0.0	0.0	2	1.05	12.180026116041423	230.0	27	1.05	0.95				
	223	2	0.0	0.0	0.0	0.0	2	1.039048520087684	0.19116760597241075	230.0	25	1.05	0.95				
	224	1	0.0	0.0	0.0	0.0	2	1.0143670345904416	-0.8058306294544878	230.0	26	1.05	0.95				
	301	2	62.43910154526316	12.719076240701755	0.0	0.0	3	1.008570872008715	-38.066798647877555	138.0	31	1.05	0.95				
	302	2	56.07956342491228	11.562796582456143	0.0	0.0	3	1.0079289857754934	-38.226718747186354	138.0	32	1.05	0.95				
	303	1	104.06516924210527	21.391173677543858	0.0	0.0	3	1.022063833520932	-30.203531528366323	138.0	31	1.05	0.95				
	304	1	42.782347355087715	8.672097436842105	0.0	0.0	3	1.0072129095351143	-36.273361201046974	138.0	31	1.05	0.95				
	305	1	41.047927867719295	8.093957607719299	0.0	0.0	3	1.0213645365774267	-37.25568737767123	138.0	31	1.05	0.95				
	306	1	78.62701676070176	16.187915215438597	0.0	-100.0	3	1.0359432962584585	-37.448806813246925	138.0	32	1.05	0.95				
	307	2	72.26747864035087	14.453495728070177	0.0	0.0	3	0.9937217525151277	-43.44353504703627	138.0	32	1.05	0.95				
	308	1	98.86191078	20.234894019298245	0.0	0.0	3	0.9939555424503305	-40.99965078717843	138.0	32	1.05	0.95				
	309	1	101.17447009649123	20.813033848421053	0.0	0.0	3	1.0267216119658382	-32.3178055834698	138.0	33	1.05	0.95				
	310	1	112.73726667894736	23.125593164912285	0.0	0.0	3	1.05	-34.58885462588902	138.0	33	1.05	0.95				
	311	1	0.0	0.0	0.0	0.0	3	1.0192711332092645	-27.03945233504964	230.0	33	1.05	0.95				
	312	1	0.0	0.0	0.0	0.0	3	1.0174443118456102	-26.451580008115744	230.0	33	1.05	0.95				
	313	2	153.20705471754385	31.21955077263158	0.0	0.0	3	1.0278130206848954	-23.291184019736242	230.0	34	1.05	0.95				
	314	2	112.15912684982456	22.547453335789474	0.0	0.0	3	1.0325737971001774	-23.99786920002201	230.0	36	1.05	0.95				
	315	2	183.27032583192982	37.00094906385965	0.0	0.0	3	1.0492999217578465	-16.626186754208156	230.0	36	1.05	0.95				
	316	2	57.81398291228071	11.562796582456143	0.0	0.0	3	1.0491841200557643	-16.227470011578287	230.0	36	1.05	0.95				
	317	1	0.0	0.0	0.0	0.0	3	1.05	-13.062841460412395	230.0	37	1.05	0.95				
	318	2	192.52056309789475	39.31350838035088	0.0	0.0	3	1.0488664413684685	-12.605284953433324	230.0	37	1.05	0.95				
	319	1	104.64330907122807	21.391173677543858	0.0	0.0	3	1.0459540825727545	-17.447029242888693	230.0	35	1.05	0.95				
	320	1	74.0018981277193	15.031635557192983	0.0	0.0	3	1.0478002758369105	-17.427302914509117	230.0	35	1.05	0.95				
	321	2	0.0	0.0	0.0	0.0	3	1.05	-12.414843732629564	230.0	37	1.05	0.95				
	322	2	0.0	0.0	0.0	0.0	3	1.05	-7.9151970863271846	230.0	37	1.05	0.95				
	323	2	0.0	0.0	0.0	0.0	3	1.05	-16.993848426344186	230.0	35	1.05	0.95				
	324	1	0.0	0.0	0.0	0.0	3	1.0217511105081585	-21.638882862914905	230.0	36	1.05	0.95				
	325	1	0.0	0.0	0.0	0.0	3	1.0401799244993264	-15.106451096179212	230.0	35	1.05	0.95				
];
