%% MATPOWER Case Format : Version 2
function mpc = RTS_GMLC
mpc.version = '2';

%%-----  Power Flow Data  -----%%
%% system MVA base
mpc.baseMVA = 100.0;
%% bus data
%    bus_i    type    Pd    Qd    Gs    Bs    area    Vm    Va    baseKV    zone    Vmax    Vmin
mpc.bus = [
	101	2	45.5032162231579	9.26917367508772	0.0	0.0	1	1.0119683639455852	-4.2816074492381695	138.0	11	1.05	0.95				
	102	2	40.868629385614035	8.426521522807018	0.0	0.0	1	1.0119021394242886	-4.523437223793584	138.0	12	1.05	0.95				
	103	1	75.83869370526315	15.589064817192982	0.0	0.0	1	1.000691090502636	1.1368201857628495	138.0	11	1.05	0.95				
	104	1	31.178129634385964	6.319891142105264	0.0	0.0	1	1.002004218270651	-4.3908259429472345	138.0	11	1.05	0.95				
	105	1	29.914151405964912	5.898565065964913	0.0	0.0	1	1.0162042035777672	-5.508994723692491	138.0	11	1.05	0.95				
	106	1	57.300346355087726	11.797130131929826	0.0	-100.0	1	1.026315494579668	-6.702885829852702	138.0	12	1.05	0.95				
	107	2	52.66575951754386	10.533151903508772	0.0	0.0	1	0.9878056711468767	-11.026835050204452	138.0	12	1.05	0.95				
	108	1	72.04675902000001	14.746412664912281	0.0	0.0	1	0.9878320959448086	-9.56701288884148	138.0	12	1.05	0.95				
	109	1	73.73206332456141	15.16773874105263	0.0	0.0	1	1.001893054134519	-3.3405648132042387	138.0	13	1.05	0.95				
	110	1	82.15858484736842	16.853043045614037	0.0	0.0	1	1.0305597633572239	-5.361533389483647	138.0	13	1.05	0.95				
	111	1	0.0	0.0	0.0	0.0	1	0.9829732509515757	-0.5369401973575987	230.0	13	1.05	0.95				
	112	1	0.0	0.0	0.0	0.0	1	0.983761026617037	-1.4639321922610615	230.0	13	1.05	0.95				
	113	3	111.65141017719297	22.75160811157895	0.0	0.0	1	0.9660896949654221	8.141716296698956e-27	230.0	14	1.05	0.95				
	114	2	81.73725877122807	16.431716969473687	0.0	0.0	1	0.9933998409029325	2.931242369602586	230.0	16	1.05	0.95				
	115	2	133.56036613649124	26.964868872982457	0.0	0.0	1	0.9909887392267748	12.45807063520128	230.0	16	1.05	0.95				
	116	2	42.13260761403509	8.426521522807018	0.0	0.0	1	0.9897359804715335	10.769430619425325	230.0	16	1.05	0.95				
	117	1	0.0	0.0	0.0	0.0	1	0.99226083109034	16.779518433630773	230.0	17	1.05	0.95				
	118	2	140.30158335473686	28.650173177543863	0.0	0.0	1	1.0012808701822387	17.41801390337659	230.0	17	1.05	0.95				
	119	1	76.26001978140351	15.589064817192982	0.0	0.0	1	0.9895806799381656	6.834549023811857	230.0	15	1.05	0.95				
	120	1	53.929737745964914	10.954477979649123	0.0	0.0	1	0.9951032991245538	3.870721756423621	230.0	15	1.05	0.95				
	121	2	0.0	0.0	0.0	0.0	1	1.0019581232813697	18.809620817621084	230.0	17	1.05	0.95				
	122	2	0.0	0.0	0.0	0.0	1	1.007578029533126	36.3022109563213	230.0	17	1.05	0.95				
	123	2	0.0	0.0	0.0	0.0	1	0.9994183149147535	2.595943073743279	230.0	15	1.05	0.95				
	124	1	0.0	0.0	0.0	0.0	1	0.981124136466187	8.13306622654607	230.0	16	1.05	0.95				
	201	2	47.41256099368422	9.658114276491228	0.0	0.0	2	1.0098825601268413	-12.80422776247497	138.0	21	1.05	0.95				
	202	2	42.5835038554386	8.780103887719298	0.0	0.0	2	1.0088461234873096	-12.993067080129071	138.0	22	1.05	0.95				
	203	1	79.02093498947369	16.243192192280702	0.0	0.0	2	0.9964070631271233	-9.684843320699004	138.0	21	1.05	0.95				
	204	1	32.486384384561404	6.585077915789474	0.0	0.0	2	0.9994037287298116	-11.908078535441701	138.0	21	1.05	0.95				
	205	1	31.169368801403508	6.14607272140351	0.0	0.0	2	1.0155938278421521	-12.314127886049832	138.0	21	1.05	0.95				
	206	1	59.70470643649123	12.29214544280702	0.0	-100.0	2	1.0266726099498857	-12.581706191123454	138.0	22	1.05	0.95				
	207	2	54.87564929824561	10.975129859649122	0.0	0.0	2	0.9704105202646995	-17.926711012467052	138.0	22	1.05	0.95				
	208	1	75.06988824	15.36518180350877	0.0	0.0	2	0.977528847828476	-15.86503274302371	138.0	22	1.05	0.95				
	209	1	76.82590901754386	15.804186997894737	0.0	0.0	2	1.005394340059805	-9.14281946362059	138.0	23	1.05	0.95				
	210	1	85.60601290526316	17.560207775438595	0.0	0.0	2	1.0324508040165492	-10.365912059946028	138.0	23	1.05	0.95				
	211	1	0.0	0.0	0.0	0.0	2	0.9884229055918763	-6.56358152836225	230.0	23	1.05	0.95				
	212	1	0.0	0.0	0.0	0.0	2	0.9890591893247133	-1.6478786919175903	230.0	23	1.05	0.95				
	213	2	116.33637651228071	23.70628049684211	0.0	0.0	2	0.9855170331021437	-3.8861987486624274	230.0	24	1.05	0.95				
	214	2	85.1670077108772	17.121202581052632	0.0	0.0	2	0.9870497908475657	-5.59533291030962	230.0	26	1.05	0.95				
	215	2	139.16464662035088	28.096332440701755	0.0	0.0	2	0.9925251308314001	-1.027343317390326	230.0	26	1.05	0.95				
	216	2	43.90051943859649	8.780103887719298	0.0	0.0	2	0.9912194570228489	-1.2992359303595042	230.0	26	1.05	0.95				
	217	1	0.0	0.0	0.0	0.0	2	1.0013186137283978	-0.19690461945148144	230.0	27	1.05	0.95				
	218	2	146.18872973052632	29.852353218245614	0.0	0.0	2	1.0021003800252606	-0.7956617814099859	230.0	27	1.05	0.95				
	219	1	79.45994018385966	16.243192192280702	0.0	0.0	2	0.984738109586468	-0.37746641719397744	230.0	25	1.05	0.95				
	220	1	56.19266488140351	11.414135054035087	0.0	0.0	2	0.9827949603626588	1.3611213296110725	230.0	25	1.05	0.95				
	221	2	0.0	0.0	0.0	0.0	2	1.0045719552363075	-0.25961786187245506	230.0	27	1.05	0.95				
	222	2	0.0	0.0	0.0	0.0	2	1.0222618535603436	4.796321739389992	230.0	27	1.05	0.95				
	223	2	0.0	0.0	0.0	0.0	2	0.9831625583903809	2.6881800539984733	230.0	25	1.05	0.95				
	224	1	0.0	0.0	0.0	0.0	2	0.9835496993121198	-4.3169231961643595	230.0	26	1.05	0.95				
	301	2	63.51534325894737	12.938310663859648	0.0	0.0	3	1.002329888433592	29.083358561660027	138.0	31	1.05	0.95				
	302	2	57.04618792701754	11.762100603508772	0.0	0.0	3	1.0029961434610601	28.710635503325076	138.0	32	1.05	0.95				
	303	1	105.85890543157895	21.759886116491227	0.0	0.0	3	1.0143058487229755	44.49713725735459	138.0	31	1.05	0.95				
	304	1	43.519772232982454	8.82157545263158	0.0	0.0	3	0.9924655703459788	30.6085473588526	138.0	31	1.05	0.95				
	305	1	41.75545714245614	8.23347042245614	0.0	0.0	3	1.010292443525647	28.462178564904086	138.0	31	1.05	0.95				
	306	1	79.98228410385966	16.46694084491228	0.0	-100.0	3	1.0215612579025264	27.43471637321892	138.0	32	1.05	0.95				
	307	2	73.51312877192983	14.702625754385965	0.0	0.0	3	0.9659797162674039	23.982195754245772	138.0	32	1.05	0.95				
	308	1	100.56596015999999	20.583676056140348	0.0	0.0	3	0.9759908109503723	26.759509372782208	138.0	32	1.05	0.95				
	309	1	102.91838028070175	21.17178108631579	0.0	0.0	3	1.0046997111095934	34.67426498316664	138.0	33	1.05	0.95				
	310	1	114.68048088421052	23.524201207017544	0.0	0.0	3	1.0334369135995614	29.779884435967922	138.0	33	1.05	0.95				
	311	1	0.0	0.0	0.0	0.0	3	0.9956080550774714	34.47977452094953	230.0	33	1.05	0.95				
	312	1	0.0	0.0	0.0	0.0	3	1.0019604770124526	34.87807950522953	230.0	33	1.05	0.95				
	313	2	155.8478329964912	31.757671629473684	0.0	0.0	3	1.0057505364968844	38.101412210184385	230.0	34	1.05	0.95				
	314	2	114.09237585403508	22.936096176842106	0.0	0.0	3	0.9893413636855448	33.609632732100394	230.0	36	1.05	0.95				
	315	2	186.42929456561404	37.63872193122807	0.0	0.0	3	0.9887234883488406	31.365257570464887	230.0	36	1.05	0.95				
	316	2	58.81050301754386	11.762100603508772	0.0	0.0	3	0.9827584935119914	31.766960761279595	230.0	36	1.05	0.95				
	317	1	0.0	0.0	0.0	0.0	3	0.9940355633729033	33.223426113199245	230.0	37	1.05	0.95				
	318	2	195.83897504842105	39.99114205192983	0.0	0.0	3	0.9871523245032735	29.370415534167943	230.0	37	1.05	0.95				
	319	1	106.44701046175437	21.759886116491227	0.0	0.0	3	0.9912300452088771	31.855849918960587	230.0	35	1.05	0.95				
	320	1	75.27744386245614	15.290730784561404	0.0	0.0	3	1.000480133052011	31.749970130412805	230.0	35	1.05	0.95				
	321	2	0.0	0.0	0.0	0.0	3	0.99606096424441	30.502390781562372	230.0	37	1.05	0.95				
	322	2	0.0	0.0	0.0	0.0	3	1.0131311151231834	34.29943064990362	230.0	37	1.05	0.95				
	323	2	0.0	0.0	0.0	0.0	3	1.0055398835387632	31.565497230656252	230.0	35	1.05	0.95				
	324	1	0.0	0.0	0.0	0.0	3	0.9961394344282489	37.74619638220455	230.0	36	1.05	0.95				
