%% MATPOWER Case Format : Version 2
function mpc = RTS_GMLC
mpc.version = '2';

%%-----  Power Flow Data  -----%%
%% system MVA base
mpc.baseMVA = 100.0;
%% bus data
%    bus_i    type    Pd    Qd    Gs    Bs    area    Vm    Va    baseKV    zone    Vmax    Vmin
mpc.bus = [
	101	2	76.91192480842105	15.66724394245614	0.0	0.0	1	1.0432721590171417	-1.2931959069667727	138.0	11	1.05	0.95				
	102	2	69.07830283719298	14.242949038596493	0.0	0.0	1	1.0427830053561213	-1.4982434093233605	138.0	12	1.05	0.95				
	103	1	128.18654134736843	26.34945572140351	0.0	0.0	1	1.028805173806692	-1.6392936231705055	138.0	11	1.05	0.95				
	104	1	52.69891144280702	10.682211778947368	0.0	0.0	1	1.0220343573768818	-4.798786809578985	138.0	11	1.05	0.95				
	105	1	50.56246908701753	9.970064327017544	0.0	0.0	1	1.0367618674587535	-4.977739585730377	138.0	11	1.05	0.95				
	106	1	96.85205346245614	19.94012865403509	0.0	-100.0	1	1.0393224936541452	-7.728036918480045	138.0	12	1.05	0.95				
	107	2	89.01843149122807	17.803686298245612	0.0	0.0	1	1.0125032836040602	-11.039169635882306	138.0	12	1.05	0.95				
	108	1	121.77721428	24.925160817543855	0.0	0.0	1	1.0035782276024225	-11.054974240232037	138.0	12	1.05	0.95				
	109	1	124.62580408771929	25.637308269473678	0.0	0.0	1	1.02631114157056	-5.01743481571744	138.0	13	1.05	0.95				
	110	1	138.8687531263158	28.485898077192985	0.0	0.0	1	1.05	-6.515436274587133	138.0	13	1.05	0.95				
	111	1	0.0	0.0	0.0	0.0	1	1.0144160974581158	-2.019667532699135	230.0	13	1.05	0.95				
	112	1	0.0	0.0	0.0	0.0	1	1.0162953532776275	-1.4558930704454647	230.0	13	1.05	0.95				
	113	3	188.7190747614035	38.455962404210524	0.0	0.0	1	1.0156862658530947	3.031771627797347e-28	230.0	14	1.05	0.95				
	114	2	138.15660567438596	27.773750625263162	0.0	0.0	1	1.0182463010126805	-0.004391081965377204	230.0	16	1.05	0.95				
	115	2	225.75074226175437	45.57743692350877	0.0	0.0	1	1.0451466262604703	7.855164876548407	230.0	16	1.05	0.95				
	116	2	71.21474519298245	14.242949038596493	0.0	0.0	1	1.04306090618078	7.139504516173717	230.0	16	1.05	0.95				
	117	1	0.0	0.0	0.0	0.0	1	1.045826124650085	10.303830890086477	230.0	17	1.05	0.95				
	118	2	237.14510149263157	48.42602673122807	0.0	0.0	1	1.048038696814782	10.724366192103306	230.0	17	1.05	0.95				
	119	1	128.89868879929824	26.34945572140351	0.0	0.0	1	1.036393415941761	5.649137859208206	230.0	15	1.05	0.95				
	120	1	91.15487384701754	18.51583375017544	0.0	0.0	1	1.0359554725202214	5.225814389823547	230.0	15	1.05	0.95				
	121	2	0.0	0.0	0.0	0.0	1	1.05	12.309448496940512	230.0	17	1.05	0.95				
	122	2	0.0	0.0	0.0	0.0	1	1.05	20.017328683897514	230.0	17	1.05	0.95				
	123	2	0.0	0.0	0.0	0.0	1	1.0375126575234732	5.523835667923156	230.0	15	1.05	0.95				
	124	1	0.0	0.0	0.0	0.0	1	1.0270842374665194	4.321252789510207	230.0	16	1.05	0.95				
	201	2	73.66031795368421	15.004879583157892	0.0	0.0	2	1.0318275929997571	-11.197743108555409	138.0	21	1.05	0.95				
	202	2	66.15787816210525	13.640799621052633	0.0	0.0	2	1.0323253690499372	-11.170518685544943	138.0	22	1.05	0.95				
	203	1	122.76719658947368	25.235479298947368	0.0	0.0	2	1.0192392556717156	-10.034711600666123	138.0	21	1.05	0.95				
	204	1	50.470958597894736	10.230599715789472	0.0	0.0	2	1.0169451627206885	-12.57752369197665	138.0	21	1.05	0.95				
	205	1	48.42483865473683	9.548559734736841	0.0	0.0	2	1.03230399431506	-12.84888291772729	138.0	21	1.05	0.95				
	206	1	92.7574374231579	19.097119469473682	0.0	-100.0	2	1.038735009151828	-14.40095547422304	138.0	22	1.05	0.95				
	207	2	85.25499763157895	17.05099952631579	0.0	0.0	2	0.9751100213999043	-24.4980386613652	138.0	22	1.05	0.95				
	208	1	116.62883676	23.871399336842103	0.0	0.0	2	0.9771465846600569	-21.159595464155174	138.0	22	1.05	0.95				
	209	1	119.35699668421051	24.553439317894735	0.0	0.0	2	1.0256041577633037	-10.957707924396864	138.0	23	1.05	0.95				
	210	1	132.99779630526314	27.281599242105266	0.0	0.0	2	1.05	-12.362713120843553	138.0	23	1.05	0.95				
	211	1	0.0	0.0	0.0	0.0	2	1.0202957497711536	-7.461107647762841	230.0	23	1.05	0.95				
	212	1	0.0	0.0	0.0	0.0	2	1.0222337547809972	-2.8015341342137763	230.0	23	1.05	0.95				
	213	2	180.74059497894734	36.83015897684211	0.0	0.0	2	1.0252620963994479	-5.001668614538344	230.0	24	1.05	0.95				
	214	2	132.3157563242105	26.59955926105263	0.0	0.0	2	1.028727019871659	-5.458020782279333	230.0	26	1.05	0.95				
	215	2	216.20667399368418	43.65055878736842	0.0	0.0	2	1.0405141416318762	1.5377574575008346	230.0	26	1.05	0.95				
	216	2	68.20399810526315	13.640799621052633	0.0	0.0	2	1.0421292523113777	1.553531787936452	230.0	26	1.05	0.95				
	217	1	0.0	0.0	0.0	0.0	2	1.0447469419416513	4.135772751723062	230.0	27	1.05	0.95				
	218	2	227.1193136905263	46.37871871157895	0.0	0.0	2	1.0455156357257152	4.410581695898434	230.0	27	1.05	0.95				
	219	1	123.44923657052631	25.235479298947368	0.0	0.0	2	1.040774005147791	1.3600616269444743	230.0	25	1.05	0.95				
	220	1	87.30111757473684	17.73303950736842	0.0	0.0	2	1.0453926312483088	2.4744880089346557	230.0	25	1.05	0.95				
	221	2	0.0	0.0	0.0	0.0	2	1.0454107921036027	4.2129259083098995	230.0	27	1.05	0.95				
	222	2	0.0	0.0	0.0	0.0	2	1.05	10.69058801765367	230.0	27	1.05	0.95				
	223	2	0.0	0.0	0.0	0.0	2	1.0499999477332076	3.579717283825173	230.0	25	1.05	0.95				
	224	1	0.0	0.0	0.0	0.0	2	1.0180938687980488	-2.7539930410041453	230.0	26	1.05	0.95				
	301	2	79.47105347368421	16.18854792982456	0.0	0.0	3	0.9678600084209867	-7.772388209226822	138.0	31	1.05	0.95				
	302	2	71.37677950877193	14.716861754385965	0.0	0.0	3	0.9702781044826377	-7.903274759197563	138.0	32	1.05	0.95				
	303	1	132.45175578947368	27.226194245614032	0.0	0.0	3	0.9934809398527276	-3.207737578759931	138.0	31	1.05	0.95				
	304	1	54.452388491228064	11.037646315789472	0.0	0.0	3	0.9659468250996627	-5.141572773377947	138.0	31	1.05	0.95				
	305	1	52.244859228070176	10.301803228070176	0.0	0.0	3	0.9762830162371676	-5.283855171887604	138.0	31	1.05	0.95				
	306	1	100.07465992982456	20.60360645614035	0.0	-100.0	3	0.9890616137196541	-4.751183998756509	138.0	32	1.05	0.95				
	307	2	91.98038596491227	18.396077192982453	0.0	0.0	3	0.95	-10.856001857348026	138.0	32	1.05	0.95				
	308	1	125.829168	25.754508070175437	0.0	0.0	3	0.9544590553973873	-7.1019473867197425	138.0	32	1.05	0.95				
	309	1	128.77254035087716	26.490351157894732	0.0	0.0	3	0.9918295698018683	0.3333787298605358	138.0	33	1.05	0.95				
	310	1	143.48940210526314	29.43372350877193	0.0	0.0	3	1.0095374901300025	-0.2430045134554144	138.0	33	1.05	0.95				
	311	1	0.0	0.0	0.0	0.0	3	0.9852914434961623	8.187543241255504	230.0	33	1.05	0.95				
	312	1	0.0	0.0	0.0	0.0	3	0.9897988727901997	9.818921915624452	230.0	33	1.05	0.95				
	313	2	194.998418245614	39.735526736842104	0.0	0.0	3	1.0159461790671112	18.108878220128627	230.0	34	1.05	0.95				
	314	2	142.75355901754386	28.69788042105263	0.0	0.0	3	0.9985378298933864	7.314814992953037	230.0	36	1.05	0.95				
	315	2	233.2622588070175	47.093957614035084	0.0	0.0	3	1.0493599119290298	2.822724875116149	230.0	36	1.05	0.95				
	316	2	73.58430877192981	14.716861754385965	0.0	0.0	3	1.0464432487429516	4.623822285257162	230.0	36	1.05	0.95				
	317	1	0.0	0.0	0.0	0.0	3	1.0489091269177964	4.077046150264515	230.0	37	1.05	0.95				
	318	2	245.03574821052632	50.03732996491228	0.0	0.0	3	1.0473093079102658	2.93254208334817	230.0	37	1.05	0.95				
	319	1	133.18759887719298	27.226194245614032	0.0	0.0	3	1.0371290576973051	7.312238602534963	230.0	35	1.05	0.95				
	320	1	94.18791522807017	19.131920280701753	0.0	0.0	3	1.0336339488149513	9.634676406355666	230.0	35	1.05	0.95				
	321	2	0.0	0.0	0.0	0.0	3	1.0499999929250294	3.4505439941742218	230.0	37	1.05	0.95				
	322	2	0.0	0.0	0.0	0.0	3	1.05	8.042803985273743	230.0	37	1.05	0.95				
	323	2	0.0	0.0	0.0	0.0	3	1.032431512238357	10.61995699466206	230.0	35	1.05	0.95				
	324	1	0.0	0.0	0.0	0.0	3	1.0225769847367268	2.646750694512008	230.0	36	1.05	0.95				
	325	1	0.0	0.0	0.0	0.0	3	1.0344416677313477	10.77232455406733	230.0	35	1.05	0.95				
];
