%% MATPOWER Case Format : Version 2
function mpc = RTS_GMLC
mpc.version = '2';

%%-----  Power Flow Data  -----%%
%% system MVA base
mpc.baseMVA = 100.0;
%% bus data
%    bus_i    type    Pd    Qd    Gs    Bs    area    Vm    Va    baseKV    zone    Vmax    Vmin
mpc.bus = [
	101	2	56.631865414736836	11.536120732631579	0.0	0.0	1	1.0336175491881834	-1.4743244222119853	138.0	11	1.05	0.95				
	102	2	50.86380504842105	10.487382484210526	0.0	0.0	1	1.0329185984450837	-1.6974035510554766	138.0	12	1.05	0.95				
	103	1	94.38644235789472	19.401657595789473	0.0	0.0	1	1.025231773317376	-2.2392942594260643	138.0	11	1.05	0.95				
	104	1	38.803315191578946	7.865536863157894	0.0	0.0	1	1.0197124489596137	-4.419903711239058	138.0	11	1.05	0.95				
	105	1	37.23020781894736	7.341167738947369	0.0	0.0	1	1.0348775597618285	-4.32290474173297	138.0	11	1.05	0.95				
	106	1	71.31420089263159	14.682335477894737	0.0	-100.0	1	1.0429011272441384	-6.461085838376728	138.0	12	1.05	0.95				
	107	2	65.54614052631578	13.109228105263156	0.0	0.0	1	1.0014767214065865	-12.299776860157996	138.0	12	1.05	0.95				
	108	1	89.66712024	18.352919347368417	0.0	0.0	1	1.0015886424611766	-10.860233160185633	138.0	12	1.05	0.95				
	109	1	91.7645967368421	18.877288471578947	0.0	0.0	1	1.0248722436737578	-4.522249684689735	138.0	13	1.05	0.95				
	110	1	102.25197922105262	20.974764968421052	0.0	0.0	1	1.05	-5.558029336352495	138.0	13	1.05	0.95				
	111	1	0.0	0.0	0.0	0.0	1	1.007595096883599	-1.7123289606120025	230.0	13	1.05	0.95				
	112	1	0.0	0.0	0.0	0.0	1	1.0113661874585183	-1.2649311600594573	230.0	13	1.05	0.95				
	113	3	138.95781791578946	28.315932707368418	0.0	0.0	1	1.005667030329293	-1.732796949600715e-30	230.0	14	1.05	0.95				
	114	2	101.7276100968421	20.450395844210526	0.0	0.0	1	1.0066390498133084	0.2197512910005401	230.0	16	1.05	0.95				
	115	2	166.22501237473685	33.55962394947368	0.0	0.0	1	1.0372243752913357	6.72669436912243	230.0	16	1.05	0.95				
	116	2	52.436912421052625	10.487382484210526	0.0	0.0	1	1.03396368300181	6.077310093264479	230.0	16	1.05	0.95				
	117	1	0.0	0.0	0.0	0.0	1	1.0396927421942228	8.52280953886959	230.0	17	1.05	0.95				
	118	2	174.61491836210524	35.657100446315795	0.0	0.0	1	1.0415251526683622	8.774243539787244	230.0	17	1.05	0.95				
	119	1	94.91081148210526	19.401657595789473	0.0	0.0	1	1.0280321651498983	4.785082796512446	230.0	15	1.05	0.95				
	120	1	67.11924789894736	13.633597229473684	0.0	0.0	1	1.027089083012489	4.672431548066398	230.0	15	1.05	0.95				
	121	2	0.0	0.0	0.0	0.0	1	1.0445414415419625	10.212898098075332	230.0	17	1.05	0.95				
	122	2	0.0	0.0	0.0	0.0	1	1.05	16.51129467248203	230.0	17	1.05	0.95				
	123	2	0.0	0.0	0.0	0.0	1	1.0275592467783432	5.01148072551689	230.0	15	1.05	0.95				
	124	1	0.0	0.0	0.0	0.0	1	1.0214840053773868	3.3760865249548786	230.0	16	1.05	0.95				
	201	2	54.73949316631579	11.150637496842105	0.0	0.0	2	1.0242019997807608	-11.243413156979491	138.0	21	1.05	0.95				
	202	2	49.164174417894735	10.13694317894737	0.0	0.0	2	1.0251498106897519	-11.054186773643803	138.0	22	1.05	0.95				
	203	1	91.23248861052632	18.75334488105263	0.0	0.0	2	1.0176834184664194	-9.916306633696742	138.0	21	1.05	0.95				
	204	1	37.50668976210526	7.602707384210526	0.0	0.0	2	1.0163076705855285	-12.476252403272376	138.0	21	1.05	0.95				
	205	1	35.986148285263155	7.095860225263159	0.0	0.0	2	1.0308374730580825	-12.82289655661247	138.0	21	1.05	0.95				
	206	1	68.93121361684211	14.191720450526319	0.0	-100.0	2	1.042062321529451	-14.155587189515861	138.0	22	1.05	0.95				
	207	2	63.35589486842106	12.67117897368421	0.0	0.0	2	0.9897196713321965	-21.431313372172255	138.0	22	1.05	0.95				
	208	1	86.67086418	17.739650563157895	0.0	0.0	2	0.9937877605466803	-19.073252802849744	138.0	22	1.05	0.95				
	209	1	88.69825281578947	18.24649772210526	0.0	0.0	2	1.0239289079217953	-11.559767914910692	138.0	23	1.05	0.95				
	210	1	98.83519599473684	20.27388635789474	0.0	0.0	2	1.05	-12.79932792720506	138.0	23	1.05	0.95				
	211	1	0.0	0.0	0.0	0.0	2	1.0104691926410045	-8.140688194646069	230.0	23	1.05	0.95				
	212	1	0.0	0.0	0.0	0.0	2	1.011491832751541	-7.115570199486434	230.0	23	1.05	0.95				
	213	2	134.31449712105263	27.369746583157895	0.0	0.0	2	1.0091826741375884	-6.589248808576695	230.0	24	1.05	0.95				
	214	2	98.32834883578947	19.76703919894737	0.0	0.0	2	1.014815190836468	-5.3998773517019805	230.0	26	1.05	0.95				
	215	2	160.6705493863158	32.43821817263158	0.0	0.0	2	1.0325953872592748	1.5146664555524079	230.0	26	1.05	0.95				
	216	2	50.68471589473684	10.13694317894737	0.0	0.0	2	1.0340304492673824	1.5384961264244457	230.0	26	1.05	0.95				
	217	1	0.0	0.0	0.0	0.0	2	1.0378786714433634	4.024582465528912	230.0	27	1.05	0.95				
	218	2	168.78010392947368	34.46560680842106	0.0	0.0	2	1.0389130274228313	4.312806297118318	230.0	27	1.05	0.95				
	219	1	91.73933576947368	18.75334488105263	0.0	0.0	2	1.0346592078350267	1.540607841269043	230.0	25	1.05	0.95				
	220	1	64.87643634526316	13.17802613263158	0.0	0.0	2	1.038971547061122	2.5109162330309562	230.0	25	1.05	0.95				
	221	2	0.0	0.0	0.0	0.0	2	1.0391758213363935	4.144571298381788	230.0	27	1.05	0.95				
	222	2	0.0	0.0	0.0	0.0	2	1.05	10.598838335639401	230.0	27	1.05	0.95				
	223	2	0.0	0.0	0.0	0.0	2	1.0425243566360365	3.4178931241860426	230.0	25	1.05	0.95				
	224	1	0.0	0.0	0.0	0.0	2	1.0128410493012492	-2.749897934328552	230.0	26	1.05	0.95				
	301	2	48.31129390736842	9.841189499649122	0.0	0.0	3	1.0145139358704371	0.5825665441909865	138.0	31	1.05	0.95				
	302	2	43.390699157543864	8.94653590877193	0.0	0.0	3	1.0133715893540929	0.2125603556920588	138.0	32	1.05	0.95				
	303	1	80.51882317894737	16.55109143122807	0.0	0.0	3	1.05	15.310193865760061	138.0	31	1.05	0.95				
	304	1	33.10218286245614	6.709901931578948	0.0	0.0	3	1.0107327987047243	1.3348151033079165	138.0	31	1.05	0.95				
	305	1	31.760202476140346	6.262575136140351	0.0	0.0	3	1.0267285984649897	-0.8325259506205719	138.0	31	1.05	0.95				
	306	1	60.83644417964913	12.525150272280703	0.0	-100.0	3	1.0410318857188388	-2.1603475981921476	138.0	32	1.05	0.95				
	307	2	55.91584942982456	11.183169885964912	0.0	0.0	3	0.9881190197546661	-6.447347967818979	138.0	32	1.05	0.95				
	308	1	76.49288202	15.656437840350875	0.0	0.0	3	0.994717488638862	-4.412054925214802	138.0	32	1.05	0.95				
	309	1	78.28218920175438	16.10376463578947	0.0	0.0	3	1.022408506953061	4.102370317833526	138.0	33	1.05	0.95				
	310	1	87.22872511052631	17.89307181754386	0.0	0.0	3	1.05	-0.8113323676347067	138.0	33	1.05	0.95				
	311	1	0.0	0.0	0.0	0.0	3	1.0101963916480736	3.201612811219505	230.0	33	1.05	0.95				
	312	1	0.0	0.0	0.0	0.0	3	1.0149993998266904	3.712954878579792	230.0	33	1.05	0.95				
	313	2	118.54160079122806	24.15564695368421	0.0	0.0	3	1.0124548166679528	5.5398099509742345	230.0	34	1.05	0.95				
	314	2	86.78139831508773	17.445745022105264	0.0	0.0	3	1.0058744978135703	2.8031098181904825	230.0	36	1.05	0.95				
	315	2	141.8025941540351	28.628914908070175	0.0	0.0	3	1.0461657336181909	5.5624905773169	230.0	36	1.05	0.95				
	316	2	44.732679543859646	8.94653590877193	0.0	0.0	3	1.0372047958076374	4.911363183220488	230.0	36	1.05	0.95				
	317	1	0.0	0.0	0.0	0.0	3	1.0465674047290767	7.589638443187331	230.0	37	1.05	0.95				
	318	2	148.95982288105262	30.418222089824564	0.0	0.0	3	1.045151077865875	6.400670240565916	230.0	37	1.05	0.95				
	319	1	80.96614997438597	16.55109143122807	0.0	0.0	3	1.0285110718575043	4.220690292416055	230.0	35	1.05	0.95				
	320	1	57.25782981614035	11.630496681403509	0.0	0.0	3	1.0240662129474098	4.4844398150749525	230.0	35	1.05	0.95				
	321	2	0.0	0.0	0.0	0.0	3	1.0462580473691734	6.690671329268247	230.0	37	1.05	0.95				
	322	2	0.0	0.0	0.0	0.0	3	1.05	11.380385257041063	230.0	37	1.05	0.95				
	323	2	0.0	0.0	0.0	0.0	3	1.0223260690030416	4.978369812790097	230.0	35	1.05	0.95				
	324	1	0.0	0.0	0.0	0.0	3	1.0445565995485757	9.290389064842174	230.0	36	1.05	0.95				
	325	1	0.0	0.0	0.0	0.0	3	1.0238082143220528	5.43482638609047	230.0	35	1.05	0.95				
];
