%% MATPOWER Case Format : Version 2
function mpc = RTS_GMLC
mpc.version = '2';

%%-----  Power Flow Data  -----%%
%% system MVA base
mpc.baseMVA = 100.0;
%% bus data
%    bus_i    type    Pd    Qd    Gs    Bs    area    Vm    Va    baseKV    zone    Vmax    Vmin
mpc.bus = [
	101	2	34.80207818021053	7.089312221894736	0.0	0.0	1	1.0008418661032041	-2.734774627610515	138.0	11	1.05	0.95				
	102	2	31.257422069263157	6.444829292631579	0.0	0.0	1	0.9998760980295942	-3.075380909968881	138.0	12	1.05	0.95				
	103	1	58.003463633684206	11.92293419136842	0.0	0.0	1	1.0263360667554688	1.9403009570559622	138.0	11	1.05	0.95				
	104	1	23.84586838273684	4.8336219694736835	0.0	0.0	1	1.0089764502661567	-3.2749451002593073	138.0	11	1.05	0.95				
	105	1	22.879143988842106	4.511380504842105	0.0	0.0	1	1.0215250794704724	-3.7648758344816198	138.0	11	1.05	0.95				
	106	1	43.82483918989474	9.02276100968421	0.0	-100.0	1	1.0413785260031598	-4.781391454322056	138.0	12	1.05	0.95				
	107	2	40.28018307894737	8.056036615789473	0.0	0.0	1	0.983987581966516	-9.565218679727524	138.0	12	1.05	0.95				
	108	1	55.103290451999996	11.278451262105262	0.0	0.0	1	0.9976885386986045	-7.7284154307920225	138.0	12	1.05	0.95				
	109	1	56.392256310526314	11.600692726736842	0.0	0.0	1	1.0247652474090845	-2.0850732204519313	138.0	13	1.05	0.95				
	110	1	62.837085603157895	12.889658585263158	0.0	0.0	1	1.05	-3.7345874790175904	138.0	13	1.05	0.95				
	111	1	0.0	0.0	0.0	0.0	1	1.0127703848022185	0.5248323882214986	230.0	13	1.05	0.95				
	112	1	0.0	0.0	0.0	0.0	1	1.0099976823156547	-0.7391333845857597	230.0	13	1.05	0.95				
	113	3	85.39398812736842	17.401039090105265	0.0	0.0	1	0.9886292541079759	-2.7085389070116648e-30	230.0	14	1.05	0.95				
	114	2	62.514844138526314	12.56741712063158	0.0	0.0	1	1.0380416896796336	4.376215600007423	230.0	16	1.05	0.95				
	115	2	102.15054428821051	20.62345373642105	0.0	0.0	1	1.0425130465610606	13.673996172386724	230.0	16	1.05	0.95				
	116	2	32.22414646315789	6.444829292631579	0.0	0.0	1	1.0416637244387925	11.862210810929158	230.0	16	1.05	0.95				
	117	1	0.0	0.0	0.0	0.0	1	1.0411102914075143	17.807414278047027	230.0	17	1.05	0.95				
	118	2	107.30640772231578	21.91241959494737	0.0	0.0	1	1.05	18.389645172646645	230.0	17	1.05	0.95				
	119	1	58.32570509831578	11.92293419136842	0.0	0.0	1	1.0369296776445616	7.547783666388424	230.0	15	1.05	0.95				
	120	1	41.2469074728421	8.378278080421051	0.0	0.0	1	1.0387791297028761	4.409851883055732	230.0	15	1.05	0.95				
	121	2	0.0	0.0	0.0	0.0	1	1.0430325289470916	19.775997254642675	230.0	17	1.05	0.95				
	122	2	0.0	0.0	0.0	0.0	1	1.05	37.73912608534023	230.0	17	1.05	0.95				
	123	2	0.0	0.0	0.0	0.0	1	1.0406595902318712	2.9321970783950366	230.0	15	1.05	0.95				
	124	1	0.0	0.0	0.0	0.0	1	1.021752071921282	9.30068704145566	230.0	16	1.05	0.95				
	201	2	35.07067527157894	7.1440264442105255	0.0	0.0	2	1.0143190831922755	-15.139042658322905	138.0	21	1.05	0.95				
	202	2	31.49866204947368	6.494569494736842	0.0	0.0	2	1.0134859617359757	-15.428556609659154	138.0	22	1.05	0.95				
	203	1	58.45112545263158	12.014953565263156	0.0	0.0	2	1.0125665681772664	-11.286347002557957	138.0	21	1.05	0.95				
	204	1	24.02990713052631	4.870927121052631	0.0	0.0	2	1.0130729653429074	-15.355041820197089	138.0	21	1.05	0.95				
	205	1	23.055721706315786	4.54619864631579	0.0	0.0	2	1.028414537896273	-15.757427804139033	138.0	21	1.05	0.95				
	206	1	44.16307256421052	9.09239729263158	0.0	-100.0	2	1.0447246991852337	-16.546827973067366	138.0	22	1.05	0.95				
	207	2	40.59105934210526	8.118211868421051	0.0	0.0	2	0.9976140509622752	-20.327136074612323	138.0	22	1.05	0.95				
	208	1	55.52856918	11.365496615789471	0.0	0.0	2	1.0052213505561247	-18.924213180479942	138.0	22	1.05	0.95				
	209	1	56.82748307894736	11.690225090526313	0.0	0.0	2	1.0211868717215333	-13.936335640853539	138.0	23	1.05	0.95				
	210	1	63.3220525736842	12.989138989473684	0.0	0.0	2	1.05	-15.326769373717896	138.0	23	1.05	0.95				
	211	1	0.0	0.0	0.0	0.0	2	1.002365096122434	-11.640740471196375	230.0	23	1.05	0.95				
	212	1	0.0	0.0	0.0	0.0	2	1.0045010839206792	-11.422337582995713	230.0	23	1.05	0.95				
	213	2	86.05304580526315	17.53533763578947	0.0	0.0	2	0.993032349036907	-10.916317404118981	230.0	24	1.05	0.95				
	214	2	62.99732409894736	12.66441051473684	0.0	0.0	2	1.0035552301829918	-9.14841685745964	230.0	26	1.05	0.95				
	215	2	102.93892649157894	20.782622383157893	0.0	0.0	2	1.0208415446463333	-2.675087708826335	230.0	26	1.05	0.95				
	216	2	32.472847473684205	6.494569494736842	0.0	0.0	2	1.0220153415540103	-3.685573444926378	230.0	26	1.05	0.95				
	217	1	0.0	0.0	0.0	0.0	2	1.0306957112626134	-1.2378292603254992	230.0	27	1.05	0.95				
	218	2	108.13458208736841	22.08153628210526	0.0	0.0	2	1.0299315608867528	-1.5919483499145657	230.0	27	1.05	0.95				
	219	1	58.775853927368416	12.014953565263156	0.0	0.0	2	1.0187483718000765	-4.689052858044028	230.0	25	1.05	0.95				
	220	1	41.565244766315786	8.442940343157893	0.0	0.0	2	1.0177477552584009	-4.917049011605133	230.0	25	1.05	0.95				
	221	2	0.0	0.0	0.0	0.0	2	1.0301455058419797	-1.1560412711094696	230.0	27	1.05	0.95				
	222	2	0.0	0.0	0.0	0.0	2	1.05	5.304675573219388	230.0	27	1.05	0.95				
	223	2	0.0	0.0	0.0	0.0	2	1.0172597796733378	-4.785347236156784	230.0	25	1.05	0.95				
	224	1	0.0	0.0	0.0	0.0	2	1.0070601938152595	-5.904570210339264	230.0	26	1.05	0.95				
	301	2	43.56216386526316	8.873774120701754	0.0	0.0	3	1.0122627500268697	-2.5809463917168283	138.0	31	1.05	0.95				
	302	2	39.12527680491228	8.067067382456141	0.0	0.0	3	1.0120346289475137	-2.748644087017065	138.0	32	1.05	0.95				
	303	1	72.60360644210526	14.924074657543859	0.0	0.0	3	1.0410448981773646	5.737917197879989	138.0	31	1.05	0.95				
	304	1	29.848149315087717	6.050300536842105	0.0	0.0	3	1.0148643708973406	-0.9800817872811316	138.0	31	1.05	0.95				
	305	1	28.638089207719297	5.646947167719298	0.0	0.0	3	1.026248513917864	-3.0509763301348705	138.0	31	1.05	0.95				
	306	1	54.85605820070175	11.293894335438596	0.0	-100.0	3	1.0421497712715122	-3.7920550791341774	138.0	32	1.05	0.95				
	307	2	50.41917114035087	10.083834228070176	0.0	0.0	3	0.9893075678523997	-7.166362329329172	138.0	32	1.05	0.95				
	308	1	68.97342612	14.117367919298243	0.0	0.0	3	0.9989923532753398	-5.398943295843205	138.0	32	1.05	0.95				
	309	1	70.58683959649123	14.52072128842105	0.0	0.0	3	1.0299312765777122	2.1035470861969165	138.0	33	1.05	0.95				
	310	1	78.65390697894736	16.134134764912282	0.0	0.0	3	1.05	-2.221029788033312	138.0	33	1.05	0.95				
	311	1	0.0	0.0	0.0	0.0	3	1.0068733166164139	2.1653739513649906	230.0	33	1.05	0.95				
	312	1	0.0	0.0	0.0	0.0	3	1.0107893147916587	2.393792976430903	230.0	33	1.05	0.95				
	313	2	106.88864281754384	21.78108193263158	0.0	0.0	3	1.002907912114649	2.834681609705365	230.0	34	1.05	0.95				
	314	2	78.25055360982456	15.730781395789473	0.0	0.0	3	1.0019511283730818	3.954400315860077	230.0	36	1.05	0.95				
	315	2	127.86301801192981	25.81461562385965	0.0	0.0	3	1.0376605176861609	8.685405190029245	230.0	36	1.05	0.95				
	316	2	40.3353369122807	8.067067382456141	0.0	0.0	3	1.0355035559569072	8.77348790047055	230.0	36	1.05	0.95				
	317	1	0.0	0.0	0.0	0.0	3	1.05	13.90495138906984	230.0	37	1.05	0.95				
	318	2	134.31667191789472	27.428029100350876	0.0	0.0	3	1.046362642506223	10.789887838697203	230.0	37	1.05	0.95				
	319	1	73.00695981122807	14.924074657543859	0.0	0.0	3	1.0247836860100414	7.5637614271736355	230.0	35	1.05	0.95				
	320	1	51.6292312477193	10.487187597192982	0.0	0.0	3	1.0182728007981277	7.28883328399297	230.0	35	1.05	0.95				
	321	2	0.0	0.0	0.0	0.0	3	1.0446729731307753	10.752373782874304	230.0	37	1.05	0.95				
	322	2	0.0	0.0	0.0	0.0	3	1.05	16.331667994105576	230.0	37	1.05	0.95				
	323	2	0.0	0.0	0.0	0.0	3	1.0151158356710595	7.455426552618553	230.0	35	1.05	0.95				
	324	1	0.0	0.0	0.0	0.0	3	1.0331620060672397	7.570098850651444	230.0	36	1.05	0.95				
	325	1	0.0	0.0	0.0	0.0	3	1.014351490974994	8.511848988857572	230.0	35	1.05	0.95				
];
