%% MATPOWER Case Format : Version 2
function mpc = RTS_GMLC
mpc.version = '2';

%%-----  Power Flow Data  -----%%
%% system MVA base
mpc.baseMVA = 100.0;
%% bus data
%    bus_i    type    Pd    Qd    Gs    Bs    area    Vm    Va    baseKV    zone    Vmax    Vmin
mpc.bus = [
	101	2	34.414646214315795	7.010390895508772	0.0	0.0	1	1.0060372014103252	-5.129069821586113	138.0	11	1.05	0.95				
	102	2	30.909450766561402	6.373082632280703	0.0	0.0	1	1.005400763835777	-5.291496660884172	138.0	12	1.05	0.95				
	103	1	57.35774369052632	11.790202869719298	0.0	0.0	1	1.0240620126281068	1.4548568228932865	138.0	11	1.05	0.95				
	104	1	23.580405739438596	4.779811974210527	0.0	0.0	1	1.0104445003141864	-4.543807853046648	138.0	11	1.05	0.95				
	105	1	22.624443344596493	4.461157842596492	0.0	0.0	1	1.024239634678638	-5.331705484611845	138.0	11	1.05	0.95				
	106	1	43.33696189950878	8.922315685192984	0.0	-100.0	1	1.0429669999203446	-5.865905322260914	138.0	12	1.05	0.95				
	107	2	39.83176645175439	7.966353290350877	0.0	0.0	1	1.0017375656405734	-10.311915649799337	138.0	12	1.05	0.95				
	108	1	54.489856506	11.152894606491227	0.0	0.0	1	1.0076959711029463	-8.42954299523747	138.0	12	1.05	0.95				
	109	1	55.76447303245614	11.471548738105264	0.0	0.0	1	1.0231898313537757	-2.60690486937081	138.0	13	1.05	0.95				
	110	1	62.137555664736844	12.746165264561405	0.0	0.0	1	1.05	-4.499009051731613	138.0	13	1.05	0.95				
	111	1	0.0	0.0	0.0	0.0	1	1.0032840277776234	0.3281302195841634	230.0	13	1.05	0.95				
	112	1	0.0	0.0	0.0	0.0	1	1.0067465051033821	-0.9910892623352654	230.0	13	1.05	0.95				
	113	3	84.4433448777193	17.207323107157897	0.0	0.0	1	0.9962984987865842	-2.1155915169458102e-29	230.0	14	1.05	0.95				
	114	2	61.818901533122805	12.42751113294737	0.0	0.0	1	1.0066228320971968	4.623153391899981	230.0	16	1.05	0.95				
	115	2	101.01335972164914	20.393864423298247	0.0	0.0	1	1.0372160334101965	14.396322976704756	230.0	16	1.05	0.95				
	116	2	31.86541316140351	6.373082632280703	0.0	0.0	1	1.029796772807393	12.504045015879557	230.0	16	1.05	0.95				
	117	1	0.0	0.0	0.0	0.0	1	1.036248256373053	18.486911537567153	230.0	17	1.05	0.95				
	118	2	106.1118258274737	21.66848094975439	0.0	0.0	1	1.0470945516926418	19.247500241377832	230.0	17	1.05	0.95				
	119	1	57.67639782214036	11.790202869719298	0.0	0.0	1	1.0179428033345752	8.055811855824553	230.0	15	1.05	0.95				
	120	1	40.787728846596494	8.285007421964913	0.0	0.0	1	1.0139207819731686	4.769253412527787	230.0	15	1.05	0.95				
	121	2	0.0	0.0	0.0	0.0	1	1.0481306540275224	20.745282485946188	230.0	17	1.05	0.95				
	122	2	0.0	0.0	0.0	0.0	1	1.05	36.85394032674691	230.0	17	1.05	0.95				
	123	2	0.0	0.0	0.0	0.0	1	1.0127090142301802	3.2059046128948694	230.0	15	1.05	0.95				
	124	1	0.0	0.0	0.0	0.0	1	1.0160050670969973	9.558071741807309	230.0	16	1.05	0.95				
	201	2	37.05965685473684	7.5491893592982455	0.0	0.0	2	1.008549642639084	-15.69604486198469	138.0	21	1.05	0.95				
	202	2	33.285062175087724	6.86289941754386	0.0	0.0	2	1.0074125313898437	-15.98741498862172	138.0	22	1.05	0.95				
	203	1	61.76609475789474	12.696363922456142	0.0	0.0	2	1.015066209676122	-11.783251695347397	138.0	21	1.05	0.95				
	204	1	25.392727844912283	5.147174563157895	0.0	0.0	2	1.0107339301704503	-15.89116727842879	138.0	21	1.05	0.95				
	205	1	24.3632929322807	4.804029592280703	0.0	0.0	2	1.025204346461879	-16.310178860684896	138.0	21	1.05	0.95				
	206	1	46.66771603929825	9.608059184561405	0.0	-100.0	2	1.0427186998381142	-17.111642695517347	138.0	22	1.05	0.95				
	207	2	42.89312135964912	8.578624271929824	0.0	0.0	2	0.9914337804288011	-21.07926442769419	138.0	22	1.05	0.95				
	208	1	58.677790019999996	12.010073980701753	0.0	0.0	2	1.0012719447072662	-19.6077482575435	138.0	22	1.05	0.95				
	209	1	60.05036990350877	12.353218951578947	0.0	0.0	2	1.0226314739250932	-14.379064965378712	138.0	23	1.05	0.95				
	210	1	66.91326932105262	13.72579883508772	0.0	0.0	2	1.05	-15.810921347073455	138.0	23	1.05	0.95				
	211	1	0.0	0.0	0.0	0.0	2	1.0028755581446445	-11.940321896306951	230.0	23	1.05	0.95				
	212	1	0.0	0.0	0.0	0.0	2	1.0119444355632587	-11.597772711632096	230.0	23	1.05	0.95				
	213	2	90.93341728245615	18.52982842736842	0.0	0.0	2	1.000995123280081	-11.071880790824594	230.0	24	1.05	0.95				
	214	2	66.57012435017545	13.382653864210525	0.0	0.0	2	0.9978742992663017	-9.398526397894658	230.0	26	1.05	0.95				
	215	2	108.77695576807018	21.96127813614035	0.0	0.0	2	1.0186192803546086	-2.8342284092961445	230.0	26	1.05	0.95				
	216	2	34.314497087719296	6.86289941754386	0.0	0.0	2	1.0203897829632034	-3.8010818154073633	230.0	26	1.05	0.95				
	217	1	0.0	0.0	0.0	0.0	2	1.0235567575468423	-1.3440156990875143	230.0	27	1.05	0.95				
	218	2	114.26727530210525	23.333858019649124	0.0	0.0	2	1.0233030185513408	-1.7428833501749836	230.0	27	1.05	0.95				
	219	1	62.109239728771925	12.696363922456142	0.0	0.0	2	1.0282576586356797	-4.699869170214559	230.0	25	1.05	0.95				
	220	1	43.9225562722807	8.921769242807018	0.0	0.0	2	1.0370483905161423	-4.80060283200143	230.0	25	1.05	0.95				
	221	2	0.0	0.0	0.0	0.0	2	1.0253035308911984	-1.3024344002329458	230.0	27	1.05	0.95				
	222	2	0.0	0.0	0.0	0.0	2	1.0470697856767741	5.208275120957573	230.0	27	1.05	0.95				
	223	2	0.0	0.0	0.0	0.0	2	1.0419963704585349	-4.598213125054874	230.0	25	1.05	0.95				
	224	1	0.0	0.0	0.0	0.0	2	1.0062620365916584	-6.207805048188766	230.0	26	1.05	0.95				
	301	2	46.10756088	9.39228092	0.0	0.0	3	1.024269984214785	10.252490821258808	138.0	31	1.05	0.95				
	302	2	41.41142042	8.5384372	0.0	0.0	3	1.0219175539879637	9.904369710531459	138.0	32	1.05	0.95				
	303	1	76.84593480000001	15.796108819999999	0.0	0.0	3	1.05	25.285114119754006	138.0	31	1.05	0.95				
	304	1	31.592217639999998	6.403827899999999	0.0	0.0	3	1.012391274999598	11.202618624575427	138.0	31	1.05	0.95				
	305	1	30.31145206	5.97690604	0.0	0.0	3	1.030078164675737	8.721637959902209	138.0	31	1.05	0.95				
	306	1	58.06137296	11.95381208	0.0	-100.0	3	1.0406716917393048	7.342859572695047	138.0	32	1.05	0.95				
	307	2	53.365232500000005	10.6730465	0.0	0.0	3	0.95	3.803299085285051	138.0	32	1.05	0.95				
	308	1	73.00363806	14.942265099999998	0.0	0.0	3	0.971548710093692	5.637814182861969	138.0	32	1.05	0.95				
	309	1	74.71132549999999	15.36918696	0.0	0.0	3	1.017797567768898	14.049492697344256	138.0	33	1.05	0.95				
	310	1	83.24976269999999	17.0768744	0.0	0.0	3	1.0461553056099813	8.543934209381877	138.0	33	1.05	0.95				
	311	1	0.0	0.0	0.0	0.0	3	1.0057694258428451	12.075475659272199	230.0	33	1.05	0.95				
	312	1	0.0	0.0	0.0	0.0	3	1.0112180386801244	12.635506710193114	230.0	33	1.05	0.95				
	313	2	113.13429289999999	23.05378044	0.0	0.0	3	1.0070547307441788	13.619526659763443	230.0	34	1.05	0.95				
	314	2	82.82284084	16.649952539999997	0.0	0.0	3	1.0001814595293643	11.601558382507772	230.0	36	1.05	0.95				
	315	2	135.33422962	27.322999040000003	0.0	0.0	3	1.0478127373889707	13.85175509712422	230.0	36	1.05	0.95				
	316	2	42.692186	8.5384372	0.0	0.0	3	1.0318093928129348	13.492495782758919	230.0	36	1.05	0.95				
	317	1	0.0	0.0	0.0	0.0	3	1.049673090572243	16.15638275039419	230.0	37	1.05	0.95				
	318	2	142.16497937999998	29.03068648	0.0	0.0	3	1.05	13.469184750336838	230.0	37	1.05	0.95				
	319	1	77.27285666	15.796108819999999	0.0	0.0	3	1.0239992274406176	12.985588279960837	230.0	35	1.05	0.95				
	320	1	54.645998080000005	11.09996836	0.0	0.0	3	1.020084259398493	13.379524150975925	230.0	35	1.05	0.95				
	321	2	0.0	0.0	0.0	0.0	3	1.05	14.227203478325995	230.0	37	1.05	0.95				
	322	2	0.0	0.0	0.0	0.0	3	1.05	19.331975268915706	230.0	37	1.05	0.95				
	323	2	0.0	0.0	0.0	0.0	3	1.0185850990240441	13.932387643003343	230.0	35	1.05	0.95				
	324	1	0.0	0.0	0.0	0.0	3	1.0450302725721643	18.220987928732864	230.0	36	1.05	0.95				
	325	1	0.0	0.0	0.0	0.0	3	1.0201707704693048	14.529609755190563	230.0	35	1.05	0.95				
];

%% generator data
%    bus    Pg    Qg    Qmax    Qmin    Vg    mBase    status    Pmax    Pmin    Pc1    Pc2    Qc1min    Qc1max    Qc2min    Qc2max    ramp_agc    ramp_10    ramp_30    ramp_q    apf
