%% MATPOWER Case Format : Version 2
function mpc = RTS_GMLC
mpc.version = '2';

%%-----  Power Flow Data  -----%%
%% system MVA base
mpc.baseMVA = 100.0;
%% bus data
%    bus_i    type    Pd    Qd    Gs    Bs    area    Vm    Va    baseKV    zone    Vmax    Vmin
mpc.bus = [
	101	2	48.228599709473684	9.824344385263158	0.0	0.0	1	1.0340545050489178	0.884018507356474	138.0	11	1.05	0.95				
	102	2	43.316427516842104	8.931222168421053	0.0	0.0	1	1.0331761841364884	0.5964562499647146	138.0	12	1.05	0.95				
	103	1	80.38099951578947	16.522761011578947	0.0	0.0	1	1.0280896458146782	0.5280415776671505	138.0	11	1.05	0.95				
	104	1	33.04552202315789	6.698416626315789	0.0	0.0	1	1.0208566156817866	-2.235434458462512	138.0	11	1.05	0.95				
	105	1	31.705838697894734	6.251855517894738	0.0	0.0	1	1.0359903951172322	-2.1394968504033653	138.0	11	1.05	0.95				
	106	1	60.73231074526316	12.503711035789475	0.0	-100.0	1	1.045047222980109	-4.327842714114518	138.0	12	1.05	0.95				
	107	2	55.82013855263158	11.164027710526316	0.0	0.0	1	0.9995255395447661	-12.075414567339404	138.0	12	1.05	0.95				
	108	1	76.36194954	15.629638794736842	0.0	0.0	1	1.001672684775442	-9.716692389932444	138.0	12	1.05	0.95				
	109	1	78.14819397368422	16.076199903157896	0.0	0.0	1	1.0241235607624624	-2.74186773717214	138.0	13	1.05	0.95				
	110	1	87.07941614210526	17.862444336842106	0.0	0.0	1	1.05	-3.798923876497582	138.0	13	1.05	0.95				
	111	1	0.0	0.0	0.0	0.0	1	1.004249755399917	-0.3147038477586494	230.0	13	1.05	0.95				
	112	1	0.0	0.0	0.0	0.0	1	1.0092719895277757	-0.47984138318761427	230.0	13	1.05	0.95				
	113	3	118.33869373157894	24.114299854736842	0.0	0.0	1	0.999633594979454	1.3376169241882985e-26	230.0	14	1.05	0.95				
	114	2	86.63285503368421	17.415883228421052	0.0	0.0	1	1.0018075008187803	2.496520065089521	230.0	16	1.05	0.95				
	115	2	141.55987136947368	28.579910938947368	0.0	0.0	1	1.0376304392793356	9.845515384256904	230.0	16	1.05	0.95				
	116	2	44.656110842105264	8.931222168421053	0.0	0.0	1	1.033603140543909	9.039172267561293	230.0	16	1.05	0.95				
	117	1	0.0	0.0	0.0	0.0	1	1.0394285686264084	12.630291277376385	230.0	17	1.05	0.95				
	118	2	148.70484910421052	30.36615537263158	0.0	0.0	1	1.0462158284509835	12.4070660198148	230.0	17	1.05	0.95				
	119	1	80.82756062421052	16.522761011578947	0.0	0.0	1	1.0254029458345546	6.6815072684370564	230.0	15	1.05	0.95				
	120	1	57.159821877894736	11.610588818947368	0.0	0.0	1	1.0224466971620172	5.485336539646316	230.0	15	1.05	0.95				
	121	2	0.0	0.0	0.0	0.0	1	1.05	13.250767922316395	230.0	17	1.05	0.95				
	122	2	0.0	0.0	0.0	0.0	1	1.05	28.87380999991378	230.0	17	1.05	0.95				
	123	2	0.0	0.0	0.0	0.0	1	1.0214620059482338	5.17145326087177	230.0	15	1.05	0.95				
	124	1	0.0	0.0	0.0	0.0	1	1.022404550127611	6.353897594031416	230.0	16	1.05	0.95				
	201	2	51.06752715789473	10.40264442105263	0.0	0.0	2	1.0260335888702756	-15.195040541165122	138.0	21	1.05	0.95				
	202	2	45.866204947368416	9.45694947368421	0.0	0.0	2	1.027093834803511	-15.03542654352032	138.0	22	1.05	0.95				
	203	1	85.11254526315788	17.49535652631579	0.0	0.0	2	1.0148727813271652	-13.066864503100076	138.0	21	1.05	0.95				
	204	1	34.99071305263158	7.092712105263158	0.0	0.0	2	1.0168263645040196	-16.655883007164938	138.0	21	1.05	0.95				
	205	1	33.57217063157894	6.619864631578948	0.0	0.0	2	1.0321605747426286	-17.057695619515254	138.0	21	1.05	0.95				
	206	1	64.30725642105263	13.239729263157896	0.0	-100.0	2	1.043389014594139	-18.52406390898194	138.0	22	1.05	0.95				
	207	2	59.105934210526314	11.821186842105263	0.0	0.0	2	0.9921924435385652	-25.33760940480722	138.0	22	1.05	0.95				
	208	1	80.856918	16.549661578947365	0.0	0.0	2	0.9962964174862169	-23.154532690638185	138.0	22	1.05	0.95				
	209	1	82.74830789473684	17.022509052631577	0.0	0.0	2	1.0220863740091182	-16.04087057801897	138.0	23	1.05	0.95				
	210	1	92.20525736842104	18.91389894736842	0.0	0.0	2	1.05	-17.431973998270177	138.0	23	1.05	0.95				
	211	1	0.0	0.0	0.0	0.0	2	1.0074580050379611	-13.181447480340823	230.0	23	1.05	0.95				
	212	1	0.0	0.0	0.0	0.0	2	1.0103179540046685	-12.678777779662504	230.0	23	1.05	0.95				
	213	2	125.30458052631576	25.533763578947365	0.0	0.0	2	1.0056325542725046	-12.287486516697752	230.0	24	1.05	0.95				
	214	2	91.73240989473683	18.441051473684208	0.0	0.0	2	1.00861725097223	-10.319084890849382	230.0	26	1.05	0.95				
	215	2	149.89264915789474	30.262238315789467	0.0	0.0	2	1.022316537994116	-2.7531637922956325	230.0	26	1.05	0.95				
	216	2	47.28474736842105	9.45694947368421	0.0	0.0	2	1.0235148190547698	-3.3600716536860795	230.0	26	1.05	0.95				
	217	1	0.0	0.0	0.0	0.0	2	1.0275056745489817	-0.6884019905875268	230.0	27	1.05	0.95				
	218	2	157.4582087368421	32.153628210526314	0.0	0.0	2	1.027402813702192	-1.1957591361887487	230.0	27	1.05	0.95				
	219	1	85.58539273684211	17.49535652631579	0.0	0.0	2	1.0245557066982336	-4.42408401362195	230.0	25	1.05	0.95				
	220	1	60.524476631578935	12.294034315789473	0.0	0.0	2	1.0290026377433779	-4.4215558617323145	230.0	25	1.05	0.95				
	221	2	0.0	0.0	0.0	0.0	2	1.0291995540140864	-0.9093724317502947	230.0	27	1.05	0.95				
	222	2	0.0	0.0	0.0	0.0	2	1.0499999883238607	5.66833173792713	230.0	27	1.05	0.95				
	223	2	0.0	0.0	0.0	0.0	2	1.032208888222599	-4.061447082616348	230.0	25	1.05	0.95				
	224	1	0.0	0.0	0.0	0.0	2	1.0068815606624537	-6.62737946106465	230.0	26	1.05	0.95				
	301	2	72.03986079157895	14.67478645754386	0.0	0.0	3	1.0330404089293328	-24.909703861123663	138.0	31	1.05	0.95				
	302	2	64.70246756280702	13.340714961403508	0.0	0.0	3	1.0287674404125031	-25.284984318747387	138.0	32	1.05	0.95				
	303	1	120.06643465263159	24.68032267859649	0.0	0.0	3	1.05	-7.814105329985255	138.0	31	1.05	0.95				
	304	1	49.36064535719298	10.005536221052632	0.0	0.0	3	1.0080158255053724	-23.389286072964488	138.0	31	1.05	0.95				
	305	1	47.35953811298245	9.338500472982457	0.0	0.0	3	1.0291481008099352	-25.43549388011666	138.0	31	1.05	0.95				
	306	1	90.71686173754387	18.677000945964913	0.0	-100.0	3	1.032258168465548	-26.475797104998737	138.0	32	1.05	0.95				
	307	2	83.37946850877192	16.675893701754386	0.0	0.0	3	0.9500000904350901	-25.778582560439514	138.0	32	1.05	0.95				
	308	1	114.06311292	23.346251182456136	0.0	0.0	3	0.9639244251145416	-26.183786029879077	138.0	32	1.05	0.95				
	309	1	116.7312559122807	24.013286930526316	0.0	0.0	3	1.0146952833862126	-19.039824150769228	138.0	33	1.05	0.95				
	310	1	130.0719708736842	26.681429922807016	0.0	0.0	3	1.0419866063925216	-23.832177502698606	138.0	33	1.05	0.95				
	311	1	0.0	0.0	0.0	0.0	3	1.0075000296348204	-17.889408784407255	230.0	33	1.05	0.95				
	312	1	0.0	0.0	0.0	0.0	3	1.0125134920922334	-16.557220204973877	230.0	33	1.05	0.95				
	313	2	176.76447323859648	36.01993039578947	0.0	0.0	3	1.0131190634394145	-13.975799725993241	230.0	34	1.05	0.95				
	314	2	129.40493512561403	26.014394174736843	0.0	0.0	3	1.011536755538471	-17.733902346270533	230.0	36	1.05	0.95				
	315	2	211.45033213824559	42.690287876491226	0.0	0.0	3	1.0491267929784756	-13.24672750409828	230.0	36	1.05	0.95				
	316	2	66.70357480701755	13.340714961403508	0.0	0.0	3	1.049999994327563	-13.501676601427073	230.0	36	1.05	0.95				
	317	1	0.0	0.0	0.0	0.0	3	1.0499599990999053	-9.871939986414091	230.0	37	1.05	0.95				
	318	2	222.1229041073684	45.35843086877193	0.0	0.0	3	1.043702838916686	-10.84212721536094	230.0	37	1.05	0.95				
	319	1	120.73347040070175	24.68032267859649	0.0	0.0	3	1.0453548670730977	-13.342832805200974	230.0	35	1.05	0.95				
	320	1	85.38057575298245	17.342929449824563	0.0	0.0	3	1.0469758650651215	-11.958281858239804	230.0	35	1.05	0.95				
	321	2	0.0	0.0	0.0	0.0	3	1.0453481609193682	-11.07557065089475	230.0	37	1.05	0.95				
	322	2	0.0	0.0	0.0	0.0	3	1.05	-6.26253256732067	230.0	37	1.05	0.95				
	323	2	0.0	0.0	0.0	0.0	3	1.05	-10.712718426423502	230.0	35	1.05	0.95				
	324	1	0.0	0.0	0.0	0.0	3	1.0468024870049628	-11.165433317308613	230.0	36	1.05	0.95				
	325	1	0.0	0.0	0.0	0.0	3	1.039821879425997	-8.788643925959342	230.0	35	1.05	0.95				
];
