%% MATPOWER Case Format : Version 2
function mpc = RTS_GMLC
mpc.version = '2';

%%-----  Power Flow Data  -----%%
%% system MVA base
mpc.baseMVA = 100.0;
%% bus data
%    bus_i    type    Pd    Qd    Gs    Bs    area    Vm    Va    baseKV    zone    Vmax    Vmin
mpc.bus = [
	101	2	85.80950026105263	17.47971301614035	0.0	0.0	1	1.0428361832095163	-0.047956446272924017	138.0	11	1.05	0.95				
	102	2	77.06964375298246	15.890648196491231	0.0	0.0	1	1.0425213560029314	-0.222737108005904	138.0	12	1.05	0.95				
	103	1	143.01583376842106	29.397699163508772	0.0	0.0	1	1.0236218838526157	-1.3220389897834428	138.0	11	1.05	0.95				
	104	1	58.795398327017544	11.91798614736842	0.0	0.0	1	1.0222042333293926	-3.7037742883884217	138.0	11	1.05	0.95				
	105	1	56.41180109754386	11.12345373754386	0.0	0.0	1	1.0350839546565422	-4.175528208094125	138.0	11	1.05	0.95				
	106	1	108.05640773614036	22.24690747508772	0.0	-100.0	1	1.0364708200750896	-7.227488244298166	138.0	12	1.05	0.95				
	107	2	99.31655122807017	19.863310245614034	0.0	0.0	1	1.05	-6.063958965003827	138.0	12	1.05	0.95				
	108	1	135.86504208000002	27.808634343859644	0.0	0.0	1	1.0243417472465446	-8.11523040539323	138.0	12	1.05	0.95				
	109	1	139.04317171929824	28.60316675368421	0.0	0.0	1	1.0270634361191517	-4.356912137635079	138.0	13	1.05	0.95				
	110	1	154.93381991578948	31.781296392982462	0.0	0.0	1	1.05	-5.905455150901746	138.0	13	1.05	0.95				
	111	1	0.0	0.0	0.0	0.0	1	1.01458167862934	-1.6480498679923186	230.0	13	1.05	0.95				
	112	1	0.0	0.0	0.0	0.0	1	1.0174225278756663	-1.0951376987808865	230.0	13	1.05	0.95				
	113	3	210.5510886035088	42.90475013052632	0.0	0.0	1	1.0161753149393764	1.63235737203806e-27	230.0	14	1.05	0.95				
	114	2	154.13928750596492	30.986763983157893	0.0	0.0	1	1.0170211731655316	0.43396219543487347	230.0	16	1.05	0.95				
	115	2	251.86677391438596	50.85007422877194	0.0	0.0	1	1.0430982169774679	9.081262547399591	230.0	16	1.05	0.95				
	116	2	79.45324098245614	15.890648196491231	0.0	0.0	1	1.0414829964979437	8.200204705161898	230.0	16	1.05	0.95				
	117	1	0.0	0.0	0.0	0.0	1	1.044901434192295	11.844349564677865	230.0	17	1.05	0.95				
	118	2	264.5792924715789	54.02820386807018	0.0	0.0	1	1.048509599765891	12.285084664231643	230.0	17	1.05	0.95				
	119	1	143.81036617824563	29.397699163508772	0.0	0.0	1	1.035303634181496	6.2627764024473	230.0	15	1.05	0.95				
	120	1	101.70014845754388	20.657842655438596	0.0	0.0	1	1.0367019334830578	5.687923020519956	230.0	15	1.05	0.95				
	121	2	0.0	0.0	0.0	0.0	1	1.05	14.082194224234707	230.0	17	1.05	0.95				
	122	2	0.0	0.0	0.0	0.0	1	1.05	23.32895593063444	230.0	17	1.05	0.95				
	123	2	0.0	0.0	0.0	0.0	1	1.039641028432535	5.961431871983696	230.0	15	1.05	0.95				
	124	1	0.0	0.0	0.0	0.0	1	1.0227989999682512	5.218876239000555	230.0	16	1.05	0.95				
	201	2	89.92916730947368	18.318904451929825	0.0	0.0	2	1.0407025354274055	-15.40660303276308	138.0	21	1.05	0.95				
	202	2	80.76971508350877	16.653549501754387	0.0	0.0	2	1.04358002991079	-15.540255670563786	138.0	22	1.05	0.95				
	203	1	149.88194551578948	30.809066578245613	0.0	0.0	2	1.024788489112467	-11.334259022878008	138.0	21	1.05	0.95				
	204	1	61.618133156491226	12.49016212631579	0.0	0.0	2	1.0193258746833695	-16.679686407913806	138.0	21	1.05	0.95				
	205	1	59.120100731228064	11.65748465122807	0.0	0.0	2	1.0347258673122737	-17.205473055089406	138.0	21	1.05	0.95				
	206	1	113.24413661192982	23.31496930245614	0.0	-100.0	2	1.0369922981509712	-18.999427956189457	138.0	22	1.05	0.95				
	207	2	104.08468438596489	20.816936877192983	0.0	0.0	2	0.95	-30.07970911215971	138.0	22	1.05	0.95				
	208	1	142.38784823999998	29.143711628070175	0.0	0.0	2	0.955608864927899	-26.423718926946815	138.0	22	1.05	0.95				
	209	1	145.7185581403509	29.976389103157892	0.0	0.0	2	1.0263352262856091	-14.255264405319508	138.0	23	1.05	0.95				
	210	1	162.37210764210525	33.307099003508775	0.0	0.0	2	1.05	-16.41866356667124	138.0	23	1.05	0.95				
	211	1	0.0	0.0	0.0	0.0	2	1.0342175040742936	-10.306838424402896	230.0	23	1.05	0.95				
	212	1	0.0	0.0	0.0	0.0	2	1.0281960983243617	-5.227817056836631	230.0	23	1.05	0.95				
	213	2	220.6595308982456	44.96458365473684	0.0	0.0	2	1.05	-7.555717459466896	230.0	24	1.05	0.95				
	214	2	161.53943016701754	32.474421528421054	0.0	0.0	2	1.05	-7.918941439890411	230.0	26	1.05	0.95				
	215	2	263.958759602807	53.291358405614034	0.0	0.0	2	1.045332535180509	0.8141055440005455	230.0	26	1.05	0.95				
	216	2	83.26774750877193	16.653549501754387	0.0	0.0	2	1.0488467366535672	0.6006928992619118	230.0	26	1.05	0.95				
	217	1	0.0	0.0	0.0	0.0	2	1.0490936133636672	3.5601447596045355	230.0	27	1.05	0.95				
	218	2	277.2815992042105	56.62206830596491	0.0	0.0	2	1.0499999793132335	3.829074211837037	230.0	27	1.05	0.95				
	219	1	150.7146229908772	30.809066578245613	0.0	0.0	2	1.0429610612857014	0.6320536018532773	230.0	25	1.05	0.95				
	220	1	106.58271681122807	21.649614352280704	0.0	0.0	2	1.0455223162348488	2.2168075223717105	230.0	25	1.05	0.95				
	221	2	0.0	0.0	0.0	0.0	2	1.05	3.9735736905131267	230.0	27	1.05	0.95				
	222	2	0.0	0.0	0.0	0.0	2	1.05	10.323643463195754	230.0	27	1.05	0.95				
	223	2	0.0	0.0	0.0	0.0	2	1.05	3.6888365245807178	230.0	25	1.05	0.95				
	224	1	0.0	0.0	0.0	0.0	2	1.022347543043051	-3.6960210754854423	230.0	26	1.05	0.95				
	301	2	85.33059157894738	17.38215754385965	0.0	0.0	3	0.9826921713592291	-2.8756912052797596	138.0	31	1.05	0.95				
	302	2	76.63951280701755	15.801961403508773	0.0	0.0	3	0.9853799947793466	-3.204668406681068	138.0	32	1.05	0.95				
	303	1	142.21765263157894	29.23362859649123	0.0	0.0	3	0.9985307132317784	1.143279925439233	138.0	31	1.05	0.95				
	304	1	58.46725719298246	11.85147105263158	0.0	0.0	3	0.9765293695351425	-1.1184284023761304	138.0	31	1.05	0.95				
	305	1	56.09696298245615	11.061372982456144	0.0	0.0	3	0.9881155358952699	-1.1984696422502858	138.0	31	1.05	0.95				
	306	1	107.45333754385966	22.122745964912287	0.0	-100.0	3	0.9981924015407921	-1.173993230147271	138.0	32	1.05	0.95				
	307	2	98.76225877192984	19.752451754385966	0.0	0.0	3	0.95	-7.82173166711614	138.0	32	1.05	0.95				
	308	1	135.10677	27.653432456140354	0.0	0.0	3	0.9563981734327215	-3.8907524251633174	138.0	32	1.05	0.95				
	309	1	138.26716228070177	28.44353052631579	0.0	0.0	3	0.9994363368166125	4.000898425640306	138.0	33	1.05	0.95				
	310	1	154.06912368421052	31.603922807017547	0.0	0.0	3	1.01807530689861	3.178616220716873	138.0	33	1.05	0.95				
	311	1	0.0	0.0	0.0	0.0	3	0.9951458245353312	11.715983136843862	230.0	33	1.05	0.95				
	312	1	0.0	0.0	0.0	0.0	3	0.9988998520050987	13.133894376752572	230.0	33	1.05	0.95				
	313	2	209.37598859649125	42.66529578947369	0.0	0.0	3	1.0280926245402149	21.164305185725066	230.0	34	1.05	0.95				
	314	2	153.2790256140351	30.81382473684211	0.0	0.0	3	1.0072549377439148	11.201315341805344	230.0	36	1.05	0.95				
	315	2	250.46108824561406	50.56627649122808	0.0	0.0	3	1.048164073449706	8.061038451403713	230.0	36	1.05	0.95				
	316	2	79.00980701754386	15.801961403508773	0.0	0.0	3	1.0452282675179925	9.805764003825615	230.0	36	1.05	0.95				
	317	1	0.0	0.0	0.0	0.0	3	1.05	10.569528701670475	230.0	37	1.05	0.95				
	318	2	263.1026573684211	53.72666877192983	0.0	0.0	3	1.0464102068707832	8.62238461700079	230.0	37	1.05	0.95				
	319	1	143.0077507017544	29.23362859649123	0.0	0.0	3	1.0380411309100626	11.735768948686301	230.0	35	1.05	0.95				
	320	1	101.13255298245616	20.542549824561405	0.0	0.0	3	1.0361355309966083	13.455673333422487	230.0	35	1.05	0.95				
	321	2	0.0	0.0	0.0	0.0	3	1.0495582013222784	9.208716854463615	230.0	37	1.05	0.95				
	322	2	0.0	0.0	0.0	0.0	3	1.05	14.09020174857895	230.0	37	1.05	0.95				
	323	2	0.0	0.0	0.0	0.0	3	1.035776733506784	14.176464375880865	230.0	35	1.05	0.95				
	324	1	0.0	0.0	0.0	0.0	3	1.0227794089670292	7.408457293663193	230.0	36	1.05	0.95				
	325	1	0.0	0.0	0.0	0.0	3	1.0378539660939299	14.175422675840643	230.0	35	1.05	0.95				
];
