%% MATPOWER Case Format : Version 2
function mpc = RTS_GMLC
mpc.version = '2';

%%-----  Power Flow Data  -----%%
%% system MVA base
mpc.baseMVA = 100.0;
%% bus data
%    bus_i    type    Pd    Qd    Gs    Bs    area    Vm    Va    baseKV    zone    Vmax    Vmin
mpc.bus = [
	101	2	46.63879268210527	9.500494805614036	0.0	0.0	1	1.0260676335499228	-0.8055266590541211	138.0	11	1.05	0.95				
	102	2	41.88854527929824	8.636813459649122	0.0	0.0	1	1.0245104293664733	-1.2202150767159003	138.0	12	1.05	0.95				
	103	1	77.73132113684211	15.978104900350878	0.0	0.0	1	1.0343651300348362	1.1985497723380505	138.0	11	1.05	0.95				
	104	1	31.956209800701757	6.477610094736843	0.0	0.0	1	1.0213455277049863	-2.475645212258229	138.0	11	1.05	0.95				
	105	1	30.660687781754387	6.045769421754386	0.0	0.0	1	1.0324370118527915	-3.3091828655627227	138.0	11	1.05	0.95				
	106	1	58.73033152561404	12.091538843508772	0.0	-100.0	1	1.0437219902650372	-5.2280500096622715	138.0	12	1.05	0.95				
	107	2	53.980084122807014	10.796016824561404	0.0	0.0	1	1.0002589391253638	-10.643534301906037	138.0	12	1.05	0.95				
	108	1	73.84475508	15.114423554385963	0.0	0.0	1	1.0039056161475035	-9.0239136032605	138.0	12	1.05	0.95				
	109	1	75.57211777192983	15.54626422736842	0.0	0.0	1	1.0254988615546357	-2.8589408244316843	138.0	13	1.05	0.95				
	110	1	84.20893123157894	17.273626919298245	0.0	0.0	1	1.05	-4.460938836734042	138.0	13	1.05	0.95				
	111	1	0.0	0.0	0.0	0.0	1	1.0058956997062065	-0.7415878764620605	230.0	13	1.05	0.95				
	112	1	0.0	0.0	0.0	0.0	1	1.0094201178501105	-1.3203609487183912	230.0	13	1.05	0.95				
	113	3	114.43777834035087	23.319396341052634	0.0	0.0	1	0.9989512541925819	-1.559063321750196e-22	230.0	14	1.05	0.95				
	114	2	83.77709055859648	16.84178624631579	0.0	0.0	1	1.0062084216797398	1.650865824052258	230.0	16	1.05	0.95				
	115	2	136.8934933354386	27.637803070877194	0.0	0.0	1	1.0415903168349068	8.955270737499914	230.0	16	1.05	0.95				
	116	2	43.184067298245616	8.636813459649122	0.0	0.0	1	1.0366682943348413	7.527084983576999	230.0	16	1.05	0.95				
	117	1	0.0	0.0	0.0	0.0	1	1.0434076280721392	11.680762617751121	230.0	17	1.05	0.95				
	118	2	143.8029441031579	29.36516576280702	0.0	0.0	1	1.0481734632103976	12.715294322324002	230.0	17	1.05	0.95				
	119	1	78.16316180982457	15.978104900350878	0.0	0.0	1	1.0252757176977392	4.712658726367937	230.0	15	1.05	0.95				
	120	1	55.27560614175439	11.22785749754386	0.0	0.0	1	1.0190579883103887	2.5360396658826287	230.0	15	1.05	0.95				
	121	2	0.0	0.0	0.0	0.0	1	1.05	14.189498653710437	230.0	17	1.05	0.95				
	122	2	0.0	0.0	0.0	0.0	1	1.05	20.630642131647036	230.0	17	1.05	0.95				
	123	2	0.0	0.0	0.0	0.0	1	1.0164976851888683	1.6671421481035271	230.0	15	1.05	0.95				
	124	1	0.0	0.0	0.0	0.0	1	1.028902634818283	6.044148982528541	230.0	16	1.05	0.95				
	201	2	46.392570454736855	9.450338425964913	0.0	0.0	2	1.015046891866351	-12.975439363673871	138.0	21	1.05	0.95				
	202	2	41.66740124175439	8.591216750877194	0.0	0.0	2	1.014236297580554	-13.22436037034934	138.0	22	1.05	0.95				
	203	1	77.32095075789475	15.89375098912281	0.0	0.0	2	1.0142230881566283	-9.960440874293576	138.0	21	1.05	0.95				
	204	1	31.78750197824562	6.443412563157895	0.0	0.0	2	1.012433053838951	-12.569716545554316	138.0	21	1.05	0.95				
	205	1	30.498819465614034	6.013851725614037	0.0	0.0	2	1.0272133119943005	-12.932424897129104	138.0	21	1.05	0.95				
	206	1	58.420273905964926	12.027703451228074	0.0	-100.0	2	1.0419707735209724	-13.438731835850755	138.0	22	1.05	0.95				
	207	2	53.69510469298247	10.739020938596493	0.0	0.0	2	0.9975845890805113	-18.631066141307812	138.0	22	1.05	0.95				
	208	1	73.45490322	15.034629314035088	0.0	0.0	2	1.00161110045411	-16.674941717651283	138.0	22	1.05	0.95				
	209	1	75.17314657017545	15.464190151578949	0.0	0.0	2	1.0236729335434185	-10.259136031771407	138.0	23	1.05	0.95				
	210	1	83.76436332105264	17.18243350175439	0.0	0.0	2	1.05	-11.508285221489395	138.0	23	1.05	0.95				
	211	1	0.0	0.0	0.0	0.0	2	1.0044756364929472	-8.03397582814184	230.0	23	1.05	0.95				
	212	1	0.0	0.0	0.0	0.0	2	1.0107784663808341	-3.723053341169505	230.0	23	1.05	0.95				
	213	2	113.83362194912281	23.196285227368428	0.0	0.0	2	0.99954594376673	-6.0947619025467015	230.0	24	1.05	0.95				
	214	2	83.33480248350878	16.752872664210532	0.0	0.0	2	1.0021784573396417	-6.748836519695625	230.0	26	1.05	0.95				
	215	2	136.17078550140354	27.49189360280702	0.0	0.0	2	1.0193458308785113	-1.2875070961938875	230.0	26	1.05	0.95				
	216	2	42.95608375438597	8.591216750877194	0.0	0.0	2	1.0178337939926756	-2.27252733937891	230.0	26	1.05	0.95				
	217	1	0.0	0.0	0.0	0.0	2	1.0236665452334146	-0.5313929487362434	230.0	27	1.05	0.95				
	218	2	143.04375890210528	29.210136952982463	0.0	0.0	2	1.0233336581072194	-0.9020638570345313	230.0	27	1.05	0.95				
	219	1	77.75051159543861	15.89375098912281	0.0	0.0	2	1.01549340356406	-2.8686919791766354	230.0	25	1.05	0.95				
	220	1	54.98378720561404	11.168581776140353	0.0	0.0	2	1.016435435587733	-2.531531723753556	230.0	25	1.05	0.95				
	221	2	0.0	0.0	0.0	0.0	2	1.0255408818955012	-0.23054272646010138	230.0	27	1.05	0.95				
	222	2	0.0	0.0	0.0	0.0	2	1.047294865663996	6.175475294096762	230.0	27	1.05	0.95				
	223	2	0.0	0.0	0.0	0.0	2	1.0176207142789657	-2.0097245019780723	230.0	25	1.05	0.95				
	224	1	0.0	0.0	0.0	0.0	2	1.0066952610111244	-4.551226925999567	230.0	26	1.05	0.95				
	301	2	68.64030371368422	13.98228408982456	0.0	0.0	3	0.9959154738887863	5.33172032355575	138.0	31	1.05	0.95				
	302	2	61.649161668771924	12.711167354385964	0.0	0.0	3	0.9957577569947774	5.288947473290674	138.0	32	1.05	0.95				
	303	1	114.40050618947369	23.515659605614033	0.0	0.0	3	1.020504403594798	9.806971064287017	138.0	31	1.05	0.95				
	304	1	47.031319211228066	9.533375515789473	0.0	0.0	3	1.0025153143565764	7.980980636677109	138.0	31	1.05	0.95				
	305	1	45.124644108070164	8.897817148070175	0.0	0.0	3	1.0134044240865563	6.948776784913019	138.0	31	1.05	0.95				
	306	1	86.43593800982457	17.79563429614035	0.0	-100.0	3	1.0309464223544493	7.156837175526446	138.0	32	1.05	0.95				
	307	2	79.44479596491227	15.888959192982455	0.0	0.0	3	0.9923777821375219	3.65604465022349	138.0	32	1.05	0.95				
	308	1	108.68048087999999	22.244542870175437	0.0	0.0	3	1.0013317307944174	6.528216049573947	138.0	32	1.05	0.95				
	309	1	111.22271435087718	22.880101237894735	0.0	0.0	3	1.0318016331745476	12.726381871382214	138.0	33	1.05	0.95				
	310	1	123.93388170526313	25.422334708771928	0.0	0.0	3	1.05	10.595383927065855	138.0	33	1.05	0.95				
	311	1	0.0	0.0	0.0	0.0	3	1.0175904000601816	16.619720636630216	230.0	33	1.05	0.95				
	312	1	0.0	0.0	0.0	0.0	3	1.022808156514931	17.866171249886204	230.0	33	1.05	0.95				
	313	2	168.42296744561403	34.32015185684211	0.0	0.0	3	1.0341093012919194	23.41761863084187	230.0	34	1.05	0.95				
	314	2	123.29832333754385	24.78677634105263	0.0	0.0	3	1.0181795931455286	15.582395242310469	230.0	36	1.05	0.95				
	315	2	201.47200256701754	40.675735534035084	0.0	0.0	3	1.0364418494322685	10.611713731093616	230.0	36	1.05	0.95				
	316	2	63.55583677192982	12.711167354385964	0.0	0.0	3	1.0371571575092233	11.915030023051479	230.0	36	1.05	0.95				
	317	1	0.0	0.0	0.0	0.0	3	1.0435207795296155	11.786338204142039	230.0	37	1.05	0.95				
	318	2	211.64093645052628	43.217969004912284	0.0	0.0	3	1.0405926614228966	9.646188132779875	230.0	37	1.05	0.95				
	319	1	115.03606455719297	23.515659605614033	0.0	0.0	3	1.035360638242961	14.455989258968167	230.0	35	1.05	0.95				
	320	1	81.35147106807017	16.524517560701753	0.0	0.0	3	1.0366277048430173	16.33180002150816	230.0	35	1.05	0.95				
	321	2	0.0	0.0	0.0	0.0	3	1.040640295657905	10.576957378585501	230.0	37	1.05	0.95				
	322	2	0.0	0.0	0.0	0.0	3	1.05	15.375079971640393	230.0	37	1.05	0.95				
	323	2	0.0	0.0	0.0	0.0	3	1.0371532831839525	16.943742994090968	230.0	35	1.05	0.95				
	324	1	0.0	0.0	0.0	0.0	3	1.0286323556955077	12.375207409329397	230.0	36	1.05	0.95				
	325	1	0.0	0.0	0.0	0.0	3	1.039485526240862	16.716003214735156	230.0	35	1.05	0.95				
];
