%% MATPOWER Case Format : Version 2
function mpc = RTS_GMLC
mpc.version = '2';

%%-----  Power Flow Data  -----%%
%% system MVA base
mpc.baseMVA = 100.0;
%% bus data
%    bus_i    type    Pd    Qd    Gs    Bs    area    Vm    Va    baseKV    zone    Vmax    Vmin
mpc.bus = [
	101	2	51.55517069052632	10.50197921473684	0.0	0.0	1	1.035264482529504	1.2546159259632248	138.0	11	1.05	0.95				
	102	2	46.30418108315789	9.547253831578947	0.0	0.0	1	1.0348427722854876	1.1203401556742782	138.0	12	1.05	0.95				
	103	1	85.92528448421052	17.662419588421052	0.0	0.0	1	1.0273740278797425	-0.9004501099230584	138.0	11	1.05	0.95				
	104	1	35.324839176842104	7.16044037368421	0.0	0.0	1	1.0214294510975617	-2.048562564260435	138.0	11	1.05	0.95				
	105	1	33.892751102105265	6.683077682105264	0.0	0.0	1	1.0361655719185314	-1.832423217642159	138.0	11	1.05	0.95				
	106	1	64.92132605473684	13.366155364210528	0.0	-100.0	1	1.0444934875597056	-4.0436194684793705	138.0	12	1.05	0.95				
	107	2	59.67033644736842	11.934067289473683	0.0	0.0	1	1.0042427703424393	-7.391200421164407	138.0	12	1.05	0.95				
	108	1	81.62902025999999	16.707694205263156	0.0	0.0	1	1.0059831734584774	-7.074772844892825	138.0	12	1.05	0.95				
	109	1	83.53847102631579	17.185056896842106	0.0	0.0	1	1.0251560063750211	-2.7145503924589707	138.0	13	1.05	0.95				
	110	1	93.08572485789472	19.094507663157895	0.0	0.0	1	1.05	-3.4642113327737802	138.0	13	1.05	0.95				
	111	1	0.0	0.0	0.0	0.0	1	1.0051860589078188	-0.8303998596629408	230.0	13	1.05	0.95				
	112	1	0.0	0.0	0.0	0.0	1	1.0097957292174453	-0.08052858225257124	230.0	13	1.05	0.95				
	113	3	126.50111326842104	25.77758534526316	0.0	0.0	1	0.9990949071103516	3.0128637386127497e-28	230.0	14	1.05	0.95				
	114	2	92.60836216631579	18.61714497157895	0.0	0.0	1	1.0020378419212415	0.8229625467960657	230.0	16	1.05	0.95				
	115	2	151.32397323052632	30.55121226105263	0.0	0.0	1	1.038319071349571	6.058012167557961	230.0	16	1.05	0.95				
	116	2	47.73626915789473	9.547253831578947	0.0	0.0	1	1.034403102386645	5.955362259483272	230.0	16	1.05	0.95				
	117	1	0.0	0.0	0.0	0.0	1	1.041845750360114	7.39515106798363	230.0	17	1.05	0.95				
	118	2	158.96177629578946	32.46066302736842	0.0	0.0	1	1.043987424437536	7.240841020646725	230.0	17	1.05	0.95				
	119	1	86.40264717578947	17.662419588421052	0.0	0.0	1	1.0289534022252782	5.5570636538387035	230.0	15	1.05	0.95				
	120	1	61.10242452210526	12.411429981052631	0.0	0.0	1	1.0276453910054728	6.1351366337655255	230.0	15	1.05	0.95				
	121	2	0.0	0.0	0.0	0.0	1	1.0482952220466155	8.18493069094138	230.0	17	1.05	0.95				
	122	2	0.0	0.0	0.0	0.0	1	1.05	14.384179800548292	230.0	17	1.05	0.95				
	123	2	0.0	0.0	0.0	0.0	1	1.0278532883289502	6.819875187404943	230.0	15	1.05	0.95				
	124	1	0.0	0.0	0.0	0.0	1	1.0250695383897066	3.45971879257799	230.0	16	1.05	0.95				
	201	2	47.54855974736842	9.68581772631579	0.0	0.0	2	1.0311585771238652	-3.9282673486336246	138.0	21	1.05	0.95				
	202	2	42.70565088421053	8.805288842105263	0.0	0.0	2	1.0315306495247805	-3.873330382144051	138.0	22	1.05	0.95				
	203	1	79.24759957894737	16.28978435789474	0.0	0.0	2	1.0206670269862643	-4.758228470537632	138.0	21	1.05	0.95				
	204	1	32.57956871578948	6.603966631578947	0.0	0.0	2	1.0200653347457398	-6.251665229598991	138.0	21	1.05	0.95				
	205	1	31.25877538947368	6.1637021894736845	0.0	0.0	2	1.035014495660842	-6.273797124456054	138.0	21	1.05	0.95				
	206	1	59.87596412631579	12.327404378947369	0.0	-100.0	2	1.045158511172172	-8.004442224495318	138.0	22	1.05	0.95				
	207	2	55.03305526315789	11.006611052631579	0.0	0.0	2	0.9893718873575229	-14.725209335797588	138.0	22	1.05	0.95				
	208	1	75.28521959999999	15.40925547368421	0.0	0.0	2	0.9963911604789513	-12.736258916175215	138.0	22	1.05	0.95				
	209	1	77.04627736842106	15.849519915789474	0.0	0.0	2	1.023483430027762	-6.404596717462305	138.0	23	1.05	0.95				
	210	1	85.85156621052631	17.610577684210526	0.0	0.0	2	1.05	-7.253990314721509	138.0	23	1.05	0.95				
	211	1	0.0	0.0	0.0	0.0	2	1.0049860653907923	-3.7665191773281315	230.0	23	1.05	0.95				
	212	1	0.0	0.0	0.0	0.0	2	1.0090055864721463	-3.237859494797312	230.0	23	1.05	0.95				
	213	2	116.67007715789472	23.77427987368421	0.0	0.0	2	0.998099948373738	-2.9194426576242476	230.0	24	1.05	0.95				
	214	2	85.41130176842105	17.170313242105266	0.0	0.0	2	1.005667675060735	-1.3281700459670347	230.0	26	1.05	0.95				
	215	2	139.56382814736844	28.176924294736843	0.0	0.0	2	1.0298040714732077	4.6466030518175865	230.0	26	1.05	0.95				
	216	2	44.026444210526314	8.805288842105263	0.0	0.0	2	1.0304776801607543	4.730681391243212	230.0	26	1.05	0.95				
	217	1	0.0	0.0	0.0	0.0	2	1.0364749209984983	7.28808903462228	230.0	27	1.05	0.95				
	218	2	146.60805922105266	29.937982063157897	0.0	0.0	2	1.038288182367377	7.869913959613664	230.0	27	1.05	0.95				
	219	1	79.68786402105263	16.28978435789474	0.0	0.0	2	1.0293816215423626	3.9174964700426593	230.0	25	1.05	0.95				
	220	1	56.353848589473685	11.446875494736842	0.0	0.0	2	1.031477869452226	4.064736132490337	230.0	25	1.05	0.95				
	221	2	0.0	0.0	0.0	0.0	2	1.038032969471329	7.549453245365929	230.0	27	1.05	0.95				
	222	2	0.0	0.0	0.0	0.0	2	1.05	13.946935872412299	230.0	27	1.05	0.95				
	223	2	0.0	0.0	0.0	0.0	2	1.0332542690260462	4.479902553185006	230.0	25	1.05	0.95				
	224	1	0.0	0.0	0.0	0.0	2	1.0147172291511037	1.120882094970864	230.0	26	1.05	0.95				
	301	2	47.35463460631579	9.646314456842106	0.0	0.0	3	1.0077140914396057	-22.186615624604535	138.0	31	1.05	0.95				
	302	2	42.53147737789474	8.769376778947368	0.0	0.0	3	1.0073533490366502	-22.29552817431855	138.0	32	1.05	0.95				
	303	1	78.92439101052632	16.223347041052634	0.0	0.0	3	1.0224036485592913	-16.78390735303875	138.0	31	1.05	0.95				
	304	1	32.44669408210527	6.577032584210526	0.0	0.0	3	1.0099142557935408	-20.82907906508071	138.0	31	1.05	0.95				
	305	1	31.131287565263154	6.138563745263158	0.0	0.0	3	1.023122621970647	-21.560590486372977	138.0	31	1.05	0.95				
	306	1	59.63176209684211	12.277127490526317	0.0	-100.0	3	1.0399862211734736	-21.73251838521588	138.0	32	1.05	0.95				
	307	2	54.80860486842105	10.96172097368421	0.0	0.0	3	0.9938948278531976	-26.55133052348768	138.0	32	1.05	0.95				
	308	1	74.97817146	15.346409363157894	0.0	0.0	3	0.9995739690032369	-24.566473365259	138.0	32	1.05	0.95				
	309	1	76.73204681578947	15.784878202105263	0.0	0.0	3	1.0258702996148905	-17.83351747042342	138.0	33	1.05	0.95				
	310	1	85.50142359473685	17.538753557894736	0.0	0.0	3	1.05	-19.52385911113332	138.0	33	1.05	0.95				
	311	1	0.0	0.0	0.0	0.0	3	1.0091694875136794	-13.58545485054132	230.0	33	1.05	0.95				
	312	1	0.0	0.0	0.0	0.0	3	1.011267424818246	-13.168798401538721	230.0	33	1.05	0.95				
	313	2	116.19424232105263	23.677317303157896	0.0	0.0	3	1.0113332909671546	-10.102274666312987	230.0	34	1.05	0.95				
	314	2	85.06295475578948	17.10028471894737	0.0	0.0	3	1.012615156607185	-11.460945326445861	230.0	36	1.05	0.95				
	315	2	138.9946219463158	28.06200569263158	0.0	0.0	3	1.0370993547029292	-6.392427526043719	230.0	36	1.05	0.95				
	316	2	43.84688389473684	8.769376778947368	0.0	0.0	3	1.0358841904733775	-5.852021926621666	230.0	36	1.05	0.95				
	317	1	0.0	0.0	0.0	0.0	3	1.0405662254093198	-3.9591739123781036	230.0	37	1.05	0.95				
	318	2	146.0101233694737	29.815881048421055	0.0	0.0	3	1.040311797341583	-3.722543544428215	230.0	37	1.05	0.95				
	319	1	79.3628598494737	16.223347041052634	0.0	0.0	3	1.031403454800483	-6.85350948193843	230.0	35	1.05	0.95				
	320	1	56.12401138526316	11.400189812631579	0.0	0.0	3	1.0305836504972155	-6.880185814236133	230.0	35	1.05	0.95				
	321	2	0.0	0.0	0.0	0.0	3	1.0423031068679942	-3.4982581549554372	230.0	37	1.05	0.95				
	322	2	0.0	0.0	0.0	0.0	3	1.05	0.642411387978401	230.0	37	1.05	0.95				
	323	2	0.0	0.0	0.0	0.0	3	1.0307166389285798	-6.559746501504874	230.0	35	1.05	0.95				
	324	1	0.0	0.0	0.0	0.0	3	1.0186758805183986	-10.268443013289017	230.0	36	1.05	0.95				
	325	1	0.0	0.0	0.0	0.0	3	1.0278646270568081	-5.321307174419841	230.0	35	1.05	0.95				
];
