%% MATPOWER Case Format : Version 2
function mpc = RTS_GMLC
mpc.version = '2';

%%-----  Power Flow Data  -----%%
%% system MVA base
mpc.baseMVA = 100.0;
%% bus data
%    bus_i    type    Pd    Qd    Gs    Bs    area    Vm    Va    baseKV    zone    Vmax    Vmin
mpc.bus = [
	101	2	69.41712024	14.140524493333334	0.0	0.0	1	1.032105547099946	0.9369438435051921	138.0	11	1.05	0.95				
	102	2	62.34685799333334	12.85502226666667	0.0	0.0	1	1.0321178683108936	0.8783177526339723	138.0	12	1.05	0.95				
	103	1	115.6952004	23.781791193333333	0.0	0.0	1	1.0233059337596415	0.04365476255503925	138.0	11	1.05	0.95				
	104	1	47.56358238666667	9.6412667	0.0	0.0	1	1.0175409226764869	-2.323602202083723	138.0	11	1.05	0.95				
	105	1	45.63532904666667	8.998515586666668	0.0	0.0	1	1.0322905398819355	-2.3010015313417473	138.0	11	1.05	0.95				
	106	1	87.41415141333334	17.997031173333337	0.0	-100.0	1	1.0390010733523711	-4.702698080504495	138.0	12	1.05	0.95				
	107	2	80.34388916666667	16.068777833333332	0.0	0.0	1	1.046501660821159	-1.5680721532065216	138.0	12	1.05	0.95				
	108	1	109.91044038	22.49628896666667	0.0	0.0	1	1.026602216564971	-4.134817784086221	138.0	12	1.05	0.95				
	109	1	112.48144483333333	23.13904008	0.0	0.0	1	1.0261283209506873	-2.340430592710334	138.0	13	1.05	0.95				
	110	1	125.3364671	25.71004453333334	0.0	0.0	1	1.05	-3.5528462540184744	138.0	13	1.05	0.95				
	111	1	0.0	0.0	0.0	0.0	1	1.0100843695144222	-0.22148729321861257	230.0	13	1.05	0.95				
	112	1	0.0	0.0	0.0	0.0	1	1.0136977238769727	0.24943450134518141	230.0	13	1.05	0.95				
	113	3	170.32904503333333	34.70856012	0.0	0.0	1	1.0063094654269167	-3.358712326937685e-28	230.0	14	1.05	0.95				
	114	2	124.69371598666667	25.067293420000002	0.0	0.0	1	1.0110155479016383	2.3899382121634654	230.0	16	1.05	0.95				
	115	2	203.75210292666668	41.136071253333334	0.0	0.0	1	1.044196896966467	10.533857703113702	230.0	16	1.05	0.95				
	116	2	64.27511133333333	12.85502226666667	0.0	0.0	1	1.0419222061591233	9.887756621849913	230.0	16	1.05	0.95				
	117	1	0.0	0.0	0.0	0.0	1	1.0459760164941143	13.340351197937093	230.0	17	1.05	0.95				
	118	2	214.03612074000003	43.70707570666667	0.0	0.0	1	1.0493246312498392	13.856087617525974	230.0	17	1.05	0.95				
	119	1	116.33795151333335	23.781791193333333	0.0	0.0	1	1.035212592169569	8.13297728422337	230.0	15	1.05	0.95				
	120	1	82.27214250666667	16.711528946666668	0.0	0.0	1	1.035148450723327	7.824477902637613	230.0	15	1.05	0.95				
	121	2	0.0	0.0	0.0	0.0	1	1.05	14.356020443300917	230.0	17	1.05	0.95				
	122	2	0.0	0.0	0.0	0.0	1	1.05	23.47500369829329	230.0	17	1.05	0.95				
	123	2	0.0	0.0	0.0	0.0	1	1.0366015357557814	8.135728666480825	230.0	15	1.05	0.95				
	124	1	0.0	0.0	0.0	0.0	1	1.0232482877980047	6.644372314321396	230.0	16	1.05	0.95				
	201	2	72.26633088000001	14.720919253333333	0.0	0.0	2	1.034833202428774	-10.982485376177317	138.0	21	1.05	0.95				
	202	2	64.90587125333333	13.382653866666669	0.0	0.0	2	1.0349343115539138	-11.094320501423027	138.0	22	1.05	0.95				
	203	1	120.4438848	24.757909653333336	0.0	0.0	2	1.0261534401637655	-7.413428540649043	138.0	21	1.05	0.95				
	204	1	49.51581930666667	10.036990399999999	0.0	0.0	2	1.0177771122156059	-13.05121647534209	138.0	21	1.05	0.95				
	205	1	47.50842122666666	9.367857706666669	0.0	0.0	2	1.0337573028955893	-13.495669487784134	138.0	21	1.05	0.95				
	206	1	91.00204629333334	18.735715413333338	0.0	-100.0	2	1.0394061812755124	-15.540237947087723	138.0	22	1.05	0.95				
	207	2	83.64158666666667	16.728317333333333	0.0	0.0	2	0.9773315051251896	-25.5304373323425	138.0	22	1.05	0.95				
	208	1	114.42169056	23.419644266666666	0.0	0.0	2	0.9788340519431123	-22.26124970251359	138.0	22	1.05	0.95				
	209	1	117.09822133333334	24.08877696	0.0	0.0	2	1.0245310901907967	-11.941358256193176	138.0	23	1.05	0.95				
	210	1	130.4808752	26.765307733333337	0.0	0.0	2	1.05	-13.93713909617473	138.0	23	1.05	0.95				
	211	1	0.0	0.0	0.0	0.0	2	1.0214176306813298	-8.070511146206291	230.0	23	1.05	0.95				
	212	1	0.0	0.0	0.0	0.0	2	1.0178518160549495	-7.159943361987667	230.0	23	1.05	0.95				
	213	2	177.32016373333332	36.133165440000006	0.0	0.0	2	1.0257208192229617	-6.107337978699098	230.0	24	1.05	0.95				
	214	2	129.81174250666666	26.096175040000002	0.0	0.0	2	1.034738077880408	-5.003585532551857	230.0	26	1.05	0.95				
	215	2	212.11506378666667	42.824492373333335	0.0	0.0	2	1.043095143899892	3.6885950903272424	230.0	26	1.05	0.95				
	216	2	66.91326933333333	13.382653866666669	0.0	0.0	2	1.0459559213746443	3.42148284144946	230.0	26	1.05	0.95				
	217	1	0.0	0.0	0.0	0.0	2	1.0475183710895246	7.003252204158561	230.0	27	1.05	0.95				
	218	2	222.82118688000003	45.50102314666667	0.0	0.0	2	1.0498085885107735	7.788605153695862	230.0	27	1.05	0.95				
	219	1	121.11301749333334	24.757909653333336	0.0	0.0	2	1.0432216104030045	2.533732878660163	230.0	25	1.05	0.95				
	220	1	85.64898474666667	17.397450026666668	0.0	0.0	2	1.0464729960160943	3.0162077528151685	230.0	25	1.05	0.95				
	221	2	0.0	0.0	0.0	0.0	2	1.05	8.044280444436684	230.0	27	1.05	0.95				
	222	2	0.0	0.0	0.0	0.0	2	1.05	14.147516755274395	230.0	27	1.05	0.95				
	223	2	0.0	0.0	0.0	0.0	2	1.05	3.767850639518716	230.0	25	1.05	0.95				
	224	1	0.0	0.0	0.0	0.0	2	1.0228652365891526	-0.44518073068621655	230.0	26	1.05	0.95				
	301	2	63.54950964631579	12.945270483508772	0.0	0.0	3	1.015106517645652	-15.833202453315788	138.0	31	1.05	0.95				
	302	2	57.07687440456141	11.768427712280703	0.0	0.0	3	1.0134611948329335	-16.15982750431285	138.0	32	1.05	0.95				
	303	1	105.91584941052632	21.771591267719298	0.0	0.0	3	1.0487258238057304	-2.2014023002304013	138.0	31	1.05	0.95				
	304	1	43.543182535438596	8.826320784210527	0.0	0.0	3	1.009494719970418	-14.532153047755767	138.0	31	1.05	0.95				
	305	1	41.77791837859649	8.237899398596491	0.0	0.0	3	1.0250369793267249	-16.263782445141874	138.0	31	1.05	0.95				
	306	1	80.02530844350878	16.475798797192983	0.0	-100.0	3	1.0371126684589138	-17.165666171157806	138.0	32	1.05	0.95				
	307	2	73.55267320175439	14.710534640350877	0.0	0.0	3	0.9899123062311458	-23.741000796776266	138.0	32	1.05	0.95				
	308	1	100.62005694	20.594748496491228	0.0	0.0	3	0.9903713181291184	-20.92615983460428	138.0	32	1.05	0.95				
	309	1	102.97374248245615	21.18316988210526	0.0	0.0	3	1.026244964020765	-10.793614900047164	138.0	33	1.05	0.95				
	310	1	114.74217019473684	23.536855424561406	0.0	0.0	3	1.05	-14.809676305968761	138.0	33	1.05	0.95				
	311	1	0.0	0.0	0.0	0.0	3	1.017892269932982	-8.152940233962601	230.0	33	1.05	0.95				
	312	1	0.0	0.0	0.0	0.0	3	1.0178479963002716	-7.69127910748478	230.0	33	1.05	0.95				
	313	2	155.93166718771928	31.774754823157895	0.0	0.0	3	1.0213732507351003	-5.1167001175581275	230.0	34	1.05	0.95				
	314	2	114.15374880912282	22.948434038947372	0.0	0.0	3	1.0273759251555763	-6.1645605553105804	230.0	36	1.05	0.95				
	315	2	186.52957923964914	37.65896867929825	0.0	0.0	3	1.0497372812777885	0.16337520193710425	230.0	36	1.05	0.95				
	316	2	58.84213856140351	11.768427712280703	0.0	0.0	3	1.0476473035503768	0.18154139508130787	230.0	36	1.05	0.95				
	317	1	0.0	0.0	0.0	0.0	3	1.05	2.4606697311856096	230.0	37	1.05	0.95				
	318	2	195.9443214094737	40.01265422175439	0.0	0.0	3	1.0480597326213226	2.1648677235878466	230.0	37	1.05	0.95				
	319	1	106.50427079614036	21.771591267719298	0.0	0.0	3	1.0415624369507561	-1.3103361492145411	230.0	35	1.05	0.95				
	320	1	75.3179373585965	15.298956025964912	0.0	0.0	3	1.0412137846913867	-1.5040298755541042	230.0	35	1.05	0.95				
	321	2	0.0	0.0	0.0	0.0	3	1.05	3.009500349980758	230.0	37	1.05	0.95				
	322	2	0.0	0.0	0.0	0.0	3	1.05	7.14132594285108	230.0	37	1.05	0.95				
	323	2	0.0	0.0	0.0	0.0	3	1.04224448343177	-1.1741374455246616	230.0	35	1.05	0.95				
	324	1	0.0	0.0	0.0	0.0	3	1.0439016809837431	-0.7212915230145848	230.0	36	1.05	0.95				
	325	1	0.0	0.0	0.0	0.0	3	1.0381429116881165	0.11125020782899049	230.0	35	1.05	0.95				
];
