%% MATPOWER Case Format : Version 2
function mpc = RTS_GMLC
mpc.version = '2';

%%-----  Power Flow Data  -----%%
%% system MVA base
mpc.baseMVA = 100.0;
%% bus data
%    bus_i    type    Pd    Qd    Gs    Bs    area    Vm    Va    baseKV    zone    Vmax    Vmin
mpc.bus = [
	101	2	53.73280553684211	10.945571498245615	0.0	0.0	1	1.0322215694640577	2.059089537912191	138.0	11	1.05	0.95				
	102	2	48.2600197877193	9.95051954385965	0.0	0.0	1	1.0317773774162262	1.9137018521111864	138.0	12	1.05	0.95				
	103	1	89.55467589473685	18.40846115614035	0.0	0.0	1	1.027116892562013	0.2943339481161541	138.0	11	1.05	0.95				
	104	1	36.8169223122807	7.462889657894737	0.0	0.0	1	1.0198796189413677	-1.236908868061975	138.0	11	1.05	0.95				
	105	1	35.32434438070175	6.965363680701755	0.0	0.0	1	1.0343237737101556	-1.0644523332411078	138.0	11	1.05	0.95				
	106	1	67.66353289824562	13.93072736140351	0.0	-100.0	1	1.0431588143038555	-3.3106693978565733	138.0	12	1.05	0.95				
	107	2	62.19074714912281	12.438149429824561	0.0	0.0	1	1.021417860176011	-3.735747169875526	138.0	12	1.05	0.95				
	108	1	85.0769421	17.413409201754384	0.0	0.0	1	1.016108712500219	-4.667667036135448	138.0	12	1.05	0.95				
	109	1	87.06704600877192	17.91093517894737	0.0	0.0	1	1.025541748875418	-1.796474263181073	138.0	13	1.05	0.95				
	110	1	97.01756555263158	19.9010390877193	0.0	0.0	1	1.05	-2.658611448937786	138.0	13	1.05	0.95				
	111	1	0.0	0.0	0.0	0.0	1	1.0054278342126153	-0.13289778339351252	230.0	13	1.05	0.95				
	112	1	0.0	0.0	0.0	0.0	1	1.0103588990337204	0.34942012944864215	230.0	13	1.05	0.95				
	113	3	131.84438395614035	26.866402768421054	0.0	0.0	1	0.9984717553600687	-2.744349355209257e-28	230.0	14	1.05	0.95				
	114	2	96.5200395754386	19.403513110526315	0.0	0.0	1	1.0028131764409156	1.9624012584868231	230.0	16	1.05	0.95				
	115	2	157.71573477017543	31.841662540350878	0.0	0.0	1	1.0404755866714808	8.068413390044286	230.0	16	1.05	0.95				
	116	2	49.752597719298244	9.95051954385965	0.0	0.0	1	1.0370816799298987	7.812696175562564	230.0	16	1.05	0.95				
	117	1	0.0	0.0	0.0	0.0	1	1.042646059218298	10.167310372468116	230.0	17	1.05	0.95				
	118	2	165.67615040526314	33.83176644912281	0.0	0.0	1	1.0464436290304964	9.815763898820036	230.0	17	1.05	0.95				
	119	1	90.05220187192982	18.40846115614035	0.0	0.0	1	1.0306665518635456	6.718253195734923	230.0	15	1.05	0.95				
	120	1	63.683325080701756	12.935675407017545	0.0	0.0	1	1.0288890542921538	6.721767331700991	230.0	15	1.05	0.95				
	121	2	0.0	0.0	0.0	0.0	1	1.05	10.63768409443629	230.0	17	1.05	0.95				
	122	2	0.0	0.0	0.0	0.0	1	1.05	22.374475934899184	230.0	17	1.05	0.95				
	123	2	0.0	0.0	0.0	0.0	1	1.028784763119932	7.104085549550952	230.0	15	1.05	0.95				
	124	1	0.0	0.0	0.0	0.0	1	1.025477315518554	5.170561957983704	230.0	16	1.05	0.95				
	201	2	55.45348654736843	11.296080592982456	0.0	0.0	2	1.0324724383860666	-7.36173583833196	138.0	21	1.05	0.95				
	202	2	49.80544625087719	10.269164175438597	0.0	0.0	2	1.0326646439267062	-7.417470795155132	138.0	22	1.05	0.95				
	203	1	92.42247757894737	18.997953724561402	0.0	0.0	2	1.0227675000018088	-6.365328411201894	138.0	21	1.05	0.95				
	204	1	37.995907449122804	7.701873131578947	0.0	0.0	2	1.019109690027896	-9.901559210840231	138.0	21	1.05	0.95				
	205	1	36.455532822807015	7.188414922807018	0.0	0.0	2	1.0345210613292626	-10.07034462305015	138.0	21	1.05	0.95				
	206	1	69.83031639298247	14.376829845614036	0.0	-100.0	2	1.043185754035771	-12.082051165959843	138.0	22	1.05	0.95				
	207	2	64.18227609649124	12.836455219298246	0.0	0.0	2	0.9875920686436699	-19.901874918927252	138.0	22	1.05	0.95				
	208	1	87.80135369999999	17.971037307017543	0.0	0.0	2	0.9921474599652068	-17.51022842023778	138.0	22	1.05	0.95				
	209	1	89.85518653508771	18.484495515789472	0.0	0.0	2	1.0234536905324556	-9.84920859020375	138.0	23	1.05	0.95				
	210	1	100.12435071052633	20.538328350877194	0.0	0.0	2	1.05	-11.193455947171085	138.0	23	1.05	0.95				
	211	1	0.0	0.0	0.0	0.0	2	1.0097129292836753	-7.133140653950369	230.0	23	1.05	0.95				
	212	1	0.0	0.0	0.0	0.0	2	1.0125957183853107	-6.608932053310771	230.0	23	1.05	0.95				
	213	2	136.06642532456138	27.726743273684214	0.0	0.0	2	1.0056897633276611	-6.33963938333229	230.0	24	1.05	0.95				
	214	2	99.61089250175438	20.024870142105264	0.0	0.0	2	1.0138050314799056	-4.370800627825948	230.0	26	1.05	0.95				
	215	2	162.76625218070174	32.86132536140351	0.0	0.0	2	1.0319321102509162	2.82991420630787	230.0	26	1.05	0.95				
	216	2	51.345820877192985	10.269164175438597	0.0	0.0	2	1.0345032050099459	2.62765207905303	230.0	26	1.05	0.95				
	217	1	0.0	0.0	0.0	0.0	2	1.0386782939951242	5.686074624357541	230.0	27	1.05	0.95				
	218	2	170.98158352105264	34.915158196491234	0.0	0.0	2	1.0403860637096773	6.197769130798569	230.0	27	1.05	0.95				
	219	1	92.9359357877193	18.997953724561402	0.0	0.0	2	1.0343663509720353	1.47388468687865	230.0	25	1.05	0.95				
	220	1	65.72265072280702	13.349913428070176	0.0	0.0	2	1.0382221951917168	1.4566668024136158	230.0	25	1.05	0.95				
	221	2	0.0	0.0	0.0	0.0	2	1.0399203111514634	5.831286686630322	230.0	27	1.05	0.95				
	222	2	0.0	0.0	0.0	0.0	2	1.05	12.276427575250237	230.0	27	1.05	0.95				
	223	2	0.0	0.0	0.0	0.0	2	1.0412567756089524	1.8295465347321416	230.0	25	1.05	0.95				
	224	1	0.0	0.0	0.0	0.0	2	1.017050432909695	-0.6168333335648131	230.0	26	1.05	0.95				
	301	2	72.46694084210526	14.761784245614034	0.0	0.0	3	1.013549852875009	-30.589979563367425	138.0	31	1.05	0.95				
	302	2	65.08604871929823	13.419803859649123	0.0	0.0	3	1.0121706444753933	-30.875758105727076	138.0	32	1.05	0.95				
	303	1	120.77823473684211	24.826637140350876	0.0	0.0	3	1.0406134762533463	-17.7438643866581	138.0	31	1.05	0.95				
	304	1	49.65327428070175	10.064852894736841	0.0	0.0	3	1.0078429481414521	-28.712218373055663	138.0	31	1.05	0.95				
	305	1	47.640303701754384	9.393862701754387	0.0	0.0	3	1.0228480067930386	-30.459553988651887	138.0	31	1.05	0.95				
	306	1	91.25466624561403	18.787725403508773	0.0	-100.0	3	1.0342897513425584	-31.117239402041516	138.0	32	1.05	0.95				
	307	2	83.873774122807	16.774754824561402	0.0	0.0	3	0.9973366586461874	-35.42132921363712	138.0	32	1.05	0.95				
	308	1	114.73932299999998	23.484656754385963	0.0	0.0	3	0.9939826710839278	-33.61608407560057	138.0	32	1.05	0.95				
	309	1	117.4232837719298	24.15564694736842	0.0	0.0	3	1.0284909893337049	-24.21338437148883	138.0	33	1.05	0.95				
	310	1	130.84308763157895	26.839607719298247	0.0	0.0	3	1.05	-28.178323040137965	138.0	33	1.05	0.95				
	311	1	0.0	0.0	0.0	0.0	3	1.0226418597615983	-20.61130668833703	230.0	33	1.05	0.95				
	312	1	0.0	0.0	0.0	0.0	3	1.0204859821274344	-19.999405600645442	230.0	33	1.05	0.95				
	313	2	177.81240114035086	36.23347042105263	0.0	0.0	3	1.0301976856939086	-17.302661365860246	230.0	34	1.05	0.95				
	314	2	130.17209743859647	26.168617526315792	0.0	0.0	3	1.0359929328328294	-18.007571688083964	230.0	36	1.05	0.95				
	315	2	212.7038911754386	42.94337235087719	0.0	0.0	3	1.0499374696879489	-10.408993066958518	230.0	36	1.05	0.95				
	316	2	67.09901929824561	13.419803859649123	0.0	0.0	3	1.0497215402815345	-10.259671019228842	230.0	36	1.05	0.95				
	317	1	0.0	0.0	0.0	0.0	3	1.05	-6.995486221560316	230.0	37	1.05	0.95				
	318	2	223.4397342631579	45.627333122807016	0.0	0.0	3	1.0474750148248937	-6.978397984943677	230.0	37	1.05	0.95				
	319	1	121.44922492982455	24.826637140350876	0.0	0.0	3	1.04528609608293	-11.78587661594725	230.0	35	1.05	0.95				
	320	1	85.88674470175438	17.44574501754386	0.0	0.0	3	1.0472938411138701	-11.86186555019395	230.0	35	1.05	0.95				
	321	2	0.0	0.0	0.0	0.0	3	1.05	-6.532467299952987	230.0	37	1.05	0.95				
	322	2	0.0	0.0	0.0	0.0	3	1.05	-1.584135054387409	230.0	37	1.05	0.95				
	323	2	0.0	0.0	0.0	0.0	3	1.05	-11.41452891411933	230.0	35	1.05	0.95				
	324	1	0.0	0.0	0.0	0.0	3	1.0368175227179257	-13.154520899408137	230.0	36	1.05	0.95				
	325	1	0.0	0.0	0.0	0.0	3	1.0411926669737557	-9.63475198370288	230.0	35	1.05	0.95				
];
