%% MATPOWER Case Format : Version 2
function mpc = RTS_GMLC
mpc.version = '2';

%%-----  Power Flow Data  -----%%
%% system MVA base
mpc.baseMVA = 100.0;
%% bus data
%    bus_i    type    Pd    Qd    Gs    Bs    area    Vm    Va    baseKV    zone    Vmax    Vmin
mpc.bus = [
	101	2	48.97674416842106	9.976744182456141	0.0	0.0	1	1.0156943678774615	2.1383565070829036	138.0	11	1.05	0.95				
	102	2	43.98837207719298	9.069767438596491	0.0	0.0	1	1.0145499775818287	1.827382739801514	138.0	12	1.05	0.95				
	103	1	81.62790694736842	16.77906976140351	0.0	0.0	1	1.026067403954379	2.108000554335207	138.0	11	1.05	0.95				
	104	1	33.55813952280702	6.802325578947369	0.0	0.0	1	1.0130762248441623	-1.2464360465786266	138.0	11	1.05	0.95				
	105	1	32.19767440701754	6.348837207017545	0.0	0.0	1	1.0262951256557902	-1.1860508058666857	138.0	11	1.05	0.95				
	106	1	61.67441858245615	12.69767441403509	0.0	-100.0	1	1.0401027044622075	-3.5277693887046335	138.0	12	1.05	0.95				
	107	2	56.68604649122807	11.337209298245615	0.0	0.0	1	0.98935961276191	-9.961436724747152	138.0	12	1.05	0.95				
	108	1	77.5465116	15.87209301754386	0.0	0.0	1	0.9967051796044933	-8.185261596748548	138.0	12	1.05	0.95				
	109	1	79.3604650877193	16.325581389473683	0.0	0.0	1	1.025794511837362	-1.8643608770946274	138.0	13	1.05	0.95				
	110	1	88.43023252631579	18.139534877192983	0.0	0.0	1	1.05	-3.058386249343417	138.0	13	1.05	0.95				
	111	1	0.0	0.0	0.0	0.0	1	1.018395296954296	0.4309966215352475	230.0	13	1.05	0.95				
	112	1	0.0	0.0	0.0	0.0	1	1.0149850331476427	-0.1891755139462161	230.0	13	1.05	0.95				
	113	3	120.1744185614035	24.48837208421053	0.0	0.0	1	1.000377295398019	-6.811468138630273e-30	230.0	14	1.05	0.95				
	114	2	87.97674415438595	17.68604650526316	0.0	0.0	1	1.0412052032882537	3.6385511556651147	230.0	16	1.05	0.95				
	115	2	143.75581390175438	29.023255803508775	0.0	0.0	1	1.0432919962637357	12.533997380401368	230.0	16	1.05	0.95				
	116	2	45.34883719298246	9.069767438596491	0.0	0.0	1	1.0435476598318147	11.032511243102633	230.0	16	1.05	0.95				
	117	1	0.0	0.0	0.0	0.0	1	1.0420604712783041	16.59205152560954	230.0	17	1.05	0.95				
	118	2	151.0116278526316	30.837209291228074	0.0	0.0	1	1.05	16.985724589800803	230.0	17	1.05	0.95				
	119	1	82.08139531929824	16.77906976140351	0.0	0.0	1	1.0397770651741847	7.6156101045048334	230.0	15	1.05	0.95				
	120	1	58.04651160701755	11.790697670175438	0.0	0.0	1	1.0420744735800973	5.504320199514574	230.0	15	1.05	0.95				
	121	2	0.0	0.0	0.0	0.0	1	1.043993976494282	18.48586847888726	230.0	17	1.05	0.95				
	122	2	0.0	0.0	0.0	0.0	1	1.05	36.440869981342466	230.0	17	1.05	0.95				
	123	2	0.0	0.0	0.0	0.0	1	1.0442014220723634	4.683593401653279	230.0	15	1.05	0.95				
	124	1	0.0	0.0	0.0	0.0	1	1.0238038015680342	8.654430140901281	230.0	16	1.05	0.95				
	201	2	51.373524315789474	10.464977175438598	0.0	0.0	2	1.022859680402997	-11.024385493218835	138.0	21	1.05	0.95				
	202	2	46.14103572807017	9.51361561403509	0.0	0.0	2	1.0237490375781662	-10.881273393262452	138.0	22	1.05	0.95				
	203	1	85.62254052631579	17.60018888596491	0.0	0.0	2	1.013881218973201	-9.627994547615755	138.0	21	1.05	0.95				
	204	1	35.20037777192982	7.135211710526315	0.0	0.0	2	1.0157667522307239	-12.180274190960038	138.0	21	1.05	0.95				
	205	1	33.77333542982456	6.659530929824562	0.0	0.0	2	1.0305996285862078	-12.507867686247993	138.0	21	1.05	0.95				
	206	1	64.6925861754386	13.319061859649125	0.0	-100.0	2	1.042656057571058	-13.77510708636736	138.0	22	1.05	0.95				
	207	2	59.4600975877193	11.89201951754386	0.0	0.0	2	0.9913412299009209	-20.523046240993267	138.0	22	1.05	0.95				
	208	1	81.3414135	16.648827324561402	0.0	0.0	2	0.9958858820678669	-18.330301426180316	138.0	22	1.05	0.95				
	209	1	83.24413662280702	17.12450810526316	0.0	0.0	2	1.0229620565524618	-11.284741268780731	138.0	23	1.05	0.95				
	210	1	92.75775223684211	19.02723122807018	0.0	0.0	2	1.05	-12.482933739471738	138.0	23	1.05	0.95				
	211	1	0.0	0.0	0.0	0.0	2	1.0090177572018855	-8.227099015610095	230.0	23	1.05	0.95				
	212	1	0.0	0.0	0.0	0.0	2	1.0100743393541551	-6.971335207900465	230.0	23	1.05	0.95				
	213	2	126.0554068859649	25.686762157894737	0.0	0.0	2	1.0069416967445364	-6.496238950846345	230.0	24	1.05	0.95				
	214	2	92.28207145614034	18.551550447368424	0.0	0.0	2	1.0116603796915182	-6.008229816771445	230.0	26	1.05	0.95				
	215	2	150.79080748245616	30.44356996491228	0.0	0.0	2	1.027429186457564	-0.12753836523832315	230.0	26	1.05	0.95				
	216	2	47.56807807017544	9.51361561403509	0.0	0.0	2	1.0301024600617226	0.020576111727652217	230.0	26	1.05	0.95				
	217	1	0.0	0.0	0.0	0.0	2	1.0359557838613136	1.4898644042802949	230.0	27	1.05	0.95				
	218	2	158.40169997368423	32.3462930877193	0.0	0.0	2	1.0339248493338677	0.827572648921695	230.0	27	1.05	0.95				
	219	1	86.09822130701755	17.60018888596491	0.0	0.0	2	1.0307984128899688	0.6938366554483156	230.0	25	1.05	0.95				
	220	1	60.88713992982456	12.367700298245616	0.0	0.0	2	1.0350497356207657	2.1928605466322018	230.0	25	1.05	0.95				
	221	2	0.0	0.0	0.0	0.0	2	1.0344704693935198	1.316242647368623	230.0	27	1.05	0.95				
	222	2	0.0	0.0	0.0	0.0	2	1.05	7.882267212756392	230.0	27	1.05	0.95				
	223	2	0.0	0.0	0.0	0.0	2	1.038698223759731	3.3687207755167825	230.0	25	1.05	0.95				
	224	1	0.0	0.0	0.0	0.0	2	1.010608116856001	-3.6729761953657127	230.0	26	1.05	0.95				
	301	2	46.8079721431579	9.534957288421051	0.0	0.0	3	1.0085939549199652	-6.157864829601402	138.0	31	1.05	0.95				
	302	2	42.04049349894737	8.668142989473685	0.0	0.0	3	1.0083459081473505	-6.3103260999945885	138.0	32	1.05	0.95				
	303	1	78.01328690526316	16.036064530526314	0.0	0.0	3	1.0337170999008585	0.7503109002202918	138.0	31	1.05	0.95				
	304	1	32.07212906105263	6.501107242105262	0.0	0.0	3	1.011608237611516	-4.843257629507213	138.0	31	1.05	0.95				
	305	1	30.771907612631576	6.067700092631579	0.0	0.0	3	1.0238128898588328	-5.977961460192626	138.0	31	1.05	0.95				
	306	1	58.94337232842105	12.135400185263158	0.0	-100.0	3	1.0404105513722566	-6.3929359484669765	138.0	32	1.05	0.95				
	307	2	54.17589368421052	10.835178736842105	0.0	0.0	3	0.9927229825440792	-10.881984899852597	138.0	32	1.05	0.95				
	308	1	74.11262255999999	15.169250231578946	0.0	0.0	3	0.9994991952082531	-8.935227905859415	138.0	32	1.05	0.95				
	309	1	75.84625115789474	15.602657381052632	0.0	0.0	3	1.0279068775452227	-1.8752124808683872	138.0	33	1.05	0.95				
	310	1	84.51439414736842	17.33628597894737	0.0	0.0	3	1.05	-4.401699996002268	138.0	33	1.05	0.95				
	311	1	0.0	0.0	0.0	0.0	3	1.008959966397007	1.013878801271083	230.0	33	1.05	0.95				
	312	1	0.0	0.0	0.0	0.0	3	1.0113148051965373	1.435126458008028	230.0	33	1.05	0.95				
	313	2	114.8528946105263	23.40398607157895	0.0	0.0	3	1.0098401004810862	4.198368009975145	230.0	34	1.05	0.95				
	314	2	84.08098699789474	16.902878829473682	0.0	0.0	3	1.008900914941045	2.48911290861524	230.0	36	1.05	0.95				
	315	2	137.3900663831579	27.73805756631579	0.0	0.0	3	1.03806770410982	6.729561531263253	230.0	36	1.05	0.95				
	316	2	43.34071494736842	8.668142989473685	0.0	0.0	3	1.0367357918894975	7.121823209979377	230.0	36	1.05	0.95				
	317	1	0.0	0.0	0.0	0.0	3	1.048431939434981	11.353222196936162	230.0	37	1.05	0.95				
	318	2	144.32458077473683	29.471686164210524	0.0	0.0	3	1.0453773704778455	9.248504878342969	230.0	37	1.05	0.95				
	319	1	78.44669405473684	16.036064530526314	0.0	0.0	3	1.0280672999042326	6.211024460411559	230.0	35	1.05	0.95				
	320	1	55.47611513263158	11.268585886315789	0.0	0.0	3	1.0235423722269337	6.255105550883761	230.0	35	1.05	0.95				
	321	2	0.0	0.0	0.0	0.0	3	1.0442763646822202	9.0268140904276	230.0	37	1.05	0.95				
	322	2	0.0	0.0	0.0	0.0	3	1.05	14.277707038968966	230.0	37	1.05	0.95				
	323	2	0.0	0.0	0.0	0.0	3	1.0216472590261765	6.617306654488599	230.0	35	1.05	0.95				
	324	1	0.0	0.0	0.0	0.0	3	1.028225537599136	4.4818409595838675	230.0	36	1.05	0.95				
	325	1	0.0	0.0	0.0	0.0	3	1.0206249576213766	7.628198738043385	230.0	35	1.05	0.95				
];
