%% MATPOWER Case Format : Version 2
function mpc = RTS_GMLC
mpc.version = '2';

%%-----  Power Flow Data  -----%%
%% system MVA base
mpc.baseMVA = 100.0;
%% bus data
%    bus_i    type    Pd    Qd    Gs    Bs    area    Vm    Va    baseKV    zone    Vmax    Vmin
mpc.bus = [
	101	2	53.37209304	10.872093026666667	0.0	0.0	1	1.0350432703428682	1.1407515698885162	138.0	11	1.05	0.95				
	102	2	47.936046526666665	9.883720933333334	0.0	0.0	1	1.0345945977227267	0.9788482432032127	138.0	12	1.05	0.95				
	103	1	88.9534884	18.284883726666664	0.0	0.0	1	1.0282412893646038	-0.058785012497764966	138.0	11	1.05	0.95				
	104	1	36.56976745333333	7.4127906999999995	0.0	0.0	1	1.0209076333786222	-2.1997627113958944	138.0	11	1.05	0.95				
	105	1	35.087209313333325	6.918604653333333	0.0	0.0	1	1.0357402240764977	-2.0733251264681654	138.0	11	1.05	0.95				
	106	1	67.20930234666666	13.837209306666667	0.0	-100.0	1	1.0438771130584055	-4.373044181213734	138.0	12	1.05	0.95				
	107	2	61.77325583333333	12.354651166666667	0.0	0.0	1	1.0026639883434052	-9.816655443342622	138.0	12	1.05	0.95				
	108	1	84.50581398	17.29651163333333	0.0	0.0	1	1.0036054843564743	-8.596361185190462	138.0	12	1.05	0.95				
	109	1	86.48255816666666	17.790697679999997	0.0	0.0	1	1.0250022348010888	-2.8051238438839095	138.0	13	1.05	0.95				
	110	1	96.3662791	19.76744186666667	0.0	0.0	1	1.05	-3.7808698934704488	138.0	13	1.05	0.95				
	111	1	0.0	0.0	0.0	0.0	1	1.0066806806357231	-0.5515309565492781	230.0	13	1.05	0.95				
	112	1	0.0	0.0	0.0	0.0	1	1.0105685660142556	-0.2810588957373776	230.0	13	1.05	0.95				
	113	3	130.95930236666666	26.68604652	0.0	0.0	1	1.000960490337213	3.022283916509747e-30	230.0	14	1.05	0.95				
	114	2	95.87209305333333	19.273255820000003	0.0	0.0	1	1.0063476304214798	1.8148492378014376	230.0	16	1.05	0.95				
	115	2	156.6569767933333	31.627906986666666	0.0	0.0	1	1.041491303229705	8.735922710270442	230.0	16	1.05	0.95				
	116	2	49.41860466666667	9.883720933333334	0.0	0.0	1	1.0377572513207096	8.040685666870957	230.0	16	1.05	0.95				
	117	1	0.0	0.0	0.0	0.0	1	1.0432046957504602	10.840884329276584	230.0	17	1.05	0.95				
	118	2	164.56395354	33.60465117333333	0.0	0.0	1	1.0466532863239386	10.913344481702394	230.0	17	1.05	0.95				
	119	1	89.44767444666667	18.284883726666664	0.0	0.0	1	1.0304614666525516	6.481972321451476	230.0	15	1.05	0.95				
	120	1	63.25581397333333	12.848837213333333	0.0	0.0	1	1.0281164431948249	6.071392469759724	230.0	15	1.05	0.95				
	121	2	0.0	0.0	0.0	0.0	1	1.05	12.115187136845538	230.0	17	1.05	0.95				
	122	2	0.0	0.0	0.0	0.0	1	1.05	21.641427775085774	230.0	17	1.05	0.95				
	123	2	0.0	0.0	0.0	0.0	1	1.0276363359860488	6.223414684183297	230.0	15	1.05	0.95				
	124	1	0.0	0.0	0.0	0.0	1	1.0254253627096162	5.453924949805914	230.0	16	1.05	0.95				
	201	2	55.793483393684205	11.36533920982456	0.0	0.0	2	1.0311660072795947	-8.981973231055784	138.0	21	1.05	0.95				
	202	2	50.11081378877192	10.332126554385964	0.0	0.0	2	1.0315787376472962	-8.956800140527204	138.0	22	1.05	0.95				
	203	1	92.98913898947367	19.114434125614032	0.0	0.0	2	1.0185321436256491	-8.48335232617607	138.0	21	1.05	0.95				
	204	1	38.228868251228064	7.749094915789471	0.0	0.0	2	1.0186027879991435	-11.088581632901429	138.0	21	1.05	0.95				
	205	1	36.679049268070166	7.232488588070176	0.0	0.0	2	1.0340411508560206	-11.24903718205276	138.0	21	1.05	0.95				
	206	1	70.25846056982455	14.464977176140351	0.0	-100.0	2	1.0430716815948098	-13.003574774015561	138.0	22	1.05	0.95				
	207	2	64.57579096491227	12.915158192982453	0.0	0.0	2	0.9895493294774845	-20.77794566717169	138.0	22	1.05	0.95				
	208	1	88.33968203999999	18.081221470175436	0.0	0.0	2	0.993122525269996	-18.363375595725095	138.0	22	1.05	0.95				
	209	1	90.40610735087718	18.597827797894734	0.0	0.0	2	1.02334994175053	-10.729875669138464	138.0	23	1.05	0.95				
	210	1	100.73823390526313	20.664253108771927	0.0	0.0	2	1.05	-11.909309025593535	138.0	23	1.05	0.95				
	211	1	0.0	0.0	0.0	0.0	2	1.0098970565161642	-7.5576222920922485	230.0	23	1.05	0.95				
	212	1	0.0	0.0	0.0	0.0	2	1.0108013589645353	-6.791322380568428	230.0	23	1.05	0.95				
	213	2	136.900676845614	27.896741696842103	0.0	0.0	2	1.0066580442802329	-6.392475926122188	230.0	24	1.05	0.95				
	214	2	100.22162757754384	20.14764678105263	0.0	0.0	2	1.0147293139698088	-4.752443362907464	230.0	26	1.05	0.95				
	215	2	163.7642058870175	33.06280497403508	0.0	0.0	2	1.0315998949146157	2.3627121681352388	230.0	26	1.05	0.95				
	216	2	51.66063277192981	10.332126554385964	0.0	0.0	2	1.0332527115558459	2.3495644257731954	230.0	26	1.05	0.95				
	217	1	0.0	0.0	0.0	0.0	2	1.037708060223096	5.131820128488887	230.0	27	1.05	0.95				
	218	2	172.02990713052628	35.129230284912275	0.0	0.0	2	1.039230154556578	5.55753498736674	230.0	27	1.05	0.95				
	219	1	93.50574531719296	19.114434125614032	0.0	0.0	2	1.0320710231966337	1.735413122020086	230.0	25	1.05	0.95				
	220	1	66.12560994807016	13.431764520701753	0.0	0.0	2	1.0349306965432639	2.195214587659691	230.0	25	1.05	0.95				
	221	2	0.0	0.0	0.0	0.0	2	1.0391354756915343	5.2522899594026775	230.0	27	1.05	0.95				
	222	2	0.0	0.0	0.0	0.0	2	1.05	11.706276623481278	230.0	27	1.05	0.95				
	223	2	0.0	0.0	0.0	0.0	2	1.0375570525767683	2.8345720254274003	230.0	25	1.05	0.95				
	224	1	0.0	0.0	0.0	0.0	2	1.0132916552750848	-1.6899437321418918	230.0	26	1.05	0.95				
	301	2	47.217968981052636	9.618475162807018	0.0	0.0	3	1.009377692755743	-12.188606901642727	138.0	31	1.05	0.95				
	302	2	42.40873139964912	8.744068329824561	0.0	0.0	3	1.0090173836389111	-12.372485978703818	138.0	32	1.05	0.95				
	303	1	78.69661496842106	16.176526410175438	0.0	0.0	3	1.0359602820594742	-4.254465392426228	138.0	31	1.05	0.95				
	304	1	32.353052820350875	6.558051247368421	0.0	0.0	3	1.0115811250779803	-10.984239181133846	138.0	31	1.05	0.95				
	305	1	31.04144257087719	6.120847830877193	0.0	0.0	3	1.0242102149865515	-12.198339996610208	138.0	31	1.05	0.95				
	306	1	59.45966464280702	12.241695661754386	0.0	-100.0	3	1.0404666974046894	-12.724293550929104	138.0	32	1.05	0.95				
	307	2	54.650427061403505	10.930085412280702	0.0	0.0	3	0.9925049089511411	-17.257889382546054	138.0	32	1.05	0.95				
	308	1	74.76178422	15.302119577192983	0.0	0.0	3	0.9990761078724457	-15.28868880924227	138.0	32	1.05	0.95				
	309	1	76.51059788596491	15.73932299368421	0.0	0.0	3	1.027370930287721	-8.061994660255355	138.0	33	1.05	0.95				
	310	1	85.25466621578947	17.488136659649122	0.0	0.0	3	1.05	-10.799330177471363	138.0	33	1.05	0.95				
	311	1	0.0	0.0	0.0	0.0	3	1.0083336916869883	-5.551005288853074	230.0	33	1.05	0.95				
	312	1	0.0	0.0	0.0	0.0	3	1.0123658670600755	-5.046757914571194	230.0	33	1.05	0.95				
	313	2	115.85890537017542	23.608984490526318	0.0	0.0	3	1.0106168011435817	-2.384331206891216	230.0	34	1.05	0.95				
	314	2	84.81746279929824	17.050933243157896	0.0	0.0	3	1.0058086784072662	-4.328948397219879	230.0	36	1.05	0.95				
	315	2	138.5934830277193	27.9810186554386	0.0	0.0	3	1.0319283843280782	-0.5567696817543902	230.0	36	1.05	0.95				
	316	2	43.72034164912281	8.744068329824561	0.0	0.0	3	1.030719889758272	0.0037762155702442926	230.0	36	1.05	0.95				
	317	1	0.0	0.0	0.0	0.0	3	1.0384528980224197	2.0079718578340997	230.0	37	1.05	0.95				
	318	2	145.58873769157893	29.72983232140351	0.0	0.0	3	1.0363408115097261	1.142703060807406	230.0	37	1.05	0.95				
	319	1	79.13381838491227	16.176526410175438	0.0	0.0	3	1.0257640808655712	-0.7591296887468568	230.0	35	1.05	0.95				
	320	1	55.9620373108772	11.367288828771931	0.0	0.0	3	1.0244836797452803	-0.5710716170429645	230.0	35	1.05	0.95				
	321	2	0.0	0.0	0.0	0.0	3	1.0369389368394415	1.1361542728969793	230.0	37	1.05	0.95				
	322	2	0.0	0.0	0.0	0.0	3	1.0499999856840208	5.787936293141378	230.0	37	1.05	0.95				
	323	2	0.0	0.0	0.0	0.0	3	1.0244188644060022	-0.12906998842479062	230.0	35	1.05	0.95				
	324	1	0.0	0.0	0.0	0.0	3	1.0271720948562575	-1.9593275140184065	230.0	36	1.05	0.95				
	325	1	0.0	0.0	0.0	0.0	3	1.0234749757047303	0.9173253257684313	230.0	35	1.05	0.95				
];
