%% MATPOWER Case Format : Version 2
function mpc = RTS_GMLC
mpc.version = '2';

%%-----  Power Flow Data  -----%%
%% system MVA base
mpc.baseMVA = 100.0;
%% bus data
%    bus_i    type    Pd    Qd    Gs    Bs    area    Vm    Va    baseKV    zone    Vmax    Vmin
mpc.bus = [
	101	2	41.562097957894736	8.466353287719299	0.0	0.0	1	1.0153223918666998	-3.699808082697959	138.0	11	1.05	0.95				
	102	2	37.32892131403509	7.6966848070175455	0.0	0.0	1	1.0150196424692057	-3.899420989484217	138.0	12	1.05	0.95				
	103	1	69.2701632631579	14.238866892982458	0.0	0.0	1	1.004161717128734	-1.2432742628932323	138.0	11	1.05	0.95				
	104	1	28.477733785964915	5.772513605263158	0.0	0.0	1	1.005603858783871	-4.151285815487046	138.0	11	1.05	0.95				
	105	1	27.323231064912278	5.387679364912282	0.0	0.0	1	1.018299464050684	-5.127656348266959	138.0	11	1.05	0.95				
	106	1	52.33745668771931	10.775358729824564	0.0	-100.0	1	1.0279136128448503	-6.392499544300486	138.0	12	1.05	0.95				
	107	2	48.104280043859646	9.62085600877193	0.0	0.0	1	0.9849025136620837	-8.935990829148528	138.0	12	1.05	0.95				
	108	1	65.8066551	13.4691984122807	0.0	0.0	1	0.9884570141665446	-8.350028136076357	138.0	12	1.05	0.95				
	109	1	67.34599206140352	13.85403265263158	0.0	0.0	1	1.0031866662238422	-3.841368897426063	138.0	13	1.05	0.95				
	110	1	75.04267686842105	15.393369614035091	0.0	0.0	1	1.0303744575693794	-5.309558903726581	138.0	13	1.05	0.95				
	111	1	0.0	0.0	0.0	0.0	1	0.9802241521903388	-1.6938366868394203	230.0	13	1.05	0.95				
	112	1	0.0	0.0	0.0	0.0	1	0.9820177845767473	-1.840737221427383	230.0	13	1.05	0.95				
	113	3	101.98107369298246	20.781048978947368	0.0	0.0	1	0.9630949123087543	2.55902859546153e-26	230.0	14	1.05	0.95				
	114	2	74.65784262807018	15.008535373684213	0.0	0.0	1	0.9839966268016439	-0.10591245643448598	230.0	16	1.05	0.95				
	115	2	121.99245419122808	24.62939138245614	0.0	0.0	1	0.9909247055165271	5.632097347844463	230.0	16	1.05	0.95				
	116	2	38.48342403508772	7.6966848070175455	0.0	0.0	1	0.990625196056518	4.7238336694303005	230.0	16	1.05	0.95				
	117	1	0.0	0.0	0.0	0.0	1	0.9972308538974578	8.14929260554192	230.0	17	1.05	0.95				
	118	2	128.14980203684212	26.168728343859655	0.0	0.0	1	0.9990581989507635	8.752503788471188	230.0	17	1.05	0.95				
	119	1	69.65499750350878	14.238866892982458	0.0	0.0	1	0.9898919490668776	2.840048235775538	230.0	15	1.05	0.95				
	120	1	49.25878276491228	10.005690249122807	0.0	0.0	1	0.9916576515995842	1.5658789681673135	230.0	15	1.05	0.95				
	121	2	0.0	0.0	0.0	0.0	1	0.9987041359514313	9.904306813292322	230.0	17	1.05	0.95				
	122	2	0.0	0.0	0.0	0.0	1	1.0197770511160995	17.298912681473148	230.0	17	1.05	0.95				
	123	2	0.0	0.0	0.0	0.0	1	0.9930994576217811	1.1832944218125854	230.0	15	1.05	0.95				
	124	1	0.0	0.0	0.0	0.0	1	0.9872639692064267	2.990653193977457	230.0	16	1.05	0.95				
	201	2	40.28962695157895	8.207146230877193	0.0	0.0	2	1.0120961341327186	-7.626402207201703	138.0	21	1.05	0.95				
	202	2	36.18605383614035	7.461042028070176	0.0	0.0	2	1.010832053957274	-7.820948471550776	138.0	22	1.05	0.95				
	203	1	67.14937825263159	13.802927751929825	0.0	0.0	2	0.99801054907736	-5.958907717607336	138.0	21	1.05	0.95				
	204	1	27.60585550385965	5.595781521052632	0.0	0.0	2	1.0034831433133313	-7.160348440795575	138.0	21	1.05	0.95				
	205	1	26.486699199649124	5.222729419649124	0.0	0.0	2	1.0195976118073022	-7.390247891881788	138.0	21	1.05	0.95				
	206	1	50.7350857908772	10.445458839298247	0.0	-100.0	2	1.0319569959428412	-7.7421405123957285	138.0	22	1.05	0.95				
	207	2	46.6315126754386	9.32630253508772	0.0	0.0	2	0.972565529992013	-12.210994414197827	138.0	22	1.05	0.95				
	208	1	63.79190934000001	13.056823549122806	0.0	0.0	2	0.9829850803064254	-10.541621823935959	138.0	22	1.05	0.95				
	209	1	65.28411774561404	13.429875650526316	0.0	0.0	2	1.0082074908024767	-5.029518183106669	138.0	23	1.05	0.95				
	210	1	72.74515977368422	14.922084056140353	0.0	0.0	2	1.0361016736476247	-5.92265546786107	138.0	23	1.05	0.95				
	211	1	0.0	0.0	0.0	0.0	2	0.9868401424573764	-2.9807549903852717	230.0	23	1.05	0.95				
	212	1	0.0	0.0	0.0	0.0	2	0.9918801080175313	1.5528242756550106	230.0	23	1.05	0.95				
	213	2	98.85880687192983	20.144813475789476	0.0	0.0	2	0.9829665409916621	-0.8029305564282557	230.0	24	1.05	0.95				
	214	2	72.3721076722807	14.549031954736844	0.0	0.0	2	0.9793677170826535	-2.234296001475619	230.0	26	1.05	0.95				
	215	2	118.25751614491229	23.875334489824564	0.0	0.0	2	0.9896039647629428	1.7602879132980194	230.0	26	1.05	0.95				
	216	2	37.30521014035088	7.461042028070176	0.0	0.0	2	0.9875492633163642	1.253728313162759	230.0	26	1.05	0.95				
	217	1	0.0	0.0	0.0	0.0	2	0.9963668225901376	2.1849278963240595	230.0	27	1.05	0.95				
	218	2	124.22634976736843	25.3675428954386	0.0	0.0	2	0.9968898906805178	1.956934643347034	230.0	27	1.05	0.95				
	219	1	67.5224303540351	13.802927751929825	0.0	0.0	2	0.9839149872889266	1.5820450741340506	230.0	25	1.05	0.95				
	220	1	47.75066897964913	9.699354636491229	0.0	0.0	2	0.9833254837230946	2.66235393564982	230.0	25	1.05	0.95				
	221	2	0.0	0.0	0.0	0.0	2	0.9991720830645922	2.6780600413891325	230.0	27	1.05	0.95				
	222	2	0.0	0.0	0.0	0.0	2	1.0176003161083187	9.06125343194375	230.0	27	1.05	0.95				
	223	2	0.0	0.0	0.0	0.0	2	0.9837531272371063	3.5711768664048362	230.0	25	1.05	0.95				
	224	1	0.0	0.0	0.0	0.0	2	0.9833221565728892	-1.18787528096176	230.0	26	1.05	0.95				
	301	2	45.37298322947368	9.242644731929825	0.0	0.0	3	1.0122801511528972	22.960447837387676	138.0	31	1.05	0.95				
	302	2	40.75166086350877	8.402404301754386	0.0	0.0	3	1.0124592304606554	22.915267316894347	138.0	32	1.05	0.95				
	303	1	75.62163871578947	15.544447958245614	0.0	0.0	3	1.003663294238218	25.74828355392835	138.0	31	1.05	0.95				
	304	1	31.08889591649123	6.301803226315789	0.0	0.0	3	1.0046838406703162	24.38349087287023	138.0	31	1.05	0.95				
	305	1	29.82853527122807	5.881683011228071	0.0	0.0	3	1.020424171241122	24.348009956636155	138.0	31	1.05	0.95				
	306	1	57.13634925192983	11.763366022456141	0.0	-100.0	3	1.0339380158326825	24.614779249549855	138.0	32	1.05	0.95				
	307	2	52.51502688596491	10.503005377192983	0.0	0.0	3	0.9724903732158281	23.05980536549836	138.0	32	1.05	0.95				
	308	1	71.84055678	14.704207528070173	0.0	0.0	3	0.9906942059694608	24.827228363501135	138.0	32	1.05	0.95				
	309	1	73.52103764035087	15.124327743157895	0.0	0.0	3	1.0115906088358384	27.362375485040122	138.0	33	1.05	0.95				
	310	1	81.92344194210526	16.80480860350877	0.0	0.0	3	1.0401320422664495	27.12108835381887	138.0	33	1.05	0.95				
	311	1	0.0	0.0	0.0	0.0	3	0.9870126584085811	30.94605112828722	230.0	33	1.05	0.95				
	312	1	0.0	0.0	0.0	0.0	3	0.9950154682414111	31.539737071656397	230.0	33	1.05	0.95				
	313	2	111.33185699824561	22.68649161473684	0.0	0.0	3	0.9953691500858245	36.96950075557198	230.0	34	1.05	0.95				
	314	2	81.50332172701754	16.384688388421054	0.0	0.0	3	0.9732712230464127	29.504099831022447	230.0	36	1.05	0.95				
	315	2	133.17810818280702	26.887693765614035	0.0	0.0	3	0.9826886428338623	22.54184372531472	230.0	36	1.05	0.95				
	316	2	42.01202150877193	8.402404301754386	0.0	0.0	3	0.9713447413108058	23.617126893511138	230.0	36	1.05	0.95				
	317	1	0.0	0.0	0.0	0.0	3	0.9850954101589919	21.82256761131111	230.0	37	1.05	0.95				
	318	2	139.90003162421053	28.568174625964915	0.0	0.0	3	0.9870471945404403	19.98821182769027	230.0	37	1.05	0.95				
	319	1	76.0417589308772	15.544447958245614	0.0	0.0	3	0.9792063051815093	25.799628589938678	230.0	35	1.05	0.95				
	320	1	53.77538753122807	10.923125592280702	0.0	0.0	3	0.9857780308636251	26.773445173035483	230.0	35	1.05	0.95				
	321	2	0.0	0.0	0.0	0.0	3	0.9923042899390898	21.414442003477305	230.0	37	1.05	0.95				
	322	2	0.0	0.0	0.0	0.0	3	1.0087379241452399	25.974674018261375	230.0	37	1.05	0.95				
	323	2	0.0	0.0	0.0	0.0	3	0.9882168754967785	26.801705543833958	230.0	35	1.05	0.95				
	324	1	0.0	0.0	0.0	0.0	3	0.9905670490294349	25.910038890923143	230.0	36	1.05	0.95				
	325	1	0.0	0.0	0.0	0.0	3	0.9893715988245895	25.37267667083556	230.0	35	1.05	0.95				
];
