%% MATPOWER Case Format : Version 2
function mpc = RTS_GMLC
mpc.version = '2';

%%-----  Power Flow Data  -----%%
%% system MVA base
mpc.baseMVA = 100.0;
%% bus data
%    bus_i    type    Pd    Qd    Gs    Bs    area    Vm    Va    baseKV    zone    Vmax    Vmin
mpc.bus = [
	101	2	38.983671435789475	7.941118255438597	0.0	0.0	1	1.002919330155438	-1.904251552197757	138.0	11	1.05	0.95				
	102	2	35.01311230807017	7.219198414035087	0.0	0.0	1	1.001421312023754	-2.389281631771653	138.0	12	1.05	0.95				
	103	1	64.97278572631579	13.35551706596491	0.0	0.0	1	1.0246103535820006	2.1295103798575563	138.0	11	1.05	0.95				
	104	1	26.71103413192982	5.414398810526316	0.0	0.0	1	1.008841003581208	-3.134155936227938	138.0	11	1.05	0.95				
	105	1	25.628154369824557	5.0534388898245615	0.0	0.0	1	1.0219413461579843	-3.4763728915486647	138.0	11	1.05	0.95				
	106	1	49.09054921543859	10.106877779649123	0.0	-100.0	1	1.0405203320231944	-4.843634393673202	138.0	12	1.05	0.95				
	107	2	45.119990087719295	9.023998017543859	0.0	0.0	1	0.9827042406567409	-10.590128324679732	138.0	12	1.05	0.95				
	108	1	61.72414643999999	12.633597224561402	0.0	0.0	1	0.9952868060446565	-8.490481350343666	138.0	12	1.05	0.95				
	109	1	63.167986122807015	12.994557145263158	0.0	0.0	1	1.0245953251556372	-2.2241623505276724	138.0	13	1.05	0.95				
	110	1	70.3871845368421	14.438396828070173	0.0	0.0	1	1.05	-3.862072081508023	138.0	13	1.05	0.95				
	111	1	0.0	0.0	0.0	0.0	1	1.0153891001507653	0.5157583921231388	230.0	13	1.05	0.95				
	112	1	0.0	0.0	0.0	0.0	1	1.0120242418103347	-0.803210979117032	230.0	13	1.05	0.95				
	113	3	95.65437898596491	19.491835717894737	0.0	0.0	1	0.992348648268886	-1.088547830720903e-28	230.0	14	1.05	0.95				
	114	2	70.02622461614034	14.077436907368421	0.0	0.0	1	1.0428485444518414	4.449185861213332	230.0	16	1.05	0.95				
	115	2	114.42429486245614	23.10143492491228	0.0	0.0	1	1.0411175161633939	14.338820946963278	230.0	16	1.05	0.95				
	116	2	36.095992070175434	7.219198414035087	0.0	0.0	1	1.0410062078434545	12.346058022217012	230.0	16	1.05	0.95				
	117	1	0.0	0.0	0.0	0.0	1	1.0399805882490512	18.62501736564967	230.0	17	1.05	0.95				
	118	2	120.1996535936842	24.545274607719296	0.0	0.0	1	1.0492081534093334	19.34046560647783	230.0	17	1.05	0.95				
	119	1	65.33374564701754	13.35551706596491	0.0	0.0	1	1.0373926933758535	7.723637365473687	230.0	15	1.05	0.95				
	120	1	46.20286984982456	9.384957938245615	0.0	0.0	1	1.0412539893016097	4.4010553974945195	230.0	15	1.05	0.95				
	121	2	0.0	0.0	0.0	0.0	1	1.0431177937600977	20.93584270867605	230.0	17	1.05	0.95				
	122	2	0.0	0.0	0.0	0.0	1	1.05	38.898256668274804	230.0	17	1.05	0.95				
	123	2	0.0	0.0	0.0	0.0	1	1.0445313914542087	2.853896159243688	230.0	15	1.05	0.95				
	124	1	0.0	0.0	0.0	0.0	1	1.0196144619462995	9.789025943241382	230.0	16	1.05	0.95				
	201	2	38.41964427789474	7.8262238343859645	0.0	0.0	2	1.0129235326842596	-16.6821711882283	138.0	21	1.05	0.95				
	202	2	34.506532360701755	7.114748940350878	0.0	0.0	2	1.0120899856759038	-16.979424215667795	138.0	22	1.05	0.95				
	203	1	64.0327404631579	13.16228553964912	0.0	0.0	2	1.0120413041036673	-12.457546475502655	138.0	21	1.05	0.95				
	204	1	26.32457107929824	5.336061705263157	0.0	0.0	2	1.0119511209858547	-16.798034567343258	138.0	21	1.05	0.95				
	205	1	25.25735873824561	4.980324258245615	0.0	0.0	2	1.0272650705360966	-17.242573110137844	138.0	21	1.05	0.95				
	206	1	48.380292794385966	9.96064851649123	0.0	-100.0	2	1.0435167883990617	-18.02626218740735	138.0	22	1.05	0.95				
	207	2	44.46718087719298	8.893436175438596	0.0	0.0	2	0.9958139620782555	-22.19844531477189	138.0	22	1.05	0.95				
	208	1	60.83110344	12.450810645614034	0.0	0.0	2	1.0030619204331737	-20.63831330590573	138.0	22	1.05	0.95				
	209	1	62.25405322807017	12.806548092631578	0.0	0.0	2	1.021500744472321	-15.165534014990788	138.0	23	1.05	0.95				
	210	1	69.36880216842106	14.229497880701755	0.0	0.0	2	1.05	-16.654426212783093	138.0	23	1.05	0.95				
	211	1	0.0	0.0	0.0	0.0	2	1.0045271770171886	-12.62048953875544	230.0	23	1.05	0.95				
	212	1	0.0	0.0	0.0	0.0	2	1.0064499693398499	-12.243639483628305	230.0	23	1.05	0.95				
	213	2	94.27042345964911	19.20982213894737	0.0	0.0	2	0.9970486693408642	-11.692670373126427	230.0	24	1.05	0.95				
	214	2	69.01306472140351	13.87376043368421	0.0	0.0	2	1.0070554443133488	-10.026262884923515	230.0	26	1.05	0.95				
	215	2	112.76877070456139	22.767196609122806	0.0	0.0	2	1.0240936372212313	-3.2609351211683997	230.0	26	1.05	0.95				
	216	2	35.573744701754386	7.114748940350878	0.0	0.0	2	1.0256704950276587	-4.228468367537609	230.0	26	1.05	0.95				
	217	1	0.0	0.0	0.0	0.0	2	1.0335126575529123	-1.7652797820740826	230.0	27	1.05	0.95				
	218	2	118.4605698568421	24.190146397192983	0.0	0.0	2	1.0325853449675495	-2.1887871341854277	230.0	27	1.05	0.95				
	219	1	64.38847791017544	13.16228553964912	0.0	0.0	2	1.0235671639645298	-5.017661592114843	230.0	25	1.05	0.95				
	220	1	45.53439321824561	9.24917362245614	0.0	0.0	2	1.0238335037513477	-5.003696276912344	230.0	25	1.05	0.95				
	221	2	0.0	0.0	0.0	0.0	2	1.0326678799245015	-1.7480369643455944	230.0	27	1.05	0.95				
	222	2	0.0	0.0	0.0	0.0	2	1.05	4.740787506385498	230.0	27	1.05	0.95				
	223	2	0.0	0.0	0.0	0.0	2	1.024202419929808	-4.718919831491151	230.0	25	1.05	0.95				
	224	1	0.0	0.0	0.0	0.0	2	1.0082157351325485	-6.6975063588963994	230.0	26	1.05	0.95				
	301	2	43.374248640000005	8.835495093333332	0.0	0.0	3	1.011605645905387	2.975055683300042	138.0	31	1.05	0.95				
	302	2	38.95650109333334	8.032268266666668	0.0	0.0	3	1.0114246342129312	2.8722135437687233	138.0	32	1.05	0.95				
	303	1	72.2904144	14.859696293333332	0.0	0.0	3	1.0333913592695945	9.348554239764495	138.0	31	1.05	0.95				
	304	1	29.719392586666665	6.024201199999999	0.0	0.0	3	1.0147349495256128	4.830582743330548	138.0	31	1.05	0.95				
	305	1	28.514552346666665	5.622587786666667	0.0	0.0	3	1.0258787254807762	2.913203679945895	138.0	31	1.05	0.95				
	306	1	54.61942421333333	11.245175573333334	0.0	-100.0	3	1.042083566765097	2.40611292121623	138.0	32	1.05	0.95				
	307	2	50.201676666666664	10.040335333333333	0.0	0.0	3	0.9765884634787555	-0.8533309875298538	138.0	32	1.05	0.95				
	308	1	68.67589368	14.056469466666666	0.0	0.0	3	0.9918707673045202	0.8580519223706686	138.0	32	1.05	0.95				
	309	1	70.28234733333333	14.458082880000001	0.0	0.0	3	1.0303679614879226	8.058005119345923	138.0	33	1.05	0.95				
	310	1	78.31461560000001	16.064536533333335	0.0	0.0	3	1.05	4.14582715869389	138.0	33	1.05	0.95				
	311	1	0.0	0.0	0.0	0.0	3	1.007422291289467	8.808293920906792	230.0	33	1.05	0.95				
	312	1	0.0	0.0	0.0	0.0	3	1.0127782420409386	9.161439340383872	230.0	33	1.05	0.95				
	313	2	106.42755453333332	21.687124320000002	0.0	0.0	3	1.0085216575998728	11.076279266513819	230.0	34	1.05	0.95				
	314	2	77.91300218666667	15.66292312	0.0	0.0	3	0.9998561512786549	9.671572037732556	230.0	36	1.05	0.95				
	315	2	127.31145202666667	25.703258453333333	0.0	0.0	3	1.0312491505122368	12.930670531255146	230.0	36	1.05	0.95				
	316	2	40.16134133333333	8.032268266666668	0.0	0.0	3	1.0283311961477282	13.239703584152933	230.0	36	1.05	0.95				
	317	1	0.0	0.0	0.0	0.0	3	1.048757062007609	18.173380430744	230.0	37	1.05	0.95				
	318	2	133.73726664	27.309712106666666	0.0	0.0	3	1.0475651215881117	14.66604928193437	230.0	37	1.05	0.95				
	319	1	72.69202781333334	14.859696293333332	0.0	0.0	3	1.0212278404995867	12.322128552155602	230.0	35	1.05	0.95				
	320	1	51.40651690666667	10.441948746666666	0.0	0.0	3	1.0177404904940208	12.311134757124794	230.0	35	1.05	0.95				
	321	2	0.0	0.0	0.0	0.0	3	1.0439007421242978	14.767376310470405	230.0	37	1.05	0.95				
	322	2	0.0	0.0	0.0	0.0	3	1.05	20.443040295870503	230.0	37	1.05	0.95				
	323	2	0.0	0.0	0.0	0.0	3	1.0162755970855675	12.621933379126686	230.0	35	1.05	0.95				
	324	1	0.0	0.0	0.0	0.0	3	1.0258681119792838	11.576409221435366	230.0	36	1.05	0.95				
	325	1	0.0	0.0	0.0	0.0	3	1.0171071696565015	13.342832082654423	230.0	35	1.05	0.95				
];
