%% MATPOWER Case Format : Version 2
function mpc = RTS_GMLC
mpc.version = '2';

%%-----  Power Flow Data  -----%%
%% system MVA base
mpc.baseMVA = 100.0;
%% bus data
%    bus_i    type    Pd    Qd    Gs    Bs    area    Vm    Va    baseKV    zone    Vmax    Vmin
mpc.bus = [
	101	2	40.974270176842104	8.346610591578948	0.0	0.0	1	0.9940380720684647	-3.6950725456734217	138.0	11	1.05	0.95				
	102	2	36.80096488105263	7.587827810526315	0.0	0.0	1	0.9937604325796338	-3.9184802548221795	138.0	12	1.05	0.95				
	103	1	68.29045029473684	14.037481449473683	0.0	0.0	1	1.0213341023357694	2.3331976571425805	138.0	11	1.05	0.95				
	104	1	28.074962898947366	5.690870857894737	0.0	0.0	1	1.0062732037646822	-3.780970831496586	138.0	11	1.05	0.95				
	105	1	26.936788727368416	5.311479467368422	0.0	0.0	1	1.0172397643259308	-4.781585396699215	138.0	11	1.05	0.95				
	106	1	51.59722911157895	10.622958934736843	0.0	-100.0	1	1.0382348665912267	-5.841752248243512	138.0	12	1.05	0.95				
	107	2	47.42392381578947	9.484784763157894	0.0	0.0	1	0.9834784124348528	-12.218724863712922	138.0	12	1.05	0.95				
	108	1	64.87592778	13.278698668421052	0.0	0.0	1	0.9945230225245072	-9.7106567188566	138.0	12	1.05	0.95				
	109	1	66.39349334210526	13.658090058947367	0.0	0.0	1	1.0246655431710578	-2.572812322577942	138.0	13	1.05	0.95				
	110	1	73.98132115263158	15.17565562105263	0.0	0.0	1	1.05	-4.614195516885299	138.0	13	1.05	0.95				
	111	1	0.0	0.0	0.0	0.0	1	1.0188998966314573	0.5039047382383266	230.0	13	1.05	0.95				
	112	1	0.0	0.0	0.0	0.0	1	1.0147640538229314	-0.9901969000958054	230.0	13	1.05	0.95				
	113	3	100.53871848947367	20.487135088421052	0.0	0.0	1	0.998245165546928	2.555057427820456e-31	230.0	14	1.05	0.95				
	114	2	73.60192976210526	14.796264230526315	0.0	0.0	1	1.05	4.906231727311832	230.0	16	1.05	0.95				
	115	2	120.26707079684209	24.28104899368421	0.0	0.0	1	1.0402654287747761	15.90161589308337	230.0	16	1.05	0.95				
	116	2	37.939139052631575	7.587827810526315	0.0	0.0	1	1.0409685921148417	13.648593764908508	230.0	16	1.05	0.95				
	117	1	0.0	0.0	0.0	0.0	1	1.0397764550992876	20.462239464291056	230.0	17	1.05	0.95				
	118	2	126.33733304526315	25.798614555789474	0.0	0.0	1	1.05	21.413985829208297	230.0	17	1.05	0.95				
	119	1	68.66984168526315	14.037481449473683	0.0	0.0	1	1.0388051886695275	8.587063306768378	230.0	15	1.05	0.95				
	120	1	48.56209798736842	9.86417615368421	0.0	0.0	1	1.0450164407033802	4.82964350987952	230.0	15	1.05	0.95				
	121	2	0.0	0.0	0.0	0.0	1	1.0448953864068877	23.160968130372357	230.0	17	1.05	0.95				
	122	2	0.0	0.0	0.0	0.0	1	1.05	41.10821749002757	230.0	17	1.05	0.95				
	123	2	0.0	0.0	0.0	0.0	1	1.05	3.0628293596050438	230.0	15	1.05	0.95				
	124	1	0.0	0.0	0.0	0.0	1	1.0159610645514252	10.85495613458438	230.0	16	1.05	0.95				
	201	2	43.570596581052634	8.875491896140351	0.0	0.0	2	1.0000003896130398	-20.120674279749068	138.0	21	1.05	0.95				
	202	2	39.13285063298246	8.068628996491228	0.0	0.0	2	0.998602824174155	-20.44573321625631	138.0	22	1.05	0.95				
	203	1	72.61766096842106	14.926963643508772	0.0	0.0	2	0.9990631895044989	-14.666918619388902	138.0	21	1.05	0.95				
	204	1	29.853927287017545	6.051471747368422	0.0	0.0	2	0.9895639555152895	-19.98602680587949	138.0	21	1.05	0.95				
	205	1	28.643632937543863	5.648040297543861	0.0	0.0	2	1.0053473666680925	-20.570058146035574	138.0	21	1.05	0.95				
	206	1	54.86667717614036	11.296080595087721	0.0	-100.0	2	1.015859942028921	-21.356060126857543	138.0	22	1.05	0.95				
	207	2	50.42893122807017	10.085786245614035	0.0	0.0	2	0.976618871936736	-26.527163401055937	138.0	22	1.05	0.95				
	208	1	68.98677792	14.120100743859648	0.0	0.0	2	0.9774470061908657	-24.557250492633084	138.0	22	1.05	0.95				
	209	1	70.60050371929825	14.523532193684211	0.0	0.0	2	0.9941954021664212	-17.846765028803627	138.0	23	1.05	0.95				
	210	1	78.66913271578947	16.137257992982455	0.0	0.0	2	1.0204451454436594	-19.661247699493593	138.0	23	1.05	0.95				
	211	1	0.0	0.0	0.0	0.0	2	0.9814690390216095	-14.802304473072162	230.0	23	1.05	0.95				
	212	1	0.0	0.0	0.0	0.0	2	0.9641669678001122	-14.295630402261688	230.0	23	1.05	0.95				
	213	2	106.90933420350876	21.785298290526317	0.0	0.0	2	0.9592243345899346	-13.62821928314921	230.0	24	1.05	0.95				
	214	2	78.26570126596492	15.733826543157894	0.0	0.0	2	1.0038075395347457	-11.839486059370387	230.0	26	1.05	0.95				
	215	2	127.88776959438597	25.819612788771927	0.0	0.0	2	1.0236538426528838	-3.9794736681188443	230.0	26	1.05	0.95				
	216	2	40.34314498245614	8.068628996491228	0.0	0.0	2	1.0165202866415461	-5.027963425086867	230.0	26	1.05	0.95				
	217	1	0.0	0.0	0.0	0.0	2	1.031554160682217	-2.437033394315925	230.0	27	1.05	0.95				
	218	2	134.34267279157896	27.43333858807018	0.0	0.0	2	1.0331793686629047	-2.975738609333694	230.0	27	1.05	0.95				
	219	1	73.02109241824562	14.926963643508772	0.0	0.0	2	0.9859774349293953	-5.525970784534258	230.0	25	1.05	0.95				
	220	1	51.639225577543854	10.489217695438597	0.0	0.0	2	0.9622954465072434	-5.116379822501771	230.0	25	1.05	0.95				
	221	2	0.0	0.0	0.0	0.0	2	1.032997236017791	-2.508131506369727	230.0	27	1.05	0.95				
	222	2	0.0	0.0	0.0	0.0	2	1.05	4.0147756190562705	230.0	27	1.05	0.95				
	223	2	0.0	0.0	0.0	0.0	2	0.95	-4.51607747466533	230.0	25	1.05	0.95				
	224	1	0.0	0.0	0.0	0.0	2	1.001342034715053	-7.9261836711539955	230.0	26	1.05	0.95				
	301	2	62.9003479831579	12.813033848421055	0.0	0.0	3	1.0270171975518765	14.391835529997438	138.0	31	1.05	0.95				
	302	2	56.49383105894737	11.648212589473687	0.0	0.0	3	1.0231728650531127	14.0272738275189	138.0	32	1.05	0.95				
	303	1	104.83391330526317	21.54919329052632	0.0	0.0	3	1.0345090079404653	31.834878398676658	138.0	31	1.05	0.95				
	304	1	43.09838658105264	8.736159442105263	0.0	0.0	3	0.9993044461586988	16.06553109483238	138.0	31	1.05	0.95				
	305	1	41.35115469263158	8.153748812631582	0.0	0.0	3	1.0213568702473617	13.376369003130073	138.0	31	1.05	0.95				
	306	1	79.20784560842107	16.307497625263164	0.0	-100.0	3	1.0239406395614599	12.127807352016061	138.0	32	1.05	0.95				
	307	2	72.80132868421053	14.560265736842107	0.0	0.0	3	0.95	7.038342444819099	138.0	32	1.05	0.95				
	308	1	99.59221764000002	20.38437203157895	0.0	0.0	3	0.9597331404925712	9.88842392135627	138.0	32	1.05	0.95				
	309	1	101.92186015789476	20.966782661052633	0.0	0.0	3	1.0004742177303718	20.25699815238417	138.0	33	1.05	0.95				
	310	1	113.57007274736843	23.296425178947374	0.0	0.0	3	1.0299570502060797	14.238791491834967	138.0	33	1.05	0.95				
	311	1	0.0	0.0	0.0	0.0	3	0.9850757936332476	19.17938793560983	230.0	33	1.05	0.95				
	312	1	0.0	0.0	0.0	0.0	3	0.9925060865250754	19.507627287616426	230.0	33	1.05	0.95				
	313	2	154.33881681052634	31.45017399157895	0.0	0.0	3	0.9862142375595807	20.753723517496343	230.0	34	1.05	0.95				
	314	2	112.98766211789474	22.71401454947369	0.0	0.0	3	0.9780170172383748	19.88115930511844	230.0	36	1.05	0.95				
	315	2	184.6241695431579	37.27428028631579	0.0	0.0	3	1.0248400892436376	21.751795173848105	230.0	36	1.05	0.95				
	316	2	58.24106294736843	11.648212589473687	0.0	0.0	3	1.00867994804409	21.67519500391688	230.0	36	1.05	0.95				
	317	1	0.0	0.0	0.0	0.0	3	1.0177626331976601	25.410162628055645	230.0	37	1.05	0.95				
	318	2	193.94273961473687	39.603922804210534	0.0	0.0	3	1.008028858808039	21.51771370055603	230.0	37	1.05	0.95				
	319	1	105.41632393473685	21.54919329052632	0.0	0.0	3	1.002882555740115	20.906424520998094	230.0	35	1.05	0.95				
	320	1	74.54856057263159	15.142676366315792	0.0	0.0	3	1.0012620963658228	20.733773092360718	230.0	35	1.05	0.95				
	321	2	0.0	0.0	0.0	0.0	3	1.0287459966339652	22.224498389192572	230.0	37	1.05	0.95				
	322	2	0.0	0.0	0.0	0.0	3	1.0398359063784315	27.852585064924025	230.0	37	1.05	0.95				
	323	2	0.0	0.0	0.0	0.0	3	1.0010720408827551	20.83618572514921	230.0	35	1.05	0.95				
	324	1	0.0	0.0	0.0	0.0	3	1.0268698543411394	26.583774259036826	230.0	36	1.05	0.95				
	325	1	0.0	0.0	0.0	0.0	3	1.0051204803465659	21.061666987220814	230.0	35	1.05	0.95				
];
