%% MATPOWER Case Format : Version 2
function mpc = RTS_GMLC
mpc.version = '2';

%%-----  Power Flow Data  -----%%
%% system MVA base
mpc.baseMVA = 100.0;
%% bus data
%    bus_i    type    Pd    Qd    Gs    Bs    area    Vm    Va    baseKV    zone    Vmax    Vmin
mpc.bus = [
	101	2	35.69717961473685	7.271647699298247	0.0	0.0	1	0.9990027547853889	-3.074109546629071	138.0	11	1.05	0.95				
	102	2	32.06135576508772	6.610588817543859	0.0	0.0	1	0.9981166780005724	-3.411206207525281	138.0	12	1.05	0.95				
	103	1	59.49529935789474	12.22958931245614	0.0	0.0	1	1.0249274863957551	1.9823845673856817	138.0	11	1.05	0.95				
	104	1	24.45917862491228	4.957941613157895	0.0	0.0	1	1.007909498351163	-3.5426744197167053	138.0	11	1.05	0.95				
	105	1	23.4675903022807	4.627412172280702	0.0	0.0	1	1.0204727041709032	-4.0766874152523345	138.0	11	1.05	0.95				
	106	1	44.952003959298246	9.254824344561404	0.0	-100.0	1	1.0407215685723936	-5.083614246650445	138.0	12	1.05	0.95				
	107	2	41.316180109649125	8.263236021929824	0.0	0.0	1	0.9830325264089894	-10.472985119440013	138.0	12	1.05	0.95				
	108	1	56.52053439	11.568530430701754	0.0	0.0	1	0.996487414363165	-8.36146616735814	138.0	12	1.05	0.95				
	109	1	57.84265215350878	11.899059871578947	0.0	0.0	1	1.0246048606590628	-2.2631349963780556	138.0	13	1.05	0.95				
	110	1	64.45324097105262	13.221177635087718	0.0	0.0	1	1.05	-3.9902276540006536	138.0	13	1.05	0.95				
	111	1	0.0	0.0	0.0	0.0	1	1.0138755217564086	0.5134183872183554	230.0	13	1.05	0.95				
	112	1	0.0	0.0	0.0	0.0	1	1.0111608527313425	-0.8455842558384732	230.0	13	1.05	0.95				
	113	3	87.59030183245613	17.848589807368423	0.0	0.0	1	0.9907133816393402	-6.402470087940555e-31	230.0	14	1.05	0.95				
	114	2	64.12271153017544	12.890648194210527	0.0	0.0	1	1.0402804979494902	4.541589715688036	230.0	16	1.05	0.95				
	115	2	104.77783275807018	21.15388421614035	0.0	0.0	1	1.0418840035421302	14.304920393340929	230.0	16	1.05	0.95				
	116	2	33.0529440877193	6.610588817543859	0.0	0.0	1	1.0413660781432057	12.351973124160722	230.0	16	1.05	0.95				
	117	1	0.0	0.0	0.0	0.0	1	1.040699922549531	18.548960865099648	230.0	17	1.05	0.95				
	118	2	110.06630381210528	22.476001979649123	0.0	0.0	1	1.0499999947056329	19.236851927187434	230.0	17	1.05	0.95				
	119	1	59.82582879877193	12.22958931245614	0.0	0.0	1	1.0374809500359328	7.771389224062637	230.0	15	1.05	0.95				
	120	1	42.3077684322807	8.593765462807019	0.0	0.0	1	1.0407249537863696	4.42484822093651	230.0	15	1.05	0.95				
	121	2	0.0	0.0	0.0	0.0	1	1.0435462616724542	20.738721050824115	230.0	17	1.05	0.95				
	122	2	0.0	0.0	0.0	0.0	1	1.05	38.69752532361798	230.0	17	1.05	0.95				
	123	2	0.0	0.0	0.0	0.0	1	1.0435532180443745	2.8413227950968962	230.0	15	1.05	0.95				
	124	1	0.0	0.0	0.0	0.0	1	1.0200478113360247	9.714652888158188	230.0	16	1.05	0.95				
	201	2	38.94663937263158	7.933574687017543	0.0	0.0	2	1.0130223869727668	-17.20134827949045	138.0	21	1.05	0.95				
	202	2	34.9798520291228	7.212340624561403	0.0	0.0	2	1.0121893016046823	-17.503720382947744	138.0	22	1.05	0.95				
	203	1	64.91106562105263	13.342830155438595	0.0	0.0	2	1.0117068936490439	-12.776933202692206	138.0	21	1.05	0.95				
	204	1	26.68566031087719	5.409255468421052	0.0	0.0	2	1.0118143654265814	-17.313347070903554	138.0	21	1.05	0.95				
	205	1	25.60380921719298	5.048638437192983	0.0	0.0	2	1.0272473689651969	-17.776578433380426	138.0	21	1.05	0.95				
	206	1	49.04391624701754	10.097276874385965	0.0	-100.0	2	1.0434007260175704	-18.573081472129697	138.0	22	1.05	0.95				
	207	2	45.077128903508765	9.015425780701754	0.0	0.0	2	0.9958194417169173	-22.808053146519615	138.0	22	1.05	0.95				
	208	1	61.66551233999999	12.621596092982454	0.0	0.0	2	1.002841639448483	-21.221187618966646	138.0	22	1.05	0.95				
	209	1	63.10798046491227	12.982213124210526	0.0	0.0	2	1.0213587968263742	-15.653393234571173	138.0	23	1.05	0.95				
	210	1	70.32032108947368	14.424681249122806	0.0	0.0	2	1.05	-17.187911001619174	138.0	23	1.05	0.95				
	211	1	0.0	0.0	0.0	0.0	2	1.0048317891737881	-13.100321062430474	230.0	23	1.05	0.95				
	212	1	0.0	0.0	0.0	0.0	2	1.0065879499549564	-12.742379618651608	230.0	23	1.05	0.95				
	213	2	95.56351327543858	19.47331968631579	0.0	0.0	2	0.9975685219651322	-12.193849417362625	230.0	24	1.05	0.95				
	214	2	69.9597040582456	14.064064217894737	0.0	0.0	2	1.0076649433554425	-10.460523591376493	230.0	26	1.05	0.95				
	215	2	114.31559889929824	23.07948999859649	0.0	0.0	2	1.0238325560299855	-3.5493428950834174	230.0	26	1.05	0.95				
	216	2	36.06170312280702	7.212340624561403	0.0	0.0	2	1.0255972723666553	-4.561404430900621	230.0	26	1.05	0.95				
	217	1	0.0	0.0	0.0	0.0	2	1.0332129011977196	-2.035906344662508	230.0	27	1.05	0.95				
	218	2	120.08547139894736	24.52195812350877	0.0	0.0	2	1.032361126332286	-2.4733148349282437	230.0	27	1.05	0.95				
	219	1	65.27168265228069	13.342830155438595	0.0	0.0	2	1.023469458868166	-5.416508594998801	230.0	25	1.05	0.95				
	220	1	46.15897999719298	9.376042811929825	0.0	0.0	2	1.0237923148819228	-5.450388504680601	230.0	25	1.05	0.95				
	221	2	0.0	0.0	0.0	0.0	2	1.0324595655339248	-2.03303784398907	230.0	27	1.05	0.95				
	222	2	0.0	0.0	0.0	0.0	2	1.05	4.4611858324808145	230.0	27	1.05	0.95				
	223	2	0.0	0.0	0.0	0.0	2	1.0242081524081654	-5.188306429857692	230.0	25	1.05	0.95				
	224	1	0.0	0.0	0.0	0.0	2	1.0078952105582561	-6.997284392860076	230.0	26	1.05	0.95				
	301	2	47.85004746947369	9.747231891929824	0.0	0.0	3	1.014331696985922	4.3709424202227405	138.0	31	1.05	0.95				
	302	2	42.976431523508765	8.861119901754385	0.0	0.0	3	1.0132804096739412	4.016589458784245	138.0	32	1.05	0.95				
	303	1	79.75007911578946	16.393071818245613	0.0	0.0	3	1.05	18.84182260920919	138.0	31	1.05	0.95				
	304	1	32.786143636491225	6.645839926315789	0.0	0.0	3	1.0113045614145466	5.293299741061935	138.0	31	1.05	0.95				
	305	1	31.456975651228063	6.20278393122807	0.0	0.0	3	1.0266874146965397	2.922874191672692	138.0	31	1.05	0.95				
	306	1	60.255615331929825	12.40556786245614	0.0	-100.0	3	1.041118449155772	1.5845426393463065	138.0	32	1.05	0.95				
	307	2	55.38199938596491	11.076399877192982	0.0	0.0	3	0.992088251678653	-2.4969044385075785	138.0	32	1.05	0.95				
	308	1	75.76257515999998	15.506959828070174	0.0	0.0	3	0.9973723308885818	-0.4759732259603844	138.0	32	1.05	0.95				
	309	1	77.53479914035087	15.950015823157893	0.0	0.0	3	1.0235011595755443	8.164907539063687	138.0	33	1.05	0.95				
	310	1	86.39591904210525	17.72223980350877	0.0	0.0	3	1.05	2.8979153095741284	138.0	33	1.05	0.95				
	311	1	0.0	0.0	0.0	0.0	3	1.0111698699038933	6.934414511875204	230.0	33	1.05	0.95				
	312	1	0.0	0.0	0.0	0.0	3	1.0128104471017645	7.150593210823158	230.0	33	1.05	0.95				
	313	2	117.4098386982456	23.925023734736843	0.0	0.0	3	1.0062775513011912	7.2209046204235365	230.0	34	1.05	0.95				
	314	2	85.95286304701753	17.27918380842105	0.0	0.0	3	1.0126596857750212	8.181754852176597	230.0	36	1.05	0.95				
	315	2	140.448750442807	28.355583685614032	0.0	0.0	3	1.0405254864113447	13.00511167424743	230.0	36	1.05	0.95				
	316	2	44.30559950877193	8.861119901754385	0.0	0.0	3	1.0368311388745377	12.58727316709685	230.0	36	1.05	0.95				
	317	1	0.0	0.0	0.0	0.0	3	1.05	17.425650086124197	230.0	37	1.05	0.95				
	318	2	147.53764636421053	30.127807665964912	0.0	0.0	3	1.045428332901284	14.100644040606065	230.0	37	1.05	0.95				
	319	1	80.1931351108772	16.393071818245613	0.0	0.0	3	1.0275083032079289	11.185206070392795	230.0	35	1.05	0.95				
	320	1	56.711167371228065	11.519455872280702	0.0	0.0	3	1.0227489200083857	10.815442809824722	230.0	35	1.05	0.95				
	321	2	0.0	0.0	0.0	0.0	3	1.0448317085420131	14.405392782575115	230.0	37	1.05	0.95				
	322	2	0.0	0.0	0.0	0.0	3	1.05	19.932813321191635	230.0	37	1.05	0.95				
	323	2	0.0	0.0	0.0	0.0	3	1.0207210720212092	10.956077377620531	230.0	35	1.05	0.95				
	324	1	0.0	0.0	0.0	0.0	3	1.0415110167104689	15.23949154804231	230.0	36	1.05	0.95				
	325	1	0.0	0.0	0.0	0.0	3	1.0206433602783902	11.794815086853573	230.0	35	1.05	0.95				
];
