%% MATPOWER Case Format : Version 2
function mpc = RTS_GMLC
mpc.version = '2';

%%-----  Power Flow Data  -----%%
%% system MVA base
mpc.baseMVA = 100.0;
%% bus data
%    bus_i    type    Pd    Qd    Gs    Bs    area    Vm    Va    baseKV    zone    Vmax    Vmin
mpc.bus = [
	101	2	37.634339436631585	7.666254329684211	0.0	0.0	1	1.0330820921246806	3.5588068589284965	138.0	11	1.05	0.95				
	102	2	33.801212271789474	6.969322117894737	0.0	0.0	1	1.0321868561662302	3.314044224138364	138.0	12	1.05	0.95				
	103	1	62.723899061052634	12.893245918105265	0.0	0.0	1	1.0308265028025894	1.3342697600270792	138.0	11	1.05	0.95				
	104	1	25.78649183621053	5.226991588421053	0.0	0.0	1	1.0224105772886354	0.17326098774144788	138.0	11	1.05	0.95				
	105	1	24.741093518526316	4.8785254825263165	0.0	0.0	1	1.0366880351955285	0.4617845843044849	138.0	11	1.05	0.95				
	106	1	47.39139040168422	9.757050965052633	0.0	-100.0	1	1.0474364131684921	-1.679854112859364	138.0	12	1.05	0.95				
	107	2	43.55826323684211	8.711652647368421	0.0	0.0	1	1.0002821947304459	-6.563961657976652	138.0	12	1.05	0.95				
	108	1	59.587704108000004	12.19631370631579	0.0	0.0	1	1.007031768465217	-5.408505989083737	138.0	12	1.05	0.95				
	109	1	60.98156853157896	12.544779812210527	0.0	0.0	1	1.0247222491657235	-0.9788868562148497	138.0	13	1.05	0.95				
	110	1	67.95089064947368	13.938644235789473	0.0	0.0	1	1.05	-1.5768875168357583	138.0	13	1.05	0.95				
	111	1	0.0	0.0	0.0	0.0	1	1.0013661818455657	0.24853977761103258	230.0	13	1.05	0.95				
	112	1	0.0	0.0	0.0	0.0	1	1.0061422947207435	0.48592769311973366	230.0	13	1.05	0.95				
	113	3	92.34351806210526	18.817169718315792	0.0	0.0	1	0.9894051055018446	2.4490120380139513e-28	230.0	14	1.05	0.95				
	114	2	67.60242454357895	13.59017812989474	0.0	0.0	1	0.9980100170635993	2.1267291901499767	230.0	16	1.05	0.95				
	115	2	110.4637555686316	22.30183077726316	0.0	0.0	1	1.0373266214954657	7.170408291807368	230.0	16	1.05	0.95				
	116	2	34.846610589473684	6.969322117894737	0.0	0.0	1	1.0318252147154394	6.739878398206721	230.0	16	1.05	0.95				
	117	1	0.0	0.0	0.0	0.0	1	1.041321335399325	8.348671432552727	230.0	17	1.05	0.95				
	118	2	116.03921326294737	23.69569520084211	0.0	0.0	1	1.0445687447610248	8.289801136200934	230.0	17	1.05	0.95				
	119	1	63.07236516694738	12.893245918105265	0.0	0.0	1	1.0245408975856884	5.748843634624925	230.0	15	1.05	0.95				
	120	1	44.60366155452632	9.06011875326316	0.0	0.0	1	1.0202865671386037	5.565330715881607	230.0	15	1.05	0.95				
	121	2	0.0	0.0	0.0	0.0	1	1.0493529725425248	9.02873888895974	230.0	17	1.05	0.95				
	122	2	0.0	0.0	0.0	0.0	1	1.05	15.271616056173722	230.0	17	1.05	0.95				
	123	2	0.0	0.0	0.0	0.0	1	1.0181155706914389	5.739330098231115	230.0	15	1.05	0.95				
	124	1	0.0	0.0	0.0	0.0	1	1.0268099436596598	4.98285353240117	230.0	16	1.05	0.95				
	201	2	39.62663310315789	8.072091928421052	0.0	0.0	2	1.0257026381496728	-5.84649610042353	138.0	21	1.05	0.95				
	202	2	35.59058713894736	7.338265389473684	0.0	0.0	2	1.0265765673680665	-5.648127945479592	138.0	22	1.05	0.95				
	203	1	66.04438850526316	13.575790970526313	0.0	0.0	2	1.016908293325077	-5.86103283602504	138.0	21	1.05	0.95				
	204	1	27.151581941052626	5.5036990421052625	0.0	0.0	2	1.0187894718636432	-7.506220773994684	138.0	21	1.05	0.95				
	205	1	26.050842132631573	5.136785772631579	0.0	0.0	2	1.0334245429838511	-7.68595611991546	138.0	21	1.05	0.95				
	206	1	49.90020464842105	10.273571545263158	0.0	-100.0	2	1.0462359221692858	-9.049310279828465	138.0	22	1.05	0.95				
	207	2	45.86415868421052	9.172831736842104	0.0	0.0	2	0.9927662984951547	-14.408566913364135	138.0	22	1.05	0.95				
	208	1	62.74216908	12.841964431578944	0.0	0.0	2	1.0010891415862246	-12.803543478956502	138.0	22	1.05	0.95				
	209	1	64.20982215789473	13.208877701052629	0.0	0.0	2	1.0223902249822168	-7.514430049781088	138.0	23	1.05	0.95				
	210	1	71.54808754736841	14.676530778947368	0.0	0.0	2	1.05	-8.36964326042149	138.0	23	1.05	0.95				
	211	1	0.0	0.0	0.0	0.0	2	1.0012804953395704	-5.395266591152918	230.0	23	1.05	0.95				
	212	1	0.0	0.0	0.0	0.0	2	1.0070836886703265	-4.8326538753292905	230.0	23	1.05	0.95				
	213	2	97.23201641052631	19.813316551578946	0.0	0.0	2	0.994543787005338	-4.5415251139791	230.0	24	1.05	0.95				
	214	2	71.18117427789473	14.309617509473686	0.0	0.0	2	0.9970126645112882	-3.4460604202456384	230.0	26	1.05	0.95				
	215	2	116.31150642315788	23.482449246315788	0.0	0.0	2	1.0171082226139772	1.6045332658550504	230.0	26	1.05	0.95				
	216	2	36.69132694736842	7.338265389473684	0.0	0.0	2	1.0186096408908005	1.4996471001700824	230.0	26	1.05	0.95				
	217	1	0.0	0.0	0.0	0.0	2	1.02402477508633	3.1609932960668194	230.0	27	1.05	0.95				
	218	2	122.18211873473683	24.950102324210526	0.0	0.0	2	1.0232755294567313	2.7023710000428243	230.0	27	1.05	0.95				
	219	1	66.41130177473684	13.575790970526313	0.0	0.0	2	1.0201904171650706	1.0722183398864291	230.0	25	1.05	0.95				
	220	1	46.964898492631576	9.539745006315789	0.0	0.0	2	1.0237392139281827	1.42846980816594	230.0	25	1.05	0.95				
	221	2	0.0	0.0	0.0	0.0	2	1.0248532633136385	3.1439144686068152	230.0	27	1.05	0.95				
	222	2	0.0	0.0	0.0	0.0	2	1.0470097113538304	9.678405536437563	230.0	27	1.05	0.95				
	223	2	0.0	0.0	0.0	0.0	2	1.0260400132295844	1.9073941504969252	230.0	25	1.05	0.95				
	224	1	0.0	0.0	0.0	0.0	2	1.0075876155247325	-1.2186911315648228	230.0	26	1.05	0.95				
	301	2	44.26257512842106	9.016450489122809	0.0	0.0	3	1.0071610201081895	-23.80811840070509	138.0	31	1.05	0.95				
	302	2	39.75434988385965	8.196773171929825	0.0	0.0	3	1.007111428119648	-23.902830338912057	138.0	32	1.05	0.95				
	303	1	73.77095854736842	15.164030368070177	0.0	0.0	3	1.0210227856820386	-19.118445974192397	138.0	31	1.05	0.95				
	304	1	30.328060736140355	6.147579878947369	0.0	0.0	3	1.0103032556044937	-22.521442622461162	138.0	31	1.05	0.95				
	305	1	29.09854476035088	5.737741220350879	0.0	0.0	3	1.0232593530513072	-23.17018086483125	138.0	31	1.05	0.95				
	306	1	55.73805756912281	11.475482440701757	0.0	-100.0	3	1.0407617248475018	-23.31074884213107	138.0	32	1.05	0.95				
	307	2	51.22983232456141	10.245966464912282	0.0	0.0	3	0.9932197512562156	-27.756113563234827	138.0	32	1.05	0.95				
	308	1	70.08241062	14.344353050877192	0.0	0.0	3	1.0003091487402218	-25.928510979004916	138.0	32	1.05	0.95				
	309	1	71.72176525438597	14.754191709473686	0.0	0.0	3	1.0255628987797631	-19.70996885418878	138.0	33	1.05	0.95				
	310	1	79.9185384263158	16.39354634385965	0.0	0.0	3	1.05	-21.212753229683784	138.0	33	1.05	0.95				
	311	1	0.0	0.0	0.0	0.0	3	1.006765030842106	-15.731538037600423	230.0	33	1.05	0.95				
	312	1	0.0	0.0	0.0	0.0	3	1.0110465474000605	-15.047084742529366	230.0	33	1.05	0.95				
	313	2	108.60724452807018	22.13128756421053	0.0	0.0	3	1.0105937968239476	-12.028249957741837	230.0	34	1.05	0.95				
	314	2	79.5086997677193	15.983707685263159	0.0	0.0	3	1.0052339836397857	-14.13641048850051	230.0	36	1.05	0.95				
	315	2	129.91885477508774	26.22967415017544	0.0	0.0	3	1.0291743281317498	-10.362234961583779	230.0	36	1.05	0.95				
	316	2	40.98386585964913	8.196773171929825	0.0	0.0	3	1.0291257466573531	-9.444731475109515	230.0	36	1.05	0.95				
	317	1	0.0	0.0	0.0	0.0	3	1.0335332069789227	-8.265324686581335	230.0	37	1.05	0.95				
	318	2	136.47627331263158	27.869028784561404	0.0	0.0	3	1.0326418172945682	-8.19118986449224	230.0	37	1.05	0.95				
	319	1	74.18079720596492	15.164030368070177	0.0	0.0	3	1.0275978692498782	-9.726837789503213	230.0	35	1.05	0.95				
	320	1	52.45934830035088	10.655805123508772	0.0	0.0	3	1.0288992905412675	-9.17359298544297	230.0	35	1.05	0.95				
	321	2	0.0	0.0	0.0	0.0	3	1.0336742989994596	-8.395133968814928	230.0	37	1.05	0.95				
	322	2	0.0	0.0	0.0	0.0	3	1.0468237318842357	-4.0109826053341715	230.0	37	1.05	0.95				
	323	2	0.0	0.0	0.0	0.0	3	1.0302074092303362	-8.555758120903375	230.0	35	1.05	0.95				
	324	1	0.0	0.0	0.0	0.0	3	1.0151932245224917	-13.647031151843183	230.0	36	1.05	0.95				
	325	1	0.0	0.0	0.0	0.0	3	1.0258890588352634	-7.086418810126599	230.0	35	1.05	0.95				
];
