%% MATPOWER Case Format : Version 2
function mpc = RTS_GMLC
mpc.version = '2';

%%-----  Power Flow Data  -----%%
%% system MVA base
mpc.baseMVA = 100.0;
%% bus data
%    bus_i    type    Pd    Qd    Gs    Bs    area    Vm    Va    baseKV    zone    Vmax    Vmin
mpc.bus = [
	101	2	38.62295893894737	7.86763978385965	0.0	0.0	1	1.032706252880369	3.5345163896104923	138.0	11	1.05	0.95				
	102	2	34.68913904701754	7.152399803508773	0.0	0.0	1	1.0318143238707613	3.279720868800068	138.0	12	1.05	0.95				
	103	1	64.37159823157896	13.231939636491227	0.0	0.0	1	1.0303099369941469	1.6636274761171541	138.0	11	1.05	0.95				
	104	1	26.463879272982453	5.364299852631579	0.0	0.0	1	1.0219844998507996	0.1463527378579132	138.0	11	1.05	0.95				
	105	1	25.39101930245614	5.006679862456141	0.0	0.0	1	1.036351316164246	0.4011309891283346	138.0	11	1.05	0.95				
	106	1	48.636318663859655	10.013359724912283	0.0	-100.0	1	1.0470717945350194	-1.769214551112891	138.0	12	1.05	0.95				
	107	2	44.702498771929825	8.940499754385964	0.0	0.0	1	1.0006200057445096	-7.308296642139649	138.0	12	1.05	0.95				
	108	1	61.153018319999994	12.51669965614035	0.0	0.0	1	1.0066157954565322	-5.87141521574576	138.0	12	1.05	0.95				
	109	1	62.583498280701754	12.87431964631579	0.0	0.0	1	1.0245554439473865	-0.9618545163802117	138.0	13	1.05	0.95				
	110	1	69.73589808421052	14.304799607017546	0.0	0.0	1	1.05	-1.6444966869034137	138.0	13	1.05	0.95				
	111	1	0.0	0.0	0.0	0.0	1	1.00151064580751	0.3874388514504084	230.0	13	1.05	0.95				
	112	1	0.0	0.0	0.0	0.0	1	1.0068848196375348	0.5245430174509071	230.0	13	1.05	0.95				
	113	3	94.76929739649123	19.311479469473685	0.0	0.0	1	0.9910281721701268	8.753479627518792e-28	230.0	14	1.05	0.95				
	114	2	69.37827809403508	13.947179616842106	0.0	0.0	1	0.9976275051307264	2.5534190570889606	230.0	16	1.05	0.95				
	115	2	113.36553688561403	22.88767937122807	0.0	0.0	1	1.0364800058322696	8.186618438349747	230.0	16	1.05	0.95				
	116	2	35.76199901754386	7.152399803508773	0.0	0.0	1	1.0317159737085089	7.616830833572569	230.0	16	1.05	0.95				
	117	1	0.0	0.0	0.0	0.0	1	1.0402882895806096	9.543808720077038	230.0	17	1.05	0.95				
	118	2	119.08745672842105	24.318159331929827	0.0	0.0	1	1.0431313713130335	9.63080281170582	230.0	17	1.05	0.95				
	119	1	64.7292182217544	13.231939636491227	0.0	0.0	1	1.0249855310521954	6.344656287155808	230.0	15	1.05	0.95				
	120	1	45.77535874245614	9.298119744561404	0.0	0.0	1	1.0214478733387284	5.93229063008674	230.0	15	1.05	0.95				
	121	2	0.0	0.0	0.0	0.0	1	1.0472372771993905	10.52871215020946	230.0	17	1.05	0.95				
	122	2	0.0	0.0	0.0	0.0	1	1.05	16.650390506287188	230.0	17	1.05	0.95				
	123	2	0.0	0.0	0.0	0.0	1	1.0196932022095428	5.985631392011595	230.0	15	1.05	0.95				
	124	1	0.0	0.0	0.0	0.0	1	1.025461321030986	5.73844197349855	230.0	16	1.05	0.95				
	201	2	45.52557847578947	9.273728948771929	0.0	0.0	2	1.0263054181901263	-7.8479885881698195	138.0	21	1.05	0.95				
	202	2	40.8887140014035	8.430662680701754	0.0	0.0	2	1.0273355586598987	-7.651154861969357	138.0	22	1.05	0.95				
	203	1	75.8759641263158	15.596725959298244	0.0	0.0	2	1.0165443062111694	-7.186326305474511	138.0	21	1.05	0.95				
	204	1	31.193451918596487	6.322997010526316	0.0	0.0	2	1.0181954267215236	-9.390285750029772	138.0	21	1.05	0.95				
	205	1	29.928852516491222	5.901463876491228	0.0	0.0	2	1.0330139154350455	-9.649253717720104	138.0	21	1.05	0.95				
	206	1	57.32850622877193	11.802927752982455	0.0	-100.0	2	1.0449161916016982	-11.034321090812538	138.0	22	1.05	0.95				
	207	2	52.69164175438596	10.538328350877192	0.0	0.0	2	0.9924786375409429	-17.159044920593352	138.0	22	1.05	0.95				
	208	1	72.08216592	14.75365969122807	0.0	0.0	2	0.9987567651689263	-15.259223785692985	138.0	22	1.05	0.95				
	209	1	73.76829845614034	15.175192825263156	0.0	0.0	2	1.0225662259233923	-9.081838077886708	138.0	23	1.05	0.95				
	210	1	82.1989611368421	16.86132536140351	0.0	0.0	2	1.05	-10.123807781997758	138.0	23	1.05	0.95				
	211	1	0.0	0.0	0.0	0.0	2	1.0043493626815312	-6.575507896523044	230.0	23	1.05	0.95				
	212	1	0.0	0.0	0.0	0.0	2	1.0080159679944638	-5.784916086108827	230.0	23	1.05	0.95				
	213	2	111.70628051929823	22.762789237894737	0.0	0.0	2	0.9990609448884646	-5.431980519117166	230.0	24	1.05	0.95				
	214	2	81.777428002807	16.43979222736842	0.0	0.0	2	1.003269670957803	-4.42473821424332	230.0	26	1.05	0.95				
	215	2	133.62600348912278	26.978120578245612	0.0	0.0	2	1.0202979137432762	1.214016370326108	230.0	26	1.05	0.95				
	216	2	42.15331340350877	8.430662680701754	0.0	0.0	2	1.0221490121128416	1.1768600077938929	230.0	26	1.05	0.95				
	217	1	0.0	0.0	0.0	0.0	2	1.0271883563748003	3.016087148942518	230.0	27	1.05	0.95				
	218	2	140.3705336336842	28.664253114385964	0.0	0.0	2	1.0266825196418587	2.591491898400134	230.0	27	1.05	0.95				
	219	1	76.29749726035088	15.596725959298244	0.0	0.0	2	1.0232645723752969	1.0213489123642225	230.0	25	1.05	0.95				
	220	1	53.956241156491224	10.95986148491228	0.0	0.0	2	1.0270374591109392	1.7131838387653415	230.0	25	1.05	0.95				
	221	2	0.0	0.0	0.0	0.0	2	1.0281740049746624	2.934401515991918	230.0	27	1.05	0.95				
	222	2	0.0	0.0	0.0	0.0	2	1.0499998768078291	9.456665047604307	230.0	27	1.05	0.95				
	223	2	0.0	0.0	0.0	0.0	2	1.0298141564389764	2.4141666852578494	230.0	25	1.05	0.95				
	224	1	0.0	0.0	0.0	0.0	2	1.00844476102614	-1.951428670623679	230.0	26	1.05	0.95				
	301	2	53.48750396210528	10.89560265894737	0.0	0.0	3	1.0116030553191784	-16.817177224085544	138.0	31	1.05	0.95				
	302	2	48.03970263263158	9.905093326315791	0.0	0.0	3	1.010683349922375	-17.016426260870784	138.0	32	1.05	0.95				
	303	1	89.14583993684212	18.32442265368421	0.0	0.0	3	1.0385905167517389	-7.519792476550804	138.0	31	1.05	0.95				
	304	1	36.64884530736842	7.428819994736842	0.0	0.0	3	1.0115615857828657	-15.268871836832993	138.0	31	1.05	0.95				
	305	1	35.16308130842105	6.933565328421054	0.0	0.0	3	1.024521050747992	-16.89131372955795	138.0	31	1.05	0.95				
	306	1	67.35463461894739	13.867130656842107	0.0	-100.0	3	1.0391829779578747	-17.49989674558312	138.0	32	1.05	0.95				
	307	2	61.90683328947368	12.381366657894738	0.0	0.0	3	0.993237357371796	-22.598462878660868	138.0	32	1.05	0.95				
	308	1	84.68854794	17.333913321052634	0.0	0.0	3	0.9972081632275973	-20.310929468351336	138.0	32	1.05	0.95				
	309	1	86.66956660526317	17.82916798736842	0.0	0.0	3	1.0286757276270369	-11.825652023362222	138.0	33	1.05	0.95				
	310	1	96.57465993157895	19.810186652631582	0.0	0.0	3	1.05	-15.373491401974572	138.0	33	1.05	0.95				
	311	1	0.0	0.0	0.0	0.0	3	1.011347922864163	-9.588635994784813	230.0	33	1.05	0.95				
	312	1	0.0	0.0	0.0	0.0	3	1.0140371826252301	-9.031751554568917	230.0	33	1.05	0.95				
	313	2	131.24248657368423	26.74375198105264	0.0	0.0	3	1.0127078808940093	-6.439291694954517	230.0	34	1.05	0.95				
	314	2	96.07940526526316	19.31493198631579	0.0	0.0	3	1.012645751255869	-8.240158275386147	230.0	36	1.05	0.95				
	315	2	156.99572922210527	31.69629864421053	0.0	0.0	3	1.0350616026001807	-4.019411272223024	230.0	36	1.05	0.95				
	316	2	49.52546663157895	9.905093326315791	0.0	0.0	3	1.0344371325656456	-3.342313607734247	230.0	36	1.05	0.95				
	317	1	0.0	0.0	0.0	0.0	3	1.0395521658606304	-1.5891517539908178	230.0	37	1.05	0.95				
	318	2	164.91980388315793	33.67731730947369	0.0	0.0	3	1.0369061059407285	-2.2443373711682537	230.0	37	1.05	0.95				
	319	1	89.6410946031579	18.32442265368421	0.0	0.0	3	1.0298113721530335	-4.240794031779573	230.0	35	1.05	0.95				
	320	1	63.39259728842106	12.876621324210527	0.0	0.0	3	1.0295032636882517	-4.066874376073007	230.0	35	1.05	0.95				
	321	2	0.0	0.0	0.0	0.0	3	1.0382426508147775	-2.2868714811587068	230.0	37	1.05	0.95				
	322	2	0.0	0.0	0.0	0.0	3	1.0499999992418725	2.300257863727604	230.0	37	1.05	0.95				
	323	2	0.0	0.0	0.0	0.0	3	1.0302291626101898	-3.593672613355427	230.0	35	1.05	0.95				
	324	1	0.0	0.0	0.0	0.0	3	1.0302412554483213	-5.345647439589747	230.0	36	1.05	0.95				
	325	1	0.0	0.0	0.0	0.0	3	1.0276573068951596	-2.4065632057191793	230.0	35	1.05	0.95				
];
