%% MATPOWER Case Format : Version 2
function mpc = RTS_GMLC
mpc.version = '2';

%%-----  Power Flow Data  -----%%
%% system MVA base
mpc.baseMVA = 100.0;
%% bus data
%    bus_i    type    Pd    Qd    Gs    Bs    area    Vm    Va    baseKV    zone    Vmax    Vmin
mpc.bus = [
	101	2	47.05294407157895	9.58485897754386	0.0	0.0	1	1.0318712554410812	0.1331164108538522	138.0	11	1.05	0.95				
	102	2	42.26051458280702	8.71350816140351	0.0	0.0	1	1.0299133708080692	-0.3843318204637931	138.0	12	1.05	0.95				
	103	1	78.42157345263159	16.119990098596492	0.0	0.0	1	1.033890362007715	0.9271617383008481	138.0	11	1.05	0.95				
	104	1	32.239980197192985	6.535131121052632	0.0	0.0	1	1.0233120097086474	-2.0954822893438125	138.0	11	1.05	0.95				
	105	1	30.932953972982457	6.099455712982457	0.0	0.0	1	1.0351488310579395	-2.700941231165901	138.0	11	1.05	0.95				
	106	1	59.25185549754387	12.198911425964914	0.0	-100.0	1	1.0447616951260728	-4.831643777585107	138.0	12	1.05	0.95				
	107	2	54.45942600877194	10.891885201754386	0.0	0.0	1	1.0005441866398312	-10.033226054225281	138.0	12	1.05	0.95				
	108	1	74.50049478	15.24863928245614	0.0	0.0	1	1.0041374588886451	-8.618046121370634	138.0	12	1.05	0.95				
	109	1	76.2431964122807	15.684314690526316	0.0	0.0	1	1.0252263289052757	-2.793756491838254	138.0	13	1.05	0.95				
	110	1	84.95670457368422	17.42701632280702	0.0	0.0	1	1.05	-4.194224684225272	138.0	13	1.05	0.95				
	111	1	0.0	0.0	0.0	0.0	1	1.004853687943733	-0.8259792069037502	230.0	13	1.05	0.95				
	112	1	0.0	0.0	0.0	0.0	1	1.0082876700675507	-1.2816000568501842	230.0	13	1.05	0.95				
	113	3	115.4539831385965	23.526472035789475	0.0	0.0	1	0.9971030626896754	-4.27090835384215e-27	230.0	14	1.05	0.95				
	114	2	84.52102916561404	16.991340914736845	0.0	0.0	1	1.004102500466878	1.250182513857197	230.0	16	1.05	0.95				
	115	2	138.10910435824562	27.883226116491226	0.0	0.0	1	1.0393147607413966	8.03600536676761	230.0	16	1.05	0.95				
	116	2	43.567540807017544	8.71350816140351	0.0	0.0	1	1.0346550400308765	6.718686731300027	230.0	16	1.05	0.95				
	117	1	0.0	0.0	0.0	0.0	1	1.0420004822139182	10.59362929100229	230.0	17	1.05	0.95				
	118	2	145.0799108873684	29.625927748771936	0.0	0.0	1	1.0463939942339773	11.56383344143413	230.0	17	1.05	0.95				
	119	1	78.85724886070176	16.119990098596492	0.0	0.0	1	1.0230372374614212	4.15174703606837	230.0	15	1.05	0.95				
	120	1	55.76645223298245	11.327560609824562	0.0	0.0	1	1.0163815463722676	2.2330041505980986	230.0	15	1.05	0.95				
	121	2	0.0	0.0	0.0	0.0	1	1.048739070285846	13.004348234268459	230.0	17	1.05	0.95				
	122	2	0.0	0.0	0.0	0.0	1	1.05	18.88857795239544	230.0	17	1.05	0.95				
	123	2	0.0	0.0	0.0	0.0	1	1.013508014717969	1.5114434519692752	230.0	15	1.05	0.95				
	124	1	0.0	0.0	0.0	0.0	1	1.027983830757308	5.364046394148208	230.0	16	1.05	0.95				
	201	2	42.56760584842106	8.671178969122808	0.0	0.0	2	1.0163774280883213	-11.216956738771634	138.0	21	1.05	0.95				
	202	2	38.23201636385965	7.882889971929825	0.0	0.0	2	1.0155629886197581	-11.452546920006565	138.0	22	1.05	0.95				
	203	1	70.94600974736844	14.583346448070175	0.0	0.0	2	1.0143442027693896	-8.769087961418348	138.0	21	1.05	0.95				
	204	1	29.16669289614035	5.912167478947369	0.0	0.0	2	1.0136060214631502	-10.911364732178393	138.0	21	1.05	0.95				
	205	1	27.98425940035088	5.518022980350878	0.0	0.0	2	1.028416085290292	-11.212397371832855	138.0	21	1.05	0.95				
	206	1	53.60365180912281	11.036045960701756	0.0	-100.0	2	1.0433182103861	-11.70877521227147	138.0	22	1.05	0.95				
	207	2	49.268062324561406	9.853612464912281	0.0	0.0	2	0.9992604736896842	-16.445666715656117	138.0	22	1.05	0.95				
	208	1	67.39870926	13.795057450877193	0.0	0.0	2	1.0039440408183462	-14.673774859484539	138.0	22	1.05	0.95				
	209	1	68.97528725438598	14.189201949473684	0.0	0.0	2	1.0232776330502493	-8.83616651459673	138.0	23	1.05	0.95				
	210	1	76.85817722631579	15.76577994385965	0.0	0.0	2	1.05	-9.939693404732214	138.0	23	1.05	0.95				
	211	1	0.0	0.0	0.0	0.0	2	1.0018845979513222	-6.868261272342002	230.0	23	1.05	0.95				
	212	1	0.0	0.0	0.0	0.0	2	1.0081544200461297	-2.6663444514387726	230.0	23	1.05	0.95				
	213	2	104.4482921280702	21.28380292421053	0.0	0.0	2	0.9948213668395562	-5.111617290789927	230.0	24	1.05	0.95				
	214	2	76.4640327277193	15.37163544526316	0.0	0.0	2	0.9980449899464133	-5.733152449470623	230.0	26	1.05	0.95				
	215	2	124.94380605508772	25.22524791017544	0.0	0.0	2	1.0154976107336775	-0.6988363357833741	230.0	26	1.05	0.95				
	216	2	39.414449859649125	7.882889971929825	0.0	0.0	2	1.0132792125781775	-1.6849188688932348	230.0	26	1.05	0.95				
	217	1	0.0	0.0	0.0	0.0	2	1.0198128235793051	-0.006670796369007129	230.0	27	1.05	0.95				
	218	2	131.25011803263158	26.801825904561404	0.0	0.0	2	1.0196044218103426	-0.2974092780578701	230.0	27	1.05	0.95				
	219	1	71.34015424596491	14.583346448070175	0.0	0.0	2	1.0095693429758157	-2.4380583529039197	230.0	25	1.05	0.95				
	220	1	50.45049582035088	10.247756963508772	0.0	0.0	2	1.0089716047709076	-2.2987873192491897	230.0	25	1.05	0.95				
	221	2	0.0	0.0	0.0	0.0	2	1.021782251321257	0.37081209866593445	230.0	27	1.05	0.95				
	222	2	0.0	0.0	0.0	0.0	2	1.0436073782881468	6.793778973643159	230.0	27	1.05	0.95				
	223	2	0.0	0.0	0.0	0.0	2	1.0091182396773746	-1.9071098269767013	230.0	25	1.05	0.95				
	224	1	0.0	0.0	0.0	0.0	2	1.005016867023352	-3.7481190586468967	230.0	26	1.05	0.95				
	301	2	55.94748498947369	11.396709905263158	0.0	0.0	3	0.995168305043932	4.730093973087597	138.0	31	1.05	0.95				
	302	2	50.249130036842104	10.360645368421054	0.0	0.0	3	0.9950335948644745	4.720665505649225	138.0	32	1.05	0.95				
	303	1	93.24580831578947	19.16719393157895	0.0	0.0	3	1.012325535301624	6.64348490521704	138.0	31	1.05	0.95				
	304	1	38.3343878631579	7.770484026315789	0.0	0.0	3	1.0024216802251158	6.540575892779927	138.0	31	1.05	0.95				
	305	1	36.780291057894736	7.252451757894737	0.0	0.0	3	1.0147246811272912	6.531816522008145	138.0	31	1.05	0.95				
	306	1	70.45238850526316	14.504903515789474	0.0	-100.0	3	1.0342880060691055	6.935446873323832	138.0	32	1.05	0.95				
	307	2	64.75403355263158	12.950806710526317	0.0	0.0	3	0.9919922107781912	4.236448914468321	138.0	32	1.05	0.95				
	308	1	88.5835179	18.131129394736842	0.0	0.0	3	1.0042552876271271	6.4932545772220855	138.0	32	1.05	0.95				
	309	1	90.65564697368421	18.649161663157894	0.0	0.0	3	1.0260548663205737	10.138808043719807	138.0	33	1.05	0.95				
	310	1	101.01629234210527	20.721290736842107	0.0	0.0	3	1.05	9.980667785945876	138.0	33	1.05	0.95				
	311	1	0.0	0.0	0.0	0.0	3	1.010943476769663	15.015000610404206	230.0	33	1.05	0.95				
	312	1	0.0	0.0	0.0	0.0	3	1.0171838487109925	16.337413946303553	230.0	33	1.05	0.95				
	313	2	137.27855113157895	27.973742494736847	0.0	0.0	3	1.0265351777826293	22.179510142310328	230.0	34	1.05	0.95				
	314	2	100.49826007368421	20.203258468421055	0.0	0.0	3	1.009022624982145	13.67911842951305	230.0	36	1.05	0.95				
	315	2	164.2162290894737	33.15406517894737	0.0	0.0	3	1.0251948292650677	7.747698286549296	230.0	36	1.05	0.95				
	316	2	51.80322684210527	10.360645368421054	0.0	0.0	3	1.0266782056828037	9.03492204876596	230.0	36	1.05	0.95				
	317	1	0.0	0.0	0.0	0.0	3	1.0293135485019518	7.659865469604818	230.0	37	1.05	0.95				
	318	2	172.50474538421054	35.22619425263158	0.0	0.0	3	1.0271172046591575	6.357264710526694	230.0	37	1.05	0.95				
	319	1	93.76384058421053	19.16719393157895	0.0	0.0	3	1.0269063035407093	12.190271112397898	230.0	35	1.05	0.95				
	320	1	66.30813035789474	13.46883897894737	0.0	0.0	3	1.0293427985975174	14.404151181761337	230.0	35	1.05	0.95				
	321	2	0.0	0.0	0.0	0.0	3	1.0285505366022947	7.397988561292702	230.0	37	1.05	0.95				
	322	2	0.0	0.0	0.0	0.0	3	1.0423852455359663	11.870591534790432	230.0	37	1.05	0.95				
	323	2	0.0	0.0	0.0	0.0	3	1.030324774262077	15.170794231382429	230.0	35	1.05	0.95				
	324	1	0.0	0.0	0.0	0.0	3	1.0182815062937405	9.26649856149358	230.0	36	1.05	0.95				
	325	1	0.0	0.0	0.0	0.0	3	1.0330512781907089	14.995118165956185	230.0	35	1.05	0.95				
];
