%% MATPOWER Case Format : Version 2
function mpc = RTS_GMLC
mpc.version = '2';

%%-----  Power Flow Data  -----%%
%% system MVA base
mpc.baseMVA = 100.0;
%% bus data
%    bus_i    type    Pd    Qd    Gs    Bs    area    Vm    Va    baseKV    zone    Vmax    Vmin
mpc.bus = [
	101	2	46.31815932631579	9.435180603508773	0.0	0.0	1	1.0321316985743403	3.028863450108252	138.0	11	1.05	0.95				
	102	2	41.6005690245614	8.577436912280701	0.0	0.0	1	1.0317329159163766	2.9056508460650843	138.0	12	1.05	0.95				
	103	1	77.19693221052631	15.868258287719298	0.0	0.0	1	1.0281033762243532	0.21208568200478253	138.0	11	1.05	0.95				
	104	1	31.736516575438596	6.4330776842105255	0.0	0.0	1	1.0209776429102602	-0.47393210778521644	138.0	11	1.05	0.95				
	105	1	30.44990103859649	6.004205838596492	0.0	0.0	1	1.0350884029525709	-0.18580686785812672	138.0	11	1.05	0.95				
	106	1	58.326571003508775	12.008411677192983	0.0	-100.0	1	1.0449806027681372	-2.4226908587916176	138.0	12	1.05	0.95				
	107	2	53.60898070175438	10.721796140350877	0.0	0.0	1	1.0155913463456816	-4.2247123915018685	138.0	12	1.05	0.95				
	108	1	73.3370856	15.010514596491225	0.0	0.0	1	1.0145831497344922	-4.5493226061605165	138.0	12	1.05	0.95				
	109	1	75.05257298245613	15.439386442105263	0.0	0.0	1	1.0254683492328545	-1.4978062664742642	138.0	13	1.05	0.95				
	110	1	83.63000989473683	17.154873824561403	0.0	0.0	1	1.05	-2.0882197870532506	138.0	13	1.05	0.95				
	111	1	0.0	0.0	0.0	0.0	1	1.0033204211395064	-0.20700181135293427	230.0	13	1.05	0.95				
	112	1	0.0	0.0	0.0	0.0	1	1.0088416017880644	0.4233223910018605	230.0	13	1.05	0.95				
	113	3	113.6510390877193	23.159079663157893	0.0	0.0	1	0.9944244808905955	1.1566264559371023e-29	230.0	14	1.05	0.95				
	114	2	83.2011380491228	16.72600197894737	0.0	0.0	1	0.9988607639510814	1.3253280233146967	230.0	16	1.05	0.95				
	115	2	135.9523750596491	27.447798119298245	0.0	0.0	1	1.0384596104770447	6.036817154684291	230.0	16	1.05	0.95				
	116	2	42.88718456140351	8.577436912280701	0.0	0.0	1	1.0338007051294265	5.96215133606099	230.0	16	1.05	0.95				
	117	1	0.0	0.0	0.0	0.0	1	1.0422683897697986	7.207401229448307	230.0	17	1.05	0.95				
	118	2	142.81432458947367	29.163285501754387	0.0	0.0	1	1.0451743292250852	6.841614220033677	230.0	17	1.05	0.95				
	119	1	77.62580405614034	15.868258287719298	0.0	0.0	1	1.028102622913941	5.511919997201622	230.0	15	1.05	0.95				
	120	1	54.89559623859649	11.150667985964912	0.0	0.0	1	1.0260112456038382	5.953413838398593	230.0	15	1.05	0.95				
	121	2	0.0	0.0	0.0	0.0	1	1.05	7.480091838183042	230.0	17	1.05	0.95				
	122	2	0.0	0.0	0.0	0.0	1	1.05	14.99634141978801	230.0	17	1.05	0.95				
	123	2	0.0	0.0	0.0	0.0	1	1.02551876080792	6.528706815140401	230.0	15	1.05	0.95				
	124	1	0.0	0.0	0.0	0.0	1	1.026491929772204	3.8642744674836247	230.0	16	1.05	0.95				
	201	2	52.51251376421053	10.696993544561403	0.0	0.0	2	1.0299066913342982	-7.855920718590152	138.0	21	1.05	0.95				
	202	2	47.16401699192982	9.724539585964912	0.0	0.0	2	1.0303013421104508	-7.8579761477096275	138.0	22	1.05	0.95				
	203	1	87.52085627368422	17.990398234035087	0.0	0.0	2	1.0212683188450007	-6.659640936999017	138.0	21	1.05	0.95				
	204	1	35.980796468070174	7.293404689473684	0.0	0.0	2	1.0184145645203562	-10.210418128669396	138.0	21	1.05	0.95				
	205	1	34.522115530175434	6.80717771017544	0.0	0.0	2	1.033646877781433	-10.426214502253817	138.0	21	1.05	0.95				
	206	1	66.12686918456141	13.61435542035088	0.0	-100.0	2	1.043447518102133	-12.326601965572545	138.0	22	1.05	0.95				
	207	2	60.7783724122807	12.15567448245614	0.0	0.0	2	0.9876242039241904	-19.6461483147631	138.0	22	1.05	0.95				
	208	1	83.14481346	17.017944275438595	0.0	0.0	2	0.9933003926402422	-17.4056387110243	138.0	22	1.05	0.95				
	209	1	85.08972137719299	17.504171254736843	0.0	0.0	2	1.023103716005198	-10.152682307989302	138.0	23	1.05	0.95				
	210	1	94.81426096315789	19.449079171929824	0.0	0.0	2	1.05	-11.486137011190124	138.0	23	1.05	0.95				
	211	1	0.0	0.0	0.0	0.0	2	1.0085948429543414	-7.547089708411507	230.0	23	1.05	0.95				
	212	1	0.0	0.0	0.0	0.0	2	1.0123988433622535	-7.216900439015159	230.0	23	1.05	0.95				
	213	2	128.85014951403508	26.256256882105266	0.0	0.0	2	1.0037628120288682	-6.941414226893987	230.0	24	1.05	0.95				
	214	2	94.32803398385964	18.96285219263158	0.0	0.0	2	1.012126923475135	-4.72666325544139	230.0	26	1.05	0.95				
	215	2	154.13395243754385	31.118526675087722	0.0	0.0	2	1.0304938188572577	2.525541856107321	230.0	26	1.05	0.95				
	216	2	48.62269792982456	9.724539585964912	0.0	0.0	2	1.0334721609104878	2.1775423979446074	230.0	26	1.05	0.95				
	217	1	0.0	0.0	0.0	0.0	2	1.0374759233936508	5.306669234440134	230.0	27	1.05	0.95				
	218	2	161.91358410631577	33.06343459228071	0.0	0.0	2	1.0393915216897478	5.887122820913279	230.0	27	1.05	0.95				
	219	1	88.00708325298245	17.990398234035087	0.0	0.0	2	1.0336533768310054	0.6952955434803519	230.0	25	1.05	0.95				
	220	1	62.237053350175444	12.641901461754387	0.0	0.0	2	1.0376421603862125	0.34430848328550345	230.0	25	1.05	0.95				
	221	2	0.0	0.0	0.0	0.0	2	1.0389080864237659	5.520559551914468	230.0	27	1.05	0.95				
	222	2	0.0	0.0	0.0	0.0	2	1.05	11.937624870453574	230.0	27	1.05	0.95				
	223	2	0.0	0.0	0.0	0.0	2	1.0405828417220353	0.5151980572880412	230.0	25	1.05	0.95				
	224	1	0.0	0.0	0.0	0.0	2	1.0156166941779583	-0.917152149316977	230.0	26	1.05	0.95				
	301	2	60.81619740631579	12.388484656842104	0.0	0.0	3	1.0078004870527182	-34.14503354573357	138.0	31	1.05	0.95				
	302	2	54.621955077894725	11.262258778947368	0.0	0.0	3	1.0070918493361012	-34.314639951132406	138.0	32	1.05	0.95				
	303	1	101.36032901052631	20.83517874105263	0.0	0.0	3	1.025947657253393	-26.101451991349975	138.0	31	1.05	0.95				
	304	1	41.67035748210526	8.446694084210526	0.0	0.0	3	1.0074848190574426	-32.46660972059377	138.0	31	1.05	0.95				
	305	1	39.98101866526315	7.8835811452631575	0.0	0.0	3	1.021271293173881	-33.46907100349693	138.0	31	1.05	0.95				
	306	1	76.5833596968421	15.767162290526315	0.0	-100.0	3	1.0362159613540736	-33.72499866115684	138.0	32	1.05	0.95				
	307	2	70.38911736842104	14.077823473684209	0.0	0.0	3	0.9939081693879047	-38.821929459974	138.0	32	1.05	0.95				
	308	1	96.29231255999998	19.70895286315789	0.0	0.0	3	0.9953278422764782	-36.75665759280823	138.0	32	1.05	0.95				
	309	1	98.54476431578946	20.27206580210526	0.0	0.0	3	1.0271344057098661	-28.66007440368715	138.0	33	1.05	0.95				
	310	1	109.80702309473682	22.524517557894736	0.0	0.0	3	1.05	-30.98490845310204	138.0	33	1.05	0.95				
	311	1	0.0	0.0	0.0	0.0	3	1.0175992331938983	-23.829349519251455	230.0	33	1.05	0.95				
	312	1	0.0	0.0	0.0	0.0	3	1.0174636961283376	-23.232215288000535	230.0	33	1.05	0.95				
	313	2	149.2249288210526	30.408098703157894	0.0	0.0	3	1.0247217997263696	-20.163961235536938	230.0	34	1.05	0.95				
	314	2	109.24391015578945	21.961404618947366	0.0	0.0	3	1.028391272915251	-21.09194770433843	230.0	36	1.05	0.95				
	315	2	178.50680164631575	36.039228092631575	0.0	0.0	3	1.0481332643933692	-14.164331635063716	230.0	36	1.05	0.95				
	316	2	56.311293894736835	11.262258778947368	0.0	0.0	3	1.048242941893336	-13.861442119102424	230.0	36	1.05	0.95				
	317	1	0.0	0.0	0.0	0.0	3	1.0489181115600428	-11.206402693234454	230.0	37	1.05	0.95				
	318	2	187.51660866947367	38.29167984842105	0.0	0.0	3	1.048945206307325	-10.630129631871934	230.0	37	1.05	0.95				
	319	1	101.92344194947367	20.83517874105263	0.0	0.0	3	1.0455733614911686	-14.996524189368516	230.0	35	1.05	0.95				
	320	1	72.07845618526315	14.640936412631579	0.0	0.0	3	1.047704001774198	-14.929622318168652	230.0	35	1.05	0.95				
	321	2	0.0	0.0	0.0	0.0	3	1.05	-10.165174736833084	230.0	37	1.05	0.95				
	322	2	0.0	0.0	0.0	0.0	3	1.05	-4.797979258925928	230.0	37	1.05	0.95				
	323	2	0.0	0.0	0.0	0.0	3	1.05	-14.481071293610244	230.0	35	1.05	0.95				
	324	1	0.0	0.0	0.0	0.0	3	1.0247818284332961	-18.588963592415407	230.0	36	1.05	0.95				
	325	1	0.0	0.0	0.0	0.0	3	1.0412559436114934	-12.708221185766071	230.0	35	1.05	0.95				
];
