%% MATPOWER Case Format : Version 2
function mpc = RTS_GMLC
mpc.version = '2';

%%-----  Power Flow Data  -----%%
%% system MVA base
mpc.baseMVA = 100.0;
%% bus data
%    bus_i    type    Pd    Qd    Gs    Bs    area    Vm    Va    baseKV    zone    Vmax    Vmin
mpc.bus = [
	101	2	50.41959426947369	10.270658091929825	0.0	0.0	1	1.0345619507100523	1.4906066795866626	138.0	11	1.05	0.95				
	102	2	45.28426522350877	9.336961901754387	0.0	0.0	1	1.0322083127910677	0.8521456196920871	138.0	12	1.05	0.95				
	103	1	84.03265711578948	17.273379518245612	0.0	0.0	1	1.0339352210007415	1.8585627352535852	138.0	11	1.05	0.95				
	104	1	34.546759036491224	7.002721426315789	0.0	0.0	1	1.0237009669197472	-1.3927431537582085	138.0	11	1.05	0.95				
	105	1	33.14621475122807	6.53587333122807	0.0	0.0	1	1.0356814408592687	-1.9231001630403037	138.0	11	1.05	0.95				
	106	1	63.49134093192983	13.07174666245614	0.0	-100.0	1	1.044083802642264	-4.425042367367824	138.0	12	1.05	0.95				
	107	2	58.35601188596491	11.671202377192982	0.0	0.0	1	0.9984536875569004	-11.266541751952255	138.0	12	1.05	0.95				
	108	1	79.83102425999999	16.339683328070173	0.0	0.0	1	1.001132511536128	-9.29101414745274	138.0	12	1.05	0.95				
	109	1	81.69841664035089	16.806531423157896	0.0	0.0	1	1.025198556809536	-2.478298335076212	138.0	13	1.05	0.95				
	110	1	91.03537854210526	18.673923803508774	0.0	0.0	1	1.05	-3.918046635844688	138.0	13	1.05	0.95				
	111	1	0.0	0.0	0.0	0.0	1	1.0072087363993978	-0.3799449735808955	230.0	13	1.05	0.95				
	112	1	0.0	0.0	0.0	0.0	1	1.0107150714609836	-1.0755899431089604	230.0	13	1.05	0.95				
	113	3	123.71474519824561	25.209797134736846	0.0	0.0	1	1.0004841056958746	2.077746807509027e-29	230.0	14	1.05	0.95				
	114	2	90.56853044701754	18.20707570842105	0.0	0.0	1	1.008571335204399	2.209745633166231	230.0	16	1.05	0.95				
	115	2	147.99084614280702	29.878278085614035	0.0	0.0	1	1.0429495831191364	10.239159798658351	230.0	16	1.05	0.95				
	116	2	46.68480950877193	9.336961901754387	0.0	0.0	1	1.036964366652971	8.59850310113905	230.0	16	1.05	0.95				
	117	1	0.0	0.0	0.0	0.0	1	1.0432421949766464	13.251328285810082	230.0	17	1.05	0.95				
	118	2	155.46041566421053	31.745670465964913	0.0	0.0	1	1.048964795270874	14.314374119198595	230.0	17	1.05	0.95				
	119	1	84.49950521087719	17.273379518245612	0.0	0.0	1	1.0255868732426374	5.285604989199987	230.0	15	1.05	0.95				
	120	1	59.75655617122807	12.138050472280701	0.0	0.0	1	1.0206814796205885	2.850295365393012	230.0	15	1.05	0.95				
	121	2	0.0	0.0	0.0	0.0	1	1.05	16.059096280541947	230.0	17	1.05	0.95				
	122	2	0.0	0.0	0.0	0.0	1	1.05	23.99771519732928	230.0	17	1.05	0.95				
	123	2	0.0	0.0	0.0	0.0	1	1.019110274304402	1.8653546091212294	230.0	15	1.05	0.95				
	124	1	0.0	0.0	0.0	0.0	1	1.0289126172834997	7.098529695497163	230.0	16	1.05	0.95				
	201	2	49.12954510736842	10.007870299649122	0.0	0.0	2	1.0134070627681377	-14.556799258022902	138.0	21	1.05	0.95				
	202	2	44.12560995754385	9.09806390877193	0.0	0.0	2	1.0125979807313257	-14.81861070415025	138.0	22	1.05	0.95				
	203	1	81.88257517894738	16.831418231228067	0.0	0.0	2	1.0138208456042013	-11.038818217421905	138.0	21	1.05	0.95				
	204	1	33.662836462456134	6.823547931578947	0.0	0.0	2	1.0112640992566875	-14.095422626355212	138.0	21	1.05	0.95				
	205	1	32.29812687614035	6.368644736140351	0.0	0.0	2	1.0260036410303894	-14.510680201761344	138.0	21	1.05	0.95				
	206	1	61.86683457964912	12.737289472280702	0.0	-100.0	2	1.040831931941477	-15.038140560829032	138.0	22	1.05	0.95				
	207	2	56.862899429824566	11.372579885964912	0.0	0.0	2	0.9957562498949952	-20.554751322173875	138.0	22	1.05	0.95				
	208	1	77.78844641999999	15.921611840350874	0.0	0.0	2	0.9995406828368506	-18.46706956993483	138.0	22	1.05	0.95				
	209	1	79.60805920175437	16.37651503578947	0.0	0.0	2	1.0239310437891322	-11.626450869631505	138.0	23	1.05	0.95				
	210	1	88.70612311052632	18.19612781754386	0.0	0.0	2	1.05	-13.002105878537405	138.0	23	1.05	0.95				
	211	1	0.0	0.0	0.0	0.0	2	1.0067086134055427	-9.128280416521266	230.0	23	1.05	0.95				
	212	1	0.0	0.0	0.0	0.0	2	1.0130366992218183	-5.004013840627026	230.0	23	1.05	0.95				
	213	2	120.54934679122806	24.56477255368421	0.0	0.0	2	1.003736317100558	-7.073760671963142	230.0	24	1.05	0.95				
	214	2	88.2512199150877	17.741224622105264	0.0	0.0	2	1.005868796874389	-7.628238994333664	230.0	26	1.05	0.95				
	215	2	144.2043129540351	29.113804508070174	0.0	0.0	2	1.0229591018496622	-1.7659576135340742	230.0	26	1.05	0.95				
	216	2	45.49031954385965	9.09806390877193	0.0	0.0	2	1.0222990108814425	-2.7043529017421015	230.0	26	1.05	0.95				
	217	1	0.0	0.0	0.0	0.0	2	1.0272250337188378	-0.9136965794330937	230.0	27	1.05	0.95				
	218	2	151.48276408105264	30.93341728982456	0.0	0.0	2	1.0267745326721207	-1.3531367964338572	230.0	27	1.05	0.95				
	219	1	82.33747837438597	16.831418231228067	0.0	0.0	2	1.021760617602732	-3.0763542541236633	230.0	25	1.05	0.95				
	220	1	58.22760901614035	11.827483081403509	0.0	0.0	2	1.0245056183935084	-2.505373037604032	230.0	25	1.05	0.95				
	221	2	0.0	0.0	0.0	0.0	2	1.028949343215984	-0.6920786615126818	230.0	27	1.05	0.95				
	222	2	0.0	0.0	0.0	0.0	2	1.0499999721620197	5.711578017073101	230.0	27	1.05	0.95				
	223	2	0.0	0.0	0.0	0.0	2	1.0268453189328253	-1.8431638654850404	230.0	25	1.05	0.95				
	224	1	0.0	0.0	0.0	0.0	2	1.008099261936745	-5.24174767290214	230.0	26	1.05	0.95				
	301	2	61.05536223157895	12.43720341754386	0.0	0.0	3	0.9943657215067891	10.776713847488374	138.0	31	1.05	0.95				
	302	2	54.83676052280701	11.30654856140351	0.0	0.0	3	0.9939939300134858	10.712984037664638	138.0	32	1.05	0.95				
	303	1	101.7589370526316	20.91711483859649	0.0	0.0	3	1.0228247173624014	14.426894270611093	138.0	31	1.05	0.95				
	304	1	41.83422967719298	8.47991142105263	0.0	0.0	3	1.001973156153395	12.524277342460138	138.0	31	1.05	0.95				
	305	1	40.13824739298246	7.9145839929824575	0.0	0.0	3	1.0136952709183031	12.42502204323166	138.0	31	1.05	0.95				
	306	1	76.88453021754387	15.829167985964915	0.0	-100.0	3	1.032647587359299	12.698085628765538	138.0	32	1.05	0.95				
	307	2	70.66592850877194	14.133185701754385	0.0	0.0	3	0.9879552909252308	8.85690551928891	138.0	32	1.05	0.95				
	308	1	96.67099019999999	19.78645998245614	0.0	0.0	3	0.9992908488274523	11.375560490294008	138.0	32	1.05	0.95				
	309	1	98.9322999122807	20.351787410526313	0.0	0.0	3	1.0279844726138172	16.30054245379942	138.0	33	1.05	0.95				
	310	1	110.23884847368421	22.61309712280702	0.0	0.0	3	1.05	15.8745681740505	138.0	33	1.05	0.95				
	311	1	0.0	0.0	0.0	0.0	3	1.0147508875111904	21.50815145610256	230.0	33	1.05	0.95				
	312	1	0.0	0.0	0.0	0.0	3	1.0204090949237203	22.557531726983687	230.0	33	1.05	0.95				
	313	2	149.8117684385965	30.527681115789473	0.0	0.0	3	1.0324442293884553	28.76849902793381	230.0	34	1.05	0.95				
	314	2	109.67352104561402	22.047769694736843	0.0	0.0	3	1.015532055362852	20.511776344238974	230.0	36	1.05	0.95				
	315	2	179.2087946982456	36.18095539649123	0.0	0.0	3	1.0404417486714392	15.617045756659003	230.0	36	1.05	0.95				
	316	2	56.53274280701754	11.30654856140351	0.0	0.0	3	1.0407276532646257	16.889131082992147	230.0	36	1.05	0.95				
	317	1	0.0	0.0	0.0	0.0	3	1.0499999690791435	16.820264645113404	230.0	37	1.05	0.95				
	318	2	188.25403354736844	38.442265108771934	0.0	0.0	3	1.048736372021044	14.357564809352228	230.0	37	1.05	0.95				
	319	1	102.32426448070176	20.91711483859649	0.0	0.0	3	1.0383582689705313	19.254897621939	230.0	35	1.05	0.95				
	320	1	72.36191079298246	14.698513129824562	0.0	0.0	3	1.037862436061205	20.784502421560415	230.0	35	1.05	0.95				
	321	2	0.0	0.0	0.0	0.0	3	1.0465039842152148	15.397252011646897	230.0	37	1.05	0.95				
	322	2	0.0	0.0	0.0	0.0	3	1.05	20.29850290498224	230.0	37	1.05	0.95				
	323	2	0.0	0.0	0.0	0.0	3	1.0372730523036626	21.296154629095895	230.0	35	1.05	0.95				
	324	1	0.0	0.0	0.0	0.0	3	1.031735083912394	17.194462436443793	230.0	36	1.05	0.95				
	325	1	0.0	0.0	0.0	0.0	3	1.039782756077366	20.85692313345073	230.0	35	1.05	0.95				
];
