%% MATPOWER Case Format : Version 2
function mpc = RTS_GMLC
mpc.version = '2';

%%-----  Power Flow Data  -----%%
%% system MVA base
mpc.baseMVA = 100.0;
%% bus data
%    bus_i    type    Pd    Qd    Gs    Bs    area    Vm    Va    baseKV    zone    Vmax    Vmin
mpc.bus = [
	101	2	47.9614052463158	9.769915883508773	0.0	0.0	1	1.0459024114310485	2.8455339567823525	138.0	11	1.05	0.95				
	102	2	43.07644730456141	8.881741712280704	0.0	0.0	1	1.043359799154696	2.1808080879778724	138.0	12	1.05	0.95				
	103	1	79.93567541052633	16.4312221677193	0.0	0.0	1	1.0328226953985604	0.6426670959862254	138.0	11	1.05	0.95				
	104	1	32.8624443354386	6.661306284210528	0.0	0.0	1	1.02874150134822	-0.6869210958971752	138.0	11	1.05	0.95				
	105	1	31.530183078596497	6.217219198596493	0.0	0.0	1	1.0413933815683605	-0.9524885195264452	138.0	11	1.05	0.95				
	106	1	60.39584364350878	12.434438397192986	0.0	-100.0	1	1.047118504550069	-3.668299594821246	138.0	12	1.05	0.95				
	107	2	55.5108857017544	11.102177140350879	0.0	0.0	1	1.0009131590792306	-9.038092550255332	138.0	12	1.05	0.95				
	108	1	75.93889164000001	15.54304799649123	0.0	0.0	1	1.0042332864386998	-7.857965818990818	138.0	12	1.05	0.95				
	109	1	77.71523998245615	15.987135082105263	0.0	0.0	1	1.0246851858504233	-2.501678357182104	138.0	13	1.05	0.95				
	110	1	86.59698169473685	17.763483424561407	0.0	0.0	1	1.05	-3.459596476278674	138.0	13	1.05	0.95				
	111	1	0.0	0.0	0.0	0.0	1	1.0026985368486416	-1.104629272979434	230.0	13	1.05	0.95				
	112	1	0.0	0.0	0.0	0.0	1	1.0071770265729296	-1.1308579691609335	230.0	13	1.05	0.95				
	113	3	117.6830776877193	23.9807026231579	0.0	0.0	1	0.995068273720573	1.1592527398510914e-28	230.0	14	1.05	0.95				
	114	2	86.15289460912282	17.31939633894737	0.0	0.0	1	0.9976124237961506	-0.05480415800355359	230.0	16	1.05	0.95				
	115	2	140.77560613964914	28.42157347929825	0.0	0.0	1	1.0317035312506107	4.907902076084297	230.0	16	1.05	0.95				
	116	2	44.408708561403515	8.881741712280704	0.0	0.0	1	1.0267685119392116	4.071707618198015	230.0	16	1.05	0.95				
	117	1	0.0	0.0	0.0	0.0	1	1.0359260396694556	7.016988262437256	230.0	17	1.05	0.95				
	118	2	147.8809995094737	30.19792182175439	0.0	0.0	1	1.0393683451034632	7.583280190549029	230.0	17	1.05	0.95				
	119	1	80.37976249614036	16.4312221677193	0.0	0.0	1	1.0175652932694534	2.4625628302979776	230.0	15	1.05	0.95				
	120	1	56.8431469585965	11.546264225964913	0.0	0.0	1	1.0120460680875518	1.3835488568846546	230.0	15	1.05	0.95				
	121	2	0.0	0.0	0.0	0.0	1	1.0424027454309561	8.722547574380501	230.0	17	1.05	0.95				
	122	2	0.0	0.0	0.0	0.0	1	1.05	14.557187300904332	230.0	17	1.05	0.95				
	123	2	0.0	0.0	0.0	0.0	1	1.0096583183272085	1.1385132177166697	230.0	15	1.05	0.95				
	124	1	0.0	0.0	0.0	0.0	1	1.025417310019943	3.29620079420342	230.0	16	1.05	0.95				
	201	2	46.12057294736842	9.394931526315789	0.0	0.0	2	1.0148394840837265	-9.465346412824784	138.0	21	1.05	0.95				
	202	2	41.42310718421052	8.540846842105264	0.0	0.0	2	1.0140301404627394	-9.69663604277245	138.0	22	1.05	0.95				
	203	1	76.86762157894736	15.800566657894736	0.0	0.0	2	1.014196376721549	-7.039917142542822	138.0	21	1.05	0.95				
	204	1	31.601133315789472	6.405635131578948	0.0	0.0	2	1.012534034212697	-9.005990340824201	138.0	21	1.05	0.95				
	205	1	30.32000628947368	5.9785927894736846	0.0	0.0	2	1.0271147904421476	-9.315643570760045	138.0	21	1.05	0.95				
	206	1	58.07775852631579	11.957185578947369	0.0	-100.0	2	1.0419915261802162	-9.758923130516026	138.0	22	1.05	0.95				
	207	2	53.3802927631579	10.676058552631579	0.0	0.0	2	0.9975033014846312	-14.926393943705312	138.0	22	1.05	0.95				
	208	1	73.02424049999999	14.94648197368421	0.0	0.0	2	1.0017367902454348	-12.985367563663553	138.0	22	1.05	0.95				
	209	1	74.73240986842104	15.373524315789473	0.0	0.0	2	1.0239544466063073	-6.677257832441886	138.0	23	1.05	0.95				
	210	1	83.27325671052631	17.081693684210528	0.0	0.0	2	1.05	-7.792476399032109	138.0	23	1.05	0.95				
	211	1	0.0	0.0	0.0	0.0	2	1.0042402683864022	-4.281709695184385	230.0	23	1.05	0.95				
	212	1	0.0	0.0	0.0	0.0	2	1.0106772629816532	0.09202909224208279	230.0	23	1.05	0.95				
	213	2	113.16622065789473	23.06028647368421	0.0	0.0	2	0.9998814157798447	-2.1190631811649134	230.0	24	1.05	0.95				
	214	2	82.84621436842104	16.654651342105264	0.0	0.0	2	1.0014325670818127	-3.0858381537811876	230.0	26	1.05	0.95				
	215	2	135.37242244736842	27.33070989473684	0.0	0.0	2	1.0184334911682758	1.5537148168384425	230.0	26	1.05	0.95				
	216	2	42.704234210526316	8.540846842105264	0.0	0.0	2	1.0176532055518581	1.2445625744984004	230.0	26	1.05	0.95				
	217	1	0.0	0.0	0.0	0.0	2	1.0222505606231072	2.052116606517393	230.0	27	1.05	0.95				
	218	2	142.20509992105264	29.038879263157895	0.0	0.0	2	1.0218244955978961	1.7524865940838352	230.0	27	1.05	0.95				
	219	1	77.29466392105263	15.800566657894736	0.0	0.0	2	1.0162487801782	1.142620612227712	230.0	25	1.05	0.95				
	220	1	54.66141978947368	11.103100894736842	0.0	0.0	2	1.0179540648452743	1.903410803972497	230.0	25	1.05	0.95				
	221	2	0.0	0.0	0.0	0.0	2	1.0242087297716334	2.4844135452071052	230.0	27	1.05	0.95				
	222	2	0.0	0.0	0.0	0.0	2	1.045843743148061	8.857404298821939	230.0	27	1.05	0.95				
	223	2	0.0	0.0	0.0	0.0	2	1.019673984805908	2.65418604014697	230.0	25	1.05	0.95				
	224	1	0.0	0.0	0.0	0.0	2	1.006210513008014	-1.6831118935822555	230.0	26	1.05	0.95				
	301	2	67.4103132	13.731730466666667	0.0	0.0	3	1.0054001630985598	-12.44367346401528	138.0	31	1.05	0.95				
	302	2	60.54444796666667	12.483391333333334	0.0	0.0	3	1.005070285167439	-12.53731430289669	138.0	32	1.05	0.95				
	303	1	112.350522	23.094273966666666	0.0	0.0	3	1.0158703243716662	-7.172742806823558	138.0	31	1.05	0.95				
	304	1	46.18854793333333	9.3625435	0.0	0.0	3	1.0042658068677541	-10.414684409031965	138.0	31	1.05	0.95				
	305	1	44.316039233333335	8.738373933333335	0.0	0.0	3	1.0183925979718687	-10.7575710246212	138.0	31	1.05	0.95				
	306	1	84.88706106666667	17.47674786666667	0.0	-100.0	3	1.0335553801616189	-10.508046537896295	138.0	32	1.05	0.95				
	307	2	78.02119583333334	15.604239166666666	0.0	0.0	3	0.9973805200292377	-15.688293669754385	138.0	32	1.05	0.95				
	308	1	106.7329959	21.845934833333335	0.0	0.0	3	1.0003485994856243	-12.79132801843445	138.0	32	1.05	0.95				
	309	1	109.22967416666667	22.4701044	0.0	0.0	3	1.0259077004063608	-6.130536369097885	138.0	33	1.05	0.95				
	310	1	121.7130655	24.966782666666667	0.0	0.0	3	1.05	-7.072644499972482	138.0	33	1.05	0.95				
	311	1	0.0	0.0	0.0	0.0	3	1.0140030849014325	-0.627849528722121	230.0	33	1.05	0.95				
	312	1	0.0	0.0	0.0	0.0	3	1.0168957329983572	0.2503824675437586	230.0	33	1.05	0.95				
	313	2	165.40493516666666	33.7051566	0.0	0.0	3	1.0267111374417883	4.648023575667235	230.0	34	1.05	0.95				
	314	2	121.08889593333333	24.3426131	0.0	0.0	3	1.0178412901509055	0.6968653898823134	230.0	36	1.05	0.95				
	315	2	197.8617526333333	39.94685226666667	0.0	0.0	3	1.0280813469873713	-0.903740049400787	230.0	36	1.05	0.95				
	316	2	62.416956666666664	12.483391333333334	0.0	0.0	3	1.0280790514478695	0.10132457680150861	230.0	36	1.05	0.95				
	317	1	0.0	0.0	0.0	0.0	3	1.0326300076683659	1.1882193334051567	230.0	37	1.05	0.95				
	318	2	207.84846570000002	42.44353053333334	0.0	0.0	3	1.02920100955242	0.1747054933472148	230.0	37	1.05	0.95				
	319	1	112.97469156666666	23.094273966666666	0.0	0.0	3	1.027565185310629	1.7264237097006114	230.0	35	1.05	0.95				
	320	1	79.89370453333333	16.228408733333335	0.0	0.0	3	1.028601457258991	2.6097550109366643	230.0	35	1.05	0.95				
	321	2	0.0	0.0	0.0	0.0	3	1.0310513814322415	0.38471301217577436	230.0	37	1.05	0.95				
	322	2	0.0	0.0	0.0	0.0	3	1.0449828841697575	5.049054901934095	230.0	37	1.05	0.95				
	323	2	0.0	0.0	0.0	0.0	3	1.0295952147108374	3.0719363061897447	230.0	35	1.05	0.95				
	324	1	0.0	0.0	0.0	0.0	3	1.0179434193992924	-1.0244285211498996	230.0	36	1.05	0.95				
	325	1	0.0	0.0	0.0	0.0	3	1.0301689507268412	3.554482566603332	230.0	35	1.05	0.95				
];
