%% MATPOWER Case Format : Version 2
function mpc = RTS_GMLC
mpc.version = '2';

%%-----  Power Flow Data  -----%%
%% system MVA base
mpc.baseMVA = 100.0;
%% bus data
%    bus_i    type    Pd    Qd    Gs    Bs    area    Vm    Va    baseKV    zone    Vmax    Vmin
mpc.bus = [
	101	2	39.09054922105263	7.9628896561403515	0.0	0.0	1	1.0344407776868845	3.0234847620245917	138.0	11	1.05	0.95				
	102	2	35.10910439298245	7.238990596491228	0.0	0.0	1	1.033565489647902	2.781171540065934	138.0	12	1.05	0.95				
	103	1	65.15091536842105	13.392132603508772	0.0	0.0	1	1.028373109604294	0.8420591826043046	138.0	11	1.05	0.95				
	104	1	26.784265207017544	5.429242947368421	0.0	0.0	1	1.0225465643141225	-0.278537601613377	138.0	11	1.05	0.95				
	105	1	25.698416617543856	5.06729341754386	0.0	0.0	1	1.037271453095299	0.004167731102670496	138.0	11	1.05	0.95				
	106	1	49.22513605614036	10.13458683508772	0.0	-100.0	1	1.047461789697247	-2.1063612513036896	138.0	12	1.05	0.95				
	107	2	45.243691228070176	9.048738245614036	0.0	0.0	1	1.0013356707063132	-6.807481694049822	138.0	12	1.05	0.95				
	108	1	61.8933696	12.66823354385965	0.0	0.0	1	1.007176037976774	-5.736896577565654	138.0	12	1.05	0.95				
	109	1	63.341167719298255	13.03018307368421	0.0	0.0	1	1.0242046379286553	-1.3142190889220264	138.0	13	1.05	0.95				
	110	1	70.58015831578948	14.477981192982456	0.0	0.0	1	1.05	-1.9178384701095372	138.0	13	1.05	0.95				
	111	1	0.0	0.0	0.0	0.0	1	1.0006782049147167	0.04139682627171604	230.0	13	1.05	0.95				
	112	1	0.0	0.0	0.0	0.0	1	1.0059718379935536	0.34699741225749753	230.0	13	1.05	0.95				
	113	3	95.91662540350877	19.545274610526317	0.0	0.0	1	0.9903907199663008	3.1153007830053354e-29	230.0	14	1.05	0.95				
	114	2	70.2182087859649	14.116031663157896	0.0	0.0	1	0.995695345468043	1.8789726665441981	230.0	16	1.05	0.95				
	115	2	114.73800095438595	23.16476990877193	0.0	0.0	1	1.0317464022329466	6.701602976197939	230.0	16	1.05	0.95				
	116	2	36.194952982456144	7.238990596491228	0.0	0.0	1	1.0278399439135921	6.53836450057556	230.0	16	1.05	0.95				
	117	1	0.0	0.0	0.0	0.0	1	1.0365813990096617	8.510963655834534	230.0	17	1.05	0.95				
	118	2	120.52919343157895	24.61256802807018	0.0	0.0	1	1.0391399556678773	8.57781765842129	230.0	17	1.05	0.95				
	119	1	65.51286489824561	13.392132603508772	0.0	0.0	1	1.0217169702196596	5.62897669145395	230.0	15	1.05	0.95				
	120	1	46.32953981754386	9.410687775438598	0.0	0.0	1	1.0186134768521382	5.548416825652325	230.0	15	1.05	0.95				
	121	2	0.0	0.0	0.0	0.0	1	1.0428293490061677	9.47456432676634	230.0	17	1.05	0.95				
	122	2	0.0	0.0	0.0	0.0	1	1.05	15.923490459769624	230.0	17	1.05	0.95				
	123	2	0.0	0.0	0.0	0.0	1	1.0171580200163681	5.790043048723129	230.0	15	1.05	0.95				
	124	1	0.0	0.0	0.0	0.0	1	1.0224299345603585	4.496545164986557	230.0	16	1.05	0.95				
	201	2	38.50464346105263	7.843538482807016	0.0	0.0	2	1.0209478289162288	-6.71282259730596	138.0	21	1.05	0.95				
	202	2	34.58287421964912	7.130489529824562	0.0	0.0	2	1.0211073884356523	-6.701158534064549	138.0	22	1.05	0.95				
	203	1	64.17440576842105	13.191405630175437	0.0	0.0	2	1.016940331030993	-5.67353841476764	138.0	21	1.05	0.95				
	204	1	26.382811260350874	5.3478671473684205	0.0	0.0	2	1.0168177124786868	-7.671120094141182	138.0	21	1.05	0.95				
	205	1	25.31323783087719	4.991342670877192	0.0	0.0	2	1.0313147091132961	-7.89752774235588	138.0	21	1.05	0.95				
	206	1	48.48732880280701	9.982685341754385	0.0	-100.0	2	1.0455093856985602	-8.943882950618889	138.0	22	1.05	0.95				
	207	2	44.565559561403504	8.913111912280701	0.0	0.0	2	0.9950923441139531	-13.742873620590373	138.0	22	1.05	0.95				
	208	1	60.96568548	12.47835667719298	0.0	0.0	2	1.002901278495376	-12.186035027163383	138.0	22	1.05	0.95				
	209	1	62.39178338596491	12.834881153684208	0.0	0.0	2	1.0226985313277193	-6.9842295722057255	138.0	23	1.05	0.95				
	210	1	69.52227291578946	14.260979059649124	0.0	0.0	2	1.05	-7.943891240256103	138.0	23	1.05	0.95				
	211	1	0.0	0.0	0.0	0.0	2	1.0013896273746894	-4.603117633214048	230.0	23	1.05	0.95				
	212	1	0.0	0.0	0.0	0.0	2	1.0057947787111605	-3.8823189484173573	230.0	23	1.05	0.95				
	213	2	94.47898627017543	19.252321730526315	0.0	0.0	2	0.9943221946881775	-3.4497085094458364	230.0	24	1.05	0.95				
	214	2	69.16574843929824	13.904454583157893	0.0	0.0	2	0.9983136010552217	-2.5975600767366775	230.0	26	1.05	0.95				
	215	2	113.0182590477193	22.817566495438594	0.0	0.0	2	1.0174043690132504	2.298530059654284	230.0	26	1.05	0.95				
	216	2	35.652447649122806	7.130489529824562	0.0	0.0	2	1.0184483928365293	2.3745862964180886	230.0	26	1.05	0.95				
	217	1	0.0	0.0	0.0	0.0	2	1.0239348485530193	3.8515381837450846	230.0	27	1.05	0.95				
	218	2	118.72265067157895	24.243664401403507	0.0	0.0	2	1.0232184072744648	3.413262601733304	230.0	27	1.05	0.95				
	219	1	64.53093024491227	13.191405630175437	0.0	0.0	2	1.0193939559192082	2.3522467526988353	230.0	25	1.05	0.95				
	220	1	45.63513299087719	9.269636388771929	0.0	0.0	2	1.0222701401035441	3.039991603888855	230.0	25	1.05	0.95				
	221	2	0.0	0.0	0.0	0.0	2	1.0249089441432078	3.848200864154277	230.0	27	1.05	0.95				
	222	2	0.0	0.0	0.0	0.0	2	1.0469551935407062	10.378038938259216	230.0	27	1.05	0.95				
	223	2	0.0	0.0	0.0	0.0	2	1.024253208827112	3.694118955456154	230.0	25	1.05	0.95				
	224	1	0.0	0.0	0.0	0.0	2	1.0072656995980198	-0.7158554837179625	230.0	26	1.05	0.95				
	301	2	42.690920589473684	8.69629863859649	0.0	0.0	3	1.0101519399472758	-15.556773845227204	138.0	31	1.05	0.95				
	302	2	38.34277127017543	7.905726035087719	0.0	0.0	3	1.010024595266747	-15.718204427450537	138.0	32	1.05	0.95				
	303	1	71.15153431578948	14.62559316491228	0.0	0.0	3	1.0302293766454491	-8.832633818246167	138.0	31	1.05	0.95				
	304	1	29.25118632982456	5.929294526315789	0.0	0.0	3	1.0119851637163504	-14.563362824445035	138.0	31	1.05	0.95				
	305	1	28.065327424561403	5.534008224561403	0.0	0.0	3	1.0251806583953107	-15.42677055713359	138.0	31	1.05	0.95				
	306	1	53.758937038596486	11.068016449122807	0.0	-100.0	3	1.0419269385875918	-15.840796875348277	138.0	32	1.05	0.95				
	307	2	49.41078771929824	9.882157543859648	0.0	0.0	3	0.9945937277868745	-20.02955812908685	138.0	32	1.05	0.95				
	308	1	67.5939576	13.835020561403507	0.0	0.0	3	1.0016279362474867	-18.275024086282922	138.0	32	1.05	0.95				
	309	1	69.17510280701754	14.230306863157892	0.0	0.0	3	1.025422187244332	-11.992496167100416	138.0	33	1.05	0.95				
	310	1	77.08082884210525	15.811452070175438	0.0	0.0	3	1.05	-14.02202414648124	138.0	33	1.05	0.95				
	311	1	0.0	0.0	0.0	0.0	3	1.005004443913479	-9.133916648189592	230.0	33	1.05	0.95				
	312	1	0.0	0.0	0.0	0.0	3	1.0097273904399382	-8.554445916829838	230.0	33	1.05	0.95				
	313	2	104.75086996491227	21.345460294736842	0.0	0.0	3	1.0076499251003808	-5.795070394657517	230.0	34	1.05	0.95				
	314	2	76.68554254035087	15.416165768421052	0.0	0.0	3	0.999726157311158	-8.049245862729562	230.0	36	1.05	0.95				
	315	2	125.30575765614034	25.2983233122807	0.0	0.0	3	1.0213664422140534	-4.746186172226951	230.0	36	1.05	0.95				
	316	2	39.52863017543859	7.905726035087719	0.0	0.0	3	1.0205492049590392	-4.132334949767755	230.0	36	1.05	0.95				
	317	1	0.0	0.0	0.0	0.0	3	1.0251514201591476	-3.165093903018593	230.0	37	1.05	0.95				
	318	2	131.63033848421054	26.879468519298243	0.0	0.0	3	1.024271642126542	-3.2235323917277103	230.0	37	1.05	0.95				
	319	1	71.54682061754386	14.62559316491228	0.0	0.0	3	1.0179380367966724	-4.567657665919049	230.0	35	1.05	0.95				
	320	1	50.5966466245614	10.277443845614034	0.0	0.0	3	1.0181984334524545	-4.161271824858419	230.0	35	1.05	0.95				
	321	2	0.0	0.0	0.0	0.0	3	1.0253907706712728	-3.198336485647791	230.0	37	1.05	0.95				
	322	2	0.0	0.0	0.0	0.0	3	1.03866962984969	1.216639338578784	230.0	37	1.05	0.95				
	323	2	0.0	0.0	0.0	0.0	3	1.0188554241764793	-3.62778484879093	230.0	35	1.05	0.95				
	324	1	0.0	0.0	0.0	0.0	3	1.0182080947019103	-6.308486906992804	230.0	36	1.05	0.95				
	325	1	0.0	0.0	0.0	0.0	3	1.0173898751807862	-2.5129101495845827	230.0	35	1.05	0.95				
];
