%% MATPOWER Case Format : Version 2
function mpc = RTS_GMLC
mpc.version = '2';

%%-----  Power Flow Data  -----%%
%% system MVA base
mpc.baseMVA = 100.0;
%% bus data
%    bus_i    type    Pd    Qd    Gs    Bs    area    Vm    Va    baseKV    zone    Vmax    Vmin
mpc.bus = [
	101	2	41.909450778947374	8.53711034385965	0.0	0.0	1	1.0160518011942732	-3.6628416347141632	138.0	11	1.05	0.95				
	102	2	37.64089560701754	7.761009403508773	0.0	0.0	1	1.0152598013939202	-3.853615032337292	138.0	12	1.05	0.95				
	103	1	69.84908463157895	14.357867396491228	0.0	0.0	1	1.0317408387343556	0.020424444107059448	138.0	11	1.05	0.95				
	104	1	28.715734792982456	5.820757052631579	0.0	0.0	1	1.0172912019456724	-4.015417826115719	138.0	11	1.05	0.95				
	105	1	27.55158338245614	5.432706582456141	0.0	0.0	1	1.0283526404798193	-4.976697602553486	138.0	11	1.05	0.95				
	106	1	52.77486394385965	10.865413164912281	0.0	-100.0	1	1.0431817590184436	-6.163287009083499	138.0	12	1.05	0.95				
	107	2	48.506308771929824	9.701261754385964	0.0	0.0	1	1.0020908214753648	-9.93151978954645	138.0	12	1.05	0.95				
	108	1	66.3566304	13.581766456140349	0.0	0.0	1	1.0068674857096693	-8.71521424163836	138.0	12	1.05	0.95				
	109	1	67.90883228070174	13.96981692631579	0.0	0.0	1	1.0254944763424454	-3.3676022713941793	138.0	13	1.05	0.95				
	110	1	75.66984168421052	15.522018807017545	0.0	0.0	1	1.05	-5.044774180344062	138.0	13	1.05	0.95				
	111	1	0.0	0.0	0.0	0.0	1	1.0047661799307002	-0.9725678925784315	230.0	13	1.05	0.95				
	112	1	0.0	0.0	0.0	0.0	1	1.0079803662548565	-1.5355506775433048	230.0	13	1.05	0.95				
	113	3	102.83337459649123	20.954725389473687	0.0	0.0	1	0.9973214328934322	4.3701239966185454e-30	230.0	14	1.05	0.95				
	114	2	75.28179121403508	15.133968336842104	0.0	0.0	1	1.0054023386631994	1.5464289210163267	230.0	16	1.05	0.95				
	115	2	123.01199904561403	24.83523009122807	0.0	0.0	1	1.0405317190064471	8.628714732997016	230.0	16	1.05	0.95				
	116	2	38.805047017543856	7.761009403508773	0.0	0.0	1	1.0360811153370602	7.319275786210014	230.0	16	1.05	0.95				
	117	1	0.0	0.0	0.0	0.0	1	1.0427602899375101	11.332719304298248	230.0	17	1.05	0.95				
	118	2	129.22080656842104	26.387431971929825	0.0	0.0	1	1.0472547097305691	12.289869690475639	230.0	17	1.05	0.95				
	119	1	70.23713510175439	14.357867396491228	0.0	0.0	1	1.0247063713272484	4.703051228754159	230.0	15	1.05	0.95				
	120	1	49.67046018245614	10.089312224561404	0.0	0.0	1	1.0178286005123174	2.6508371840496134	230.0	15	1.05	0.95				
	121	2	0.0	0.0	0.0	0.0	1	1.0492299659668745	13.655093965788836	230.0	17	1.05	0.95				
	122	2	0.0	0.0	0.0	0.0	1	1.05	20.301469794393558	230.0	17	1.05	0.95				
	123	2	0.0	0.0	0.0	0.0	1	1.0146620997685871	1.817575334247553	230.0	15	1.05	0.95				
	124	1	0.0	0.0	0.0	0.0	1	1.0263542229241178	5.401568930078126	230.0	16	1.05	0.95				
	201	2	42.87360300631579	8.733511723508771	0.0	0.0	2	1.0157825911842493	-11.355462698927427	138.0	21	1.05	0.95				
	202	2	38.5068471445614	7.939556112280702	0.0	0.0	2	1.0149514070761765	-11.595180895339865	138.0	22	1.05	0.95				
	203	1	71.45600501052631	14.688178807719297	0.0	0.0	2	1.0148780336656344	-8.77774176081816	138.0	21	1.05	0.95				
	204	1	29.376357615438593	5.954667084210525	0.0	0.0	2	1.0133561524935757	-11.057849920313501	138.0	21	1.05	0.95				
	205	1	28.185424198596486	5.5576892785964915	0.0	0.0	2	1.028075292620897	-11.37198299583716	138.0	21	1.05	0.95				
	206	1	53.98898156350877	11.115378557192983	0.0	-100.0	2	1.043086286129865	-11.882890874240168	138.0	22	1.05	0.95				
	207	2	49.62222570175439	9.924445140350876	0.0	0.0	2	0.9984933815880103	-16.648711233165805	138.0	22	1.05	0.95				
	208	1	67.88320476	13.894223196491225	0.0	0.0	2	1.0034202458841945	-14.8648241698563	138.0	22	1.05	0.95				
	209	1	69.47111598245613	14.291201002105261	0.0	0.0	2	1.023432463242421	-8.974556649650514	138.0	23	1.05	0.95				
	210	1	77.41067209473684	15.879112224561403	0.0	0.0	2	1.05	-10.111131714100573	138.0	23	1.05	0.95				
	211	1	0.0	0.0	0.0	0.0	2	1.0022530665004468	-6.875286568351221	230.0	23	1.05	0.95				
	212	1	0.0	0.0	0.0	0.0	2	1.0086474105235934	-2.9699355882328504	230.0	23	1.05	0.95				
	213	2	105.19911848771928	21.436801503157895	0.0	0.0	2	0.9957129441409062	-5.073274639485055	230.0	24	1.05	0.95				
	214	2	77.0136942891228	15.482134418947368	0.0	0.0	2	0.9986853430932807	-5.63336784667398	230.0	26	1.05	0.95				
	215	2	125.84196437964911	25.406579559298244	0.0	0.0	2	1.0164951878360604	-0.5376664174591098	230.0	26	1.05	0.95				
	216	2	39.697780561403505	7.939556112280702	0.0	0.0	2	1.0146902747069102	-1.4255846208834646	230.0	26	1.05	0.95				
	217	1	0.0	0.0	0.0	0.0	2	1.021040689818554	0.22567379089329895	230.0	27	1.05	0.95				
	218	2	132.19360926947368	26.994490781754386	0.0	0.0	2	1.020744920314245	-0.08782914312816155	230.0	27	1.05	0.95				
	219	1	71.85298281614035	14.688178807719297	0.0	0.0	2	1.012049946304835	-1.9581453573602166	230.0	25	1.05	0.95				
	220	1	50.81315911859649	10.321422945964912	0.0	0.0	2	1.0123564107156637	-1.62416053879629	230.0	25	1.05	0.95				
	221	2	0.0	0.0	0.0	0.0	2	1.0228750425890432	0.563819027103475	230.0	27	1.05	0.95				
	222	2	0.0	0.0	0.0	0.0	2	1.0447058539242744	6.988172036191502	230.0	27	1.05	0.95				
	223	2	0.0	0.0	0.0	0.0	2	1.0130471557537664	-1.1258020979806809	230.0	25	1.05	0.95				
	224	1	0.0	0.0	0.0	0.0	2	1.0056524049841855	-3.6497113993899406	230.0	26	1.05	0.95				
	301	2	53.47042074947369	10.89212274526316	0.0	0.0	3	0.9981024970392683	7.610801698119848	138.0	31	1.05	0.95				
	302	2	48.024359376842106	9.901929768421054	0.0	0.0	3	0.997927505081024	7.5850244497403825	138.0	32	1.05	0.95				
	303	1	89.11736791578949	18.31857007157895	0.0	0.0	3	1.0155444295075036	9.74268751975126	138.0	31	1.05	0.95				
	304	1	36.6371401431579	7.42644732631579	0.0	0.0	3	1.0039999453949977	9.18816868213697	138.0	31	1.05	0.95				
	305	1	35.15185067789474	6.931350837894739	0.0	0.0	3	1.0166797785692052	9.298599121330295	138.0	31	1.05	0.95				
	306	1	67.33312242526317	13.862701675789477	0.0	-100.0	3	1.0357322207982442	9.658624589136874	138.0	32	1.05	0.95				
	307	2	61.88706105263159	12.377412210526318	0.0	0.0	3	0.9915971928666975	6.919334742410786	138.0	32	1.05	0.95				
	308	1	84.66149952	17.328377094736844	0.0	0.0	3	1.0041382232388476	9.064443799806112	138.0	32	1.05	0.95				
	309	1	86.64188547368423	17.823473583157895	0.0	0.0	3	1.025332762951445	12.52365642772634	138.0	33	1.05	0.95				
	310	1	96.54381524210527	19.803859536842108	0.0	0.0	3	1.05	12.564290282509981	138.0	33	1.05	0.95				
	311	1	0.0	0.0	0.0	0.0	3	1.0085285414125948	17.408145394089203	230.0	33	1.05	0.95				
	312	1	0.0	0.0	0.0	0.0	3	1.0149012752625428	18.471623126918207	230.0	33	1.05	0.95				
	313	2	131.20056943157897	26.735210374736845	0.0	0.0	3	1.0198802926655945	23.86896088381161	230.0	34	1.05	0.95				
	314	2	96.04871875368421	19.308763048421056	0.0	0.0	3	1.0063548041469979	16.646609054677032	230.0	36	1.05	0.95				
	315	2	156.9455868294737	31.686175258947376	0.0	0.0	3	1.0281400170080517	11.505796426276419	230.0	36	1.05	0.95				
	316	2	49.50964884210527	9.901929768421054	0.0	0.0	3	1.0285580266133487	12.685103514473166	230.0	36	1.05	0.95				
	317	1	0.0	0.0	0.0	0.0	3	1.035058002253847	11.98707200045039	230.0	37	1.05	0.95				
	318	2	164.86713064421053	33.666561212631585	0.0	0.0	3	1.0331210564291722	10.281907911847277	230.0	37	1.05	0.95				
	319	1	89.61246440421054	18.31857007157895	0.0	0.0	3	1.0277098080243032	15.309842554819497	230.0	35	1.05	0.95				
	320	1	63.37235051789475	12.872508698947371	0.0	0.0	3	1.0281038374974547	16.96906372133173	230.0	35	1.05	0.95				
	321	2	0.0	0.0	0.0	0.0	3	1.033510585467333	11.280599135110249	230.0	37	1.05	0.95				
	322	2	0.0	0.0	0.0	0.0	3	1.0476475304959094	15.883686603550109	230.0	37	1.05	0.95				
	323	2	0.0	0.0	0.0	0.0	3	1.0276889723849778	17.470197441102183	230.0	35	1.05	0.95				
	324	1	0.0	0.0	0.0	0.0	3	1.0210291682323553	12.850650473074351	230.0	36	1.05	0.95				
	325	1	0.0	0.0	0.0	0.0	3	1.0308407456238748	17.154280971137723	230.0	35	1.05	0.95				
];
