%% MATPOWER Case Format : Version 2
function mpc = RTS_GMLC
mpc.version = '2';

%%-----  Power Flow Data  -----%%
%% system MVA base
mpc.baseMVA = 100.0;
%% bus data
%    bus_i    type    Pd    Qd    Gs    Bs    area    Vm    Va    baseKV    zone    Vmax    Vmin
mpc.bus = [
	101	2	59.98515586105264	12.219198416140351	0.0	0.0	1	1.033938799270604	1.2883941951132423	138.0	11	1.05	0.95				
	102	2	53.87555665298246	11.108362196491228	0.0	0.0	1	1.0337148944104446	1.1916880618536638	138.0	12	1.05	0.95				
	103	1	99.97525976842105	20.550470063508772	0.0	0.0	1	1.0258604401163336	-0.2687044929971177	138.0	11	1.05	0.95				
	104	1	41.100940127017545	8.331271647368421	0.0	0.0	1	1.0196892347018802	-2.0051778386545123	138.0	11	1.05	0.95				
	105	1	39.43468579754386	7.77585353754386	0.0	0.0	1	1.0344174827204584	-1.8822930870220977	138.0	11	1.05	0.95				
	106	1	75.53686293614035	15.55170707508772	0.0	-100.0	1	1.041948088632274	-4.1895617767011935	138.0	12	1.05	0.95				
	107	2	69.42726372807017	13.885452745614035	0.0	0.0	1	1.0272565919710166	-3.600961997236814	138.0	12	1.05	0.95				
	108	1	94.97649677999999	19.43963384385965	0.0	0.0	1	1.0178904771586952	-5.035695720578052	138.0	12	1.05	0.95				
	109	1	97.19816921929825	19.99505195368421	0.0	0.0	1	1.025645789220687	-2.3760844803680805	138.0	13	1.05	0.95				
	110	1	108.30653141578948	22.216724392982456	0.0	0.0	1	1.05	-3.348667185664743	138.0	13	1.05	0.95				
	111	1	0.0	0.0	0.0	0.0	1	1.0070395997175905	-0.4696610861924974	230.0	13	1.05	0.95				
	112	1	0.0	0.0	0.0	0.0	1	1.0113165972411238	0.04502993704445566	230.0	13	1.05	0.95				
	113	3	147.18579910350877	29.99257793052632	0.0	0.0	1	1.0013948832620625	9.267987178832141e-30	230.0	14	1.05	0.95				
	114	2	107.75111330596492	21.661306283157895	0.0	0.0	1	1.0056122768351918	1.6187415427388332	230.0	16	1.05	0.95				
	115	2	176.06754081438595	35.54675902877193	0.0	0.0	1	1.0414706076086613	8.383284697902853	230.0	16	1.05	0.95				
	116	2	55.54181098245614	11.108362196491228	0.0	0.0	1	1.037793458892889	7.843917889704146	230.0	16	1.05	0.95				
	117	1	0.0	0.0	0.0	0.0	1	1.0433489407548375	10.203557690268156	230.0	17	1.05	0.95				
	118	2	184.95423057157896	37.768431468070176	0.0	0.0	1	1.0462366261548688	10.143551127316469	230.0	17	1.05	0.95				
	119	1	100.53067787824561	20.550470063508772	0.0	0.0	1	1.0310604733218822	6.5753547917161645	230.0	15	1.05	0.95				
	120	1	71.09351805754386	14.440870855438598	0.0	0.0	1	1.0297448749354843	6.535537377548479	230.0	15	1.05	0.95				
	121	2	0.0	0.0	0.0	0.0	1	1.05	11.357945495514684	230.0	17	1.05	0.95				
	122	2	0.0	0.0	0.0	0.0	1	1.05	20.22330658525078	230.0	17	1.05	0.95				
	123	2	0.0	0.0	0.0	0.0	1	1.030158152327237	6.935812236584997	230.0	15	1.05	0.95				
	124	1	0.0	0.0	0.0	0.0	1	1.0246782379197592	5.163047709545122	230.0	16	1.05	0.95				
	201	2	59.51644893473684	12.123721079298246	0.0	0.0	2	1.0332469485967584	-8.095716391285444	138.0	21	1.05	0.95				
	202	2	53.45458839508772	11.021564617543861	0.0	0.0	2	1.0334247827749996	-8.158387098562677	138.0	22	1.05	0.95				
	203	1	99.19408155789475	20.38989454245614	0.0	0.0	2	1.023478069982994	-6.692543504170894	138.0	21	1.05	0.95				
	204	1	40.77978908491228	8.266173463157894	0.0	0.0	2	1.0189652811459422	-10.494365991022084	138.0	21	1.05	0.95				
	205	1	39.126554392280696	7.715095232280703	0.0	0.0	2	1.0344741354193292	-10.71088510414265	138.0	21	1.05	0.95				
	206	1	74.94663939929825	15.430190464561406	0.0	-100.0	2	1.0423658416112498	-12.7038059844363	138.0	22	1.05	0.95				
	207	2	68.88477885964912	13.776955771929824	0.0	0.0	2	0.988400037086882	-21.05545840076693	138.0	22	1.05	0.95				
	208	1	94.23437747999999	19.287738080701754	0.0	0.0	2	0.9909645722899368	-18.45080219085958	138.0	22	1.05	0.95				
	209	1	96.43869040350877	19.838816311578945	0.0	0.0	2	1.0238092923051914	-10.17031289156685	138.0	23	1.05	0.95				
	210	1	107.46025502105263	22.043129235087722	0.0	0.0	2	1.05	-11.62309287076561	138.0	23	1.05	0.95				
	211	1	0.0	0.0	0.0	0.0	2	1.011888853619738	-7.190477101170057	230.0	23	1.05	0.95				
	212	1	0.0	0.0	0.0	0.0	2	1.0127708854461779	-6.355842656993118	230.0	23	1.05	0.95				
	213	2	146.03573118245615	29.75822446736842	0.0	0.0	2	1.0096956124023013	-6.043167326612434	230.0	24	1.05	0.95				
	214	2	106.90917679017544	21.492051004210527	0.0	0.0	2	1.017398254286194	-4.4421017086132375	230.0	26	1.05	0.95				
	215	2	174.69179918807015	35.26900677614035	0.0	0.0	2	1.033090780890826	2.8165996653479297	230.0	26	1.05	0.95				
	216	2	55.1078230877193	11.021564617543861	0.0	0.0	2	1.0354599803886142	2.793087576718419	230.0	26	1.05	0.95				
	217	1	0.0	0.0	0.0	0.0	2	1.0394851490102763	5.668447701522754	230.0	27	1.05	0.95				
	218	2	183.50905088210527	37.473319699649124	0.0	0.0	2	1.0409463446857699	6.11448044846906	230.0	27	1.05	0.95				
	219	1	99.74515978877193	20.38989454245614	0.0	0.0	2	1.0349193797751717	2.1871129796906295	230.0	25	1.05	0.95				
	220	1	70.5380135522807	14.32803400280702	0.0	0.0	2	1.0387194680543204	2.713525091801191	230.0	25	1.05	0.95				
	221	2	0.0	0.0	0.0	0.0	2	1.04058420267461	5.773329572494115	230.0	27	1.05	0.95				
	222	2	0.0	0.0	0.0	0.0	2	1.05	12.235041816607644	230.0	27	1.05	0.95				
	223	2	0.0	0.0	0.0	0.0	2	1.0420341477428323	3.4105960979510326	230.0	25	1.05	0.95				
	224	1	0.0	0.0	0.0	0.0	2	1.017668065704395	-0.7467747362586207	230.0	26	1.05	0.95				
	301	2	49.71211643368421	10.126542236491227	0.0	0.0	3	1.0078193540824247	-17.385618135439334	138.0	31	1.05	0.95				
	302	2	44.64884531543859	9.205947487719298	0.0	0.0	3	1.0072708907275032	-17.50863847852194	138.0	32	1.05	0.95				
	303	1	82.85352738947368	17.031002852280704	0.0	0.0	3	1.0241487714350814	-11.394481328954209	138.0	31	1.05	0.95				
	304	1	34.06200570456141	6.904460615789473	0.0	0.0	3	1.0095389915226167	-15.996801622754958	138.0	31	1.05	0.95				
	305	1	32.68111358140351	6.444163241403509	0.0	0.0	3	1.0228599393349176	-16.77869628527945	138.0	31	1.05	0.95				
	306	1	62.600442916491225	12.888326482807019	0.0	-100.0	3	1.0393275047659103	-16.98083021061729	138.0	32	1.05	0.95				
	307	2	57.53717179824561	11.507434359649123	0.0	0.0	3	0.9930846464181474	-22.08803752431418	138.0	32	1.05	0.95				
	308	1	78.71085101999999	16.11040810350877	0.0	0.0	3	0.9982408623054534	-19.98700989079737	138.0	32	1.05	0.95				
	309	1	80.55204051754386	16.570705477894737	0.0	0.0	3	1.0261675591710413	-12.87689852081397	138.0	33	1.05	0.95				
	310	1	89.75798800526316	18.411894975438596	0.0	0.0	3	1.05	-14.691454057215143	138.0	33	1.05	0.95				
	311	1	0.0	0.0	0.0	0.0	3	1.0111237939634063	-8.419807324781996	230.0	33	1.05	0.95				
	312	1	0.0	0.0	0.0	0.0	3	1.012025387356756	-8.189661921931076	230.0	33	1.05	0.95				
	313	2	121.97880421228069	24.856058216842104	0.0	0.0	3	1.0125676209947923	-5.0912797234433835	230.0	34	1.05	0.95				
	314	2	89.29769063087718	17.951597601052633	0.0	0.0	3	1.018045072924525	-5.916136677222778	230.0	36	1.05	0.95				
	315	2	145.91426768035086	29.459031960701754	0.0	0.0	3	1.0443058262342737	0.01124739560945841	230.0	36	1.05	0.95				
	316	2	46.02973743859649	9.205947487719298	0.0	0.0	3	1.0427351516790029	0.33199197856367546	230.0	36	1.05	0.95				
	317	1	0.0	0.0	0.0	0.0	3	1.0488523027543035	3.3766079235959547	230.0	37	1.05	0.95				
	318	2	153.27902567052632	31.300221458245613	0.0	0.0	3	1.0477288816853876	2.9134769746102407	230.0	37	1.05	0.95				
	319	1	83.31382476385966	17.031002852280704	0.0	0.0	3	1.0359613260090244	-1.1637874243562802	230.0	35	1.05	0.95				
	320	1	58.91806392140351	11.967731734035087	0.0	0.0	3	1.0336104754748685	-1.5922922156091024	230.0	35	1.05	0.95				
	321	2	0.0	0.0	0.0	0.0	3	1.0497046984782479	3.4620441171897824	230.0	37	1.05	0.95				
	322	2	0.0	0.0	0.0	0.0	3	1.05	7.774100577224705	230.0	37	1.05	0.95				
	323	2	0.0	0.0	0.0	0.0	3	1.0329479821175684	-1.478933833150151	230.0	35	1.05	0.95				
	324	1	0.0	0.0	0.0	0.0	3	1.0224676840383682	-4.223162822962057	230.0	36	1.05	0.95				
	325	1	0.0	0.0	0.0	0.0	3	1.031010399476901	-0.39650073057263535	230.0	35	1.05	0.95				
];
