%% MATPOWER Case Format : Version 2
function mpc = RTS_GMLC
mpc.version = '2';

%%-----  Power Flow Data  -----%%
%% system MVA base
mpc.baseMVA = 100.0;
%% bus data
%    bus_i    type    Pd    Qd    Gs    Bs    area    Vm    Va    baseKV    zone    Vmax    Vmin
mpc.bus = [
	101	2	39.063829793684214	7.95744680982456	0.0	0.0	1	1.021249068421455	-2.2979167686134745	138.0	11	1.05	0.95				
	102	2	35.085106388771926	7.234042554385965	0.0	0.0	1	1.0204583446115123	-2.4983523499521363	138.0	12	1.05	0.95				
	103	1	65.10638298947367	13.382978725614034	0.0	0.0	1	1.031190226407884	0.020829165911177363	138.0	11	1.05	0.95				
	104	1	26.76595745122807	5.425531915789473	0.0	0.0	1	1.0203869868532696	-3.0746348295188772	138.0	11	1.05	0.95				
	105	1	25.680851068070172	5.0638297880701755	0.0	0.0	1	1.031270753193064	-3.9866138780352602	138.0	11	1.05	0.95				
	106	1	49.19148936982456	10.127659576140351	0.0	-100.0	1	1.0450514640424649	-5.358377534920261	138.0	12	1.05	0.95				
	107	2	45.21276596491228	9.042553192982455	0.0	0.0	1	1.00316782433339	-9.16266686115263	138.0	12	1.05	0.95				
	108	1	61.851063839999995	12.659574470175436	0.0	0.0	1	1.0083143070391336	-8.017884587477837	138.0	12	1.05	0.95				
	109	1	63.297872350877185	13.021276597894735	0.0	0.0	1	1.0249586810950058	-3.0718167493783697	138.0	13	1.05	0.95				
	110	1	70.53191490526315	14.46808510877193	0.0	0.0	1	1.05	-4.5246838161131935	138.0	13	1.05	0.95				
	111	1	0.0	0.0	0.0	0.0	1	1.0018992752843154	-1.177545677622784	230.0	13	1.05	0.95				
	112	1	0.0	0.0	0.0	0.0	1	1.0061147863499051	-1.506127354376918	230.0	13	1.05	0.95				
	113	3	95.85106384561402	19.531914896842107	0.0	0.0	1	0.9942917633248742	-3.5411782468969353e-28	230.0	14	1.05	0.95				
	114	2	70.17021277754385	14.106382981052631	0.0	0.0	1	0.9980231896360053	0.5745271370614342	230.0	16	1.05	0.95				
	115	2	114.65957448701754	23.148936174035086	0.0	0.0	1	1.030549575988047	6.153135244702351	230.0	16	1.05	0.95				
	116	2	36.17021277192982	7.234042554385965	0.0	0.0	1	1.0262189380762223	5.14850141581485	230.0	16	1.05	0.95				
	117	1	0.0	0.0	0.0	0.0	1	1.0346456062183604	8.328935941613524	230.0	17	1.05	0.95				
	118	2	120.44680853052631	24.59574468491228	0.0	0.0	1	1.0377805269027458	8.997388734726375	230.0	17	1.05	0.95				
	119	1	65.46808511719297	13.382978725614034	0.0	0.0	1	1.0171957904715292	3.177892884303685	230.0	15	1.05	0.95				
	120	1	46.29787234807017	9.404255320701754	0.0	0.0	1	1.011302795028659	1.637436165180216	230.0	15	1.05	0.95				
	121	2	0.0	0.0	0.0	0.0	1	1.0401222386122033	10.207440656845572	230.0	17	1.05	0.95				
	122	2	0.0	0.0	0.0	0.0	1	1.05	16.046443605711247	230.0	17	1.05	0.95				
	123	2	0.0	0.0	0.0	0.0	1	1.008414825643083	1.0729562063558915	230.0	15	1.05	0.95				
	124	1	0.0	0.0	0.0	0.0	1	1.0225070553267053	3.8332934965253043	230.0	16	1.05	0.95				
	201	2	39.966629949473685	8.141350545263158	0.0	0.0	2	1.016835367569603	-10.466553323434502	138.0	21	1.05	0.95				
	202	2	35.89595467684211	7.401227768421053	0.0	0.0	2	1.016007748892058	-10.701349859839215	138.0	22	1.05	0.95				
	203	1	66.61104991578948	13.692271371578949	0.0	0.0	2	1.014856660017794	-8.149816063657324	138.0	21	1.05	0.95				
	204	1	27.384542743157898	5.55092082631579	0.0	0.0	2	1.0142062274443289	-10.26340432764624	138.0	21	1.05	0.95				
	205	1	26.274358577894734	5.180859437894737	0.0	0.0	2	1.0290135198302668	-10.545613891760901	138.0	21	1.05	0.95				
	206	1	50.328348825263156	10.361718875789474	0.0	-100.0	2	1.0441148541439387	-11.068110032814905	138.0	22	1.05	0.95				
	207	2	46.25767355263158	9.251534710526316	0.0	0.0	2	0.999882367396567	-15.489342231218581	138.0	22	1.05	0.95				
	208	1	63.28049742	12.952148594736842	0.0	0.0	2	1.0052051562306534	-13.843284473571403	138.0	22	1.05	0.95				
	209	1	64.76074297368422	13.322209983157896	0.0	0.0	2	1.0230254278602742	-8.369437345261801	138.0	23	1.05	0.95				
	210	1	72.16197074210527	14.802455536842105	0.0	0.0	2	1.05	-9.433232850482922	138.0	23	1.05	0.95				
	211	1	0.0	0.0	0.0	0.0	2	1.0002646922427758	-6.613587461544043	230.0	23	1.05	0.95				
	212	1	0.0	0.0	0.0	0.0	2	1.0069630399923692	-2.635500060308558	230.0	23	1.05	0.95				
	213	2	98.06626793157895	19.983314974736842	0.0	0.0	2	0.9920364785678295	-5.083464371933666	230.0	24	1.05	0.95				
	214	2	71.79190935368422	14.432394148421052	0.0	0.0	2	0.9952525026080203	-5.501439478299778	230.0	26	1.05	0.95				
	215	2	117.30946012947368	23.683928858947368	0.0	0.0	2	1.0127176828069235	-0.514628367644457	230.0	26	1.05	0.95				
	216	2	37.006138842105265	7.401227768421053	0.0	0.0	2	1.0103123536530063	-1.6383728972580338	230.0	26	1.05	0.95				
	217	1	0.0	0.0	0.0	0.0	2	1.0166051859746656	0.040105582821502	230.0	27	1.05	0.95				
	218	2	123.23044234421052	25.164174412631578	0.0	0.0	2	1.016591859788912	-0.1721297546285406	230.0	27	1.05	0.95				
	219	1	66.98111130421053	13.692271371578949	0.0	0.0	2	1.006400976394414	-2.6787864847798897	230.0	25	1.05	0.95				
	220	1	47.367857717894736	9.621596098947368	0.0	0.0	2	1.0054569556306534	-2.833614638589788	230.0	25	1.05	0.95				
	221	2	0.0	0.0	0.0	0.0	2	1.0188435472986346	0.5164260189164501	230.0	27	1.05	0.95				
	222	2	0.0	0.0	0.0	0.0	2	1.0406562536205426	6.938621186067841	230.0	27	1.05	0.95				
	223	2	0.0	0.0	0.0	0.0	2	1.0052618171988614	-2.620384572998935	230.0	25	1.05	0.95				
	224	1	0.0	0.0	0.0	0.0	2	1.0039464125915198	-3.4097850099614284	230.0	26	1.05	0.95				
	301	2	53.846251200000005	10.9686808	0.0	0.0	3	1.0065103064289902	3.4401354052110253	138.0	31	1.05	0.95				
	302	2	48.3619108	9.971528000000001	0.0	0.0	3	1.005713393721244	3.181132275257189	138.0	32	1.05	0.95				
	303	1	89.743752	18.4473268	0.0	0.0	3	1.0387140444453937	13.016877780357472	138.0	31	1.05	0.95				
	304	1	36.8946536	7.4786459999999995	0.0	0.0	3	1.0070124193595698	4.156718106050517	138.0	31	1.05	0.95				
	305	1	35.3989244	6.980069600000001	0.0	0.0	3	1.0218012510568852	3.5735697353349707	138.0	31	1.05	0.95				
	306	1	67.8063904	13.960139200000002	0.0	-100.0	3	1.0378558237028557	3.0581687435655307	138.0	32	1.05	0.95				
	307	2	62.32205	12.464409999999999	0.0	0.0	3	0.9906074167017133	-0.8216527212342467	138.0	32	1.05	0.95				
	308	1	85.25656439999999	17.450174	0.0	0.0	3	1.0000419978670074	1.398415508520323	138.0	32	1.05	0.95				
	309	1	87.25086999999999	17.948750399999998	0.0	0.0	3	1.0238309047850047	7.009892062799591	138.0	33	1.05	0.95				
	310	1	97.22239799999998	19.943056000000002	0.0	0.0	3	1.05	5.312250117406509	138.0	33	1.05	0.95				
	311	1	0.0	0.0	0.0	0.0	3	1.0074860401015138	8.849292552778516	230.0	33	1.05	0.95				
	312	1	0.0	0.0	0.0	0.0	3	1.0138631276620287	10.27163421758265	230.0	33	1.05	0.95				
	313	2	132.12274599999998	26.923125600000002	0.0	0.0	3	1.0135797370307396	14.206702050630811	230.0	34	1.05	0.95				
	314	2	96.7238216	19.4444796	0.0	0.0	3	1.002130794549976	6.917381033689309	230.0	36	1.05	0.95				
	315	2	158.0487188	31.908889600000002	0.0	0.0	3	1.0302557940907995	3.40019675848084	230.0	36	1.05	0.95				
	316	2	49.857639999999996	9.971528000000001	0.0	0.0	3	1.0234172904035945	3.528957033758613	230.0	36	1.05	0.95				
	317	1	0.0	0.0	0.0	0.0	3	1.027569506910718	3.0573332051176703	230.0	37	1.05	0.95				
	318	2	166.0259412	33.9031952	0.0	0.0	3	1.0259311749805369	2.1905340650169816	230.0	37	1.05	0.95				
	319	1	90.24232839999999	18.4473268	0.0	0.0	3	1.0181928429576648	4.7419686539207335	230.0	35	1.05	0.95				
	320	1	63.817779200000004	12.962986400000002	0.0	0.0	3	1.0179879189272905	6.766158149980825	230.0	35	1.05	0.95				
	321	2	0.0	0.0	0.0	0.0	3	1.0294278352319302	3.1528315551888557	230.0	37	1.05	0.95				
	322	2	0.0	0.0	0.0	0.0	3	1.0420897972818195	7.487904023443192	230.0	37	1.05	0.95				
	323	2	0.0	0.0	0.0	0.0	3	1.018990809639482	8.021875829930533	230.0	35	1.05	0.95				
	324	1	0.0	0.0	0.0	0.0	3	1.032147633957657	8.2097726240641	230.0	36	1.05	0.95				
	325	1	0.0	0.0	0.0	0.0	3	1.0211831257948174	8.218965019778699	230.0	35	1.05	0.95				
];
