%% MATPOWER Case Format : Version 2
function mpc = RTS_GMLC
mpc.version = '2';

%%-----  Power Flow Data  -----%%
%% system MVA base
mpc.baseMVA = 100.0;
%% bus data
%    bus_i    type    Pd    Qd    Gs    Bs    area    Vm    Va    baseKV    zone    Vmax    Vmin
mpc.bus = [
	101	2	46.83918853894737	9.54131618385965	0.0	0.0	1	1.0328952123449553	2.6257336299251417	138.0	11	1.05	0.95				
	102	2	42.068530447017544	8.673923803508773	0.0	0.0	1	1.032495465572031	2.506581683527726	138.0	12	1.05	0.95				
	103	1	78.06531423157895	16.046759036491228	0.0	0.0	1	1.027841291448164	-0.27774156334716144	138.0	11	1.05	0.95				
	104	1	32.093518072982455	6.505442852631578	0.0	0.0	1	1.0212337741024091	-0.8321938767342094	138.0	11	1.05	0.95				
	105	1	30.792429502456137	6.071746662456141	0.0	0.0	1	1.0354573862114451	-0.5374287397394676	138.0	11	1.05	0.95				
	106	1	58.98268186385965	12.143493324912281	0.0	-100.0	1	1.0450715504728687	-2.749959254112205	138.0	12	1.05	0.95				
	107	2	54.21202377192982	10.842404754385965	0.0	0.0	1	1.0132339718310417	-4.576327280082601	138.0	12	1.05	0.95				
	108	1	74.16204852	15.17936665614035	0.0	0.0	1	1.0130476128835904	-4.8951879426484455	138.0	12	1.05	0.95				
	109	1	75.89683328070176	15.61306284631579	0.0	0.0	1	1.0254232846428992	-1.8057517295853411	138.0	13	1.05	0.95				
	110	1	84.57075708421053	17.347847607017545	0.0	0.0	1	1.05	-2.3751598757222996	138.0	13	1.05	0.95				
	111	1	0.0	0.0	0.0	0.0	1	1.0033927538790495	-0.4482282724497314	230.0	13	1.05	0.95				
	112	1	0.0	0.0	0.0	0.0	1	1.008805896807	0.28086282919215333	230.0	13	1.05	0.95				
	113	3	114.92949039649123	23.419594269473684	0.0	0.0	1	0.9948584037032887	3.809458971588697e-29	230.0	14	1.05	0.95				
	114	2	84.13706089403509	16.914151416842106	0.0	0.0	1	0.9988068851018789	0.9302178537331819	230.0	16	1.05	0.95				
	115	2	137.48169228561403	27.75655617122807	0.0	0.0	1	1.0381160184336686	5.349870894474968	230.0	16	1.05	0.95				
	116	2	43.36961901754386	8.673923803508773	0.0	0.0	1	1.0335070607664416	5.388737231396275	230.0	16	1.05	0.95				
	117	1	0.0	0.0	0.0	0.0	1	1.0422528552622436	6.505029459091774	230.0	17	1.05	0.95				
	118	2	144.42083132842106	29.491340931929827	0.0	0.0	1	1.0450209005863889	6.171163206510855	230.0	17	1.05	0.95				
	119	1	78.49901042175439	16.046759036491228	0.0	0.0	1	1.0278581590394598	5.145008518522231	230.0	15	1.05	0.95				
	120	1	55.51311234245614	11.276100944561405	0.0	0.0	1	1.025862197449081	5.7769088930833	230.0	15	1.05	0.95				
	121	2	0.0	0.0	0.0	0.0	1	1.05	6.848128123310328	230.0	17	1.05	0.95				
	122	2	0.0	0.0	0.0	0.0	1	1.05	13.533925242786102	230.0	17	1.05	0.95				
	123	2	0.0	0.0	0.0	0.0	1	1.0255052423886035	6.460862090735645	230.0	15	1.05	0.95				
	124	1	0.0	0.0	0.0	0.0	1	1.026356618683052	3.2514800522739806	230.0	16	1.05	0.95				
	201	2	50.353533776842106	10.25720132491228	0.0	0.0	2	1.0303722603477472	-6.412870898876184	138.0	21	1.05	0.95				
	202	2	45.22493311438596	9.324728477192982	0.0	0.0	2	1.0307644250749217	-6.399641617958129	138.0	22	1.05	0.95				
	203	1	83.92255629473684	17.250747682807017	0.0	0.0	2	1.021561839556891	-5.802729541818873	138.0	21	1.05	0.95				
	204	1	34.50149536561403	6.993546357894736	0.0	0.0	2	1.0190624569623656	-8.790309665325559	138.0	21	1.05	0.95				
	205	1	33.10278609403509	6.527309934035087	0.0	0.0	2	1.0341678111593329	-8.948616820896055	138.0	21	1.05	0.95				
	206	1	63.40815364491228	13.054619868070175	0.0	-100.0	2	1.0441395427926048	-10.811547235778544	138.0	22	1.05	0.95				
	207	2	58.27955298245614	11.655910596491227	0.0	0.0	2	0.988203545690785	-17.86234158275977	138.0	22	1.05	0.95				
	208	1	79.72642848	16.318274835087717	0.0	0.0	2	0.9945374354979949	-15.732056468940623	138.0	22	1.05	0.95				
	209	1	81.59137417543859	16.784511258947365	0.0	0.0	2	1.0232158048354723	-8.846251794704765	138.0	23	1.05	0.95				
	210	1	90.91610265263157	18.649456954385965	0.0	0.0	2	1.05	-10.037901015410554	138.0	23	1.05	0.95				
	211	1	0.0	0.0	0.0	0.0	2	1.007130184841639	-6.309782355427173	230.0	23	1.05	0.95				
	212	1	0.0	0.0	0.0	0.0	2	1.0112880745135002	-5.978508372304257	230.0	23	1.05	0.95				
	213	2	123.552652322807	25.176766888421053	0.0	0.0	2	1.0013561276903271	-5.706816419018608	230.0	24	1.05	0.95				
	214	2	90.44986622877192	18.183220530526313	0.0	0.0	2	1.009469649815204	-3.611182922824349	230.0	26	1.05	0.95				
	215	2	147.79694636350877	29.83913112701754	0.0	0.0	2	1.0297393299781568	3.248273987403899	230.0	26	1.05	0.95				
	216	2	46.62364238596491	9.324728477192982	0.0	0.0	2	1.0320671807399848	2.989479677108272	230.0	26	1.05	0.95				
	217	1	0.0	0.0	0.0	0.0	2	1.0368168248856804	5.971314123973889	230.0	27	1.05	0.95				
	218	2	155.25672914526314	31.70407682245614	0.0	0.0	2	1.0388094844566464	6.603278339535225	230.0	27	1.05	0.95				
	219	1	84.38879271859648	17.250747682807017	0.0	0.0	2	1.0318612026114404	1.6020373118443716	230.0	25	1.05	0.95				
	220	1	59.67826225403508	12.122147020350877	0.0	0.0	2	1.0352455639595795	1.2977240611724699	230.0	25	1.05	0.95				
	221	2	0.0	0.0	0.0	0.0	2	1.038336830065915	6.2370673131697085	230.0	27	1.05	0.95				
	222	2	0.0	0.0	0.0	0.0	2	1.05	12.633150561763365	230.0	27	1.05	0.95				
	223	2	0.0	0.0	0.0	0.0	2	1.0377729094746946	1.4813761557089804	230.0	25	1.05	0.95				
	224	1	0.0	0.0	0.0	0.0	2	1.015414513687091	-0.14757991790202893	230.0	26	1.05	0.95				
	301	2	65.39449539789473	13.321100914385964	0.0	0.0	3	1.0110172715983865	-31.33615159030226	138.0	31	1.05	0.95				
	302	2	58.733944940701754	12.110091740350876	0.0	0.0	3	1.0098566408623717	-31.59114093333541	138.0	32	1.05	0.95				
	303	1	108.99082566315789	22.403669719649123	0.0	0.0	3	1.038710586001912	-20.11170686928814	138.0	31	1.05	0.95				
	304	1	44.80733943929825	9.082568805263156	0.0	0.0	3	1.008226030536058	-29.71491280475507	138.0	31	1.05	0.95				
	305	1	42.990825678245606	8.477064218245614	0.0	0.0	3	1.0225166557080922	-31.174818933936308	138.0	31	1.05	0.95				
	306	1	82.34862383438598	16.954128436491228	0.0	-100.0	3	1.0356947361279156	-31.757213703005686	138.0	32	1.05	0.95				
	307	2	75.68807337719298	15.137614675438597	0.0	0.0	3	0.9925576298966647	-37.39683371827267	138.0	32	1.05	0.95				
	308	1	103.54128438	21.192660545614032	0.0	0.0	3	0.9925883355099148	-35.03773710846539	138.0	32	1.05	0.95				
	309	1	105.96330272807018	21.798165132631578	0.0	0.0	3	1.0279498586419331	-25.714992310872965	138.0	33	1.05	0.95				
	310	1	118.07339446842104	24.220183480701753	0.0	0.0	3	1.05	-29.069928246030905	138.0	33	1.05	0.95				
	311	1	0.0	0.0	0.0	0.0	3	1.019538166112252	-21.881141746953755	230.0	33	1.05	0.95				
	312	1	0.0	0.0	0.0	0.0	3	1.0192512768380988	-21.325860669387264	230.0	33	1.05	0.95				
	313	2	160.4587155596491	32.697247698947365	0.0	0.0	3	1.0259207256806906	-18.50845260454835	230.0	34	1.05	0.95				
	314	2	117.46788988140351	23.61467889368421	0.0	0.0	3	1.0306174719769419	-19.367996632117883	230.0	36	1.05	0.95				
	315	2	191.9449540845614	38.752293569122806	0.0	0.0	3	1.0489511591948006	-12.314992841724006	230.0	36	1.05	0.95				
	316	2	60.55045870175439	12.110091740350876	0.0	0.0	3	1.0491830226576353	-12.182979485073657	230.0	36	1.05	0.95				
	317	1	0.0	0.0	0.0	0.0	3	1.0498518059972068	-9.453856713201779	230.0	37	1.05	0.95				
	318	2	201.63302747684207	41.17431191719299	0.0	0.0	3	1.0487933579793904	-9.066904528264995	230.0	37	1.05	0.95				
	319	1	109.59633025017543	22.403669719649123	0.0	0.0	3	1.0456481458245177	-13.57050370524579	230.0	35	1.05	0.95				
	320	1	77.50458713824561	15.74311926245614	0.0	0.0	3	1.0476200523075396	-13.646171230809658	230.0	35	1.05	0.95				
	321	2	0.0	0.0	0.0	0.0	3	1.05	-8.611602524585956	230.0	37	1.05	0.95				
	322	2	0.0	0.0	0.0	0.0	3	1.05	-4.137399646267271	230.0	37	1.05	0.95				
	323	2	0.0	0.0	0.0	0.0	3	1.0499999719584223	-13.245503461440297	230.0	35	1.05	0.95				
	324	1	0.0	0.0	0.0	0.0	3	1.0350186935054597	-15.231717140829783	230.0	36	1.05	0.95				
	325	1	0.0	0.0	0.0	0.0	3	1.0425128866290756	-11.615742536236196	230.0	35	1.05	0.95				
];
