%% MATPOWER Case Format : Version 2
function mpc = RTS_GMLC
mpc.version = '2';

%%-----  Power Flow Data  -----%%
%% system MVA base
mpc.baseMVA = 100.0;
%% bus data
%    bus_i    type    Pd    Qd    Gs    Bs    area    Vm    Va    baseKV    zone    Vmax    Vmin
mpc.bus = [
	101	2	48.415635814736845	9.86244433263158	0.0	0.0	1	1.0328597802707609	2.333315897330203	138.0	11	1.05	0.95				
	102	2	43.48441364842105	8.965858484210527	0.0	0.0	1	1.0324513195215954	2.2154758288913086	138.0	12	1.05	0.95				
	103	1	80.69272635789474	16.586838195789472	0.0	0.0	1	1.0275270984783305	-0.5388248645221738	138.0	11	1.05	0.95				
	104	1	33.173676391578944	6.724393863157895	0.0	0.0	1	1.0210371077202107	-1.0586090104577175	138.0	11	1.05	0.95				
	105	1	31.828797618947362	6.276100938947368	0.0	0.0	1	1.0352972370909133	-0.7717567212796793	138.0	11	1.05	0.95				
	106	1	60.967837692631576	12.552201877894737	0.0	-100.0	1	1.0447004057467122	-2.9637422757127956	138.0	12	1.05	0.95				
	107	2	56.03661552631579	11.207323105263157	0.0	0.0	1	1.0161218235799616	-3.7101921488734533	138.0	12	1.05	0.95				
	108	1	76.65809003999999	15.69025234736842	0.0	0.0	1	1.014470971244061	-4.4971784319517205	138.0	12	1.05	0.95				
	109	1	78.4512617368421	16.13854527157895	0.0	0.0	1	1.0255265090639272	-1.920139885833315	138.0	13	1.05	0.95				
	110	1	87.41712022105263	17.931716968421053	0.0	0.0	1	1.05	-2.504399205975917	138.0	13	1.05	0.95				
	111	1	0.0	0.0	0.0	0.0	1	1.0036607094696137	-0.5651235956802879	230.0	13	1.05	0.95				
	112	1	0.0	0.0	0.0	0.0	1	1.0090967550433163	0.22340094224249984	230.0	13	1.05	0.95				
	113	3	118.79762491578947	24.207817907368423	0.0	0.0	1	0.9955398640685443	-6.934265243116173e-29	230.0	14	1.05	0.95				
	114	2	86.9688272968421	17.483424044210526	0.0	0.0	1	0.9989288745760144	0.7149052118737489	230.0	16	1.05	0.95				
	115	2	142.10885697473682	28.690747149473683	0.0	0.0	1	1.0386149397112396	5.131987324616365	230.0	16	1.05	0.95				
	116	2	44.82929242105263	8.965858484210527	0.0	0.0	1	1.0338615589531188	5.128937096860163	230.0	16	1.05	0.95				
	117	1	0.0	0.0	0.0	0.0	1	1.0424255108976637	6.100123365482218	230.0	17	1.05	0.95				
	118	2	149.28154376210526	30.483918846315788	0.0	0.0	1	1.0450277498774314	5.705391405739801	230.0	17	1.05	0.95				
	119	1	81.14101928210526	16.586838195789472	0.0	0.0	1	1.0281074017437106	4.9607871006509265	230.0	15	1.05	0.95				
	120	1	57.381494298947366	11.655616029473684	0.0	0.0	1	1.0261968267243016	5.686315964104422	230.0	15	1.05	0.95				
	121	2	0.0	0.0	0.0	0.0	1	1.05	6.356565814921907	230.0	17	1.05	0.95				
	122	2	0.0	0.0	0.0	0.0	1	1.05	13.006869475434828	230.0	17	1.05	0.95				
	123	2	0.0	0.0	0.0	0.0	1	1.0259890100814302	6.4324431110547575	230.0	15	1.05	0.95				
	124	1	0.0	0.0	0.0	0.0	1	1.0265073148200863	3.0195183998807673	230.0	16	1.05	0.95				
	201	2	48.330552505263164	9.845112547368421	0.0	0.0	2	1.03008673689398	-5.238982166644573	138.0	21	1.05	0.95				
	202	2	43.40799623157895	8.950102315789476	0.0	0.0	2	1.0304596282941518	-5.220788233979674	138.0	22	1.05	0.95				
	203	1	80.55092084210527	16.55768928421053	0.0	0.0	2	1.022843704067271	-4.889405548112807	138.0	21	1.05	0.95				
	204	1	33.11537856842106	6.712576736842106	0.0	0.0	2	1.0193648153228203	-7.682576147694262	138.0	21	1.05	0.95				
	205	1	31.77286322105263	6.265071621052633	0.0	0.0	2	1.0342455590209751	-7.8137355296743864	138.0	21	1.05	0.95				
	206	1	60.86069574736843	12.530143242105266	0.0	-100.0	2	1.0445630617541497	-9.6818804051973	138.0	22	1.05	0.95				
	207	2	55.93813947368421	11.187627894736844	0.0	0.0	2	0.9877973081573196	-16.46990234200604	138.0	22	1.05	0.95				
	208	1	76.5233748	15.662679052631578	0.0	0.0	2	0.9951482256058078	-14.445417540977116	138.0	22	1.05	0.95				
	209	1	78.3133952631579	16.110184168421053	0.0	0.0	2	1.0234051814505658	-7.872051049131044	138.0	23	1.05	0.95				
	210	1	87.26349757894737	17.90020463157895	0.0	0.0	2	1.05	-9.000653689289098	138.0	23	1.05	0.95				
	211	1	0.0	0.0	0.0	0.0	2	1.0060896159231085	-5.493093162603085	230.0	23	1.05	0.95				
	212	1	0.0	0.0	0.0	0.0	2	1.0112404509453385	-5.2356701314491625	230.0	23	1.05	0.95				
	213	2	118.58885568421054	24.165276252631582	0.0	0.0	2	0.9995359264671083	-4.9904944097446835	230.0	24	1.05	0.95				
	214	2	86.8159924631579	17.452699515789476	0.0	0.0	2	1.0073771364722446	-2.8844697063390825	230.0	26	1.05	0.95				
	215	2	141.85912170526316	28.640327410526318	0.0	0.0	2	1.029913102221295	3.7128641493942043	230.0	26	1.05	0.95				
	216	2	44.750511578947375	8.950102315789476	0.0	0.0	2	1.032069756054955	3.452856342523905	230.0	26	1.05	0.95				
	217	1	0.0	0.0	0.0	0.0	2	1.037020211754007	6.378571000316425	230.0	27	1.05	0.95				
	218	2	149.01920355789474	30.430347873684216	0.0	0.0	2	1.039073573753225	7.057675186876878	230.0	27	1.05	0.95				
	219	1	80.99842595789475	16.55768928421053	0.0	0.0	2	1.0321263255435382	1.9824694403455632	230.0	25	1.05	0.95				
	220	1	57.280654821052636	11.635133010526317	0.0	0.0	2	1.0355718933359743	1.5708724765799902	230.0	25	1.05	0.95				
	221	2	0.0	0.0	0.0	0.0	2	1.0385327628194372	6.692613457509347	230.0	27	1.05	0.95				
	222	2	0.0	0.0	0.0	0.0	2	1.05	13.069936230151914	230.0	27	1.05	0.95				
	223	2	0.0	0.0	0.0	0.0	2	1.0380367158929116	1.6818873437925907	230.0	25	1.05	0.95				
	224	1	0.0	0.0	0.0	0.0	2	1.0164987385604825	0.48236015437130836	230.0	26	1.05	0.95				
	301	2	62.25118632000001	12.680797213333333	0.0	0.0	3	1.008074957865412	-34.864778093151884	138.0	31	1.05	0.95				
	302	2	55.910787713333335	11.527997466666667	0.0	0.0	3	1.007323052193193	-35.041280791128266	138.0	32	1.05	0.95				
	303	1	103.7519772	21.32679531333333	0.0	0.0	3	1.0261826810869121	-26.504439731001348	138.0	31	1.05	0.95				
	304	1	42.65359062666666	8.6459981	0.0	0.0	3	1.0073021931554311	-33.14828953342744	138.0	31	1.05	0.95				
	305	1	40.92439100666666	8.069598226666667	0.0	0.0	3	1.0212108374724265	-34.18922761908665	138.0	31	1.05	0.95				
	306	1	78.39038277333333	16.139196453333334	0.0	-100.0	3	1.0358732966453503	-34.45726458387134	138.0	32	1.05	0.95				
	307	2	72.04998416666666	14.409996833333333	0.0	0.0	3	0.9952600205759243	-39.04639311507749	138.0	32	1.05	0.95				
	308	1	98.56437833999999	20.173995566666665	0.0	0.0	3	0.9959997469736119	-37.2025804464282	138.0	32	1.05	0.95				
	309	1	100.86997783333334	20.75039544	0.0	0.0	3	1.0272165316780335	-29.2513866828934	138.0	33	1.05	0.95				
	310	1	112.3979753	23.055994933333334	0.0	0.0	3	1.05	-31.66302974553592	138.0	33	1.05	0.95				
	311	1	0.0	0.0	0.0	0.0	3	1.018217022562949	-24.42720793212327	230.0	33	1.05	0.95				
	312	1	0.0	0.0	0.0	0.0	3	1.0177121581933792	-23.875469432507114	230.0	33	1.05	0.95				
	313	2	152.7459664333333	31.125593160000005	0.0	0.0	3	1.0253182109618642	-20.826575618887475	230.0	34	1.05	0.95				
	314	2	111.82157542666667	22.479595059999998	0.0	0.0	3	1.0297604979673958	-21.605342690594505	230.0	36	1.05	0.95				
	315	2	182.71875984666664	36.88959189333333	0.0	0.0	3	1.0486768482574664	-14.430415498495064	230.0	36	1.05	0.95				
	316	2	57.63998733333333	11.527997466666667	0.0	0.0	3	1.0489283071289122	-14.171856458791563	230.0	36	1.05	0.95				
	317	1	0.0	0.0	0.0	0.0	3	1.0493965033161503	-11.292006093740214	230.0	37	1.05	0.95				
	318	2	191.94115782	39.195191386666664	0.0	0.0	3	1.0493139681275208	-10.67910182206316	230.0	37	1.05	0.95				
	319	1	104.32837707333333	21.32679531333333	0.0	0.0	3	1.045807615542094	-15.461881652403914	230.0	35	1.05	0.95				
	320	1	73.77918378666666	14.986396706666666	0.0	0.0	3	1.0477609408003221	-15.50620862948465	230.0	35	1.05	0.95				
	321	2	0.0	0.0	0.0	0.0	3	1.05	-10.285904449551982	230.0	37	1.05	0.95				
	322	2	0.0	0.0	0.0	0.0	3	1.05	-4.90469125454313	230.0	37	1.05	0.95				
	323	2	0.0	0.0	0.0	0.0	3	1.05	-15.109155886097684	230.0	35	1.05	0.95				
	324	1	0.0	0.0	0.0	0.0	3	1.0250177868482369	-18.9048341460779	230.0	36	1.05	0.95				
	325	1	0.0	0.0	0.0	0.0	3	1.0415970319777839	-13.374079338525313	230.0	35	1.05	0.95				
];
