%% MATPOWER Case Format : Version 2
function mpc = RTS_GMLC
mpc.version = '2';

%%-----  Power Flow Data  -----%%
%% system MVA base
mpc.baseMVA = 100.0;
%% bus data
%    bus_i    type    Pd    Qd    Gs    Bs    area    Vm    Va    baseKV    zone    Vmax    Vmin
mpc.bus = [
	101	2	55.56308756210526	11.318406725614032	0.0	0.0	1	1.0499999984434092	2.8264038746118647	138.0	11	1.05	0.95				
	102	2	49.90388419929824	10.289460659649121	0.0	0.0	1	1.0490626766690534	2.4935439105499064	138.0	12	1.05	0.95				
	103	1	92.60514593684209	19.035502220350875	0.0	0.0	1	1.0297340100070622	-0.38427617304863043	138.0	11	1.05	0.95				
	104	1	38.07100444070175	7.71709549473684	0.0	0.0	1	1.0289031936205653	-1.206439865419701	138.0	11	1.05	0.95				
	105	1	36.527585341754374	7.202622461754385	0.0	0.0	1	1.0422100995026014	-1.3545857592665624	138.0	11	1.05	0.95				
	106	1	69.96833248561403	14.40524492350877	0.0	-100.0	1	1.046051441819831	-4.260150659106008	138.0	12	1.05	0.95				
	107	2	64.30912912280701	12.861825824561402	0.0	0.0	1	0.9999273131329154	-11.015143691446434	138.0	12	1.05	0.95				
	108	1	87.97488863999999	18.00655615438596	0.0	0.0	1	1.000885032095459	-9.488842788166856	138.0	12	1.05	0.95				
	109	1	90.03278077192981	18.521029187368416	0.0	0.0	1	1.024727734645198	-3.2033841084489905	138.0	13	1.05	0.95				
	110	1	100.32224143157893	20.578921319298242	0.0	0.0	1	1.05	-4.055298254047711	138.0	13	1.05	0.95				
	111	1	0.0	0.0	0.0	0.0	1	1.0055085649220594	-1.2831159402230448	230.0	13	1.05	0.95				
	112	1	0.0	0.0	0.0	0.0	1	1.009641760542595	-1.1826302120168892	230.0	13	1.05	0.95				
	113	3	136.33535374035085	27.78154378105263	0.0	0.0	1	1.0002865784358983	3.2897533216931018e-31	230.0	14	1.05	0.95				
	114	2	99.80776839859648	20.064448286315788	0.0	0.0	1	1.0023741659488654	0.05935931975049253	230.0	16	1.05	0.95				
	115	2	163.08795145543857	32.92627411087719	0.0	0.0	1	1.0340307109745694	5.579509915623561	230.0	16	1.05	0.95				
	116	2	51.44730329824561	10.289460659649121	0.0	0.0	1	1.0304473177297677	5.0426435714881235	230.0	16	1.05	0.95				
	117	1	0.0	0.0	0.0	0.0	1	1.0375829391499425	7.8771595783803035	230.0	17	1.05	0.95				
	118	2	171.31951998315787	34.984166242807014	0.0	0.0	1	1.040343569359952	8.266043789668311	230.0	17	1.05	0.95				
	119	1	93.11961896982454	19.035502220350875	0.0	0.0	1	1.0215255981684053	3.206346373597619	230.0	15	1.05	0.95				
	120	1	65.85254822175438	13.376298857543858	0.0	0.0	1	1.0177679030972075	2.3619500830079523	230.0	15	1.05	0.95				
	121	2	0.0	0.0	0.0	0.0	1	1.0432162865139898	9.561246145893374	230.0	17	1.05	0.95				
	122	2	0.0	0.0	0.0	0.0	1	1.05	16.352438478362544	230.0	17	1.05	0.95				
	123	2	0.0	0.0	0.0	0.0	1	1.0166394265933596	2.2970356214121193	230.0	15	1.05	0.95				
	124	1	0.0	0.0	0.0	0.0	1	1.0242547437633671	3.3375400101449357	230.0	16	1.05	0.95				
	201	2	51.47552338105263	10.485754762807018	0.0	0.0	2	1.016166305575385	-11.564588626416327	138.0	21	1.05	0.95				
	202	2	46.23264599964912	9.532504329824562	0.0	0.0	2	1.0156324990964027	-11.735065787230313	138.0	22	1.05	0.95				
	203	1	85.79253896842106	17.635133010175437	0.0	0.0	2	1.0142612542374678	-8.964633197529889	138.0	21	1.05	0.95				
	204	1	35.270266020350874	7.149378247368421	0.0	0.0	2	1.012465135585539	-11.223530070523916	138.0	21	1.05	0.95				
	205	1	33.840390370877195	6.672753030877193	0.0	0.0	2	1.0271183315601042	-11.581038907217517	138.0	21	1.05	0.95				
	206	1	64.82102944280702	13.345506061754387	0.0	-100.0	2	1.040945860363306	-12.13666795549401	138.0	22	1.05	0.95				
	207	2	59.578152061403514	11.915630412280702	0.0	0.0	2	0.9961881938839142	-18.13133313354242	138.0	22	1.05	0.95				
	208	1	81.50291202	16.681882577192983	0.0	0.0	2	0.998940122619475	-15.924617408577182	138.0	22	1.05	0.95				
	209	1	83.40941288596491	17.158507793684212	0.0	0.0	2	1.0242744875267071	-8.840185266895352	138.0	23	1.05	0.95				
	210	1	92.94191721578947	19.065008659649124	0.0	0.0	2	1.05	-10.067981149182687	138.0	23	1.05	0.95				
	211	1	0.0	0.0	0.0	0.0	2	1.007524261763626	-6.001725350141662	230.0	23	1.05	0.95				
	212	1	0.0	0.0	0.0	0.0	2	1.0123509173196854	-1.832885048853109	230.0	23	1.05	0.95				
	213	2	126.30568237017543	25.737761690526316	0.0	0.0	2	1.005546427252427	-3.6409153276449038	230.0	24	1.05	0.95				
	214	2	92.46529199929824	18.588383443157895	0.0	0.0	2	1.0073727468192148	-4.512030674551252	230.0	26	1.05	0.95				
	215	2	151.0901936277193	30.5040138554386	0.0	0.0	2	1.0232957562168847	0.6823668902709926	230.0	26	1.05	0.95				
	216	2	47.66252164912281	9.532504329824562	0.0	0.0	2	1.023077389123007	0.5416939933300502	230.0	26	1.05	0.95				
	217	1	0.0	0.0	0.0	0.0	2	1.0273881104837452	1.5441921248650985	230.0	27	1.05	0.95				
	218	2	158.71619709157895	32.41051472140351	0.0	0.0	2	1.0265778873123466	1.065276887356788	230.0	27	1.05	0.95				
	219	1	86.26916418491228	17.635133010175437	0.0	0.0	2	1.0220441811241514	0.8515710559015867	230.0	25	1.05	0.95				
	220	1	61.0080277108772	12.392255628771931	0.0	0.0	2	1.0247235941754333	2.0553829931611722	230.0	25	1.05	0.95				
	221	2	0.0	0.0	0.0	0.0	2	1.0289446160501183	1.7380088983323976	230.0	27	1.05	0.95				
	222	2	0.0	0.0	0.0	0.0	2	1.0499999692744875	8.152639930284026	230.0	27	1.05	0.95				
	223	2	0.0	0.0	0.0	0.0	2	1.027389244361739	3.08013198545777	230.0	25	1.05	0.95				
	224	1	0.0	0.0	0.0	0.0	2	1.008042561956172	-2.9347189581240554	230.0	26	1.05	0.95				
	301	2	54.37583045052633	11.076558054736845	0.0	0.0	3	1.003016609344141	-6.972222469516357	138.0	31	1.05	0.95				
	302	2	48.8375514231579	10.069598231578949	0.0	0.0	3	1.002815680187689	-7.026127019913758	138.0	32	1.05	0.95				
	303	1	90.62638408421054	18.628756728421056	0.0	0.0	3	1.014851455412873	-3.426048442585773	138.0	31	1.05	0.95				
	304	1	37.25751345684211	7.552198673684211	0.0	0.0	3	1.0060046215111298	-5.277594179784152	138.0	31	1.05	0.95				
	305	1	35.74707372210526	7.048718762105264	0.0	0.0	3	1.0192860618254078	-5.5755943077958445	138.0	31	1.05	0.95				
	306	1	68.47326797473686	14.097437524210529	0.0	-100.0	3	1.0367796042328028	-5.378493610775002	138.0	32	1.05	0.95				
	307	2	62.93498894736843	12.586997789473687	0.0	0.0	3	0.9963485380009037	-9.288834337271627	138.0	32	1.05	0.95				
	308	1	86.09506488000001	17.62179690526316	0.0	0.0	3	1.0035329401818553	-7.032950806109493	138.0	32	1.05	0.95				
	309	1	88.10898452631581	18.125276816842106	0.0	0.0	3	1.0254560407819628	-1.7895952009933593	138.0	33	1.05	0.95				
	310	1	98.17858275789474	20.139196463157898	0.0	0.0	3	1.05	-2.567162031779717	138.0	33	1.05	0.95				
	311	1	0.0	0.0	0.0	0.0	3	1.0076444507068845	2.4934794438696253	230.0	33	1.05	0.95				
	312	1	0.0	0.0	0.0	0.0	3	1.0128754303480163	3.4382786520445596	230.0	33	1.05	0.95				
	313	2	133.42217656842107	27.187915225263165	0.0	0.0	3	1.0165224605321754	7.954820492151829	230.0	34	1.05	0.95				
	314	2	97.6751028463158	19.635716551578952	0.0	0.0	3	1.0043226180292852	2.449586545013206	230.0	36	1.05	0.95				
	315	2	159.60313197052633	32.22271434105264	0.0	0.0	3	1.0169662173581366	-0.3416745152203941	230.0	36	1.05	0.95				
	316	2	50.34799115789475	10.069598231578949	0.0	0.0	3	1.0165124804440997	0.3239307545553834	230.0	36	1.05	0.95				
	317	1	0.0	0.0	0.0	0.0	3	1.0209236617664765	0.5612015238535296	230.0	37	1.05	0.95				
	318	2	167.6588105557895	34.23663398736843	0.0	0.0	3	1.0197347171770004	0.1072826476529627	230.0	37	1.05	0.95				
	319	1	91.12986399578949	18.628756728421056	0.0	0.0	3	1.0164509415955656	2.0622154414960314	230.0	35	1.05	0.95				
	320	1	64.44542868210527	13.090477701052633	0.0	0.0	3	1.0186684021366295	3.6259129688082545	230.0	35	1.05	0.95				
	321	2	0.0	0.0	0.0	0.0	3	1.0208391838779654	0.5102905184004394	230.0	37	1.05	0.95				
	322	2	0.0	0.0	0.0	0.0	3	1.03434878792813	4.969293306448147	230.0	37	1.05	0.95				
	323	2	0.0	0.0	0.0	0.0	3	1.0203371888568173	4.477959573418176	230.0	35	1.05	0.95				
	324	1	0.0	0.0	0.0	0.0	3	1.0129999131151592	0.4646399059274172	230.0	36	1.05	0.95				
	325	1	0.0	0.0	0.0	0.0	3	1.0219200289581412	4.92227825110245	230.0	35	1.05	0.95				
];
