%% MATPOWER Case Format : Version 2
function mpc = RTS_GMLC
mpc.version = '2';

%%-----  Power Flow Data  -----%%
%% system MVA base
mpc.baseMVA = 100.0;
%% bus data
%    bus_i    type    Pd    Qd    Gs    Bs    area    Vm    Va    baseKV    zone    Vmax    Vmin
mpc.bus = [
	101	2	47.720930248421055	9.720930235789474	0.0	0.0	1	1.0301811698942744	1.5359403011667077	138.0	11	1.05	0.95				
	102	2	42.860465130526315	8.837209305263158	0.0	0.0	1	1.02922643351774	1.2425501088335595	138.0	12	1.05	0.95				
	103	1	79.53488374736843	16.348837214736843	0.0	0.0	1	1.029765217197037	1.2329277835631611	138.0	11	1.05	0.95				
	104	1	32.697674429473686	6.627906978947369	0.0	0.0	1	1.0195001759015254	-1.6708199208072614	138.0	11	1.05	0.95				
	105	1	31.372093033684212	6.186046513684212	0.0	0.0	1	1.0340025339934769	-1.581531383392617	138.0	11	1.05	0.95				
	106	1	60.093023275789484	12.372093027368424	0.0	-100.0	1	1.044149021312844	-3.8146164330540206	138.0	12	1.05	0.95				
	107	2	55.23255815789474	11.046511631578948	0.0	0.0	1	0.9987070667352973	-10.835679077491355	138.0	12	1.05	0.95				
	108	1	75.55813956	15.465116284210525	0.0	0.0	1	1.0019749567919538	-8.790278895442302	138.0	12	1.05	0.95				
	109	1	77.32558142105263	15.906976749473683	0.0	0.0	1	1.0248206265343918	-2.2513603011446426	138.0	13	1.05	0.95				
	110	1	86.16279072631579	17.674418610526317	0.0	0.0	1	1.05	-3.3371548337083077	138.0	13	1.05	0.95				
	111	1	0.0	0.0	0.0	0.0	1	1.0064681742516572	0.020926815855884448	230.0	13	1.05	0.95				
	112	1	0.0	0.0	0.0	0.0	1	1.0105380387662906	-0.2961368815355814	230.0	13	1.05	0.95				
	113	3	117.09302329473685	23.860465124210528	0.0	0.0	1	0.999315448925362	-2.8963202632693358e-28	230.0	14	1.05	0.95				
	114	2	85.72093026105263	17.23255814526316	0.0	0.0	1	1.0078360492621041	2.9573407465419197	230.0	16	1.05	0.95				
	115	2	140.06976748842106	28.279069776842107	0.0	0.0	1	1.0434242888512588	10.748609729853165	230.0	16	1.05	0.95				
	116	2	44.18604652631579	8.837209305263158	0.0	0.0	1	1.0376609270864547	9.653209304890117	230.0	16	1.05	0.95				
	117	1	0.0	0.0	0.0	0.0	1	1.0410715768168723	14.537668396233336	230.0	17	1.05	0.95				
	118	2	147.1395349326316	30.046511637894742	0.0	0.0	1	1.0499373335124023	14.675253258158863	230.0	17	1.05	0.95				
	119	1	79.97674421263159	16.348837214736843	0.0	0.0	1	1.029345212747058	6.983047341087795	230.0	15	1.05	0.95				
	120	1	56.558139553684214	11.488372096842106	0.0	0.0	1	1.0265739050050355	5.497114518655863	230.0	15	1.05	0.95				
	121	2	0.0	0.0	0.0	0.0	1	1.05	15.873296090631452	230.0	17	1.05	0.95				
	122	2	0.0	0.0	0.0	0.0	1	1.05	33.41689224455345	230.0	17	1.05	0.95				
	123	2	0.0	0.0	0.0	0.0	1	1.0257106650043328	5.016976350955043	230.0	15	1.05	0.95				
	124	1	0.0	0.0	0.0	0.0	1	1.0263609263741706	7.197091506638413	230.0	16	1.05	0.95				
	201	2	51.7305210063158	10.537698723508772	0.0	0.0	2	1.0239077050619592	-12.866078679896841	138.0	21	1.05	0.95				
	202	2	46.461671644561406	9.579726112280703	0.0	0.0	2	1.0248180022678688	-12.718572273687236	138.0	22	1.05	0.95				
	203	1	86.21753501052632	17.722493307719297	0.0	0.0	2	1.015483587315102	-11.141201061443562	138.0	21	1.05	0.95				
	204	1	35.444986615438594	7.184794584210525	0.0	0.0	2	1.0161698363207035	-14.121958404509042	138.0	21	1.05	0.95				
	205	1	34.008027698596486	6.705808278596493	0.0	0.0	2	1.03105982092426	-14.484884070065933	138.0	21	1.05	0.95				
	206	1	65.14213756350878	13.411616557192986	0.0	-100.0	2	1.0427688814648635	-15.82679707076506	138.0	22	1.05	0.95				
	207	2	59.87328820175439	11.974657640350877	0.0	0.0	2	0.9911979720022995	-22.650981675241177	138.0	22	1.05	0.95				
	208	1	81.90665826	16.76452069649123	0.0	0.0	2	0.9956511911825762	-20.440182317506004	138.0	22	1.05	0.95				
	209	1	83.82260348245613	17.24350700210526	0.0	0.0	2	1.0229444758948192	-13.300600446076283	138.0	23	1.05	0.95				
	210	1	93.40232959473684	19.159452224561406	0.0	0.0	2	1.05	-14.588351241080474	138.0	23	1.05	0.95				
	211	1	0.0	0.0	0.0	0.0	2	1.0086622344772358	-10.300425491263718	230.0	23	1.05	0.95				
	212	1	0.0	0.0	0.0	0.0	2	1.0105340316393467	-9.279065902234255	230.0	23	1.05	0.95				
	213	2	126.93137098771929	25.8652605031579	0.0	0.0	2	1.0067980183175527	-8.83073912848746	230.0	24	1.05	0.95				
	214	2	92.92334328912281	18.68046591894737	0.0	0.0	2	1.0107697188123477	-7.861911769278404	230.0	26	1.05	0.95				
	215	2	151.8386588796491	30.655123559298247	0.0	0.0	2	1.0253217916520987	-1.3704349515186458	230.0	26	1.05	0.95				
	216	2	47.89863056140351	9.579726112280703	0.0	0.0	2	1.027671990157794	-1.486851260266661	230.0	26	1.05	0.95				
	217	1	0.0	0.0	0.0	0.0	2	1.0310214668926847	0.377611232549442	230.0	27	1.05	0.95				
	218	2	159.50243976947368	32.57106878175439	0.0	0.0	2	1.0300678764618085	-0.33017519328895106	230.0	27	1.05	0.95				
	219	1	86.69652131614035	17.722493307719297	0.0	0.0	2	1.0293072365772977	-1.378262618841712	230.0	25	1.05	0.95				
	220	1	61.31024711859649	12.453643945964913	0.0	0.0	2	1.0342205658715575	-0.359301638829792	230.0	25	1.05	0.95				
	221	2	0.0	0.0	0.0	0.0	2	1.0316343520969662	0.13423533970454357	230.0	27	1.05	0.95				
	222	2	0.0	0.0	0.0	0.0	2	1.05	6.723778568621416	230.0	27	1.05	0.95				
	223	2	0.0	0.0	0.0	0.0	2	1.038007801991556	0.5565120275263263	230.0	25	1.05	0.95				
	224	1	0.0	0.0	0.0	0.0	2	1.009600133229148	-5.031183374167362	230.0	26	1.05	0.95				
	301	2	70.26320785263158	14.31287567368421	0.0	0.0	3	1.0168594285182495	-13.543303097001491	138.0	31	1.05	0.95				
	302	2	63.10677001578947	13.011705157894738	0.0	0.0	3	1.0153039907499677	-13.935813017774944	138.0	32	1.05	0.95				
	303	1	117.10534642105263	24.071654542105264	0.0	0.0	3	1.05	3.6804130248762217	138.0	31	1.05	0.95				
	304	1	48.14330908421053	9.758778868421054	0.0	0.0	3	1.0081304197689334	-11.783750039240239	138.0	31	1.05	0.95				
	305	1	46.19155331052632	9.108193610526317	0.0	0.0	3	1.0250989377842123	-14.544981298188429	138.0	31	1.05	0.95				
	306	1	88.47959507368422	18.216387221052635	0.0	-100.0	3	1.0356687733499854	-15.81745851825852	138.0	32	1.05	0.95				
	307	2	81.32315723684212	16.264631447368423	0.0	0.0	3	0.9805887035942566	-22.668560409773608	138.0	32	1.05	0.95				
	308	1	111.2500791	22.77048402631579	0.0	0.0	3	0.981330239446783	-19.498403274072057	138.0	32	1.05	0.95				
	309	1	113.85242013157895	23.421069284210528	0.0	0.0	3	1.025602955540127	-7.359602164351662	138.0	33	1.05	0.95				
	310	1	126.86412528947369	26.023410315789476	0.0	0.0	3	1.05	-13.468416073865011	138.0	33	1.05	0.95				
	311	1	0.0	0.0	0.0	0.0	3	1.0230580957060724	-6.865751876465901	230.0	33	1.05	0.95				
	312	1	0.0	0.0	0.0	0.0	3	1.0231240069712804	-6.16563682735795	230.0	33	1.05	0.95				
	313	2	172.40509334210526	35.13160392631579	0.0	0.0	3	1.0301710474022656	-4.115615219512184	230.0	34	1.05	0.95				
	314	2	126.21354003157894	25.372825057894737	0.0	0.0	3	1.0317812661337096	-5.751884339974343	230.0	36	1.05	0.95				
	315	2	206.23552675263159	41.63745650526316	0.0	0.0	3	1.046190750633904	0.0295748490289208	230.0	36	1.05	0.95				
	316	2	65.05852578947369	13.011705157894738	0.0	0.0	3	1.0445959287640607	-0.189776725658606	230.0	36	1.05	0.95				
	317	1	0.0	0.0	0.0	0.0	3	1.05	4.807118837955693	230.0	37	1.05	0.95				
	318	2	216.6448908789474	44.23979753684211	0.0	0.0	3	1.0433875660033518	2.672819984786983	230.0	37	1.05	0.95				
	319	1	117.75593167894738	24.071654542105264	0.0	0.0	3	1.0409676828083472	-1.3928138846869054	230.0	35	1.05	0.95				
	320	1	83.27491301052632	16.91521670526316	0.0	0.0	3	1.043336773667746	-1.214204614035633	230.0	35	1.05	0.95				
	321	2	0.0	0.0	0.0	0.0	3	1.0455455292370917	2.4068365117419535	230.0	37	1.05	0.95				
	322	2	0.0	0.0	0.0	0.0	3	1.05	7.691230221896278	230.0	37	1.05	0.95				
	323	2	0.0	0.0	0.0	0.0	3	1.0462172856414798	-0.6385576613552671	230.0	35	1.05	0.95				
	324	1	0.0	0.0	0.0	0.0	3	1.0447535941815989	1.4301502878608316	230.0	36	1.05	0.95				
	325	1	0.0	0.0	0.0	0.0	3	1.041235583434531	0.7181905892048989	230.0	35	1.05	0.95				
];
