%% MATPOWER Case Format : Version 2
function mpc = RTS_GMLC
mpc.version = '2';

%%-----  Power Flow Data  -----%%
%% system MVA base
mpc.baseMVA = 100.0;
%% bus data
%    bus_i    type    Pd    Qd    Gs    Bs    area    Vm    Va    baseKV    zone    Vmax    Vmin
mpc.bus = [
	101	2	54.60118753263158	11.122464127017544	0.0	0.0	1	1.0499999465680259	3.344988995945433	138.0	11	1.05	0.95				
	102	2	49.0399554691228	10.111331024561403	0.0	0.0	1	1.0489647350751483	3.01810851061075	138.0	12	1.05	0.95				
	103	1	91.00197922105264	18.705962395438593	0.0	0.0	1	1.0309536855121266	0.3298627690263126	138.0	11	1.05	0.95				
	104	1	37.41192479087719	7.583498268421051	0.0	0.0	1	1.0291147258546827	-0.7353551185471003	138.0	11	1.05	0.95				
	105	1	35.89522513719297	7.077931717192983	0.0	0.0	1	1.0421995386490026	-0.9423246614204507	138.0	11	1.05	0.95				
	106	1	68.75705096701753	14.155863434385966	0.0	-100.0	1	1.0461625515523276	-3.8982217949528413	138.0	12	1.05	0.95				
	107	2	63.19581890350877	12.639163780701754	0.0	0.0	1	0.9993776842429214	-11.405602782113206	138.0	12	1.05	0.95				
	108	1	86.45188026	17.694829292982455	0.0	0.0	1	1.0004240637427573	-9.55134785767345	138.0	12	1.05	0.95				
	109	1	88.47414646491228	18.200395844210522	0.0	0.0	1	1.0247366218769987	-2.874456740317597	138.0	13	1.05	0.95				
	110	1	98.58547748947367	20.222662049122807	0.0	0.0	1	1.05	-3.780678045604641	138.0	13	1.05	0.95				
	111	1	0.0	0.0	0.0	0.0	1	1.0054908974063137	-1.0038320522545476	230.0	13	1.05	0.95				
	112	1	0.0	0.0	0.0	0.0	1	1.009973160084023	-1.076358511948017	230.0	13	1.05	0.95				
	113	3	133.97513607543857	27.30059376631579	0.0	0.0	1	1.000144489610415	6.343523664965931e-30	230.0	14	1.05	0.95				
	114	2	98.0799109382456	19.71709549789474	0.0	0.0	1	1.002382387090116	0.560395539836253	230.0	16	1.05	0.95				
	115	2	160.2645967392982	32.35625927859649	0.0	0.0	1	1.0366763134932635	6.949024060948495	230.0	16	1.05	0.95				
	116	2	50.556655122807015	10.111331024561403	0.0	0.0	1	1.032242525006236	5.774786652575268	230.0	16	1.05	0.95				
	117	1	0.0	0.0	0.0	0.0	1	1.0393102357328763	9.425452526783214	230.0	17	1.05	0.95				
	118	2	168.35366155894735	34.37852548350877	0.0	0.0	1	1.043054220525235	10.23223789374118	230.0	17	1.05	0.95				
	119	1	91.5075457722807	18.705962395438593	0.0	0.0	1	1.022681518750647	3.5908023019234747	230.0	15	1.05	0.95				
	120	1	64.71251855719298	13.144730331929825	0.0	0.0	1	1.0185708274918717	2.4155868953720487	230.0	15	1.05	0.95				
	121	2	0.0	0.0	0.0	0.0	1	1.0457141553793938	11.929236921127133	230.0	17	1.05	0.95				
	122	2	0.0	0.0	0.0	0.0	1	1.05	18.04057435444626	230.0	17	1.05	0.95				
	123	2	0.0	0.0	0.0	0.0	1	1.01723350107825	2.1600741742956764	230.0	15	1.05	0.95				
	124	1	0.0	0.0	0.0	0.0	1	1.0257329163036568	4.463162216929628	230.0	16	1.05	0.95				
	201	2	58.411459136842105	11.89863056491228	0.0	0.0	2	1.0186287845897832	-12.960657437145603	138.0	21	1.05	0.95				
	202	2	52.46214385438596	10.816936877192983	0.0	0.0	2	1.0186503445226283	-13.017803962177238	138.0	22	1.05	0.95				
	203	1	97.35243189473684	20.011333222807014	0.0	0.0	2	1.0134357697505023	-10.30997110454519	138.0	21	1.05	0.95				
	204	1	40.02266644561403	8.112702657894737	0.0	0.0	2	1.0127061762663137	-12.926260491602088	138.0	21	1.05	0.95				
	205	1	38.40012591403508	7.571855814035088	0.0	0.0	2	1.0275273812689913	-13.336956050727062	138.0	21	1.05	0.95				
	206	1	73.55517076491228	15.143711628070175	0.0	-100.0	2	1.0397934319159652	-14.107929933879284	138.0	22	1.05	0.95				
	207	2	67.60585548245614	13.521171096491228	0.0	0.0	2	0.9946978517735465	-21.28242235088621	138.0	22	1.05	0.95				
	208	1	92.48481029999999	18.929639535087716	0.0	0.0	2	0.9952265879525747	-18.72351685465116	138.0	22	1.05	0.95				
	209	1	94.6481976754386	19.470486378947367	0.0	0.0	2	1.024402014323413	-10.625890780974357	138.0	23	1.05	0.95				
	210	1	105.46513455263158	21.633873754385966	0.0	0.0	2	1.05	-11.983830764005296	138.0	23	1.05	0.95				
	211	1	0.0	0.0	0.0	0.0	2	1.0115946266372062	-7.41420557664078	230.0	23	1.05	0.95				
	212	1	0.0	0.0	0.0	0.0	2	1.014822297990113	-3.3281152590446172	230.0	23	1.05	0.95				
	213	2	143.32441362280701	29.205729568421052	0.0	0.0	2	1.0134711242522063	-4.776793855788637	230.0	24	1.05	0.95				
	214	2	104.92428770877191	21.093026910526316	0.0	0.0	2	1.0136210691925682	-5.776475705437334	230.0	26	1.05	0.95				
	215	2	171.44844950350875	34.61419800701754	0.0	0.0	2	1.0257796009157965	-0.08403420792303677	230.0	26	1.05	0.95				
	216	2	54.08468438596491	10.816936877192983	0.0	0.0	2	1.0269697754468834	-0.10183953310628222	230.0	26	1.05	0.95				
	217	1	0.0	0.0	0.0	0.0	2	1.0295314671280065	0.8377173253540695	230.0	27	1.05	0.95				
	218	2	180.10199900526317	36.77758538245614	0.0	0.0	2	1.0283504331520334	0.23024413681288897	230.0	27	1.05	0.95				
	219	1	97.89327873859649	20.011333222807014	0.0	0.0	2	1.0275630511360325	0.7713049866469416	230.0	25	1.05	0.95				
	220	1	69.22839601403508	14.062017940350877	0.0	0.0	2	1.0326866231569616	2.571722130002601	230.0	25	1.05	0.95				
	221	2	0.0	0.0	0.0	0.0	2	1.0307290303607293	0.9302319365741829	230.0	27	1.05	0.95				
	222	2	0.0	0.0	0.0	0.0	2	1.05	7.3866393266454295	230.0	27	1.05	0.95				
	223	2	0.0	0.0	0.0	0.0	2	1.0373287312107125	3.9591167541623267	230.0	25	1.05	0.95				
	224	1	0.0	0.0	0.0	0.0	2	1.0085759362146833	-3.9064165468632566	230.0	26	1.05	0.95				
	301	2	49.080037945263165	9.997785507368421	0.0	0.0	3	1.0046213572769327	8.559871230653018	138.0	31	1.05	0.95				
	302	2	44.081145191578955	9.088895915789475	0.0	0.0	3	1.0043824091655043	8.481150822657202	138.0	32	1.05	0.95				
	303	1	81.80006324210527	16.81445744421053	0.0	0.0	3	1.0246445885549533	12.548364947330505	138.0	31	1.05	0.95				
	304	1	33.62891488842106	6.816671936842106	0.0	0.0	3	1.0084436338254468	9.93628260453975	138.0	31	1.05	0.95				
	305	1	32.26558050105263	6.3622271410526325	0.0	0.0	3	1.0210912558918992	9.593977566253622	138.0	31	1.05	0.95				
	306	1	61.804492227368435	12.724454282105265	0.0	-100.0	3	1.0387178471847454	9.631876691938102	138.0	32	1.05	0.95				
	307	2	56.80559947368422	11.361119894736843	0.0	0.0	3	0.9887860916934397	6.143203063570223	138.0	32	1.05	0.95				
	308	1	77.71006008	15.905567852631581	0.0	0.0	3	1.000465257990958	8.122161215136623	138.0	32	1.05	0.95				
	309	1	79.5278392631579	16.360012648421055	0.0	0.0	3	1.0262652183690382	12.985232786790958	138.0	33	1.05	0.95				
	310	1	88.61673517894737	18.17779183157895	0.0	0.0	3	1.05	12.086721380155485	138.0	33	1.05	0.95				
	311	1	0.0	0.0	0.0	0.0	3	1.005164924741337	16.49821249138958	230.0	33	1.05	0.95				
	312	1	0.0	0.0	0.0	0.0	3	1.0122812479361638	17.328195388059616	230.0	33	1.05	0.95				
	313	2	120.42787088421053	24.540018972631582	0.0	0.0	3	1.0129151299742054	22.343636279449086	230.0	34	1.05	0.95				
	314	2	88.16229038315791	17.723347035789473	0.0	0.0	3	0.9986060895542556	15.43519357080307	230.0	36	1.05	0.95				
	315	2	144.05900026526317	29.08446693052632	0.0	0.0	3	1.0220764910776134	11.125018466400862	230.0	36	1.05	0.95				
	316	2	45.44447957894737	9.088895915789475	0.0	0.0	3	1.0208286279840075	11.821877948570283	230.0	36	1.05	0.95				
	317	1	0.0	0.0	0.0	0.0	3	1.027367588248265	11.061879829731799	230.0	37	1.05	0.95				
	318	2	151.33011699789475	30.902246113684217	0.0	0.0	3	1.0271441904324041	10.0598422221274	230.0	37	1.05	0.95				
	319	1	82.25450803789475	16.81445744421053	0.0	0.0	3	1.0198941286430687	13.940040555094333	230.0	35	1.05	0.95				
	320	1	58.16893386105264	11.815564690526317	0.0	0.0	3	1.0197477073634194	15.261625880775483	230.0	35	1.05	0.95				
	321	2	0.0	0.0	0.0	0.0	3	1.027380277450148	10.980179924861782	230.0	37	1.05	0.95				
	322	2	0.0	0.0	0.0	0.0	3	1.0409045792935383	15.394562550298446	230.0	37	1.05	0.95				
	323	2	0.0	0.0	0.0	0.0	3	1.019450278969901	15.83081465900811	230.0	35	1.05	0.95				
	324	1	0.0	0.0	0.0	0.0	3	1.0220181263670707	13.437008611769736	230.0	36	1.05	0.95				
	325	1	0.0	0.0	0.0	0.0	3	1.022996388801433	15.508639226289601	230.0	35	1.05	0.95				
];
