%% MATPOWER Case Format : Version 2
function mpc = RTS_GMLC
mpc.version = '2';

%%-----  Power Flow Data  -----%%
%% system MVA base
mpc.baseMVA = 100.0;
%% bus data
%    bus_i    type    Pd    Qd    Gs    Bs    area    Vm    Va    baseKV    zone    Vmax    Vmin
mpc.bus = [
	101	2	42.430479953684205	8.643245916491228	0.0	0.0	1	0.9993605588387965	-2.5349712874606793	138.0	11	1.05	0.95				
	102	2	38.10885699543859	7.857496287719298	0.0	0.0	1	0.9978985784523718	-3.0317220608656035	138.0	12	1.05	0.95				
	103	1	70.71746658947367	14.5363681322807	0.0	0.0	1	1.021811411791602	1.9212632672270602	138.0	11	1.05	0.95				
	104	1	29.0727362645614	5.893122215789473	0.0	0.0	1	1.006635867865885	-3.684558228276166	138.0	11	1.05	0.95				
	105	1	27.894111821403506	5.5002474014035085	0.0	0.0	1	1.0196922107420268	-4.072047557804012	138.0	11	1.05	0.95				
	106	1	53.43097475649123	11.000494802807017	0.0	-100.0	1	1.0387705911874252	-5.4459551848032515	138.0	12	1.05	0.95				
	107	2	49.10935179824561	9.821870359649122	0.0	0.0	1	0.9831987754846245	-10.952502850735923	138.0	12	1.05	0.95				
	108	1	67.18159326	13.750618503508772	0.0	0.0	1	0.9946577379433452	-8.973625279368324	138.0	12	1.05	0.95				
	109	1	68.75309251754386	14.143493317894734	0.0	0.0	1	1.0246813803797796	-2.566763094199519	138.0	13	1.05	0.95				
	110	1	76.61058880526315	15.714992575438597	0.0	0.0	1	1.05	-4.314196438442663	138.0	13	1.05	0.95				
	111	1	0.0	0.0	0.0	0.0	1	1.018868615110074	0.40432233366726794	230.0	13	1.05	0.95				
	112	1	0.0	0.0	0.0	0.0	1	1.013948402823277	-0.9243798052594588	230.0	13	1.05	0.95				
	113	3	104.11182581228068	21.215239976842103	0.0	0.0	1	0.9967207085387395	-7.743441199707534e-30	230.0	14	1.05	0.95				
	114	2	76.21771399087719	15.322117761052631	0.0	0.0	1	1.049999927593587	4.47831530467143	230.0	16	1.05	0.95				
	115	2	124.54131616035087	25.143988120701756	0.0	0.0	1	1.0403045322072266	14.960142255504406	230.0	16	1.05	0.95				
	116	2	39.28748143859649	7.857496287719298	0.0	0.0	1	1.0412091666370282	12.839126767457786	230.0	16	1.05	0.95				
	117	1	0.0	0.0	0.0	0.0	1	1.0395960406455702	19.40067288369602	230.0	17	1.05	0.95				
	118	2	130.82731319052633	26.715487378245616	0.0	0.0	1	1.0491079058463595	20.231476716011432	230.0	17	1.05	0.95				
	119	1	71.11034140385965	14.5363681322807	0.0	0.0	1	1.0384421762687646	8.046264584983867	230.0	15	1.05	0.95				
	120	1	50.28797624140351	10.214745174035087	0.0	0.0	1	1.0437259070850946	4.6425049696401555	230.0	15	1.05	0.95				
	121	2	0.0	0.0	0.0	0.0	1	1.0437686189750413	22.003061839913897	230.0	17	1.05	0.95				
	122	2	0.0	0.0	0.0	0.0	1	1.05	39.95998141856825	230.0	17	1.05	0.95				
	123	2	0.0	0.0	0.0	0.0	1	1.0479753617559306	3.076153836812683	230.0	15	1.05	0.95				
	124	1	0.0	0.0	0.0	0.0	1	1.0169230376307863	10.109095641241009	230.0	16	1.05	0.95				
	201	2	39.66063275368421	8.079017783157894	0.0	0.0	2	1.0116699058820064	-16.09674434282761	138.0	21	1.05	0.95				
	202	2	35.62112386210526	7.344561621052631	0.0	0.0	2	1.0108371464190862	-16.387485879223053	138.0	22	1.05	0.95				
	203	1	66.10105458947369	13.587438998947368	0.0	0.0	2	1.0125187318656863	-12.073825937654926	138.0	21	1.05	0.95				
	204	1	27.174877997894736	5.508421215789474	0.0	0.0	2	1.011453637646332	-16.146282290190477	138.0	21	1.05	0.95				
	205	1	26.073193754736838	5.141193134736842	0.0	0.0	2	1.0264579176670665	-16.577453393728973	138.0	21	1.05	0.95				
	206	1	49.943019023157895	10.282386269473683	0.0	-100.0	2	1.0428943181705248	-17.325829114398097	138.0	22	1.05	0.95				
	207	2	45.90351013157895	9.180702026315789	0.0	0.0	2	0.994526739485136	-21.643255141654734	138.0	22	1.05	0.95				
	208	1	62.79600186	12.852982836842102	0.0	0.0	2	1.0020017770393923	-20.028470092824822	138.0	22	1.05	0.95				
	209	1	64.26491418421053	13.220210917894734	0.0	0.0	2	1.0220863921256482	-14.419296036242955	138.0	23	1.05	0.95				
	210	1	71.60947580526314	14.689123242105262	0.0	0.0	2	1.05	-15.872068962404988	138.0	23	1.05	0.95				
	211	1	0.0	0.0	0.0	0.0	2	1.0052936628135325	-11.724379245303568	230.0	23	1.05	0.95				
	212	1	0.0	0.0	0.0	0.0	2	1.0077528652086865	-11.148789050557658	230.0	23	1.05	0.95				
	213	2	97.31544147894736	19.830316376842106	0.0	0.0	2	0.9991704919855297	-10.56343252400138	230.0	24	1.05	0.95				
	214	2	71.24224772421051	14.32189516105263	0.0	0.0	2	1.0074995210660342	-9.205880801367202	230.0	26	1.05	0.95				
	215	2	116.4113016936842	23.50259718736842	0.0	0.0	2	1.0259055279099492	-2.6767923931391135	230.0	26	1.05	0.95				
	216	2	36.722808105263155	7.344561621052631	0.0	0.0	2	1.0275984825564275	-3.4583649238295884	230.0	26	1.05	0.95				
	217	1	0.0	0.0	0.0	0.0	2	1.0353204168630885	-1.1703232697650672	230.0	27	1.05	0.95				
	218	2	122.28695099052631	24.971509511578947	0.0	0.0	2	1.034052085783587	-1.6147513942617804	230.0	27	1.05	0.95				
	219	1	66.4682826705263	13.587438998947368	0.0	0.0	2	1.0270860270850048	-3.855880026008145	230.0	25	1.05	0.95				
	220	1	47.00519437473684	9.54793010736842	0.0	0.0	2	1.0287725759175232	-3.4832340118375655	230.0	25	1.05	0.95				
	221	2	0.0	0.0	0.0	0.0	2	1.034062602896064	-1.1707755702713678	230.0	27	1.05	0.95				
	222	2	0.0	0.0	0.0	0.0	2	1.05	5.3266162098187655	230.0	27	1.05	0.95				
	223	2	0.0	0.0	0.0	0.0	2	1.0300381792864766	-2.996262595674637	230.0	25	1.05	0.95				
	224	1	0.0	0.0	0.0	0.0	2	1.0092805541840992	-6.183904718715205	230.0	26	1.05	0.95				
	301	2	41.95634293894737	8.546662450526316	0.0	0.0	3	1.010714694009409	13.183120472678578	138.0	31	1.05	0.95				
	302	2	37.68301171368421	7.769693136842106	0.0	0.0	3	1.0106056229116374	12.859649424685696	138.0	32	1.05	0.95				
	303	1	69.92723823157895	14.373932303157893	0.0	0.0	3	1.05	26.0966124463761	138.0	31	1.05	0.95				
	304	1	28.747864606315787	5.827269852631579	0.0	0.0	3	1.0122450858270178	14.071101149844836	138.0	31	1.05	0.95				
	305	1	27.582410635789472	5.438785195789475	0.0	0.0	3	1.025579489182999	11.708852633597486	138.0	31	1.05	0.95				
	306	1	52.833913330526315	10.87757039157895	0.0	-100.0	3	1.0419980544853609	10.408116196820961	138.0	32	1.05	0.95				
	307	2	48.56058210526316	9.712116421052631	0.0	0.0	3	0.9873900110393652	7.210377506927225	138.0	32	1.05	0.95				
	308	1	66.43087632	13.596962989473681	0.0	0.0	3	0.9972992179831712	8.910036594050762	138.0	32	1.05	0.95				
	309	1	67.98481494736842	13.985447646315787	0.0	0.0	3	1.0252075824632036	16.660967299429856	138.0	33	1.05	0.95				
	310	1	75.75450808421053	15.539386273684212	0.0	0.0	3	1.05	11.49201497792554	138.0	33	1.05	0.95				
	311	1	0.0	0.0	0.0	0.0	3	1.0089212373685486	14.925890821854896	230.0	33	1.05	0.95				
	312	1	0.0	0.0	0.0	0.0	3	1.0143439083125454	14.983581086576297	230.0	33	1.05	0.95				
	313	2	102.9484340631579	20.978171469473686	0.0	0.0	3	1.0072325077121556	15.013381208159794	230.0	34	1.05	0.95				
	314	2	75.36602342736842	15.150901616842106	0.0	0.0	3	1.0032107078024517	15.813844816440254	230.0	36	1.05	0.95				
	315	2	123.14963621894736	24.863018037894737	0.0	0.0	3	1.0409201101262975	19.69915939481409	230.0	36	1.05	0.95				
	316	2	38.848465684210524	7.769693136842106	0.0	0.0	3	1.0336174825492523	19.31451116962294	230.0	36	1.05	0.95				
	317	1	0.0	0.0	0.0	0.0	3	1.05	23.792092959953788	230.0	37	1.05	0.95				
	318	2	129.36539072842106	26.416956665263157	0.0	0.0	3	1.0469739370205162	20.261038649254797	230.0	37	1.05	0.95				
	319	1	70.31572288842105	14.373932303157893	0.0	0.0	3	1.0257761835703962	17.800967256055788	230.0	35	1.05	0.95				
	320	1	49.72603607578947	10.100601077894737	0.0	0.0	3	1.0217636421412588	17.233291846789353	230.0	35	1.05	0.95				
	321	2	0.0	0.0	0.0	0.0	3	1.0457810748971952	20.751060701728715	230.0	37	1.05	0.95				
	322	2	0.0	0.0	0.0	0.0	3	1.05	26.287758668238183	230.0	37	1.05	0.95				
	323	2	0.0	0.0	0.0	0.0	3	1.0198863806558962	17.22372388154605	230.0	35	1.05	0.95				
	324	1	0.0	0.0	0.0	0.0	3	1.0417625303008373	22.148312338603205	230.0	36	1.05	0.95				
	325	1	0.0	0.0	0.0	0.0	3	1.0216413459157614	17.643222600782604	230.0	35	1.05	0.95				
];
