%% MATPOWER Case Format : Version 2
function mpc = RTS_GMLC
mpc.version = '2';

%%-----  Power Flow Data  -----%%
%% system MVA base
mpc.baseMVA = 100.0;
%% bus data
%    bus_i    type    Pd    Qd    Gs    Bs    area    Vm    Va    baseKV    zone    Vmax    Vmin
mpc.bus = [
	101	2	42.85799109473684	8.730331519298245	0.0	0.0	1	1.0148122513153288	-4.125513529867447	138.0	11	1.05	0.95				
	102	2	38.492825335087716	7.936665017543859	0.0	0.0	1	1.014406166258536	-4.379321895893554	138.0	12	1.05	0.95				
	103	1	71.42998515789473	14.682830282456138	0.0	0.0	1	1.0103562106831614	0.12681415860094997	138.0	11	1.05	0.95				
	104	1	29.365660564912275	5.9524987631578945	0.0	0.0	1	1.0056412061369422	-4.632097770282281	138.0	11	1.05	0.95				
	105	1	28.175160812280698	5.555665512280702	0.0	0.0	1	1.0196344237449422	-5.4658393503163305	138.0	11	1.05	0.95				
	106	1	53.96932211929825	11.111331024561403	0.0	-100.0	1	1.0302024717443818	-6.702193561952951	138.0	12	1.05	0.95				
	107	2	49.604156359649124	9.920831271929824	0.0	0.0	1	0.9881229804006323	-11.389273458572097	138.0	12	1.05	0.95				
	108	1	67.8584859	13.889163780701752	0.0	0.0	1	0.990469874776876	-9.804145445786228	138.0	12	1.05	0.95				
	109	1	69.44581890350877	14.285997031578946	0.0	0.0	1	1.0066267529571093	-3.7604559236958535	138.0	13	1.05	0.95				
	110	1	77.38248392105262	15.873330035087719	0.0	0.0	1	1.0339012081989776	-5.520609670306572	138.0	13	1.05	0.95				
	111	1	0.0	0.0	0.0	0.0	1	0.985109109359291	-1.1939472507862765	230.0	13	1.05	0.95				
	112	1	0.0	0.0	0.0	0.0	1	0.9869299962659827	-1.7581703087333247	230.0	13	1.05	0.95				
	113	3	105.16081148245613	21.42899554736842	0.0	0.0	1	0.9706008246010601	-2.7856071184519684e-28	230.0	14	1.05	0.95				
	114	2	76.98565067017543	15.476496784210525	0.0	0.0	1	0.9899879979853606	1.3728692617074012	230.0	16	1.05	0.95				
	115	2	125.79614052807015	25.39732805614035	0.0	0.0	1	1.0024448492378129	8.899882193760087	230.0	16	1.05	0.95				
	116	2	39.6833250877193	7.936665017543859	0.0	0.0	1	1.0002104924076625	7.5926245745058685	230.0	16	1.05	0.95				
	117	1	0.0	0.0	0.0	0.0	1	1.0089156461501203	12.025042273373423	230.0	17	1.05	0.95				
	118	2	132.14547254210524	26.984661059649124	0.0	0.0	1	1.01356867508003	12.816770018790018	230.0	17	1.05	0.95				
	119	1	71.82681840877193	14.682830282456138	0.0	0.0	1	0.9965705531871327	4.803219742928722	230.0	15	1.05	0.95				
	120	1	50.7946561122807	10.317664522807018	0.0	0.0	1	0.9967383455430845	2.61501139094922	230.0	15	1.05	0.95				
	121	2	0.0	0.0	0.0	0.0	1	1.0138331520963684	14.080407312180489	230.0	17	1.05	0.95				
	122	2	0.0	0.0	0.0	0.0	1	1.0337537642606953	23.684423381589347	230.0	17	1.05	0.95				
	123	2	0.0	0.0	0.0	0.0	1	0.997603178178418	1.7351167326551449	230.0	15	1.05	0.95				
	124	1	0.0	0.0	0.0	0.0	1	0.9947513294734749	5.552243604642663	230.0	16	1.05	0.95				
	201	2	39.133637658947364	7.9716669305263155	0.0	0.0	2	1.013439409572793	-14.771048809201986	138.0	21	1.05	0.95				
	202	2	35.14780419368421	7.246969936842105	0.0	0.0	2	1.0121804701744879	-15.042288908178447	138.0	22	1.05	0.95				
	203	1	65.22272943157894	13.406894383157894	0.0	0.0	2	1.0008367223955614	-10.85156003819909	138.0	21	1.05	0.95				
	204	1	26.81378876631579	5.435227452631578	0.0	0.0	2	1.0040496007167614	-14.65001070279691	138.0	21	1.05	0.95				
	205	1	25.72674327578947	5.0728789557894745	0.0	0.0	2	1.0207476413837155	-15.072878165002209	138.0	21	1.05	0.95				
	206	1	49.27939557052632	10.145757911578949	0.0	-100.0	2	1.0328927510764117	-15.7240299618634	138.0	22	1.05	0.95				
	207	2	45.29356210526315	9.05871242105263	0.0	0.0	2	0.9763334847099951	-20.041043170044748	138.0	22	1.05	0.95				
	208	1	61.96159295999999	12.682197389473682	0.0	0.0	2	0.985513967510767	-18.416354591439372	138.0	22	1.05	0.95				
	209	1	63.41098694736842	13.04454588631579	0.0	0.0	2	1.0075480150651641	-12.78299000913585	138.0	23	1.05	0.95				
	210	1	70.65795688421052	14.49393987368421	0.0	0.0	2	1.0365033605744296	-14.186213987355305	138.0	23	1.05	0.95				
	211	1	0.0	0.0	0.0	0.0	2	0.9878874201086305	-9.950837716163209	230.0	23	1.05	0.95				
	212	1	0.0	0.0	0.0	0.0	2	0.9890808136304564	-9.255702895011982	230.0	23	1.05	0.95				
	213	2	96.02235166315789	19.566818829473682	0.0	0.0	2	0.9850705812774996	-8.580703471208912	230.0	24	1.05	0.95				
	214	2	70.29560838736842	14.131591376842104	0.0	0.0	2	0.9838030280491319	-7.455332438551327	230.0	26	1.05	0.95				
	215	2	114.86447349894735	23.190303797894735	0.0	0.0	2	0.9947754717473215	-0.5935414515094749	230.0	26	1.05	0.95				
	216	2	36.23484968421052	7.246969936842105	0.0	0.0	2	0.9932018391264097	-1.5845688102618163	230.0	26	1.05	0.95				
	217	1	0.0	0.0	0.0	0.0	2	1.0013804038264438	0.17346390588293673	230.0	27	1.05	0.95				
	218	2	120.66204944842104	24.63969778526316	0.0	0.0	2	1.0020271201329707	-0.1021018903008263	230.0	27	1.05	0.95				
	219	1	65.58507792842106	13.406894383157894	0.0	0.0	2	0.991568587194644	-1.7463297656109584	230.0	25	1.05	0.95				
	220	1	46.38060759578947	9.421060917894737	0.0	0.0	2	0.9924495235768733	-1.1278484062042604	230.0	25	1.05	0.95				
	221	2	0.0	0.0	0.0	0.0	2	1.0042602020798812	0.540213305584888	230.0	27	1.05	0.95				
	222	2	0.0	0.0	0.0	0.0	2	1.0226439114929262	7.104754341015308	230.0	27	1.05	0.95				
	223	2	0.0	0.0	0.0	0.0	2	0.9934311039986271	-0.4888226993142905	230.0	25	1.05	0.95				
	224	1	0.0	0.0	0.0	0.0	2	0.9847954923392779	-4.499336679463985	230.0	26	1.05	0.95				
	301	2	51.88168299789474	10.56849098105263	0.0	0.0	3	1.009948164444832	26.562264108336624	138.0	31	1.05	0.95				
	302	2	46.59743750736842	9.60771907368421	0.0	0.0	3	1.0100259897338182	26.53377488850409	138.0	32	1.05	0.95				
	303	1	86.46947166315789	17.77428028631579	0.0	0.0	3	1.0058884116570723	28.927483187758643	138.0	31	1.05	0.95				
	304	1	35.54856057263158	7.205789305263158	0.0	0.0	3	1.003584413001542	28.235577654559105	138.0	31	1.05	0.95				
	305	1	34.10740271157894	6.725403351578947	0.0	0.0	3	1.0187876707369992	28.319544276978807	138.0	31	1.05	0.95				
	306	1	65.33248970105264	13.450806703157895	0.0	-100.0	3	1.0326192717723615	28.73925149665495	138.0	32	1.05	0.95				
	307	2	60.04824421052631	12.009648842105262	0.0	0.0	3	0.9755311766885137	26.695943449059083	138.0	32	1.05	0.95				
	308	1	82.14599808	16.81350837894737	0.0	0.0	3	0.9921624774344574	28.77187127230232	138.0	32	1.05	0.95				
	309	1	84.06754189473685	17.293894332631577	0.0	0.0	3	1.0142589223530565	31.64398813071038	138.0	33	1.05	0.95				
	310	1	93.67526096842104	19.21543814736842	0.0	0.0	3	1.0416770888569085	31.652088251729545	138.0	33	1.05	0.95				
	311	1	0.0	0.0	0.0	0.0	3	0.9926466417380116	36.169309806273674	230.0	33	1.05	0.95				
	312	1	0.0	0.0	0.0	0.0	3	0.9996798075477773	37.21732492152029	230.0	33	1.05	0.95				
	313	2	127.30227772631576	25.94084149894737	0.0	0.0	3	1.0039039570619748	43.81655723843826	230.0	34	1.05	0.95				
	314	2	93.19487501473684	18.73505219368421	0.0	0.0	3	0.9858314481365925	34.0772916829373	230.0	36	1.05	0.95				
	315	2	152.2823473178947	30.744701035789472	0.0	0.0	3	1.001035246407501	28.492724253010017	230.0	36	1.05	0.95				
	316	2	48.03859536842105	9.60771907368421	0.0	0.0	3	0.9938272465795069	29.776963991341553	230.0	36	1.05	0.95				
	317	1	0.0	0.0	0.0	0.0	3	1.0055621370208265	29.464874793018268	230.0	37	1.05	0.95				
	318	2	159.9685225768421	32.66624485052632	0.0	0.0	3	1.0021466013575218	26.204350740660526	230.0	37	1.05	0.95				
	319	1	86.94985761684211	17.77428028631579	0.0	0.0	3	0.9988149206451334	31.865688798038533	230.0	35	1.05	0.95				
	320	1	61.489402071578944	12.490034795789473	0.0	0.0	3	1.0029675308685488	32.693957713831935	230.0	35	1.05	0.95				
	321	2	0.0	0.0	0.0	0.0	3	1.0090666058735533	27.60883863995583	230.0	37	1.05	0.95				
	322	2	0.0	0.0	0.0	0.0	3	1.0255447352692002	32.73127886808923	230.0	37	1.05	0.95				
	323	2	0.0	0.0	0.0	0.0	3	1.0041258797210084	32.6351853661389	230.0	35	1.05	0.95				
	324	1	0.0	0.0	0.0	0.0	3	1.0021499102440183	31.116868182053892	230.0	36	1.05	0.95				
	325	1	0.0	0.0	0.0	0.0	3	1.0047998745315627	31.067750411507923	230.0	35	1.05	0.95				
