%% MATPOWER Case Format : Version 2
function mpc = RTS_GMLC
mpc.version = '2';

%%-----  Power Flow Data  -----%%
%% system MVA base
mpc.baseMVA = 100.0;
%% bus data
%    bus_i    type    Pd    Qd    Gs    Bs    area    Vm    Va    baseKV    zone    Vmax    Vmin
mpc.bus = [
	101	2	35.1895101423158	7.1682335475087715	0.0	0.0	1	1.0067224385302163	-1.054925803986359	138.0	11	1.05	0.95				
	102	2	31.6053933685614	6.516575952280703	0.0	0.0	1	1.0051890801385224	-1.5290094085243378	138.0	12	1.05	0.95				
	103	1	58.64918357052632	12.0556655117193	0.0	0.0	1	1.0276134901743268	2.5733510173118677	138.0	11	1.05	0.95				
	104	1	24.1113310234386	4.887431964210527	0.0	0.0	1	1.0111853196879048	-2.37902794162503	138.0	11	1.05	0.95				
	105	1	23.133844630596492	4.561603166596492	0.0	0.0	1	1.0243488831177112	-2.6765892736172323	138.0	11	1.05	0.95				
	106	1	44.31271647550878	9.123206333192984	0.0	-100.0	1	1.0424054495092396	-4.042905073972489	138.0	12	1.05	0.95				
	107	2	40.72859970175438	8.145719940350878	0.0	0.0	1	0.9821234816713351	-9.967122624425242	138.0	12	1.05	0.95				
	108	1	55.716724392	11.404007916491228	0.0	0.0	1	0.9959917638564344	-7.77142592465337	138.0	12	1.05	0.95				
	109	1	57.020039582456135	11.729836714105263	0.0	0.0	1	1.0244650366185146	-1.7006086729940675	138.0	13	1.05	0.95				
	110	1	63.53661553473684	13.033151904561405	0.0	0.0	1	1.05	-3.2307112463043417	138.0	13	1.05	0.95				
	111	1	0.0	0.0	0.0	0.0	1	1.01178325231826	0.7580583676091889	230.0	13	1.05	0.95				
	112	1	0.0	0.0	0.0	0.0	1	1.0099890940762954	-0.5683177844830741	230.0	13	1.05	0.95				
	113	3	86.3446313677193	17.5947550711579	0.0	0.0	1	0.9875316190926939	-5.1478551992617215e-28	230.0	14	1.05	0.95				
	114	2	63.2107867371228	12.707323106947369	0.0	0.0	1	1.0357334324659033	4.609436641640598	230.0	16	1.05	0.95				
	115	2	103.28772884364912	20.853043047298247	0.0	0.0	1	1.0423964814882516	13.983502064087732	230.0	16	1.05	0.95				
	116	2	32.58287976140351	6.516575952280703	0.0	0.0	1	1.0410968820072233	12.100624179976082	230.0	16	1.05	0.95				
	117	1	0.0	0.0	0.0	0.0	1	1.0408417180387501	18.11677178057572	230.0	17	1.05	0.95				
	118	2	108.50098960547369	22.15635823775439	0.0	0.0	1	1.0499998457394055	18.727239434959504	230.0	17	1.05	0.95				
	119	1	58.975012368140355	12.0556655117193	0.0	0.0	1	1.036540645436631	7.624992602072275	230.0	15	1.05	0.95				
	120	1	41.70608609459649	8.471548737964913	0.0	0.0	1	1.0389277027433725	4.3564456172008725	230.0	15	1.05	0.95				
	121	2	0.0	0.0	0.0	0.0	1	1.043335263471249	20.147422648559388	230.0	17	1.05	0.95				
	122	2	0.0	0.0	0.0	0.0	1	1.05	38.10800812441994	230.0	17	1.05	0.95				
	123	2	0.0	0.0	0.0	0.0	1	1.041211018599136	2.8110336885895824	230.0	15	1.05	0.95				
	124	1	0.0	0.0	0.0	0.0	1	1.022582705202152	9.725635999540723	230.0	16	1.05	0.95				
	201	2	37.48465291831579	7.635762631508772	0.0	0.0	2	1.0137318647973208	-16.96286769814603	138.0	21	1.05	0.95				
	202	2	33.666771602561404	6.941602392280702	0.0	0.0	2	1.0129041223344246	-17.2657837251113	138.0	22	1.05	0.95				
	203	1	62.474421530526314	12.841964425719295	0.0	0.0	2	1.011384224852518	-12.561807644410148	138.0	21	1.05	0.95				
	204	1	25.68392885143859	5.206201794210526	0.0	0.0	2	1.0122298422151832	-17.131665151923766	138.0	21	1.05	0.95				
	205	1	24.642688492596488	4.859121674596492	0.0	0.0	2	1.027801246428526	-17.588079870166887	138.0	21	1.05	0.95				
	206	1	47.20289626750877	9.718243349192983	0.0	-100.0	2	1.043951255711128	-18.401143388213256	138.0	22	1.05	0.95				
	207	2	43.385014951754385	8.677002990350877	0.0	0.0	2	0.9967053456489013	-22.464011246335662	138.0	22	1.05	0.95				
	208	1	59.35070045399999	12.147804186491227	0.0	0.0	2	1.0037975724311792	-20.944881212687175	138.0	22	1.05	0.95				
	209	1	60.739020932456135	12.494884306105263	0.0	0.0	2	1.0209942754177879	-15.572047928362757	138.0	23	1.05	0.95				
	210	1	67.68062332473683	13.883204784561403	0.0	0.0	2	1.05	-17.092971549504075	138.0	23	1.05	0.95				
	211	1	0.0	0.0	0.0	0.0	2	1.0039916831351448	-13.15169081882982	230.0	23	1.05	0.95				
	212	1	0.0	0.0	0.0	0.0	2	1.0056209077925025	-12.918760355778394	230.0	23	1.05	0.95				
	213	2	91.97623169771929	18.742326459157894	0.0	0.0	2	0.9956812682625967	-12.397250423430936	230.0	24	1.05	0.95				
	214	2	67.33354320512281	13.53612466494737	0.0	0.0	2	1.0066518623294038	-10.512690206618977	230.0	26	1.05	0.95				
	215	2	110.02439791764911	22.213127655298244	0.0	0.0	2	1.022352566606977	-3.59657063318599	230.0	26	1.05	0.95				
	216	2	34.70801196140351	6.941602392280702	0.0	0.0	2	1.0240675491022224	-4.693616784640235	230.0	26	1.05	0.95				
	217	1	0.0	0.0	0.0	0.0	2	1.031886227865156	-2.1003770403386794	230.0	27	1.05	0.95				
	218	2	115.57767983147369	23.601448133754385	0.0	0.0	2	1.0312161850445103	-2.5104156560833744	230.0	27	1.05	0.95				
	219	1	62.82150165014034	12.841964425719295	0.0	0.0	2	1.0210085044626347	-5.766982387196236	230.0	25	1.05	0.95				
	220	1	44.42625531059649	9.024083109964911	0.0	0.0	2	1.0204637695316465	-6.015002955637782	230.0	25	1.05	0.95				
	221	2	0.0	0.0	0.0	0.0	2	1.0313506992243435	-2.0738728536316797	230.0	27	1.05	0.95				
	222	2	0.0	0.0	0.0	0.0	2	1.05	4.409821494026377	230.0	27	1.05	0.95				
	223	2	0.0	0.0	0.0	0.0	2	1.0203224286187251	-5.878953790691228	230.0	25	1.05	0.95				
	224	1	0.0	0.0	0.0	0.0	2	1.0071580953575716	-6.949937827200394	230.0	26	1.05	0.95				
	301	2	44.31382472842106	9.02689022245614	0.0	0.0	3	1.0106171171916913	-3.0636338690499465	138.0	31	1.05	0.95				
	302	2	39.80037961719298	8.206263838596492	0.0	0.0	3	1.0104395314077308	-3.1590504017096883	138.0	32	1.05	0.95				
	303	1	73.85637454736842	15.18158810140351	0.0	0.0	3	1.0318826772924081	2.994664258124922	138.0	31	1.05	0.95				
	304	1	30.36317620280702	6.154697878947369	0.0	0.0	3	1.014078843150939	-1.197869155851196	138.0	31	1.05	0.95				
	305	1	29.132236627017544	5.744384687017544	0.0	0.0	3	1.0252171287544445	-2.9971219991050106	138.0	31	1.05	0.95				
	306	1	55.80259410245615	11.488769374035089	0.0	-100.0	3	1.0415947491034574	-3.440950571504014	138.0	32	1.05	0.95				
	307	2	51.289148991228075	10.257829798245615	0.0	0.0	3	0.9892462118835903	-7.004265981632363	138.0	32	1.05	0.95				
	308	1	70.16355582	14.36096171754386	0.0	0.0	3	0.9988552559595513	-5.202158467882137	138.0	32	1.05	0.95				
	309	1	71.80480858771931	14.771274909473684	0.0	0.0	3	1.0303359287250076	2.0662301961639167	138.0	33	1.05	0.95				
	310	1	80.01107242631579	16.412527677192983	0.0	0.0	3	1.05	-1.608215003169744	138.0	33	1.05	0.95				
	311	1	0.0	0.0	0.0	0.0	3	1.0068843094237279	3.2875794681070984	230.0	33	1.05	0.95				
	312	1	0.0	0.0	0.0	0.0	3	1.0108112690144007	3.66954794014975	230.0	33	1.05	0.95				
	313	2	108.73299586140351	22.15691236421053	0.0	0.0	3	1.0059284419676262	5.394712561443677	230.0	34	1.05	0.95				
	314	2	79.60075923438596	16.00221448526316	0.0	0.0	3	1.0014918867525773	4.654002953121694	230.0	36	1.05	0.95				
	315	2	130.0692818417544	26.260044283508773	0.0	0.0	3	1.035809980752157	8.565374795856725	230.0	36	1.05	0.95				
	316	2	41.03131919298246	8.206263838596492	0.0	0.0	3	1.0339412925918257	8.94577510223746	230.0	36	1.05	0.95				
	317	1	0.0	0.0	0.0	0.0	3	1.05	14.064882942340834	230.0	37	1.05	0.95				
	318	2	136.6342929126316	27.901297051228074	0.0	0.0	3	1.0468574403949031	10.758458551822786	230.0	37	1.05	0.95				
	319	1	74.26668773929825	15.18158810140351	0.0	0.0	3	1.0237424181937274	8.060347678356406	230.0	35	1.05	0.95				
	320	1	52.520088567017545	10.668142990175438	0.0	0.0	3	1.017640113923654	8.087521508792241	230.0	35	1.05	0.95				
	321	2	0.0	0.0	0.0	0.0	3	1.044413508759593	10.701491952059577	230.0	37	1.05	0.95				
	322	2	0.0	0.0	0.0	0.0	3	1.05	16.363433846215788	230.0	37	1.05	0.95				
	323	2	0.0	0.0	0.0	0.0	3	1.0147833382281004	8.427515253326984	230.0	35	1.05	0.95				
	324	1	0.0	0.0	0.0	0.0	3	1.0265096265204712	6.471216740813136	230.0	36	1.05	0.95				
	325	1	0.0	0.0	0.0	0.0	3	1.0143479624306277	9.43509880950365	230.0	35	1.05	0.95				
];
