%% MATPOWER Case Format : Version 2
function mpc = RTS_GMLC
mpc.version = '2';

%%-----  Power Flow Data  -----%%
%% system MVA base
mpc.baseMVA = 100.0;
%% bus data
%    bus_i    type    Pd    Qd    Gs    Bs    area    Vm    Va    baseKV    zone    Vmax    Vmin
mpc.bus = [
	101	2	39.731815932631584	8.093518060350878	0.0	0.0	1	1.0218086119470533	-0.263112681267528	138.0	11	1.05	0.95				
	102	2	35.68505690245614	7.3577436912280705	0.0	0.0	1	1.0196102455613805	-0.8813221969229489	138.0	12	1.05	0.95				
	103	1	66.21969322105264	13.611825828771929	0.0	0.0	1	1.0226193904405187	2.9094342510683555	138.0	11	1.05	0.95				
	104	1	27.223651657543858	5.518307768421052	0.0	0.0	1	1.0154885334632153	-2.2081150661011084	138.0	11	1.05	0.95				
	105	1	26.119990103859646	5.150420583859649	0.0	0.0	1	1.0313125969820376	-2.359441915849111	138.0	11	1.05	0.95				
	106	1	50.03265710035089	10.300841167719298	0.0	-100.0	1	1.044580251023867	-4.054827350136777	138.0	12	1.05	0.95				
	107	2	45.98589807017544	9.197179614035088	0.0	0.0	1	0.9995040008982631	-10.920821923796607	138.0	12	1.05	0.95				
	108	1	62.90870856	12.876051459649121	0.0	0.0	1	1.0037814479731169	-8.489639592888974	138.0	12	1.05	0.95				
	109	1	64.38025729824561	13.243938644210527	0.0	0.0	1	1.021988038858668	-1.7634950840054495	138.0	13	1.05	0.95				
	110	1	71.73800098947368	14.715487382456141	0.0	0.0	1	1.05	-3.289807664987671	138.0	13	1.05	0.95				
	111	1	0.0	0.0	0.0	0.0	1	1.003546806103466	0.7937343198645139	230.0	13	1.05	0.95				
	112	1	0.0	0.0	0.0	0.0	1	1.007722420923496	-0.5507152398672363	230.0	13	1.05	0.95				
	113	3	97.49010390877193	19.865907966315792	0.0	0.0	1	0.9975495728950721	-3.6196066955636604e-30	230.0	14	1.05	0.95				
	114	2	71.37011380491228	14.347600197894739	0.0	0.0	1	1.0050526198760938	4.927464923198336	230.0	16	1.05	0.95				
	115	2	116.62023750596491	23.544779811929825	0.0	0.0	1	1.0274150040159982	15.100760420541853	230.0	16	1.05	0.95				
	116	2	36.78871845614035	7.3577436912280705	0.0	0.0	1	1.0219578750874987	12.98378709715266	230.0	16	1.05	0.95				
	117	1	0.0	0.0	0.0	0.0	1	1.0276021612510975	19.18918200550666	230.0	17	1.05	0.95				
	118	2	122.50643245894737	25.016328550175444	0.0	0.0	1	1.0367636621492649	20.122987096183348	230.0	17	1.05	0.95				
	119	1	66.58758040561403	13.611825828771929	0.0	0.0	1	1.0123731246940144	8.202861511100888	230.0	15	1.05	0.95				
	120	1	47.08955962385965	9.565066798596492	0.0	0.0	1	1.0115248699180641	4.748268354037152	230.0	15	1.05	0.95				
	121	2	0.0	0.0	0.0	0.0	1	1.0355600887946768	21.917614928941713	230.0	17	1.05	0.95				
	122	2	0.0	0.0	0.0	0.0	1	1.05	37.0023396614695	230.0	17	1.05	0.95				
	123	2	0.0	0.0	0.0	0.0	1	1.012397851947323	3.139085977470244	230.0	15	1.05	0.95				
	124	1	0.0	0.0	0.0	0.0	1	1.010498329445175	10.508164081222988	230.0	16	1.05	0.95				
	201	2	41.649614336842106	8.484180698245613	0.0	0.0	2	1.0070985764765743	-17.672700324012105	138.0	21	1.05	0.95				
	202	2	37.4075239877193	7.71289154385965	0.0	0.0	2	1.0062624398071338	-17.981357215882266	138.0	22	1.05	0.95				
	203	1	69.41602389473684	14.26884935614035	0.0	0.0	2	1.0138010991448896	-13.128695418066496	138.0	21	1.05	0.95				
	204	1	28.5376987122807	5.784668657894736	0.0	0.0	2	1.009403288502762	-17.737621677143885	138.0	21	1.05	0.95				
	205	1	27.380764980701755	5.399024080701755	0.0	0.0	2	1.0238599914865016	-18.223214168038638	138.0	21	1.05	0.95				
	206	1	52.44766249824562	10.79804816140351	0.0	-100.0	2	1.0412391293625085	-19.02681896765451	138.0	22	1.05	0.95				
	207	2	48.20557214912281	9.641114429824562	0.0	0.0	2	0.9898911071305895	-23.54476040310786	138.0	22	1.05	0.95				
	208	1	65.94522269999999	13.497560201754386	0.0	0.0	2	0.9987533895666586	-21.849913391153763	138.0	22	1.05	0.95				
	209	1	67.48780100877192	13.883204778947366	0.0	0.0	2	1.0228281496487355	-15.933238069912786	138.0	23	1.05	0.95				
	210	1	75.20069255263158	15.4257830877193	0.0	0.0	2	1.05	-17.524260886719855	138.0	23	1.05	0.95				
	211	1	0.0	0.0	0.0	0.0	2	1.0059196856616168	-13.19557487648213	230.0	23	1.05	0.95				
	212	1	0.0	0.0	0.0	0.0	2	1.0140787734602699	-12.637025976205024	230.0	23	1.05	0.95				
	213	2	102.19581295614036	20.824807168421053	0.0	0.0	2	1.0059813772939383	-12.059626575025986	230.0	24	1.05	0.95				
	214	2	74.8150479754386	15.040138510526315	0.0	0.0	2	1.003408976823486	-10.540247757513983	230.0	26	1.05	0.95				
	215	2	122.24933097017544	24.681252940350877	0.0	0.0	2	1.0222062021932412	-3.5902385549157816	230.0	26	1.05	0.95				
	216	2	38.56445771929825	7.71289154385965	0.0	0.0	2	1.0248643399282942	-4.505501418961233	230.0	26	1.05	0.95				
	217	1	0.0	0.0	0.0	0.0	2	1.026586951468345	-2.037593454665789	230.0	27	1.05	0.95				
	218	2	128.41964420526315	26.22383124912281	0.0	0.0	2	1.0263564956789082	-2.529741000959599	230.0	27	1.05	0.95				
	219	1	69.80166847192983	14.26884935614035	0.0	0.0	2	1.0338855246465437	-5.1141331448845895	230.0	25	1.05	0.95				
	220	1	49.362505880701754	10.026759007017544	0.0	0.0	2	1.0440583615316976	-4.893642013844033	230.0	25	1.05	0.95				
	221	2	0.0	0.0	0.0	0.0	2	1.0285137621006617	-2.079582177761317	230.0	27	1.05	0.95				
	222	2	0.0	0.0	0.0	0.0	2	1.049999853399952	4.427036269585408	230.0	27	1.05	0.95				
	223	2	0.0	0.0	0.0	0.0	2	1.05	-4.490527413696541	230.0	25	1.05	0.95				
	224	1	0.0	0.0	0.0	0.0	2	1.0073264593236786	-7.168740779855211	230.0	26	1.05	0.95				
	301	2	43.51091426526316	8.863334387368422	0.0	0.0	3	1.0301683487712987	18.59670891438998	138.0	31	1.05	0.95				
	302	2	39.07924707157895	8.057576715789475	0.0	0.0	3	1.027817424416033	18.255725696456018	138.0	32	1.05	0.95				
	303	1	72.51819044210526	14.906516924210528	0.0	0.0	3	1.0498187054751662	33.33816339018906	138.0	31	1.05	0.95				
	304	1	29.813033848421057	6.043182536842105	0.0	0.0	3	1.0169193709115825	19.442486825077236	138.0	31	1.05	0.95				
	305	1	28.60439734105263	5.640303701052632	0.0	0.0	3	1.0353225688090613	17.055059910505705	138.0	31	1.05	0.95				
	306	1	54.79152166736843	11.280607402105264	0.0	-100.0	3	1.0457839694570294	15.692194884925273	138.0	32	1.05	0.95				
	307	2	50.35985447368421	10.071970894736843	0.0	0.0	3	0.95	12.517825744494386	138.0	32	1.05	0.95				
	308	1	68.89228092	14.100759252631578	0.0	0.0	3	0.9739459636100835	14.188124599482279	138.0	32	1.05	0.95				
	309	1	70.50379626315791	14.503638088421052	0.0	0.0	3	1.020080680123596	22.092637149106665	138.0	33	1.05	0.95				
	310	1	78.56137297894738	16.11515343157895	0.0	0.0	3	1.05	16.7764879414328	138.0	33	1.05	0.95				
	311	1	0.0	0.0	0.0	0.0	3	1.007737326351707	19.996217660712958	230.0	33	1.05	0.95				
	312	1	0.0	0.0	0.0	0.0	3	1.0138530708274345	20.509560078818485	230.0	33	1.05	0.95				
	313	2	106.76289148421051	21.75545713263158	0.0	0.0	3	1.0106391297375055	22.083565600757524	230.0	34	1.05	0.95				
	314	2	78.1584941431579	15.712274595789474	0.0	0.0	3	0.9996973708123598	18.825511739784258	230.0	36	1.05	0.95				
	315	2	127.71259094526314	25.78424549052632	0.0	0.0	3	1.0452779914966586	19.91442078690669	230.0	36	1.05	0.95				
	316	2	40.28788357894737	8.057576715789475	0.0	0.0	3	1.0274953611473323	19.611067852107325	230.0	36	1.05	0.95				
	317	1	0.0	0.0	0.0	0.0	3	1.0484379305857403	21.782650895368317	230.0	37	1.05	0.95				
	318	2	134.15865231789473	27.395760833684214	0.0	0.0	3	1.05	18.73806543454175	230.0	37	1.05	0.95				
	319	1	72.92106927789474	14.906516924210528	0.0	0.0	3	1.0211673945822854	19.128791933358215	230.0	35	1.05	0.95				
	320	1	51.56849098105264	10.474849730526318	0.0	0.0	3	1.0182713960173406	19.502797806614424	230.0	35	1.05	0.95				
	321	2	0.0	0.0	0.0	0.0	3	1.05	19.768192422890444	230.0	37	1.05	0.95				
	322	2	0.0	0.0	0.0	0.0	3	1.05	24.904362513648184	230.0	37	1.05	0.95				
	323	2	0.0	0.0	0.0	0.0	3	1.0172181868254047	20.026775203326782	230.0	35	1.05	0.95				
	324	1	0.0	0.0	0.0	0.0	3	1.0424819462453334	25.045893539471095	230.0	36	1.05	0.95				
	325	1	0.0	0.0	0.0	0.0	3	1.0192418113992807	20.196925650150135	230.0	35	1.05	0.95				
];
