%% MATPOWER Case Format : Version 2
function mpc = RTS_GMLC
mpc.version = '2';

%%-----  Power Flow Data  -----%%
%% system MVA base
mpc.baseMVA = 100.0;
%% bus data
%    bus_i    type    Pd    Qd    Gs    Bs    area    Vm    Va    baseKV    zone    Vmax    Vmin
mpc.bus = [
	101	2	38.15536861894737	7.772389903859649	0.0	0.0	1	1.0194892315737574	0.05224341618228664	138.0	11	1.05	0.95				
	102	2	34.26917366701755	7.065809003508772	0.0	0.0	1	1.017049924808244	-0.5955579761134785	138.0	12	1.05	0.95				
	103	1	63.59228103157895	13.071746656491229	0.0	0.0	1	1.030411696781023	1.6044928030210475	138.0	11	1.05	0.95				
	104	1	26.143493312982457	5.299356752631579	0.0	0.0	1	1.016018614840534	-2.2317215875810588	138.0	11	1.05	0.95				
	105	1	25.08362196245614	4.94606630245614	0.0	0.0	1	1.0302427914952492	-2.202756887200016	138.0	11	1.05	0.95				
	106	1	48.04750122385965	9.89213260491228	0.0	-100.0	1	1.0442900314040897	-3.977797072888924	138.0	12	1.05	0.95				
	107	2	44.161306271929824	8.832261254385966	0.0	0.0	1	1.000463705045684	-10.049891590017014	138.0	12	1.05	0.95				
	108	1	60.41266698	12.36516575614035	0.0	0.0	1	1.0059759535112478	-8.024908378984557	138.0	12	1.05	0.95				
	109	1	61.825828780701755	12.718456206315789	0.0	0.0	1	1.0246178443844236	-2.09619391033315	138.0	13	1.05	0.95				
	110	1	68.89163778421053	14.131618007017543	0.0	0.0	1	1.05	-3.3326714180590087	138.0	13	1.05	0.95				
	111	1	0.0	0.0	0.0	0.0	1	1.0040722088246432	0.18804776748910668	230.0	13	1.05	0.95				
	112	1	0.0	0.0	0.0	0.0	1	1.0081889761024971	-0.7612248292521645	230.0	13	1.05	0.95				
	113	3	93.62196929649123	19.077684309473685	0.0	0.0	1	0.994861197552306	-9.63770545710996e-28	230.0	14	1.05	0.95				
	114	2	68.5383473340351	13.778327556842104	0.0	0.0	1	1.005412453789457	3.378318768764766	230.0	16	1.05	0.95				
	115	2	111.99307270561403	22.61058881122807	0.0	0.0	1	1.042897524252609	11.422662867413383	230.0	16	1.05	0.95				
	116	2	35.32904501754386	7.065809003508772	0.0	0.0	1	1.0356170933779196	9.862246201695852	230.0	16	1.05	0.95				
	117	1	0.0	0.0	0.0	0.0	1	1.0412211817909816	14.946652164942607	230.0	17	1.05	0.95				
	118	2	117.64571990842106	24.023750611929824	0.0	0.0	1	1.0496624785757651	15.521050988814116	230.0	17	1.05	0.95				
	119	1	63.945571481754385	13.071746656491229	0.0	0.0	1	1.0239009029517196	6.165023466443312	230.0	15	1.05	0.95				
	120	1	45.22117762245614	9.185551704561403	0.0	0.0	1	1.018838729730982	3.5982399898790103	230.0	15	1.05	0.95				
	121	2	0.0	0.0	0.0	0.0	1	1.05	16.912943216732003	230.0	17	1.05	0.95				
	122	2	0.0	0.0	0.0	0.0	1	1.05	31.18076467763447	230.0	17	1.05	0.95				
	123	2	0.0	0.0	0.0	0.0	1	1.016748417027506	2.455008114249974	230.0	15	1.05	0.95				
	124	1	0.0	0.0	0.0	0.0	1	1.0259224562091187	7.753235222572566	230.0	16	1.05	0.95				
	201	2	38.74264128000001	7.89201952	0.0	0.0	2	1.0149252872566683	-15.664013208270497	138.0	21	1.05	0.95				
	202	2	34.79663152	7.174563200000001	0.0	0.0	2	1.0139999326583942	-15.959114600786377	138.0	22	1.05	0.95				
	203	1	64.5710688	13.272941920000001	0.0	0.0	2	1.015697559968519	-11.467204734557393	138.0	21	1.05	0.95				
	204	1	26.545883840000002	5.3809224	0.0	0.0	2	1.013056328024309	-15.752853721423392	138.0	21	1.05	0.95				
	205	1	25.469699359999996	5.02219424	0.0	0.0	2	1.028246860443113	-16.1997887999669	138.0	21	1.05	0.95				
	206	1	48.78702976	10.04438848	0.0	-100.0	2	1.0439034629738122	-16.972216592327296	138.0	22	1.05	0.95				
	207	2	44.84102	8.968204	0.0	0.0	2	0.9969661111400022	-21.186883887144123	138.0	22	1.05	0.95				
	208	1	61.34251536000001	12.555485599999999	0.0	0.0	2	1.0037318020930188	-19.608395100909142	138.0	22	1.05	0.95				
	209	1	62.777428	12.91421376	0.0	0.0	2	1.022051658440491	-14.090194783348577	138.0	23	1.05	0.95				
	210	1	69.9519912	14.349126400000001	0.0	0.0	2	1.05	-15.57958621104421	138.0	23	1.05	0.95				
	211	1	0.0	0.0	0.0	0.0	2	1.0035587700026891	-11.463293217495371	230.0	23	1.05	0.95				
	212	1	0.0	0.0	0.0	0.0	2	1.0056226387626357	-11.155221945071517	230.0	23	1.05	0.95				
	213	2	95.0629624	19.371320640000004	0.0	0.0	2	0.9963902283283328	-10.588210267285529	230.0	24	1.05	0.95				
	214	2	69.59326304	13.990398240000001	0.0	0.0	2	1.0049014110518133	-8.727461800590579	230.0	26	1.05	0.95				
	215	2	113.71682672000001	22.95860224	0.0	0.0	2	1.0202270901852795	-2.059667526865114	230.0	26	1.05	0.95				
	216	2	35.872816	7.174563200000001	0.0	0.0	2	1.0209053639505592	-2.6821439507623785	230.0	26	1.05	0.95				
	217	1	0.0	0.0	0.0	0.0	2	1.0257673146142534	-0.6980871818655003	230.0	27	1.05	0.95				
	218	2	119.45647728000002	24.39351488	0.0	0.0	2	1.0255095533902658	-1.0936229871723742	230.0	27	1.05	0.95				
	219	1	64.92979696	13.272941920000001	0.0	0.0	2	1.0192466102433386	-3.658319825540118	230.0	25	1.05	0.95				
	220	1	45.91720448	9.326932160000002	0.0	0.0	2	1.020023367336972	-3.7949030851035532	230.0	25	1.05	0.95				
	221	2	0.0	0.0	0.0	0.0	2	1.02733781055651	-0.615246637577508	230.0	27	1.05	0.95				
	222	2	0.0	0.0	0.0	0.0	2	1.0492061883018764	5.852134136401329	230.0	27	1.05	0.95				
	223	2	0.0	0.0	0.0	0.0	2	1.0206780654740226	-3.5889458649193395	230.0	25	1.05	0.95				
	224	1	0.0	0.0	0.0	0.0	2	1.006970875774944	-5.6029994940904055	230.0	26	1.05	0.95				
	301	2	42.16134133894737	8.588421383859648	0.0	0.0	3	1.011186875021225	3.4493408433991988	138.0	31	1.05	0.95				
	302	2	37.86713064701755	7.807655803508773	0.0	0.0	3	1.0110943759666045	3.200679878029235	138.0	32	1.05	0.95				
	303	1	70.26890223157895	14.444163236491228	0.0	0.0	3	1.0432970391199927	14.083552281504478	138.0	31	1.05	0.95				
	304	1	28.888326472982456	5.855741852631578	0.0	0.0	3	1.0133870888987297	4.6337142485260046	138.0	31	1.05	0.95				
	305	1	27.717178102456135	5.46535906245614	0.0	0.0	3	1.0258771460487308	2.4656327282506094	138.0	31	1.05	0.95				
	306	1	53.092059463859655	10.93071812491228	0.0	-100.0	3	1.0421994591100858	1.44204119699867	138.0	32	1.05	0.95				
	307	2	48.79784877192982	9.759569754385964	0.0	0.0	3	0.9818347513457999	-1.7503214838263061	138.0	32	1.05	0.95				
	308	1	66.75545711999999	13.663397656140349	0.0	0.0	3	0.9945328815661627	-0.06871636193213598	138.0	32	1.05	0.95				
	309	1	68.31698828070175	14.05378044631579	0.0	0.0	3	1.0271584336420654	7.403809849934526	138.0	33	1.05	0.95				
	310	1	76.12464408421053	15.615311607017546	0.0	0.0	3	1.05	2.7430822515665847	138.0	33	1.05	0.95				
	311	1	0.0	0.0	0.0	0.0	3	1.0077669752458784	6.229523007408192	230.0	33	1.05	0.95				
	312	1	0.0	0.0	0.0	0.0	3	1.014223911511199	7.079871374641584	230.0	33	1.05	0.95				
	313	2	103.45143939649122	21.080670669473687	0.0	0.0	3	1.010620856980407	8.913448175840188	230.0	34	1.05	0.95				
	314	2	75.7342612940351	15.224928816842107	0.0	0.0	3	0.9976575702046869	5.1406104393904615	230.0	36	1.05	0.95				
	315	2	123.75134448561403	24.98449857122807	0.0	0.0	3	1.029956910581904	6.1332616986880675	230.0	36	1.05	0.95				
	316	2	39.03827901754386	7.807655803508773	0.0	0.0	3	1.0221487962117646	5.963317911818042	230.0	36	1.05	0.95				
	317	1	0.0	0.0	0.0	0.0	3	1.0350705328885363	7.6135823191761025	230.0	37	1.05	0.95				
	318	2	129.99746912842105	26.546029731929828	0.0	0.0	3	1.0341905271330012	6.01037101987519	230.0	37	1.05	0.95				
	319	1	70.65928502175439	14.444163236491228	0.0	0.0	3	1.0175179109813626	6.286889048202606	230.0	35	1.05	0.95				
	320	1	49.96899714245614	10.149952544561405	0.0	0.0	3	1.0160426810485694	7.347198099540525	230.0	35	1.05	0.95				
	321	2	0.0	0.0	0.0	0.0	3	1.0347814361702474	6.6411746246220495	230.0	37	1.05	0.95				
	322	2	0.0	0.0	0.0	0.0	3	1.0485001861518513	11.341146134032815	230.0	37	1.05	0.95				
	323	2	0.0	0.0	0.0	0.0	3	1.0159602134910075	8.240259899876001	230.0	35	1.05	0.95				
	324	1	0.0	0.0	0.0	0.0	3	1.0323448040066323	9.178678030665544	230.0	36	1.05	0.95				
	325	1	0.0	0.0	0.0	0.0	3	1.0172455291148776	8.999789006082816	230.0	35	1.05	0.95				
];
