%% MATPOWER Case Format : Version 2
function mpc = RTS_GMLC
mpc.version = '2';

%%-----  Power Flow Data  -----%%
%% system MVA base
mpc.baseMVA = 100.0;
%% bus data
%    bus_i    type    Pd    Qd    Gs    Bs    area    Vm    Va    baseKV    zone    Vmax    Vmin
mpc.bus = [
	101	2	38.983671435789475	7.941118255438597	0.0	0.0	1	1.018159312606029	-2.228534482256557	138.0	11	1.05	0.95				
	102	2	35.01311230807017	7.219198414035087	0.0	0.0	1	1.0172906421743206	-2.4491951816413606	138.0	12	1.05	0.95				
	103	1	64.97278572631579	13.35551706596491	0.0	0.0	1	1.0320670957834066	0.595636042674597	138.0	11	1.05	0.95				
	104	1	26.71103413192982	5.414398810526316	0.0	0.0	1	1.0189041849506788	-2.9686864213639335	138.0	11	1.05	0.95				
	105	1	25.628154369824557	5.0534388898245615	0.0	0.0	1	1.029711831378235	-3.882628129322172	138.0	11	1.05	0.95				
	106	1	49.09054921543859	10.106877779649123	0.0	-100.0	1	1.0443170354228855	-5.238646060382147	138.0	12	1.05	0.95				
	107	2	45.119990087719295	9.023998017543859	0.0	0.0	1	1.0022204350963957	-9.717412813222952	138.0	12	1.05	0.95				
	108	1	61.72414643999999	12.633597224561402	0.0	0.0	1	1.0075130281073588	-8.249366960564624	138.0	12	1.05	0.95				
	109	1	63.167986122807015	12.994557145263158	0.0	0.0	1	1.025211219507952	-2.8408102165515707	138.0	13	1.05	0.95				
	110	1	70.3871845368421	14.438396828070173	0.0	0.0	1	1.05	-4.381667466170894	138.0	13	1.05	0.95				
	111	1	0.0	0.0	0.0	0.0	1	1.003051382033793	-0.7820062389977421	230.0	13	1.05	0.95				
	112	1	0.0	0.0	0.0	0.0	1	1.0072145111048998	-1.3401239177747006	230.0	13	1.05	0.95				
	113	3	95.65437898596491	19.491835717894737	0.0	0.0	1	0.9952022992908324	-1.6647893245421002e-30	230.0	14	1.05	0.95				
	114	2	70.02622461614034	14.077436907368421	0.0	0.0	1	1.0011539958050666	1.5138466943240754	230.0	16	1.05	0.95				
	115	2	114.42429486245614	23.10143492491228	0.0	0.0	1	1.0363676797421777	8.039353996863381	230.0	16	1.05	0.95				
	116	2	36.095992070175434	7.219198414035087	0.0	0.0	1	1.0321640667366576	6.805074713029054	230.0	16	1.05	0.95				
	117	1	0.0	0.0	0.0	0.0	1	1.0392174533057466	10.597514926409003	230.0	17	1.05	0.95				
	118	2	120.1996535936842	24.545274607719296	0.0	0.0	1	1.0433669469795397	11.366160328107053	230.0	17	1.05	0.95				
	119	1	65.33374564701754	13.35551706596491	0.0	0.0	1	1.0216189248686667	4.2669569751011265	230.0	15	1.05	0.95				
	120	1	46.20286984982456	9.384957938245615	0.0	0.0	1	1.0151880501544541	2.301572527339608	230.0	15	1.05	0.95				
	121	2	0.0	0.0	0.0	0.0	1	1.045408687796368	12.643765322125503	230.0	17	1.05	0.95				
	122	2	0.0	0.0	0.0	0.0	1	1.05	20.06476444320313	230.0	17	1.05	0.95				
	123	2	0.0	0.0	0.0	0.0	1	1.0121201201792684	1.4978332225089117	230.0	15	1.05	0.95				
	124	1	0.0	0.0	0.0	0.0	1	1.025149693958345	5.23730160856658	230.0	16	1.05	0.95				
	201	2	42.97560207157895	8.754289310877192	0.0	0.0	2	1.0162360932896763	-12.56383586604916	138.0	21	1.05	0.95				
	202	2	38.59845741614035	7.958444828070175	0.0	0.0	2	1.0154049821922775	-12.81582960130456	138.0	22	1.05	0.95				
	203	1	71.62600345263156	14.723122931929822	0.0	0.0	2	1.0145087951363947	-9.56501048146307	138.0	21	1.05	0.95				
	204	1	29.446245863859644	5.968833621052631	0.0	0.0	2	1.013360035230433	-12.304528736245144	138.0	21	1.05	0.95				
	205	1	28.252479139649118	5.570911379649123	0.0	0.0	2	1.0283096146243522	-12.655861840105139	138.0	21	1.05	0.95				
	206	1	54.11742483087719	11.141822759298247	0.0	-100.0	2	1.0431683864417522	-13.210668148037158	138.0	22	1.05	0.95				
	207	2	49.74028017543859	9.948056035087719	0.0	0.0	2	0.9988545588101135	-17.985664966578785	138.0	22	1.05	0.95				
	208	1	68.04470328	13.927278449122804	0.0	0.0	2	1.003510308913636	-16.194079812577684	138.0	22	1.05	0.95				
	209	1	69.63639224561403	14.325200690526312	0.0	0.0	2	1.0230869698407508	-10.237706648695296	138.0	23	1.05	0.95				
	210	1	77.5948370736842	15.91688965614035	0.0	0.0	2	1.05	-11.46801652036969	138.0	23	1.05	0.95				
	211	1	0.0	0.0	0.0	0.0	2	1.002310258037659	-8.183617150592312	230.0	23	1.05	0.95				
	212	1	0.0	0.0	0.0	0.0	2	1.008358466213766	-4.492308463864543	230.0	23	1.05	0.95				
	213	2	105.44939397192981	21.487801035789474	0.0	0.0	2	0.995540013194031	-6.543270976442783	230.0	24	1.05	0.95				
	214	2	77.1969148322807	15.518967414736842	0.0	0.0	2	0.9991517956065239	-6.80012535966843	230.0	26	1.05	0.95				
	215	2	126.14135052491227	25.46702344982456	0.0	0.0	2	1.0154406639767257	-1.3244964215084734	230.0	26	1.05	0.95				
	216	2	39.792224140350875	7.958444828070175	0.0	0.0	2	1.0138027553096252	-2.375554213519028	230.0	26	1.05	0.95				
	217	1	0.0	0.0	0.0	0.0	2	1.0197414664994622	-0.56232497270002	230.0	27	1.05	0.95				
	218	2	132.5081063873684	27.058712415438595	0.0	0.0	2	1.01956780494806	-0.8781278976615874	230.0	27	1.05	0.95				
	219	1	72.02392569403509	14.723122931929822	0.0	0.0	2	1.0108370869349597	-3.1808129044247955	230.0	25	1.05	0.95				
	220	1	50.93404689964912	10.345978276491227	0.0	0.0	2	1.0109358430769901	-3.080853779017968	230.0	25	1.05	0.95				
	221	2	0.0	0.0	0.0	0.0	2	1.0217471488458718	-0.22353774844507193	230.0	27	1.05	0.95				
	222	2	0.0	0.0	0.0	0.0	2	1.0435885007982084	6.214836294635106	230.0	27	1.05	0.95				
	223	2	0.0	0.0	0.0	0.0	2	1.0114701493508615	-2.7095409929577765	230.0	25	1.05	0.95				
	224	1	0.0	0.0	0.0	0.0	2	1.004865185719481	-4.439028878158599	230.0	26	1.05	0.95				
	301	2	54.990825688421054	11.20183486245614	0.0	0.0	3	1.000981851201894	2.2054079083385028	138.0	31	1.05	0.95				
	302	2	49.38990825719298	10.18348623859649	0.0	0.0	3	1.0006669672059194	2.131916535958811	138.0	32	1.05	0.95				
	303	1	91.65137614736842	18.839449541403507	0.0	0.0	3	1.0215053291525482	6.2150700843827655	138.0	31	1.05	0.95				
	304	1	37.678899082807014	7.637614678947367	0.0	0.0	3	1.0056168699224863	3.789228712939762	138.0	31	1.05	0.95				
	305	1	36.15137614701754	7.128440367017544	0.0	0.0	3	1.0182207266394	3.5087510944862754	138.0	31	1.05	0.95				
	306	1	69.24770642245615	14.256880734035088	0.0	-100.0	3	1.0361064439396657	3.6460020715388173	138.0	32	1.05	0.95				
	307	2	63.646788991228064	12.729357798245614	0.0	0.0	3	0.9947694555532252	0.1660588805769232	138.0	32	1.05	0.95				
	308	1	87.06880733999999	17.82110091754386	0.0	0.0	3	1.0039521426464646	2.421441834907089	138.0	32	1.05	0.95				
	309	1	89.1055045877193	18.330275229473685	0.0	0.0	3	1.026622143946498	7.221219758650939	138.0	33	1.05	0.95				
	310	1	99.28899082631578	20.36697247719298	0.0	0.0	3	1.05	6.441777571184256	138.0	33	1.05	0.95				
	311	1	0.0	0.0	0.0	0.0	3	1.00885918260722	11.426189521692994	230.0	33	1.05	0.95				
	312	1	0.0	0.0	0.0	0.0	3	1.0141506668185964	12.330508885700786	230.0	33	1.05	0.95				
	313	2	134.9311926614035	27.495412844210527	0.0	0.0	3	1.0164243288136823	16.82881372361688	230.0	34	1.05	0.95				
	314	2	98.77981651438596	19.85779816526316	0.0	0.0	3	1.007004174631749	11.356611949986597	230.0	36	1.05	0.95				
	315	2	161.40825688175437	32.58715596350877	0.0	0.0	3	1.026829160296163	7.853918123905049	230.0	36	1.05	0.95				
	316	2	50.917431192982455	10.18348623859649	0.0	0.0	3	1.0262080039193975	8.800735581737168	230.0	36	1.05	0.95				
	317	1	0.0	0.0	0.0	0.0	3	1.0338400200238893	9.009394656824695	230.0	37	1.05	0.95				
	318	2	169.55504587263158	34.623853211228074	0.0	0.0	3	1.0313158894215133	7.2485450299804866	230.0	37	1.05	0.95				
	319	1	92.16055045929824	18.839449541403507	0.0	0.0	3	1.0245641798709029	10.843676663008099	230.0	35	1.05	0.95				
	320	1	65.17431192701754	13.238532110175438	0.0	0.0	3	1.0241651870871664	12.120845779874074	230.0	35	1.05	0.95				
	321	2	0.0	0.0	0.0	0.0	3	1.0319114184059817	8.048102030553721	230.0	37	1.05	0.95				
	322	2	0.0	0.0	0.0	0.0	3	1.0462094295716209	12.763509333921265	230.0	37	1.05	0.95				
	323	2	0.0	0.0	0.0	0.0	3	1.0237337756734795	12.619944311406357	230.0	35	1.05	0.95				
	324	1	0.0	0.0	0.0	0.0	3	1.0224763070213507	9.157404384276733	230.0	36	1.05	0.95				
	325	1	0.0	0.0	0.0	0.0	3	1.0264057271228944	12.632975022933906	230.0	35	1.05	0.95				
];
