%% MATPOWER Case Format : Version 2
function mpc = RTS_GMLC
mpc.version = '2';

%%-----  Power Flow Data  -----%%
%% system MVA base
mpc.baseMVA = 100.0;
%% bus data
%    bus_i    type    Pd    Qd    Gs    Bs    area    Vm    Va    baseKV    zone    Vmax    Vmin
mpc.bus = [
	101	2	43.21870362947369	8.803809998596492	0.0	0.0	1	1.0181256591533874	-1.354443423586194	138.0	11	1.05	0.95				
	102	2	38.81679863017544	8.003463635087721	0.0	0.0	1	1.015916977428997	-1.9351584100751238	138.0	12	1.05	0.95				
	103	1	72.03117271578948	14.806407724912281	0.0	0.0	1	1.026854096513296	1.3521883605801641	138.0	11	1.05	0.95				
	104	1	29.612815449824563	6.0025977263157895	0.0	0.0	1	1.0143676451923633	-3.2053491336132898	138.0	11	1.05	0.95				
	105	1	28.412295904561404	5.602424544561405	0.0	0.0	1	1.0290459128626974	-3.3421247671046954	138.0	11	1.05	0.95				
	106	1	54.423552718596504	11.20484908912281	0.0	-100.0	1	1.0428149405176756	-4.992614754224731	138.0	12	1.05	0.95				
	107	2	50.021647719298244	10.00432954385965	0.0	0.0	1	0.9993063633107959	-10.24166715199617	138.0	12	1.05	0.95				
	108	1	68.42961408000001	14.006061361403507	0.0	0.0	1	1.0040321474640943	-8.546335882551372	138.0	12	1.05	0.95				
	109	1	70.03030680701755	14.406234543157895	0.0	0.0	1	1.0241344103231518	-2.580336087846205	138.0	13	1.05	0.95				
	110	1	78.03377044210526	16.006927270175442	0.0	0.0	1	1.05	-4.052038114060349	138.0	13	1.05	0.95				
	111	1	0.0	0.0	0.0	0.0	1	1.0071001857884696	0.08186219347325806	230.0	13	1.05	0.95				
	112	1	0.0	0.0	0.0	0.0	1	1.0092389644440805	-0.938049831893745	230.0	13	1.05	0.95				
	113	3	106.04589316491229	21.609351814736844	0.0	0.0	1	0.997993737734261	4.066936335337334e-30	230.0	14	1.05	0.95				
	114	2	77.63359726035088	15.606754088421054	0.0	0.0	1	1.0133508682090695	3.6347298357848805	230.0	16	1.05	0.95				
	115	2	126.85489861614036	25.6110836322807	0.0	0.0	1	1.0405421312915677	12.751310021133948	230.0	16	1.05	0.95				
	116	2	40.0173181754386	8.003463635087721	0.0	0.0	1	1.0343865714003033	11.01630418019148	230.0	16	1.05	0.95				
	117	1	0.0	0.0	0.0	0.0	1	1.0397015984907634	16.737533000592062	230.0	17	1.05	0.95				
	118	2	133.25766952421054	27.211776359298252	0.0	0.0	1	1.05	17.381806483817186	230.0	17	1.05	0.95				
	119	1	72.43134589754386	14.806407724912281	0.0	0.0	1	1.0235875055877701	6.944895537726702	230.0	15	1.05	0.95				
	120	1	51.2221672645614	10.404502725614035	0.0	0.0	1	1.0204558323513462	4.122979880653097	230.0	15	1.05	0.95				
	121	2	0.0	0.0	0.0	0.0	1	1.05	18.942361586893036	230.0	17	1.05	0.95				
	122	2	0.0	0.0	0.0	0.0	1	1.05	35.032963395309636	230.0	17	1.05	0.95				
	123	2	0.0	0.0	0.0	0.0	1	1.0197721534151534	2.876852316403623	230.0	15	1.05	0.95				
	124	1	0.0	0.0	0.0	0.0	1	1.0211764862854649	8.493216496192957	230.0	16	1.05	0.95				
	201	2	39.371635440000006	8.02014796	0.0	0.0	2	1.0137543370254847	-13.490193725737692	138.0	21	1.05	0.95				
	202	2	35.361561460000004	7.291043600000001	0.0	0.0	2	1.0128697886034899	-13.757645369312549	138.0	22	1.05	0.95				
	203	1	65.6193924	13.48843066	0.0	0.0	2	1.0155897290207456	-10.212470894706124	138.0	21	1.05	0.95				
	204	1	26.97686132	5.4682827	0.0	0.0	2	1.012866400101597	-13.456935183608165	138.0	21	1.05	0.95				
	205	1	25.883204779999996	5.103730520000001	0.0	0.0	2	1.0275513242215724	-13.824296785701883	138.0	21	1.05	0.95				
	206	1	49.579096480000004	10.207461040000002	0.0	-100.0	2	1.0434847611812168	-14.486964917143444	138.0	22	1.05	0.95				
	207	2	45.5690225	9.1138045	0.0	0.0	2	0.9963091223440984	-18.788770714552484	138.0	22	1.05	0.95				
	208	1	62.33842278	12.759326299999998	0.0	0.0	2	1.003321910052351	-17.18483636948492	138.0	22	1.05	0.95				
	209	1	63.796631500000004	13.12387848	0.0	0.0	2	1.022898006733854	-11.695458941787843	138.0	23	1.05	0.95				
	210	1	71.0876751	14.582087200000002	0.0	0.0	2	1.05	-12.982745010519363	138.0	23	1.05	0.95				
	211	1	0.0	0.0	0.0	0.0	2	1.0024071164438295	-9.293923276354263	230.0	23	1.05	0.95				
	212	1	0.0	0.0	0.0	0.0	2	1.0077507937170271	-7.620704969970895	230.0	23	1.05	0.95				
	213	2	96.6063277	19.685817720000003	0.0	0.0	2	0.9951924297044179	-8.079773512390535	230.0	24	1.05	0.95				
	214	2	70.72312292000001	14.21753502	0.0	0.0	2	1.0010001963146067	-7.163071656313151	230.0	26	1.05	0.95				
	215	2	115.56304105999999	23.33133952	0.0	0.0	2	1.0198191086217232	-1.4144465190135036	230.0	26	1.05	0.95				
	216	2	36.455218	7.291043600000001	0.0	0.0	2	1.0199948760695767	-1.9537794613997204	230.0	26	1.05	0.95				
	217	1	0.0	0.0	0.0	0.0	2	1.0257680746947155	-0.057522064831039194	230.0	27	1.05	0.95				
	218	2	121.39587594000001	24.789548240000002	0.0	0.0	2	1.025366036323067	-0.4621096696093349	230.0	27	1.05	0.95				
	219	1	65.98394458	13.48843066	0.0	0.0	2	1.0189152173740188	-2.7538578312637747	230.0	25	1.05	0.95				
	220	1	46.66267904	9.478356680000001	0.0	0.0	2	1.0202056781619162	-2.725004243969798	230.0	25	1.05	0.95				
	221	2	0.0	0.0	0.0	0.0	2	1.027108198426354	0.021563924499586492	230.0	27	1.05	0.95				
	222	2	0.0	0.0	0.0	0.0	2	1.049055795336372	6.492331281067856	230.0	27	1.05	0.95				
	223	2	0.0	0.0	0.0	0.0	2	1.0211941158784312	-2.4240495083008673	230.0	25	1.05	0.95				
	224	1	0.0	0.0	0.0	0.0	2	1.0073618736770718	-4.7285708268384345	230.0	26	1.05	0.95				
	301	2	55.281240113684206	11.260993356491229	0.0	0.0	3	1.0082433833513194	0.7351939875770953	138.0	31	1.05	0.95				
	302	2	49.65074343543859	10.237266687719298	0.0	0.0	3	1.0073305201151135	0.5330489166916712	138.0	32	1.05	0.95				
	303	1	92.13540018947369	18.9389433722807	0.0	0.0	3	1.037181235905531	8.795455006884989	138.0	31	1.05	0.95				
	304	1	37.8778867445614	7.677950015789473	0.0	0.0	3	1.0083270173895271	1.7910192023019136	138.0	31	1.05	0.95				
	305	1	36.34229674140351	7.16608668140351	0.0	0.0	3	1.022356970586385	1.2296527839755496	138.0	31	1.05	0.95				
	306	1	69.61341347649123	14.33217336280702	0.0	-100.0	3	1.037830167194595	0.9095234694938619	138.0	32	1.05	0.95				
	307	2	63.98291679824561	12.796583359649121	0.0	0.0	3	0.989940106926378	-5.18573295258497	138.0	32	1.05	0.95				
	308	1	87.52863018	17.91521670350877	0.0	0.0	3	0.9940823927922204	-2.805969553595818	138.0	32	1.05	0.95				
	309	1	89.57608351754385	18.427080037894736	0.0	0.0	3	1.0256767659436654	4.9188454608043575	138.0	33	1.05	0.95				
	310	1	99.81335020526315	20.474533375438597	0.0	0.0	3	1.05	3.3692476738260364	138.0	33	1.05	0.95				
	311	1	0.0	0.0	0.0	0.0	3	1.0098961687338635	8.68844992829758	230.0	33	1.05	0.95				
	312	1	0.0	0.0	0.0	0.0	3	1.0134947349933952	9.122984819056093	230.0	33	1.05	0.95				
	313	2	135.64378361228069	27.640620056842103	0.0	0.0	3	1.012835911641409	12.241120921693893	230.0	34	1.05	0.95				
	314	2	99.30148687087718	19.96267004105263	0.0	0.0	3	1.011447046188982	10.198049236705643	230.0	36	1.05	0.95				
	315	2	162.26067700035088	32.75925340070175	0.0	0.0	3	1.0387687451758274	11.627497169914715	230.0	36	1.05	0.95				
	316	2	51.186333438596485	10.237266687719298	0.0	0.0	3	1.0359499967561037	11.895952878224202	230.0	36	1.05	0.95				
	317	1	0.0	0.0	0.0	0.0	3	1.05	15.853270652584317	230.0	37	1.05	0.95				
	318	2	170.4504903505263	34.806706738245616	0.0	0.0	3	1.0467694563339542	12.824247759424019	230.0	37	1.05	0.95				
	319	1	92.64726352385965	18.9389433722807	0.0	0.0	3	1.028536982382501	11.24859320376772	230.0	35	1.05	0.95				
	320	1	65.5185068014035	13.308446694035087	0.0	0.0	3	1.025956254421829	11.673426080838205	230.0	35	1.05	0.95				
	321	2	0.0	0.0	0.0	0.0	3	1.0450023055470499	13.082789190558923	230.0	37	1.05	0.95				
	322	2	0.0	0.0	0.0	0.0	3	1.05	18.512144261994255	230.0	37	1.05	0.95				
	323	2	0.0	0.0	0.0	0.0	3	1.0250296889993193	12.087416935949845	230.0	35	1.05	0.95				
	324	1	0.0	0.0	0.0	0.0	3	1.034811186999108	12.25385331677628	230.0	36	1.05	0.95				
	325	1	0.0	0.0	0.0	0.0	3	1.026218786211702	12.683257420465374	230.0	35	1.05	0.95				
];

%% generator data
%    bus    Pg    Qg    Qmax    Qmin    Vg    mBase    status    Pmax    Pmin    Pc1    Pc2    Qc1min    Qc1max    Qc2min    Qc2max    ramp_agc    ramp_10    ramp_30    ramp_q    apf
