%% MATPOWER Case Format : Version 2
function mpc = RTS_GMLC
mpc.version = '2';

%%-----  Power Flow Data  -----%%
%% system MVA base
mpc.baseMVA = 100.0;
%% bus data
%    bus_i    type    Pd    Qd    Gs    Bs    area    Vm    Va    baseKV    zone    Vmax    Vmin
mpc.bus = [
	101	2	35.3364670951579	7.198169223087719	0.0	0.0	1	1.0326492712335913	4.269541650090813	138.0	11	1.05	0.95				
	102	2	31.737382483614034	6.543790202807018	0.0	0.0	1	1.0317638889438074	4.020871346036399	138.0	12	1.05	0.95				
	103	1	58.89411182526315	12.106011875192982	0.0	0.0	1	1.0313722915135137	2.0492823917335024	138.0	11	1.05	0.95				
	104	1	24.212023750385963	4.907842652105263	0.0	0.0	1	1.0224894321346292	0.775243025327147	138.0	11	1.05	0.95				
	105	1	23.23045521996491	4.580653141964913	0.0	0.0	1	1.0366508056939763	1.070021325550741	138.0	11	1.05	0.95				
	106	1	44.49777337908772	9.161306283929825	0.0	-100.0	1	1.0478325135918904	-1.111464602789891	138.0	12	1.05	0.95				
	107	2	40.89868876754386	8.179737753508771	0.0	0.0	1	1.0002623888270337	-6.809709531028671	138.0	12	1.05	0.95				
	108	1	55.949406234	11.45163285491228	0.0	0.0	1	1.0073301004663007	-5.291110622720051	138.0	12	1.05	0.95				
	109	1	57.258164274561395	11.778822365052632	0.0	0.0	1	1.0246221429613767	-0.5472481863872534	138.0	13	1.05	0.95				
	110	1	63.80195447736842	13.087580405614036	0.0	0.0	1	1.05	-1.1381118769904037	138.0	13	1.05	0.95				
	111	1	0.0	0.0	0.0	0.0	1	1.00101559756853	0.6250038573675849	230.0	13	1.05	0.95				
	112	1	0.0	0.0	0.0	0.0	1	1.005815981355111	0.6105952829945428	230.0	13	1.05	0.95				
	113	3	86.70522018719298	17.66823354757895	0.0	0.0	1	0.9882366516578991	-1.527525174307665e-30	230.0	14	1.05	0.95				
	114	2	63.47476496722807	12.760390895473684	0.0	0.0	1	0.9981201219256486	2.770880056147889	230.0	16	1.05	0.95				
	115	2	103.71907471449123	20.940128648982455	0.0	0.0	1	1.0370265742187317	7.934090632537852	230.0	16	1.05	0.95				
	116	2	32.718951014035085	6.543790202807018	0.0	0.0	1	1.0322273702395262	7.613395940306733	230.0	16	1.05	0.95				
	117	1	0.0	0.0	0.0	0.0	1	1.0412506644925632	10.008557941392219	230.0	17	1.05	0.95				
	118	2	108.95410687673683	22.24888668954386	0.0	0.0	1	1.045595738422455	10.010702888184628	230.0	17	1.05	0.95				
	119	1	59.22130133540351	12.106011875192982	0.0	0.0	1	1.0241398959683856	6.144955975403439	230.0	15	1.05	0.95				
	120	1	41.88025729796491	8.506927263649121	0.0	0.0	1	1.0192021896863628	5.499744286625658	230.0	15	1.05	0.95				
	121	2	0.0	0.0	0.0	0.0	1	1.0499999989692208	10.765795260203504	230.0	17	1.05	0.95				
	122	2	0.0	0.0	0.0	0.0	1	1.05	19.62978374608465	230.0	17	1.05	0.95				
	123	2	0.0	0.0	0.0	0.0	1	1.0165371713192206	5.402246254851058	230.0	15	1.05	0.95				
	124	1	0.0	0.0	0.0	0.0	1	1.0267870756898843	5.725776032907696	230.0	16	1.05	0.95				
	201	2	39.83063119578948	8.113647095438598	0.0	0.0	2	1.020082883207044	-9.221537871542758	138.0	21	1.05	0.95				
	202	2	35.773807648070175	7.376042814035088	0.0	0.0	2	1.0201851370516284	-9.249910257940472	138.0	22	1.05	0.95				
	203	1	66.3843853263158	13.645679205964914	0.0	0.0	2	1.0158873255879213	-7.3066702930598	138.0	21	1.05	0.95				
	204	1	27.291358411929828	5.532032110526316	0.0	0.0	2	1.0159285238201798	-10.136206772602998	138.0	21	1.05	0.95				
	205	1	26.18495198982456	5.163229969824563	0.0	0.0	2	1.030698058994401	-10.43892341053452	138.0	21	1.05	0.95				
	206	1	50.157091135438606	10.326459939649126	0.0	-100.0	2	1.0449349156078995	-11.521396143378208	138.0	22	1.05	0.95				
	207	2	46.1002675877193	9.22005351754386	0.0	0.0	2	0.994720882944256	-16.429198476478795	138.0	22	1.05	0.95				
	208	1	63.06516606000001	12.908074924561404	0.0	0.0	2	1.0021102396402461	-14.806200951902671	138.0	22	1.05	0.95				
	209	1	64.54037462280702	13.27687706526316	0.0	0.0	2	1.0222879320207487	-9.329357492095548	138.0	23	1.05	0.95				
	210	1	71.91641743684212	14.752085628070176	0.0	0.0	2	1.05	-10.47802384912041	138.0	23	1.05	0.95				
	211	1	0.0	0.0	0.0	0.0	2	1.0025332824769015	-6.942770415030054	230.0	23	1.05	0.95				
	212	1	0.0	0.0	0.0	0.0	2	1.0067323791630969	-6.37845425213134	230.0	23	1.05	0.95				
	213	2	97.73256728596492	19.91531559789474	0.0	0.0	2	0.9959864367848357	-5.951405017929446	230.0	24	1.05	0.95				
	214	2	71.54761529614035	14.383283487368423	0.0	0.0	2	1.0007110991469994	-4.707774165628357	230.0	26	1.05	0.95				
	215	2	116.91027860245615	23.603337004912284	0.0	0.0	2	1.0173461409353537	0.8618570205248975	230.0	26	1.05	0.95				
	216	2	36.88021407017544	7.376042814035088	0.0	0.0	2	1.0191278860767903	0.6789940091005464	230.0	26	1.05	0.95				
	217	1	0.0	0.0	0.0	0.0	2	1.0240223379578508	2.446255611395485	230.0	27	1.05	0.95				
	218	2	122.81111285368422	25.078545567719303	0.0	0.0	2	1.0233817346383784	1.976576505796786	230.0	27	1.05	0.95				
	219	1	66.75318746701755	13.645679205964914	0.0	0.0	2	1.0203203912397187	0.23526857801426834	230.0	25	1.05	0.95				
	220	1	47.20667400982457	9.588855658245615	0.0	0.0	2	1.023555158645452	0.5807629196825523	230.0	25	1.05	0.95				
	221	2	0.0	0.0	0.0	0.0	2	1.0250082753800527	2.412795430521691	230.0	27	1.05	0.95				
	222	2	0.0	0.0	0.0	0.0	2	1.04713507669947	8.952090972941777	230.0	27	1.05	0.95				
	223	2	0.0	0.0	0.0	0.0	2	1.0256899431089201	1.05554876010479	230.0	25	1.05	0.95				
	224	1	0.0	0.0	0.0	0.0	2	1.006629563537325	-2.2236318966650104	230.0	26	1.05	0.95				
	301	2	44.63840557894736	9.093008543859648	0.0	0.0	3	1.0069127592704656	-21.229360960863605	138.0	31	1.05	0.95				
	302	2	40.09190130701754	8.26637140350877	0.0	0.0	3	1.0068877677423882	-21.305454962997544	138.0	32	1.05	0.95				
	303	1	74.39734263157895	15.292787096491226	0.0	0.0	3	1.0201368260345343	-16.694722285952025	138.0	31	1.05	0.95				
	304	1	30.585574192982453	6.199778552631578	0.0	0.0	3	1.010703124509958	-19.687759344369233	138.0	31	1.05	0.95				
	305	1	29.34561848245614	5.78645998245614	0.0	0.0	3	1.0230938520218154	-20.622507626429766	138.0	31	1.05	0.95				
	306	1	56.211325543859644	11.57291996491228	0.0	-100.0	3	1.040610112380925	-20.77801276132219	138.0	32	1.05	0.95				
	307	2	51.66482127192982	10.332964254385963	0.0	0.0	3	0.9935725720698264	-25.036726010409414	138.0	32	1.05	0.95				
	308	1	70.67747549999999	14.466149956140347	0.0	0.0	3	1.0006274289025305	-23.19338304804484	138.0	32	1.05	0.95				
	309	1	72.33074978070174	14.879468526315787	0.0	0.0	3	1.0268602285735007	-16.676772537434925	138.0	33	1.05	0.95				
	310	1	80.59712118421052	16.53274280701754	0.0	0.0	3	1.05	-18.684932456661162	138.0	33	1.05	0.95				
	311	1	0.0	0.0	0.0	0.0	3	1.0067347925862649	-13.27155891578965	230.0	33	1.05	0.95				
	312	1	0.0	0.0	0.0	0.0	3	1.01159276114871	-12.548670036670602	230.0	33	1.05	0.95				
	313	2	109.52942109649122	22.31920278947368	0.0	0.0	3	1.0105577479404348	-9.64164511908144	230.0	34	1.05	0.95				
	314	2	80.18380261403507	16.119424236842104	0.0	0.0	3	1.0034515707117737	-11.920663002082764	230.0	36	1.05	0.95				
	315	2	131.02198674561402	26.452388491228067	0.0	0.0	3	1.0270527142461865	-8.454937570851563	230.0	36	1.05	0.95				
	316	2	41.331857017543854	8.26637140350877	0.0	0.0	3	1.0270344381995455	-7.545361883381868	230.0	36	1.05	0.95				
	317	1	0.0	0.0	0.0	0.0	3	1.0319573118593637	-6.1746550925377095	230.0	37	1.05	0.95				
	318	2	137.63508386842105	28.105662771929822	0.0	0.0	3	1.030404514060308	-6.393184172000865	230.0	37	1.05	0.95				
	319	1	74.81066120175439	15.292787096491226	0.0	0.0	3	1.0257122913941807	-7.746344209008832	230.0	35	1.05	0.95				
	320	1	52.904776982456134	10.746282824561403	0.0	0.0	3	1.0272483609339513	-7.113087735003417	230.0	35	1.05	0.95				
	321	2	0.0	0.0	0.0	0.0	3	1.0315087241613292	-6.545327561945349	230.0	37	1.05	0.95				
	322	2	0.0	0.0	0.0	0.0	3	1.0449431235883837	-2.050805704607109	230.0	37	1.05	0.95				
	323	2	0.0	0.0	0.0	0.0	3	1.0287335427142275	-6.448019277863223	230.0	35	1.05	0.95				
	324	1	0.0	0.0	0.0	0.0	3	1.0141156722116904	-11.549101009340596	230.0	36	1.05	0.95				
	325	1	0.0	0.0	0.0	0.0	3	1.0248074414388246	-5.004438582277794	230.0	35	1.05	0.95				
];
