%% MATPOWER Case Format : Version 2
function mpc = RTS_GMLC
mpc.version = '2';

%%-----  Power Flow Data  -----%%
%% system MVA base
mpc.baseMVA = 100.0;
%% bus data
%    bus_i    type    Pd    Qd    Gs    Bs    area    Vm    Va    baseKV    zone    Vmax    Vmin
mpc.bus = [
	101	2	39.83869371789474	8.115289461052633	0.0	0.0	1	1.0353843143163477	4.252168873553758	138.0	11	1.05	0.95				
	102	2	35.78104898736842	7.377535873684211	0.0	0.0	1	1.0330711967117236	3.6417858001380328	138.0	12	1.05	0.95				
	103	1	66.39782286315791	13.648441366315792	0.0	0.0	1	1.0356705964505541	3.8788393643447896	138.0	11	1.05	0.95				
	104	1	27.296882732631584	5.533151905263158	0.0	0.0	1	1.0252203605081476	1.2290456442314113	138.0	11	1.05	0.95				
	105	1	26.19025235157895	5.164275111578949	0.0	0.0	1	1.03735073299654	0.8559119058873694	138.0	11	1.05	0.95				
	106	1	50.16724394105264	10.328550223157897	0.0	-100.0	1	1.046998786545387	-1.5550502581543744	138.0	12	1.05	0.95				
	107	2	46.10959921052632	9.221919842105263	0.0	0.0	1	1.0000233287051248	-7.0908808651678354	138.0	12	1.05	0.95				
	108	1	63.07793172	12.910687778947368	0.0	0.0	1	1.0058409070884677	-5.588216754055387	138.0	12	1.05	0.95				
	109	1	64.55343889473684	13.27956457263158	0.0	0.0	1	1.0246789334214252	-0.26295040604343634	138.0	13	1.05	0.95				
	110	1	71.93097476842105	14.755071747368422	0.0	0.0	1	1.05	-1.4320211349216259	138.0	13	1.05	0.95				
	111	1	0.0	0.0	0.0	0.0	1	1.0030831376809692	0.9812311587877075	230.0	13	1.05	0.95				
	112	1	0.0	0.0	0.0	0.0	1	1.006437155134575	0.1832284181969288	230.0	13	1.05	0.95				
	113	3	97.75235032631579	19.91934685894737	0.0	0.0	1	0.9898863239205717	2.191099428515336e-29	230.0	14	1.05	0.95				
	114	2	71.56209797473684	14.386194953684212	0.0	0.0	1	1.003978182936594	3.7822796540078936	230.0	16	1.05	0.95				
	115	2	116.93394359789475	23.608114795789476	0.0	0.0	1	1.0418832523190926	11.245160041740832	230.0	16	1.05	0.95				
	116	2	36.887679368421054	7.377535873684211	0.0	0.0	1	1.0346703968445536	9.828118168716752	230.0	16	1.05	0.95				
	117	1	0.0	0.0	0.0	0.0	1	1.040836017380746	14.631934153286885	230.0	17	1.05	0.95				
	118	2	122.83597229684212	25.08362197052632	0.0	0.0	1	1.0491474078994558	15.064286981493703	230.0	17	1.05	0.95				
	119	1	66.7666996568421	13.648441366315792	0.0	0.0	1	1.021670401049616	6.427091882320072	230.0	15	1.05	0.95				
	120	1	47.21622959157895	9.590796635789475	0.0	0.0	1	1.0151550009918786	4.147490647278209	230.0	15	1.05	0.95				
	121	2	0.0	0.0	0.0	0.0	1	1.05	16.149329800537373	230.0	17	1.05	0.95				
	122	2	0.0	0.0	0.0	0.0	1	1.05	30.7949940116476	230.0	17	1.05	0.95				
	123	2	0.0	0.0	0.0	0.0	1	1.0122038965483144	3.175192240991346	230.0	15	1.05	0.95				
	124	1	0.0	0.0	0.0	0.0	1	1.0299744304907523	8.47827576208504	230.0	16	1.05	0.95				
	201	2	37.67165118947368	7.673854871929824	0.0	0.0	2	1.0164627272924571	-9.650842705991973	138.0	21	1.05	0.95				
	202	2	33.83472375350877	6.976231701754386	0.0	0.0	2	1.0156223293349602	-9.89998409804881	138.0	22	1.05	0.95				
	203	1	62.786085315789464	12.906028648245613	0.0	0.0	2	1.0147197976408218	-6.97232505274516	138.0	21	1.05	0.95				
	204	1	25.812057296491226	5.232173776315788	0.0	0.0	2	1.0142298026424237	-9.598552183947513	138.0	21	1.05	0.95				
	205	1	24.765622541228066	4.883362191228071	0.0	0.0	2	1.0291523737186246	-9.906210968379687	138.0	21	1.05	0.95				
	206	1	47.43837557192982	9.766724382456141	0.0	-100.0	2	1.0446139352792116	-10.510308147386498	138.0	22	1.05	0.95				
	207	2	43.6014481359649	8.720289627192981	0.0	0.0	2	0.9996146166988206	-14.64118157706196	138.0	22	1.05	0.95				
	208	1	59.64678104999999	12.208405478070175	0.0	0.0	2	1.0057615996625073	-13.107439554127748	138.0	22	1.05	0.95				
	209	1	61.042027390350874	12.557217063157895	0.0	0.0	2	1.022515826442539	-7.900528169053215	138.0	23	1.05	0.95				
	210	1	68.01825909210525	13.952463403508771	0.0	0.0	2	1.05	-9.037636887826087	138.0	23	1.05	0.95				
	211	1	0.0	0.0	0.0	0.0	2	0.999754835463249	-6.160202526629281	230.0	23	1.05	0.95				
	212	1	0.0	0.0	0.0	0.0	2	1.0060063932662078	-3.118738945518108	230.0	23	1.05	0.95				
	213	2	92.4350700482456	18.83582559473684	0.0	0.0	2	0.9900474358087248	-5.115114007946005	230.0	24	1.05	0.95				
	214	2	67.66944750701754	13.603651818421051	0.0	0.0	2	0.9958055391670001	-4.600799263113163	230.0	26	1.05	0.95				
	215	2	110.57327247280699	22.323941445614032	0.0	0.0	2	1.0134735746709964	0.6945999330583571	230.0	26	1.05	0.95				
	216	2	34.881158508771925	6.976231701754386	0.0	0.0	2	1.0120951253547452	-0.25980154956025214	230.0	26	1.05	0.95				
	217	1	0.0	0.0	0.0	0.0	2	1.0185340988778457	1.541339026149546	230.0	27	1.05	0.95				
	218	2	116.15425783421051	23.71918778596491	0.0	0.0	2	1.0183623936341581	1.2943335113687036	230.0	27	1.05	0.95				
	219	1	63.134896900877195	12.906028648245613	0.0	0.0	2	1.0067685071650583	-1.939327673663593	230.0	25	1.05	0.95				
	220	1	44.647882891228065	9.069101212280701	0.0	0.0	2	1.0047107456731472	-2.698208646773944	230.0	25	1.05	0.95				
	221	2	0.0	0.0	0.0	0.0	2	1.020299697729406	1.897337208350714	230.0	27	1.05	0.95				
	222	2	0.0	0.0	0.0	0.0	2	1.0422662464997519	8.345936263313373	230.0	27	1.05	0.95				
	223	2	0.0	0.0	0.0	0.0	2	1.0037806240146152	-2.834328058042969	230.0	25	1.05	0.95				
	224	1	0.0	0.0	0.0	0.0	2	1.0043277173597702	-2.2096924486268508	230.0	26	1.05	0.95				
	301	2	50.51502689684211	10.290098071578948	0.0	0.0	3	1.005971742359685	-13.180447468255062	138.0	31	1.05	0.95				
	302	2	45.36997786105263	9.354634610526317	0.0	0.0	3	1.005728390227553	-13.2485805467777	138.0	32	1.05	0.95				
	303	1	84.19171149473684	17.306074029473685	0.0	0.0	3	1.0168746584168333	-9.058213179918823	138.0	31	1.05	0.95				
	304	1	34.61214805894737	7.015975957894736	0.0	0.0	3	1.0083280504755905	-11.586449708882064	138.0	31	1.05	0.95				
	305	1	33.20895286736842	6.548244227368421	0.0	0.0	3	1.0215633422833619	-12.115000517296862	138.0	31	1.05	0.95				
	306	1	63.61151535157895	13.096488454736843	0.0	-100.0	3	1.0386499963818614	-12.06734563185799	138.0	32	1.05	0.95				
	307	2	58.46646631578947	11.693293263157894	0.0	0.0	3	0.9967017727766421	-16.29901579830456	138.0	32	1.05	0.95				
	308	1	79.98212592	16.37061056842105	0.0	0.0	3	1.002810929041409	-14.19486505518963	138.0	32	1.05	0.95				
	309	1	81.85305284210527	16.838342298947367	0.0	0.0	3	1.0257243783061332	-8.313995321934636	138.0	33	1.05	0.95				
	310	1	91.20768745263157	18.709269221052633	0.0	0.0	3	1.05	-9.548182551872339	138.0	33	1.05	0.95				
	311	1	0.0	0.0	0.0	0.0	3	1.008359059870628	-3.6705668647456706	230.0	33	1.05	0.95				
	312	1	0.0	0.0	0.0	0.0	3	1.0128591570913839	-2.76209725538328	230.0	33	1.05	0.95				
	313	2	123.94890858947367	25.257513448421054	0.0	0.0	3	1.018095869098933	1.744363190774626	230.0	34	1.05	0.95				
	314	2	90.73995572210526	18.241537490526316	0.0	0.0	3	1.0068007139723332	-3.092105040148989	230.0	36	1.05	0.95				
	315	2	148.2709585768421	29.93483075368421	0.0	0.0	3	1.0229142677134524	-2.2398292357053564	230.0	36	1.05	0.95				
	316	2	46.77317305263158	9.354634610526317	0.0	0.0	3	1.0237334412092483	-1.1118577990320353	230.0	36	1.05	0.95				
	317	1	0.0	0.0	0.0	0.0	3	1.0277168348036179	-0.13304107036540877	230.0	37	1.05	0.95				
	318	2	155.75466626526315	31.805757675789476	0.0	0.0	3	1.023871115888825	-1.2570602829076596	230.0	37	1.05	0.95				
	319	1	84.65944322526315	17.306074029473685	0.0	0.0	3	1.0240769111348664	-0.3511516514870728	230.0	35	1.05	0.95				
	320	1	59.86966150736842	12.161024993684212	0.0	0.0	3	1.0272609368258667	0.938554750928077	230.0	35	1.05	0.95				
	321	2	0.0	0.0	0.0	0.0	3	1.0258040573904912	-1.005061776754612	230.0	37	1.05	0.95				
	322	2	0.0	0.0	0.0	0.0	3	1.039969773941927	3.728611835262135	230.0	37	1.05	0.95				
	323	2	0.0	0.0	0.0	0.0	3	1.0298052948660301	1.8604031091071656	230.0	35	1.05	0.95				
	324	1	0.0	0.0	0.0	0.0	3	1.0129311712550624	-4.034950586486424	230.0	36	1.05	0.95				
	325	1	0.0	0.0	0.0	0.0	3	1.0274029837567629	3.066055309594615	230.0	35	1.05	0.95				
];
