%% MATPOWER Case Format : Version 2
function mpc = RTS_GMLC
mpc.version = '2';

%%-----  Power Flow Data  -----%%
%% system MVA base
mpc.baseMVA = 100.0;
%% bus data
%    bus_i    type    Pd    Qd    Gs    Bs    area    Vm    Va    baseKV    zone    Vmax    Vmin
mpc.bus = [
	101	2	40.22612568	8.194210786666666	0.0	0.0	1	1.0348759934219887	2.9645868398593453	138.0	11	1.05	0.95				
	102	2	36.129020286666666	7.449282533333333	0.0	0.0	1	1.0339971334604834	2.714573318916433	138.0	12	1.05	0.95				
	103	1	67.0435428	13.781172686666668	0.0	0.0	1	1.0275894528829805	1.100332762612711	138.0	11	1.05	0.95				
	104	1	27.562345373333336	5.5869619	0.0	0.0	1	1.022411095305001	-0.31662577543605375	138.0	11	1.05	0.95				
	105	1	26.44495299333333	5.214497773333334	0.0	0.0	1	1.03735221693514	-0.06471096250815477	138.0	11	1.05	0.95				
	106	1	50.655121226666665	10.428995546666668	0.0	-100.0	1	1.0472742123578769	-2.190989269446788	138.0	12	1.05	0.95				
	107	2	46.558015833333336	9.311603166666666	0.0	0.0	1	1.0017873290193102	-7.035656809795074	138.0	12	1.05	0.95				
	108	1	63.69136566	13.036244433333334	0.0	0.0	1	1.006983139860698	-5.905257879485773	138.0	12	1.05	0.95				
	109	1	65.18122216666666	13.408708559999999	0.0	0.0	1	1.0239306497570115	-1.2879520639111894	138.0	13	1.05	0.95				
	110	1	72.6305047	14.898565066666666	0.0	0.0	1	1.05	-1.965440204797136	138.0	13	1.05	0.95				
	111	1	0.0	0.0	0.0	0.0	1	1.000971469884109	0.14600566926283037	230.0	13	1.05	0.95				
	112	1	0.0	0.0	0.0	0.0	1	1.0060317420160647	0.3753955945125693	230.0	13	1.05	0.95				
	113	3	98.70299356666666	20.11306284	0.0	0.0	1	0.9909819655373913	-3.0953302436483036e-30	230.0	14	1.05	0.95				
	114	2	72.25804057333333	14.526100940000001	0.0	0.0	1	0.9965290589377398	2.1884748166705883	230.0	16	1.05	0.95				
	115	2	118.07112815333333	23.837704106666667	0.0	0.0	1	1.0300084542306924	7.553696830646754	230.0	16	1.05	0.95				
	116	2	37.246412666666664	7.449282533333333	0.0	0.0	1	1.0266246192019823	7.218359170357599	230.0	16	1.05	0.95				
	117	1	0.0	0.0	0.0	0.0	1	1.0345563397599982	9.369963952921335	230.0	17	1.05	0.95				
	118	2	124.03055418	25.327560613333333	0.0	0.0	1	1.0364750522697286	9.554994373295397	230.0	17	1.05	0.95				
	119	1	67.41600692666667	13.781172686666668	0.0	0.0	1	1.0208222596137793	6.076803232329741	230.0	15	1.05	0.95				
	120	1	47.675408213333334	9.684067293333335	0.0	0.0	1	1.0182192502465375	5.814928369221668	230.0	15	1.05	0.95				
	121	2	0.0	0.0	0.0	0.0	1	1.0393951078977475	10.590312312917257	230.0	17	1.05	0.95				
	122	2	0.0	0.0	0.0	0.0	1	1.05	16.612132795851828	230.0	17	1.05	0.95				
	123	2	0.0	0.0	0.0	0.0	1	1.017069876864363	5.964272219415103	230.0	15	1.05	0.95				
	124	1	0.0	0.0	0.0	0.0	1	1.0205209881728785	5.120929518215581	230.0	16	1.05	0.95				
	201	2	42.21060915789474	8.59845742105263	0.0	0.0	2	1.0264072298341191	-6.228300548251242	138.0	21	1.05	0.95				
	202	2	37.91138044736842	7.8167794736842104	0.0	0.0	2	1.027176294911104	-6.072350978859149	138.0	22	1.05	0.95				
	203	1	70.35101526315789	14.461042026315788	0.0	0.0	2	1.0168177549671826	-5.897722355723779	138.0	21	1.05	0.95				
	204	1	28.922084052631575	5.862584605263158	0.0	0.0	2	1.018741989684671	-7.591684561149141	138.0	21	1.05	0.95				
	205	1	27.749567131578946	5.471745631578948	0.0	0.0	2	1.0335528979144883	-7.798290971371415	138.0	21	1.05	0.95				
	206	1	53.15410042105263	10.943491263157895	0.0	-100.0	2	1.0458545136963706	-9.045126540272197	138.0	22	1.05	0.95				
	207	2	48.85487171052632	9.770974342105262	0.0	0.0	2	0.9949554550727753	-14.642654126084166	138.0	22	1.05	0.95				
	208	1	66.83346449999999	13.679364078947367	0.0	0.0	2	1.0014314106270887	-12.901024199934454	138.0	22	1.05	0.95				
	209	1	68.39682039473684	14.070203052631577	0.0	0.0	2	1.022522580477119	-7.226241071209631	138.0	23	1.05	0.95				
	210	1	76.21359986842104	15.633558947368421	0.0	0.0	2	1.05	-8.135669485253347	138.0	23	1.05	0.95				
	211	1	0.0	0.0	0.0	0.0	2	1.0022371731596817	-4.8038185438621825	230.0	23	1.05	0.95				
	212	1	0.0	0.0	0.0	0.0	2	1.0054591672981044	-3.9253994423475893	230.0	23	1.05	0.95				
	213	2	103.57232802631577	21.10530457894737	0.0	0.0	2	0.995635161262894	-3.552594061429257	230.0	24	1.05	0.95				
	214	2	75.82276089473685	15.24271997368421	0.0	0.0	2	0.9997161422714179	-2.877134844487791	230.0	26	1.05	0.95				
	215	2	123.89595465789473	25.01369431578947	0.0	0.0	2	1.0170311453793943	2.0820377155420147	230.0	26	1.05	0.95				
	216	2	39.08389736842105	7.8167794736842104	0.0	0.0	2	1.0179145993002763	2.226609736067586	230.0	26	1.05	0.95				
	217	1	0.0	0.0	0.0	0.0	2	1.0233952702514533	3.6795302601763646	230.0	27	1.05	0.95				
	218	2	130.1493782368421	26.577050210526316	0.0	0.0	2	1.0226095110754574	3.1670855318210998	230.0	27	1.05	0.95				
	219	1	70.7418542368421	14.461042026315788	0.0	0.0	2	1.0178887611890874	2.4190925612409018	230.0	25	1.05	0.95				
	220	1	50.02738863157894	10.161813315789473	0.0	0.0	2	1.0203839318800292	3.361887747912708	230.0	25	1.05	0.95				
	221	2	0.0	0.0	0.0	0.0	2	1.024391631810916	3.6159630757258996	230.0	27	1.05	0.95				
	222	2	0.0	0.0	0.0	0.0	2	1.046467914391461	10.175625151925713	230.0	27	1.05	0.95				
	223	2	0.0	0.0	0.0	0.0	2	1.0224250792224077	4.182859947599001	230.0	25	1.05	0.95				
	224	1	0.0	0.0	0.0	0.0	2	1.0069822505720873	-0.936096388648268	230.0	26	1.05	0.95				
	301	2	35.73805757684211	7.279974691578947	0.0	0.0	3	1.0142631381131573	-10.016345018545422	138.0	31	1.05	0.95				
	302	2	32.09807023105263	6.618158810526316	0.0	0.0	3	1.0142619228056906	-10.129072287809105	138.0	32	1.05	0.95				
	303	1	59.56342929473685	12.243593799473684	0.0	0.0	3	1.0240290127148823	-4.9971839793760635	138.0	31	1.05	0.95				
	304	1	24.48718759894737	4.963619107894736	0.0	0.0	3	1.0145143384140343	-9.072405315034173	138.0	31	1.05	0.95				
	305	1	23.49446377736842	4.632711167368422	0.0	0.0	3	1.0281911498728866	-9.790875440725465	138.0	31	1.05	0.95				
	306	1	45.00347991157895	9.265422334736844	0.0	-100.0	3	1.0448101088332697	-10.092572267954594	138.0	32	1.05	0.95				
	307	2	41.36349256578947	8.272698513157895	0.0	0.0	3	0.9937021664158847	-13.416923184301025	138.0	32	1.05	0.95				
	308	1	56.58525783	11.581777918421052	0.0	0.0	3	1.0033289698107528	-12.006658462224108	138.0	32	1.05	0.95				
	309	1	57.90888959210526	11.912685858947368	0.0	0.0	3	1.0239729563467468	-6.8366507549356434	138.0	33	1.05	0.95				
	310	1	64.52704840263156	13.236317621052631	0.0	0.0	3	1.05	-8.495986756702559	138.0	33	1.05	0.95				
	311	1	0.0	0.0	0.0	0.0	3	0.9993445255840416	-4.291825383615656	230.0	33	1.05	0.95				
	312	1	0.0	0.0	0.0	0.0	3	1.005866576466681	-3.7400887930849773	230.0	33	1.05	0.95				
	313	2	87.69060423947369	17.869028788421055	0.0	0.0	3	1.0022027187458977	-1.0034006863157412	230.0	34	1.05	0.95				
	314	2	64.19614046210526	12.905409680526317	0.0	0.0	3	0.9872968454952926	-3.6204002991199475	230.0	36	1.05	0.95				
	315	2	104.8978171468421	21.17810819368421	0.0	0.0	3	1.0083084364343569	-1.223885960992001	230.0	36	1.05	0.95				
	316	2	33.09079405263158	6.618158810526316	0.0	0.0	3	1.007185014763822	-0.6944422731983656	230.0	36	1.05	0.95				
	317	1	0.0	0.0	0.0	0.0	3	1.0129907469327482	0.14600646638853224	230.0	37	1.05	0.95				
	318	2	110.19234419526316	22.501739955789475	0.0	0.0	3	1.01270917419824	0.0020720696625511244	230.0	37	1.05	0.95				
	319	1	59.894337235263166	12.243593799473684	0.0	0.0	3	1.0051668105322662	-0.9017181909492282	230.0	35	1.05	0.95				
	320	1	42.35621638736842	8.603606453684211	0.0	0.0	3	1.0052381292988708	-0.40541437365067223	230.0	35	1.05	0.95				
	321	2	0.0	0.0	0.0	0.0	3	1.0133019304887585	0.14213629201683056	230.0	37	1.05	0.95				
	322	2	0.0	0.0	0.0	0.0	3	1.026829937842538	4.648330181159153	230.0	37	1.05	0.95				
	323	2	0.0	0.0	0.0	0.0	3	1.0055436614968356	0.13566310771431522	230.0	35	1.05	0.95				
	324	1	0.0	0.0	0.0	0.0	3	1.0080558321790691	-2.682861244476396	230.0	36	1.05	0.95				
	325	1	0.0	0.0	0.0	0.0	3	1.0061138918297532	1.0453375062976968	230.0	35	1.05	0.95				
];
