%% MATPOWER Case Format : Version 2
function mpc = RTS_GMLC
mpc.version = '2';

%%-----  Power Flow Data  -----%%
%% system MVA base
mpc.baseMVA = 100.0;
%% bus data
%    bus_i    type    Pd    Qd    Gs    Bs    area    Vm    Va    baseKV    zone    Vmax    Vmin
mpc.bus = [
	101	2	44.62147451368421	9.089559623157895	0.0	0.0	1	1.0446804560088747	4.749215860786779	138.0	11	1.05	0.95				
	102	2	40.07669470210526	8.263236021052633	0.0	0.0	1	1.0436483299267987	4.4509294129693195	138.0	12	1.05	0.95				
	103	1	74.36912418947368	15.286986638947367	0.0	0.0	1	1.0297105483676678	1.5113039411269982	138.0	11	1.05	0.95				
	104	1	30.573973277894734	6.197427015789473	0.0	0.0	1	1.02727488794084	0.8078621565415947	138.0	11	1.05	0.95				
	105	1	29.33448787473684	5.784265214736842	0.0	0.0	1	1.0410576937348544	0.8593824394662474	138.0	11	1.05	0.95				
	106	1	56.1900049431579	11.568530429473684	0.0	-100.0	1	1.0477874205553923	-1.7913949286484465	138.0	12	1.05	0.95				
	107	2	51.64522513157894	10.32904502631579	0.0	0.0	1	1.0003941307092412	-8.108355040886535	138.0	12	1.05	0.95				
	108	1	70.65066798	14.460663036842103	0.0	0.0	1	1.0045004457610853	-6.59309654328132	138.0	12	1.05	0.95				
	109	1	72.30331518421053	14.873824837894736	0.0	0.0	1	1.0242514801420903	-1.1817509251991563	138.0	13	1.05	0.95				
	110	1	80.56655120526315	16.526472042105265	0.0	0.0	1	1.05	-1.8335137952670504	138.0	13	1.05	0.95				
	111	1	0.0	0.0	0.0	0.0	1	1.0019877249116305	0.09405319772470148	230.0	13	1.05	0.95				
	112	1	0.0	0.0	0.0	0.0	1	1.0072597822534322	0.29423991824181794	230.0	13	1.05	0.95				
	113	3	109.48787727894735	22.310737256842106	0.0	0.0	1	0.9926372939521483	5.40480844349864e-31	230.0	14	1.05	0.95				
	114	2	80.15338940421051	16.11331024105263	0.0	0.0	1	0.9973370602699337	1.9110730880831253	230.0	16	1.05	0.95				
	115	2	130.9722909336842	26.442355267368423	0.0	0.0	1	1.0325889486890554	7.250069150815833	230.0	16	1.05	0.95				
	116	2	41.31618010526316	8.263236021052633	0.0	0.0	1	1.0287911467847355	6.876849478720286	230.0	16	1.05	0.95				
	117	1	0.0	0.0	0.0	0.0	1	1.0369548090812326	9.177098784707063	230.0	17	1.05	0.95				
	118	2	137.58287975052633	28.09500247157895	0.0	0.0	1	1.0394485843662	9.427579419097832	230.0	17	1.05	0.95				
	119	1	74.7822859905263	15.286986638947367	0.0	0.0	1	1.022071878305638	5.580803527185152	230.0	15	1.05	0.95				
	120	1	52.88471053473685	10.74220682736842	0.0	0.0	1	1.018988828851292	5.154870480918056	230.0	15	1.05	0.95				
	121	2	0.0	0.0	0.0	0.0	1	1.0428093729730668	10.524220915199251	230.0	17	1.05	0.95				
	122	2	0.0	0.0	0.0	0.0	1	1.05	16.534659382097658	230.0	17	1.05	0.95				
	123	2	0.0	0.0	0.0	0.0	1	1.0177529734096584	5.243933657040847	230.0	15	1.05	0.95				
	124	1	0.0	0.0	0.0	0.0	1	1.0235600349724965	5.089392539833535	230.0	16	1.05	0.95				
	201	2	41.39461671157895	8.432236737543858	0.0	0.0	2	1.019881685045585	-9.496800772702178	138.0	21	1.05	0.95				
	202	2	37.17849834280702	7.665669761403509	0.0	0.0	2	1.0198368145675136	-9.548942653329934	138.0	22	1.05	0.95				
	203	1	68.99102785263158	14.181489058596492	0.0	0.0	2	1.0166892385238728	-7.4386138335487795	138.0	21	1.05	0.95				
	204	1	28.362978117192984	5.749252321052631	0.0	0.0	2	1.0156988472894957	-10.228731664946125	138.0	21	1.05	0.95				
	205	1	27.213127652982454	5.365968832982457	0.0	0.0	2	1.0304207990291967	-10.54331065207545	138.0	21	1.05	0.95				
	206	1	52.12655437754387	10.731937665964914	0.0	-100.0	2	1.0444992921160268	-11.550850506481785	138.0	22	1.05	0.95				
	207	2	47.91043600877193	9.582087201754385	0.0	0.0	2	0.9950376851689448	-16.591613638481043	138.0	22	1.05	0.95				
	208	1	65.54147646	13.414922082456137	0.0	0.0	2	1.0018082852371741	-14.890939987371233	138.0	22	1.05	0.95				
	209	1	67.0746104122807	13.798205570526315	0.0	0.0	2	1.0226897084440028	-9.194747459962478	138.0	23	1.05	0.95				
	210	1	74.7402801736842	15.331339522807019	0.0	0.0	2	1.05	-10.364497932760106	138.0	23	1.05	0.95				
	211	1	0.0	0.0	0.0	0.0	2	1.0034536531679332	-6.557296882537504	230.0	23	1.05	0.95				
	212	1	0.0	0.0	0.0	0.0	2	1.0063638058995334	-5.895321284240818	230.0	23	1.05	0.95				
	213	2	101.57012433859649	20.697308355789474	0.0	0.0	2	0.9972041515488167	-5.388356595029728	230.0	24	1.05	0.95				
	214	2	74.35699668561404	14.948056034736842	0.0	0.0	2	1.0029268560251263	-4.222838295135532	230.0	26	1.05	0.95				
	215	2	121.5008657182456	24.530143236491227	0.0	0.0	2	1.020593659316962	1.6498865333928017	230.0	26	1.05	0.95				
	216	2	38.32834880701754	7.665669761403509	0.0	0.0	2	1.0212007222712385	1.3965964060877962	230.0	26	1.05	0.95				
	217	1	0.0	0.0	0.0	0.0	2	1.0262261385093474	2.992187513068458	230.0	27	1.05	0.95				
	218	2	127.63340152736842	26.063277188771934	0.0	0.0	2	1.0256515783215494	2.5585631998684075	230.0	27	1.05	0.95				
	219	1	69.37431134070175	14.181489058596492	0.0	0.0	2	1.0210194676617055	1.119466589584323	230.0	25	1.05	0.95				
	220	1	49.060286472982455	9.965370689824562	0.0	0.0	2	1.0232182382309312	1.6359496700183125	230.0	25	1.05	0.95				
	221	2	0.0	0.0	0.0	0.0	2	1.0275516550081714	3.057310373803404	230.0	27	1.05	0.95				
	222	2	0.0	0.0	0.0	0.0	2	1.0493997906900214	9.529321396895279	230.0	27	1.05	0.95				
	223	2	0.0	0.0	0.0	0.0	2	1.0248998933951319	2.216318957795101	230.0	25	1.05	0.95				
	224	1	0.0	0.0	0.0	0.0	2	1.0079280100559367	-1.7751813722178504	230.0	26	1.05	0.95				
	301	2	60.577032581052634	12.339765896140351	0.0	0.0	3	1.0095260019227592	-11.777651401289528	138.0	31	1.05	0.95				
	302	2	54.40714963298245	11.217968996491228	0.0	0.0	3	1.008814687262318	-11.955677955895796	138.0	32	1.05	0.95				
	303	1	100.96172096842105	20.75324264350877	0.0	0.0	3	1.0301638789093766	-4.114394626710545	138.0	31	1.05	0.95				
	304	1	41.50648528701754	8.41347674736842	0.0	0.0	3	1.0077169546763527	-10.362055593916043	138.0	31	1.05	0.95				
	305	1	39.82378993754386	7.852578297543861	0.0	0.0	3	1.0220981622271195	-10.932786613716674	138.0	31	1.05	0.95				
	306	1	76.28218917614036	15.705156595087722	0.0	-100.0	3	1.0366706236234582	-11.098247050046325	138.0	32	1.05	0.95				
	307	2	70.11230622807018	14.022461245614034	0.0	0.0	3	0.9943662107031719	-17.112046053606527	138.0	32	1.05	0.95				
	308	1	95.91363491999999	19.631445743859647	0.0	0.0	3	0.9965440960136692	-14.485161375930602	138.0	32	1.05	0.95				
	309	1	98.15722871929825	20.192344193684207	0.0	0.0	3	1.0257113640838542	-6.762411294737004	138.0	33	1.05	0.95				
	310	1	109.37519771578947	22.435937992982456	0.0	0.0	3	1.05	-8.287408578097253	138.0	33	1.05	0.95				
	311	1	0.0	0.0	0.0	0.0	3	1.0113842908164585	-2.3074727701676454	230.0	33	1.05	0.95				
	312	1	0.0	0.0	0.0	0.0	3	1.014525182738214	-1.5600142072572547	230.0	33	1.05	0.95				
	313	2	148.63808920350877	30.288516290526317	0.0	0.0	3	1.0200806689322917	2.4698821090148613	230.0	34	1.05	0.95				
	314	2	108.8142992659649	21.875039543157897	0.0	0.0	3	1.01285340790959	-1.239016597960595	230.0	36	1.05	0.95				
	315	2	177.80480859438597	35.89750078877193	0.0	0.0	3	1.0270990266751516	-1.227883441174542	230.0	36	1.05	0.95				
	316	2	56.089844982456135	11.217968996491228	0.0	0.0	3	1.0264497914201522	-0.3062733940825324	230.0	36	1.05	0.95				
	317	1	0.0	0.0	0.0	0.0	3	1.0297342392199205	-0.1350559610392027	230.0	37	1.05	0.95				
	318	2	186.77918379157893	38.14109458807018	0.0	0.0	3	1.0275892198287835	-0.7369307566935385	230.0	37	1.05	0.95				
	319	1	101.52261941824561	20.75324264350877	0.0	0.0	3	1.0250489260692426	0.6111321835299239	230.0	35	1.05	0.95				
	320	1	71.79500157754386	14.583359695438597	0.0	0.0	3	1.0257927865407084	1.388224733071162	230.0	35	1.05	0.95				
	321	2	0.0	0.0	0.0	0.0	3	1.0294821591197805	-0.3497656432833121	230.0	37	1.05	0.95				
	322	2	0.0	0.0	0.0	0.0	3	1.0428577107550736	4.1010475253695295	230.0	37	1.05	0.95				
	323	2	0.0	0.0	0.0	0.0	3	1.0268153409878196	1.9447841797622787	230.0	35	1.05	0.95				
	324	1	0.0	0.0	0.0	0.0	3	1.0246949524028537	-0.8159675884889283	230.0	36	1.05	0.95				
	325	1	0.0	0.0	0.0	0.0	3	1.0266441749104307	2.6750319882670697	230.0	35	1.05	0.95				
];
