%% MATPOWER Case Format : Version 2
function mpc = RTS_GMLC
mpc.version = '2';

%%-----  Power Flow Data  -----%%
%% system MVA base
mpc.baseMVA = 100.0;
%% bus data
%    bus_i    type    Pd    Qd    Gs    Bs    area    Vm    Va    baseKV    zone    Vmax    Vmin
mpc.bus = [
	101	2	53.19841661052632	10.836714494736842	0.0	0.0	1	1.0341647582803906	1.6663023803662909	138.0	11	1.05	0.95				
	102	2	47.780059363157896	9.85155863157895	0.0	0.0	1	1.0337343829677812	1.5229331047388286	138.0	12	1.05	0.95				
	103	1	88.66402768421054	18.225383468421054	0.0	0.0	1	1.0260751709609033	-0.1348093849907353	138.0	11	1.05	0.95				
	104	1	36.45076693684211	7.388668973684211	0.0	0.0	1	1.0205884106364622	-1.6189576592708352	138.0	11	1.05	0.95				
	105	1	34.973033142105265	6.896091042105265	0.0	0.0	1	1.0353939492131223	-1.4392457511622012	138.0	11	1.05	0.95				
	106	1	66.99059869473686	13.79218208421053	0.0	-100.0	1	1.043787425055206	-3.6733857512002643	138.0	12	1.05	0.95				
	107	2	61.57224144736843	12.314448289473685	0.0	0.0	1	1.0147096339991264	-5.402798205214885	138.0	12	1.05	0.95				
	108	1	84.2308263	17.240227605263158	0.0	0.0	1	1.0120234578933083	-5.779767775184663	138.0	12	1.05	0.95				
	109	1	86.20113802631579	17.732805536842104	0.0	0.0	1	1.0250403160497492	-2.1976488578645683	138.0	13	1.05	0.95				
	110	1	96.05269665789474	19.7031172631579	0.0	0.0	1	1.05	-3.0379700278998474	138.0	13	1.05	0.95				
	111	1	0.0	0.0	0.0	0.0	1	1.0050807238151958	-0.41876589071791015	230.0	13	1.05	0.95				
	112	1	0.0	0.0	0.0	0.0	1	1.0098589424461673	0.16772217759939803	230.0	13	1.05	0.95				
	113	3	130.53315186842107	26.59920830526316	0.0	0.0	1	0.9988356089467942	-6.723024369014691e-30	230.0	14	1.05	0.95				
	114	2	95.56011872631579	19.21053933157895	0.0	0.0	1	1.0019428479556398	1.534320311335298	230.0	16	1.05	0.95				
	115	2	156.14720431052632	31.524987621052635	0.0	0.0	1	1.0365917576636567	7.526452951190852	230.0	16	1.05	0.95				
	116	2	49.25779315789474	9.85155863157895	0.0	0.0	1	1.0331701864536595	7.189973219007601	230.0	16	1.05	0.95				
	117	1	0.0	0.0	0.0	0.0	1	1.0399263099721323	9.029979884968625	230.0	17	1.05	0.95				
	118	2	164.0284512157895	33.49529934736843	0.0	0.0	1	1.0417520947873964	9.044380991205779	230.0	17	1.05	0.95				
	119	1	89.15660561578949	18.225383468421054	0.0	0.0	1	1.0279142264812822	6.340612291595432	230.0	15	1.05	0.95				
	120	1	63.04997524210527	12.807026221052634	0.0	0.0	1	1.0270284934723455	6.5552742451280475	230.0	15	1.05	0.95				
	121	2	0.0	0.0	0.0	0.0	1	1.0454042643078563	10.185854756711878	230.0	17	1.05	0.95				
	122	2	0.0	0.0	0.0	0.0	1	1.05	16.354397614378254	230.0	17	1.05	0.95				
	123	2	0.0	0.0	0.0	0.0	1	1.0274420075760382	7.05109928885699	230.0	15	1.05	0.95				
	124	1	0.0	0.0	0.0	0.0	1	1.0228143704663868	4.66204879026302	230.0	16	1.05	0.95				
	201	2	54.824492349473694	11.16795214526316	0.0	0.0	2	1.0316259225248225	-6.978295279414508	138.0	21	1.05	0.95				
	202	2	49.24051627684211	10.152683768421054	0.0	0.0	2	1.0320143233999524	-6.965040493193872	138.0	22	1.05	0.95				
	203	1	91.37415391578948	18.78246497157895	0.0	0.0	2	1.0214896114592755	-6.159984434481497	138.0	21	1.05	0.95				
	204	1	37.5649299431579	7.61451282631579	0.0	0.0	2	1.0190645209101075	-9.165402344455334	138.0	21	1.05	0.95				
	205	1	36.04202737789473	7.106878637894738	0.0	0.0	2	1.0343453687855175	-9.354134004372145	138.0	21	1.05	0.95				
	206	1	69.03824962526318	14.213757275789476	0.0	-100.0	2	1.0433748436313	-11.163721473685955	138.0	22	1.05	0.95				
	207	2	63.45427355263158	12.690854710526317	0.0	0.0	2	0.9895453370362717	-18.79988933843484	138.0	22	1.05	0.95				
	208	1	86.80544622000001	17.76719659473684	0.0	0.0	2	0.9935634680870309	-16.43631776837957	138.0	22	1.05	0.95				
	209	1	88.83598297368422	18.274830783157896	0.0	0.0	2	1.0235397079610284	-8.900937711796903	138.0	23	1.05	0.95				
	210	1	98.98866674210527	20.30536753684211	0.0	0.0	2	1.05	-10.154571704791199	138.0	23	1.05	0.95				
	211	1	0.0	0.0	0.0	0.0	2	1.009245736837377	-5.984107180047126	230.0	23	1.05	0.95				
	212	1	0.0	0.0	0.0	0.0	2	1.0107567083271844	-5.276107006573168	230.0	23	1.05	0.95				
	213	2	134.52305993157896	27.412246174736847	0.0	0.0	2	1.005230590872319	-4.933591923088225	230.0	24	1.05	0.95				
	214	2	98.48103255368422	19.797733348421055	0.0	0.0	2	1.0132715769133758	-3.2862107075363793	230.0	26	1.05	0.95				
	215	2	160.9200377294737	32.48858805894737	0.0	0.0	2	1.0309396883018367	3.5855294171764958	230.0	26	1.05	0.95				
	216	2	50.76341884210527	10.152683768421054	0.0	0.0	2	1.0326134044255126	3.60373546608309	230.0	26	1.05	0.95				
	217	1	0.0	0.0	0.0	0.0	2	1.0375126596569557	6.424503842537652	230.0	27	1.05	0.95				
	218	2	169.04218474421054	34.51912481263159	0.0	0.0	2	1.039286789031743	6.953272244335736	230.0	27	1.05	0.95				
	219	1	91.88178810421054	18.78246497157895	0.0	0.0	2	1.0313438654263651	2.8998786881196943	230.0	25	1.05	0.95				
	220	1	64.97717611789474	13.19848889894737	0.0	0.0	2	1.0340406489522262	3.2662231782130964	230.0	25	1.05	0.95				
	221	2	0.0	0.0	0.0	0.0	2	1.038991446435583	6.586612122213111	230.0	27	1.05	0.95				
	222	2	0.0	0.0	0.0	0.0	2	1.05	13.02408051945431	230.0	27	1.05	0.95				
	223	2	0.0	0.0	0.0	0.0	2	1.036511003434126	3.8486386767711966	230.0	25	1.05	0.95				
	224	1	0.0	0.0	0.0	0.0	2	1.0153269567307779	-0.06735846540670887	230.0	26	1.05	0.95				
	301	2	50.1904460463158	10.223979750175438	0.0	0.0	3	1.013214900490713	-11.598931767552305	138.0	31	1.05	0.95				
	302	2	45.07845617122807	9.294527045614036	0.0	0.0	3	1.0122037875491734	-11.865222167174803	138.0	32	1.05	0.95				
	303	1	83.65074341052632	17.194875034385966	0.0	0.0	3	1.0445506903876949	-0.8348270060272956	138.0	31	1.05	0.95				
	304	1	34.38975006877193	6.970895284210527	0.0	0.0	3	1.0116772450631	-10.63979758027348	138.0	31	1.05	0.95				
	305	1	32.995571011929826	6.506168931929825	0.0	0.0	3	1.025855953581913	-12.03024735495503	138.0	31	1.05	0.95				
	306	1	63.20278391017544	13.01233786385965	0.0	-100.0	3	1.0404321474813063	-12.821387379230117	138.0	32	1.05	0.95				
	307	2	58.090794035087725	11.618158807017544	0.0	0.0	3	0.9916335227851656	-17.751564077658887	138.0	32	1.05	0.95				
	308	1	79.46820624	16.26542232982456	0.0	0.0	3	0.9970113112693634	-15.626960116661433	138.0	32	1.05	0.95				
	309	1	81.32711164912281	16.730148682105263	0.0	0.0	3	1.0258364142011425	-7.730598735606056	138.0	33	1.05	0.95				
	310	1	90.62163869473684	18.58905409122807	0.0	0.0	3	1.05	-10.967897343833256	138.0	33	1.05	0.95				
	311	1	0.0	0.0	0.0	0.0	3	1.0096128171536864	-5.748561991843179	230.0	33	1.05	0.95				
	312	1	0.0	0.0	0.0	0.0	3	1.0127295982225974	-5.287613293579516	230.0	33	1.05	0.95				
	313	2	123.15248335438595	25.0952230231579	0.0	0.0	3	1.0109841324358977	-2.7809612679026112	230.0	34	1.05	0.95				
	314	2	90.15691234245614	18.12432773894737	0.0	0.0	3	1.00901484119091	-4.644989204707657	230.0	36	1.05	0.95				
	315	2	147.31825367298245	29.742486545964912	0.0	0.0	3	1.0362707237146191	-0.5679231666533806	230.0	36	1.05	0.95				
	316	2	46.472635228070175	9.294527045614036	0.0	0.0	3	1.0332098252491968	-0.2956090385329364	230.0	36	1.05	0.95				
	317	1	0.0	0.0	0.0	0.0	3	1.0379096791984832	0.6178606810740588	230.0	37	1.05	0.95				
	318	2	154.7538753094737	31.60139195508772	0.0	0.0	3	1.0372629237842534	0.5043279217440189	230.0	37	1.05	0.95				
	319	1	84.11546976280701	17.194875034385966	0.0	0.0	3	1.0269109069311062	-1.2601343343800675	230.0	35	1.05	0.95				
	320	1	59.484973091929824	12.082885159298245	0.0	0.0	3	1.0248347994699472	-1.1987619196328887	230.0	35	1.05	0.95				
	321	2	0.0	0.0	0.0	0.0	3	1.0395156817313507	1.0508744645315553	230.0	37	1.05	0.95				
	322	2	0.0	0.0	0.0	0.0	3	1.05	5.193950401524576	230.0	37	1.05	0.95				
	323	2	0.0	0.0	0.0	0.0	3	1.0244358432864777	-0.8058657166946454	230.0	35	1.05	0.95				
	324	1	0.0	0.0	0.0	0.0	3	1.0352113820789648	-0.6689044262974939	230.0	36	1.05	0.95				
	325	1	0.0	0.0	0.0	0.0	3	1.0236877866124559	0.13065028804982476	230.0	35	1.05	0.95				
];
