%% MATPOWER Case Format : Version 2
function mpc = RTS_GMLC
mpc.version = '2';

%%-----  Power Flow Data  -----%%
%% system MVA base
mpc.baseMVA = 100.0;
%% bus data
%    bus_i    type    Pd    Qd    Gs    Bs    area    Vm    Va    baseKV    zone    Vmax    Vmin
mpc.bus = [
	101	2	59.13013357894737	12.045027210526316	0.0	0.0	1	1.0198723240475853	-1.8378599228349315	138.0	11	1.05	0.95				
	102	2	53.10761997368421	10.950024736842106	0.0	0.0	1	1.0173816824962147	-2.3968091170644064	138.0	12	1.05	0.95				
	103	1	98.55022263157895	20.257545763157893	0.0	0.0	1	1.0283552976697214	1.093457993393372	138.0	11	1.05	0.95				
	104	1	40.515091526315786	8.212518552631579	0.0	0.0	1	1.0159600968204354	-3.8085178939709805	138.0	11	1.05	0.95				
	105	1	38.87258781578947	7.665017315789474	0.0	0.0	1	1.0275476119390003	-4.671931846812533	138.0	11	1.05	0.95				
	106	1	74.46016821052632	15.330034631578949	0.0	-100.0	1	1.0385517953831567	-6.8882945720591815	138.0	12	1.05	0.95				
	107	2	68.43765460526316	13.687530921052632	0.0	0.0	1	0.9890748315085873	-13.385160584889416	138.0	12	1.05	0.95				
	108	1	93.6227115	19.162543289473682	0.0	0.0	1	0.9929910222292891	-11.44759518919598	138.0	12	1.05	0.95				
	109	1	95.81271644736842	19.71004452631579	0.0	0.0	1	1.0257961891474547	-3.822031809346503	138.0	13	1.05	0.95				
	110	1	106.76274118421051	21.900049473684213	0.0	0.0	1	1.05	-5.7704244742161475	138.0	13	1.05	0.95				
	111	1	0.0	0.0	0.0	0.0	1	1.0212458402472921	-0.8510374485211173	230.0	13	1.05	0.95				
	112	1	0.0	0.0	0.0	0.0	1	1.0146235791259284	-1.620065063725997	230.0	13	1.05	0.95				
	113	3	145.0878277631579	29.565066789473686	0.0	0.0	1	1.0032394230021184	-1.8607494510763463e-31	230.0	14	1.05	0.95				
	114	2	106.21523994736842	21.352548236842107	0.0	0.0	1	1.05	2.26343652819565	230.0	16	1.05	0.95				
	115	2	173.55789207894736	35.04007915789474	0.0	0.0	1	1.0440672783104756	12.28642459225332	230.0	16	1.05	0.95				
	116	2	54.75012368421053	10.950024736842106	0.0	0.0	1	1.04492869633775	10.174328373989177	230.0	16	1.05	0.95				
	117	1	0.0	0.0	0.0	0.0	1	1.04604503480926	15.58950331561952	230.0	17	1.05	0.95				
	118	2	182.31791186842105	37.23008410526316	0.0	0.0	1	1.05	17.238767273242463	230.0	17	1.05	0.95				
	119	1	99.09772386842106	20.257545763157893	0.0	0.0	1	1.038721536685547	6.374357736922936	230.0	15	1.05	0.95				
	120	1	70.08015831578948	14.235032157894736	0.0	0.0	1	1.0398246379568263	3.624274751562319	230.0	15	1.05	0.95				
	121	2	0.0	0.0	0.0	0.0	1	1.05	19.59802682412956	230.0	17	1.05	0.95				
	122	2	0.0	0.0	0.0	0.0	1	1.05	25.14408261956155	230.0	17	1.05	0.95				
	123	2	0.0	0.0	0.0	0.0	1	1.0420186704144354	2.521550268698817	230.0	15	1.05	0.95				
	124	1	0.0	0.0	0.0	0.0	1	1.0241661921200802	8.113594068782428	230.0	16	1.05	0.95				
	201	2	62.5254210568421	12.736659844912278	0.0	0.0	2	0.9987190651550831	-16.19906055974565	138.0	21	1.05	0.95				
	202	2	56.157091134385965	11.578781677192982	0.0	0.0	2	0.9975578097258154	-16.465415869064348	138.0	22	1.05	0.95				
	203	1	104.20903509473685	21.420746102807016	0.0	0.0	2	0.9865716915357955	-11.707719724691264	138.0	21	1.05	0.95				
	204	1	42.84149220561403	8.684086257894737	0.0	0.0	2	0.9792621280080361	-14.891853404395363	138.0	21	1.05	0.95				
	205	1	41.10467495403508	8.105147174035087	0.0	0.0	2	0.9954350789005691	-15.449479752124399	138.0	21	1.05	0.95				
	206	1	78.73571540491228	16.210294348070175	0.0	-100.0	2	1.0003974185780669	-15.726053006869884	138.0	22	1.05	0.95				
	207	2	72.36738548245614	14.473477096491226	0.0	0.0	2	0.9520650990035967	-23.62055403292034	138.0	22	1.05	0.95				
	208	1	98.99858334	20.262867935087716	0.0	0.0	2	0.95	-20.576418391484086	138.0	22	1.05	0.95				
	209	1	101.31433967543859	20.841807018947367	0.0	0.0	2	0.9846997022148978	-11.028168135528217	138.0	23	1.05	0.95				
	210	1	112.89312135263157	23.157563354385964	0.0	0.0	2	1.0079277170324732	-12.68879844131805	138.0	23	1.05	0.95				
	211	1	0.0	0.0	0.0	0.0	2	0.9795050896236579	-7.120152982040208	230.0	23	1.05	0.95				
	212	1	0.0	0.0	0.0	0.0	2	0.9613371160739625	-1.0705950140519702	230.0	23	1.05	0.95				
	213	2	153.41885722280702	31.26271052842105	0.0	0.0	2	0.972404315583657	-3.2007202248506115	230.0	24	1.05	0.95				
	214	2	112.31418226877193	22.578624270526316	0.0	0.0	2	1.0005700703688725	-5.829788771335999	230.0	26	1.05	0.95				
	215	2	183.52368958350874	37.05210136701754	0.0	0.0	2	1.0038774843943576	-0.045893042344887766	230.0	26	1.05	0.95				
	216	2	57.893908385964906	11.578781677192982	0.0	0.0	2	0.9930401109756372	0.07149858036177037	230.0	26	1.05	0.95				
	217	1	0.0	0.0	0.0	0.0	2	1.0116032159037396	0.9689721392206828	230.0	27	1.05	0.95				
	218	2	192.78671492526317	39.36785770245614	0.0	0.0	2	1.010634987714115	0.24433959349244788	230.0	27	1.05	0.95				
	219	1	104.78797417859649	21.420746102807016	0.0	0.0	2	0.9680981114932958	2.58982874797153	230.0	25	1.05	0.95				
	220	1	74.10420273403508	15.052416180350878	0.0	0.0	2	0.9539412697697742	6.145342352486715	230.0	25	1.05	0.95				
	221	2	0.0	0.0	0.0	0.0	2	1.0122155912741115	0.9825893396441965	230.0	27	1.05	0.95				
	222	2	0.0	0.0	0.0	0.0	2	1.0353170495015294	7.655617785518335	230.0	27	1.05	0.95				
	223	2	0.0	0.0	0.0	0.0	2	0.95	8.657223204240559	230.0	25	1.05	0.95				
	224	1	0.0	0.0	0.0	0.0	2	0.9833334878204765	-4.384865120146202	230.0	26	1.05	0.95				
	301	2	58.52704839157895	11.922176524210528	0.0	0.0	3	0.9930236119482889	35.4949100520831	138.0	31	1.05	0.95				
	302	2	52.56596012947369	10.838342294736842	0.0	0.0	3	0.9938421829652262	35.405995684758956	138.0	32	1.05	0.95				
	303	1	97.54508065263158	20.05093324526316	0.0	0.0	3	0.9993043649793649	40.414615728659506	138.0	31	1.05	0.95				
	304	1	40.10186649052632	8.12875672105263	0.0	0.0	3	1.0003522629139068	37.3618633927894	138.0	31	1.05	0.95				
	305	1	38.476115146315784	7.58683960631579	0.0	0.0	3	1.0136801658769223	36.73117863600201	138.0	31	1.05	0.95				
	306	1	73.70072760421054	15.17367921263158	0.0	-100.0	3	1.0334594195069764	36.79909196782753	138.0	32	1.05	0.95				
	307	2	67.73963934210526	13.547927868421054	0.0	0.0	3	0.998588865835639	33.933558099271515	138.0	32	1.05	0.95				
	308	1	92.66782662	18.967099015789472	0.0	0.0	3	1.0064781817457265	36.34748544220904	138.0	32	1.05	0.95				
	309	1	94.83549507894737	19.509016130526316	0.0	0.0	3	1.0244674048244402	41.17393879945502	138.0	33	1.05	0.95				
	310	1	105.67383737368421	21.676684589473684	0.0	0.0	3	1.05	39.69942490523724	138.0	33	1.05	0.95				
	311	1	0.0	0.0	0.0	0.0	3	1.0031996509069199	45.037804214735914	230.0	33	1.05	0.95				
	312	1	0.0	0.0	0.0	0.0	3	1.027270404366298	44.940815388157475	230.0	33	1.05	0.95				
	313	2	143.60803540526317	29.263524195789476	0.0	0.0	3	1.0377897972288006	50.244286504832615	230.0	34	1.05	0.95				
	314	2	105.13192025894737	21.134767474736844	0.0	0.0	3	0.9729918701539981	45.07039564024602	230.0	36	1.05	0.95				
	315	2	171.78772537157897	34.682695343157896	0.0	0.0	3	0.9710910911972084	40.7178422825873	230.0	36	1.05	0.95				
	316	2	54.191711473684215	10.838342294736842	0.0	0.0	3	0.9525713926042252	41.87868884872409	230.0	36	1.05	0.95				
	317	1	0.0	0.0	0.0	0.0	3	0.959327539033645	44.180377274642325	230.0	37	1.05	0.95				
	318	2	180.45839920736844	36.85036380210527	0.0	0.0	3	0.95	39.79079965711068	230.0	37	1.05	0.95				
	319	1	98.08699776736842	20.05093324526316	0.0	0.0	3	0.9939476540522569	41.84794666675845	230.0	35	1.05	0.95				
	320	1	69.36539068631579	14.089844983157896	0.0	0.0	3	1.0307070943191636	41.31390579675363	230.0	35	1.05	0.95				
	321	2	0.0	0.0	0.0	0.0	3	0.9715711798089371	40.815752068295346	230.0	37	1.05	0.95				
	322	2	0.0	0.0	0.0	0.0	3	0.9771357570596391	47.11715901353831	230.0	37	1.05	0.95				
	323	2	0.0	0.0	0.0	0.0	3	1.05	40.60620771097922	230.0	35	1.05	0.95				
	324	1	0.0	0.0	0.0	0.0	3	0.9806257099516554	42.838505305682006	230.0	36	1.05	0.95				
	325	1	0.0	0.0	0.0	0.0	3	1.0490947492435165	38.84435280287208	230.0	35	1.05	0.95				
];
