%% MATPOWER Case Format : Version 2
function mpc = RTS_GMLC
mpc.version = '2';

%%-----  Power Flow Data  -----%%
%% system MVA base
mpc.baseMVA = 100.0;
%% bus data
%    bus_i    type    Pd    Qd    Gs    Bs    area    Vm    Va    baseKV    zone    Vmax    Vmin
mpc.bus = [
	101	2	83.73874320000002	17.057892133333336	0.0	0.0	1	1.0412720633844306	-2.9493848531463747	138.0	11	1.05	0.95				
	102	2	75.20979713333334	15.507174666666668	0.0	0.0	1	1.0395235390619468	-3.3482289271697514	138.0	12	1.05	0.95				
	103	1	139.564572	28.688273133333336	0.0	0.0	1	1.0144813599869922	-1.389151046377324	138.0	11	1.05	0.95				
	104	1	57.37654626666667	11.630381	0.0	0.0	1	1.0191794963741565	-5.967307657357294	138.0	11	1.05	0.95				
	105	1	55.05047006666667	10.855022266666667	0.0	0.0	1	1.0350232540150899	-6.492967581341776	138.0	11	1.05	0.95				
	106	1	105.44878773333335	21.710044533333335	0.0	-100.0	1	1.0368574120350336	-9.263592694246977	138.0	12	1.05	0.95				
	107	2	96.91984166666667	19.383968333333335	0.0	0.0	1	0.9954629502166742	-15.274800713095441	138.0	12	1.05	0.95				
	108	1	132.5863434	27.137555666666668	0.0	0.0	1	0.9892259790272059	-14.107328068559331	138.0	12	1.05	0.95				
	109	1	135.68777833333334	27.9129144	0.0	0.0	1	1.0237111470632423	-5.746189429899173	138.0	13	1.05	0.95				
	110	1	151.194953	31.014349333333335	0.0	0.0	1	1.05	-7.677619896694221	138.0	13	1.05	0.95				
	111	1	0.0	0.0	0.0	0.0	1	1.0248175833474216	-1.6324002834406013	230.0	13	1.05	0.95				
	112	1	0.0	0.0	0.0	0.0	1	1.0187929855159141	-1.801373936095892	230.0	13	1.05	0.95				
	113	3	205.4700643333333	41.86937160000001	0.0	0.0	1	1.0209659774536841	2.5856152395346656e-29	230.0	14	1.05	0.95				
	114	2	150.41959426666668	30.238990600000005	0.0	0.0	1	1.05	1.8616742363033973	230.0	16	1.05	0.95				
	115	2	245.78871846666667	49.62295893333334	0.0	0.0	1	1.0334628827021812	13.734564679230534	230.0	16	1.05	0.95				
	116	2	77.53587333333334	15.507174666666668	0.0	0.0	1	1.0355884788737348	11.832440688942311	230.0	16	1.05	0.95				
	117	1	0.0	0.0	0.0	0.0	1	1.0364015847757808	18.81770472140269	230.0	17	1.05	0.95				
	118	2	258.19445820000004	52.724393866666674	0.0	0.0	1	1.0480987009918892	19.750292581389903	230.0	17	1.05	0.95				
	119	1	140.33993073333335	28.688273133333336	0.0	0.0	1	1.0343763300226505	8.07690104034389	230.0	15	1.05	0.95				
	120	1	99.24591786666667	20.15932706666667	0.0	0.0	1	1.0425429834253896	6.163550516541236	230.0	15	1.05	0.95				
	121	2	0.0	0.0	0.0	0.0	1	1.05	22.291170470924918	230.0	17	1.05	0.95				
	122	2	0.0	0.0	0.0	0.0	1	1.05	40.19211156804862	230.0	17	1.05	0.95				
	123	2	0.0	0.0	0.0	0.0	1	1.0492576351159373	5.688918858048338	230.0	15	1.05	0.95				
	124	1	0.0	0.0	0.0	0.0	1	1.0069170539497123	8.109070814667488	230.0	16	1.05	0.95				
	201	2	65.70439162105262	13.384227922807016	0.0	0.0	2	1.0279488323469537	-8.444329410440695	138.0	21	1.05	0.95				
	202	2	59.012277659649115	12.16747992982456	0.0	0.0	2	1.0289434353502864	-8.198139802834731	138.0	22	1.05	0.95				
	203	1	109.50731936842104	22.509837870175435	0.0	0.0	2	1.0136850241526187	-8.7214029953775	138.0	21	1.05	0.95				
	204	1	45.01967574035087	9.12560994736842	0.0	0.0	2	1.0164714603381257	-8.89404960576878	138.0	21	1.05	0.95				
	205	1	43.19455375087719	8.517235950877193	0.0	0.0	2	1.031382394340803	-9.124005978765068	138.0	21	1.05	0.95				
	206	1	82.73886352280701	17.034471901754387	0.0	-100.0	2	1.0402921202835336	-10.038960138602311	138.0	22	1.05	0.95				
	207	2	76.0467495614035	15.2093499122807	0.0	0.0	2	0.9909362335148981	-18.773731405747792	138.0	22	1.05	0.95				
	208	1	104.03195339999999	21.29308987719298	0.0	0.0	2	0.9899671590955021	-15.842316322986022	138.0	22	1.05	0.95				
	209	1	106.46544938596492	21.901463873684207	0.0	0.0	2	1.0249136953122326	-6.978842485414991	138.0	23	1.05	0.95				
	210	1	118.63292931578945	24.33495985964912	0.0	0.0	2	1.05	-7.875837065424956	138.0	23	1.05	0.95				
	211	1	0.0	0.0	0.0	0.0	2	1.0153474019710016	-3.170573933253078	230.0	23	1.05	0.95				
	212	1	0.0	0.0	0.0	0.0	2	1.0140248757004389	1.7682742781349146	230.0	23	1.05	0.95				
	213	2	161.21910907017542	32.85219581052631	0.0	0.0	2	1.0186026966139534	0.3272284665551091	230.0	24	1.05	0.95				
	214	2	118.02455531929823	23.726585863157894	0.0	0.0	2	1.0213042365383296	-1.9669514417950935	230.0	26	1.05	0.95				
	215	2	192.8545568877193	38.935935775438594	0.0	0.0	2	1.0359239396633095	2.57239362064029	230.0	26	1.05	0.95				
	216	2	60.8373996491228	12.16747992982456	0.0	0.0	2	1.0357130204054084	3.4975643338914506	230.0	26	1.05	0.95				
	217	1	0.0	0.0	0.0	0.0	2	1.0407756561265193	4.043503252755198	230.0	27	1.05	0.95				
	218	2	202.58854083157894	41.369431761403504	0.0	0.0	2	1.0383527178115595	3.1902251272669115	230.0	27	1.05	0.95				
	219	1	110.11569336491227	22.509837870175435	0.0	0.0	2	1.03187612870696	6.0336263494859415	230.0	25	1.05	0.95				
	220	1	77.87187155087719	15.81772390877193	0.0	0.0	2	1.035813697728753	9.403389310692313	230.0	25	1.05	0.95				
	221	2	0.0	0.0	0.0	0.0	2	1.0396223134178106	3.7945731803111675	230.0	27	1.05	0.95				
	222	2	0.0	0.0	0.0	0.0	2	1.05	10.39533164047852	230.0	27	1.05	0.95				
	223	2	0.0	0.0	0.0	0.0	2	1.0415075443323416	11.693162983875903	230.0	25	1.05	0.95				
	224	1	0.0	0.0	0.0	0.0	2	1.0135685006571424	-1.6110214525333761	230.0	26	1.05	0.95				
	301	2	72.9452704926316	14.859221767017544	0.0	0.0	3	1.0353271010197111	25.93184744945676	138.0	31	1.05	0.95				
	302	2	65.5156596091228	13.508383424561405	0.0	0.0	3	1.0317585223829242	25.548277225693084	138.0	32	1.05	0.95				
	303	1	121.57545082105263	24.990509335438595	0.0	0.0	3	1.05	43.39559099001725	138.0	31	1.05	0.95				
	304	1	49.98101867087719	10.131287568421051	0.0	0.0	3	1.0074543354841101	27.62641743645503	138.0	31	1.05	0.95				
	305	1	47.954761157192976	9.455868397192983	0.0	0.0	3	1.0292452118875466	25.361119600604862	138.0	31	1.05	0.95				
	306	1	91.85700728701754	18.911736794385966	0.0	-100.0	3	1.0312183865162967	24.285563893259724	138.0	32	1.05	0.95				
	307	2	84.42739640350877	16.885479280701755	0.0	0.0	3	0.95	18.141744642661376	138.0	32	1.05	0.95				
	308	1	115.49667827999998	23.639670992982452	0.0	0.0	3	0.9615878760190354	21.439736037947107	138.0	32	1.05	0.95				
	309	1	118.19835496491228	24.315090164210527	0.0	0.0	3	1.0119031311163578	32.18112429385162	138.0	33	1.05	0.95				
	310	1	131.70673838947368	27.01676684912281	0.0	0.0	3	1.0400431838194566	26.946578277747925	138.0	33	1.05	0.95				
	311	1	0.0	0.0	0.0	0.0	3	1.0002301202463015	32.86206760794788	230.0	33	1.05	0.95				
	312	1	0.0	0.0	0.0	0.0	3	1.005317708504379	32.903990492312715	230.0	33	1.05	0.95				
	313	2	178.9860803754386	36.4726352463158	0.0	0.0	3	1.0036372325106093	36.21751222219978	230.0	34	1.05	0.95				
	314	2	131.0313192182456	26.34134767789474	0.0	0.0	3	1.0001609090978214	33.316070256406284	230.0	36	1.05	0.95				
	315	2	214.10787727929824	43.22682695859649	0.0	0.0	3	1.05	33.63034941230119	230.0	36	1.05	0.95				
	316	2	67.54191712280702	13.508383424561405	0.0	0.0	3	1.0395334135113057	33.59168047445353	230.0	36	1.05	0.95				
	317	1	0.0	0.0	0.0	0.0	3	1.0460849322850716	37.05456120104146	230.0	37	1.05	0.95				
	318	2	224.91458401894735	45.92850364350877	0.0	0.0	3	1.0375099992978798	33.366177946676	230.0	37	1.05	0.95				
	319	1	122.2508699922807	24.990509335438595	0.0	0.0	3	1.0273639387401117	32.66057256403066	230.0	35	1.05	0.95				
	320	1	86.45365391719298	17.560898451929823	0.0	0.0	3	1.020059537653456	31.967901862339215	230.0	35	1.05	0.95				
	321	2	0.0	0.0	0.0	0.0	3	1.05	34.091061690536954	230.0	37	1.05	0.95				
	322	2	0.0	0.0	0.0	0.0	3	1.05	39.59482890125628	230.0	37	1.05	0.95				
	323	2	0.0	0.0	0.0	0.0	3	1.0166980708370552	31.679651582490884	230.0	35	1.05	0.95				
	324	1	0.0	0.0	0.0	0.0	3	1.0491447121591337	38.915702876480296	230.0	36	1.05	0.95				
	325	1	0.0	0.0	0.0	0.0	3	1.0208892082159038	30.88283507064143	230.0	35	1.05	0.95				
];
