%% MATPOWER Case Format : Version 2
function mpc = RTS_GMLC
mpc.version = '2';

%%-----  Power Flow Data  -----%%
%% system MVA base
mpc.baseMVA = 100.0;
%% bus data
%    bus_i    type    Pd    Qd    Gs    Bs    area    Vm    Va    baseKV    zone    Vmax    Vmin
mpc.bus = [
	101	2	39.611578433684215	8.069025236491228	0.0	0.0	1	1.0321715356478978	3.4367068550056836	138.0	11	1.05	0.95				
	102	2	35.577065815438594	7.335477487719298	0.0	0.0	1	1.0312690572172478	3.1786154243595868	138.0	12	1.05	0.95				
	103	1	66.01929738947369	13.570633352280703	0.0	0.0	1	1.0307693560590778	1.6950422537440266	138.0	11	1.05	0.95				
	104	1	27.141266704561406	5.501608115789474	0.0	0.0	1	1.0216860116353308	0.06803154113502496	138.0	11	1.05	0.95				
	105	1	26.04094508140351	5.134834241403509	0.0	0.0	1	1.035966457024874	0.3078398976784281	138.0	11	1.05	0.95				
	106	1	49.881246916491236	10.269668482807019	0.0	-100.0	1	1.0466940181216442	-1.8672967068595179	138.0	12	1.05	0.95				
	107	2	45.846734298245615	9.169346859649123	0.0	0.0	1	1.0000146813275017	-7.407455109280628	138.0	12	1.05	0.95				
	108	1	62.71833252	12.837085603508772	0.0	0.0	1	1.0060080260381894	-5.974015872188947	138.0	12	1.05	0.95				
	109	1	64.18542801754387	13.203859477894737	0.0	0.0	1	1.024744121394914	-0.9829197901274621	138.0	13	1.05	0.95				
	110	1	71.52090550526316	14.670954975438596	0.0	0.0	1	1.05	-1.7025623933591405	138.0	13	1.05	0.95				
	111	1	0.0	0.0	0.0	0.0	1	1.0021561229694056	0.4668978524039838	230.0	13	1.05	0.95				
	112	1	0.0	0.0	0.0	0.0	1	1.0074422564045802	0.5335454255910856	230.0	13	1.05	0.95				
	113	3	97.19507671228071	19.805789216842108	0.0	0.0	1	0.9918329554141575	-1.1864929707756535e-28	230.0	14	1.05	0.95				
	114	2	71.15413163087719	14.304181101052633	0.0	0.0	1	0.9990842713289019	2.8172774168178747	230.0	16	1.05	0.95				
	115	2	116.26731818035087	23.473527960701755	0.0	0.0	1	1.038504516016435	8.472609155610494	230.0	16	1.05	0.95				
	116	2	36.67738743859649	7.335477487719298	0.0	0.0	1	1.034650620957845	8.177631044920467	230.0	16	1.05	0.95				
	117	1	0.0	0.0	0.0	0.0	1	1.0418037404982288	10.915366277269174	230.0	17	1.05	0.95				
	118	2	122.13570017052633	24.940623458245618	0.0	0.0	1	1.0463673383027916	10.825344650264416	230.0	17	1.05	0.95				
	119	1	66.38607126385966	13.570633352280703	0.0	0.0	1	1.027204144444952	6.710118767025361	230.0	15	1.05	0.95				
	120	1	46.94705592140351	9.536120734035089	0.0	0.0	1	1.023251643705815	6.1397042058437155	230.0	15	1.05	0.95				
	121	2	0.0	0.0	0.0	0.0	1	1.05	11.592572066300274	230.0	17	1.05	0.95				
	122	2	0.0	0.0	0.0	0.0	1	1.05	22.65377771280512	230.0	17	1.05	0.95				
	123	2	0.0	0.0	0.0	0.0	1	1.0213013048400383	6.11147025450526	230.0	15	1.05	0.95				
	124	1	0.0	0.0	0.0	0.0	1	1.026636314664728	5.932850292335818	230.0	16	1.05	0.95				
	201	2	44.21659058526316	9.007083267368422	0.0	0.0	2	1.025599822250792	-7.685372518093738	138.0	21	1.05	0.95				
	202	2	39.71304895157895	8.188257515789475	0.0	0.0	2	1.026628378963644	-7.485781824096443	138.0	22	1.05	0.95				
	203	1	73.69431764210526	15.14827640421053	0.0	0.0	2	1.016740347481846	-7.172425128272909	138.0	21	1.05	0.95				
	204	1	30.29655280842106	6.141193136842105	0.0	0.0	2	1.0181226587604304	-9.278120375354183	138.0	21	1.05	0.95				
	205	1	29.068314181052635	5.7317802610526325	0.0	0.0	2	1.032803985870377	-9.520770241697514	138.0	21	1.05	0.95				
	206	1	55.680151107368424	11.463560522105265	0.0	-100.0	2	1.045065426917159	-10.913939615881983	138.0	22	1.05	0.95				
	207	2	51.17660947368421	10.235321894736844	0.0	0.0	2	0.9918479764787708	-16.870238913167785	138.0	22	1.05	0.95				
	208	1	70.00960176000001	14.329450652631579	0.0	0.0	2	0.9989008423758445	-15.038826379272525	138.0	22	1.05	0.95				
	209	1	71.6472532631579	14.738863528421053	0.0	0.0	2	1.0226071523035654	-9.060928122810424	138.0	23	1.05	0.95				
	210	1	79.83551077894737	16.37651503157895	0.0	0.0	2	1.05	-10.066348575063966	138.0	23	1.05	0.95				
	211	1	0.0	0.0	0.0	0.0	2	1.0038130597183563	-6.6463453135288155	230.0	23	1.05	0.95				
	212	1	0.0	0.0	0.0	0.0	2	1.0083958157914463	-5.942341521354429	230.0	23	1.05	0.95				
	213	2	108.49441208421054	22.10829529263158	0.0	0.0	2	0.9981085075505087	-5.604170108180526	230.0	24	1.05	0.95				
	214	2	79.4260979031579	15.967102155789476	0.0	0.0	2	1.0022013032843664	-4.51210937907211	230.0	26	1.05	0.95				
	215	2	129.78388162526318	26.202424050526318	0.0	0.0	2	1.0206624471442836	1.0624235600043435	230.0	26	1.05	0.95				
	216	2	40.941287578947374	8.188257515789475	0.0	0.0	2	1.0226427509610188	0.9734170956480456	230.0	26	1.05	0.95				
	217	1	0.0	0.0	0.0	0.0	2	1.027628509503013	2.8271379058133337	230.0	27	1.05	0.95				
	218	2	136.33448763789474	27.840075553684212	0.0	0.0	2	1.0269929550032404	2.3524727985363567	230.0	27	1.05	0.95				
	219	1	74.10373051789475	15.14827640421053	0.0	0.0	2	1.024334204654633	0.6722778739314468	230.0	25	1.05	0.95				
	220	1	52.404848101052636	10.644734770526316	0.0	0.0	2	1.0284510598544818	1.2133286495142808	230.0	25	1.05	0.95				
	221	2	0.0	0.0	0.0	0.0	2	1.028453870641405	2.726355716870447	230.0	27	1.05	0.95				
	222	2	0.0	0.0	0.0	0.0	2	1.0499999704959582	9.256481956512959	230.0	27	1.05	0.95				
	223	2	0.0	0.0	0.0	0.0	2	1.0313047991849291	1.821721437673315	230.0	25	1.05	0.95				
	224	1	0.0	0.0	0.0	0.0	2	1.0089183263316561	-2.0398720954681613	230.0	26	1.05	0.95				
	301	2	54.34166402526316	11.069598227368422	0.0	0.0	3	1.0067212554520584	-25.87995292943895	138.0	31	1.05	0.95				
	302	2	48.80686491157895	10.063271115789474	0.0	0.0	3	1.0062173696670045	-26.003118950660944	138.0	32	1.05	0.95				
	303	1	90.56944004210527	18.617051564210527	0.0	0.0	3	1.0224852704754392	-19.611364665764505	138.0	31	1.05	0.95				
	304	1	37.234103128421054	7.547453336842105	0.0	0.0	3	1.0083322074886967	-24.272322396510344	138.0	31	1.05	0.95				
	305	1	35.72461246105263	7.0442897810526315	0.0	0.0	3	1.0215892267081619	-25.136736141736584	138.0	31	1.05	0.95				
	306	1	68.43024358736842	14.088579562105263	0.0	-100.0	3	1.0377811759457949	-25.299965748732635	138.0	32	1.05	0.95				
	307	2	62.895444473684215	12.579088894736842	0.0	0.0	3	0.9920751523336814	-30.950786771413455	138.0	32	1.05	0.95				
	308	1	86.04096804	17.61072445263158	0.0	0.0	3	0.9959229891730609	-28.617829254742716	138.0	32	1.05	0.95				
	309	1	88.05362226315789	18.113888008421053	0.0	0.0	3	1.0268186672293826	-20.80434727785137	138.0	33	1.05	0.95				
	310	1	98.11689337894737	20.12654223157895	0.0	0.0	3	1.05	-22.777105383587987	138.0	33	1.05	0.95				
	311	1	0.0	0.0	0.0	0.0	3	1.0142142788134798	-16.03000222295075	230.0	33	1.05	0.95				
	312	1	0.0	0.0	0.0	0.0	3	1.0150584714919892	-15.519232069369949	230.0	33	1.05	0.95				
	313	2	133.33834228421054	27.17083201263158	0.0	0.0	3	1.0190642071983715	-12.38686882806924	230.0	34	1.05	0.95				
	314	2	97.6137298231579	19.623378675789475	0.0	0.0	3	1.022706724828192	-13.453803421118481	230.0	36	1.05	0.95				
	315	2	159.50284718526316	32.202467570526316	0.0	0.0	3	1.0447858675216029	-7.817881969062513	230.0	36	1.05	0.95				
	316	2	50.316355578947366	10.063271115789474	0.0	0.0	3	1.0456910153330148	-6.834496833233373	230.0	36	1.05	0.95				
	317	1	0.0	0.0	0.0	0.0	3	1.0499999877596375	-3.5920416028406894	230.0	37	1.05	0.95				
	318	2	167.55346407789474	34.21512179368421	0.0	0.0	3	1.0462678310507596	-4.551904960542233	230.0	37	1.05	0.95				
	319	1	91.07260359789474	18.617051564210527	0.0	0.0	3	1.04218221186779	-7.904614467935563	230.0	35	1.05	0.95				
	320	1	64.40493514105263	13.082252450526315	0.0	0.0	3	1.0428991618535175	-7.886750820130279	230.0	35	1.05	0.95				
	321	2	0.0	0.0	0.0	0.0	3	1.0469362606444	-5.078038851685078	230.0	37	1.05	0.95				
	322	2	0.0	0.0	0.0	0.0	3	1.05	-0.15135109656940177	230.0	37	1.05	0.95				
	323	2	0.0	0.0	0.0	0.0	3	1.0441457169660397	-7.503659924013385	230.0	35	1.05	0.95				
	324	1	0.0	0.0	0.0	0.0	3	1.0216315949641026	-12.188176634447252	230.0	36	1.05	0.95				
	325	1	0.0	0.0	0.0	0.0	3	1.0377874961029347	-5.939981853921158	230.0	35	1.05	0.95				
];
