%% MATPOWER Case Format : Version 2
function mpc = RTS_GMLC
mpc.version = '2';

%%-----  Power Flow Data  -----%%
%% system MVA base
mpc.baseMVA = 100.0;
%% bus data
%    bus_i    type    Pd    Qd    Gs    Bs    area    Vm    Va    baseKV    zone    Vmax    Vmin
mpc.bus = [
	101	2	40.03908957473685	8.156110839298245	0.0	0.0	1	1.0227698367436864	4.679078841630706	138.0	11	1.05	0.95				
	102	2	35.96103415508772	7.4146462175438606	0.0	0.0	1	1.0216019667775407	4.378154786269283	138.0	12	1.05	0.95				
	103	1	66.73181595789474	13.717095502456141	0.0	0.0	1	1.03085263709982	4.12195726278861	138.0	11	1.05	0.95				
	104	1	27.434191004912282	5.560984663157894	0.0	0.0	1	1.0172888297532117	1.0523395102667235	138.0	11	1.05	0.95				
	105	1	26.321994072280702	5.1902523522807025	0.0	0.0	1	1.0308090089436053	1.1822531727237662	138.0	11	1.05	0.95				
	106	1	50.41959427929825	10.380504704561405	0.0	-100.0	1	1.0439589952292896	-1.1947381067937484	138.0	12	1.05	0.95				
	107	2	46.34153885964912	9.268307771929825	0.0	0.0	1	0.9846601692994074	-7.6090735367924225	138.0	12	1.05	0.95				
	108	1	63.39522516	12.975630880701756	0.0	0.0	1	0.9965801691616228	-5.792276688097512	138.0	12	1.05	0.95				
	109	1	64.87815440350877	13.346363191578947	0.0	0.0	1	1.0250803666587462	-0.12762177200706276	138.0	13	1.05	0.95				
	110	1	72.29280062105263	14.829292435087721	0.0	0.0	1	1.05	-1.1526748823475716	138.0	13	1.05	0.95				
	111	1	0.0	0.0	0.0	0.0	1	1.0137272406320794	1.4636451272306614	230.0	13	1.05	0.95				
	112	1	0.0	0.0	0.0	0.0	1	1.0105597396857802	0.505681472468853	230.0	13	1.05	0.95				
	113	3	98.24406238245615	20.019544787368424	0.0	0.0	1	0.987840900213137	-6.664999993490946e-28	230.0	14	1.05	0.95				
	114	2	71.92206831017543	14.458560124210527	0.0	0.0	1	1.037427798644149	4.791623764639657	230.0	16	1.05	0.95				
	115	2	117.52214254807018	23.72686789614035	0.0	0.0	1	1.044137928257484	13.446475256788839	230.0	16	1.05	0.95				
	116	2	37.0732310877193	7.4146462175438606	0.0	0.0	1	1.0429765829082676	11.825011367287397	230.0	16	1.05	0.95				
	117	1	0.0	0.0	0.0	0.0	1	1.0419846698672124	17.349695710902814	230.0	17	1.05	0.95				
	118	2	123.45385952210528	25.209797139649126	0.0	0.0	1	1.05	17.744264508570538	230.0	17	1.05	0.95				
	119	1	67.10254826877193	13.717095502456141	0.0	0.0	1	1.0374757357592765	8.016882697166517	230.0	15	1.05	0.95				
	120	1	47.4537357922807	9.639040082807018	0.0	0.0	1	1.0381285822899218	5.4041297740715235	230.0	15	1.05	0.95				
	121	2	0.0	0.0	0.0	0.0	1	1.0428921366794341	19.06381245128089	230.0	17	1.05	0.95				
	122	2	0.0	0.0	0.0	0.0	1	1.05	37.02811584458859	230.0	17	1.05	0.95				
	123	2	0.0	0.0	0.0	0.0	1	1.0392365977983005	4.247989574568961	230.0	15	1.05	0.95				
	124	1	0.0	0.0	0.0	0.0	1	1.0274285756147654	9.96538582564467	230.0	16	1.05	0.95				
	201	2	44.505587898947375	9.065953090526316	0.0	0.0	2	1.013396158299004	-12.287777854945208	138.0	21	1.05	0.95				
	202	2	39.972611353684215	8.241775536842106	0.0	0.0	2	1.012804383186192	-12.522605711089277	138.0	22	1.05	0.95				
	203	1	74.17597983157896	15.247284743157893	0.0	0.0	2	1.0111326729048868	-8.582150891600286	138.0	21	1.05	0.95				
	204	1	30.494569486315786	6.181331652631579	0.0	0.0	2	1.0115832448466193	-12.290918601226613	138.0	21	1.05	0.95				
	205	1	29.258303155789473	5.769242875789474	0.0	0.0	2	1.0267012439664949	-12.71690135650819	138.0	21	1.05	0.95				
	206	1	56.044073650526315	11.538485751578948	0.0	-100.0	2	1.0420973106712161	-13.458747110771208	138.0	22	1.05	0.95				
	207	2	51.51109710526316	10.302219421052632	0.0	0.0	2	0.9947947643915362	-18.49669309747232	138.0	22	1.05	0.95				
	208	1	70.46718084	14.423107189473683	0.0	0.0	2	1.000425813128368	-16.639623795451595	138.0	22	1.05	0.95				
	209	1	72.11553594736843	14.835195966315789	0.0	0.0	2	1.0223844899513814	-10.390689674278823	138.0	23	1.05	0.95				
	210	1	80.35731148421053	16.48355107368421	0.0	0.0	2	1.05	-11.819517007971815	138.0	23	1.05	0.95				
	211	1	0.0	0.0	0.0	0.0	2	1.0073964081736182	-7.343550103627459	230.0	23	1.05	0.95				
	212	1	0.0	0.0	0.0	0.0	2	1.008295038359912	-6.25257528126639	230.0	23	1.05	0.95				
	213	2	109.20352586315789	22.252793949473688	0.0	0.0	2	1.00444734387475	-5.622286712884574	230.0	24	1.05	0.95				
	214	2	79.94522270736843	16.071462296842107	0.0	0.0	2	1.009872523543836	-4.995249692209472	230.0	26	1.05	0.95				
	215	2	130.63214225894737	26.373681717894737	0.0	0.0	2	1.0227626977479187	0.7178718759810157	230.0	26	1.05	0.95				
	216	2	41.20887768421053	8.241775536842106	0.0	0.0	2	1.0260312340552813	0.8368814262766241	230.0	26	1.05	0.95				
	217	1	0.0	0.0	0.0	0.0	2	1.0326553622192662	2.1983183912432414	230.0	27	1.05	0.95				
	218	2	137.22556268842106	28.022036825263157	0.0	0.0	2	1.030711829294592	1.6825293625600926	230.0	27	1.05	0.95				
	219	1	74.58806860842105	15.247284743157893	0.0	0.0	2	1.0268840892318405	1.40425331389947	230.0	25	1.05	0.95				
	220	1	52.747363435789474	10.714308197894736	0.0	0.0	2	1.030462048578012	2.697931139816445	230.0	25	1.05	0.95				
	221	2	0.0	0.0	0.0	0.0	2	1.0311885266620848	2.163978457618563	230.0	27	1.05	0.95				
	222	2	0.0	0.0	0.0	0.0	2	1.05	8.671823931073607	230.0	27	1.05	0.95				
	223	2	0.0	0.0	0.0	0.0	2	1.0333330197048893	3.7193020305942937	230.0	25	1.05	0.95				
	224	1	0.0	0.0	0.0	0.0	2	1.0069411484392154	-2.7590622059600993	230.0	26	1.05	0.95				
	301	2	56.61372982736842	11.532426446315789	0.0	0.0	3	1.011013593385259	-13.56758670596881	138.0	31	1.05	0.95				
	302	2	50.84751660421052	10.484024042105263	0.0	0.0	3	1.0103600030901403	-13.71254400483183	138.0	32	1.05	0.95				
	303	1	94.35621637894737	19.395444477894735	0.0	0.0	3	1.0247518886736722	-6.2042844749938455	138.0	31	1.05	0.95				
	304	1	38.79088895578947	7.863018031578946	0.0	0.0	3	1.0097654880374574	-11.850792281928042	138.0	31	1.05	0.95				
	305	1	37.21828534947368	7.338816829473684	0.0	0.0	3	1.0235413526942527	-12.96029005451613	138.0	31	1.05	0.95				
	306	1	71.29136348631579	14.677633658947368	0.0	-100.0	3	1.0381978263912874	-13.215353329323055	138.0	32	1.05	0.95				
	307	2	65.52515026315788	13.105030052631578	0.0	0.0	3	0.9948540101545279	-19.040975822902332	138.0	32	1.05	0.95				
	308	1	89.63840556	18.347042073684207	0.0	0.0	3	0.9965921504735895	-16.58385197937677	138.0	32	1.05	0.95				
	309	1	91.73521036842105	18.87124327578947	0.0	0.0	3	1.0270204137176384	-8.19006365348031	138.0	33	1.05	0.95				
	310	1	102.2192344105263	20.968048084210526	0.0	0.0	3	1.05	-10.669332568627519	138.0	33	1.05	0.95				
	311	1	0.0	0.0	0.0	0.0	3	1.0149762420141357	-3.6945916502068834	230.0	33	1.05	0.95				
	312	1	0.0	0.0	0.0	0.0	3	1.0127708359650411	-3.4625746976939307	230.0	33	1.05	0.95				
	313	2	138.91331855789474	28.30686491368421	0.0	0.0	3	1.0170779413905267	-0.3879833406381412	230.0	34	1.05	0.95				
	314	2	101.69503320842104	20.443846882105262	0.0	0.0	3	1.0264249891695765	-0.8540410072144126	230.0	36	1.05	0.95				
	315	2	166.1717810673684	33.54887693473684	0.0	0.0	3	1.043480445134207	5.558713096484959	230.0	36	1.05	0.95				
	316	2	52.42012021052631	10.484024042105263	0.0	0.0	3	1.0432107525821395	6.328064530625819	230.0	36	1.05	0.95				
	317	1	0.0	0.0	0.0	0.0	3	1.05	12.016761303812778	230.0	37	1.05	0.95				
	318	2	174.55900030105263	35.645681743157894	0.0	0.0	3	1.0427672606395662	9.341663786841057	230.0	37	1.05	0.95				
	319	1	94.88041758105263	19.395444477894735	0.0	0.0	3	1.035172386433442	4.567775356974914	230.0	35	1.05	0.95				
	320	1	67.09775386947368	13.62923125473684	0.0	0.0	3	1.0326230938425212	4.027334089560934	230.0	35	1.05	0.95				
	321	2	0.0	0.0	0.0	0.0	3	1.0449529875981793	8.72018858779675	230.0	37	1.05	0.95				
	322	2	0.0	0.0	0.0	0.0	3	1.05	14.356439169909262	230.0	37	1.05	0.95				
	323	2	0.0	0.0	0.0	0.0	3	1.0321470741752645	4.126535512862357	230.0	35	1.05	0.95				
	324	1	0.0	0.0	0.0	0.0	3	1.021716090692649	1.1849967859098758	230.0	36	1.05	0.95				
	325	1	0.0	0.0	0.0	0.0	3	1.0286453050741322	5.369449579005369	230.0	35	1.05	0.95				
];
