%% MATPOWER Case Format : Version 2
function mpc = RTS_GMLC
mpc.version = '2';

%%-----  Power Flow Data  -----%%
%% system MVA base
mpc.baseMVA = 100.0;
%% bus data
%    bus_i    type    Pd    Qd    Gs    Bs    area    Vm    Va    baseKV    zone    Vmax    Vmin
mpc.bus = [
	101	2	48.17516081684211	9.81345868491228	0.0	0.0	1	1.018809482234506	-3.023802878108581	138.0	11	1.05	0.95				
	102	2	43.26843147438596	8.921326077192983	0.0	0.0	1	1.018312364444854	-3.292850155315541	138.0	12	1.05	0.95				
	103	1	80.29193469473684	16.504453242807017	0.0	0.0	1	1.0252354356634477	1.6250817213184576	138.0	11	1.05	0.95				
	104	1	33.008906485614034	6.6909945578947365	0.0	0.0	1	1.0160950880753217	-3.6510548583023907	138.0	11	1.05	0.95				
	105	1	31.670707574035085	6.244928254035089	0.0	0.0	1	1.0276702838183058	-4.842748951820162	138.0	11	1.05	0.95				
	106	1	60.665017324912284	12.489856508070178	0.0	-100.0	1	1.0402713260360292	-6.366411480080863	138.0	12	1.05	0.95				
	107	2	55.758287982456146	11.151657596491228	0.0	0.0	1	0.9904249640591402	-13.352141381056216	138.0	12	1.05	0.95				
	108	1	76.27733796	15.612320635087718	0.0	0.0	1	0.9950534439916631	-10.859384252616817	138.0	12	1.05	0.95				
	109	1	78.06160317543859	16.05838693894737	0.0	0.0	1	1.021519997130452	-3.2132328078388213	138.0	13	1.05	0.95				
	110	1	86.98292925263158	17.842652154385966	0.0	0.0	1	1.0476371094226191	-5.239027393942597	138.0	13	1.05	0.95				
	111	1	0.0	0.0	0.0	0.0	1	1.0092589292665066	-0.2720497006470735	230.0	13	1.05	0.95				
	112	1	0.0	0.0	0.0	0.0	1	1.0054293035899953	-1.4192405993759745	230.0	13	1.05	0.95				
	113	3	118.20757052280702	24.087580408421054	0.0	0.0	1	0.9840547796505232	-1.370115571681466e-28	230.0	14	1.05	0.95				
	114	2	86.53686294877193	17.396585850526318	0.0	0.0	1	1.0360661239945406	3.4254550034797577	230.0	16	1.05	0.95				
	115	2	141.40301832350877	28.548243447017548	0.0	0.0	1	1.0354957429146887	13.44990984555098	230.0	16	1.05	0.95				
	116	2	44.60663038596491	8.921326077192983	0.0	0.0	1	1.0343521704130874	11.554494012311824	230.0	16	1.05	0.95				
	117	1	0.0	0.0	0.0	0.0	1	1.0359968460146822	17.893128467054233	230.0	17	1.05	0.95				
	118	2	148.54007918526315	30.332508662456142	0.0	0.0	1	1.046450657696885	18.630495919494205	230.0	17	1.05	0.95				
	119	1	80.73800099859649	16.504453242807017	0.0	0.0	1	1.0300656565656732	7.175622163914144	230.0	15	1.05	0.95				
	120	1	57.096486894035095	11.597723900350877	0.0	0.0	1	1.0332034348021772	3.882922979807369	230.0	15	1.05	0.95				
	121	2	0.0	0.0	0.0	0.0	1	1.0449281505127892	20.13262054205674	230.0	17	1.05	0.95				
	122	2	0.0	0.0	0.0	0.0	1	1.0476541670706103	38.117983924161905	230.0	17	1.05	0.95				
	123	2	0.0	0.0	0.0	0.0	1	1.0364406428858386	2.417533252097389	230.0	15	1.05	0.95				
	124	1	0.0	0.0	0.0	0.0	1	1.0169178787185593	9.018113540788566	230.0	16	1.05	0.95				
	201	2	45.64457734736842	9.297969459649122	0.0	0.0	2	1.0093236440643356	-20.0800844212093	138.0	21	1.05	0.95				
	202	2	40.995592617543856	8.45269950877193	0.0	0.0	2	1.0081254847254435	-20.39335677352513	138.0	22	1.05	0.95				
	203	1	76.07429557894736	15.637494091228069	0.0	0.0	2	0.9977591116669917	-14.600695928409209	138.0	21	1.05	0.95				
	204	1	31.274988182456138	6.339524631578946	0.0	0.0	2	0.9953761058440662	-19.779151775325737	138.0	21	1.05	0.95				
	205	1	30.007083256140348	5.916889656140351	0.0	0.0	2	1.012357471095709	-20.36360440865472	138.0	21	1.05	0.95				
	206	1	57.47835665964912	11.833779312280702	0.0	-100.0	2	1.0216325877905814	-21.06905505418501	138.0	22	1.05	0.95				
	207	2	52.82937192982455	10.56587438596491	0.0	0.0	2	0.9724883981213189	-26.378085205850013	138.0	22	1.05	0.95				
	208	1	72.27058079999999	14.792224140350877	0.0	0.0	2	0.9761600760712639	-24.34590722608795	138.0	22	1.05	0.95				
	209	1	73.96112070175438	15.214859115789473	0.0	0.0	2	0.997707855169697	-17.444796729496243	138.0	23	1.05	0.95				
	210	1	82.41382021052631	16.90539901754386	0.0	0.0	2	1.0255650278327857	-19.240295437063608	138.0	23	1.05	0.95				
	211	1	0.0	0.0	0.0	0.0	2	0.9859959716005039	-14.168231753238228	230.0	23	1.05	0.95				
	212	1	0.0	0.0	0.0	0.0	2	0.9697670153971861	-13.453451816785641	230.0	23	1.05	0.95				
	213	2	111.99826849122805	22.82228867368421	0.0	0.0	2	0.9701052008742552	-12.722560548972869	230.0	24	1.05	0.95				
	214	2	81.99118523508771	16.482764042105263	0.0	0.0	2	1.0038485171304947	-11.214399769175266	230.0	26	1.05	0.95				
	215	2	133.97528721403506	27.048638428070177	0.0	0.0	2	1.0048867575828593	-2.9921262225250556	230.0	26	1.05	0.95				
	216	2	42.26349754385964	8.45269950877193	0.0	0.0	2	1.001020540174709	-4.128160585861016	230.0	26	1.05	0.95				
	217	1	0.0	0.0	0.0	0.0	2	1.0174065563392765	-1.850044998893113	230.0	27	1.05	0.95				
	218	2	140.73744682105263	28.73917832982456	0.0	0.0	2	1.0189328733205574	-2.342964735009278	230.0	27	1.05	0.95				
	219	1	76.49693055438597	15.637494091228069	0.0	0.0	2	0.9784775529386266	-4.327365096514563	230.0	25	1.05	0.95				
	220	1	54.097276856140354	10.988509361403509	0.0	0.0	2	0.96203663689611	-3.59060624364582	230.0	25	1.05	0.95				
	221	2	0.0	0.0	0.0	0.0	2	1.020089036023305	-1.7699090501740034	230.0	27	1.05	0.95				
	222	2	0.0	0.0	0.0	0.0	2	1.0375133415381663	4.746013401881342	230.0	27	1.05	0.95				
	223	2	0.0	0.0	0.0	0.0	2	0.9539300086396761	-2.7959085024700556	230.0	25	1.05	0.95				
	224	1	0.0	0.0	0.0	0.0	2	0.9881902784786674	-7.354729918216524	230.0	26	1.05	0.95				
	301	2	61.20911103157894	12.46852261754386	0.0	0.0	3	1.0071191962096424	35.86355083627066	138.0	31	1.05	0.95				
	302	2	54.974849722807015	11.335020561403509	0.0	0.0	3	1.0082817858759399	35.44752895594741	138.0	32	1.05	0.95				
	303	1	102.01518505263158	20.96978803859649	0.0	0.0	3	1.0030837804038382	53.123635764266695	138.0	31	1.05	0.95				
	304	1	41.93957607719298	8.501265421052631	0.0	0.0	3	0.9953818134245958	37.19119337207216	138.0	31	1.05	0.95				
	305	1	40.23932299298245	7.934514392982457	0.0	0.0	3	1.0164536016832244	34.84641223119216	138.0	31	1.05	0.95				
	306	1	77.07813981754386	15.869028785964915	0.0	-100.0	3	1.0287738026168063	33.621223209528615	138.0	32	1.05	0.95				
	307	2	70.84387850877192	14.168775701754384	0.0	0.0	3	0.9643946961302766	29.944044820275845	138.0	32	1.05	0.95				
	308	1	96.91442579999999	19.83628598245614	0.0	0.0	3	0.9756341549508597	32.60062439782081	138.0	32	1.05	0.95				
	309	1	99.18142991228069	20.403037010526315	0.0	0.0	3	1.0045132689645504	41.04229207862689	138.0	33	1.05	0.95				
	310	1	110.51645047368422	22.670041122807017	0.0	0.0	3	1.0402251391010788	35.675273942230326	138.0	33	1.05	0.95				
	311	1	0.0	0.0	0.0	0.0	3	0.9973348817633662	39.562928216460655	230.0	33	1.05	0.95				
	312	1	0.0	0.0	0.0	0.0	3	1.0153762168477412	39.75914786192857	230.0	33	1.05	0.95				
	313	2	150.18902243859648	30.60455551578947	0.0	0.0	3	1.0174989721600656	42.363107320056	230.0	34	1.05	0.95				
	314	2	109.94969944561403	22.103290094736842	0.0	0.0	3	0.9780323219915975	38.346898518750635	230.0	36	1.05	0.95				
	315	2	179.6600758982456	36.272065796491226	0.0	0.0	3	0.9688243609035981	34.35951690283437	230.0	36	1.05	0.95				
	316	2	56.67510280701754	11.335020561403509	0.0	0.0	3	0.9710948510697973	34.60377510033437	230.0	36	1.05	0.95				
	317	1	0.0	0.0	0.0	0.0	3	0.9658935996033375	35.00841276978735	230.0	37	1.05	0.95				
	318	2	188.72809234736843	38.53906990877193	0.0	0.0	3	0.9513102354364771	30.905998559986237	230.0	37	1.05	0.95				
	319	1	102.58193608070177	20.96978803859649	0.0	0.0	3	1.0000899505333154	35.10855406315187	230.0	35	1.05	0.95				
	320	1	72.54413159298245	14.73552672982456	0.0	0.0	3	1.0262108213857912	35.02008073138467	230.0	35	1.05	0.95				
	321	2	0.0	0.0	0.0	0.0	3	0.9649069873872892	32.55518331895036	230.0	37	1.05	0.95				
	322	2	0.0	0.0	0.0	0.0	3	0.9836618378364392	36.287390922455536	230.0	37	1.05	0.95				
	323	2	0.0	0.0	0.0	0.0	3	1.0403218908088678	34.80293659521896	230.0	35	1.05	0.95				
	324	1	0.0	0.0	0.0	0.0	3	0.9760862741275695	43.26342605015421	230.0	36	1.05	0.95				
