%% MATPOWER Case Format : Version 2
function mpc = RTS_GMLC
mpc.version = '2';

%%-----  Power Flow Data  -----%%
%% system MVA base
mpc.baseMVA = 100.0;
%% bus data
%    bus_i    type    Pd    Qd    Gs    Bs    area    Vm    Va    baseKV    zone    Vmax    Vmin
mpc.bus = [
	101	2	46.65215239578948	9.50321622877193	0.0	0.0	1	1.0440293254703128	2.781132309617669	138.0	11	1.05	0.95				
	102	2	41.900544281403505	8.639287480701755	0.0	0.0	1	1.043032955659569	2.4958258329457363	138.0	12	1.05	0.95				
	103	1	77.75358732631578	15.982681839298243	0.0	0.0	1	1.0278190217153886	-0.4159951931958074	138.0	11	1.05	0.95				
	104	1	31.965363678596486	6.479465610526315	0.0	0.0	1	1.0266446659628776	-0.9979949375445434	138.0	11	1.05	0.95				
	105	1	30.669470556491223	6.047501236491228	0.0	0.0	1	1.0406673192543545	-0.9381344412105598	138.0	11	1.05	0.95				
	106	1	58.747154868771936	12.095002472982456	0.0	-100.0	1	1.0472779609265808	-3.5060111861610337	138.0	12	1.05	0.95				
	107	2	53.995546754385956	10.799109350877192	0.0	0.0	1	1.0007520759324866	-10.10216699631776	138.0	12	1.05	0.95				
	108	1	73.86590796	15.118753091228069	0.0	0.0	1	1.0039118570693693	-8.46144543596412	138.0	12	1.05	0.95				
	109	1	75.59376545614035	15.550717465263157	0.0	0.0	1	1.0241733273550988	-2.7466654029247324	138.0	13	1.05	0.95				
	110	1	84.2330529368421	17.27857496140351	0.0	0.0	1	1.05	-3.394102996206949	138.0	13	1.05	0.95				
	111	1	0.0	0.0	0.0	0.0	1	1.0022309136024432	-0.9587405063778894	230.0	13	1.05	0.95				
	112	1	0.0	0.0	0.0	0.0	1	1.007284004395921	-1.0004753461400895	230.0	13	1.05	0.95				
	113	3	114.47055911929824	23.32607619789474	0.0	0.0	1	0.9951680786452696	1.0307313361957227e-30	230.0	14	1.05	0.95				
	114	2	83.80108856280701	16.84661058736842	0.0	0.0	1	0.9970304310044658	0.45600399253354923	230.0	16	1.05	0.95				
	115	2	136.9327065691228	27.645719938245612	0.0	0.0	1	1.0315815617328166	5.728633523370795	230.0	16	1.05	0.95				
	116	2	43.19643740350877	8.639287480701755	0.0	0.0	1	1.027383723374677	4.997801344661287	230.0	16	1.05	0.95				
	117	1	0.0	0.0	0.0	0.0	1	1.0351616666963344	8.057431537127183	230.0	17	1.05	0.95				
	118	2	143.8441365536842	29.373577434385968	0.0	0.0	1	1.0386070294736476	8.381273079533333	230.0	17	1.05	0.95				
	119	1	78.18555170035087	15.982681839298243	0.0	0.0	1	1.018295851975783	3.0403001391272237	230.0	15	1.05	0.95				
	120	1	55.291439876491225	11.23107372491228	0.0	0.0	1	1.0140417079259827	2.1626380974299164	230.0	15	1.05	0.95				
	121	2	0.0	0.0	0.0	0.0	1	1.0416379740157342	9.678061677982802	230.0	17	1.05	0.95				
	122	2	0.0	0.0	0.0	0.0	1	1.05	17.88716597425804	230.0	17	1.05	0.95				
	123	2	0.0	0.0	0.0	0.0	1	1.0122689214512608	2.0190183365703023	230.0	15	1.05	0.95				
	124	1	0.0	0.0	0.0	0.0	1	1.0218616461923156	3.4166990572479365	230.0	16	1.05	0.95				
	201	2	43.298599073684215	8.820084996491229	0.0	0.0	2	1.0174292757725925	-12.357963547554473	138.0	21	1.05	0.95				
	202	2	38.88855657543859	8.018259087719299	0.0	0.0	2	1.0169694141072667	-12.51705234210702	138.0	22	1.05	0.95				
	203	1	72.16433178947369	14.8337793122807	0.0	0.0	2	1.0157235029192189	-9.471744441085988	138.0	21	1.05	0.95				
	204	1	29.6675586245614	6.013694315789474	0.0	0.0	2	1.0140820006733624	-12.607320126759664	138.0	21	1.05	0.95				
	205	1	28.464819761403508	5.612781361403509	0.0	0.0	2	1.0289373959585812	-12.976201424084199	138.0	21	1.05	0.95				
	206	1	54.524161796491235	11.225562722807018	0.0	-100.0	2	1.0434070479995836	-13.7928477100219	138.0	22	1.05	0.95				
	207	2	50.11411929824562	10.022823859649122	0.0	0.0	2	0.9959399573633748	-18.833261095672746	138.0	22	1.05	0.95				
	208	1	68.5561152	14.031953403508771	0.0	0.0	2	1.0016648868546874	-17.034938870580373	138.0	22	1.05	0.95				
	209	1	70.15976701754386	14.432866357894735	0.0	0.0	2	1.0229091882931172	-11.018545530086701	138.0	23	1.05	0.95				
	210	1	78.17802610526316	16.036518175438598	0.0	0.0	2	1.05	-12.308010382042637	138.0	23	1.05	0.95				
	211	1	0.0	0.0	0.0	0.0	2	1.0045698783578543	-8.190989893277154	230.0	23	1.05	0.95				
	212	1	0.0	0.0	0.0	0.0	2	1.007018823844835	-6.9888699169682305	230.0	23	1.05	0.95				
	213	2	106.2419329122807	21.649299536842108	0.0	0.0	2	0.9997420268991137	-6.709897304084818	230.0	24	1.05	0.95				
	214	2	77.77711315087718	15.635605221052632	0.0	0.0	2	1.0046206446016723	-5.888070984626864	230.0	26	1.05	0.95				
	215	2	127.08940654035088	25.658429080701755	0.0	0.0	2	1.0202139523581615	0.10500211222681648	230.0	26	1.05	0.95				
	216	2	40.09129543859649	8.018259087719299	0.0	0.0	2	1.0206260070549102	-0.1786347768780278	230.0	26	1.05	0.95				
	217	1	0.0	0.0	0.0	0.0	2	1.0247788227199248	1.0898828297638494	230.0	27	1.05	0.95				
	218	2	133.50401381052632	27.262080898245618	0.0	0.0	2	1.0242462009424158	0.7154259951903851	230.0	27	1.05	0.95				
	219	1	72.56524474385965	14.8337793122807	0.0	0.0	2	1.0205683825553749	-0.14525048005208707	230.0	25	1.05	0.95				
	220	1	51.31685816140351	10.423736814035088	0.0	0.0	2	1.0231108713028947	0.675085313296227	230.0	25	1.05	0.95				
	221	2	0.0	0.0	0.0	0.0	2	1.0264505093097651	1.3115472944281743	230.0	27	1.05	0.95				
	222	2	0.0	0.0	0.0	0.0	2	1.0481196478335804	7.738341227173242	230.0	27	1.05	0.95				
	223	2	0.0	0.0	0.0	0.0	2	1.0251701372963575	1.4348517471752456	230.0	25	1.05	0.95				
	224	1	0.0	0.0	0.0	0.0	2	1.0067784027064959	-3.5023790666558305	230.0	26	1.05	0.95				
	301	2	44.296741553684214	9.023410316491228	0.0	0.0	3	1.009091693731572	-6.8046474442276095	138.0	31	1.05	0.95				
	302	2	39.785036395438595	8.203100287719298	0.0	0.0	3	1.008921084954008	-6.960741729719692	138.0	32	1.05	0.95				
	303	1	73.82790258947368	15.1757355322807	0.0	0.0	3	1.030512166664779	-0.22703300994206188	138.0	31	1.05	0.95				
	304	1	30.3514710645614	6.152325215789474	0.0	0.0	3	1.0112273560356235	-5.745576235053976	138.0	31	1.05	0.95				
	305	1	29.121006021403506	5.742170201403509	0.0	0.0	3	1.0243936208527047	-6.577360333884946	138.0	31	1.05	0.95				
	306	1	55.78108195649123	11.484340402807018	0.0	-100.0	3	1.0412249423899036	-6.950029511471037	138.0	32	1.05	0.95				
	307	2	51.26937679824562	10.253875359649122	0.0	0.0	3	0.9933070213135426	-11.281262833957882	138.0	32	1.05	0.95				
	308	1	70.13650745999999	14.355425503508771	0.0	0.0	3	1.0005060332799658	-9.454353786042958	138.0	32	1.05	0.95				
	309	1	71.77712751754386	14.765580517894735	0.0	0.0	3	1.0255900577868096	-3.0663995808590734	138.0	33	1.05	0.95				
	310	1	79.98022780526316	16.406200575438596	0.0	0.0	3	1.05	-5.028016519607705	138.0	33	1.05	0.95				
	311	1	0.0	0.0	0.0	0.0	3	1.0036913881881084	-0.7822129848033774	230.0	33	1.05	0.95				
	312	1	0.0	0.0	0.0	0.0	3	1.0098940764474158	-0.2413719699967457	230.0	33	1.05	0.95				
	313	2	108.69107881228071	22.148370776842107	0.0	0.0	3	1.0067715801260824	2.5020134314654787	230.0	34	1.05	0.95				
	314	2	79.57007279087719	15.996045561052632	0.0	0.0	3	0.9947376531961001	-0.25138767781438365	230.0	36	1.05	0.95				
	315	2	130.01913956035088	26.249920920701754	0.0	0.0	3	1.0166366543022862	0.2052116550850176	230.0	36	1.05	0.95				
	316	2	41.01550143859649	8.203100287719298	0.0	0.0	3	1.0138619905755593	0.2922066457476498	230.0	36	1.05	0.95				
	317	1	0.0	0.0	0.0	0.0	3	1.0220397599527862	1.9803776862487716	230.0	37	1.05	0.95				
	318	2	136.58161979052633	27.890540978245614	0.0	0.0	3	1.0206542619569658	1.211429987934067	230.0	37	1.05	0.95				
	319	1	74.23805760385966	15.1757355322807	0.0	0.0	3	1.0119199875645233	0.9307762927556125	230.0	35	1.05	0.95				
	320	1	52.49984184140351	10.664030374035088	0.0	0.0	3	1.0114010186060407	1.604281269684845	230.0	35	1.05	0.95				
	321	2	0.0	0.0	0.0	0.0	3	1.0214137752081105	1.4444612650844488	230.0	37	1.05	0.95				
	322	2	0.0	0.0	0.0	0.0	3	1.0352584511785412	6.085845588312565	230.0	37	1.05	0.95				
	323	2	0.0	0.0	0.0	0.0	3	1.0114905922455062	2.1803552314216033	230.0	35	1.05	0.95				
	324	1	0.0	0.0	0.0	0.0	3	1.019228873547075	1.073013218792892	230.0	36	1.05	0.95				
	325	1	0.0	0.0	0.0	0.0	3	1.0128955152858334	2.8363600031882674	230.0	35	1.05	0.95				
];
