%% MATPOWER Case Format : Version 2
function mpc = RTS_GMLC
mpc.version = '2';

%%-----  Power Flow Data  -----%%
%% system MVA base
mpc.baseMVA = 100.0;
%% bus data
%    bus_i    type    Pd    Qd    Gs    Bs    area    Vm    Va    baseKV    zone    Vmax    Vmin
mpc.bus = [
	101	2	37.40722414484211	7.619990103578949	0.0	0.0	1	1.0308285006462157	3.1734391402706503	138.0	11	1.05	0.95				
	102	2	33.59722909305263	6.927263730526316	0.0	0.0	1	1.0299561355450055	2.938035940892607	138.0	12	1.05	0.95				
	103	1	62.345373574736854	12.815437901473686	0.0	0.0	1	1.0301168223719086	0.5723192774937055	138.0	11	1.05	0.95				
	104	1	25.630875802947372	5.1954477978947375	0.0	0.0	1	1.0216218699365913	-0.21059295415686144	138.0	11	1.05	0.95				
	105	1	24.59178624336842	4.849084611368422	0.0	0.0	1	1.035594672998623	0.11291445618467313	138.0	11	1.05	0.95				
	106	1	47.105393367578955	9.698169222736844	0.0	-100.0	1	1.0469768702244457	-2.002774223670603	138.0	12	1.05	0.95				
	107	2	43.29539831578948	8.659079663157895	0.0	0.0	1	1.0000323144810472	-7.008354337200168	138.0	12	1.05	0.95				
	108	1	59.228104896	12.122711528421053	0.0	0.0	1	1.0069841477264132	-5.805111228282925	138.0	12	1.05	0.95				
	109	1	60.61355764210526	12.469074714947368	0.0	0.0	1	1.0250594874426788	-1.3705539427185358	138.0	13	1.05	0.95				
	110	1	67.54082137263158	13.854527461052632	0.0	0.0	1	1.05	-1.8873880764699966	138.0	13	1.05	0.95				
	111	1	0.0	0.0	0.0	0.0	1	1.0020372252206282	-0.11541362505692494	230.0	13	1.05	0.95				
	112	1	0.0	0.0	0.0	0.0	1	1.0067345617261392	0.32558957039742364	230.0	13	1.05	0.95				
	113	3	91.78624442947368	18.703612072421056	0.0	0.0	1	0.9904681184615366	4.2442582031242685e-28	230.0	14	1.05	0.95				
	114	2	67.19445818610527	13.508164274526315	0.0	0.0	1	0.9986642971246704	1.4295027780415908	230.0	16	1.05	0.95				
	115	2	109.79713012884211	22.167243937684212	0.0	0.0	1	1.0372609463499487	5.746141364118082	230.0	16	1.05	0.95				
	116	2	34.63631865263158	6.927263730526316	0.0	0.0	1	1.0317473793310648	5.575707308624964	230.0	16	1.05	0.95				
	117	1	0.0	0.0	0.0	0.0	1	1.0415701765545182	6.840906007071237	230.0	17	1.05	0.95				
	118	2	115.33894111326317	23.552696683789478	0.0	0.0	1	1.0449306123695552	6.566625573293384	230.0	17	1.05	0.95				
	119	1	62.69173676126316	12.815437901473686	0.0	0.0	1	1.025348774294799	5.05911982317248	230.0	15	1.05	0.95				
	120	1	44.334487875368424	9.005442849684211	0.0	0.0	1	1.0217002251221146	5.2878460810924794	230.0	15	1.05	0.95				
	121	2	0.0	0.0	0.0	0.0	1	1.05	7.101788999077797	230.0	17	1.05	0.95				
	122	2	0.0	0.0	0.0	0.0	1	1.05	14.004103043165848	230.0	17	1.05	0.95				
	123	2	0.0	0.0	0.0	0.0	1	1.0199158858153674	5.687577410020998	230.0	15	1.05	0.95				
	124	1	0.0	0.0	0.0	0.0	1	1.027079767064052	3.8107667565567325	230.0	16	1.05	0.95				
	201	2	42.516606315789474	8.660790175438596	0.0	0.0	2	1.0231087957883178	-7.1438534697772695	138.0	21	1.05	0.95				
	202	2	38.18621122807017	7.873445614035088	0.0	0.0	2	1.0238255670193124	-6.947842792439417	138.0	22	1.05	0.95				
	203	1	70.86101052631578	14.56587438596491	0.0	0.0	2	1.0180121850910793	-6.4826629420766535	138.0	21	1.05	0.95				
	204	1	29.13174877192982	5.905084210526315	0.0	0.0	2	1.0172540277052984	-8.862102595460618	138.0	21	1.05	0.95				
	205	1	27.950731929824556	5.511411929824562	0.0	0.0	2	1.031687750486591	-9.116846378659105	138.0	21	1.05	0.95				
	206	1	53.539430175438596	11.022823859649124	0.0	-100.0	2	1.0447496108647059	-10.572041566818898	138.0	22	1.05	0.95				
	207	2	49.20903508771929	9.841807017543859	0.0	0.0	2	0.9887689392049003	-16.285831736362255	138.0	22	1.05	0.95				
	208	1	67.31796	13.778529824561403	0.0	0.0	2	0.9978106532729836	-14.55170417507532	138.0	22	1.05	0.95				
	209	1	68.89264912280701	14.172202105263157	0.0	0.0	2	1.0228369360432183	-8.802633851807812	138.0	23	1.05	0.95				
	210	1	76.76609473684209	15.746891228070176	0.0	0.0	2	1.05	-9.844916233584794	138.0	23	1.05	0.95				
	211	1	0.0	0.0	0.0	0.0	2	1.0039753688770787	-6.470608443896821	230.0	23	1.05	0.95				
	212	1	0.0	0.0	0.0	0.0	2	1.0105891693381328	-6.269840502852382	230.0	23	1.05	0.95				
	213	2	104.32315438596491	21.258303157894737	0.0	0.0	2	0.9986970294048776	-5.955769401055382	230.0	24	1.05	0.95				
	214	2	76.37242245614034	15.353218947368422	0.0	0.0	2	1.0020052475970906	-3.941085080195031	230.0	26	1.05	0.95				
	215	2	124.79411298245613	25.195025964912283	0.0	0.0	2	1.0246154232738738	2.358775325571613	230.0	26	1.05	0.95				
	216	2	39.367228070175436	7.873445614035088	0.0	0.0	2	1.026843613837006	1.9446190673947028	230.0	26	1.05	0.95				
	217	1	0.0	0.0	0.0	0.0	2	1.031874883233907	4.682166163486026	230.0	27	1.05	0.95				
	218	2	131.0928694736842	26.769715087719298	0.0	0.0	2	1.0332780741144298	5.083904848014943	230.0	27	1.05	0.95				
	219	1	71.25468280701755	14.56587438596491	0.0	0.0	2	1.0283604515523852	0.5645261932136463	230.0	25	1.05	0.95				
	220	1	50.390051929824565	10.235479298245615	0.0	0.0	2	1.0324351075756215	0.13709825008704118	230.0	25	1.05	0.95				
	221	2	0.0	0.0	0.0	0.0	2	1.0334636947993963	4.940105180173936	230.0	27	1.05	0.95				
	222	2	0.0	0.0	0.0	0.0	2	1.05	11.334227790343546	230.0	27	1.05	0.95				
	223	2	0.0	0.0	0.0	0.0	2	1.0350061248797853	0.20183084817898225	230.0	25	1.05	0.95				
	224	1	0.0	0.0	0.0	0.0	2	1.0111693492837468	-0.9634783480129292	230.0	26	1.05	0.95				
	301	2	55.674153738947375	11.341031317192982	0.0	0.0	3	1.0056767570198737	-33.340227938107304	138.0	31	1.05	0.95				
	302	2	50.003638080350875	10.310028470175439	0.0	0.0	3	1.0052948517928662	-33.43044537815607	138.0	32	1.05	0.95				
	303	1	92.79025623157895	19.07355266982456	0.0	0.0	3	1.022463445203278	-27.35939603039921	138.0	31	1.05	0.95				
	304	1	38.14710533964912	7.732521352631578	0.0	0.0	3	1.0088922090946437	-31.242870944254456	138.0	31	1.05	0.95				
	305	1	36.60060106912281	7.217019929122808	0.0	0.0	3	1.0208872482162867	-32.6359860409531	138.0	31	1.05	0.95				
	306	1	70.108193597193	14.434039858245615	0.0	-100.0	3	1.0371972085468601	-32.822235576933885	138.0	32	1.05	0.95				
	307	2	64.4376779385965	12.887535587719299	0.0	0.0	3	0.9921125669261546	-38.20546010885485	138.0	32	1.05	0.95				
	308	1	88.15074342	18.042549822807015	0.0	0.0	3	0.9959620306078315	-35.81371872752551	138.0	32	1.05	0.95				
	309	1	90.21274911403509	18.558051246315788	0.0	0.0	3	1.02970791883365	-27.371579175811426	138.0	33	1.05	0.95				
	310	1	100.52277758421053	20.620056940350878	0.0	0.0	3	1.05	-30.275678675385784	138.0	33	1.05	0.95				
	311	1	0.0	0.0	0.0	0.0	3	1.0143424208095597	-23.683393070256013	230.0	33	1.05	0.95				
	312	1	0.0	0.0	0.0	0.0	3	1.0170786778936283	-22.868830514466186	230.0	33	1.05	0.95				
	313	2	136.60787722982454	27.837076869473687	0.0	0.0	3	1.0194835412897532	-19.946018217287275	230.0	34	1.05	0.95				
	314	2	100.00727616070175	20.104555516842108	0.0	0.0	3	1.019058923093231	-21.774872226596482	230.0	36	1.05	0.95				
	315	2	163.4139512522807	32.9920911045614	0.0	0.0	3	1.0431071772331117	-16.82524553256409	230.0	36	1.05	0.95				
	316	2	51.550142350877195	10.310028470175439	0.0	0.0	3	1.0432363837142924	-16.0138896801709	230.0	36	1.05	0.95				
	317	1	0.0	0.0	0.0	0.0	3	1.0463297713705098	-14.13376973675629	230.0	37	1.05	0.95				
	318	2	171.66197402842104	35.0540967985965	0.0	0.0	3	1.0461179193315222	-13.807584154778738	230.0	37	1.05	0.95				
	319	1	93.30575765508772	19.07355266982456	0.0	0.0	3	1.0421153918330535	-16.449667420355954	230.0	35	1.05	0.95				
	320	1	65.9841822091228	13.403037011228069	0.0	0.0	3	1.0449188786921813	-15.855837528650326	230.0	35	1.05	0.95				
	321	2	0.0	0.0	0.0	0.0	3	1.0468772742424008	-14.004533370314086	230.0	37	1.05	0.95				
	322	2	0.0	0.0	0.0	0.0	3	1.05	-9.718015902051576	230.0	37	1.05	0.95				
	323	2	0.0	0.0	0.0	0.0	3	1.0475149503040375	-15.150937632030242	230.0	35	1.05	0.95				
	324	1	0.0	0.0	0.0	0.0	3	1.0222103287242126	-20.732026138171477	230.0	36	1.05	0.95				
	325	1	0.0	0.0	0.0	0.0	3	1.0387758811889773	-13.350683524116015	230.0	35	1.05	0.95				
];
