%% MATPOWER Case Format : Version 2
function mpc = RTS_GMLC
mpc.version = '2';

%%-----  Power Flow Data  -----%%
%% system MVA base
mpc.baseMVA = 100.0;
%% bus data
%    bus_i    type    Pd    Qd    Gs    Bs    area    Vm    Va    baseKV    zone    Vmax    Vmin
mpc.bus = [
	101	2	39.19742700631579	7.984661056842104	0.0	0.0	1	1.0232055192523164	-2.9245851712452846	138.0	11	1.05	0.95				
	102	2	35.205096477894735	7.258782778947369	0.0	0.0	1	1.022482134585366	-3.1010855707966525	138.0	12	1.05	0.95				
	103	1	65.32904501052631	13.42874814105263	0.0	0.0	1	1.028572155794989	-1.3734800725914407	138.0	11	1.05	0.95				
	104	1	26.85749628210526	5.444087084210525	0.0	0.0	1	1.021537146937846	-3.570803686178362	138.0	11	1.05	0.95				
	105	1	25.768678865263155	5.081147945263158	0.0	0.0	1	1.032292492103007	-4.49297232051814	138.0	11	1.05	0.95				
	106	1	49.35972289684211	10.162295890526316	0.0	-100.0	1	1.0455571765498226	-5.796171910746339	138.0	12	1.05	0.95				
	107	2	45.36739236842105	9.07347847368421	0.0	0.0	1	1.0042898164246186	-8.314885602667786	138.0	12	1.05	0.95				
	108	1	62.06259275999999	12.702869863157892	0.0	0.0	1	1.0093644416017258	-7.740662927783214	138.0	12	1.05	0.95				
	109	1	63.514349315789474	13.065809002105262	0.0	0.0	1	1.0247754697690372	-3.613963060116811	138.0	13	1.05	0.95				
	110	1	70.77313209473684	14.517565557894738	0.0	0.0	1	1.05	-4.909977411683876	138.0	13	1.05	0.95				
	111	1	0.0	0.0	0.0	0.0	1	1.0008945080645604	-1.8106397311203468	230.0	13	1.05	0.95				
	112	1	0.0	0.0	0.0	0.0	1	1.0051769594077746	-1.794344813015298	230.0	13	1.05	0.95				
	113	3	96.17887182105262	19.598713503157896	0.0	0.0	1	0.9939460345571616	-2.404339816171848e-29	230.0	14	1.05	0.95				
	114	2	70.41019295578947	14.15462641894737	0.0	0.0	1	0.9950911862945444	-0.7748845412562477	230.0	16	1.05	0.95				
	115	2	115.05170704631578	23.228104892631578	0.0	0.0	1	1.0240816841121316	3.392993380779087	230.0	16	1.05	0.95				
	116	2	36.29391389473684	7.258782778947369	0.0	0.0	1	1.0202212062168854	2.8438601409134976	230.0	16	1.05	0.95				
	117	1	0.0	0.0	0.0	0.0	1	1.0293771599722017	5.413583933985524	230.0	17	1.05	0.95				
	118	2	120.85873326947367	24.679861448421054	0.0	0.0	1	1.0315528989236504	5.820572919685589	230.0	17	1.05	0.95				
	119	1	65.69198414947368	13.42874814105263	0.0	0.0	1	1.0129831901258886	1.6663778759378876	230.0	15	1.05	0.95				
	120	1	46.456209785263155	9.436417612631578	0.0	0.0	1	1.0079754619374006	0.8129165357869755	230.0	15	1.05	0.95				
	121	2	0.0	0.0	0.0	0.0	1	1.0333043656265024	6.569937438279825	230.0	17	1.05	0.95				
	122	2	0.0	0.0	0.0	0.0	1	1.049999997885636	12.610723117586152	230.0	17	1.05	0.95				
	123	2	0.0	0.0	0.0	0.0	1	1.0054821594560661	0.6330871907506745	230.0	15	1.05	0.95				
	124	1	0.0	0.0	0.0	0.0	1	1.0187192771952935	1.5821316019304221	230.0	16	1.05	0.95				
	201	2	39.18463719157895	7.982055724210527	0.0	0.0	2	1.0166503508339721	-7.152392790325351	138.0	21	1.05	0.95				
	202	2	35.19360932947369	7.256414294736843	0.0	0.0	2	1.0158380063764507	-7.359646109096949	138.0	22	1.05	0.95				
	203	1	65.30772865263158	13.424366445263159	0.0	0.0	2	1.0147760650736986	-5.770544762666778	138.0	21	1.05	0.95				
	204	1	26.848732890526318	5.442310721052632	0.0	0.0	2	1.014463520776011	-6.878872413429834	138.0	21	1.05	0.95				
	205	1	25.76027074631579	5.07949000631579	0.0	0.0	2	1.028990148439001	-7.0754186810250275	138.0	21	1.05	0.95				
	206	1	49.34361720421053	10.15898001263158	0.0	-100.0	2	1.0442847250144474	-7.502495349004077	138.0	22	1.05	0.95				
	207	2	45.35258934210526	9.070517868421053	0.0	0.0	2	1.00007424495651	-11.845409988607802	138.0	22	1.05	0.95				
	208	1	62.04234222	12.698725015789474	0.0	0.0	2	1.0056849020445782	-10.23869031029475	138.0	22	1.05	0.95				
	209	1	63.49362507894737	13.061545730526317	0.0	0.0	2	1.0233820888159244	-4.980308482876672	138.0	23	1.05	0.95				
	210	1	70.75003937368422	14.512828589473687	0.0	0.0	2	1.05	-5.829237819907039	138.0	23	1.05	0.95				
	211	1	0.0	0.0	0.0	0.0	2	0.9995988681998239	-3.2237871193673238	230.0	23	1.05	0.95				
	212	1	0.0	0.0	0.0	0.0	2	1.0068052038145994	1.2957389559048738	230.0	23	1.05	0.95				
	213	2	96.14748940526316	19.592318595789475	0.0	0.0	2	0.991820236343203	-1.2868425025346475	230.0	24	1.05	0.95				
	214	2	70.38721865894738	14.150007874736845	0.0	0.0	2	0.9931805163239175	-2.570156564607998	230.0	26	1.05	0.95				
	215	2	115.01416657157894	23.220525743157896	0.0	0.0	2	1.0114828222600092	1.28883404937731	230.0	26	1.05	0.95				
	216	2	36.28207147368421	7.256414294736843	0.0	0.0	2	1.0089278080943185	0.5981855183994439	230.0	26	1.05	0.95				
	217	1	0.0	0.0	0.0	0.0	2	1.015177018055689	1.6747029204941846	230.0	27	1.05	0.95				
	218	2	120.81929800736843	24.671808602105266	0.0	0.0	2	1.0151965477007023	1.5187986610091022	230.0	27	1.05	0.95				
	219	1	65.67054936736842	13.424366445263159	0.0	0.0	2	1.0061186083476896	0.3968211914405804	230.0	25	1.05	0.95				
	220	1	46.44105148631579	9.433338583157896	0.0	0.0	2	1.0058852784209098	0.9605601797470823	230.0	25	1.05	0.95				
	221	2	0.0	0.0	0.0	0.0	2	1.0174920712213822	2.24397635828594	230.0	27	1.05	0.95				
	222	2	0.0	0.0	0.0	0.0	2	1.039290305928176	8.64742319632232	230.0	27	1.05	0.95				
	223	2	0.0	0.0	0.0	0.0	2	1.0061969791942524	1.5633616609345438	230.0	25	1.05	0.95				
	224	1	0.0	0.0	0.0	0.0	2	1.0037260321227943	-1.3912481291821799	230.0	26	1.05	0.95				
	301	2	51.984182235789476	10.589370455438596	0.0	0.0	3	0.9983152505083748	9.001587553338139	138.0	31	1.05	0.95				
	302	2	46.68949700807018	9.626700414035088	0.0	0.0	3	0.9982142988551961	8.984521675711624	138.0	32	1.05	0.95				
	303	1	86.64030372631579	17.80939576596491	0.0	0.0	3	1.0125933042769484	10.818685727585319	138.0	31	1.05	0.95				
	304	1	35.61879153192982	7.2200253105263155	0.0	0.0	3	1.0040693724972594	10.559923464290367	138.0	31	1.05	0.95				
	305	1	34.17478646982456	6.738690289824562	0.0	0.0	3	1.0169961613205742	10.698435246255288	138.0	31	1.05	0.95				
	306	1	65.4615628154386	13.477380579649124	0.0	-100.0	3	1.0362137640116187	11.07599161751705	138.0	32	1.05	0.95				
	307	2	60.166877587719306	12.03337551754386	0.0	0.0	3	0.9907977136430213	8.860474215973536	138.0	32	1.05	0.95				
	308	1	82.30828853999999	16.846725724561402	0.0	0.0	3	1.0047966163554067	10.9188145897112	138.0	32	1.05	0.95				
	309	1	84.233628622807	17.32806074526316	0.0	0.0	3	1.0246453149461923	13.819751861637402	138.0	33	1.05	0.95				
	310	1	93.8603290368421	19.253400828070177	0.0	0.0	3	1.05	13.929083001677045	138.0	33	1.05	0.95				
	311	1	0.0	0.0	0.0	0.0	3	1.0072787681715958	18.656743103769696	230.0	33	1.05	0.95				
	312	1	0.0	0.0	0.0	0.0	3	1.0147196306138264	19.525030363357704	230.0	33	1.05	0.95				
	313	2	127.55378048596491	25.992091117894738	0.0	0.0	3	1.0209062444184938	25.3785919407993	230.0	34	1.05	0.95				
	314	2	93.37899401614035	18.77206580736842	0.0	0.0	3	1.002523126237029	17.575676007534987	230.0	36	1.05	0.95				
	315	2	152.58320156245614	30.80544132491228	0.0	0.0	3	1.020972133693001	12.002161911815973	230.0	36	1.05	0.95				
	316	2	48.13350207017544	9.626700414035088	0.0	0.0	3	1.0219972837595641	13.046279169479863	230.0	36	1.05	0.95				
	317	1	0.0	0.0	0.0	0.0	3	1.0265720259611923	12.332480263254189	230.0	37	1.05	0.95				
	318	2	160.2845618936842	32.7307814077193	0.0	0.0	3	1.0242548651045897	10.886066752982902	230.0	37	1.05	0.95				
	319	1	87.12163874701756	17.80939576596491	0.0	0.0	3	1.0233917829194112	15.272156177386346	230.0	35	1.05	0.95				
	320	1	61.61088264982456	12.514710538245613	0.0	0.0	3	1.025434222738128	16.642121494937815	230.0	35	1.05	0.95				
	321	2	0.0	0.0	0.0	0.0	3	1.0252388105327328	11.846108270387989	230.0	37	1.05	0.95				
	322	2	0.0	0.0	0.0	0.0	3	1.0393391740670157	16.432937875130808	230.0	37	1.05	0.95				
	323	2	0.0	0.0	0.0	0.0	3	1.0255438709793914	16.893497816848004	230.0	35	1.05	0.95				
	324	1	0.0	0.0	0.0	0.0	3	1.015783147903877	13.535921773204654	230.0	36	1.05	0.95				
	325	1	0.0	0.0	0.0	0.0	3	1.02752812634891	16.021891793460235	230.0	35	1.05	0.95				
];
