%% MATPOWER Case Format : Version 2
function mpc = RTS_GMLC
mpc.version = '2';

%%-----  Power Flow Data  -----%%
%% system MVA base
mpc.baseMVA = 100.0;
%% bus data
%    bus_i    type    Pd    Qd    Gs    Bs    area    Vm    Va    baseKV    zone    Vmax    Vmin
mpc.bus = [
	101	2	41.85601188631579	8.52622464350877	0.0	0.0	1	1.0150827089121854	-2.9353830352110615	138.0	11	1.05	0.95				
	102	2	37.59289956456141	7.751113312280703	0.0	0.0	1	1.0148399607436025	-3.1706381675200874	138.0	12	1.05	0.95				
	103	1	69.76001981052632	14.339559627719298	0.0	0.0	1	1.0069205607838563	1.3146712742628246	138.0	11	1.05	0.95				
	104	1	28.679119255438597	5.813334984210526	0.0	0.0	1	1.005836275862638	-3.381371874877399	138.0	11	1.05	0.95				
	105	1	27.51645225859649	5.425779318596492	0.0	0.0	1	1.0192518192773041	-4.427031191212853	138.0	11	1.05	0.95				
	106	1	52.70757052350877	10.851558637192984	0.0	-100.0	1	1.0295502381534323	-5.7346425719944945	138.0	12	1.05	0.95				
	107	2	48.44445820175439	9.688891640350878	0.0	0.0	1	0.9861635749745267	-10.574242478173897	138.0	12	1.05	0.95				
	108	1	66.27201882	13.564448296491227	0.0	0.0	1	0.9888796812441362	-8.934683538329395	138.0	12	1.05	0.95				
	109	1	67.82224148245615	13.952003962105264	0.0	0.0	1	1.004652406647054	-2.855936000151773	138.0	13	1.05	0.95				
	110	1	75.57335479473684	15.502226624561406	0.0	0.0	1	1.0326568381162655	-4.665655733936942	138.0	13	1.05	0.95				
	111	1	0.0	0.0	0.0	0.0	1	0.9840584980897952	-0.41036559309328496	230.0	13	1.05	0.95				
	112	1	0.0	0.0	0.0	0.0	1	0.9846903115264918	-1.2627076130489576	230.0	13	1.05	0.95				
	113	3	102.70225138771929	20.928005943157896	0.0	0.0	1	0.9641054504483019	-3.265907472019312e-29	230.0	14	1.05	0.95				
	114	2	75.18579912912281	15.114670958947368	0.0	0.0	1	0.9942173472737181	2.7154986654298225	230.0	16	1.05	0.95				
	115	2	122.85514599964912	24.803562599298246	0.0	0.0	1	0.9979501272231507	11.155496581313662	230.0	16	1.05	0.95				
	116	2	38.75556656140351	7.751113312280703	0.0	0.0	1	0.9963365199293798	9.759744164489133	230.0	16	1.05	0.95				
	117	1	0.0	0.0	0.0	0.0	1	0.998870045941279	15.361774108608461	230.0	17	1.05	0.95				
	118	2	129.0560366494737	26.353785261754386	0.0	0.0	1	1.0080947507149558	15.669022105167613	230.0	17	1.05	0.95				
	119	1	70.14757547614036	14.339559627719298	0.0	0.0	1	0.9943387965979388	6.206851742634178	230.0	15	1.05	0.95				
	120	1	49.60712519859649	10.076447305964912	0.0	0.0	1	0.997242408414899	3.4987233917242606	230.0	15	1.05	0.95				
	121	2	0.0	0.0	0.0	0.0	1	1.0072823687758872	16.653630390624418	230.0	17	1.05	0.95				
	122	2	0.0	0.0	0.0	0.0	1	1.0144771437908218	35.78892840463305	230.0	17	1.05	0.95				
	123	2	0.0	0.0	0.0	0.0	1	0.9998145687975613	2.330340200308772	230.0	15	1.05	0.95				
	124	1	0.0	0.0	0.0	0.0	1	0.9895073655666909	7.39722679800166	230.0	16	1.05	0.95				
	201	2	46.647568080000006	9.502282386666668	0.0	0.0	2	1.0101144972040152	-13.711888721253606	138.0	21	1.05	0.95				
	202	2	41.89642688666667	8.638438533333334	0.0	0.0	2	1.0089665625572415	-13.947788079828976	138.0	22	1.05	0.95				
	203	1	77.7459468	15.981111286666666	0.0	0.0	2	0.9961528020484854	-10.249439273034781	138.0	21	1.05	0.95				
	204	1	31.96222257333333	6.4788289	0.0	0.0	2	1.0000225858590235	-13.107268487347467	138.0	21	1.05	0.95				
	205	1	30.66645679333333	6.046906973333334	0.0	0.0	2	1.0164835284029194	-13.518165896106014	138.0	21	1.05	0.95				
	206	1	58.74138202666668	12.093813946666668	0.0	-100.0	2	1.0278141991770686	-13.950612754766839	138.0	22	1.05	0.95				
	207	2	53.99024083333334	10.798048166666668	0.0	0.0	2	0.9707798194005575	-19.242233019127802	138.0	22	1.05	0.95				
	208	1	73.85864946000001	15.117267433333334	0.0	0.0	2	0.9784114584303675	-17.226389558919173	138.0	22	1.05	0.95				
	209	1	75.58633716666667	15.549189359999998	0.0	0.0	2	1.0059108661742255	-10.574845487922982	138.0	23	1.05	0.95				
	210	1	84.2247757	17.276877066666668	0.0	0.0	2	1.033581648483773	-11.896369241490708	138.0	23	1.05	0.95				
	211	1	0.0	0.0	0.0	0.0	2	0.9880401545189452	-8.143486810473789	230.0	23	1.05	0.95				
	212	1	0.0	0.0	0.0	0.0	2	0.9918215857257083	-3.8318676499738675	230.0	23	1.05	0.95				
	213	2	114.45931056666667	23.323784040000003	0.0	0.0	2	0.986104530777794	-5.988515742057633	230.0	24	1.05	0.95				
	214	2	83.79285377333333	16.84495514	0.0	0.0	2	0.9841376078092353	-6.806014015985993	230.0	26	1.05	0.95				
	215	2	136.91925075333333	27.64300330666667	0.0	0.0	2	0.9912862816262341	-1.3158231877384754	230.0	26	1.05	0.95				
	216	2	43.19219266666667	8.638438533333334	0.0	0.0	2	0.9904565634885827	-2.0618500544525866	230.0	26	1.05	0.95				
	217	1	0.0	0.0	0.0	0.0	2	0.9997129509876833	-0.41312950609902266	230.0	27	1.05	0.95				
	218	2	143.83000158000002	29.37069101333334	0.0	0.0	2	1.0001439458266925	-0.8990939571424443	230.0	27	1.05	0.95				
	219	1	78.17786872666666	15.981111286666666	0.0	0.0	2	0.9872665022149753	-2.1256432037411996	230.0	25	1.05	0.95				
	220	1	55.28600661333334	11.229970093333334	0.0	0.0	2	0.9877043707286498	-1.2714402429107563	230.0	25	1.05	0.95				
	221	2	0.0	0.0	0.0	0.0	2	1.002454308230002	-0.2745339702305193	230.0	27	1.05	0.95				
	222	2	0.0	0.0	0.0	0.0	2	1.0210478046097178	5.967862880901267	230.0	27	1.05	0.95				
	223	2	0.0	0.0	0.0	0.0	2	0.9888883945140609	-0.44399129783503466	230.0	25	1.05	0.95				
	224	1	0.0	0.0	0.0	0.0	2	0.982397073971286	-4.713878899849767	230.0	26	1.05	0.95				
	301	2	62.797848783157896	12.792154381754386	0.0	0.0	3	1.0022755859909942	5.483371898726497	138.0	31	1.05	0.95				
	302	2	56.4017715922807	11.629231256140352	0.0	0.0	3	1.0025216386564832	5.391303319428588	138.0	32	1.05	0.95				
	303	1	104.66308130526316	21.514077823859648	0.0	0.0	3	0.9924640097007847	10.5601691644587	138.0	31	1.05	0.95				
	304	1	43.028155647719295	8.721923442105263	0.0	0.0	3	0.9924471170547312	7.473413825442028	138.0	31	1.05	0.95				
	305	1	41.283770959298245	8.140461879298247	0.0	0.0	3	1.008631206027142	7.247260082456543	138.0	31	1.05	0.95				
	306	1	79.07877254175439	16.280923758596494	0.0	-100.0	3	1.0203820187414028	7.568611843029425	138.0	32	1.05	0.95				
	307	2	72.6826953508772	14.536539070175438	0.0	0.0	3	0.9679110994280331	3.2172442103647882	138.0	32	1.05	0.95				
	308	1	99.42992724	20.35115469824561	0.0	0.0	3	0.9776060770132512	5.955738727858945	138.0	32	1.05	0.95				
	309	1	101.75577349122807	20.93261626105263	0.0	0.0	3	1.0050611052987737	11.659837139518414	138.0	33	1.05	0.95				
	310	1	113.38500474736841	23.258462512280705	0.0	0.0	3	1.0323674219111025	10.948883889268007	138.0	33	1.05	0.95				
	311	1	0.0	0.0	0.0	0.0	3	0.9912249151766406	17.575976933908876	230.0	33	1.05	0.95				
	312	1	0.0	0.0	0.0	0.0	3	0.9964361059030268	18.090259409729846	230.0	33	1.05	0.95				
	313	2	154.08731414385966	31.398924391578948	0.0	0.0	3	1.004759853058536	23.270088242566707	230.0	34	1.05	0.95				
	314	2	112.8035431845614	22.677000949473687	0.0	0.0	3	0.9917237175798714	18.870803955590823	230.0	36	1.05	0.95				
	315	2	184.32331540982457	37.21354001964912	0.0	0.0	3	0.9907828224857101	17.61300960941367	230.0	36	1.05	0.95				
	316	2	58.14615628070175	11.629231256140352	0.0	0.0	3	0.9849910344642063	18.97139147741968	230.0	36	1.05	0.95				
	317	1	0.0	0.0	0.0	0.0	3	1.000371273717638	21.871466964801087	230.0	37	1.05	0.95				
	318	2	193.62670041473683	39.539386270877195	0.0	0.0	3	0.9954915269107492	18.27929001504444	230.0	37	1.05	0.95				
	319	1	105.24454286807018	21.514077823859648	0.0	0.0	3	0.9947315941821585	19.644206101261677	230.0	35	1.05	0.95				
	320	1	74.42708003929825	15.118000632982456	0.0	0.0	3	1.0046682057273952	19.872396565188108	230.0	35	1.05	0.95				
	321	2	0.0	0.0	0.0	0.0	3	1.000935091870341	18.69857277165513	230.0	37	1.05	0.95				
	322	2	0.0	0.0	0.0	0.0	3	1.0186708715278339	24.082089601685702	230.0	37	1.05	0.95				
	323	2	0.0	0.0	0.0	0.0	3	1.009815868739194	19.747173500290234	230.0	35	1.05	0.95				
	324	1	0.0	0.0	0.0	0.0	3	0.9850688533233583	16.843417472622864	230.0	36	1.05	0.95				
	325	1	0.0	0.0	0.0	0.0	3	1.0108527732754544	19.486010750730955	230.0	35	1.05	0.95				
];
