%% MATPOWER Case Format : Version 2
function mpc = RTS_GMLC
mpc.version = '2';

%%-----  Power Flow Data  -----%%
%% system MVA base
mpc.baseMVA = 100.0;
%% bus data
%    bus_i    type    Pd    Qd    Gs    Bs    area    Vm    Va    baseKV    zone    Vmax    Vmin
mpc.bus = [
	101	2	46.13112322105264	9.397080656140352	0.0	0.0	1	1.05	5.454988014979077	138.0	11	1.05	0.95				
	102	2	41.43258289298246	8.54280059649123	0.0	0.0	1	1.0488505042342942	5.016094320068258	138.0	12	1.05	0.95				
	103	1	76.88520536842105	15.804181103508775	0.0	0.0	1	1.0333164380341426	2.1257883940560522	138.0	11	1.05	0.95				
	104	1	31.60836220701755	6.407100447368422	0.0	0.0	1	1.0304720256680808	1.3435230502171132	138.0	11	1.05	0.95				
	105	1	30.326942117543858	5.979960417543861	0.0	0.0	1	1.0431979434424747	1.2077191827625502	138.0	11	1.05	0.95				
	106	1	58.09104405614036	11.959920835087722	0.0	-100.0	1	1.0483783892190095	-1.6915920860388531	138.0	12	1.05	0.95				
	107	2	53.39250372807018	10.678500745614036	0.0	0.0	1	1.0010354305026599	-6.411130940717876	138.0	12	1.05	0.95				
	108	1	73.04094510000002	14.94990104385965	0.0	0.0	1	1.0052387259541984	-5.651892139312853	138.0	12	1.05	0.95				
	109	1	74.74950521929826	15.377041073684211	0.0	0.0	1	1.0245312492399732	-1.073585928810909	138.0	13	1.05	0.95				
	110	1	83.29230581578948	17.08560119298246	0.0	0.0	1	1.05	-1.8342361110048464	138.0	13	1.05	0.95				
	111	1	0.0	0.0	0.0	0.0	1	1.002764652736802	-0.21685526875222824	230.0	13	1.05	0.95				
	112	1	0.0	0.0	0.0	0.0	1	1.0068809956720624	-0.24711953873998987	230.0	13	1.05	0.95				
	113	3	113.19210790350877	23.06556161052632	0.0	0.0	1	0.9926851960474591	-2.1139133998359186e-29	230.0	14	1.05	0.95				
	114	2	82.86516578596492	16.6584611631579	0.0	0.0	1	0.9983641126018149	0.9553366741147458	230.0	16	1.05	0.95				
	115	2	135.40338945438597	27.336961908771933	0.0	0.0	1	1.032519708073813	5.970074838850609	230.0	16	1.05	0.95				
	116	2	42.714002982456144	8.54280059649123	0.0	0.0	1	1.0273706959898816	5.142811598200594	230.0	16	1.05	0.95				
	117	1	0.0	0.0	0.0	0.0	1	1.0366629101549039	8.011632985162862	230.0	17	1.05	0.95				
	118	2	142.23762993157897	29.04552202807018	0.0	0.0	1	1.040215136932759	8.535625912228815	230.0	17	1.05	0.95				
	119	1	77.31234539824563	15.804181103508775	0.0	0.0	1	1.0180708097691094	3.6128178622059295	230.0	15	1.05	0.95				
	120	1	54.673923817543866	11.105640775438598	0.0	0.0	1	1.012166121829398	2.5438814075871785	230.0	15	1.05	0.95				
	121	2	0.0	0.0	0.0	0.0	1	1.0434443032138376	9.620742028231485	230.0	17	1.05	0.95				
	122	2	0.0	0.0	0.0	0.0	1	1.05	15.566251844215095	230.0	17	1.05	0.95				
	123	2	0.0	0.0	0.0	0.0	1	1.0094854469952712	2.291189677159642	230.0	15	1.05	0.95				
	124	1	0.0	0.0	0.0	0.0	1	1.0264286810082994	4.5191797043278745	230.0	16	1.05	0.95				
	201	2	42.29560837894737	8.615772077192982	0.0	0.0	2	1.0134290734985782	-4.929742652177262	138.0	21	1.05	0.95				
	202	2	37.98772234035088	7.8325200701754385	0.0	0.0	2	1.012637776851246	-5.135197411585003	138.0	22	1.05	0.95				
	203	1	70.49268063157893	14.49016212982456	0.0	0.0	2	1.01440940112045	-3.553191689166927	138.0	21	1.05	0.95				
	204	1	28.98032425964912	5.874390052631578	0.0	0.0	2	1.0127764949558864	-4.541005384357001	138.0	21	1.05	0.95				
	205	1	27.805446249122806	5.482764049122808	0.0	0.0	2	1.0268975478755955	-4.746195070085525	138.0	21	1.05	0.95				
	206	1	53.261136477192984	10.965528098245615	0.0	-100.0	2	1.0426728505703795	-5.138644013512022	138.0	22	1.05	0.95				
	207	2	48.95325043859649	9.790650087719298	0.0	0.0	2	0.9967919026610349	-9.841804689118707	138.0	22	1.05	0.95				
	208	1	66.9680466	13.706910122807017	0.0	0.0	2	1.0028141955975338	-8.09542092001734	138.0	22	1.05	0.95				
	209	1	68.53455061403508	14.09853612631579	0.0	0.0	2	1.0241178648145246	-2.4346985387686284	138.0	23	1.05	0.95				
	210	1	76.36707068421053	15.665040140350877	0.0	0.0	2	1.05	-3.30083027022203	138.0	23	1.05	0.95				
	211	1	0.0	0.0	0.0	0.0	2	1.0022030241077198	-0.33421920215571727	230.0	23	1.05	0.95				
	212	1	0.0	0.0	0.0	0.0	2	1.0103968928816724	4.356001344263974	230.0	23	1.05	0.95				
	213	2	103.78089092982454	21.147804189473685	0.0	0.0	2	0.9968566597719175	1.9075792806998122	230.0	24	1.05	0.95				
	214	2	75.97544468070176	15.273414136842106	0.0	0.0	2	0.996968550404751	0.38775319825184995	230.0	26	1.05	0.95				
	215	2	124.14544311228069	25.064064224561406	0.0	0.0	2	1.0173314822778703	3.7691998821636883	230.0	26	1.05	0.95				
	216	2	39.16260035087719	7.8325200701754385	0.0	0.0	2	1.016592745371354	3.801605209312155	230.0	26	1.05	0.95				
	217	1	0.0	0.0	0.0	0.0	2	1.0215816087556553	4.32009372735971	230.0	27	1.05	0.95				
	218	2	130.41145916842106	26.630568238596492	0.0	0.0	2	1.0212863939209014	4.071048477134716	230.0	27	1.05	0.95				
	219	1	70.88430663508773	14.49016212982456	0.0	0.0	2	1.0159828400778323	4.011613845841997	230.0	25	1.05	0.95				
	220	1	50.12812844912281	10.18227609122807	0.0	0.0	2	1.0179975066318456	4.974399495522451	230.0	25	1.05	0.95				
	221	2	0.0	0.0	0.0	0.0	2	1.0234868453627155	4.767678357847074	230.0	27	1.05	0.95				
	222	2	0.0	0.0	0.0	0.0	2	1.0452131989057662	11.142649878299036	230.0	27	1.05	0.95				
	223	2	0.0	0.0	0.0	0.0	2	1.019793684850398	5.8089119789968375	230.0	25	1.05	0.95				
	224	1	0.0	0.0	0.0	0.0	2	1.0069283088682472	1.008911907253768	230.0	26	1.05	0.95				
	301	2	65.18949699789474	13.279341981052632	0.0	0.0	3	1.0067532926151952	-14.095439457733304	138.0	31	1.05	0.95				
	302	2	58.549826007368424	12.072129073684211	0.0	0.0	3	1.006500470808775	-14.180627335215744	138.0	32	1.05	0.95				
	303	1	108.6491616631579	22.33343878631579	0.0	0.0	3	1.0178628493070443	-8.605538118236469	138.0	31	1.05	0.95				
	304	1	44.66687757263158	9.054096805263159	0.0	0.0	3	1.0063237996579144	-11.870791569097422	138.0	31	1.05	0.95				
	305	1	42.85605821157895	8.450490351578948	0.0	0.0	3	1.0196313285985659	-12.678645871415718	138.0	31	1.05	0.95				
	306	1	82.09047770105263	16.900980703157895	0.0	-100.0	3	1.0346487773526605	-12.553071325144252	138.0	32	1.05	0.95				
	307	2	75.45080671052631	15.090161342105263	0.0	0.0	3	0.9962053249795263	-18.497040805911876	138.0	32	1.05	0.95				
	308	1	103.21670357999999	21.126225878947366	0.0	0.0	3	0.9971676904174697	-15.654655442064223	138.0	32	1.05	0.95				
	309	1	105.63112939473685	21.729832332631577	0.0	0.0	3	1.027886604569928	-7.530422250785776	138.0	33	1.05	0.95				
	310	1	117.70325846842104	24.144258147368422	0.0	0.0	3	1.05	-9.327046778442497	138.0	33	1.05	0.95				
	311	1	0.0	0.0	0.0	0.0	3	1.0158446254840978	-2.1662229829814836	230.0	33	1.05	0.95				
	312	1	0.0	0.0	0.0	0.0	3	1.0178766829268007	-1.4422905684020098	230.0	33	1.05	0.95				
	313	2	159.95571022631577	32.59474849894737	0.0	0.0	3	1.0316165162085773	3.688966275213293	230.0	34	1.05	0.95				
	314	2	117.09965201473685	23.54065169368421	0.0	0.0	3	1.0199097863185578	-1.086111540379955	230.0	36	1.05	0.95				
	315	2	191.3432458178947	38.63081303578947	0.0	0.0	3	1.0303738685633679	-1.4096228132450965	230.0	36	1.05	0.95				
	316	2	60.36064536842105	12.072129073684211	0.0	0.0	3	1.031189234544596	-0.03245628678383023	230.0	36	1.05	0.95				
	317	1	0.0	0.0	0.0	0.0	3	1.0338414094423787	0.5243014668427176	230.0	37	1.05	0.95				
	318	2	201.00094907684212	41.04523885052632	0.0	0.0	3	1.0308665864650626	-0.09203880428008673	230.0	37	1.05	0.95				
	319	1	109.2527681168421	22.33343878631579	0.0	0.0	3	1.0311742631665564	1.4635740845002518	230.0	35	1.05	0.95				
	320	1	77.26162607157895	15.693767795789473	0.0	0.0	3	1.0327329664335239	2.368730251736163	230.0	35	1.05	0.95				
	321	2	0.0	0.0	0.0	0.0	3	1.032901120455871	0.018515398753246957	230.0	37	1.05	0.95				
	322	2	0.0	0.0	0.0	0.0	3	1.046443898149608	4.553823072520212	230.0	37	1.05	0.95				
	323	2	0.0	0.0	0.0	0.0	3	1.0336513653483796	2.726713976661908	230.0	35	1.05	0.95				
	324	1	0.0	0.0	0.0	0.0	3	1.0177194149448194	-3.189617438015126	230.0	36	1.05	0.95				
	325	1	0.0	0.0	0.0	0.0	3	1.0335698394207053	3.3099483149746374	230.0	35	1.05	0.95				
];
