%% MATPOWER Case Format : Version 2
function mpc = RTS_GMLC
mpc.version = '2';

%%-----  Power Flow Data  -----%%
%% system MVA base
mpc.baseMVA = 100.0;
%% bus data
%    bus_i    type    Pd    Qd    Gs    Bs    area    Vm    Va    baseKV    zone    Vmax    Vmin
mpc.bus = [
	101	2	45.12914397473685	9.19297377263158	0.0	0.0	1	1.035553640237695	2.2608792168039598	138.0	11	1.05	0.95				
	102	2	40.532657088421054	8.357248884210527	0.0	0.0	1	1.0330479828743593	1.5861777229770138	138.0	12	1.05	0.95				
	103	1	75.21523995789474	15.460910435789474	0.0	0.0	1	1.0340257477573134	1.4497410940707907	138.0	11	1.05	0.95				
	104	1	30.921820871578948	6.2679366631578946	0.0	0.0	1	1.0245210648951268	-0.9516254482987829	138.0	11	1.05	0.95				
	105	1	29.66823353894737	5.850074218947369	0.0	0.0	1	1.036718476511194	-1.2517130314670128	138.0	11	1.05	0.95				
	106	1	56.82929241263158	11.700148437894738	0.0	-100.0	1	1.0455811321204733	-3.779470110986039	138.0	12	1.05	0.95				
	107	2	52.23280552631579	10.446561105263157	0.0	0.0	1	1.0003126659942885	-11.143617444430346	138.0	12	1.05	0.95				
	108	1	71.45447795999999	14.62518554736842	0.0	0.0	1	1.0035851347521934	-8.946644243552994	138.0	12	1.05	0.95				
	109	1	73.1259277368421	15.043047991578948	0.0	0.0	1	1.0251495329202187	-2.3565321396021437	138.0	13	1.05	0.95				
	110	1	81.48317662105264	16.714497768421055	0.0	0.0	1	1.05	-3.5052612781067336	138.0	13	1.05	0.95				
	111	1	0.0	0.0	0.0	0.0	1	1.004053138484099	-0.5790295223897268	230.0	13	1.05	0.95				
	112	1	0.0	0.0	0.0	0.0	1	1.0092145173766902	-1.0535036518058025	230.0	13	1.05	0.95				
	113	3	110.73354771578947	22.564571987368424	0.0	0.0	1	0.9974834310410523	-4.63537456407362e-30	230.0	14	1.05	0.95				
	114	2	81.06531417684211	16.296635324210527	0.0	0.0	1	1.0005675144627024	1.4010938881211408	230.0	16	1.05	0.95				
	115	2	132.46239481473685	26.743196429473688	0.0	0.0	1	1.038767534917468	7.911338391099584	230.0	16	1.05	0.95				
	116	2	41.78624442105263	8.357248884210527	0.0	0.0	1	1.0341836695946278	6.592448394569066	230.0	16	1.05	0.95				
	117	1	0.0	0.0	0.0	0.0	1	1.0418535731095646	10.335919334679911	230.0	17	1.05	0.95				
	118	2	139.14819392210526	28.41464620631579	0.0	0.0	1	1.0461998667973647	11.263512366836588	230.0	17	1.05	0.95				
	119	1	75.63310240210527	15.460910435789474	0.0	0.0	1	1.0236267299420874	4.00403806253669	230.0	15	1.05	0.95				
	120	1	53.486392858947376	10.864423549473685	0.0	0.0	1	1.017857449457697	2.114918246864957	230.0	15	1.05	0.95				
	121	2	0.0	0.0	0.0	0.0	1	1.0488239867062106	12.685087298518566	230.0	17	1.05	0.95				
	122	2	0.0	0.0	0.0	0.0	1	1.05	18.41757182624138	230.0	17	1.05	0.95				
	123	2	0.0	0.0	0.0	0.0	1	1.015376548590818	1.3962261655170825	230.0	15	1.05	0.95				
	124	1	0.0	0.0	0.0	0.0	1	1.0283252423385674	5.482162969556193	230.0	16	1.05	0.95				
	201	2	45.61057769684211	9.29104360491228	0.0	0.0	2	1.0133344880432287	-16.854978080818434	138.0	21	1.05	0.95				
	202	2	40.96505589438596	8.446403277192982	0.0	0.0	2	1.012402107832681	-17.158238223810784	138.0	22	1.05	0.95				
	203	1	76.01762949473684	15.625846062807017	0.0	0.0	2	1.015080647977931	-12.117299678615051	138.0	21	1.05	0.95				
	204	1	31.251692125614035	6.334802457894736	0.0	0.0	2	1.011365386739447	-16.70083209048344	138.0	21	1.05	0.95				
	205	1	29.984731634035082	5.9124822940350885	0.0	0.0	2	1.0265160865282175	-17.21514784739089	138.0	21	1.05	0.95				
	206	1	57.43554228491228	11.824964588070177	0.0	-100.0	2	1.0417144901498603	-17.94423725341742	138.0	22	1.05	0.95				
	207	2	52.790020482456136	10.558004096491228	0.0	0.0	2	0.9946655746193652	-22.988661818817743	138.0	22	1.05	0.95				
	208	1	72.21674802	14.781205735087719	0.0	0.0	2	1.0000203872853595	-21.07791922973776	138.0	22	1.05	0.95				
	209	1	73.90602867543859	15.203525898947367	0.0	0.0	2	1.0228408953537824	-14.576779429277387	138.0	23	1.05	0.95				
	210	1	82.35243195263158	16.892806554385963	0.0	0.0	2	1.05	-16.21631145563107	138.0	23	1.05	0.95				
	211	1	0.0	0.0	0.0	0.0	2	1.007846685617312	-11.39449523775668	230.0	23	1.05	0.95				
	212	1	0.0	0.0	0.0	0.0	2	1.0087839981682674	-10.660152103496682	230.0	23	1.05	0.95				
	213	2	111.914843422807	22.805288848421053	0.0	0.0	2	1.0050115199261287	-9.939020116388624	230.0	24	1.05	0.95				
	214	2	81.93011178877192	16.470486390526315	0.0	0.0	2	1.0114136430997185	-8.578549593136076	230.0	26	1.05	0.95				
	215	2	133.87549194350876	27.028490487017542	0.0	0.0	2	1.025212631277571	-1.3845895214213604	230.0	26	1.05	0.95				
	216	2	42.23201638596491	8.446403277192982	0.0	0.0	2	1.026132104351984	-2.0129369376849486	230.0	26	1.05	0.95				
	217	1	0.0	0.0	0.0	0.0	2	1.0289617069277608	-0.4677847455494928	230.0	27	1.05	0.95				
	218	2	140.63261456526314	28.71777114245614	0.0	0.0	2	1.0284042963180255	-0.8616847582730899	230.0	27	1.05	0.95				
	219	1	76.43994965859649	15.625846062807017	0.0	0.0	2	1.0265967883425222	-2.313451642182748	230.0	25	1.05	0.95				
	220	1	54.056980974035085	10.980324260350876	0.0	0.0	2	1.0297860191664585	-1.750783229447253	230.0	25	1.05	0.95				
	221	2	0.0	0.0	0.0	0.0	2	1.03058550029602	-0.24033302674782206	230.0	27	1.05	0.95				
	222	2	0.0	0.0	0.0	0.0	2	1.0499999993148528	6.162770297311367	230.0	27	1.05	0.95				
	223	2	0.0	0.0	0.0	0.0	2	1.0321932505168718	-1.1209559481629756	230.0	25	1.05	0.95				
	224	1	0.0	0.0	0.0	0.0	2	1.008224470714967	-5.406055501896313	230.0	26	1.05	0.95				
	301	2	65.3261626231579	13.307181275087721	0.0	0.0	3	0.9943075573790395	3.1086835667705532	138.0	31	1.05	0.95				
	302	2	58.67257198561403	12.097437522807018	0.0	0.0	3	0.9939898622681949	3.0114784847069105	138.0	32	1.05	0.95				
	303	1	108.87693770526316	22.38025941719298	0.0	0.0	3	1.0254665654344375	8.162050080916623	138.0	31	1.05	0.95				
	304	1	44.76051883438596	9.073078142105263	0.0	0.0	3	1.0016787439867614	4.999862931870208	138.0	31	1.05	0.95				
	305	1	42.94590320596491	8.468206265964913	0.0	0.0	3	1.0131635984608143	4.605078867761844	138.0	31	1.05	0.95				
	306	1	82.26257515508773	16.936412531929825	0.0	-100.0	3	1.0314909319429508	4.759661963744192	138.0	32	1.05	0.95				
	307	2	75.60898451754386	15.121796903508772	0.0	0.0	3	0.9887484011433432	0.7844977299434175	138.0	32	1.05	0.95				
	308	1	103.43309082	21.17051566491228	0.0	0.0	3	0.9990474611513019	3.506791138521563	138.0	32	1.05	0.95				
	309	1	105.8525783245614	21.77538754105263	0.0	0.0	3	1.0293143030773055	9.072779062727578	138.0	33	1.05	0.95				
	310	1	117.95001584736842	24.194875045614037	0.0	0.0	3	1.05	8.032738953482628	138.0	33	1.05	0.95				
	311	1	0.0	0.0	0.0	0.0	3	1.01748218172772	13.90434249644816	230.0	33	1.05	0.95				
	312	1	0.0	0.0	0.0	0.0	3	1.0231187243065418	15.403858285218773	230.0	33	1.05	0.95				
	313	2	160.29104717719298	32.66308131157895	0.0	0.0	3	1.0410640757698217	22.124904605812826	230.0	34	1.05	0.95				
	314	2	117.34514397122805	23.590003169473686	0.0	0.0	3	1.0176814696512513	11.932946188138686	230.0	36	1.05	0.95				
	315	2	191.7443847364912	38.711800072982456	0.0	0.0	3	1.034839092825932	6.331768488350563	230.0	36	1.05	0.95				
	316	2	60.487187614035086	12.097437522807018	0.0	0.0	3	1.035397653965106	7.521903423403668	230.0	36	1.05	0.95				
	317	1	0.0	0.0	0.0	0.0	3	1.0385047158756333	6.237620036265647	230.0	37	1.05	0.95				
	318	2	201.42233475473685	41.131287577543866	0.0	0.0	3	1.0367363937990453	4.9931317912889925	230.0	37	1.05	0.95				
	319	1	109.48180958140352	22.38025941719298	0.0	0.0	3	1.034508958049817	10.631738238775933	230.0	35	1.05	0.95				
	320	1	77.42360014596491	15.726668779649122	0.0	0.0	3	1.0371459797409772	13.022752812017703	230.0	35	1.05	0.95				
	321	2	0.0	0.0	0.0	0.0	3	1.0379269333134322	6.006085531851618	230.0	37	1.05	0.95				
	322	2	0.0	0.0	0.0	0.0	3	1.049999993653319	10.40796889478639	230.0	37	1.05	0.95				
	323	2	0.0	0.0	0.0	0.0	3	1.0389772020316264	14.031659341343428	230.0	35	1.05	0.95				
	324	1	0.0	0.0	0.0	0.0	3	1.0303572531599836	8.801966778778539	230.0	36	1.05	0.95				
	325	1	0.0	0.0	0.0	0.0	3	1.040885314601764	13.922328334471775	230.0	35	1.05	0.95				
];
