%% MATPOWER Case Format : Version 2
function mpc = RTS_GMLC
mpc.version = '2';

%%-----  Power Flow Data  -----%%
%% system MVA base
mpc.baseMVA = 100.0;
%% bus data
%    bus_i    type    Pd    Qd    Gs    Bs    area    Vm    Va    baseKV    zone    Vmax    Vmin
mpc.bus = [
	101	2	46.986145465263164	9.571251854035088	0.0	0.0	1	1.031632783744126	1.3775309670194307	138.0	11	1.05	0.95				
	102	2	42.200519538245615	8.70113804912281	0.0	0.0	1	1.0307096122491661	1.1042234597457157	138.0	12	1.05	0.95				
	103	1	78.31024244210528	16.097105390877193	0.0	0.0	1	1.0289502078435564	0.4448202725185371	138.0	11	1.05	0.95				
	104	1	32.194210781754386	6.525853536842105	0.0	0.0	1	1.0203259930894133	-1.7656989357184858	138.0	11	1.05	0.95				
	105	1	30.889040074385964	6.090796634385966	0.0	0.0	1	1.0349221658627612	-1.617636873190211	138.0	11	1.05	0.95				
	106	1	59.16773873403509	12.181593268771932	0.0	-100.0	1	1.0447812297012626	-3.775916859964874	138.0	12	1.05	0.95				
	107	2	54.38211280701755	10.876422561403508	0.0	0.0	1	1.0005097298005354	-9.805822413154774	138.0	12	1.05	0.95				
	108	1	74.39473032000001	15.22699158596491	0.0	0.0	1	1.0038309294168906	-8.190089592126228	138.0	12	1.05	0.95				
	109	1	76.13495792982457	15.662048488421052	0.0	0.0	1	1.0248242601820454	-2.34253076166038	138.0	13	1.05	0.95				
	110	1	84.83609597894737	17.40227609824562	0.0	0.0	1	1.05	-3.2757462744688577	138.0	13	1.05	0.95				
	111	1	0.0	0.0	0.0	0.0	1	1.004832006094466	-0.24011690041497316	230.0	13	1.05	0.95				
	112	1	0.0	0.0	0.0	0.0	1	1.009227685866223	-0.13814414737728867	230.0	13	1.05	0.95				
	113	3	115.29007915087719	23.493072732631582	0.0	0.0	1	0.9974990199654147	1.1345610289427798e-27	230.0	14	1.05	0.95				
	114	2	84.40103907649123	16.967219195789475	0.0	0.0	1	1.0037343921469006	2.2404159038733855	230.0	16	1.05	0.95				
	115	2	137.9130380785965	27.843641757192984	0.0	0.0	1	1.0396554166238074	8.718212559012148	230.0	16	1.05	0.95				
	116	2	43.50569024561403	8.70113804912281	0.0	0.0	1	1.0363141772762663	8.240875802285116	230.0	16	1.05	0.95				
	117	1	0.0	0.0	0.0	0.0	1	1.0423110812908567	11.338000161214305	230.0	17	1.05	0.95				
	118	2	144.87394851789475	29.583869367017545	0.0	0.0	1	1.0463876079236312	11.501619786753427	230.0	17	1.05	0.95				
	119	1	78.74529934456142	16.097105390877193	0.0	0.0	1	1.028854183857924	6.552867096921856	230.0	15	1.05	0.95				
	120	1	55.68728351438597	11.31147946385965	0.0	0.0	1	1.0257978810801038	5.917989096443488	230.0	15	1.05	0.95				
	121	2	0.0	0.0	0.0	0.0	1	1.049609596512304	12.6575090258793	230.0	17	1.05	0.95				
	122	2	0.0	0.0	0.0	0.0	1	1.05	22.630429282103105	230.0	17	1.05	0.95				
	123	2	0.0	0.0	0.0	0.0	1	1.0246508934431862	5.903683922387258	230.0	15	1.05	0.95				
	124	1	0.0	0.0	0.0	0.0	1	1.0251335509190147	5.62374649829947	230.0	16	1.05	0.95				
	201	2	50.33653393263159	10.25373839368421	0.0	0.0	2	1.0263744543377613	-10.328316963545136	138.0	21	1.05	0.95				
	202	2	45.20966473578948	9.321580357894737	0.0	0.0	2	1.027372895845523	-10.142256233346961	138.0	22	1.05	0.95				
	203	1	83.89422322105264	17.244923662105265	0.0	0.0	2	1.0168030066566824	-9.097947520745292	138.0	21	1.05	0.95				
	204	1	34.48984732421053	6.991185268421053	0.0	0.0	2	1.0175573406179388	-11.720279123542477	138.0	21	1.05	0.95				
	205	1	33.09161027052632	6.525106250526316	0.0	0.0	2	1.0324734429195321	-12.043443595102728	138.0	21	1.05	0.95				
	206	1	63.386746433684216	13.050212501052632	0.0	-100.0	2	1.0437118466181967	-13.41908718939524	138.0	22	1.05	0.95				
	207	2	58.25987723684211	11.651975447368422	0.0	0.0	2	0.9921031625247778	-20.14539293749131	138.0	22	1.05	0.95				
	208	1	79.69951206	16.31276562631579	0.0	0.0	2	0.9967330244934323	-18.003391945430547	138.0	22	1.05	0.95				
	209	1	81.56382813157896	16.778844644210526	0.0	0.0	2	1.0229201779035377	-11.099735192503928	138.0	23	1.05	0.95				
	210	1	90.88540848947369	18.643160715789474	0.0	0.0	2	1.05	-12.290651891254686	138.0	23	1.05	0.95				
	211	1	0.0	0.0	0.0	0.0	2	1.0072969290527547	-8.161965806023163	230.0	23	1.05	0.95				
	212	1	0.0	0.0	0.0	0.0	2	1.0088137662215426	-7.314126511245039	230.0	23	1.05	0.95				
	213	2	123.51093974210528	25.168266966315795	0.0	0.0	2	1.0034092258921097	-6.883809741755498	230.0	24	1.05	0.95				
	214	2	90.41932947157896	18.17708169789474	0.0	0.0	2	1.0094639771933367	-5.653262349517205	230.0	26	1.05	0.95				
	215	2	147.7470486726316	29.82905714526316	0.0	0.0	2	1.0252156410550872	0.8230239224294016	230.0	26	1.05	0.95				
	216	2	46.60790178947369	9.321580357894737	0.0	0.0	2	1.0267124481426013	0.7405473853653096	230.0	26	1.05	0.95				
	217	1	0.0	0.0	0.0	0.0	2	1.0315659515369702	3.0071745990338377	230.0	27	1.05	0.95				
	218	2	155.20431295894738	31.693373216842108	0.0	0.0	2	1.031655123072062	2.8269499033954117	230.0	27	1.05	0.95				
	219	1	84.36030223894738	17.244923662105265	0.0	0.0	2	1.0263588897403666	0.5235318251853289	230.0	25	1.05	0.95				
	220	1	59.65811429052632	12.118054465263159	0.0	0.0	2	1.029365719350381	1.242344212475132	230.0	25	1.05	0.95				
	221	2	0.0	0.0	0.0	0.0	2	1.0326159518434164	2.9481897618650574	230.0	27	1.05	0.95				
	222	2	0.0	0.0	0.0	0.0	2	1.05	9.466116187771275	230.0	27	1.05	0.95				
	223	2	0.0	0.0	0.0	0.0	2	1.0319370652793514	1.9902808088787418	230.0	25	1.05	0.95				
	224	1	0.0	0.0	0.0	0.0	2	1.0098520453466036	-2.899632292328729	230.0	26	1.05	0.95				
	301	2	45.185068004210535	9.204365704561404	0.0	0.0	3	1.0104565861566142	-6.043827395878853	138.0	31	1.05	0.95				
	302	2	40.58288515192983	8.367605185964914	0.0	0.0	3	1.0102214805388088	-6.2392049939365375	138.0	32	1.05	0.95				
	303	1	75.30844667368422	15.480069594035086	0.0	0.0	3	1.0392097598251298	3.153221902816205	138.0	31	1.05	0.95				
	304	1	30.960139188070173	6.275703889473684	0.0	0.0	3	1.0132199605743923	-4.5294110821371385	138.0	31	1.05	0.95				
	305	1	29.70499841017544	5.857323630175439	0.0	0.0	3	1.025115791478319	-6.604734338939412	138.0	31	1.05	0.95				
	306	1	56.899715264561415	11.714647260350878	0.0	-100.0	3	1.04126327777687	-7.41215737043321	138.0	32	1.05	0.95				
	307	2	52.2975324122807	10.45950648245614	0.0	0.0	3	0.9925910650493159	-11.072091678734436	138.0	32	1.05	0.95				
	308	1	71.54302434	14.643309075438596	0.0	0.0	3	1.0000539679019942	-9.207909891554465	138.0	32	1.05	0.95				
	309	1	73.21654537719299	15.061689334736842	0.0	0.0	3	1.0289686940327207	-1.4298973397969452	138.0	33	1.05	0.95				
	310	1	81.58415056315789	16.735210371929828	0.0	0.0	3	1.05	-5.815867762150961	138.0	33	1.05	0.95				
	311	1	0.0	0.0	0.0	0.0	3	1.006655294494104	-1.5925333331706333	230.0	33	1.05	0.95				
	312	1	0.0	0.0	0.0	0.0	3	1.0133697428041986	-0.7945521930650002	230.0	33	1.05	0.95				
	313	2	110.8707687140351	22.592534002105268	0.0	0.0	3	1.0095422362151225	1.2922731698062484	230.0	34	1.05	0.95				
	314	2	81.16577030385966	16.316830112631582	0.0	0.0	3	0.9963485827293889	-1.9592254475885613	230.0	36	1.05	0.95				
	315	2	132.62654219754387	26.77633659508772	0.0	0.0	3	1.024132592696879	-0.19023227580922564	230.0	36	1.05	0.95				
	316	2	41.83802592982456	8.367605185964914	0.0	0.0	3	1.0205561655720667	0.04621824863333086	230.0	36	1.05	0.95				
	317	1	0.0	0.0	0.0	0.0	3	1.0266062753813896	0.6994391825220527	230.0	37	1.05	0.95				
	318	2	139.32062634631578	28.449857632280708	0.0	0.0	3	1.0258963437885773	0.28675412556235713	230.0	37	1.05	0.95				
	319	1	75.72682693298246	15.480069594035086	0.0	0.0	3	1.0169440585714322	0.09069944771301308	230.0	35	1.05	0.95				
	320	1	53.55267319017544	10.877886741754386	0.0	0.0	3	1.0166390152902016	0.9618852279154652	230.0	35	1.05	0.95				
	321	2	0.0	0.0	0.0	0.0	3	1.0272754517045986	0.6722545084371525	230.0	37	1.05	0.95				
	322	2	0.0	0.0	0.0	0.0	3	1.0403950350865143	5.070010939903351	230.0	37	1.05	0.95				
	323	2	0.0	0.0	0.0	0.0	3	1.017256607524466	1.770035274405116	230.0	35	1.05	0.95				
	324	1	0.0	0.0	0.0	0.0	3	1.0269717432311	1.0853395850450198	230.0	36	1.05	0.95				
	325	1	0.0	0.0	0.0	0.0	3	1.0174930234099333	2.7134280680759923	230.0	35	1.05	0.95				
];
