%% MATPOWER Case Format : Version 2
function mpc = RTS_GMLC
mpc.version = '2';

%%-----  Power Flow Data  -----%%
%% system MVA base
mpc.baseMVA = 100.0;
%% bus data
%    bus_i    type    Pd    Qd    Gs    Bs    area    Vm    Va    baseKV    zone    Vmax    Vmin
mpc.bus = [
	101	2	36.71251855578947	7.478476002105264	0.0	0.0	1	1.0101360429038164	0.4135317982347964	138.0	11	1.05	0.95				
	102	2	32.973280554736846	6.798614547368421	0.0	0.0	1	1.008156846623933	-0.16095806439748833	138.0	12	1.05	0.95				
	103	1	61.187530926315794	12.57743691263158	0.0	0.0	1	1.028271297496073	3.173610838308836	138.0	11	1.05	0.95				
	104	1	25.15487382526316	5.098960910526316	0.0	0.0	1	1.0122846467651003	-1.4643617502749195	138.0	11	1.05	0.95				
	105	1	24.135081643157893	4.759030183157895	0.0	0.0	1	1.0257504626693568	-1.6120197806804855	138.0	11	1.05	0.95				
	106	1	46.230578922105266	9.51806036631579	0.0	-100.0	1	1.0425861017453077	-3.2297448772033186	138.0	12	1.05	0.95				
	107	2	42.49134092105263	8.498268184210527	0.0	0.0	1	0.9840540665820157	-8.374789524371907	138.0	12	1.05	0.95				
	108	1	58.12815438	11.897575457894737	0.0	0.0	1	0.9972256110165099	-6.636991053241155	138.0	12	1.05	0.95				
	109	1	59.48787728947369	12.237506185263157	0.0	0.0	1	1.0245876116042718	-1.0978830239065975	138.0	13	1.05	0.95				
	110	1	66.2864918368421	13.597229094736843	0.0	0.0	1	1.05	-2.530612376421809	138.0	13	1.05	0.95				
	111	1	0.0	0.0	0.0	0.0	1	1.0127443628566288	1.0886714558673478	230.0	13	1.05	0.95				
	112	1	0.0	0.0	0.0	0.0	1	1.0093880121556247	-0.10566238175632028	230.0	13	1.05	0.95				
	113	3	90.08164275263158	18.356259277894736	0.0	0.0	1	0.9865264025546454	-1.5599907572628252e-29	230.0	14	1.05	0.95				
	114	2	65.94656110947369	13.257298367368422	0.0	0.0	1	1.038447703206962	4.886927554874494	230.0	16	1.05	0.95				
	115	2	107.75804057578948	21.755566551578948	0.0	0.0	1	1.0428134835038851	14.21948326688426	230.0	16	1.05	0.95				
	116	2	33.99307273684211	6.798614547368421	0.0	0.0	1	1.0416778297389688	12.41404243795154	230.0	16	1.05	0.95				
	117	1	0.0	0.0	0.0	0.0	1	1.0411610941745337	18.309346157795417	230.0	17	1.05	0.95				
	118	2	113.1969322136842	23.115289461052633	0.0	0.0	1	1.05	18.866470552682518	230.0	17	1.05	0.95				
	119	1	61.52746165368421	12.57743691263158	0.0	0.0	1	1.0363579789297566	8.188151130421627	230.0	15	1.05	0.95				
	120	1	43.511133103157896	8.838198911578948	0.0	0.0	1	1.0376875318529863	5.1574290284479565	230.0	15	1.05	0.95				
	121	2	0.0	0.0	0.0	0.0	1	1.0432327925405325	20.268445719325527	230.0	17	1.05	0.95				
	122	2	0.0	0.0	0.0	0.0	1	1.05	38.229893699012905	230.0	17	1.05	0.95				
	123	2	0.0	0.0	0.0	0.0	1	1.0392874830718324	3.750904811449714	230.0	15	1.05	0.95				
	124	1	0.0	0.0	0.0	0.0	1	1.0235546384490979	10.097162835016164	230.0	16	1.05	0.95				
	201	2	37.314654495157896	7.601133323087719	0.0	0.0	2	1.0142500813961155	-13.448828705107376	138.0	21	1.05	0.95				
	202	2	33.514087833614035	6.910121202807017	0.0	0.0	2	1.0134220752900365	-13.735183092582439	138.0	22	1.05	0.95				
	203	1	62.19109082526315	12.78372422519298	0.0	0.0	2	1.0121266996085676	-9.595922867709339	138.0	21	1.05	0.95				
	204	1	25.56744845038596	5.182590902105263	0.0	0.0	2	1.0127429763890796	-13.560855714201944	138.0	21	1.05	0.95				
	205	1	24.53093026996491	4.837084841964912	0.0	0.0	2	1.0280867625085406	-13.96920659257841	138.0	21	1.05	0.95				
	206	1	46.988824179087715	9.674169683929824	0.0	-100.0	2	1.0441383792288768	-14.721246976279557	138.0	22	1.05	0.95				
	207	2	43.18825751754385	8.63765150350877	0.0	0.0	2	0.9973367273908856	-18.775358343435844	138.0	22	1.05	0.95				
	208	1	59.081536283999995	12.092712104912279	0.0	0.0	2	1.0043296562998059	-17.263963394924996	138.0	22	1.05	0.95				
	209	1	60.4635605245614	12.43821816505263	0.0	0.0	2	1.0214541634244054	-11.976252315249907	138.0	23	1.05	0.95				
	210	1	67.37368172736842	13.820242405614033	0.0	0.0	2	1.05	-13.374727062171507	138.0	23	1.05	0.95				
	211	1	0.0	0.0	0.0	0.0	2	1.0034641877946588	-9.415554231442854	230.0	23	1.05	0.95				
	212	1	0.0	0.0	0.0	0.0	2	1.0049123463531322	-9.070741910973782	230.0	23	1.05	0.95				
	213	2	91.55910593719298	18.657327247578948	0.0	0.0	2	0.995165756702613	-8.510155903290398	230.0	24	1.05	0.95				
	214	2	67.02817566722807	13.474736345473683	0.0	0.0	2	1.0055690990793775	-6.821281423521435	230.0	26	1.05	0.95				
	215	2	109.52542106449121	22.112387848982454	0.0	0.0	2	1.0206355772680564	-0.6184005298684819	230.0	26	1.05	0.95				
	216	2	34.55060601403508	6.910121202807017	0.0	0.0	2	1.0227368221371345	-1.070712290888347	230.0	26	1.05	0.95				
	217	1	0.0	0.0	0.0	0.0	2	1.0308487887067204	0.84277656082476	230.0	27	1.05	0.95				
	218	2	115.05351802673684	23.494412089543857	0.0	0.0	2	1.0295163378737366	0.44827139080698025	230.0	27	1.05	0.95				
	219	1	62.536596885403505	12.78372422519298	0.0	0.0	2	1.0198099028262801	-1.8852143936349253	230.0	25	1.05	0.95				
	220	1	44.22477569796491	8.983157563649122	0.0	0.0	2	1.0192715063732452	-1.9089027936351466	230.0	25	1.05	0.95				
	221	2	0.0	0.0	0.0	0.0	2	1.0298484933812684	0.8916618725171517	230.0	27	1.05	0.95				
	222	2	0.0	0.0	0.0	0.0	2	1.05	7.3651908554756425	230.0	27	1.05	0.95				
	223	2	0.0	0.0	0.0	0.0	2	1.019156795979813	-1.6497968446859055	230.0	25	1.05	0.95				
	224	1	0.0	0.0	0.0	0.0	2	1.0063677516277043	-3.985114161771213	230.0	26	1.05	0.95				
	301	2	48.82378994526316	9.945586840701754	0.0	0.0	3	1.0087868591849263	-6.5471684695760555	138.0	31	1.05	0.95				
	302	2	43.850996524912276	9.04144258245614	0.0	0.0	3	1.0082932061462393	-6.653558886182093	138.0	32	1.05	0.95				
	303	1	81.37298324210526	16.726668777543857	0.0	0.0	3	1.0269637272841587	-0.6110315752612259	138.0	31	1.05	0.95				
	304	1	33.453337555087714	6.781081936842104	0.0	0.0	3	1.0111730109503325	-4.897845363927182	138.0	31	1.05	0.95				
	305	1	32.097121167719294	6.329009807719298	0.0	0.0	3	1.023538814229056	-6.08464192721115	138.0	31	1.05	0.95				
	306	1	61.48180956070175	12.658019615438596	0.0	-100.0	3	1.039837370235547	-6.35295903133408	138.0	32	1.05	0.95				
	307	2	56.50901614035087	11.301803228070174	0.0	0.0	3	0.9943046958047865	-11.022597570868934	138.0	32	1.05	0.95				
	308	1	77.30433407999999	15.822524519298241	0.0	0.0	3	0.9997020602589285	-8.970037754143336	138.0	32	1.05	0.95				
	309	1	79.11262259649122	16.27459664842105	0.0	0.0	3	1.0282395021785933	-1.6229660796803616	138.0	33	1.05	0.95				
	310	1	88.15406517894736	18.08288516491228	0.0	0.0	3	1.05	-4.167519620346885	138.0	33	1.05	0.95				
	311	1	0.0	0.0	0.0	0.0	3	1.0101693746545235	1.734032320235416	230.0	33	1.05	0.95				
	312	1	0.0	0.0	0.0	0.0	3	1.0110263669319932	2.07671584777503	230.0	33	1.05	0.95				
	313	2	119.79911421754383	24.41189497263158	0.0	0.0	3	1.0101403209412052	4.962986374951582	230.0	34	1.05	0.95				
	314	2	87.70199304982455	17.630813035789473	0.0	0.0	3	1.0136757584197191	3.6325104422067684	230.0	36	1.05	0.95				
	315	2	143.30686493192982	28.932616263859646	0.0	0.0	3	1.0396058433342381	8.274793277912622	230.0	36	1.05	0.95				
	316	2	45.207212912280696	9.04144258245614	0.0	0.0	3	1.0388564956783348	8.99151693062738	230.0	36	1.05	0.95				
	317	1	0.0	0.0	0.0	0.0	3	1.05	13.937846054651994	230.0	37	1.05	0.95				
	318	2	150.54001899789472	30.740904780350874	0.0	0.0	3	1.0447253447447027	10.918660358057398	230.0	37	1.05	0.95				
	319	1	81.82505537122806	16.726668777543857	0.0	0.0	3	1.029847604202098	7.8136494269458066	230.0	35	1.05	0.95				
	320	1	57.86523252771929	11.753875357192982	0.0	0.0	3	1.0253336919026628	7.655173474545679	230.0	35	1.05	0.95				
	321	2	0.0	0.0	0.0	0.0	3	1.044514065708521	10.696267586962696	230.0	37	1.05	0.95				
	322	2	0.0	0.0	0.0	0.0	3	1.05	16.31039716823549	230.0	37	1.05	0.95				
	323	2	0.0	0.0	0.0	0.0	3	1.0234955341830279	7.917905108903471	230.0	35	1.05	0.95				
	324	1	0.0	0.0	0.0	0.0	3	1.0236862025370355	4.9565084059267495	230.0	36	1.05	0.95				
	325	1	0.0	0.0	0.0	0.0	3	1.0220344481106598	8.964669674834695	230.0	35	1.05	0.95				
];
