%% MATPOWER Case Format : Version 2
function mpc = RTS_GMLC
mpc.version = '2';

%%-----  Power Flow Data  -----%%
%% system MVA base
mpc.baseMVA = 100.0;
%% bus data
%    bus_i    type    Pd    Qd    Gs    Bs    area    Vm    Va    baseKV    zone    Vmax    Vmin
mpc.bus = [
	101	2	65.7832756168421	13.40029688491228	0.0	0.0	1	1.0453330602491808	3.409043118516788	138.0	11	1.05	0.95				
	102	2	59.083127174385965	12.182088077192983	0.0	0.0	1	1.0440930844583847	2.9801282976316044	138.0	12	1.05	0.95				
	103	1	109.63879269473684	22.53686294280702	0.0	0.0	1	1.027020131775586	3.2203194051417046	138.0	11	1.05	0.95				
	104	1	45.07372588561404	9.136566057894736	0.0	0.0	1	1.0246256108599097	-0.7875681578562242	138.0	11	1.05	0.95				
	105	1	43.24641267403509	8.527461654035088	0.0	0.0	1	1.038079317452511	-1.2839150311570366	138.0	11	1.05	0.95				
	106	1	82.83819892491229	17.054923308070176	0.0	-100.0	1	1.0417309300736088	-4.561850759976942	138.0	12	1.05	0.95				
	107	2	76.13805048245614	15.22761009649123	0.0	0.0	1	0.9958887654158791	-14.718034962472137	138.0	12	1.05	0.95				
	108	1	104.15685306	21.31865413508772	0.0	0.0	1	0.9925736443013451	-11.796975885930053	138.0	12	1.05	0.95				
	109	1	106.5932706754386	21.927758538947366	0.0	0.0	1	1.0237933012827294	-2.5548031644502207	138.0	13	1.05	0.95				
	110	1	118.77535875263159	24.364176154385966	0.0	0.0	1	1.05	-4.191220662102458	138.0	13	1.05	0.95				
	111	1	0.0	0.0	0.0	0.0	1	1.01576313675376	0.11574050190124119	230.0	13	1.05	0.95				
	112	1	0.0	0.0	0.0	0.0	1	1.016592861174586	-0.8078581135319578	230.0	13	1.05	0.95				
	113	3	161.412667022807	32.89163780842105	0.0	0.0	1	1.0115046176739817	5.932758793063091e-34	230.0	14	1.05	0.95				
	114	2	118.16625434877193	23.75507175052632	0.0	0.0	1	1.0269142846859531	3.693949471941499	230.0	16	1.05	0.95				
	115	2	193.08609602350876	38.982681847017545	0.0	0.0	1	1.0366326293634422	14.705978849623248	230.0	16	1.05	0.95				
	116	2	60.91044038596492	12.182088077192983	0.0	0.0	1	1.03326205152613	12.574607185125023	230.0	16	1.05	0.95				
	117	1	0.0	0.0	0.0	0.0	1	1.038113581531856	19.252002571495137	230.0	17	1.05	0.95				
	118	2	202.83176648526316	41.419099462456145	0.0	0.0	1	1.05	20.28244903771694	230.0	17	1.05	0.95				
	119	1	110.2478970985965	22.53686294280702	0.0	0.0	1	1.0267517633771097	8.015884295566575	230.0	15	1.05	0.95				
	120	1	77.96536369403509	15.83671450035088	0.0	0.0	1	1.0298703613869478	4.812028229361164	230.0	15	1.05	0.95				
	121	2	0.0	0.0	0.0	0.0	1	1.05	22.32447027888757	230.0	17	1.05	0.95				
	122	2	0.0	0.0	0.0	0.0	1	1.05	38.452645576933115	230.0	17	1.05	0.95				
	123	2	0.0	0.0	0.0	0.0	1	1.033747903734952	3.518389248558843	230.0	15	1.05	0.95				
	124	1	0.0	0.0	0.0	0.0	1	1.0187275758760512	10.398902702932949	230.0	16	1.05	0.95				
	201	2	67.1153785768421	13.671651191578945	0.0	0.0	2	1.0214793277306955	-18.508898304760965	138.0	21	1.05	0.95				
	202	2	60.27955298105262	12.428773810526316	0.0	0.0	2	1.0220895071436413	-18.465709070144293	138.0	22	1.05	0.95				
	203	1	111.85896429473684	22.99323154947368	0.0	0.0	2	1.013312858912229	-14.904774315770371	138.0	21	1.05	0.95				
	204	1	45.98646309894736	9.321580357894737	0.0	0.0	2	1.0126794233742376	-18.881587160543635	138.0	21	1.05	0.95				
	205	1	44.12214702736841	8.70014166736842	0.0	0.0	2	1.0278895642647703	-19.433155574032952	138.0	21	1.05	0.95				
	206	1	84.51566191157895	17.40028333473684	0.0	-100.0	2	1.0381888658637861	-20.53754876412626	138.0	22	1.05	0.95				
	207	2	77.67983631578946	15.535967263157893	0.0	0.0	2	0.9877358273017607	-29.14663737246058	138.0	22	1.05	0.95				
	208	1	106.26601607999999	21.750354168421048	0.0	0.0	2	0.9872905882446193	-26.142252281721017	138.0	22	1.05	0.95				
	209	1	108.75177084210526	22.371792858947366	0.0	0.0	2	1.0243287411333202	-16.67088411453468	138.0	23	1.05	0.95				
	210	1	121.18054465263157	24.857547621052632	0.0	0.0	2	1.05	-18.380079851196932	138.0	23	1.05	0.95				
	211	1	0.0	0.0	0.0	0.0	2	1.0194248226504896	-12.684848808914294	230.0	23	1.05	0.95				
	212	1	0.0	0.0	0.0	0.0	2	1.0170984261885656	-9.885865809112524	230.0	23	1.05	0.95				
	213	2	164.68125298947368	33.55768928842105	0.0	0.0	2	1.0258504005011817	-10.12879443363345	230.0	24	1.05	0.95				
	214	2	120.55910596210524	24.236108930526314	0.0	0.0	2	1.028812939497517	-10.138265201285584	230.0	26	1.05	0.95				
	215	2	196.99606489684209	39.77207619368421	0.0	0.0	2	1.036760977205753	-2.487512424900287	230.0	26	1.05	0.95				
	216	2	62.14386905263157	12.428773810526316	0.0	0.0	2	1.038799032812227	-2.7020091822207553	230.0	26	1.05	0.95				
	217	1	0.0	0.0	0.0	0.0	2	1.039259013249368	-1.1222505352508518	230.0	27	1.05	0.95				
	218	2	206.93908394526312	42.25783095578947	0.0	0.0	2	1.0377525757938288	-1.9763157863071261	230.0	27	1.05	0.95				
	219	1	112.48040298526314	22.99323154947368	0.0	0.0	2	1.0389650483825286	-1.8363997807680168	230.0	25	1.05	0.95				
	220	1	79.54415238736841	16.157405953684208	0.0	0.0	2	1.0446254046949364	0.0845508210457482	230.0	25	1.05	0.95				
	221	2	0.0	0.0	0.0	0.0	2	1.0395178367902627	-1.3366778936308923	230.0	27	1.05	0.95				
	222	2	0.0	0.0	0.0	0.0	2	1.05	5.249752613199018	230.0	27	1.05	0.95				
	223	2	0.0	0.0	0.0	0.0	2	1.05	1.5847411752415526	230.0	25	1.05	0.95				
	224	1	0.0	0.0	0.0	0.0	2	1.0124565540922683	-7.084576060369706	230.0	26	1.05	0.95				
	301	2	67.93989245052633	13.83960772140351	0.0	0.0	3	0.9941580265404641	12.530011054768877	138.0	31	1.05	0.95				
	302	2	61.02008858982456	12.581461564912283	0.0	0.0	3	0.9944414746738752	12.482433880998368	138.0	32	1.05	0.95				
	303	1	113.23315408421053	23.27570389508772	0.0	0.0	3	1.0168564404461837	15.85535791944724	138.0	31	1.05	0.95				
	304	1	46.55140779017544	9.436096173684211	0.0	0.0	3	1.0004273797014904	14.686010569466097	138.0	31	1.05	0.95				
	305	1	44.6641885554386	8.807023095438598	0.0	0.0	3	1.0122101184045764	14.583658588011183	138.0	31	1.05	0.95				
	306	1	85.55393864140353	17.614046190877197	0.0	-100.0	3	1.0306180789086858	15.024296715952003	138.0	32	1.05	0.95				
	307	2	78.63413478070176	15.726826956140352	0.0	0.0	3	0.9880707364502906	10.697793606025673	138.0	32	1.05	0.95				
	308	1	107.57149638000001	22.01755773859649	0.0	0.0	3	0.9976987201142555	13.55229096561081	138.0	32	1.05	0.95				
	309	1	110.08778869298246	22.646630816842105	0.0	0.0	3	1.0280348402410113	19.03709223216889	138.0	33	1.05	0.95				
	310	1	122.66925025789475	25.162923129824566	0.0	0.0	3	1.05	18.637918868603336	138.0	33	1.05	0.95				
	311	1	0.0	0.0	0.0	0.0	3	1.0188702358546284	25.15010793212515	230.0	33	1.05	0.95				
	312	1	0.0	0.0	0.0	0.0	3	1.0238562999799734	26.467656212131576	230.0	33	1.05	0.95				
	313	2	166.70436573508772	33.969946225263165	0.0	0.0	3	1.0458319138712597	33.61835058379964	230.0	34	1.05	0.95				
	314	2	122.04017717964912	24.533850051578952	0.0	0.0	3	1.021712418727627	23.85821041166285	230.0	36	1.05	0.95				
	315	2	199.41616580385966	40.2606770077193	0.0	0.0	3	1.040411111429819	18.66617483389793	230.0	36	1.05	0.95				
	316	2	62.90730782456141	12.581461564912283	0.0	0.0	3	1.040939344991137	20.2040607515681	230.0	36	1.05	0.95				
	317	1	0.0	0.0	0.0	0.0	3	1.05	20.31044059410046	230.0	37	1.05	0.95				
	318	2	209.4813350557895	42.77696932070177	0.0	0.0	3	1.0479467415123775	17.624694697205697	230.0	37	1.05	0.95				
	319	1	113.86222716245615	23.27570389508772	0.0	0.0	3	1.039780207084854	22.814594316690723	230.0	35	1.05	0.95				
	320	1	80.5213540154386	16.355900034385968	0.0	0.0	3	1.041701431240208	24.78162070839966	230.0	35	1.05	0.95				
	321	2	0.0	0.0	0.0	0.0	3	1.0460607175088448	18.603451258678493	230.0	37	1.05	0.95				
	322	2	0.0	0.0	0.0	0.0	3	1.05	23.6157770832153	230.0	37	1.05	0.95				
	323	2	0.0	0.0	0.0	0.0	3	1.0428731822692414	25.542815532345365	230.0	35	1.05	0.95				
	324	1	0.0	0.0	0.0	0.0	3	1.0284940345215654	19.67992809815774	230.0	36	1.05	0.95				
	325	1	0.0	0.0	0.0	0.0	3	1.0447770930337914	25.273935902987095	230.0	35	1.05	0.95				
];
