%% MATPOWER Case Format : Version 2
function mpc = RTS_GMLC
mpc.version = '2';

%%-----  Power Flow Data  -----%%
%% system MVA base
mpc.baseMVA = 100.0;
%% bus data
%    bus_i    type    Pd    Qd    Gs    Bs    area    Vm    Va    baseKV    zone    Vmax    Vmin
mpc.bus = [
	101	2	58.86293915368421	11.990598716491228	0.0	0.0	1	1.0405947282023038	-0.7884184793841131	138.0	11	1.05	0.95				
	102	2	52.86763979543859	10.900544287719299	0.0	0.0	1	1.0402719486441483	-0.9606541389313228	138.0	12	1.05	0.95				
	103	1	98.10489858947369	20.166006932280702	0.0	0.0	1	1.017219209378833	-1.202581040659516	138.0	11	1.05	0.95				
	104	1	40.332013864561404	8.175408215789473	0.0	0.0	1	1.0211669269618233	-3.8768033883644892	138.0	11	1.05	0.95				
	105	1	38.69693222140351	7.630381001403509	0.0	0.0	1	1.0380548242893954	-3.8213249020989224	138.0	11	1.05	0.95				
	106	1	74.12370115649122	15.260762002807018	0.0	-100.0	1	1.0439717043531833	-6.0704469863535335	138.0	12	1.05	0.95				
	107	2	68.12840179824562	13.625680359649122	0.0	0.0	1	1.0051813548228177	-12.222760386872292	138.0	12	1.05	0.95				
	108	1	93.19965366	19.07595250350877	0.0	0.0	1	1.002398725994903	-10.71546077535962	138.0	12	1.05	0.95				
	109	1	95.37976251754385	19.620979717894734	0.0	0.0	1	1.0223391244707287	-4.076906210223716	138.0	13	1.05	0.95				
	110	1	106.28030680526315	21.801088575438598	0.0	0.0	1	1.05	-5.205160827874588	138.0	13	1.05	0.95				
	111	1	0.0	0.0	0.0	0.0	1	1.00546610360605	-1.2125347912863111	230.0	13	1.05	0.95				
	112	1	0.0	0.0	0.0	0.0	1	1.0101275870417523	-1.0097110964717861	230.0	13	1.05	0.95				
	113	3	144.43221181228068	29.431469576842105	0.0	0.0	1	1.006779163365723	1.216267269676753e-30	230.0	14	1.05	0.95				
	114	2	105.73527959087718	21.256061361052634	0.0	0.0	1	1.001188588457214	1.2707781166281145	230.0	16	1.05	0.95				
	115	2	172.77362696035087	34.881741720701754	0.0	0.0	1	1.016623548275927	9.005579811813002	230.0	16	1.05	0.95				
	116	2	54.50272143859649	10.900544287719299	0.0	0.0	1	1.0166554236295	8.179733431689737	230.0	16	1.05	0.95				
	117	1	0.0	0.0	0.0	0.0	1	1.0203078077687873	11.259685086988576	230.0	17	1.05	0.95				
	118	2	181.49406239052632	37.06185057824561	0.0	0.0	1	1.0196897729975003	11.546402740071485	230.0	17	1.05	0.95				
	119	1	98.64992580385965	20.166006932280702	0.0	0.0	1	1.0146351589969622	6.133080396842392	230.0	15	1.05	0.95				
	120	1	69.76348344140351	14.170707574035088	0.0	0.0	1	1.0179108897654485	5.438733815854993	230.0	15	1.05	0.95				
	121	2	0.0	0.0	0.0	0.0	1	1.0207768059550082	13.117888145515668	230.0	17	1.05	0.95				
	122	2	0.0	0.0	0.0	0.0	1	1.05	21.39062639852192	230.0	17	1.05	0.95				
	123	2	0.0	0.0	0.0	0.0	1	1.0207956681904422	5.479954284351755	230.0	15	1.05	0.95				
	124	1	0.0	0.0	0.0	0.0	1	1.0043910201885837	5.140241277799551	230.0	16	1.05	0.95				
	201	2	59.27845111578948	12.075240042105262	0.0	0.0	2	1.0277705908366885	-12.029785341112415	138.0	21	1.05	0.95				
	202	2	53.24083109473684	10.977490947368421	0.0	0.0	2	1.0282551439909375	-12.00275292205331	138.0	22	1.05	0.95				
	203	1	98.79741852631578	20.308358252631578	0.0	0.0	2	1.0176647366098555	-11.09786273240349	138.0	21	1.05	0.95				
	204	1	40.616716505263156	8.233118210526316	0.0	0.0	2	1.0167570665571446	-14.005042596599766	138.0	21	1.05	0.95				
	205	1	38.97009286315789	7.684243663157894	0.0	0.0	2	1.0318999329879937	-14.22096274599932	138.0	21	1.05	0.95				
	206	1	74.64693844210527	15.368487326315789	0.0	-100.0	2	1.0413760069785896	-15.956907733540149	138.0	22	1.05	0.95				
	207	2	68.60931842105262	13.721863684210525	0.0	0.0	2	0.9875001544927879	-24.15234858274798	138.0	22	1.05	0.95				
	208	1	93.85754759999999	19.210609157894734	0.0	0.0	2	0.9905625381360353	-21.56251074133202	138.0	22	1.05	0.95				
	209	1	96.05304578947369	19.759483705263158	0.0	0.0	2	1.0238481188369173	-13.401242979672631	138.0	23	1.05	0.95				
	210	1	107.03053673684208	21.954981894736843	0.0	0.0	2	1.05	-14.692495188559024	138.0	23	1.05	0.95				
	211	1	0.0	0.0	0.0	0.0	2	1.0119708785936237	-9.991347956560945	230.0	23	1.05	0.95				
	212	1	0.0	0.0	0.0	0.0	2	1.014937142787184	-8.991987424829688	230.0	23	1.05	0.95				
	213	2	145.45175505263157	29.63922555789474	0.0	0.0	2	1.0146819016946758	-8.557832810077043	230.0	24	1.05	0.95				
	214	2	106.48166218947368	21.40610734736842	0.0	0.0	2	1.0144490597912852	-7.146223977742014	230.0	26	1.05	0.95				
	215	2	173.99323151578946	35.127971031578944	0.0	0.0	2	1.0317328617137969	0.33434664276968745	230.0	26	1.05	0.95				
	216	2	54.8874547368421	10.977490947368421	0.0	0.0	2	1.0335033416980228	0.20135456271124522	230.0	26	1.05	0.95				
	217	1	0.0	0.0	0.0	0.0	2	1.0357463080061764	2.987705842556067	230.0	27	1.05	0.95				
	218	2	182.7752242736842	37.32346922105263	0.0	0.0	2	1.0368153858986286	3.1682862462613106	230.0	27	1.05	0.95				
	219	1	99.3462930736842	20.308358252631578	0.0	0.0	2	1.0371957323729415	-0.06920626579797128	230.0	25	1.05	0.95				
	220	1	70.25594206315789	14.270738231578948	0.0	0.0	2	1.044621340293099	0.7383161247555223	230.0	25	1.05	0.95				
	221	2	0.0	0.0	0.0	0.0	2	1.037662528358691	2.9939481245455872	230.0	27	1.05	0.95				
	222	2	0.0	0.0	0.0	0.0	2	1.05	9.4910850262495	230.0	27	1.05	0.95				
	223	2	0.0	0.0	0.0	0.0	2	1.049999999090757	1.5786786356631033	230.0	25	1.05	0.95				
	224	1	0.0	0.0	0.0	0.0	2	1.012303439385607	-3.9341097927047164	230.0	26	1.05	0.95				
	301	2	46.29547610526316	9.430559947368423	0.0	0.0	3	1.0427275089825352	5.070316833150905	138.0	31	1.05	0.95				
	302	2	41.58019613157895	8.573236315789474	0.0	0.0	3	1.038852861414353	4.743402321416735	138.0	32	1.05	0.95				
	303	1	77.15912684210528	15.860487184210529	0.0	0.0	3	1.0485940937866578	19.975319358352152	138.0	31	1.05	0.95				
	304	1	31.720974368421057	6.429927236842105	0.0	0.0	3	1.0202121725241238	5.935527283043173	138.0	31	1.05	0.95				
	305	1	30.43498892105263	6.001265421052633	0.0	0.0	3	1.041464225128859	3.8085381293589498	138.0	31	1.05	0.95				
	306	1	58.29800694736843	12.002530842105266	0.0	-100.0	3	1.0478521574238995	2.5748320369516797	138.0	32	1.05	0.95				
	307	2	53.58272697368422	10.716545394736842	0.0	0.0	3	0.9607489977300694	6.707542326045361	138.0	32	1.05	0.95				
	308	1	73.3011705	15.003163552631579	0.0	0.0	3	0.9807851506179046	5.042246892798926	138.0	32	1.05	0.95				
	309	1	75.0158177631579	15.431825368421054	0.0	0.0	3	1.0179778549243763	8.704838859621722	138.0	33	1.05	0.95				
	310	1	83.58905407894737	17.14647263157895	0.0	0.0	3	1.0499999919587448	3.8723932199038322	138.0	33	1.05	0.95				
	311	1	0.0	0.0	0.0	0.0	3	1.0043328729179108	6.385617466421248	230.0	33	1.05	0.95				
	312	1	0.0	0.0	0.0	0.0	3	1.0101202892499495	7.257136614151636	230.0	33	1.05	0.95				
	313	2	113.59538118421054	23.14773805263158	0.0	0.0	3	1.00557652064441	8.666273334842378	230.0	34	1.05	0.95				
	314	2	83.1603922631579	16.717810815789473	0.0	0.0	3	0.9947440167411189	4.585837692175297	230.0	36	1.05	0.95				
	315	2	135.88579560526318	27.434356210526317	0.0	0.0	3	1.0417781078266628	5.269464164125651	230.0	36	1.05	0.95				
	316	2	42.86618157894737	8.573236315789474	0.0	0.0	3	1.0222845594495678	4.688352221978751	230.0	36	1.05	0.95				
	317	1	0.0	0.0	0.0	0.0	3	1.0404443868555944	5.437161849810668	230.0	37	1.05	0.95				
	318	2	142.74438465789473	29.149003473684214	0.0	0.0	3	1.045906838538539	4.694509650655592	230.0	37	1.05	0.95				
	319	1	77.58778865789473	15.860487184210529	0.0	0.0	3	1.0141439044072402	4.91460720478415	230.0	35	1.05	0.95				
	320	1	54.868712421052635	11.145207210526317	0.0	0.0	3	1.0100905062612853	5.9727180317520725	230.0	35	1.05	0.95				
	321	2	0.0	0.0	0.0	0.0	3	1.05	5.397866687397915	230.0	37	1.05	0.95				
	322	2	0.0	0.0	0.0	0.0	3	1.05	9.74911848197443	230.0	37	1.05	0.95				
	323	2	0.0	0.0	0.0	0.0	3	1.0087961303944792	6.90101891519283	230.0	35	1.05	0.95				
	324	1	0.0	0.0	0.0	0.0	3	1.039113909407025	10.894279915772886	230.0	36	1.05	0.95				
	325	1	0.0	0.0	0.0	0.0	3	1.0091358351198407	7.430339944413145	230.0	35	1.05	0.95				
];
