%% MATPOWER Case Format : Version 2
function mpc = RTS_GMLC
mpc.version = '2';

%%-----  Power Flow Data  -----%%
%% system MVA base
mpc.baseMVA = 100.0;
%% bus data
%    bus_i    type    Pd    Qd    Gs    Bs    area    Vm    Va    baseKV    zone    Vmax    Vmin
mpc.bus = [
	101	2	61.842157351578955	12.59747649754386	0.0	0.0	1	1.0138710293861866	-6.454183594128181	138.0	11	1.05	0.95				
	102	2	55.54341910280702	11.452251361403508	0.0	0.0	1	1.0135371920219367	-6.74721297766967	138.0	12	1.05	0.95				
	103	1	103.07026225263158	21.186665018596493	0.0	0.0	1	1.0071505458932501	-0.5387094616083502	138.0	11	1.05	0.95				
	104	1	42.373330037192986	8.589188521052632	0.0	0.0	1	1.0038427233972673	-6.533921510897682	138.0	11	1.05	0.95				
	105	1	40.655492332982455	8.016575952982457	0.0	0.0	1	1.016761242413166	-7.89106044761012	138.0	11	1.05	0.95				
	106	1	77.87530925754386	16.033151905964914	0.0	-100.0	1	1.0249819034827896	-9.329714511507616	138.0	12	1.05	0.95				
	107	2	71.57657100877192	14.315314201754386	0.0	0.0	1	0.9884049830846139	-12.599784878481765	138.0	12	1.05	0.95				
	108	1	97.91674914000001	20.041439882456142	0.0	0.0	1	0.9857921582405309	-11.78981516900298	138.0	12	1.05	0.95				
	109	1	100.20719941228072	20.614052450526316	0.0	0.0	1	1.0079842936487915	-5.106289269396102	138.0	13	1.05	0.95				
	110	1	111.65945077368423	22.904502722807017	0.0	0.0	1	1.0340829223288128	-7.471160821262209	138.0	13	1.05	0.95				
	111	1	0.0	0.0	0.0	0.0	1	0.997302043647959	-1.5591438690009445	230.0	13	1.05	0.95				
	112	1	0.0	0.0	0.0	0.0	1	0.9938082091976129	-2.2122521664720063	230.0	13	1.05	0.95				
	113	3	151.7423305385965	30.921078675789477	0.0	0.0	1	0.9861433221040541	6.515494995947376e-30	230.0	14	1.05	0.95				
	114	2	111.08683820561404	22.331890154736843	0.0	0.0	1	1.0154561280480954	1.8160670069378906	230.0	16	1.05	0.95				
	115	2	181.51818407824564	36.64720435649123	0.0	0.0	1	1.0139008497305015	12.116703679336693	230.0	16	1.05	0.95				
	116	2	57.261256807017546	11.452251361403508	0.0	0.0	1	1.0126815967083267	10.415537735410986	230.0	16	1.05	0.95				
	117	1	0.0	0.0	0.0	0.0	1	1.0184889451225312	16.737725487375073	230.0	17	1.05	0.95				
	118	2	190.67998516736844	38.93765462877193	0.0	0.0	1	1.0286887543030123	17.553393850214476	230.0	17	1.05	0.95				
	119	1	103.64287482070176	21.186665018596493	0.0	0.0	1	1.0071471183345357	6.6455786245891995	230.0	15	1.05	0.95				
	120	1	73.29440871298246	14.887926769824563	0.0	0.0	1	1.0090505103774308	3.954545295183366	230.0	15	1.05	0.95				
	121	2	0.0	0.0	0.0	0.0	1	1.028128741039439	19.244335926422078	230.0	17	1.05	0.95				
	122	2	0.0	0.0	0.0	0.0	1	1.0417471619180787	35.915109131535644	230.0	17	1.05	0.95				
	123	2	0.0	0.0	0.0	0.0	1	1.0118621195757713	2.9297053712668872	230.0	15	1.05	0.95				
	124	1	0.0	0.0	0.0	0.0	1	0.9958299707020436	7.358282532419812	230.0	16	1.05	0.95				
	201	2	48.80654810526316	9.942074614035088	0.0	0.0	2	1.0113598572332976	-9.322774330298552	138.0	21	1.05	0.95				
	202	2	43.835510798245615	9.038249649122807	0.0	0.0	2	1.010104063313721	-9.515545859188407	138.0	22	1.05	0.95				
	203	1	81.34424684210526	16.720761850877192	0.0	0.0	2	0.9983745698050259	-7.539526514617851	138.0	21	1.05	0.95				
	204	1	33.441523701754384	6.778687236842106	0.0	0.0	2	1.0012289198480089	-8.491978154717778	138.0	21	1.05	0.95				
	205	1	32.085786254385965	6.326774754385965	0.0	0.0	2	1.0171624437523878	-8.75648775347854	138.0	21	1.05	0.95				
	206	1	61.46009761403509	12.65354950877193	0.0	-100.0	2	1.0282212949602527	-8.993100179910547	138.0	22	1.05	0.95				
	207	2	56.489060307017546	11.297812061403508	0.0	0.0	2	0.9733114997326294	-14.615821427439222	138.0	22	1.05	0.95				
	208	1	77.2770345	15.81693688596491	0.0	0.0	2	0.9797229128933619	-12.490464347002064	138.0	22	1.05	0.95				
	209	1	79.08468442982456	16.26884936842105	0.0	0.0	2	1.0080900261806212	-5.733201201269404	138.0	23	1.05	0.95				
	210	1	88.12293407894737	18.076499298245615	0.0	0.0	2	1.0345443838184971	-6.6947753952338624	138.0	23	1.05	0.95				
	211	1	0.0	0.0	0.0	0.0	2	0.9909972480475898	-2.9158003359022304	230.0	23	1.05	0.95				
	212	1	0.0	0.0	0.0	0.0	2	0.9922680944948501	2.521004539697702	230.0	23	1.05	0.95				
	213	2	119.7568078508772	24.40327405263158	0.0	0.0	2	0.9888151704145034	0.09308981679576418	230.0	24	1.05	0.95				
	214	2	87.67102159649123	17.624586815789474	0.0	0.0	2	0.9897198309282446	-2.1357889704643647	230.0	26	1.05	0.95				
	215	2	143.2562569385965	28.922398877192983	0.0	0.0	2	0.998747230584471	2.030849178275279	230.0	26	1.05	0.95				
	216	2	45.191248245614034	9.038249649122807	0.0	0.0	2	0.9964937160753743	1.9443561082220784	230.0	26	1.05	0.95				
	217	1	0.0	0.0	0.0	0.0	2	1.0063014321022017	2.8282690653502445	230.0	27	1.05	0.95				
	218	2	150.48685665789475	30.730048807017546	0.0	0.0	2	1.005737501956235	2.379668539576126	230.0	27	1.05	0.95				
	219	1	81.7961593245614	16.720761850877192	0.0	0.0	2	0.9906055980202453	3.2318037077754487	230.0	25	1.05	0.95				
	220	1	57.844797754385965	11.74972454385965	0.0	0.0	2	0.9895613375589137	5.304387836700641	230.0	25	1.05	0.95				
	221	2	0.0	0.0	0.0	0.0	2	1.0080793875399965	3.068171623116414	230.0	27	1.05	0.95				
	222	2	0.0	0.0	0.0	0.0	2	1.0264190474578845	9.61022136123998	230.0	27	1.05	0.95				
	223	2	0.0	0.0	0.0	0.0	2	0.9906882335608578	6.818527560120805	230.0	25	1.05	0.95				
	224	1	0.0	0.0	0.0	0.0	2	0.9871076566120514	-1.5893125562822967	230.0	26	1.05	0.95				
	301	2	57.84372034105264	11.782980069473684	0.0	0.0	3	1.0057957547067176	32.250347105287176	138.0	31	1.05	0.95				
	302	2	51.95223030631578	10.711800063157895	0.0	0.0	3	1.0059264726328359	32.22288887714524	138.0	32	1.05	0.95				
	303	1	96.40620056842106	19.816830116842105	0.0	0.0	3	1.0010233393610235	34.98142325242181	138.0	31	1.05	0.95				
	304	1	39.63366023368421	8.033850047368421	0.0	0.0	3	1.0001563124916024	34.225340561812715	138.0	31	1.05	0.95				
	305	1	38.026890224210526	7.498260044210527	0.0	0.0	3	1.0152025337270916	34.1756588092199	138.0	31	1.05	0.95				
	306	1	72.8402404294737	14.996520088421054	0.0	-100.0	3	1.0291635431868318	34.6383318311948	138.0	32	1.05	0.95				
	307	2	66.94875039473685	13.389750078947369	0.0	0.0	3	0.9737864843559197	32.35732119835017	138.0	32	1.05	0.95				
	308	1	91.58589054	18.745650110526316	0.0	0.0	3	0.989885989188877	34.7207836973278	138.0	32	1.05	0.95				
	309	1	93.72825055263158	19.28124011368421	0.0	0.0	3	1.0140842735672528	38.107721894664756	138.0	33	1.05	0.95				
	310	1	104.44005061578947	21.42360012631579	0.0	0.0	3	1.040779730986423	37.85522602125083	138.0	33	1.05	0.95				
	311	1	0.0	0.0	0.0	0.0	3	0.9955543096329341	43.38793620610098	230.0	33	1.05	0.95				
	312	1	0.0	0.0	0.0	0.0	3	1.0035183648607215	43.79359457457705	230.0	33	1.05	0.95				
	313	2	141.93135083684209	28.92186017052632	0.0	0.0	3	1.0094443366068804	50.41200088973792	230.0	34	1.05	0.95				
	314	2	103.90446061263157	20.888010123157898	0.0	0.0	3	0.9908741942663426	42.689555458753816	230.0	36	1.05	0.95				
	315	2	169.78203100105262	34.27776020210526	0.0	0.0	3	1.0005840494389022	37.12400828536346	230.0	36	1.05	0.95				
	316	2	53.559000315789476	10.711800063157895	0.0	0.0	3	0.9965899665849021	38.528343382365016	230.0	36	1.05	0.95				
	317	1	0.0	0.0	0.0	0.0	3	1.0047838746642244	39.748153079815275	230.0	37	1.05	0.95				
	318	2	178.35147105157895	36.42012021473685	0.0	0.0	3	0.9968131966249119	35.78883829194847	230.0	37	1.05	0.95				
	319	1	96.94179057157895	19.816830116842105	0.0	0.0	3	1.0049638368477838	39.581872538832705	230.0	35	1.05	0.95				
	320	1	68.55552040421053	13.925340082105265	0.0	0.0	3	1.0128777442879473	39.91810378952166	230.0	35	1.05	0.95				
	321	2	0.0	0.0	0.0	0.0	3	1.005793402998291	36.91221271752833	230.0	37	1.05	0.95				
	322	2	0.0	0.0	0.0	0.0	3	1.0238607952437542	42.40040348575472	230.0	37	1.05	0.95				
	323	2	0.0	0.0	0.0	0.0	3	1.0160657855429391	39.55542422172675	230.0	35	1.05	0.95				
	324	1	0.0	0.0	0.0	0.0	3	0.9984107248423009	38.458315825317406	230.0	36	1.05	0.95				
