%% MATPOWER Case Format : Version 2
function mpc = RTS_GMLC
mpc.version = '2';

%%-----  Power Flow Data  -----%%
%% system MVA base
mpc.baseMVA = 100.0;
%% bus data
%    bus_i    type    Pd    Qd    Gs    Bs    area    Vm    Va    baseKV    zone    Vmax    Vmin
mpc.bus = [
	101	2	36.458683821473684	7.426768926596491	0.0	0.0	1	1.025278983400881	1.3776047119942254	138.0	11	1.05	0.95				
	102	2	32.74529935817544	6.751608115087719	0.0	0.0	1	1.0233186211787109	0.8599213976419005	138.0	12	1.05	0.95				
	103	1	60.76447303578948	12.490475012912281	0.0	0.0	1	1.031447444462062	1.5373488182444197	138.0	11	1.05	0.95				
	104	1	24.980950025824562	5.06370608631579	0.0	0.0	1	1.0189951213028232	-1.302133372883514	138.0	11	1.05	0.95				
	105	1	23.968208808561403	4.726125680561404	0.0	0.0	1	1.033239758724096	-1.1675412799974152	138.0	11	1.05	0.95				
	106	1	45.910935182596496	9.452251361122809	0.0	-100.0	1	1.046053434945845	-3.060484336077243	138.0	12	1.05	0.95				
	107	2	42.19755071929825	8.43951014385965	0.0	0.0	1	1.001245124695825	-8.511649941461114	138.0	12	1.05	0.95				
	108	1	57.72624938399999	11.815314201403508	0.0	0.0	1	1.0074022759410728	-6.862923816549105	138.0	12	1.05	0.95				
	109	1	59.07657100701754	12.152894607157895	0.0	0.0	1	1.0245813241668338	-1.6715484392129751	138.0	13	1.05	0.95				
	110	1	65.82817912210527	13.503216230175438	0.0	0.0	1	1.05	-2.6556133052639677	138.0	13	1.05	0.95				
	111	1	0.0	0.0	0.0	0.0	1	1.0019676533088329	0.19089979950398533	230.0	13	1.05	0.95				
	112	1	0.0	0.0	0.0	0.0	1	1.0062828357321745	-0.5224436006545731	230.0	13	1.05	0.95				
	113	3	89.45880752491227	18.229341910736842	0.0	0.0	1	0.9910316657678859	-8.50927706438657e-29	230.0	14	1.05	0.95				
	114	2	65.49059871635087	13.165635824421054	0.0	0.0	1	1.000856073768111	2.8525576411554376	230.0	16	1.05	0.95				
	115	2	107.01298862414035	21.605145968280702	0.0	0.0	1	1.040438891514827	9.740051524500736	230.0	16	1.05	0.95				
	116	2	33.7580405754386	6.751608115087719	0.0	0.0	1	1.034276722897371	8.477764094339163	230.0	16	1.05	0.95				
	117	1	0.0	0.0	0.0	0.0	1	1.0406731672816334	12.931256807056487	230.0	17	1.05	0.95				
	118	2	112.41427511621053	22.955467591298248	0.0	0.0	1	1.0481876801251575	13.281821846313004	230.0	17	1.05	0.95				
	119	1	61.10205344154386	12.490475012912281	0.0	0.0	1	1.022153653486153	5.402984195733796	230.0	15	1.05	0.95				
	120	1	43.210291936561404	8.777090549614035	0.0	0.0	1	1.0155617416591856	3.352738190826694	230.0	15	1.05	0.95				
	121	2	0.0	0.0	0.0	0.0	1	1.05	14.417235968632982	230.0	17	1.05	0.95				
	122	2	0.0	0.0	0.0	0.0	1	1.05	28.283236980369374	230.0	17	1.05	0.95				
	123	2	0.0	0.0	0.0	0.0	1	1.0123307919494868	2.4835265920349645	230.0	15	1.05	0.95				
	124	1	0.0	0.0	0.0	0.0	1	1.0266280753031907	6.666479724402448	230.0	16	1.05	0.95				
	201	2	37.79065008757895	7.698095388210527	0.0	0.0	2	1.014801070147814	-12.763739385946794	138.0	21	1.05	0.95				
	202	2	33.94160239347369	6.998268534736843	0.0	0.0	2	1.0139021321158732	-13.041997490623826	138.0	22	1.05	0.95				
	203	1	62.98441681263158	12.946796789263157	0.0	0.0	2	1.0155575238984829	-9.169681989811844	138.0	21	1.05	0.95				
	204	1	25.893593578526314	5.248701401052632	0.0	0.0	2	1.0133395884615546	-12.829092212194034	138.0	21	1.05	0.95				
	205	1	24.84385329831579	4.89878797431579	0.0	0.0	2	1.0283038337067236	-13.219734180188752	138.0	21	1.05	0.95				
	206	1	47.58822603621053	9.79757594863158	0.0	-100.0	2	1.0441397789646447	-13.938881899754623	138.0	22	1.05	0.95				
	207	2	43.73917834210527	8.747835668421052	0.0	0.0	2	0.9972918335515478	-18.048607592464947	138.0	22	1.05	0.95				
	208	1	59.835195972	12.246969935789473	0.0	0.0	2	1.0043264150425368	-16.51706451127301	138.0	22	1.05	0.95				
	209	1	61.23484967894737	12.596883362526315	0.0	0.0	2	1.0223175618821814	-11.197431097556175	138.0	23	1.05	0.95				
	210	1	68.23311821368421	13.996537069473685	0.0	0.0	2	1.05	-12.547391577632531	138.0	23	1.05	0.95				
	211	1	0.0	0.0	0.0	0.0	2	1.0025998710534973	-8.591995803273152	230.0	23	1.05	0.95				
	212	1	0.0	0.0	0.0	0.0	2	1.0054277527324424	-8.025634999107297	230.0	23	1.05	0.95				
	213	2	92.72705808526315	18.895325043789477	0.0	0.0	2	0.9961180025326964	-7.453171737978387	230.0	24	1.05	0.95				
	214	2	67.88320478694737	13.646623642736843	0.0	0.0	2	1.0018374020310847	-6.164196057895385	230.0	26	1.05	0.95				
	215	2	110.92255627557894	22.394459311157895	0.0	0.0	2	1.0170342747105519	-0.3076848351725762	230.0	26	1.05	0.95				
	216	2	34.99134267368421	6.998268534736843	0.0	0.0	2	1.01802951348504	-0.6078382465719223	230.0	26	1.05	0.95				
	217	1	0.0	0.0	0.0	0.0	2	1.0227001055754175	0.9297409213257194	230.0	27	1.05	0.95				
	218	2	116.52117110336843	23.794113018105264	0.0	0.0	2	1.022209411250745	0.5832570832301356	230.0	27	1.05	0.95				
	219	1	63.33433023936842	12.946796789263157	0.0	0.0	2	1.0182396915084841	-0.9649852853608107	230.0	25	1.05	0.95				
	220	1	44.78891862231579	9.097749095157894	0.0	0.0	2	1.0204009698724268	-0.5785209726501309	230.0	25	1.05	0.95				
	221	2	0.0	0.0	0.0	0.0	2	1.024075628449037	1.0890508272147716	230.0	27	1.05	0.95				
	222	2	0.0	0.0	0.0	0.0	2	1.0459864365083487	7.56733253907996	230.0	27	1.05	0.95				
	223	2	0.0	0.0	0.0	0.0	2	1.0218742612775367	-0.09288447122843654	230.0	25	1.05	0.95				
	224	1	0.0	0.0	0.0	0.0	2	1.0055683590392688	-3.655691213502927	230.0	26	1.05	0.95				
	301	2	42.05884213894737	8.567541917192981	0.0	0.0	3	1.0106088730439093	-12.210173816113532	138.0	31	1.05	0.95				
	302	2	37.77507118035088	7.7886744701754385	0.0	0.0	3	1.010475373081175	-12.33551971013804	138.0	32	1.05	0.95				
	303	1	70.09807023157894	14.409047769824562	0.0	0.0	3	1.0279220083373448	-6.656730423359833	138.0	31	1.05	0.95				
	304	1	28.818095539649125	5.841505852631579	0.0	0.0	3	1.0123873923932816	-11.11461784989153	138.0	31	1.05	0.95				
	305	1	27.649794369122805	5.452072129122808	0.0	0.0	3	1.0254314212576903	-11.8504534966433	138.0	31	1.05	0.95				
	306	1	52.96298639719299	10.904144258245616	0.0	-100.0	3	1.0422008121766404	-12.12918508047667	138.0	32	1.05	0.95				
	307	2	48.67921543859649	9.735843087719298	0.0	0.0	3	0.9903919618774801	-16.23875099117065	138.0	32	1.05	0.95				
	308	1	66.59316672	13.630180322807018	0.0	0.0	3	0.9994996347177635	-14.531801296895667	138.0	32	1.05	0.95				
	309	1	68.15090161403509	14.01961404631579	0.0	0.0	3	1.0256154828237325	-8.514666731722382	138.0	33	1.05	0.95				
	310	1	75.93957608421053	15.577348940350877	0.0	0.0	3	1.05	-10.235261902512201	138.0	33	1.05	0.95				
	311	1	0.0	0.0	0.0	0.0	3	1.0044214059671366	-5.203557558096187	230.0	33	1.05	0.95				
	312	1	0.0	0.0	0.0	0.0	3	1.009899678897687	-4.6350728071135645	230.0	33	1.05	0.95				
	313	2	103.19993672982454	21.029421069473685	0.0	0.0	3	1.0080535344004218	-1.7643311873179064	230.0	34	1.05	0.95				
	314	2	75.55014236070176	15.187915216842104	0.0	0.0	3	0.9986042603015606	-3.905255782561063	230.0	36	1.05	0.95				
	315	2	123.45049035228071	24.923758304561403	0.0	0.0	3	1.028885399005787	-0.11843600144401839	230.0	36	1.05	0.95				
	316	2	38.94337235087719	7.7886744701754385	0.0	0.0	3	1.0276356520925636	0.19882046796009753	230.0	36	1.05	0.95				
	317	1	0.0	0.0	0.0	0.0	3	1.0391667983139659	4.115696530365554	230.0	37	1.05	0.95				
	318	2	129.68142992842104	26.481493198596496	0.0	0.0	3	1.0360865323592787	2.4966244205330637	230.0	37	1.05	0.95				
	319	1	70.48750395508772	14.409047769824562	0.0	0.0	3	1.0232632078305997	-0.22147347820728805	230.0	35	1.05	0.95				
	320	1	49.847516609122806	10.12527681122807	0.0	0.0	3	1.0218860598386572	0.17826677924063156	230.0	35	1.05	0.95				
	321	2	0.0	0.0	0.0	0.0	3	1.0360479280623383	2.223664362510465	230.0	37	1.05	0.95				
	322	2	0.0	0.0	0.0	0.0	3	1.0499999905263868	7.276317377738479	230.0	37	1.05	0.95				
	323	2	0.0	0.0	0.0	0.0	3	1.021599621894129	0.7029534514540284	230.0	35	1.05	0.95				
	324	1	0.0	0.0	0.0	0.0	3	1.0198751715039271	-2.587681575542404	230.0	36	1.05	0.95				
	325	1	0.0	0.0	0.0	0.0	3	1.0201756148712466	1.8747306516431295	230.0	35	1.05	0.95				
];
