%% MATPOWER Case Format : Version 2
function mpc = RTS_GMLC
mpc.version = '2';

%%-----  Power Flow Data  -----%%
%% system MVA base
mpc.baseMVA = 100.0;
%% bus data
%    bus_i    type    Pd    Qd    Gs    Bs    area    Vm    Va    baseKV    zone    Vmax    Vmin
mpc.bus = [
	101	2	42.6843147031579	8.69495299508772	0.0	0.0	1	1.0136557593757984	-3.1961439087846975	138.0	11	1.05	0.95				
	102	2	38.33683820561403	7.904502722807018	0.0	0.0	1	1.0135438094810119	-3.4469858598273597	138.0	12	1.05	0.95				
	103	1	71.14052450526316	14.623330037192982	0.0	0.0	1	1.0040946126302417	2.2025961958706524	138.0	11	1.05	0.95				
	104	1	29.246660074385964	5.928377042105263	0.0	0.0	1	1.0041588841597509	-3.4885969234416314	138.0	11	1.05	0.95				
	105	1	28.06098466596491	5.533151905964913	0.0	0.0	1	1.0182097145033595	-4.614579001790918	138.0	11	1.05	0.95				
	106	1	53.75061851508772	11.066303811929826	0.0	-100.0	1	1.0286909623441565	-5.892091873968653	138.0	12	1.05	0.95				
	107	2	49.403142017543864	9.880628403508771	0.0	0.0	1	0.9871576291701508	-11.76768347249228	138.0	12	1.05	0.95				
	108	1	67.58349828	13.83287976491228	0.0	0.0	1	0.9881467757362811	-9.63443796924867	138.0	12	1.05	0.95				
	109	1	69.1643988245614	14.228104901052632	0.0	0.0	1	1.0032610805554727	-2.7309931547932376	138.0	13	1.05	0.95				
	110	1	77.06890154736841	15.809005445614035	0.0	0.0	1	1.0322051804130274	-4.750737052553583	138.0	13	1.05	0.95				
	111	1	0.0	0.0	0.0	0.0	1	0.9838233100774112	-0.06683430873861032	230.0	13	1.05	0.95				
	112	1	0.0	0.0	0.0	0.0	1	0.9848271094197146	-1.1847608644164895	230.0	13	1.05	0.95				
	113	3	104.73466107719298	21.34215735157895	0.0	0.0	1	0.9655922897116557	-1.1229669361928347e-30	230.0	14	1.05	0.95				
	114	2	76.67367641122806	15.413780309473685	0.0	0.0	1	0.9946353256003126	3.6671328119173423	230.0	16	1.05	0.95				
	115	2	125.28636815649124	25.29440871298246	0.0	0.0	1	0.994508939238664	13.473675886039157	230.0	16	1.05	0.95				
	116	2	39.522513614035084	7.904502722807018	0.0	0.0	1	0.9923168334785142	11.681590357633999	230.0	16	1.05	0.95				
	117	1	0.0	0.0	0.0	0.0	1	0.9949656508447584	17.893645424872318	230.0	17	1.05	0.95				
	118	2	131.60997033473686	26.87530925754386	0.0	0.0	1	1.0051939809279224	18.517956767335402	230.0	17	1.05	0.95				
	119	1	71.53574964140351	14.623330037192982	0.0	0.0	1	0.9911888090259603	7.45256382218629	230.0	15	1.05	0.95				
	120	1	50.58881742596492	10.275853539649123	0.0	0.0	1	0.9961623427009909	4.154294065984166	230.0	15	1.05	0.95				
	121	2	0.0	0.0	0.0	0.0	1	1.0058536743077466	19.83490695690927	230.0	17	1.05	0.95				
	122	2	0.0	0.0	0.0	0.0	1	1.0094124686063597	38.381445965427964	230.0	17	1.05	0.95				
	123	2	0.0	0.0	0.0	0.0	1	1.0002712918773222	2.674858409789326	230.0	15	1.05	0.95				
	124	1	0.0	0.0	0.0	0.0	1	0.9846159074082438	9.168393217402338	230.0	16	1.05	0.95				
	201	2	44.65858649684211	9.09711947157895	0.0	0.0	2	1.0111378667159976	-17.07261343790302	138.0	21	1.05	0.95				
	202	2	40.11002676105264	8.270108610526316	0.0	0.0	2	1.010108056571288	-17.32504925904212	138.0	22	1.05	0.95				
	203	1	74.43097749473685	15.299700929473687	0.0	0.0	2	0.9964038757470401	-12.547151929464652	138.0	21	1.05	0.95				
	204	1	30.599401858947374	6.202581457894738	0.0	0.0	2	0.9997035360188568	-16.555740995804538	138.0	21	1.05	0.95				
	205	1	29.35888556736842	5.789076027368422	0.0	0.0	2	1.01658610494346	-17.065432532136082	138.0	21	1.05	0.95				
	206	1	56.23673855157896	11.578152054736844	0.0	-100.0	2	1.0274696585090348	-17.588080714321688	138.0	22	1.05	0.95				
	207	2	51.68817881578948	10.337635763157897	0.0	0.0	2	0.9718936720532614	-22.600481719418685	138.0	22	1.05	0.95				
	208	1	70.70942862	14.472690068421054	0.0	0.0	2	0.978989880817207	-20.671248726276534	138.0	22	1.05	0.95				
	209	1	72.36345034210527	14.88619549894737	0.0	0.0	2	1.0036331114996397	-14.15172501848607	138.0	23	1.05	0.95				
	210	1	80.63355895263159	16.540217221052632	0.0	0.0	2	1.0320791003747283	-15.690093507475835	138.0	23	1.05	0.95				
	211	1	0.0	0.0	0.0	0.0	2	0.9868515632135512	-11.300086317735555	230.0	23	1.05	0.95				
	212	1	0.0	0.0	0.0	0.0	2	0.9849857929288289	-9.055723847445512	230.0	23	1.05	0.95				
	213	2	109.57893908947369	22.329293248421056	0.0	0.0	2	0.9831906270831917	-9.45197094370382	230.0	24	1.05	0.95				
	214	2	80.22005352210527	16.12671179052632	0.0	0.0	2	0.986777504644296	-9.169037338313224	230.0	26	1.05	0.95				
	215	2	131.0812214768421	26.464347553684213	0.0	0.0	2	0.9920799037413093	-2.6315713788608233	230.0	26	1.05	0.95				
	216	2	41.350543052631586	8.270108610526316	0.0	0.0	2	0.9905260240932349	-3.391498448683618	230.0	26	1.05	0.95				
	217	1	0.0	0.0	0.0	0.0	2	1.0011360295827183	-1.5628192770640752	230.0	27	1.05	0.95				
	218	2	137.69730836526318	28.11836927578948	0.0	0.0	2	1.0025978157751754	-2.1255218779272225	230.0	27	1.05	0.95				
	219	1	74.84448292526316	15.299700929473687	0.0	0.0	2	0.9833662512640283	-3.2398419143347956	230.0	25	1.05	0.95				
	220	1	52.928695107368426	10.751141193684212	0.0	0.0	2	0.980189188659496	-2.226058735260685	230.0	25	1.05	0.95				
	221	2	0.0	0.0	0.0	0.0	2	1.0049038398646413	-1.6144689035915165	230.0	27	1.05	0.95				
	222	2	0.0	0.0	0.0	0.0	2	1.022976540497429	3.9993938876938913	230.0	27	1.05	0.95				
	223	2	0.0	0.0	0.0	0.0	2	0.9793805358529974	-1.3153653728629793	230.0	25	1.05	0.95				
	224	1	0.0	0.0	0.0	0.0	2	0.9818820202990403	-6.400587843238834	230.0	26	1.05	0.95				
	301	2	67.11989877473684	13.672571972631578	0.0	0.0	3	1.0014229944082147	27.082299021281845	138.0	31	1.05	0.95				
	302	2	60.283612788421046	12.429610884210526	0.0	0.0	3	1.0021755023336587	26.686654910670338	138.0	32	1.05	0.95				
	303	1	111.86649795789472	22.99478013578947	0.0	0.0	3	1.0134970068208695	43.32801864996227	138.0	31	1.05	0.95				
	304	1	45.98956027157894	9.322208163157892	0.0	0.0	3	0.9907446082680326	28.640198703330054	138.0	31	1.05	0.95				
	305	1	44.125118638947356	8.700727618947369	0.0	0.0	3	1.009081806319974	26.490404128457925	138.0	31	1.05	0.95				
	306	1	84.52135401263158	17.401455237894737	0.0	-100.0	3	1.019959457095801	25.445643706320293	138.0	32	1.05	0.95				
	307	2	77.68506802631579	15.537013605263155	0.0	0.0	3	0.9646188197664564	21.72410920462781	138.0	32	1.05	0.95				
	308	1	106.27317305999999	21.751819047368418	0.0	0.0	3	0.9740853949391075	24.687877354213224	138.0	32	1.05	0.95				
	309	1	108.75909523684209	22.37329959157894	0.0	0.0	3	1.0037514492809916	32.89884329119525	138.0	33	1.05	0.95				
	310	1	121.18870612105262	24.85922176842105	0.0	0.0	3	1.0329391118961473	27.949783736730488	138.0	33	1.05	0.95				
	311	1	0.0	0.0	0.0	0.0	3	0.9972941398670812	32.95253595299268	230.0	33	1.05	0.95				
	312	1	0.0	0.0	0.0	0.0	3	1.0031862150258932	33.51660187772618	230.0	33	1.05	0.95				
	313	2	164.69234421578943	33.55994938736842	0.0	0.0	3	1.0088591717217275	37.03644493969836	230.0	34	1.05	0.95				
	314	2	120.56722557684209	24.237741224210524	0.0	0.0	3	0.993423891694109	31.92778933057071	230.0	36	1.05	0.95				
	315	2	197.0093325147368	39.77475482947368	0.0	0.0	3	0.990598057924135	29.415660319181598	230.0	36	1.05	0.95				
	316	2	62.14805442105262	12.429610884210526	0.0	0.0	3	0.9868671062638988	29.866381501469828	230.0	36	1.05	0.95				
	317	1	0.0	0.0	0.0	0.0	3	0.9946589541304902	31.129979065872295	230.0	37	1.05	0.95				
	318	2	206.95302122210526	42.26067700631579	0.0	0.0	3	0.9860037946166902	27.15232961851087	230.0	37	1.05	0.95				
	319	1	112.48797850210525	22.99478013578947	0.0	0.0	3	0.9954285509019675	30.316114232745008	230.0	35	1.05	0.95				
	320	1	79.54950965894736	16.158494149473682	0.0	0.0	3	1.004987587382394	30.52150851893833	230.0	35	1.05	0.95				
	321	2	0.0	0.0	0.0	0.0	3	0.9962307195721264	28.430419410914165	230.0	37	1.05	0.95				
	322	2	0.0	0.0	0.0	0.0	3	1.0141239674874531	32.63949865043916	230.0	37	1.05	0.95				
	323	2	0.0	0.0	0.0	0.0	3	1.0103405182210394	30.51056282096941	230.0	35	1.05	0.95				
	324	1	0.0	0.0	0.0	0.0	3	0.9967250060115864	36.21252161497655	230.0	36	1.05	0.95				
