%% MATPOWER Case Format : Version 2
function mpc = RTS_GMLC
mpc.version = '2';

%%-----  Power Flow Data  -----%%
%% system MVA base
mpc.baseMVA = 100.0;
%% bus data
%    bus_i    type    Pd    Qd    Gs    Bs    area    Vm    Va    baseKV    zone    Vmax    Vmin
mpc.bus = [
	101	2	39.81197425263158	8.109846607017545	0.0	0.0	1	1.0130578761675102	-3.954661813435086	138.0	11	1.05	0.95				
	102	2	35.75705094912281	7.372587824561403	0.0	0.0	1	1.0129706256746012	-4.149664739456484	138.0	12	1.05	0.95				
	103	1	66.35329042105263	13.639287475438596	0.0	0.0	1	1.0009505431128911	-0.13740358759783652	138.0	11	1.05	0.95				
	104	1	27.278574950877193	5.529440868421053	0.0	0.0	1	1.0038297211635616	-4.071515191108799	138.0	11	1.05	0.95				
	105	1	26.172686777192983	5.160811477192984	0.0	0.0	1	1.017641084054294	-5.031922549330662	138.0	11	1.05	0.95				
	106	1	50.13359720701756	10.321622954385967	0.0	-100.0	1	1.0283220231338026	-6.091522490494922	138.0	12	1.05	0.95				
	107	2	46.07867390350878	9.215734780701755	0.0	0.0	1	0.9851323831250949	-8.91120881557	138.0	12	1.05	0.95				
	108	1	63.0356259	12.902028692982457	0.0	0.0	1	0.9888368610951088	-8.074381008803531	138.0	12	1.05	0.95				
	109	1	64.51014346491229	13.270658084210526	0.0	0.0	1	1.0024034988507773	-3.2798603813038736	138.0	13	1.05	0.95				
	110	1	71.8827312894737	14.745175649122807	0.0	0.0	1	1.0308037001558779	-4.905520611880646	138.0	13	1.05	0.95				
	111	1	0.0	0.0	0.0	0.0	1	0.9801451472563132	-0.8864082631347457	230.0	13	1.05	0.95				
	112	1	0.0	0.0	0.0	0.0	1	0.9819174446249718	-1.4756158215592066	230.0	13	1.05	0.95				
	113	3	97.68678867543859	19.90598712631579	0.0	0.0	1	0.9615216530129406	6.141484288974829e-29	230.0	14	1.05	0.95				
	114	2	71.51410189824561	14.376546257894738	0.0	0.0	1	0.9864763172844914	1.7156867846541952	230.0	16	1.05	0.95				
	115	2	116.85551701929826	23.592281038596493	0.0	0.0	1	0.9874269384076417	9.230445309964102	230.0	16	1.05	0.95				
	116	2	36.86293912280702	7.372587824561403	0.0	0.0	1	0.9872235236172889	7.926479935925568	230.0	16	1.05	0.95				
	117	1	0.0	0.0	0.0	0.0	1	0.9908413783820486	12.64792516692927	230.0	17	1.05	0.95				
	118	2	122.75358727894738	25.06679860350878	0.0	0.0	1	0.9953213541972099	13.173370328461647	230.0	17	1.05	0.95				
	119	1	66.7219198122807	13.639287475438596	0.0	0.0	1	0.9879745109075296	4.916279932550895	230.0	15	1.05	0.95				
	120	1	47.184562077192986	9.584364171929826	0.0	0.0	1	0.9924702595267663	2.8301409632047965	230.0	15	1.05	0.95				
	121	2	0.0	0.0	0.0	0.0	1	0.9953981279955303	14.468091417952905	230.0	17	1.05	0.95				
	122	2	0.0	0.0	0.0	0.0	1	1.0108171903058634	27.657524782862783	230.0	17	1.05	0.95				
	123	2	0.0	0.0	0.0	0.0	1	0.9955593232447685	1.9920021671013914	230.0	15	1.05	0.95				
	124	1	0.0	0.0	0.0	0.0	1	0.9813472377197546	5.634972319997249	230.0	16	1.05	0.95				
	201	2	38.41964427789474	7.8262238343859645	0.0	0.0	2	1.011724763039805	-8.976699163145081	138.0	21	1.05	0.95				
	202	2	34.506532360701755	7.114748940350878	0.0	0.0	2	1.0106544915247215	-9.129221319301067	138.0	22	1.05	0.95				
	203	1	64.0327404631579	13.16228553964912	0.0	0.0	2	0.9984830857033307	-6.813822816488245	138.0	21	1.05	0.95				
	204	1	26.32457107929824	5.336061705263157	0.0	0.0	2	1.0032569167544292	-8.305210847168945	138.0	21	1.05	0.95				
	205	1	25.25735873824561	4.980324258245615	0.0	0.0	2	1.0192727875985177	-8.610058913427203	138.0	21	1.05	0.95				
	206	1	48.380292794385966	9.96064851649123	0.0	-100.0	2	1.0318651035415074	-8.868320690438544	138.0	22	1.05	0.95				
	207	2	44.46718087719298	8.893436175438596	0.0	0.0	2	0.9722570261572969	-12.980805759154704	138.0	22	1.05	0.95				
	208	1	60.83110344	12.450810645614034	0.0	0.0	2	0.9831670034283263	-11.403963154877056	138.0	22	1.05	0.95				
	209	1	62.25405322807017	12.806548092631578	0.0	0.0	2	1.0074034888550834	-6.109729581961716	138.0	23	1.05	0.95				
	210	1	69.36880216842106	14.229497880701755	0.0	0.0	2	1.0353972956715098	-7.064788100990829	138.0	23	1.05	0.95				
	211	1	0.0	0.0	0.0	0.0	2	0.9860591341412391	-3.9482080051765163	230.0	23	1.05	0.95				
	212	1	0.0	0.0	0.0	0.0	2	0.988519077049583	-0.00406712853919729	230.0	23	1.05	0.95				
	213	2	94.27042345964911	19.20982213894737	0.0	0.0	2	0.9809694563975507	-1.6809465819730096	230.0	24	1.05	0.95				
	214	2	69.01306472140351	13.87376043368421	0.0	0.0	2	0.9800373116725064	-3.131152423877373	230.0	26	1.05	0.95				
	215	2	112.76877070456139	22.767196609122806	0.0	0.0	2	0.9902106104283558	0.524013836871811	230.0	26	1.05	0.95				
	216	2	35.573744701754386	7.114748940350878	0.0	0.0	2	0.9878650234816929	0.34918392776959445	230.0	26	1.05	0.95				
	217	1	0.0	0.0	0.0	0.0	2	0.9984364092820833	1.0767641442154927	230.0	27	1.05	0.95				
	218	2	118.4605698568421	24.190146397192983	0.0	0.0	2	0.9993697370783925	0.6696157817087386	230.0	27	1.05	0.95				
	219	1	64.38847791017544	13.16228553964912	0.0	0.0	2	0.9815727237725799	1.2946263474951072	230.0	25	1.05	0.95				
	220	1	45.53439321824561	9.24917362245614	0.0	0.0	2	0.9787350921329542	2.8861718754861907	230.0	25	1.05	0.95				
	221	2	0.0	0.0	0.0	0.0	2	1.0015220965345057	1.1819241375098197	230.0	27	1.05	0.95				
	222	2	0.0	0.0	0.0	0.0	2	1.0187259506586337	5.795158521466664	230.0	27	1.05	0.95				
	223	2	0.0	0.0	0.0	0.0	2	0.9781056020586081	4.069281949398427	230.0	25	1.05	0.95				
	224	1	0.0	0.0	0.0	0.0	2	0.9842477583825849	-2.2783007019567187	230.0	26	1.05	0.95				
	301	2	43.01550144000001	8.762416960000001	0.0	0.0	3	1.011279552117289	28.267778689588784	138.0	31	1.05	0.95				
	302	2	38.63429296	7.965833600000001	0.0	0.0	3	1.011779629064747	27.907090132848843	138.0	32	1.05	0.95				
	303	1	71.69250240000001	14.73679216	0.0	0.0	3	1.0180743323627142	41.301601469657015	138.0	31	1.05	0.95				
	304	1	29.47358432	5.974375200000001	0.0	0.0	3	1.0007915352384986	28.53007086100154	138.0	31	1.05	0.95				
	305	1	28.27870928	5.576083520000001	0.0	0.0	3	1.0198507332885565	27.41541791650643	138.0	31	1.05	0.95				
	306	1	54.16766848000001	11.152167040000002	0.0	-100.0	3	1.0327865269973775	26.42107535824376	138.0	32	1.05	0.95				
	307	2	49.786460000000005	9.957292	0.0	0.0	3	0.9681163850646817	23.485683850767675	138.0	32	1.05	0.95				
	308	1	68.10787728000001	13.9402088	0.0	0.0	3	0.9821334366652285	25.23443602062	138.0	32	1.05	0.95				
	309	1	69.70104400000001	14.338500480000002	0.0	0.0	3	1.003527116065033	30.749335500797685	138.0	33	1.05	0.95				
	310	1	77.6668776	15.931667200000001	0.0	0.0	3	1.0379201555911772	27.861948848960257	138.0	33	1.05	0.95				
	311	1	0.0	0.0	0.0	0.0	3	0.9891730483927761	30.796926604616633	230.0	33	1.05	0.95				
	312	1	0.0	0.0	0.0	0.0	3	0.9976245595913703	30.582850477708185	230.0	33	1.05	0.95				
	313	2	105.54729520000001	21.507750720000004	0.0	0.0	3	0.9947253098933181	32.30704297378892	230.0	34	1.05	0.95				
	314	2	77.26858592	15.53337552	0.0	0.0	3	0.9747773329304781	31.089636918237968	230.0	36	1.05	0.95				
	315	2	126.25846256000001	25.490667520000006	0.0	0.0	3	0.9804394588764398	29.57939227067954	230.0	36	1.05	0.95				
	316	2	39.829168	7.965833600000001	0.0	0.0	3	0.9671289319953152	29.6209486400197	230.0	36	1.05	0.95				
	317	1	0.0	0.0	0.0	0.0	3	0.9856073764950378	30.493616357820482	230.0	37	1.05	0.95				
	318	2	132.63112944000002	27.083834240000005	0.0	0.0	3	0.9842427416868437	27.499285366704353	230.0	37	1.05	0.95				
	319	1	72.09079408000001	14.73679216	0.0	0.0	3	0.9773282768588244	29.249537504642245	230.0	35	1.05	0.95				
	320	1	50.98133504000001	10.35558368	0.0	0.0	3	0.9857903947432951	28.221983284846125	230.0	35	1.05	0.95				
	321	2	0.0	0.0	0.0	0.0	3	0.9912144343323178	28.617763310580905	230.0	37	1.05	0.95				
	322	2	0.0	0.0	0.0	0.0	3	1.0074978317067127	32.1047281834643	230.0	37	1.05	0.95				
	323	2	0.0	0.0	0.0	0.0	3	0.9903384787513233	27.710067695859127	230.0	35	1.05	0.95				
	324	1	0.0	0.0	0.0	0.0	3	0.993155501643965	35.50202013095524	230.0	36	1.05	0.95				
	325	1	0.0	0.0	0.0	0.0	3	0.9917261336610624	26.5925184061023	230.0	35	1.05	0.95				
];
