%% MATPOWER Case Format : Version 2
function mpc = RTS_GMLC
mpc.version = '2';

%%-----  Power Flow Data  -----%%
%% system MVA base
mpc.baseMVA = 100.0;
%% bus data
%    bus_i    type    Pd    Qd    Gs    Bs    area    Vm    Va    baseKV    zone    Vmax    Vmin
mpc.bus = [
	101	2	70.71301337684211	14.404502724912282	0.0	0.0	1	1.049999988942386	0.585656357684565	138.0	11	1.05	0.95				
	102	2	63.51076201438597	13.095002477192983	0.0	0.0	1	1.048912985291204	0.20605808693348288	138.0	12	1.05	0.95				
	103	1	117.85502229473686	24.225754582807017	0.0	0.0	1	1.03116062993825	-0.8065794083124593	138.0	11	1.05	0.95				
	104	1	48.451509165614034	9.821251857894737	0.0	0.0	1	1.0273262274014656	-3.190519513523119	138.0	11	1.05	0.95				
	105	1	46.487258794035085	9.166501734035089	0.0	0.0	1	1.0404686369842142	-3.5972725024888272	138.0	11	1.05	0.95				
	106	1	89.04601684491229	18.333003468070178	0.0	-100.0	1	1.0421038077629503	-6.627097958060805	138.0	12	1.05	0.95				
	107	2	81.84376548245615	16.36875309649123	0.0	0.0	1	0.9991533479854814	-13.74463929640156	138.0	12	1.05	0.95				
	108	1	111.96227117999999	22.916254335087718	0.0	0.0	1	0.99562808148464	-12.163182044354466	138.0	12	1.05	0.95				
	109	1	114.58127167543859	23.571004458947368	0.0	0.0	1	1.025745495489793	-4.475338378843773	138.0	13	1.05	0.95				
	110	1	127.67627415263159	26.190004954385966	0.0	0.0	1	1.05	-5.860756941175297	138.0	13	1.05	0.95				
	111	1	0.0	0.0	0.0	0.0	1	1.0126198406099192	-1.7221427881613331	230.0	13	1.05	0.95				
	112	1	0.0	0.0	0.0	0.0	1	1.0146295598307393	-1.4273820920739115	230.0	13	1.05	0.95				
	113	3	173.508782822807	35.35650668842106	0.0	0.0	1	1.0116174395485547	3.1155504091193986e-30	230.0	14	1.05	0.95				
	114	2	127.02152402877194	25.535254830526316	0.0	0.0	1	1.0158646251221428	0.2718834698129469	230.0	16	1.05	0.95				
	115	2	207.55578926350879	41.904007927017545	0.0	0.0	1	1.043550002978601	7.810007937411748	230.0	16	1.05	0.95				
	116	2	65.47501238596492	13.095002477192983	0.0	0.0	1	1.0409066134997949	7.035403485010476	230.0	16	1.05	0.95				
	117	1	0.0	0.0	0.0	0.0	1	1.0451220084659003	10.548684358357344	230.0	17	1.05	0.95				
	118	2	218.03179124526318	44.523008422456144	0.0	0.0	1	1.0478598926194236	11.345348876494048	230.0	17	1.05	0.95				
	119	1	118.5097724185965	24.225754582807017	0.0	0.0	1	1.0327178577298965	5.175000488160115	230.0	15	1.05	0.95				
	120	1	83.80801585403509	17.02350322035088	0.0	0.0	1	1.0306648624700985	4.346059418625562	230.0	15	1.05	0.95				
	121	2	0.0	0.0	0.0	0.0	1	1.05	13.176029911127905	230.0	17	1.05	0.95				
	122	2	0.0	0.0	0.0	0.0	1	1.05	18.79575557452239	230.0	17	1.05	0.95				
	123	2	0.0	0.0	0.0	0.0	1	1.0310760204737377	4.383814633204959	230.0	15	1.05	0.95				
	124	1	0.0	0.0	0.0	0.0	1	1.027982469257134	4.591931053765349	230.0	16	1.05	0.95				
	201	2	62.38942230315791	12.70895639508772	0.0	0.0	2	1.019874585499775	-11.350096829415207	138.0	21	1.05	0.95				
	202	2	56.03494410561404	11.553596722807018	0.0	0.0	2	1.0202048338762566	-11.297855643115486	138.0	22	1.05	0.95				
	203	1	103.98237050526316	21.374153937192983	0.0	0.0	2	1.0142724285234097	-9.915715172543774	138.0	21	1.05	0.95				
	204	1	42.748307874385965	8.665197542105263	0.0	0.0	2	1.0132122354576911	-11.393056152549601	138.0	21	1.05	0.95				
	205	1	41.015268365964914	8.087517705964913	0.0	0.0	2	1.0276325155455022	-11.728204156558037	138.0	21	1.05	0.95				
	206	1	78.56445771508773	16.175035411929827	0.0	-100.0	2	1.0390878125256011	-12.503033638724643	138.0	22	1.05	0.95				
	207	2	72.20997951754387	14.441995903508772	0.0	0.0	2	0.9933974955161503	-20.39639012152444	138.0	22	1.05	0.95				
	208	1	98.78325198	20.21879426491228	0.0	0.0	2	0.9929649749271232	-17.63678171289831	138.0	22	1.05	0.95				
	209	1	101.09397132456141	20.79647410105263	0.0	0.0	2	1.025328203386466	-9.099771109836373	138.0	23	1.05	0.95				
	210	1	112.64756804736842	23.107193445614037	0.0	0.0	2	1.05	-10.261441661583088	138.0	23	1.05	0.95				
	211	1	0.0	0.0	0.0	0.0	2	1.0134954687918967	-5.719687262257167	230.0	23	1.05	0.95				
	212	1	0.0	0.0	0.0	0.0	2	1.0173748473932238	-0.6795490209732938	230.0	23	1.05	0.95				
	213	2	153.085156577193	31.194711151578954	0.0	0.0	2	1.016791698170632	-2.7182095963306807	230.0	24	1.05	0.95				
	214	2	112.06988821122808	22.529513609473685	0.0	0.0	2	1.016101034231244	-4.350350633684646	230.0	26	1.05	0.95				
	215	2	183.12450805649124	36.97150951298246	0.0	0.0	2	1.032365860443502	0.9315393620952327	230.0	26	1.05	0.95				
	216	2	57.76798361403509	11.553596722807018	0.0	0.0	2	1.0328881079092647	1.1379848121797558	230.0	26	1.05	0.95				
	217	1	0.0	0.0	0.0	0.0	2	1.0356448757797176	2.1321492049534205	230.0	27	1.05	0.95				
	218	2	192.36738543473686	39.28222885754386	0.0	0.0	2	1.0340039614841898	1.3954076138766076	230.0	27	1.05	0.95				
	219	1	104.56005034140352	21.374153937192983	0.0	0.0	2	1.032944815449421	2.2430736552293182	230.0	25	1.05	0.95				
	220	1	73.94301902596492	15.019675739649124	0.0	0.0	2	1.0381876224466335	4.302956920833651	230.0	25	1.05	0.95				
	221	2	0.0	0.0	0.0	0.0	2	1.0360075065946064	2.047995107112271	230.0	27	1.05	0.95				
	222	2	0.0	0.0	0.0	0.0	2	1.05	8.57959965391726	230.0	27	1.05	0.95				
	223	2	0.0	0.0	0.0	0.0	2	1.043239912651164	5.85362716986436	230.0	25	1.05	0.95				
	224	1	0.0	0.0	0.0	0.0	2	1.0121698762450917	-3.1015630297310737	230.0	26	1.05	0.95				
	301	2	61.36285986947369	12.499841825263157	0.0	0.0	3	0.992181500027571	10.90626905362901	138.0	31	1.05	0.95				
	302	2	55.11293895684211	11.363492568421051	0.0	0.0	3	0.9918980352221687	10.873346616353594	138.0	32	1.05	0.95				
	303	1	102.27143311578948	21.022461251578946	0.0	0.0	3	1.0169211277243688	13.618812147066507	138.0	31	1.05	0.95				
	304	1	42.04492250315789	8.522619426315789	0.0	0.0	3	1.0005458331435848	12.778064551688002	138.0	31	1.05	0.95				
	305	1	40.340398617894735	7.9544447978947375	0.0	0.0	3	1.0123404929074202	12.778505139105128	138.0	31	1.05	0.95				
	306	1	77.27174946526316	15.908889595789475	0.0	-100.0	3	1.0319565852948107	13.172378440787398	138.0	32	1.05	0.95				
	307	2	71.02182855263158	14.204365710526314	0.0	0.0	3	0.9851777418098303	9.815699057534065	138.0	32	1.05	0.95				
	308	1	97.15786145999999	19.88611199473684	0.0	0.0	3	0.9987510689259823	12.322946613130881	138.0	32	1.05	0.95				
	309	1	99.43055997368421	20.454286623157895	0.0	0.0	3	1.0273847139331138	16.642306262507375	138.0	33	1.05	0.95				
	310	1	110.79405254210526	22.726985136842103	0.0	0.0	3	1.05	16.455376764527013	138.0	33	1.05	0.95				
	311	1	0.0	0.0	0.0	0.0	3	1.0155208999003802	22.134265992875413	230.0	33	1.05	0.95				
	312	1	0.0	0.0	0.0	0.0	3	1.0223702237069048	23.401846960242548	230.0	33	1.05	0.95				
	313	2	150.56627653157892	30.681429934736844	0.0	0.0	3	1.040532314400301	30.60553794392646	230.0	34	1.05	0.95				
	314	2	110.22587791368422	22.158810508421052	0.0	0.0	3	1.0147569701959973	20.163521944332775	230.0	36	1.05	0.95				
	315	2	180.11135720947365	36.363176218947366	0.0	0.0	3	1.0340769194484405	13.989677563005197	230.0	36	1.05	0.95				
	316	2	56.81746284210526	11.363492568421051	0.0	0.0	3	1.0356309542065416	15.230247309488625	230.0	36	1.05	0.95				
	317	1	0.0	0.0	0.0	0.0	3	1.0398471820158037	14.065860775990195	230.0	37	1.05	0.95				
	318	2	189.20215126421053	38.63587473263158	0.0	0.0	3	1.0385346018717418	12.762032499530186	230.0	37	1.05	0.95				
	319	1	102.83960774421053	21.022461251578946	0.0	0.0	3	1.0362277264038695	18.051264067020924	230.0	35	1.05	0.95				
	320	1	72.72635243789473	14.772540338947367	0.0	0.0	3	1.0390155311429679	20.026783595760875	230.0	35	1.05	0.95				
	321	2	0.0	0.0	0.0	0.0	3	1.0386902520059385	13.740507508435003	230.0	37	1.05	0.95				
	322	2	0.0	0.0	0.0	0.0	3	1.05	18.182423041503096	230.0	37	1.05	0.95				
	323	2	0.0	0.0	0.0	0.0	3	1.0403587647504484	20.736659542025347	230.0	35	1.05	0.95				
	324	1	0.0	0.0	0.0	0.0	3	1.0259089639857628	15.802301289094974	230.0	36	1.05	0.95				
	325	1	0.0	0.0	0.0	0.0	3	1.0426498160112492	20.099449222108593	230.0	35	1.05	0.95				
];
