%% MATPOWER Case Format : Version 2
function mpc = RTS_GMLC
mpc.version = '2';

%%-----  Power Flow Data  -----%%
%% system MVA base
mpc.baseMVA = 100.0;
%% bus data
%    bus_i    type    Pd    Qd    Gs    Bs    area    Vm    Va    baseKV    zone    Vmax    Vmin
mpc.bus = [
	101	2	35.93765462778948	7.320633350105263	0.0	0.0	1	1.0350627682743547	3.984640785752269	138.0	11	1.05	0.95				
	102	2	32.27733795273684	6.655121227368421	0.0	0.0	1	1.0341861299175137	3.7380161853715097	138.0	12	1.05	0.95				
	103	1	59.89609104631579	12.311974270631579	0.0	0.0	1	1.0294654232485203	1.8156416516817242	138.0	11	1.05	0.95				
	104	1	24.623948541263157	4.991340920526316	0.0	0.0	1	1.0231660333261436	0.550538055224064	138.0	11	1.05	0.95				
	105	1	23.625680357157893	4.658584859157895	0.0	0.0	1	1.0378574406768761	0.8407064619898588	138.0	11	1.05	0.95				
	106	1	45.254824346105266	9.31716971831579	0.0	-100.0	1	1.048312683261133	-1.3168811448638231	138.0	12	1.05	0.95				
	107	2	41.59450767105263	8.318901534210527	0.0	0.0	1	1.0016199317645869	-6.575993183848138	138.0	12	1.05	0.95				
	108	1	56.901286494000004	11.646462147894736	0.0	0.0	1	1.0079924522461239	-5.248054145316887	138.0	12	1.05	0.95				
	109	1	58.23231073947368	11.979218209263157	0.0	0.0	1	1.0239827339872627	-0.7096854052188215	138.0	13	1.05	0.95				
	110	1	64.8874319668421	13.310242454736843	0.0	0.0	1	1.05	-1.3019549327852797	138.0	13	1.05	0.95				
	111	1	0.0	0.0	0.0	0.0	1	0.9998446905416472	0.484217978144016	230.0	13	1.05	0.95				
	112	1	0.0	0.0	0.0	0.0	1	1.0049388890247046	0.46624864321203147	230.0	13	1.05	0.95				
	113	3	88.18035626263158	17.96882731389474	0.0	0.0	1	0.987917251117361	2.51902099704128e-30	230.0	14	1.05	0.95				
	114	2	64.55467590547369	12.977486393368423	0.0	0.0	1	0.995327119494184	2.5405446075321	230.0	16	1.05	0.95				
	115	2	105.48367145378947	21.296387927578948	0.0	0.0	1	1.0315772488755781	7.717733078561607	230.0	16	1.05	0.95				
	116	2	33.27560613684211	6.655121227368421	0.0	0.0	1	1.027352259586355	7.316458451431447	230.0	16	1.05	0.95				
	117	1	0.0	0.0	0.0	0.0	1	1.036240877995199	9.61033786174271	230.0	17	1.05	0.95				
	118	2	110.80776843568421	22.627412173052633	0.0	0.0	1	1.0391769697358972	9.786341468077728	230.0	17	1.05	0.95				
	119	1	60.22884710768422	12.311974270631579	0.0	0.0	1	1.0197267109547214	5.806052705163101	230.0	15	1.05	0.95				
	120	1	42.592775855157896	8.651657595578948	0.0	0.0	1	1.015303707155525	5.141279716190614	230.0	15	1.05	0.95				
	121	2	0.0	0.0	0.0	0.0	1	1.0427280103235257	10.719144374274808	230.0	17	1.05	0.95				
	122	2	0.0	0.0	0.0	0.0	1	1.05	17.48244925968125	230.0	17	1.05	0.95				
	123	2	0.0	0.0	0.0	0.0	1	1.0129601420105736	5.039117379096624	230.0	15	1.05	0.95				
	124	1	0.0	0.0	0.0	0.0	1	1.0226990483496834	5.493020650044059	230.0	16	1.05	0.95				
	201	2	37.02565717010527	7.5422634976140355	0.0	0.0	2	1.0170706612583418	-8.925003904781736	138.0	21	1.05	0.95				
	202	2	33.25452542129825	6.856603179649124	0.0	0.0	2	1.016562244614832	-9.092775677093481	138.0	22	1.05	0.95				
	203	1	61.70942861684211	12.684715882350877	0.0	0.0	2	1.016067758283141	-6.474110920223168	138.0	21	1.05	0.95				
	204	1	25.369431764701755	5.142452384736843	0.0	0.0	2	1.0148497226988515	-9.336954823430306	138.0	21	1.05	0.95				
	205	1	24.340941287754386	4.799622225754387	0.0	0.0	2	1.0295677846830316	-9.645745725560532	138.0	21	1.05	0.95				
	206	1	46.62490162161404	9.599244451508774	0.0	-100.0	2	1.044935374155658	-10.475060110508368	138.0	22	1.05	0.95				
	207	2	42.85376987280702	8.570753974561404	0.0	0.0	2	0.9969058003491333	-14.715163486090395	138.0	22	1.05	0.95				
	208	1	58.623957186000005	11.999055564385964	0.0	0.0	2	1.004410871794939	-13.22347777984016	138.0	22	1.05	0.95				
	209	1	59.995277821929825	12.341885723368422	0.0	0.0	2	1.022438517790667	-8.107848727156068	138.0	23	1.05	0.95				
	210	1	66.85188100157895	13.713206359298248	0.0	0.0	2	1.05	-9.2635132452641	138.0	23	1.05	0.95				
	211	1	0.0	0.0	0.0	0.0	2	1.00146060282549	-5.6489526821411085	230.0	23	1.05	0.95				
	212	1	0.0	0.0	0.0	0.0	2	1.0051710396711493	-5.015116355333574	230.0	23	1.05	0.95				
	213	2	90.84999213035087	18.512828585052635	0.0	0.0	2	0.9945124930984633	-4.503039232210907	230.0	24	1.05	0.95				
	214	2	66.5090508425965	13.370376200315793	0.0	0.0	2	0.9990690554281986	-3.460342023992582	230.0	26	1.05	0.95				
	215	2	108.6771603974386	21.941130174877195	0.0	0.0	2	1.0156269730096181	1.7455690187250956	230.0	26	1.05	0.95				
	216	2	34.283015898245615	6.856603179649124	0.0	0.0	2	1.016751206896106	1.7022069668997568	230.0	26	1.05	0.95				
	217	1	0.0	0.0	0.0	0.0	2	1.0217889020280881	3.226986581913394	230.0	27	1.05	0.95				
	218	2	114.16244294115792	23.31245081080702	0.0	0.0	2	1.0212189721931288	2.8315282310307377	230.0	27	1.05	0.95				
	219	1	62.05225877582456	12.684715882350877	0.0	0.0	2	1.017469090367236	1.5348629232105067	230.0	25	1.05	0.95				
	220	1	43.88226034975439	8.91358413354386	0.0	0.0	2	1.0199859778355973	2.0731226045801683	230.0	25	1.05	0.95				
	221	2	0.0	0.0	0.0	0.0	2	1.0229843700641448	3.276862433708314	230.0	27	1.05	0.95				
	222	2	0.0	0.0	0.0	0.0	2	1.0450094781075285	9.810563257199565	230.0	27	1.05	0.95				
	223	2	0.0	0.0	0.0	0.0	2	1.02166441581857	2.636600538939335	230.0	25	1.05	0.95				
	224	1	0.0	0.0	0.0	0.0	2	1.0055866723363938	-1.3657210533301898	230.0	26	1.05	0.95				
	301	2	43.9721607031579	8.95729199508772	0.0	0.0	3	1.0123795522627503	-11.301095675394441	138.0	31	1.05	0.95				
	302	2	39.49351470561403	8.14299272280702	0.0	0.0	3	1.0119470965062483	-11.54450892962027	138.0	32	1.05	0.95				
	303	1	73.28693450526316	15.064536537192982	0.0	0.0	3	1.039820319883616	-1.8692058261786477	138.0	31	1.05	0.95				
	304	1	30.129073074385964	6.107244542105263	0.0	0.0	3	1.0122953674564568	-10.55810703925275	138.0	31	1.05	0.95				
	305	1	28.90762416596491	5.700094905964913	0.0	0.0	3	1.0262468023162352	-11.689921489274987	138.0	31	1.05	0.95				
	306	1	55.37235051508772	11.400189811929826	0.0	-100.0	3	1.0420335013206876	-12.408394770069552	138.0	32	1.05	0.95				
	307	2	50.89370451754386	10.178740903508771	0.0	0.0	3	0.9929838540947156	-16.681160667075872	138.0	32	1.05	0.95				
	308	1	69.62258778	14.250237264912279	0.0	0.0	3	1.0000060934245998	-14.864279159786223	138.0	32	1.05	0.95				
	309	1	71.2511863245614	14.65738690105263	0.0	0.0	3	1.0247110764929925	-8.072665297588678	138.0	33	1.05	0.95				
	310	1	79.39417904736843	16.28598544561404	0.0	0.0	3	1.05	-10.76693120596944	138.0	33	1.05	0.95				
	311	1	0.0	0.0	0.0	0.0	3	1.0056515990250934	-6.263803200906928	230.0	33	1.05	0.95				
	312	1	0.0	0.0	0.0	0.0	3	1.0108196003377434	-5.597713922832475	230.0	33	1.05	0.95				
	313	2	107.89465357719298	21.98608035157895	0.0	0.0	3	1.0082751999622768	-3.107541819452101	230.0	34	1.05	0.95				
	314	2	78.98702941122806	15.878835809473685	0.0	0.0	3	0.9992162734863652	-5.74486365109642	230.0	36	1.05	0.95				
	315	2	129.06643465649123	26.057576712982456	0.0	0.0	3	1.0245050328751486	-2.773623784481161	230.0	36	1.05	0.95				
	316	2	40.714963614035085	8.14299272280702	0.0	0.0	3	1.0214950904837612	-2.5536564337277836	230.0	36	1.05	0.95				
	317	1	0.0	0.0	0.0	0.0	3	1.0266919722250505	-1.392156154929207	230.0	37	1.05	0.95				
	318	2	135.58082883473685	27.68617525754386	0.0	0.0	3	1.025367709293571	-1.666186047835168	230.0	37	1.05	0.95				
	319	1	73.69408414140352	15.064536537192982	0.0	0.0	3	1.0181336865455684	-2.811108078083437	230.0	35	1.05	0.95				
	320	1	52.11515342596491	10.585890539649123	0.0	0.0	3	1.0178757364298054	-2.227038828416238	230.0	35	1.05	0.95				
	321	2	0.0	0.0	0.0	0.0	3	1.0271339237142394	-1.4956562314513768	230.0	37	1.05	0.95				
	322	2	0.0	0.0	0.0	0.0	3	1.0403212159135045	2.9327875814462296	230.0	37	1.05	0.95				
	323	2	0.0	0.0	0.0	0.0	3	1.0183580041222904	-1.5861668761849657	230.0	35	1.05	0.95				
	324	1	0.0	0.0	0.0	0.0	3	1.0266786586923626	-2.4354010354871605	230.0	36	1.05	0.95				
	325	1	0.0	0.0	0.0	0.0	3	1.017305927621775	-0.5362658811134465	230.0	35	1.05	0.95				
];
