%% MATPOWER Case Format : Version 2
function mpc = RTS_GMLC
mpc.version = '2';

%%-----  Power Flow Data  -----%%
%% system MVA base
mpc.baseMVA = 100.0;
%% bus data
%    bus_i    type    Pd    Qd    Gs    Bs    area    Vm    Va    baseKV    zone    Vmax    Vmin
mpc.bus = [
	101	2	42.991588307368424	8.757545766315788	0.0	0.0	1	1.0336548376368586	3.5058314562106117	138.0	11	1.05	0.95				
	102	2	38.612815424210524	7.961405242105263	0.0	0.0	1	1.0332694581887372	3.3672022392763608	138.0	12	1.05	0.95				
	103	1	71.65264717894738	14.728599697894737	0.0	0.0	1	1.0301943247925678	1.0447710557770085	138.0	11	1.05	0.95				
	104	1	29.457199395789473	5.971053931578947	0.0	0.0	1	1.0219349032249536	-0.16664109596425966	138.0	11	1.05	0.95				
	105	1	28.262988609473684	5.572983669473684	0.0	0.0	1	1.0360952849429041	0.10089697918478151	138.0	11	1.05	0.95				
	106	1	54.137555646315796	11.145967338947369	0.0	-100.0	1	1.0460515849352334	-2.22080421534461	138.0	12	1.05	0.95				
	107	2	49.758782763157896	9.95175655263158	0.0	0.0	1	1.0000409458418085	-8.570441336644395	138.0	12	1.05	0.95				
	108	1	68.07001482	13.932459173684208	0.0	0.0	1	1.004821179706509	-6.919721383953888	138.0	12	1.05	0.95				
	109	1	69.66229586842105	14.33052943578947	0.0	0.0	1	1.0250938523861732	-1.4465694339708728	138.0	13	1.05	0.95				
	110	1	77.62370111052631	15.922810484210526	0.0	0.0	1	1.05	-2.0976048271418364	138.0	13	1.05	0.95				
	111	1	0.0	0.0	0.0	0.0	1	1.0034885590210012	0.09882076675271721	230.0	13	1.05	0.95				
	112	1	0.0	0.0	0.0	0.0	1	1.009132410837795	0.4376073296000604	230.0	13	1.05	0.95				
	113	3	105.48861945789474	21.495794153684212	0.0	0.0	1	0.9951787719684586	-4.163218291786548e-29	230.0	14	1.05	0.95				
	114	2	77.22563084842105	15.524740222105263	0.0	0.0	1	0.9997761038009021	2.183197243458173	230.0	16	1.05	0.95				
	115	2	126.18827308736842	25.47649677473684	0.0	0.0	1	1.0395290470239293	7.555336805625684	230.0	16	1.05	0.95				
	116	2	39.80702621052632	7.961405242105263	0.0	0.0	1	1.035535869543616	7.371408983016889	230.0	16	1.05	0.95				
	117	1	0.0	0.0	0.0	0.0	1	1.0424935932533914	9.269112725127092	230.0	17	1.05	0.95				
	118	2	132.55739728105263	27.068777823157898	0.0	0.0	1	1.0460975404208863	8.85311134899907	230.0	17	1.05	0.95				
	119	1	72.05071744105263	14.728599697894737	0.0	0.0	1	1.02955554372914	6.382378437880507	230.0	15	1.05	0.95				
	120	1	50.95299354947368	10.349826814736842	0.0	0.0	1	1.026974490603822	6.290677915151385	230.0	15	1.05	0.95				
	121	2	0.0	0.0	0.0	0.0	1	1.05	9.384942270227622	230.0	17	1.05	0.95				
	122	2	0.0	0.0	0.0	0.0	1	1.05	20.08865218781801	230.0	17	1.05	0.95				
	123	2	0.0	0.0	0.0	0.0	1	1.025949405854193	6.548326627467676	230.0	15	1.05	0.95				
	124	1	0.0	0.0	0.0	0.0	1	1.0273057883194703	5.121087580946991	230.0	16	1.05	0.95				
	201	2	51.135526534736854	10.416496145964913	0.0	0.0	2	1.028943679198899	-9.238322819872588	138.0	21	1.05	0.95				
	202	2	45.92727846175439	9.469541950877195	0.0	0.0	2	1.029369119868269	-9.225610881591669	138.0	22	1.05	0.95				
	203	1	85.22587755789475	17.51865260912281	0.0	0.0	2	1.0185008684454835	-8.565662401600873	138.0	21	1.05	0.95				
	204	1	35.03730521824562	7.102156463157895	0.0	0.0	2	1.0180877015126242	-11.600161472139702	138.0	21	1.05	0.95				
	205	1	33.61687392561404	6.628679365614036	0.0	0.0	2	1.0333475475964395	-11.763415284157425	138.0	21	1.05	0.95				
	206	1	64.39288526596492	13.257358731228072	0.0	-100.0	2	1.043602118792863	-13.625145234607087	138.0	22	1.05	0.95				
	207	2	59.18463719298246	11.836927438596492	0.0	0.0	2	0.9871508206054139	-20.777010907836456	138.0	22	1.05	0.95				
	208	1	80.96458368	16.571698414035087	0.0	0.0	2	0.9935318339385487	-18.60804859717252	138.0	22	1.05	0.95				
	209	1	82.85849207017544	17.045175511578947	0.0	0.0	2	1.0228458051641285	-11.609389887643143	138.0	23	1.05	0.95				
	210	1	92.32803402105264	18.93908390175439	0.0	0.0	2	1.05	-12.814604765811398	138.0	23	1.05	0.95				
	211	1	0.0	0.0	0.0	0.0	2	1.0081565062537694	-8.887699880518774	230.0	23	1.05	0.95				
	212	1	0.0	0.0	0.0	0.0	2	1.012302453746574	-8.739102445442079	230.0	23	1.05	0.95				
	213	2	125.47143084912283	25.567763267368427	0.0	0.0	2	1.0027060837383825	-8.42982593656935	230.0	24	1.05	0.95				
	214	2	91.85455692350878	18.46560680421053	0.0	0.0	2	1.012168971708285	-5.886456631108746	230.0	26	1.05	0.95				
	215	2	150.09223992140352	30.30253424280702	0.0	0.0	2	1.0314871142328026	1.668540960875024	230.0	26	1.05	0.95				
	216	2	47.34770975438597	9.469541950877195	0.0	0.0	2	1.034550014775569	1.1777676187323132	230.0	26	1.05	0.95				
	217	1	0.0	0.0	0.0	0.0	2	1.0381872622554225	4.554500709498737	230.0	27	1.05	0.95				
	218	2	157.66787348210528	32.19644263298246	0.0	0.0	2	1.0403009592883643	5.127942252189536	230.0	27	1.05	0.95				
	219	1	85.69935465543861	17.51865260912281	0.0	0.0	2	1.0343067020371257	-0.6618734746445026	230.0	25	1.05	0.95				
	220	1	60.60506848561404	12.310404536140354	0.0	0.0	2	1.038022573954728	-1.3481061289138851	230.0	25	1.05	0.95				
	221	2	0.0	0.0	0.0	0.0	2	1.0397737379135323	4.728503796595135	230.0	27	1.05	0.95				
	222	2	0.0	0.0	0.0	0.0	2	1.05	11.162058881154303	230.0	27	1.05	0.95				
	223	2	0.0	0.0	0.0	0.0	2	1.0407412310801787	-1.370166507929411	230.0	25	1.05	0.95				
	224	1	0.0	0.0	0.0	0.0	2	1.0139632726001013	-2.15474433965693	230.0	26	1.05	0.95				
	301	2	60.83328061894737	12.391964570526316	0.0	0.0	3	1.0082235977991465	-38.2083774965394	138.0	31	1.05	0.95				
	302	2	54.637298333684214	11.265422336842107	0.0	0.0	3	1.007665807082146	-38.352564387279976	138.0	32	1.05	0.95				
	303	1	101.38880103157895	20.841031323157896	0.0	0.0	3	1.0212630020290672	-30.944861877347137	138.0	31	1.05	0.95				
	304	1	41.68206264631579	8.449066752631579	0.0	0.0	3	1.007462356096742	-36.41708903867901	138.0	31	1.05	0.95				
	305	1	39.99224929578947	7.885795635789475	0.0	0.0	3	1.0213853410655216	-37.349017684432624	138.0	31	1.05	0.95				
	306	1	76.60487189052633	15.77159127157895	0.0	-100.0	3	1.0363165502714597	-37.501318249571575	138.0	32	1.05	0.95				
	307	2	70.40888960526316	14.081777921052632	0.0	0.0	3	0.9927836763991054	-44.01149487291202	138.0	32	1.05	0.95				
	308	1	96.31936098	19.714489089473684	0.0	0.0	3	0.9935578788840764	-41.33948043556684	138.0	32	1.05	0.95				
	309	1	98.57244544736842	20.27776020631579	0.0	0.0	3	1.0267584485821823	-32.5372323088517	138.0	33	1.05	0.95				
	310	1	109.83786778421052	22.530844673684214	0.0	0.0	3	1.05	-34.681635341483464	138.0	33	1.05	0.95				
	311	1	0.0	0.0	0.0	0.0	3	1.018620847210636	-27.25059538499836	230.0	33	1.05	0.95				
	312	1	0.0	0.0	0.0	0.0	3	1.0169875669405082	-26.487856273511756	230.0	33	1.05	0.95				
	313	2	149.2668459631579	30.416640309473685	0.0	0.0	3	1.0274660996650877	-23.304451025847573	230.0	34	1.05	0.95				
	314	2	109.27459666736843	21.967573556842108	0.0	0.0	3	1.030787952509844	-24.42572545515605	230.0	36	1.05	0.95				
	315	2	178.55694403894736	36.04935147789474	0.0	0.0	3	1.0485788929856066	-17.577841324095942	230.0	36	1.05	0.95				
	316	2	56.32711168421053	11.265422336842107	0.0	0.0	3	1.0486663185250462	-17.05816418515753	230.0	36	1.05	0.95				
	317	1	0.0	0.0	0.0	0.0	3	1.0498107335560527	-14.430807142823173	230.0	37	1.05	0.95				
	318	2	187.56928190842106	38.30243594526316	0.0	0.0	3	1.049198936765331	-13.902343090509799	230.0	37	1.05	0.95				
	319	1	101.95207214842105	20.841031323157896	0.0	0.0	3	1.0458525589560725	-17.82031559338953	230.0	35	1.05	0.95				
	320	1	72.09870295578948	14.645049037894738	0.0	0.0	3	1.0477512573488632	-17.42955959153976	230.0	35	1.05	0.95				
	321	2	0.0	0.0	0.0	0.0	3	1.05	-13.647687790900147	230.0	37	1.05	0.95				
	322	2	0.0	0.0	0.0	0.0	3	1.05	-9.608174718122912	230.0	37	1.05	0.95				
	323	2	0.0	0.0	0.0	0.0	3	1.05	-16.803163060310517	230.0	35	1.05	0.95				
	324	1	0.0	0.0	0.0	0.0	3	1.0213180508953015	-22.512027707869432	230.0	36	1.05	0.95				
	325	1	0.0	0.0	0.0	0.0	3	1.0381254476853639	-14.713920060939104	230.0	35	1.05	0.95				
];
