%% MATPOWER Case Format : Version 2
function mpc = RTS_GMLC
mpc.version = '2';

%%-----  Power Flow Data  -----%%
%% system MVA base
mpc.baseMVA = 100.0;
%% bus data
%    bus_i    type    Pd    Qd    Gs    Bs    area    Vm    Va    baseKV    zone    Vmax    Vmin
mpc.bus = [
	101	2	49.083621953684215	9.998515583157895	0.0	0.0	1	1.0385247942631441	2.5849255337402326	138.0	11	1.05	0.95				
	102	2	44.08436416210527	9.089559621052633	0.0	0.0	1	1.0374269521436792	2.2808704369557034	138.0	12	1.05	0.95				
	103	1	81.80603658947369	16.81568529894737	0.0	0.0	1	1.0304691545458697	0.520047807715609	138.0	11	1.05	0.95				
	104	1	33.63137059789474	6.817169715789475	0.0	0.0	1	1.0239331347352685	-0.851655357187938	138.0	11	1.05	0.95				
	105	1	32.26793665473684	6.362691734736843	0.0	0.0	1	1.0378922616502346	-0.7916081034571054	138.0	11	1.05	0.95				
	106	1	61.809005423157906	12.725383469473686	0.0	-100.0	1	1.045598321408461	-3.1874607553387992	138.0	12	1.05	0.95				
	107	2	56.80974763157896	11.36194952631579	0.0	0.0	1	0.9984391263303755	-7.726940982045506	138.0	12	1.05	0.95				
	108	1	77.71573476	15.906729336842105	0.0	0.0	1	1.0028804408055774	-6.890694671126477	138.0	12	1.05	0.95				
	109	1	79.53364668421052	16.36120731789474	0.0	0.0	1	1.025082693129746	-1.9701706226504812	138.0	13	1.05	0.95				
	110	1	88.62320630526315	18.179119242105266	0.0	0.0	1	1.05	-2.803222444056157	138.0	13	1.05	0.95				
	111	1	0.0	0.0	0.0	0.0	1	1.0049281906228205	-0.28255064653083667	230.0	13	1.05	0.95				
	112	1	0.0	0.0	0.0	0.0	1	1.0090672708315729	0.07522449231593219	230.0	13	1.05	0.95				
	113	3	120.43666497894736	24.541810976842108	0.0	0.0	1	0.9966012102269417	1.0804335588265108e-27	230.0	14	1.05	0.95				
	114	2	88.16872832421053	17.724641261052632	0.0	0.0	1	1.0032030046804694	1.692935772175037	230.0	16	1.05	0.95				
	115	2	144.0695199936842	29.086590787368422	0.0	0.0	1	1.0402319702660106	7.4586988813753585	230.0	16	1.05	0.95				
	116	2	45.44779810526316	9.089559621052633	0.0	0.0	1	1.0361919317687618	7.117928076099161	230.0	16	1.05	0.95				
	117	1	0.0	0.0	0.0	0.0	1	1.0421938794914303	9.559943245606368	230.0	17	1.05	0.95				
	118	2	151.34116769052633	30.904502711578953	0.0	0.0	1	1.0465469249791133	9.172061486628852	230.0	17	1.05	0.95				
	119	1	82.26051457052633	16.81568529894737	0.0	0.0	1	1.0286201004900069	5.997210724559887	230.0	15	1.05	0.95				
	120	1	58.173181574736844	11.816427507368422	0.0	0.0	1	1.0251847032034378	5.814962460888537	230.0	15	1.05	0.95				
	121	2	0.0	0.0	0.0	0.0	1	1.05	9.828931103510957	230.0	17	1.05	0.95				
	122	2	0.0	0.0	0.0	0.0	1	1.05	22.3899659258024	230.0	17	1.05	0.95				
	123	2	0.0	0.0	0.0	0.0	1	1.0239494524195378	6.066002766747297	230.0	15	1.05	0.95				
	124	1	0.0	0.0	0.0	0.0	1	1.0274295384019005	4.864221210353843	230.0	16	1.05	0.95				
	201	2	45.61057769684211	9.29104360491228	0.0	0.0	2	1.0204581419016214	-3.977641204800977	138.0	21	1.05	0.95				
	202	2	40.96505589438596	8.446403277192982	0.0	0.0	2	1.0210954165548132	-3.7296744872431384	138.0	22	1.05	0.95				
	203	1	76.01762949473684	15.625846062807017	0.0	0.0	2	1.0162110551014043	-4.796738894161448	138.0	21	1.05	0.95				
	204	1	31.251692125614035	6.334802457894736	0.0	0.0	2	1.0161676837975038	-5.41393498232078	138.0	21	1.05	0.95				
	205	1	29.984731634035082	5.9124822940350885	0.0	0.0	2	1.0300806354091199	-5.54597116449336	138.0	21	1.05	0.95				
	206	1	57.43554228491228	11.824964588070177	0.0	-100.0	2	1.043462543156634	-6.792511840161019	138.0	22	1.05	0.95				
	207	2	52.790020482456136	10.558004096491228	0.0	0.0	2	0.9869100078144935	-12.913784555909109	138.0	22	1.05	0.95				
	208	1	72.21674802	14.781205735087719	0.0	0.0	2	0.9958422613519825	-11.033687423721897	138.0	22	1.05	0.95				
	209	1	73.90602867543859	15.203525898947367	0.0	0.0	2	1.0240311265463231	-5.045993467353654	138.0	23	1.05	0.95				
	210	1	82.35243195263158	16.892806554385963	0.0	0.0	2	1.05	-5.769949807758183	138.0	23	1.05	0.95				
	211	1	0.0	0.0	0.0	0.0	2	1.003330837311001	-2.970973629834447	230.0	23	1.05	0.95				
	212	1	0.0	0.0	0.0	0.0	2	1.0146578111013451	-0.18663140413865184	230.0	23	1.05	0.95				
	213	2	111.914843422807	22.805288848421053	0.0	0.0	2	1.0002967134502554	-1.696022599855309	230.0	24	1.05	0.95				
	214	2	81.93011178877192	16.470486390526315	0.0	0.0	2	0.9967000226174905	-1.5140522109756591	230.0	26	1.05	0.95				
	215	2	133.87549194350876	27.028490487017542	0.0	0.0	2	1.0239721841388898	3.1158365645567963	230.0	26	1.05	0.95				
	216	2	42.23201638596491	8.446403277192982	0.0	0.0	2	1.0252106522558826	3.0312584086773726	230.0	26	1.05	0.95				
	217	1	0.0	0.0	0.0	0.0	2	1.0308457448724464	5.011929333843067	230.0	27	1.05	0.95				
	218	2	140.63261456526314	28.71777114245614	0.0	0.0	2	1.0309397186586287	5.005960142068351	230.0	27	1.05	0.95				
	219	1	76.43994965859649	15.625846062807017	0.0	0.0	2	1.027819119134111	2.2639394821483747	230.0	25	1.05	0.95				
	220	1	54.056980974035085	10.980324260350876	0.0	0.0	2	1.032923442964979	2.422170218695517	230.0	25	1.05	0.95				
	221	2	0.0	0.0	0.0	0.0	2	1.0317855658189419	5.157653842292772	230.0	27	1.05	0.95				
	222	2	0.0	0.0	0.0	0.0	2	1.05	11.594356477222206	230.0	27	1.05	0.95				
	223	2	0.0	0.0	0.0	0.0	2	1.036268919759235	2.8274005849729233	230.0	25	1.05	0.95				
	224	1	0.0	0.0	0.0	0.0	2	1.011091530129425	0.1480547933399899	230.0	26	1.05	0.95				
	301	2	62.88326480842106	12.809553942456139	0.0	0.0	3	1.0086759729153227	-36.97447004539726	138.0	31	1.05	0.95				
	302	2	56.47848783719298	11.645049038596492	0.0	0.0	3	1.0081333047412675	-37.117033822268446	138.0	32	1.05	0.95				
	303	1	104.80544134736843	21.54334072140351	0.0	0.0	3	1.02322536567729	-29.46708036253616	138.0	31	1.05	0.95				
	304	1	43.08668144280702	8.733786778947367	0.0	0.0	3	1.0078320744173284	-34.993727761761974	138.0	31	1.05	0.95				
	305	1	41.33992408701754	8.151534327017544	0.0	0.0	3	1.0213335536018016	-36.12502770482059	138.0	31	1.05	0.95				
	306	1	79.18633346245615	16.303068654035087	0.0	-100.0	3	1.0358628373404024	-36.29682008761257	138.0	32	1.05	0.95				
	307	2	72.78155649122807	14.556311298245614	0.0	0.0	3	0.9933398084790398	-42.93181304456314	138.0	32	1.05	0.95				
	308	1	99.56516927999999	20.37883581754386	0.0	0.0	3	0.9932511615118002	-40.15617653777397	138.0	32	1.05	0.95				
	309	1	101.8941790877193	20.96108826947368	0.0	0.0	3	1.0280863599754644	-30.89118013811349	138.0	33	1.05	0.95				
	310	1	113.53922812631578	23.290098077192983	0.0	0.0	3	1.05	-33.406819869043694	138.0	33	1.05	0.95				
	311	1	0.0	0.0	0.0	0.0	3	1.019352028905562	-25.842707522366315	230.0	33	1.05	0.95				
	312	1	0.0	0.0	0.0	0.0	3	1.0181343495943938	-24.99455327395466	230.0	33	1.05	0.95				
	313	2	154.2968997614035	31.44163240421053	0.0	0.0	3	1.0295928719922236	-21.546097790276853	230.0	34	1.05	0.95				
	314	2	112.95697567438596	22.70784562526316	0.0	0.0	3	1.0304132572390212	-23.375722914766307	230.0	36	1.05	0.95				
	315	2	184.5740272617544	37.26415692350877	0.0	0.0	3	1.0477627118079946	-17.174725186260776	230.0	36	1.05	0.95				
	316	2	58.225245192982456	11.645049038596492	0.0	0.0	3	1.0475925917532383	-16.382186358136362	230.0	36	1.05	0.95				
	317	1	0.0	0.0	0.0	0.0	3	1.05	-13.633606611226176	230.0	37	1.05	0.95				
	318	2	193.89006649263158	39.593166731228074	0.0	0.0	3	1.0489863454964101	-13.378072204465894	230.0	37	1.05	0.95				
	319	1	105.38769379929825	21.54334072140351	0.0	0.0	3	1.0450497463269015	-17.01979817480771	230.0	35	1.05	0.95				
	320	1	74.52831384701754	15.138563750175438	0.0	0.0	3	1.0473833462900626	-16.48827852773714	230.0	35	1.05	0.95				
	321	2	0.0	0.0	0.0	0.0	3	1.049999998775308	-13.749572599188765	230.0	37	1.05	0.95				
	322	2	0.0	0.0	0.0	0.0	3	1.05	-9.35643529328303	230.0	37	1.05	0.95				
	323	2	0.0	0.0	0.0	0.0	3	1.05	-15.773650274742284	230.0	35	1.05	0.95				
	324	1	0.0	0.0	0.0	0.0	3	1.0230650201358797	-21.718139680143658	230.0	36	1.05	0.95				
	325	1	0.0	0.0	0.0	0.0	3	1.0385823755936017	-13.72757840949932	230.0	35	1.05	0.95				
];
