%% MATPOWER Case Format : Version 2
function mpc = RTS_GMLC
mpc.version = '2';

%%-----  Power Flow Data  -----%%
%% system MVA base
mpc.baseMVA = 100.0;
%% bus data
%    bus_i    type    Pd    Qd    Gs    Bs    area    Vm    Va    baseKV    zone    Vmax    Vmin
mpc.bus = [
	101	2	34.45472538189474	7.018555170385965	0.0	0.0	1	0.9902981723086538	-4.68490326792508	138.0	11	1.05	0.95				
	102	2	30.945447796701753	6.380504700350878	0.0	0.0	1	0.9902128650345215	-4.864992837694718	138.0	12	1.05	0.95				
	103	1	57.4245423031579	11.803933695649123	0.0	0.0	1	1.0206450063965051	2.0458137190639185	138.0	11	1.05	0.95				
	104	1	23.607867391298246	4.785378525263158	0.0	0.0	1	1.004184338210939	-4.241116915447586	138.0	11	1.05	0.95				
	105	1	22.650791686245615	4.466353290245614	0.0	0.0	1	1.0161966356410976	-5.042278153065687	138.0	11	1.05	0.95				
	106	1	43.38743196238597	8.932706580491228	0.0	-100.0	1	1.039221859640293	-5.663849081273746	138.0	12	1.05	0.95				
	107	2	39.878154377192985	7.975630875438597	0.0	0.0	1	0.9861132796385567	-10.799576781728206	138.0	12	1.05	0.95				
	108	1	54.553315188000006	11.165883225614035	0.0	0.0	1	0.9984864160839207	-8.62010609038231	138.0	12	1.05	0.95				
	109	1	55.82941612807018	11.48490846063158	0.0	0.0	1	1.0242636624495063	-2.404064455165052	138.0	13	1.05	0.95				
	110	1	62.20992082842105	12.761009400701756	0.0	0.0	1	1.05	-4.349761175778927	138.0	13	1.05	0.95				
	111	1	0.0	0.0	0.0	0.0	1	1.0153705392964747	0.6045537789629699	230.0	13	1.05	0.95				
	112	1	0.0	0.0	0.0	0.0	1	1.0120631325502363	-0.8923641783229153	230.0	13	1.05	0.95				
	113	3	84.54168727964912	17.22736269094737	0.0	0.0	1	0.995862162152815	-2.7923938106284987e-26	230.0	14	1.05	0.95				
	114	2	61.890895593403506	12.441984165684211	0.0	0.0	1	1.0417928630073778	5.028298821518624	230.0	16	1.05	0.95				
	115	2	101.13099950056142	20.417615041122808	0.0	0.0	1	1.0379415454116139	15.497062129508537	230.0	16	1.05	0.95				
	116	2	31.902523501754388	6.380504700350878	0.0	0.0	1	1.037703627425043	13.380356918107156	230.0	16	1.05	0.95				
	117	1	0.0	0.0	0.0	0.0	1	1.0373970658298914	19.898552342362063	230.0	17	1.05	0.95				
	118	2	106.2354032608421	21.693715981192984	0.0	0.0	1	1.0471093857974925	20.715509932224073	230.0	17	1.05	0.95				
	119	1	57.74356753817544	11.803933695649123	0.0	0.0	1	1.0334416395334065	8.509010849959832	230.0	15	1.05	0.95				
	120	1	40.835230082245616	8.29465611045614	0.0	0.0	1	1.0369291064149249	4.892463300292263	230.0	15	1.05	0.95				
	121	2	0.0	0.0	0.0	0.0	1	1.0408664912548302	22.315616914179742	230.0	17	1.05	0.95				
	122	2	0.0	0.0	0.0	0.0	1	1.05	40.29652083780432	230.0	17	1.05	0.95				
	123	2	0.0	0.0	0.0	0.0	1	1.0400593648285563	3.1555054446748074	230.0	15	1.05	0.95				
	124	1	0.0	0.0	0.0	0.0	1	1.0144522425544689	10.486809439101437	230.0	16	1.05	0.95				
	201	2	41.05461986526316	8.362978120701756	0.0	0.0	2	1.0066447729604295	-17.985817375301874	138.0	21	1.05	0.95				
	202	2	36.87313080491228	7.602707382456142	0.0	0.0	2	1.0058649098710402	-18.29783663448329	138.0	22	1.05	0.95				
	203	1	68.42436644210527	14.06500865754386	0.0	0.0	2	1.0113014692957694	-13.348943584418874	138.0	21	1.05	0.95				
	204	1	28.13001731508772	5.702030536842105	0.0	0.0	2	1.0090107176359648	-18.085845710101097	138.0	21	1.05	0.95				
	205	1	26.9896112077193	5.321895167719299	0.0	0.0	2	1.0237071011740615	-18.574913461294926	138.0	21	1.05	0.95				
	206	1	51.69841020070176	10.643790335438599	0.0	-100.0	2	1.0412936657226752	-19.39553719242009	138.0	22	1.05	0.95				
	207	2	47.51692114035088	9.503384228070177	0.0	0.0	2	0.9899520170576699	-23.843247779720738	138.0	22	1.05	0.95				
	208	1	65.00314811999999	13.304737919298246	0.0	0.0	2	0.998873987731844	-22.17585264203867	138.0	22	1.05	0.95				
	209	1	66.52368959649124	13.684873288421054	0.0	0.0	2	1.0222242108770028	-16.327798080550593	138.0	23	1.05	0.95				
	210	1	74.12639697894737	15.205414764912284	0.0	0.0	2	1.05	-17.931300208634795	138.0	23	1.05	0.95				
	211	1	0.0	0.0	0.0	0.0	2	1.0064120160660417	-13.63723950294146	230.0	23	1.05	0.95				
	212	1	0.0	0.0	0.0	0.0	2	1.0135920666370608	-13.202109703177657	230.0	23	1.05	0.95				
	213	2	100.73587281754386	20.52730993263158	0.0	0.0	2	1.004994343679643	-12.633776073290331	230.0	24	1.05	0.95				
	214	2	73.74626160982456	14.825279395789476	0.0	0.0	2	1.005872986966971	-10.917102023828674	230.0	26	1.05	0.95				
	215	2	120.50291201192982	24.32866362385965	0.0	0.0	2	1.0253901771433453	-3.8373651595989866	230.0	26	1.05	0.95				
	216	2	38.013536912280706	7.602707382456142	0.0	0.0	2	1.0287862242614791	-4.843887809813966	230.0	26	1.05	0.95				
	217	1	0.0	0.0	0.0	0.0	2	1.0337569454612943	-2.249968023267429	230.0	27	1.05	0.95				
	218	2	126.58507791789475	25.84920510035088	0.0	0.0	2	1.0325092629229875	-2.7373631079766616	230.0	27	1.05	0.95				
	219	1	68.80450181122808	14.06500865754386	0.0	0.0	2	1.0353530856954325	-5.683521382902932	230.0	25	1.05	0.95				
	220	1	48.6573272477193	9.883519597192983	0.0	0.0	2	1.0433777930306871	-5.674705651126456	230.0	25	1.05	0.95				
	221	2	0.0	0.0	0.0	0.0	2	1.032995606072414	-2.303107802639812	230.0	27	1.05	0.95				
	222	2	0.0	0.0	0.0	0.0	2	1.05	4.21369477888503	230.0	27	1.05	0.95				
	223	2	0.0	0.0	0.0	0.0	2	1.0480725323374234	-5.388904259199871	230.0	25	1.05	0.95				
	224	1	0.0	0.0	0.0	0.0	2	1.0083772435232592	-7.384883314609113	230.0	26	1.05	0.95				
	301	2	44.43340714105264	9.051249602807019	0.0	0.0	3	1.0203532967036708	9.850490654735882	138.0	31	1.05	0.95				
	302	2	39.90778233964913	8.228408729824563	0.0	0.0	3	1.0182527587371588	9.495515297761836	138.0	32	1.05	0.95				
	303	1	74.05567856842106	15.22255615017544	0.0	0.0	3	1.05	24.26064154240507	138.0	31	1.05	0.95				
	304	1	30.44511230035088	6.171306547368421	0.0	0.0	3	1.0095989802009115	10.49077688556126	138.0	31	1.05	0.95				
	305	1	29.210850990877198	5.759886110877194	0.0	0.0	3	1.0268766133129617	8.45306498780521	138.0	31	1.05	0.95				
	306	1	55.95317936280703	11.519772221754389	0.0	-100.0	3	1.037995090791422	7.155754645578825	138.0	32	1.05	0.95				
	307	2	51.42755456140351	10.285510912280703	0.0	0.0	3	0.95	3.4775782032475933	138.0	32	1.05	0.95				
	308	1	70.35289464	14.399715277192984	0.0	0.0	3	0.9710582827235082	5.241527537182928	138.0	32	1.05	0.95				
	309	1	71.99857638596492	14.811135713684212	0.0	0.0	3	1.014879564842841	13.034258339567199	138.0	33	1.05	0.95				
	310	1	80.22698511578949	16.456817459649127	0.0	0.0	3	1.043243547777776	8.370854716076007	138.0	33	1.05	0.95				
	311	1	0.0	0.0	0.0	0.0	3	1.0021346057981453	12.035719250760488	230.0	33	1.05	0.95				
	312	1	0.0	0.0	0.0	0.0	3	1.007003919694876	12.423990263511508	230.0	33	1.05	0.95				
	313	2	109.02641567017544	22.21670357052632	0.0	0.0	3	1.0022235467082914	13.308953047337296	230.0	34	1.05	0.95				
	314	2	79.81556467929826	16.045397023157896	0.0	0.0	3	0.9974362372622753	12.359376173878697	230.0	36	1.05	0.95				
	315	2	130.4202783677193	26.330907935438603	0.0	0.0	3	1.0473524410767003	15.546162998416134	230.0	36	1.05	0.95				
	316	2	41.14204364912281	8.228408729824563	0.0	0.0	3	1.0299965964042723	15.254505663662604	230.0	36	1.05	0.95				
	317	1	0.0	0.0	0.0	0.0	3	1.05	18.802725355110496	230.0	37	1.05	0.95				
	318	2	137.00300535157896	27.976589681403514	0.0	0.0	3	1.0499990875105163	15.616207239078253	230.0	37	1.05	0.95				
	319	1	74.4670990049123	15.22255615017544	0.0	0.0	3	1.021218832966435	14.392160126063555	230.0	35	1.05	0.95				
	320	1	52.661815870877206	10.696931348771932	0.0	0.0	3	1.0163738158627975	14.447135373034364	230.0	35	1.05	0.95				
	321	2	0.0	0.0	0.0	0.0	3	1.05	16.246924500818906	230.0	37	1.05	0.95				
	322	2	0.0	0.0	0.0	0.0	3	1.05	21.598157920861254	230.0	37	1.05	0.95				
	323	2	0.0	0.0	0.0	0.0	3	1.0142239068829237	14.803477454353324	230.0	35	1.05	0.95				
	324	1	0.0	0.0	0.0	0.0	3	1.045516643967966	18.879053965508774	230.0	36	1.05	0.95				
	325	1	0.0	0.0	0.0	0.0	3	1.0153328386542646	15.456766917852883	230.0	35	1.05	0.95				
];
