%% MATPOWER Case Format : Version 2
function mpc = RTS_GMLC
mpc.version = '2';

%%-----  Power Flow Data  -----%%
%% system MVA base
mpc.baseMVA = 100.0;
%% bus data
%    bus_i    type    Pd    Qd    Gs    Bs    area    Vm    Va    baseKV    zone    Vmax    Vmin
mpc.bus = [
	101	2	39.71845621894737	8.090796637192982	0.0	0.0	1	1.0340829304273857	3.0848966498180355	138.0	11	1.05	0.95				
	102	2	35.67305790035088	7.355269670175439	0.0	0.0	1	1.0331907280184793	2.8362031342249803	138.0	12	1.05	0.95				
	103	1	66.19742703157895	13.607248889824561	0.0	0.0	1	1.0292896141048555	1.1193130618001814	138.0	11	1.05	0.95				
	104	1	27.214497779649122	5.516452252631578	0.0	0.0	1	1.0223619992045307	-0.22174501369874042	138.0	11	1.05	0.95				
	105	1	26.111207329122806	5.148688769122807	0.0	0.0	1	1.0369944681510825	0.03898840023796676	138.0	11	1.05	0.95				
	106	1	50.015833757192986	10.297377538245614	0.0	-100.0	1	1.0471938860553833	-2.091616234852721	138.0	12	1.05	0.95				
	107	2	45.97043543859649	9.194087087719298	0.0	0.0	1	1.001046054475485	-6.89021210290463	138.0	12	1.05	0.95				
	108	1	62.88755568	12.871721922807017	0.0	0.0	1	1.006817151907252	-5.77868678675666	138.0	12	1.05	0.95				
	109	1	64.35860961403509	13.239485406315787	0.0	0.0	1	1.0243709212270682	-1.2314409638569543	138.0	13	1.05	0.95				
	110	1	71.71387928421052	14.710539340350879	0.0	0.0	1	1.05	-1.890639062375203	138.0	13	1.05	0.95				
	111	1	0.0	0.0	0.0	0.0	1	1.001225942700482	0.15492022343318046	230.0	13	1.05	0.95				
	112	1	0.0	0.0	0.0	0.0	1	1.0063604233228232	0.39251349232721616	230.0	13	1.05	0.95				
	113	3	97.45732312982456	19.859228109473683	0.0	0.0	1	0.9908257086071743	1.0037070233439786e-29	230.0	14	1.05	0.95				
	114	2	71.34611580070175	14.342775856842104	0.0	0.0	1	0.9970240462020454	2.1464350979000693	230.0	16	1.05	0.95				
	115	2	116.5810242722807	23.536862944561403	0.0	0.0	1	1.0343104695276881	7.404215268588372	230.0	16	1.05	0.95				
	116	2	36.77634835087719	7.355269670175439	0.0	0.0	1	1.0299731082863492	7.047320807083571	230.0	16	1.05	0.95				
	117	1	0.0	0.0	0.0	0.0	1	1.0384823379940271	9.039470598024286	230.0	17	1.05	0.95				
	118	2	122.46524000842105	25.007916878596493	0.0	0.0	1	1.0412492385335266	9.087062944920076	230.0	17	1.05	0.95				
	119	1	66.5651905150877	13.607248889824561	0.0	0.0	1	1.0233117647747438	5.960031649754544	230.0	15	1.05	0.95				
	120	1	47.073725889122805	9.56185057122807	0.0	0.0	1	1.0198689361530966	5.731884095450541	230.0	15	1.05	0.95				
	121	2	0.0	0.0	0.0	0.0	1	1.0451159978052609	9.976409788425476	230.0	17	1.05	0.95				
	122	2	0.0	0.0	0.0	0.0	1	1.05	16.690167358885144	230.0	17	1.05	0.95				
	123	2	0.0	0.0	0.0	0.0	1	1.0182327536928821	5.895676584561776	230.0	15	1.05	0.95				
	124	1	0.0	0.0	0.0	0.0	1	1.0239654084144287	5.042769555211685	230.0	16	1.05	0.95				
	201	2	40.170628042105264	8.182905712280702	0.0	0.0	2	1.024579236130257	-6.1535105986751155	138.0	21	1.05	0.95				
	202	2	36.079175185964914	7.4390051929824565	0.0	0.0	2	1.0252443244278893	-6.0211583681603695	138.0	22	1.05	0.95				
	203	1	66.95104673684212	13.762159607017544	0.0	0.0	2	1.0170312081679085	-5.793209580465256	138.0	21	1.05	0.95				
	204	1	27.52431921403509	5.579253894736842	0.0	0.0	2	1.0182655842033566	-7.51271334525703	138.0	21	1.05	0.95				
	205	1	26.408468435087716	5.20730363508772	0.0	0.0	2	1.0328765780861913	-7.711210426393387	138.0	21	1.05	0.95				
	206	1	50.58523531228071	10.41460727017544	0.0	-100.0	2	1.0459206953297064	-8.9419910911588	138.0	22	1.05	0.95				
	207	2	46.49378245614035	9.29875649122807	0.0	0.0	2	0.9942054849865082	-14.2225273260548	138.0	22	1.05	0.95				
	208	1	63.6034944	13.018259087719297	0.0	0.0	2	1.0017600794709496	-12.585679313588814	138.0	22	1.05	0.95				
	209	1	65.0912954385965	13.39020934736842	0.0	0.0	2	1.0225693461823269	-7.197194620769026	138.0	23	1.05	0.95				
	210	1	72.53030063157895	14.878010385964913	0.0	0.0	2	1.05	-8.091848158399522	138.0	23	1.05	0.95				
	211	1	0.0	0.0	0.0	0.0	2	1.001594058891624	-4.892324911951132	230.0	23	1.05	0.95				
	212	1	0.0	0.0	0.0	0.0	2	1.0060923251376135	-4.171355219343864	230.0	23	1.05	0.95				
	213	2	98.56681880701754	20.085314021052632	0.0	0.0	2	0.994471873409406	-3.8081347107090533	230.0	24	1.05	0.95				
	214	2	72.15835037192983	14.50606012631579	0.0	0.0	2	0.9984904622256019	-2.9392618742348477	230.0	26	1.05	0.95				
	215	2	117.90823230877191	23.80481661754386	0.0	0.0	2	1.017598317667088	2.0163255707774868	230.0	26	1.05	0.95				
	216	2	37.19502596491228	7.4390051929824565	0.0	0.0	2	1.0187204517943889	2.0592106538393615	230.0	26	1.05	0.95				
	217	1	0.0	0.0	0.0	0.0	2	1.024257211733913	3.594050663955894	230.0	27	1.05	0.95				
	218	2	123.85943646315789	25.292617656140354	0.0	0.0	2	1.023493157167115	3.1211931692848975	230.0	27	1.05	0.95				
	219	1	67.32299699649124	13.762159607017544	0.0	0.0	2	1.0195713140818075	1.9720052384379425	230.0	25	1.05	0.95				
	220	1	47.60963323508772	9.670706750877194	0.0	0.0	2	1.022545274584997	2.633165673009311	230.0	25	1.05	0.95				
	221	2	0.0	0.0	0.0	0.0	2	1.0251614757083176	3.560592423591096	230.0	27	1.05	0.95				
	222	2	0.0	0.0	0.0	0.0	2	1.0472519719655105	10.098471452416398	230.0	27	1.05	0.95				
	223	2	0.0	0.0	0.0	0.0	2	1.0246468604889882	3.2839864012067217	230.0	25	1.05	0.95				
	224	1	0.0	0.0	0.0	0.0	2	1.0075867007234636	-0.9361145630275329	230.0	26	1.05	0.95				
	301	2	40.79468523789473	8.310028474385964	0.0	0.0	3	1.0093674690509291	-18.134340312402532	138.0	31	1.05	0.95				
	302	2	36.63967100070175	7.5545713403508765	0.0	0.0	3	1.0093757061727557	-18.21780477653845	138.0	32	1.05	0.95				
	303	1	67.99114206315788	13.975956979649121	0.0	0.0	3	1.0192866940944454	-13.910922544690687	138.0	31	1.05	0.95				
	304	1	27.951913959298242	5.665928505263157	0.0	0.0	3	1.0115983184232722	-16.928118959183493	138.0	31	1.05	0.95				
	305	1	26.81872825824561	5.288199938245614	0.0	0.0	3	1.0248779998307413	-17.531126432504077	138.0	31	1.05	0.95				
	306	1	51.37108511438596	10.576399876491228	0.0	-100.0	3	1.0422528281357122	-17.66207457327774	138.0	32	1.05	0.95				
	307	2	47.216070877192976	9.443214175438595	0.0	0.0	3	0.9941059119836853	-21.684872247789226	138.0	32	1.05	0.95				
	308	1	64.59158495999999	13.220499845614034	0.0	0.0	3	1.0019274132336542	-20.024852123446244	138.0	32	1.05	0.95				
	309	1	66.10249922807017	13.598228412631578	0.0	0.0	3	1.0247113721855141	-14.317450393920398	138.0	33	1.05	0.95				
	310	1	73.65707056842105	15.109142680701753	0.0	0.0	3	1.05	-15.710192295711275	138.0	33	1.05	0.95				
	311	1	0.0	0.0	0.0	0.0	3	1.0038353131055682	-10.581532400993208	230.0	33	1.05	0.95				
	312	1	0.0	0.0	0.0	0.0	3	1.0086332188274278	-10.024580792827624	230.0	33	1.05	0.95				
	313	2	100.09807025964909	20.397342618947366	0.0	0.0	3	1.0071135311992414	-7.037511253841699	230.0	34	1.05	0.95				
	314	2	73.2793420014035	14.73141411368421	0.0	0.0	3	0.9990947083020852	-9.113677733011377	230.0	36	1.05	0.95				
	315	2	119.73995574456137	24.174628289122804	0.0	0.0	3	1.022122465190573	-5.6933075342614705	230.0	36	1.05	0.95				
	316	2	37.77285670175438	7.5545713403508765	0.0	0.0	3	1.0218589534186249	-4.789762159499403	230.0	36	1.05	0.95				
	317	1	0.0	0.0	0.0	0.0	3	1.026691337230704	-3.710454746284878	230.0	37	1.05	0.95				
	318	2	125.7836128168421	25.68554255719298	0.0	0.0	3	1.0256640386244538	-3.8215470109353435	230.0	37	1.05	0.95				
	319	1	68.36887063017544	13.975956979649121	0.0	0.0	3	1.0195108110358255	-5.217270090926014	230.0	35	1.05	0.95				
	320	1	48.34925657824561	9.82094274245614	0.0	0.0	3	1.0197788379355248	-4.84042318006326	230.0	35	1.05	0.95				
	321	2	0.0	0.0	0.0	0.0	3	1.0266526324817031	-3.9107470370581363	230.0	37	1.05	0.95				
	322	2	0.0	0.0	0.0	0.0	3	1.0400138712221316	0.5584310877214778	230.0	37	1.05	0.95				
	323	2	0.0	0.0	0.0	0.0	3	1.0203426636342388	-4.33730783916611	230.0	35	1.05	0.95				
	324	1	0.0	0.0	0.0	0.0	3	1.010789531476569	-8.79276987379715	230.0	36	1.05	0.95				
	325	1	0.0	0.0	0.0	0.0	3	1.0183287652924238	-3.122060379687923	230.0	35	1.05	0.95				
];
