%% MATPOWER Case Format : Version 2
function mpc = RTS_GMLC
mpc.version = '2';

%%-----  Power Flow Data  -----%%
%% system MVA base
mpc.baseMVA = 100.0;
%% bus data
%    bus_i    type    Pd    Qd    Gs    Bs    area    Vm    Va    baseKV    zone    Vmax    Vmin
mpc.bus = [
	101	2	64.86145472842107	13.212518555789474	0.0	0.0	1	1.05	0.3205375767178825	138.0	11	1.05	0.95				
	102	2	58.25519545052632	12.011380505263158	0.0	0.0	1	1.0492516124972058	-0.4810111229401386	138.0	12	1.05	0.95				
	103	1	108.10242454736843	22.221053934736844	0.0	0.0	1	1.0195925279217768	3.1300904250529826	138.0	11	1.05	0.95				
	104	1	44.44210786947369	9.008535378947368	0.0	0.0	1	1.0262510546419965	-2.586557089267757	138.0	11	1.05	0.95				
	105	1	42.64040079368421	8.40796635368421	0.0	0.0	1	1.0417235664870368	-3.2606678650795953	138.0	11	1.05	0.95				
	106	1	81.67738743578948	16.81593270736842	0.0	-100.0	1	1.044417078590494	-6.015505424714589	138.0	12	1.05	0.95				
	107	2	75.07112815789473	15.014225631578949	0.0	0.0	1	1.009596334138384	-15.181929853755635	138.0	12	1.05	0.95				
	108	1	102.69730332	21.019915884210526	0.0	0.0	1	1.0002738264865263	-12.344799856291427	138.0	12	1.05	0.95				
	109	1	105.09957942105264	21.620484909473685	0.0	0.0	1	1.0203142929173414	-3.047641204653116	138.0	13	1.05	0.95				
	110	1	117.1109599263158	24.022761010526317	0.0	0.0	1	1.05	-5.07262314688585	138.0	13	1.05	0.95				
	111	1	0.0	0.0	0.0	0.0	1	1.0054215246557443	0.04283722343413209	230.0	13	1.05	0.95				
	112	1	0.0	0.0	0.0	0.0	1	1.0104436036894373	-0.9701446401978914	230.0	13	1.05	0.95				
	113	3	159.15079169473685	32.43072736421053	0.0	0.0	1	1.0127104510706704	-3.129499329049676e-30	230.0	14	1.05	0.95				
	114	2	116.51039090105265	23.42219198526316	0.0	0.0	1	1.0004369628386227	4.3132819485547955	230.0	16	1.05	0.95				
	115	2	190.38038100842104	38.43641761684211	0.0	0.0	1	1.016705794448607	16.446527524375256	230.0	16	1.05	0.95				
	116	2	60.056902526315795	12.011380505263158	0.0	0.0	1	1.0088493510263863	14.236502262738709	230.0	16	1.05	0.95				
	117	1	0.0	0.0	0.0	0.0	1	1.0149083473381504	21.53411089911478	230.0	17	1.05	0.95				
	118	2	199.9894854126316	40.83869371789474	0.0	0.0	1	1.026625686548669	22.596848764012016	230.0	17	1.05	0.95				
	119	1	108.70299357263158	22.221053934736844	0.0	0.0	1	1.0010786453162235	9.392621082630864	230.0	15	1.05	0.95				
	120	1	76.87283523368421	15.614794656842108	0.0	0.0	1	1.0036158443512153	5.866649162350768	230.0	15	1.05	0.95				
	121	2	0.0	0.0	0.0	0.0	1	1.0366013842112651	24.52154395446995	230.0	17	1.05	0.95				
	122	2	0.0	0.0	0.0	0.0	1	1.05	42.53527455901466	230.0	17	1.05	0.95				
	123	2	0.0	0.0	0.0	0.0	1	1.0074383950564663	4.413378217927535	230.0	15	1.05	0.95				
	124	1	0.0	0.0	0.0	0.0	1	1.0012510608481568	11.395173012618192	230.0	16	1.05	0.95				
	201	2	60.6554383831579	12.355737448421051	0.0	0.0	2	1.0110661452109129	-20.208024137023916	138.0	21	1.05	0.95				
	202	2	54.47756965894737	11.232488589473684	0.0	0.0	2	1.010262866598546	-20.508362525382253	138.0	22	1.05	0.95				
	203	1	101.09239730526316	20.780103890526313	0.0	0.0	2	1.0143708462530134	-14.993732985675528	138.0	21	1.05	0.95				
	204	1	41.560207781052625	8.424366442105262	0.0	0.0	2	1.0084221204739028	-19.422904661555332	138.0	21	1.05	0.95				
	205	1	39.87533449263157	7.862742012631579	0.0	0.0	2	1.0231875965023638	-20.023418259173997	138.0	21	1.05	0.95				
	206	1	76.38092240842106	15.725484025263158	0.0	-100.0	2	1.0371037027517274	-20.569257573229	138.0	22	1.05	0.95				
	207	2	70.20305368421053	14.040610736842105	0.0	0.0	2	0.9929747367142605	-27.52032308000563	138.0	22	1.05	0.95				
	208	1	96.03777744	19.656855031578946	0.0	0.0	2	0.99342030703966	-24.851317208918136	138.0	22	1.05	0.95				
	209	1	98.28427515789473	20.21847946105263	0.0	0.0	2	1.025217008391248	-16.228953851407642	138.0	23	1.05	0.95				
	210	1	109.5167637473684	22.46497717894737	0.0	0.0	2	1.05	-18.03537674381012	138.0	23	1.05	0.95				
	211	1	0.0	0.0	0.0	0.0	2	1.014403669485806	-12.607237563210871	230.0	23	1.05	0.95				
	212	1	0.0	0.0	0.0	0.0	2	1.0203404004528003	-8.830013903892578	230.0	23	1.05	0.95				
	213	2	148.83047381052629	30.32771919157895	0.0	0.0	2	1.0217015976302	-10.227634654215523	230.0	24	1.05	0.95				
	214	2	108.95513931789473	21.903352749473683	0.0	0.0	2	1.0163963999830739	-10.146663230369715	230.0	26	1.05	0.95				
	215	2	178.03494414315787	35.94396348631579	0.0	0.0	2	1.0290979709878882	-2.644001392806982	230.0	26	1.05	0.95				
	216	2	56.16244294736842	11.232488589473684	0.0	0.0	2	1.0297402912290032	-3.205061109535077	230.0	26	1.05	0.95				
	217	1	0.0	0.0	0.0	0.0	2	1.0284084126753164	-1.1804662170354185	230.0	27	1.05	0.95				
	218	2	187.02093501473684	38.19046120421053	0.0	0.0	2	1.0279220296032983	-1.963179486190108	230.0	27	1.05	0.95				
	219	1	101.65402173473683	20.780103890526313	0.0	0.0	2	1.0348970269128641	-3.515764360553215	230.0	25	1.05	0.95				
	220	1	71.88792697263158	14.602235166315788	0.0	0.0	2	1.0437656492351037	-2.714673454086088	230.0	25	1.05	0.95				
	221	2	0.0	0.0	0.0	0.0	2	1.0314986935923036	-1.376885041834638	230.0	27	1.05	0.95				
	222	2	0.0	0.0	0.0	0.0	2	1.05	5.19291663109947	230.0	27	1.05	0.95				
	223	2	0.0	0.0	0.0	0.0	2	1.05	-1.869821128399353	230.0	25	1.05	0.95				
	224	1	0.0	0.0	0.0	0.0	2	1.0082451361388476	-7.253242655722401	230.0	26	1.05	0.95				
	301	2	65.47991142315792	13.338500475087722	0.0	0.0	3	0.992647378760771	22.406790840582886	138.0	31	1.05	0.95				
	302	2	58.810661185614045	12.125909522807019	0.0	0.0	3	0.9921734529453972	22.35449669969446	138.0	32	1.05	0.95				
	303	1	109.13318570526317	22.432932617192986	0.0	0.0	3	1.027121750747487	26.614806407122696	138.0	31	1.05	0.95				
	304	1	44.86586523438597	9.094432142105264	0.0	0.0	3	1.0020049808652631	24.68339671629472	138.0	31	1.05	0.95				
	305	1	43.04697880596491	8.488136665964914	0.0	0.0	3	1.0122444672019035	23.959486059922476	138.0	31	1.05	0.95				
	306	1	82.45618475508773	16.97627333192983	0.0	-100.0	3	1.0309860679955538	24.151597899440503	138.0	32	1.05	0.95				
	307	2	75.78693451754387	15.157386903508774	0.0	0.0	3	0.9852211431197119	21.276144727824242	138.0	32	1.05	0.95				
	308	1	103.67652642	21.220341664912283	0.0	0.0	3	0.9994468382837637	23.95470804261984	138.0	32	1.05	0.95				
	309	1	106.1017083245614	21.826637141052633	0.0	0.0	3	1.0319677660994906	29.016566536468666	138.0	33	1.05	0.95				
	310	1	118.22761784736844	24.251819045614038	0.0	0.0	3	1.05	27.44609090837153	138.0	33	1.05	0.95				
	311	1	0.0	0.0	0.0	0.0	3	1.0165951480158342	33.13787050147853	230.0	33	1.05	0.95				
	312	1	0.0	0.0	0.0	0.0	3	1.02476461604713	34.20221493264558	230.0	33	1.05	0.95				
	313	2	160.668301177193	32.73995571157896	0.0	0.0	3	1.0330630229209372	40.15960224389775	230.0	34	1.05	0.95				
	314	2	117.62132237122809	23.64552356947369	0.0	0.0	3	1.0164174475127037	31.85803796534321	230.0	36	1.05	0.95				
	315	2	192.19566593649125	38.80291047298246	0.0	0.0	3	1.05	26.512909965537894	230.0	36	1.05	0.95				
	316	2	60.6295476140351	12.125909522807019	0.0	0.0	3	1.0458299193959253	27.99690465776207	230.0	36	1.05	0.95				
	317	1	0.0	0.0	0.0	0.0	3	1.05	28.451006309543683	230.0	37	1.05	0.95				
	318	2	201.89639355473687	41.22809237754387	0.0	0.0	3	1.0431798307886495	24.782706043513045	230.0	37	1.05	0.95				
	319	1	109.73948118140353	22.432932617192986	0.0	0.0	3	1.0462071831691275	30.109663601001113	230.0	35	1.05	0.95				
	320	1	77.60582094596492	15.763682379649124	0.0	0.0	3	1.0487188890754562	31.635642320709678	230.0	35	1.05	0.95				
	321	2	0.0	0.0	0.0	0.0	3	1.05	26.013242123295143	230.0	37	1.05	0.95				
	322	2	0.0	0.0	0.0	0.0	3	1.05	31.318159598780763	230.0	37	1.05	0.95				
	323	2	0.0	0.0	0.0	0.0	3	1.049607621352751	32.04570019531229	230.0	35	1.05	0.95				
	324	1	0.0	0.0	0.0	0.0	3	1.0398612622893322	28.513408635928922	230.0	36	1.05	0.95				
	325	1	0.0	0.0	0.0	0.0	3	1.05	31.41238045528732	230.0	35	1.05	0.95				
];
