%% MATPOWER Case Format : Version 2
function mpc = RTS_GMLC
mpc.version = '2';

%%-----  Power Flow Data  -----%%
%% system MVA base
mpc.baseMVA = 100.0;
%% bus data
%    bus_i    type    Pd    Qd    Gs    Bs    area    Vm    Va    baseKV    zone    Vmax    Vmin
mpc.bus = [
	101	2	47.547253818947375	9.68555170385965	0.0	0.0	1	1.0496022800257223	5.0261145686325115	138.0	11	1.05	0.95				
	102	2	42.704477967017546	8.805047003508774	0.0	0.0	1	1.0485063679659679	4.729762909433669	138.0	12	1.05	0.95				
	103	1	79.24542303157895	16.28933695649123	0.0	0.0	1	1.0307164900544665	0.582684373708444	138.0	11	1.05	0.95				
	104	1	32.57867391298246	6.603785252631579	0.0	0.0	1	1.029797715143909	0.8607529441707654	138.0	11	1.05	0.95				
	105	1	31.257916862456142	6.163532902456141	0.0	0.0	1	1.0429250772456422	0.8553656979831011	138.0	11	1.05	0.95				
	106	1	59.87431962385966	12.327065804912282	0.0	-100.0	1	1.047945200799609	-1.9774880965753576	138.0	12	1.05	0.95				
	107	2	55.031543771929826	11.006308754385966	0.0	0.0	1	0.998362496536915	-7.537589437909755	138.0	12	1.05	0.95				
	108	1	75.28315188	15.40883225614035	0.0	0.0	1	1.0030411519830194	-6.48416762192624	138.0	12	1.05	0.95				
	109	1	77.04416128070176	15.849084606315788	0.0	0.0	1	1.024808364362258	-1.542409335476131	138.0	13	1.05	0.95				
	110	1	85.84920828421053	17.610094007017548	0.0	0.0	1	1.05	-2.0647426125264077	138.0	13	1.05	0.95				
	111	1	0.0	0.0	0.0	0.0	1	1.0026662262148416	-0.4420450256132526	230.0	13	1.05	0.95				
	112	1	0.0	0.0	0.0	0.0	1	1.008027983625195	0.14036226954679001	230.0	13	1.05	0.95				
	113	3	116.66687279649123	23.773626909473688	0.0	0.0	1	0.9936742152124035	-5.3655603394432505e-27	230.0	14	1.05	0.95				
	114	2	85.40895593403509	17.16984165684211	0.0	0.0	1	0.9973408172851628	0.6603925203564668	230.0	16	1.05	0.95				
	115	2	139.55999500561404	28.176150411228072	0.0	0.0	1	1.035559497032196	4.738397031803715	230.0	16	1.05	0.95				
	116	2	44.025235017543864	8.805047003508774	0.0	0.0	1	1.0309319735992997	4.7949058715791075	230.0	16	1.05	0.95				
	117	1	0.0	0.0	0.0	0.0	1	1.0401855423217077	6.431698882357135	230.0	17	1.05	0.95				
	118	2	146.60403260842108	29.93715981192983	0.0	0.0	1	1.0432509249895319	6.34736128177569	230.0	17	1.05	0.95				
	119	1	79.6856753817544	16.28933695649123	0.0	0.0	1	1.0243480057968024	4.382446194194985	230.0	15	1.05	0.95				
	120	1	56.352300822456144	11.446561104561406	0.0	0.0	1	1.0210255272186641	4.619915433859366	230.0	15	1.05	0.95				
	121	2	0.0	0.0	0.0	0.0	1	1.0480075879170982	7.203969488728904	230.0	17	1.05	0.95				
	122	2	0.0	0.0	0.0	0.0	1	1.05	13.653009481646654	230.0	17	1.05	0.95				
	123	2	0.0	0.0	0.0	0.0	1	1.0198738985946785	5.09515291206796	230.0	15	1.05	0.95				
	124	1	0.0	0.0	0.0	0.0	1	1.0270827883824143	3.182597647257369	230.0	16	1.05	0.95				
	201	2	47.03856445894737	9.58192979719298	0.0	0.0	2	1.0157181172872842	-6.301425519903845	138.0	21	1.05	0.95				
	202	2	42.24759956035087	8.710845270175438	0.0	0.0	2	1.0157019317359615	-6.326949513254456	138.0	22	1.05	0.95				
	203	1	78.39760743157895	16.11506374982456	0.0	0.0	2	1.0144342109569187	-5.332472029390879	138.0	21	1.05	0.95				
	204	1	32.23012749964912	6.533133952631578	0.0	0.0	2	1.013531752332302	-6.609078035806653	138.0	21	1.05	0.95				
	205	1	30.923500709122802	6.097591689122807	0.0	0.0	2	1.0275662483227466	-6.838369167853297	138.0	21	1.05	0.95				
	206	1	59.233747837192986	12.195183378245614	0.0	-100.0	2	1.0421068373372333	-7.606449339983444	138.0	22	1.05	0.95				
	207	2	54.44278293859649	10.888556587719297	0.0	0.0	2	0.9923810477183355	-13.324030384873579	138.0	22	1.05	0.95				
	208	1	74.47772705999999	15.243979222807017	0.0	0.0	2	0.9984787405115868	-11.354094155682787	138.0	22	1.05	0.95				
	209	1	76.21989611403508	15.679521486315787	0.0	0.0	2	1.024172841005991	-5.03776559881902	138.0	23	1.05	0.95				
	210	1	84.93074138421052	17.421690540350877	0.0	0.0	2	1.05	-5.977082989934985	138.0	23	1.05	0.95				
	211	1	0.0	0.0	0.0	0.0	2	1.0044589452512018	-2.7405633760873958	230.0	23	1.05	0.95				
	212	1	0.0	0.0	0.0	0.0	2	1.0135333338485746	1.241486596319482	230.0	23	1.05	0.95				
	213	2	115.41869982982456	23.519282229473685	0.0	0.0	2	1.0007721439926067	-0.7484295603709593	230.0	24	1.05	0.95				
	214	2	84.49519912070174	16.986148276842105	0.0	0.0	2	1.0005545862812164	-1.586694936864612	230.0	26	1.05	0.95				
	215	2	138.0668975322807	27.8747048645614	0.0	0.0	2	1.0215826139857633	2.6954556621779484	230.0	26	1.05	0.95				
	216	2	43.55422635087719	8.710845270175438	0.0	0.0	2	1.0225957577769413	2.684436255916978	230.0	26	1.05	0.95				
	217	1	0.0	0.0	0.0	0.0	2	1.0274804148164354	3.847960609457769	230.0	27	1.05	0.95				
	218	2	145.03557374842103	29.616873918596493	0.0	0.0	2	1.0264697069093847	3.369527268950672	230.0	27	1.05	0.95				
	219	1	78.83314969508771	16.11506374982456	0.0	0.0	2	1.0245822683405683	2.6555628788864682	230.0	25	1.05	0.95				
	220	1	55.7494097291228	11.324098851228069	0.0	0.0	2	1.029284217966325	3.481220705966443	230.0	25	1.05	0.95				
	221	2	0.0	0.0	0.0	0.0	2	1.0283703167663076	3.946738997291636	230.0	27	1.05	0.95				
	222	2	0.0	0.0	0.0	0.0	2	1.0499999274517908	10.398358231547418	230.0	27	1.05	0.95				
	223	2	0.0	0.0	0.0	0.0	2	1.0326816446360243	4.263224706573152	230.0	25	1.05	0.95				
	224	1	0.0	0.0	0.0	0.0	2	1.008835625315427	-0.3178368761331895	230.0	26	1.05	0.95				
	301	2	67.08573234947369	13.665612145263156	0.0	0.0	3	1.0080665274282146	-26.41087681756968	138.0	31	1.05	0.95				
	302	2	60.2529262768421	12.423283768421053	0.0	0.0	3	1.007624015532134	-26.546394269901768	138.0	32	1.05	0.95				
	303	1	111.80955391578946	22.983074971578947	0.0	0.0	3	1.0207275961217737	-19.805287583103656	138.0	31	1.05	0.95				
	304	1	45.966149943157895	9.317462826315788	0.0	0.0	3	1.0055819270548383	-24.55400115689567	138.0	31	1.05	0.95				
	305	1	44.10265737789473	8.696298637894737	0.0	0.0	3	1.0200485576209057	-25.017236868205917	138.0	31	1.05	0.95				
	306	1	84.47832962526316	17.392597275789473	0.0	-100.0	3	1.0343888396800807	-24.928587241181617	138.0	32	1.05	0.95				
	307	2	77.64552355263157	15.529104710526315	0.0	0.0	3	0.9887688354943868	-32.590675870977414	138.0	32	1.05	0.95				
	308	1	106.21907621999999	21.74074659473684	0.0	0.0	3	0.9883093531445889	-29.593677150804965	138.0	32	1.05	0.95				
	309	1	108.70373297368421	22.361910783157892	0.0	0.0	3	1.0258523122422833	-20.38572771136815	138.0	33	1.05	0.95				
	310	1	121.12701674210524	24.846567536842105	0.0	0.0	3	1.05	-21.631753500443445	138.0	33	1.05	0.95				
	311	1	0.0	0.0	0.0	0.0	3	1.0186761328577223	-14.10023180122712	230.0	33	1.05	0.95				
	312	1	0.0	0.0	0.0	0.0	3	1.0189141757230942	-13.698179757164233	230.0	33	1.05	0.95				
	313	2	164.60850993157894	33.542866174736844	0.0	0.0	3	1.03100311941168	-9.907916723305657	230.0	34	1.05	0.95				
	314	2	120.5058525536842	24.22540334842105	0.0	0.0	3	1.0307730117092126	-10.981226927368551	230.0	36	1.05	0.95				
	315	2	196.90904772947366	39.754508058947366	0.0	0.0	3	1.0421026748954616	-9.540756767646943	230.0	36	1.05	0.95				
	316	2	62.11641884210526	12.423283768421053	0.0	0.0	3	1.0431858126608482	-8.008776186818476	230.0	36	1.05	0.95				
	317	1	0.0	0.0	0.0	0.0	3	1.0446686100984324	-7.135717521176549	230.0	37	1.05	0.95				
	318	2	206.8476747442105	42.23916481263158	0.0	0.0	3	1.0426423957268307	-7.365102101584534	230.0	37	1.05	0.95				
	319	1	112.43071810421053	22.983074971578947	0.0	0.0	3	1.0421817623767966	-7.507938097740337	230.0	35	1.05	0.95				
	320	1	79.50901611789473	16.150268898947367	0.0	0.0	3	1.0429328410333267	-7.3267729600308344	230.0	35	1.05	0.95				
	321	2	0.0	0.0	0.0	0.0	3	1.0437744637782171	-7.562294415502016	230.0	37	1.05	0.95				
	322	2	0.0	0.0	0.0	0.0	3	1.05	-3.0651007570809123	230.0	37	1.05	0.95				
	323	2	0.0	0.0	0.0	0.0	3	1.044133409144275	-7.017803850709635	230.0	35	1.05	0.95				
	324	1	0.0	0.0	0.0	0.0	3	1.0219685469452504	-12.902846944983539	230.0	36	1.05	0.95				
	325	1	0.0	0.0	0.0	0.0	3	1.040411418076741	-5.8433571240692235	230.0	35	1.05	0.95				
];
