%% MATPOWER Case Format : Version 2
function mpc = RTS_GMLC
mpc.version = '2';

%%-----  Power Flow Data  -----%%
%% system MVA base
mpc.baseMVA = 100.0;
%% bus data
%    bus_i    type    Pd    Qd    Gs    Bs    area    Vm    Va    baseKV    zone    Vmax    Vmin
mpc.bus = [
	101	2	43.29886194947369	8.820138545263157	0.0	0.0	1	1.0003633754669936	-1.9042810222409092	138.0	11	1.05	0.95				
	102	2	38.8887926768421	8.018307768421053	0.0	0.0	1	0.9987180888886944	-2.458717455975258	138.0	12	1.05	0.95				
	103	1	72.16476991578948	14.833869371578947	0.0	0.0	1	1.0211863111495325	2.458659142604147	138.0	11	1.05	0.95				
	104	1	29.667738743157894	6.013730826315789	0.0	0.0	1	1.006677715852025	-3.348707997536967	138.0	11	1.05	0.95				
	105	1	28.464992577894733	5.612815437894738	0.0	0.0	1	1.020021625599189	-3.69234605171752	138.0	11	1.05	0.95				
	106	1	54.52449282526316	11.225630875789475	0.0	-100.0	1	1.038663217692863	-5.219108523406278	138.0	12	1.05	0.95				
	107	2	50.11442355263158	10.022884710526316	0.0	0.0	1	0.9865077773622961	-11.663058591173275	138.0	12	1.05	0.95				
	108	1	68.55653142	14.03203859473684	0.0	0.0	1	0.9957469463720308	-9.330004575165324	138.0	12	1.05	0.95				
	109	1	70.1601929736842	14.432953983157896	0.0	0.0	1	1.0243653004415934	-2.387835261556393	138.0	13	1.05	0.95				
	110	1	78.17850074210526	16.036615536842106	0.0	0.0	1	1.05	-4.158460477904662	138.0	13	1.05	0.95				
	111	1	0.0	0.0	0.0	0.0	1	1.01866531826544	0.6206511190266059	230.0	13	1.05	0.95				
	112	1	0.0	0.0	0.0	0.0	1	1.0143404365362036	-0.8193505758026811	230.0	13	1.05	0.95				
	113	3	106.24257793157894	21.649430974736845	0.0	0.0	1	0.996752657634801	-7.362894918771098e-28	230.0	14	1.05	0.95				
	114	2	77.7775853536842	15.635700148421053	0.0	0.0	1	1.05	4.921793207264504	230.0	16	1.05	0.95				
	115	2	127.09017812947367	25.65858485894737	0.0	0.0	1	1.0400896771605614	15.946073775990268	230.0	16	1.05	0.95				
	116	2	40.091538842105265	8.018307768421053	0.0	0.0	1	1.040675370339254	13.659689778969375	230.0	16	1.05	0.95				
	117	1	0.0	0.0	0.0	0.0	1	1.0396075041848807	20.488269042804802	230.0	17	1.05	0.95				
	118	2	133.5048243442105	27.26224641263158	0.0	0.0	1	1.05	21.430910829105308	230.0	17	1.05	0.95				
	119	1	72.56568530421052	14.833869371578947	0.0	0.0	1	1.0383756655417955	8.563459612936933	230.0	15	1.05	0.95				
	120	1	51.31716971789474	10.423800098947368	0.0	0.0	1	1.0448666898827927	4.918767663958424	230.0	15	1.05	0.95				
	121	2	0.0	0.0	0.0	0.0	1	1.0456397763548886	23.320390152773676	230.0	17	1.05	0.95				
	122	2	0.0	0.0	0.0	0.0	1	1.05	41.26114130821442	230.0	17	1.05	0.95				
	123	2	0.0	0.0	0.0	0.0	1	1.05	3.22948286795895	230.0	15	1.05	0.95				
	124	1	0.0	0.0	0.0	0.0	1	1.0159162665525137	10.92951761253597	230.0	16	1.05	0.95				
	201	2	45.559578164210535	9.280654811228072	0.0	0.0	2	1.0227217065826737	-18.38532331874709	138.0	21	1.05	0.95				
	202	2	40.91925075859649	8.436958919298247	0.0	0.0	2	1.0217577306782515	-18.6841351296384	138.0	22	1.05	0.95				
	203	1	75.93263027368423	15.608374000701755	0.0	0.0	2	1.013254306348848	-13.485408101189181	138.0	21	1.05	0.95				
	204	1	31.21674800140351	6.327719189473685	0.0	0.0	2	1.0147071058496846	-18.156524239851972	138.0	21	1.05	0.95				
	205	1	29.95120416350877	5.905871243508773	0.0	0.0	2	1.03132384636567	-18.680344536785494	138.0	21	1.05	0.95				
	206	1	57.371320651228075	11.811742487017545	0.0	-100.0	2	1.0440302795384377	-19.372717414598533	138.0	22	1.05	0.95				
	207	2	52.730993245614044	10.546198649122807	0.0	0.0	2	1.0032975426647806	-24.475583080850917	138.0	22	1.05	0.95				
	208	1	72.13599876	14.76467810877193	0.0	0.0	2	1.0046657015969442	-22.53286546301863	138.0	22	1.05	0.95				
	209	1	73.82339054385966	15.186526054736843	0.0	0.0	2	1.0212276696616087	-15.975561311826446	138.0	23	1.05	0.95				
	210	1	82.2603494631579	16.873917838596494	0.0	0.0	2	1.0499999958675685	-17.62602370837922	138.0	23	1.05	0.95				
	211	1	0.0	0.0	0.0	0.0	2	1.0077959056270227	-12.871884579305824	230.0	23	1.05	0.95				
	212	1	0.0	0.0	0.0	0.0	2	0.9987207480292196	-11.953395532791836	230.0	23	1.05	0.95				
	213	2	111.78970568070177	22.779789082105268	0.0	0.0	2	0.9967425144013743	-11.296108903314579	230.0	24	1.05	0.95				
	214	2	81.83850151719298	16.45206989263158	0.0	0.0	2	1.0189709932343103	-10.245649376139522	230.0	26	1.05	0.95				
	215	2	133.7257988708772	26.99826854175439	0.0	0.0	2	1.0266466463481707	-3.2367743512998417	230.0	26	1.05	0.95				
	216	2	42.18479459649123	8.436958919298247	0.0	0.0	2	1.0251404562347406	-3.849820404590521	230.0	26	1.05	0.95				
	217	1	0.0	0.0	0.0	0.0	2	1.035174228638096	-1.6098455977697645	230.0	27	1.05	0.95				
	218	2	140.4753660063158	28.685660325614037	0.0	0.0	2	1.034842095044847	-2.18926824171506	230.0	27	1.05	0.95				
	219	1	76.35447821964914	15.608374000701755	0.0	0.0	2	1.012086133277139	-3.599565689791713	230.0	25	1.05	0.95				
	220	1	53.99653708350878	10.96804659508772	0.0	0.0	2	1.0037008099265559	-2.526017919222233	230.0	25	1.05	0.95				
	221	2	0.0	0.0	0.0	0.0	2	1.0348182705763687	-1.735325819946426	230.0	27	1.05	0.95				
	222	2	0.0	0.0	0.0	0.0	2	1.05	4.811616072819983	230.0	27	1.05	0.95				
	223	2	0.0	0.0	0.0	0.0	2	1.0000168981235813	-1.5839126444712381	230.0	25	1.05	0.95				
	224	1	0.0	0.0	0.0	0.0	2	1.0090131070005128	-7.06367472484263	230.0	26	1.05	0.95				
	301	2	44.38215754105263	9.040809869473684	0.0	0.0	3	1.0121760945961402	17.98685814919276	138.0	31	1.05	0.95				
	302	2	39.86175260631579	8.218918063157894	0.0	0.0	3	1.0109790968531724	17.62214162389132	138.0	32	1.05	0.95				
	303	1	73.97026256842105	15.204998416842102	0.0	0.0	3	1.05	32.62534596285545	138.0	31	1.05	0.95				
	304	1	30.409996833684204	6.16418854736842	0.0	0.0	3	1.0074680607591757	18.750028301523674	138.0	31	1.05	0.95				
	305	1	29.177159124210522	5.753242644210527	0.0	0.0	3	1.0229890538002442	16.382254581503013	138.0	31	1.05	0.95				
	306	1	55.88864282947368	11.506485288421054	0.0	-100.0	3	1.0366964069317088	14.976888936609868	138.0	32	1.05	0.95				
	307	2	51.368237894736836	10.273647578947367	0.0	0.0	3	0.95	11.560744587047852	138.0	32	1.05	0.95				
	308	1	70.27174943999998	14.383106610526314	0.0	0.0	3	0.9716151627091745	13.312569853053821	138.0	32	1.05	0.95				
	309	1	71.91553305263157	14.794052513684209	0.0	0.0	3	1.0170958380263342	21.391726613903238	138.0	33	1.05	0.95				
	310	1	80.13445111578946	16.437836126315787	0.0	0.0	3	1.0439374555272491	16.10615037732407	138.0	33	1.05	0.95				
	311	1	0.0	0.0	0.0	0.0	3	1.006736025289744	19.740016858883976	230.0	33	1.05	0.95				
	312	1	0.0	0.0	0.0	0.0	3	1.011757296941222	19.77821810771796	230.0	33	1.05	0.95				
	313	2	108.90066433684208	22.191078770526314	0.0	0.0	3	1.0072931800817981	20.326208232785227	230.0	34	1.05	0.95				
	314	2	79.72350521263158	16.026890223157896	0.0	0.0	3	1.0041538144375979	20.30293450199206	230.0	36	1.05	0.95				
	315	2	130.26985130105263	26.30053780210526	0.0	0.0	3	1.05	23.92429625848175	230.0	36	1.05	0.95				
	316	2	41.09459031578947	8.218918063157894	0.0	0.0	3	1.039470274351141	23.484962436541114	230.0	36	1.05	0.95				
	317	1	0.0	0.0	0.0	0.0	3	1.0459845570388149	27.96226793338795	230.0	37	1.05	0.95				
	318	2	136.84498575157892	27.94432141473684	0.0	0.0	3	1.0368736943726282	24.276009797302063	230.0	37	1.05	0.95				
	319	1	74.38120847157894	15.204998416842102	0.0	0.0	3	1.0299411209128346	21.859159588481095	230.0	35	1.05	0.95				
	320	1	52.60107560421052	10.684593482105264	0.0	0.0	3	1.0247675306930664	21.226353213454143	230.0	35	1.05	0.95				
	321	2	0.0	0.0	0.0	0.0	3	1.04876680012341	24.801881938831233	230.0	37	1.05	0.95				
	322	2	0.0	0.0	0.0	0.0	3	1.05	30.381101245199275	230.0	37	1.05	0.95				
	323	2	0.0	0.0	0.0	0.0	3	1.0223455199990312	21.195788043935227	230.0	35	1.05	0.95				
	324	1	0.0	0.0	0.0	0.0	3	1.0471538896898511	27.250636597437676	230.0	36	1.05	0.95				
	325	1	0.0	0.0	0.0	0.0	3	1.0247336377507226	21.389132906419224	230.0	35	1.05	0.95				
];
