%% MATPOWER Case Format : Version 2
function mpc = RTS_GMLC
mpc.version = '2';

%%-----  Power Flow Data  -----%%
%% system MVA base
mpc.baseMVA = 100.0;
%% bus data
%    bus_i    type    Pd    Qd    Gs    Bs    area    Vm    Va    baseKV    zone    Vmax    Vmin
mpc.bus = [
	101	2	38.809995044210524	7.905739731228069	0.0	0.0	1	1.009399991609564	-3.666897350480198	138.0	11	1.05	0.95				
	102	2	34.85712517859649	7.187036119298244	0.0	0.0	1	1.0086101494546849	-3.855807445322205	138.0	12	1.05	0.95				
	103	1	64.6833250736842	13.296016820701754	0.0	0.0	1	1.029199177371693	0.7251349383674791	138.0	11	1.05	0.95				
	104	1	26.592033641403507	5.390277089473684	0.0	0.0	1	1.0140858649260256	-3.804783673677953	138.0	11	1.05	0.95				
	105	1	25.513978223508765	5.030925283508772	0.0	0.0	1	1.0253860759942695	-4.721822101476716	138.0	11	1.05	0.95				
	106	1	48.87184561122807	10.061850567017544	0.0	-100.0	1	1.042442718188594	-5.746146506378882	138.0	12	1.05	0.95				
	107	2	44.918975745614034	8.983795149122805	0.0	0.0	1	1.0007969185877676	-10.25564644186667	138.0	12	1.05	0.95				
	108	1	61.449158819999994	12.577313208771928	0.0	0.0	1	1.0065224993018893	-8.610391336319756	138.0	12	1.05	0.95				
	109	1	62.88656604385964	12.936665014736839	0.0	0.0	1	1.0251633894922698	-2.8911954454372646	138.0	13	1.05	0.95				
	110	1	70.07360216315789	14.374072238596488	0.0	0.0	1	1.05	-4.61101310276945	138.0	13	1.05	0.95				
	111	1	0.0	0.0	0.0	0.0	1	1.0057116033736944	-0.28022038426696894	230.0	13	1.05	0.95				
	112	1	0.0	0.0	0.0	0.0	1	1.0088336525222679	-1.2233330484719835	230.0	13	1.05	0.95				
	113	3	95.22822858070174	19.404997522105262	0.0	0.0	1	0.9974689064876948	-1.5633481169120094e-28	230.0	14	1.05	0.95				
	114	2	69.71425035719298	14.014720432631577	0.0	0.0	1	1.0093688760776414	3.0595732835795437	230.0	16	1.05	0.95				
	115	2	113.91452249087718	22.998515581754383	0.0	0.0	1	1.0428984586544114	11.309222890983015	230.0	16	1.05	0.95				
	116	2	35.93518059649122	7.187036119298244	0.0	0.0	1	1.0362847723457427	9.820639181932544	230.0	16	1.05	0.95				
	117	1	0.0	0.0	0.0	0.0	1	1.0412091557711498	15.055454311504864	230.0	17	1.05	0.95				
	118	2	119.66415138631577	24.435922805614034	0.0	0.0	1	1.049999981729772	15.607993552966773	230.0	17	1.05	0.95				
	119	1	65.04267687964912	13.296016820701754	0.0	0.0	1	1.025217342019732	6.216758487707914	230.0	15	1.05	0.95				
	120	1	45.997031163508765	9.343146955087718	0.0	0.0	1	1.0203656681895914	3.5750498437504876	230.0	15	1.05	0.95				
	121	2	0.0	0.0	0.0	0.0	1	1.05	16.851124244603636	230.0	17	1.05	0.95				
	122	2	0.0	0.0	0.0	0.0	1	1.05	32.09741422821595	230.0	17	1.05	0.95				
	123	2	0.0	0.0	0.0	0.0	1	1.0184545044587772	2.394498592853782	230.0	15	1.05	0.95				
	124	1	0.0	0.0	0.0	0.0	1	1.0245363499204425	7.356787480593597	230.0	16	1.05	0.95				
	201	2	41.41161655578948	8.43569966877193	0.0	0.0	2	1.0137549195537872	-14.06456297479147	138.0	21	1.05	0.95				
	202	2	37.193766721403506	7.668817880701756	0.0	0.0	2	1.0128815346837174	-14.334291885953256	138.0	22	1.05	0.95				
	203	1	69.0193609263158	14.187313079298248	0.0	0.0	2	1.0153186451725904	-10.622276849046083	138.0	21	1.05	0.95				
	204	1	28.374626158596495	5.751613410526316	0.0	0.0	2	1.0125386121909998	-13.954809221798103	138.0	21	1.05	0.95				
	205	1	27.22430347649123	5.368172516491229	0.0	0.0	2	1.0272763471656097	-14.342365506587575	138.0	21	1.05	0.95				
	206	1	52.14796158877194	10.736345032982458	0.0	-100.0	2	1.0429537831539255	-14.989872457896206	138.0	22	1.05	0.95				
	207	2	47.93011175438597	9.586022350877194	0.0	0.0	2	0.9961705272957299	-19.54117762688031	138.0	22	1.05	0.95				
	208	1	65.56839288	13.420431291228068	0.0	0.0	2	1.0025279630387949	-17.836800127147207	138.0	22	1.05	0.95				
	209	1	67.10215645614035	13.803872185263158	0.0	0.0	2	1.0230478031575756	-12.053024589922934	138.0	23	1.05	0.95				
	210	1	74.77097433684212	15.337635761403511	0.0	0.0	2	1.05	-13.384695430391075	138.0	23	1.05	0.95				
	211	1	0.0	0.0	0.0	0.0	2	1.0030572794022323	-9.702142945725525	230.0	23	1.05	0.95				
	212	1	0.0	0.0	0.0	0.0	2	1.0089073884999213	-7.468282326219253	230.0	23	1.05	0.95				
	213	2	101.61183691929824	20.70580827789474	0.0	0.0	2	0.996898300598822	-8.276284552258266	230.0	24	1.05	0.95				
	214	2	74.38753344280701	14.954194867368424	0.0	0.0	2	1.0011940650103262	-7.789434702394457	230.0	26	1.05	0.95				
	215	2	121.55076340912281	24.540217218245616	0.0	0.0	2	1.0196723013077755	-1.8601709504600152	230.0	26	1.05	0.95				
	216	2	38.344089403508775	7.668817880701756	0.0	0.0	2	1.0192948505390806	-2.755463561042175	230.0	26	1.05	0.95				
	217	1	0.0	0.0	0.0	0.0	2	1.0249871645129522	-0.7329626519385701	230.0	27	1.05	0.95				
	218	2	127.68581771368422	26.07398079438597	0.0	0.0	2	1.0247309735286068	-1.1143306215899282	230.0	27	1.05	0.95				
	219	1	69.40280182035087	14.187313079298248	0.0	0.0	2	1.0189020992906597	-3.324938889293741	230.0	25	1.05	0.95				
	220	1	49.08043443649123	9.969463244912282	0.0	0.0	2	1.020959727577477	-3.058711583265073	230.0	25	1.05	0.95				
	221	2	0.0	0.0	0.0	0.0	2	1.0266105419459484	-0.5628554161312065	230.0	27	1.05	0.95				
	222	2	0.0	0.0	0.0	0.0	2	1.0485018424484347	5.879128970610988	230.0	27	1.05	0.95				
	223	2	0.0	0.0	0.0	0.0	2	1.022505457886762	-2.614133272216543	230.0	25	1.05	0.95				
	224	1	0.0	0.0	0.0	0.0	2	1.0072093880818485	-5.160281974536627	230.0	26	1.05	0.95				
	301	2	49.11420437052632	10.004745334736842	0.0	0.0	3	1.0063282106347688	10.951368370611222	138.0	31	1.05	0.95				
	302	2	44.1118317031579	9.095223031578946	0.0	0.0	3	1.0060690996897346	10.670250157244205	138.0	32	1.05	0.95				
	303	1	81.85700728421052	16.826162608421054	0.0	0.0	3	1.0449789230169437	21.57446194250226	138.0	31	1.05	0.95				
	304	1	33.65232521684211	6.821417273684211	0.0	0.0	3	1.0090972725152016	11.752843185112889	138.0	31	1.05	0.95				
	305	1	32.288041762105266	6.3666561221052635	0.0	0.0	3	1.0224744440209763	10.464831518509955	138.0	31	1.05	0.95				
	306	1	61.84751661473684	12.733312244210527	0.0	-100.0	3	1.039208438982389	9.64924850526607	138.0	32	1.05	0.95				
	307	2	56.84514394736841	11.369028789473685	0.0	0.0	3	0.9762093820507858	6.16178305316191	138.0	32	1.05	0.95				
	308	1	77.76415691999999	15.916640305263158	0.0	0.0	3	0.9917128483315155	8.12946682749681	138.0	32	1.05	0.95				
	309	1	79.58320152631579	16.371401456842104	0.0	0.0	3	1.025685796875574	14.506055859433344	138.0	33	1.05	0.95				
	310	1	88.67842455789473	18.190446063157893	0.0	0.0	3	1.05	11.44803170040793	138.0	33	1.05	0.95				
	311	1	0.0	0.0	0.0	0.0	3	1.009842415270824	15.174460089429918	230.0	33	1.05	0.95				
	312	1	0.0	0.0	0.0	0.0	3	1.0166955886270068	15.653047399289958	230.0	33	1.05	0.95				
	313	2	120.51170516842105	24.55710218526316	0.0	0.0	3	1.0136927024638793	17.644554292381528	230.0	34	1.05	0.95				
	314	2	88.2236634063158	17.735684911578947	0.0	0.0	3	1.003104904971146	15.298570254629867	230.0	36	1.05	0.95				
	315	2	144.1592850505263	29.10471370105263	0.0	0.0	3	1.035859716506753	14.722317240928962	230.0	36	1.05	0.95				
	316	2	45.47611515789474	9.095223031578946	0.0	0.0	3	1.027725497483822	14.828590167243537	230.0	36	1.05	0.95				
	317	1	0.0	0.0	0.0	0.0	3	1.0438569841994207	16.18092004544622	230.0	37	1.05	0.95				
	318	2	151.43546347578948	30.92375830736842	0.0	0.0	3	1.0442460682953276	13.812616370033556	230.0	37	1.05	0.95				
	319	1	82.31176843578947	16.826162608421054	0.0	0.0	3	1.0249992413539373	15.324345449974631	230.0	35	1.05	0.95				
	320	1	58.20942740210526	11.823789941052631	0.0	0.0	3	1.0237818603326603	15.770513408427428	230.0	35	1.05	0.95				
	321	2	0.0	0.0	0.0	0.0	3	1.0425214331139383	14.733907767321504	230.0	37	1.05	0.95				
	322	2	0.0	0.0	0.0	0.0	3	1.05	19.628931631189037	230.0	37	1.05	0.95				
	323	2	0.0	0.0	0.0	0.0	3	1.0230291843007353	16.028206802982076	230.0	35	1.05	0.95				
	324	1	0.0	0.0	0.0	0.0	3	1.0384375147905531	18.506541135003726	230.0	36	1.05	0.95				
	325	1	0.0	0.0	0.0	0.0	3	1.025997791486365	16.11261496087437	230.0	35	1.05	0.95				
];
