%% MATPOWER Case Format : Version 2
function mpc = RTS_GMLC
mpc.version = '2';

%%-----  Power Flow Data  -----%%
%% system MVA base
mpc.baseMVA = 100.0;
%% bus data
%    bus_i    type    Pd    Qd    Gs    Bs    area    Vm    Va    baseKV    zone    Vmax    Vmin
mpc.bus = [
	101	2	46.85254825263158	9.544037607017545	0.0	0.0	1	1.0380973771258228	1.3870220834030171	138.0	11	1.05	0.95				
	102	2	42.08052944912281	8.676397824561406	0.0	0.0	1	1.0358285902583506	0.7838987522832033	138.0	12	1.05	0.95				
	103	1	78.08758042105264	16.051335975438597	0.0	0.0	1	1.0316985973054988	0.3754748602696677	138.0	11	1.05	0.95				
	104	1	32.102671950877195	6.507298368421052	0.0	0.0	1	1.0258451393418704	-1.5379097606163876	138.0	11	1.05	0.95				
	105	1	30.80121227719298	6.0734784771929835	0.0	0.0	1	1.037958846875452	-1.9619337711893456	138.0	11	1.05	0.95				
	106	1	58.999505207017556	12.146956954385967	0.0	-100.0	1	1.0459180548525906	-4.3988037987949715	138.0	12	1.05	0.95				
	107	2	54.22748640350877	10.845497280701755	0.0	0.0	1	1.001285880223386	-10.494177191326564	138.0	12	1.05	0.95				
	108	1	74.1832014	15.183696192982454	0.0	0.0	1	1.0042865946951	-8.85400022552019	138.0	12	1.05	0.95				
	109	1	75.91848096491228	15.617516084210525	0.0	0.0	1	1.0248180548638315	-2.8890327485322165	138.0	13	1.05	0.95				
	110	1	84.59487878947368	17.35279564912281	0.0	0.0	1	1.05	-4.0084603822697265	138.0	13	1.05	0.95				
	111	1	0.0	0.0	0.0	0.0	1	1.0033515513460727	-1.1008416415069873	230.0	13	1.05	0.95				
	112	1	0.0	0.0	0.0	0.0	1	1.007952569506328	-1.3557147664686806	230.0	13	1.05	0.95				
	113	3	114.9622711754386	23.42627412631579	0.0	0.0	1	0.9969363793042584	1.7941092455341657e-29	230.0	14	1.05	0.95				
	114	2	84.16105889824561	16.91897575789474	0.0	0.0	1	0.9990981655845131	0.4254001999211775	230.0	16	1.05	0.95				
	115	2	137.52090551929825	27.764473038596492	0.0	0.0	1	1.0330300195588327	6.266656331812333	230.0	16	1.05	0.95				
	116	2	43.38198912280702	8.676397824561406	0.0	0.0	1	1.0285659045668918	5.1371280256211	230.0	16	1.05	0.95				
	117	1	0.0	0.0	0.0	0.0	1	1.0366214578199482	8.523474904811566	230.0	17	1.05	0.95				
	118	2	144.46202377894735	29.499752603508778	0.0	0.0	1	1.040069643025036	9.277127988658942	230.0	17	1.05	0.95				
	119	1	78.5214003122807	16.051335975438597	0.0	0.0	1	1.018943581883315	2.9602257130275493	230.0	15	1.05	0.95				
	120	1	55.528946077192984	11.279317171929826	0.0	0.0	1	1.0137101048328172	1.4871425692775182	230.0	15	1.05	0.95				
	121	2	0.0	0.0	0.0	0.0	1	1.042717308275119	10.75560797783104	230.0	17	1.05	0.95				
	122	2	0.0	0.0	0.0	0.0	1	1.05	16.443269939304535	230.0	17	1.05	0.95				
	123	2	0.0	0.0	0.0	0.0	1	1.0114935006608636	1.0146034163511835	230.0	15	1.05	0.95				
	124	1	0.0	0.0	0.0	0.0	1	1.0244441811155385	4.04388988698145	230.0	16	1.05	0.95				
	201	2	42.70360460210527	8.698882418947369	0.0	0.0	2	1.0152637710925096	-13.301084417543485	138.0	21	1.05	0.95				
	202	2	38.35416339263158	7.90807492631579	0.0	0.0	2	1.0143567121602743	-13.568478530676252	138.0	22	1.05	0.95				
	203	1	71.1726743368421	14.629938613684212	0.0	0.0	2	1.0156655384549456	-9.829199701887905	138.0	21	1.05	0.95				
	204	1	29.259877227368424	5.9310561947368425	0.0	0.0	2	1.0129722350390797	-13.121093982134761	138.0	21	1.05	0.95				
	205	1	28.073665988421055	5.535652448421054	0.0	0.0	2	1.0278691363567083	-13.515237918790405	138.0	21	1.05	0.95				
	206	1	53.77490949894737	11.071304896842108	0.0	-100.0	2	1.0429775909033037	-14.137205499901173	138.0	22	1.05	0.95				
	207	2	49.42546828947369	9.885093657894737	0.0	0.0	2	0.9972194125521484	-18.85579478762002	138.0	22	1.05	0.95				
	208	1	67.61404062	13.839131121052631	0.0	0.0	2	1.002668255915416	-17.083484361548013	138.0	22	1.05	0.95				
	209	1	69.19565560526316	14.234534867368422	0.0	0.0	2	1.0231112626590868	-11.116226923975258	138.0	23	1.05	0.95				
	210	1	77.10373053157895	15.81614985263158	0.0	0.0	2	1.05	-12.457131428120432	138.0	23	1.05	0.95				
	211	1	0.0	0.0	0.0	0.0	2	1.003476727681759	-8.547568414037519	230.0	23	1.05	0.95				
	212	1	0.0	0.0	0.0	0.0	2	1.0079250878782586	-6.378066946654723	230.0	23	1.05	0.95				
	213	2	104.78199277368421	21.351802301052636	0.0	0.0	2	0.9969412451204132	-7.123368088891469	230.0	24	1.05	0.95				
	214	2	76.70832678526315	15.420746106315791	0.0	0.0	2	1.003058235180437	-6.414943516265407	230.0	26	1.05	0.95				
	215	2	125.34298758210527	25.305839764210532	0.0	0.0	2	1.0203306450180825	-0.21980652223022534	230.0	26	1.05	0.95				
	216	2	39.54037463157895	7.90807492631579	0.0	0.0	2	1.0193949085656309	-0.9779200302722587	230.0	26	1.05	0.95				
	217	1	0.0	0.0	0.0	0.0	2	1.024020891487125	0.40116816604943645	230.0	27	1.05	0.95				
	218	2	131.6694475231579	26.887454749473687	0.0	0.0	2	1.0237756475327748	0.1283777467279329	230.0	27	1.05	0.95				
	219	1	71.5680780831579	14.629938613684212	0.0	0.0	2	1.017000386159912	-1.8013763503096927	230.0	25	1.05	0.95				
	220	1	50.611679528421064	10.280497404210527	0.0	0.0	2	1.0175297872724516	-1.731164297850708	230.0	25	1.05	0.95				
	221	2	0.0	0.0	0.0	0.0	2	1.026134117265463	0.8069072821322285	230.0	27	1.05	0.95				
	222	2	0.0	0.0	0.0	0.0	2	1.047666456664999	7.167171463015169	230.0	27	1.05	0.95				
	223	2	0.0	0.0	0.0	0.0	2	1.0182619237026957	-1.3823073618144597	230.0	25	1.05	0.95				
	224	1	0.0	0.0	0.0	0.0	2	1.006790681989864	-3.838870573209497	230.0	26	1.05	0.95				
	301	2	57.980385966315794	11.810819363508772	0.0	0.0	3	1.0082913813292849	5.310595374432982	138.0	31	1.05	0.95				
	302	2	52.0749762845614	10.737108512280702	0.0	0.0	3	1.0070339565723325	5.024290233690828	138.0	32	1.05	0.95				
	303	1	96.63397661052632	19.8636507477193	0.0	0.0	3	1.0465845155510707	16.365243319942074	138.0	31	1.05	0.95				
	304	1	39.7273014954386	8.052831384210526	0.0	0.0	3	1.007488827322526	6.228308956011149	138.0	31	1.05	0.95				
	305	1	38.116735218596496	7.515975958596492	0.0	0.0	3	1.0222122696388172	5.235110908045053	138.0	31	1.05	0.95				
	306	1	73.01233788350878	15.031951917192984	0.0	-100.0	3	1.037058403608841	4.572565075874305	138.0	32	1.05	0.95				
	307	2	67.10692820175439	13.421385640350877	0.0	0.0	3	0.9849642818484472	-1.6329523207522627	138.0	32	1.05	0.95				
	308	1	91.80227778	18.78993989649123	0.0	0.0	3	0.9900327069885422	0.8759848654064903	138.0	32	1.05	0.95				
	309	1	93.94969948245614	19.326795322105266	0.0	0.0	3	1.0253376597994786	9.416324956280372	138.0	33	1.05	0.95				
	310	1	104.68680799473684	21.474217024561405	0.0	0.0	3	1.05	6.886813137647043	138.0	33	1.05	0.95				
	311	1	0.0	0.0	0.0	0.0	3	1.0109377445960048	11.305706861526332	230.0	33	1.05	0.95				
	312	1	0.0	0.0	0.0	0.0	3	1.0160910187645547	12.014779946788773	230.0	33	1.05	0.95				
	313	2	142.2666877877193	28.990192983157897	0.0	0.0	3	1.0150973709787516	15.160464598123433	230.0	34	1.05	0.95				
	314	2	104.1499525691228	20.93736159894737	0.0	0.0	3	1.0087888539089174	11.158027567327403	230.0	36	1.05	0.95				
	315	2	170.18316991964912	34.358747239298246	0.0	0.0	3	1.0418347122560503	7.582160360819971	230.0	36	1.05	0.95				
	316	2	53.68554256140351	10.737108512280702	0.0	0.0	3	1.0338563529433542	7.800905268867852	230.0	36	1.05	0.95				
	317	1	0.0	0.0	0.0	0.0	3	1.0384210315592348	6.91895991201029	230.0	37	1.05	0.95				
	318	2	178.7728567294737	36.50616894175439	0.0	0.0	3	1.0373669568653423	5.843246983879459	230.0	37	1.05	0.95				
	319	1	97.17083203614035	19.8636507477193	0.0	0.0	3	1.02848793478727	9.530086531923539	230.0	35	1.05	0.95				
	320	1	68.71749447859649	13.958241065964913	0.0	0.0	3	1.0246550172760103	10.484816302961494	230.0	35	1.05	0.95				
	321	2	0.0	0.0	0.0	0.0	3	1.0405122633346717	6.98138165249294	230.0	37	1.05	0.95				
	322	2	0.0	0.0	0.0	0.0	3	1.05	11.272513570468032	230.0	37	1.05	0.95				
	323	2	0.0	0.0	0.0	0.0	3	1.0229828379892878	11.078239884872543	230.0	35	1.05	0.95				
	324	1	0.0	0.0	0.0	0.0	3	1.0437125852693812	13.148575367552063	230.0	36	1.05	0.95				
	325	1	0.0	0.0	0.0	0.0	3	1.025549889320206	11.060683850257252	230.0	35	1.05	0.95				
];
