%% MATPOWER Case Format : Version 2
function mpc = RTS_GMLC
mpc.version = '2';

%%-----  Power Flow Data  -----%%
%% system MVA base
mpc.baseMVA = 100.0;
%% bus data
%    bus_i    type    Pd    Qd    Gs    Bs    area    Vm    Va    baseKV    zone    Vmax    Vmin
mpc.bus = [
	101	2	37.2068283031579	7.5791687284210525	0.0	0.0	1	1.0139911085145126	1.7356346503779585	138.0	11	1.05	0.95				
	102	2	33.417243938947365	6.890153389473684	0.0	0.0	1	1.0115777946338864	1.0611339459116886	138.0	12	1.05	0.95				
	103	1	62.01138050526316	12.746783770526315	0.0	0.0	1	1.029133258123566	3.6392468159196687	138.0	11	1.05	0.95				
	104	1	25.49356754105263	5.167615042105264	0.0	0.0	1	1.0136381657056825	-0.7312065580971386	138.0	11	1.05	0.95				
	105	1	24.460044532631578	4.82310737263158	0.0	0.0	1	1.0274360157524212	-0.726837352443712	138.0	11	1.05	0.95				
	106	1	46.85304304842106	9.64621474526316	0.0	-100.0	1	1.0430954414561213	-2.6081077902470184	138.0	12	1.05	0.95				
	107	2	43.063458684210524	8.612691736842105	0.0	0.0	1	0.9838612198887754	-8.294351776368908	138.0	12	1.05	0.95				
	108	1	58.91081148	12.057768431578946	0.0	0.0	1	0.9968143620851222	-6.430618975237421	138.0	12	1.05	0.95				
	109	1	60.28884215789474	12.402276101052632	0.0	0.0	1	1.0245608092336553	-0.7468046668441785	138.0	13	1.05	0.95				
	110	1	67.17899554736843	13.780306778947368	0.0	0.0	1	1.05	-2.0770318673161503	138.0	13	1.05	0.95				
	111	1	0.0	0.0	0.0	0.0	1	1.01261897553724	1.283038937386195	230.0	13	1.05	0.95				
	112	1	0.0	0.0	0.0	0.0	1	1.0094827172871093	0.11018628204874566	230.0	13	1.05	0.95				
	113	3	91.29453241052632	18.60341415157895	0.0	0.0	1	0.9863281821157852	1.0491652994395133e-29	230.0	14	1.05	0.95				
	114	2	66.83448787789473	13.435799109473685	0.0	0.0	1	1.0377244154410554	5.04229899920289	230.0	16	1.05	0.95				
	115	2	109.20893122315789	22.04849084631579	0.0	0.0	1	1.0429922841027448	14.334020932609395	230.0	16	1.05	0.95				
	116	2	34.45076694736842	6.890153389473684	0.0	0.0	1	1.0417032134794981	12.535197585955606	230.0	16	1.05	0.95				
	117	1	0.0	0.0	0.0	0.0	1	1.04120822210044	18.394962316079553	230.0	17	1.05	0.95				
	118	2	114.72105393473684	23.42652152421053	0.0	0.0	1	1.05	18.935921675836717	230.0	17	1.05	0.95				
	119	1	62.35588817473685	12.746783770526315	0.0	0.0	1	1.0363439298107053	8.33881410931628	230.0	15	1.05	0.95				
	120	1	44.09698169263158	8.95719940631579	0.0	0.0	1	1.0376228230602769	5.342123523861415	230.0	15	1.05	0.95				
	121	2	0.0	0.0	0.0	0.0	1	1.0432520800573195	20.33302083557078	230.0	17	1.05	0.95				
	122	2	0.0	0.0	0.0	0.0	1	1.05	38.29430659376715	230.0	17	1.05	0.95				
	123	2	0.0	0.0	0.0	0.0	1	1.0391923790859336	3.9575382517029998	230.0	15	1.05	0.95				
	124	1	0.0	0.0	0.0	0.0	1	1.0244309216344036	10.340671530904068	230.0	16	1.05	0.95				
	201	2	44.165591052631584	8.996694473684212	0.0	0.0	2	1.0124854507069458	-14.058780452681162	138.0	21	1.05	0.95				
	202	2	39.66724381578947	8.178813157894737	0.0	0.0	2	1.0116960405177997	-14.350788175899323	138.0	22	1.05	0.95				
	203	1	73.60931842105262	15.130804342105261	0.0	0.0	2	1.010565876638351	-9.752590152772958	138.0	21	1.05	0.95				
	204	1	30.261608684210522	6.134109868421052	0.0	0.0	2	1.0109341636919025	-13.917526444216898	138.0	21	1.05	0.95				
	205	1	29.034786710526312	5.725169210526316	0.0	0.0	2	1.0262680891605267	-14.384167892360706	138.0	21	1.05	0.95				
	206	1	55.61592947368421	11.450338421052631	0.0	-100.0	2	1.0419285892820618	-15.081757001505409	138.0	22	1.05	0.95				
	207	2	51.11758223684211	10.223516447368421	0.0	0.0	2	0.9952263596020055	-19.965051505384892	138.0	22	1.05	0.95				
	208	1	69.92885249999999	14.312923026315788	0.0	0.0	2	1.0007403849471943	-18.122534305720006	138.0	22	1.05	0.95				
	209	1	71.56461513157895	14.721863684210525	0.0	0.0	2	1.0221217659972273	-11.865235061565405	138.0	23	1.05	0.95				
	210	1	79.74342828947368	16.357626315789474	0.0	0.0	2	1.05	-13.392210306235533	138.0	23	1.05	0.95				
	211	1	0.0	0.0	0.0	0.0	2	1.0075555025184024	-8.798026340999224	230.0	23	1.05	0.95				
	212	1	0.0	0.0	0.0	0.0	2	1.0081705640439074	-7.851585097584244	230.0	23	1.05	0.95				
	213	2	108.36927434210526	22.082795526315792	0.0	0.0	2	1.0043515812122752	-7.201719631698693	230.0	24	1.05	0.95				
	214	2	79.33448763157894	15.948685657894737	0.0	0.0	2	1.010816858382493	-6.275183022529353	230.0	26	1.05	0.95				
	215	2	129.63418855263157	26.17220210526316	0.0	0.0	2	1.0226636651933119	-0.1561647085835979	230.0	26	1.05	0.95				
	216	2	40.894065789473686	8.178813157894737	0.0	0.0	2	1.026034925701615	-0.2099209028487648	230.0	26	1.05	0.95				
	217	1	0.0	0.0	0.0	0.0	2	1.0325913753513558	1.3473778491449424	230.0	27	1.05	0.95				
	218	2	136.17723907894737	27.807964736842106	0.0	0.0	2	1.0307612326842652	0.8306102209349996	230.0	27	1.05	0.95				
	219	1	74.01825907894737	15.130804342105261	0.0	0.0	2	1.0264761116732795	0.04079242791424529	230.0	25	1.05	0.95				
	220	1	52.34440421052632	10.632457105263157	0.0	0.0	2	1.029552522983295	1.055511469957671	230.0	25	1.05	0.95				
	221	2	0.0	0.0	0.0	0.0	2	1.0311856534053792	1.3048548792356511	230.0	27	1.05	0.95				
	222	2	0.0	0.0	0.0	0.0	2	1.05	7.815890034606578	230.0	27	1.05	0.95				
	223	2	0.0	0.0	0.0	0.0	2	1.0320034837902496	1.9232481662942045	230.0	25	1.05	0.95				
	224	1	0.0	0.0	0.0	0.0	2	1.0063297256924952	-3.7428052274633	230.0	26	1.05	0.95				
	301	2	55.36665613894737	11.278392917192981	0.0	0.0	3	1.0160723511591065	-4.7818334237070355	138.0	31	1.05	0.95				
	302	2	49.72745968035087	10.25308447017544	0.0	0.0	3	1.014566814399516	-5.0765864481160605	138.0	32	1.05	0.95				
	303	1	92.27776023157894	18.96820626982456	0.0	0.0	3	1.0477272132694933	7.18637504804965	138.0	31	1.05	0.95				
	304	1	37.93641253964912	7.689813352631577	0.0	0.0	3	1.0114365072465483	-3.776611085809856	138.0	31	1.05	0.95				
	305	1	36.3984498691228	7.177159129122806	0.0	0.0	3	1.0266286981391692	-5.191468600427853	138.0	31	1.05	0.95				
	306	1	69.72097439719298	14.354318258245613	0.0	-100.0	3	1.0396197923978954	-6.015251116444982	138.0	32	1.05	0.95				
	307	2	64.08177793859649	12.816355587719297	0.0	0.0	3	0.9921359038319557	-11.673659344246207	138.0	32	1.05	0.95				
	308	1	87.66387221999999	17.942897822807012	0.0	0.0	3	0.9950897219707159	-9.279805376402269	138.0	32	1.05	0.95				
	309	1	89.71448911403508	18.455552046315788	0.0	0.0	3	1.0254221489095545	-0.6097244983164855	138.0	33	1.05	0.95				
	310	1	99.96757358421051	20.50616894035088	0.0	0.0	3	1.05	-3.958403454808885	138.0	33	1.05	0.95				
	311	1	0.0	0.0	0.0	0.0	3	1.0127550056940622	1.877086151620126	230.0	33	1.05	0.95				
	312	1	0.0	0.0	0.0	0.0	3	1.0125047742061226	2.295408557284865	230.0	33	1.05	0.95				
	313	2	135.85336922982455	27.683328069473685	0.0	0.0	3	1.0118189762748235	4.897245419760451	230.0	34	1.05	0.95				
	314	2	99.45491936070174	19.993514716842103	0.0	0.0	3	1.0194144444916893	3.459295165139712	230.0	36	1.05	0.95				
	315	2	162.5113888522807	32.8098703045614	0.0	0.0	3	1.0441428920956386	8.47963565502569	230.0	36	1.05	0.95				
	316	2	51.26542235087719	10.25308447017544	0.0	0.0	3	1.0416093679380993	8.783684748198365	230.0	36	1.05	0.95				
	317	1	0.0	0.0	0.0	0.0	3	1.05	12.863349131057204	230.0	37	1.05	0.95				
	318	2	170.71385642842102	34.86048719859649	0.0	0.0	3	1.0447939996984619	10.447314534367457	230.0	37	1.05	0.95				
	319	1	92.79041445508771	18.96820626982456	0.0	0.0	3	1.0325360359772937	7.530501202155132	230.0	35	1.05	0.95				
	320	1	65.6197406091228	13.329009811228069	0.0	0.0	3	1.0286768734132072	7.4166115849660565	230.0	35	1.05	0.95				
	321	2	0.0	0.0	0.0	0.0	3	1.0457350864053534	10.41946767736787	230.0	37	1.05	0.95				
	322	2	0.0	0.0	0.0	0.0	3	1.05	15.721260303876567	230.0	37	1.05	0.95				
	323	2	0.0	0.0	0.0	0.0	3	1.0274793656963686	7.746451937992409	230.0	35	1.05	0.95				
	324	1	0.0	0.0	0.0	0.0	3	1.0407274567732734	7.994369959251276	230.0	36	1.05	0.95				
	325	1	0.0	0.0	0.0	0.0	3	1.025576230378206	8.806694608721019	230.0	35	1.05	0.95				
];
