%% MATPOWER Case Format : Version 2
function mpc = RTS_GMLC
mpc.version = '2';

%%-----  Power Flow Data  -----%%
%% system MVA base
mpc.baseMVA = 100.0;
%% bus data
%    bus_i    type    Pd    Qd    Gs    Bs    area    Vm    Va    baseKV    zone    Vmax    Vmin
mpc.bus = [
	101	2	49.57793170105263	10.099208309473685	0.0	0.0	1	1.0319667504428185	0.1756996329383838	138.0	11	1.05	0.95				
	102	2	44.52832754631578	9.181098463157895	0.0	0.0	1	1.0310359895721368	-0.09660138551213904	138.0	12	1.05	0.95				
	103	1	82.62988616842105	16.985032156842102	0.0	0.0	1	1.0284421233545082	-0.6603983282458074	138.0	11	1.05	0.95				
	104	1	33.970064313684205	6.88582384736842	0.0	0.0	1	1.0201389946040507	-2.858794448110287	138.0	11	1.05	0.95				
	105	1	32.592899544210525	6.426768924210527	0.0	0.0	1	1.0348486435590736	-2.72640606718987	138.0	11	1.05	0.95				
	106	1	62.43146954947368	12.853537848421054	0.0	-100.0	1	1.0442573771630106	-4.852951823723876	138.0	12	1.05	0.95				
	107	2	57.38186539473684	11.476373078947368	0.0	0.0	1	0.9998982720197986	-10.787819316314373	138.0	12	1.05	0.95				
	108	1	78.49839186	16.066922310526312	0.0	0.0	1	1.0027562159640444	-9.224769680990198	138.0	12	1.05	0.95				
	109	1	80.33461155263157	16.52597723368421	0.0	0.0	1	1.0249514078002633	-3.251482462288941	138.0	13	1.05	0.95				
	110	1	89.51571001578947	18.36219692631579	0.0	0.0	1	1.05	-4.215664233364807	138.0	13	1.05	0.95				
	111	1	0.0	0.0	0.0	0.0	1	1.0056400696849763	-0.8477617477590073	230.0	13	1.05	0.95				
	112	1	0.0	0.0	0.0	0.0	1	1.0097036047222239	-0.7910343239575903	230.0	13	1.05	0.95				
	113	3	121.64955463684208	24.788965850526314	0.0	0.0	1	0.9995719358386451	2.2399064547919325e-28	230.0	14	1.05	0.95				
	114	2	89.05665509263156	17.903142003157893	0.0	0.0	1	1.0049724170836658	1.415501866862371	230.0	16	1.05	0.95				
	115	2	145.52041064105262	29.37951508210526	0.0	0.0	1	1.04024500255312	7.7588642010988425	230.0	16	1.05	0.95				
	116	2	45.90549231578947	9.181098463157895	0.0	0.0	1	1.036929488289521	7.273529534496675	230.0	16	1.05	0.95				
	117	1	0.0	0.0	0.0	0.0	1	1.0424305872692934	10.55444627898785	230.0	17	1.05	0.95				
	118	2	152.86528941157894	31.21573477473684	0.0	0.0	1	1.04695148592712	10.667316694810175	230.0	17	1.05	0.95				
	119	1	83.08894109157893	16.985032156842102	0.0	0.0	1	1.0284068090035192	5.397740822820252	230.0	15	1.05	0.95				
	120	1	58.75903016421052	11.935428002105262	0.0	0.0	1	1.0248424891468058	4.642490972381745	230.0	15	1.05	0.95				
	121	2	0.0	0.0	0.0	0.0	1	1.05	11.834966365728834	230.0	17	1.05	0.95				
	122	2	0.0	0.0	0.0	0.0	1	1.05	22.989876744795232	230.0	17	1.05	0.95				
	123	2	0.0	0.0	0.0	0.0	1	1.0235326073413853	4.580118674717517	230.0	15	1.05	0.95				
	124	1	0.0	0.0	0.0	0.0	1	1.025147703748073	4.613158321029439	230.0	16	1.05	0.95				
	201	2	45.52557847578947	9.273728948771929	0.0	0.0	2	1.021771329043832	-11.120278808170209	138.0	21	1.05	0.95				
	202	2	40.8887140014035	8.430662680701754	0.0	0.0	2	1.0221753313986477	-11.062989734440068	138.0	22	1.05	0.95				
	203	1	75.8759641263158	15.596725959298244	0.0	0.0	2	1.0166672182692302	-9.632382068420485	138.0	21	1.05	0.95				
	204	1	31.193451918596487	6.322997010526316	0.0	0.0	2	1.0161988494522853	-12.107604152427776	138.0	21	1.05	0.95				
	205	1	29.928852516491222	5.901463876491228	0.0	0.0	2	1.0308253832216465	-12.408064428111645	138.0	21	1.05	0.95				
	206	1	57.32850622877193	11.802927752982455	0.0	-100.0	2	1.0438962499258826	-13.548732969306089	138.0	22	1.05	0.95				
	207	2	52.69164175438596	10.538328350877192	0.0	0.0	2	0.9930402722011643	-19.343339007694972	138.0	22	1.05	0.95				
	208	1	72.08216592	14.75365969122807	0.0	0.0	2	0.9991857287433129	-17.44345632735765	138.0	22	1.05	0.95				
	209	1	73.76829845614034	15.175192825263156	0.0	0.0	2	1.0230527351253202	-11.220784011859863	138.0	23	1.05	0.95				
	210	1	82.1989611368421	16.86132536140351	0.0	0.0	2	1.05	-12.354662306004485	138.0	23	1.05	0.95				
	211	1	0.0	0.0	0.0	0.0	2	1.0053259004564472	-8.402008980314596	230.0	23	1.05	0.95				
	212	1	0.0	0.0	0.0	0.0	2	1.0080497026565185	-7.5167425963118735	230.0	23	1.05	0.95				
	213	2	111.70628051929823	22.762789237894737	0.0	0.0	2	1.0008245439711052	-7.037536793977114	230.0	24	1.05	0.95				
	214	2	81.777428002807	16.43979222736842	0.0	0.0	2	1.005470862258673	-6.09286833646455	230.0	26	1.05	0.95				
	215	2	133.62600348912278	26.978120578245612	0.0	0.0	2	1.0231942029755883	-0.2114179318525324	230.0	26	1.05	0.95				
	216	2	42.15331340350877	8.430662680701754	0.0	0.0	2	1.024419892915112	-0.2750781601381859	230.0	26	1.05	0.95				
	217	1	0.0	0.0	0.0	0.0	2	1.0290924113651112	1.3799193829727803	230.0	27	1.05	0.95				
	218	2	140.3705336336842	28.664253114385964	0.0	0.0	2	1.0282253697991874	0.8153017511454514	230.0	27	1.05	0.95				
	219	1	76.29749726035088	15.596725959298244	0.0	0.0	2	1.0251267483318496	-0.21627647924039436	230.0	25	1.05	0.95				
	220	1	53.956241156491224	10.95986148491228	0.0	0.0	2	1.028555901301345	0.6581867213517646	230.0	25	1.05	0.95				
	221	2	0.0	0.0	0.0	0.0	2	1.0299154511091295	1.2789198418268786	230.0	27	1.05	0.95				
	222	2	0.0	0.0	0.0	0.0	2	1.0499999987976247	7.810652116296269	230.0	27	1.05	0.95				
	223	2	0.0	0.0	0.0	0.0	2	1.031206687594751	1.4585608603340015	230.0	25	1.05	0.95				
	224	1	0.0	0.0	0.0	0.0	2	1.0091410853842897	-3.7525630203010794	230.0	26	1.05	0.95				
	301	2	46.94463776842105	9.56279658245614	0.0	0.0	3	1.008363342413668	-12.028967664778197	138.0	31	1.05	0.95				
	302	2	42.16323947719298	8.693451438596492	0.0	0.0	3	1.0081461628570203	-12.199054187929836	138.0	32	1.05	0.95				
	303	1	78.24106294736842	16.08288516140351	0.0	0.0	3	1.0354585108690226	-4.457470798219024	138.0	31	1.05	0.95				
	304	1	32.16577032280702	6.520088578947368	0.0	0.0	3	1.0116053848618893	-10.721443478595035	138.0	31	1.05	0.95				
	305	1	30.86175260701754	6.085416007017544	0.0	0.0	3	1.0237211434626876	-12.013856438805487	138.0	31	1.05	0.95				
	306	1	59.115469782456145	12.170832014035089	0.0	-100.0	3	1.0403262444712684	-12.521552931280885	138.0	32	1.05	0.95				
	307	2	54.334071491228066	10.866814298245615	0.0	0.0	3	0.9917943404592997	-16.9312780641204	138.0	32	1.05	0.95				
	308	1	74.3290098	15.213540017543858	0.0	0.0	3	0.9989272662135316	-14.980868717318815	138.0	32	1.05	0.95				
	309	1	76.0677000877193	15.648212589473683	0.0	0.0	3	1.028125749964111	-7.740694809339546	138.0	33	1.05	0.95				
	310	1	84.76115152631579	17.386902877192984	0.0	0.0	3	1.05	-10.597535096261744	138.0	33	1.05	0.95				
	311	1	0.0	0.0	0.0	0.0	3	1.0085194251677816	-5.376134673054154	230.0	33	1.05	0.95				
	312	1	0.0	0.0	0.0	0.0	3	1.0127944480533282	-4.8734981898033745	230.0	33	1.05	0.95				
	313	2	115.1882315614035	23.472318884210527	0.0	0.0	3	1.0109314046488767	-2.2370259259744962	230.0	34	1.05	0.95				
	314	2	84.32647895438596	16.952230305263157	0.0	0.0	3	1.0054332850560934	-4.214644147076949	230.0	36	1.05	0.95				
	315	2	137.79120530175436	27.819044603508775	0.0	0.0	3	1.0345343993209952	-0.05778550606951977	230.0	36	1.05	0.95				
	316	2	43.46725719298246	8.693451438596492	0.0	0.0	3	1.0328742913129487	-0.006555397398115199	230.0	36	1.05	0.95				
	317	1	0.0	0.0	0.0	0.0	3	1.0442016496080533	4.491718591620813	230.0	37	1.05	0.95				
	318	2	144.7459664526316	29.557734891228073	0.0	0.0	3	1.0412868928752916	2.831813294034195	230.0	37	1.05	0.95				
	319	1	78.67573551929826	16.08288516140351	0.0	0.0	3	1.0270203055842335	-0.7484310527121487	230.0	35	1.05	0.95				
	320	1	55.63808920701755	11.30148687017544	0.0	0.0	3	1.0249159901797023	-0.5495341966154763	230.0	35	1.05	0.95				
	321	2	0.0	0.0	0.0	0.0	3	1.0408063480951761	2.4682450785193577	230.0	37	1.05	0.95				
	322	2	0.0	0.0	0.0	0.0	3	1.05	7.58792195215839	230.0	37	1.05	0.95				
	323	2	0.0	0.0	0.0	0.0	3	1.024386303920309	-0.10314695132931456	230.0	35	1.05	0.95				
	324	1	0.0	0.0	0.0	0.0	3	1.028050268287028	-1.720117466468373	230.0	36	1.05	0.95				
	325	1	0.0	0.0	0.0	0.0	3	1.0235877064279866	0.9180069385724928	230.0	35	1.05	0.95				
];
