%% MATPOWER Case Format : Version 2
function mpc = RTS_GMLC
mpc.version = '2';

%%-----  Power Flow Data  -----%%
%% system MVA base
mpc.baseMVA = 100.0;
%% bus data
%    bus_i    type    Pd    Qd    Gs    Bs    area    Vm    Va    baseKV    zone    Vmax    Vmin
mpc.bus = [
	101	2	63.779317162105265	12.992083125614034	0.0	0.0	1	1.0486697216413745	2.0450483540757536	138.0	11	1.05	0.95				
	102	2	57.28327559929824	11.810984659649122	0.0	0.0	1	1.0475048730404244	1.6734146264589516	138.0	12	1.05	0.95				
	103	1	106.2988619368421	21.850321620350876	0.0	0.0	1	1.0318476846006057	0.14138600041540392	138.0	11	1.05	0.95				
	104	1	43.70064324070175	8.85823849473684	0.0	0.0	1	1.0275067331043244	-1.9054042213226872	138.0	11	1.05	0.95				
	105	1	41.92899554175438	8.267689261754386	0.0	0.0	1	1.040487049968785	-2.233782165874947	138.0	11	1.05	0.95				
	106	1	80.31469568561404	16.535378523508772	0.0	-100.0	1	1.0434767301844163	-5.261136165878389	138.0	12	1.05	0.95				
	107	2	73.81865412280702	14.763730824561403	0.0	0.0	1	0.9980340819194903	-13.37415524506101	138.0	12	1.05	0.95				
	108	1	100.98391884	20.669223154385964	0.0	0.0	1	0.996469682032262	-11.314542628774763	138.0	12	1.05	0.95				
	109	1	103.34611577192983	21.259772387368418	0.0	0.0	1	1.025468482972095	-3.565527150854703	138.0	13	1.05	0.95				
	110	1	115.15710043157894	23.621969319298245	0.0	0.0	1	1.05	-4.790752627415958	138.0	13	1.05	0.95				
	111	1	0.0	0.0	0.0	0.0	1	1.0101917865175116	-1.127192828716502	230.0	13	1.05	0.95				
	112	1	0.0	0.0	0.0	0.0	1	1.013535979281559	-1.038394389059251	230.0	13	1.05	0.95				
	113	3	156.49554674035087	31.889658581052633	0.0	0.0	1	1.0073027244826172	-8.560468759377646e-30	230.0	14	1.05	0.95				
	114	2	114.56655119859649	23.031420086315787	0.0	0.0	1	1.0115215524818568	1.016379905189419	230.0	16	1.05	0.95				
	115	2	187.20410685543857	37.79515091087719	0.0	0.0	1	1.042840856879041	8.246173443673305	230.0	16	1.05	0.95				
	116	2	59.05492329824561	11.810984659649122	0.0	0.0	1	1.0400667989791852	7.559156898964532	230.0	16	1.05	0.95				
	117	1	0.0	0.0	0.0	0.0	1	1.04392067483879	11.314778962598291	230.0	17	1.05	0.95				
	118	2	196.6528945831579	40.15734784280702	0.0	0.0	1	1.0480783862699874	11.716285352951257	230.0	17	1.05	0.95				
	119	1	106.88941116982456	21.850321620350876	0.0	0.0	1	1.0316492621812452	5.438347062259961	230.0	15	1.05	0.95				
	120	1	75.59030182175438	15.354280057543859	0.0	0.0	1	1.0291242526225823	4.357686865584894	230.0	15	1.05	0.95				
	121	2	0.0	0.0	0.0	0.0	1	1.05	13.121948925671592	230.0	17	1.05	0.95				
	122	2	0.0	0.0	0.0	0.0	1	1.05	23.531230097915188	230.0	17	1.05	0.95				
	123	2	0.0	0.0	0.0	0.0	1	1.0290008996507936	4.210306206307225	230.0	15	1.05	0.95				
	124	1	0.0	0.0	0.0	0.0	1	1.028359575238787	5.2160467199369105	230.0	16	1.05	0.95				
	201	2	61.55643005052631	12.539272788070175	0.0	0.0	2	1.0232877943621663	-13.334308429565976	138.0	21	1.05	0.95				
	202	2	55.28679365649122	11.399338898245613	0.0	0.0	2	1.0240114787723453	-13.214263122927843	138.0	22	1.05	0.95				
	203	1	102.59405008421052	21.088776961754384	0.0	0.0	2	1.014070568718641	-11.668021923420024	138.0	21	1.05	0.95				
	204	1	42.17755392350877	8.549504173684209	0.0	0.0	2	1.0147157527212147	-13.876693900209503	138.0	21	1.05	0.95				
	205	1	40.46765308877192	7.97953722877193	0.0	0.0	2	1.02955384810937	-14.24967313579983	138.0	21	1.05	0.95				
	206	1	77.51550450807017	15.95907445754386	0.0	-100.0	2	1.0401710474809804	-15.29080964203733	138.0	22	1.05	0.95				
	207	2	71.24586811403508	14.249173622807016	0.0	0.0	2	0.993396390955986	-23.2878869956442	138.0	22	1.05	0.95				
	208	1	97.46434758	19.94884307192982	0.0	0.0	2	0.9931102987985518	-20.567940383809578	138.0	22	1.05	0.95				
	209	1	99.7442153596491	20.5188100168421	0.0	0.0	2	1.0243791974185976	-12.080585384031087	138.0	23	1.05	0.95				
	210	1	111.14355425789472	22.798677796491226	0.0	0.0	2	1.05	-13.3540487165916	138.0	23	1.05	0.95				
	211	1	0.0	0.0	0.0	0.0	2	1.0119771379624192	-9.000470925854126	230.0	23	1.05	0.95				
	212	1	0.0	0.0	0.0	0.0	2	1.0158134925057523	-4.70766157891167	230.0	23	1.05	0.95				
	213	2	151.04124040175435	30.778215025263155	0.0	0.0	2	1.0125905964465685	-6.63400274919696	230.0	24	1.05	0.95				
	214	2	110.57358731298244	22.228710851578946	0.0	0.0	2	1.0148159684193794	-7.301721316516674	230.0	26	1.05	0.95				
	215	2	180.67952153719295	36.47788447438596	0.0	0.0	2	1.029165069765965	-1.1005756213489823	230.0	26	1.05	0.95				
	216	2	56.99669449122806	11.399338898245613	0.0	0.0	2	1.0296838888704567	-1.3733291600284698	230.0	26	1.05	0.95				
	217	1	0.0	0.0	0.0	0.0	2	1.0330427823173902	0.20124238763364016	230.0	27	1.05	0.95				
	218	2	189.79899265578945	38.75775225403508	0.0	0.0	2	1.0318436022950064	-0.5532937655638415	230.0	27	1.05	0.95				
	219	1	103.16401702912279	21.088776961754384	0.0	0.0	2	1.028703780038682	-1.2722664249187488	230.0	25	1.05	0.95				
	220	1	72.95576894877192	14.819140567719296	0.0	0.0	2	1.032462243783813	-0.08489555403605192	230.0	25	1.05	0.95				
	221	2	0.0	0.0	0.0	0.0	2	1.033793343839677	0.0742401637480249	230.0	27	1.05	0.95				
	222	2	0.0	0.0	0.0	0.0	2	1.05	6.620231433397404	230.0	27	1.05	0.95				
	223	2	0.0	0.0	0.0	0.0	2	1.0361418567085598	0.9919969606323659	230.0	25	1.05	0.95				
	224	1	0.0	0.0	0.0	0.0	2	1.0104766333090724	-5.040573940172454	230.0	26	1.05	0.95				
	301	2	67.80322682526317	13.811768427368424	0.0	0.0	3	0.9984019335696249	-8.038438862876774	138.0	31	1.05	0.95				
	302	2	60.89734261157895	12.556153115789476	0.0	0.0	3	0.9982953505041119	-8.093090418938765	138.0	32	1.05	0.95				
	303	1	113.00537804210526	23.228883264210527	0.0	0.0	3	1.014083304526274	-4.2441830917127294	138.0	31	1.05	0.95				
	304	1	46.457766528421054	9.417114836842105	0.0	0.0	3	1.0015342882932343	-5.905066678744041	138.0	31	1.05	0.95				
	305	1	44.57434356105263	8.789307181052633	0.0	0.0	3	1.014468819003973	-6.0493912796304565	138.0	31	1.05	0.95				
	306	1	85.38184118736844	17.578614362105267	0.0	-100.0	3	1.0316384758377721	-5.639395885383155	138.0	32	1.05	0.95				
	307	2	78.47595697368422	15.695191394736844	0.0	0.0	3	0.9925930389402148	-10.75944513808309	138.0	32	1.05	0.95				
	308	1	107.35510914000001	21.973267952631577	0.0	0.0	3	0.998067361772814	-7.8623721047763775	138.0	32	1.05	0.95				
	309	1	109.8663397631579	22.601075608421052	0.0	0.0	3	1.0267981072672785	-1.5623183441443866	138.0	33	1.05	0.95				
	310	1	122.42249287894738	25.112306231578952	0.0	0.0	3	1.05	-2.058452623698838	138.0	33	1.05	0.95				
	311	1	0.0	0.0	0.0	0.0	3	1.017937245781981	4.664341513847266	230.0	33	1.05	0.95				
	312	1	0.0	0.0	0.0	0.0	3	1.0218625718006844	6.094715168021377	230.0	33	1.05	0.95				
	313	2	166.36902878421054	33.90161341263158	0.0	0.0	3	1.0428209731368747	12.554739450261202	230.0	34	1.05	0.95				
	314	2	121.7946852231579	24.484498575789477	0.0	0.0	3	1.0212604949856936	4.062441851665829	230.0	36	1.05	0.95				
	315	2	199.01502688526315	40.179689970526326	0.0	0.0	3	1.0332895386115208	0.5422115936469846	230.0	36	1.05	0.95				
	316	2	62.780765578947374	12.556153115789476	0.0	0.0	3	1.034536827947682	1.8126325671471362	230.0	36	1.05	0.95				
	317	1	0.0	0.0	0.0	0.0	3	1.0384452205120493	1.9486216341129206	230.0	37	1.05	0.95				
	318	2	209.05994937789475	42.69092059368422	0.0	0.0	3	1.0356526124446663	0.8875972816715737	230.0	37	1.05	0.95				
	319	1	113.63318569789476	23.228883264210527	0.0	0.0	3	1.034783152834203	4.602399496834878	230.0	35	1.05	0.95				
	320	1	80.35937994105265	16.322999050526317	0.0	0.0	3	1.0382131712087357	6.7370634391548645	230.0	35	1.05	0.95				
	321	2	0.0	0.0	0.0	0.0	3	1.0368581824670242	1.3372512593307082	230.0	37	1.05	0.95				
	322	2	0.0	0.0	0.0	0.0	3	1.049999976939282	5.886476684145926	230.0	37	1.05	0.95				
	323	2	0.0	0.0	0.0	0.0	3	1.0406638538304678	7.7098364112449085	230.0	35	1.05	0.95				
	324	1	0.0	0.0	0.0	0.0	3	1.0213776745935814	0.610818964160816	230.0	36	1.05	0.95				
	325	1	0.0	0.0	0.0	0.0	3	1.0410189783883264	8.169098890310787	230.0	35	1.05	0.95				
];
