%% MATPOWER Case Format : Version 2
function mpc = RTS_GMLC
mpc.version = '2';

%%-----  Power Flow Data  -----%%
%% system MVA base
mpc.baseMVA = 100.0;
%% bus data
%    bus_i    type    Pd    Qd    Gs    Bs    area    Vm    Va    baseKV    zone    Vmax    Vmin
mpc.bus = [
	101	2	55.028698673684204	11.20954972982456	0.0	0.0	1	1.0346257358615902	3.02217968525087	138.0	11	1.05	0.95				
	102	2	49.423923808771924	10.190499754385964	0.0	0.0	1	1.0345922207077727	2.9728618264284044	138.0	12	1.05	0.95				
	103	1	91.71449778947368	18.85242454561403	0.0	0.0	1	1.0269224663008805	0.6511045352431903	138.0	11	1.05	0.95				
	104	1	37.70484909122806	7.642874815789473	0.0	0.0	1	1.020721037798156	-0.5628743889778068	138.0	11	1.05	0.95				
	105	1	36.176274128070176	7.133349828070176	0.0	0.0	1	1.0351942862104142	-0.36281442454413515	138.0	11	1.05	0.95				
	106	1	69.29539832982456	14.266699656140352	0.0	-100.0	1	1.0432686690676016	-2.7397041077245814	138.0	12	1.05	0.95				
	107	2	63.69062346491228	12.738124692982456	0.0	0.0	1	1.02978876980547	-2.1506041387238075	138.0	12	1.05	0.95				
	108	1	87.1287729	17.833374570175437	0.0	0.0	1	1.0207302568547223	-3.601256031073066	138.0	12	1.05	0.95				
	109	1	89.16687285087718	18.342899557894736	0.0	0.0	1	1.0255660392369697	-1.4008498810888947	138.0	13	1.05	0.95				
	110	1	99.35737260526315	20.38099950877193	0.0	0.0	1	1.05	-2.194566441536978	138.0	13	1.05	0.95				
	111	1	0.0	0.0	0.0	0.0	1	1.0048786645302608	0.02672095642444196	230.0	13	1.05	0.95				
	112	1	0.0	0.0	0.0	0.0	1	1.0102783477940003	0.5189844214266712	230.0	13	1.05	0.95				
	113	3	135.02412174561402	27.514349336842102	0.0	0.0	1	0.9976114700855403	-1.6159008237672128e-31	230.0	14	1.05	0.95				
	114	2	98.84784761754385	19.871474521052633	0.0	0.0	1	1.0012527843806023	1.993375364846993	230.0	16	1.05	0.95				
	115	2	161.51942110701754	32.609599214035086	0.0	0.0	1	1.04022295739931	8.146423630701687	230.0	16	1.05	0.95				
	116	2	50.952498771929825	10.190499754385964	0.0	0.0	1	1.0361283475585823	7.740569606032983	230.0	16	1.05	0.95				
	117	1	0.0	0.0	0.0	0.0	1	1.0438153612828127	9.840423573906907	230.0	17	1.05	0.95				
	118	2	169.6718209105263	34.64769916491228	0.0	0.0	1	1.046778946858275	10.013271656306374	230.0	17	1.05	0.95				
	119	1	92.22402277719299	18.85242454561403	0.0	0.0	1	1.0296704279944848	6.619461715621785	230.0	15	1.05	0.95				
	120	1	65.21919842807017	13.247649680701754	0.0	0.0	1	1.0280125292024382	6.624316656096733	230.0	15	1.05	0.95				
	121	2	0.0	0.0	0.0	0.0	1	1.05	10.529054776388028	230.0	17	1.05	0.95				
	122	2	0.0	0.0	0.0	0.0	1	1.05	17.029971747552334	230.0	17	1.05	0.95				
	123	2	0.0	0.0	0.0	0.0	1	1.0280344843540559	7.0168216548955185	230.0	15	1.05	0.95				
	124	1	0.0	0.0	0.0	0.0	1	1.025535412562602	5.3532492893420125	230.0	16	1.05	0.95				
	201	2	59.38045018105262	12.096017629473684	0.0	0.0	2	1.0326360162404964	-8.386901818672401	138.0	21	1.05	0.95				
	202	2	53.332441366315784	10.996379663157894	0.0	0.0	2	1.0328140607280947	-8.461462612189369	138.0	22	1.05	0.95				
	203	1	98.96741696842103	20.343302376842104	0.0	0.0	2	1.0230950999178914	-6.6067168287063005	138.0	21	1.05	0.95				
	204	1	40.68660475368421	8.24728474736842	0.0	0.0	2	1.0185286200987556	-10.84180350371533	138.0	21	1.05	0.95				
	205	1	39.03714780421052	7.697465764210526	0.0	0.0	2	1.0341282404129748	-11.090640986203475	138.0	21	1.05	0.95				
	206	1	74.77538170947369	15.394931528421052	0.0	-100.0	2	1.0422005846017859	-13.132864603545034	138.0	22	1.05	0.95				
	207	2	68.72737289473683	13.745474578947366	0.0	0.0	2	0.9876395660925668	-21.459212652281163	138.0	22	1.05	0.95				
	208	1	94.01904612	19.24366441052631	0.0	0.0	2	0.990508894355045	-18.862074151410837	138.0	22	1.05	0.95				
	209	1	96.21832205263156	19.79348339368421	0.0	0.0	2	1.0235037391096697	-10.557256722847828	138.0	23	1.05	0.95				
	210	1	107.21470171578946	21.992759326315788	0.0	0.0	2	1.05	-12.094841475137883	138.0	23	1.05	0.95				
	211	1	0.0	0.0	0.0	0.0	2	1.0120476186560707	-7.698460285060611	230.0	23	1.05	0.95				
	212	1	0.0	0.0	0.0	0.0	2	1.0136839883011548	-6.973988200761047	230.0	23	1.05	0.95				
	213	2	145.70203053684207	29.69022509052631	0.0	0.0	2	1.0099597762201047	-6.691586457255014	230.0	24	1.05	0.95				
	214	2	106.66488273263157	21.442940343157893	0.0	0.0	2	1.0175443465182148	-4.908098284752135	230.0	26	1.05	0.95				
	215	2	174.29261766105262	35.18841492210526	0.0	0.0	2	1.0325097839618804	2.521252986917198	230.0	26	1.05	0.95				
	216	2	54.981898315789465	10.996379663157894	0.0	0.0	2	1.0355914471009682	2.3767676747912354	230.0	26	1.05	0.95				
	217	1	0.0	0.0	0.0	0.0	2	1.0390393914228568	5.380001748418811	230.0	27	1.05	0.95				
	218	2	183.08972139157893	37.387690854736846	0.0	0.0	2	1.0405684533699677	5.826838547558072	230.0	27	1.05	0.95				
	219	1	99.51723595157894	20.343302376842104	0.0	0.0	2	1.0359261856609754	1.5176532189215377	230.0	25	1.05	0.95				
	220	1	70.37682984421052	14.295293562105263	0.0	0.0	2	1.0405069279562467	1.8210650031864943	230.0	25	1.05	0.95				
	221	2	0.0	0.0	0.0	0.0	2	1.0401905473511746	5.483515625465396	230.0	27	1.05	0.95				
	222	2	0.0	0.0	0.0	0.0	2	1.05	11.945344237759363	230.0	27	1.05	0.95				
	223	2	0.0	0.0	0.0	0.0	2	1.0441730376001515	2.3933030893898475	230.0	25	1.05	0.95				
	224	1	0.0	0.0	0.0	0.0	2	1.01760428371257	-0.8992800784458919	230.0	26	1.05	0.95				
	301	2	52.87250868631579	10.770325843508772	0.0	0.0	3	1.0073417280009846	-24.36356008761103	138.0	31	1.05	0.95				
	302	2	47.4873457645614	9.7912053122807	0.0	0.0	3	1.006821376179804	-24.484781801205862	138.0	32	1.05	0.95				
	303	1	88.1208478105263	18.113729827719297	0.0	0.0	3	1.0236130724784305	-18.125894828099423	138.0	31	1.05	0.95				
	304	1	36.227459655438594	7.343403984210525	0.0	0.0	3	1.0090445921440188	-22.768197408140814	138.0	31	1.05	0.95				
	305	1	34.758778858596486	6.853843718596492	0.0	0.0	3	1.0221512331667502	-23.699873988238405	138.0	31	1.05	0.95				
	306	1	66.58019612350877	13.707687437192984	0.0	-100.0	3	1.0383463716984633	-23.89413261292167	138.0	32	1.05	0.95				
	307	2	61.19503320175438	12.239006640350876	0.0	0.0	3	0.9926439413542664	-29.300355352017164	138.0	32	1.05	0.95				
	308	1	83.71480541999999	17.134609296491227	0.0	0.0	3	0.9968956982370437	-27.042145934041592	138.0	32	1.05	0.95				
	309	1	85.67304648245613	17.62416956210526	0.0	0.0	3	1.0270471446272194	-19.36791789732198	138.0	33	1.05	0.95				
	310	1	95.46425179473684	19.5824106245614	0.0	0.0	3	1.05	-21.46280628328878	138.0	33	1.05	0.95				
	311	1	0.0	0.0	0.0	0.0	3	1.0128910438021637	-14.947730584033964	230.0	33	1.05	0.95				
	312	1	0.0	0.0	0.0	0.0	3	1.014111112944671	-14.465550010296313	230.0	33	1.05	0.95				
	313	2	129.73347038771928	26.436254343157895	0.0	0.0	3	1.016379309141097	-11.39191161594043	230.0	34	1.05	0.95				
	314	2	94.9746915291228	19.092850358947366	0.0	0.0	3	1.0199165594934814	-12.559330715363608	230.0	36	1.05	0.95				
	315	2	155.1906041996491	31.331856999298243	0.0	0.0	3	1.0447007311463148	-6.657286133361363	230.0	36	1.05	0.95				
	316	2	48.956026561403505	9.7912053122807	0.0	0.0	3	1.0433767887619887	-6.282359606788644	230.0	36	1.05	0.95				
	317	1	0.0	0.0	0.0	0.0	3	1.046479165852365	-4.158582446790468	230.0	37	1.05	0.95				
	318	2	163.0235684494737	33.290098061754385	0.0	0.0	3	1.0470658362944132	-3.815205480967401	230.0	37	1.05	0.95				
	319	1	88.61040807614035	18.113729827719297	0.0	0.0	3	1.03925342030072	-7.352255895622515	230.0	35	1.05	0.95				
	320	1	62.663713998596485	12.728566905964911	0.0	0.0	3	1.039302083344425	-7.355076735703556	230.0	35	1.05	0.95				
	321	2	0.0	0.0	0.0	0.0	3	1.0495922921617455	-3.152127701797725	230.0	37	1.05	0.95				
	322	2	0.0	0.0	0.0	0.0	3	1.05	1.9315823713498748	230.0	37	1.05	0.95				
	323	2	0.0	0.0	0.0	0.0	3	1.04012648201194	-6.99033952269506	230.0	35	1.05	0.95				
	324	1	0.0	0.0	0.0	0.0	3	1.0224281129670068	-10.911397347684115	230.0	36	1.05	0.95				
	325	1	0.0	0.0	0.0	0.0	3	1.035067949128597	-5.543117232171752	230.0	35	1.05	0.95				
];
