%% MATPOWER Case Format : Version 2
function mpc = RTS_GMLC
mpc.version = '2';

%%-----  Power Flow Data  -----%%
%% system MVA base
mpc.baseMVA = 100.0;
%% bus data
%    bus_i    type    Pd    Qd    Gs    Bs    area    Vm    Va    baseKV    zone    Vmax    Vmin
mpc.bus = [
	101	2	35.951014349052635	7.323354774807019	0.0	0.0	1	0.9884576544055764	-4.945251523460442	138.0	11	1.05	0.95				
	102	2	32.28933696164912	6.657595249824562	0.0	0.0	1	0.988405823593361	-5.1302593879267695	138.0	12	1.05	0.95				
	103	1	59.91835724842106	12.316551212175439	0.0	0.0	1	1.0189091604332279	2.0032686234001855	138.0	11	1.05	0.95				
	104	1	24.633102424350877	4.993196437368421	0.0	0.0	1	1.0030357806527008	-4.464339162110322	138.0	11	1.05	0.95				
	105	1	23.634463136877194	4.660316674877193	0.0	0.0	1	1.0150556013965073	-5.2879768737168	138.0	11	1.05	0.95				
	106	1	45.27164769880702	9.320633349754386	0.0	-100.0	1	1.0383876545426909	-5.9134817117483385	138.0	12	1.05	0.95				
	107	2	41.60997031140351	8.321994062280702	0.0	0.0	1	0.9864069683846146	-10.996312946336676	138.0	12	1.05	0.95				
	108	1	56.922439386	11.650791687192982	0.0	0.0	1	0.9982161072780726	-8.846227934362156	138.0	12	1.05	0.95				
	109	1	58.25395843596491	11.983671449684211	0.0	0.0	1	1.0242218258397249	-2.537069110972108	138.0	13	1.05	0.95				
	110	1	64.91155368578947	13.315190499649123	0.0	0.0	1	1.05	-4.535369955982	138.0	13	1.05	0.95				
	111	1	0.0	0.0	0.0	0.0	1	1.0170416167813696	0.5776066575885301	230.0	13	1.05	0.95				
	112	1	0.0	0.0	0.0	0.0	1	1.0130480302196057	-0.9357752742806995	230.0	13	1.05	0.95				
	113	3	88.21313706017544	17.975507174526317	0.0	0.0	1	0.9980386819563666	1.5415874225470855e-28	230.0	14	1.05	0.95				
	114	2	64.57867392329824	12.982310737157896	0.0	0.0	1	1.0452357154443093	5.084636626992256	230.0	16	1.05	0.95				
	115	2	105.52288470971929	21.304304799438597	0.0	0.0	1	1.036818406352193	15.876034333452386	230.0	16	1.05	0.95				
	116	2	33.287976249122806	6.657595249824562	0.0	0.0	1	1.0372397871737027	13.683309429667771	230.0	16	1.05	0.95				
	117	1	0.0	0.0	0.0	0.0	1	1.036497481885166	20.3607057856393	230.0	17	1.05	0.95				
	118	2	110.84896090957896	22.63582384940351	0.0	0.0	1	1.0462251611811215	21.241482927153683	230.0	17	1.05	0.95				
	119	1	60.251237010912284	12.316551212175439	0.0	0.0	1	1.0336532126015467	8.703011905788443	230.0	15	1.05	0.95				
	120	1	42.608609598877194	8.654873824771931	0.0	0.0	1	1.0381148891926006	5.024302143830413	230.0	15	1.05	0.95				
	121	2	0.0	0.0	0.0	0.0	1	1.040202582142271	22.93238249163632	230.0	17	1.05	0.95				
	122	2	0.0	0.0	0.0	0.0	1	1.05	40.91858600105094	230.0	17	1.05	0.95				
	123	2	0.0	0.0	0.0	0.0	1	1.0418876454552626	3.2655212131522426	230.0	15	1.05	0.95				
	124	1	0.0	0.0	0.0	0.0	1	1.0125053883640043	10.711363429716226	230.0	16	1.05	0.95				
	201	2	41.87061231157895	8.529198804210527	0.0	0.0	2	1.006280955713004	-17.8763021389129	138.0	21	1.05	0.95				
	202	2	37.606012909473684	7.753817094736842	0.0	0.0	2	1.005497964212435	-18.18644298731832	138.0	22	1.05	0.95				
	203	1	69.78435385263158	14.344561625263157	0.0	0.0	2	1.0115978032267567	-13.278552674574147	138.0	21	1.05	0.95				
	204	1	28.689123250526315	5.815362821052632	0.0	0.0	2	1.0088236392581675	-17.938340186262877	138.0	21	1.05	0.95				
	205	1	27.526050686315788	5.42767196631579	0.0	0.0	2	1.0234122489145492	-18.426782875069197	138.0	21	1.05	0.95				
	206	1	52.725956244210536	10.85534393263158	0.0	-100.0	2	1.0409932594674414	-19.232197150268117	138.0	22	1.05	0.95				
	207	2	48.46135684210526	9.692271368421054	0.0	0.0	2	0.9895059810897828	-23.778393513241937	138.0	22	1.05	0.95				
	208	1	66.29513616	13.569179915789473	0.0	0.0	2	0.9983738040006658	-22.072516344561297	138.0	22	1.05	0.95				
	209	1	67.84589957894737	13.956870770526317	0.0	0.0	2	1.0224891829096194	-16.120825947058645	138.0	23	1.05	0.95				
	210	1	75.59971667368421	15.507634189473684	0.0	0.0	2	1.05	-17.720416569945037	138.0	23	1.05	0.95				
	211	1	0.0	0.0	0.0	0.0	2	1.0069515696995783	-13.348320490071394	230.0	23	1.05	0.95				
	212	1	0.0	0.0	0.0	0.0	2	1.014026964805305	-12.819493237322305	230.0	23	1.05	0.95				
	213	2	102.73807650526317	20.935306155789476	0.0	0.0	2	1.006071210254031	-12.234016014973527	230.0	24	1.05	0.95				
	214	2	75.21202581894737	15.119943334736844	0.0	0.0	2	1.0065992343392567	-10.649913290225676	230.0	26	1.05	0.95				
	215	2	122.89800095157895	24.812214703157895	0.0	0.0	2	1.0265683430948245	-3.639658651891849	230.0	26	1.05	0.95				
	216	2	38.769085473684214	7.753817094736842	0.0	0.0	2	1.0299859969138516	-4.5654640955145105	230.0	26	1.05	0.95				
	217	1	0.0	0.0	0.0	0.0	2	1.034849977834062	-2.0392585958844314	230.0	27	1.05	0.95				
	218	2	129.10105462736843	26.362978122105268	0.0	0.0	2	1.0334741444734432	-2.542424956422988	230.0	27	1.05	0.95				
	219	1	70.17204470736843	14.344561625263157	0.0	0.0	2	1.036816638907212	-5.225623817776904	230.0	25	1.05	0.95				
	220	1	49.62442940631579	10.079962223157896	0.0	0.0	2	1.0451014962572196	-5.050804935919638	230.0	25	1.05	0.95				
	221	2	0.0	0.0	0.0	0.0	2	1.0339111347902616	-2.107249270942849	230.0	27	1.05	0.95				
	222	2	0.0	0.0	0.0	0.0	2	1.05	4.416412595239515	230.0	27	1.05	0.95				
	223	2	0.0	0.0	0.0	0.0	2	1.05	-4.670357554068298	230.0	25	1.05	0.95				
	224	1	0.0	0.0	0.0	0.0	2	1.009065034447815	-7.23174956730704	230.0	26	1.05	0.95				
	301	2	44.05757672842106	8.974691555789475	0.0	0.0	3	1.022682695595889	13.83404772766211	138.0	31	1.05	0.95				
	302	2	39.57023095052632	8.158810505263158	0.0	0.0	3	1.0204881387054796	13.487217769235867	138.0	32	1.05	0.95				
	303	1	73.42929454736843	15.093799434736843	0.0	0.0	3	1.05	28.75333096589006	138.0	31	1.05	0.95				
	304	1	30.187598869473685	6.119107878947369	0.0	0.0	3	1.0113715649233974	14.764953416292967	138.0	31	1.05	0.95				
	305	1	28.963777293684213	5.711167353684211	0.0	0.0	3	1.028662009760295	12.21145851279072	138.0	31	1.05	0.95				
	306	1	55.47991143578949	11.422334707368423	0.0	-100.0	3	1.0395074868628127	10.797294900432679	138.0	32	1.05	0.95				
	307	2	50.99256565789474	10.198513131578949	0.0	0.0	3	0.95	7.568082401237871	138.0	32	1.05	0.95				
	308	1	69.75782982000001	14.277918384210528	0.0	0.0	3	0.971630702436566	9.304304509382707	138.0	32	1.05	0.95				
	309	1	71.38959192105264	14.685858909473684	0.0	0.0	3	1.016377314406942	17.52190541173539	138.0	33	1.05	0.95				
	310	1	79.5484024263158	16.317621010526317	0.0	0.0	3	1.0444611612848893	11.884657228667596	138.0	33	1.05	0.95				
	311	1	0.0	0.0	0.0	0.0	3	1.0034875226666837	15.234257917799606	230.0	33	1.05	0.95				
	312	1	0.0	0.0	0.0	0.0	3	1.0087292312586493	15.534492066039252	230.0	33	1.05	0.95				
	313	2	108.10423919473683	22.02878836421053	0.0	0.0	3	1.0026772647656228	15.774093943568964	230.0	34	1.05	0.95				
	314	2	79.14046190105265	15.909680485263161	0.0	0.0	3	0.9981653368384412	15.401078367396819	230.0	36	1.05	0.95				
	315	2	129.31714650842105	26.108193616842108	0.0	0.0	3	1.046958242486158	18.434724106736923	230.0	36	1.05	0.95				
	316	2	40.794052526315795	8.158810505263158	0.0	0.0	3	1.0296100676743365	18.058473287835877	230.0	36	1.05	0.95				
	317	1	0.0	0.0	0.0	0.0	3	1.05	21.55831668519114	230.0	37	1.05	0.95				
	318	2	135.8441949126316	27.739955717894745	0.0	0.0	3	1.05	18.230114773108465	230.0	37	1.05	0.95				
	319	1	73.83723507263159	15.093799434736843	0.0	0.0	3	1.0214225356936413	17.01974848883711	230.0	35	1.05	0.95				
	320	1	52.216387233684216	10.606453656842106	0.0	0.0	3	1.0171100280752599	16.91308182146719	230.0	35	1.05	0.95				
	321	2	0.0	0.0	0.0	0.0	3	1.05	18.957120772096232	230.0	37	1.05	0.95				
	322	2	0.0	0.0	0.0	0.0	3	1.05	24.326165546170213	230.0	37	1.05	0.95				
	323	2	0.0	0.0	0.0	0.0	3	1.0152087048715581	17.176463489949253	230.0	35	1.05	0.95				
	324	1	0.0	0.0	0.0	0.0	3	1.0448858774715115	22.37978210121148	230.0	36	1.05	0.95				
	325	1	0.0	0.0	0.0	0.0	3	1.0167644847542305	17.67977543549886	230.0	35	1.05	0.95				
];
