%% MATPOWER Case Format : Version 2
function mpc = RTS_GMLC
mpc.version = '2';

%%-----  Power Flow Data  -----%%
%% system MVA base
mpc.baseMVA = 100.0;
%% bus data
%    bus_i    type    Pd    Qd    Gs    Bs    area    Vm    Va    baseKV    zone    Vmax    Vmin
mpc.bus = [
	101	2	58.94309747368421	12.006927263157895	0.0	0.0	1	1.05	2.8549763765132323	138.0	11	1.05	0.95				
	102	2	52.93963384210526	10.915388421052633	0.0	0.0	1	1.0491124535022849	2.5173506552820717	138.0	12	1.05	0.95				
	103	1	98.23849578947369	20.193468578947368	0.0	0.0	1	1.0304334822356125	-0.3379429530457454	138.0	11	1.05	0.95				
	104	1	40.386937157894735	8.186541315789473	0.0	0.0	1	1.0287963736566852	-1.225050416356366	138.0	11	1.05	0.95				
	105	1	38.749628894736844	7.640771894736844	0.0	0.0	1	1.041712602739293	-1.4278435642629654	138.0	11	1.05	0.95				
	106	1	74.22464126315789	15.281543789473687	0.0	-100.0	1	1.045096566644247	-4.415220159691582	138.0	12	1.05	0.95				
	107	2	68.22117763157895	13.64423552631579	0.0	0.0	1	0.9990137983691562	-11.429825998964366	138.0	12	1.05	0.95				
	108	1	93.326571	19.101929736842106	0.0	0.0	1	0.9992983700034495	-9.84623844221632	138.0	12	1.05	0.95				
	109	1	95.50964868421052	19.64769915789474	0.0	0.0	1	1.025221988280143	-3.21733015659723	138.0	13	1.05	0.95				
	110	1	106.42503710526316	21.830776842105266	0.0	0.0	1	1.05	-4.135820101876189	138.0	13	1.05	0.95				
	111	1	0.0	0.0	0.0	0.0	1	1.007159193662762	-1.2911918105547304	230.0	13	1.05	0.95				
	112	1	0.0	0.0	0.0	0.0	1	1.0114879919865214	-0.8052976825751142	230.0	13	1.05	0.95				
	113	3	144.62889657894738	29.471548736842106	0.0	0.0	1	1.0030878945862087	-8.259814700845683e-30	230.0	14	1.05	0.95				
	114	2	105.87926768421052	21.285007421052633	0.0	0.0	1	1.0045409265233793	0.07079717416909583	230.0	16	1.05	0.95				
	115	2	173.00890647368422	34.92924294736842	0.0	0.0	1	1.036432644992532	5.565423566102819	230.0	16	1.05	0.95				
	116	2	54.57694210526316	10.915388421052633	0.0	0.0	1	1.033112178818506	5.267867166147959	230.0	16	1.05	0.95				
	117	1	0.0	0.0	0.0	0.0	1	1.0401312748294844	7.695380708804999	230.0	17	1.05	0.95				
	118	2	181.74121721052632	37.112320631578946	0.0	0.0	1	1.042555881198938	8.0017862100534	230.0	17	1.05	0.95				
	119	1	98.78426521052633	20.193468578947368	0.0	0.0	1	1.0267588353357355	4.234862451690679	230.0	15	1.05	0.95				
	120	1	69.85848589473684	14.190004947368424	0.0	0.0	1	1.0248045218057171	4.032742546205773	230.0	15	1.05	0.95				
	121	2	0.0	0.0	0.0	0.0	1	1.0459573470635066	9.306726580942295	230.0	17	1.05	0.95				
	122	2	0.0	0.0	0.0	0.0	1	1.05	15.181890430644174	230.0	17	1.05	0.95				
	123	2	0.0	0.0	0.0	0.0	1	1.0248156038816276	4.340582009111178	230.0	15	1.05	0.95				
	124	1	0.0	0.0	0.0	0.0	1	1.0260511870167013	3.3510621901755986	230.0	16	1.05	0.95				
	201	2	58.20746104421053	11.857075397894738	0.0	0.0	2	1.0221872323094818	-10.159611075607167	138.0	21	1.05	0.95				
	202	2	52.27892334526316	10.77915945263158	0.0	0.0	2	1.0227894745636754	-10.05008135058795	138.0	22	1.05	0.95				
	203	1	97.01243507368422	19.94144498736842	0.0	0.0	2	1.0140833127978808	-9.116015615954922	138.0	21	1.05	0.95				
	204	1	39.88288997473684	8.084369589473685	0.0	0.0	2	1.0148143063925696	-10.63948234609929	138.0	21	1.05	0.95				
	205	1	38.266016056842105	7.545411616842106	0.0	0.0	2	1.0294262420242741	-10.941049210009698	138.0	21	1.05	0.95				
	206	1	73.29828427789474	15.090823233684212	0.0	-100.0	2	1.0408035162018805	-11.888366600271588	138.0	22	1.05	0.95				
	207	2	67.36974657894737	13.473949315789474	0.0	0.0	2	0.9934917664685652	-19.385713127986776	138.0	22	1.05	0.95				
	208	1	92.16181332	18.863529042105263	0.0	0.0	2	0.9946310094410399	-16.840509686549552	138.0	22	1.05	0.95				
	209	1	94.31764521052632	19.402487014736842	0.0	0.0	2	1.0244221718808904	-8.907939965027422	138.0	23	1.05	0.95				
	210	1	105.0968046631579	21.55831890526316	0.0	0.0	2	1.05	-10.006691198253067	138.0	23	1.05	0.95				
	211	1	0.0	0.0	0.0	0.0	2	1.0097330056438032	-6.099732012736324	230.0	23	1.05	0.95				
	212	1	0.0	0.0	0.0	0.0	2	1.0151653685734718	-1.4147431753324455	230.0	23	1.05	0.95				
	213	2	142.82386274736842	29.103730522105266	0.0	0.0	2	1.0093776927003086	-3.6781224957838266	230.0	24	1.05	0.95				
	214	2	104.55784669052632	21.01936093263158	0.0	0.0	2	1.0099963986975817	-4.782472817056026	230.0	26	1.05	0.95				
	215	2	170.84967732421052	34.493310248421054	0.0	0.0	2	1.0259665002491145	0.4638292324039541	230.0	26	1.05	0.95				
	216	2	53.895797263157895	10.77915945263158	0.0	0.0	2	1.0265141566284182	0.41248755260536357	230.0	26	1.05	0.95				
	217	1	0.0	0.0	0.0	0.0	2	1.0305252663578164	1.6751285818962143	230.0	27	1.05	0.95				
	218	2	179.47300488631578	36.64914213894737	0.0	0.0	2	1.0292700619192678	0.9975701365786953	230.0	27	1.05	0.95				
	219	1	97.5513930463158	19.94144498736842	0.0	0.0	2	1.0262340556031806	0.7535542394864935	230.0	25	1.05	0.95				
	220	1	68.98662049684211	14.012907288421053	0.0	0.0	2	1.0303165766128044	2.094437661359047	230.0	25	1.05	0.95				
	221	2	0.0	0.0	0.0	0.0	2	1.0313298119549412	1.6279279896620273	230.0	27	1.05	0.95				
	222	2	0.0	0.0	0.0	0.0	2	1.05	8.140000985696412	230.0	27	1.05	0.95				
	223	2	0.0	0.0	0.0	0.0	2	1.0341104674471577	3.2336705741723404	230.0	25	1.05	0.95				
	224	1	0.0	0.0	0.0	0.0	2	1.0096939101814264	-3.117518636427185	230.0	26	1.05	0.95				
	301	2	70.14362544000001	14.288516293333334	0.0	0.0	3	1.0019088698361842	-11.649574171083263	138.0	31	1.05	0.95				
	302	2	62.99936729333333	12.989560266666667	0.0	0.0	3	1.0017283267961692	-11.728324059572577	138.0	32	1.05	0.95				
	303	1	116.9060424	24.030686493333334	0.0	0.0	3	1.0148443342160742	-7.023043427295961	138.0	31	1.05	0.95				
	304	1	48.06137298666667	9.7421702	0.0	0.0	3	1.0022591605148503	-9.53473838622088	138.0	31	1.05	0.95				
	305	1	46.11293894666667	9.092692186666667	0.0	0.0	3	1.015942933542073	-9.684941734691972	138.0	31	1.05	0.95				
	306	1	88.32900981333334	18.185384373333335	0.0	-100.0	3	1.0318202221279413	-9.307115574577686	138.0	32	1.05	0.95				
	307	2	81.18475166666667	16.236950333333333	0.0	0.0	3	0.9929336357916552	-15.839131185718644	138.0	32	1.05	0.95				
	308	1	111.06074027999999	22.731730466666665	0.0	0.0	3	0.9942946754469666	-12.764837723408666	138.0	32	1.05	0.95				
	309	1	113.65865233333335	23.381208479999998	0.0	0.0	3	1.026196013381107	-5.092538695864009	138.0	33	1.05	0.95				
	310	1	126.6482126	25.979120533333333	0.0	0.0	3	1.05	-5.644731224231562	138.0	33	1.05	0.95				
	311	1	0.0	0.0	0.0	0.0	3	1.0188130515693774	1.5046127192781416	230.0	33	1.05	0.95				
	312	1	0.0	0.0	0.0	0.0	3	1.0215691389332504	2.7129960373636206	230.0	33	1.05	0.95				
	313	2	172.11167353333332	35.071812720000004	0.0	0.0	3	1.0425854858693018	8.76424349788613	230.0	34	1.05	0.95				
	314	2	125.99873458666666	25.32964252	0.0	0.0	3	1.0243438440902248	1.8438324787961127	230.0	36	1.05	0.95				
	315	2	205.88453022666667	41.56659285333333	0.0	0.0	3	1.0339915592861368	-0.8442999101260015	230.0	36	1.05	0.95				
	316	2	64.94780133333333	12.989560266666667	0.0	0.0	3	1.0347378658171698	0.35721681592245197	230.0	36	1.05	0.95				
	317	1	0.0	0.0	0.0	0.0	3	1.0386367597085018	0.9538191159903405	230.0	37	1.05	0.95				
	318	2	216.27617844000002	44.16450490666667	0.0	0.0	3	1.0357170932920872	0.048640660648417273	230.0	37	1.05	0.95				
	319	1	117.55552041333333	24.030686493333334	0.0	0.0	3	1.0346743392763924	2.5509354746829915	230.0	35	1.05	0.95				
	320	1	83.13318570666667	16.88642834666667	0.0	0.0	3	1.0372517311683473	4.142737523490324	230.0	35	1.05	0.95				
	321	2	0.0	0.0	0.0	0.0	3	1.0371617493181653	0.3098816963244059	230.0	37	1.05	0.95				
	322	2	0.0	0.0	0.0	0.0	3	1.0499999854638693	4.872709688216685	230.0	37	1.05	0.95				
	323	2	0.0	0.0	0.0	0.0	3	1.0390551314524303	4.84637033231528	230.0	35	1.05	0.95				
	324	1	0.0	0.0	0.0	0.0	3	1.021081250175127	-1.120875119665034	230.0	36	1.05	0.95				
	325	1	0.0	0.0	0.0	0.0	3	1.0394888044380297	5.224010170493089	230.0	35	1.05	0.95				
];
