%% MATPOWER Case Format : Version 2
function mpc = RTS_GMLC
mpc.version = '2';

%%-----  Power Flow Data  -----%%
%% system MVA base
mpc.baseMVA = 100.0;
%% bus data
%    bus_i    type    Pd    Qd    Gs    Bs    area    Vm    Va    baseKV    zone    Vmax    Vmin
mpc.bus = [
	101	2	45.570014829473685	9.282780798596493	0.0	0.0	1	1.0186938361379951	-2.48664319936044	138.0	11	1.05	0.95				
	102	2	40.92862443017544	8.43889163508772	0.0	0.0	1	1.018329239418226	-2.7645036732051005	138.0	12	1.05	0.95				
	103	1	75.95002471578948	15.61194952491228	0.0	0.0	1	1.0157485441100855	2.5255776977028694	138.0	11	1.05	0.95				
	104	1	31.22389904982456	6.32916872631579	0.0	0.0	1	1.010886784720856	-3.125452455990675	138.0	11	1.05	0.95				
	105	1	29.958065304561405	5.907224144561404	0.0	0.0	1	1.0236426075114338	-4.342564014708373	138.0	11	1.05	0.95				
	106	1	57.38446311859649	11.814448289122808	0.0	-100.0	1	1.0342012914892917	-5.8794996410528295	138.0	12	1.05	0.95				
	107	2	52.74307271929825	10.54861454385965	0.0	0.0	1	0.9897249770087319	-13.606720076286477	138.0	12	1.05	0.95				
	108	1	72.15252348	14.76806036140351	0.0	0.0	1	0.9908248995369013	-10.778619851245562	138.0	12	1.05	0.95				
	109	1	73.84030180701755	15.190004943157895	0.0	0.0	1	1.0112594005123632	-2.777385127770847	138.0	13	1.05	0.95				
	110	1	82.27919344210527	16.87778327017544	0.0	0.0	1	1.038974903324821	-4.850494960415288	138.0	13	1.05	0.95				
	111	1	0.0	0.0	0.0	0.0	1	0.994666230159822	0.015793599717188814	230.0	13	1.05	0.95				
	112	1	0.0	0.0	0.0	0.0	1	0.9934271107689581	-1.2376801719413082	230.0	13	1.05	0.95				
	113	3	111.81531416491228	22.785007414736842	0.0	0.0	1	0.9723250466076737	-2.9676985473451087e-29	230.0	14	1.05	0.95				
	114	2	81.85724886035088	16.455838688421053	0.0	0.0	1	1.013391552213976	3.911091350933522	230.0	16	1.05	0.95				
	115	2	133.75643241614034	27.004453232280706	0.0	0.0	1	1.016772912570359	14.167059316058095	230.0	16	1.05	0.95				
	116	2	42.1944581754386	8.43889163508772	0.0	0.0	1	1.0139916020249415	12.224482783521813	230.0	16	1.05	0.95				
	117	1	0.0	0.0	0.0	0.0	1	1.0183990001770045	18.67345565697564	230.0	17	1.05	0.95				
	118	2	140.50754572421053	28.692231559298246	0.0	0.0	1	1.029714278723277	19.410881939379813	230.0	17	1.05	0.95				
	119	1	76.37196929754386	15.61194952491228	0.0	0.0	1	1.0095811349121107	7.696465509716151	230.0	15	1.05	0.95				
	120	1	54.00890646456141	10.970559125614036	0.0	0.0	1	1.0125939985480379	4.133162625364633	230.0	15	1.05	0.95				
	121	2	0.0	0.0	0.0	0.0	1	1.029457446385387	20.82780252308252	230.0	17	1.05	0.95				
	122	2	0.0	0.0	0.0	0.0	1	1.0361808226184162	39.13571794836966	230.0	17	1.05	0.95				
	123	2	0.0	0.0	0.0	0.0	1	1.0159023474082296	2.5149179443494387	230.0	15	1.05	0.95				
	124	1	0.0	0.0	0.0	0.0	1	1.0021429229703773	9.766061483708302	230.0	16	1.05	0.95				
	201	2	46.93656539368421	9.561152209824561	0.0	0.0	2	1.011454484652246	-21.834462821466815	138.0	21	1.05	0.95				
	202	2	42.15598928877193	8.691956554385966	0.0	0.0	2	1.010483461503517	-22.15268093183979	138.0	22	1.05	0.95				
	203	1	78.22760898947368	16.080119625614035	0.0	0.0	2	0.995196380728632	-15.821625274752503	138.0	21	1.05	0.95				
	204	1	32.16023925122807	6.518967415789473	0.0	0.0	2	0.9969917962575656	-21.477320200676267	138.0	21	1.05	0.95				
	205	1	30.856445768070174	6.084369588070175	0.0	0.0	2	1.014603265726992	-22.109785299855794	138.0	21	1.05	0.95				
	206	1	59.10530456982457	12.16873917614035	0.0	-100.0	2	1.0239528859528293	-22.81969954348173	138.0	22	1.05	0.95				
	207	2	54.324728464912276	10.864945692982456	0.0	0.0	2	0.9714570533191927	-28.224906507100393	138.0	22	1.05	0.95				
	208	1	74.31622854	15.210923970175436	0.0	0.0	2	0.9759688415089351	-26.14365160257239	138.0	22	1.05	0.95				
	209	1	76.05461985087719	15.645521797894734	0.0	0.0	2	0.9991934869766858	-19.047166411340093	138.0	23	1.05	0.95				
	210	1	84.74657640526316	17.38391310877193	0.0	0.0	2	1.0282513313639126	-20.94572395719681	138.0	23	1.05	0.95				
	211	1	0.0	0.0	0.0	0.0	2	0.9875615557849761	-15.736637990652488	230.0	23	1.05	0.95				
	212	1	0.0	0.0	0.0	0.0	2	0.9758696194288469	-15.05094516963214	230.0	23	1.05	0.95				
	213	2	115.16842434561403	23.468282696842106	0.0	0.0	2	0.9794904932896725	-14.32942801315106	230.0	24	1.05	0.95				
	214	2	84.31197857754385	16.94931528105263	0.0	0.0	2	0.9984796371611105	-12.651016271528492	230.0	26	1.05	0.95				
	215	2	137.76751138701752	27.814260974035086	0.0	0.0	2	0.9963150439482129	-4.021086145019027	230.0	26	1.05	0.95				
	216	2	43.459782771929824	8.691956554385966	0.0	0.0	2	0.9938342156340411	-5.281407776259262	230.0	26	1.05	0.95				
	217	1	0.0	0.0	0.0	0.0	2	1.0074103665522227	-2.8344089725666883	230.0	27	1.05	0.95				
	218	2	144.7210766305263	29.552652284912284	0.0	0.0	2	1.0094734623594896	-3.3961083051623167	230.0	27	1.05	0.95				
	219	1	78.66220681719298	16.080119625614035	0.0	0.0	2	0.9782954055557522	-5.679040970884165	230.0	25	1.05	0.95				
	220	1	55.62852194807017	11.299543520701755	0.0	0.0	2	0.9680901826362858	-5.09499793742988	230.0	25	1.05	0.95				
	221	2	0.0	0.0	0.0	0.0	2	1.011379643018517	-2.838525818613046	230.0	27	1.05	0.95				
	222	2	0.0	0.0	0.0	0.0	2	1.0296351212923354	3.4967181723071348	230.0	27	1.05	0.95				
	223	2	0.0	0.0	0.0	0.0	2	0.9634042984101368	-4.387982144683603	230.0	25	1.05	0.95				
	224	1	0.0	0.0	0.0	0.0	2	0.98173305014523	-8.481684036613245	230.0	26	1.05	0.95				
	301	2	62.88326480842106	12.809553942456139	0.0	0.0	3	1.0020550434947137	33.71218702014649	138.0	31	1.05	0.95				
	302	2	56.47848783719298	11.645049038596492	0.0	0.0	3	1.0030146779440146	33.32962964957564	138.0	32	1.05	0.95				
	303	1	104.80544134736843	21.54334072140351	0.0	0.0	3	1.004980635806329	49.5932295768358	138.0	31	1.05	0.95				
	304	1	43.08668144280702	8.733786778947367	0.0	0.0	3	0.9923878357885672	35.17319516621407	138.0	31	1.05	0.95				
	305	1	41.33992408701754	8.151534327017544	0.0	0.0	3	1.0115475200203814	33.01802759156944	138.0	31	1.05	0.95				
	306	1	79.18633346245615	16.303068654035087	0.0	-100.0	3	1.0237917254138287	31.957117895182666	138.0	32	1.05	0.95				
	307	2	72.78155649122807	14.556311298245614	0.0	0.0	3	0.9668083647302299	28.65852888783538	138.0	32	1.05	0.95				
	308	1	99.56516927999999	20.37883581754386	0.0	0.0	3	0.9773349578939948	31.392105121508642	138.0	32	1.05	0.95				
	309	1	101.8941790877193	20.96108826947368	0.0	0.0	3	1.004226204214141	39.171922312828656	138.0	33	1.05	0.95				
	310	1	113.53922812631578	23.290098077192983	0.0	0.0	3	1.0360613876549372	34.23792619917174	138.0	33	1.05	0.95				
	311	1	0.0	0.0	0.0	0.0	3	0.9966172038214706	38.39991162703952	230.0	33	1.05	0.95				
	312	1	0.0	0.0	0.0	0.0	3	1.0073903800114716	39.01939853518864	230.0	33	1.05	0.95				
	313	2	154.2968997614035	31.44163240421053	0.0	0.0	3	1.0119206708480228	42.41885981084048	230.0	34	1.05	0.95				
	314	2	112.95697567438596	22.70784562526316	0.0	0.0	3	0.985376300268076	36.59242244608779	230.0	36	1.05	0.95				
	315	2	184.5740272617544	37.26415692350877	0.0	0.0	3	0.9754282327627535	31.98555168343037	230.0	36	1.05	0.95				
	316	2	58.225245192982456	11.645049038596492	0.0	0.0	3	0.9756808907370773	32.478838895997846	230.0	36	1.05	0.95				
	317	1	0.0	0.0	0.0	0.0	3	0.9753814718839026	32.40473501781743	230.0	37	1.05	0.95				
	318	2	193.89006649263158	39.593166731228074	0.0	0.0	3	0.9637509773844716	28.402621995472003	230.0	37	1.05	0.95				
	319	1	105.38769379929825	21.54334072140351	0.0	0.0	3	0.993293201433639	33.57203858380376	230.0	35	1.05	0.95				
	320	1	74.52831384701754	15.138563750175438	0.0	0.0	3	1.0101029727536415	34.11136881502164	230.0	35	1.05	0.95				
	321	2	0.0	0.0	0.0	0.0	3	0.9762555912395617	30.08047546665099	230.0	37	1.05	0.95				
	322	2	0.0	0.0	0.0	0.0	3	0.9949674153797231	33.773307485496126	230.0	37	1.05	0.95				
	323	2	0.0	0.0	0.0	0.0	3	1.0191473298470484	34.18241034934752	230.0	35	1.05	0.95				
	324	1	0.0	0.0	0.0	0.0	3	0.9818368509323924	40.412272281497025	230.0	36	1.05	0.95				
	325	1	0.0	0.0	0.0	0.0	3	1.0209871384472478	33.05293214260644	230.0	35	1.05	0.95				
];
