%% MATPOWER Case Format : Version 2
function mpc = RTS_GMLC
mpc.version = '2';

%%-----  Power Flow Data  -----%%
%% system MVA base
mpc.baseMVA = 100.0;
%% bus data
%    bus_i    type    Pd    Qd    Gs    Bs    area    Vm    Va    baseKV    zone    Vmax    Vmin
mpc.bus = [
	101	2	42.27016327578947	8.610588815438595	0.0	0.0	1	1.0300656800709667	1.1056392041660934	138.0	11	1.05	0.95				
	102	2	37.96486886807017	7.827808014035087	0.0	0.0	1	1.0275483930305218	0.44251532691494433	138.0	12	1.05	0.95				
	103	1	70.45027212631578	14.481444825964912	0.0	0.0	1	1.0305697205118387	0.5266701292852777	138.0	11	1.05	0.95				
	104	1	28.962889651929824	5.870856010526316	0.0	0.0	1	1.0214924201702895	-1.7533515723005288	138.0	11	1.05	0.95				
	105	1	27.788718449824557	5.479465609824562	0.0	0.0	1	1.0347278785596516	-1.8276940427670214	138.0	11	1.05	0.95				
	106	1	53.2290944954386	10.958931219649124	0.0	-100.0	1	1.045396638262829	-4.011250579543944	138.0	12	1.05	0.95				
	107	2	48.92380008771929	9.784760017543858	0.0	0.0	1	1.000640423287124	-10.205353538334805	138.0	12	1.05	0.95				
	108	1	66.92775852	13.698664024561403	0.0	0.0	1	1.0051167680334325	-8.377411814976885	138.0	12	1.05	0.95				
	109	1	68.493320122807	14.090054425263157	0.0	0.0	1	1.0248698399632332	-2.5324701405495826	138.0	13	1.05	0.95				
	110	1	76.32112813684209	15.655616028070174	0.0	0.0	1	1.05	-3.5548394179360354	138.0	13	1.05	0.95				
	111	1	0.0	0.0	0.0	0.0	1	1.0034069517194113	-0.4553234651110404	230.0	13	1.05	0.95				
	112	1	0.0	0.0	0.0	0.0	1	1.0079259297237197	-1.0462347385661503	230.0	13	1.05	0.95				
	113	3	103.7184561859649	21.135081637894736	0.0	0.0	1	0.9953143137340227	5.5660126468848185e-28	230.0	14	1.05	0.95				
	114	2	75.92973773614034	15.264225627368418	0.0	0.0	1	1.0015105434594256	1.872483286786742	230.0	16	1.05	0.95				
	115	2	124.07075702245614	25.048985644912282	0.0	0.0	1	1.040225220980444	8.718620968661156	230.0	16	1.05	0.95				
	116	2	39.13904007017543	7.827808014035087	0.0	0.0	1	1.0345097166348907	7.382866495515131	230.0	16	1.05	0.95				
	117	1	0.0	0.0	0.0	0.0	1	1.0412390765434125	11.689412283936399	230.0	17	1.05	0.95				
	118	2	130.33300343368418	26.6145472477193	0.0	0.0	1	1.0475378925415106	12.26811006489807	230.0	17	1.05	0.95				
	119	1	70.84166252701753	14.481444825964912	0.0	0.0	1	1.0226437969532065	4.362093451617162	230.0	15	1.05	0.95				
	120	1	50.097971289824564	10.176150418245614	0.0	0.0	1	1.0167483854542085	2.4602301857600652	230.0	15	1.05	0.95				
	121	2	0.0	0.0	0.0	0.0	1	1.0499999980168326	13.719937399524468	230.0	17	1.05	0.95				
	122	2	0.0	0.0	0.0	0.0	1	1.05	24.690773708416987	230.0	17	1.05	0.95				
	123	2	0.0	0.0	0.0	0.0	1	1.0140858741300607	1.7147927498535762	230.0	15	1.05	0.95				
	124	1	0.0	0.0	0.0	0.0	1	1.0261788864296673	5.651315470177101	230.0	16	1.05	0.95				
	201	2	40.119628509473685	8.172516918596491	0.0	0.0	2	1.0139072023138693	-14.578388999284208	138.0	21	1.05	0.95				
	202	2	36.033370050175435	7.4295608350877185	0.0	0.0	2	1.0129787191968889	-14.86551884552205	138.0	22	1.05	0.95				
	203	1	66.86604751578948	13.74468754491228	0.0	0.0	2	1.0159658959966893	-10.612665667982023	138.0	21	1.05	0.95				
	204	1	27.48937508982456	5.572170626315788	0.0	0.0	2	1.0126185649671908	-14.58832381925546	138.0	21	1.05	0.95				
	205	1	26.3749409645614	5.200692584561403	0.0	0.0	2	1.0275406607218087	-15.019376123197077	138.0	21	1.05	0.95				
	206	1	50.521013678596496	10.401385169122806	0.0	-100.0	2	1.043303104207175	-15.74900197915718	138.0	22	1.05	0.95				
	207	2	46.43475521929824	9.286951043859649	0.0	0.0	2	0.995861895376533	-20.127954176974516	138.0	22	1.05	0.95				
	208	1	63.52274513999999	13.001731461403507	0.0	0.0	2	1.0027208816387674	-18.48731885562241	138.0	22	1.05	0.95				
	209	1	65.00865730701754	13.373209503157893	0.0	0.0	2	1.0226088960989275	-12.817107827806378	138.0	23	1.05	0.95				
	210	1	72.43821814210524	14.859121670175437	0.0	0.0	2	1.05	-14.262971616181153	138.0	23	1.05	0.95				
	211	1	0.0	0.0	0.0	0.0	2	1.0043006780070058	-10.020845112699648	230.0	23	1.05	0.95				
	212	1	0.0	0.0	0.0	0.0	2	1.0067841224239362	-9.482139719847297	230.0	23	1.05	0.95				
	213	2	98.44168106491227	20.059814254736843	0.0	0.0	2	0.9986483606728792	-8.875081660632896	230.0	24	1.05	0.95				
	214	2	72.06674010035087	14.48764362842105	0.0	0.0	2	1.0052101485481446	-7.377383966791512	230.0	26	1.05	0.95				
	215	2	117.75853923614032	23.7745946722807	0.0	0.0	2	1.0215309610346095	-0.842135661040849	230.0	26	1.05	0.95				
	216	2	37.147804175438594	7.4295608350877185	0.0	0.0	2	1.0221594683589812	-1.3919707304901157	230.0	26	1.05	0.95				
	217	1	0.0	0.0	0.0	0.0	2	1.0263381209561868	0.17251775380251191	230.0	27	1.05	0.95				
	218	2	123.70218790421052	25.260506839298248	0.0	0.0	2	1.0259383214420261	-0.15624761708604498	230.0	27	1.05	0.95				
	219	1	67.23752555754385	13.74468754491228	0.0	0.0	2	1.0222272613115144	-1.9098738932591004	230.0	25	1.05	0.95				
	220	1	47.5491893445614	9.658429085614035	0.0	0.0	2	1.0245136773286327	-1.6265784656546087	230.0	25	1.05	0.95				
	221	2	0.0	0.0	0.0	0.0	2	1.0280067721187856	0.4105642244930165	230.0	27	1.05	0.95				
	222	2	0.0	0.0	0.0	0.0	2	1.0496640406721354	6.811397753655087	230.0	27	1.05	0.95				
	223	2	0.0	0.0	0.0	0.0	2	1.0261209997951657	-1.183689055845701	230.0	25	1.05	0.95				
	224	1	0.0	0.0	0.0	0.0	2	1.0074529952457087	-4.518691917483268	230.0	26	1.05	0.95				
	301	2	49.55836759578948	10.09522302877193	0.0	0.0	3	1.0109543310853988	2.8332776422802763	138.0	31	1.05	0.95				
	302	2	44.51075608140351	9.177475480701755	0.0	0.0	3	1.0100724369217744	2.47196456798102	138.0	32	1.05	0.95				
	303	1	82.59727932631579	16.978329639298245	0.0	0.0	3	1.0499999988162578	15.955649680474975	138.0	31	1.05	0.95				
	304	1	33.95665927859649	6.8831066105263154	0.0	0.0	3	1.008896740992355	3.2051709937811625	138.0	31	1.05	0.95				
	305	1	32.580037956491225	6.424232836491228	0.0	0.0	3	1.024802621025759	1.9604828576486715	138.0	31	1.05	0.95				
	306	1	62.40683326877193	12.848465672982456	0.0	-100.0	3	1.0400238692973809	0.9165891954037104	138.0	32	1.05	0.95				
	307	2	57.35922175438597	11.471844350877193	0.0	0.0	3	0.9838723289157659	-4.140132507535764	138.0	32	1.05	0.95				
	308	1	78.46741536	16.06058209122807	0.0	0.0	3	0.9919077892131769	-2.0559350766678897	138.0	32	1.05	0.95				
	309	1	80.30291045614035	16.519455865263158	0.0	0.0	3	1.021902838959831	5.7060094487964745	138.0	33	1.05	0.95				
	310	1	89.4803859368421	18.35495096140351	0.0	0.0	3	1.05	2.5662723918761716	138.0	33	1.05	0.95				
	311	1	0.0	0.0	0.0	0.0	3	1.0094856361972298	6.5349546655168345	230.0	33	1.05	0.95				
	312	1	0.0	0.0	0.0	0.0	3	1.0149036738263482	7.054139638138908	230.0	33	1.05	0.95				
	313	2	121.60155011929825	24.77918379789474	0.0	0.0	3	1.0128657318165435	9.269458812492164	230.0	34	1.05	0.95				
	314	2	89.02151216280701	17.896077187368423	0.0	0.0	3	1.0053541750854407	6.621958030587145	230.0	36	1.05	0.95				
	315	2	145.4629863691228	29.367921538245618	0.0	0.0	3	1.0450889266749477	7.572581811298943	230.0	36	1.05	0.95				
	316	2	45.88737740350877	9.177475480701755	0.0	0.0	3	1.0355152511997845	7.307631258966646	230.0	36	1.05	0.95				
	317	1	0.0	0.0	0.0	0.0	3	1.045179812617722	8.970611917118436	230.0	37	1.05	0.95				
	318	2	152.80496675368423	31.203416634385967	0.0	0.0	3	1.0436512887701233	7.3843065557796645	230.0	37	1.05	0.95				
	319	1	83.05615310035088	16.978329639298245	0.0	0.0	3	1.029043462808491	7.5071577181135005	230.0	35	1.05	0.95				
	320	1	58.735843076491236	11.930718124912282	0.0	0.0	3	1.0251190493599258	7.938687912608478	230.0	35	1.05	0.95				
	321	2	0.0	0.0	0.0	0.0	3	1.0450513029320865	8.032498242521196	230.0	37	1.05	0.95				
	322	2	0.0	0.0	0.0	0.0	3	1.05	12.733603582570263	230.0	37	1.05	0.95				
	323	2	0.0	0.0	0.0	0.0	3	1.0235561799879949	8.454430187264792	230.0	35	1.05	0.95				
	324	1	0.0	0.0	0.0	0.0	3	1.0455106824314708	11.64889529089469	230.0	36	1.05	0.95				
	325	1	0.0	0.0	0.0	0.0	3	1.025378743142081	8.917376794632371	230.0	35	1.05	0.95				
];
