%% MATPOWER Case Format : Version 2
function mpc = RTS_GMLC
mpc.version = '2';

%%-----  Power Flow Data  -----%%
%% system MVA base
mpc.baseMVA = 100.0;
%% bus data
%    bus_i    type    Pd    Qd    Gs    Bs    area    Vm    Va    baseKV    zone    Vmax    Vmin
mpc.bus = [
	101	2	43.73973280421053	8.90994557122807	0.0	0.0	1	1.05	6.184275263605882	138.0	11	1.05	0.95				
	102	2	39.284760018596494	8.099950519298247	0.0	0.0	1	1.049161218407205	5.873762796982431	138.0	12	1.05	0.95				
	103	1	72.89955467368421	14.984908460701755	0.0	0.0	1	1.0310823657807533	2.077722244956019	138.0	11	1.05	0.95				
	104	1	29.96981692140351	6.074962889473684	0.0	0.0	1	1.030255122479123	1.8627280896909535	138.0	11	1.05	0.95				
	105	1	28.754824343508773	5.669965363508773	0.0	0.0	1	1.043345485482367	1.8372346305550324	138.0	11	1.05	0.95				
	106	1	55.07966353122807	11.339930727017546	0.0	-100.0	1	1.0488817571152067	-1.0687272385131619	138.0	12	1.05	0.95				
	107	2	50.62469074561403	10.124938149122807	0.0	0.0	1	1.0007736632526971	-7.739130709069892	138.0	12	1.05	0.95				
	108	1	69.25457694	14.17491340877193	0.0	0.0	1	1.0049361195671522	-6.176354613349899	138.0	12	1.05	0.95				
	109	1	70.87456704385964	14.579910934736843	0.0	0.0	1	1.0242351986737321	-0.8028017915986543	138.0	13	1.05	0.95				
	110	1	78.9745175631579	16.199901038596494	0.0	0.0	1	1.05	-1.376891390778138	138.0	13	1.05	0.95				
	111	1	0.0	0.0	0.0	0.0	1	1.001747960752865	0.23017794456905524	230.0	13	1.05	0.95				
	112	1	0.0	0.0	0.0	0.0	1	1.0067230090780646	0.1087534090211562	230.0	13	1.05	0.95				
	113	3	107.32434438070175	21.869866402105266	0.0	0.0	1	0.991434429197769	1.432473564831592e-30	230.0	14	1.05	0.95				
	114	2	78.56952003719299	15.794903512631581	0.0	0.0	1	0.9970059008612209	1.8803249124499846	230.0	16	1.05	0.95				
	115	2	128.3842157308772	25.91984166175439	0.0	0.0	1	1.0330538746045645	7.127303189768321	230.0	16	1.05	0.95				
	116	2	40.49975259649123	8.099950519298247	0.0	0.0	1	1.028735560617439	6.561493717860782	230.0	16	1.05	0.95				
	117	1	0.0	0.0	0.0	0.0	1	1.0370049672883126	9.172850338108422	230.0	17	1.05	0.95				
	118	2	134.86417614631577	27.539831765614036	0.0	0.0	1	1.0401525752256569	9.428593698620812	230.0	17	1.05	0.95				
	119	1	73.30455219964914	14.984908460701755	0.0	0.0	1	1.0193560025289987	4.613491351906316	230.0	15	1.05	0.95				
	120	1	51.83968332350878	10.52993567508772	0.0	0.0	1	1.0143199006625307	3.5765706741814314	230.0	15	1.05	0.95				
	121	2	0.0	0.0	0.0	0.0	1	1.043554618554927	10.520511897559283	230.0	17	1.05	0.95				
	122	2	0.0	0.0	0.0	0.0	1	1.05	17.729676390014863	230.0	17	1.05	0.95				
	123	2	0.0	0.0	0.0	0.0	1	1.0120036893180118	3.3236287159756803	230.0	15	1.05	0.95				
	124	1	0.0	0.0	0.0	0.0	1	1.0249578218165805	5.225497358208735	230.0	16	1.05	0.95				
	201	2	39.643632947368424	8.075554859649122	0.0	0.0	2	1.0158271416487197	-10.241165686573488	138.0	21	1.05	0.95				
	202	2	35.60585551754386	7.3414135087719306	0.0	0.0	2	1.0151907901870805	-10.441763035443211	138.0	22	1.05	0.95				
	203	1	66.07272157894737	13.581614991228069	0.0	0.0	2	1.0163024295808716	-7.286089527438971	138.0	21	1.05	0.95				
	204	1	27.163229982456137	5.5060601315789475	0.0	0.0	2	1.0138873813179439	-10.479381532000918	138.0	21	1.05	0.95				
	205	1	26.062017956140348	5.138989456140351	0.0	0.0	2	1.0285927974495068	-10.83522268579569	138.0	21	1.05	0.95				
	206	1	49.921611859649126	10.277978912280702	0.0	-100.0	2	1.0439415764308746	-11.622892923758432	138.0	22	1.05	0.95				
	207	2	45.88383442982457	9.176766885964913	0.0	0.0	2	0.995941765091809	-16.11319980804604	138.0	22	1.05	0.95				
	208	1	62.7690855	12.847473640350875	0.0	0.0	2	1.00298672129363	-14.49671515460491	138.0	22	1.05	0.95				
	209	1	64.23736820175438	13.214544315789473	0.0	0.0	2	1.022781631306039	-8.983537322542476	138.0	23	1.05	0.95				
	210	1	71.57878171052631	14.682827017543861	0.0	0.0	2	1.05	-10.247975244277525	138.0	23	1.05	0.95				
	211	1	0.0	0.0	0.0	0.0	2	1.003318518657664	-6.271384091205581	230.0	23	1.05	0.95				
	212	1	0.0	0.0	0.0	0.0	2	1.0062579710284225	-5.559161897085668	230.0	23	1.05	0.95				
	213	2	97.27372899122807	19.821816473684212	0.0	0.0	2	0.9975497032943494	-4.973704133288249	230.0	24	1.05	0.95				
	214	2	71.21171103508772	14.315756342105265	0.0	0.0	2	1.0025959847533457	-3.9238111465172723	230.0	26	1.05	0.95				
	215	2	116.36140411403508	23.492523228070176	0.0	0.0	2	1.0199108314378253	1.920942633989708	230.0	26	1.05	0.95				
	216	2	36.70706754385965	7.3414135087719306	0.0	0.0	2	1.0203556167490067	1.6135746076983035	230.0	26	1.05	0.95				
	217	1	0.0	0.0	0.0	0.0	2	1.024650184995016	2.8633102101903307	230.0	27	1.05	0.95				
	218	2	122.23453492105263	24.960805929824563	0.0	0.0	2	1.0242075014153553	2.561189140280145	230.0	27	1.05	0.95				
	219	1	66.43979225438596	13.581614991228069	0.0	0.0	2	1.0208905344158798	1.515238564819079	230.0	25	1.05	0.95				
	220	1	46.98504645614035	9.543837561403508	0.0	0.0	2	1.0235215484099436	2.1555723392586352	230.0	25	1.05	0.95				
	221	2	0.0	0.0	0.0	0.0	2	1.026314221957667	3.1443613871442775	230.0	27	1.05	0.95				
	222	2	0.0	0.0	0.0	0.0	2	1.047982957697778	9.549573443027965	230.0	27	1.05	0.95				
	223	2	0.0	0.0	0.0	0.0	2	1.0254009473189747	2.7911801303655404	230.0	25	1.05	0.95				
	224	1	0.0	0.0	0.0	0.0	2	1.007230517421902	-1.5499799968153354	230.0	26	1.05	0.95				
	301	2	50.275862071578956	10.241379310877194	0.0	0.0	3	1.011887408912678	-11.353326093648597	138.0	31	1.05	0.95				
	302	2	45.15517241614035	9.310344828070177	0.0	0.0	3	1.0111136122136746	-11.520314708603932	138.0	32	1.05	0.95				
	303	1	83.79310345263158	17.224137931929825	0.0	0.0	3	1.0351567990280068	-3.2024752026952794	138.0	31	1.05	0.95				
	304	1	34.44827586385965	6.982758621052632	0.0	0.0	3	1.0123184423969052	-9.796862842106334	138.0	31	1.05	0.95				
	305	1	33.051724139649124	6.517241379649123	0.0	0.0	3	1.0250743826277882	-11.324309046046931	138.0	31	1.05	0.95				
	306	1	63.310344830877206	13.034482759298246	0.0	-100.0	3	1.0401582809730643	-11.847239500843683	138.0	32	1.05	0.95				
	307	2	58.1896551754386	11.63793103508772	0.0	0.0	3	0.9950429204508517	-16.55477389506155	138.0	32	1.05	0.95				
	308	1	79.60344828	16.293103449122807	0.0	0.0	3	0.9995314107639854	-14.425871920094371	138.0	32	1.05	0.95				
	309	1	81.46551724561404	16.758620690526314	0.0	0.0	3	1.0284817166592868	-6.492795393454742	138.0	33	1.05	0.95				
	310	1	90.77586207368421	18.620689656140353	0.0	0.0	3	1.05	-9.798195531316644	138.0	33	1.05	0.95				
	311	1	0.0	0.0	0.0	0.0	3	1.0087727884784166	-4.19648138664448	230.0	33	1.05	0.95				
	312	1	0.0	0.0	0.0	0.0	3	1.0122637979726137	-3.7945209058468685	230.0	33	1.05	0.95				
	313	2	123.36206897192983	25.137931035789478	0.0	0.0	3	1.0106580254672333	-0.8966744831234812	230.0	34	1.05	0.95				
	314	2	90.3103448322807	18.155172414736846	0.0	0.0	3	1.0069568198438033	-3.0172090829683795	230.0	36	1.05	0.95				
	315	2	147.5689655249123	29.793103449824564	0.0	0.0	3	1.0275389913832653	-0.40278682682417855	230.0	36	1.05	0.95				
	316	2	46.55172414035088	9.310344828070177	0.0	0.0	3	1.0260564097172415	0.08895311588319783	230.0	36	1.05	0.95				
	317	1	0.0	0.0	0.0	0.0	3	1.032122621989594	1.5663333691242702	230.0	37	1.05	0.95				
	318	2	155.01724138736844	31.655172415438603	0.0	0.0	3	1.0297893441317578	0.8218386625733193	230.0	37	1.05	0.95				
	319	1	84.25862069403509	17.224137931929825	0.0	0.0	3	1.0235069262575982	0.21713785380059325	230.0	35	1.05	0.95				
	320	1	59.58620689964913	12.10344827649123	0.0	0.0	3	1.0223082762627416	0.25722967357499144	230.0	35	1.05	0.95				
	321	2	0.0	0.0	0.0	0.0	3	1.0311803066341092	0.9713385985956282	230.0	37	1.05	0.95				
	322	2	0.0	0.0	0.0	0.0	3	1.0448800048756757	5.554406289485491	230.0	37	1.05	0.95				
	323	2	0.0	0.0	0.0	0.0	3	1.0223169570864388	0.6070485798550901	230.0	35	1.05	0.95				
	324	1	0.0	0.0	0.0	0.0	3	1.0260912564640425	-0.6144411916366223	230.0	36	1.05	0.95				
	325	1	0.0	0.0	0.0	0.0	3	1.022053342941159	1.454615556636146	230.0	35	1.05	0.95				
];
