%% MATPOWER Case Format : Version 2
function mpc = RTS_GMLC
mpc.version = '2';

%%-----  Power Flow Data  -----%%
%% system MVA base
mpc.baseMVA = 100.0;
%% bus data
%    bus_i    type    Pd    Qd    Gs    Bs    area    Vm    Va    baseKV    zone    Vmax    Vmin
mpc.bus = [
	101	2	44.90202869052632	9.146709548070175	0.0	0.0	1	1.012720848843795	-4.267811229584502	138.0	11	1.05	0.95				
	102	2	40.328673916491226	8.315190498245615	0.0	0.0	1	1.0125571533256215	-4.503779124608814	138.0	12	1.05	0.95				
	103	1	74.83671448421052	15.383102421754385	0.0	0.0	1	1.0033849946019615	0.6316729962021718	138.0	11	1.05	0.95				
	104	1	30.76620484350877	6.23639287368421	0.0	0.0	1	1.0031343346371402	-4.391305587091982	138.0	11	1.05	0.95				
	105	1	29.518926268771928	5.82063334877193	0.0	0.0	1	1.0167540611295454	-5.512471654677394	138.0	11	1.05	0.95				
	106	1	56.54329538807018	11.64126669754386	0.0	-100.0	1	1.026771479139698	-6.710026458962113	138.0	12	1.05	0.95				
	107	2	51.96994061403508	10.393988122807016	0.0	0.0	1	0.9863988531884386	-10.649615644720205	138.0	12	1.05	0.95				
	108	1	71.09487875999999	14.551583371929825	0.0	0.0	1	0.9876340944260047	-9.368410219270826	138.0	12	1.05	0.95				
	109	1	72.75791685964911	14.967342896842103	0.0	0.0	1	1.0027648935713953	-3.4694840810727827	138.0	13	1.05	0.95				
	110	1	81.07310735789474	16.63038099649123	0.0	0.0	1	1.030740000685544	-5.402271072492179	138.0	13	1.05	0.95				
	111	1	0.0	0.0	0.0	0.0	1	0.9830394066959081	-0.7857906464986938	230.0	13	1.05	0.95				
	112	1	0.0	0.0	0.0	0.0	1	0.9835604003932616	-1.5566168164518681	230.0	13	1.05	0.95				
	113	3	110.17627410175437	22.45101434526316	0.0	0.0	1	0.9648539489487366	-2.2466375868477652e-29	230.0	14	1.05	0.95				
	114	2	80.65734783298245	16.214621471578948	0.0	0.0	1	0.9933833749062749	2.3115888494748726	230.0	16	1.05	0.95				
	115	2	131.79576939719297	26.608609594385964	0.0	0.0	1	0.9944808191606105	10.962682386699568	230.0	16	1.05	0.95				
	116	2	41.575952491228065	8.315190498245615	0.0	0.0	1	0.9927902520798696	9.546364432398114	230.0	16	1.05	0.95				
	117	1	0.0	0.0	0.0	0.0	1	0.995183695889567	15.182002705354035	230.0	17	1.05	0.95				
	118	2	138.44792179578945	28.27164769403509	0.0	0.0	1	1.0041377464459051	15.578332147839747	230.0	17	1.05	0.95				
	119	1	75.2524740091228	15.383102421754385	0.0	0.0	1	0.9920184304721695	6.051288723308834	230.0	15	1.05	0.95				
	120	1	53.21721918877193	10.809747647719298	0.0	0.0	1	0.9961238716588832	3.419483634443312	230.0	15	1.05	0.95				
	121	2	0.0	0.0	0.0	0.0	1	1.0051002615107096	16.705713561844355	230.0	17	1.05	0.95				
	122	2	0.0	0.0	0.0	0.0	1	1.0091353194631336	35.08254479980021	230.0	17	1.05	0.95				
	123	2	0.0	0.0	0.0	0.0	1	0.9994472596167965	2.317974132890652	230.0	15	1.05	0.95				
	124	1	0.0	0.0	0.0	0.0	1	0.9854809593679209	7.017931253986291	230.0	16	1.05	0.95				
	201	2	44.488588054736844	9.062490159298244	0.0	0.0	2	1.0104722367299483	-11.732761582850285	138.0	21	1.05	0.95				
	202	2	39.95734297508772	8.238627417543858	0.0	0.0	2	1.0093410572030468	-11.930798378049515	138.0	22	1.05	0.95				
	203	1	74.14764675789473	15.241460722456138	0.0	0.0	2	0.9967502210653038	-8.977735999731264	138.0	21	1.05	0.95				
	204	1	30.482921444912275	6.178970563157894	0.0	0.0	2	1.0004867680732452	-11.03469167272853	138.0	21	1.05	0.95				
	205	1	29.247127332280698	5.767039192280702	0.0	0.0	2	1.0167082819188906	-11.389307109371918	138.0	21	1.05	0.95				
	206	1	56.02266643929824	11.534078384561404	0.0	-100.0	2	1.0281650127607154	-11.716193938577518	138.0	22	1.05	0.95				
	207	2	51.49142135964912	10.298284271929823	0.0	0.0	2	0.9711342462588677	-16.7068538368611	138.0	22	1.05	0.95				
	208	1	70.44026441999999	14.417597980701752	0.0	0.0	2	0.9793398346091509	-14.80169739145643	138.0	22	1.05	0.95				
	209	1	72.08798990350877	14.829529351578946	0.0	0.0	2	1.0057119666441836	-8.539674820629404	138.0	23	1.05	0.95				
	210	1	80.32661732105262	16.477254835087717	0.0	0.0	2	1.0331672258527393	-9.679952456440699	138.0	23	1.05	0.95				
	211	1	0.0	0.0	0.0	0.0	2	0.9867536387306537	-6.167810313937753	230.0	23	1.05	0.95				
	212	1	0.0	0.0	0.0	0.0	2	0.9891021220891422	-1.6023956878840733	230.0	23	1.05	0.95				
	213	2	109.16181328245614	22.244294027368422	0.0	0.0	2	0.9830165544792085	-3.8101275560785437	230.0	24	1.05	0.95				
	214	2	79.91468595017544	16.065323464210525	0.0	0.0	2	0.9830551051557789	-5.148503825250572	230.0	26	1.05	0.95				
	215	2	130.58224456807017	26.36360773614035	0.0	0.0	2	0.9911568844224627	-0.5311402461541322	230.0	26	1.05	0.95				
	216	2	41.19313708771929	8.238627417543858	0.0	0.0	2	0.9894040358975419	-0.9816757710454704	230.0	26	1.05	0.95				
	217	1	0.0	0.0	0.0	0.0	2	0.9997087250591119	0.2620674131018656	230.0	27	1.05	0.95				
	218	2	137.17314650210525	28.01133321964912	0.0	0.0	2	1.0003766463848782	-0.21957815830021693	230.0	27	1.05	0.95				
	219	1	74.55957812877193	15.241460722456138	0.0	0.0	2	0.9835413515995443	-0.5288241130283056	230.0	25	1.05	0.95				
	220	1	52.7272154722807	10.710215642807016	0.0	0.0	2	0.9815595623447402	0.7441714441048215	230.0	25	1.05	0.95				
	221	2	0.0	0.0	0.0	0.0	2	1.0026611225246922	0.3603754324326903	230.0	27	1.05	0.95				
	222	2	0.0	0.0	0.0	0.0	2	1.0207945461356411	5.966273446022757	230.0	27	1.05	0.95				
	223	2	0.0	0.0	0.0	0.0	2	0.9815141140834936	1.7938396731004487	230.0	25	1.05	0.95				
	224	1	0.0	0.0	0.0	0.0	2	0.9830601425094857	-3.7466240547183025	230.0	26	1.05	0.95				
	301	2	66.33407148631579	13.512496043508774	0.0	0.0	3	1.003055604422569	11.644205197186594	138.0	31	1.05	0.95				
	302	2	59.577823464561405	12.284087312280704	0.0	0.0	3	1.0032098878233429	11.466806470301279	138.0	32	1.05	0.95				
	303	1	110.55678581052632	22.7255615277193	0.0	0.0	3	1.004615115156089	19.92299409059899	138.0	31	1.05	0.95				
	304	1	45.4511230554386	9.213065484210526	0.0	0.0	3	0.9930493705524008	13.608754219285034	138.0	31	1.05	0.95				
	305	1	43.60850995859649	8.598861118596494	0.0	0.0	3	1.008757011522069	12.797803189937243	138.0	31	1.05	0.95				
	306	1	83.53179372350878	17.197722237192988	0.0	-100.0	3	1.0193809251331403	12.745192182137671	138.0	32	1.05	0.95				
	307	2	76.77554570175438	15.355109140350878	0.0	0.0	3	0.9662580056896853	8.77612711109863	138.0	32	1.05	0.95				
	308	1	105.02894652	21.49715279649123	0.0	0.0	3	0.9768894777041481	11.67130203692636	138.0	32	1.05	0.95				
	309	1	107.48576398245615	22.111357162105264	0.0	0.0	3	1.0070212693375127	17.97280668293969	138.0	33	1.05	0.95				
	310	1	119.76985129473685	24.568174624561408	0.0	0.0	3	1.0318868392423997	15.993957431960933	138.0	33	1.05	0.95				
	311	1	0.0	0.0	0.0	0.0	3	0.9921967657597134	22.465176112082528	230.0	33	1.05	0.95				
	312	1	0.0	0.0	0.0	0.0	3	0.9982535258146148	22.946277134489694	230.0	33	1.05	0.95				
	313	2	162.7641568877193	33.167035743157896	0.0	0.0	3	1.0052656694834836	27.87212553543847	230.0	34	1.05	0.95				
	314	2	119.15564692912281	23.953970258947372	0.0	0.0	3	0.9902107136561007	23.241456802668594	230.0	36	1.05	0.95				
	315	2	194.70278389964912	39.30907939929825	0.0	0.0	3	0.9875327534360978	22.31223282431047	230.0	36	1.05	0.95				
	316	2	61.42043656140351	12.284087312280704	0.0	0.0	3	0.9818661049923315	23.42018998774485	230.0	36	1.05	0.95				
	317	1	0.0	0.0	0.0	0.0	3	0.9944665803609819	26.839799697624226	230.0	37	1.05	0.95				
	318	2	204.5300537494737	41.76589686175439	0.0	0.0	3	0.9870088533026684	22.84076227944935	230.0	37	1.05	0.95				
	319	1	111.17099017614036	22.7255615277193	0.0	0.0	3	0.9922389080064515	23.612344830720076	230.0	35	1.05	0.95				
	320	1	78.6181587985965	15.969313505964914	0.0	0.0	3	1.0032073915587743	23.540506950851295	230.0	35	1.05	0.95				
	321	2	0.0	0.0	0.0	0.0	3	0.9941893578103389	23.239799438902956	230.0	37	1.05	0.95				
	322	2	0.0	0.0	0.0	0.0	3	1.0123494038698133	28.07541135516592	230.0	37	1.05	0.95				
	323	2	0.0	0.0	0.0	0.0	3	1.0091479066174798	23.316821134390832	230.0	35	1.05	0.95				
	324	1	0.0	0.0	0.0	0.0	3	0.9910147885719398	22.991656654152575	230.0	36	1.05	0.95				
