%% MATPOWER Case Format : Version 2
function mpc = RTS_GMLC
mpc.version = '2';

%%-----  Power Flow Data  -----%%
%% system MVA base
mpc.baseMVA = 100.0;
%% bus data
%    bus_i    type    Pd    Qd    Gs    Bs    area    Vm    Va    baseKV    zone    Vmax    Vmin
mpc.bus = [
	101	2	91.95497280000001	18.731568533333334	0.0	0.0	1	1.045235726182253	-1.551231439739949	138.0	11	1.05	0.95				
	102	2	82.58918853333333	17.028698666666667	0.0	0.0	1	1.0450747603112704	-1.687314398469953	138.0	12	1.05	0.95				
	103	1	153.25828800000002	31.503092533333334	0.0	0.0	1	1.021362088543835	-3.2049507247094406	138.0	11	1.05	0.95				
	104	1	63.00618506666667	12.771523999999998	0.0	0.0	1	1.022233950613136	-5.1661925773826995	138.0	11	1.05	0.95				
	105	1	60.451880266666656	11.920089066666668	0.0	0.0	1	1.0356703187678995	-5.574826005514969	138.0	11	1.05	0.95				
	106	1	115.79515093333335	23.840178133333335	0.0	-100.0	1	1.0354980395874271	-8.61100222878547	138.0	12	1.05	0.95				
	107	2	106.42936666666667	21.28587333333333	0.0	0.0	1	1.05	-7.205820538224667	138.0	12	1.05	0.95				
	108	1	145.5953736	29.800222666666663	0.0	0.0	1	1.0226581951905465	-9.435997631057974	138.0	12	1.05	0.95				
	109	1	149.00111333333334	30.6516576	0.0	0.0	1	1.0273050478666934	-5.524416559213814	138.0	13	1.05	0.95				
	110	1	166.029812	34.057397333333334	0.0	0.0	1	1.05	-7.030917210814626	138.0	13	1.05	0.95				
	111	1	0.0	0.0	0.0	0.0	1	1.0164551436804579	-2.380905098616972	230.0	13	1.05	0.95				
	112	1	0.0	0.0	0.0	0.0	1	1.018448549411688	-1.401165945646212	230.0	13	1.05	0.95				
	113	3	225.6302573333333	45.977486400000004	0.0	0.0	1	1.020817036250553	7.690138368403826e-28	230.0	14	1.05	0.95				
	114	2	165.17837706666666	33.2059624	0.0	0.0	1	1.0197112995772215	-0.5525998349230753	230.0	16	1.05	0.95				
	115	2	269.90487386666666	54.49183573333334	0.0	0.0	1	1.0443028841387818	7.598720873761076	230.0	16	1.05	0.95				
	116	2	85.14349333333332	17.028698666666667	0.0	0.0	1	1.0439582924285709	7.20304808519741	230.0	16	1.05	0.95				
	117	1	0.0	0.0	0.0	0.0	1	1.0473989601265261	10.523107669531171	230.0	17	1.05	0.95				
	118	2	283.5278328	57.89757546666667	0.0	0.0	1	1.049827447826619	11.224295666737467	230.0	17	1.05	0.95				
	119	1	154.10972293333333	31.503092533333334	0.0	0.0	1	1.0384053141100948	5.907825984367512	230.0	15	1.05	0.95				
	120	1	108.98367146666668	22.137308266666665	0.0	0.0	1	1.0408967779682958	6.130770361761174	230.0	15	1.05	0.95				
	121	2	0.0	0.0	0.0	0.0	1	1.05	11.963864691607457	230.0	17	1.05	0.95				
	122	2	0.0	0.0	0.0	0.0	1	1.05	18.74411596139554	230.0	17	1.05	0.95				
	123	2	0.0	0.0	0.0	0.0	1	1.0448197578820946	6.877114910141177	230.0	15	1.05	0.95				
	124	1	0.0	0.0	0.0	0.0	1	1.0221967341665719	3.600223124334754	230.0	16	1.05	0.95				
	201	2	92.30914527157896	18.80371477754386	0.0	0.0	2	1.05	-15.517458487790146	138.0	21	1.05	0.95				
	202	2	82.90728788280701	17.09428616140351	0.0	0.0	2	1.05	-15.677950858858106	138.0	22	1.05	0.95				
	203	1	153.84857545263156	31.624429398596494	0.0	0.0	2	1.0250915963693337	-11.31750814434277	138.0	21	1.05	0.95				
	204	1	63.24885879719299	12.82071462105263	0.0	0.0	2	1.0210946080195415	-16.947212913660344	138.0	21	1.05	0.95				
	205	1	60.68471587298245	11.966000312982457	0.0	0.0	2	1.0390324181348298	-17.458855963486588	138.0	21	1.05	0.95				
	206	1	116.24114589754386	23.932000625964914	0.0	-100.0	2	1.0376389634754186	-19.366737970678738	138.0	22	1.05	0.95				
	207	2	106.83928850877193	21.367857701754385	0.0	0.0	2	0.95	-30.12094877676242	138.0	22	1.05	0.95				
	208	1	146.15614668	29.91500078245614	0.0	0.0	2	0.9548384800961293	-26.675159616969825	138.0	22	1.05	0.95				
	209	1	149.57500391228072	30.76971509052632	0.0	0.0	2	1.025026218168177	-14.552218305693211	138.0	23	1.05	0.95				
	210	1	166.6692900736842	34.18857232280702	0.0	0.0	2	1.0497006230608938	-16.777345773673037	138.0	23	1.05	0.95				
	211	1	0.0	0.0	0.0	0.0	2	1.0319786558130168	-9.377305715431694	230.0	23	1.05	0.95				
	212	1	0.0	0.0	0.0	0.0	2	1.024360036288265	-6.846688292155566	230.0	23	1.05	0.95				
	213	2	226.49929163859647	46.15457263578948	0.0	0.0	2	1.05	-5.501298271741719	230.0	24	1.05	0.95				
	214	2	165.81457576561402	33.33385801473685	0.0	0.0	2	1.05	-6.7665238559491305	230.0	26	1.05	0.95				
	215	2	270.9444356582456	54.70171571649123	0.0	0.0	2	1.0445313988956089	2.5039798812758916	230.0	26	1.05	0.95				
	216	2	85.47143080701754	17.09428616140351	0.0	0.0	2	1.0484805846473997	2.2220150288855733	230.0	26	1.05	0.95				
	217	1	0.0	0.0	0.0	0.0	2	1.0493144834732107	5.55128315793863	230.0	27	1.05	0.95				
	218	2	284.61986458736845	58.12057294877193	0.0	0.0	2	1.05	6.161949973923647	230.0	27	1.05	0.95				
	219	1	154.70328976070175	31.624429398596494	0.0	0.0	2	1.042726965244304	1.6642299035004462	230.0	25	1.05	0.95				
	220	1	109.40343143298246	22.222572009824564	0.0	0.0	2	1.0455479313292353	2.776673695876452	230.0	25	1.05	0.95				
	221	2	0.0	0.0	0.0	0.0	2	1.05	6.670648633217555	230.0	27	1.05	0.95				
	222	2	0.0	0.0	0.0	0.0	2	1.05	12.743405482251854	230.0	27	1.05	0.95				
	223	2	0.0	0.0	0.0	0.0	2	1.05	4.005892180410133	230.0	25	1.05	0.95				
	224	1	0.0	0.0	0.0	0.0	2	1.0195953729170069	-2.6350663516312585	230.0	26	1.05	0.95				
	301	2	81.46978802526316	16.59569756070175	0.0	0.0	3	0.9899756057149324	-15.890909457346389	138.0	31	1.05	0.95				
	302	2	73.17193924491228	15.086997782456141	0.0	0.0	3	0.9901578604855067	-16.06815994354744	138.0	32	1.05	0.95				
	303	1	135.78298004210524	27.91094589754386	0.0	0.0	3	1.0072550171418235	-7.575473527787576	138.0	31	1.05	0.95				
	304	1	55.82189179508772	11.315248336842105	0.0	0.0	3	0.9826764693961828	-13.413856749099201	138.0	31	1.05	0.95				
	305	1	53.558842127719295	10.560898447719298	0.0	0.0	3	0.9963710400585297	-14.02035872129749	138.0	31	1.05	0.95				
	306	1	102.59158492070175	21.121796895438596	0.0	-100.0	3	1.0069755165692802	-13.81733935761245	138.0	32	1.05	0.95				
	307	2	94.29373614035087	18.858747228070175	0.0	0.0	3	0.9648680240459971	-19.585016549347483	138.0	32	1.05	0.95				
	308	1	128.99383104	26.402246119298244	0.0	0.0	3	0.9667408855100983	-16.444937069347475	138.0	32	1.05	0.95				
	309	1	132.01123059649123	27.15659600842105	0.0	0.0	3	1.005990103599003	-8.032951483678321	138.0	33	1.05	0.95				
	310	1	147.09822837894734	30.173995564912282	0.0	0.0	3	1.0262872296082073	-9.613265310820408	138.0	33	1.05	0.95				
	311	1	0.0	0.0	0.0	0.0	3	1.002012438900279	-1.1134489104466632	230.0	33	1.05	0.95				
	312	1	0.0	0.0	0.0	0.0	3	1.0032031737301377	-0.030832028751294666	230.0	33	1.05	0.95				
	313	2	199.90272061754385	40.73489401263158	0.0	0.0	3	1.027023666882026	6.0979771815816965	230.0	34	1.05	0.95				
	314	2	146.34387848982456	29.419645675789475	0.0	0.0	3	1.014116073501392	0.009867359399594256	230.0	36	1.05	0.95				
	315	2	239.1289148519298	48.27839290385965	0.0	0.0	3	1.039463313750843	1.0006891778227025	230.0	36	1.05	0.95				
	316	2	75.4349889122807	15.086997782456141	0.0	0.0	3	1.036398963330012	1.728380965419542	230.0	36	1.05	0.95				
	317	1	0.0	0.0	0.0	0.0	3	1.0423106235799	3.199598627146022	230.0	37	1.05	0.95				
	318	2	251.19851307789475	51.295792460350874	0.0	0.0	3	1.0423415155862135	2.7219768858921496	230.0	37	1.05	0.95				
	319	1	136.53732993122807	27.91094589754386	0.0	0.0	3	1.0321702987202108	2.7288092076376826	230.0	35	1.05	0.95				
	320	1	96.5567858077193	19.613097117192982	0.0	0.0	3	1.0322298893745332	3.727306557401919	230.0	35	1.05	0.95				
	321	2	0.0	0.0	0.0	0.0	3	1.0451856329878508	3.8397242863818875	230.0	37	1.05	0.95				
	322	2	0.0	0.0	0.0	0.0	3	1.05	9.355308475680834	230.0	37	1.05	0.95				
	323	2	0.0	0.0	0.0	0.0	3	1.033113972636935	4.265166375020108	230.0	35	1.05	0.95				
	324	1	0.0	0.0	0.0	0.0	3	1.0188434393683425	-0.46448843815500096	230.0	36	1.05	0.95				
	325	1	0.0	0.0	0.0	0.0	3	1.033334171057286	4.922969187109799	230.0	35	1.05	0.95				
];

%% generator data
%    bus    Pg    Qg    Qmax    Qmin    Vg    mBase    status    Pmax    Pmin    Pc1    Pc2    Qc1min    Qc1max    Qc2min    Qc2max    ramp_agc    ramp_10    ramp_30    ramp_q    apf
