%% MATPOWER Case Format : Version 2
function mpc = RTS_GMLC
mpc.version = '2';

%%-----  Power Flow Data  -----%%
%% system MVA base
mpc.baseMVA = 100.0;
%% bus data
%    bus_i    type    Pd    Qd    Gs    Bs    area    Vm    Va    baseKV    zone    Vmax    Vmin
mpc.bus = [
	101	2	68.29490349473684	13.911924785964914	0.0	0.0	1	1.0435768748422638	0.8169352189286457	138.0	11	1.05	0.95				
	102	2	61.338941101754386	12.647204350877193	0.0	0.0	1	1.041609798066382	0.24725493433366463	138.0	12	1.05	0.95				
	103	1	113.82483915789474	23.397328049122805	0.0	0.0	1	1.0274469915788196	1.4788230126410893	138.0	11	1.05	0.95				
	104	1	46.79465609824561	9.485403263157895	0.0	0.0	1	1.0239328622023285	-2.675116969260994	138.0	11	1.05	0.95				
	105	1	44.89757544561403	8.853043045614035	0.0	0.0	1	1.0376146606010306	-3.2228540063377005	138.0	11	1.05	0.95				
	106	1	86.00098958596492	17.70608609122807	0.0	-100.0	1	1.041173640019643	-6.193084985749302	138.0	12	1.05	0.95				
	107	2	79.04502719298246	15.80900543859649	0.0	0.0	1	0.9973376192967917	-13.36243233220258	138.0	12	1.05	0.95				
	108	1	108.1335972	22.132607614035084	0.0	0.0	1	0.9947385270246317	-11.591699479421353	138.0	12	1.05	0.95				
	109	1	110.66303807017543	22.764967831578943	0.0	0.0	1	1.0243041602631977	-3.637573685733194	138.0	13	1.05	0.95				
	110	1	123.31024242105262	25.294408701754385	0.0	0.0	1	1.05	-5.377493630108431	138.0	13	1.05	0.95				
	111	1	0.0	0.0	0.0	0.0	1	1.0152803578821707	-0.7674345125871682	230.0	13	1.05	0.95				
	112	1	0.0	0.0	0.0	0.0	1	1.0147921955895345	-1.4442782444454827	230.0	13	1.05	0.95				
	113	3	167.5754576491228	34.14745174736842	0.0	0.0	1	1.0107026535071315	6.159244989379016e-30	230.0	14	1.05	0.95				
	114	2	122.67788220350877	24.662048484210526	0.0	0.0	1	1.0263325677818975	2.303932801310277	230.0	16	1.05	0.95				
	115	2	200.4581889614035	40.471053922807016	0.0	0.0	1	1.0375471814037223	12.62944692027391	230.0	16	1.05	0.95				
	116	2	63.23602175438596	12.647204350877193	0.0	0.0	1	1.0348496522848238	10.593011888845703	230.0	16	1.05	0.95				
	117	1	0.0	0.0	0.0	0.0	1	1.0412590226682483	16.544711148255267	230.0	17	1.05	0.95				
	118	2	210.57595244210526	43.00049479298246	0.0	0.0	1	1.05	17.870512381625993	230.0	17	1.05	0.95				
	119	1	114.45719937543859	23.397328049122805	0.0	0.0	1	1.0262017745250762	6.588175204039864	230.0	15	1.05	0.95				
	120	1	80.94210784561403	16.44136565614035	0.0	0.0	1	1.0264825121028598	3.8332853078832154	230.0	15	1.05	0.95				
	121	2	0.0	0.0	0.0	0.0	1	1.05	20.151413669143015	230.0	17	1.05	0.95				
	122	2	0.0	0.0	0.0	0.0	1	1.05	30.489868062167513	230.0	17	1.05	0.95				
	123	2	0.0	0.0	0.0	0.0	1	1.0286420711691608	2.8004228949567493	230.0	15	1.05	0.95				
	124	1	0.0	0.0	0.0	0.0	1	1.0198818663770945	8.450257240999989	230.0	16	1.05	0.95				
	201	2	59.63544780631579	12.14796159017544	0.0	0.0	2	1.0113016993660955	-13.687855656892609	138.0	21	1.05	0.95				
	202	2	53.56146701122807	11.043601445614035	0.0	0.0	2	1.0105255954973982	-13.932085875947628	138.0	22	1.05	0.95				
	203	1	99.39241301052631	20.430662674385967	0.0	0.0	2	1.013456088990952	-10.336063949772079	138.0	21	1.05	0.95				
	204	1	40.861325348771935	8.282701084210526	0.0	0.0	2	1.0090213553450202	-12.730560836907138	138.0	21	1.05	0.95				
	205	1	39.204785131929825	7.7305210119298255	0.0	0.0	2	1.023307930970728	-13.162998807701168	138.0	21	1.05	0.95				
	206	1	75.09648983017544	15.461042023859651	0.0	-100.0	2	1.0374103361147038	-13.506891030539105	138.0	22	1.05	0.95				
	207	2	69.02250903508772	13.804501807017544	0.0	0.0	2	0.9936419382853449	-20.35892470046608	138.0	22	1.05	0.95				
	208	1	94.42279236	19.32630252982456	0.0	0.0	2	0.9944123442357516	-17.7446067460038	138.0	22	1.05	0.95				
	209	1	96.63151264912281	19.87848260210526	0.0	0.0	2	1.0258320275394048	-9.484039222595428	138.0	23	1.05	0.95				
	210	1	107.67511409473684	22.08720289122807	0.0	0.0	2	1.05	-10.86525723881902	138.0	23	1.05	0.95				
	211	1	0.0	0.0	0.0	0.0	2	1.014492838172315	-5.9676807278880775	230.0	23	1.05	0.95				
	212	1	0.0	0.0	0.0	0.0	2	1.0193055986983095	-0.7393779547623923	230.0	23	1.05	0.95				
	213	2	146.32771915438596	29.817723903157894	0.0	0.0	2	1.0193449871132156	-2.7814739408689344	230.0	24	1.05	0.95				
	214	2	107.12293402245614	21.53502281894737	0.0	0.0	2	1.0174513173994932	-4.526287471343528	230.0	26	1.05	0.95				
	215	2	175.04108291298246	35.33952462596491	0.0	0.0	2	1.0332903535818483	0.6994722617287579	230.0	26	1.05	0.95				
	216	2	55.21800722807018	11.043601445614035	0.0	0.0	2	1.0346348800530252	0.8891553248583413	230.0	26	1.05	0.95				
	217	1	0.0	0.0	0.0	0.0	2	1.0363706104798265	1.6881007121225335	230.0	27	1.05	0.95				
	218	2	183.8759640694737	37.54824491508772	0.0	0.0	2	1.03470466557685	1.0524523981866107	230.0	27	1.05	0.95				
	219	1	99.94459308280702	20.430662674385967	0.0	0.0	2	1.037082560703746	2.0799085282718845	230.0	25	1.05	0.95				
	220	1	70.67904925192983	14.356681879298247	0.0	0.0	2	1.044106183645659	4.152244827839854	230.0	25	1.05	0.95				
	221	2	0.0	0.0	0.0	0.0	2	1.0366792261498425	1.7365490301336757	230.0	27	1.05	0.95				
	222	2	0.0	0.0	0.0	0.0	2	1.05	8.216758796032202	230.0	27	1.05	0.95				
	223	2	0.0	0.0	0.0	0.0	2	1.05	5.6830257107298285	230.0	25	1.05	0.95				
	224	1	0.0	0.0	0.0	0.0	2	1.012195994403158	-3.3970970852696465	230.0	26	1.05	0.95				
	301	2	65.97532424842106	13.43941790245614	0.0	0.0	3	0.989356839699426	23.653056849810945	138.0	31	1.05	0.95				
	302	2	59.25561529719299	12.217652638596494	0.0	0.0	3	0.9892435386929492	23.62706933024896	138.0	32	1.05	0.95				
	303	1	109.95887374736843	22.60265738140351	0.0	0.0	3	1.0151723207395968	26.864316932147787	138.0	31	1.05	0.95				
	304	1	45.20531476280702	9.163239478947368	0.0	0.0	3	0.9993251644599513	25.97888737393503	138.0	31	1.05	0.95				
	305	1	43.37266686701754	8.552356847017546	0.0	0.0	3	1.0102255431520013	25.50886501362949	138.0	31	1.05	0.95				
	306	1	83.08003794245616	17.10471369403509	0.0	-100.0	3	1.0299997467178856	25.859984840177955	138.0	32	1.05	0.95				
	307	2	76.36032899122807	15.272065798245615	0.0	0.0	3	0.986897018925685	22.324204893472256	138.0	32	1.05	0.95				
	308	1	104.46093006000001	21.38089211754386	0.0	0.0	3	0.9987370488003611	25.05815042836044	138.0	32	1.05	0.95				
	309	1	106.90446058771931	21.991774749473684	0.0	0.0	3	1.0297915235085666	30.359010327409536	138.0	33	1.05	0.95				
	310	1	119.1221132263158	24.435305277192988	0.0	0.0	3	1.05	29.305095546948152	138.0	33	1.05	0.95				
	311	1	0.0	0.0	0.0	0.0	3	1.0185226321444498	35.714373775146456	230.0	33	1.05	0.95				
	312	1	0.0	0.0	0.0	0.0	3	1.0262292888859925	36.39220878103549	230.0	33	1.05	0.95				
	313	2	161.88389746140354	32.98766212421053	0.0	0.0	3	1.0441841770808777	43.34373461639705	230.0	34	1.05	0.95				
	314	2	118.51123059438598	23.82442264526316	0.0	0.0	3	1.0177460096820794	34.76673554191429	230.0	36	1.05	0.95				
	315	2	193.6497943217544	39.096488443508775	0.0	0.0	3	1.0393065056258433	30.060714485844617	230.0	36	1.05	0.95				
	316	2	61.08826319298246	12.217652638596494	0.0	0.0	3	1.039857797486435	31.474478123882847	230.0	36	1.05	0.95				
	317	1	0.0	0.0	0.0	0.0	3	1.05	32.95668838532535	230.0	37	1.05	0.95				
	318	2	203.42391643263161	41.54001897122808	0.0	0.0	3	1.0453168551597727	29.282503858724	230.0	37	1.05	0.95				
	319	1	110.56975637929827	22.60265738140351	0.0	0.0	3	1.0423313064386905	32.769509079486	230.0	35	1.05	0.95				
	320	1	78.19297688701755	15.88294843017544	0.0	0.0	3	1.0461251876986783	33.5777027866323	230.0	35	1.05	0.95				
	321	2	0.0	0.0	0.0	0.0	3	1.0448076205032	30.217684979679504	230.0	37	1.05	0.95				
	322	2	0.0	0.0	0.0	0.0	3	1.05	35.63441500289428	230.0	37	1.05	0.95				
	323	2	0.0	0.0	0.0	0.0	3	1.0476122199251232	33.64230608786636	230.0	35	1.05	0.95				
	324	1	0.0	0.0	0.0	0.0	3	1.026812874093152	30.8374828822458	230.0	36	1.05	0.95				
	325	1	0.0	0.0	0.0	0.0	3	1.0487922373737255	32.505172253017925	230.0	35	1.05	0.95				
];
