%% MATPOWER Case Format : Version 2
function mpc = RTS_GMLC
mpc.version = '2';

%%-----  Power Flow Data  -----%%
%% system MVA base
mpc.baseMVA = 100.0;
%% bus data
%    bus_i    type    Pd    Qd    Gs    Bs    area    Vm    Va    baseKV    zone    Vmax    Vmin
mpc.bus = [
	101	2	73.74567046736841	15.022266206315788	0.0	0.0	1	1.05	1.226364265100652	138.0	11	1.05	0.95				
	102	2	66.23453736421052	13.656605642105262	0.0	0.0	1	1.049745878577348	0.95038234580108	138.0	12	1.05	0.95				
	103	1	122.90945077894735	25.264720437894734	0.0	0.0	1	1.0303100515754127	-0.9384458779047257	138.0	11	1.05	0.95				
	104	1	50.52944087578947	10.242454231578947	0.0	0.0	1	1.0270526533989748	-2.900845551129731	138.0	11	1.05	0.95				
	105	1	48.48095002947368	9.559623949473684	0.0	0.0	1	1.0398069468378976	-3.2458137079721747	138.0	11	1.05	0.95				
	106	1	92.86491836631579	19.119247898947368	0.0	-100.0	1	1.0411766217658105	-6.431048881734358	138.0	12	1.05	0.95				
	107	2	85.35378526315789	17.070757052631578	0.0	0.0	1	1.006613710441033	-12.511903340148319	138.0	12	1.05	0.95				
	108	1	116.76397823999997	23.899059873684205	0.0	0.0	1	0.999955063379881	-11.505006179728793	138.0	12	1.05	0.95				
	109	1	119.49529936842104	24.58189015578947	0.0	0.0	1	1.0262630444857077	-4.416141811921855	138.0	13	1.05	0.95				
	110	1	133.1519050105263	27.313211284210524	0.0	0.0	1	1.05	-5.71962960169098	138.0	13	1.05	0.95				
	111	1	0.0	0.0	0.0	0.0	1	1.0132916979263855	-1.83097511370054	230.0	13	1.05	0.95				
	112	1	0.0	0.0	0.0	0.0	1	1.0161148343803692	-1.311568416015217	230.0	13	1.05	0.95				
	113	3	180.9500247578947	36.87283523368421	0.0	0.0	1	1.013910251164659	1.1148088516346823e-27	230.0	14	1.05	0.95				
	114	2	132.46907472842105	26.630381002105263	0.0	0.0	1	1.01484777572114	-0.14429056477177232	230.0	16	1.05	0.95				
	115	2	216.45719942736838	43.70113805473684	0.0	0.0	1	1.043509396124536	7.18781866279153	230.0	16	1.05	0.95				
	116	2	68.28302821052631	13.656605642105262	0.0	0.0	1	1.0405737809987403	6.361114981950382	230.0	16	1.05	0.95				
	117	1	0.0	0.0	0.0	0.0	1	1.0450791015632845	9.272762328635194	230.0	17	1.05	0.95				
	118	2	227.3824839410526	46.432459183157896	0.0	0.0	1	1.047286172083545	9.803103580389058	230.0	17	1.05	0.95				
	119	1	123.59228106105262	25.264720437894734	0.0	0.0	1	1.0337703046185585	4.885107718160924	230.0	15	1.05	0.95				
	120	1	87.40227610947368	17.75358733473684	0.0	0.0	1	1.0329581649818587	4.451853806966541	230.0	15	1.05	0.95				
	121	2	0.0	0.0	0.0	0.0	1	1.05	11.434518089213832	230.0	17	1.05	0.95				
	122	2	0.0	0.0	0.0	0.0	1	1.05	17.09800448316542	230.0	17	1.05	0.95				
	123	2	0.0	0.0	0.0	0.0	1	1.0341848988530025	4.7260397779228525	230.0	15	1.05	0.95				
	124	1	0.0	0.0	0.0	0.0	1	1.0281706148600964	4.156870411286256	230.0	16	1.05	0.95				
	201	2	74.37431133473686	15.150322679298247	0.0	0.0	2	1.0323808958854799	-12.057742132901149	138.0	21	1.05	0.95				
	202	2	66.79914999508773	13.77302061754386	0.0	0.0	2	1.0329139671950784	-12.027014892719704	138.0	22	1.05	0.95				
	203	1	123.95718555789475	25.480088142456143	0.0	0.0	2	1.0172546808385523	-10.958687493380738	138.0	21	1.05	0.95				
	204	1	50.960176284912286	10.329765463157896	0.0	0.0	2	1.0168914061496102	-13.386636165662317	138.0	21	1.05	0.95				
	205	1	48.894223192280705	9.641114432280704	0.0	0.0	2	1.03250448456554	-13.652004804588358	138.0	21	1.05	0.95				
	206	1	93.65654019929825	19.282228864561407	0.0	-100.0	2	1.0387033477643155	-15.177975870179566	138.0	22	1.05	0.95				
	207	2	86.08137885964912	17.216275771929826	0.0	0.0	2	0.9734191219641587	-25.375096720385123	138.0	22	1.05	0.95				
	208	1	117.75932628000001	24.102786080701755	0.0	0.0	2	0.9757344962399926	-21.997166133212314	138.0	22	1.05	0.95				
	209	1	120.51393040350877	24.791437111578947	0.0	0.0	2	1.0252739858769688	-11.701230397051647	138.0	23	1.05	0.95				
	210	1	134.28695102105263	27.54604123508772	0.0	0.0	2	1.05	-13.08847676287397	138.0	23	1.05	0.95				
	211	1	0.0	0.0	0.0	0.0	2	1.021039860436419	-8.124564946834543	230.0	23	1.05	0.95				
	212	1	0.0	0.0	0.0	0.0	2	1.0223907090681656	-3.337469642880344	230.0	23	1.05	0.95				
	213	2	182.49252318245615	37.18715566736843	0.0	0.0	2	1.0272010840522168	-5.545451692278683	230.0	24	1.05	0.95				
	214	2	133.59829999017546	26.857390204210528	0.0	0.0	2	1.0296068195452235	-6.167697543447448	230.0	26	1.05	0.95				
	215	2	218.3023767880702	44.073665976140354	0.0	0.0	2	1.0394657327214847	0.9286480827707384	230.0	26	1.05	0.95				
	216	2	68.8651030877193	13.77302061754386	0.0	0.0	2	1.0409333784454717	0.8383533749717468	230.0	26	1.05	0.95				
	217	1	0.0	0.0	0.0	0.0	2	1.042822938934782	3.0933396237390016	230.0	27	1.05	0.95				
	218	2	229.3207932821053	46.828270099649124	0.0	0.0	2	1.0429944145898788	3.146360655694877	230.0	27	1.05	0.95				
	219	1	124.64583658877196	25.480088142456143	0.0	0.0	2	1.0398873910895772	0.8625676546165463	230.0	25	1.05	0.95				
	220	1	88.14733195228071	17.90492680280702	0.0	0.0	2	1.0449139695356557	2.179622382243419	230.0	25	1.05	0.95				
	221	2	0.0	0.0	0.0	0.0	2	1.0435225881866073	3.176849671525178	230.0	27	1.05	0.95				
	222	2	0.0	0.0	0.0	0.0	2	1.05	9.650093952968335	230.0	27	1.05	0.95				
	223	2	0.0	0.0	0.0	0.0	2	1.0498864354284294	3.3997721017839573	230.0	25	1.05	0.95				
	224	1	0.0	0.0	0.0	0.0	2	1.0162959038946597	-3.4765383199484474	230.0	26	1.05	0.95				
	301	2	70.70737107789475	14.403353367719301	0.0	0.0	3	1.0026352028251033	-2.275424499004917	138.0	31	1.05	0.95				
	302	2	63.505694394035096	13.093957607017545	0.0	0.0	3	1.0042933606725406	-2.3420580675518234	138.0	32	1.05	0.95				
	303	1	117.8456184631579	24.22382157298246	0.0	0.0	3	1.015681167994685	1.4397431897190975	138.0	31	1.05	0.95				
	304	1	48.44764314596492	9.82046820526316	0.0	0.0	3	1.0037162702521754	0.054824547773215035	138.0	31	1.05	0.95				
	305	1	46.48354950491228	9.165770324912282	0.0	0.0	3	1.0160493559227364	-0.127972943290831	138.0	31	1.05	0.95				
	306	1	89.03891172771932	18.331540649824564	0.0	-100.0	3	1.0321973905353101	0.3464588670904844	138.0	32	1.05	0.95				
	307	2	81.83723504385966	16.367447008771933	0.0	0.0	3	0.9877642147987029	-4.267892724362719	138.0	32	1.05	0.95				
	308	1	111.95333754	22.914425812280705	0.0	0.0	3	0.9962827572282701	-1.267981917376798	138.0	32	1.05	0.95				
	309	1	114.57212906140353	23.56912369263158	0.0	0.0	3	1.0272693551789394	4.67743327924903	138.0	33	1.05	0.95				
	310	1	127.66608666842107	26.18791521403509	0.0	0.0	3	1.05	4.111360449538586	138.0	33	1.05	0.95				
	311	1	0.0	0.0	0.0	0.0	3	1.0173479497745743	11.051640132619596	230.0	33	1.05	0.95				
	312	1	0.0	0.0	0.0	0.0	3	1.0222714583613544	12.473781715584884	230.0	33	1.05	0.95				
	313	2	173.49493829298248	35.353685538947374	0.0	0.0	3	1.0455996130596776	19.810465109309373	230.0	34	1.05	0.95				
	314	2	127.01138878807019	25.533217333684217	0.0	0.0	3	1.0198763170212652	9.844930088124233	230.0	36	1.05	0.95				
	315	2	207.53922807122808	41.900664342456146	0.0	0.0	3	1.0359771045247779	5.154288530189742	230.0	36	1.05	0.95				
	316	2	65.46978803508773	13.093957607017545	0.0	0.0	3	1.0373918265604887	6.721059971944228	230.0	36	1.05	0.95				
	317	1	0.0	0.0	0.0	0.0	3	1.0402811498825368	5.778682608720434	230.0	37	1.05	0.95				
	318	2	218.01439415684212	44.51945586385966	0.0	0.0	3	1.0385820858102863	4.732064916045459	230.0	37	1.05	0.95				
	319	1	118.5003163435088	24.22382157298246	0.0	0.0	3	1.0366899247646226	9.42909093786461	230.0	35	1.05	0.95				
	320	1	83.80132868491229	17.02214488912281	0.0	0.0	3	1.0394349470760746	11.514846755896286	230.0	35	1.05	0.95				
	321	2	0.0	0.0	0.0	0.0	3	1.0393108145229373	5.433711035998018	230.0	37	1.05	0.95				
	322	2	0.0	0.0	0.0	0.0	3	1.05	9.88503431928998	230.0	37	1.05	0.95				
	323	2	0.0	0.0	0.0	0.0	3	1.0412444788526485	12.35195640402868	230.0	35	1.05	0.95				
	324	1	0.0	0.0	0.0	0.0	3	1.0244707214020874	5.627355585726415	230.0	36	1.05	0.95				
	325	1	0.0	0.0	0.0	0.0	3	1.0430004889985678	12.278469715999229	230.0	35	1.05	0.95				
];
