%% MATPOWER Case Format : Version 2
function mpc = RTS_GMLC
mpc.version = '2';

%%-----  Power Flow Data  -----%%
%% system MVA base
mpc.baseMVA = 100.0;
%% bus data
%    bus_i    type    Pd    Qd    Gs    Bs    area    Vm    Va    baseKV    zone    Vmax    Vmin
mpc.bus = [
	101	2	59.71796139789474	12.164769914385964	0.0	0.0	1	1.0499999919872	2.722597209964913	138.0	11	1.05	0.95				
	102	2	53.63557644070175	11.058881740350877	0.0	0.0	1	1.0489747387777832	2.370451858378379	138.0	12	1.05	0.95				
	103	1	99.52993566315789	20.45893121964912	0.0	0.0	1	1.031267421770663	-0.14168140110275135	138.0	11	1.05	0.95				
	104	1	40.91786243929824	8.294161305263158	0.0	0.0	1	1.0287559908934123	-1.3282473565161694	138.0	11	1.05	0.95				
	105	1	39.25903017824561	7.741217218245615	0.0	0.0	1	1.0416004982260996	-1.5815762271982916	138.0	11	1.05	0.95				
	106	1	75.20039583438597	15.48243443649123	0.0	-100.0	1	1.0448490504186945	-4.590146249962136	138.0	12	1.05	0.95				
	107	2	69.11801087719299	13.823602175438596	0.0	0.0	1	0.9988950668893446	-12.087590938898337	138.0	12	1.05	0.95				
	108	1	94.55343888	19.353043045614033	0.0	0.0	1	0.9986891371655778	-10.291960397032076	138.0	12	1.05	0.95				
	109	1	96.76521522807016	19.905987132631576	0.0	0.0	1	1.0252902579088718	-3.288868638286469	138.0	13	1.05	0.95				
	110	1	107.82409696842103	22.117763480701754	0.0	0.0	1	1.05	-4.2891469383275425	138.0	13	1.05	0.95				
	111	1	0.0	0.0	0.0	0.0	1	1.0075496941726638	-1.28622577081967	230.0	13	1.05	0.95				
	112	1	0.0	0.0	0.0	0.0	1	1.0118887221485953	-0.87332915080219	230.0	13	1.05	0.95				
	113	3	146.53018305964912	29.85898069894737	0.0	0.0	1	1.0038769362636495	-9.681328162815043e-31	230.0	14	1.05	0.95				
	114	2	107.2711528814035	21.56481939368421	0.0	0.0	1	1.005284974259749	0.19520441624796692	230.0	16	1.05	0.95				
	115	2	175.28327558456138	35.388421569122805	0.0	0.0	1	1.0373391175930513	5.9703804723467675	230.0	16	1.05	0.95				
	116	2	55.294408701754385	11.058881740350877	0.0	0.0	1	1.0341105859244346	5.598351720649715	230.0	16	1.05	0.95				
	117	1	0.0	0.0	0.0	0.0	1	1.040912119132322	8.205329520241522	230.0	17	1.05	0.95				
	118	2	184.13038097684208	37.600197917192986	0.0	0.0	1	1.0434696422993504	8.603132152247223	230.0	17	1.05	0.95				
	119	1	100.08287975017545	20.45893121964912	0.0	0.0	1	1.0275948508818176	4.396567447399773	230.0	15	1.05	0.95				
	120	1	70.77684313824561	14.376546262456142	0.0	0.0	1	1.0255636712021032	4.01664323538674	230.0	15	1.05	0.95				
	121	2	0.0	0.0	0.0	0.0	1	1.0466066451433795	9.884451689600724	230.0	17	1.05	0.95				
	122	2	0.0	0.0	0.0	0.0	1	1.05	15.733718365265483	230.0	17	1.05	0.95				
	123	2	0.0	0.0	0.0	0.0	1	1.0255445721313732	4.2311267901298	230.0	15	1.05	0.95				
	124	1	0.0	0.0	0.0	0.0	1	1.0267334004873903	3.6772809064121095	230.0	16	1.05	0.95				
	201	2	58.5984574231579	11.936722808421054	0.0	0.0	2	1.0227388784356475	-11.708232105649858	138.0	21	1.05	0.95				
	202	2	52.63009601894737	10.851566189473685	0.0	0.0	2	1.0233248579297674	-11.611669814482202	138.0	22	1.05	0.95				
	203	1	97.66409570526316	20.075397450526317	0.0	0.0	2	1.0142921204603532	-10.220122287204026	138.0	21	1.05	0.95				
	204	1	40.150794901052635	8.138674642105263	0.0	0.0	2	1.0148841586328976	-12.216351781379284	138.0	21	1.05	0.95				
	205	1	38.52305997263158	7.59609633263158	0.0	0.0	2	1.0296602940979085	-12.558221508826641	138.0	21	1.05	0.95				
	206	1	73.79065008842106	15.19219266526316	0.0	-100.0	2	1.0408175499060326	-13.548327677627961	138.0	22	1.05	0.95				
	207	2	67.82228868421053	13.564457736842106	0.0	0.0	2	0.9937800100200376	-21.090870020698418	138.0	22	1.05	0.95				
	208	1	92.78089092	18.990240831578948	0.0	0.0	2	0.9945855840900614	-18.52386816769234	138.0	22	1.05	0.95				
	209	1	94.95120415789474	19.53281914105263	0.0	0.0	2	1.0242395932962338	-10.482854245910818	138.0	23	1.05	0.95				
	210	1	105.80277034736842	21.70313237894737	0.0	0.0	2	1.05	-11.682427630070602	138.0	23	1.05	0.95				
	211	1	0.0	0.0	0.0	0.0	2	1.010078121115365	-7.5802338134400555	230.0	23	1.05	0.95				
	212	1	0.0	0.0	0.0	0.0	2	1.014629502603475	-3.3266791366857698	230.0	23	1.05	0.95				
	213	2	143.7832520105263	29.29922871157895	0.0	0.0	2	1.0093783736346187	-5.2948219596286705	230.0	24	1.05	0.95				
	214	2	105.26019203789474	21.160554069473687	0.0	0.0	2	1.011502786807368	-6.003234102801572	230.0	26	1.05	0.95				
	215	2	171.9973241031579	34.72501180631579	0.0	0.0	2	1.0267764906863062	-0.14959569786469765	230.0	26	1.05	0.95				
	216	2	54.257830947368426	10.851566189473685	0.0	0.0	2	1.0270359315612811	-0.41475018457043955	230.0	26	1.05	0.95				
	217	1	0.0	0.0	0.0	0.0	2	1.030961890335477	1.0347947286374872	230.0	27	1.05	0.95				
	218	2	180.67857705473688	36.89532504421053	0.0	0.0	2	1.029834109498082	0.35745260450360955	230.0	27	1.05	0.95				
	219	1	98.20667401473685	20.075397450526317	0.0	0.0	2	1.0259498935610305	-0.3677372139756533	230.0	25	1.05	0.95				
	220	1	69.45002361263158	14.107036046315791	0.0	0.0	2	1.0292910971134475	0.726614665091391	230.0	25	1.05	0.95				
	221	2	0.0	0.0	0.0	0.0	2	1.0319001055838415	0.9961642163622306	230.0	27	1.05	0.95				
	222	2	0.0	0.0	0.0	0.0	2	1.05	7.505403566767485	230.0	27	1.05	0.95				
	223	2	0.0	0.0	0.0	0.0	2	1.0325742943679987	1.7357778349416328	230.0	25	1.05	0.95				
	224	1	0.0	0.0	0.0	0.0	2	1.0096939741295214	-3.9131080421328743	230.0	26	1.05	0.95				
	301	2	68.14489085052632	13.881366654736842	0.0	0.0	3	0.9994245992872515	-8.949175516476416	138.0	31	1.05	0.95				
	302	2	61.20420752315789	12.619424231578948	0.0	0.0	3	0.9993549166762863	-8.992699550029737	138.0	32	1.05	0.95				
	303	1	113.57481808421055	23.345934828421054	0.0	0.0	3	1.0136351542742854	-5.023888204988784	138.0	31	1.05	0.95				
	304	1	46.69186965684211	9.464568173684212	0.0	0.0	3	1.0024453377402611	-6.5653472660101455	138.0	31	1.05	0.95				
	305	1	44.798956022105266	8.833596962105265	0.0	0.0	3	1.0150311566675283	-7.053956405149269	138.0	31	1.05	0.95				
	306	1	85.81208477473685	17.66719392421053	0.0	-100.0	3	1.031850883054295	-6.692494923967151	138.0	32	1.05	0.95				
	307	2	78.87140144736843	15.774280289473685	0.0	0.0	3	0.9923491240839128	-12.260211096081495	138.0	32	1.05	0.95				
	308	1	107.89607718	22.08399240526316	0.0	0.0	3	0.9962723015189675	-9.318228254385474	138.0	32	1.05	0.95				
	309	1	110.41996202631582	22.714963616842105	0.0	0.0	3	1.028092839613596	-2.0247292815260134	138.0	33	1.05	0.95				
	310	1	123.03938625789475	25.238848463157897	0.0	0.0	3	1.05	-3.144614459605401	138.0	33	1.05	0.95				
	311	1	0.0	0.0	0.0	0.0	3	1.0176874162773106	3.524588936507621	230.0	33	1.05	0.95				
	312	1	0.0	0.0	0.0	0.0	3	1.0216485303765572	4.867425684154545	230.0	33	1.05	0.95				
	313	2	167.20737106842105	34.07244542526316	0.0	0.0	3	1.039900171100862	10.938161511397713	230.0	34	1.05	0.95				
	314	2	122.40841504631578	24.607877251578948	0.0	0.0	3	1.020115143335202	3.017975761444223	230.0	36	1.05	0.95				
	315	2	200.01787407052635	40.382157541052635	0.0	0.0	3	1.030491457795847	-0.7569402200275511	230.0	36	1.05	0.95				
	316	2	63.09712115789474	12.619424231578948	0.0	0.0	3	1.0316392009719053	0.4914467175521791	230.0	36	1.05	0.95				
	317	1	0.0	0.0	0.0	0.0	3	1.034091027636851	0.15067795384123545	230.0	37	1.05	0.95				
	318	2	210.1134134557895	42.90604238736842	0.0	0.0	3	1.0317741227957882	-0.5837454322089568	230.0	37	1.05	0.95				
	319	1	114.20578929578949	23.345934828421054	0.0	0.0	3	1.031831093239374	3.139617131911894	230.0	35	1.05	0.95				
	320	1	80.76431508210527	16.405251501052636	0.0	0.0	3	1.0351613262398691	5.179891207162126	230.0	35	1.05	0.95				
	321	2	0.0	0.0	0.0	0.0	3	1.0333909611017782	-0.08938110309912119	230.0	37	1.05	0.95				
	322	2	0.0	0.0	0.0	0.0	3	1.0468917230533	4.33751378341379	230.0	37	1.05	0.95				
	323	2	0.0	0.0	0.0	0.0	3	1.0373659942189488	6.047278024959578	230.0	35	1.05	0.95				
	324	1	0.0	0.0	0.0	0.0	3	1.0201143271388615	-0.2837258105002216	230.0	36	1.05	0.95				
	325	1	0.0	0.0	0.0	0.0	3	1.03816510956794	6.374716641622628	230.0	35	1.05	0.95				
];
