%% MATPOWER Case Format : Version 2
function mpc = RTS_GMLC
mpc.version = '2';

%%-----  Power Flow Data  -----%%
%% system MVA base
mpc.baseMVA = 100.0;
%% bus data
%    bus_i    type    Pd    Qd    Gs    Bs    area    Vm    Va    baseKV    zone    Vmax    Vmin
mpc.bus = [
	101	2	43.953488374736835	8.953488372631577	0.0	0.0	1	1.0082482170246108	-0.7567305099757318	138.0	11	1.05	0.95				
	102	2	39.47674418842105	8.139534884210525	0.0	0.0	1	1.0058505807172922	-1.4398595536047232	138.0	12	1.05	0.95				
	103	1	73.25581395789473	15.058139535789472	0.0	0.0	1	1.0251823173253496	1.4605654315043821	138.0	11	1.05	0.95				
	104	1	30.116279071578944	6.104651163157894	0.0	0.0	1	1.0102265951331646	-3.0184279308943482	138.0	11	1.05	0.95				
	105	1	28.895348838947367	5.6976744189473685	0.0	0.0	1	1.0237623054050122	-3.0574112312035426	138.0	11	1.05	0.95				
	106	1	55.34883721263157	11.395348837894737	0.0	-100.0	1	1.0400402865923664	-4.8971201819010055	138.0	12	1.05	0.95				
	107	2	50.87209302631578	10.174418605263156	0.0	0.0	1	0.988643007972155	-10.807680864671262	138.0	12	1.05	0.95				
	108	1	69.59302325999998	14.244186047368418	0.0	0.0	1	0.9975509808837544	-8.8835644478493	138.0	12	1.05	0.95				
	109	1	71.2209302368421	14.651162791578946	0.0	0.0	1	1.0252316389044631	-2.5976503884309388	138.0	13	1.05	0.95				
	110	1	79.36046512105261	16.27906976842105	0.0	0.0	1	1.05	-4.031942483166926	138.0	13	1.05	0.95				
	111	1	0.0	0.0	0.0	0.0	1	1.0162788423364717	0.10073353784112622	230.0	13	1.05	0.95				
	112	1	0.0	0.0	0.0	0.0	1	1.0130014572096933	-0.9428607819731827	230.0	13	1.05	0.95				
	113	3	107.84883721578946	21.976744187368418	0.0	0.0	1	0.9973358509380581	2.240426508231517e-28	230.0	14	1.05	0.95				
	114	2	78.9534883768421	15.872093024210523	0.0	0.0	1	1.0397451659610386	3.554755628745865	230.0	16	1.05	0.95				
	115	2	129.0116279147368	26.046511629473677	0.0	0.0	1	1.041803694420863	12.801343802351493	230.0	16	1.05	0.95				
	116	2	40.697674421052625	8.139534884210525	0.0	0.0	1	1.0410661051078638	11.0268209542641	230.0	16	1.05	0.95				
	117	1	0.0	0.0	0.0	0.0	1	1.040775131174934	16.984345755928345	230.0	17	1.05	0.95				
	118	2	135.52325582210526	27.674418606315786	0.0	0.0	1	1.0498936185917882	17.552570510553846	230.0	17	1.05	0.95				
	119	1	73.66279070210526	15.058139535789472	0.0	0.0	1	1.0357604755027494	6.8540205272749555	230.0	15	1.05	0.95				
	120	1	52.093023258947355	10.581395349473684	0.0	0.0	1	1.0376476717479168	3.998164061656325	230.0	15	1.05	0.95				
	121	2	0.0	0.0	0.0	0.0	1	1.0443384051061808	19.11172481100455	230.0	17	1.05	0.95				
	122	2	0.0	0.0	0.0	0.0	1	1.05	37.06377932823366	230.0	17	1.05	0.95				
	123	2	0.0	0.0	0.0	0.0	1	1.0397319493909607	2.737675609991355	230.0	15	1.05	0.95				
	124	1	0.0	0.0	0.0	0.0	1	1.021402732433315	8.57698457869833	230.0	16	1.05	0.95				
	201	2	41.54761530947369	8.463403118596492	0.0	0.0	2	1.0137534252188092	-15.634985211101155	138.0	21	1.05	0.95				
	202	2	37.31591375017544	7.694002835087721	0.0	0.0	2	1.0128861493576298	-15.925154528488227	138.0	22	1.05	0.95				
	203	1	69.24602551578948	14.233905244912282	0.0	0.0	2	1.0134598807262547	-11.490942086379219	138.0	21	1.05	0.95				
	204	1	28.467810489824565	5.770502126315789	0.0	0.0	2	1.0120773725722052	-15.593151809051859	138.0	21	1.05	0.95				
	205	1	27.313710064561402	5.385801984561405	0.0	0.0	2	1.0272716617616011	-16.041124413400446	138.0	21	1.05	0.95				
	206	1	52.3192192785965	10.77160396912281	0.0	-100.0	2	1.0429074321840026	-16.76288098534099	138.0	22	1.05	0.95				
	207	2	48.08751771929825	9.61750354385965	0.0	0.0	2	0.9960449702794858	-21.322681162836187	138.0	22	1.05	0.95				
	208	1	65.78372424000001	13.46450496140351	0.0	0.0	2	1.0022179646791198	-19.608818226201905	138.0	22	1.05	0.95				
	209	1	67.32252480701754	13.849205103157894	0.0	0.0	2	1.0222340680290072	-13.722628251142728	138.0	23	1.05	0.95				
	210	1	75.01652764210527	15.388005670175442	0.0	0.0	2	1.05	-15.207857602385948	138.0	23	1.05	0.95				
	211	1	0.0	0.0	0.0	0.0	2	1.0058558292482422	-10.805257197444053	230.0	23	1.05	0.95				
	212	1	0.0	0.0	0.0	0.0	2	1.0064608144330203	-10.207186699368895	230.0	23	1.05	0.95				
	213	2	101.94553756491229	20.773807654736846	0.0	0.0	2	0.999792152611397	-9.579844035940436	230.0	24	1.05	0.95				
	214	2	74.63182750035088	15.003305528421054	0.0	0.0	2	1.0093361319143175	-8.11145010293877	230.0	26	1.05	0.95				
	215	2	121.94994493614035	24.620809072280707	0.0	0.0	2	1.024854083541897	-1.5901239538432548	230.0	26	1.05	0.95				
	216	2	38.4700141754386	7.694002835087721	0.0	0.0	2	1.0262675148547857	-1.9743821382489002	230.0	26	1.05	0.95				
	217	1	0.0	0.0	0.0	0.0	2	1.0331866450147797	-0.1759807961016012	230.0	27	1.05	0.95				
	218	2	128.10514720421054	26.15960963929825	0.0	0.0	2	1.031815373767664	-0.6269390905922179	230.0	27	1.05	0.95				
	219	1	69.63072565754386	14.233905244912282	0.0	0.0	2	1.0240058318014438	-2.3906916528796085	230.0	25	1.05	0.95				
	220	1	49.241618144561414	10.002203685614036	0.0	0.0	2	1.024401275728276	-1.9970819214338633	230.0	25	1.05	0.95				
	221	2	0.0	0.0	0.0	0.0	2	1.0324572369971294	-0.14911274438441177	230.0	27	1.05	0.95				
	222	2	0.0	0.0	0.0	0.0	2	1.05	6.335661935721912	230.0	27	1.05	0.95				
	223	2	0.0	0.0	0.0	0.0	2	1.0250584989041214	-1.482213683984577	230.0	25	1.05	0.95				
	224	1	0.0	0.0	0.0	0.0	2	1.0084032557209133	-5.29391791326011	230.0	26	1.05	0.95				
	301	2	42.28092375157895	8.612780764210527	0.0	0.0	3	1.0117705933826453	2.738168813359015	138.0	31	1.05	0.95				
	302	2	37.97453336947368	7.829800694736844	0.0	0.0	3	1.0116066015867655	2.485281751380714	138.0	32	1.05	0.95				
	303	1	70.46820625263159	14.485131285263158	0.0	0.0	3	1.0439925201663094	12.881390404303174	138.0	31	1.05	0.95				
	304	1	28.970262570526316	5.872350521052631	0.0	0.0	3	1.0132548184876073	3.6505440426507443	138.0	31	1.05	0.95				
	305	1	27.79579246631579	5.48086048631579	0.0	0.0	3	1.0261727569425227	1.9795419020701688	138.0	31	1.05	0.95				
	306	1	53.24264472421053	10.96172097263158	0.0	-100.0	3	1.042343508457241	1.073904181310689	138.0	32	1.05	0.95				
	307	2	48.936254342105265	9.787250868421053	0.0	0.0	3	0.9866490428719068	-2.537991501604941	138.0	32	1.05	0.95				
	308	1	66.94479594	13.702151215789474	0.0	0.0	3	0.9972112124599452	-0.8323275622765709	138.0	32	1.05	0.95				
	309	1	68.51075607894738	14.093641250526314	0.0	0.0	3	1.0262778010451092	6.211939081124615	138.0	33	1.05	0.95				
	310	1	76.34055677368421	15.659601389473687	0.0	0.0	3	1.05	2.4842738985349384	138.0	33	1.05	0.95				
	311	1	0.0	0.0	0.0	0.0	3	1.0066691866379136	6.3262278123879065	230.0	33	1.05	0.95				
	312	1	0.0	0.0	0.0	0.0	3	1.0122181236781274	7.078418206098493	230.0	33	1.05	0.95				
	313	2	103.74485920526315	21.140461875789477	0.0	0.0	3	1.0088749958175032	9.195375275002874	230.0	34	1.05	0.95				
	314	2	75.94906673894737	15.268111354736844	0.0	0.0	3	0.9979314324533287	5.911079818194964	230.0	36	1.05	0.95				
	315	2	124.10234101157896	25.055362223157896	0.0	0.0	3	1.0304425525408218	7.787301726599564	230.0	36	1.05	0.95				
	316	2	39.14900347368421	7.829800694736844	0.0	0.0	3	1.0239613374246894	7.670462959362866	230.0	36	1.05	0.95				
	317	1	0.0	0.0	0.0	0.0	3	1.0371624313161325	10.108328727005214	230.0	37	1.05	0.95				
	318	2	130.36618156736844	26.621322362105264	0.0	0.0	3	1.035307951160679	8.279513749403751	230.0	37	1.05	0.95				
	319	1	70.85969628736842	14.485131285263158	0.0	0.0	3	1.0178777336159024	7.738792807334181	230.0	35	1.05	0.95				
	320	1	50.11072444631579	10.178740903157896	0.0	0.0	3	1.015093348188042	8.57835080015172	230.0	35	1.05	0.95				
	321	2	0.0	0.0	0.0	0.0	3	1.035813453126171	8.716684345199942	230.0	37	1.05	0.95				
	322	2	0.0	0.0	0.0	0.0	3	1.0499995328656044	13.569015687294808	230.0	37	1.05	0.95				
	323	2	0.0	0.0	0.0	0.0	3	1.0142074714252303	9.352733307140747	230.0	35	1.05	0.95				
	324	1	0.0	0.0	0.0	0.0	3	1.032955518782986	9.736095538843246	230.0	36	1.05	0.95				
	325	1	0.0	0.0	0.0	0.0	3	1.0147465052788371	10.198924648922446	230.0	35	1.05	0.95				
];
