%% MATPOWER Case Format : Version 2
function mpc = RTS_GMLC
mpc.version = '2';

%%-----  Power Flow Data  -----%%
%% system MVA base
mpc.baseMVA = 100.0;
%% bus data
%    bus_i    type    Pd    Qd    Gs    Bs    area    Vm    Va    baseKV    zone    Vmax    Vmin
mpc.bus = [
	101	2	54.85502228210527	11.174171205614035	0.0	0.0	1	1.0439145041915532	3.1056330519771063	138.0	11	1.05	0.95				
	102	2	49.267936679298245	10.158337459649124	0.0	0.0	1	1.0428031421440935	2.778383627957961	138.0	12	1.05	0.95				
	103	1	91.4250371368421	18.792924300350876	0.0	0.0	1	1.0307607391878724	1.186852802330482	138.0	11	1.05	0.95				
	104	1	37.58584860070175	7.618753094736842	0.0	0.0	1	1.0257560323732968	-0.5950829873616093	138.0	11	1.05	0.95				
	105	1	36.062097981754384	7.110836221754386	0.0	0.0	1	1.0395871784839201	-0.6915268955105552	138.0	11	1.05	0.95				
	106	1	69.07669472561405	14.221672443508773	0.0	-100.0	1	1.0450742617694337	-3.371430844072611	138.0	12	1.05	0.95				
	107	2	63.48960912280701	12.697921824561403	0.0	0.0	1	0.9987922899231176	-8.915291156840407	138.0	12	1.05	0.95				
	108	1	86.85378528	17.777090554385964	0.0	0.0	1	1.0009593538399861	-7.7807293757630855	138.0	12	1.05	0.95				
	109	1	88.88545277192983	18.28500742736842	0.0	0.0	1	1.0249225707988963	-1.978566223929475	138.0	13	1.05	0.95				
	110	1	99.04379023157894	20.316674919298247	0.0	0.0	1	1.05	-2.9892576550080285	138.0	13	1.05	0.95				
	111	1	0.0	0.0	0.0	0.0	1	1.0068425435419823	-0.1112017297105992	230.0	13	1.05	0.95				
	112	1	0.0	0.0	0.0	0.0	1	1.0100366552359445	0.07225547213556967	230.0	13	1.05	0.95				
	113	3	134.59797134035088	27.427511141052634	0.0	0.0	1	0.9989725265579661	2.0063794593986595e-26	230.0	14	1.05	0.95				
	114	2	98.53587335859649	19.808758046315788	0.0	0.0	1	1.007608168591413	2.2643929957644517	230.0	16	1.05	0.95				
	115	2	161.0096487354386	32.50667987087719	0.0	0.0	1	1.0417994586949628	9.373390790262826	230.0	16	1.05	0.95				
	116	2	50.79168729824561	10.158337459649124	0.0	0.0	1	1.0379353611474165	8.601856720616507	230.0	16	1.05	0.95				
	117	1	0.0	0.0	0.0	0.0	1	1.0433361177936404	11.547643211085044	230.0	17	1.05	0.95				
	118	2	169.1363187031579	34.53834736280702	0.0	0.0	1	1.0468681331596896	11.704750041153389	230.0	17	1.05	0.95				
	119	1	91.93295400982457	18.792924300350876	0.0	0.0	1	1.0295912535150988	6.875287069987445	230.0	15	1.05	0.95				
	120	1	65.01335974175439	13.205838697543859	0.0	0.0	1	1.0263638153291395	6.2238306965931	230.0	15	1.05	0.95				
	121	2	0.0	0.0	0.0	0.0	1	1.05	12.907437706839648	230.0	17	1.05	0.95				
	122	2	0.0	0.0	0.0	0.0	1	1.05	22.298026170488964	230.0	17	1.05	0.95				
	123	2	0.0	0.0	0.0	0.0	1	1.0254600718397677	6.254302731519991	230.0	15	1.05	0.95				
	124	1	0.0	0.0	0.0	0.0	1	1.027224106381834	6.312667863700754	230.0	16	1.05	0.95				
	201	2	52.257516138947366	10.645049583859649	0.0	0.0	2	1.025190061554727	-5.635920813542907	138.0	21	1.05	0.95				
	202	2	46.934991347017544	9.677317803508773	0.0	0.0	2	1.026227986309403	-5.398032273998636	138.0	22	1.05	0.95				
	203	1	87.09586023157895	17.903037936491227	0.0	0.0	2	1.0152584322629001	-5.995375151696139	138.0	21	1.05	0.95				
	204	1	35.806075872982454	7.257988352631578	0.0	0.0	2	1.0172313627873433	-6.768528843413539	138.0	21	1.05	0.95				
	205	1	34.354478202456136	6.77412246245614	0.0	0.0	2	1.0317109472778707	-6.956010753052174	138.0	21	1.05	0.95				
	206	1	65.80576106385965	13.54824492491228	0.0	-100.0	2	1.0430739712199133	-8.11999430603536	138.0	22	1.05	0.95				
	207	2	60.48323627192982	12.096647254385964	0.0	0.0	2	0.9919722354276366	-15.120427424650684	138.0	22	1.05	0.95				
	208	1	82.74106721999999	16.93530615614035	0.0	0.0	2	0.9961099697886012	-12.884313885166028	138.0	22	1.05	0.95				
	209	1	84.67653078070175	17.419172046315786	0.0	0.0	2	1.0238701955309055	-5.904894547849857	138.0	23	1.05	0.95				
	210	1	94.35384858421052	19.354635607017546	0.0	0.0	2	1.05	-6.74501946661549	138.0	23	1.05	0.95				
	211	1	0.0	0.0	0.0	0.0	2	1.0057567516938266	-3.360279185163151	230.0	23	1.05	0.95				
	212	1	0.0	0.0	0.0	0.0	2	1.0121127238440568	0.12389914941766003	230.0	23	1.05	0.95				
	213	2	128.22446089649122	26.128758069473683	0.0	0.0	2	1.0022673623798966	-1.3450206605578758	230.0	24	1.05	0.95				
	214	2	93.86998269403509	18.870769716842105	0.0	0.0	2	1.0036994998259803	-2.0427638282790994	230.0	26	1.05	0.95				
	215	2	153.385487185614	30.96741697122807	0.0	0.0	2	1.0237071875127137	2.604209995521878	230.0	26	1.05	0.95				
	216	2	48.386589017543855	9.677317803508773	0.0	0.0	2	1.0242088690891455	2.77998455049889	230.0	26	1.05	0.95				
	217	1	0.0	0.0	0.0	0.0	2	1.0295077890007607	4.097457718506722	230.0	27	1.05	0.95				
	218	2	161.12734142842103	32.902880531929824	0.0	0.0	2	1.0284402057339175	3.543490985832814	230.0	27	1.05	0.95				
	219	1	87.57972612175439	17.903037936491227	0.0	0.0	2	1.0242378304219328	3.1515308911605406	230.0	25	1.05	0.95				
	220	1	61.93483394245614	12.580513144561403	0.0	0.0	2	1.0279332143807585	4.41753362755663	230.0	25	1.05	0.95				
	221	2	0.0	0.0	0.0	0.0	2	1.0301840797125903	4.035264726651897	230.0	27	1.05	0.95				
	222	2	0.0	0.0	0.0	0.0	2	1.05	10.552095290899185	230.0	27	1.05	0.95				
	223	2	0.0	0.0	0.0	0.0	2	1.0312134467656362	5.477843919100427	230.0	25	1.05	0.95				
	224	1	0.0	0.0	0.0	0.0	2	1.0098433569826166	-0.6203485797235369	230.0	26	1.05	0.95				
	301	2	62.09743752000001	12.649478013333335	0.0	0.0	3	1.0069839449231617	-14.992320594125815	138.0	31	1.05	0.95				
	302	2	55.77269851333333	11.499525466666666	0.0	0.0	3	1.0065388633927832	-15.112505598953062	138.0	32	1.05	0.95				
	303	1	103.49572920000001	21.274122113333334	0.0	0.0	3	1.020107957052681	-9.131954042904173	138.0	31	1.05	0.95				
	304	1	42.54824422666667	8.6246441	0.0	0.0	3	1.0060137025324394	-13.30311571293308	138.0	31	1.05	0.95				
	305	1	40.823315406666666	8.049667826666667	0.0	0.0	3	1.0202688037959857	-13.672992604295924	138.0	31	1.05	0.95				
	306	1	78.19677317333334	16.099335653333334	0.0	-100.0	3	1.035557167812355	-13.58490197651705	138.0	32	1.05	0.95				
	307	2	71.87203416666667	14.374406833333333	0.0	0.0	3	0.99457572430913	-19.663212210418507	138.0	32	1.05	0.95				
	308	1	98.32094273999999	20.124169566666666	0.0	0.0	3	0.996528736039146	-16.966199538428143	138.0	32	1.05	0.95				
	309	1	100.62084783333334	20.69914584	0.0	0.0	3	1.0253741612058473	-9.470557516329707	138.0	33	1.05	0.95				
	310	1	112.1203733	22.999050933333333	0.0	0.0	3	1.05	-10.510147527414249	138.0	33	1.05	0.95				
	311	1	0.0	0.0	0.0	0.0	3	1.0133171918057544	-3.9592977347344367	230.0	33	1.05	0.95				
	312	1	0.0	0.0	0.0	0.0	3	1.0155676972828682	-3.3223466289281154	230.0	33	1.05	0.95				
	313	2	152.36871243333331	31.048718760000003	0.0	0.0	3	1.023329187897913	0.7197320271484792	230.0	34	1.05	0.95				
	314	2	111.54539702666666	22.424074660000002	0.0	0.0	3	1.018719930809787	-2.039389928521641	230.0	36	1.05	0.95				
	315	2	182.26747864666666	36.798481493333334	0.0	0.0	3	1.0337913253959932	-1.112145189758902	230.0	36	1.05	0.95				
	316	2	57.497627333333334	11.499525466666666	0.0	0.0	3	1.03406449134449	0.11739767450558722	230.0	36	1.05	0.95				
	317	1	0.0	0.0	0.0	0.0	3	1.0376126751104284	0.69368849200998	230.0	37	1.05	0.95				
	318	2	191.46709902	39.09838658666667	0.0	0.0	3	1.0352293240427712	0.120065667132667	230.0	37	1.05	0.95				
	319	1	104.07070547333335	21.274122113333334	0.0	0.0	3	1.0318688513831902	0.4544492301163144	230.0	35	1.05	0.95				
	320	1	73.59696298666667	14.949383106666666	0.0	0.0	3	1.0327257050428933	1.0927988388569934	230.0	35	1.05	0.95				
	321	2	0.0	0.0	0.0	0.0	3	1.0368479566762037	0.2535391859216385	230.0	37	1.05	0.95				
	322	2	0.0	0.0	0.0	0.0	3	1.049999928247691	4.734290793007988	230.0	37	1.05	0.95				
	323	2	0.0	0.0	0.0	0.0	3	1.0338325339179573	1.589999887609853	230.0	35	1.05	0.95				
	324	1	0.0	0.0	0.0	0.0	3	1.0205941590144991	-2.5908717852771863	230.0	36	1.05	0.95				
	325	1	0.0	0.0	0.0	0.0	3	1.0325288157607948	2.5466575289833506	230.0	35	1.05	0.95				
];
