%% MATPOWER Case Format : Version 2
function mpc = RTS_GMLC
mpc.version = '2';

%%-----  Power Flow Data  -----%%
%% system MVA base
mpc.baseMVA = 100.0;
%% bus data
%    bus_i    type    Pd    Qd    Gs    Bs    area    Vm    Va    baseKV    zone    Vmax    Vmin
mpc.bus = [
	101	2	46.38495793263158	9.448787727017544	0.0	0.0	1	1.0149888722157645	2.102851871564551	138.0	11	1.05	0.95				
	102	2	41.660564069122806	8.589807024561404	0.0	0.0	1	1.0137230017609453	1.7264812576947528	138.0	12	1.05	0.95				
	103	1	77.30826322105263	15.891142995438596	0.0	0.0	1	1.0240516428521795	2.7229312219544717	138.0	11	1.05	0.95				
	104	1	31.78228599087719	6.442355268421052	0.0	0.0	1	1.0126391770839958	-1.2352636553332714	138.0	11	1.05	0.95				
	105	1	30.49381493719298	6.012864917192983	0.0	0.0	1	1.0262532056456506	-1.2094676399453852	138.0	11	1.05	0.95				
	106	1	58.41068776701754	12.025729834385967	0.0	-100.0	1	1.040603764661321	-3.5407617167813212	138.0	12	1.05	0.95				
	107	2	53.686293903508776	10.737258780701755	0.0	0.0	1	0.9853993687087951	-11.397567243527668	138.0	12	1.05	0.95				
	108	1	73.44285006	15.032162292982454	0.0	0.0	1	0.9940223001948364	-8.934733596416748	138.0	12	1.05	0.95				
	109	1	75.16081146491229	15.461652644210524	0.0	0.0	1	1.0247557100674918	-1.8569642799359511	138.0	13	1.05	0.95				
	110	1	83.75061848947368	17.179614049122808	0.0	0.0	1	1.05	-3.143086610362919	138.0	13	1.05	0.95				
	111	1	0.0	0.0	0.0	0.0	1	1.0184018746308814	0.6015778037555372	230.0	13	1.05	0.95				
	112	1	0.0	0.0	0.0	0.0	1	1.0146724024087244	-0.5704057497738457	230.0	13	1.05	0.95				
	113	3	113.81494307543858	23.19247896631579	0.0	0.0	1	0.9999878244491113	-8.926582301028815e-31	230.0	14	1.05	0.95				
	114	2	83.32112813824561	16.750123697894736	0.0	0.0	1	1.0429991318119483	4.146900011209182	230.0	16	1.05	0.95				
	115	2	136.14844133929824	27.48738247859649	0.0	0.0	1	1.0378464574944972	13.953750170931727	230.0	16	1.05	0.95				
	116	2	42.94903512280702	8.589807024561404	0.0	0.0	1	1.0378742392458733	11.954174100180413	230.0	16	1.05	0.95				
	117	1	0.0	0.0	0.0	0.0	1	1.0367937135718608	18.250023213213368	230.0	17	1.05	0.95				
	118	2	143.02028695894737	29.20534388350877	0.0	0.0	1	1.0456989312100922	18.948270202609628	230.0	17	1.05	0.95				
	119	1	77.7377535722807	15.891142995438596	0.0	0.0	1	1.0335136367998827	7.36828983675555	230.0	15	1.05	0.95				
	120	1	54.97476495719298	11.166749131929825	0.0	0.0	1	1.0373077703732758	4.208588502523318	230.0	15	1.05	0.95				
	121	2	0.0	0.0	0.0	0.0	1	1.040252603638489	20.68540932510875	230.0	17	1.05	0.95				
	122	2	0.0	0.0	0.0	0.0	1	1.05	38.67121597321747	230.0	17	1.05	0.95				
	123	2	0.0	0.0	0.0	0.0	1	1.0407328525888082	2.8024171321533147	230.0	15	1.05	0.95				
	124	1	0.0	0.0	0.0	0.0	1	1.0186955986011963	9.759349308690567	230.0	16	1.05	0.95				
	201	2	45.4745789431579	9.26334015508772	0.0	0.0	2	1.0068725169073969	-17.974422206085485	138.0	21	1.05	0.95				
	202	2	40.842908865614035	8.421218322807018	0.0	0.0	2	1.0060953779051913	-18.285867692510852	138.0	22	1.05	0.95				
	203	1	75.79096490526317	15.579253897192983	0.0	0.0	2	1.0111847197877566	-13.149154098758926	138.0	21	1.05	0.95				
	204	1	31.158507794385965	6.315913742105263	0.0	0.0	2	1.008501781966464	-17.88674345608421	138.0	21	1.05	0.95				
	205	1	29.89532504596491	5.894852825964914	0.0	0.0	2	1.0232309322145396	-18.40501356755714	138.0	21	1.05	0.95				
	206	1	57.26428459508772	11.789705651929827	0.0	-100.0	2	1.0401960976445679	-19.172521878045917	138.0	22	1.05	0.95				
	207	2	52.632614517543864	10.526522903508774	0.0	0.0	2	0.9897932918661957	-24.17097631024538	138.0	22	1.05	0.95				
	208	1	72.00141666	14.73713206491228	0.0	0.0	2	0.9972397986414886	-22.282831849057732	138.0	22	1.05	0.95				
	209	1	73.68566032456141	15.158192981052633	0.0	0.0	2	1.022765040737955	-15.812179037416493	138.0	23	1.05	0.95				
	210	1	82.10687864736842	16.842436645614036	0.0	0.0	2	1.05	-17.47407807566579	138.0	23	1.05	0.95				
	211	1	0.0	0.0	0.0	0.0	2	1.0091426395487522	-12.671146712765978	230.0	23	1.05	0.95				
	212	1	0.0	0.0	0.0	0.0	2	1.014151879881671	-12.006958936728726	230.0	23	1.05	0.95				
	213	2	111.58114277719298	22.73728947157895	0.0	0.0	2	1.0096332989119086	-11.353850356117054	230.0	24	1.05	0.95				
	214	2	81.68581773122807	16.421375729473688	0.0	0.0	2	1.0110537708658862	-9.7772976661277	230.0	26	1.05	0.95				
	215	2	133.47631041649123	26.947898632982458	0.0	0.0	2	1.028545240079818	-2.716473081318181	230.0	26	1.05	0.95				
	216	2	42.106091614035094	8.421218322807018	0.0	0.0	2	1.0322641854366914	-3.191209317087217	230.0	26	1.05	0.95				
	217	1	0.0	0.0	0.0	0.0	2	1.0362719571542935	-1.1989380005903958	230.0	27	1.05	0.95				
	218	2	140.21328507473686	28.63214229754386	0.0	0.0	2	1.0344405411167388	-1.7372086282605	230.0	27	1.05	0.95				
	219	1	76.21202582140351	15.579253897192983	0.0	0.0	2	1.0378032078080557	-3.6864739609015214	230.0	25	1.05	0.95				
	220	1	53.895797265964916	10.947583819649125	0.0	0.0	2	1.0453208693915828	-3.3102885881384156	230.0	25	1.05	0.95				
	221	2	0.0	0.0	0.0	0.0	2	1.035069590626533	-1.2625520523219058	230.0	27	1.05	0.95				
	222	2	0.0	0.0	0.0	0.0	2	1.05	5.260693042660233	230.0	27	1.05	0.95				
	223	2	0.0	0.0	0.0	0.0	2	1.05	-2.796086310857435	230.0	25	1.05	0.95				
	224	1	0.0	0.0	0.0	0.0	2	1.0091826248509217	-6.597060364911871	230.0	26	1.05	0.95				
	301	2	55.16165770105263	11.236633976140352	0.0	0.0	3	1.0312473251908147	7.840117573277721	138.0	31	1.05	0.95				
	302	2	49.543340712982456	10.215121796491228	0.0	0.0	3	1.0269947044906407	7.4978183023770155	138.0	32	1.05	0.95				
	303	1	91.93609616842107	18.897975323508774	0.0	0.0	3	1.05	23.746248431633706	138.0	31	1.05	0.95				
	304	1	37.79595064701755	7.66134134736842	0.0	0.0	3	1.0104597192173688	9.07950492686053	138.0	31	1.05	0.95				
	305	1	36.26368237754386	7.15058525754386	0.0	0.0	3	1.0304385558057425	6.665568561777196	138.0	31	1.05	0.95				
	306	1	69.46282821614037	14.30117051508772	0.0	-100.0	3	1.036275819265985	5.4059000606726775	138.0	32	1.05	0.95				
	307	2	63.844511228070175	12.768902245614036	0.0	0.0	3	0.95	3.8814263805215474	138.0	32	1.05	0.95				
	308	1	87.33929136	17.87646314385965	0.0	0.0	3	0.9679510261101789	4.722723513045817	138.0	32	1.05	0.95				
	309	1	89.38231571929826	18.38721923368421	0.0	0.0	3	1.0137937109190238	12.523919309680206	138.0	33	1.05	0.95				
	310	1	99.59743751578948	20.430243592982457	0.0	0.0	3	1.0418740203065295	7.1073507224439405	138.0	33	1.05	0.95				
	311	1	0.0	0.0	0.0	0.0	3	1.000671288075401	11.5300997795487	230.0	33	1.05	0.95				
	312	1	0.0	0.0	0.0	0.0	3	1.0056473860428532	12.08389821975893	230.0	33	1.05	0.95				
	313	2	135.35036380350877	27.580828850526316	0.0	0.0	3	1.0021568372501202	13.876259216254851	230.0	34	1.05	0.95				
	314	2	99.08668142596491	19.9194875031579	0.0	0.0	3	0.9962247193760256	11.300282314289293	230.0	36	1.05	0.95				
	315	2	161.90968047438596	32.68838974877193	0.0	0.0	3	1.0478657571877383	14.325151413875151	230.0	36	1.05	0.95				
	316	2	51.075608982456146	10.215121796491228	0.0	0.0	3	1.0327912506486676	14.062441144758557	230.0	36	1.05	0.95				
	317	1	0.0	0.0	0.0	0.0	3	1.05	17.832795687387144	230.0	37	1.05	0.95				
	318	2	170.08177791157897	34.73141410807018	0.0	0.0	3	1.0485270509332374	14.745749444129856	230.0	37	1.05	0.95				
	319	1	92.44685225824563	18.897975323508774	0.0	0.0	3	1.0217576785472555	13.169141135974707	230.0	35	1.05	0.95				
	320	1	65.37677949754386	13.279658335438599	0.0	0.0	3	1.0161254925237309	13.387104847844446	230.0	35	1.05	0.95				
	321	2	0.0	0.0	0.0	0.0	3	1.05	15.251873734391076	230.0	37	1.05	0.95				
	322	2	0.0	0.0	0.0	0.0	3	1.05	20.61296378933475	230.0	37	1.05	0.95				
	323	2	0.0	0.0	0.0	0.0	3	1.0140544568312513	13.909940841481447	230.0	35	1.05	0.95				
	324	1	0.0	0.0	0.0	0.0	3	1.045686745916066	17.92720139284701	230.0	36	1.05	0.95				
	325	1	0.0	0.0	0.0	0.0	3	1.0153807185556158	14.50064209866284	230.0	35	1.05	0.95				
];
