%% MATPOWER Case Format : Version 2
function mpc = RTS_GMLC
mpc.version = '2';

%%-----  Power Flow Data  -----%%
%% system MVA base
mpc.baseMVA = 100.0;
%% bus data
%    bus_i    type    Pd    Qd    Gs    Bs    area    Vm    Va    baseKV    zone    Vmax    Vmin
mpc.bus = [
	101	2	44.76843147789474	9.11949530105263	0.0	0.0	1	1.017116229464006	2.7894896478076276	138.0	11	1.05	0.95				
	102	2	40.20868382736842	8.290450273684211	0.0	0.0	1	1.015945789038342	2.4442936564009896	138.0	12	1.05	0.95				
	103	1	74.61405246315789	15.33733300631579	0.0	0.0	1	1.0252307600913169	3.1577500328526527	138.0	11	1.05	0.95				
	104	1	30.67466601263158	6.2178377052631575	0.0	0.0	1	1.0137509502246607	-0.7049515026960418	138.0	11	1.05	0.95				
	105	1	29.43109847157894	5.803315191578948	0.0	0.0	1	1.0274154588906332	-0.6596867108689106	138.0	11	1.05	0.95				
	106	1	56.375061861052636	11.606630383157896	0.0	-100.0	1	1.0414400409043487	-3.0480102537732723	138.0	12	1.05	0.95				
	107	2	51.81531421052631	10.363062842105263	0.0	0.0	1	0.9846715466419502	-11.607788956174822	138.0	12	1.05	0.95				
	108	1	70.88334984	14.508287978947369	0.0	0.0	1	0.9936398540182242	-8.858132309425242	138.0	12	1.05	0.95				
	109	1	72.54143989473684	14.922810492631577	0.0	0.0	1	1.0246104884299678	-1.5460883410754531	138.0	13	1.05	0.95				
	110	1	80.83189016842105	16.580900547368422	0.0	0.0	1	1.05	-2.7859661799965103	138.0	13	1.05	0.95				
	111	1	0.0	0.0	0.0	0.0	1	1.017192035012219	0.7986676318792342	230.0	13	1.05	0.95				
	112	1	0.0	0.0	0.0	0.0	1	1.0142071688571772	-0.43443743654116673	230.0	13	1.05	0.95				
	113	3	109.84846612631578	22.38421573894737	0.0	0.0	1	0.9984235304993105	2.598420650991355e-29	230.0	14	1.05	0.95				
	114	2	80.41736765473684	16.166378033684207	0.0	0.0	1	1.0406621511257748	4.389132536807888	230.0	16	1.05	0.95				
	115	2	131.40363683789474	26.529440875789472	0.0	0.0	1	1.038329518934415	14.167784448024566	230.0	16	1.05	0.95				
	116	2	41.45225136842105	8.290450273684211	0.0	0.0	1	1.0378373680212956	12.145151648219732	230.0	16	1.05	0.95				
	117	1	0.0	0.0	0.0	0.0	1	1.0371095188387256	18.43240332058426	230.0	17	1.05	0.95				
	118	2	138.03599705684212	28.187530930526318	0.0	0.0	1	1.0462028066390034	19.130210235315	230.0	17	1.05	0.95				
	119	1	75.0285749768421	15.33733300631579	0.0	0.0	1	1.0332781887847013	7.485080899036925	230.0	15	1.05	0.95				
	120	1	53.058881751578944	10.777585355789473	0.0	0.0	1	1.0369230129025595	4.231813883243539	230.0	15	1.05	0.95				
	121	2	0.0	0.0	0.0	0.0	1	1.0407197072032737	20.832794997483774	230.0	17	1.05	0.95				
	122	2	0.0	0.0	0.0	0.0	1	1.05	38.814876618665686	230.0	17	1.05	0.95				
	123	2	0.0	0.0	0.0	0.0	1	1.0402677860227059	2.7635277169537447	230.0	15	1.05	0.95				
	124	1	0.0	0.0	0.0	0.0	1	1.019714468721497	10.053380900110124	230.0	16	1.05	0.95				
	201	2	49.197544484210525	10.021722024561402	0.0	0.0	2	1.007630145957514	-19.732850480485347	138.0	21	1.05	0.95				
	202	2	44.186683471929825	9.110656385964912	0.0	0.0	2	1.0068770360944777	-20.057403733229226	138.0	22	1.05	0.95				
	203	1	81.9959074736842	16.854714314035085	0.0	0.0	2	1.0097086768979455	-14.269805632886015	138.0	21	1.05	0.95				
	204	1	33.70942862807017	6.832992289473683	0.0	0.0	2	1.0079580437801245	-19.53101158275427	138.0	21	1.05	0.95				
	205	1	32.34283017017543	6.377459470175438	0.0	0.0	2	1.02311854176827	-20.1139567442339	138.0	21	1.05	0.95				
	206	1	61.9524634245614	12.754918940350876	0.0	-100.0	2	1.039395865498697	-20.884623567387795	138.0	22	1.05	0.95				
	207	2	56.9416024122807	11.38832048245614	0.0	0.0	2	0.9903874409698477	-26.352594477920633	138.0	22	1.05	0.95				
	208	1	77.8961121	15.943648675438594	0.0	0.0	2	0.9960765413145034	-24.271907281880026	138.0	22	1.05	0.95				
	209	1	79.71824337719298	16.39918149473684	0.0	0.0	2	1.022543831516193	-17.21235623597746	138.0	23	1.05	0.95				
	210	1	88.82889976315789	18.221312771929824	0.0	0.0	2	1.05	-19.024912654301847	138.0	23	1.05	0.95				
	211	1	0.0	0.0	0.0	0.0	2	1.0115220184868587	-13.848635305639933	230.0	23	1.05	0.95				
	212	1	0.0	0.0	0.0	0.0	2	1.014497903589412	-13.03475785561801	230.0	23	1.05	0.95				
	213	2	120.71619711403507	24.598772242105262	0.0	0.0	2	1.0138023654933643	-12.353117882633908	230.0	24	1.05	0.95				
	214	2	88.37336694385965	17.765779952631576	0.0	0.0	2	1.0154481368763517	-10.844890345586725	230.0	26	1.05	0.95				
	215	2	144.40390371754384	29.154100435087717	0.0	0.0	2	1.0289766108513576	-3.3959022158427254	230.0	26	1.05	0.95				
	216	2	45.55328192982456	9.110656385964912	0.0	0.0	2	1.0330336889161909	-3.8555076895186433	230.0	26	1.05	0.95				
	217	1	0.0	0.0	0.0	0.0	2	1.0364501514872941	-1.8165864817113746	230.0	27	1.05	0.95				
	218	2	151.69242882631576	30.9762317122807	0.0	0.0	2	1.0346105889693527	-2.4324371766470363	230.0	27	1.05	0.95				
	219	1	82.45144029298245	16.854714314035085	0.0	0.0	2	1.0378858732994054	-4.157352029693677	230.0	25	1.05	0.95				
	220	1	58.30820087017543	11.843853301754386	0.0	0.0	2	1.0452009149215922	-3.551335242026371	230.0	25	1.05	0.95				
	221	2	0.0	0.0	0.0	0.0	2	1.0353062477437682	-1.9492371148398826	230.0	27	1.05	0.95				
	222	2	0.0	0.0	0.0	0.0	2	1.05	4.60137669911345	230.0	27	1.05	0.95				
	223	2	0.0	0.0	0.0	0.0	2	1.05	-2.887262591842919	230.0	25	1.05	0.95				
	224	1	0.0	0.0	0.0	0.0	2	1.0083531036119067	-7.434018603881381	230.0	26	1.05	0.95				
	301	2	57.84372034105264	11.782980069473684	0.0	0.0	3	1.0313983135156402	6.513822126266216	138.0	31	1.05	0.95				
	302	2	51.95223030631578	10.711800063157895	0.0	0.0	3	1.026713175832983	6.170492292776765	138.0	32	1.05	0.95				
	303	1	96.40620056842106	19.816830116842105	0.0	0.0	3	1.05	22.63200546567571	138.0	31	1.05	0.95				
	304	1	39.63366023368421	8.033850047368421	0.0	0.0	3	1.0088883241538145	7.811993326656953	138.0	31	1.05	0.95				
	305	1	38.026890224210526	7.498260044210527	0.0	0.0	3	1.0292443732160752	5.448850612052265	138.0	31	1.05	0.95				
	306	1	72.8402404294737	14.996520088421054	0.0	-100.0	3	1.0340383711037242	4.22617885418669	138.0	32	1.05	0.95				
	307	2	66.94875039473685	13.389750078947369	0.0	0.0	3	0.95	3.9200040941266847	138.0	32	1.05	0.95				
	308	1	91.58589054	18.745650110526316	0.0	0.0	3	0.9668885770359381	4.181969307522119	138.0	32	1.05	0.95				
	309	1	93.72825055263158	19.28124011368421	0.0	0.0	3	1.0122698948700495	11.415933379164324	138.0	33	1.05	0.95				
	310	1	104.44005061578947	21.42360012631579	0.0	0.0	3	1.039994561511264	6.084621570307316	138.0	33	1.05	0.95				
	311	1	0.0	0.0	0.0	0.0	3	0.9993066796818691	10.724694100684076	230.0	33	1.05	0.95				
	312	1	0.0	0.0	0.0	0.0	3	1.0039206062978152	11.250594640714992	230.0	33	1.05	0.95				
	313	2	141.93135083684209	28.92186017052632	0.0	0.0	3	1.0004346623606535	13.086176055959232	230.0	34	1.05	0.95				
	314	2	103.90446061263157	20.888010123157898	0.0	0.0	3	0.9960196943720252	10.740649008816396	230.0	36	1.05	0.95				
	315	2	169.78203100105262	34.27776020210526	0.0	0.0	3	1.0491003832554318	14.222599834405248	230.0	36	1.05	0.95				
	316	2	53.559000315789476	10.711800063157895	0.0	0.0	3	1.0352821304865103	13.988070820081314	230.0	36	1.05	0.95				
	317	1	0.0	0.0	0.0	0.0	3	1.05	18.27592762647824	230.0	37	1.05	0.95				
	318	2	178.35147105157895	36.42012021473685	0.0	0.0	3	1.046553774014746	14.989339367973498	230.0	37	1.05	0.95				
	319	1	96.94179057157895	19.816830116842105	0.0	0.0	3	1.022795545008599	12.92249983212779	230.0	35	1.05	0.95				
	320	1	68.55552040421053	13.925340082105265	0.0	0.0	3	1.0162376923469505	13.03298656790402	230.0	35	1.05	0.95				
	321	2	0.0	0.0	0.0	0.0	3	1.05	15.385176110231848	230.0	37	1.05	0.95				
	322	2	0.0	0.0	0.0	0.0	3	1.05	20.86781840551642	230.0	37	1.05	0.95				
	323	2	0.0	0.0	0.0	0.0	3	1.0137521441199173	13.515567096022366	230.0	35	1.05	0.95				
	324	1	0.0	0.0	0.0	0.0	3	1.0466477902389661	17.43829394549741	230.0	36	1.05	0.95				
	325	1	0.0	0.0	0.0	0.0	3	1.014956683963213	14.152798595993094	230.0	35	1.05	0.95				
];
