%% MATPOWER Case Format : Version 2
function mpc = RTS_GMLC
mpc.version = '2';

%%-----  Power Flow Data  -----%%
%% system MVA base
mpc.baseMVA = 100.0;
%% bus data
%    bus_i    type    Pd    Qd    Gs    Bs    area    Vm    Va    baseKV    zone    Vmax    Vmin
mpc.bus = [
	101	2	39.87877289684211	8.123453738245615	0.0	0.0	1	1.0298178693500792	1.460110445516609	138.0	11	1.05	0.95				
	102	2	35.81704602771929	7.384957943859649	0.0	0.0	1	1.0274999531751636	0.8575266744374785	138.0	12	1.05	0.95				
	103	1	66.46462149473685	13.662172196140352	0.0	0.0	1	1.03218231705293	1.3433910260806727	138.0	11	1.05	0.95				
	104	1	27.324344392280704	5.538718457894737	0.0	0.0	1	1.0219381080148635	-1.1448752895575922	138.0	11	1.05	0.95				
	105	1	26.216600700701754	5.169470560701755	0.0	0.0	1	1.0350020859646956	-1.3083102732058625	138.0	11	1.05	0.95				
	106	1	50.217714018245616	10.33894112140351	0.0	-100.0	1	1.0460852982626228	-3.3707436027156703	138.0	12	1.05	0.95				
	107	2	46.15598714912281	9.231197429824562	0.0	0.0	1	1.0006968182247011	-8.539630234628415	138.0	12	1.05	0.95				
	108	1	63.14139042	12.923676401754387	0.0	0.0	1	1.0062942831399977	-7.08325791660775	138.0	12	1.05	0.95				
	109	1	64.61838200877193	13.292924298947367	0.0	0.0	1	1.0247717626806	-1.8653501737856069	138.0	13	1.05	0.95				
	110	1	72.00333995263158	14.769915887719298	0.0	0.0	1	1.05	-2.936895761959538	138.0	13	1.05	0.95				
	111	1	0.0	0.0	0.0	0.0	1	1.0026238610780938	-0.05910338123238479	230.0	13	1.05	0.95				
	112	1	0.0	0.0	0.0	0.0	1	1.0063386023321523	-0.6929775691777812	230.0	13	1.05	0.95				
	113	3	97.85069275614035	19.939386448421054	0.0	0.0	1	0.9917330278789923	3.292860171727233e-29	230.0	14	1.05	0.95				
	114	2	71.63409205543859	14.400667990526317	0.0	0.0	1	1.0018518622378887	2.368735980016733	230.0	16	1.05	0.95				
	115	2	117.05158341017543	23.631865420350877	0.0	0.0	1	1.0402541302966792	9.140966109793073	230.0	16	1.05	0.95				
	116	2	36.924789719298246	7.384957943859649	0.0	0.0	1	1.0341251989217586	7.886375755976815	230.0	16	1.05	0.95				
	117	1	0.0	0.0	0.0	0.0	1	1.0407203845427133	12.280601217740726	230.0	17	1.05	0.95				
	118	2	122.95954976526315	25.108857009122808	0.0	0.0	1	1.047942301801621	12.673261580535796	230.0	17	1.05	0.95				
	119	1	66.83386939192982	13.662172196140352	0.0	0.0	1	1.0214300567791814	4.874701704851622	230.0	15	1.05	0.95				
	120	1	47.263730840701754	9.600445327017544	0.0	0.0	1	1.014558050798215	2.9241665366765903	230.0	15	1.05	0.95				
	121	2	0.0	0.0	0.0	0.0	1	1.05	13.866138105704502	230.0	17	1.05	0.95				
	122	2	0.0	0.0	0.0	0.0	1	1.05	27.061475898592487	230.0	17	1.05	0.95				
	123	2	0.0	0.0	0.0	0.0	1	1.0112811539782993	2.1348772600905526	230.0	15	1.05	0.95				
	124	1	0.0	0.0	0.0	0.0	1	1.0272187680890086	6.217183817461672	230.0	16	1.05	0.95				
	201	2	37.9776483663158	7.73618763017544	0.0	0.0	2	1.0162471628467509	-10.993935315548143	138.0	21	1.05	0.95				
	202	2	34.10955455122807	7.032897845614036	0.0	0.0	2	1.0154014112414205	-11.243786148798277	138.0	22	1.05	0.95				
	203	1	63.29608061052632	13.010861014385966	0.0	0.0	2	1.0146146519945767	-8.280915158470863	138.0	21	1.05	0.95				
	204	1	26.021722028771933	5.2746733842105265	0.0	0.0	2	1.0140843344817039	-10.933264689390171	138.0	21	1.05	0.95				
	205	1	24.966787351929824	4.923028491929825	0.0	0.0	2	1.0290013024604348	-11.244840766847963	138.0	21	1.05	0.95				
	206	1	47.823705350175445	9.84605698385965	0.0	-100.0	2	1.0444797459547168	-11.848893202849533	138.0	22	1.05	0.95				
	207	2	43.955611535087726	8.791122307017545	0.0	0.0	2	0.9993167228972594	-16.01448021292177	138.0	22	1.05	0.95				
	208	1	60.131276580000005	12.30757122982456	0.0	0.0	2	1.0054865217900035	-14.466908981246926	138.0	22	1.05	0.95				
	209	1	61.53785614912282	12.659216122105263	0.0	0.0	2	1.0225445153643598	-9.216332630341096	138.0	23	1.05	0.95				
	210	1	68.57075399473685	14.065795691228072	0.0	0.0	2	1.05	-10.362684710100272	138.0	23	1.05	0.95				
	211	1	0.0	0.0	0.0	0.0	2	1.0001388910280642	-7.164011908968918	230.0	23	1.05	0.95				
	212	1	0.0	0.0	0.0	0.0	2	1.0058913573784407	-4.685588481499635	230.0	23	1.05	0.95				
	213	2	93.18589645438597	18.9888241831579	0.0	0.0	2	0.9914074412327196	-5.931714513657356	230.0	24	1.05	0.95				
	214	2	68.21910910245614	13.714150798947369	0.0	0.0	2	0.9966320822171177	-5.4509527242981415	230.0	26	1.05	0.95				
	215	2	111.47143085298245	22.505273105964914	0.0	0.0	2	1.0128181715181337	-0.4335287758389533	230.0	26	1.05	0.95				
	216	2	35.16448922807018	7.032897845614036	0.0	0.0	2	1.0124625430371674	-0.8730202079281338	230.0	26	1.05	0.95				
	217	1	0.0	0.0	0.0	0.0	2	1.0184118172560412	0.6955947497178766	230.0	27	1.05	0.95				
	218	2	117.0977491294737	23.911852675087722	0.0	0.0	2	1.0180040436500168	0.37254766423401525	230.0	27	1.05	0.95				
	219	1	63.64772550280703	13.010861014385966	0.0	0.0	2	1.009581127551987	-1.8343685718902425	230.0	25	1.05	0.95				
	220	1	45.01054621192983	9.142767199298246	0.0	0.0	2	1.0092654718684209	-1.9601624559617832	230.0	25	1.05	0.95				
	221	2	0.0	0.0	0.0	0.0	2	1.019881141274135	0.9115809738245999	230.0	27	1.05	0.95				
	222	2	0.0	0.0	0.0	0.0	2	1.0419286522485514	7.419534485459817	230.0	27	1.05	0.95				
	223	2	0.0	0.0	0.0	0.0	2	1.0093195545133542	-1.7475003618666374	230.0	25	1.05	0.95				
	224	1	0.0	0.0	0.0	0.0	2	1.0037014201406627	-3.408123439842499	230.0	26	1.05	0.95				
	301	2	49.74628282105263	10.133502056140351	0.0	0.0	3	1.007312219249624	-11.675886063240462	138.0	31	1.05	0.95				
	302	2	44.67953179298245	9.212274596491229	0.0	0.0	3	1.0068980849663265	-11.775642348193342	138.0	32	1.05	0.95				
	303	1	82.91047136842106	17.04270800350877	0.0	0.0	3	1.0220816519260958	-6.67007020049915	138.0	31	1.05	0.95				
	304	1	34.08541600701754	6.90920594736842	0.0	0.0	3	1.0090425582543978	-10.275470406231243	138.0	31	1.05	0.95				
	305	1	32.70357481754386	6.44859221754386	0.0	0.0	3	1.0224747578323479	-10.820237229619206	138.0	31	1.05	0.95				
	306	1	62.64346725614035	12.89718443508772	0.0	-100.0	3	1.0391886332536509	-10.885185336235853	138.0	32	1.05	0.95				
	307	2	57.57671622807017	11.515343245614035	0.0	0.0	3	0.9938073803349129	-16.131621227571276	138.0	32	1.05	0.95				
	308	1	78.7649478	16.121480543859647	0.0	0.0	3	0.9985681622701071	-14.025361280752973	138.0	32	1.05	0.95				
	309	1	80.60740271929825	16.58209427368421	0.0	0.0	3	1.0255795559468968	-7.161446416770438	138.0	33	1.05	0.95				
	310	1	89.81967731578948	18.424549192982457	0.0	0.0	3	1.05	-8.48443133500361	138.0	33	1.05	0.95				
	311	1	0.0	0.0	0.0	0.0	3	1.007537388116111	-2.943055307974537	230.0	33	1.05	0.95				
	312	1	0.0	0.0	0.0	0.0	3	1.011712001680937	-2.35752879432683	230.0	33	1.05	0.95				
	313	2	122.06263840350877	24.873141410526316	0.0	0.0	3	1.0116873143267109	1.0855385729255158	230.0	34	1.05	0.95				
	314	2	89.3590635859649	17.963935463157895	0.0	0.0	3	1.007241885205361	-1.4954741289473172	230.0	36	1.05	0.95				
	315	2	146.01455235438596	29.47927870877193	0.0	0.0	3	1.0271667655486885	-0.25398697700615536	230.0	36	1.05	0.95				
	316	2	46.06137298245614	9.212274596491229	0.0	0.0	3	1.0262612472066788	0.23365237425639607	230.0	36	1.05	0.95				
	317	1	0.0	0.0	0.0	0.0	3	1.0347689211853017	2.953169519452528	230.0	37	1.05	0.95				
	318	2	153.38437203157895	31.321733628070174	0.0	0.0	3	1.0308770797860516	1.4146917163841517	230.0	37	1.05	0.95				
	319	1	83.37108509824562	17.04270800350877	0.0	0.0	3	1.0240129392581387	0.44037569288920225	230.0	35	1.05	0.95				
	320	1	58.95855741754386	11.975956975438597	0.0	0.0	3	1.024631503288827	1.2209593624267343	230.0	35	1.05	0.95				
	321	2	0.0	0.0	0.0	0.0	3	1.0320205328945926	1.4530317217912423	230.0	37	1.05	0.95				
	322	2	0.0	0.0	0.0	0.0	3	1.0467716775775446	6.375450256011319	230.0	37	1.05	0.95				
	323	2	0.0	0.0	0.0	0.0	3	1.0255813042001085	1.8849193254886818	230.0	35	1.05	0.95				
	324	1	0.0	0.0	0.0	0.0	3	1.0188012874297179	-1.1921917546782728	230.0	36	1.05	0.95				
	325	1	0.0	0.0	0.0	0.0	3	1.0246631265916706	2.9079052844120894	230.0	35	1.05	0.95				
];
