%% MATPOWER Case Format : Version 2
function mpc = RTS_GMLC
mpc.version = '2';

%%-----  Power Flow Data  -----%%
%% system MVA base
mpc.baseMVA = 100.0;
%% bus data
%    bus_i    type    Pd    Qd    Gs    Bs    area    Vm    Va    baseKV    zone    Vmax    Vmin
mpc.bus = [
	101	2	37.86145472463158	7.712518555017543	0.0	0.0	1	1.022453672742652	0.40696873770992215	138.0	11	1.05	0.95				
	102	2	34.0051954471228	7.011380504561402	0.0	0.0	1	1.020165265275645	-0.22887383692121194	138.0	12	1.05	0.95				
	103	1	63.10242454105263	12.971053933438595	0.0	0.0	1	1.0278687467226681	3.0117356052102933	138.0	11	1.05	0.95				
	104	1	25.94210786687719	5.258535378421052	0.0	0.0	1	1.0166181539976293	-1.7405508614261815	138.0	11	1.05	0.95				
	105	1	24.89040079119298	4.9079663531929825	0.0	0.0	1	1.0318055796522176	-1.8239090416890302	138.0	11	1.05	0.95				
	106	1	47.67738743101754	9.815932706385965	0.0	-100.0	1	1.0451350259942613	-3.5831809159139114	138.0	12	1.05	0.95				
	107	2	43.82112815350877	8.764225630701754	0.0	0.0	1	0.9991348815931804	-10.643325288502105	138.0	12	1.05	0.95				
	108	1	59.947303314	12.269915882982454	0.0	0.0	1	1.0042882848511137	-8.14673200892036	138.0	12	1.05	0.95				
	109	1	61.349579414912284	12.620484908210525	0.0	0.0	1	1.0230084355692812	-1.5190401477120183	138.0	13	1.05	0.95				
	110	1	68.36095991947367	14.022761009122805	0.0	0.0	1	1.05	-2.946072445836667	138.0	13	1.05	0.95				
	111	1	0.0	0.0	0.0	0.0	1	1.00284249640639	0.8636860335212913	230.0	13	1.05	0.95				
	112	1	0.0	0.0	0.0	0.0	1	1.0072219577647277	-0.4585620728482566	230.0	13	1.05	0.95				
	113	3	92.90079168543859	18.93072736231579	0.0	0.0	1	0.9951967488852353	2.301908962121644e-28	230.0	14	1.05	0.95				
	114	2	68.0103908942456	13.672191983894736	0.0	0.0	1	1.0037930975458067	4.843236845188188	230.0	16	1.05	0.95				
	115	2	111.13038099729823	22.43641761459649	0.0	0.0	1	1.0372306186063915	14.397527844242617	230.0	16	1.05	0.95				
	116	2	35.056902522807015	7.011380504561402	0.0	0.0	1	1.0289064117511837	12.470150612431665	230.0	16	1.05	0.95				
	117	1	0.0	0.0	0.0	0.0	1	1.0355041193320043	18.478071932810625	230.0	17	1.05	0.95				
	118	2	116.73948540094736	23.83869371550877	0.0	0.0	1	1.0468555474521257	19.163595192431544	230.0	17	1.05	0.95				
	119	1	63.4529935662807	12.971053933438595	0.0	0.0	1	1.0165930119901134	7.881846906372746	230.0	15	1.05	0.95				
	120	1	44.87283522919298	9.114794655929824	0.0	0.0	1	1.0127949338542626	4.535051851553699	230.0	15	1.05	0.95				
	121	2	0.0	0.0	0.0	0.0	1	1.0481281113937377	20.667818703830864	230.0	17	1.05	0.95				
	122	2	0.0	0.0	0.0	0.0	1	1.05	37.51794376927718	230.0	17	1.05	0.95				
	123	2	0.0	0.0	0.0	0.0	1	1.011890482229511	2.9641605733067276	230.0	15	1.05	0.95				
	124	1	0.0	0.0	0.0	0.0	1	1.0195410605559785	10.1269496602547	230.0	16	1.05	0.95				
	201	2	38.74264128000001	7.89201952	0.0	0.0	2	1.009481021540609	-17.86483839854731	138.0	21	1.05	0.95				
	202	2	34.79663152	7.174563200000001	0.0	0.0	2	1.0086405326951966	-18.176914186570862	138.0	22	1.05	0.95				
	203	1	64.5710688	13.272941920000001	0.0	0.0	2	1.0135048586686612	-13.26403483770747	138.0	21	1.05	0.95				
	204	1	26.545883840000002	5.3809224	0.0	0.0	2	1.0105942300057211	-18.04683228914922	138.0	21	1.05	0.95				
	205	1	25.469699359999996	5.02219424	0.0	0.0	2	1.0254620202495177	-18.528051848901082	138.0	21	1.05	0.95				
	206	1	48.78702976	10.04438848	0.0	-100.0	2	1.0425710600527165	-19.372071146682924	138.0	22	1.05	0.95				
	207	2	44.84102	8.968204	0.0	0.0	2	0.9924349674805384	-23.5482902031707	138.0	22	1.05	0.95				
	208	1	61.34251536000001	12.555485599999999	0.0	0.0	2	1.0010935900339852	-21.986537787798444	138.0	22	1.05	0.95				
	209	1	62.777428	12.91421376	0.0	0.0	2	1.0219676633466934	-16.443072838228503	138.0	23	1.05	0.95				
	210	1	69.9519912	14.349126400000001	0.0	0.0	2	1.05	-18.029272051069697	138.0	23	1.05	0.95				
	211	1	0.0	0.0	0.0	0.0	2	1.0038547617971294	-13.944074474136144	230.0	23	1.05	0.95				
	212	1	0.0	0.0	0.0	0.0	2	1.0115098518697732	-13.755363577558235	230.0	23	1.05	0.95				
	213	2	95.0629624	19.371320640000004	0.0	0.0	2	1.0013412294304096	-13.227077981234212	230.0	24	1.05	0.95				
	214	2	69.59326304	13.990398240000001	0.0	0.0	2	1.001263003331151	-11.146237543845906	230.0	26	1.05	0.95				
	215	2	113.71682672000001	22.95860224	0.0	0.0	2	1.0187464107259108	-3.939793390998732	230.0	26	1.05	0.95				
	216	2	35.872816	7.174563200000001	0.0	0.0	2	1.0206122540410354	-5.056163899029135	230.0	26	1.05	0.95				
	217	1	0.0	0.0	0.0	0.0	2	1.023321076376563	-2.40209699344875	230.0	27	1.05	0.95				
	218	2	119.45647728000002	24.39351488	0.0	0.0	2	1.0232478096131852	-2.8427076018191686	230.0	27	1.05	0.95				
	219	1	64.92979696	13.272941920000001	0.0	0.0	2	1.0270940986996386	-6.378681573675827	230.0	25	1.05	0.95				
	220	1	45.91720448	9.326932160000002	0.0	0.0	2	1.0350587032926104	-6.812749180165618	230.0	25	1.05	0.95				
	221	2	0.0	0.0	0.0	0.0	2	1.0253205424985203	-2.4023188230148516	230.0	27	1.05	0.95				
	222	2	0.0	0.0	0.0	0.0	2	1.0470816227181419	4.124554712092091	230.0	27	1.05	0.95				
	223	2	0.0	0.0	0.0	0.0	2	1.0396017841290373	-6.7791219649485805	230.0	25	1.05	0.95				
	224	1	0.0	0.0	0.0	0.0	2	1.0053349804749925	-7.449042094442519	230.0	26	1.05	0.95				
	301	2	42.434672589473685	8.644099971929824	0.0	0.0	3	1.0315876691513572	8.918712403573247	138.0	31	1.05	0.95				
	302	2	38.112622603508775	7.858272701754387	0.0	0.0	3	1.0291479167246946	8.575729434455187	138.0	32	1.05	0.95				
	303	1	70.72445431578947	14.537804498245615	0.0	0.0	3	1.05	23.052150079915112	138.0	31	1.05	0.95				
	304	1	29.07560899649123	5.893704526315789	0.0	0.0	3	1.0171092912329731	9.4545860520281	138.0	31	1.05	0.95				
	305	1	27.89686809122807	5.500790891228071	0.0	0.0	3	1.0360440378145446	7.58341683412405	138.0	31	1.05	0.95				
	306	1	53.43625437192983	11.001581782456142	0.0	-100.0	3	1.0461643087182912	6.338508247825272	138.0	32	1.05	0.95				
	307	2	49.11420438596492	9.822840877192982	0.0	0.0	3	0.95	2.9315616106828903	138.0	32	1.05	0.95				
	308	1	67.18823160000001	13.751977228070174	0.0	0.0	3	0.9741246348486864	4.548090976857793	138.0	32	1.05	0.95				
	309	1	68.75988614035087	14.144890863157894	0.0	0.0	3	1.0186771138204662	11.81421467260306	138.0	33	1.05	0.95				
	310	1	76.61815884210526	15.716545403508775	0.0	0.0	3	1.049615974985994	7.480751437410732	138.0	33	1.05	0.95				
	311	1	0.0	0.0	0.0	0.0	3	1.0054561279539735	10.688834842382846	230.0	33	1.05	0.95				
	312	1	0.0	0.0	0.0	0.0	3	1.0116315809315144	11.533116444518857	230.0	33	1.05	0.95				
	313	2	104.12211329824561	21.217336294736842	0.0	0.0	3	1.0085204461461212	13.324492984446115	230.0	34	1.05	0.95				
	314	2	76.22524520701755	15.323631768421054	0.0	0.0	3	0.9968093041521092	9.520421098592086	230.0	36	1.05	0.95				
	315	2	124.55362232280703	25.146472645614036	0.0	0.0	3	1.0434151757562056	10.49875206409911	230.0	36	1.05	0.95				
	316	2	39.29136350877193	7.858272701754387	0.0	0.0	3	1.023551709710869	10.258099427164108	230.0	36	1.05	0.95				
	317	1	0.0	0.0	0.0	0.0	3	1.04570076638303	11.60848360124921	230.0	37	1.05	0.95				
	318	2	130.8402404842105	26.718127185964914	0.0	0.0	3	1.05	9.428934536426372	230.0	37	1.05	0.95				
	319	1	71.1173679508772	14.537804498245615	0.0	0.0	3	1.018033157343674	10.55434768461875	230.0	35	1.05	0.95				
	320	1	50.29294529122807	10.215754512280704	0.0	0.0	3	1.015806555705405	11.595699615482152	230.0	35	1.05	0.95				
	321	2	0.0	0.0	0.0	0.0	3	1.05	10.379653808001557	230.0	37	1.05	0.95				
	322	2	0.0	0.0	0.0	0.0	3	1.05	15.203546864564467	230.0	37	1.05	0.95				
	323	2	0.0	0.0	0.0	0.0	3	1.015315459327659	12.481411019064888	230.0	35	1.05	0.95				
	324	1	0.0	0.0	0.0	0.0	3	1.0418379724267548	15.301048938478365	230.0	36	1.05	0.95				
	325	1	0.0	0.0	0.0	0.0	3	1.0166849750008389	13.19846706801722	230.0	35	1.05	0.95				
];

%% generator data
%    bus    Pg    Qg    Qmax    Qmin    Vg    mBase    status    Pmax    Pmin    Pc1    Pc2    Qc1min    Qc1max    Qc2min    Qc2max    ramp_agc    ramp_10    ramp_30    ramp_q    apf
