%% MATPOWER Case Format : Version 2
function mpc = RTS_GMLC
mpc.version = '2';

%%-----  Power Flow Data  -----%%
%% system MVA base
mpc.baseMVA = 100.0;
%% bus data
%    bus_i    type    Pd    Qd    Gs    Bs    area    Vm    Va    baseKV    zone    Vmax    Vmin
mpc.bus = [
	101	2	99.10242454736844	20.18753092631579	0.0	0.0	1	1.044944254646803	-1.588857655194936	138.0	11	1.05	0.95				
	102	2	89.00865908421054	18.352300842105265	0.0	0.0	1	1.0447523393852614	-1.7449945560206686	138.0	12	1.05	0.95				
	103	1	165.17070757894737	33.95175655789474	0.0	0.0	1	1.0155744052360125	-1.6487985883942906	138.0	11	1.05	0.95				
	104	1	67.90351311578948	13.764225631578947	0.0	0.0	1	1.0206115456984153	-5.016685566701931	138.0	11	1.05	0.95				
	105	1	65.15066798947369	12.846610589473686	0.0	0.0	1	1.0346322269020027	-5.638884455225433	138.0	11	1.05	0.95				
	106	1	124.79564572631581	25.693221178947372	0.0	-100.0	1	1.0334334101782323	-8.7492510928194	138.0	12	1.05	0.95				
	107	2	114.7018802631579	22.94037605263158	0.0	0.0	1	1.05	-6.7624687110875	138.0	12	1.05	0.95				
	108	1	156.9121722	32.11652647368421	0.0	0.0	1	1.0203959091429182	-9.257505295964611	138.0	12	1.05	0.95				
	109	1	160.5826323684211	33.03414151578947	0.0	0.0	1	1.0263708074598314	-5.019478742498518	138.0	13	1.05	0.95				
	110	1	178.93493321052634	36.70460168421053	0.0	0.0	1	1.05	-6.911376421506732	138.0	13	1.05	0.95				
	111	1	0.0	0.0	0.0	0.0	1	1.022387445503035	-1.5282519328730975	230.0	13	1.05	0.95				
	112	1	0.0	0.0	0.0	0.0	1	1.0197955401847385	-0.9164762562666512	230.0	13	1.05	0.95				
	113	3	243.16798615789477	49.55121227368422	0.0	0.0	1	1.024680040176059	-1.090114943633731e-26	230.0	14	1.05	0.95				
	114	2	178.01731816842107	35.78698664210527	0.0	0.0	1	1.0358916926027868	1.4963057835399807	230.0	16	1.05	0.95				
	115	2	290.8839683473684	58.727362694736854	0.0	0.0	1	1.03992847022245	12.264664594905193	230.0	16	1.05	0.95				
	116	2	91.76150421052633	18.352300842105265	0.0	0.0	1	1.0412139800018938	11.492963093705198	230.0	16	1.05	0.95				
	117	1	0.0	0.0	0.0	0.0	1	1.0429451860514565	16.654584134684022	230.0	17	1.05	0.95				
	118	2	305.5658090210527	62.397822863157906	0.0	0.0	1	1.05	17.216192752822007	230.0	17	1.05	0.95				
	119	1	166.08832262105264	33.95175655789474	0.0	0.0	1	1.0380786392461052	9.06215356790224	230.0	15	1.05	0.95				
	120	1	117.45472538947371	23.857991094736843	0.0	0.0	1	1.0440267431928987	8.359678307272802	230.0	15	1.05	0.95				
	121	2	0.0	0.0	0.0	0.0	1	1.05	17.94923995770166	230.0	17	1.05	0.95				
	122	2	0.0	0.0	0.0	0.0	1	1.05	33.44419293316853	230.0	17	1.05	0.95				
	123	2	0.0	0.0	0.0	0.0	1	1.05	8.642757159339403	230.0	15	1.05	0.95				
	124	1	0.0	0.0	0.0	0.0	1	1.0131129253803524	7.114820130751056	230.0	16	1.05	0.95				
	201	2	103.32504329684214	21.04769400491228	0.0	0.0	2	1.05	-12.002541568967244	138.0	21	1.05	0.95				
	202	2	92.80119629438597	19.134267277192983	0.0	0.0	2	1.05	-12.007715701420933	138.0	22	1.05	0.95				
	203	1	172.20840549473687	35.39839446280702	0.0	0.0	2	1.022282524057311	-9.327137891737848	138.0	21	1.05	0.95				
	204	1	70.79678892561404	14.350700457894739	0.0	0.0	2	1.0174898232983736	-13.283525141843914	138.0	21	1.05	0.95				
	205	1	67.92664883403509	13.39398709403509	0.0	0.0	2	1.0350831749023117	-13.729647579252278	138.0	21	1.05	0.95				
	206	1	130.11301748491232	26.78797418807018	0.0	-100.0	2	1.0305355413585404	-15.579146139458292	138.0	22	1.05	0.95				
	207	2	119.58917048245614	23.91783409649123	0.0	0.0	2	0.95	-24.506314579228626	138.0	22	1.05	0.95				
	208	1	163.59798522000003	33.48496773508772	0.0	0.0	2	0.9512427327408443	-22.076436959622665	138.0	22	1.05	0.95				
	209	1	167.42483867543862	34.44168109894737	0.0	0.0	2	1.0224962206408557	-10.466204343159633	138.0	23	1.05	0.95				
	210	1	186.5591059526316	38.268534554385965	0.0	0.0	2	1.0446309215756189	-12.490807473530142	138.0	23	1.05	0.95				
	211	1	0.0	0.0	0.0	0.0	2	1.0306912880115646	-5.383312649511175	230.0	23	1.05	0.95				
	212	1	0.0	0.0	0.0	0.0	2	1.0246696693934778	-0.26860327678638146	230.0	23	1.05	0.95				
	213	2	253.52904142280704	51.66252164842107	0.0	0.0	2	1.05	-0.3545659659089523	230.0	24	1.05	0.95				
	214	2	185.60239258877195	37.311821190526324	0.0	0.0	2	1.05	-3.998142411751298	230.0	26	1.05	0.95				
	215	2	303.2781363435088	61.22965528701755	0.0	0.0	2	1.0442394960419645	3.8057017247905143	230.0	26	1.05	0.95				
	216	2	95.67133638596492	19.134267277192983	0.0	0.0	2	1.048415296660665	3.8981798548217705	230.0	26	1.05	0.95				
	217	1	0.0	0.0	0.0	0.0	2	1.0499618540595719	6.956922229359058	230.0	27	1.05	0.95				
	218	2	318.5855501652632	65.05650874245616	0.0	0.0	2	1.05	7.36529382304609	230.0	27	1.05	0.95				
	219	1	173.16511885859651	35.39839446280702	0.0	0.0	2	1.0414247183803766	3.7850356367537628	230.0	25	1.05	0.95				
	220	1	122.4593105740351	24.874547460350882	0.0	0.0	2	1.0445333161473904	5.4777178238448325	230.0	25	1.05	0.95				
	221	2	0.0	0.0	0.0	0.0	2	1.05	7.915496291992966	230.0	27	1.05	0.95				
	222	2	0.0	0.0	0.0	0.0	2	1.05	14.05155648670648	230.0	27	1.05	0.95				
	223	2	0.0	0.0	0.0	0.0	2	1.05	7.09651551746987	230.0	25	1.05	0.95				
	224	1	0.0	0.0	0.0	0.0	2	1.0193749081416754	-1.0651822322354951	230.0	26	1.05	0.95				
	301	2	108.0	22.0	0.0	0.0	3	1.0028944698795554	-18.158803486967543	138.0	31	1.05	0.95				
	302	2	97.0	20.0	0.0	0.0	3	1.0081207088779836	-18.31181963304269	138.0	32	1.05	0.95				
	303	1	180.0	37.0	0.0	0.0	3	0.9904301335859931	-13.567103672946605	138.0	31	1.05	0.95				
	304	1	74.0	15.0	0.0	0.0	3	0.9821183469538984	-17.605502272581845	138.0	31	1.05	0.95				
	305	1	71.0	14.000000000000002	0.0	0.0	3	0.9952655362760356	-18.185638583701422	138.0	31	1.05	0.95				
	306	1	136.0	28.000000000000004	0.0	-100.0	3	0.995801932429523	-19.214661961163586	138.0	32	1.05	0.95				
	307	2	125.0	25.0	0.0	0.0	3	0.9522482426277078	-22.47495835652607	138.0	32	1.05	0.95				
	308	1	171.0	35.0	0.0	0.0	3	0.95	-20.9057255410313	138.0	32	1.05	0.95				
	309	1	175.0	36.0	0.0	0.0	3	0.9975958726970034	-12.704372105416724	138.0	33	1.05	0.95				
	310	1	195.0	40.0	0.0	0.0	3	1.0158401151120973	-14.821445678312264	138.0	33	1.05	0.95				
	311	1	0.0	0.0	0.0	0.0	3	1.0017358975795434	-5.10435457664291	230.0	33	1.05	0.95				
	312	1	0.0	0.0	0.0	0.0	3	1.0006644842200714	-3.8278494565071943	230.0	33	1.05	0.95				
	313	2	265.0	54.0	0.0	0.0	3	1.0351827166225176	2.6703373644972386	230.0	34	1.05	0.95				
	314	2	194.0	39.0	0.0	0.0	3	1.0205439252911344	-3.7545768835806905	230.0	36	1.05	0.95				
	315	2	317.0	64.0	0.0	0.0	3	1.046966266510784	0.6650825632031389	230.0	36	1.05	0.95				
	316	2	100.0	20.0	0.0	0.0	3	1.05	1.2681922101309882	230.0	36	1.05	0.95				
	317	1	0.0	0.0	0.0	0.0	3	1.05	4.144841780250128	230.0	37	1.05	0.95				
	318	2	333.0	68.0	0.0	0.0	3	1.0458919284926957	3.3690139869216793	230.0	37	1.05	0.95				
	319	1	181.0	37.0	0.0	0.0	3	1.0420523170365776	1.25783961414534	230.0	35	1.05	0.95				
	320	1	128.0	26.0	0.0	0.0	3	1.0427229857119902	2.327099935369761	230.0	35	1.05	0.95				
	321	2	0.0	0.0	0.0	0.0	3	1.05	4.4225949722267375	230.0	37	1.05	0.95				
	322	2	0.0	0.0	0.0	0.0	3	1.05	10.09039941288905	230.0	37	1.05	0.95				
	323	2	0.0	0.0	0.0	0.0	3	1.0449064963554187	3.008199390155049	230.0	35	1.05	0.95				
	324	1	0.0	0.0	0.0	0.0	3	1.0082887487836159	-4.028963807822229	230.0	36	1.05	0.95				
	325	1	0.0	0.0	0.0	0.0	3	1.0409009283052266	4.24215200178302	230.0	35	1.05	0.95				
];

%% generator data
%    bus    Pg    Qg    Qmax    Qmin    Vg    mBase    status    Pmax    Pmin    Pc1    Pc2    Qc1min    Qc1max    Qc2min    Qc2max    ramp_agc    ramp_10    ramp_30    ramp_q    apf
