%% MATPOWER Case Format : Version 2
function mpc = RTS_GMLC
mpc.version = '2';

%%-----  Power Flow Data  -----%%
%% system MVA base
mpc.baseMVA = 100.0;
%% bus data
%    bus_i    type    Pd    Qd    Gs    Bs    area    Vm    Va    baseKV    zone    Vmax    Vmin
mpc.bus = [
	101	2	42.56407720421053	8.670460171228068	0.0	0.0	1	1.0159512810776283	-2.674648905374813	138.0	11	1.05	0.95				
	102	2	38.22884711859649	7.882236519298245	0.0	0.0	1	1.015757461935525	-2.933327993853997	138.0	12	1.05	0.95				
	103	1	70.9401286736842	14.582137560701753	0.0	0.0	1	1.009694953976881	2.683868248647292	138.0	11	1.05	0.95				
	104	1	29.164275121403506	5.911677389473683	0.0	0.0	1	1.0072020971660303	-3.135762518652786	138.0	11	1.05	0.95				
	105	1	27.981939643508767	5.5175655635087715	0.0	0.0	1	1.0208647060489942	-4.280855399738511	138.0	11	1.05	0.95				
	106	1	53.59920833122806	11.035131127017543	0.0	-100.0	1	1.0315776236944678	-5.658826000075185	138.0	12	1.05	0.95				
	107	2	49.26397824561403	9.852795649122806	0.0	0.0	1	0.988337787887343	-12.896698177097184	138.0	12	1.05	0.95				
	108	1	67.39312224	13.793913908771927	0.0	0.0	1	0.9894196027862902	-10.200759604203837	138.0	12	1.05	0.95				
	109	1	68.96956954385965	14.18802573473684	0.0	0.0	1	1.0066387992612467	-2.571263108678861	138.0	13	1.05	0.95				
	110	1	76.85180606315788	15.76447303859649	0.0	0.0	1	1.035265278046291	-4.617562683190291	138.0	13	1.05	0.95				
	111	1	0.0	0.0	0.0	0.0	1	0.9878595909166688	0.1323026656627143	230.0	13	1.05	0.95				
	112	1	0.0	0.0	0.0	0.0	1	0.9882780951226408	-1.1248182806898006	230.0	13	1.05	0.95				
	113	3	104.43963388070175	21.282038602105263	0.0	0.0	1	0.9678326850760718	2.5289657068568163e-30	230.0	14	1.05	0.95				
	114	2	76.45769423719298	15.370361212631579	0.0	0.0	1	1.0015305941215074	4.068798752833338	230.0	16	1.05	0.95				
	115	2	124.93344883087718	25.223156861754383	0.0	0.0	1	1.004701082928365	14.213413504427049	230.0	16	1.05	0.95				
	116	2	39.41118259649122	7.882236519298245	0.0	0.0	1	1.001731357507166	12.304353820137864	230.0	16	1.05	0.95				
	117	1	0.0	0.0	0.0	0.0	1	1.0057597660619852	18.686959300190196	230.0	17	1.05	0.95				
	118	2	131.2392380463158	26.79960416561403	0.0	0.0	1	1.0168510783507807	19.39003155335625	230.0	17	1.05	0.95				
	119	1	71.33424049964911	14.582137560701753	0.0	0.0	1	0.9987186370080405	7.823024032994877	230.0	15	1.05	0.95				
	120	1	50.446313723508766	10.246907475087719	0.0	0.0	1	1.0025701434407004	4.267600923928215	230.0	15	1.05	0.95				
	121	2	0.0	0.0	0.0	0.0	1	1.0171584631898227	20.735557555304375	230.0	17	1.05	0.95				
	122	2	0.0	0.0	0.0	0.0	1	1.0220577975410177	39.18122255650179	230.0	17	1.05	0.95				
	123	2	0.0	0.0	0.0	0.0	1	1.006231119274616	2.640486149064279	230.0	15	1.05	0.95				
	124	1	0.0	0.0	0.0	0.0	1	0.9926278073784578	9.829443260159824	230.0	16	1.05	0.95				
	201	2	45.35558003368421	9.239099636491229	0.0	0.0	2	1.011592656145604	-20.854488827985268	138.0	21	1.05	0.95				
	202	2	40.736030215438596	8.399181487719298	0.0	0.0	2	1.0106217932167443	-21.158698410484522	138.0	22	1.05	0.95				
	203	1	75.59263338947369	15.538485752280701	0.0	0.0	2	0.9952156461815369	-15.120733604779799	138.0	21	1.05	0.95				
	204	1	31.076971504561403	6.299386115789474	0.0	0.0	2	0.9981783866609607	-20.509649365862316	138.0	21	1.05	0.95				
	205	1	29.817094281403506	5.87942704140351	0.0	0.0	2	1.015709470667932	-21.116308090831254	138.0	21	1.05	0.95				
	206	1	57.11443411649123	11.75885408280702	0.0	-100.0	2	1.0257160979625823	-21.802783694404123	138.0	22	1.05	0.95				
	207	2	52.494884298245616	10.498976859649122	0.0	0.0	2	0.9721793815693169	-26.96412044232802	138.0	22	1.05	0.95				
	208	1	71.81300172	14.698567603508772	0.0	0.0	2	0.9777143503240951	-24.976722905276933	138.0	22	1.05	0.95				
	209	1	73.49283801754386	15.118526677894737	0.0	0.0	2	1.00062698545258	-18.168057171433635	138.0	23	1.05	0.95				
	210	1	81.89201950526316	16.798362975438597	0.0	0.0	2	1.0299181430926534	-19.98958754552352	138.0	23	1.05	0.95				
	211	1	0.0	0.0	0.0	0.0	2	0.9870494225447196	-14.984539692449797	230.0	23	1.05	0.95				
	212	1	0.0	0.0	0.0	0.0	2	0.9792789855107518	-14.262487032687135	230.0	23	1.05	0.95				
	213	2	111.28915471228069	22.677790016842106	0.0	0.0	2	0.981723077001917	-13.562885559644783	230.0	24	1.05	0.95				
	214	2	81.47206043087719	16.378403901052632	0.0	0.0	2	0.9929216966517641	-12.045209277938216	230.0	26	1.05	0.95				
	215	2	133.12702658035087	26.877380760701758	0.0	0.0	2	0.9935647748820603	-3.89043652229087	230.0	26	1.05	0.95				
	216	2	41.99590743859649	8.399181487719298	0.0	0.0	2	0.9917327881868582	-5.020133279770486	230.0	26	1.05	0.95				
	217	1	0.0	0.0	0.0	0.0	2	1.003607470831163	-2.674530201962436	230.0	27	1.05	0.95				
	218	2	139.84637177052633	28.557217058245616	0.0	0.0	2	1.0056897248897803	-3.240977902393148	230.0	27	1.05	0.95				
	219	1	76.01259246385965	15.538485752280701	0.0	0.0	2	0.9807429067312964	-5.317704749563232	230.0	25	1.05	0.95				
	220	1	53.754761521403516	10.918935934035089	0.0	0.0	2	0.9742867793021514	-4.68010760387543	230.0	25	1.05	0.95				
	221	2	0.0	0.0	0.0	0.0	2	1.007828275020291	-2.717512731538992	230.0	27	1.05	0.95				
	222	2	0.0	0.0	0.0	0.0	2	1.0261349070466637	3.4056169444257196	230.0	27	1.05	0.95				
	223	2	0.0	0.0	0.0	0.0	2	0.9715852647299924	-3.964190168660376	230.0	25	1.05	0.95				
	224	1	0.0	0.0	0.0	0.0	2	0.9807746988459616	-8.147145197470099	230.0	26	1.05	0.95				
	301	2	64.67700096000002	13.17494464	0.0	0.0	3	1.0017193366631751	30.850689028810194	138.0	31	1.05	0.95				
	302	2	58.08952864	11.9772224	0.0	0.0	3	1.0025797784107013	30.46434880085823	138.0	32	1.05	0.95				
	303	1	107.79500160000002	22.15786144	0.0	0.0	3	1.0092185391483466	46.94075144140577	138.0	31	1.05	0.95				
	304	1	44.31572288	8.9829168	0.0	0.0	3	0.991605714887814	32.41105819770271	138.0	31	1.05	0.95				
	305	1	42.519139519999996	8.384055680000001	0.0	0.0	3	1.0102252445763864	30.165512154583446	138.0	31	1.05	0.95				
	306	1	81.44511232	16.768111360000002	0.0	-100.0	3	1.0217562933940618	29.093011751344985	138.0	32	1.05	0.95				
	307	2	74.85764	14.971528000000001	0.0	0.0	3	0.9658685585660489	25.63852378556959	138.0	32	1.05	0.95				
	308	1	102.40525152	20.9601392	0.0	0.0	3	0.9757127150617879	28.473635063744773	138.0	32	1.05	0.95				
	309	1	104.80069599999999	21.55900032	0.0	0.0	3	1.0040174560833783	36.56622495839397	138.0	33	1.05	0.95				
	310	1	116.7779184	23.9544448	0.0	0.0	3	1.0342372778947204	31.45336621860499	138.0	33	1.05	0.95				
	311	1	0.0	0.0	0.0	0.0	3	0.996971262381906	36.03623268162534	230.0	33	1.05	0.95				
	312	1	0.0	0.0	0.0	0.0	3	1.0046722452409307	36.654342426876624	230.0	33	1.05	0.95				
	313	2	158.6981968	32.33850048000001	0.0	0.0	3	1.0097455667128779	40.15184899689481	230.0	34	1.05	0.95				
	314	2	116.17905728	23.355583680000002	0.0	0.0	3	0.9900849067486137	34.483215751378	230.0	36	1.05	0.95				
	315	2	189.83897504	38.32711168	0.0	0.0	3	0.9853741081185011	30.737133682647976	230.0	36	1.05	0.95				
	316	2	59.886112000000004	11.9772224	0.0	0.0	3	0.9833933716280436	31.231952832717358	230.0	36	1.05	0.95				
	317	1	0.0	0.0	0.0	0.0	3	0.9873477045894293	31.81376453296987	230.0	37	1.05	0.95				
	318	2	199.42075296000002	40.72255616	0.0	0.0	3	0.9771983380700614	27.766528678400743	230.0	37	1.05	0.95				
	319	1	108.39386272	22.15786144	0.0	0.0	3	0.9947522425254883	32.03393410540055	230.0	35	1.05	0.95				
	320	1	76.65422336	15.57038912	0.0	0.0	3	1.0066101639539196	32.52572748308757	230.0	35	1.05	0.95				
	321	2	0.0	0.0	0.0	0.0	3	0.9891258550315438	29.29334561648286	230.0	37	1.05	0.95				
	322	2	0.0	0.0	0.0	0.0	3	1.0076945425006225	33.52799703628829	230.0	37	1.05	0.95				
	323	2	0.0	0.0	0.0	0.0	3	1.0130723562770998	32.61299166806558	230.0	35	1.05	0.95				
	324	1	0.0	0.0	0.0	0.0	3	0.9902219168881101	38.2394776353722	230.0	36	1.05	0.95				
	325	1	0.0	0.0	0.0	0.0	3	1.0145800624490824	31.61102727255188	230.0	35	1.05	0.95				
];
