%% MATPOWER Case Format : Version 2
function mpc = RTS_GMLC
mpc.version = '2';

%%-----  Power Flow Data  -----%%
%% system MVA base
mpc.baseMVA = 100.0;
%% bus data
%    bus_i    type    Pd    Qd    Gs    Bs    area    Vm    Va    baseKV    zone    Vmax    Vmin
mpc.bus = [
	101	2	43.646214732631584	8.89089559368421	0.0	0.0	1	1.0145147027495767	-3.0636132690184	138.0	11	1.05	0.95				
	102	2	39.200766935789474	8.082632357894736	0.0	0.0	1	1.0142738463525338	-3.3079099898427935	138.0	12	1.05	0.95				
	103	1	72.74369122105263	14.952869862105263	0.0	0.0	1	1.0051018190004082	1.350908578050628	138.0	11	1.05	0.95				
	104	1	29.905739724210527	6.061974268421053	0.0	0.0	1	1.0046183819167123	-3.4896568550282905	138.0	11	1.05	0.95				
	105	1	28.693344870526317	5.657842650526317	0.0	0.0	1	1.0179722781887175	-4.601435496387833	138.0	11	1.05	0.95				
	106	1	54.961900033684216	11.315685301052634	0.0	-100.0	1	1.027743213910242	-5.9507276421936535	138.0	12	1.05	0.95				
	107	2	50.5164522368421	10.10329044736842	0.0	0.0	1	0.9858305977856695	-10.579740857017656	138.0	12	1.05	0.95				
	108	1	69.10650666	14.14460662631579	0.0	0.0	1	0.9875931111942204	-9.054142020969575	138.0	12	1.05	0.95				
	109	1	70.72303313157894	14.548738244210528	0.0	0.0	1	1.0031259506626315	-2.9529271680612124	138.0	13	1.05	0.95				
	110	1	78.80566548947368	16.165264715789473	0.0	0.0	1	1.0311426086966327	-4.831357166010863	138.0	13	1.05	0.95				
	111	1	0.0	0.0	0.0	0.0	1	0.9829451181106931	-0.4815864981579278	230.0	13	1.05	0.95				
	112	1	0.0	0.0	0.0	0.0	1	0.9837501395510907	-1.3033515014838912	230.0	13	1.05	0.95				
	113	3	107.09487874210527	21.823107366315792	0.0	0.0	1	0.9642627798513507	1.153744564537336e-28	230.0	14	1.05	0.95				
	114	2	78.40153387157895	15.761133097894737	0.0	0.0	1	0.992543183539494	2.6421067986630233	230.0	16	1.05	0.95				
	115	2	128.10972287263158	25.86442354526316	0.0	0.0	1	0.9952246205578533	11.215239154373146	230.0	16	1.05	0.95				
	116	2	40.41316178947368	8.082632357894736	0.0	0.0	1	0.9933755791110186	9.8180022675857	230.0	16	1.05	0.95				
	117	1	0.0	0.0	0.0	0.0	1	0.9957620253456125	15.456966732579627	230.0	17	1.05	0.95				
	118	2	134.57582875894738	27.480950016842108	0.0	0.0	1	1.005043029188709	15.786631817774936	230.0	17	1.05	0.95				
	119	1	73.14782283894738	14.952869862105263	0.0	0.0	1	0.9921153195267968	6.305212214018391	230.0	15	1.05	0.95				
	120	1	51.72884709052632	10.507422065263158	0.0	0.0	1	0.9956311593195215	3.573782806983032	230.0	15	1.05	0.95				
	121	2	0.0	0.0	0.0	0.0	1	1.0053083069237092	16.7986914534637	230.0	17	1.05	0.95				
	122	2	0.0	0.0	0.0	0.0	1	1.0104112416188928	35.884257019785935	230.0	17	1.05	0.95				
	123	2	0.0	0.0	0.0	0.0	1	0.9986315879781492	2.407931347482769	230.0	15	1.05	0.95				
	124	1	0.0	0.0	0.0	0.0	1	0.9871262551461303	7.444457433020752	230.0	16	1.05	0.95				
	201	2	46.13757279157895	9.398394457543858	0.0	0.0	2	1.0100755291817811	-12.876755157367292	138.0	21	1.05	0.95				
	202	2	41.43837556280701	8.54399496140351	0.0	0.0	2	1.0089312272941002	-13.097490706959311	138.0	22	1.05	0.95				
	203	1	76.89595465263157	15.806390678596491	0.0	0.0	2	0.9963035134367705	-9.712083067351848	138.0	21	1.05	0.95				
	204	1	31.612781357192983	6.407996221052631	0.0	0.0	2	1.000272115757572	-12.225549410863447	138.0	21	1.05	0.95				
	205	1	30.331182112982454	5.980796472982456	0.0	0.0	2	1.0166149090160548	-12.612930512240547	138.0	21	1.05	0.95				
	206	1	58.099165737543856	11.961592945964911	0.0	-100.0	2	1.0281050510362137	-13.00018066233788	138.0	22	1.05	0.95				
	207	2	53.39996850877192	10.679993701754386	0.0	0.0	2	0.9705869814704466	-18.210773436027175	138.0	22	1.05	0.95				
	208	1	73.05115692	14.95199118245614	0.0	0.0	2	0.9786242665157093	-16.22467841903991	138.0	22	1.05	0.95				
	209	1	74.7599559122807	15.379190930526315	0.0	0.0	2	1.0062318707325197	-9.688189093750637	138.0	23	1.05	0.95				
	210	1	83.3039508736842	17.08798992280702	0.0	0.0	2	1.0337914748399775	-10.935949751361536	138.0	23	1.05	0.95				
	211	1	0.0	0.0	0.0	0.0	2	0.9878976296859014	-7.328136256536624	230.0	23	1.05	0.95				
	212	1	0.0	0.0	0.0	0.0	2	0.9921579989503619	-2.7255331766377435	230.0	23	1.05	0.95				
	213	2	113.20793323859648	23.068786395789473	0.0	0.0	2	0.985887001531458	-5.10340674681336	230.0	24	1.05	0.95				
	214	2	82.87675112561402	16.660790174736842	0.0	0.0	2	0.9833547918931533	-6.1573011302835114	230.0	26	1.05	0.95				
	215	2	135.4223201382456	27.340783876491226	0.0	0.0	2	0.9912148300258619	-0.9855850695230546	230.0	26	1.05	0.95				
	216	2	42.71997480701754	8.54399496140351	0.0	0.0	2	0.9901959622762924	-1.6857991586173078	230.0	26	1.05	0.95				
	217	1	0.0	0.0	0.0	0.0	2	0.9993850077903713	-0.15016151070890088	230.0	27	1.05	0.95				
	218	2	142.25751610736842	29.049582868771928	0.0	0.0	2	0.9998240137154282	-0.6306948094651749	230.0	27	1.05	0.95				
	219	1	77.32315440070175	15.806390678596491	0.0	0.0	2	0.9870767632349686	-1.701413227857206	230.0	25	1.05	0.95				
	220	1	54.68156775298245	11.10719344982456	0.0	0.0	2	0.9875247006532692	-0.8146606200693138	230.0	25	1.05	0.95				
	221	2	0.0	0.0	0.0	0.0	2	1.002190086826232	-0.012649594326204978	230.0	27	1.05	0.95				
	222	2	0.0	0.0	0.0	0.0	2	1.0205898514829324	6.007887266182213	230.0	27	1.05	0.95				
	223	2	0.0	0.0	0.0	0.0	2	0.9887037170350644	0.027010739951461672	230.0	25	1.05	0.95				
	224	1	0.0	0.0	0.0	0.0	2	0.9826322206287502	-4.305714966494316	230.0	26	1.05	0.95				
	301	2	63.78867447157896	12.993989244210526	0.0	0.0	3	1.0010935863473391	6.676242459058378	138.0	31	1.05	0.95				
	302	2	57.29167984947369	11.812717494736843	0.0	0.0	3	1.001313104037429	6.593460475477046	138.0	32	1.05	0.95				
	303	1	106.31445745263157	21.853527365263155	0.0	0.0	3	0.9916554087939641	11.455180826386023	138.0	31	1.05	0.95				
	304	1	43.70705473052631	8.85953812105263	0.0	0.0	3	0.9913087955861204	8.728540446363791	138.0	31	1.05	0.95				
	305	1	41.93514710631578	8.26890224631579	0.0	0.0	3	1.007382740381785	8.557634488098978	138.0	31	1.05	0.95				
	306	1	80.32647896421054	16.53780449263158	0.0	-100.0	3	1.0191317952479042	8.93565557031016	138.0	32	1.05	0.95				
	307	2	73.82948434210526	14.765896868421052	0.0	0.0	3	0.9677019760982973	4.793136072885795	138.0	32	1.05	0.95				
	308	1	100.99873457999999	20.672255615789474	0.0	0.0	3	0.9777365358080502	7.572507532775908	138.0	32	1.05	0.95				
	309	1	103.36127807894738	21.262891490526314	0.0	0.0	3	1.0044726651203857	13.000036906244969	138.0	33	1.05	0.95				
	310	1	115.1739955736842	23.625434989473685	0.0	0.0	3	1.0315840509336622	12.410660491433296	138.0	33	1.05	0.95				
	311	1	0.0	0.0	0.0	0.0	3	0.9907197857508997	18.941772402934824	230.0	33	1.05	0.95				
	312	1	0.0	0.0	0.0	0.0	3	0.9959217390058717	19.688355949590267	230.0	33	1.05	0.95				
	313	2	156.51850680526314	31.89433723578948	0.0	0.0	3	1.004972722263391	25.200644045087163	230.0	34	1.05	0.95				
	314	2	114.58335969894738	23.034799114736842	0.0	0.0	3	0.9913996010647743	19.696905627847592	230.0	36	1.05	0.95				
	315	2	187.23157229157894	37.800695983157894	0.0	0.0	3	0.9897322323301735	17.44384850183698	230.0	36	1.05	0.95				
	316	2	59.06358747368421	11.812717494736843	0.0	0.0	3	0.983354800975522	18.92705650040227	230.0	36	1.05	0.95				
	317	1	0.0	0.0	0.0	0.0	3	0.9988705454902108	20.947168235709174	230.0	37	1.05	0.95				
	318	2	196.68174628736844	40.16323948210527	0.0	0.0	3	0.9949859274065306	17.611363984740603	230.0	37	1.05	0.95				
	319	1	106.90509332736842	21.853527365263155	0.0	0.0	3	0.9938507043799074	20.12718834553059	230.0	35	1.05	0.95				
	320	1	75.60139196631579	15.356532743157894	0.0	0.0	3	1.0043819462101524	20.68338800541963	230.0	35	1.05	0.95				
	321	2	0.0	0.0	0.0	0.0	3	1.000356851337456	18.16186740634132	230.0	37	1.05	0.95				
	322	2	0.0	0.0	0.0	0.0	3	1.0177364864354879	23.228316504371957	230.0	37	1.05	0.95				
	323	2	0.0	0.0	0.0	0.0	3	1.0097924638053764	20.674803266987116	230.0	35	1.05	0.95				
	324	1	0.0	0.0	0.0	0.0	3	0.9851923289499815	17.185968241630036	230.0	36	1.05	0.95				
