%% MATPOWER Case Format : Version 2
function mpc = RTS_GMLC
mpc.version = '2';

%%-----  Power Flow Data  -----%%
%% system MVA base
mpc.baseMVA = 100.0;
%% bus data
%    bus_i    type    Pd    Qd    Gs    Bs    area    Vm    Va    baseKV    zone    Vmax    Vmin
mpc.bus = [
	101	2	81.8951014231579	16.68233547508772	0.0	0.0	1	1.032892951380526	-2.97260988995773	138.0	11	1.05	0.95				
	102	2	73.55393368561403	15.165759522807019	0.0	0.0	1	1.0328812300569157	-3.0308468034118787	138.0	12	1.05	0.95				
	103	1	136.49183570526316	28.05665511719298	0.0	0.0	1	1.0195880214020854	-3.2775437250226456	138.0	11	1.05	0.95				
	104	1	56.11331023438596	11.374319642105261	0.0	0.0	1	1.016122385164083	-5.729543916544409	138.0	11	1.05	0.95				
	105	1	53.83844630596491	10.616031665964911	0.0	0.0	1	1.031405312558572	-5.792846778605532	138.0	11	1.05	0.95				
	106	1	103.12716475508772	21.232063331929822	0.0	-100.0	1	1.036092022028232	-8.062014628083352	138.0	12	1.05	0.95				
	107	2	94.78599701754385	18.95719940350877	0.0	0.0	1	1.0473905345199692	-3.6299775144103843	138.0	12	1.05	0.95				
	108	1	129.66724392	26.540079164912278	0.0	0.0	1	1.023703807694672	-6.787837308610789	138.0	12	1.05	0.95				
	109	1	132.70039582456138	27.298367141052626	0.0	0.0	1	1.0267377046378021	-4.868181889265697	138.0	13	1.05	0.95				
	110	1	147.8661553473684	30.331519045614037	0.0	0.0	1	1.05	-6.257827444122832	138.0	13	1.05	0.95				
	111	1	0.0	0.0	0.0	0.0	1	1.0150401091429038	-1.8412848382944813	230.0	13	1.05	0.95				
	112	1	0.0	0.0	0.0	0.0	1	1.0166518927681063	-0.8677051238259301	230.0	13	1.05	0.95				
	113	3	200.94631367719296	40.94755071157895	0.0	0.0	1	1.0167891541673986	2.3474142087347802e-27	230.0	14	1.05	0.95				
	114	2	147.10786737122805	29.57323106947368	0.0	0.0	1	1.018754612616699	0.29925954172900066	230.0	16	1.05	0.95				
	115	2	240.3772884364912	48.53043047298245	0.0	0.0	1	1.045302253870511	8.187515701810561	230.0	16	1.05	0.95				
	116	2	75.82879761403508	15.165759522807019	0.0	0.0	1	1.0443943551493666	7.894229350286641	230.0	16	1.05	0.95				
	117	1	0.0	0.0	0.0	0.0	1	1.0474445902716205	10.94220180996617	230.0	17	1.05	0.95				
	118	2	252.50989605473683	51.56358237754386	0.0	0.0	1	1.0494480310013194	11.48621584954598	230.0	17	1.05	0.95				
	119	1	137.2501236814035	28.05665511719298	0.0	0.0	1	1.0388651694797129	6.799726950195279	230.0	15	1.05	0.95				
	120	1	97.0608609459649	19.715487379649122	0.0	0.0	1	1.040825631849203	7.276836456293145	230.0	15	1.05	0.95				
	121	2	0.0	0.0	0.0	0.0	1	1.05	12.141108340201578	230.0	17	1.05	0.95				
	122	2	0.0	0.0	0.0	0.0	1	1.05	19.258839239170992	230.0	17	1.05	0.95				
	123	2	0.0	0.0	0.0	0.0	1	1.0440906929762614	8.09602470792832	230.0	15	1.05	0.95				
	124	1	0.0	0.0	0.0	0.0	1	1.0213011237561596	3.953668632820111	230.0	16	1.05	0.95				
	201	2	79.44026445473683	16.182276092631575	0.0	0.0	2	1.040371411943319	-9.306292127770075	138.0	21	1.05	0.95				
	202	2	71.34912640842104	14.711160084210526	0.0	0.0	2	1.040341534679675	-9.444932440092082	138.0	22	1.05	0.95				
	203	1	132.40044075789473	27.215646155789468	0.0	0.0	2	1.0278352011451397	-6.589519940475279	138.0	21	1.05	0.95				
	204	1	54.431292311578936	11.033370063157893	0.0	0.0	2	1.0196092838328683	-11.261989579180526	138.0	21	1.05	0.95				
	205	1	52.224618298947355	10.297812058947367	0.0	0.0	2	1.0357805261410256	-11.614662708545957	138.0	21	1.05	0.95				
	206	1	100.03588857263156	20.595624117894733	0.0	-100.0	2	1.0388983203523618	-13.612591075617066	138.0	22	1.05	0.95				
	207	2	91.94475052631577	18.388950105263156	0.0	0.0	2	0.9626607273414364	-24.694596599549357	138.0	22	1.05	0.95				
	208	1	125.78041871999999	25.744530147368415	0.0	0.0	2	0.9669839957336035	-21.03910137140978	138.0	22	1.05	0.95				
	209	1	128.72265073684207	26.48008815157894	0.0	0.0	2	1.0257880494464207	-9.785225387397738	138.0	23	1.05	0.95				
	210	1	143.4338108210526	29.422320168421052	0.0	0.0	2	1.05	-11.655973200003274	138.0	23	1.05	0.95				
	211	1	0.0	0.0	0.0	0.0	2	1.0263365544309835	-4.964558829512751	230.0	23	1.05	0.95				
	212	1	0.0	0.0	0.0	0.0	2	1.020465450760601	-3.7883028633091493	230.0	23	1.05	0.95				
	213	2	194.92287111578943	39.72013222736842	0.0	0.0	2	1.0374501377425898	-1.471866208533909	230.0	24	1.05	0.95				
	214	2	142.69825281684209	28.68676216421052	0.0	0.0	2	1.0417723075572716	-2.436111981025729	230.0	26	1.05	0.95				
	215	2	233.17188733473682	47.07571226947368	0.0	0.0	2	1.0451477688145947	5.693968662493198	230.0	26	1.05	0.95				
	216	2	73.55580042105262	14.711160084210526	0.0	0.0	2	1.048534485455586	5.65634586154426	230.0	26	1.05	0.95				
	217	1	0.0	0.0	0.0	0.0	2	1.0493269933467124	8.72176649741073	230.0	27	1.05	0.95				
	218	2	244.94081540210524	50.01794428631578	0.0	0.0	2	1.05	9.546983633393484	230.0	27	1.05	0.95				
	219	1	133.13599876210526	27.215646155789468	0.0	0.0	2	1.0439988815641383	5.1398190381397635	230.0	25	1.05	0.95				
	220	1	94.15142453894735	19.12450810947368	0.0	0.0	2	1.0464322989222927	6.065145743893639	230.0	25	1.05	0.95				
	221	2	0.0	0.0	0.0	0.0	2	1.05	9.98193885242248	230.0	27	1.05	0.95				
	222	2	0.0	0.0	0.0	0.0	2	1.05	15.999366603755028	230.0	27	1.05	0.95				
	223	2	0.0	0.0	0.0	0.0	2	1.05	7.10719672455448	230.0	25	1.05	0.95				
	224	1	0.0	0.0	0.0	0.0	2	1.0231840030970587	1.119597986803724	230.0	26	1.05	0.95				
	301	2	67.82031003789474	13.815248341052634	0.0	0.0	3	1.0136017360747442	-17.472866818446253	138.0	31	1.05	0.95				
	302	2	60.912685867368424	12.559316673684211	0.0	0.0	3	1.012261646064428	-17.82060328127744	138.0	32	1.05	0.95				
	303	1	113.0338500631579	23.23473584631579	0.0	0.0	3	1.0202112016801215	-12.225470789872624	138.0	31	1.05	0.95				
	304	1	46.46947169263158	9.419487505263158	0.0	0.0	3	1.0088768014587999	-16.690134604338393	138.0	31	1.05	0.95				
	305	1	44.58557419157895	8.791521671578948	0.0	0.0	3	1.0235008739669338	-17.29230520883267	138.0	31	1.05	0.95				
	306	1	85.40335338105264	17.583043343157897	0.0	-100.0	3	1.0356055867054548	-17.90343867028101	138.0	32	1.05	0.95				
	307	2	78.49572921052632	15.699145842105263	0.0	0.0	3	1.0049610027486902	-20.037195510840284	138.0	32	1.05	0.95				
	308	1	107.38215756	21.978804178947367	0.0	0.0	3	1.0016073196317146	-19.522535521101116	138.0	32	1.05	0.95				
	309	1	109.89402089473685	22.60677001263158	0.0	0.0	3	1.0270650444813143	-13.196924072538591	138.0	33	1.05	0.95				
	310	1	122.45333756842105	25.118633347368423	0.0	0.0	3	1.05	-15.098344059413096	138.0	33	1.05	0.95				
	311	1	0.0	0.0	0.0	0.0	3	1.0176851170268821	-8.294790810717084	230.0	33	1.05	0.95				
	312	1	0.0	0.0	0.0	0.0	3	1.01709606764426	-7.292347528597642	230.0	33	1.05	0.95				
	313	2	166.4109459263158	33.91015501894737	0.0	0.0	3	1.026789902085278	-3.9394371153327605	230.0	34	1.05	0.95				
	314	2	121.82537173473685	24.490667513684212	0.0	0.0	3	1.0265582762535956	-6.30267681585705	230.0	36	1.05	0.95				
	315	2	199.06516927789474	40.189813355789475	0.0	0.0	3	1.0472936074666932	0.35704520660850547	230.0	36	1.05	0.95				
	316	2	62.796583368421054	12.559316673684211	0.0	0.0	3	1.0456517906053737	0.31037799828332235	230.0	36	1.05	0.95				
	317	1	0.0	0.0	0.0	0.0	3	1.047966743387941	2.681882638063329	230.0	37	1.05	0.95				
	318	2	209.11262261684215	42.70167669052632	0.0	0.0	3	1.048005531860611	2.87749467808133	230.0	37	1.05	0.95				
	319	1	113.66181589684213	23.23473584631579	0.0	0.0	3	1.0420391093783374	-0.16184307127850964	230.0	35	1.05	0.95				
	320	1	80.37962671157895	16.327111675789475	0.0	0.0	3	1.0440110536526808	0.6082951692550606	230.0	35	1.05	0.95				
	321	2	0.0	0.0	0.0	0.0	3	1.05	3.9545148037916866	230.0	37	1.05	0.95				
	322	2	0.0	0.0	0.0	0.0	3	1.05	9.23041409049998	230.0	37	1.05	0.95				
	323	2	0.0	0.0	0.0	0.0	3	1.0467532703979874	1.491663424434391	230.0	35	1.05	0.95				
	324	1	0.0	0.0	0.0	0.0	3	1.0212506863845536	-4.286724536864378	230.0	36	1.05	0.95				
	325	1	0.0	0.0	0.0	0.0	3	1.0446667394275513	2.376375647334118	230.0	35	1.05	0.95				
];
