%% MATPOWER Case Format : Version 2
function mpc = RTS_GMLC
mpc.version = '2';

%%-----  Power Flow Data  -----%%
%% system MVA base
mpc.baseMVA = 100.0;
%% bus data
%    bus_i    type    Pd    Qd    Gs    Bs    area    Vm    Va    baseKV    zone    Vmax    Vmin
mpc.bus = [
	101	2	40.54675903578948	8.25952498877193	0.0	0.0	1	1.034323079494658	2.9657323913560782	138.0	11	1.05	0.95				
	102	2	36.41699654140351	7.508659080701756	0.0	0.0	1	1.0334356828859195	2.712168184448971	138.0	12	1.05	0.95				
	103	1	67.5779317263158	13.891019299298247	0.0	0.0	1	1.0283488471703521	1.2063557860876135	138.0	11	1.05	0.95				
	104	1	27.782038598596493	5.631494310526316	0.0	0.0	1	1.0222045556685393	-0.32333561106151454	138.0	11	1.05	0.95				
	105	1	26.65573973649123	5.256061356491229	0.0	0.0	1	1.0370179075416124	-0.08231696789306779	138.0	11	1.05	0.95				
	106	1	51.05888174877193	10.512122712982459	0.0	-100.0	1	1.0470435458950622	-2.2213555539144325	138.0	12	1.05	0.95				
	107	2	46.929119254385974	9.385823850877193	0.0	0.0	1	1.00129188471835	-7.347762238349565	138.0	12	1.05	0.95				
	108	1	64.19903514	13.140153391228072	0.0	0.0	1	1.0065213941338624	-6.096528173383659	138.0	12	1.05	0.95				
	109	1	65.70076695614036	13.51558634526316	0.0	0.0	1	1.0241210540451917	-1.2845307549308516	138.0	13	1.05	0.95				
	110	1	73.2094260368421	15.017318161403512	0.0	0.0	1	1.05	-1.990917008293989	138.0	13	1.05	0.95				
	111	1	0.0	0.0	0.0	0.0	1	1.0014131960154733	0.20051439851166383	230.0	13	1.05	0.95				
	112	1	0.0	0.0	0.0	0.0	1	1.0063937512184615	0.3869190204340972	230.0	13	1.05	0.95				
	113	3	99.48973281929825	20.27337951789474	0.0	0.0	1	0.9913929464683474	-3.545744216241609e-32	230.0	14	1.05	0.95				
	114	2	72.83399308280703	14.641885207368425	0.0	0.0	1	0.9975643096327335	2.3534383017761478	230.0	16	1.05	0.95				
	115	2	119.01224642912283	24.027709058245616	0.0	0.0	1	1.0322655461425547	7.87713925652468	230.0	16	1.05	0.95				
	116	2	37.54329540350877	7.508659080701756	0.0	0.0	1	1.0287496909394858	7.543572288621266	230.0	16	1.05	0.95				
	117	1	0.0	0.0	0.0	0.0	1	1.0365764751790512	9.897279920709876	230.0	17	1.05	0.95				
	118	2	125.01917369368422	25.529440874385966	0.0	0.0	1	1.0391101387405564	10.07135683033129	230.0	17	1.05	0.95				
	119	1	67.95336468035089	13.891019299298247	0.0	0.0	1	1.0224736415418623	6.294786978328359	230.0	15	1.05	0.95				
	120	1	48.05541811649123	9.761256804912282	0.0	0.0	1	1.0195361922890538	5.941681698884842	230.0	15	1.05	0.95				
	121	2	0.0	0.0	0.0	0.0	1	1.0422896183544543	11.10157227384522	230.0	17	1.05	0.95				
	122	2	0.0	0.0	0.0	0.0	1	1.05	18.041318451089314	230.0	17	1.05	0.95				
	123	2	0.0	0.0	0.0	0.0	1	1.0182052791940415	6.0421745113857375	230.0	15	1.05	0.95				
	124	1	0.0	0.0	0.0	0.0	1	1.0219897799482158	5.366439941303977	230.0	16	1.05	0.95				
	201	2	39.25263656842105	7.995907449122807	0.0	0.0	2	1.0200162211504684	-8.212473277975429	138.0	21	1.05	0.95				
	202	2	35.25468284385965	7.269006771929824	0.0	0.0	2	1.0199167117600496	-8.270756814983026	138.0	22	1.05	0.95				
	203	1	65.42106094736843	13.447662528070175	0.0	0.0	2	1.0167023358723102	-6.4921529074250435	138.0	21	1.05	0.95				
	204	1	26.89532505614035	5.451755078947369	0.0	0.0	2	1.0161053253290055	-8.918137184202351	138.0	21	1.05	0.95				
	205	1	25.804974040350874	5.088304740350877	0.0	0.0	2	1.0307712425785678	-9.192529802424346	138.0	21	1.05	0.95				
	206	1	49.42924604912281	10.176609480701755	0.0	-100.0	2	1.045097970542636	-10.150813778293779	138.0	22	1.05	0.95				
	207	2	45.4312923245614	9.08625846491228	0.0	0.0	2	0.9961270212167082	-14.901109159097926	138.0	22	1.05	0.95				
	208	1	62.150007900000006	12.720761850877194	0.0	0.0	2	1.0032118562950367	-13.302960517035121	138.0	22	1.05	0.95				
	209	1	63.603809254385965	13.084212189473684	0.0	0.0	2	1.0226399760652276	-7.938016861838245	138.0	23	1.05	0.95				
	210	1	70.87281602631579	14.538013543859648	0.0	0.0	2	1.05	-9.009635112014559	138.0	23	1.05	0.95				
	211	1	0.0	0.0	0.0	0.0	2	1.0020936080440759	-5.414364008430095	230.0	23	1.05	0.95				
	212	1	0.0	0.0	0.0	0.0	2	1.0052411805995012	-4.690851028377729	230.0	23	1.05	0.95				
	213	2	96.31433972807018	19.626318284210527	0.0	0.0	2	0.9951809686416153	-4.208184511251056	230.0	24	1.05	0.95				
	214	2	70.5093656877193	14.174563205263158	0.0	0.0	2	1.000256982251559	-3.2619976342935986	230.0	26	1.05	0.95				
	215	2	115.21375733508772	23.26082167017544	0.0	0.0	2	1.0178411480501934	1.9290452817215769	230.0	26	1.05	0.95				
	216	2	36.34503385964912	7.269006771929824	0.0	0.0	2	1.0186466753374563	1.9767047962770279	230.0	26	1.05	0.95				
	217	1	0.0	0.0	0.0	0.0	2	1.0242991592180275	3.568057267040014	230.0	27	1.05	0.95				
	218	2	121.02896275263157	24.714623024561405	0.0	0.0	2	1.0236428568491867	3.0948354018854785	230.0	27	1.05	0.95				
	219	1	65.78451128596492	13.447662528070175	0.0	0.0	2	1.0184517515248295	1.9318497532196113	230.0	25	1.05	0.95				
	220	1	46.52164334035088	9.449708803508772	0.0	0.0	2	1.0204248521370374	2.6151015508006448	230.0	25	1.05	0.95				
	221	2	0.0	0.0	0.0	0.0	2	1.0253484851975014	3.513851676252878	230.0	27	1.05	0.95				
	222	2	0.0	0.0	0.0	0.0	2	1.0473949209448274	10.058046585922975	230.0	27	1.05	0.95				
	223	2	0.0	0.0	0.0	0.0	2	1.0219482807650053	3.273874701191	230.0	25	1.05	0.95				
	224	1	0.0	0.0	0.0	0.0	2	1.006971753014488	-1.2532320482658466	230.0	26	1.05	0.95				
	301	2	42.00759253894737	8.557102183859648	0.0	0.0	3	1.0110637134709326	-9.98388217729296	138.0	31	1.05	0.95				
	302	2	37.72904144701754	7.779183803508771	0.0	0.0	3	1.0109608979550269	-10.129295625146957	138.0	32	1.05	0.95				
	303	1	70.01265423157894	14.391490036491227	0.0	0.0	3	1.0306775049922736	-3.2032403003699157	138.0	31	1.05	0.95				
	304	1	28.782980072982454	5.834387852631578	0.0	0.0	3	1.0132660595074352	-8.711772673462557	138.0	31	1.05	0.95				
	305	1	27.616102502456137	5.44542866245614	0.0	0.0	3	1.0257750897135454	-10.004741836406799	138.0	31	1.05	0.95				
	306	1	52.89844986385965	10.89085732491228	0.0	-100.0	3	1.0423361211078488	-10.490325523790457	138.0	32	1.05	0.95				
	307	2	48.61989877192982	9.723979754385963	0.0	0.0	3	0.9946371132783298	-14.25070230380383	138.0	32	1.05	0.95				
	308	1	66.51202151999999	13.61357165614035	0.0	0.0	3	1.0021844190111522	-12.534876799594372	138.0	32	1.05	0.95				
	309	1	68.06785828070174	14.00253084631579	0.0	0.0	3	1.0269785643400322	-5.9593981418092135	138.0	33	1.05	0.95				
	310	1	75.84704208421051	15.558367607017543	0.0	0.0	3	1.05	-8.771019813531874	138.0	33	1.05	0.95				
	311	1	0.0	0.0	0.0	0.0	3	1.0040699521017502	-4.18773748069496	230.0	33	1.05	0.95				
	312	1	0.0	0.0	0.0	0.0	3	1.0098251090486596	-3.6064738428902197	230.0	33	1.05	0.95				
	313	2	103.07418539649123	21.003796269473685	0.0	0.0	3	1.0065287519666155	-1.0678034023183218	230.0	34	1.05	0.95				
	314	2	75.45808289403509	15.169408416842103	0.0	0.0	3	0.9951620302604456	-3.5903694171539846	230.0	36	1.05	0.95				
	315	2	123.30006328561403	24.893388171228068	0.0	0.0	3	1.0177896406182727	-0.8171273139142368	230.0	36	1.05	0.95				
	316	2	38.895919017543854	7.779183803508771	0.0	0.0	3	1.0163342796898274	-0.40180426344043396	230.0	36	1.05	0.95				
	317	1	0.0	0.0	0.0	0.0	3	1.0229190294932566	1.1589995652871652	230.0	37	1.05	0.95				
	318	2	129.52341032842105	26.449224931929827	0.0	0.0	3	1.021319316675194	0.6115777930282583	230.0	37	1.05	0.95				
	319	1	70.40161342175438	14.391490036491227	0.0	0.0	3	1.0132866168115509	-0.7809089447930075	230.0	35	1.05	0.95				
	320	1	49.786776342456136	10.112938944561403	0.0	0.0	3	1.0131190904117493	-0.3309936351051065	230.0	35	1.05	0.95				
	321	2	0.0	0.0	0.0	0.0	3	1.0222901045866521	0.6936825395601548	230.0	37	1.05	0.95				
	322	2	0.0	0.0	0.0	0.0	3	1.0360467967994582	5.300751375019473	230.0	37	1.05	0.95				
	323	2	0.0	0.0	0.0	0.0	3	1.0135382461690388	0.22499844436443278	230.0	35	1.05	0.95				
	324	1	0.0	0.0	0.0	0.0	3	1.0173642207027978	-1.73774220606389	230.0	36	1.05	0.95				
	325	1	0.0	0.0	0.0	0.0	3	1.0134963735626563	1.162787853524946	230.0	35	1.05	0.95				
];
