%% MATPOWER Case Format : Version 2
function mpc = RTS_GMLC
mpc.version = '2';

%%-----  Power Flow Data  -----%%
%% system MVA base
mpc.baseMVA = 100.0;
%% bus data
%    bus_i    type    Pd    Qd    Gs    Bs    area    Vm    Va    baseKV    zone    Vmax    Vmin
mpc.bus = [
	101	2	50.085601200000006	10.202622466666666	0.0	0.0	1	1.0373211235789455	0.8773506536871062	138.0	11	1.05	0.95				
	102	2	44.984289966666665	9.275111333333335	0.0	0.0	1	1.036960823316653	0.7240571458990022	138.0	12	1.05	0.95				
	103	1	83.47600200000001	17.158955966666667	0.0	0.0	1	1.0276228277594694	-0.711230866423866	138.0	11	1.05	0.95				
	104	1	34.317911933333335	6.9563335	0.0	0.0	1	1.0221948410548314	-2.5278188808778643	138.0	11	1.05	0.95				
	105	1	32.92664523333333	6.492577933333334	0.0	0.0	1	1.0372792285197747	-2.354342087438361	138.0	11	1.05	0.95				
	106	1	63.07075706666667	12.985155866666668	0.0	-100.0	1	1.0452847575256372	-4.64021056919618	138.0	12	1.05	0.95				
	107	2	57.96944583333333	11.593889166666667	0.0	0.0	1	1.0000062588363583	-12.271834544824475	138.0	12	1.05	0.95				
	108	1	79.3022019	16.231444833333335	0.0	0.0	1	1.001700277317397	-10.092162071507104	138.0	12	1.05	0.95				
	109	1	81.15722416666667	16.695200399999997	0.0	0.0	1	1.0244266702731852	-3.3240061857514065	138.0	13	1.05	0.95				
	110	1	90.4323355	18.55022266666667	0.0	0.0	1	1.05	-4.184177373265339	138.0	13	1.05	0.95				
	111	1	0.0	0.0	0.0	0.0	1	1.0040030897956855	-0.957223097114087	230.0	13	1.05	0.95				
	112	1	0.0	0.0	0.0	0.0	1	1.0096164251243391	-0.7415877649175932	230.0	13	1.05	0.95				
	113	3	122.89522516666666	25.042800600000003	0.0	0.0	1	1.0006580330701706	-1.9500324467733546e-28	230.0	14	1.05	0.95				
	114	2	89.96857993333333	18.0864671	0.0	0.0	1	0.9992562180165178	1.1373820385305056	230.0	16	1.05	0.95				
	115	2	147.01051463333332	29.680356266666667	0.0	0.0	1	1.0362966817506591	7.311670993644116	230.0	16	1.05	0.95				
	116	2	46.37555666666667	9.275111333333335	0.0	0.0	1	1.0315261726017924	6.796052431283815	230.0	16	1.05	0.95				
	117	1	0.0	0.0	0.0	0.0	1	1.0401866744042916	9.227217113128011	230.0	17	1.05	0.95				
	118	2	154.4306037	31.535378533333336	0.0	0.0	1	1.0445197739503909	9.149439443257297	230.0	17	1.05	0.95				
	119	1	83.93975756666667	17.158955966666667	0.0	0.0	1	1.0248606661447175	5.23768022059858	230.0	15	1.05	0.95				
	120	1	59.360712533333334	12.057644733333333	0.0	0.0	1	1.0227558000735621	4.780078971954672	230.0	15	1.05	0.95				
	121	2	0.0	0.0	0.0	0.0	1	1.05	10.138838891504676	230.0	17	1.05	0.95				
	122	2	0.0	0.0	0.0	0.0	1	1.05	19.59302615873961	230.0	17	1.05	0.95				
	123	2	0.0	0.0	0.0	0.0	1	1.0222820611154673	4.887134376836079	230.0	15	1.05	0.95				
	124	1	0.0	0.0	0.0	0.0	1	1.022837457958591	4.304959960707146	230.0	16	1.05	0.95				
	201	2	55.02849048	11.20950732	0.0	0.0	2	1.0256270599912867	-14.94679040513596	138.0	21	1.05	0.95				
	202	2	49.42373682	10.190461200000001	0.0	0.0	2	1.0265899815086608	-14.812805339702399	138.0	22	1.05	0.95				
	203	1	91.7141508	18.85235322	0.0	0.0	2	1.015393773577855	-12.581205946083601	138.0	21	1.05	0.95				
	204	1	37.70470644	7.6428459	0.0	0.0	2	1.0161467270229443	-16.399647032402484	138.0	21	1.05	0.95				
	205	1	36.176137260000004	7.13332284	0.0	0.0	2	1.0314506456485797	-16.82029178939183	138.0	21	1.05	0.95				
	206	1	69.29513616	14.26664568	0.0	-100.0	2	1.0422232966062495	-18.32697646500206	138.0	22	1.05	0.95				
	207	2	63.69038250000001	12.7380765	0.0	0.0	2	0.9907432831663947	-25.68263209094815	138.0	22	1.05	0.95				
	208	1	87.12844326	17.833307100000003	0.0	0.0	2	0.9939463113902852	-23.301391958878536	138.0	22	1.05	0.95				
	209	1	89.1665355	18.342830160000002	0.0	0.0	2	1.022584895326683	-15.607962648636104	138.0	23	1.05	0.95				
	210	1	99.3569967	20.380922400000003	0.0	0.0	2	1.05	-17.08877193405051	138.0	23	1.05	0.95				
	211	1	0.0	0.0	0.0	0.0	2	1.0100688212112967	-12.400655572257302	230.0	23	1.05	0.95				
	212	1	0.0	0.0	0.0	0.0	2	1.012097791029333	-11.888777642683337	230.0	23	1.05	0.95				
	213	2	135.02361090000002	27.51424524	0.0	0.0	2	1.0098234096408072	-11.442199651588208	230.0	24	1.05	0.95				
	214	2	98.84747364	19.87139934	0.0	0.0	2	1.0136548266169958	-9.232825923252603	230.0	26	1.05	0.95				
	215	2	161.51881002000002	32.60947584	0.0	0.0	2	1.0275655588325385	-1.054238455103859	230.0	26	1.05	0.95				
	216	2	50.952306	10.190461200000001	0.0	0.0	2	1.0287936276185914	-1.6278561370583833	230.0	26	1.05	0.95				
	217	1	0.0	0.0	0.0	0.0	2	1.0329661821228602	1.5954297939533184	230.0	27	1.05	0.95				
	218	2	169.67117898	34.64756808	0.0	0.0	2	1.0343654361329953	1.8487232144019963	230.0	27	1.05	0.95				
	219	1	92.22367386	18.85235322	0.0	0.0	2	1.0295730335951883	-2.830435508414314	230.0	25	1.05	0.95				
	220	1	65.21895168	13.247599560000001	0.0	0.0	2	1.034236007963856	-2.8871529107059777	230.0	25	1.05	0.95				
	221	2	0.0	0.0	0.0	0.0	2	1.0349826574829752	1.651125218754176	230.0	27	1.05	0.95				
	222	2	0.0	0.0	0.0	0.0	2	1.05	8.126055844502082	230.0	27	1.05	0.95				
	223	2	0.0	0.0	0.0	0.0	2	1.037705010545964	-2.5362904092224827	230.0	25	1.05	0.95				
	224	1	0.0	0.0	0.0	0.0	2	1.0087779900933478	-5.365865927841221	230.0	26	1.05	0.95				
	301	2	65.56532741052632	13.355900028070176	0.0	0.0	3	1.0443887047682134	-15.836841657887947	138.0	31	1.05	0.95				
	302	2	58.887377396491225	12.141727298245614	0.0	0.0	3	1.0415406701902212	-16.209903941688484	138.0	32	1.05	0.95				
	303	1	109.27554568421054	22.462195501754387	0.0	0.0	3	1.05	1.3247083729175104	138.0	31	1.05	0.95				
	304	1	44.924391003508774	9.10629547368421	0.0	0.0	3	1.0125430153318544	-14.150874925232882	138.0	31	1.05	0.95				
	305	1	43.10313190877193	8.49920910877193	0.0	0.0	3	1.034078001889377	-16.66441487378743	138.0	31	1.05	0.95				
	306	1	82.56374562807018	16.99841821754386	0.0	-100.0	3	1.034333462805768	-17.825045673548885	138.0	32	1.05	0.95				
	307	2	75.88579561403509	15.17715912280702	0.0	0.0	3	0.9515599274218194	-15.951660126958462	138.0	32	1.05	0.95				
	308	1	103.81176840000002	21.248022771929826	0.0	0.0	3	0.9651447447098079	-16.6548136190674	138.0	32	1.05	0.95				
	309	1	106.24011385964913	21.855109136842106	0.0	0.0	3	1.010213277737634	-9.881860855934296	138.0	33	1.05	0.95				
	310	1	118.38184115789474	24.28345459649123	0.0	0.0	3	1.0383416633987974	-15.574658362804213	138.0	33	1.05	0.95				
	311	1	0.0	0.0	0.0	0.0	3	0.9959662250685243	-10.69352037324637	230.0	33	1.05	0.95				
	312	1	0.0	0.0	0.0	0.0	3	0.9984568330445918	-9.460019442077153	230.0	33	1.05	0.95				
	313	2	160.8778867017544	32.78266370526316	0.0	0.0	3	0.9950448669023086	-7.200743404816332	230.0	34	1.05	0.95				
	314	2	117.77475479298245	23.67636823157895	0.0	0.0	3	0.9943368618669151	-11.58555757815877	230.0	36	1.05	0.95				
	315	2	192.446377677193	38.85352735438597	0.0	0.0	3	1.05	-8.746006599234207	230.0	36	1.05	0.95				
	316	2	60.70863649122808	12.141727298245614	0.0	0.0	3	1.0385833098471648	-9.111361876356352	230.0	36	1.05	0.95				
	317	1	0.0	0.0	0.0	0.0	3	1.0461450910957961	-6.857650653004903	230.0	37	1.05	0.95				
	318	2	202.1597595157895	41.28187281403509	0.0	0.0	3	1.0452784584989374	-7.536524710928343	230.0	37	1.05	0.95				
	319	1	109.8826320491228	22.462195501754387	0.0	0.0	3	1.0204914608666338	-8.880212522420623	230.0	35	1.05	0.95				
	320	1	77.70705470877193	15.7842454877193	0.0	0.0	3	1.0099632648132888	-7.4722400652120005	230.0	35	1.05	0.95				
	321	2	0.0	0.0	0.0	0.0	3	1.05	-7.4111272993466795	230.0	37	1.05	0.95				
	322	2	0.0	0.0	0.0	0.0	3	1.05	-2.8512568510586465	230.0	37	1.05	0.95				
	323	2	0.0	0.0	0.0	0.0	3	1.0061758678644754	-6.202409985387605	230.0	35	1.05	0.95				
	324	1	0.0	0.0	0.0	0.0	3	1.0468362409519096	-4.898085525674867	230.0	36	1.05	0.95				
	325	1	0.0	0.0	0.0	0.0	3	1.004636846703556	-4.788385740082613	230.0	35	1.05	0.95				
];

%% generator data
%    bus    Pg    Qg    Qmax    Qmin    Vg    mBase    status    Pmax    Pmin    Pc1    Pc2    Qc1min    Qc1max    Qc2min    Qc2max    ramp_agc    ramp_10    ramp_30    ramp_q    apf
