%% MATPOWER Case Format : Version 2
function mpc = RTS_GMLC
mpc.version = '2';

%%-----  Power Flow Data  -----%%
%% system MVA base
mpc.baseMVA = 100.0;
%% bus data
%    bus_i    type    Pd    Qd    Gs    Bs    area    Vm    Va    baseKV    zone    Vmax    Vmin
mpc.bus = [
	101	2	54.50766946105263	11.103414149473686	0.0	0.0	1	1.0340829928757302	1.3000341228155576	138.0	11	1.05	0.95				
	102	2	48.95596238631579	10.094012863157896	0.0	0.0	1	1.0336378908319337	1.1561807142784029	138.0	12	1.05	0.95				
	103	1	90.84611576842106	18.673923796842107	0.0	0.0	1	1.0266043835740892	-0.432337620970598	138.0	11	1.05	0.95				
	104	1	37.347847593684214	7.5705096473684215	0.0	0.0	1	1.020470733421402	-1.937934198159458	138.0	11	1.05	0.95				
	105	1	35.833745664210525	7.065809004210527	0.0	0.0	1	1.0352222342538475	-1.768852796446695	138.0	11	1.05	0.95				
	106	1	68.63928746947369	14.131618008421054	0.0	-100.0	1	1.0434511230147017	-3.992616350013612	138.0	12	1.05	0.95				
	107	2	63.08758039473684	12.61751607894737	0.0	0.0	1	1.013531949876481	-5.561114284323713	138.0	12	1.05	0.95				
	108	1	86.30380998	17.664522510526314	0.0	0.0	1	1.011043069607493	-6.01395965288619	138.0	12	1.05	0.95				
	109	1	88.32261255263158	18.16922315368421	0.0	0.0	1	1.0252769246661164	-2.4282408808776914	138.0	13	1.05	0.95				
	110	1	98.41662541578947	20.188025726315793	0.0	0.0	1	1.05	-3.2918159944084713	138.0	13	1.05	0.95				
	111	1	0.0	0.0	0.0	0.0	1	1.005850793828788	-0.558231288273434	230.0	13	1.05	0.95				
	112	1	0.0	0.0	0.0	0.0	1	1.010263861840626	0.0688206488729741	230.0	13	1.05	0.95				
	113	3	133.74567043684212	27.253834730526314	0.0	0.0	1	0.9997559108793548	-3.638727389170346e-30	230.0	14	1.05	0.95				
	114	2	97.91192477263158	19.683325083157897	0.0	0.0	1	1.00349982760992	1.3705195125984067	230.0	16	1.05	0.95				
	115	2	159.99010388105265	32.300841162105264	0.0	0.0	1	1.0389279057160477	7.345830150662863	230.0	16	1.05	0.95				
	116	2	50.47006431578948	10.094012863157896	0.0	0.0	1	1.0352822740206669	7.06093109722246	230.0	16	1.05	0.95				
	117	1	0.0	0.0	0.0	0.0	1	1.0419419502981906	8.964497477994327	230.0	17	1.05	0.95				
	118	2	168.06531417157896	34.31964373473684	0.0	0.0	1	1.044282009320832	8.901124922152853	230.0	17	1.05	0.95				
	119	1	91.35081641157895	18.673923796842107	0.0	0.0	1	1.0295237807605833	6.259477928261083	230.0	15	1.05	0.95				
	120	1	64.60168232421053	13.122216722105264	0.0	0.0	1	1.0283196316971197	6.5358240927031135	230.0	15	1.05	0.95				
	121	2	0.0	0.0	0.0	0.0	1	1.0482514720879226	9.99491985902517	230.0	17	1.05	0.95				
	122	2	0.0	0.0	0.0	0.0	1	1.05	17.142759214246997	230.0	17	1.05	0.95				
	123	2	0.0	0.0	0.0	0.0	1	1.0286257833529797	7.073920189683038	230.0	15	1.05	0.95				
	124	1	0.0	0.0	0.0	0.0	1	1.0243289501875152	4.4431517718096005	230.0	16	1.05	0.95				
	201	2	53.41350543157895	10.880528884210525	0.0	0.0	2	1.031387458267415	-6.004769247303343	138.0	21	1.05	0.95				
	202	2	47.97324098947368	9.891389894736841	0.0	0.0	2	1.0317683223338598	-5.981706456049592	138.0	22	1.05	0.95				
	203	1	89.02250905263158	18.299071305263155	0.0	0.0	2	1.0217983370117079	-5.568924846495093	138.0	21	1.05	0.95				
	204	1	36.59814261052631	7.4185424210526305	0.0	0.0	2	1.0192788167694995	-8.214189875670607	138.0	21	1.05	0.95				
	205	1	35.114434126315786	6.923972926315789	0.0	0.0	2	1.034404385245738	-8.36574008477237	138.0	21	1.05	0.95				
	206	1	67.26145128421052	13.847945852631579	0.0	-100.0	2	1.0436900791673671	-10.15459887235387	138.0	22	1.05	0.95				
	207	2	61.821186842105256	12.364237368421053	0.0	0.0	2	0.9893301989044537	-17.610250260687046	138.0	22	1.05	0.95				
	208	1	84.57138359999999	17.30993231578947	0.0	0.0	2	0.99405694303178	-15.3209164345161	138.0	22	1.05	0.95				
	209	1	86.54966157894737	17.804501810526315	0.0	0.0	2	1.0236831913039914	-8.028539279857823	138.0	23	1.05	0.95				
	210	1	96.4410514736842	19.782779789473683	0.0	0.0	2	1.05	-9.191474356707129	138.0	23	1.05	0.95				
	211	1	0.0	0.0	0.0	0.0	2	1.0084017485133163	-5.160165428887863	230.0	23	1.05	0.95				
	212	1	0.0	0.0	0.0	0.0	2	1.010493109498382	-4.4554905917458685	230.0	23	1.05	0.95				
	213	2	131.06091610526315	26.706752715789474	0.0	0.0	2	1.0038267272200116	-4.114850631035447	230.0	24	1.05	0.95				
	214	2	95.94648197894736	19.288210294736842	0.0	0.0	2	1.0116658278446768	-2.5413750502041976	230.0	26	1.05	0.95				
	215	2	156.77852983157894	31.652447663157897	0.0	0.0	2	1.0312092318901516	4.066855790364042	230.0	26	1.05	0.95				
	216	2	49.45694947368421	9.891389894736841	0.0	0.0	2	1.0326245516119248	4.141498588170719	230.0	26	1.05	0.95				
	217	1	0.0	0.0	0.0	0.0	2	1.0378481476111658	6.874844343542223	230.0	27	1.05	0.95				
	218	2	164.6916417473684	33.63072564210526	0.0	0.0	2	1.0396267634943326	7.434031228511613	230.0	27	1.05	0.95				
	219	1	89.51707854736843	18.299071305263155	0.0	0.0	2	1.0314641934215942	3.4882145663038755	230.0	25	1.05	0.95				
	220	1	63.304895326315794	12.858806863157895	0.0	0.0	2	1.034092501843263	3.8735738884643354	230.0	25	1.05	0.95				
	221	2	0.0	0.0	0.0	0.0	2	1.0392671268276463	7.066009007296491	230.0	27	1.05	0.95				
	222	2	0.0	0.0	0.0	0.0	2	1.05	13.492370358902335	230.0	27	1.05	0.95				
	223	2	0.0	0.0	0.0	0.0	2	1.036468075846511	4.456902287357851	230.0	25	1.05	0.95				
	224	1	0.0	0.0	0.0	0.0	2	1.0157364531199646	0.4551257394064522	230.0	26	1.05	0.95				
	301	2	48.00379626947369	9.778551091929824	0.0	0.0	3	1.008213624650325	-17.77860978913657	138.0	31	1.05	0.95				
	302	2	43.11452072350877	8.889591901754386	0.0	0.0	3	1.0077781863374784	-17.90039840572739	138.0	32	1.05	0.95				
	303	1	80.00632711578947	16.445745018245614	0.0	0.0	3	1.0247326916023773	-11.865006035359496	138.0	31	1.05	0.95				
	304	1	32.89149003649123	6.667193926315789	0.0	0.0	3	1.0101851063237024	-16.416292208827834	138.0	31	1.05	0.95				
	305	1	31.55805125122807	6.222714331228071	0.0	0.0	3	1.0233300537849797	-17.248056411794504	138.0	31	1.05	0.95				
	306	1	60.44922493192983	12.445428662456141	0.0	-100.0	3	1.0399252600341087	-17.478152676287287	138.0	32	1.05	0.95				
	307	2	55.55994938596491	11.111989877192983	0.0	0.0	3	0.993772681901125	-22.324927999833577	138.0	32	1.05	0.95				
	308	1	76.00601076	15.556785828070174	0.0	0.0	3	0.9993251876016475	-20.308855044158012	138.0	32	1.05	0.95				
	309	1	77.78392914035088	16.001265423157893	0.0	0.0	3	1.0262640722643357	-13.383379704767423	138.0	33	1.05	0.95				
	310	1	86.67352104210526	17.779183803508772	0.0	0.0	3	1.05	-15.287263741212476	138.0	33	1.05	0.95				
	311	1	0.0	0.0	0.0	0.0	3	1.0095369336617293	-9.31879908079339	230.0	33	1.05	0.95				
	312	1	0.0	0.0	0.0	0.0	3	1.0113705974630116	-9.01759251707415	230.0	33	1.05	0.95				
	313	2	117.78709269824562	24.001898134736845	0.0	0.0	3	1.0111821112476618	-5.995785034071869	230.0	34	1.05	0.95				
	314	2	86.22904144701754	17.334704208421055	0.0	0.0	3	1.0132814255793579	-7.130127718826303	230.0	36	1.05	0.95				
	315	2	140.900031642807	28.446694085614034	0.0	0.0	3	1.0379575366932126	-1.8957672410707336	230.0	36	1.05	0.95				
	316	2	44.44795950877193	8.889591901754386	0.0	0.0	3	1.0367559030920714	-1.3979568403257663	230.0	36	1.05	0.95				
	317	1	0.0	0.0	0.0	0.0	3	1.042247563939043	0.8085726791466022	230.0	37	1.05	0.95				
	318	2	148.01170516421053	30.224612465964913	0.0	0.0	3	1.0412471718551781	0.6307699614009485	230.0	37	1.05	0.95				
	319	1	80.45080671087719	16.445745018245614	0.0	0.0	3	1.031015130265901	-2.6759950244355006	230.0	35	1.05	0.95				
	320	1	56.89338817122807	11.556469472280702	0.0	0.0	3	1.0292929250499676	-2.9339920655414904	230.0	35	1.05	0.95				
	321	2	0.0	0.0	0.0	0.0	3	1.0432757047258268	1.0078034280211967	230.0	37	1.05	0.95				
	322	2	0.0	0.0	0.0	0.0	3	1.05	5.255103672870209	230.0	37	1.05	0.95				
	323	2	0.0	0.0	0.0	0.0	3	1.0289313298835006	-2.7355041206447894	230.0	35	1.05	0.95				
	324	1	0.0	0.0	0.0	0.0	3	1.0205844456152977	-5.618961672345611	230.0	36	1.05	0.95				
	325	1	0.0	0.0	0.0	0.0	3	1.0272397784836003	-1.6583506081820814	230.0	35	1.05	0.95				
];
