%% MATPOWER Case Format : Version 2
function mpc = RTS_GMLC
mpc.version = '2';

%%-----  Power Flow Data  -----%%
%% system MVA base
mpc.baseMVA = 100.0;
%% bus data
%    bus_i    type    Pd    Qd    Gs    Bs    area    Vm    Va    baseKV    zone    Vmax    Vmin
mpc.bus = [
	101	2	62.14943099368422	12.660069276491228	0.0	0.0	1	1.0471285660110532	1.147500955547236	138.0	11	1.05	0.95				
	102	2	55.8193963554386	11.509153887719298	0.0	0.0	1	1.0451766965674447	0.6017728388464583	138.0	12	1.05	0.95				
	103	1	103.5823849894737	21.291934692280705	0.0	0.0	1	1.0332109493842068	0.42128701997991447	138.0	11	1.05	0.95				
	104	1	42.58386938456141	8.631865415789473	0.0	0.0	1	1.026950764451249	-2.3990629294680605	138.0	11	1.05	0.95				
	105	1	40.85749630140351	8.056407721403511	0.0	0.0	1	1.0402557677207047	-2.778506316298967	138.0	11	1.05	0.95				
	106	1	78.26224643649124	16.112815442807022	0.0	-100.0	1	1.0437427448041179	-5.640468275344044	138.0	12	1.05	0.95				
	107	2	71.93221179824562	14.386442359649124	0.0	0.0	1	0.9992382456868703	-11.533587703670982	138.0	12	1.05	0.95				
	108	1	98.40326574	20.141019303508774	0.0	0.0	1	0.9988133755367202	-10.279561276909222	138.0	12	1.05	0.95				
	109	1	100.70509651754386	20.716476997894738	0.0	0.0	1	1.025204538039889	-3.6189968968670185	138.0	13	1.05	0.95				
	110	1	112.21425040526316	23.018307775438597	0.0	0.0	1	1.05	-5.011751536731226	138.0	13	1.05	0.95				
	111	1	0.0	0.0	0.0	0.0	1	1.00940091994337	-1.279243697047165	230.0	13	1.05	0.95				
	112	1	0.0	0.0	0.0	0.0	1	1.0113707163308638	-1.5569850352190493	230.0	13	1.05	0.95				
	113	3	152.4962890122807	31.07471549684211	0.0	0.0	1	1.0043719151501203	-2.6900160710033673e-30	230.0	14	1.05	0.95				
	114	2	111.6387927108772	22.442850081052633	0.0	0.0	1	1.0118951408081975	0.7249248214199028	230.0	16	1.05	0.95				
	115	2	182.4200891203509	36.82929244070176	0.0	0.0	1	1.0419290917481858	8.527954680968886	230.0	16	1.05	0.95				
	116	2	57.545769438596494	11.509153887719298	0.0	0.0	1	1.0370725093481064	7.020390208820372	230.0	16	1.05	0.95				
	117	1	0.0	0.0	0.0	0.0	1	1.0436273602655202	11.374398344183929	230.0	17	1.05	0.95				
	118	2	191.62741223052632	39.13112321824562	0.0	0.0	1	1.0484067921459588	12.5838885858864	230.0	17	1.05	0.95				
	119	1	104.15784268385966	21.291934692280705	0.0	0.0	1	1.0255466924811818	4.266700897267985	230.0	15	1.05	0.95				
	120	1	73.65858488140351	14.961900054035091	0.0	0.0	1	1.0206415575754215	2.4344009649194587	230.0	15	1.05	0.95				
	121	2	0.0	0.0	0.0	0.0	1	1.05	14.544836931668595	230.0	17	1.05	0.95				
	122	2	0.0	0.0	0.0	0.0	1	1.05	19.813321060555946	230.0	17	1.05	0.95				
	123	2	0.0	0.0	0.0	0.0	1	1.0193239516423283	1.8657102607531493	230.0	15	1.05	0.95				
	124	1	0.0	0.0	0.0	0.0	1	1.0283086780781905	5.489645957528271	230.0	16	1.05	0.95				
	201	2	49.418542421052635	10.066740122807017	0.0	0.0	2	1.0137615136518257	-10.21583030883804	138.0	21	1.05	0.95				
	202	2	44.385172359649125	9.151581929824562	0.0	0.0	2	1.012939577136862	-10.438036242660678	138.0	22	1.05	0.95				
	203	1	82.36423736842106	16.930426570175438	0.0	0.0	2	1.0145194970714506	-7.966616746882621	138.0	21	1.05	0.95				
	204	1	33.860853140350876	6.863686447368421	0.0	0.0	2	1.0117353748701305	-9.59255941969733	138.0	21	1.05	0.95				
	205	1	32.48811585087719	6.4061073508771935	0.0	0.0	2	1.0260611615677553	-9.896966443356968	138.0	21	1.05	0.95				
	206	1	62.23075712280702	12.812214701754387	0.0	-100.0	2	1.0408259765574241	-10.271523287643705	138.0	22	1.05	0.95				
	207	2	57.19738706140352	11.439477412280702	0.0	0.0	2	0.9961336300193141	-15.846626601561864	138.0	22	1.05	0.95				
	208	1	78.2460255	16.01526837719298	0.0	0.0	2	0.9998294097476237	-13.746345867899079	138.0	22	1.05	0.95				
	209	1	80.07634188596491	16.47284747368421	0.0	0.0	2	1.0247027522303669	-7.016215629591508	138.0	23	1.05	0.95				
	210	1	89.22792381578948	18.303163859649125	0.0	0.0	2	1.05	-8.107074792879052	138.0	23	1.05	0.95				
	211	1	0.0	0.0	0.0	0.0	2	1.0066860091557355	-4.274804169155505	230.0	23	1.05	0.95				
	212	1	0.0	0.0	0.0	0.0	2	1.0127588739889855	0.4873808341897152	230.0	23	1.05	0.95				
	213	2	121.25846057017544	24.709271210526317	0.0	0.0	2	1.0042200714606813	-1.7580698938984416	230.0	24	1.05	0.95				
	214	2	88.77034471929825	17.845584763157895	0.0	0.0	2	1.0054434718134482	-3.0766505374024162	230.0	26	1.05	0.95				
	215	2	145.0525735877193	29.285062175438597	0.0	0.0	2	1.0248288661996643	1.512739574254007	230.0	26	1.05	0.95				
	216	2	45.75790964912281	9.151581929824562	0.0	0.0	2	1.0238822841844841	1.425252113537815	230.0	26	1.05	0.95				
	217	1	0.0	0.0	0.0	0.0	2	1.0286185187621029	2.2068010953143338	230.0	27	1.05	0.95				
	218	2	152.37383913157896	31.11537856140351	0.0	0.0	2	1.0278530628763625	1.8062030388024002	230.0	27	1.05	0.95				
	219	1	82.82181646491227	16.930426570175438	0.0	0.0	2	1.0226397851113385	1.7585365899016938	230.0	25	1.05	0.95				
	220	1	58.570124350877194	11.89705650877193	0.0	0.0	2	1.0249045018035825	2.9453554948293594	230.0	25	1.05	0.95				
	221	2	0.0	0.0	0.0	0.0	2	1.0301306741466272	2.503984801513013	230.0	27	1.05	0.95				
	222	2	0.0	0.0	0.0	0.0	2	1.0499999963151807	8.87927346184829	230.0	27	1.05	0.95				
	223	2	0.0	0.0	0.0	0.0	2	1.0272397893304102	3.9472129835454433	230.0	25	1.05	0.95				
	224	1	0.0	0.0	0.0	0.0	2	1.0092741262415323	-2.036575515070126	230.0	26	1.05	0.95				
	301	2	59.29579246736842	12.078772539649123	0.0	0.0	3	0.9955011623131584	19.425041525632817	138.0	31	1.05	0.95				
	302	2	53.25640619754386	10.980702308771932	0.0	0.0	3	0.9951355562699772	19.38437604164692	138.0	32	1.05	0.95				
	303	1	98.82632077894738	20.31429927122807	0.0	0.0	3	1.0219443716710388	22.228145047682776	138.0	31	1.05	0.95				
	304	1	40.62859854245614	8.235526731578947	0.0	0.0	3	1.0026004788598728	21.16579644756661	138.0	31	1.05	0.95				
	305	1	38.98149319614035	7.686491616140352	0.0	0.0	3	1.0144326216388957	21.195743610237052	138.0	31	1.05	0.95				
	306	1	74.66877569964913	15.372983232280705	0.0	-100.0	3	1.0333793835949105	21.55220683065482	138.0	32	1.05	0.95				
	307	2	68.62938942982456	13.725877885964913	0.0	0.0	3	0.9759938699770507	18.69037303498922	138.0	32	1.05	0.95				
	308	1	93.88500474	19.21622904035088	0.0	0.0	3	0.9946425290847385	21.063019899004043	138.0	32	1.05	0.95				
	309	1	96.0811452017544	19.765264155789474	0.0	0.0	3	1.027481485177508	24.854211311618073	138.0	33	1.05	0.95				
	310	1	107.06184751052632	21.961404617543863	0.0	0.0	3	1.05	24.714242235957162	138.0	33	1.05	0.95				
	311	1	0.0	0.0	0.0	0.0	3	1.0132637346669793	29.969959947217895	230.0	33	1.05	0.95				
	312	1	0.0	0.0	0.0	0.0	3	1.0221401218050836	31.295498067987253	230.0	33	1.05	0.95				
	313	2	145.49430559122806	29.64789623368421	0.0	0.0	3	1.038303281257782	38.9326915864911	230.0	34	1.05	0.95				
	314	2	106.51281239508772	21.412369502105264	0.0	0.0	3	1.010630093355296	27.185587166883042	230.0	36	1.05	0.95				
	315	2	174.0441315940351	35.13824738807018	0.0	0.0	3	1.037050577507068	19.360741045976646	230.0	36	1.05	0.95				
	316	2	54.90351154385965	10.980702308771932	0.0	0.0	3	1.0388684420681527	20.657275390060665	230.0	36	1.05	0.95				
	317	1	0.0	0.0	0.0	0.0	3	1.0425759610444794	18.61170324894502	230.0	37	1.05	0.95				
	318	2	182.82869344105265	37.334387849824566	0.0	0.0	3	1.0418747704501643	16.965269028074882	230.0	37	1.05	0.95				
	319	1	99.37535589438598	20.31429927122807	0.0	0.0	3	1.039624699962175	23.73475442172086	230.0	35	1.05	0.95				
	320	1	70.27649477614035	14.274913001403512	0.0	0.0	3	1.0426389007267196	25.902109526149864	230.0	35	1.05	0.95				
	321	2	0.0	0.0	0.0	0.0	3	1.041592333755449	18.341916363100264	230.0	37	1.05	0.95				
	322	2	0.0	0.0	0.0	0.0	3	1.05	22.770810343426536	230.0	37	1.05	0.95				
	323	2	0.0	0.0	0.0	0.0	3	1.0439279971177393	26.632747801553016	230.0	35	1.05	0.95				
	324	1	0.0	0.0	0.0	0.0	3	1.0309159393817229	22.441221227389388	230.0	36	1.05	0.95				
	325	1	0.0	0.0	0.0	0.0	3	1.0456127076126855	25.61232896555399	230.0	35	1.05	0.95				
];
