%% MATPOWER Case Format : Version 2
function mpc = RTS_GMLC
mpc.version = '2';

%%-----  Power Flow Data  -----%%
%% system MVA base
mpc.baseMVA = 100.0;
%% bus data
%    bus_i    type    Pd    Qd    Gs    Bs    area    Vm    Va    baseKV    zone    Vmax    Vmin
mpc.bus = [
	101	2	33.92033646694737	6.909698169192984	0.0	0.0	1	0.9924196000465474	-5.227679930294789	138.0	11	1.05	0.95				
	102	2	30.465487382350876	6.28154379017544	0.0	0.0	1	0.9922279500281813	-5.3844292585776135	138.0	12	1.05	0.95				
	103	1	56.53389411157895	11.620856011824563	0.0	0.0	1	1.024055656559626	0.7406184941550047	138.0	11	1.05	0.95				
	104	1	23.241712023649125	4.711157842631579	0.0	0.0	1	1.0057343317011056	-4.7156461390969575	138.0	11	1.05	0.95				
	105	1	22.299480455122808	4.397080653122807	0.0	0.0	1	1.0173404418478	-5.451258103963268	138.0	11	1.05	0.95				
	106	1	42.71449777319299	8.794161306245615	0.0	-100.0	1	1.039869894551348	-5.993431508495325	138.0	12	1.05	0.95				
	107	2	39.25964868859649	7.851929737719299	0.0	0.0	1	0.9882621572855458	-9.79928132645002	138.0	12	1.05	0.95				
	108	1	53.70719940600001	10.992701632807018	0.0	0.0	1	1.0007992167929851	-8.204088977057655	138.0	12	1.05	0.95				
	109	1	54.96350816403509	11.30677882231579	0.0	0.0	1	1.0252503984219867	-2.8657380455921153	138.0	13	1.05	0.95				
	110	1	61.245051954210524	12.56308758035088	0.0	0.0	1	1.05	-4.645179825822332	138.0	13	1.05	0.95				
	111	1	0.0	0.0	0.0	0.0	1	1.013636895228526	0.010086755546365333	230.0	13	1.05	0.95				
	112	1	0.0	0.0	0.0	0.0	1	1.010596619356362	-1.147854496474041	230.0	13	1.05	0.95				
	113	3	83.23045521982456	16.960168233473684	0.0	0.0	1	0.99381880764232	-3.7113422548838793e-31	230.0	14	1.05	0.95				
	114	2	60.93097476470175	12.249010390842106	0.0	0.0	1	1.0365868019461992	3.7566451497100712	230.0	16	1.05	0.95				
	115	2	99.5624690742807	20.100940128561405	0.0	0.0	1	1.0411047499002084	12.700575685061832	230.0	16	1.05	0.95				
	116	2	31.407718950877197	6.28154379017544	0.0	0.0	1	1.040377805932928	11.03986480298557	230.0	16	1.05	0.95				
	117	1	0.0	0.0	0.0	0.0	1	1.040030974706143	16.799701101165972	230.0	17	1.05	0.95				
	118	2	104.58770410642106	21.357248886596494	0.0	0.0	1	1.048509506327943	17.29993023990581	230.0	17	1.05	0.95				
	119	1	56.84797130108773	11.620856011824563	0.0	0.0	1	1.0346574608771841	7.004271813754072	230.0	15	1.05	0.95				
	120	1	40.20188025712281	8.166006927228072	0.0	0.0	1	1.0350040033187007	4.0883112377195285	230.0	15	1.05	0.95				
	121	2	0.0	0.0	0.0	0.0	1	1.0410200154990166	18.595076347800298	230.0	17	1.05	0.95				
	122	2	0.0	0.0	0.0	0.0	1	1.05	36.57474485128413	230.0	17	1.05	0.95				
	123	2	0.0	0.0	0.0	0.0	1	1.0358838591304047	2.7250368954538704	230.0	15	1.05	0.95				
	124	1	0.0	0.0	0.0	0.0	1	1.019736978360705	8.246352581795477	230.0	16	1.05	0.95				
	201	2	36.61766094694737	7.459153155859649	0.0	0.0	2	1.0083891610506792	-14.560518960173264	138.0	21	1.05	0.95				
	202	2	32.88808436901754	6.781048323508772	0.0	0.0	2	1.0073054579109952	-14.843492638739546	138.0	22	1.05	0.95				
	203	1	61.02943491157895	12.544939398491229	0.0	0.0	2	1.0128835971431998	-10.927645600056934	138.0	21	1.05	0.95				
	204	1	25.089878796982457	5.0857862426315785	0.0	0.0	2	1.0106131830739882	-14.739645153173916	138.0	21	1.05	0.95				
	205	1	24.072721548456137	4.746733826456141	0.0	0.0	2	1.0251793490100114	-15.130030583739886	138.0	21	1.05	0.95				
	206	1	46.111128599859654	9.493467652912281	0.0	-100.0	2	1.0428151447058318	-15.90266812879267	138.0	22	1.05	0.95				
	207	2	42.38155202192983	8.476310404385965	0.0	0.0	2	0.9919133893005566	-19.8285142801798	138.0	22	1.05	0.95				
	208	1	57.97796316599999	11.86683456614035	0.0	0.0	2	1.0016473578436593	-18.376132566462733	138.0	22	1.05	0.95				
	209	1	59.334172830701746	12.20588698231579	0.0	0.0	2	1.0223527242484411	-13.237397798634433	138.0	23	1.05	0.95				
	210	1	66.11522115421053	13.562096647017544	0.0	0.0	2	1.05	-14.599183464257434	138.0	23	1.05	0.95				
	211	1	0.0	0.0	0.0	0.0	2	1.0033528158023193	-10.790759657222091	230.0	23	1.05	0.95				
	212	1	0.0	0.0	0.0	0.0	2	1.0109146325752612	-10.337796834313375	230.0	23	1.05	0.95				
	213	2	89.84889028649123	18.308830473473684	0.0	0.0	2	1.0001792313774163	-9.803817739694836	230.0	24	1.05	0.95				
	214	2	65.77616873803508	13.223044230842104	0.0	0.0	2	0.9999487025201965	-8.388685906786584	230.0	26	1.05	0.95				
	215	2	107.47961592761403	21.69935463522807	0.0	0.0	2	1.021685103563527	-2.1985607901174675	230.0	26	1.05	0.95				
	216	2	33.90524161754386	6.781048323508772	0.0	0.0	2	1.0240404671744232	-3.027842004033655	230.0	26	1.05	0.95				
	217	1	0.0	0.0	0.0	0.0	2	1.0306593124933194	-0.8228135842995168	230.0	27	1.05	0.95				
	218	2	112.90445458642104	23.055564299929827	0.0	0.0	2	1.0293923735088621	-1.1827298135872268	230.0	27	1.05	0.95				
	219	1	61.36848732775439	12.544939398491229	0.0	0.0	2	1.0293430235026906	-3.6233497733065696	230.0	25	1.05	0.95				
	220	1	43.39870927045614	8.815362820561404	0.0	0.0	2	1.0357665504200755	-3.4755351643722827	230.0	25	1.05	0.95				
	221	2	0.0	0.0	0.0	0.0	2	1.0300556237113938	-0.7243082398033502	230.0	27	1.05	0.95				
	222	2	0.0	0.0	0.0	0.0	2	1.0499999882443223	5.729764166599437	230.0	27	1.05	0.95				
	223	2	0.0	0.0	0.0	0.0	2	1.0394355410793321	-3.1390237844889355	230.0	25	1.05	0.95				
	224	1	0.0	0.0	0.0	0.0	2	1.0075694636744763	-5.470641291575575	230.0	26	1.05	0.95				
	301	2	43.476747877894745	8.856374567719298	0.0	0.0	3	1.0195484072372156	6.377288332060887	138.0	31	1.05	0.95				
	302	2	39.04856059403509	8.051249607017546	0.0	0.0	3	1.0177446490042472	6.018932897385955	138.0	32	1.05	0.95				
	303	1	72.4612464631579	14.894811772982457	0.0	0.0	3	1.05	20.489075196706118	138.0	31	1.05	0.95				
	304	1	29.789623545964915	6.038437205263158	0.0	0.0	3	1.0101353115522143	6.872250055906193	138.0	31	1.05	0.95				
	305	1	28.58193610491228	5.635874724912282	0.0	0.0	3	1.0272650130684877	5.0212763656335815	138.0	31	1.05	0.95				
	306	1	54.748497327719306	11.271749449824563	0.0	-100.0	3	1.0391913572310212	3.7543812827474405	138.0	32	1.05	0.95				
	307	2	50.32031004385965	10.06406200877193	0.0	0.0	3	0.95	0.09928616084041234	138.0	32	1.05	0.95				
	308	1	68.83818414000001	14.089686812280702	0.0	0.0	3	0.9719865612094929	1.801897864681054	138.0	32	1.05	0.95				
	309	1	70.4484340614035	14.492249292631579	0.0	0.0	3	1.0157985577218895	9.25952274052544	138.0	33	1.05	0.95				
	310	1	78.49968366842106	16.10249921403509	0.0	0.0	3	1.044598857828126	4.953481623419233	138.0	33	1.05	0.95				
	311	1	0.0	0.0	0.0	0.0	3	1.0042446764217925	8.794759824576797	230.0	33	1.05	0.95				
	312	1	0.0	0.0	0.0	0.0	3	1.0082567366161237	8.755915798945201	230.0	33	1.05	0.95				
	313	2	106.67905729298246	21.738373938947372	0.0	0.0	3	1.002062455302451	8.973857409266564	230.0	34	1.05	0.95				
	314	2	78.09712118807018	15.699936733684211	0.0	0.0	3	1.0032388263260965	10.422802773725888	230.0	36	1.05	0.95				
	315	2	127.61230627122808	25.76399874245614	0.0	0.0	3	1.0427581605965766	15.51605191733836	230.0	36	1.05	0.95				
	316	2	40.25624803508772	8.051249607017546	0.0	0.0	3	1.0418509763206822	14.990540690695715	230.0	36	1.05	0.95				
	317	1	0.0	0.0	0.0	0.0	3	1.05	20.193301413666067	230.0	37	1.05	0.95				
	318	2	134.0533059568421	27.374248663859653	0.0	0.0	3	1.0426374787656483	16.81905128669059	230.0	37	1.05	0.95				
	319	1	72.86380894350877	14.894811772982457	0.0	0.0	3	1.0297759194064635	13.205846547414744	230.0	35	1.05	0.95				
	320	1	51.52799748491228	10.466624489122808	0.0	0.0	3	1.022419226923642	12.411043813693416	230.0	35	1.05	0.95				
	321	2	0.0	0.0	0.0	0.0	3	1.0425741049303472	17.06630756270523	230.0	37	1.05	0.95				
	322	2	0.0	0.0	0.0	0.0	3	1.049037746187397	22.644078544462054	230.0	37	1.05	0.95				
	323	2	0.0	0.0	0.0	0.0	3	1.018767744306532	12.285361544775967	230.0	35	1.05	0.95				
	324	1	0.0	0.0	0.0	0.0	3	1.0428316174006547	17.42029209273981	230.0	36	1.05	0.95				
	325	1	0.0	0.0	0.0	0.0	3	1.019918891454641	12.832637014737358	230.0	35	1.05	0.95				
];
