%% MATPOWER Case Format : Version 2
function mpc = RTS_GMLC
mpc.version = '2';

%%-----  Power Flow Data  -----%%
%% system MVA base
mpc.baseMVA = 100.0;
%% bus data
%    bus_i    type    Pd    Qd    Gs    Bs    area    Vm    Va    baseKV    zone    Vmax    Vmin
mpc.bus = [
	101	2	84.5536863031579	17.223899061754388	0.0	0.0	1	1.0459275163660295	-0.6101994587803291	138.0	11	1.05	0.95				
	102	2	75.9417367722807	15.658090056140352	0.0	0.0	1	1.0451947179045589	-0.8904969474796637	138.0	12	1.05	0.95				
	103	1	140.9228105052632	28.967466603859656	0.0	0.0	1	1.022599774561938	-1.2234607627532599	138.0	11	1.05	0.95				
	104	1	57.93493320771931	11.743567542105264	0.0	0.0	1	1.0230083082139403	-4.256921005595617	138.0	11	1.05	0.95				
	105	1	55.58621969929825	10.960663039298248	0.0	0.0	1	1.0368255640154629	-4.727795569650565	138.0	11	1.05	0.95				
	106	1	106.47501238175441	21.921326078596497	0.0	-100.0	1	1.0375202005228785	-7.795390018314987	138.0	12	1.05	0.95				
	107	2	97.8630628508772	19.57261257017544	0.0	0.0	1	1.0208973490989282	-10.93154405261301	138.0	12	1.05	0.95				
	108	1	133.87666998	27.401657598245617	0.0	0.0	1	1.006241457040044	-11.17278373032295	138.0	12	1.05	0.95				
	109	1	137.0082879912281	28.184562101052634	0.0	0.0	1	1.0258812089675566	-4.85374106922947	138.0	13	1.05	0.95				
	110	1	152.66637804736843	31.316180112280705	0.0	0.0	1	1.05	-6.5002539706933256	138.0	13	1.05	0.95				
	111	1	0.0	0.0	0.0	0.0	1	1.017458526750526	-1.6112968219478006	230.0	13	1.05	0.95				
	112	1	0.0	0.0	0.0	0.0	1	1.018233415681584	-1.2534150116106058	230.0	13	1.05	0.95				
	113	3	207.46969324385964	42.27684315157895	0.0	0.0	1	1.0195302604723429	-3.5922478729206415e-28	230.0	14	1.05	0.95				
	114	2	151.8834735445614	30.533275609473687	0.0	0.0	1	1.025007663204929	1.036449406590704	230.0	16	1.05	0.95				
	115	2	248.18072738982457	50.10588817964913	0.0	0.0	1	1.042094495839225	10.729153246128275	230.0	16	1.05	0.95				
	116	2	78.29045028070176	15.658090056140352	0.0	0.0	1	1.0417546969123548	9.571810237712626	230.0	16	1.05	0.95				
	117	1	0.0	0.0	0.0	0.0	1	1.0450566779519246	13.776626091895901	230.0	17	1.05	0.95				
	118	2	260.7071994347369	53.237506190877205	0.0	0.0	1	1.0496121103943519	14.39959068001787	230.0	17	1.05	0.95				
	119	1	141.7057150080702	28.967466603859656	0.0	0.0	1	1.036381092627425	7.134367486955665	230.0	15	1.05	0.95				
	120	1	100.21177635929826	20.355517072982458	0.0	0.0	1	1.0390454854468654	6.2300771157642165	230.0	15	1.05	0.95				
	121	2	0.0	0.0	0.0	0.0	1	1.05	16.515818146172844	230.0	17	1.05	0.95				
	122	2	0.0	0.0	0.0	0.0	1	1.05	26.156619413793766	230.0	17	1.05	0.95				
	123	2	0.0	0.0	0.0	0.0	1	1.0426117034659426	6.311985349258626	230.0	15	1.05	0.95				
	124	1	0.0	0.0	0.0	0.0	1	1.0198114406442853	6.28791892854608	230.0	16	1.05	0.95				
	201	2	84.72721547368421	17.259247596491228	0.0	0.0	2	1.0401406079528006	-15.071284344742107	138.0	21	1.05	0.95				
	202	2	76.0975916754386	15.6902250877193	0.0	0.0	2	1.0406380712086343	-15.114715675091077	138.0	22	1.05	0.95				
	203	1	141.2120257894737	29.026916412280702	0.0	0.0	2	1.0203209655562766	-12.240190928043512	138.0	21	1.05	0.95				
	204	1	58.053832824561404	11.767668815789472	0.0	0.0	2	1.018518554840433	-16.258443902502986	138.0	21	1.05	0.95				
	205	1	55.7002990614035	10.98315756140351	0.0	0.0	2	1.0351419272485756	-16.68292806215908	138.0	21	1.05	0.95				
	206	1	106.69353059649123	21.96631512280702	0.0	-100.0	2	1.0377591841686469	-18.317506497970555	138.0	22	1.05	0.95				
	207	2	98.06390679824561	19.612781359649123	0.0	0.0	2	0.9504391364918051	-29.996286445040585	138.0	22	1.05	0.95				
	208	1	134.1514245	27.45789390350877	0.0	0.0	2	0.9569436378535671	-26.031705313211678	138.0	22	1.05	0.95				
	209	1	137.28946951754386	28.242405157894733	0.0	0.0	2	1.0254813839478196	-14.023077334084656	138.0	23	1.05	0.95				
	210	1	152.97969460526315	31.3804501754386	0.0	0.0	2	1.05	-15.85468728206709	138.0	23	1.05	0.95				
	211	1	0.0	0.0	0.0	0.0	2	1.032283007680012	-9.815036154636806	230.0	23	1.05	0.95				
	212	1	0.0	0.0	0.0	0.0	2	1.025055179313123	-5.03518061551631	230.0	23	1.05	0.95				
	213	2	207.89548241228067	42.363607736842106	0.0	0.0	2	1.044744851413954	-6.9280106513166535	230.0	24	1.05	0.95				
	214	2	152.1951833508772	30.595938921052635	0.0	0.0	2	1.0497975437825238	-7.438355354461563	230.0	26	1.05	0.95				
	215	2	248.69006764035086	50.208720280701755	0.0	0.0	2	1.0452326519108162	0.6981492387517936	230.0	26	1.05	0.95				
	216	2	78.45112543859649	15.6902250877193	0.0	0.0	2	1.048158757130511	0.788246596377822	230.0	26	1.05	0.95				
	217	1	0.0	0.0	0.0	0.0	2	1.0489929501513942	3.4392290102642926	230.0	27	1.05	0.95				
	218	2	261.2422477105263	53.346765298245614	0.0	0.0	2	1.0493582306138651	3.493611144407506	230.0	27	1.05	0.95				
	219	1	141.99653704385966	29.026916412280702	0.0	0.0	2	1.0428034615516357	1.3171397748002684	230.0	25	1.05	0.95				
	220	1	100.41744056140351	20.397292614035088	0.0	0.0	2	1.0454658126306662	3.2466503147603687	230.0	25	1.05	0.95				
	221	2	0.0	0.0	0.0	0.0	2	1.049380154863453	3.326302811485053	230.0	27	1.05	0.95				
	222	2	0.0	0.0	0.0	0.0	2	1.05	9.882747021001334	230.0	27	1.05	0.95				
	223	2	0.0	0.0	0.0	0.0	2	1.05	4.872611883497684	230.0	25	1.05	0.95				
	224	1	0.0	0.0	0.0	0.0	2	1.0195306869972194	-4.08722404151526	230.0	26	1.05	0.95				
	301	2	73.50901613052632	14.97405884140351	0.0	0.0	3	1.0066359637386306	14.52300060295783	138.0	31	1.05	0.95				
	302	2	66.02198670982456	13.61278076491228	0.0	0.0	3	1.0049219804009488	14.19767311014837	138.0	32	1.05	0.95				
	303	1	122.51502688421053	25.18364441508772	0.0	0.0	3	1.0477766782161149	27.744018677057106	138.0	31	1.05	0.95				
	304	1	50.36728883017544	10.20958557368421	0.0	0.0	3	1.0039231917687046	15.945375140965321	138.0	31	1.05	0.95				
	305	1	48.32537171543859	9.528946535438596	0.0	0.0	3	1.0191355508879376	14.679326691159325	138.0	31	1.05	0.95				
	306	1	92.56690920140352	19.057893070877192	0.0	-100.0	3	1.032194478122611	14.017145381472735	138.0	32	1.05	0.95				
	307	2	85.07987978070175	17.015975956140352	0.0	0.0	3	0.9865722105636583	8.431031045405064	138.0	32	1.05	0.95				
	308	1	116.38927553999999	23.82236633859649	0.0	0.0	3	0.9917612087098515	11.625582757403643	138.0	32	1.05	0.95				
	309	1	119.11183169298245	24.5030053768421	0.0	0.0	3	1.0271375172166	20.153350087407578	138.0	33	1.05	0.95				
	310	1	132.72461245789472	27.22556152982456	0.0	0.0	3	1.05	17.02324443306206	138.0	33	1.05	0.95				
	311	1	0.0	0.0	0.0	0.0	3	1.0189778969095433	22.984846703515323	230.0	33	1.05	0.95				
	312	1	0.0	0.0	0.0	0.0	3	1.0236291619297302	23.877779447084965	230.0	33	1.05	0.95				
	313	2	180.3693451350877	36.75450806526316	0.0	0.0	3	1.0361243070662798	29.32721259926302	230.0	34	1.05	0.95				
	314	2	132.04397341964912	26.544922491578948	0.0	0.0	3	1.0203313124078837	21.763558531019928	230.0	36	1.05	0.95				
	315	2	215.76257512385962	43.560898447719296	0.0	0.0	3	1.05	18.432571250322447	230.0	36	1.05	0.95				
	316	2	68.06390382456141	13.61278076491228	0.0	0.0	3	1.0429319360520137	18.93300315110637	230.0	36	1.05	0.95				
	317	1	0.0	0.0	0.0	0.0	3	1.05	19.133777676803223	230.0	37	1.05	0.95				
	318	2	226.6527997357895	46.28345460070176	0.0	0.0	3	1.0479555023693974	16.993479563236008	230.0	37	1.05	0.95				
	319	1	123.19566592245614	25.18364441508772	0.0	0.0	3	1.0388358302127738	20.398505476401024	230.0	35	1.05	0.95				
	320	1	87.12179689543859	17.696614994385964	0.0	0.0	3	1.0380337247335305	21.552597662253177	230.0	35	1.05	0.95				
	321	2	0.0	0.0	0.0	0.0	3	1.0490807235465467	18.079278396568824	230.0	37	1.05	0.95				
	322	2	0.0	0.0	0.0	0.0	3	1.05	22.8396676581079	230.0	37	1.05	0.95				
	323	2	0.0	0.0	0.0	0.0	3	1.0379925806293004	22.06902888966784	230.0	35	1.05	0.95				
	324	1	0.0	0.0	0.0	0.0	3	1.04870766786466	23.80496320140804	230.0	36	1.05	0.95				
	325	1	0.0	0.0	0.0	0.0	3	1.0404554931501824	21.602768571795558	230.0	35	1.05	0.95				
];
