%% MATPOWER Case Format : Version 2
function mpc = RTS_GMLC
mpc.version = '2';

%%-----  Power Flow Data  -----%%
%% system MVA base
mpc.baseMVA = 100.0;
%% bus data
%    bus_i    type    Pd    Qd    Gs    Bs    area    Vm    Va    baseKV    zone    Vmax    Vmin
mpc.bus = [
	101	2	42.711034130526315	8.700395841403509	0.0	0.0	1	1.0320321904774346	3.2421428769731264	138.0	11	1.05	0.95				
	102	2	38.360836209824555	7.909450764912281	0.0	0.0	1	1.0310907300954602	2.963483068400807	138.0	12	1.05	0.95				
	103	1	71.18505688421052	14.632483915087718	0.0	0.0	1	1.0308626066090492	2.2966604672860425	138.0	11	1.05	0.95				
	104	1	29.264967830175436	5.93208807368421	0.0	0.0	1	1.021036682508706	-0.0852263158899566	138.0	11	1.05	0.95				
	105	1	28.07855021543859	5.536615535438597	0.0	0.0	1	1.035500144376897	0.07441182875697226	138.0	11	1.05	0.95				
	106	1	53.784265201403514	11.073231070877194	0.0	-100.0	1	1.0458413147231633	-2.1486071614914675	138.0	12	1.05	0.95				
	107	2	49.434067280701754	9.88681345614035	0.0	0.0	1	0.9994838522196885	-8.069602208319335	138.0	12	1.05	0.95				
	108	1	67.62580403999999	13.84153883859649	0.0	0.0	1	1.0045449756713754	-6.479267756662637	138.0	12	1.05	0.95				
	109	1	69.20769419298244	14.237011376842105	0.0	0.0	1	1.0246196182936387	-0.9694353097184446	138.0	13	1.05	0.95				
	110	1	77.11714495789474	15.818901529824561	0.0	0.0	1	1.05	-1.8848807906026521	138.0	13	1.05	0.95				
	111	1	0.0	0.0	0.0	0.0	1	1.0039298994625767	0.7199237986659148	230.0	13	1.05	0.95				
	112	1	0.0	0.0	0.0	0.0	1	1.0083003431454367	0.5393057210183124	230.0	13	1.05	0.95				
	113	3	104.8002226350877	21.355517065263157	0.0	0.0	1	0.993740374583817	5.3311036718806595e-34	230.0	14	1.05	0.95				
	114	2	76.72167241964911	15.423428991578946	0.0	0.0	1	1.0038202910758376	3.611884110699291	230.0	16	1.05	0.95				
	115	2	125.36479462385964	25.3102424477193	0.0	0.0	1	1.040933351678509	10.582565939392545	230.0	16	1.05	0.95				
	116	2	39.5472538245614	7.909450764912281	0.0	0.0	1	1.0377565750067852	9.914767154149791	230.0	16	1.05	0.95				
	117	1	0.0	0.0	0.0	0.0	1	1.0422890001348073	13.61791856480085	230.0	17	1.05	0.95				
	118	2	131.69235523578945	26.892132600701757	0.0	0.0	1	1.047873899856492	13.664174342084122	230.0	17	1.05	0.95				
	119	1	71.58052942245614	14.632483915087718	0.0	0.0	1	1.0290896208947562	7.759585711815039	230.0	15	1.05	0.95				
	120	1	50.6204848954386	10.282285994385965	0.0	0.0	1	1.0249452023271237	6.634982855685688	230.0	15	1.05	0.95				
	121	2	0.0	0.0	0.0	0.0	1	1.05	14.63766006174682	230.0	17	1.05	0.95				
	122	2	0.0	0.0	0.0	0.0	1	1.05	28.307460311671857	230.0	17	1.05	0.95				
	123	2	0.0	0.0	0.0	0.0	1	1.023052854785363	6.3202680129319155	230.0	15	1.05	0.95				
	124	1	0.0	0.0	0.0	0.0	1	1.026623131745951	7.481221254525679	230.0	16	1.05	0.95				
	201	2	43.80859436210526	8.923972925614034	0.0	0.0	2	1.0226455166978967	-9.222899473633177	138.0	21	1.05	0.95				
	202	2	39.34660789929824	8.112702659649123	0.0	0.0	2	1.0231586897343272	-9.147980279845385	138.0	22	1.05	0.95				
	203	1	73.0143239368421	15.008499920350877	0.0	0.0	2	1.0163582053403086	-7.850646804770617	138.0	21	1.05	0.95				
	204	1	30.016999840701754	6.084526994736842	0.0	0.0	2	1.0167336821586588	-10.364705729291469	138.0	21	1.05	0.95				
	205	1	28.800094441754382	5.678891861754386	0.0	0.0	2	1.0314620156703949	-10.654080956661668	138.0	21	1.05	0.95				
	206	1	55.166378085614035	11.357783723508772	0.0	-100.0	2	1.0445300830351565	-11.855590056880015	138.0	22	1.05	0.95				
	207	2	50.70439162280702	10.140878324561402	0.0	0.0	2	0.9934121011845545	-17.48497741542616	138.0	22	1.05	0.95				
	208	1	69.36360774	14.197229654385962	0.0	0.0	2	0.999964623639538	-15.668913044655376	138.0	22	1.05	0.95				
	209	1	70.98614827192982	14.60286478736842	0.0	0.0	2	1.0226544045313628	-9.68410044222264	138.0	23	1.05	0.95				
	210	1	79.09885093157895	16.225405319298247	0.0	0.0	2	1.05	-10.797041566955555	138.0	23	1.05	0.95				
	211	1	0.0	0.0	0.0	0.0	2	1.00424304779574	-7.09765168203133	230.0	23	1.05	0.95				
	212	1	0.0	0.0	0.0	0.0	2	1.0075395632842714	-6.342282786822746	230.0	23	1.05	0.95				
	213	2	107.49331024035087	21.90429718105263	0.0	0.0	2	0.9987046651992533	-5.919287882882706	230.0	24	1.05	0.95				
	214	2	78.69321579859648	15.81977018631579	0.0	0.0	2	1.0036185578907288	-4.859590268535311	230.0	26	1.05	0.95				
	215	2	128.5863371554386	25.960648510877192	0.0	0.0	2	1.0209729396934182	0.8128663431391897	230.0	26	1.05	0.95				
	216	2	40.56351329824561	8.112702659649123	0.0	0.0	2	1.0225667103134741	0.7603588354446336	230.0	26	1.05	0.95				
	217	1	0.0	0.0	0.0	0.0	2	1.0277391402832	2.5721706694012707	230.0	27	1.05	0.95				
	218	2	135.07649928315791	27.583189042807017	0.0	0.0	2	1.0269765991078197	1.9917430569248316	230.0	27	1.05	0.95				
	219	1	73.41995906982456	15.008499920350877	0.0	0.0	2	1.0231669708811406	0.5960784871535072	230.0	25	1.05	0.95				
	220	1	51.921297021754384	10.54651345754386	0.0	0.0	2	1.0263005761272201	1.2501032474855123	230.0	25	1.05	0.95				
	221	2	0.0	0.0	0.0	0.0	2	1.0285337349181656	2.4070893765481167	230.0	27	1.05	0.95				
	222	2	0.0	0.0	0.0	0.0	2	1.0499999775751805	8.962571253200242	230.0	27	1.05	0.95				
	223	2	0.0	0.0	0.0	0.0	2	1.0286382384489787	1.9197629529919482	230.0	25	1.05	0.95				
	224	1	0.0	0.0	0.0	0.0	2	1.0085059724280518	-2.4490941468341894	230.0	26	1.05	0.95				
	301	2	43.10091742736842	8.779816512982457	0.0	0.0	3	1.0085154856346226	-17.43917696239546	138.0	31	1.05	0.95				
	302	2	38.71100917087719	7.981651375438598	0.0	0.0	3	1.0084483732951408	-17.539318814395617	138.0	32	1.05	0.95				
	303	1	71.83486237894738	14.766055044561401	0.0	0.0	3	1.0226922090487753	-12.627463499632274	138.0	31	1.05	0.95				
	304	1	29.532110089122803	5.986238531578946	0.0	0.0	3	1.011122846535209	-16.215085551878776	138.0	31	1.05	0.95				
	305	1	28.334862382807014	5.587155962807018	0.0	0.0	3	1.0241423453586012	-16.874118790184376	138.0	31	1.05	0.95				
	306	1	54.27522935298246	11.174311925614036	0.0	-100.0	3	1.0414099731773356	-17.045878695685296	138.0	32	1.05	0.95				
	307	2	49.88532109649123	9.977064219298246	0.0	0.0	3	0.9920209033882963	-21.32878834786793	138.0	32	1.05	0.95				
	308	1	68.24311926	13.967889907017542	0.0	0.0	3	1.0000310965080648	-19.563357452233202	138.0	32	1.05	0.95				
	309	1	69.83944953508771	14.366972475789472	0.0	0.0	3	1.025470028864318	-13.49263914776028	138.0	33	1.05	0.95				
	310	1	77.82110091052631	15.963302750877196	0.0	0.0	3	1.05	-15.023395900910385	138.0	33	1.05	0.95				
	311	1	0.0	0.0	0.0	0.0	3	1.0054324166006685	-9.763837071947021	230.0	33	1.05	0.95				
	312	1	0.0	0.0	0.0	0.0	3	1.0106374672578418	-9.03181431280945	230.0	33	1.05	0.95				
	313	2	105.7568807245614	21.55045871368421	0.0	0.0	3	1.0096506700202532	-6.065045984502728	230.0	34	1.05	0.95				
	314	2	77.42201834175438	15.564220182105265	0.0	0.0	3	1.0014390982080297	-8.385568695595218	230.0	36	1.05	0.95				
	315	2	126.50917430070174	25.54128440140351	0.0	0.0	3	1.0273265985769855	-4.777579758308405	230.0	36	1.05	0.95				
	316	2	39.90825687719298	7.981651375438598	0.0	0.0	3	1.0269387758695077	-4.0771455257411775	230.0	36	1.05	0.95				
	317	1	0.0	0.0	0.0	0.0	3	1.0341532922889052	-1.8593858461993193	230.0	37	1.05	0.95				
	318	2	132.89449540105264	27.13761467649123	0.0	0.0	3	1.0320427299106973	-2.4943535001447374	230.0	37	1.05	0.95				
	319	1	72.2339449477193	14.766055044561401	0.0	0.0	3	1.0254161593836497	-4.195880570189432	230.0	35	1.05	0.95				
	320	1	51.08256880280702	10.376146788070177	0.0	0.0	3	1.026613205248693	-3.5178815565393435	230.0	35	1.05	0.95				
	321	2	0.0	0.0	0.0	0.0	3	1.032782954457982	-2.7014171488527556	230.0	37	1.05	0.95				
	322	2	0.0	0.0	0.0	0.0	3	1.0467020060720948	1.96333205494681	230.0	37	1.05	0.95				
	323	2	0.0	0.0	0.0	0.0	3	1.0278604634058741	-2.838050913662079	230.0	35	1.05	0.95				
	324	1	0.0	0.0	0.0	0.0	3	1.0156522601764157	-7.7320364487967685	230.0	36	1.05	0.95				
	325	1	0.0	0.0	0.0	0.0	3	1.0238532602832247	-1.3719037691453495	230.0	35	1.05	0.95				
];
