%% MATPOWER Case Format : Version 2
function mpc = RTS_GMLC
mpc.version = '2';

%%-----  Power Flow Data  -----%%
%% system MVA base
mpc.baseMVA = 100.0;
%% bus data
%    bus_i    type    Pd    Qd    Gs    Bs    area    Vm    Va    baseKV    zone    Vmax    Vmin
mpc.bus = [
	101	2	36.378525482526314	7.410440376070175	0.0	0.0	1	1.016227470807192	-0.1681277839249765	138.0	11	1.05	0.95				
	102	2	32.67330529449122	6.736763978245613	0.0	0.0	1	1.013978116563392	-0.7660700044185784	138.0	12	1.05	0.95				
	103	1	60.630875804210525	12.463013359754385	0.0	0.0	1	1.030446763470932	1.7050355822439913	138.0	11	1.05	0.95				
	104	1	24.92602671950877	5.05257298368421	0.0	0.0	1	1.01505167132339	-2.2288727116737017	138.0	11	1.05	0.95				
	105	1	23.915512122771926	4.71573478477193	0.0	0.0	1	1.028872673217677	-2.2628281417069274	138.0	11	1.05	0.95				
	106	1	45.80999505207017	9.43146956954386	0.0	-100.0	1	1.0440651327613348	-3.9250961242412443	138.0	12	1.05	0.95				
	107	2	42.104774864035086	8.420954972807017	0.0	0.0	1	1.0003080987061845	-10.128592231452545	138.0	12	1.05	0.95				
	108	1	57.59933201399999	11.789336961929822	0.0	0.0	1	1.0063099906600694	-7.986161884260547	138.0	12	1.05	0.95				
	109	1	58.94668480964912	12.126175160842104	0.0	0.0	1	1.0247475403414446	-2.0136816726840747	138.0	13	1.05	0.95				
	110	1	65.68344878789473	13.473527956491226	0.0	0.0	1	1.05	-3.27537587157009	138.0	13	1.05	0.95				
	111	1	0.0	0.0	0.0	0.0	1	1.0040233711651423	0.26746795561592557	230.0	13	1.05	0.95				
	112	1	0.0	0.0	0.0	0.0	1	1.0084896459380834	-0.7294743341770391	230.0	13	1.05	0.95				
	113	3	89.26212271175437	18.189262741263157	0.0	0.0	1	0.994960382529562	-4.494339890642587e-29	230.0	14	1.05	0.95				
	114	2	65.34661058898244	13.136689757578946	0.0	0.0	1	1.0052267919884068	3.5377048641612414	230.0	16	1.05	0.95				
	115	2	106.77770905519297	21.557644730385963	0.0	0.0	1	1.0432469549567465	11.538613567582733	230.0	16	1.05	0.95				
	116	2	33.68381989122807	6.736763978245613	0.0	0.0	1	1.0358066474112464	10.0219681848726	230.0	16	1.05	0.95				
	117	1	0.0	0.0	0.0	0.0	1	1.0408808023973017	15.199979756763572	230.0	17	1.05	0.95				
	118	2	112.16712023778948	22.904997526035086	0.0	0.0	1	1.0499999797863824	15.653431154669393	230.0	17	1.05	0.95				
	119	1	60.96771400312281	12.463013359754385	0.0	0.0	1	1.0245173153662295	6.283066484639922	230.0	15	1.05	0.95				
	120	1	43.115289460771926	8.757793171719298	0.0	0.0	1	1.0197323042041844	3.6490488145013678	230.0	15	1.05	0.95				
	121	2	0.0	0.0	0.0	0.0	1	1.05	16.90327264922443	230.0	17	1.05	0.95				
	122	2	0.0	0.0	0.0	0.0	1	1.05	32.77100882988636	230.0	17	1.05	0.95				
	123	2	0.0	0.0	0.0	0.0	1	1.0177558399129472	2.4560701760046504	230.0	15	1.05	0.95				
	124	1	0.0	0.0	0.0	0.0	1	1.0261317914457833	7.864544429132884	230.0	16	1.05	0.95				
	201	2	40.86762157894737	8.324885877192983	0.0	0.0	2	1.0137305449497314	-16.592146601409468	138.0	21	1.05	0.95				
	202	2	36.70517864035088	7.5680780701754395	0.0	0.0	2	1.0128073460201494	-16.89537048517276	138.0	22	1.05	0.95				
	203	1	68.11270263157895	14.000944429824564	0.0	0.0	2	1.0152118944432504	-12.061654399813664	138.0	21	1.05	0.95				
	204	1	28.001888859649128	5.676058552631579	0.0	0.0	2	1.0121699138908202	-16.630879623112687	138.0	21	1.05	0.95				
	205	1	26.866677149122808	5.297654649122808	0.0	0.0	2	1.0273571007999227	-17.11314629370102	138.0	21	1.05	0.95				
	206	1	51.46293087719299	10.595309298245615	0.0	-100.0	2	1.0430543122154625	-17.894521625424844	138.0	22	1.05	0.95				
	207	2	47.30048793859649	9.460097587719298	0.0	0.0	2	0.995554937001481	-22.35671673357533	138.0	22	1.05	0.95				
	208	1	64.70706750000001	13.244136622807018	0.0	0.0	2	1.0021717128261187	-20.678301608370624	138.0	22	1.05	0.95				
	209	1	66.2206831140351	13.62254052631579	0.0	0.0	2	1.0221933834219858	-14.840675218409176	138.0	23	1.05	0.95				
	210	1	73.78876118421053	15.136156140350879	0.0	0.0	2	1.05	-16.414688891066923	138.0	23	1.05	0.95				
	211	1	0.0	0.0	0.0	0.0	2	1.0050760279894937	-12.090055910302656	230.0	23	1.05	0.95				
	212	1	0.0	0.0	0.0	0.0	2	1.0072407321749401	-11.694974110915105	230.0	23	1.05	0.95				
	213	2	100.27703442982457	20.433810789473686	0.0	0.0	2	0.9992959118358795	-11.108860545449621	230.0	24	1.05	0.95				
	214	2	73.41035728070176	14.757752236842107	0.0	0.0	2	1.007208776314341	-9.295744784855493	230.0	26	1.05	0.95				
	215	2	119.9540374122807	24.217849824561405	0.0	0.0	2	1.0219865719790817	-2.4343679145291457	230.0	26	1.05	0.95				
	216	2	37.84039035087719	7.5680780701754395	0.0	0.0	2	1.0233108946196372	-3.0476776433057897	230.0	26	1.05	0.95				
	217	1	0.0	0.0	0.0	0.0	2	1.0274401205898405	-1.038864902903583	230.0	27	1.05	0.95				
	218	2	126.00849986842107	25.731465438596494	0.0	0.0	2	1.0270972301557109	-1.4782151227643823	230.0	27	1.05	0.95				
	219	1	68.49110653508774	14.000944429824564	0.0	0.0	2	1.022838275422853	-3.921862037767959	230.0	25	1.05	0.95				
	220	1	48.43569964912281	9.838501491228072	0.0	0.0	2	1.0248162718696785	-3.935458060848132	230.0	25	1.05	0.95				
	221	2	0.0	0.0	0.0	0.0	2	1.028884315246071	-0.9963338055136515	230.0	27	1.05	0.95				
	222	2	0.0	0.0	0.0	0.0	2	1.049999978640346	5.477686983596301	230.0	27	1.05	0.95				
	223	2	0.0	0.0	0.0	0.0	2	1.0262276793438128	-3.6503058375741397	230.0	25	1.05	0.95				
	224	1	0.0	0.0	0.0	0.0	2	1.0076171627425	-6.052387508753905	230.0	26	1.05	0.95				
	301	2	49.69503322105264	10.123062322807018	0.0	0.0	3	1.0068929360581211	-9.118869764746497	138.0	31	1.05	0.95				
	302	2	44.633502059649125	9.202783929824562	0.0	0.0	3	1.006587747685135	-9.231775412977987	138.0	32	1.05	0.95				
	303	1	82.82505536842105	17.02515027017544	0.0	0.0	3	1.030288581235164	-2.579584720817513	138.0	31	1.05	0.95				
	304	1	34.05030054035088	6.902087947368421	0.0	0.0	3	1.0111906551191239	-7.2576093056610675	138.0	31	1.05	0.95				
	305	1	32.669882950877195	6.441948750877194	0.0	0.0	3	1.0225269216057968	-8.870353289579302	138.0	31	1.05	0.95				
	306	1	62.57893072280702	12.883897501754388	0.0	-100.0	3	1.0391970703019007	-9.260681395156995	138.0	32	1.05	0.95				
	307	2	57.517399561403515	11.503479912280703	0.0	0.0	3	0.9924635874258382	-13.719882177702925	138.0	32	1.05	0.95				
	308	1	78.68380259999999	16.104871877192984	0.0	0.0	3	0.9986624957232151	-11.634982397517623	138.0	32	1.05	0.95				
	309	1	80.52435938596491	16.56501107368421	0.0	0.0	3	1.0302660117188016	-3.7841919980005003	138.0	33	1.05	0.95				
	310	1	89.72714331578948	18.405567859649125	0.0	0.0	3	1.05	-7.140004287013558	138.0	33	1.05	0.95				
	311	1	0.0	0.0	0.0	0.0	3	1.010385447075025	-1.4869757936221537	230.0	33	1.05	0.95				
	312	1	0.0	0.0	0.0	0.0	3	1.0140944527430407	-0.987392365156767	230.0	33	1.05	0.95				
	313	2	121.93688707017544	24.84751661052632	0.0	0.0	3	1.0124852400411135	1.658409800755177	230.0	34	1.05	0.95				
	314	2	89.26700411929825	17.945428663157895	0.0	0.0	3	1.0091323051950505	-0.15586788685281208	230.0	36	1.05	0.95				
	315	2	145.8641252877193	29.448908575438598	0.0	0.0	3	1.0378714286421002	4.103015720248967	230.0	36	1.05	0.95				
	316	2	46.01391964912281	9.202783929824562	0.0	0.0	3	1.0367330544552853	4.441140603011745	230.0	36	1.05	0.95				
	317	1	0.0	0.0	0.0	0.0	3	1.05	9.938395870968185	230.0	37	1.05	0.95				
	318	2	153.22635243157896	31.28946536140351	0.0	0.0	3	1.0459288228869017	7.026582974922813	230.0	37	1.05	0.95				
	319	1	83.28519456491229	17.02515027017544	0.0	0.0	3	1.0305287124935352	3.5847362121001742	230.0	35	1.05	0.95				
	320	1	58.897817150877195	11.963619108771931	0.0	0.0	3	1.028422123672192	3.7259240436907892	230.0	35	1.05	0.95				
	321	2	0.0	0.0	0.0	0.0	3	1.04454835587906	6.709171677545652	230.0	37	1.05	0.95				
	322	2	0.0	0.0	0.0	0.0	3	1.05	12.31847920263295	230.0	37	1.05	0.95				
	323	2	0.0	0.0	0.0	0.0	3	1.027987685384005	4.157089128609916	230.0	35	1.05	0.95				
	324	1	0.0	0.0	0.0	0.0	3	1.0261573699983488	1.5986811166384234	230.0	36	1.05	0.95				
	325	1	0.0	0.0	0.0	0.0	3	1.0265075853796617	5.239506614181188	230.0	35	1.05	0.95				
];
