%% MATPOWER Case Format : Version 2
function mpc = RTS_GMLC
mpc.version = '2';

%%-----  Power Flow Data  -----%%
%% system MVA base
mpc.baseMVA = 100.0;
%% bus data
%    bus_i    type    Pd    Qd    Gs    Bs    area    Vm    Va    baseKV    zone    Vmax    Vmin
mpc.bus = [
	101	2	45.30282040421053	9.228352304561403	0.0	0.0	1	1.0195289771117149	-3.384056116201732	138.0	11	1.05	0.95				
	102	2	40.68864425192982	8.389411185964912	0.0	0.0	1	1.0186128849973735	-3.6116891248188088	138.0	12	1.05	0.95				
	103	1	75.50470067368421	15.520410694035089	0.0	0.0	1	1.0329049137736332	-0.09895504558313846	138.0	11	1.05	0.95				
	104	1	31.040821388070178	6.292058389473684	0.0	0.0	1	1.0190289893438191	-3.947049815697522	138.0	11	1.05	0.95				
	105	1	29.78240971017544	5.87258783017544	0.0	0.0	1	1.0296311312288309	-4.998986157919692	138.0	11	1.05	0.95				
	106	1	57.04799606456141	11.74517566035088	0.0	-100.0	1	1.0430130243658982	-6.381099065953492	138.0	12	1.05	0.95				
	107	2	52.4338199122807	10.486763982456141	0.0	0.0	1	1.001565305671716	-10.140874431314906	138.0	12	1.05	0.95				
	108	1	71.72946564	14.681469575438596	0.0	0.0	1	1.0056992752963354	-9.028287943054382	138.0	12	1.05	0.95				
	109	1	73.40734787719299	15.100940134736843	0.0	0.0	1	1.0257870605429107	-3.567422539698133	138.0	13	1.05	0.95				
	110	1	81.7967590631579	16.778822371929824	0.0	0.0	1	1.05	-5.27683480453099	138.0	13	1.05	0.95				
	111	1	0.0	0.0	0.0	0.0	1	1.0056869033421996	-1.2162011085916382	230.0	13	1.05	0.95				
	112	1	0.0	0.0	0.0	0.0	1	1.0087060609877319	-1.6639285603092144	230.0	13	1.05	0.95				
	113	3	111.15969821403509	22.651410202105264	0.0	0.0	1	0.9989883533454609	-3.337482730910932e-29	230.0	14	1.05	0.95				
	114	2	81.37728850385965	16.35935181263158	0.0	0.0	1	1.00629147303487	1.0559241905528314	230.0	16	1.05	0.95				
	115	2	132.97216729754388	26.846115795087723	0.0	0.0	1	1.0408078476123932	7.865778302214347	230.0	16	1.05	0.95				
	116	2	41.947055929824565	8.389411185964912	0.0	0.0	1	1.036434527887047	6.691583891995816	230.0	16	1.05	0.95				
	117	1	0.0	0.0	0.0	0.0	1	1.042866695057584	10.732504938858213	230.0	17	1.05	0.95				
	118	2	139.6836962463158	28.523998032280705	0.0	0.0	1	1.047821329557212	11.500631942073147	230.0	17	1.05	0.95				
	119	1	75.92417123298246	15.520410694035089	0.0	0.0	1	1.025147499495993	4.224919659419713	230.0	15	1.05	0.95				
	120	1	53.692231590175446	10.906234541754387	0.0	0.0	1	1.0184306942480863	2.3386337216776854	230.0	15	1.05	0.95				
	121	2	0.0	0.0	0.0	0.0	1	1.0498460671900005	12.708101448514203	230.0	17	1.05	0.95				
	122	2	0.0	0.0	0.0	0.0	1	1.05	21.246223982236728	230.0	17	1.05	0.95				
	123	2	0.0	0.0	0.0	0.0	1	1.0154327803234269	1.6213752438986062	230.0	15	1.05	0.95				
	124	1	0.0	0.0	0.0	0.0	1	1.0276551166481707	4.878362461960092	230.0	16	1.05	0.95				
	201	2	44.063591987368426	8.975916886315789	0.0	0.0	2	1.0147335106369257	-10.5891006888626	138.0	21	1.05	0.95				
	202	2	39.575633544210525	8.159924442105265	0.0	0.0	2	1.0139180482958092	-10.819063538782178	138.0	22	1.05	0.95				
	203	1	73.43931997894737	15.095860217894735	0.0	0.0	2	1.014743754322231	-8.306231603357265	138.0	21	1.05	0.95				
	204	1	30.19172043578947	6.119943331578947	0.0	0.0	2	1.0128629303563788	-10.211725407318061	138.0	21	1.05	0.95				
	205	1	28.96773176947368	5.711947109473685	0.0	0.0	2	1.0273544101258982	-10.503149002694267	138.0	21	1.05	0.95				
	206	1	55.48748620631579	11.42389421894737	0.0	-100.0	2	1.0425160011655021	-10.965630021962813	138.0	22	1.05	0.95				
	207	2	50.99952776315789	10.199905552631579	0.0	0.0	2	0.9975460081628663	-15.877767571482398	138.0	22	1.05	0.95				
	208	1	69.76735398	14.27986777368421	0.0	0.0	2	1.0025228860776356	-14.03935654309088	138.0	22	1.05	0.95				
	209	1	71.39933886842104	14.687863995789474	0.0	0.0	2	1.02385410977382	-8.027751760540678	138.0	23	1.05	0.95				
	210	1	79.55926331052632	16.31984888421053	0.0	0.0	2	1.05	-9.104163026112944	138.0	23	1.05	0.95				
	211	1	0.0	0.0	0.0	0.0	2	1.0030072807829435	-5.897872007122226	230.0	23	1.05	0.95				
	212	1	0.0	0.0	0.0	0.0	2	1.0101456866250997	-1.4826120234322169	230.0	23	1.05	0.95				
	213	2	108.11899885789474	22.031795993684213	0.0	0.0	2	0.997534473549207	-3.87497299695486	230.0	24	1.05	0.95				
	214	2	79.15126708842105	15.911852662105264	0.0	0.0	2	0.999113602118203	-4.8549752516256195	230.0	26	1.05	0.95				
	215	2	129.33480240736841	26.11175821473684	0.0	0.0	2	1.018011155314689	-0.09024423971543195	230.0	26	1.05	0.95				
	216	2	40.799622210526316	8.159924442105265	0.0	0.0	2	1.0163228601416485	-0.8673825281508761	230.0	26	1.05	0.95				
	217	1	0.0	0.0	0.0	0.0	2	1.0224734071434718	0.5897668933327248	230.0	27	1.05	0.95				
	218	2	135.86274196105265	27.743743103157897	0.0	0.0	2	1.0220789992632136	0.27818828034146315	230.0	27	1.05	0.95				
	219	1	73.84731620105264	15.095860217894735	0.0	0.0	2	1.014639148000738	-1.1530626357021467	230.0	25	1.05	0.95				
	220	1	52.22351642947368	10.607901774736844	0.0	0.0	2	1.0158739533671088	-0.5864567902616596	230.0	25	1.05	0.95				
	221	2	0.0	0.0	0.0	0.0	2	1.0242532749410664	0.9545565609655036	230.0	27	1.05	0.95				
	222	2	0.0	0.0	0.0	0.0	2	1.0460168093520104	7.351770697582167	230.0	27	1.05	0.95				
	223	2	0.0	0.0	0.0	0.0	2	1.0171831474293611	0.04516819593200481	230.0	25	1.05	0.95				
	224	1	0.0	0.0	0.0	0.0	2	1.006559271667824	-3.187590616016549	230.0	26	1.05	0.95				
	301	2	69.63112940210527	14.184118952280702	0.0	0.0	3	0.9983620388014276	3.767021833265379	138.0	31	1.05	0.95				
	302	2	62.53906992596492	12.894653592982458	0.0	0.0	3	0.9980424770440915	3.677045433758084	138.0	32	1.05	0.95				
	303	1	116.05188233684211	23.855109147017544	0.0	0.0	3	1.0219248058429249	8.930904270312443	138.0	31	1.05	0.95				
	304	1	47.71021829403509	9.670990194736842	0.0	0.0	3	1.0021247234780208	5.910079626814293	138.0	31	1.05	0.95				
	305	1	45.776020255087715	9.026257515087721	0.0	0.0	3	1.0144330401512431	5.478029085852817	138.0	31	1.05	0.95				
	306	1	87.68364443228072	18.052515030175442	0.0	-100.0	3	1.0311762002532026	5.7195555851469	138.0	32	1.05	0.95				
	307	2	80.59158495614037	16.11831699122807	0.0	0.0	3	0.9934214967109436	1.5982450106377992	138.0	32	1.05	0.95				
	308	1	110.24928822	22.565643787719296	0.0	0.0	3	1.00101687099803	4.532554723906754	138.0	32	1.05	0.95				
	309	1	112.82821893859649	23.21037646736842	0.0	0.0	3	1.0288246292077539	10.346958465061359	138.0	33	1.05	0.95				
	310	1	125.72287253157894	25.789307185964915	0.0	0.0	3	1.05	9.248702663189983	138.0	33	1.05	0.95				
	311	1	0.0	0.0	0.0	0.0	3	1.0175258797201574	15.737162548064472	230.0	33	1.05	0.95				
	312	1	0.0	0.0	0.0	0.0	3	1.0220164973462764	16.749488342729908	230.0	33	1.05	0.95				
	313	2	170.85416010701755	34.81556470105264	0.0	0.0	3	1.0366986524969353	22.596750831653843	230.0	34	1.05	0.95				
	314	2	125.07813985192983	25.14457450631579	0.0	0.0	3	1.0202924487744471	15.577241302157002	230.0	36	1.05	0.95				
	315	2	204.38025944877194	41.26289149754386	0.0	0.0	3	1.038602321134353	12.314526902266728	230.0	36	1.05	0.95				
	316	2	64.47326796491228	12.894653592982458	0.0	0.0	3	1.0392223251096524	13.531589753650232	230.0	36	1.05	0.95				
	317	1	0.0	0.0	0.0	0.0	3	1.0477540425605292	14.849251631685014	230.0	37	1.05	0.95				
	318	2	214.69598232315792	43.84182221614036	0.0	0.0	3	1.044094224132349	12.300270408282282	230.0	37	1.05	0.95				
	319	1	116.69661501649125	23.855109147017544	0.0	0.0	3	1.0373911965034954	15.270362226218703	230.0	35	1.05	0.95				
	320	1	82.52578299508772	16.763049670877194	0.0	0.0	3	1.0380914277348725	16.506433704781536	230.0	35	1.05	0.95				
	321	2	0.0	0.0	0.0	0.0	3	1.0433350376190034	12.936077100418803	230.0	37	1.05	0.95				
	322	2	0.0	0.0	0.0	0.0	3	1.05	18.021920717938077	230.0	37	1.05	0.95				
	323	2	0.0	0.0	0.0	0.0	3	1.0380931707237575	16.791242454359477	230.0	35	1.05	0.95				
	324	1	0.0	0.0	0.0	0.0	3	1.028795753657861	12.997089493070806	230.0	36	1.05	0.95				
	325	1	0.0	0.0	0.0	0.0	3	1.040453623204816	16.45011516896704	230.0	35	1.05	0.95				
];
