%% MATPOWER Case Format : Version 2
function mpc = RTS_GMLC
mpc.version = '2';

%%-----  Power Flow Data  -----%%
%% system MVA base
mpc.baseMVA = 100.0;
%% bus data
%    bus_i    type    Pd    Qd    Gs    Bs    area    Vm    Va    baseKV    zone    Vmax    Vmin
mpc.bus = [
	101	2	40.84067292631579	8.319396336842106	0.0	0.0	1	1.035418200671541	3.623945702721121	138.0	11	1.05	0.95				
	102	2	36.68097475789474	7.5630875789473695	0.0	0.0	1	1.035031564910134	3.4998489124622525	138.0	12	1.05	0.95				
	103	1	68.06778821052632	13.991712021052633	0.0	0.0	1	1.0301009146676134	0.6535584174174504	138.0	11	1.05	0.95				
	104	1	27.983424042105266	5.672315684210526	0.0	0.0	1	1.0229899291137041	-0.05553107075490037	138.0	11	1.05	0.95				
	105	1	26.84896090526316	5.294161305263159	0.0	0.0	1	1.0372836879303269	0.26370942144251064	138.0	11	1.05	0.95				
	106	1	51.4289955368421	10.588322610526317	0.0	-100.0	1	1.0470552562717101	-2.0169595986181403	138.0	12	1.05	0.95				
	107	2	47.26929736842106	9.45385947368421	0.0	0.0	1	1.000320951239492	-7.4476508208388035	138.0	12	1.05	0.95				
	108	1	64.6643988	13.235403263157894	0.0	0.0	1	1.0060360622263742	-6.186923144128068	138.0	12	1.05	0.95				
	109	1	66.17701631578947	13.613557642105262	0.0	0.0	1	1.024925204059744	-1.439389506760279	138.0	13	1.05	0.95				
	110	1	73.74010389473685	15.126175157894739	0.0	0.0	1	1.05	-1.958540055082154	138.0	13	1.05	0.95				
	111	1	0.0	0.0	0.0	0.0	1	1.0023509892840488	-0.1260321604672514	230.0	13	1.05	0.95				
	112	1	0.0	0.0	0.0	0.0	1	1.0073384573275521	0.3242657330235807	230.0	13	1.05	0.95				
	113	3	100.21091042105263	20.420336463157895	0.0	0.0	1	0.9919462825749231	-5.7824164666963025e-28	230.0	14	1.05	0.95				
	114	2	73.36194951578948	14.748020778947367	0.0	0.0	1	0.9984915573105423	1.4676357178239903	230.0	16	1.05	0.95				
	115	2	119.87493812631578	24.20188025263158	0.0	0.0	1	1.0376889112026395	6.145040433079617	230.0	16	1.05	0.95				
	116	2	37.81543789473684	7.5630875789473695	0.0	0.0	1	1.0322906682799786	5.877208258754111	230.0	16	1.05	0.95				
	117	1	0.0	0.0	0.0	0.0	1	1.041775709295599	7.287968468084288	230.0	17	1.05	0.95				
	118	2	125.92540818947369	25.71449776842105	0.0	0.0	1	1.044980168320426	7.122900392517066	230.0	17	1.05	0.95				
	119	1	68.44594258947369	13.991712021052633	0.0	0.0	1	1.025767296829801	5.242960310572291	230.0	15	1.05	0.95				
	120	1	48.40376050526316	9.83201385263158	0.0	0.0	1	1.0224030166542952	5.429038591374636	230.0	15	1.05	0.95				
	121	2	0.0	0.0	0.0	0.0	1	1.05	7.830077169999396	230.0	17	1.05	0.95				
	122	2	0.0	0.0	0.0	0.0	1	1.05	14.218693907081729	230.0	17	1.05	0.95				
	123	2	0.0	0.0	0.0	0.0	1	1.020915540898599	5.828451118330792	230.0	15	1.05	0.95				
	124	1	0.0	0.0	0.0	0.0	1	1.0270642819623774	4.090755534816339	230.0	16	1.05	0.95				
	201	2	45.88257516631579	9.346450496842104	0.0	0.0	2	1.026546113556101	-7.134044110954952	138.0	21	1.05	0.95				
	202	2	41.209349917894734	8.496773178947368	0.0	0.0	2	1.027358562990464	-6.990520492011107	138.0	22	1.05	0.95				
	203	1	76.47095861052631	15.71903038105263	0.0	0.0	2	1.0181199499241964	-6.633076580731383	138.0	21	1.05	0.95				
	204	1	31.43806076210526	6.372579884210526	0.0	0.0	2	1.0182326472468446	-8.97867816171671	138.0	21	1.05	0.95				
	205	1	30.163544785263152	5.947741225263158	0.0	0.0	2	1.032994651328105	-9.191436922289496	138.0	21	1.05	0.95				
	206	1	57.778057616842105	11.895482450526316	0.0	-100.0	2	1.0447105108677428	-10.73007716302826	138.0	22	1.05	0.95				
	207	2	53.10483236842105	10.62096647368421	0.0	0.0	2	0.9901010515443778	-16.988622528304283	138.0	22	1.05	0.95				
	208	1	72.64741068	14.869353063157892	0.0	0.0	2	0.9973061421607557	-15.079526569713193	138.0	22	1.05	0.95				
	209	1	74.34676531578947	15.29419172210526	0.0	0.0	2	1.0228369374639765	-8.861854608426139	138.0	23	1.05	0.95				
	210	1	82.84353849473683	16.993546357894736	0.0	0.0	2	1.05	-9.915303634035856	138.0	23	1.05	0.95				
	211	1	0.0	0.0	0.0	0.0	2	1.0049577192068953	-6.327808907353343	230.0	23	1.05	0.95				
	212	1	0.0	0.0	0.0	0.0	2	1.0095436027904114	-5.937225019407724	230.0	23	1.05	0.95				
	213	2	112.58224462105262	22.941287583157894	0.0	0.0	2	0.9987048895019084	-5.600295783174327	230.0	24	1.05	0.95				
	214	2	82.41869983578947	16.568707698947367	0.0	0.0	2	1.0054267547956792	-3.7880043824865046	230.0	26	1.05	0.95				
	215	2	134.67385488631578	27.189674172631577	0.0	0.0	2	1.0257320793135987	2.630129869748004	230.0	26	1.05	0.95				
	216	2	42.48386589473684	8.496773178947368	0.0	0.0	2	1.0275798281289685	2.340397511991586	230.0	26	1.05	0.95				
	217	1	0.0	0.0	0.0	0.0	2	1.0327719541734905	5.0828537459569025	230.0	27	1.05	0.95				
	218	2	141.47127342947368	28.889028808421052	0.0	0.0	2	1.034362825984447	5.536838989238413	230.0	27	1.05	0.95				
	219	1	76.89579726947368	15.71903038105263	0.0	0.0	2	1.0280874581505641	1.2599882750076712	230.0	25	1.05	0.95				
	220	1	54.37934834526315	11.045805132631578	0.0	0.0	2	1.0314966543187503	1.1499871211216517	230.0	25	1.05	0.95				
	221	2	0.0	0.0	0.0	0.0	2	1.0344684164056963	5.32977124218924	230.0	27	1.05	0.95				
	222	2	0.0	0.0	0.0	0.0	2	1.05	11.729218714875165	230.0	27	1.05	0.95				
	223	2	0.0	0.0	0.0	0.0	2	1.0338790783272445	1.4121131231851038	230.0	25	1.05	0.95				
	224	1	0.0	0.0	0.0	0.0	2	1.0114237636762566	-0.8476372235116416	230.0	26	1.05	0.95				
	301	2	60.577032581052634	12.339765896140351	0.0	0.0	3	1.0113241104016222	-26.41659886939843	138.0	31	1.05	0.95				
	302	2	54.40714963298245	11.217968996491228	0.0	0.0	3	1.0103153213888194	-26.63640444954668	138.0	32	1.05	0.95				
	303	1	100.96172096842105	20.75324264350877	0.0	0.0	3	1.0403815452565053	-15.973388367744198	138.0	31	1.05	0.95				
	304	1	41.50648528701754	8.41347674736842	0.0	0.0	3	1.010394153415693	-24.589676340305505	138.0	31	1.05	0.95				
	305	1	39.82378993754386	7.852578297543861	0.0	0.0	3	1.0234027354751245	-26.44948334752429	138.0	31	1.05	0.95				
	306	1	76.28218917614036	15.705156595087722	0.0	-100.0	3	1.037154562664934	-27.09206195153624	138.0	32	1.05	0.95				
	307	2	70.11230622807018	14.022461245614034	0.0	0.0	3	0.9919535886364853	-32.98686214085002	138.0	32	1.05	0.95				
	308	1	95.91363491999999	19.631445743859647	0.0	0.0	3	0.9936938537720421	-30.339152004123445	138.0	32	1.05	0.95				
	309	1	98.15722871929825	20.192344193684207	0.0	0.0	3	1.0299151758921694	-20.644126025844063	138.0	33	1.05	0.95				
	310	1	109.37519771578947	22.435937992982456	0.0	0.0	3	1.05	-24.68117322975885	138.0	33	1.05	0.95				
	311	1	0.0	0.0	0.0	0.0	3	1.015851969255881	-18.18623312611671	230.0	33	1.05	0.95				
	312	1	0.0	0.0	0.0	0.0	3	1.0177472234319793	-17.48296707661939	230.0	33	1.05	0.95				
	313	2	148.63808920350877	30.288516290526317	0.0	0.0	3	1.0194645372621811	-14.881472113480253	230.0	34	1.05	0.95				
	314	2	108.8142992659649	21.875039543157897	0.0	0.0	3	1.0209246650630595	-16.559562152521707	230.0	36	1.05	0.95				
	315	2	177.80480859438597	35.89750078877193	0.0	0.0	3	1.042319211179505	-11.354741239459441	230.0	36	1.05	0.95				
	316	2	56.089844982456135	11.217968996491228	0.0	0.0	3	1.0418758002609765	-10.878584355571505	230.0	36	1.05	0.95				
	317	1	0.0	0.0	0.0	0.0	3	1.0447641549563973	-9.0064829882413	230.0	37	1.05	0.95				
	318	2	186.77918379157893	38.14109458807018	0.0	0.0	3	1.04350525308706	-8.95528563572513	230.0	37	1.05	0.95				
	319	1	101.52261941824561	20.75324264350877	0.0	0.0	3	1.0386726999630973	-11.731893209388733	230.0	35	1.05	0.95				
	320	1	71.79500157754386	14.583359695438597	0.0	0.0	3	1.0402847100510997	-11.410741508234644	230.0	35	1.05	0.95				
	321	2	0.0	0.0	0.0	0.0	3	1.0450920523712337	-8.884018817987513	230.0	37	1.05	0.95				
	322	2	0.0	0.0	0.0	0.0	3	1.05	-4.6000906324906214	230.0	37	1.05	0.95				
	323	2	0.0	0.0	0.0	0.0	3	1.0423742099137667	-10.818238284530587	230.0	35	1.05	0.95				
	324	1	0.0	0.0	0.0	0.0	3	1.0345273382741744	-13.093191431713102	230.0	36	1.05	0.95				
	325	1	0.0	0.0	0.0	0.0	3	1.0364436922666027	-9.28624532143429	230.0	35	1.05	0.95				
];
