%% MATPOWER Case Format : Version 2
function mpc = RTS_GMLC
mpc.version = '2';

%%-----  Power Flow Data  -----%%
%% system MVA base
mpc.baseMVA = 100.0;
%% bus data
%    bus_i    type    Pd    Qd    Gs    Bs    area    Vm    Va    baseKV    zone    Vmax    Vmin
mpc.bus = [
	101	2	37.04651162905264	7.546511628140353	0.0	0.0	1	0.9937460762770102	-3.7774789791405285	138.0	11	1.05	0.95				
	102	2	33.27325581498246	6.86046511649123	0.0	0.0	1	0.9931810848059193	-4.0738777560480095	138.0	12	1.05	0.95				
	103	1	61.74418604842106	12.691860465508773	0.0	0.0	1	1.020945711548965	2.2537871500555626	138.0	11	1.05	0.95				
	104	1	25.383720931017546	5.145348837368421	0.0	0.0	1	1.005131920163399	-3.9206660499694443	138.0	11	1.05	0.95				
	105	1	24.35465116354386	4.802325581543861	0.0	0.0	1	1.017625310828807	-4.5836642254838855	138.0	11	1.05	0.95				
	106	1	46.65116279214036	9.604651163087722	0.0	-100.0	1	1.0392014185816674	-5.485964630764724	138.0	12	1.05	0.95				
	107	2	42.87790697807018	8.575581395614035	0.0	0.0	1	0.983029135205928	-11.095516680572935	138.0	12	1.05	0.95				
	108	1	58.65697674600001	12.005813953859649	0.0	0.0	1	0.9957692873108253	-8.833649903835422	138.0	12	1.05	0.95				
	109	1	60.029069769298246	12.348837209684211	0.0	0.0	1	1.0242023275559353	-2.3596823880886104	138.0	13	1.05	0.95				
	110	1	66.88953488578949	13.72093023298246	0.0	0.0	1	1.05	-4.257246844420541	138.0	13	1.05	0.95				
	111	1	0.0	0.0	0.0	0.0	1	1.0165780771080208	0.6475749361851246	230.0	13	1.05	0.95				
	112	1	0.0	0.0	0.0	0.0	1	1.012977516130122	-0.8548848850484115	230.0	13	1.05	0.95				
	113	3	90.90116279350879	18.52325581452632	0.0	0.0	1	0.9949799809109685	-4.639825204272726e-33	230.0	14	1.05	0.95				
	114	2	66.54651162996493	13.377906977157897	0.0	0.0	1	1.0459773675392907	5.058135033623085	230.0	16	1.05	0.95				
	115	2	108.73837209638597	21.953488372771936	0.0	0.0	1	1.0387428944107244	15.767282675851149	230.0	16	1.05	0.95				
	116	2	34.30232558245614	6.86046511649123	0.0	0.0	1	1.039268563930431	13.568025872264384	230.0	16	1.05	0.95				
	117	1	0.0	0.0	0.0	0.0	1	1.0381013158274806	20.22647411896932	230.0	17	1.05	0.95				
	118	2	114.22674418957897	23.32558139607018	0.0	0.0	1	1.0477922176259178	21.10329651751036	230.0	17	1.05	0.95				
	119	1	62.087209304245626	12.691860465508773	0.0	0.0	1	1.0367009143200356	8.572893295917453	230.0	15	1.05	0.95				
	120	1	43.90697674554387	8.918604651438597	0.0	0.0	1	1.0421719284719777	4.904748018850681	230.0	15	1.05	0.95				
	121	2	0.0	0.0	0.0	0.0	1	1.0418991398669364	22.810237196749632	230.0	17	1.05	0.95				
	122	2	0.0	0.0	0.0	0.0	1	1.05	40.78275943433719	230.0	17	1.05	0.95				
	123	2	0.0	0.0	0.0	0.0	1	1.046526604212521	3.159688467246964	230.0	15	1.05	0.95				
	124	1	0.0	0.0	0.0	0.0	1	1.0149644355591376	10.736024131153364	230.0	16	1.05	0.95				
	201	2	42.87360300631579	8.733511723508771	0.0	0.0	2	1.009386973188398	-18.375562887040786	138.0	21	1.05	0.95				
	202	2	38.5068471445614	7.939556112280702	0.0	0.0	2	1.008573252674119	-18.6866930200482	138.0	22	1.05	0.95				
	203	1	71.45600501052631	14.688178807719297	0.0	0.0	2	1.0111139237623883	-13.589756512476466	138.0	21	1.05	0.95				
	204	1	29.376357615438593	5.954667084210525	0.0	0.0	2	1.0097642408034384	-18.380101548910083	138.0	21	1.05	0.95				
	205	1	28.185424198596486	5.5576892785964915	0.0	0.0	2	1.0248690129127758	-18.88667477272263	138.0	21	1.05	0.95				
	206	1	53.98898156350877	11.115378557192983	0.0	-100.0	2	1.0414870784387718	-19.67859166781668	138.0	22	1.05	0.95				
	207	2	49.62222570175439	9.924445140350876	0.0	0.0	2	0.9920706175770682	-24.368101623142447	138.0	22	1.05	0.95				
	208	1	67.88320476	13.894223196491225	0.0	0.0	2	0.9993810240517468	-22.600996456953666	138.0	22	1.05	0.95				
	209	1	69.47111598245613	14.291201002105261	0.0	0.0	2	1.0220460851863902	-16.47772987999025	138.0	23	1.05	0.95				
	210	1	77.41067209473684	15.879112224561403	0.0	0.0	2	1.05	-18.11495901520377	138.0	23	1.05	0.95				
	211	1	0.0	0.0	0.0	0.0	2	1.007604883880424	-13.636208154675781	230.0	23	1.05	0.95				
	212	1	0.0	0.0	0.0	0.0	2	1.0109556053927702	-13.054605979474324	230.0	23	1.05	0.95				
	213	2	105.19911848771928	21.436801503157895	0.0	0.0	2	1.0042728165590649	-12.455535027285963	230.0	24	1.05	0.95				
	214	2	77.0136942891228	15.482134418947368	0.0	0.0	2	1.0105590854379545	-10.920903550934291	230.0	26	1.05	0.95				
	215	2	125.84196437964911	25.406579559298244	0.0	0.0	2	1.027537800134544	-3.812807407957872	230.0	26	1.05	0.95				
	216	2	39.697780561403505	7.939556112280702	0.0	0.0	2	1.030509642949288	-4.716246058798921	230.0	26	1.05	0.95				
	217	1	0.0	0.0	0.0	0.0	2	1.0363912221986016	-2.20343070518279	230.0	27	1.05	0.95				
	218	2	132.19360926947368	26.994490781754386	0.0	0.0	2	1.0351921364850898	-2.727339972015991	230.0	27	1.05	0.95				
	219	1	71.85298281614035	14.688178807719297	0.0	0.0	2	1.032643349189887	-5.256729247861425	230.0	25	1.05	0.95				
	220	1	50.81315911859649	10.321422945964912	0.0	0.0	2	1.0369606628199177	-4.958284783495811	230.0	25	1.05	0.95				
	221	2	0.0	0.0	0.0	0.0	2	1.0352160676021405	-2.288327349082671	230.0	27	1.05	0.95				
	222	2	0.0	0.0	0.0	0.0	2	1.05	4.243426683372291	230.0	27	1.05	0.95				
	223	2	0.0	0.0	0.0	0.0	2	1.0397715431723356	-4.496648758305352	230.0	25	1.05	0.95				
	224	1	0.0	0.0	0.0	0.0	2	1.0093188621574565	-7.45128836150476	230.0	26	1.05	0.95				
	301	2	45.21923442947368	9.211325531929825	0.0	0.0	3	1.0145897493117826	13.207896089318433	138.0	31	1.05	0.95				
	302	2	40.61357166350877	8.373932301754387	0.0	0.0	3	1.0129248899241359	12.8494130022752	138.0	32	1.05	0.95				
	303	1	75.36539071578947	15.491774758245613	0.0	0.0	3	1.05	28.16866706723684	138.0	31	1.05	0.95				
	304	1	30.983549516491227	6.280449226315789	0.0	0.0	3	1.007383833866258	14.133120514348962	138.0	31	1.05	0.95				
	305	1	29.72745967122807	5.86175261122807	0.0	0.0	3	1.0233948448305346	11.565053263069538	138.0	31	1.05	0.95				
	306	1	56.94273965192983	11.72350522245614	0.0	-100.0	3	1.0358142219345623	10.131252896626913	138.0	32	1.05	0.95				
	307	2	52.337076885964905	10.467415377192982	0.0	0.0	3	0.95	6.714777195483126	138.0	32	1.05	0.95				
	308	1	71.59712117999999	14.654381528070173	0.0	0.0	3	0.9706120220659561	8.523679381674713	138.0	32	1.05	0.95				
	309	1	73.27190764035088	15.073078143157892	0.0	0.0	3	1.0158088759342299	16.939080398687533	138.0	33	1.05	0.95				
	310	1	81.64583994210525	16.747864603508773	0.0	0.0	3	1.0424954819654715	11.27061052119475	138.0	33	1.05	0.95				
	311	1	0.0	0.0	0.0	0.0	3	1.0046798778826511	14.881485259960831	230.0	33	1.05	0.95				
	312	1	0.0	0.0	0.0	0.0	3	1.00891811501839	14.996062451742787	230.0	33	1.05	0.95				
	313	2	110.9546029982456	22.60961721473684	0.0	0.0	3	1.0028385856716633	14.959595605027658	230.0	34	1.05	0.95				
	314	2	81.22714332701754	16.32916798842105	0.0	0.0	3	1.0031826488850177	15.682164268795406	230.0	36	1.05	0.95				
	315	2	132.726826982807	26.796583365614033	0.0	0.0	3	1.05	19.66746144475189	230.0	36	1.05	0.95				
	316	2	41.86966150877193	8.373932301754387	0.0	0.0	3	1.040584600821392	19.23415142421643	230.0	36	1.05	0.95				
	317	1	0.0	0.0	0.0	0.0	3	1.05	23.728234183556353	230.0	37	1.05	0.95				
	318	2	139.42597282421053	28.471369825964914	0.0	0.0	3	1.0429763180666105	20.06069077350615	230.0	37	1.05	0.95				
	319	1	75.7840873308772	15.491774758245613	0.0	0.0	3	1.0293218724208053	17.743671207490532	230.0	35	1.05	0.95				
	320	1	53.59316673122807	10.886111992280702	0.0	0.0	3	1.0226435346642089	17.242504623328895	230.0	35	1.05	0.95				
	321	2	0.0	0.0	0.0	0.0	3	1.0472101828310156	20.605665999786737	230.0	37	1.05	0.95				
	322	2	0.0	0.0	0.0	0.0	3	1.05	26.176055897743908	230.0	37	1.05	0.95				
	323	2	0.0	0.0	0.0	0.0	3	1.0194379018743684	17.292244320086454	230.0	35	1.05	0.95				
	324	1	0.0	0.0	0.0	0.0	3	1.0471884421197264	22.917691889404292	230.0	36	1.05	0.95				
	325	1	0.0	0.0	0.0	0.0	3	1.020855644389171	17.772934174130523	230.0	35	1.05	0.95				
];
