%% MATPOWER Case Format : Version 2
function mpc = RTS_GMLC
mpc.version = '2';

%%-----  Power Flow Data  -----%%
%% system MVA base
mpc.baseMVA = 100.0;
%% bus data
%    bus_i    type    Pd    Qd    Gs    Bs    area    Vm    Va    baseKV    zone    Vmax    Vmin
mpc.bus = [
	101	2	43.59277584	8.880009893333334	0.0	0.0	1	1.0350808176678032	2.9120231088542345	138.0	11	1.05	0.95				
	102	2	39.15277089333333	8.072736266666668	0.0	0.0	1	1.0328044257830487	2.295448551218019	138.0	12	1.05	0.95				
	103	1	72.6546264	14.934562093333334	0.0	0.0	1	1.0350480488835039	2.1048257140634905	138.0	11	1.05	0.95				
	104	1	29.869124186666667	6.0545522	0.0	0.0	1	1.0252976373154536	-0.20935091653308813	138.0	11	1.05	0.95				
	105	1	28.658213746666668	5.650915386666668	0.0	0.0	1	1.0365799809452296	-0.6822091729022947	138.0	11	1.05	0.95				
	106	1	54.89460661333334	11.301830773333336	0.0	-100.0	1	1.0458229635835756	-3.2287172394946393	138.0	12	1.05	0.95				
	107	2	50.45460166666666	10.090920333333333	0.0	0.0	1	0.9994360474122896	-10.791359694348557	138.0	12	1.05	0.95				
	108	1	69.02189508	14.127288466666666	0.0	0.0	1	1.0034510000442771	-8.501551304161291	138.0	12	1.05	0.95				
	109	1	70.63644233333333	14.530925280000002	0.0	0.0	1	1.0252585887479069	-1.8815647762208976	138.0	13	1.05	0.95				
	110	1	78.7091786	16.145472533333336	0.0	0.0	1	1.05	-3.061699029436659	138.0	13	1.05	0.95				
	111	1	0.0	0.0	0.0	0.0	1	1.0040144673676674	-0.2699718609433072	230.0	13	1.05	0.95				
	112	1	0.0	0.0	0.0	0.0	1	1.0094027255154145	-0.8712173068135001	230.0	13	1.05	0.95				
	113	3	106.96375553333333	21.79638792	0.0	0.0	1	0.9968917445857742	5.734778417548052e-28	230.0	14	1.05	0.95				
	114	2	78.30554178666667	15.74183572	0.0	0.0	1	1.0005761793441987	1.8287606100729197	230.0	16	1.05	0.95				
	115	2	127.95286982666667	25.832756053333334	0.0	0.0	1	1.0400337329225087	8.489049358580802	230.0	16	1.05	0.95				
	116	2	40.36368133333333	8.072736266666668	0.0	0.0	1	1.0354072371211698	7.0796627707205735	230.0	16	1.05	0.95				
	117	1	0.0	0.0	0.0	0.0	1	1.0428570031850009	10.932786929598258	230.0	17	1.05	0.95				
	118	2	134.41105884	27.44730330666667	0.0	0.0	1	1.0474179381734958	11.882583180347929	230.0	17	1.05	0.95				
	119	1	73.05826321333335	14.934562093333334	0.0	0.0	1	1.0243616419463148	4.277394076387566	230.0	15	1.05	0.95				
	120	1	51.66551210666667	10.494557146666669	0.0	0.0	1	1.0182935151402506	2.158600077195152	230.0	15	1.05	0.95				
	121	2	0.0	0.0	0.0	0.0	1	1.0499998745572683	13.317168798794494	230.0	17	1.05	0.95				
	122	2	0.0	0.0	0.0	0.0	1	1.05	19.2973254706768	230.0	17	1.05	0.95				
	123	2	0.0	0.0	0.0	0.0	1	1.015667583444098	1.3009798083918334	230.0	15	1.05	0.95				
	124	1	0.0	0.0	0.0	0.0	1	1.0295620878848653	6.089842352086812	230.0	16	1.05	0.95				
	201	2	49.84353848842106	10.153313395789475	0.0	0.0	2	1.015290179914293	-16.569492466140993	138.0	21	1.05	0.95				
	202	2	44.76688179052632	9.230284905263158	0.0	0.0	2	1.014458237187682	-16.8546952203996	138.0	22	1.05	0.95				
	203	1	83.07256414736844	17.076027074736842	0.0	0.0	2	1.013474835516374	-12.190173617657937	138.0	21	1.05	0.95				
	204	1	34.152054149473685	6.922713678947369	0.0	0.0	2	1.0115890237191052	-16.15480808540832	138.0	21	1.05	0.95				
	205	1	32.76751141368421	6.461199433684212	0.0	0.0	2	1.0269038309591447	-16.647305955413017	138.0	21	1.05	0.95				
	206	1	62.76593735578948	12.922398867368424	0.0	-100.0	2	1.0410974176667984	-17.25123880738952	138.0	22	1.05	0.95				
	207	2	57.689280657894734	11.537856131578948	0.0	0.0	2	0.9972073832794995	-22.855566694642572	138.0	22	1.05	0.95				
	208	1	78.91893594	16.152998584210525	0.0	0.0	2	0.9999302358043233	-20.724436650104654	138.0	22	1.05	0.95				
	209	1	80.76499292105264	16.614512829473686	0.0	0.0	2	1.0232281135576407	-13.675878515468128	138.0	23	1.05	0.95				
	210	1	89.99527782631579	18.460569810526316	0.0	0.0	2	1.05	-15.24310160835206	138.0	23	1.05	0.95				
	211	1	0.0	0.0	0.0	0.0	2	1.0070702460848053	-11.213165814296667	230.0	23	1.05	0.95				
	212	1	0.0	0.0	0.0	0.0	2	1.0116104348397996	-7.475810434072939	230.0	23	1.05	0.95				
	213	2	122.30127499473684	24.92176924421053	0.0	0.0	2	1.0023744418839444	-9.617259268244439	230.0	24	1.05	0.95				
	214	2	89.53376358105264	17.999055565263163	0.0	0.0	2	1.0086039721861906	-9.258344682018102	230.0	26	1.05	0.95				
	215	2	146.30001574842106	29.53691169684211	0.0	0.0	2	1.0223647040507446	-2.595533863774025	230.0	26	1.05	0.95				
	216	2	46.15142452631579	9.230284905263158	0.0	0.0	2	1.0219945634974983	-3.625596330163417	230.0	26	1.05	0.95				
	217	1	0.0	0.0	0.0	0.0	2	1.0263474845994862	-1.7579553481059929	230.0	27	1.05	0.95				
	218	2	153.6842436726316	31.38296867789474	0.0	0.0	2	1.0260441507617442	-2.2068421360963972	230.0	27	1.05	0.95				
	219	1	83.53407839263159	17.076027074736842	0.0	0.0	2	1.0178102718678237	-5.0484015500440895	230.0	25	1.05	0.95				
	220	1	59.07382339368422	11.999370376842107	0.0	0.0	2	1.0178015059286345	-5.374923092902461	230.0	25	1.05	0.95				
	221	2	0.0	0.0	0.0	0.0	2	1.0283505051698838	-1.536972307033159	230.0	27	1.05	0.95				
	222	2	0.0	0.0	0.0	0.0	2	1.0499959644556325	4.86626112695645	230.0	27	1.05	0.95				
	223	2	0.0	0.0	0.0	0.0	2	1.0184983383739918	-5.1943509970927275	230.0	25	1.05	0.95				
	224	1	0.0	0.0	0.0	0.0	2	1.0072369599414894	-6.193408424334529	230.0	26	1.05	0.95				
	301	2	61.34577665684211	12.496361911578948	0.0	0.0	3	0.9908603537776336	2.9245657202729793	138.0	31	1.05	0.95				
	302	2	55.097595701052626	11.360329010526316	0.0	0.0	3	0.9906254625746042	2.9144003940263303	138.0	32	1.05	0.95				
	303	1	102.24296109473686	21.016608669473683	0.0	0.0	3	1.0133458561969637	4.846305771818563	138.0	31	1.05	0.95				
	304	1	42.03321733894737	8.520246757894737	0.0	0.0	3	0.999569641463149	4.844659550515374	138.0	31	1.05	0.95				
	305	1	40.32916798736842	7.9522303073684215	0.0	0.0	3	1.011492582257231	4.987090262469147	138.0	31	1.05	0.95				
	306	1	77.25023727157895	15.904460614736843	0.0	-100.0	3	1.0315650405201742	5.485055649784409	138.0	32	1.05	0.95				
	307	2	71.00205631578947	14.200411263157894	0.0	0.0	3	0.9862970390535732	1.7712045100628109	138.0	32	1.05	0.95				
	308	1	97.13081303999999	19.880575768421053	0.0	0.0	3	0.9985928616216535	4.294462219435621	138.0	32	1.05	0.95				
	309	1	99.40287884210525	20.44859221894737	0.0	0.0	3	1.0267055161300884	8.731312311741473	138.0	33	1.05	0.95				
	310	1	110.76320785263158	22.720658021052632	0.0	0.0	3	1.05	8.848747051834819	138.0	33	1.05	0.95				
	311	1	0.0	0.0	0.0	0.0	3	1.0163145708943153	14.481973161853567	230.0	33	1.05	0.95				
	312	1	0.0	0.0	0.0	0.0	3	1.0221627592712637	16.12418127486979	230.0	33	1.05	0.95				
	313	2	150.5243593894737	30.672888328421056	0.0	0.0	3	1.0412913565004682	23.16600317827853	230.0	34	1.05	0.95				
	314	2	110.19519140210525	22.152641570526317	0.0	0.0	3	1.017645380182638	12.417711192907294	230.0	36	1.05	0.95				
	315	2	180.0612148168421	36.35305283368421	0.0	0.0	3	1.0348916036407225	5.9262520157125005	230.0	36	1.05	0.95				
	316	2	56.80164505263158	11.360329010526316	0.0	0.0	3	1.0370929712286174	7.406260008446067	230.0	36	1.05	0.95				
	317	1	0.0	0.0	0.0	0.0	3	1.0392771034413388	5.701318053000523	230.0	37	1.05	0.95				
	318	2	189.14947802526316	38.62511863578948	0.0	0.0	3	1.0372012812408415	4.2406802948686595	230.0	37	1.05	0.95				
	319	1	102.81097754526316	21.016608669473683	0.0	0.0	3	1.0365282368941322	11.02679221718538	230.0	35	1.05	0.95				
	320	1	72.70610566736842	14.76842771368421	0.0	0.0	3	1.0392673226052462	13.637108293290353	230.0	35	1.05	0.95				
	321	2	0.0	0.0	0.0	0.0	3	1.0382279536831391	5.377602470104738	230.0	37	1.05	0.95				
	322	2	0.0	0.0	0.0	0.0	3	1.0499999979667216	9.817285295795692	230.0	37	1.05	0.95				
	323	2	0.0	0.0	0.0	0.0	3	1.040993932701636	14.691098834903395	230.0	35	1.05	0.95				
	324	1	0.0	0.0	0.0	0.0	3	1.024865872148093	7.653130655497373	230.0	36	1.05	0.95				
	325	1	0.0	0.0	0.0	0.0	3	1.0428372812355227	14.579088483594335	230.0	35	1.05	0.95				
];
