%% MATPOWER Case Format : Version 2
function mpc = RTS_GMLC
mpc.version = '2';

%%-----  Power Flow Data  -----%%
%% system MVA base
mpc.baseMVA = 100.0;
%% bus data
%    bus_i    type    Pd    Qd    Gs    Bs    area    Vm    Va    baseKV    zone    Vmax    Vmin
mpc.bus = [
	101	2	36.51212271031579	7.437654626175439	0.0	0.0	1	1.0000465443644881	-2.2884690163454944	138.0	11	1.05	0.95				
	102	2	32.793295397228064	6.7615042056140355	0.0	0.0	1	0.9989810725989876	-2.689281486159177	138.0	12	1.05	0.95				
	103	1	60.853537850526315	12.508782780385966	0.0	0.0	1	1.0235008959122822	2.694412432500599	138.0	11	1.05	0.95				
	104	1	25.01756556077193	5.071128154210526	0.0	0.0	1	1.007876995723569	-3.0849736058234725	138.0	11	1.05	0.95				
	105	1	24.003339929929822	4.733052943929825	0.0	0.0	1	1.020856204893724	-3.572776006322718	138.0	11	1.05	0.95				
	106	1	45.97822859817544	9.46610588785965	0.0	-100.0	1	1.0406498355873726	-4.749361602486961	138.0	12	1.05	0.95				
	107	2	42.25940128508772	8.451880257017544	0.0	0.0	1	0.9809894102153517	-11.076339499067481	138.0	12	1.05	0.95				
	108	1	57.810860958	11.83263235982456	0.0	0.0	1	0.9944514719875452	-8.610521913916296	138.0	12	1.05	0.95				
	109	1	59.16316179912281	12.170707570105263	0.0	0.0	1	1.024056050890835	-1.9853644028263637	138.0	13	1.05	0.95				
	110	1	65.92466600473685	13.523008411228071	0.0	0.0	1	1.05	-3.741665314115242	138.0	13	1.05	0.95				
	111	1	0.0	0.0	0.0	0.0	1	1.0146020491038488	0.8134887651622164	230.0	13	1.05	0.95				
	112	1	0.0	0.0	0.0	0.0	1	1.0121659759290298	-0.6936804137392771	230.0	13	1.05	0.95				
	113	3	89.58993072438595	18.256061355157897	0.0	0.0	1	0.9914754152845808	-9.210421416081904e-32	230.0	14	1.05	0.95				
	114	2	65.58659079445613	13.184933200947368	0.0	0.0	1	1.0424664639053152	5.113846733180323	230.0	16	1.05	0.95				
	115	2	107.16984165898245	21.636813457964912	0.0	0.0	1	1.0397589377862764	15.567631009621218	230.0	16	1.05	0.95				
	116	2	33.80752102807018	6.7615042056140355	0.0	0.0	1	1.0397677409137838	13.395842498885767	230.0	16	1.05	0.95				
	117	1	0.0	0.0	0.0	0.0	1	1.03873988417505	19.952700215766253	230.0	17	1.05	0.95				
	118	2	112.5790450234737	22.98911429908772	0.0	0.0	1	1.0483615320410469	20.788533542196266	230.0	17	1.05	0.95				
	119	1	61.191613060807015	12.508782780385966	0.0	0.0	1	1.0373826444900012	8.41576691075255	230.0	15	1.05	0.95				
	120	1	43.273626915929825	8.789955467298245	0.0	0.0	1	1.0429282190806415	4.751594253775586	230.0	15	1.05	0.95				
	121	2	0.0	0.0	0.0	0.0	1	1.0423280774928538	22.445916387732968	230.0	17	1.05	0.95				
	122	2	0.0	0.0	0.0	0.0	1	1.05	40.41490750239698	230.0	17	1.05	0.95				
	123	2	0.0	0.0	0.0	0.0	1	1.0472987344745843	3.0049208572376025	230.0	15	1.05	0.95				
	124	1	0.0	0.0	0.0	0.0	1	1.0174505798932976	10.768554352906293	230.0	16	1.05	0.95				
	201	2	43.40059813894738	8.84086258385965	0.0	0.0	2	1.0117490124773119	-19.272471600703327	138.0	21	1.05	0.95				
	202	2	38.98016684701755	8.037147803508773	0.0	0.0	2	1.0109192139606418	-19.58950194917963	138.0	22	1.05	0.95				
	203	1	72.33433023157896	14.86872343649123	0.0	0.0	2	1.0103963887341647	-14.181340047883056	138.0	21	1.05	0.95				
	204	1	29.73744687298246	6.027860852631579	0.0	0.0	2	1.0104064812394618	-19.261569540694722	138.0	21	1.05	0.95				
	205	1	28.531874702456143	5.626003462456142	0.0	0.0	2	1.026010273056304	-19.794959273916255	138.0	21	1.05	0.95				
	206	1	54.65260506385966	11.252006924912283	0.0	-100.0	2	1.0419217960511034	-20.598113363032674	138.0	22	1.05	0.95				
	207	2	50.23217377192984	10.046434754385967	0.0	0.0	2	0.9940886352568093	-25.36596328482275	138.0	22	1.05	0.95				
	208	1	68.71761372	14.065008656140352	0.0	0.0	2	1.0002192506872554	-23.563174571750647	138.0	22	1.05	0.95				
	209	1	70.32504328070176	14.46686604631579	0.0	0.0	2	1.021477977406352	-17.321506508745628	138.0	23	1.05	0.95				
	210	1	78.36219108421054	16.074295607017547	0.0	0.0	2	1.05	-19.021605942219537	138.0	23	1.05	0.95				
	211	1	0.0	0.0	0.0	0.0	2	1.0078987732408213	-14.478554469464799	230.0	23	1.05	0.95				
	212	1	0.0	0.0	0.0	0.0	2	1.0087632883543936	-13.94794076002577	230.0	23	1.05	0.95				
	213	2	106.49220839649122	21.70029906947369	0.0	0.0	2	1.002867681490135	-13.352895230070747	230.0	24	1.05	0.95				
	214	2	77.9603336940351	15.672438216842108	0.0	0.0	2	1.0130512427107097	-11.690893584966357	230.0	26	1.05	0.95				
	215	2	127.38879268561405	25.718872971228073	0.0	0.0	2	1.0273703665583223	-4.3356512229400455	230.0	26	1.05	0.95				
	216	2	40.18573901754387	8.037147803508773	0.0	0.0	2	1.0299683186645843	-5.3208503191994145	230.0	26	1.05	0.95				
	217	1	0.0	0.0	0.0	0.0	2	1.0363677143030467	-2.7102534754284453	230.0	27	1.05	0.95				
	218	2	133.81851092842106	27.32630253192983	0.0	0.0	2	1.035471313009066	-3.249382949864285	230.0	27	1.05	0.95				
	219	1	72.7361876217544	14.86872343649123	0.0	0.0	2	1.0287490704798452	-5.971363114743642	230.0	25	1.05	0.95				
	220	1	51.43774594245615	10.448292144561405	0.0	0.0	2	1.0302553759822948	-5.7550692832610935	230.0	25	1.05	0.95				
	221	2	0.0	0.0	0.0	0.0	2	1.0353379576257506	-2.8100405769127423	230.0	27	1.05	0.95				
	222	2	0.0	0.0	0.0	0.0	2	1.05	3.727631001693518	230.0	27	1.05	0.95				
	223	2	0.0	0.0	0.0	0.0	2	1.0315439814354344	-5.329108837203892	230.0	25	1.05	0.95				
	224	1	0.0	0.0	0.0	0.0	2	1.0088671983080055	-7.997809180853689	230.0	26	1.05	0.95				
	301	2	47.40588420631579	9.65675419017544	0.0	0.0	3	1.0170165165337925	11.20703537218778	138.0	31	1.05	0.95				
	302	2	42.577507111228066	8.778867445614036	0.0	0.0	3	1.0148446824204176	10.85320802974363	138.0	32	1.05	0.95				
	303	1	79.00980701052632	16.240904774385964	0.0	0.0	3	1.05	26.617028904482588	138.0	31	1.05	0.95				
	304	1	32.48180954877193	6.5841505842105255	0.0	0.0	3	1.0074356003223424	12.334891115096793	138.0	31	1.05	0.95				
	305	1	31.164979431929822	6.145207211929825	0.0	0.0	3	1.0240290986198297	9.556121242598254	138.0	31	1.05	0.95				
	306	1	59.696298630175434	12.29041442385965	0.0	-100.0	3	1.03518491325614	8.100599369539307	138.0	32	1.05	0.95				
	307	2	54.86792153508772	10.973584307017543	0.0	0.0	3	0.95	4.513356342388408	138.0	32	1.05	0.95				
	308	1	75.05931666	15.363018029824559	0.0	0.0	3	0.969412990812909	6.446863320317036	138.0	32	1.05	0.95				
	309	1	76.8150901491228	15.801961402105261	0.0	0.0	3	1.0153384538248118	15.389033225059084	138.0	33	1.05	0.95				
	310	1	85.59395759473684	17.557734891228073	0.0	0.0	3	1.0418310695055983	9.313240337820583	138.0	33	1.05	0.95				
	311	1	0.0	0.0	0.0	0.0	3	1.0039826345479526	13.096939832122244	230.0	33	1.05	0.95				
	312	1	0.0	0.0	0.0	0.0	3	1.0078924910560287	13.248198992171819	230.0	33	1.05	0.95				
	313	2	116.31999365438597	23.702942103157895	0.0	0.0	3	1.001366832033592	13.083582572781074	230.0	34	1.05	0.95				
	314	2	85.15501422245613	17.11879151894737	0.0	0.0	3	1.0031576347302085	13.949928777150067	230.0	36	1.05	0.95				
	315	2	139.14504901298247	28.09237582596491	0.0	0.0	3	1.05	18.13462246879117	230.0	36	1.05	0.95				
	316	2	43.89433722807017	8.778867445614036	0.0	0.0	3	1.0423609846387116	17.6926584957292	230.0	36	1.05	0.95				
	317	1	0.0	0.0	0.0	0.0	3	1.05	22.322252579808808	230.0	37	1.05	0.95				
	318	2	146.16814296947368	29.848149315087717	0.0	0.0	3	1.04196202674524	18.65899409572931	230.0	37	1.05	0.95				
	319	1	79.44875038280702	16.240904774385964	0.0	0.0	3	1.02993080642502	16.20326394734706	230.0	35	1.05	0.95				
	320	1	56.18475165192982	11.412527679298245	0.0	0.0	3	1.0224629227744562	15.738810276378818	230.0	35	1.05	0.95				
	321	2	0.0	0.0	0.0	0.0	3	1.0471658044998942	19.156840671449295	230.0	37	1.05	0.95				
	322	2	0.0	0.0	0.0	0.0	3	1.05	24.74401099354861	230.0	37	1.05	0.95				
	323	2	0.0	0.0	0.0	0.0	3	1.0189194192304651	15.824421160799064	230.0	35	1.05	0.95				
	324	1	0.0	0.0	0.0	0.0	3	1.0471915378193155	21.377693231783905	230.0	36	1.05	0.95				
	325	1	0.0	0.0	0.0	0.0	3	1.0200633600848972	16.399129589304437	230.0	35	1.05	0.95				
];
