%% MATPOWER Case Format : Version 2
function mpc = RTS_GMLC
mpc.version = '2';

%%-----  Power Flow Data  -----%%
%% system MVA base
mpc.baseMVA = 100.0;
%% bus data
%    bus_i    type    Pd    Qd    Gs    Bs    area    Vm    Va    baseKV    zone    Vmax    Vmin
mpc.bus = [
	101	2	44.234042551578945	9.010638297543858	0.0	0.0	1	1.024250582467498	-3.6471813388347796	138.0	11	1.05	0.95				
	102	2	39.728723402807006	8.191489361403509	0.0	0.0	1	1.0236754157719572	-3.868002958102751	138.0	12	1.05	0.95				
	103	1	73.72340425263158	15.154255318596487	0.0	0.0	1	1.0254630390884396	-1.0464363499897538	138.0	11	1.05	0.95				
	104	1	30.308510637192974	6.143617021052631	0.0	0.0	1	1.0193047334914371	-4.216380109411395	138.0	11	1.05	0.95				
	105	1	29.07978723298245	5.734042552982456	0.0	0.0	1	1.0308957878070477	-5.2007782245057514	138.0	11	1.05	0.95				
	106	1	55.702127657543855	11.468085105964912	0.0	-100.0	1	1.0425025357811273	-6.545096128966398	138.0	12	1.05	0.95				
	107	2	51.19680850877193	10.239361701754385	0.0	0.0	1	1.000135055000017	-9.566152300664276	138.0	12	1.05	0.95				
	108	1	70.03723403999999	14.335106382456136	0.0	0.0	1	1.0040474573110503	-8.792144316538923	138.0	12	1.05	0.95				
	109	1	71.67553191228069	14.744680850526311	0.0	0.0	1	1.0216633322572553	-3.9139079328562554	138.0	13	1.05	0.95				
	110	1	79.8670212736842	16.382978722807017	0.0	0.0	1	1.047362581664477	-5.456988599971556	138.0	13	1.05	0.95				
	111	1	0.0	0.0	0.0	0.0	1	0.9998811249732805	-1.706865947547145	230.0	13	1.05	0.95				
	112	1	0.0	0.0	0.0	0.0	1	1.0025904701651056	-1.86943811859727	230.0	13	1.05	0.95				
	113	3	108.53723403859648	22.117021275789472	0.0	0.0	1	0.9913214573029238	5.775186635962584e-26	230.0	14	1.05	0.95				
	114	2	79.45744680561401	15.973404254736842	0.0	0.0	1	0.9988299098220781	-0.062253658974407135	230.0	16	1.05	0.95				
	115	2	129.8351063782456	26.212765956491225	0.0	0.0	1	1.0215380885406042	5.700963102103096	230.0	16	1.05	0.95				
	116	2	40.95744680701754	8.191489361403509	0.0	0.0	1	1.0177449003453936	4.779655002744906	230.0	16	1.05	0.95				
	117	1	0.0	0.0	0.0	0.0	1	1.02706172168046	8.106952131166524	230.0	17	1.05	0.95				
	118	2	136.3882978673684	27.851063828771927	0.0	0.0	1	1.0303757493424601	8.805722346019056	230.0	17	1.05	0.95				
	119	1	74.13297872070174	15.154255318596487	0.0	0.0	1	1.011099341586736	2.949313450937287	230.0	15	1.05	0.95				
	120	1	52.42553191298245	10.64893616982456	0.0	0.0	1	1.007642600831497	1.6174837107437352	230.0	15	1.05	0.95				
	121	2	0.0	0.0	0.0	0.0	1	1.0320581040881789	9.967243650871772	230.0	17	1.05	0.95				
	122	2	0.0	0.0	0.0	0.0	1	1.0463148534855073	16.133702977786676	230.0	17	1.05	0.95				
	123	2	0.0	0.0	0.0	0.0	1	1.0062831318246106	1.2095565565527764	230.0	15	1.05	0.95				
	124	1	0.0	0.0	0.0	0.0	1	1.0142309015679674	3.1376777303165833	230.0	16	1.05	0.95				
	201	2	44.53958758736842	9.072878952982457	0.0	0.0	2	1.0164206064412797	-8.861352832429503	138.0	21	1.05	0.95				
	202	2	40.0031481108772	8.248071775438598	0.0	0.0	2	1.0149978360997352	-9.070037864518596	138.0	22	1.05	0.95				
	203	1	74.23264597894737	15.258932784561404	0.0	0.0	2	1.0109007075384857	-6.896459508731896	138.0	21	1.05	0.95				
	204	1	30.517865569122808	6.186053831578947	0.0	0.0	2	1.0118174656187242	-8.376530581886813	138.0	21	1.05	0.95				
	205	1	29.280654802807014	5.773650242807019	0.0	0.0	2	1.0271411747591086	-8.642402929000307	138.0	21	1.05	0.95				
	206	1	56.08688807298247	11.547300485614038	0.0	-100.0	2	1.0411152310429803	-9.032717683417205	138.0	22	1.05	0.95				
	207	2	51.55044859649123	10.310089719298245	0.0	0.0	2	0.9909153264060858	-13.992560909462748	138.0	22	1.05	0.95				
	208	1	70.52101368	14.434125607017542	0.0	0.0	2	0.997516914497679	-12.135644798445076	138.0	22	1.05	0.95				
	209	1	72.17062803508773	14.846529195789474	0.0	0.0	2	1.0213200189826095	-6.096973282856212	138.0	23	1.05	0.95				
	210	1	80.41869981052632	16.496143550877196	0.0	0.0	2	1.048026640937774	-7.092550619470668	138.0	23	1.05	0.95				
	211	1	0.0	0.0	0.0	0.0	2	1.0006186879002628	-3.8066703336187913	230.0	23	1.05	0.95				
	212	1	0.0	0.0	0.0	0.0	2	1.007922470814492	0.7997894257249062	230.0	23	1.05	0.95				
	213	2	109.2869510245614	22.26979379368421	0.0	0.0	2	0.9983337041053892	-1.4314066412449409	230.0	24	1.05	0.95				
	214	2	80.0062962217544	16.083739962105266	0.0	0.0	2	0.9942256332043734	-2.9539569035073656	230.0	26	1.05	0.95				
	215	2	130.73193764070177	26.393829681403506	0.0	0.0	2	1.0084628790516406	1.3031214766009012	230.0	26	1.05	0.95				
	216	2	41.24035887719298	8.248071775438598	0.0	0.0	2	1.0072567145006817	0.8390808390186772	230.0	26	1.05	0.95				
	217	1	0.0	0.0	0.0	0.0	2	1.0130251053332224	1.8199565362334624	230.0	27	1.05	0.95				
	218	2	137.33039506105266	28.043444036491234	0.0	0.0	2	1.0125326352110202	1.5381044253335685	230.0	27	1.05	0.95				
	219	1	74.6450495677193	15.258932784561404	0.0	0.0	2	1.0078761487739873	1.3310389816661092	230.0	25	1.05	0.95				
	220	1	52.78765936280701	10.722493308070176	0.0	0.0	2	1.0113632201837992	2.5901159080737584	230.0	25	1.05	0.95				
	221	2	0.0	0.0	0.0	0.0	2	1.0151931176878264	2.2667865400714655	230.0	27	1.05	0.95				
	222	2	0.0	0.0	0.0	0.0	2	1.0343349887989821	8.771733535919253	230.0	27	1.05	0.95				
	223	2	0.0	0.0	0.0	0.0	2	1.0142270195173266	3.604350209988885	230.0	25	1.05	0.95				
	224	1	0.0	0.0	0.0	0.0	2	0.9992650315783035	-1.807353254554031	230.0	26	1.05	0.95				
	301	2	49.609617195789475	10.105662762105263	0.0	0.0	3	1.0105216078580421	28.18289400768521	138.0	31	1.05	0.95				
	302	2	44.55678581473684	9.186966147368421	0.0	0.0	3	1.0102974489147591	28.086303321171897	138.0	32	1.05	0.95				
	303	1	82.6826953263158	16.995887372631575	0.0	0.0	3	1.0281695924001508	33.13695949827893	138.0	31	1.05	0.95				
	304	1	33.99177474526315	6.890224610526315	0.0	0.0	3	1.0108943396349916	29.693480563371928	138.0	31	1.05	0.95				
	305	1	32.61372982315789	6.430876303157895	0.0	0.0	3	1.0238739168659592	29.0088786803313	138.0	31	1.05	0.95				
	306	1	62.47136980210526	12.86175260631579	0.0	-100.0	3	1.0396271143700762	28.931576178059867	138.0	32	1.05	0.95				
	307	2	57.418538421052624	11.483707684210525	0.0	0.0	3	0.9698053151052259	27.435416217795154	138.0	32	1.05	0.95				
	308	1	78.54856056	16.077190757894737	0.0	0.0	3	0.993039989440133	29.31940087010819	138.0	32	1.05	0.95				
	309	1	80.38595378947369	16.536539065263156	0.0	0.0	3	1.0262061904002375	32.887597808857855	138.0	33	1.05	0.95				
	310	1	89.5729199368421	18.373932294736843	0.0	0.0	3	1.0494354854690722	31.313333759373446	138.0	33	1.05	0.95				
	311	1	0.0	0.0	0.0	0.0	3	1.0040371143977622	34.96072238828957	230.0	33	1.05	0.95				
	312	1	0.0	0.0	0.0	0.0	3	1.012188223805628	35.56592718102103	230.0	33	1.05	0.95				
	313	2	121.72730145263158	24.804808597894738	0.0	0.0	3	1.0118496524045522	40.654850917911304	230.0	34	1.05	0.95				
	314	2	89.11357162947368	17.91458398736842	0.0	0.0	3	0.9938645269821531	32.92095284228237	230.0	36	1.05	0.95				
	315	2	145.61341343578945	29.398291671578946	0.0	0.0	3	1.019739439510813	25.900661047468716	230.0	36	1.05	0.95				
	316	2	45.9348307368421	9.186966147368421	0.0	0.0	3	1.0144329964550698	26.65675950650386	230.0	36	1.05	0.95				
	317	1	0.0	0.0	0.0	0.0	3	1.0250441386126397	25.060129199001857	230.0	37	1.05	0.95				
	318	2	152.96298635368422	31.23568490105263	0.0	0.0	3	1.025605199099295	22.968839058916657	230.0	37	1.05	0.95				
	319	1	83.14204363368421	16.995887372631575	0.0	0.0	3	1.0151967333962684	28.535892960327416	230.0	35	1.05	0.95				
	320	1	58.79658334315789	11.943055991578948	0.0	0.0	3	1.01597800073592	29.479115904650914	230.0	35	1.05	0.95				
	321	2	0.0	0.0	0.0	0.0	3	1.027415930450469	24.539814704960712	230.0	37	1.05	0.95				
	322	2	0.0	0.0	0.0	0.0	3	1.0395257576530759	29.129586714784264	230.0	37	1.05	0.95				
	323	2	0.0	0.0	0.0	0.0	3	1.0151989730402644	29.48647675222444	230.0	35	1.05	0.95				
	324	1	0.0	0.0	0.0	0.0	3	1.0230888839069747	30.750278174978707	230.0	36	1.05	0.95				
	325	1	0.0	0.0	0.0	0.0	3	1.0161862344255401	27.831728591714167	230.0	35	1.05	0.95				
];
