%% MATPOWER Case Format : Version 2
function mpc = RTS_GMLC
mpc.version = '2';

%%-----  Power Flow Data  -----%%
%% system MVA base
mpc.baseMVA = 100.0;
%% bus data
%    bus_i    type    Pd    Qd    Gs    Bs    area    Vm    Va    baseKV    zone    Vmax    Vmin
mpc.bus = [
	101	2	58.24839186947368	11.86541315859649	0.0	0.0	1	1.039689811256956	1.118012418860981	138.0	11	1.05	0.95				
	102	2	52.31568529017544	10.786739235087719	0.0	0.0	1	1.0369413044963613	0.36800981447794445	138.0	12	1.05	0.95				
	103	1	97.08065311578947	19.955467584912277	0.0	0.0	1	1.0332079361613307	1.5902812954266914	138.0	11	1.05	0.95				
	104	1	39.910935169824555	8.090054426315788	0.0	0.0	1	1.024346853087228	-2.1103678617532187	138.0	11	1.05	0.95				
	105	1	38.2929242845614	7.550717464561404	0.0	0.0	1	1.0371114703674618	-2.59986702301833	138.0	11	1.05	0.95				
	106	1	73.3498267985965	15.101434929122808	0.0	-100.0	1	1.0430116933527551	-5.358348572372299	138.0	12	1.05	0.95				
	107	2	67.41712021929824	13.48342404385965	0.0	0.0	1	0.9987274843048285	-12.345295380576228	138.0	12	1.05	0.95				
	108	1	92.22662045999999	18.876793661403507	0.0	0.0	1	0.9988468384607533	-10.448268034329274	138.0	12	1.05	0.95				
	109	1	94.38396830701754	19.416130623157894	0.0	0.0	1	1.0250757165157822	-3.1211887106007263	138.0	13	1.05	0.95				
	110	1	105.17070754210525	21.573478470175438	0.0	0.0	1	1.05	-4.69904484496371	138.0	13	1.05	0.95				
	111	1	0.0	0.0	0.0	0.0	1	1.0098721498741845	-0.7514676722719018	230.0	13	1.05	0.95				
	112	1	0.0	0.0	0.0	0.0	1	1.0122455835938735	-1.328425876402222	230.0	13	1.05	0.95				
	113	3	142.92429486491227	29.12419593473684	0.0	0.0	1	1.004799469609439	-2.3503729330567677e-29	230.0	14	1.05	0.95				
	114	2	104.63137058035088	21.034141508421055	0.0	0.0	1	1.0135044819844814	1.8276387731623434	230.0	16	1.05	0.95				
	115	2	170.96981687614036	34.5175655522807	0.0	0.0	1	1.0417841933076475	10.439145146209013	230.0	16	1.05	0.95				
	116	2	53.9336961754386	10.786739235087719	0.0	0.0	1	1.0371030250726396	8.70286923509121	230.0	16	1.05	0.95				
	117	1	0.0	0.0	0.0	0.0	1	1.04383466538892	13.50101782464114	230.0	17	1.05	0.95				
	118	2	179.59920826421052	36.67491339929825	0.0	0.0	1	1.0496009336307681	14.812084316517428	230.0	17	1.05	0.95				
	119	1	97.61999007754386	19.955467584912277	0.0	0.0	1	1.0264788507894362	5.419703133134016	230.0	15	1.05	0.95				
	120	1	69.0351311045614	14.022761005614035	0.0	0.0	1	1.022725168569427	3.0299740648095796	230.0	15	1.05	0.95				
	121	2	0.0	0.0	0.0	0.0	1	1.05	16.76847034843712	230.0	17	1.05	0.95				
	122	2	0.0	0.0	0.0	0.0	1	1.05	22.94483017349891	230.0	17	1.05	0.95				
	123	2	0.0	0.0	0.0	0.0	1	1.0220829592799834	2.1252577087757376	230.0	15	1.05	0.95				
	124	1	0.0	0.0	0.0	0.0	1	1.0274064284645334	7.120543561139091	230.0	16	1.05	0.95				
	201	2	57.35746890947369	11.683928851929824	0.0	0.0	2	1.0127376546114966	-14.650045247426569	138.0	21	1.05	0.95				
	202	2	51.515504483508764	10.621753501754386	0.0	0.0	2	1.0119598202724243	-14.908202976950486	138.0	22	1.05	0.95				
	203	1	95.59578151578947	19.650243978245612	0.0	0.0	2	1.0133482776217773	-10.907208479420431	138.0	21	1.05	0.95				
	204	1	39.300487956491224	7.966315126315789	0.0	0.0	2	1.0097973131436262	-13.83304787035263	138.0	21	1.05	0.95				
	205	1	37.70722493122807	7.43522745122807	0.0	0.0	2	1.0244334106381636	-14.292527580673598	138.0	21	1.05	0.95				
	206	1	72.22792381192983	14.87045490245614	0.0	-100.0	2	1.0384143095490155	-14.712030113968176	138.0	22	1.05	0.95				
	207	2	66.38595938596491	13.277191877192982	0.0	0.0	2	0.9949969287894057	-21.27117812088976	138.0	22	1.05	0.95				
	208	1	90.81599243999999	18.58806862807017	0.0	0.0	2	0.9959976803500442	-18.76882220749411	138.0	22	1.05	0.95				
	209	1	92.94034314035086	19.11915630315789	0.0	0.0	2	1.0250888735904824	-10.772017130880453	138.0	23	1.05	0.95				
	210	1	103.56209664210525	21.24350700350877	0.0	0.0	2	1.05	-12.229825837096024	138.0	23	1.05	0.95				
	211	1	0.0	0.0	0.0	0.0	2	1.0122406606464684	-7.596950641220528	230.0	23	1.05	0.95				
	212	1	0.0	0.0	0.0	0.0	2	1.0172824721900489	-2.6362790678708388	230.0	23	1.05	0.95				
	213	2	140.7382338982456	28.678734454736844	0.0	0.0	2	1.0144801984195126	-4.848808501925555	230.0	24	1.05	0.95				
	214	2	103.03100896701753	20.712419328421053	0.0	0.0	2	1.0143641268246706	-6.0460630566361075	230.0	26	1.05	0.95				
	215	2	168.354793002807	33.98961120561403	0.0	0.0	2	1.0286199650881256	-0.35918478467177606	230.0	26	1.05	0.95				
	216	2	53.108767508771926	10.621753501754386	0.0	0.0	2	1.0294058746527863	-0.5768121157791437	230.0	26	1.05	0.95				
	217	1	0.0	0.0	0.0	0.0	2	1.0319860854879332	0.5210000204383746	230.0	27	1.05	0.95				
	218	2	176.8521958042105	36.11396190596491	0.0	0.0	2	1.030767928546759	-0.055478930921407654	230.0	27	1.05	0.95				
	219	1	96.12686919087719	19.650243978245612	0.0	0.0	2	1.0304120861431623	-0.21291017479642627	230.0	25	1.05	0.95				
	220	1	67.97922241122806	13.8082795522807	0.0	0.0	2	1.0354865355955516	1.1231604133684703	230.0	25	1.05	0.95				
	221	2	0.0	0.0	0.0	0.0	2	1.0329806875598937	0.6449163332426723	230.0	27	1.05	0.95				
	222	2	0.0	0.0	0.0	0.0	2	1.05	7.091399589170766	230.0	27	1.05	0.95				
	223	2	0.0	0.0	0.0	0.0	2	1.0397663385267206	2.2485502760978595	230.0	25	1.05	0.95				
	224	1	0.0	0.0	0.0	0.0	2	1.0098960630596152	-4.291174053305421	230.0	26	1.05	0.95				
	301	2	64.93324896000001	13.227143306666667	0.0	0.0	3	0.9916017679814634	20.73785162431268	138.0	31	1.05	0.95				
	302	2	58.31967730666668	12.024675733333334	0.0	0.0	3	0.9911390488938299	20.68452563963427	138.0	32	1.05	0.95				
	303	1	108.22208160000002	22.245650106666666	0.0	0.0	3	1.024201276566535	24.152001977008645	138.0	31	1.05	0.95				
	304	1	44.49130021333333	9.0185068	0.0	0.0	3	1.0003227456407815	22.649956821866493	138.0	31	1.05	0.95				
	305	1	42.687598853333334	8.417273013333334	0.0	0.0	3	1.0115226299499624	22.602976315686483	138.0	31	1.05	0.95				
	306	1	81.76779498666667	16.83454602666667	0.0	-100.0	3	1.0307537846910477	22.962204955130158	138.0	32	1.05	0.95				
	307	2	75.15422333333333	15.030844666666669	0.0	0.0	3	0.9758223029721528	19.882771820209125	138.0	32	1.05	0.95				
	308	1	102.81097752000001	21.043182533333336	0.0	0.0	3	0.9939929853936126	22.519210696093158	138.0	32	1.05	0.95				
	309	1	105.21591266666668	21.64441632	0.0	0.0	3	1.0290311864326045	26.689817345991035	138.0	33	1.05	0.95				
	310	1	117.24058840000001	24.049351466666668	0.0	0.0	3	1.05	26.379194230921936	138.0	33	1.05	0.95				
	311	1	0.0	0.0	0.0	0.0	3	1.0178757958701272	32.00835030242795	230.0	33	1.05	0.95				
	312	1	0.0	0.0	0.0	0.0	3	1.0256847069807924	33.46536765874065	230.0	33	1.05	0.95				
	313	2	159.32695346666668	32.46662448000001	0.0	0.0	3	1.047074086687719	41.44929352320121	230.0	34	1.05	0.95				
	314	2	116.63935461333335	23.448117680000003	0.0	0.0	3	1.0179917199337392	29.02057176032743	230.0	36	1.05	0.95				
	315	2	190.59111037333335	38.47896234666667	0.0	0.0	3	1.0438935756394963	20.74912705190912	230.0	36	1.05	0.95				
	316	2	60.123378666666675	12.024675733333334	0.0	0.0	3	1.045476494913913	22.173050239555465	230.0	36	1.05	0.95				
	317	1	0.0	0.0	0.0	0.0	3	1.05	20.129291418744472	230.0	37	1.05	0.95				
	318	2	200.21085096000002	40.883897493333336	0.0	0.0	3	1.0498234493629297	18.087504075188264	230.0	37	1.05	0.95				
	319	1	108.82331538666668	22.245650106666666	0.0	0.0	3	1.044638018183854	25.349683181344915	230.0	35	1.05	0.95				
	320	1	76.95792469333334	15.632078453333333	0.0	0.0	3	1.0473709205575308	27.80933907935251	230.0	35	1.05	0.95				
	321	2	0.0	0.0	0.0	0.0	3	1.0482785568297437	19.56746644820685	230.0	37	1.05	0.95				
	322	2	0.0	0.0	0.0	0.0	3	1.05	24.132836503129635	230.0	37	1.05	0.95				
	323	2	0.0	0.0	0.0	0.0	3	1.0486850647622317	28.649110619817893	230.0	35	1.05	0.95				
	324	1	0.0	0.0	0.0	0.0	3	1.0363169685228237	24.213188802666636	230.0	36	1.05	0.95				
	325	1	0.0	0.0	0.0	0.0	3	1.05	27.647910657061534	230.0	35	1.05	0.95				
];
