%% MATPOWER Case Format : Version 2
function mpc = RTS_GMLC
mpc.version = '2';

%%-----  Power Flow Data  -----%%
%% system MVA base
mpc.baseMVA = 100.0;
%% bus data
%    bus_i    type    Pd    Qd    Gs    Bs    area    Vm    Va    baseKV    zone    Vmax    Vmin
mpc.bus = [
	101	2	75.61603167157897	15.403265710877195	0.0	0.0	1	1.0418510654555324	-2.191451847309574	138.0	11	1.05	0.95				
	102	2	67.91439881614035	14.002968828070179	0.0	0.0	1	1.0413178276176587	-2.4070950123835972	138.0	12	1.05	0.95				
	103	1	126.0267194526316	25.905492331929825	0.0	0.0	1	1.0293024947431566	-1.8137905946103476	138.0	11	1.05	0.95				
	104	1	51.81098466385965	10.502226621052632	0.0	0.0	1	1.0212807303111158	-5.46583511783135	138.0	11	1.05	0.95				
	105	1	49.710539339649124	9.802078179649126	0.0	0.0	1	1.0363701154450389	-5.649280972548885	138.0	11	1.05	0.95				
	106	1	95.22018803087721	19.60415635929825	0.0	-100.0	1	1.0394925440368863	-8.266604336941938	138.0	12	1.05	0.95				
	107	2	87.5185551754386	17.503711035087722	0.0	0.0	1	1.0070037729682302	-12.731725740369892	138.0	12	1.05	0.95				
	108	1	119.72538348000002	24.50519544912281	0.0	0.0	1	1.0000874123262473	-12.172903849102003	138.0	12	1.05	0.95				
	109	1	122.52597724561404	25.205343890526315	0.0	0.0	1	1.0260875267112088	-5.406665412323366	138.0	13	1.05	0.95				
	110	1	136.5289460736842	28.005937656140357	0.0	0.0	1	1.05	-6.9858810200062385	138.0	13	1.05	0.95				
	111	1	0.0	0.0	0.0	0.0	1	1.014815941609296	-2.193692061267953	230.0	13	1.05	0.95				
	112	1	0.0	0.0	0.0	0.0	1	1.0160840652554295	-1.7152484155255683	230.0	13	1.05	0.95				
	113	3	185.53933697192983	37.80801583578948	0.0	0.0	1	1.0164429634449295	2.4104152206145245e-28	230.0	14	1.05	0.95				
	114	2	135.8287976322807	27.305789214736848	0.0	0.0	1	1.0197690785253413	-0.08363776324554735	230.0	16	1.05	0.95				
	115	2	221.9470559249123	44.809500249824566	0.0	0.0	1	1.0454383669383274	8.007117630748157	230.0	16	1.05	0.95				
	116	2	70.01484414035089	14.002968828070179	0.0	0.0	1	1.0431305520239966	7.127086074317685	230.0	16	1.05	0.95				
	117	1	0.0	0.0	0.0	0.0	1	1.045955365875882	10.471204945433254	230.0	17	1.05	0.95				
	118	2	233.14943098736848	47.610094015438605	0.0	0.0	1	1.048213332706766	11.049588008684882	230.0	17	1.05	0.95				
	119	1	126.72686789403511	25.905492331929825	0.0	0.0	1	1.0360379125200996	5.5142604203954795	230.0	15	1.05	0.95				
	120	1	89.61900049964913	18.20385947649123	0.0	0.0	1	1.0351251390902543	4.9352492909553956	230.0	15	1.05	0.95				
	121	2	0.0	0.0	0.0	0.0	1	1.05	12.712854464344465	230.0	17	1.05	0.95				
	122	2	0.0	0.0	0.0	0.0	1	1.05	19.719066514610883	230.0	17	1.05	0.95				
	123	2	0.0	0.0	0.0	0.0	1	1.036358023225054	5.139751713633584	230.0	15	1.05	0.95				
	124	1	0.0	0.0	0.0	0.0	1	1.0270645302088728	4.3500364115484	230.0	16	1.05	0.95				
	201	2	72.43632928421053	14.755548557894738	0.0	0.0	2	1.0324549615018843	-9.994929173767124	138.0	21	1.05	0.95				
	202	2	65.05855500526316	13.414135052631579	0.0	0.0	2	1.032952454985074	-9.94251988729542	138.0	22	1.05	0.95				
	203	1	120.72721547368421	24.816149847368422	0.0	0.0	2	1.017701815054682	-9.676670199820986	138.0	21	1.05	0.95				
	204	1	49.632299694736844	10.060601289473684	0.0	0.0	2	1.0173776608915472	-11.320144674720169	138.0	21	1.05	0.95				
	205	1	47.6201794368421	9.389894536842107	0.0	0.0	2	1.032805235135373	-11.51226494357936	138.0	21	1.05	0.95				
	206	1	91.21611835789474	18.779789073684213	0.0	-100.0	2	1.0392649545447858	-12.977126183319992	138.0	22	1.05	0.95				
	207	2	83.83834407894737	16.767668815789474	0.0	0.0	2	0.9776049001809911	-22.928657525259215	138.0	22	1.05	0.95				
	208	1	114.6908547	23.474736342105263	0.0	0.0	2	0.9791691598621697	-19.6546823394592	138.0	22	1.05	0.95				
	209	1	117.37368171052631	24.145443094736844	0.0	0.0	2	1.0254474588377462	-9.72309149730584	138.0	23	1.05	0.95				
	210	1	130.7878167631579	26.828270105263158	0.0	0.0	2	1.05	-10.927349059159294	138.0	23	1.05	0.95				
	211	1	0.0	0.0	0.0	0.0	2	1.018875657610997	-6.242560438142829	230.0	23	1.05	0.95				
	212	1	0.0	0.0	0.0	0.0	2	1.020929568535688	-1.1721200287575164	230.0	23	1.05	0.95				
	213	2	177.73728944736843	36.218164642105265	0.0	0.0	2	1.0238340531807186	-3.5230164806945297	230.0	24	1.05	0.95				
	214	2	130.11711001052632	26.15756335263158	0.0	0.0	2	1.0256165804594315	-4.566558624351143	230.0	26	1.05	0.95				
	215	2	212.61404058421053	42.925232168421054	0.0	0.0	2	1.0390594064086411	1.9263821292847536	230.0	26	1.05	0.95				
	216	2	67.0706752631579	13.414135052631579	0.0	0.0	2	1.0394705331291854	1.926428571189014	230.0	26	1.05	0.95				
	217	1	0.0	0.0	0.0	0.0	2	1.0425478619035573	4.066672950545964	230.0	27	1.05	0.95				
	218	2	223.3453486263158	45.60805917894737	0.0	0.0	2	1.042761623416947	4.15769058279123	230.0	27	1.05	0.95				
	219	1	121.3979222263158	24.816149847368422	0.0	0.0	2	1.0378056927708554	2.25643858830314	230.0	25	1.05	0.95				
	220	1	85.85046433684211	17.438375568421055	0.0	0.0	2	1.0422052249004234	3.810846996071893	230.0	25	1.05	0.95				
	221	2	0.0	0.0	0.0	0.0	2	1.0432606822161032	4.182223033818997	230.0	27	1.05	0.95				
	222	2	0.0	0.0	0.0	0.0	2	1.05	10.642609513602993	230.0	27	1.05	0.95				
	223	2	0.0	0.0	0.0	0.0	2	1.0468956166530619	5.151150841475602	230.0	25	1.05	0.95				
	224	1	0.0	0.0	0.0	0.0	2	1.0165885444174885	-2.376313347759911	230.0	26	1.05	0.95				
	301	2	77.23315405894738	15.732679530526317	0.0	0.0	3	0.9729942071857194	-3.3697719302621314	138.0	31	1.05	0.95				
	302	2	69.36681429368421	14.302435936842105	0.0	0.0	3	0.9749332912531382	-3.458586795749162	138.0	32	1.05	0.95				
	303	1	128.72192343157894	26.459506483157895	0.0	0.0	3	0.990126694176838	1.1855714980603338	138.0	31	1.05	0.95				
	304	1	52.91901296631579	10.72682695263158	0.0	0.0	3	0.9709471497896144	-0.6617589482579731	138.0	31	1.05	0.95				
	305	1	50.77364757578947	10.011705155789477	0.0	0.0	3	0.9824787005752809	-0.8348894027139412	138.0	31	1.05	0.95				
	306	1	97.25656437052633	20.023410311578953	0.0	-100.0	3	0.9960319972123605	-0.2432346985389452	138.0	32	1.05	0.95				
	307	2	89.39022460526316	17.878044921052634	0.0	0.0	3	0.9500000140799024	-5.91920988440312	138.0	32	1.05	0.95				
	308	1	122.28582726000002	25.029262889473685	0.0	0.0	3	0.9577203761630452	-2.338605211376704	138.0	32	1.05	0.95				
	309	1	125.14631444736844	25.74438468631579	0.0	0.0	3	0.9960955154227988	4.722346644306607	138.0	33	1.05	0.95				
	310	1	139.44875038421054	28.60487187368421	0.0	0.0	3	1.0160552375924732	4.146069870750314	138.0	33	1.05	0.95				
	311	1	0.0	0.0	0.0	0.0	3	0.9905505513760867	12.217632571465312	230.0	33	1.05	0.95				
	312	1	0.0	0.0	0.0	0.0	3	0.9954133809008803	13.748217023040493	230.0	33	1.05	0.95				
	313	2	189.5072761631579	38.61657702947369	0.0	0.0	3	1.0237271039183384	21.765241589792186	230.0	34	1.05	0.95				
	314	2	138.73362858736843	27.889750076842105	0.0	0.0	3	0.9993358830073332	11.304397952260542	230.0	36	1.05	0.95				
	315	2	226.6936095989474	45.76779499789474	0.0	0.0	3	1.029472327575097	6.564001557685948	230.0	36	1.05	0.95				
	316	2	71.51217968421054	14.302435936842105	0.0	0.0	3	1.028909235884719	8.153454974483246	230.0	36	1.05	0.95				
	317	1	0.0	0.0	0.0	0.0	3	1.035827912387872	8.115278498125857	230.0	37	1.05	0.95				
	318	2	238.13555834842109	48.62828218526317	0.0	0.0	3	1.0338728463512228	6.695741690973397	230.0	37	1.05	0.95				
	319	1	129.43704522842106	26.459506483157895	0.0	0.0	3	1.025720232205813	10.887436206414629	230.0	35	1.05	0.95				
	320	1	91.53558999578948	18.59316671789474	0.0	0.0	3	1.026999418908395	13.055011347985417	230.0	35	1.05	0.95				
	321	2	0.0	0.0	0.0	0.0	3	1.0344774726163848	7.23421733035582	230.0	37	1.05	0.95				
	322	2	0.0	0.0	0.0	0.0	3	1.0484181220262925	11.899829888599045	230.0	37	1.05	0.95				
	323	2	0.0	0.0	0.0	0.0	3	1.0280948890348993	13.876579607155598	230.0	35	1.05	0.95				
	324	1	0.0	0.0	0.0	0.0	3	1.0098510327269141	6.839533928666099	230.0	36	1.05	0.95				
	325	1	0.0	0.0	0.0	0.0	3	1.0309795103705885	13.788098149775431	230.0	35	1.05	0.95				
];
