%% MATPOWER Case Format : Version 2
function mpc = RTS_GMLC
mpc.version = '2';

%%-----  Power Flow Data  -----%%
%% system MVA base
mpc.baseMVA = 100.0;
%% bus data
%    bus_i    type    Pd    Qd    Gs    Bs    area    Vm    Va    baseKV    zone    Vmax    Vmin
mpc.bus = [
	101	2	52.75754575578948	10.746907468771932	0.0	0.0	1	1.033420929275784	1.7300548764779764	138.0	11	1.05	0.95				
	102	2	47.38409202140351	9.769915880701756	0.0	0.0	1	1.0329885316258056	1.5964786180365893	138.0	12	1.05	0.95				
	103	1	87.9292429263158	18.074344379298246	0.0	0.0	1	1.0268286102251845	-0.4268962115636727	138.0	11	1.05	0.95				
	104	1	36.14868875859649	7.327436910526316	0.0	0.0	1	1.0205475992889612	-1.5449408995951819	138.0	11	1.05	0.95				
	105	1	34.683201376491226	6.838941116491229	0.0	0.0	1	1.0350967434644789	-1.3341251762919695	138.0	11	1.05	0.95				
	106	1	66.43542798877193	13.677882232982459	0.0	-100.0	1	1.0437467781346237	-3.539532852257258	138.0	12	1.05	0.95				
	107	2	61.061974254385966	12.212394850877194	0.0	0.0	1	1.0185796802598803	-3.981010730095245	138.0	12	1.05	0.95				
	108	1	83.53278078000001	17.097352791228072	0.0	0.0	1	1.014701951095458	-4.908071087365323	138.0	12	1.05	0.95				
	109	1	85.48676395614035	17.585848585263157	0.0	0.0	1	1.0254365521012798	-2.1373621897220865	138.0	13	1.05	0.95				
	110	1	95.25667983684211	19.539831761403512	0.0	0.0	1	1.05	-2.9008168158955407	138.0	13	1.05	0.95				
	111	1	0.0	0.0	0.0	0.0	1	1.0047493229374105	-0.5188441932719687	230.0	13	1.05	0.95				
	112	1	0.0	0.0	0.0	0.0	1	1.009806542212203	0.1675903744601169	230.0	13	1.05	0.95				
	113	3	129.45138541929825	26.37877287789474	0.0	0.0	1	0.9979540888686822	6.0970586226847205e-31	230.0	14	1.05	0.95				
	114	2	94.76818404280702	19.051335967368423	0.0	0.0	1	1.00096236033277	1.1505384657164224	230.0	16	1.05	0.95				
	115	2	154.8531667091228	31.263730818245616	0.0	0.0	1	1.0388300175821321	6.565241669996625	230.0	16	1.05	0.95				
	116	2	48.84957940350878	9.769915880701756	0.0	0.0	1	1.0346711736126077	6.3654676545188655	230.0	16	1.05	0.95				
	117	1	0.0	0.0	0.0	0.0	1	1.0422459384296057	7.918604868771034	230.0	17	1.05	0.95				
	118	2	162.66909941368422	33.21771399438597	0.0	0.0	1	1.044705542034923	7.761933015551532	230.0	17	1.05	0.95				
	119	1	88.41773872035088	18.074344379298246	0.0	0.0	1	1.0288179481205055	5.778475047413284	230.0	15	1.05	0.95				
	120	1	62.52746163649123	12.700890644912283	0.0	0.0	1	1.0273078745143616	6.212816261663738	230.0	15	1.05	0.95				
	121	2	0.0	0.0	0.0	0.0	1	1.0492023468375962	8.728908871849914	230.0	17	1.05	0.95				
	122	2	0.0	0.0	0.0	0.0	1	1.05	15.381220900298116	230.0	17	1.05	0.95				
	123	2	0.0	0.0	0.0	0.0	1	1.0274146669405853	6.826996249958853	230.0	15	1.05	0.95				
	124	1	0.0	0.0	0.0	0.0	1	1.0251458350810523	3.957468251151013	230.0	16	1.05	0.95				
	201	2	52.32551551578947	10.658901308771929	0.0	0.0	2	1.0314286906516317	-5.896971466975416	138.0	21	1.05	0.95				
	202	2	46.996064861403504	9.689910280701755	0.0	0.0	2	1.031797112895752	-5.882991679351652	138.0	22	1.05	0.95				
	203	1	87.20919252631577	17.926334019298242	0.0	0.0	2	1.0228167077285895	-5.222009335001491	138.0	21	1.05	0.95				
	204	1	35.852668038596484	7.267432710526315	0.0	0.0	2	1.0194045013137285	-8.183722980562674	138.0	21	1.05	0.95				
	205	1	34.399181496491224	6.782937196491227	0.0	0.0	2	1.0345100202048885	-8.3543046803578	138.0	21	1.05	0.95				
	206	1	65.89138990877193	13.565874392982455	0.0	-100.0	2	1.043926857021648	-10.1896770294283	138.0	22	1.05	0.95				
	207	2	60.561939254385955	12.112387850877191	0.0	0.0	2	0.9890813778883625	-17.496914618393884	138.0	22	1.05	0.95				
	208	1	82.84873289999999	16.957342991228067	0.0	0.0	2	0.9943292670990014	-15.26394727865048	138.0	22	1.05	0.95				
	209	1	84.78671495614034	17.441838505263156	0.0	0.0	2	1.0235699632390916	-8.094962157949478	138.0	23	1.05	0.95				
	210	1	94.4766252368421	19.37982056140351	0.0	0.0	2	1.05	-9.309785671802642	138.0	23	1.05	0.95				
	211	1	0.0	0.0	0.0	0.0	2	1.0078645826794135	-5.417283932326001	230.0	23	1.05	0.95				
	212	1	0.0	0.0	0.0	0.0	2	1.0106636165954104	-4.852386056763689	230.0	23	1.05	0.95				
	213	2	128.39131121929825	26.162757757894735	0.0	0.0	2	1.0026367974923895	-4.553866813413922	230.0	24	1.05	0.95				
	214	2	93.99212972280701	18.89532504736842	0.0	0.0	2	1.0107107108877835	-2.798565156913054	230.0	26	1.05	0.95				
	215	2	153.5850779491228	31.00771289824561	0.0	0.0	2	1.030434374978599	3.8717467375449997	230.0	26	1.05	0.95				
	216	2	48.449551403508764	9.689910280701755	0.0	0.0	2	1.0320969242816356	3.8179020248222026	230.0	26	1.05	0.95				
	217	1	0.0	0.0	0.0	0.0	2	1.037272708226435	6.62216048231047	230.0	27	1.05	0.95				
	218	2	161.33700617368422	32.945694954385964	0.0	0.0	2	1.0391343671907585	7.214579675930045	230.0	27	1.05	0.95				
	219	1	87.69368804035086	17.926334019298242	0.0	0.0	2	1.0311073914601834	2.889663626936645	230.0	25	1.05	0.95				
	220	1	62.01542579649122	12.596883364912278	0.0	0.0	2	1.0338319423117248	3.018187279259368	230.0	25	1.05	0.95				
	221	2	0.0	0.0	0.0	0.0	2	1.0387344474148783	6.853697393318547	230.0	27	1.05	0.95				
	222	2	0.0	0.0	0.0	0.0	2	1.05	13.263644616098942	230.0	27	1.05	0.95				
	223	2	0.0	0.0	0.0	0.0	2	1.0361512073993393	3.453534232465405	230.0	25	1.05	0.95				
	224	1	0.0	0.0	0.0	0.0	2	1.0162635717618878	0.45776402679379036	230.0	26	1.05	0.95				
	301	2	48.84087315789474	9.949066754385965	0.0	0.0	3	1.0079064965589413	-22.36306370664661	138.0	31	1.05	0.95				
	302	2	43.86633978070176	9.04460614035088	0.0	0.0	3	1.0074065550884157	-22.478009643335184	138.0	32	1.05	0.95				
	303	1	81.40145526315791	16.732521359649123	0.0	0.0	3	1.0229562534647119	-16.668135632466026	138.0	31	1.05	0.95				
	304	1	33.465042719298246	6.783454605263159	0.0	0.0	3	1.0096714515713225	-20.97705268997876	138.0	31	1.05	0.95				
	305	1	32.108351798245614	6.331224298245615	0.0	0.0	3	1.0230123796119361	-21.728282660072985	138.0	31	1.05	0.95				
	306	1	61.50332175438598	12.66244859649123	0.0	-100.0	3	1.0395945246685865	-21.907475452266247	138.0	32	1.05	0.95				
	307	2	56.52878837719298	11.305757675438597	0.0	0.0	3	0.993659454135282	-26.915757109737587	138.0	32	1.05	0.95				
	308	1	77.33138250000002	15.828060745614037	0.0	0.0	3	0.9988764040027963	-24.856604078375764	138.0	32	1.05	0.95				
	309	1	79.14030372807018	16.28029105263158	0.0	0.0	3	1.0259667161137547	-17.89794952759803	138.0	33	1.05	0.95				
	310	1	88.18490986842106	18.08921228070176	0.0	0.0	3	1.05	-19.639006502495963	138.0	33	1.05	0.95				
	311	1	0.0	0.0	0.0	0.0	3	1.0101760969460307	-13.518507536334885	230.0	33	1.05	0.95				
	312	1	0.0	0.0	0.0	0.0	3	1.0117690806678552	-13.124077729517534	230.0	33	1.05	0.95				
	313	2	119.84103135964914	24.42043657894737	0.0	0.0	3	1.0121858630507166	-10.036082611727256	230.0	34	1.05	0.95				
	314	2	87.73267956140351	17.63698197368421	0.0	0.0	3	1.0153379809527272	-11.250897796212431	230.0	36	1.05	0.95				
	315	2	143.35700732456144	28.94273964912281	0.0	0.0	3	1.0402111684992565	-5.73632819946167	230.0	36	1.05	0.95				
	316	2	45.22303070175439	9.04460614035088	0.0	0.0	3	1.0386063183411889	-5.360452639414283	230.0	36	1.05	0.95				
	317	1	0.0	0.0	0.0	0.0	3	1.0426675409751163	-3.4402989556215795	230.0	37	1.05	0.95				
	318	2	150.59269223684214	30.75166087719299	0.0	0.0	3	1.042900439590069	-3.054545923556975	230.0	37	1.05	0.95				
	319	1	81.85368557017544	16.732521359649123	0.0	0.0	3	1.0338911449574633	-6.469805218797731	230.0	35	1.05	0.95				
	320	1	57.88547929824562	11.757987982456141	0.0	0.0	3	1.0330511994513225	-6.568903413247998	230.0	35	1.05	0.95				
	321	2	0.0	0.0	0.0	0.0	3	1.0456207979610381	-2.4636311245410973	230.0	37	1.05	0.95				
	322	2	0.0	0.0	0.0	0.0	3	1.05	1.483529114985954	230.0	37	1.05	0.95				
	323	2	0.0	0.0	0.0	0.0	3	1.0332181837779069	-6.279815129435595	230.0	35	1.05	0.95				
	324	1	0.0	0.0	0.0	0.0	3	1.0201193302372336	-9.80494825665847	230.0	36	1.05	0.95				
	325	1	0.0	0.0	0.0	0.0	3	1.0300890964172853	-5.022674571621081	230.0	35	1.05	0.95				
];
