%% MATPOWER Case Format : Version 2
function mpc = RTS_GMLC
mpc.version = '2';

%%-----  Power Flow Data  -----%%
%% system MVA base
mpc.baseMVA = 100.0;
%% bus data
%    bus_i    type    Pd    Qd    Gs    Bs    area    Vm    Va    baseKV    zone    Vmax    Vmin
mpc.bus = [
	101	2	48.82978724210527	9.946808512280702	0.0	0.0	1	1.0318425920881567	1.8091134577459114	138.0	11	1.05	0.95				
	102	2	43.85638298596491	9.042553192982457	0.0	0.0	1	1.0308690113608292	1.5201682771660545	138.0	12	1.05	0.95				
	103	1	81.38297873684212	16.728723407017547	0.0	0.0	1	1.0294777180017625	1.4749161104738322	138.0	11	1.05	0.95				
	104	1	33.457446814035094	6.7819148947368415	0.0	0.0	1	1.0200389849962779	-1.3200079784822993	138.0	11	1.05	0.95				
	105	1	32.101063835087714	6.3297872350877205	0.0	0.0	1	1.0347764847992476	-1.2314934975746916	138.0	11	1.05	0.95				
	106	1	61.48936171228071	12.659574470175441	0.0	-100.0	1	1.0443180942136063	-3.431628148697439	138.0	12	1.05	0.95				
	107	2	56.515957456140356	11.30319149122807	0.0	0.0	1	0.9993964020940174	-8.987096878193833	138.0	12	1.05	0.95				
	108	1	77.3138298	15.824468087719298	0.0	0.0	1	1.0028337922549764	-7.579860850147094	138.0	12	1.05	0.95				
	109	1	79.1223404385965	16.27659574736842	0.0	0.0	1	1.0247352300548935	-1.804083696451302	138.0	13	1.05	0.95				
	110	1	88.16489363157895	18.085106385964913	0.0	0.0	1	1.05	-2.882838487659971	138.0	13	1.05	0.95				
	111	1	0.0	0.0	0.0	0.0	1	1.0064213443078245	0.3161997684424976	230.0	13	1.05	0.95				
	112	1	0.0	0.0	0.0	0.0	1	1.0096444443906856	0.2183486106479686	230.0	13	1.05	0.95				
	113	3	119.81382980701754	24.414893621052634	0.0	0.0	1	0.9977918149194739	-3.054494709684159e-30	230.0	14	1.05	0.95				
	114	2	87.71276597192983	17.63297872631579	0.0	0.0	1	1.0087573251979172	3.3498181620751306	230.0	16	1.05	0.95				
	115	2	143.32446810877192	28.93617021754386	0.0	0.0	1	1.0426286187041451	10.872352790481282	230.0	16	1.05	0.95				
	116	2	45.21276596491228	9.042553192982457	0.0	0.0	1	1.0393675624602636	10.237125044003582	230.0	16	1.05	0.95				
	117	1	0.0	0.0	0.0	0.0	1	1.0428210919873204	14.134289114332073	230.0	17	1.05	0.95				
	118	2	150.5585106631579	30.744680856140356	0.0	0.0	1	1.0484877331989544	14.200431917934917	230.0	17	1.05	0.95				
	119	1	81.83510639649123	16.728723407017547	0.0	0.0	1	1.0309882727581927	8.01850252080936	230.0	15	1.05	0.95				
	120	1	57.87234043508772	11.755319150877193	0.0	0.0	1	1.027764298633613	6.945136381822627	230.0	15	1.05	0.95				
	121	2	0.0	0.0	0.0	0.0	1	1.05	15.32576679860946	230.0	17	1.05	0.95				
	122	2	0.0	0.0	0.0	0.0	1	1.05	29.49946796722526	230.0	17	1.05	0.95				
	123	2	0.0	0.0	0.0	0.0	1	1.0266232287850166	6.699734762803613	230.0	15	1.05	0.95				
	124	1	0.0	0.0	0.0	0.0	1	1.025902203988901	7.363452219081364	230.0	16	1.05	0.95				
	201	2	46.81756652210527	9.53691169894737	0.0	0.0	2	1.0258109237358415	-7.949117249954223	138.0	21	1.05	0.95				
	202	2	42.04911067263158	8.66991972631579	0.0	0.0	2	1.0268204663299694	-7.742567724209904	138.0	22	1.05	0.95				
	203	1	78.02927753684212	16.03935149368421	0.0	0.0	2	1.0169438654554674	-7.543317701828801	138.0	21	1.05	0.95				
	204	1	32.07870298736842	6.5024397947368415	0.0	0.0	2	1.0179981988621505	-9.411161998864534	138.0	21	1.05	0.95				
	205	1	30.77821502842105	6.068943808421054	0.0	0.0	2	1.032630972055443	-9.651924738712836	138.0	21	1.05	0.95				
	206	1	58.955454138947374	12.137887616842107	0.0	-100.0	2	1.0444982654359565	-10.990679914135223	138.0	22	1.05	0.95				
	207	2	54.186998289473685	10.837399657894737	0.0	0.0	2	0.9919258594718964	-17.2784048866886	138.0	22	1.05	0.95				
	208	1	74.12781366000002	15.17235952105263	0.0	0.0	2	0.9980456114321884	-15.316738413814264	138.0	22	1.05	0.95				
	209	1	75.86179760526316	15.605855507368421	0.0	0.0	2	1.0230317437155323	-8.99588195195079	138.0	23	1.05	0.95				
	210	1	84.53171733157895	17.33983945263158	0.0	0.0	2	1.05	-9.988065760490576	138.0	23	1.05	0.95				
	211	1	0.0	0.0	0.0	0.0	2	1.005152688066174	-6.281169457614192	230.0	23	1.05	0.95				
	212	1	0.0	0.0	0.0	0.0	2	1.0083057220359792	-5.337607457909421	230.0	23	1.05	0.95				
	213	2	114.87643637368421	23.408783261052633	0.0	0.0	2	1.0004634262744194	-4.936950113827158	230.0	24	1.05	0.95				
	214	2	84.09822134526316	16.90634346631579	0.0	0.0	2	1.0046939528544174	-4.128379389186901	230.0	26	1.05	0.95				
	215	2	137.41822766210527	27.74374312421053	0.0	0.0	2	1.0234152144400606	1.4210263885694339	230.0	26	1.05	0.95				
	216	2	43.34959863157895	8.66991972631579	0.0	0.0	2	1.0248565677181078	1.5370626546394668	230.0	26	1.05	0.95				
	217	1	0.0	0.0	0.0	0.0	2	1.030025933387977	3.318070390667503	230.0	27	1.05	0.95				
	218	2	144.35416344315792	29.477727069473687	0.0	0.0	2	1.0292233056020212	2.791986994008341	230.0	27	1.05	0.95				
	219	1	78.4627735231579	16.03935149368421	0.0	0.0	2	1.0256119731467341	1.681781902051523	230.0	25	1.05	0.95				
	220	1	55.48748624842106	11.270895644210528	0.0	0.0	2	1.0292422193532271	2.652579956625786	230.0	25	1.05	0.95				
	221	2	0.0	0.0	0.0	0.0	2	1.0305910457993652	3.139793804710533	230.0	27	1.05	0.95				
	222	2	0.0	0.0	0.0	0.0	2	1.05	9.702702759073304	230.0	27	1.05	0.95				
	223	2	0.0	0.0	0.0	0.0	2	1.0320989902733473	3.5137676719675874	230.0	25	1.05	0.95				
	224	1	0.0	0.0	0.0	0.0	2	1.0098953896785838	-1.9480463542642374	230.0	26	1.05	0.95				
	301	2	45.560898454736844	9.280923759298245	0.0	0.0	3	1.0066759924086695	-14.921718133937336	138.0	31	1.05	0.95				
	302	2	40.92043657508771	8.43720341754386	0.0	0.0	3	1.0065919957225737	-15.024720710507609	138.0	32	1.05	0.95				
	303	1	75.93483075789473	15.60882632245614	0.0	0.0	3	1.0228674504352333	-9.857265110289172	138.0	31	1.05	0.95				
	304	1	31.21765264491228	6.3279025631578945	0.0	0.0	3	1.0101332858095975	-13.587932729536993	138.0	31	1.05	0.95				
	305	1	29.952072132280698	5.9060423922807015	0.0	0.0	3	1.0228520597378044	-14.329384827874478	138.0	31	1.05	0.95				
	306	1	57.37298323929825	11.812084784561403	0.0	-100.0	3	1.0402887336658768	-14.505496406631368	138.0	32	1.05	0.95				
	307	2	52.73252135964912	10.546504271929823	0.0	0.0	3	0.9930640511772526	-19.060317321422858	138.0	32	1.05	0.95				
	308	1	72.13808921999998	14.765105980701755	0.0	0.0	3	0.999858594777669	-17.17006181672193	138.0	32	1.05	0.95				
	309	1	73.82552990350877	15.186966151578945	0.0	0.0	3	1.0262068009347847	-10.685478403909114	138.0	33	1.05	0.95				
	310	1	82.26273332105262	16.87440683508772	0.0	0.0	3	1.05	-12.379058107753762	138.0	33	1.05	0.95				
	311	1	0.0	0.0	0.0	0.0	3	1.0081503961749152	-6.722845470269988	230.0	33	1.05	0.95				
	312	1	0.0	0.0	0.0	0.0	3	1.011458633773157	-6.208002751569714	230.0	33	1.05	0.95				
	313	2	111.79294528245613	22.780449227368422	0.0	0.0	3	1.0111032524021182	-3.1988482872616526	230.0	34	1.05	0.95				
	314	2	81.84087315017543	16.452546664210526	0.0	0.0	3	1.008669249166704	-4.901250063225102	230.0	36	1.05	0.95				
	315	2	133.72967416807015	26.99905093614035	0.0	0.0	3	1.0343738768822839	-0.6429358912077392	230.0	36	1.05	0.95				
	316	2	42.18601708771929	8.43720341754386	0.0	0.0	3	1.0341041745074468	0.1628049460531855	230.0	36	1.05	0.95				
	317	1	0.0	0.0	0.0	0.0	3	1.041812230147952	2.9614926094596328	230.0	37	1.05	0.95				
	318	2	140.47943690210528	28.686491619649125	0.0	0.0	3	1.0388604421871606	1.8566041753840432	230.0	37	1.05	0.95				
	319	1	76.35669092877193	15.60882632245614	0.0	0.0	3	1.030112249316949	-0.5385552410188855	230.0	35	1.05	0.95				
	320	1	53.9981018722807	10.968364442807017	0.0	0.0	3	1.0294451260339559	-0.3323286385550765	230.0	35	1.05	0.95				
	321	2	0.0	0.0	0.0	0.0	3	1.0393098663885045	1.5955496574410848	230.0	37	1.05	0.95				
	322	2	0.0	0.0	0.0	0.0	3	1.05	6.450525664789576	230.0	37	1.05	0.95				
	323	2	0.0	0.0	0.0	0.0	3	1.0296321846465857	0.1048054988643054	230.0	35	1.05	0.95				
	324	1	0.0	0.0	0.0	0.0	3	1.0185662280544852	-4.088560597116507	230.0	36	1.05	0.95				
	325	1	0.0	0.0	0.0	0.0	3	1.0267517780262865	1.3863583837667133	230.0	35	1.05	0.95				
];
