%% MATPOWER Case Format : Version 2
function mpc = RTS_GMLC
mpc.version = '2';

%%-----  Power Flow Data  -----%%
%% system MVA base
mpc.baseMVA = 100.0;
%% bus data
%    bus_i    type    Pd    Qd    Gs    Bs    area    Vm    Va    baseKV    zone    Vmax    Vmin
mpc.bus = [
	101	2	64.1266699831579	13.062840181754387	0.0	0.0	1	1.0179888858158996	-0.10586628563706771	138.0	11	1.05	0.95				
	102	2	57.595249892280705	11.875309256140353	0.0	0.0	1	1.0176344622866953	-0.3344226845714062	138.0	12	1.05	0.95				
	103	1	106.87778330526316	21.96932212385965	0.0	0.0	1	1.0185440710631373	0.9537534675855441	138.0	11	1.05	0.95				
	104	1	43.9386442477193	8.906481942105264	0.0	0.0	1	1.0113256966104802	-3.4616392473914703	138.0	11	1.05	0.95				
	105	1	42.15734785929824	8.312716479298247	0.0	0.0	1	1.025548135581826	-3.5583582019649467	138.0	11	1.05	0.95				
	106	1	80.7521029417544	16.625432958596495	0.0	-100.0	1	1.0367647794209542	-6.060489669765787	138.0	12	1.05	0.95				
	107	2	74.2206828508772	14.84413657017544	0.0	0.0	1	0.9959418032663785	-14.389804168915163	138.0	12	1.05	0.95				
	108	1	101.53389414	20.781791198245614	0.0	0.0	1	0.9944127496477903	-11.974938281905386	138.0	12	1.05	0.95				
	109	1	103.90895599122807	21.375556661052634	0.0	0.0	1	1.0250409667679767	-3.5626121526313925	138.0	13	1.05	0.95				
	110	1	115.78426524736842	23.750618512280706	0.0	0.0	1	1.05	-5.122775051677463	138.0	13	1.05	0.95				
	111	1	0.0	0.0	0.0	0.0	1	1.0241772669200297	-0.1910879685515915	230.0	13	1.05	0.95				
	112	1	0.0	0.0	0.0	0.0	1	1.0188772317720054	-0.6613977726509317	230.0	13	1.05	0.95				
	113	3	157.34784764385964	32.06333499157895	0.0	0.0	1	1.014659165245518	-1.0024491918474981e-28	230.0	14	1.05	0.95				
	114	2	115.19049978456141	23.156853049473686	0.0	0.0	1	1.05	3.6486723305900512	230.0	16	1.05	0.95				
	115	2	188.2236517098246	38.000989619649125	0.0	0.0	1	1.0401222466876954	14.49607890021514	230.0	16	1.05	0.95				
	116	2	59.37654628070176	11.875309256140353	0.0	0.0	1	1.042517019656309	12.884534443246375	230.0	16	1.05	0.95				
	117	1	0.0	0.0	0.0	0.0	1	1.039740725317437	18.39056730237678	230.0	17	1.05	0.95				
	118	2	197.72389911473687	40.3760514708772	0.0	0.0	1	1.0467850269468908	18.726909723144733	230.0	17	1.05	0.95				
	119	1	107.47154876807019	21.96932212385965	0.0	0.0	1	1.0401300764527779	9.166107759990295	230.0	15	1.05	0.95				
	120	1	76.00197923929825	15.437902032982459	0.0	0.0	1	1.0455514030291067	7.064882046336298	230.0	15	1.05	0.95				
	121	2	0.0	0.0	0.0	0.0	1	1.0419248528237985	20.49008923342364	230.0	17	1.05	0.95				
	122	2	0.0	0.0	0.0	0.0	1	1.05	38.46240061294452	230.0	17	1.05	0.95				
	123	2	0.0	0.0	0.0	0.0	1	1.05	6.351927854478699	230.0	15	1.05	0.95				
	124	1	0.0	0.0	0.0	0.0	1	1.0148760405746862	9.47135132817294	230.0	16	1.05	0.95				
	201	2	73.98331495578947	15.07067526877193	0.0	0.0	2	1.0317570028701581	-19.729433415665568	138.0	21	1.05	0.95				
	202	2	66.4479773214035	13.700613880701754	0.0	0.0	2	1.0323623729479032	-19.771572734384545	138.0	22	1.05	0.95				
	203	1	123.3055249263158	25.346135679298243	0.0	0.0	2	1.0135049155045772	-16.230399333525106	138.0	21	1.05	0.95				
	204	1	50.692271358596486	10.275460410526314	0.0	0.0	2	1.0154685625707407	-21.349180988076846	138.0	21	1.05	0.95				
	205	1	48.637179276491224	9.590429716491228	0.0	0.0	2	1.0321234054541228	-21.815403680099315	138.0	21	1.05	0.95				
	206	1	93.16417438877193	19.180859432982455	0.0	-100.0	2	1.0384994043558553	-23.621455842355473	138.0	22	1.05	0.95				
	207	2	85.62883675438596	17.12576735087719	0.0	0.0	2	0.9729051564485836	-33.748103776857576	138.0	22	1.05	0.95				
	208	1	117.14024867999998	23.976074291228066	0.0	0.0	2	0.9750773003968366	-30.381939654986695	138.0	22	1.05	0.95				
	209	1	119.88037145614034	24.661104985263155	0.0	0.0	2	1.0230386568565009	-19.85038924625561	138.0	23	1.05	0.95				
	210	1	133.58098533684208	27.401227761403508	0.0	0.0	2	1.05	-21.761797853924673	138.0	23	1.05	0.95				
	211	1	0.0	0.0	0.0	0.0	2	1.0257467323379863	-15.491553907195225	230.0	23	1.05	0.95				
	212	1	0.0	0.0	0.0	0.0	2	1.0177874043584352	-14.274881218681507	230.0	23	1.05	0.95				
	213	2	181.53313391929822	36.991657477894734	0.0	0.0	2	1.034538258569492	-13.727814895017778	230.0	24	1.05	0.95				
	214	2	132.895954642807	26.71619706736842	0.0	0.0	2	1.042083981980077	-11.888601686678197	230.0	26	1.05	0.95				
	215	2	217.15473000912277	43.84196441824561	0.0	0.0	2	1.0425499722622127	-2.3552331049401354	230.0	26	1.05	0.95				
	216	2	68.50306940350876	13.700613880701754	0.0	0.0	2	1.0464371536741013	-2.5634111495346614	230.0	26	1.05	0.95				
	217	1	0.0	0.0	0.0	0.0	2	1.048282971418802	0.8305098371326213	230.0	27	1.05	0.95				
	218	2	228.11522111368419	46.58208719438596	0.0	0.0	2	1.048724059595345	0.7932126076222342	230.0	27	1.05	0.95				
	219	1	123.99055562035086	25.346135679298243	0.0	0.0	2	1.0432506346466774	-2.8124386210271846	230.0	25	1.05	0.95				
	220	1	87.68392883649122	17.81079804491228	0.0	0.0	2	1.046280024692439	-1.745838178780835	230.0	25	1.05	0.95				
	221	2	0.0	0.0	0.0	0.0	2	1.0481604394073998	0.5156764978051871	230.0	27	1.05	0.95				
	222	2	0.0	0.0	0.0	0.0	2	1.05	7.150477422610028	230.0	27	1.05	0.95				
	223	2	0.0	0.0	0.0	0.0	2	1.05	-0.6630620029543481	230.0	25	1.05	0.95				
	224	1	0.0	0.0	0.0	0.0	2	1.0140070884128447	-7.469114824458696	230.0	26	1.05	0.95				
	301	2	60.218285343157895	12.26668775508772	0.0	0.0	3	1.0340229052868155	2.7576038427120646	138.0	31	1.05	0.95				
	302	2	54.08494146561404	11.151534322807018	0.0	0.0	3	1.0287634270859378	2.413981027555385	138.0	32	1.05	0.95				
	303	1	100.36380890526316	20.630338497192984	0.0	0.0	3	1.05	18.814046501590365	138.0	31	1.05	0.95				
	304	1	41.26067699438597	8.363650742105262	0.0	0.0	3	1.0084888672622991	3.971716924462875	138.0	31	1.05	0.95				
	305	1	39.58794684596491	7.806074025964913	0.0	0.0	3	1.029770702886916	1.9174572655049305	138.0	31	1.05	0.95				
	306	1	75.83043339508772	15.612148051929825	0.0	-100.0	3	1.0331317690457704	0.7975852064141455	138.0	32	1.05	0.95				
	307	2	69.69708951754386	13.939417903508772	0.0	0.0	3	0.9506849368855398	3.057603481576107	138.0	32	1.05	0.95				
	308	1	95.34561846	19.51518506491228	0.0	0.0	3	0.9667970602506369	2.065482296615245	138.0	32	1.05	0.95				
	309	1	97.57592532456141	20.07276178105263	0.0	0.0	3	1.0106454003192962	7.605379290070052	138.0	33	1.05	0.95				
	310	1	108.7274596473684	22.303068645614037	0.0	0.0	3	1.038964905743927	2.8520795520839797	138.0	33	1.05	0.95				
	311	1	0.0	0.0	0.0	0.0	3	0.998270188161947	7.502559920070381	230.0	33	1.05	0.95				
	312	1	0.0	0.0	0.0	0.0	3	1.0022121583214392	8.223469728873114	230.0	33	1.05	0.95				
	313	2	147.757829777193	30.109142671578947	0.0	0.0	3	0.9994702234390195	10.445135692303376	230.0	34	1.05	0.95				
	314	2	108.16988293122807	21.745491929473683	0.0	0.0	3	0.9961074551253964	7.304071582411794	230.0	36	1.05	0.95				
	315	2	176.75181901649123	35.684909832982456	0.0	0.0	3	1.05	10.628410467198078	230.0	36	1.05	0.95				
	316	2	55.75767161403509	11.151534322807018	0.0	0.0	3	1.0376931433913474	10.394864872116614	230.0	36	1.05	0.95				
	317	1	0.0	0.0	0.0	0.0	3	1.05	14.300902349294345	230.0	37	1.05	0.95				
	318	2	185.67304647473685	37.91521669754386	0.0	0.0	3	1.0465309492953183	11.614280193294155	230.0	37	1.05	0.95				
	319	1	100.92138562140352	20.630338497192984	0.0	0.0	3	1.0235691903352468	9.681290882624584	230.0	35	1.05	0.95				
	320	1	71.36981966596491	14.496994619649122	0.0	0.0	3	1.0157544224643758	10.14358674037343	230.0	35	1.05	0.95				
	321	2	0.0	0.0	0.0	0.0	3	1.0494041229968103	11.915621535951148	230.0	37	1.05	0.95				
	322	2	0.0	0.0	0.0	0.0	3	1.05	17.19916582638597	230.0	37	1.05	0.95				
	323	2	0.0	0.0	0.0	0.0	3	1.012776774632705	10.839897440446924	230.0	35	1.05	0.95				
	324	1	0.0	0.0	0.0	0.0	3	1.0472368853283875	13.75845437122481	230.0	36	1.05	0.95				
	325	1	0.0	0.0	0.0	0.0	3	1.0132826339303813	11.675787785119375	230.0	35	1.05	0.95				
];
