%% MATPOWER Case Format : Version 2
function mpc = RTS_GMLC
mpc.version = '2';

%%-----  Power Flow Data  -----%%
%% system MVA base
mpc.baseMVA = 100.0;
%% bus data
%    bus_i    type    Pd    Qd    Gs    Bs    area    Vm    Va    baseKV    zone    Vmax    Vmin
mpc.bus = [
	101	2	39.67837704000001	8.08263236	0.0	0.0	1	1.0169301363121295	-3.2703051270741104	138.0	11	1.05	0.95				
	102	2	35.637060860000005	7.3478476	0.0	0.0	1	1.016561150752729	-3.4717517488694587	138.0	12	1.05	0.95				
	103	1	66.1306284	13.593518060000001	0.0	0.0	1	1.0086112952534612	-0.978363140352228	138.0	11	1.05	0.95				
	104	1	27.187036120000002	5.5108857	0.0	0.0	1	1.0083340324845427	-3.8190953974992374	138.0	11	1.05	0.95				
	105	1	26.084858979999996	5.14349332	0.0	0.0	1	1.0207885470813274	-4.764909600251098	138.0	11	1.05	0.95				
	106	1	49.96536368000001	10.28698664	0.0	-100.0	1	1.0310344503212394	-6.050388637711699	138.0	12	1.05	0.95				
	107	2	45.9240475	9.1848095	0.0	0.0	1	0.9878792501817992	-9.11767621369321	138.0	12	1.05	0.95				
	108	1	62.82409698	12.858733299999999	0.0	0.0	1	0.991877240558509	-8.296087503374013	138.0	12	1.05	0.95				
	109	1	64.2936665	13.22612568	0.0	0.0	1	1.0062909174088848	-3.6512203498620988	138.0	13	1.05	0.95				
	110	1	71.64151410000001	14.6956952	0.0	0.0	1	1.0332942893018748	-5.075862050723316	138.0	13	1.05	0.95				
	111	1	0.0	0.0	0.0	0.0	1	0.9823657746256229	-1.6462195835970121	230.0	13	1.05	0.95				
	112	1	0.0	0.0	0.0	0.0	1	0.9848276836967969	-1.7886802368194825	230.0	13	1.05	0.95				
	113	3	97.3589807	19.839188520000004	0.0	0.0	1	0.9669905960801205	-3.80106461190102e-30	230.0	14	1.05	0.95				
	114	2	71.27412172000001	14.328302820000003	0.0	0.0	1	0.9833132982803094	-0.17608931076840997	230.0	16	1.05	0.95				
	115	2	116.46338446	23.51311232	0.0	0.0	1	0.9953149372997232	5.1573757452519375	230.0	16	1.05	0.95				
	116	2	36.739238	7.3478476	0.0	0.0	1	0.9938583508844215	4.314189723639308	230.0	16	1.05	0.95				
	117	1	0.0	0.0	0.0	0.0	1	1.0019050294897487	7.443598631531322	230.0	17	1.05	0.95				
	118	2	122.34166254	24.982681840000005	0.0	0.0	1	1.0038979277929743	8.055394254794647	230.0	17	1.05	0.95				
	119	1	66.49802078	13.593518060000001	0.0	0.0	1	0.9917186836418445	2.6045973803619353	230.0	15	1.05	0.95				
	120	1	47.02622464	9.552201880000002	0.0	0.0	1	0.9917593968458126	1.3578689784424658	230.0	15	1.05	0.95				
	121	2	0.0	0.0	0.0	0.0	1	1.003999388692618	9.104791234599256	230.0	17	1.05	0.95				
	122	2	0.0	0.0	0.0	0.0	1	1.0241994089236046	15.333989391934523	230.0	17	1.05	0.95				
	123	2	0.0	0.0	0.0	0.0	1	0.992163862633213	0.9754174129409755	230.0	15	1.05	0.95				
	124	1	0.0	0.0	0.0	0.0	1	0.9923177822441823	2.7989453936292343	230.0	16	1.05	0.95				
	201	2	42.49960647157896	8.657327244210528	0.0	0.0	2	1.011851536087879	-9.124994984012968	138.0	21	1.05	0.95				
	202	2	38.17094284947369	7.870297494736844	0.0	0.0	2	1.010561703221445	-9.33792627655577	138.0	22	1.05	0.95				
	203	1	70.83267745263159	14.56005036526316	0.0	0.0	2	0.9990271613418672	-6.995073075116284	138.0	21	1.05	0.95				
	204	1	29.12010073052632	5.902723121052632	0.0	0.0	2	1.0035471191435767	-8.65924376205132	138.0	21	1.05	0.95				
	205	1	27.939556106315795	5.509208246315791	0.0	0.0	2	1.0196366238657664	-8.932914851873102	138.0	21	1.05	0.95				
	206	1	53.51802296421053	11.018416492631582	0.0	-100.0	2	1.032004945845801	-9.328782306124516	138.0	22	1.05	0.95				
	207	2	49.18935934210527	9.837871868421054	0.0	0.0	2	0.9755909091852812	-14.098709067744297	138.0	22	1.05	0.95				
	208	1	67.29104358000001	13.773020615789475	0.0	0.0	2	0.984344823227808	-12.311362413773026	138.0	22	1.05	0.95				
	209	1	68.86510307894737	14.166535490526316	0.0	0.0	2	1.0093381866938163	-6.4317511335869115	138.0	23	1.05	0.95				
	210	1	76.73540057368422	15.740594989473689	0.0	0.0	2	1.0370135448277806	-7.445588417731216	138.0	23	1.05	0.95				
	211	1	0.0	0.0	0.0	0.0	2	0.9887111712168761	-4.281554885049374	230.0	23	1.05	0.95				
	212	1	0.0	0.0	0.0	0.0	2	0.9941985460156522	0.22638070034367133	230.0	23	1.05	0.95				
	213	2	104.28144180526317	21.24980323578948	0.0	0.0	2	0.9857956308339898	-2.080534515580209	230.0	24	1.05	0.95				
	214	2	76.34188569894738	15.347080114736844	0.0	0.0	2	0.9817328138569984	-3.3996792768020434	230.0	26	1.05	0.95				
	215	2	124.74421529157895	25.184951983157898	0.0	0.0	2	0.9911681329063015	1.0004745574116638	230.0	26	1.05	0.95				
	216	2	39.351487473684216	7.870297494736844	0.0	0.0	2	0.9896034071758704	0.41383557493620954	230.0	26	1.05	0.95				
	217	1	0.0	0.0	0.0	0.0	2	0.9972169529411598	1.4979905047905315	230.0	27	1.05	0.95				
	218	2	131.04045328736845	26.759011482105265	0.0	0.0	2	0.9974800660616134	1.2355539342465702	230.0	27	1.05	0.95				
	219	1	71.22619232736844	14.56005036526316	0.0	0.0	2	0.987496102204759	0.6509443039291453	230.0	25	1.05	0.95				
	220	1	50.369903966315796	10.231386743157897	0.0	0.0	2	0.9884438130230087	1.686921091822691	230.0	25	1.05	0.95				
	221	2	0.0	0.0	0.0	0.0	2	0.9999683992666859	1.9719771881860297	230.0	27	1.05	0.95				
	222	2	0.0	0.0	0.0	0.0	2	1.0186980652014714	8.573740217706842	230.0	27	1.05	0.95				
	223	2	0.0	0.0	0.0	0.0	2	0.9897858225062734	2.582363418771736	230.0	25	1.05	0.95				
	224	1	0.0	0.0	0.0	0.0	2	0.9843872921408482	-2.051124849057812	230.0	26	1.05	0.95				
	301	2	49.86586523368421	10.157861436491228	0.0	0.0	3	1.0122673886454787	21.30024015482951	138.0	31	1.05	0.95				
	302	2	44.786934515438595	9.234419487719297	0.0	0.0	3	1.0123035064327546	21.204146444439004	138.0	32	1.05	0.95				
	303	1	83.10977538947368	17.0836760522807	0.0	0.0	3	1.0129122136439357	25.910195040565537	138.0	31	1.05	0.95				
	304	1	34.1673521045614	6.9258146157894735	0.0	0.0	3	1.0057824276128764	22.708492800142217	138.0	31	1.05	0.95				
	305	1	32.7821891814035	6.464093641403509	0.0	0.0	3	1.0210364942243901	22.447329453625137	138.0	31	1.05	0.95				
	306	1	62.79405251649123	12.928187282807018	0.0	-100.0	3	1.0344498660644097	22.54040158772979	138.0	32	1.05	0.95				
	307	2	57.715121798245605	11.543024359649122	0.0	0.0	3	0.9747712387306539	20.43240802125827	138.0	32	1.05	0.95				
	308	1	78.95428661999999	16.16023410350877	0.0	0.0	3	0.991664784891163	22.416130525856314	138.0	32	1.05	0.95				
	309	1	80.80117051754385	16.621955077894736	0.0	0.0	3	1.015364120737571	25.874232139388102	138.0	33	1.05	0.95				
	310	1	90.03559000526315	18.468838975438594	0.0	0.0	3	1.0423456564798466	25.104368269768788	138.0	33	1.05	0.95				
	311	1	0.0	0.0	0.0	0.0	3	0.9924740901410686	29.29647553018481	230.0	33	1.05	0.95				
	312	1	0.0	0.0	0.0	0.0	3	1.0000657291994928	29.9019341450498	230.0	33	1.05	0.95				
	313	2	122.35605821228069	24.932932616842105	0.0	0.0	3	1.0013067825421622	35.27713865289958	230.0	34	1.05	0.95				
	314	2	89.57386903087719	18.00711800105263	0.0	0.0	3	0.9811002197009542	27.9792005466859	230.0	36	1.05	0.95				
	315	2	146.36554888035087	29.550142360701752	0.0	0.0	3	0.9921953039787843	21.881963992163115	230.0	36	1.05	0.95				
	316	2	46.17209743859649	9.234419487719297	0.0	0.0	3	0.9832640676417315	22.79757362096302	230.0	36	1.05	0.95				
	317	1	0.0	0.0	0.0	0.0	3	0.9952803549222751	21.772137952650734	230.0	37	1.05	0.95				
	318	2	153.75308447052632	31.397026258245614	0.0	0.0	3	0.9951510717186854	19.67814385846619	230.0	37	1.05	0.95				
	319	1	83.57149636385964	17.0836760522807	0.0	0.0	3	0.9892646311593878	24.628649782724132	230.0	35	1.05	0.95				
	320	1	59.100284721403504	12.004745334035087	0.0	0.0	3	0.9947580509423732	25.521205150009433	230.0	35	1.05	0.95				
	321	2	0.0	0.0	0.0	0.0	3	0.9999427841338041	21.020292859525615	230.0	37	1.05	0.95				
	322	2	0.0	0.0	0.0	0.0	3	1.015804894147242	25.822205367124422	230.0	37	1.05	0.95				
	323	2	0.0	0.0	0.0	0.0	3	0.9966796873500725	25.509983810600108	230.0	35	1.05	0.95				
	324	1	0.0	0.0	0.0	0.0	3	1.0000264560760932	25.456004781360818	230.0	36	1.05	0.95				
	325	1	0.0	0.0	0.0	0.0	3	0.9976839028559815	24.1247638942806	230.0	35	1.05	0.95				
];
