%% MATPOWER Case Format : Version 2
function mpc = RTS_GMLC
mpc.version = '2';

%%-----  Power Flow Data  -----%%
%% system MVA base
mpc.baseMVA = 100.0;
%% bus data
%    bus_i    type    Pd    Qd    Gs    Bs    area    Vm    Va    baseKV    zone    Vmax    Vmin
mpc.bus = [
	101	2	40.092528467368425	8.166996539649123	0.0	0.0	1	1.0223314116986784	0.30612985121799896	138.0	11	1.05	0.95				
	102	2	36.00903019754386	7.4245423087719296	0.0	0.0	1	1.01994610390524	-0.3592596511388184	138.0	12	1.05	0.95				
	103	1	66.82088077894737	13.73540327122807	0.0	0.0	1	1.0265115716441544	3.083907914086879	138.0	11	1.05	0.95				
	104	1	27.47080654245614	5.568406731578947	0.0	0.0	1	1.0160079799739732	-1.9172708168089923	138.0	11	1.05	0.95				
	105	1	26.357125196140352	5.197179616140351	0.0	0.0	1	1.0314299148638948	-2.0043302107375003	138.0	11	1.05	0.95				
	106	1	50.48688769964913	10.394359232280703	0.0	-100.0	1	1.0444739549284836	-3.829170479645648	138.0	12	1.05	0.95				
	107	2	46.40338942982456	9.280677885964913	0.0	0.0	1	0.9984573809294713	-11.161875605606543	138.0	12	1.05	0.95				
	108	1	63.479836739999996	12.992949040350876	0.0	0.0	1	1.0030149647021571	-8.578260169704933	138.0	12	1.05	0.95				
	109	1	64.96474520175438	13.364176155789472	0.0	0.0	1	1.0228325518184413	-1.6494208722686727	138.0	13	1.05	0.95				
	110	1	72.38928751052632	14.849084617543859	0.0	0.0	1	1.05	-3.141252471240057	138.0	13	1.05	0.95				
	111	1	0.0	0.0	0.0	0.0	1	1.0042959791639687	0.8764901424986998	230.0	13	1.05	0.95				
	112	1	0.0	0.0	0.0	0.0	1	1.0082934945583162	-0.49048651521755987	230.0	13	1.05	0.95				
	113	3	98.37518559122806	20.046264233684212	0.0	0.0	1	0.9972925761645999	1.0038724841480906e-28	230.0	14	1.05	0.95				
	114	2	72.01806039508772	14.477857502105262	0.0	0.0	1	1.0069185280632285	5.024647177002802	230.0	16	1.05	0.95				
	115	2	117.67899559403507	23.758535388070175	0.0	0.0	1	1.0367102136494726	15.073205586098322	230.0	16	1.05	0.95				
	116	2	37.12271154385965	7.4245423087719296	0.0	0.0	1	1.02882134579053	13.054814109974	230.0	16	1.05	0.95				
	117	1	0.0	0.0	0.0	0.0	1	1.035617461232335	19.370559138238352	230.0	17	1.05	0.95				
	118	2	123.61862944105265	25.243443849824565	0.0	0.0	1	1.0484078108345243	20.072114522785707	230.0	17	1.05	0.95				
	119	1	67.19210789438597	13.73540327122807	0.0	0.0	1	1.017147332494084	8.258042448082488	230.0	15	1.05	0.95				
	120	1	47.51707077614035	9.65190500140351	0.0	0.0	1	1.0145741100796077	4.774466775978435	230.0	15	1.05	0.95				
	121	2	0.0	0.0	0.0	0.0	1	1.048843231528281	21.651926525489955	230.0	17	1.05	0.95				
	122	2	0.0	0.0	0.0	0.0	1	1.05	39.552168460874995	230.0	17	1.05	0.95				
	123	2	0.0	0.0	0.0	0.0	1	1.014530671072355	3.1460554575528183	230.0	15	1.05	0.95				
	124	1	0.0	0.0	0.0	0.0	1	1.0179179996105303	10.57932087652187	230.0	16	1.05	0.95				
	201	2	41.19061861894737	8.390681570526317	0.0	0.0	2	1.0082607670971149	-18.6219198650011	138.0	21	1.05	0.95				
	202	2	36.99527783368421	7.627892336842107	0.0	0.0	2	1.0074107542151916	-18.94046791984404	138.0	22	1.05	0.95				
	203	1	68.65103103157895	14.111600823157897	0.0	0.0	2	1.0134903600776268	-13.731403656810254	138.0	21	1.05	0.95				
	204	1	28.223201646315793	5.720919252631579	0.0	0.0	2	1.0097240902430324	-18.73486471993413	138.0	21	1.05	0.95				
	205	1	27.079017795789472	5.339524635789475	0.0	0.0	2	1.0245176940793534	-19.249047145279025	138.0	21	1.05	0.95				
	206	1	51.86966789052633	10.67904927157895	0.0	-100.0	2	1.0416313755783688	-20.092508937878215	138.0	22	1.05	0.95				
	207	2	47.67432710526316	9.534865421052633	0.0	0.0	2	0.9908814650268115	-24.556323141211777	138.0	22	1.05	0.95				
	208	1	65.21847948	13.348811589473684	0.0	0.0	2	0.9993710936372227	-22.878916881261677	138.0	22	1.05	0.95				
	209	1	66.74405794736843	13.73020620631579	0.0	0.0	2	1.0222877068079212	-16.977784826725287	138.0	23	1.05	0.95				
	210	1	74.37195028421053	15.255784673684214	0.0	0.0	2	1.05	-18.641048938503847	138.0	23	1.05	0.95				
	211	1	0.0	0.0	0.0	0.0	2	1.0056556146514806	-14.256593340420936	230.0	23	1.05	0.95				
	212	1	0.0	0.0	0.0	0.0	2	1.0130600892832384	-14.054904090944856	230.0	23	1.05	0.95				
	213	2	101.06957346315791	20.595309309473684	0.0	0.0	2	1.0042333192610073	-13.485580961352465	230.0	24	1.05	0.95				
	214	2	73.99055566736843	14.874390056842108	0.0	0.0	2	1.0046728502625668	-11.263497507769703	230.0	26	1.05	0.95				
	215	2	120.90209353894738	24.40925547789474	0.0	0.0	2	1.02226522468266	-3.819860009119523	230.0	26	1.05	0.95				
	216	2	38.13946168421053	7.627892336842107	0.0	0.0	2	1.0247612539274575	-4.767216400578482	230.0	26	1.05	0.95				
	217	1	0.0	0.0	0.0	0.0	2	1.0268450102664437	-2.2306543117630286	230.0	27	1.05	0.95				
	218	2	127.00440740842107	25.934833945263165	0.0	0.0	2	1.0265912201151695	-2.724328015798331	230.0	27	1.05	0.95				
	219	1	69.03242564842105	14.111600823157897	0.0	0.0	2	1.0314098096086295	-6.166525903385122	230.0	25	1.05	0.95				
	220	1	48.81851095578948	9.916260037894737	0.0	0.0	2	1.039794933082448	-6.62895709624457	230.0	25	1.05	0.95				
	221	2	0.0	0.0	0.0	0.0	2	1.0286658727969111	-2.2857284238221656	230.0	27	1.05	0.95				
	222	2	0.0	0.0	0.0	0.0	2	1.0499999410542296	4.226230464276689	230.0	27	1.05	0.95				
	223	2	0.0	0.0	0.0	0.0	2	1.0446584656153113	-6.596814178470439	230.0	25	1.05	0.95				
	224	1	0.0	0.0	0.0	0.0	2	1.0068123870987156	-7.537502607762785	230.0	26	1.05	0.95				
	301	2	44.450490353684216	9.054729516491228	0.0	0.0	3	1.0333669819681346	10.762537605524933	138.0	31	1.05	0.95				
	302	2	39.9231255954386	8.231572287719299	0.0	0.0	3	1.0306157216637801	10.423896183673937	138.0	32	1.05	0.95				
	303	1	74.08415058947368	15.228408732280702	0.0	0.0	3	1.0498275341686223	25.45613010256669	138.0	31	1.05	0.95				
	304	1	30.456817464561404	6.173679215789473	0.0	0.0	3	1.0177093358598046	11.563215496387558	138.0	31	1.05	0.95				
	305	1	29.22208162140351	5.762100601403509	0.0	0.0	3	1.036871998805012	9.341680651476828	138.0	31	1.05	0.95				
	306	1	55.97469155649124	11.524201202807019	0.0	-100.0	3	1.0462667530235994	8.03634829022705	138.0	32	1.05	0.95				
	307	2	51.44732679824562	10.289465359649123	0.0	0.0	3	0.95	4.609434743729581	138.0	32	1.05	0.95				
	308	1	70.37994306	14.405251503508772	0.0	0.0	3	0.9735139828814797	6.331488816652864	138.0	32	1.05	0.95				
	309	1	72.02625751754387	14.816830117894735	0.0	0.0	3	1.0195015320923235	14.21205776103616	138.0	33	1.05	0.95				
	310	1	80.25782980526316	16.463144575438598	0.0	0.0	3	1.05	9.206880423347972	138.0	33	1.05	0.95				
	311	1	0.0	0.0	0.0	0.0	3	1.0064891463530274	12.4827142271403	230.0	33	1.05	0.95				
	312	1	0.0	0.0	0.0	0.0	3	1.0126989927865244	13.336516608809072	230.0	33	1.05	0.95				
	313	2	109.0683328122807	22.225245176842108	0.0	0.0	3	1.0094213616099925	14.99790028822349	230.0	34	1.05	0.95				
	314	2	79.8462511908772	16.05156596105263	0.0	0.0	3	0.9980943371197893	11.152055772909373	230.0	36	1.05	0.95				
	315	2	130.4704207603509	26.34103132070176	0.0	0.0	3	1.0443518784699157	12.027162885068986	230.0	36	1.05	0.95				
	316	2	41.15786143859649	8.231572287719299	0.0	0.0	3	1.0259401296867794	11.779081202608728	230.0	36	1.05	0.95				
	317	1	0.0	0.0	0.0	0.0	3	1.0466937722604834	13.173502226270003	230.0	37	1.05	0.95				
	318	2	137.05567859052633	27.98734577824562	0.0	0.0	3	1.05	10.838572428333869	230.0	37	1.05	0.95				
	319	1	74.49572920385965	15.228408732280702	0.0	0.0	3	1.0198668639768687	12.027607183035155	230.0	35	1.05	0.95				
	320	1	52.68206264140352	10.70104397403509	0.0	0.0	3	1.0173623789259918	13.061012641664533	230.0	35	1.05	0.95				
	321	2	0.0	0.0	0.0	0.0	3	1.05	11.837750778449644	230.0	37	1.05	0.95				
	322	2	0.0	0.0	0.0	0.0	3	1.05	16.705041925153374	230.0	37	1.05	0.95				
	323	2	0.0	0.0	0.0	0.0	3	1.0168016888683635	13.95588628785856	230.0	35	1.05	0.95				
	324	1	0.0	0.0	0.0	0.0	3	1.041911214460758	17.16213570403678	230.0	36	1.05	0.95				
	325	1	0.0	0.0	0.0	0.0	3	1.0182856425400726	14.630568114456105	230.0	35	1.05	0.95				
];
