%% MATPOWER Case Format : Version 2
function mpc = RTS_GMLC
mpc.version = '2';

%%-----  Power Flow Data  -----%%
%% system MVA base
mpc.baseMVA = 100.0;
%% bus data
%    bus_i    type    Pd    Qd    Gs    Bs    area    Vm    Va    baseKV    zone    Vmax    Vmin
mpc.bus = [
	101	2	41.802572993684215	8.515338943157895	0.0	0.0	1	1.0217807854093832	4.079981117565697	138.0	11	1.05	0.95				
	102	2	37.544903522105265	7.741217221052632	0.0	0.0	1	1.0206074591829961	3.7860786449457215	138.0	12	1.05	0.95				
	103	1	69.67095498947369	14.32125185894737	0.0	0.0	1	1.0305261237209409	3.3507400357462727	138.0	11	1.05	0.95				
	104	1	28.64250371789474	5.805912915789474	0.0	0.0	1	1.0168148338738912	0.5373607378887806	138.0	11	1.05	0.95				
	105	1	27.48132113473684	5.418852054736843	0.0	0.0	1	1.0301824832691777	0.6772406093622302	138.0	11	1.05	0.95				
	106	1	52.640277103157906	10.837704109473686	0.0	-100.0	1	1.0433454308687653	-1.6587355692393346	138.0	12	1.05	0.95				
	107	2	48.38260763157895	9.67652152631579	0.0	0.0	1	0.9856626695819725	-7.310640076321251	138.0	12	1.05	0.95				
	108	1	66.18740724000001	13.547130136842107	0.0	0.0	1	0.9971035457816741	-5.8382589121961175	138.0	12	1.05	0.95				
	109	1	67.73565068421053	13.934190997894738	0.0	0.0	1	1.025499592922892	-0.5106373196713138	138.0	13	1.05	0.95				
	110	1	75.47686790526316	15.482434442105264	0.0	0.0	1	1.05	-1.5075780899935058	138.0	13	1.05	0.95				
	111	1	0.0	0.0	0.0	0.0	1	1.0143648335819864	1.124864856021422	230.0	13	1.05	0.95				
	112	1	0.0	0.0	0.0	0.0	1	1.0110032873039048	0.43231240746118693	230.0	13	1.05	0.95				
	113	3	102.57112817894738	20.901286496842108	0.0	0.0	1	0.9894587453760245	1.9793453409527952e-30	230.0	14	1.05	0.95				
	114	2	75.08980704421053	15.095373581052632	0.0	0.0	1	1.037367489117676	4.199129782186894	230.0	16	1.05	0.95				
	115	2	122.69829295368422	24.771895107368422	0.0	0.0	1	1.0448413906432708	12.34747810923992	230.0	16	1.05	0.95				
	116	2	38.70608610526316	7.741217221052632	0.0	0.0	1	1.044204169342527	10.964246063675787	230.0	16	1.05	0.95				
	117	1	0.0	0.0	0.0	0.0	1	1.0427351328694119	16.157137768881885	230.0	17	1.05	0.95				
	118	2	128.89126673052633	26.320138551578953	0.0	0.0	1	1.05	16.408341217728328	230.0	17	1.05	0.95				
	119	1	70.05801585052632	14.32125185894737	0.0	0.0	1	1.0390667465472878	7.689629777715245	230.0	15	1.05	0.95				
	120	1	49.543790214736845	10.063582387368422	0.0	0.0	1	1.0392800645392997	5.570653136364056	230.0	15	1.05	0.95				
	121	2	0.0	0.0	0.0	0.0	1	1.0424254507250479	17.631147218782964	230.0	17	1.05	0.95				
	122	2	0.0	0.0	0.0	0.0	1	1.05	35.59933268323449	230.0	17	1.05	0.95				
	123	2	0.0	0.0	0.0	0.0	1	1.0399789757558908	4.696505358518418	230.0	15	1.05	0.95				
	124	1	0.0	0.0	0.0	0.0	1	1.0281133246685668	8.993134728997326	230.0	16	1.05	0.95				
	201	2	40.578624265263166	8.266016054035088	0.0	0.0	2	1.0183451523220892	-9.107424897525737	138.0	21	1.05	0.95				
	202	2	36.44561623824561	7.5145600491228075	0.0	0.0	2	1.0183982621113767	-9.158730374706511	138.0	22	1.05	0.95				
	203	1	67.63104044210526	13.901936090877193	0.0	0.0	2	1.0130892278989863	-7.198017055113327	138.0	21	1.05	0.95				
	204	1	27.803872181754386	5.635920036842105	0.0	0.0	2	1.0148980015668099	-9.852693034325354	138.0	21	1.05	0.95				
	205	1	26.676688174385966	5.260192034385965	0.0	0.0	2	1.0297394808595657	-10.147590039553325	138.0	21	1.05	0.95				
	206	1	51.09900833403509	10.52038406877193	0.0	-100.0	2	1.0443619638856676	-11.145383616550337	138.0	22	1.05	0.95				
	207	2	46.96600030701754	9.393200061403508	0.0	0.0	2	0.9946173185758228	-16.084822450197308	138.0	22	1.05	0.95				
	208	1	64.24948842	13.150480085964912	0.0	0.0	2	1.0017478321531514	-14.424422749805382	138.0	22	1.05	0.95				
	209	1	65.75240042982456	13.526208088421052	0.0	0.0	2	1.0221492253378772	-8.858187304897728	138.0	23	1.05	0.95				
	210	1	73.26696047894737	15.029120098245615	0.0	0.0	2	1.05	-9.983882779621808	138.0	23	1.05	0.95				
	211	1	0.0	0.0	0.0	0.0	2	1.0038514736639337	-6.302967226221574	230.0	23	1.05	0.95				
	212	1	0.0	0.0	0.0	0.0	2	1.0066342779644013	-5.540082941480318	230.0	23	1.05	0.95				
	213	2	99.5679206508772	20.289312132631583	0.0	0.0	2	0.9972451884615479	-5.061240191625611	230.0	24	1.05	0.95				
	214	2	72.89123247649123	14.653392095789474	0.0	0.0	2	1.0039227717863775	-4.143543463477431	230.0	26	1.05	0.95				
	215	2	119.10577677859648	24.046592157192983	0.0	0.0	2	1.0212476136719342	1.1908502180736902	230.0	26	1.05	0.95				
	216	2	37.57280024561403	7.5145600491228075	0.0	0.0	2	1.023571335108817	1.1679443776366325	230.0	26	1.05	0.95				
	217	1	0.0	0.0	0.0	0.0	2	1.031459554199038	2.6613218257233013	230.0	27	1.05	0.95				
	218	2	125.11742481789474	25.549504167017545	0.0	0.0	2	1.029736144428568	2.2121295887453214	230.0	27	1.05	0.95				
	219	1	68.0067684445614	13.901936090877193	0.0	0.0	2	1.0232774106943407	1.164093234407419	230.0	25	1.05	0.95				
	220	1	48.093184314385965	9.76892806385965	0.0	0.0	2	1.0252854507563154	1.8998750873227064	230.0	25	1.05	0.95				
	221	2	0.0	0.0	0.0	0.0	2	1.0301636088928452	2.6727026889271603	230.0	27	1.05	0.95				
	222	2	0.0	0.0	0.0	0.0	2	1.05	9.161430901396415	230.0	27	1.05	0.95				
	223	2	0.0	0.0	0.0	0.0	2	1.0268909093041783	2.5939697332065643	230.0	25	1.05	0.95				
	224	1	0.0	0.0	0.0	0.0	2	1.007744651746913	-1.9551896699386857	230.0	26	1.05	0.95				
	301	2	45.16798482947369	9.20088579859649	0.0	0.0	3	1.0086225236643263	-15.015037480760087	138.0	31	1.05	0.95				
	302	2	40.56754193017544	8.36444163508772	0.0	0.0	3	1.0083801270688986	-15.106136690520717	138.0	32	1.05	0.95				
	303	1	75.27997471578948	15.474217024912281	0.0	0.0	3	1.022683994978236	-10.174204139464377	138.0	31	1.05	0.95				
	304	1	30.948434049824563	6.27333122631579	0.0	0.0	3	1.0110235111341879	-13.613663196019678	138.0	31	1.05	0.95				
	305	1	29.6937678045614	5.855109144561403	0.0	0.0	3	1.023890640119215	-14.393629289158472	138.0	31	1.05	0.95				
	306	1	56.878203118596495	11.710218289122807	0.0	-100.0	3	1.040831243183992	-14.547929538853928	138.0	32	1.05	0.95				
	307	2	52.277760219298244	10.45555204385965	0.0	0.0	3	0.9954099688606526	-19.027544468844688	138.0	32	1.05	0.95				
	308	1	71.51597598000001	14.637772861403509	0.0	0.0	3	1.0013734160531247	-17.14948527717868	138.0	32	1.05	0.95				
	309	1	73.18886430701754	15.055994943157893	0.0	0.0	3	1.0262665563667073	-10.680610733312802	138.0	33	1.05	0.95				
	310	1	81.55330594210525	16.72888327017544	0.0	0.0	3	1.05	-12.425914497099747	138.0	33	1.05	0.95				
	311	1	0.0	0.0	0.0	0.0	3	1.0075697043746106	-6.877773266426499	230.0	33	1.05	0.95				
	312	1	0.0	0.0	0.0	0.0	3	1.0094046073167096	-6.211071439427344	230.0	33	1.05	0.95				
	313	2	110.82885166491228	22.583992414736844	0.0	0.0	3	1.008753722839689	-3.215725722243888	230.0	34	1.05	0.95				
	314	2	81.13508386035087	16.31066118842105	0.0	0.0	3	1.008626778070292	-5.298747338661436	230.0	36	1.05	0.95				
	315	2	132.57639991614033	26.7662132322807	0.0	0.0	3	1.0325077303775974	-1.4236909189043623	230.0	36	1.05	0.95				
	316	2	41.8222081754386	8.36444163508772	0.0	0.0	3	1.0315243396106044	-0.5647609466430494	230.0	36	1.05	0.95				
	317	1	0.0	0.0	0.0	0.0	3	1.0393038875149354	1.8568448803344808	230.0	37	1.05	0.95				
	318	2	139.26795322421052	28.439101559298248	0.0	0.0	3	1.0365824615850352	0.844548095453221	230.0	37	1.05	0.95				
	319	1	75.69819679754386	15.474217024912281	0.0	0.0	3	1.02613753306638	-0.8960391924959501	230.0	35	1.05	0.95				
	320	1	53.5324264645614	10.873774125614036	0.0	0.0	3	1.024196936174206	-0.3676446919980351	230.0	35	1.05	0.95				
	321	2	0.0	0.0	0.0	0.0	3	1.0375101539078628	0.6552607482584651	230.0	37	1.05	0.95				
	322	2	0.0	0.0	0.0	0.0	3	1.049999996594817	5.4388950066881305	230.0	37	1.05	0.95				
	323	2	0.0	0.0	0.0	0.0	3	1.023768146589927	0.24866322309508218	230.0	35	1.05	0.95				
	324	1	0.0	0.0	0.0	0.0	3	1.0178706659250794	-4.700615704116761	230.0	36	1.05	0.95				
	325	1	0.0	0.0	0.0	0.0	3	1.0195667169863967	1.7012156013261759	230.0	35	1.05	0.95				
];
