%% MATPOWER Case Format : Version 2
function mpc = RTS_GMLC
mpc.version = '2';

%%-----  Power Flow Data  -----%%
%% system MVA base
mpc.baseMVA = 100.0;
%% bus data
%    bus_i    type    Pd    Qd    Gs    Bs    area    Vm    Va    baseKV    zone    Vmax    Vmin
mpc.bus = [
	101	2	58.02127658526316	11.819148934035088	0.0	0.0	1	1.0024285702908047	-4.846124610151013	138.0	11	1.05	0.95				
	102	2	52.11170211824562	10.744680849122808	0.0	0.0	1	1.0014401835018545	-5.125045617577217	138.0	12	1.05	0.95				
	103	1	96.70212764210527	19.877659570877192	0.0	0.0	1	1.0236637901948373	0.3888963069232463	138.0	11	1.05	0.95				
	104	1	39.755319141754384	8.058510636842104	0.0	0.0	1	1.0095068331560382	-5.235996193138284	138.0	11	1.05	0.95				
	105	1	38.14361701438597	7.521276594385966	0.0	0.0	1	1.0192222821260912	-6.551703139414911	138.0	11	1.05	0.95				
	106	1	73.0638297740351	15.042553188771931	0.0	-100.0	1	1.035400145338307	-8.076676067180008	138.0	12	1.05	0.95				
	107	2	67.15425530701755	13.430851061403509	0.0	0.0	1	0.9914756989615601	-12.25443042888347	138.0	12	1.05	0.95				
	108	1	91.86702126	18.803191485964913	0.0	0.0	1	0.9958656198643866	-11.029802688036876	138.0	12	1.05	0.95				
	109	1	94.01595742982455	19.34042552842105	0.0	0.0	1	1.0265650014314205	-4.267473801855121	138.0	13	1.05	0.95				
	110	1	104.76063827894737	21.489361698245617	0.0	0.0	1	1.05	-6.506054485485436	138.0	13	1.05	0.95				
	111	1	0.0	0.0	0.0	0.0	1	1.023467439436716	-1.0007779365101839	230.0	13	1.05	0.95				
	112	1	0.0	0.0	0.0	0.0	1	1.018986116738753	-1.8165638015576928	230.0	13	1.05	0.95				
	113	3	142.3670212508772	29.01063829263158	0.0	0.0	1	1.0120743137673553	2.6449486887178773e-28	230.0	14	1.05	0.95				
	114	2	104.22340423649123	20.952127655789475	0.0	0.0	1	1.05	2.3966842549139122	230.0	16	1.05	0.95				
	115	2	170.3031914585965	34.382978717192984	0.0	0.0	1	1.0410277827659582	12.371560378445674	230.0	16	1.05	0.95				
	116	2	53.723404245614034	10.744680849122808	0.0	0.0	1	1.0427450276238308	10.658387886121451	230.0	16	1.05	0.95				
	117	1	0.0	0.0	0.0	0.0	1	1.0410148847957263	16.971335209672137	230.0	17	1.05	0.95				
	118	2	178.89893613789474	36.53191488701755	0.0	0.0	1	1.05	17.719487520625744	230.0	17	1.05	0.95				
	119	1	97.23936168456142	19.877659570877192	0.0	0.0	1	1.0408907459512144	6.770431879712687	230.0	15	1.05	0.95				
	120	1	68.76595743438597	13.96808510385965	0.0	0.0	1	1.0457366812823807	3.8938299781924197	230.0	15	1.05	0.95				
	121	2	0.0	0.0	0.0	0.0	1	1.0449017966725078	19.22523271812248	230.0	17	1.05	0.95				
	122	2	0.0	0.0	0.0	0.0	1	1.05	37.1724264925266	230.0	17	1.05	0.95				
	123	2	0.0	0.0	0.0	0.0	1	1.05	2.7165581715810694	230.0	15	1.05	0.95				
	124	1	0.0	0.0	0.0	0.0	1	1.0195133612923468	7.910179887574323	230.0	16	1.05	0.95				
	201	2	51.06752715789473	10.40264442105263	0.0	0.0	2	1.0129201480325902	-11.863930263886912	138.0	21	1.05	0.95				
	202	2	45.866204947368416	9.45694947368421	0.0	0.0	2	1.0121396245187764	-12.093950254577807	138.0	22	1.05	0.95				
	203	1	85.11254526315788	17.49535652631579	0.0	0.0	2	1.013617830052291	-9.312338513847225	138.0	21	1.05	0.95				
	204	1	34.99071305263158	7.092712105263158	0.0	0.0	2	1.011038136009698	-11.20377578062086	138.0	21	1.05	0.95				
	205	1	33.57217063157894	6.619864631578948	0.0	0.0	2	1.0254027706911237	-11.539096479733086	138.0	21	1.05	0.95				
	206	1	64.30725642105263	13.239729263157896	0.0	-100.0	2	1.0401813983002237	-11.924292863848779	138.0	22	1.05	0.95				
	207	2	59.105934210526314	11.821186842105263	0.0	0.0	2	0.9955446856530852	-17.701116710772634	138.0	22	1.05	0.95				
	208	1	80.856918	16.549661578947365	0.0	0.0	2	0.9988364696943076	-15.518852849330619	138.0	22	1.05	0.95				
	209	1	82.74830789473684	17.022509052631577	0.0	0.0	2	1.0247305513672864	-8.528988254890965	138.0	23	1.05	0.95				
	210	1	92.20525736842104	18.91389894736842	0.0	0.0	2	1.05	-9.694444531742812	138.0	23	1.05	0.95				
	211	1	0.0	0.0	0.0	0.0	2	1.0084691771023888	-5.754351769355249	230.0	23	1.05	0.95				
	212	1	0.0	0.0	0.0	0.0	2	1.0136980377066895	-0.8322348387762799	230.0	23	1.05	0.95				
	213	2	125.30458052631576	25.533763578947365	0.0	0.0	2	1.0062501628118645	-3.083589459851704	230.0	24	1.05	0.95				
	214	2	91.73240989473683	18.441051473684208	0.0	0.0	2	1.0090723218806688	-4.637394274669201	230.0	26	1.05	0.95				
	215	2	149.89264915789474	30.262238315789467	0.0	0.0	2	1.029859044426696	0.23154438709540526	230.0	26	1.05	0.95				
	216	2	47.28474736842105	9.45694947368421	0.0	0.0	2	1.0288473039264023	-0.16841805507029653	230.0	26	1.05	0.95				
	217	1	0.0	0.0	0.0	0.0	2	1.0368881275876831	1.136177410101277	230.0	27	1.05	0.95				
	218	2	157.4582087368421	32.153628210526314	0.0	0.0	2	1.0349874479082994	0.6613967644979216	230.0	27	1.05	0.95				
	219	1	85.58539273684211	17.49535652631579	0.0	0.0	2	1.0267233804575764	0.4497470897625774	230.0	25	1.05	0.95				
	220	1	60.524476631578935	12.294034315789473	0.0	0.0	2	1.0284953980787443	1.9070884418774807	230.0	25	1.05	0.95				
	221	2	0.0	0.0	0.0	0.0	2	1.0357610034085882	1.3136513890029144	230.0	27	1.05	0.95				
	222	2	0.0	0.0	0.0	0.0	2	1.05	7.7427552889522415	230.0	27	1.05	0.95				
	223	2	0.0	0.0	0.0	0.0	2	1.0307642661593224	3.0667890012778867	230.0	25	1.05	0.95				
	224	1	0.0	0.0	0.0	0.0	2	1.0119519793061889	-3.320387341954204	230.0	26	1.05	0.95				
	301	2	70.05820941473685	14.271116732631578	0.0	0.0	3	0.994508703574106	20.634137899400244	138.0	31	1.05	0.95				
	302	2	62.92265104842105	12.973742484210526	0.0	0.0	3	0.9939984900866409	20.504243904871462	138.0	32	1.05	0.95				
	303	1	116.76368235789474	24.001423595789472	0.0	0.0	3	1.0275126417735752	26.77185906334447	138.0	31	1.05	0.95				
	304	1	48.002847191578944	9.730306863157894	0.0	0.0	3	1.0005993587307604	22.515500892370888	138.0	31	1.05	0.95				
	305	1	46.05678581894737	9.081619738947369	0.0	0.0	3	1.0125530659493662	22.155792175600876	138.0	31	1.05	0.95				
	306	1	88.22144889263159	18.163239477894738	0.0	-100.0	3	1.0301275750349586	22.281943446074518	138.0	32	1.05	0.95				
	307	2	81.08589052631578	16.21717810526316	0.0	0.0	3	0.9895564968264325	18.5981935146406	138.0	32	1.05	0.95				
	308	1	110.92549824	22.704049347368418	0.0	0.0	3	1.0001439056846326	21.5204005790015	138.0	32	1.05	0.95				
	309	1	113.52024673684211	23.352736471578947	0.0	0.0	3	1.0292002554317738	26.7878069237741	138.0	33	1.05	0.95				
	310	1	126.49398922105264	25.94748496842105	0.0	0.0	3	1.05	25.750017924311358	138.0	33	1.05	0.95				
	311	1	0.0	0.0	0.0	0.0	3	1.0180539082983913	32.109561408754764	230.0	33	1.05	0.95				
	312	1	0.0	0.0	0.0	0.0	3	1.0253139911314235	32.82109950381814	230.0	33	1.05	0.95				
	313	2	171.90208791578948	35.029104707368425	0.0	0.0	3	1.0404305849528879	39.11569846510551	230.0	34	1.05	0.95				
	314	2	125.8453020968421	25.29879784421053	0.0	0.0	3	1.0183552933639584	31.698018373736765	230.0	36	1.05	0.95				
	315	2	205.63381837473682	41.515975949473685	0.0	0.0	3	1.040158619208504	27.590087303040036	230.0	36	1.05	0.95				
	316	2	64.86871242105263	12.973742484210526	0.0	0.0	3	1.0402388317841218	28.838472104300543	230.0	36	1.05	0.95				
	317	1	0.0	0.0	0.0	0.0	3	1.05	30.344100826261435	230.0	37	1.05	0.95				
	318	2	216.01281236210528	44.11072444631579	0.0	0.0	3	1.045104295094946	26.670333457923732	230.0	37	1.05	0.95				
	319	1	117.41236948210528	24.001423595789472	0.0	0.0	3	1.0418087867172618	30.10494098068061	230.0	35	1.05	0.95				
	320	1	83.03195189894737	16.865865229473684	0.0	0.0	3	1.0450652566562806	30.883656892197493	230.0	35	1.05	0.95				
	321	2	0.0	0.0	0.0	0.0	3	1.0446515686472468	27.654257323459685	230.0	37	1.05	0.95				
	322	2	0.0	0.0	0.0	0.0	3	1.05	33.05144847635114	230.0	37	1.05	0.95				
	323	2	0.0	0.0	0.0	0.0	3	1.046212357317769	30.874121821847613	230.0	35	1.05	0.95				
	324	1	0.0	0.0	0.0	0.0	3	1.0336292020309794	29.386019889679705	230.0	36	1.05	0.95				
	325	1	0.0	0.0	0.0	0.0	3	1.0473302805207034	29.893323652759953	230.0	35	1.05	0.95				
];
