%% MATPOWER Case Format : Version 2
function mpc = RTS_GMLC
mpc.version = '2';

%%-----  Power Flow Data  -----%%
%% system MVA base
mpc.baseMVA = 100.0;
%% bus data
%    bus_i    type    Pd    Qd    Gs    Bs    area    Vm    Va    baseKV    zone    Vmax    Vmin
mpc.bus = [
	101	2	79.58386936421054	16.211528944561408	0.0	0.0	1	1.05	0.13456117808096693	138.0	11	1.05	0.95				
	102	2	71.47810489192983	14.737753585964915	0.0	0.0	1	1.0495406328173675	-0.13905333434932776	138.0	12	1.05	0.95				
	103	1	132.63978227368423	27.264844134035094	0.0	0.0	1	1.029189344718094	-1.4276957364227505	138.0	11	1.05	0.95				
	104	1	54.52968826807019	11.053315189473684	0.0	0.0	1	1.0263584507336936	-3.7351428486908027	138.0	11	1.05	0.95				
	105	1	52.31902523017544	10.31642751017544	0.0	0.0	1	1.0393047279982484	-4.174999381693238	138.0	11	1.05	0.95				
	106	1	100.21672438456142	20.63285502035088	0.0	-100.0	1	1.0397381786500415	-7.314568187188866	138.0	12	1.05	0.95				
	107	2	92.1109599122807	18.422191982456145	0.0	0.0	1	1.0123888879432428	-11.455328978946616	138.0	12	1.05	0.95				
	108	1	126.00779316000002	25.791068775438596	0.0	0.0	1	1.0025330891537914	-11.29250005929503	138.0	12	1.05	0.95				
	109	1	128.955343877193	26.527956454736845	0.0	0.0	1	1.0265112039250868	-4.8490365433398726	138.0	13	1.05	0.95				
	110	1	143.6930974631579	29.47550717192983	0.0	0.0	1	1.05	-6.311273287198871	138.0	13	1.05	0.95				
	111	1	0.0	0.0	0.0	0.0	1	1.0148201651416302	-2.0482809318783906	230.0	13	1.05	0.95				
	112	1	0.0	0.0	0.0	0.0	1	1.0168267108039295	-1.4664716722691116	230.0	13	1.05	0.95				
	113	3	195.27523501403513	39.79193468210527	0.0	0.0	1	1.0163955874658979	-2.645116960019125e-29	230.0	14	1.05	0.95				
	114	2	142.95620978385966	28.738619492631585	0.0	0.0	1	1.0179574644843232	-0.2736004325386327	230.0	16	1.05	0.95				
	115	2	233.59339433754388	47.160811475087726	0.0	0.0	1	1.044699594427799	7.590397954945423	230.0	16	1.05	0.95				
	116	2	73.68876792982458	14.737753585964915	0.0	0.0	1	1.0420961252334815	6.6990210764761	230.0	16	1.05	0.95				
	117	1	0.0	0.0	0.0	0.0	1	1.0456869945441636	9.875098277492492	230.0	17	1.05	0.95				
	118	2	245.3835972063158	50.10836219228071	0.0	0.0	1	1.0477767033800025	10.522678894801775	230.0	17	1.05	0.95				
	119	1	133.37666995298247	27.264844134035094	0.0	0.0	1	1.0350729105397973	5.161971682256044	230.0	15	1.05	0.95				
	120	1	94.32162295017545	19.15907966175439	0.0	0.0	1	1.0346175435327343	4.73331691039489	230.0	15	1.05	0.95				
	121	2	0.0	0.0	0.0	0.0	1	1.05	12.32012787970962	230.0	17	1.05	0.95				
	122	2	0.0	0.0	0.0	0.0	1	1.05	17.904985850360053	230.0	17	1.05	0.95				
	123	2	0.0	0.0	0.0	0.0	1	1.0362870000145574	5.047819090539564	230.0	15	1.05	0.95				
	124	1	0.0	0.0	0.0	0.0	1	1.0275011600332318	4.232239346136635	230.0	16	1.05	0.95				
	201	2	76.6522902694737	15.614355425263158	0.0	0.0	2	1.0339244359520623	-11.475825731422507	138.0	21	1.05	0.95				
	202	2	68.8451125568421	14.194868568421054	0.0	0.0	2	1.0344487113505343	-11.449988426812427	138.0	22	1.05	0.95				
	203	1	127.75381711578947	26.260506851578945	0.0	0.0	2	1.0190980971398627	-10.126655159383457	138.0	21	1.05	0.95				
	204	1	52.52101370315789	10.64615142631579	0.0	0.0	2	1.017368180554676	-12.717587082221717	138.0	21	1.05	0.95				
	205	1	50.39178341789473	9.936407997894738	0.0	0.0	2	1.0330086072348184	-13.012991322992146	138.0	21	1.05	0.95				
	206	1	96.52510626526318	19.872815995789477	0.0	-100.0	2	1.0384756741429753	-14.526889984066543	138.0	22	1.05	0.95				
	207	2	88.71792855263159	17.743585710526315	0.0	0.0	2	0.9687595844713076	-25.021079380751598	138.0	22	1.05	0.95				
	208	1	121.36612626	24.84101999473684	0.0	0.0	2	0.9719681360612864	-21.52089137305761	138.0	22	1.05	0.95				
	209	1	124.20509997368421	25.550763423157896	0.0	0.0	2	1.0256647726729173	-10.875276672722439	138.0	23	1.05	0.95				
	210	1	138.39996854210526	28.389737136842108	0.0	0.0	2	1.05	-12.328530097828628	138.0	23	1.05	0.95				
	211	1	0.0	0.0	0.0	0.0	2	1.0233240681666473	-7.145807205768956	230.0	23	1.05	0.95				
	212	1	0.0	0.0	0.0	0.0	2	1.0229906221529643	-2.2211022112380703	230.0	23	1.05	0.95				
	213	2	188.08200853157894	38.32614513473685	0.0	0.0	2	1.0306439008909023	-4.429645234739464	230.0	24	1.05	0.95				
	214	2	137.6902251136842	27.67999370842105	0.0	0.0	2	1.0336840434354853	-5.152566355355986	230.0	26	1.05	0.95				
	215	2	224.9886668094737	45.42357941894737	0.0	0.0	2	1.0420317312164502	1.9747201763057345	230.0	26	1.05	0.95				
	216	2	70.97434284210526	14.194868568421054	0.0	0.0	2	1.0432673257248752	2.034096507251251	230.0	26	1.05	0.95				
	217	1	0.0	0.0	0.0	0.0	2	1.0453021746207318	4.375874001191156	230.0	27	1.05	0.95				
	218	2	236.34456166421054	48.26255313263159	0.0	0.0	2	1.0459865668206587	4.652392584391607	230.0	27	1.05	0.95				
	219	1	128.46356054421054	26.260506851578945	0.0	0.0	2	1.0409852676894562	2.2281862538062125	230.0	25	1.05	0.95				
	220	1	90.84715883789474	18.453329138947367	0.0	0.0	2	1.0452423228338465	3.72979714688807	230.0	25	1.05	0.95				
	221	2	0.0	0.0	0.0	0.0	2	1.046104675004428	4.51838010714074	230.0	27	1.05	0.95				
	222	2	0.0	0.0	0.0	0.0	2	1.05	10.97101270560781	230.0	27	1.05	0.95				
	223	2	0.0	0.0	0.0	0.0	2	1.05	5.066500988332885	230.0	25	1.05	0.95				
	224	1	0.0	0.0	0.0	0.0	2	1.0182690441283133	-2.5074113801788602	230.0	26	1.05	0.95				
	301	2	69.80196141473685	14.21891806596491	0.0	0.0	3	1.0011480231954895	3.225577825844913	138.0	31	1.05	0.95				
	302	2	62.69250238175438	12.926289150877194	0.0	0.0	3	1.0031753202160458	3.172659445120718	138.0	32	1.05	0.95				
	303	1	116.33660235789473	23.913634929122807	0.0	0.0	3	1.0144632092346062	6.213580082719643	138.0	31	1.05	0.95				
	304	1	47.827269858245614	9.694716863157895	0.0	0.0	3	1.0027907653469792	5.5443354393404505	138.0	31	1.05	0.95				
	305	1	45.88832648561404	9.048402405614036	0.0	0.0	3	1.0148581845689022	5.507389920140658	138.0	31	1.05	0.95				
	306	1	87.89876622596492	18.096804811228072	0.0	-100.0	3	1.0314413248949452	6.061252630945405	138.0	32	1.05	0.95				
	307	2	80.78930719298245	16.15786143859649	0.0	0.0	3	0.9825297151038701	2.10982589351139	138.0	32	1.05	0.95				
	308	1	110.51977224000001	22.621006014035085	0.0	0.0	3	0.9946924094369227	5.034846980530122	138.0	32	1.05	0.95				
	309	1	113.10503007017543	23.267320471578945	0.0	0.0	3	1.0261386894484235	10.117950532735746	138.0	33	1.05	0.95				
	310	1	126.03131922105261	25.852578301754388	0.0	0.0	3	1.0491485128642892	9.855661552521799	138.0	33	1.05	0.95				
	311	1	0.0	0.0	0.0	0.0	3	1.016134312921202	16.693066667986248	230.0	33	1.05	0.95				
	312	1	0.0	0.0	0.0	0.0	3	1.0221492413914215	18.16328866426012	230.0	33	1.05	0.95				
	313	2	171.2733312491228	34.900980707368426	0.0	0.0	3	1.0470625619296363	26.129166139291012	230.0	34	1.05	0.95				
	314	2	125.38500476350876	25.206263844210525	0.0	0.0	3	1.0182829637352517	14.912338606390678	230.0	36	1.05	0.95				
	315	2	204.88168304140348	41.36412528280702	0.0	0.0	3	1.038745314444213	9.381990352182614	230.0	36	1.05	0.95				
	316	2	64.63144575438596	12.926289150877194	0.0	0.0	3	1.0399290706523903	10.930999906493684	230.0	36	1.05	0.95				
	317	1	0.0	0.0	0.0	0.0	3	1.0428816130329925	9.995478750549085	230.0	37	1.05	0.95				
	318	2	215.22271436210528	43.94938311298246	0.0	0.0	3	1.041050640592775	8.74193043851165	230.0	37	1.05	0.95				
	319	1	116.9829168154386	23.913634929122807	0.0	0.0	3	1.0392144336211186	13.746087163165889	230.0	35	1.05	0.95				
	320	1	82.72825056561403	16.80417589614035	0.0	0.0	3	1.0421194654984935	15.961947951439074	230.0	35	1.05	0.95				
	321	2	0.0	0.0	0.0	0.0	3	1.0415785721359871	9.524518056251917	230.0	37	1.05	0.95				
	322	2	0.0	0.0	0.0	0.0	3	1.05	14.032891020997193	230.0	37	1.05	0.95				
	323	2	0.0	0.0	0.0	0.0	3	1.0438478062691015	16.790429091779092	230.0	35	1.05	0.95				
	324	1	0.0	0.0	0.0	0.0	3	1.0261658344297473	10.120861984923184	230.0	36	1.05	0.95				
	325	1	0.0	0.0	0.0	0.0	3	1.0457700256782363	16.415268470053636	230.0	35	1.05	0.95				
];
