%% MATPOWER Case Format : Version 2
function mpc = RTS_GMLC
mpc.version = '2';

%%-----  Power Flow Data  -----%%
%% system MVA base
mpc.baseMVA = 100.0;
%% bus data
%    bus_i    type    Pd    Qd    Gs    Bs    area    Vm    Va    baseKV    zone    Vmax    Vmin
mpc.bus = [
	101	2	39.999010395789476	8.147946562105263	0.0	0.0	1	1.0166250427971544	-3.412880034357982	138.0	11	1.05	0.95				
	102	2	35.92503711473684	7.407224147368422	0.0	0.0	1	1.0158599069923047	-3.5996677730474618	138.0	12	1.05	0.95				
	103	1	66.66501732631579	13.70336467263158	0.0	0.0	1	1.0291850014075454	-0.41301232154551576	138.0	11	1.05	0.95				
	104	1	27.40672934526316	5.555418110526316	0.0	0.0	1	1.017914886235199	-3.800320995427187	138.0	11	1.05	0.95				
	105	1	26.29564572315789	5.1850569031578955	0.0	0.0	1	1.0288875434172413	-4.732041115658821	138.0	11	1.05	0.95				
	106	1	50.36912420210526	10.370113806315791	0.0	-100.0	1	1.0438246339511081	-5.907194388838968	138.0	12	1.05	0.95				
	107	2	46.29515092105263	9.259030184210527	0.0	0.0	1	1.00275903631825	-9.668739322984196	138.0	12	1.05	0.95				
	108	1	63.33176646	12.962642257894736	0.0	0.0	1	1.0077669659540849	-8.462856080254323	138.0	12	1.05	0.95				
	109	1	64.81321128947368	13.333003465263157	0.0	0.0	1	1.0251099857526806	-3.335057109684214	138.0	13	1.05	0.95				
	110	1	72.2204354368421	14.814448294736843	0.0	0.0	1	1.05	-4.862389330825594	138.0	13	1.05	0.95				
	111	1	0.0	0.0	0.0	0.0	1	1.0034745248725279	-0.9874359453595585	230.0	13	1.05	0.95				
	112	1	0.0	0.0	0.0	0.0	1	1.0070938298714895	-1.5224718954398422	230.0	13	1.05	0.95				
	113	3	98.14571995263157	19.999505197894738	0.0	0.0	1	0.9959940338717828	7.040502892677524e-30	230.0	14	1.05	0.95				
	114	2	71.85007422947368	14.444087087368422	0.0	0.0	1	1.0025988880285048	1.4076930470576923	230.0	16	1.05	0.95				
	115	2	117.40450273578946	23.703117271578947	0.0	0.0	1	1.035843859920401	8.107193872210786	230.0	16	1.05	0.95				
	116	2	37.03612073684211	7.407224147368422	0.0	0.0	1	1.031977351090759	6.91284946945532	230.0	16	1.05	0.95				
	117	1	0.0	0.0	0.0	0.0	1	1.0378406921025765	11.01225319607751	230.0	17	1.05	0.95				
	118	2	123.33028205368421	25.18456210105263	0.0	0.0	1	1.0423514360685102	11.65735906652965	230.0	17	1.05	0.95				
	119	1	67.03537853368421	13.70336467263158	0.0	0.0	1	1.0212167945221549	4.266684979356144	230.0	15	1.05	0.95				
	120	1	47.40623454315789	9.629391391578949	0.0	0.0	1	1.015122835824175	2.398224477622411	230.0	15	1.05	0.95				
	121	2	0.0	0.0	0.0	0.0	1	1.0436727854152705	12.897801562629374	230.0	17	1.05	0.95				
	122	2	0.0	0.0	0.0	0.0	1	1.05	22.65732235472592	230.0	17	1.05	0.95				
	123	2	0.0	0.0	0.0	0.0	1	1.0122490555638803	1.6559448509845476	230.0	15	1.05	0.95				
	124	1	0.0	0.0	0.0	0.0	1	1.0226113380905244	4.90611782684373	230.0	16	1.05	0.95				
	201	2	37.94364867789474	7.729261767719299	0.0	0.0	2	1.0152339971318702	-11.392949463169208	138.0	21	1.05	0.95				
	202	2	34.07901779403509	7.026601607017545	0.0	0.0	2	1.0143461532177915	-11.642457986321586	138.0	22	1.05	0.95				
	203	1	63.23941446315789	12.999212972982457	0.0	0.0	2	1.0161010895948868	-8.727240524106024	138.0	21	1.05	0.95				
	204	1	25.998425945964915	5.269951205263157	0.0	0.0	2	1.0138593639442963	-11.34259385001924	138.0	21	1.05	0.95				
	205	1	24.94443570491228	4.918621124912281	0.0	0.0	2	1.0284881343299392	-11.651653460586479	138.0	21	1.05	0.95				
	206	1	47.780890927719305	9.837242249824563	0.0	-100.0	2	1.0442293909858416	-12.25968953320005	138.0	22	1.05	0.95				
	207	2	43.91626004385965	8.78325200877193	0.0	0.0	2	0.9979835787268383	-16.40808592948214	138.0	22	1.05	0.95				
	208	1	60.07744374	12.296552812280702	0.0	0.0	2	1.0048268737023394	-14.868919362475353	138.0	22	1.05	0.95				
	209	1	61.482764061403515	12.647882892631578	0.0	0.0	2	1.0229855774013281	-9.636278146758345	138.0	23	1.05	0.95				
	210	1	68.50936566842105	14.05320321403509	0.0	0.0	2	1.05	-10.777579633861466	138.0	23	1.05	0.95				
	211	1	0.0	0.0	0.0	0.0	2	1.0004955406399485	-7.474376109459162	230.0	23	1.05	0.95				
	212	1	0.0	0.0	0.0	0.0	2	1.0066216265890382	-5.2202097073479905	230.0	23	1.05	0.95				
	213	2	93.10247129298246	18.97182433894737	0.0	0.0	2	0.9926129635126245	-6.0839941654927285	230.0	24	1.05	0.95				
	214	2	68.15803558807018	13.701873133684211	0.0	0.0	2	0.9967106929308213	-5.7924665957065695	230.0	26	1.05	0.95				
	215	2	111.37163547122807	22.48512514245614	0.0	0.0	2	1.0160890534568157	-0.3967624917967236	230.0	26	1.05	0.95				
	216	2	35.13300803508772	7.026601607017545	0.0	0.0	2	1.0146630871797848	-1.2822250181825594	230.0	26	1.05	0.95				
	217	1	0.0	0.0	0.0	0.0	2	1.0206265528982594	0.39802429273214696	230.0	27	1.05	0.95				
	218	2	116.9929167568421	23.890445463859653	0.0	0.0	2	1.0204902561325209	0.16018072955690513	230.0	27	1.05	0.95				
	219	1	63.590744543508784	12.999212972982457	0.0	0.0	2	1.0134983731928835	-1.7822249330695785	230.0	25	1.05	0.95				
	220	1	44.97025028491228	9.134582089122807	0.0	0.0	2	1.0145271523361221	-1.511082215596538	230.0	25	1.05	0.95				
	221	2	0.0	0.0	0.0	0.0	2	1.0225660502572096	0.773499714921009	230.0	27	1.05	0.95				
	222	2	0.0	0.0	0.0	0.0	2	1.0443515094537572	7.187749416263643	230.0	27	1.05	0.95				
	223	2	0.0	0.0	0.0	0.0	2	1.0153734710485827	-1.083783885402472	230.0	25	1.05	0.95				
	224	1	0.0	0.0	0.0	0.0	2	1.005765990650038	-3.5485995426292156	230.0	26	1.05	0.95				
	301	2	48.73837392000001	9.92818728	0.0	0.0	3	1.0069792249116145	7.458323067316145	138.0	31	1.05	0.95				
	302	2	43.77428028	9.025624800000001	0.0	0.0	3	1.0067303213208787	7.270513924906356	138.0	32	1.05	0.95				
	303	1	81.23062320000001	16.69740588	0.0	0.0	3	1.0370323004470263	15.581630852463512	138.0	31	1.05	0.95				
	304	1	33.39481176	6.7692186	0.0	0.0	3	1.0104861091445587	8.744225782942058	138.0	31	1.05	0.95				
	305	1	32.04096804	6.31793736	0.0	0.0	3	1.0227797692045466	7.432757074369235	138.0	31	1.05	0.95				
	306	1	61.374248640000005	12.63587472	0.0	-100.0	3	1.0394952740477483	6.886316960358928	138.0	32	1.05	0.95				
	307	2	56.410155	11.282031	0.0	0.0	3	0.9828082057302224	4.013019456738198	138.0	32	1.05	0.95				
	308	1	77.16909204	15.7948434	0.0	0.0	3	0.9972810375720953	5.953820524811421	138.0	32	1.05	0.95				
	309	1	78.974217	16.24612464	0.0	0.0	3	1.0279134789046083	11.78956886388344	138.0	33	1.05	0.95				
	310	1	87.9998418	18.051249600000002	0.0	0.0	3	1.05	8.862336655304894	138.0	33	1.05	0.95				
	311	1	0.0	0.0	0.0	0.0	3	1.0080107224739079	13.243683305669549	230.0	33	1.05	0.95				
	312	1	0.0	0.0	0.0	0.0	3	1.0150023145975386	13.500028993040113	230.0	33	1.05	0.95				
	313	2	119.58952860000001	24.369186960000004	0.0	0.0	3	1.012318078081105	16.154081628803514	230.0	34	1.05	0.95				
	314	2	87.54856056	17.599968360000002	0.0	0.0	3	1.0001117764008096	13.726910941020384	230.0	36	1.05	0.95				
	315	2	143.05615308	28.881999360000005	0.0	0.0	3	1.0270901276625446	13.345978226165963	230.0	36	1.05	0.95				
	316	2	45.128124	9.025624800000001	0.0	0.0	3	1.0229690401270175	13.808493854169894	230.0	36	1.05	0.95				
	317	1	0.0	0.0	0.0	0.0	3	1.0390282516750649	15.920176520914037	230.0	37	1.05	0.95				
	318	2	150.27665292	30.687124320000002	0.0	0.0	3	1.037854674122114	13.456852783370156	230.0	37	1.05	0.95				
	319	1	81.68190444000001	16.69740588	0.0	0.0	3	1.0216713290909234	14.353529500449687	230.0	35	1.05	0.95				
	320	1	57.76399872000001	11.733312240000002	0.0	0.0	3	1.0208094272971318	14.459703120309547	230.0	35	1.05	0.95				
	321	2	0.0	0.0	0.0	0.0	3	1.0361812437288884	14.049458885948479	230.0	37	1.05	0.95				
	322	2	0.0	0.0	0.0	0.0	3	1.0499999666708602	19.093692620344587	230.0	37	1.05	0.95				
	323	2	0.0	0.0	0.0	0.0	3	1.0199233470001476	14.421099438476727	230.0	35	1.05	0.95				
	324	1	0.0	0.0	0.0	0.0	3	1.0281296072816877	14.47888741027296	230.0	36	1.05	0.95				
	325	1	0.0	0.0	0.0	0.0	3	1.0230050153717418	14.30266637493375	230.0	35	1.05	0.95				
];
