%% MATPOWER Case Format : Version 2
function mpc = RTS_GMLC
mpc.version = '2';

%%-----  Power Flow Data  -----%%
%% system MVA base
mpc.baseMVA = 100.0;
%% bus data
%    bus_i    type    Pd    Qd    Gs    Bs    area    Vm    Va    baseKV    zone    Vmax    Vmin
mpc.bus = [
	101	2	43.3122216631579	8.822859968421053	0.0	0.0	1	1.013155003799581	-3.887641464621993	138.0	11	1.05	0.95				
	102	2	38.900791678947364	8.020781789473686	0.0	0.0	1	1.0129812277476162	-4.119631236839851	138.0	12	1.05	0.95				
	103	1	72.18703610526316	14.838446310526315	0.0	0.0	1	1.003620412924318	0.767418858550598	138.0	11	1.05	0.95				
	104	1	29.67689262105263	6.015586342105263	0.0	0.0	1	1.0035500191919602	-4.070666792748006	138.0	11	1.05	0.95				
	105	1	28.47377535263158	5.61454725263158	0.0	0.0	1	1.0171182464010875	-5.17124046289804	138.0	11	1.05	0.95				
	106	1	54.54131616842106	11.22909450526316	0.0	-100.0	1	1.0271975404583147	-6.377396562038455	138.0	12	1.05	0.95				
	107	2	50.12988618421053	10.025977236842106	0.0	0.0	1	0.986013657372441	-10.313724932561403	138.0	12	1.05	0.95				
	108	1	68.5776843	14.036368131578946	0.0	0.0	1	0.9878388266926195	-9.031747953092792	138.0	12	1.05	0.95				
	109	1	70.18184065789474	14.43740722105263	0.0	0.0	1	1.0025608132694153	-3.2739117643111006	138.0	13	1.05	0.95				
	110	1	78.20262244736841	16.041563578947372	0.0	0.0	1	1.030624402787775	-5.14935859419954	138.0	13	1.05	0.95				
	111	1	0.0	0.0	0.0	0.0	1	0.9818660978318993	-0.740640367511433	230.0	13	1.05	0.95				
	112	1	0.0	0.0	0.0	0.0	1	0.9829742851268181	-1.4789538544693557	230.0	13	1.05	0.95				
	113	3	106.27535871052632	21.65611083157895	0.0	0.0	1	0.9636707088031475	-3.330253256835408e-27	230.0	14	1.05	0.95				
	114	2	77.80158335789473	15.640524489473684	0.0	0.0	1	0.9905702750627099	2.2303402534701102	230.0	16	1.05	0.95				
	115	2	127.12939136315788	25.666501726315786	0.0	0.0	1	0.9926004522230875	10.534339674156628	230.0	16	1.05	0.95				
	116	2	40.103908947368424	8.020781789473686	0.0	0.0	1	0.990978845182884	9.180597062640983	230.0	16	1.05	0.95				
	117	1	0.0	0.0	0.0	0.0	1	0.9936913103404047	14.569916469091083	230.0	17	1.05	0.95				
	118	2	133.54601679473686	27.27065808421053	0.0	0.0	1	1.0016620291057186	14.954814300386506	230.0	17	1.05	0.95				
	119	1	72.58807519473685	14.838446310526315	0.0	0.0	1	0.9906779926019725	5.849314895319589	230.0	15	1.05	0.95				
	120	1	51.33300345263157	10.42701632631579	0.0	0.0	1	0.9947185875779564	3.294393458743073	230.0	15	1.05	0.95				
	121	2	0.0	0.0	0.0	0.0	1	1.002745601005394	16.030811046358078	230.0	17	1.05	0.95				
	122	2	0.0	0.0	0.0	0.0	1	1.0086162224876574	33.50637177579342	230.0	17	1.05	0.95				
	123	2	0.0	0.0	0.0	0.0	1	0.9979044266474687	2.223988909750147	230.0	15	1.05	0.95				
	124	1	0.0	0.0	0.0	0.0	1	0.9850727951313859	6.796221164916266	230.0	16	1.05	0.95				
	201	2	43.893593583157894	8.941287581754386	0.0	0.0	2	1.0104215246925492	-11.632243510415705	138.0	21	1.05	0.95				
	202	2	39.4229497922807	8.12844325614035	0.0	0.0	2	1.0093045758016264	-11.826185421233976	138.0	22	1.05	0.95				
	203	1	73.15598930526316	15.037620023859649	0.0	0.0	2	0.9968287101808484	-8.85912151333508	138.0	21	1.05	0.95				
	204	1	30.075240047719298	6.096332442105263	0.0	0.0	2	1.0007867258090715	-10.936957957725966	138.0	21	1.05	0.95				
	205	1	28.855973559298242	5.689910279298246	0.0	0.0	2	1.016992256473315	-11.294376757343237	138.0	21	1.05	0.95				
	206	1	55.27341414175439	11.379820558596492	0.0	-100.0	2	1.028675044457831	-11.618808792860966	138.0	22	1.05	0.95				
	207	2	50.80277035087719	10.160554070175438	0.0	0.0	2	0.9711348904906615	-16.5128902244187	138.0	22	1.05	0.95				
	208	1	69.49818984000001	14.224775698245612	0.0	0.0	2	0.9797516975966105	-14.6421931111188	138.0	22	1.05	0.95				
	209	1	71.12387849122807	14.63119786105263	0.0	0.0	2	1.0060622625273439	-8.471867238465501	138.0	23	1.05	0.95				
	210	1	79.25232174736841	16.2568865122807	0.0	0.0	2	1.033625067276364	-9.609669420554553	138.0	23	1.05	0.95				
	211	1	0.0	0.0	0.0	0.0	2	0.9868198550977364	-6.156204051170939	230.0	23	1.05	0.95				
	212	1	0.0	0.0	0.0	0.0	2	0.989782567839423	-1.6334404122246269	230.0	23	1.05	0.95				
	213	2	107.70187314385964	21.946796791578947	0.0	0.0	2	0.9833087834362944	-3.8369314983892644	230.0	24	1.05	0.95				
	214	2	78.8458995845614	15.850464349473684	0.0	0.0	2	0.9824161874799704	-5.158412011704692	230.0	26	1.05	0.95				
	215	2	128.83582560982455	26.011018419649123	0.0	0.0	2	0.9908268934327148	-0.5980856883157142	230.0	26	1.05	0.95				
	216	2	40.64221628070175	8.12844325614035	0.0	0.0	2	0.989183354656336	-1.065670165201126	230.0	26	1.05	0.95				
	217	1	0.0	0.0	0.0	0.0	2	0.9992142393392554	0.15077849237351368	230.0	27	1.05	0.95				
	218	2	135.33858021473685	27.636707070877193	0.0	0.0	2	0.9998988837832171	-0.32508742975446836	230.0	27	1.05	0.95				
	219	1	73.56241146807018	15.037620023859649	0.0	0.0	2	0.9840033556837656	-0.6505126005473845	230.0	25	1.05	0.95				
	220	1	52.022036839298245	10.566976232982457	0.0	0.0	2	0.9825264402378314	0.5764248143003768	230.0	25	1.05	0.95				
	221	2	0.0	0.0	0.0	0.0	2	1.0022098012016027	0.24727148849247238	230.0	27	1.05	0.95				
	222	2	0.0	0.0	0.0	0.0	2	1.0202099252000003	5.686711718317314	230.0	27	1.05	0.95				
	223	2	0.0	0.0	0.0	0.0	2	0.9827051766360096	1.5947812238059413	230.0	25	1.05	0.95				
	224	1	0.0	0.0	0.0	0.0	2	0.9830799730545356	-3.744408362031926	230.0	26	1.05	0.95				
	301	2	64.23283769684211	13.084466938245612	0.0	0.0	3	1.0025931126460896	9.67693883109905	138.0	31	1.05	0.95				
	302	2	57.69060422771929	11.894969943859648	0.0	0.0	3	1.00281309289397	9.565268651365484	138.0	32	1.05	0.95				
	303	1	107.05472949473685	22.00569439614035	0.0	0.0	3	0.996608103017319	15.929335443720639	138.0	31	1.05	0.95				
	304	1	44.0113887922807	8.921227457894735	0.0	0.0	3	0.9930907075487132	11.857645804033904	138.0	31	1.05	0.95				
	305	1	42.22714330070175	8.326478960701754	0.0	0.0	3	1.008632853859313	11.154566487157458	138.0	31	1.05	0.95				
	306	1	80.88579561824561	16.65295792140351	0.0	-100.0	3	1.0198589956599005	11.307041413143633	138.0	32	1.05	0.95				
	307	2	74.3435621491228	14.86871242982456	0.0	0.0	3	0.9671982668664538	7.479716614308125	138.0	32	1.05	0.95				
	308	1	101.70199301999997	20.816197401754383	0.0	0.0	3	0.977878601138286	10.27074645579901	138.0	32	1.05	0.95				
	309	1	104.08098700877191	21.410945898947364	0.0	0.0	3	1.006861057652673	16.263031393621212	138.0	33	1.05	0.95				
	310	1	115.97595695263156	23.789939887719296	0.0	0.0	3	1.0319860511642716	14.613060950427771	138.0	33	1.05	0.95				
	311	1	0.0	0.0	0.0	0.0	3	0.991278175105766	21.188370963957684	230.0	33	1.05	0.95				
	312	1	0.0	0.0	0.0	0.0	3	0.9972531986190002	21.63309235919057	230.0	33	1.05	0.95				
	313	2	157.6083517561403	32.116418848421056	0.0	0.0	3	1.00424624446666	26.658030028010916	230.0	34	1.05	0.95				
	314	2	115.38120845543858	23.195191390526315	0.0	0.0	3	0.9894898105557572	22.184246594900767	230.0	36	1.05	0.95				
	315	2	188.5352736101754	38.06390382035087	0.0	0.0	3	0.9873797513392494	21.13231332542169	230.0	36	1.05	0.95				
	316	2	59.47484971929824	11.894969943859648	0.0	0.0	3	0.9816907009890332	22.403125360231076	230.0	36	1.05	0.95				
	317	1	0.0	0.0	0.0	0.0	3	0.9957561762545217	25.809078154284354	230.0	37	1.05	0.95				
	318	2	198.05124956526313	40.442897809122805	0.0	0.0	3	0.9891332553730974	21.869359514283904	230.0	37	1.05	0.95				
	319	1	107.64947799192981	22.00569439614035	0.0	0.0	3	0.9920059102929855	22.703273050538986	230.0	35	1.05	0.95				
	320	1	76.12780764070175	15.463460927017541	0.0	0.0	3	1.0025373101787294	22.613508872885458	230.0	35	1.05	0.95				
	321	2	0.0	0.0	0.0	0.0	3	0.9957066231549455	22.185178553240323	230.0	37	1.05	0.95				
	322	2	0.0	0.0	0.0	0.0	3	1.013546416363067	26.945214958561195	230.0	37	1.05	0.95				
	323	2	0.0	0.0	0.0	0.0	3	1.008117366590668	22.352337722412376	230.0	35	1.05	0.95				
	324	1	0.0	0.0	0.0	0.0	3	0.9859869485986922	20.86884128926497	230.0	36	1.05	0.95				
	325	1	0.0	0.0	0.0	0.0	3	1.0090917703455522	21.819666372067598	230.0	35	1.05	0.95				
];
