%% MATPOWER Case Format : Version 2
function mpc = RTS_GMLC
mpc.version = '2';

%%-----  Power Flow Data  -----%%
%% system MVA base
mpc.baseMVA = 100.0;
%% bus data
%    bus_i    type    Pd    Qd    Gs    Bs    area    Vm    Va    baseKV    zone    Vmax    Vmin
mpc.bus = [
	101	2	40.479960429473685	8.245917865263158	0.0	0.0	1	1.0405229157617009	4.736795826094131	138.0	11	1.05	0.95				
	102	2	36.35700149684211	7.496288968421054	0.0	0.0	1	1.0395485384360945	4.4715980264010655	138.0	12	1.05	0.95				
	103	1	67.46660071578948	13.868134591578949	0.0	0.0	1	1.0313997690810996	1.2138884635882294	138.0	11	1.05	0.95				
	104	1	27.736269183157898	5.62221672631579	0.0	0.0	1	1.026100335857462	0.8844809800878638	138.0	11	1.05	0.95				
	105	1	26.611825837894738	5.247402277894738	0.0	0.0	1	1.0396235692506377	1.0534243168818402	138.0	11	1.05	0.95				
	106	1	50.974764985263164	10.494804555789475	0.0	-100.0	1	1.0480159363564363	-1.4413138309757596	138.0	12	1.05	0.95				
	107	2	46.85180605263158	9.370361210526317	0.0	0.0	1	0.9989260188928173	-6.961268613464845	138.0	12	1.05	0.95				
	108	1	64.09327068	13.118505694736843	0.0	0.0	1	1.005337029502275	-5.717050169119131	138.0	12	1.05	0.95				
	109	1	65.59252847368423	13.493320143157895	0.0	0.0	1	1.0248649464530057	-1.0211470737382107	138.0	13	1.05	0.95				
	110	1	73.08881744210527	14.992577936842109	0.0	0.0	1	1.05	-1.5298052051392488	138.0	13	1.05	0.95				
	111	1	0.0	0.0	0.0	0.0	1	1.0018782337510288	0.01752998221118215	230.0	13	1.05	0.95				
	112	1	0.0	0.0	0.0	0.0	1	1.00671639387817	0.4026663113980668	230.0	13	1.05	0.95				
	113	3	99.32582883157896	20.239980214736843	0.0	0.0	1	0.9902352706625517	2.2941790381083993e-28	230.0	14	1.05	0.95				
	114	2	72.71400299368422	14.617763488421055	0.0	0.0	1	0.9979746741215235	1.454840339479834	230.0	16	1.05	0.95				
	115	2	118.81618014947368	23.98812469894737	0.0	0.0	1	1.0366228608929045	5.74531101025694	230.0	16	1.05	0.95				
	116	2	37.48144484210527	7.496288968421054	0.0	0.0	1	1.031342927315236	5.634271869317863	230.0	16	1.05	0.95				
	117	1	0.0	0.0	0.0	0.0	1	1.0413740651051464	7.242499034469467	230.0	17	1.05	0.95				
	118	2	124.81321132421056	25.487382492631582	0.0	0.0	1	1.0449097205258449	7.185961074191984	230.0	17	1.05	0.95				
	119	1	67.84141516421053	13.868134591578949	0.0	0.0	1	1.0242751797610956	4.944440074673488	230.0	15	1.05	0.95				
	120	1	47.97624939789474	9.74517565894737	0.0	0.0	1	1.0201884950835927	4.973969247148627	230.0	15	1.05	0.95				
	121	2	0.0	0.0	0.0	0.0	1	1.0499041659407236	7.879409870469581	230.0	17	1.05	0.95				
	122	2	0.0	0.0	0.0	0.0	1	1.05	14.139594788147395	230.0	17	1.05	0.95				
	123	2	0.0	0.0	0.0	0.0	1	1.0182645965975048	5.285862968386344	230.0	15	1.05	0.95				
	124	1	0.0	0.0	0.0	0.0	1	1.0277001649639588	4.048121493452757	230.0	16	1.05	0.95				
	201	2	43.094600981052636	8.778529829473685	0.0	0.0	2	1.020805333249368	-6.742347363779524	138.0	21	1.05	0.95				
	202	2	38.70533606631579	7.980481663157896	0.0	0.0	2	1.021366580865828	-6.6399172098279955	138.0	22	1.05	0.95				
	203	1	71.82433496842106	14.763891076842103	0.0	0.0	2	1.0155112211367705	-6.142902996269916	138.0	21	1.05	0.95				
	204	1	29.527782153684207	5.98536124736842	0.0	0.0	2	1.0162710167866342	-7.87705624546622	138.0	21	1.05	0.95				
	205	1	28.330709904210522	5.586337164210526	0.0	0.0	2	1.0306270803244486	-8.097260710067617	138.0	21	1.05	0.95				
	206	1	54.26727530947368	11.172674328421053	0.0	-100.0	2	1.0443015419798327	-9.245673692182145	138.0	22	1.05	0.95				
	207	2	49.87801039473684	9.975602078947368	0.0	0.0	2	0.9919180308808602	-14.802039634094209	138.0	22	1.05	0.95				
	208	1	68.23311822	13.965842910526312	0.0	0.0	2	0.9994647489801401	-13.028655876941464	138.0	22	1.05	0.95				
	209	1	69.82921455263158	14.364866993684208	0.0	0.0	2	1.023054548826458	-7.237488716478536	138.0	23	1.05	0.95				
	210	1	77.80969621578947	15.960963326315792	0.0	0.0	2	1.05	-8.180701729945424	138.0	23	1.05	0.95				
	211	1	0.0	0.0	0.0	0.0	2	1.0025140958067464	-5.058254923375765	230.0	23	1.05	0.95				
	212	1	0.0	0.0	0.0	0.0	2	1.0103574442294216	-3.149517683907659	230.0	23	1.05	0.95				
	213	2	105.7413820368421	21.547300490526318	0.0	0.0	2	0.9969306218700882	-3.8049401034034593	230.0	24	1.05	0.95				
	214	2	77.41067213263157	15.561939243157896	0.0	0.0	2	0.9984240197878552	-3.3608591545259565	230.0	26	1.05	0.95				
	215	2	126.49063436105263	25.537541322105263	0.0	0.0	2	1.0187465412976917	1.6080793098231514	230.0	26	1.05	0.95				
	216	2	39.90240831578947	7.980481663157896	0.0	0.0	2	1.0203531995774797	1.4367495091665372	230.0	26	1.05	0.95				
	217	1	0.0	0.0	0.0	0.0	2	1.0253183460285251	2.9821107386995167	230.0	27	1.05	0.95				
	218	2	132.87501969157896	27.13363765473684	0.0	0.0	2	1.024461700536361	2.5119657572362115	230.0	27	1.05	0.95				
	219	1	72.22335905157895	14.763891076842103	0.0	0.0	2	1.0225584306586581	1.0089227730193215	230.0	25	1.05	0.95				
	220	1	51.075082644210525	10.374626162105264	0.0	0.0	2	1.027016571034583	1.423421107460344	230.0	25	1.05	0.95				
	221	2	0.0	0.0	0.0	0.0	2	1.0261610056442907	3.0160522884032153	230.0	27	1.05	0.95				
	222	2	0.0	0.0	0.0	0.0	2	1.0482350507800122	9.515015604440443	230.0	27	1.05	0.95				
	223	2	0.0	0.0	0.0	0.0	2	1.0299764711253094	1.955478361816553	230.0	25	1.05	0.95				
	224	1	0.0	0.0	0.0	0.0	2	1.0077818138944434	-1.313440126569494	230.0	26	1.05	0.95				
	301	2	63.89117367157895	13.014868710877192	0.0	0.0	3	1.0063910853442244	-27.702837667007774	138.0	31	1.05	0.95				
	302	2	57.38373931614035	11.831698828070175	0.0	0.0	3	1.0059970925209778	-27.816355828360372	138.0	32	1.05	0.95				
	303	1	106.48528945263156	21.888642831929822	0.0	0.0	3	1.0188062138949174	-21.746225501666263	138.0	31	1.05	0.95				
	304	1	43.777285663859644	8.87377412105263	0.0	0.0	3	1.0057686631440628	-25.819550091837517	138.0	31	1.05	0.95				
	305	1	42.00253083964912	8.282189179649123	0.0	0.0	3	1.0196932565603247	-26.365502224881794	138.0	31	1.05	0.95				
	306	1	80.45555203087719	16.564378359298246	0.0	-100.0	3	1.0349142258204838	-26.279656304752194	138.0	32	1.05	0.95				
	307	2	73.94811767543858	14.789623535087717	0.0	0.0	3	0.9943583658660756	-32.44348798575182	138.0	32	1.05	0.95				
	308	1	101.16102498	20.705472949122804	0.0	0.0	3	0.9958751965863607	-29.65801625078314	138.0	32	1.05	0.95				
	309	1	103.52736474561401	21.297057890526315	0.0	0.0	3	1.0263199600966715	-21.77267868092939	138.0	33	1.05	0.95				
	310	1	115.3590635736842	23.66339765614035	0.0	0.0	3	1.05	-23.131765479544285	138.0	33	1.05	0.95				
	311	1	0.0	0.0	0.0	0.0	3	1.0162339485752094	-16.011894323833047	230.0	33	1.05	0.95				
	312	1	0.0	0.0	0.0	0.0	3	1.0180164999241548	-15.13287226551042	230.0	33	1.05	0.95				
	313	2	156.7700094719298	31.945586835789474	0.0	0.0	3	1.0297919479895492	-10.836526829993588	230.0	34	1.05	0.95				
	314	2	114.7674786322807	23.07181271473684	0.0	0.0	3	1.023205543049166	-14.16972434994762	230.0	36	1.05	0.95				
	315	2	187.53242642491225	37.86143624982456	0.0	0.0	3	1.0388454121468238	-11.906392805390837	230.0	36	1.05	0.95				
	316	2	59.15849414035087	11.831698828070175	0.0	0.0	3	1.0396963055545747	-10.602959807604186	230.0	36	1.05	0.95				
	317	1	0.0	0.0	0.0	0.0	3	1.0417447162859779	-9.772312908747812	230.0	37	1.05	0.95				
	318	2	196.9977854873684	40.22777601543859	0.0	0.0	3	1.0400736274627767	-9.868795195005703	230.0	37	1.05	0.95				
	319	1	107.07687439403509	21.888642831929822	0.0	0.0	3	1.0389492586455933	-10.19869069743339	230.0	35	1.05	0.95				
	320	1	75.72287249964911	15.381208476491226	0.0	0.0	3	1.041536090464494	-9.353727768433227	230.0	35	1.05	0.95				
	321	2	0.0	0.0	0.0	0.0	3	1.041273895523763	-10.025520775829916	230.0	37	1.05	0.95				
	322	2	0.0	0.0	0.0	0.0	3	1.05	-5.604800163142458	230.0	37	1.05	0.95				
	323	2	0.0	0.0	0.0	0.0	3	1.0438212184554472	-8.695875222653816	230.0	35	1.05	0.95				
	324	1	0.0	0.0	0.0	0.0	3	1.0204914267176857	-14.59738141254078	230.0	36	1.05	0.95				
	325	1	0.0	0.0	0.0	0.0	3	1.0389959860354152	-7.330136371556206	230.0	35	1.05	0.95				
];
