%% MATPOWER Case Format : Version 2
function mpc = RTS_GMLC
mpc.version = '2';

%%-----  Power Flow Data  -----%%
%% system MVA base
mpc.baseMVA = 100.0;
%% bus data
%    bus_i    type    Pd    Qd    Gs    Bs    area    Vm    Va    baseKV    zone    Vmax    Vmin
mpc.bus = [
	101	2	36.351806036210526	7.4049975258947365	0.0	0.0	1	1.0116696157476992	-4.258709985130596	138.0	11	1.05	0.95				
	102	2	32.649307273263155	6.731815932631578	0.0	0.0	1	1.0117484081866321	-4.441400344473446	138.0	12	1.05	0.95				
	103	1	60.5863433936842	12.45385947536842	0.0	0.0	1	1.0017335027908412	0.5961720994845465	138.0	11	1.05	0.95				
	104	1	24.90771895073684	5.048861949473684	0.0	0.0	1	1.0041510967047933	-4.11185496975325	138.0	11	1.05	0.95				
	105	1	23.897946560842104	4.7122711528421055	0.0	0.0	1	1.0188297994767832	-4.994662728479736	138.0	11	1.05	0.95				
	106	1	45.77634834189473	9.424542305684211	0.0	-100.0	1	1.031259138371779	-5.839307859220268	138.0	12	1.05	0.95				
	107	2	42.07384957894737	8.414769915789472	0.0	0.0	1	0.9872174679650775	-10.072996180231693	138.0	12	1.05	0.95				
	108	1	57.557026224	11.780677882105262	0.0	0.0	1	0.9914454711139137	-8.48650326245766	138.0	12	1.05	0.95				
	109	1	58.90338941052631	12.11726867873684	0.0	0.0	1	1.0044325906894906	-2.9282769158975674	138.0	13	1.05	0.95				
	110	1	65.63520534315789	13.463631865263157	0.0	0.0	1	1.0336812381839149	-4.6260968816319705	138.0	13	1.05	0.95				
	111	1	0.0	0.0	0.0	0.0	1	0.9823277403338243	-0.2407087946239351	230.0	13	1.05	0.95				
	112	1	0.0	0.0	0.0	0.0	1	0.9838183920296536	-1.2424468098388362	230.0	13	1.05	0.95				
	113	3	89.19656110736841	18.175903018105263	0.0	0.0	1	0.9622503539361511	-2.99156335929241e-29	230.0	14	1.05	0.95				
	114	2	65.29861454652631	13.127041068631579	0.0	0.0	1	0.9912770221150723	3.238257937840132	230.0	16	1.05	0.95				
	115	2	106.69928253221053	21.54181098442105	0.0	0.0	1	0.9920916769410435	12.083869182894288	230.0	16	1.05	0.95				
	116	2	33.65907966315789	6.731815932631578	0.0	0.0	1	0.9904013153616499	10.479368473163937	230.0	16	1.05	0.95				
	117	1	0.0	0.0	0.0	0.0	1	0.9919638852831101	16.27111212803964	230.0	17	1.05	0.95				
	118	2	112.08473527831579	22.888174170947366	0.0	0.0	1	1.001155774273601	16.689130092221962	230.0	17	1.05	0.95				
	119	1	60.92293419031579	12.45385947536842	0.0	0.0	1	0.9898737100132008	6.500979032229402	230.0	15	1.05	0.95				
	120	1	43.0836219688421	8.751360712421052	0.0	0.0	1	0.9948257652924781	3.736884660449189	230.0	15	1.05	0.95				
	121	2	0.0	0.0	0.0	0.0	1	1.0012633841038607	17.973633697665186	230.0	17	1.05	0.95				
	122	2	0.0	0.0	0.0	0.0	1	1.0050150123376982	36.69712619753367	230.0	17	1.05	0.95				
	123	2	0.0	0.0	0.0	0.0	1	0.9983309972392866	2.502617011350912	230.0	15	1.05	0.95				
	124	1	0.0	0.0	0.0	0.0	1	0.9819796904782148	7.695830603898411	230.0	16	1.05	0.95				
	201	2	36.27766409684211	7.389894538245614	0.0	0.0	2	1.0137681980319966	-14.13882414351527	138.0	21	1.05	0.95				
	202	2	32.5827168277193	6.71808594385965	0.0	0.0	2	1.0126497717741945	-14.37399281912854	138.0	22	1.05	0.95				
	203	1	60.462773494736844	12.428458996140352	0.0	0.0	2	0.999273631385121	-10.354848076177626	138.0	21	1.05	0.95				
	204	1	24.856917992280703	5.038564457894737	0.0	0.0	2	1.003002619120228	-13.901250415368645	138.0	21	1.05	0.95				
	205	1	23.849205100701756	4.702660160701755	0.0	0.0	2	1.0198026567457061	-14.32536385708017	138.0	21	1.05	0.95				
	206	1	45.68298441824562	9.40532032140351	0.0	-100.0	2	1.031454415279387	-14.886118816847947	138.0	22	1.05	0.95				
	207	2	41.98803714912281	8.397607429824562	0.0	0.0	2	0.9746141161503393	-18.80473890931354	138.0	22	1.05	0.95				
	208	1	57.43963482000001	11.756650401754385	0.0	0.0	2	0.9842029393917634	-17.31073213466649	138.0	22	1.05	0.95				
	209	1	58.78325200877194	12.09255469894737	0.0	0.0	2	1.0043248315120368	-12.069836837860088	138.0	23	1.05	0.95				
	210	1	65.50133795263157	13.4361718877193	0.0	0.0	2	1.0335131148978483	-13.403041252148624	138.0	23	1.05	0.95				
	211	1	0.0	0.0	0.0	0.0	2	0.9842169808560373	-9.472132474048179	230.0	23	1.05	0.95				
	212	1	0.0	0.0	0.0	0.0	2	0.9814315860592818	-8.623311566344931	230.0	23	1.05	0.95				
	213	2	89.01463875614036	18.138832048421055	0.0	0.0	2	0.9780112962624588	-8.056994524073545	230.0	24	1.05	0.95				
	214	2	65.1654336554386	13.100267590526318	0.0	0.0	2	0.9815202782202522	-7.280958508584885	230.0	26	1.05	0.95				
	215	2	106.48166221017546	21.49787502035088	0.0	0.0	2	0.9907397978470672	-1.4423759359863704	230.0	26	1.05	0.95				
	216	2	33.59042971929825	6.71808594385965	0.0	0.0	2	0.9882917087822615	-1.9740909110164877	230.0	26	1.05	0.95				
	217	1	0.0	0.0	0.0	0.0	2	0.9997277779196504	-0.37324921295303953	230.0	27	1.05	0.95				
	218	2	111.85613096526316	22.84149220912281	0.0	0.0	2	1.0013912252243862	-0.797090173861387	230.0	27	1.05	0.95				
	219	1	60.79867779192983	12.428458996140352	0.0	0.0	2	0.9802517617401274	-1.6051275739595672	230.0	25	1.05	0.95				
	220	1	42.99575004070176	8.733511727017545	0.0	0.0	2	0.9753956614205211	-0.5568859757972973	230.0	25	1.05	0.95				
	221	2	0.0	0.0	0.0	0.0	2	1.0032921029903714	-0.34581665096221614	230.0	27	1.05	0.95				
	222	2	0.0	0.0	0.0	0.0	2	1.0212190019328502	5.1576693192341025	230.0	27	1.05	0.95				
	223	2	0.0	0.0	0.0	0.0	2	0.9732964876844004	0.3149242332574474	230.0	25	1.05	0.95				
	224	1	0.0	0.0	0.0	0.0	2	0.983253958731114	-4.845683621700282	230.0	26	1.05	0.95				
	301	2	36.48971844378948	7.433090794105264	0.0	0.0	3	1.0132620039123958	27.572486347552672	138.0	31	1.05	0.95				
	302	2	32.773173046736844	6.757355267368421	0.0	0.0	3	1.013924264708019	27.216541907190337	138.0	32	1.05	0.95				
	303	1	60.816197406315794	12.501107244631578	0.0	0.0	3	1.0202601099446034	41.74994994806438	138.0	31	1.05	0.95				
	304	1	25.002214489263157	5.068016450526316	0.0	0.0	3	1.0031907941288927	28.24707111271572	138.0	31	1.05	0.95				
	305	1	23.988611199157894	4.730148687157895	0.0	0.0	3	1.021190466194672	25.935483614947948	138.0	31	1.05	0.95				
	306	1	45.950015818105264	9.46029737431579	0.0	-100.0	3	1.0342150100795806	24.566363768054764	138.0	32	1.05	0.95				
	307	2	42.23347042105263	8.446694084210527	0.0	0.0	3	0.9675870330207275	21.936295044114907	138.0	32	1.05	0.95				
	308	1	57.775387536	11.825371717894736	0.0	0.0	3	0.9804572301861993	23.407112180752893	138.0	32	1.05	0.95				
	309	1	59.126858589473684	12.163239481263158	0.0	0.0	3	1.0040916850275046	30.54876557969658	138.0	33	1.05	0.95				
	310	1	65.8842138568421	13.514710534736842	0.0	0.0	3	1.0371748502812297	25.391440429414462	138.0	33	1.05	0.95				
	311	1	0.0	0.0	0.0	0.0	3	0.9885974225440326	27.861226190105725	230.0	33	1.05	0.95				
	312	1	0.0	0.0	0.0	0.0	3	0.9975452769644846	27.353154381024225	230.0	33	1.05	0.95				
	313	2	89.53495729263157	18.24485922189474	0.0	0.0	3	0.9908574995745141	27.00828859591776	230.0	34	1.05	0.95				
	314	2	65.54634609347369	13.176842771368422	0.0	0.0	3	0.9739919345674146	28.646122738380214	230.0	36	1.05	0.95				
	315	2	107.10408098778947	21.623536855578948	0.0	0.0	3	0.9822649006492491	30.881882551897665	230.0	36	1.05	0.95				
	316	2	33.78677633684211	6.757355267368421	0.0	0.0	3	0.969802142931768	30.41480009108885	230.0	36	1.05	0.95				
	317	1	0.0	0.0	0.0	0.0	3	0.9861700862200501	34.136021550784534	230.0	37	1.05	0.95				
	318	2	112.50996520168421	22.975007909052632	0.0	0.0	3	0.980240622444091	30.158355190731456	230.0	37	1.05	0.95				
	319	1	61.154065169684216	12.501107244631578	0.0	0.0	3	0.9787141234093796	28.430682068984833	230.0	35	1.05	0.95				
	320	1	43.247073711157896	8.784561847578948	0.0	0.0	3	0.98818008016991	26.84572420493419	230.0	35	1.05	0.95				
	321	2	0.0	0.0	0.0	0.0	3	0.9895317160350146	30.913107750730042	230.0	37	1.05	0.95				
	322	2	0.0	0.0	0.0	0.0	3	1.00732384718618	35.210895525005995	230.0	37	1.05	0.95				
	323	2	0.0	0.0	0.0	0.0	3	0.9935281354572507	26.17666849293508	230.0	35	1.05	0.95				
	324	1	0.0	0.0	0.0	0.0	3	0.9943302264417745	35.63081309660473	230.0	36	1.05	0.95				
	325	1	0.0	0.0	0.0	0.0	3	0.9955792112095644	25.484968915715218	230.0	35	1.05	0.95				
