%% MATPOWER Case Format : Version 2
function mpc = RTS_GMLC
mpc.version = '2';

%%-----  Power Flow Data  -----%%
%% system MVA base
mpc.baseMVA = 100.0;
%% bus data
%    bus_i    type    Pd    Qd    Gs    Bs    area    Vm    Va    baseKV    zone    Vmax    Vmin
mpc.bus = [
	101	2	38.476001974736846	7.837704105964913	0.0	0.0	1	1.0403763381043563	2.1309749943641023	138.0	11	1.05	0.95				
	102	2	34.55714992175439	7.125185550877193	0.0	0.0	1	1.0396117608868811	1.881660619526968	138.0	12	1.05	0.95				
	103	1	64.12666995789475	13.181593269122807	0.0	0.0	1	1.0199765775867187	0.37851412400406603	138.0	11	1.05	0.95				
	104	1	26.363186538245614	5.343889163157895	0.0	0.0	1	1.0238909006537265	-1.1441853185329056	138.0	11	1.05	0.95				
	105	1	25.294408705614035	4.9876298856140355	0.0	0.0	1	1.0403709425328789	-0.888252787292165	138.0	11	1.05	0.95				
	106	1	48.45126174596492	9.975259771228071	0.0	-100.0	1	1.0490888022044598	-3.001775020943145	138.0	12	1.05	0.95				
	107	2	44.532409692982455	8.906481938596492	0.0	0.0	1	1.0032382533795983	-9.360627200746313	138.0	12	1.05	0.95				
	108	1	60.92033646	12.469074714035088	0.0	0.0	1	1.0071081906120911	-7.563366677176796	138.0	12	1.05	0.95				
	109	1	62.34537357017545	12.825333991578947	0.0	0.0	1	1.021464584140203	-2.1939005167451	138.0	13	1.05	0.95				
	110	1	69.47055912105263	14.250371101754386	0.0	0.0	1	1.05	-2.8484387236713893	138.0	13	1.05	0.95				
	111	1	0.0	0.0	0.0	0.0	1	0.9971357512332556	-0.5064396542661611	230.0	13	1.05	0.95				
	112	1	0.0	0.0	0.0	0.0	1	1.0036386898792062	-0.7116920721149996	230.0	13	1.05	0.95				
	113	3	94.4087085491228	19.238000987368423	0.0	0.0	1	0.9917500705323081	-4.651417886868308e-31	230.0	14	1.05	0.95				
	114	2	69.11429984350877	13.894111824210528	0.0	0.0	1	0.9864983702146252	1.2425603395570686	230.0	16	1.05	0.95				
	115	2	112.93419098140352	22.80059376280702	0.0	0.0	1	1.007091302169476	6.910626365670552	230.0	16	1.05	0.95				
	116	2	35.62592775438597	7.125185550877193	0.0	0.0	1	1.0047872632528319	5.873766618420489	230.0	16	1.05	0.95				
	117	1	0.0	0.0	0.0	0.0	1	1.0123888771395375	9.194228891698563	230.0	17	1.05	0.95				
	118	2	118.63433942210526	24.22563087298246	0.0	0.0	1	1.0135593301579349	9.752650937106417	230.0	17	1.05	0.95				
	119	1	64.4829292354386	13.181593269122807	0.0	0.0	1	1.0011506235656276	3.766472677088626	230.0	15	1.05	0.95				
	120	1	45.60118752561404	9.262741216140352	0.0	0.0	1	1.0010297486156798	2.6618777495705954	230.0	15	1.05	0.95				
	121	2	0.0	0.0	0.0	0.0	1	1.0149905893474889	11.138440373584235	230.0	17	1.05	0.95				
	122	2	0.0	0.0	0.0	0.0	1	1.0429685791426946	18.182602293410987	230.0	17	1.05	0.95				
	123	2	0.0	0.0	0.0	0.0	1	1.0012430417566385	2.3434628162875604	230.0	15	1.05	0.95				
	124	1	0.0	0.0	0.0	0.0	1	1.0034812214374702	4.402208662920427	230.0	16	1.05	0.95				
	201	2	39.98362979368421	8.144813476491228	0.0	0.0	2	1.0116027849787312	-13.861958575268938	138.0	21	1.05	0.95				
	202	2	35.9112230554386	7.404375887719299	0.0	0.0	2	1.0107611071964278	-14.146763689497188	138.0	22	1.05	0.95				
	203	1	66.63938298947369	13.6980953922807	0.0	0.0	2	1.0146983444445676	-10.054235262258842	138.0	21	1.05	0.95				
	204	1	27.3961907845614	5.553281915789473	0.0	0.0	2	1.0117045016575437	-13.879400657738373	138.0	21	1.05	0.95				
	205	1	26.285534401403503	5.183063121403509	0.0	0.0	2	1.0263780886267342	-14.29486756366646	138.0	21	1.05	0.95				
	206	1	50.349756036491236	10.366126242807018	0.0	-100.0	2	1.0427962265529371	-15.018660034799497	138.0	22	1.05	0.95				
	207	2	46.27734929824561	9.255469859649121	0.0	0.0	2	0.9944736348307817	-19.375063625387178	138.0	22	1.05	0.95				
	208	1	63.307413839999995	12.95765780350877	0.0	0.0	2	1.0019966193368626	-17.746777553465922	138.0	22	1.05	0.95				
	209	1	64.78828901754386	13.327876597894736	0.0	0.0	2	1.0227252658057306	-12.120601268110308	138.0	23	1.05	0.95				
	210	1	72.19266490526314	14.808751775438598	0.0	0.0	2	1.05	-13.532228642142497	138.0	23	1.05	0.95				
	211	1	0.0	0.0	0.0	0.0	2	1.003712389592788	-9.353750772721897	230.0	23	1.05	0.95				
	212	1	0.0	0.0	0.0	0.0	2	1.0094426194276274	-8.684356136840147	230.0	23	1.05	0.95				
	213	2	98.10798051228069	19.991814896842104	0.0	0.0	2	1.0019569751859814	-8.090786265213646	230.0	24	1.05	0.95				
	214	2	71.8224461108772	14.438532981052631	0.0	0.0	2	1.0003732659704148	-6.848265468405907	230.0	26	1.05	0.95				
	215	2	117.35935782035088	23.694002840701753	0.0	0.0	2	1.0161412731096973	-0.7827682893345982	230.0	26	1.05	0.95				
	216	2	37.021879438596486	7.404375887719299	0.0	0.0	2	1.0179424929318144	-1.073146562872109	230.0	26	1.05	0.95				
	217	1	0.0	0.0	0.0	0.0	2	1.0199014551959877	0.48234334476549295	230.0	27	1.05	0.95				
	218	2	123.28285853052631	25.174878018245618	0.0	0.0	2	1.0195148854242064	0.09264105549586216	230.0	27	1.05	0.95				
	219	1	67.00960178385965	13.6980953922807	0.0	0.0	2	1.0233512117884875	-1.3323613561850438	230.0	25	1.05	0.95				
	220	1	47.388005681403506	9.625688654035088	0.0	0.0	2	1.0302353707819407	-0.8284978170935555	230.0	25	1.05	0.95				
	221	2	0.0	0.0	0.0	0.0	2	1.021947322985668	0.6089519768787287	230.0	27	1.05	0.95				
	222	2	0.0	0.0	0.0	0.0	2	1.0435441092886921	7.1314153370322915	230.0	27	1.05	0.95				
	223	2	0.0	0.0	0.0	0.0	2	1.0344085905651932	-0.27277123314072005	230.0	25	1.05	0.95				
	224	1	0.0	0.0	0.0	0.0	2	1.0042414098865848	-4.285877381022525	230.0	26	1.05	0.95				
	301	2	43.13508385263158	8.786776340350876	0.0	0.0	3	1.030453318576625	2.5310087034356963	138.0	31	1.05	0.95				
	302	2	38.74169568245614	7.987978491228071	0.0	0.0	3	1.0277963188204893	2.1853958135072387	138.0	32	1.05	0.95				
	303	1	71.89180642105264	14.777760208771932	0.0	0.0	3	1.05	16.484234738336262	138.0	31	1.05	0.95				
	304	1	29.555520417543864	5.990983868421053	0.0	0.0	3	1.0149091818407134	2.952313342258298	138.0	31	1.05	0.95				
	305	1	28.35732364385965	5.591584943859649	0.0	0.0	3	1.034084702045866	1.3303035873980076	138.0	31	1.05	0.95				
	306	1	54.31825374035088	11.183169887719298	0.0	-100.0	3	1.0436227237734903	0.15047565660019926	138.0	32	1.05	0.95				
	307	2	49.92486557017544	9.984973114035087	0.0	0.0	3	0.95	0.6552123560929997	138.0	32	1.05	0.95				
	308	1	68.2972161	13.978962359649122	0.0	0.0	3	0.9742279462586267	0.44497830759850227	138.0	32	1.05	0.95				
	309	1	69.89481179824561	14.378361284210525	0.0	0.0	3	1.0159790461760079	5.254087986745943	138.0	33	1.05	0.95				
	310	1	77.88279028947368	15.975956982456141	0.0	0.0	3	1.046955410348517	1.3888012133987775	138.0	33	1.05	0.95				
	311	1	0.0	0.0	0.0	0.0	3	1.003509471877659	4.391854241776474	230.0	33	1.05	0.95				
	312	1	0.0	0.0	0.0	0.0	3	1.0083402034321471	5.039955562344826	230.0	33	1.05	0.95				
	313	2	105.84071500877192	21.56754192631579	0.0	0.0	3	1.0050970919685533	6.823317992758392	230.0	34	1.05	0.95				
	314	2	77.48339136491228	15.576558057894738	0.0	0.0	3	0.996502865446527	3.4299272736738184	230.0	36	1.05	0.95				
	315	2	126.6094590859649	25.561531171929825	0.0	0.0	3	1.0446322670712034	5.037274455314045	230.0	36	1.05	0.95				
	316	2	39.93989245614035	7.987978491228071	0.0	0.0	3	1.0255925344558499	4.497701035560722	230.0	36	1.05	0.95				
	317	1	0.0	0.0	0.0	0.0	3	1.0434227753971372	6.133094664741638	230.0	37	1.05	0.95				
	318	2	132.99984187894736	27.15912687017544	0.0	0.0	3	1.0472268476442954	5.005236643489315	230.0	37	1.05	0.95				
	319	1	72.29120534561405	14.777760208771932	0.0	0.0	3	1.016720809392223	4.314848294273942	230.0	35	1.05	0.95				
	320	1	51.12306234385965	10.384372038596492	0.0	0.0	3	1.0115924468676216	4.951768512332933	230.0	35	1.05	0.95				
	321	2	0.0	0.0	0.0	0.0	3	1.05	5.558566521344903	230.0	37	1.05	0.95				
	322	2	0.0	0.0	0.0	0.0	3	1.05	10.123007342289544	230.0	37	1.05	0.95				
	323	2	0.0	0.0	0.0	0.0	3	1.009393491885022	5.624807718215503	230.0	35	1.05	0.95				
	324	1	0.0	0.0	0.0	0.0	3	1.0430620505424113	9.41538433901586	230.0	36	1.05	0.95				
	325	1	0.0	0.0	0.0	0.0	3	1.0094215177260006	6.089238189272236	230.0	35	1.05	0.95				
];
