%% MATPOWER Case Format : Version 2
function mpc = RTS_GMLC
mpc.version = '2';

%%-----  Power Flow Data  -----%%
%% system MVA base
mpc.baseMVA = 100.0;
%% bus data
%    bus_i    type    Pd    Qd    Gs    Bs    area    Vm    Va    baseKV    zone    Vmax    Vmin
mpc.bus = [
	101	2	54.53438892631579	11.10885700350877	0.0	0.0	1	1.0451941588034332	2.501204253081996	138.0	11	1.05	0.95				
	102	2	48.9799604245614	10.098960912280702	0.0	0.0	1	1.0446247923309617	2.3087290132294482	138.0	12	1.05	0.95				
	103	1	90.89064821052631	18.683077687719297	0.0	0.0	1	1.0270331264056578	-0.5713932616262749	138.0	11	1.05	0.95				
	104	1	37.366155375438595	7.574220684210525	0.0	0.0	1	1.026070813365052	-1.346402963074163	138.0	11	1.05	0.95				
	105	1	35.85131123859649	7.069272638596491	0.0	0.0	1	1.0402456162949387	-1.3279844027858272	138.0	11	1.05	0.95				
	106	1	68.67293420350877	14.138545277192982	0.0	-100.0	1	1.045510686444182	-3.99185157565085	138.0	12	1.05	0.95				
	107	2	63.11850570175438	12.623701140350876	0.0	0.0	1	1.0010092266180326	-10.319157629922513	138.0	12	1.05	0.95				
	108	1	86.34611579999999	17.673181596491226	0.0	0.0	1	1.0019704402198713	-8.91629641749013	138.0	12	1.05	0.95				
	109	1	88.36590798245614	18.17812964210526	0.0	0.0	1	1.0245803581049875	-2.908560133443327	138.0	13	1.05	0.95				
	110	1	98.46486889473684	20.197921824561405	0.0	0.0	1	1.05	-3.6736309474948965	138.0	13	1.05	0.95				
	111	1	0.0	0.0	0.0	0.0	1	1.0052624206350318	-0.9298346591849044	230.0	13	1.05	0.95				
	112	1	0.0	0.0	0.0	0.0	1	1.0098520978223178	-0.43147230323674685	230.0	13	1.05	0.95				
	113	3	133.81123208771928	27.267194463157896	0.0	0.0	1	1.0000212864012203	8.466115788803457e-30	230.0	14	1.05	0.95				
	114	2	97.9599208491228	19.69297377894737	0.0	0.0	1	1.0020123121274203	0.7369041213743892	230.0	16	1.05	0.95				
	115	2	160.0685304596491	32.316674919298244	0.0	0.0	1	1.0350698569566377	6.642377356002925	230.0	16	1.05	0.95				
	116	2	50.494804561403505	10.098960912280702	0.0	0.0	1	1.0313214630673668	6.095520675778614	230.0	16	1.05	0.95				
	117	1	0.0	0.0	0.0	0.0	1	1.0380880884788415	8.202791546080038	230.0	17	1.05	0.95				
	118	2	168.14769918947368	34.33646710175439	0.0	0.0	1	1.0399174059222855	8.322739096044344	230.0	17	1.05	0.95				
	119	1	91.39559625614034	18.683077687719297	0.0	0.0	1	1.025235876228114	5.0127547623741	230.0	15	1.05	0.95				
	120	1	64.63334983859649	13.12864918596491	0.0	0.0	1	1.023850439868046	5.043554732367678	230.0	15	1.05	0.95				
	121	2	0.0	0.0	0.0	0.0	1	1.0432635086636695	9.589394487503228	230.0	17	1.05	0.95				
	122	2	0.0	0.0	0.0	0.0	1	1.05	15.794366819396148	230.0	17	1.05	0.95				
	123	2	0.0	0.0	0.0	0.0	1	1.0240211888546031	5.449873666038996	230.0	15	1.05	0.95				
	124	1	0.0	0.0	0.0	0.0	1	1.0226908367667564	3.9389318536077713	230.0	16	1.05	0.95				
	201	2	53.090508429473694	10.81473319859649	0.0	0.0	2	1.0306621201504986	-8.425705305618727	138.0	21	1.05	0.95				
	202	2	47.68314183017544	9.83157563508772	0.0	0.0	2	1.0311938208220273	-8.351070506376951	138.0	22	1.05	0.95				
	203	1	88.48418071578948	18.18841492491228	0.0	0.0	2	1.0181838448704958	-8.124817003613	138.0	21	1.05	0.95				
	204	1	36.37682984982456	7.373681726315789	0.0	0.0	2	1.0188747340670865	-10.366804410291305	138.0	21	1.05	0.95				
	205	1	34.9020935045614	6.882102944561404	0.0	0.0	2	1.0341884372870005	-10.529985473609111	138.0	21	1.05	0.95				
	206	1	66.85471431859649	13.764205889122808	0.0	-100.0	2	1.0437620213737193	-12.164719493981268	138.0	22	1.05	0.95				
	207	2	61.44734771929825	12.28946954385965	0.0	0.0	2	0.990716143406426	-19.511909633899737	138.0	22	1.05	0.95				
	208	1	84.05997168	17.205257361403508	0.0	0.0	2	0.9948893578762434	-17.23369460326553	138.0	22	1.05	0.95				
	209	1	86.02628680701754	17.696836143157892	0.0	0.0	2	1.0232171201791214	-10.012511589753505	138.0	23	1.05	0.95				
	210	1	95.85786244210526	19.66315127017544	0.0	0.0	2	1.05	-11.102272243030546	138.0	23	1.05	0.95				
	211	1	0.0	0.0	0.0	0.0	2	1.0080389020859264	-6.976687024041859	230.0	23	1.05	0.95				
	212	1	0.0	0.0	0.0	0.0	2	1.0094469463099438	-6.105999461599767	230.0	23	1.05	0.95				
	213	2	130.2683771649123	26.545254214736847	0.0	0.0	2	1.003734252692758	-5.7884367751063	230.0	24	1.05	0.95				
	214	2	95.36628366035087	19.171572488421056	0.0	0.0	2	1.011344719771185	-4.351174579239264	230.0	26	1.05	0.95				
	215	2	155.83047381614034	31.4610420322807	0.0	0.0	2	1.0295781427900073	2.582253169638732	230.0	26	1.05	0.95				
	216	2	49.1578781754386	9.83157563508772	0.0	0.0	2	1.0300958010633159	2.349028214030585	230.0	26	1.05	0.95				
	217	1	0.0	0.0	0.0	0.0	2	1.0349697985018285	4.875984133751614	230.0	27	1.05	0.95				
	218	2	163.69573432421055	33.427357159298246	0.0	0.0	2	1.0363415503731168	5.248934306190895	230.0	27	1.05	0.95				
	219	1	88.97575949754386	18.18841492491228	0.0	0.0	2	1.028579986224946	1.8497963203110486	230.0	25	1.05	0.95				
	220	1	62.9220840645614	12.781048325614035	0.0	0.0	2	1.030868450443191	2.3683086392024846	230.0	25	1.05	0.95				
	221	2	0.0	0.0	0.0	0.0	2	1.036741651685953	5.122373128449121	230.0	27	1.05	0.95				
	222	2	0.0	0.0	0.0	0.0	2	1.05	11.524337231685378	230.0	27	1.05	0.95				
	223	2	0.0	0.0	0.0	0.0	2	1.0330937788066412	3.0249758312465165	230.0	25	1.05	0.95				
	224	1	0.0	0.0	0.0	0.0	2	1.0120941836488566	-1.424755224339113	230.0	26	1.05	0.95				
	301	2	48.19171149473684	9.816830119298245	0.0	0.0	3	1.0091184900949177	-11.409743533796014	138.0	31	1.05	0.95				
	302	2	43.28329643508771	8.92439101754386	0.0	0.0	3	1.008565125608567	-11.548389943120906	138.0	32	1.05	0.95				
	303	1	80.31951915789473	16.510123382456136	0.0	0.0	3	1.0275524219068826	-5.187466118361246	138.0	31	1.05	0.95				
	304	1	33.02024676491227	6.693293263157894	0.0	0.0	3	1.010165479976661	-10.202170506791212	138.0	31	1.05	0.95				
	305	1	31.681588112280696	6.247073712280702	0.0	0.0	3	1.023772981006491	-10.891480625224204	138.0	31	1.05	0.95				
	306	1	60.68585891929824	12.494147424561405	0.0	-100.0	3	1.0400681795037725	-11.13305576513213	138.0	32	1.05	0.95				
	307	2	55.777443859649125	11.155488771929823	0.0	0.0	3	0.9942652272597808	-16.08326719948256	138.0	32	1.05	0.95				
	308	1	76.3035432	15.617684280701752	0.0	0.0	3	0.9995285745251653	-14.056004213110443	138.0	32	1.05	0.95				
	309	1	78.08842140350876	16.063903831578948	0.0	0.0	3	1.0255021405379363	-7.270178178560301	138.0	33	1.05	0.95				
	310	1	87.01281242105262	17.84878203508772	0.0	0.0	3	1.05	-8.93749056552902	138.0	33	1.05	0.95				
	311	1	0.0	0.0	0.0	0.0	3	1.0063009001219039	-3.808137221916898	230.0	33	1.05	0.95				
	312	1	0.0	0.0	0.0	0.0	3	1.0103525035877348	-3.416377156478012	230.0	33	1.05	0.95				
	313	2	118.24818098245613	24.09585574736842	0.0	0.0	3	1.0085969670323376	-0.466735812331539	230.0	34	1.05	0.95				
	314	2	86.56659287017543	17.402562484210527	0.0	0.0	3	1.0039331780035288	-2.3185316657814052	230.0	36	1.05	0.95				
	315	2	141.45159762807015	28.55805125614035	0.0	0.0	3	1.0236067165267007	-0.6871199450576072	230.0	36	1.05	0.95				
	316	2	44.62195508771929	8.92439101754386	0.0	0.0	3	1.0227150151994833	0.09275005398638499	230.0	36	1.05	0.95				
	317	1	0.0	0.0	0.0	0.0	3	1.0281040273341544	0.7434516503158942	230.0	37	1.05	0.95				
	318	2	148.59111044210525	30.34292945964912	0.0	0.0	3	1.0268414297368424	0.24744151826510744	230.0	37	1.05	0.95				
	319	1	80.76573870877193	16.510123382456136	0.0	0.0	3	1.019914491085597	0.12857641986754084	230.0	35	1.05	0.95				
	320	1	57.1161025122807	11.601708322807017	0.0	0.0	3	1.0189052866862458	0.32118664915630335	230.0	35	1.05	0.95				
	321	2	0.0	0.0	0.0	0.0	3	1.0278086852939488	0.4850010835916629	230.0	37	1.05	0.95				
	322	2	0.0	0.0	0.0	0.0	3	1.041268176545403	4.966335914984319	230.0	37	1.05	0.95				
	323	2	0.0	0.0	0.0	0.0	3	1.0187609534688695	0.6612583165096446	230.0	35	1.05	0.95				
	324	1	0.0	0.0	0.0	0.0	3	1.019592588514988	-1.5013143257206576	230.0	36	1.05	0.95				
	325	1	0.0	0.0	0.0	0.0	3	1.019163721154902	1.4308164294324202	230.0	35	1.05	0.95				
];
