%% MATPOWER Case Format : Version 2
function mpc = RTS_GMLC
mpc.version = '2';

%%-----  Power Flow Data  -----%%
%% system MVA base
mpc.baseMVA = 100.0;
%% bus data
%    bus_i    type    Pd    Qd    Gs    Bs    area    Vm    Va    baseKV    zone    Vmax    Vmin
mpc.bus = [
	101	2	41.37506185263158	8.428253340350878	0.0	0.0	1	1.014006731904374	-3.9527445536851205	138.0	11	1.05	0.95				
	102	2	37.16093518245614	7.662048491228071	0.0	0.0	1	1.0138982321069143	-4.126192648016666	138.0	12	1.05	0.95				
	103	1	68.95843642105264	14.174789708771932	0.0	0.0	1	1.0033666941339503	-0.6409566483846078	138.0	11	1.05	0.95				
	104	1	28.349579417543865	5.746536368421053	0.0	0.0	1	1.0047542342414681	-4.167562228288661	138.0	11	1.05	0.95				
	105	1	27.20027214385965	5.3634339438596506	0.0	0.0	1	1.0175886355012982	-5.2385000347743205	138.0	11	1.05	0.95				
	106	1	52.10192974035088	10.726867887719301	0.0	-100.0	1	1.0275895317666148	-6.418243802773384	138.0	12	1.05	0.95				
	107	2	47.88780307017544	9.577560614035088	0.0	0.0	1	0.9849932082780678	-9.013133785998017	138.0	12	1.05	0.95				
	108	1	65.51051460000001	13.408584859649123	0.0	0.0	1	0.9883353392873773	-8.344957527375236	138.0	12	1.05	0.95				
	109	1	67.04292429824562	13.791687284210527	0.0	0.0	1	1.0026272843739108	-3.6668781982045306	138.0	13	1.05	0.95				
	110	1	74.70497278947369	15.324096982456142	0.0	0.0	1	1.0301896959401586	-5.278535689543049	138.0	13	1.05	0.95				
	111	1	0.0	0.0	0.0	0.0	1	0.9799940995650264	-1.4867062343805983	230.0	13	1.05	0.95				
	112	1	0.0	0.0	0.0	0.0	1	0.9818814953658715	-1.764864018283578	230.0	13	1.05	0.95				
	113	3	101.52214250877194	20.68753092631579	0.0	0.0	1	0.9623848818617082	-3.632875818362106e-30	230.0	14	1.05	0.95				
	114	2	74.32187036491229	14.940994557894738	0.0	0.0	1	0.9846478437771075	0.38307884340652915	230.0	16	1.05	0.95				
	115	2	121.44346858596491	24.518555171929826	0.0	0.0	1	0.9880809828184661	6.737319873685173	230.0	16	1.05	0.95				
	116	2	38.31024245614035	7.662048491228071	0.0	0.0	1	0.9884020216040172	5.6280329136207605	230.0	16	1.05	0.95				
	117	1	0.0	0.0	0.0	0.0	1	0.9938004589243289	9.408210078737378	230.0	17	1.05	0.95				
	118	2	127.57310737894738	26.05096487017544	0.0	0.0	1	0.995633608404145	10.083673664158471	230.0	17	1.05	0.95				
	119	1	69.34153884561404	14.174789708771932	0.0	0.0	1	0.9887953139076097	3.3344901993194065	230.0	15	1.05	0.95				
	120	1	49.03711034385965	9.960663038596493	0.0	0.0	1	0.9921672672441982	1.8440239398238405	230.0	15	1.05	0.95				
	121	2	0.0	0.0	0.0	0.0	1	0.994943672960225	11.402559154448522	230.0	17	1.05	0.95				
	122	2	0.0	0.0	0.0	0.0	1	1.0162318750808192	19.45322783513738	230.0	17	1.05	0.95				
	123	2	0.0	0.0	0.0	0.0	1	0.9945263623601815	1.342220320861382	230.0	15	1.05	0.95				
	124	1	0.0	0.0	0.0	0.0	1	0.9847341772569481	3.896745745911383	230.0	16	1.05	0.95				
	201	2	40.187627886315795	8.186368643508773	0.0	0.0	2	1.012409107085011	-7.868718447052673	138.0	21	1.05	0.95				
	202	2	36.09444356456141	7.442153312280703	0.0	0.0	2	1.0111953712485522	-8.049060937436755	138.0	22	1.05	0.95				
	203	1	66.97937981052632	13.7679836277193	0.0	0.0	2	0.9978730515258653	-6.263124317730381	138.0	21	1.05	0.95				
	204	1	27.5359672554386	5.581614984210527	0.0	0.0	2	1.0033932792510383	-7.321688557196349	138.0	21	1.05	0.95				
	205	1	26.41964425859649	5.209507318596493	0.0	0.0	2	1.0195131455095592	-7.553283016994083	138.0	21	1.05	0.95				
	206	1	50.60664252350878	10.419014637192985	0.0	-100.0	2	1.0317022970167642	-7.858339844682018	138.0	22	1.05	0.95				
	207	2	46.513458201754396	9.302691640350877	0.0	0.0	2	0.9723987861440487	-12.297614814235773	138.0	22	1.05	0.95				
	208	1	63.63041082000001	13.023768296491228	0.0	0.0	2	0.9827242006948369	-10.63068320813833	138.0	22	1.05	0.95				
	209	1	65.11884148245615	13.395875962105263	0.0	0.0	2	1.0077603137241509	-5.138594218674474	138.0	23	1.05	0.95				
	210	1	72.56099479473684	14.884306624561406	0.0	0.0	2	1.0356274313248626	-6.007517035509499	138.0	23	1.05	0.95				
	211	1	0.0	0.0	0.0	0.0	2	0.98691453464605	-2.8825769249019526	230.0	23	1.05	0.95				
	212	1	0.0	0.0	0.0	0.0	2	0.9897466181654611	1.4025358707135531	230.0	23	1.05	0.95				
	213	2	98.60853138771931	20.093813943157897	0.0	0.0	2	0.9827376489429606	-0.35563333859652885	230.0	24	1.05	0.95				
	214	2	72.18888712912282	14.51219895894737	0.0	0.0	2	0.9809295948738265	-2.24838697448102	230.0	26	1.05	0.95				
	215	2	117.95812999964915	23.81489059929825	0.0	0.0	2	0.9895969838790578	0.9953613635968026	230.0	26	1.05	0.95				
	216	2	37.21076656140351	7.442153312280703	0.0	0.0	2	0.9880873132259486	1.089010093973065	230.0	26	1.05	0.95				
	217	1	0.0	0.0	0.0	0.0	2	0.9978440244692327	1.806199626719629	230.0	27	1.05	0.95				
	218	2	123.9118526494737	25.30332126175439	0.0	0.0	2	0.9986250189668674	1.4409474296030316	230.0	27	1.05	0.95				
	219	1	67.35148747614036	13.7679836277193	0.0	0.0	2	0.9831099997946969	2.379291491378082	230.0	25	1.05	0.95				
	220	1	47.6297811985965	9.674799305964914	0.0	0.0	2	0.9818514609791162	4.301146171689314	230.0	25	1.05	0.95				
	221	2	0.0	0.0	0.0	0.0	2	1.000699458172718	2.0336815631003677	230.0	27	1.05	0.95				
	222	2	0.0	0.0	0.0	0.0	2	1.019095444936493	8.094750265023604	230.0	27	1.05	0.95				
	223	2	0.0	0.0	0.0	0.0	2	0.9823661854083688	5.6743176164501685	230.0	25	1.05	0.95				
	224	1	0.0	0.0	0.0	0.0	2	0.9837178156665166	-1.7767261720252248	230.0	26	1.05	0.95				
	301	2	50.99335654736843	10.387535592982458	0.0	0.0	3	1.0056079906286521	33.62134720821513	138.0	31	1.05	0.95				
	302	2	45.79958875087719	9.443214175438596	0.0	0.0	3	1.006306891293935	33.221911271029995	138.0	32	1.05	0.95				
	303	1	84.98892757894737	17.469946224561404	0.0	0.0	3	1.0179337507487292	49.79795636928189	138.0	31	1.05	0.95				
	304	1	34.93989244912281	7.082410631578948	0.0	0.0	3	0.9944910928082639	34.721069302710966	138.0	31	1.05	0.95				
	305	1	33.52341032280702	6.610249922807018	0.0	0.0	3	1.0130373677779878	32.23513744280436	138.0	31	1.05	0.95				
	306	1	64.21385639298246	13.220499845614036	0.0	-100.0	3	1.0247508115117105	30.882676925506892	138.0	32	1.05	0.95				
	307	2	59.02008859649123	11.804017719298246	0.0	0.0	3	0.9681655509277355	29.90069853168933	138.0	32	1.05	0.95				
	308	1	80.7394812	16.525624807017543	0.0	0.0	3	0.982018868818857	32.018321371423525	138.0	32	1.05	0.95				
	309	1	82.62812403508772	16.997785515789474	0.0	0.0	3	1.0004048796684961	37.98763192976024	138.0	33	1.05	0.95				
	310	1	92.07133821052632	18.886428350877193	0.0	0.0	3	1.032241172732264	32.3987312395329	138.0	33	1.05	0.95				
	311	1	0.0	0.0	0.0	0.0	3	0.9906479422183647	35.58877896450436	230.0	33	1.05	0.95				
	312	1	0.0	0.0	0.0	0.0	3	0.9948076131091842	34.85205345669413	230.0	33	1.05	0.95				
	313	2	125.1225878245614	25.496678273684214	0.0	0.0	3	0.9933931879802711	36.65921461652892	230.0	34	1.05	0.95				
	314	2	91.59917750175438	18.414267642105266	0.0	0.0	3	0.9831007619942072	35.147577950824136	230.0	36	1.05	0.95				
	315	2	149.67494468070174	30.218285361403513	0.0	0.0	3	0.9970289696466055	33.910743451939794	230.0	36	1.05	0.95				
	316	2	47.21607087719298	9.443214175438596	0.0	0.0	3	0.9890385441868368	33.44875791874207	230.0	36	1.05	0.95				
	317	1	0.0	0.0	0.0	0.0	3	1.002473804687921	34.74085721409021	230.0	37	1.05	0.95				
	318	2	157.22951602105263	32.10692819649123	0.0	0.0	3	0.9982083162038216	31.570906853031907	230.0	37	1.05	0.95				
	319	1	85.4610882877193	17.469946224561404	0.0	0.0	3	0.9889285122974835	32.53673328189905	230.0	35	1.05	0.95				
	320	1	60.436570722807026	12.276178428070176	0.0	0.0	3	0.9893000722202714	31.062698097407058	230.0	35	1.05	0.95				
	321	2	0.0	0.0	0.0	0.0	3	1.0064639466316834	32.91710140672182	230.0	37	1.05	0.95				
	322	2	0.0	0.0	0.0	0.0	3	1.02325267945117	37.4975564496483	230.0	37	1.05	0.95				
	323	2	0.0	0.0	0.0	0.0	3	0.9898529662799022	30.375788922263755	230.0	35	1.05	0.95				
	324	1	0.0	0.0	0.0	0.0	3	1.0018100574893078	42.078878507308	230.0	36	1.05	0.95				
	325	1	0.0	0.0	0.0	0.0	3	0.9900314121842583	28.777466693823058	230.0	35	1.05	0.95				
];
