%% MATPOWER Case Format : Version 2
function mpc = RTS_GMLC
mpc.version = '2';

%%-----  Power Flow Data  -----%%
%% system MVA base
mpc.baseMVA = 100.0;
%% bus data
%    bus_i    type    Pd    Qd    Gs    Bs    area    Vm    Va    baseKV    zone    Vmax    Vmin
mpc.bus = [
	101	2	67.43988125052633	13.737753588070175	0.0	0.0	1	1.046496461298487	1.4477463589586534	138.0	11	1.05	0.95				
	102	2	60.57100445649123	12.488866898245615	0.0	0.0	1	1.0453307701800445	1.0704558259790924	138.0	12	1.05	0.95				
	103	1	112.39980208421052	23.104403761754387	0.0	0.0	1	1.0282661122988999	0.39026805102662276	138.0	11	1.05	0.95				
	104	1	46.208807523508774	9.36665017368421	0.0	0.0	1	1.0255860974728097	-2.3227919731350553	138.0	11	1.05	0.95				
	105	1	44.33547748877193	8.74220682877193	0.0	0.0	1	1.03909779386458	-2.6981590719445765	138.0	11	1.05	0.95				
	106	1	84.92429490807018	17.48441365754386	0.0	-100.0	1	1.0421239507846263	-5.677502090331501	138.0	12	1.05	0.95				
	107	2	78.05541811403509	15.611083622807017	0.0	0.0	1	0.997071777705672	-13.510845409661323	138.0	12	1.05	0.95				
	108	1	106.77981197999999	21.85551707192982	0.0	0.0	1	0.9947478331987708	-11.559476495980347	138.0	12	1.05	0.95				
	109	1	109.27758535964914	22.479960416842104	0.0	0.0	1	1.0249892129322689	-3.6063036678888016	138.0	13	1.05	0.95				
	110	1	121.76645225789473	24.97773379649123	0.0	0.0	1	1.05	-5.00105343348228	138.0	13	1.05	0.95				
	111	1	0.0	0.0	0.0	0.0	1	1.0129663628165615	-0.8591855136072448	230.0	13	1.05	0.95				
	112	1	0.0	0.0	0.0	0.0	1	1.014790774470886	-0.8566682221302042	230.0	13	1.05	0.95				
	113	3	165.4774864017544	33.71994062526316	0.0	0.0	1	1.0103369830108049	1.1262859834928905e-30	230.0	14	1.05	0.95				
	114	2	121.14200891298246	24.35329045157895	0.0	0.0	1	1.0185085549154074	1.8747248096329028	230.0	16	1.05	0.95				
	115	2	197.94854033719298	39.964374074385965	0.0	0.0	1	1.0419783724213225	10.674492470568419	230.0	16	1.05	0.95				
	116	2	62.44433449122807	12.488866898245615	0.0	0.0	1	1.0395400487983082	9.514174226550617	230.0	16	1.05	0.95				
	117	1	0.0	0.0	0.0	0.0	1	1.0435430879907264	14.217542663932692	230.0	17	1.05	0.95				
	118	2	207.93963385578945	42.46214745403509	0.0	0.0	1	1.0496788476548027	14.885479937739836	230.0	17	1.05	0.95				
	119	1	113.02424542912281	23.104403761754387	0.0	0.0	1	1.0326441616176922	6.939856385033868	230.0	15	1.05	0.95				
	120	1	79.92874814877193	16.2355269677193	0.0	0.0	1	1.0324907416329066	5.644034648118499	230.0	15	1.05	0.95				
	121	2	0.0	0.0	0.0	0.0	1	1.05	16.759162641901852	230.0	17	1.05	0.95				
	122	2	0.0	0.0	0.0	0.0	1	1.05	28.248091620534655	230.0	17	1.05	0.95				
	123	2	0.0	0.0	0.0	0.0	1	1.0338430838789454	5.401116119354006	230.0	15	1.05	0.95				
	124	1	0.0	0.0	0.0	0.0	1	1.02399318231559	6.834689853444596	230.0	16	1.05	0.95				
	201	2	63.05241618947369	12.844010705263159	0.0	0.0	2	1.0212586815089604	-12.173456128252825	138.0	21	1.05	0.95				
	202	2	56.6304108368421	11.676373368421054	0.0	0.0	2	1.0221177124315668	-12.01350753317428	138.0	22	1.05	0.95				
	203	1	105.0873603157895	21.60129073157895	0.0	0.0	2	1.0138177524913987	-11.071206062304164	138.0	21	1.05	0.95				
	204	1	43.2025814631579	8.75728002631579	0.0	0.0	2	1.013915691513931	-12.733715128712914	138.0	21	1.05	0.95				
	205	1	41.45112545789474	8.17346135789474	0.0	0.0	2	1.0283138198744157	-13.068282818020531	138.0	21	1.05	0.95				
	206	1	79.39933890526318	16.34692271578948	0.0	-100.0	2	1.0392984467824327	-14.099455140585881	138.0	22	1.05	0.95				
	207	2	72.97733355263159	14.595466710526317	0.0	0.0	2	0.9910294754897323	-22.35091577066495	138.0	22	1.05	0.95				
	208	1	99.8329923	20.433653394736844	0.0	0.0	2	0.9912216433041787	-19.559794674151338	138.0	22	1.05	0.95				
	209	1	102.16826697368421	21.017472063157896	0.0	0.0	2	1.0249954489448574	-10.927394976264262	138.0	23	1.05	0.95				
	210	1	113.84464034210527	23.352746736842107	0.0	0.0	2	1.05	-12.104550606632724	138.0	23	1.05	0.95				
	211	1	0.0	0.0	0.0	0.0	2	1.0137679791277188	-7.548419038863112	230.0	23	1.05	0.95				
	212	1	0.0	0.0	0.0	0.0	2	1.0178904249019933	-3.268931341518915	230.0	23	1.05	0.95				
	213	2	154.71194713157897	31.526208094736845	0.0	0.0	2	1.0176991411540843	-4.734542607475904	230.0	24	1.05	0.95				
	214	2	113.2608216736842	22.768928068421054	0.0	0.0	2	1.0161830733603354	-6.013792746881425	230.0	26	1.05	0.95				
	215	2	185.07051788947368	37.36439477894737	0.0	0.0	2	1.031432497467766	-0.7155562598545414	230.0	26	1.05	0.95				
	216	2	58.38186684210527	11.676373368421054	0.0	0.0	2	1.0338761851268705	-0.2677840396508796	230.0	26	1.05	0.95				
	217	1	0.0	0.0	0.0	0.0	2	1.0361832217536464	1.092051735183324	230.0	27	1.05	0.95				
	218	2	194.41161658421055	39.69966945263159	0.0	0.0	2	1.0344639475338815	0.1887261177902545	230.0	27	1.05	0.95				
	219	1	105.67117898421054	21.60129073157895	0.0	0.0	2	1.0359340654914073	0.9510169373457281	230.0	25	1.05	0.95				
	220	1	74.72878955789474	15.179285378947371	0.0	0.0	2	1.0430564381171614	3.1091057088615592	230.0	25	1.05	0.95				
	221	2	0.0	0.0	0.0	0.0	2	1.0360332837198214	0.703466980572425	230.0	27	1.05	0.95				
	222	2	0.0	0.0	0.0	0.0	2	1.05	7.354975794561034	230.0	27	1.05	0.95				
	223	2	0.0	0.0	0.0	0.0	2	1.049228554232743	4.70939902194589	230.0	25	1.05	0.95				
	224	1	0.0	0.0	0.0	0.0	2	1.0120323991338491	-4.566505736980328	230.0	26	1.05	0.95				
	301	2	62.507434357894745	12.732995887719298	0.0	0.0	3	1.006644104516252	10.815434835931883	138.0	31	1.05	0.95				
	302	2	56.14093641403509	11.575450807017546	0.0	0.0	3	1.0052951879786056	10.542343385080784	138.0	32	1.05	0.95				
	303	1	104.1790572631579	21.414583992982454	0.0	0.0	3	1.046675531965236	21.409217172280073	138.0	31	1.05	0.95				
	304	1	42.82916798596491	8.681588105263158	0.0	0.0	3	1.0063935957174095	11.866094246067496	138.0	31	1.05	0.95				
	305	1	41.09285036491228	8.102815564912282	0.0	0.0	3	1.020637246024391	11.062669039678767	138.0	31	1.05	0.95				
	306	1	78.7130654877193	16.205631129824564	0.0	-100.0	3	1.0353602391655248	10.541713075228774	138.0	32	1.05	0.95				
	307	2	72.34656754385965	14.469313508771931	0.0	0.0	3	0.9881634147668169	5.31412219704701	138.0	32	1.05	0.95				
	308	1	98.9701044	20.2570389122807	0.0	0.0	3	0.9949209768912247	7.9780861429171095	138.0	32	1.05	0.95				
	309	1	101.2851945614035	20.835811452631578	0.0	0.0	3	1.0265872085121241	15.316791810796087	138.0	33	1.05	0.95				
	310	1	112.86064536842106	23.150901614035092	0.0	0.0	3	1.05	13.170618819673143	138.0	33	1.05	0.95				
	311	1	0.0	0.0	0.0	0.0	3	1.0134533067663745	18.489829210674554	230.0	33	1.05	0.95				
	312	1	0.0	0.0	0.0	0.0	3	1.0179465085289925	19.200616122140367	230.0	33	1.05	0.95				
	313	2	153.37472319298246	31.253717178947372	0.0	0.0	3	1.0222425416639611	23.809509325649827	230.0	34	1.05	0.95				
	314	2	112.28187282807018	22.572129073684213	0.0	0.0	3	1.014177382864228	18.106264935448284	230.0	36	1.05	0.95				
	315	2	183.47089529122806	37.04144258245614	0.0	0.0	3	1.046208432890086	15.85923470551919	230.0	36	1.05	0.95				
	316	2	57.877254035087724	11.575450807017546	0.0	0.0	3	1.0407259465392604	16.285857992473865	230.0	36	1.05	0.95				
	317	1	0.0	0.0	0.0	0.0	3	1.0498076762495976	16.890782445332114	230.0	37	1.05	0.95				
	318	2	192.73125593684213	39.35653274385965	0.0	0.0	3	1.0489168786883816	15.00820569203219	230.0	37	1.05	0.95				
	319	1	104.75782980350878	21.414583992982454	0.0	0.0	3	1.03537273624821	17.579484988122292	230.0	35	1.05	0.95				
	320	1	74.08288516491228	15.048086049122809	0.0	0.0	3	1.0322213768003723	18.413630371793424	230.0	35	1.05	0.95				
	321	2	0.0	0.0	0.0	0.0	3	1.0483848228841512	15.887542866327431	230.0	37	1.05	0.95				
	322	2	0.0	0.0	0.0	0.0	3	1.05	20.62638132429542	230.0	37	1.05	0.95				
	323	2	0.0	0.0	0.0	0.0	3	1.030754090193937	18.85306738021754	230.0	35	1.05	0.95				
	324	1	0.0	0.0	0.0	0.0	3	1.046124782086177	19.678725103358115	230.0	36	1.05	0.95				
	325	1	0.0	0.0	0.0	0.0	3	1.0335422832285013	18.683895257526743	230.0	35	1.05	0.95				
];
