%% MATPOWER Case Format : Version 2
function mpc = RTS_GMLC
mpc.version = '2';

%%-----  Power Flow Data  -----%%
%% system MVA base
mpc.baseMVA = 100.0;
%% bus data
%    bus_i    type    Pd    Qd    Gs    Bs    area    Vm    Va    baseKV    zone    Vmax    Vmin
mpc.bus = [
	101	2	48.215239995789474	9.821622962105263	0.0	0.0	1	1.0173639624563222	-3.0306489805412062	138.0	11	1.05	0.95				
	102	2	43.304428514736834	8.92874814736842	0.0	0.0	1	1.0169434617725546	-3.304609506477146	138.0	12	1.05	0.95				
	103	1	80.35873332631579	16.518184072631577	0.0	0.0	1	1.0118014214847668	1.4239590244825233	138.0	11	1.05	0.95				
	104	1	33.036368145263154	6.696561110526315	0.0	0.0	1	1.0079833071331674	-3.658835112585565	138.0	11	1.05	0.95				
	105	1	31.69705592315789	6.250123703157895	0.0	0.0	1	1.020359338937778	-4.914097207483172	138.0	11	1.05	0.95				
	106	1	60.71548740210526	12.50024740631579	0.0	-100.0	1	1.0295903019587935	-6.48941611061589	138.0	12	1.05	0.95				
	107	2	55.80467592105263	11.160935184210526	0.0	0.0	1	0.9878801670330896	-12.636609498988841	138.0	12	1.05	0.95				
	108	1	76.34079666	15.625309257894735	0.0	0.0	1	0.9882202404722351	-10.555216913284108	138.0	12	1.05	0.95				
	109	1	78.12654628947368	16.071746665263156	0.0	0.0	1	1.0073465144821256	-3.346605432733352	138.0	13	1.05	0.95				
	110	1	87.0552944368421	17.85749629473684	0.0	0.0	1	1.0344066798943865	-5.3665184261311225	138.0	13	1.05	0.95				
	111	1	0.0	0.0	0.0	0.0	1	0.9888075785426232	-0.6784548732139507	230.0	13	1.05	0.95				
	112	1	0.0	0.0	0.0	0.0	1	0.9899123390834139	-1.5148122379167581	230.0	13	1.05	0.95				
	113	3	118.30591295263157	24.107619997894737	0.0	0.0	1	0.9753325074011907	8.284656156080643e-30	230.0	14	1.05	0.95				
	114	2	86.60885702947367	17.411058887368423	0.0	0.0	1	0.9969556815207834	2.524826678737374	230.0	16	1.05	0.95				
	115	2	141.52065813578946	28.57199407157895	0.0	0.0	1	1.0086511267817087	11.589441907714743	230.0	16	1.05	0.95				
	116	2	44.643740736842105	8.92874814736842	0.0	0.0	1	1.0055035287197243	9.97112417280172	230.0	16	1.05	0.95				
	117	1	0.0	0.0	0.0	0.0	1	1.014183903645765	15.443858156534993	230.0	17	1.05	0.95				
	118	2	148.6636566536842	30.35774370105263	0.0	0.0	1	1.0219970633873938	16.298132297385056	230.0	17	1.05	0.95				
	119	1	80.80517073368421	16.518184072631577	0.0	0.0	1	1.0003552020882558	6.380300500185072	230.0	15	1.05	0.95				
	120	1	57.1439881431579	11.607372591578947	0.0	0.0	1	1.000905227594918	3.5200851310048726	230.0	15	1.05	0.95				
	121	2	0.0	0.0	0.0	0.0	1	1.0226747661342872	17.641671079778924	230.0	17	1.05	0.95				
	122	2	0.0	0.0	0.0	0.0	1	1.0387814230822687	30.773502194442102	230.0	17	1.05	0.95				
	123	2	0.0	0.0	0.0	0.0	1	1.0025233691544637	2.3081519153185073	230.0	15	1.05	0.95				
	124	1	0.0	0.0	0.0	0.0	1	0.9975222060820298	7.730368066096956	230.0	16	1.05	0.95				
	201	2	42.61860538105263	8.681567762807017	0.0	0.0	2	1.012591429813975	-17.23428730581428	138.0	21	1.05	0.95				
	202	2	38.277821499649114	7.892334329824561	0.0	0.0	2	1.011383413040979	-17.52120327157387	138.0	22	1.05	0.95				
	203	1	71.03100896842105	14.600818510175436	0.0	0.0	2	0.9999722511281697	-12.663256435746943	138.0	21	1.05	0.95				
	204	1	29.201637020350873	5.91925074736842	0.0	0.0	2	1.0027228539195092	-17.024150520727385	138.0	21	1.05	0.95				
	205	1	28.017786870877188	5.524634030877193	0.0	0.0	2	1.0195715865693011	-17.51389068334674	138.0	21	1.05	0.95				
	206	1	53.667873442807014	11.049268061754386	0.0	-100.0	2	1.0313328960740473	-18.182457620119347	138.0	22	1.05	0.95				
	207	2	49.327089561403504	9.865417912280702	0.0	0.0	2	0.9756321375002354	-22.94537916573378	138.0	22	1.05	0.95				
	208	1	67.47945852	13.811585077192982	0.0	0.0	2	0.9835662230642904	-21.138647497004285	138.0	22	1.05	0.95				
	209	1	69.05792538596491	14.206201793684208	0.0	0.0	2	1.0070998175476786	-14.934866466828074	138.0	23	1.05	0.95				
	210	1	76.95025971578947	15.784668659649123	0.0	0.0	2	1.0359456855539633	-16.498888400010003	138.0	23	1.05	0.95				
	211	1	0.0	0.0	0.0	0.0	2	0.9896263360671768	-11.85749321066589	230.0	23	1.05	0.95				
	212	1	0.0	0.0	0.0	0.0	2	0.9897169749524104	-11.131275947490895	230.0	23	1.05	0.95				
	213	2	104.57342987017542	21.309302690526316	0.0	0.0	2	0.9877848433046034	-10.408400288786996	230.0	24	1.05	0.95				
	214	2	76.55564299929823	15.390051943157895	0.0	0.0	2	0.9880685830726963	-9.13030041980366	230.0	26	1.05	0.95				
	215	2	125.09349912771927	25.255469855438594	0.0	0.0	2	0.9973159011574395	-1.6324355833864206	230.0	26	1.05	0.95				
	216	2	39.461671649122806	7.892334329824561	0.0	0.0	2	0.9962065685163785	-2.7040408111134413	230.0	26	1.05	0.95				
	217	1	0.0	0.0	0.0	0.0	2	1.00438798841149	-0.6792165344670307	230.0	27	1.05	0.95				
	218	2	131.40736659157895	26.833936721403507	0.0	0.0	2	1.0049596742539697	-1.0642570786925656	230.0	27	1.05	0.95				
	219	1	71.42562568491228	14.600818510175436	0.0	0.0	2	0.9944984805802627	-2.9485620588843187	230.0	25	1.05	0.95				
	220	1	50.51093971087719	10.260034628771928	0.0	0.0	2	0.9956915482106243	-2.3407678504535876	230.0	25	1.05	0.95				
	221	2	0.0	0.0	0.0	0.0	2	1.0072531098993418	-0.4486909723497639	230.0	27	1.05	0.95				
	222	2	0.0	0.0	0.0	0.0	2	1.0255672599638201	6.12386761289626	230.0	27	1.05	0.95				
	223	2	0.0	0.0	0.0	0.0	2	0.9969913530061999	-1.684405237464043	230.0	25	1.05	0.95				
	224	1	0.0	0.0	0.0	0.0	2	0.9850981820632272	-5.817726711236083	230.0	26	1.05	0.95				
	301	2	63.37867763368421	12.910471369824561	0.0	0.0	3	1.005861239385914	28.42540049049377	138.0	31	1.05	0.95				
	302	2	56.923441948771924	11.736792154385965	0.0	0.0	3	1.005752016599717	28.332070690549653	138.0	32	1.05	0.95				
	303	1	105.63112938947367	21.713065485614035	0.0	0.0	3	1.0123224762874918	33.28938840493366	138.0	31	1.05	0.95				
	304	1	43.42613097122807	8.802594115789473	0.0	0.0	3	0.9992902757042889	30.311959264030747	138.0	31	1.05	0.95				
	305	1	41.66561214807017	8.215754508070177	0.0	0.0	3	1.013972511243957	30.15572468778704	138.0	31	1.05	0.95				
	306	1	79.81018664982457	16.431509016140353	0.0	-100.0	3	1.026638007274049	30.457928476153306	138.0	32	1.05	0.95				
	307	2	73.35495096491228	14.670990192982455	0.0	0.0	3	0.9743413137435841	27.904132082734833	138.0	32	1.05	0.95				
	308	1	100.34957292	20.539386270175434	0.0	0.0	3	0.9892368195625189	30.5375708481693	138.0	32	1.05	0.95				
	309	1	102.69693135087718	21.126225877894736	0.0	0.0	3	1.0147226431861731	34.38677880226694	138.0	33	1.05	0.95				
	310	1	114.43372350526315	23.47358430877193	0.0	0.0	3	1.0395252339105336	33.81178569684732	138.0	33	1.05	0.95				
	311	1	0.0	0.0	0.0	0.0	3	0.9971373624386586	39.256612781608034	230.0	33	1.05	0.95				
	312	1	0.0	0.0	0.0	0.0	3	1.0028664208093994	40.20086982725512	230.0	33	1.05	0.95				
	313	2	155.512496045614	31.689338816842106	0.0	0.0	3	1.0111679557770175	47.25348215943903	230.0	34	1.05	0.95				
	314	2	113.84688389754385	22.88674470105263	0.0	0.0	3	0.995911942858975	37.437610570723166	230.0	36	1.05	0.95				
	315	2	186.02815564701754	37.557734894035086	0.0	0.0	3	1.007157609375417	29.909737598465234	230.0	36	1.05	0.95				
	316	2	58.68396077192982	11.736792154385965	0.0	0.0	3	1.0028494085308333	31.418592273116186	230.0	36	1.05	0.95				
	317	1	0.0	0.0	0.0	0.0	3	1.0105600248322941	30.559847494441296	230.0	37	1.05	0.95				
	318	2	195.41758937052631	39.905093324912286	0.0	0.0	3	1.0052442858658426	27.020072474293176	230.0	37	1.05	0.95				
	319	1	106.21796899719298	21.713065485614035	0.0	0.0	3	1.0070713810377154	33.80932365986495	230.0	35	1.05	0.95				
	320	1	75.11546978807017	15.257829800701755	0.0	0.0	3	1.0122291147728193	35.1704939069795	230.0	35	1.05	0.95				
	321	2	0.0	0.0	0.0	0.0	3	1.013563035268821	28.62981715422645	230.0	37	1.05	0.95				
	322	2	0.0	0.0	0.0	0.0	3	1.0297824812310035	33.737162793450096	230.0	37	1.05	0.95				
	323	2	0.0	0.0	0.0	0.0	3	1.014148698235732	35.31068769246838	230.0	35	1.05	0.95				
	324	1	0.0	0.0	0.0	0.0	3	1.009274772839013	33.59941251506056	230.0	36	1.05	0.95				
