%% MATPOWER Case Format : Version 2
function mpc = RTS_GMLC
mpc.version = '2';

%%-----  Power Flow Data  -----%%
%% system MVA base
mpc.baseMVA = 100.0;
%% bus data
%    bus_i    type    Pd    Qd    Gs    Bs    area    Vm    Va    baseKV    zone    Vmax    Vmin
mpc.bus = [
	101	2	45.5032162231579	9.26917367508772	0.0	0.0	1	1.05	7.614932530702304	138.0	11	1.05	0.95				
	102	2	40.868629385614035	8.426521522807018	0.0	0.0	1	1.0491794536034442	7.1808656359819825	138.0	12	1.05	0.95				
	103	1	75.83869370526315	15.589064817192982	0.0	0.0	1	1.03763193785495	4.2999466667576405	138.0	11	1.05	0.95				
	104	1	31.178129634385964	6.319891142105264	0.0	0.0	1	1.0308788399128375	2.968430967829346	138.0	11	1.05	0.95				
	105	1	29.914151405964912	5.898565065964913	0.0	0.0	1	1.0424687701699185	2.741343304618	138.0	11	1.05	0.95				
	106	1	57.300346355087726	11.797130131929826	0.0	-100.0	1	1.0479179054517256	-0.4966897565077026	138.0	12	1.05	0.95				
	107	2	52.66575951754386	10.533151903508772	0.0	0.0	1	0.9997587223204997	-8.76899388331599	138.0	12	1.05	0.95				
	108	1	72.04675902000001	14.746412664912281	0.0	0.0	1	1.003147758913766	-6.56929469334155	138.0	12	1.05	0.95				
	109	1	73.73206332456141	15.16773874105263	0.0	0.0	1	1.0251410755140535	-0.08701210888604308	138.0	13	1.05	0.95				
	110	1	82.15858484736842	16.853043045614037	0.0	0.0	1	1.05	-0.9656913975500506	138.0	13	1.05	0.95				
	111	1	0.0	0.0	0.0	0.0	1	1.0045790431177732	0.6516046967770805	230.0	13	1.05	0.95				
	112	1	0.0	0.0	0.0	0.0	1	1.0096639161839813	0.399125341428243	230.0	13	1.05	0.95				
	113	3	111.65141017719297	22.75160811157895	0.0	0.0	1	0.9952050018767163	-3.0815641753689544e-28	230.0	14	1.05	0.95				
	114	2	81.73725877122807	16.431716969473687	0.0	0.0	1	1.0012540618541694	2.5079689528696547	230.0	16	1.05	0.95				
	115	2	133.56036613649124	26.964868872982457	0.0	0.0	1	1.0395346172846538	8.54333506465713	230.0	16	1.05	0.95				
	116	2	42.13260761403509	8.426521522807018	0.0	0.0	1	1.0349712501523836	7.5481502092096555	230.0	16	1.05	0.95				
	117	1	0.0	0.0	0.0	0.0	1	1.042269696864513	11.080169635924685	230.0	17	1.05	0.95				
	118	2	140.30158335473686	28.650173177543863	0.0	0.0	1	1.0472081110545068	11.537531591900457	230.0	17	1.05	0.95				
	119	1	76.26001978140351	15.589064817192982	0.0	0.0	1	1.0256888214435247	5.533091017896141	230.0	15	1.05	0.95				
	120	1	53.929737745964914	10.954477979649123	0.0	0.0	1	1.0201475412704137	4.023165568122643	230.0	15	1.05	0.95				
	121	2	0.0	0.0	0.0	0.0	1	1.05	12.459150529443367	230.0	17	1.05	0.95				
	122	2	0.0	0.0	0.0	0.0	1	1.05	21.873907610653355	230.0	17	1.05	0.95				
	123	2	0.0	0.0	0.0	0.0	1	1.0176917997883799	3.516331447991464	230.0	15	1.05	0.95				
	124	1	0.0	0.0	0.0	0.0	1	1.0320739810520796	6.947208416143017	230.0	16	1.05	0.95				
	201	2	44.3015898063158	9.024397923508772	0.0	0.0	2	1.0129505034433377	-14.039812561112404	138.0	21	1.05	0.95				
	202	2	39.7893908445614	8.203998112280702	0.0	0.0	2	1.01211893377508	-14.315323607571594	138.0	22	1.05	0.95				
	203	1	73.83598301052633	15.177396507719298	0.0	0.0	2	1.015347968443312	-9.718875108533057	138.0	21	1.05	0.95				
	204	1	30.354793015438595	6.152998584210527	0.0	0.0	2	1.0115896163005644	-14.01154087581368	138.0	21	1.05	0.95				
	205	1	29.12419329859649	5.742798678596492	0.0	0.0	2	1.026501826973864	-14.490624924460251	138.0	21	1.05	0.95				
	206	1	55.787187163508776	11.485597357192985	0.0	-100.0	2	1.0419831255632233	-15.252274167154976	138.0	22	1.05	0.95				
	207	2	51.27498820175439	10.254997640350878	0.0	0.0	2	0.9939309551437892	-20.18204612476263	138.0	22	1.05	0.95				
	208	1	70.14418386000001	14.356996696491228	0.0	0.0	2	1.0001174091730993	-18.34008010783232	138.0	22	1.05	0.95				
	209	1	71.78498348245614	14.767196602105265	0.0	0.0	2	1.0229255515061768	-12.061633387987312	138.0	23	1.05	0.95				
	210	1	79.98898159473686	16.407996224561405	0.0	0.0	2	1.05	-13.620467424103675	138.0	23	1.05	0.95				
	211	1	0.0	0.0	0.0	0.0	2	1.0070291177558641	-9.005194764861367	230.0	23	1.05	0.95				
	212	1	0.0	0.0	0.0	0.0	2	1.0091381596730475	-8.292938442583688	230.0	23	1.05	0.95				
	213	2	108.7029749877193	22.1507949031579	0.0	0.0	2	1.0038270159625036	-7.577822073950541	230.0	24	1.05	0.95				
	214	2	79.5787816891228	15.99779631894737	0.0	0.0	2	1.0094395802330118	-6.319643959176447	230.0	26	1.05	0.95				
	215	2	130.03337007964913	26.25279395929825	0.0	0.0	2	1.0250030179153933	0.48588182900801263	230.0	26	1.05	0.95				
	216	2	41.01999056140351	8.203998112280702	0.0	0.0	2	1.026195066292035	-0.03369631676474959	230.0	26	1.05	0.95				
	217	1	0.0	0.0	0.0	0.0	2	1.0293750434814688	1.5295495706582856	230.0	27	1.05	0.95				
	218	2	136.5965685694737	27.893593581754388	0.0	0.0	2	1.0287146675499586	1.1255546169995756	230.0	27	1.05	0.95				
	219	1	74.24618291614036	15.177396507719298	0.0	0.0	2	1.027406415753787	-0.3333680458271979	230.0	25	1.05	0.95				
	220	1	52.5055879185965	10.665197545964913	0.0	0.0	2	1.0310940338643677	0.20574411458763192	230.0	25	1.05	0.95				
	221	2	0.0	0.0	0.0	0.0	2	1.0307075947199948	1.708773171195766	230.0	27	1.05	0.95				
	222	2	0.0	0.0	0.0	0.0	2	1.05	8.131051107129363	230.0	27	1.05	0.95				
	223	2	0.0	0.0	0.0	0.0	2	1.0337060703510303	0.8125277454799477	230.0	25	1.05	0.95				
	224	1	0.0	0.0	0.0	0.0	2	1.0088394684681037	-3.338862983253768	230.0	26	1.05	0.95				
	301	2	68.67447010105263	13.989243909473684	0.0	0.0	3	1.0075109655188508	-17.942668648189915	138.0	31	1.05	0.95				
	302	2	61.679848146315784	12.717494463157895	0.0	0.0	3	1.0069780632133012	-18.09958328251128	138.0	32	1.05	0.95				
	303	1	114.45745016842106	23.527364756842104	0.0	0.0	3	1.025024179402058	-10.654917791653796	138.0	31	1.05	0.95				
	304	1	47.05472951368421	9.538120847368422	0.0	0.0	3	1.0053187531906091	-16.121005403625063	138.0	31	1.05	0.95				
	305	1	45.14710534421052	8.902246124210526	0.0	0.0	3	1.0195999364357957	-16.636027974574265	138.0	31	1.05	0.95				
	306	1	86.47896234947369	17.804492248421052	0.0	-100.0	3	1.0338069936133745	-16.610652445917403	138.0	32	1.05	0.95				
	307	2	79.48434039473685	15.896868078947367	0.0	0.0	3	0.9877048174918057	-24.223183230690662	138.0	32	1.05	0.95				
	308	1	108.73457765999999	22.255615310526313	0.0	0.0	3	0.9878300586562465	-21.15901152094817	138.0	32	1.05	0.95				
	309	1	111.27807655263157	22.89149003368421	0.0	0.0	3	1.0264840789684493	-11.907091048875774	138.0	33	1.05	0.95				
	310	1	123.99557101578947	25.43498892631579	0.0	0.0	3	1.05	-13.29033317593231	138.0	33	1.05	0.95				
	311	1	0.0	0.0	0.0	0.0	3	1.0187398120718436	-6.544855123759977	230.0	33	1.05	0.95				
	312	1	0.0	0.0	0.0	0.0	3	1.0199875830646294	-4.964690810683176	230.0	33	1.05	0.95				
	313	2	168.5068016368421	34.33723505052632	0.0	0.0	3	1.0327769656145132	-1.0443138915026262	230.0	34	1.05	0.95				
	314	2	123.35969629263157	24.799114203157895	0.0	0.0	3	1.0265184205115743	-5.395908678010012	230.0	36	1.05	0.95				
	315	2	201.57228724105263	40.69598228210526	0.0	0.0	3	1.0432366347949262	-1.8835010772292193	230.0	36	1.05	0.95				
	316	2	63.58747231578947	12.717494463157895	0.0	0.0	3	1.04432632825759	-0.6488452067036166	230.0	36	1.05	0.95				
	317	1	0.0	0.0	0.0	0.0	3	1.049994496211612	2.227625715809104	230.0	37	1.05	0.95				
	318	2	211.74628281157894	43.239481174736845	0.0	0.0	3	1.045432590421147	0.5008522431696218	230.0	37	1.05	0.95				
	319	1	115.09332489157896	23.527364756842104	0.0	0.0	3	1.0421521724230314	-0.11123882644310273	230.0	35	1.05	0.95				
	320	1	81.39196456421053	16.532742802105265	0.0	0.0	3	1.0420437808807759	0.12226241476505846	230.0	35	1.05	0.95				
	321	2	0.0	0.0	0.0	0.0	3	1.0457879945014705	0.30411479092901855	230.0	37	1.05	0.95				
	322	2	0.0	0.0	0.0	0.0	3	1.05	5.4012385122344755	230.0	37	1.05	0.95				
	323	2	0.0	0.0	0.0	0.0	3	1.0429696735233605	0.516096554970426	230.0	35	1.05	0.95				
	324	1	0.0	0.0	0.0	0.0	3	1.0260372043787294	-4.682724518105775	230.0	36	1.05	0.95				
	325	1	0.0	0.0	0.0	0.0	3	1.0406194375377857	1.511206917992939	230.0	35	1.05	0.95				
];
