%% MATPOWER Case Format : Version 2
function mpc = RTS_GMLC
mpc.version = '2';

%%-----  Power Flow Data  -----%%
%% system MVA base
mpc.baseMVA = 100.0;
%% bus data
%    bus_i    type    Pd    Qd    Gs    Bs    area    Vm    Va    baseKV    zone    Vmax    Vmin
mpc.bus = [
	101	2	54.2003958568421	11.040821378245612	0.0	0.0	1	1.0335830023862038	1.564644148449854	138.0	11	1.05	0.95				
	102	2	48.679985167719295	10.037110343859649	0.0	0.0	1	1.033147345491392	1.4260393488263214	138.0	12	1.05	0.95				
	103	1	90.33399309473683	18.568654136140346	0.0	0.0	1	1.0259623037890961	-0.3557437061526439	138.0	11	1.05	0.95				
	104	1	37.13730827228069	7.5278327578947355	0.0	0.0	1	1.0203065295663383	-1.6703557944681433	138.0	11	1.05	0.95				
	105	1	35.63174172070175	7.025977240701755	0.0	0.0	1	1.0350178654232247	-1.4841484654967223	138.0	11	1.05	0.95				
	106	1	68.2523503382456	14.05195448140351	0.0	-100.0	1	1.0434240328871796	-3.693001483682021	138.0	12	1.05	0.95				
	107	2	62.7319396491228	12.54638792982456	0.0	0.0	1	1.0204794522827152	-3.856508319168047	138.0	12	1.05	0.95				
	108	1	85.81729343999999	17.56494310175438	0.0	0.0	1	1.0154021592289761	-4.904270234135141	138.0	12	1.05	0.95				
	109	1	87.82471550877192	18.066798618947367	0.0	0.0	1	1.025287141826019	-2.172366826895238	138.0	13	1.05	0.95				
	110	1	97.86182585263155	20.074220687719297	0.0	0.0	1	1.05	-2.993752894202352	138.0	13	1.05	0.95				
	111	1	0.0	0.0	0.0	0.0	1	1.0050820325174725	-0.4905931912502851	230.0	13	1.05	0.95				
	112	1	0.0	0.0	0.0	0.0	1	1.0099305861510548	0.16349630411816726	230.0	13	1.05	0.95				
	113	3	132.99171205614033	27.10019792842105	0.0	0.0	1	0.9986568255420403	-1.6825642793149538e-30	230.0	14	1.05	0.95				
	114	2	97.35997033543859	19.57236517052631	0.0	0.0	1	1.0016494642247278	1.2933944738428806	230.0	16	1.05	0.95				
	115	2	159.0881989501754	32.11875310035087	0.0	0.0	1	1.0375119086770572	7.07633048200053	230.0	16	1.05	0.95				
	116	2	50.18555171929824	10.037110343859649	0.0	0.0	1	1.0337205730670693	6.7669919017098685	230.0	16	1.05	0.95				
	117	1	0.0	0.0	0.0	0.0	1	1.0407781211484493	8.443084294428989	230.0	17	1.05	0.95				
	118	2	167.11788722526313	34.1261751691228	0.0	0.0	1	1.0427715737626684	8.377443048142794	230.0	17	1.05	0.95				
	119	1	90.83584861192982	18.568654136140346	0.0	0.0	1	1.0281535583665455	6.04005549651813	230.0	15	1.05	0.95				
	120	1	64.23750620070174	13.048243447017544	0.0	0.0	1	1.0270774640961255	6.378825357815983	230.0	15	1.05	0.95				
	121	2	0.0	0.0	0.0	0.0	1	1.0467826421980588	9.463104886515941	230.0	17	1.05	0.95				
	122	2	0.0	0.0	0.0	0.0	1	1.05	15.712156791388809	230.0	17	1.05	0.95				
	123	2	0.0	0.0	0.0	0.0	1	1.027461351713169	6.950012562530795	230.0	15	1.05	0.95				
	124	1	0.0	0.0	0.0	0.0	1	1.023571482586654	4.301520038700663	230.0	16	1.05	0.95				
	201	2	54.11049896842105	11.022509049122805	0.0	0.0	2	1.0316975618732884	-6.221952629981237	138.0	21	1.05	0.95				
	202	2	48.59924444385964	10.020462771929823	0.0	0.0	2	1.0320643883853786	-6.211662722150859	138.0	22	1.05	0.95				
	203	1	90.18416494736842	18.537856128070175	0.0	0.0	2	1.0229099691607413	-5.348450647363175	138.0	21	1.05	0.95				
	204	1	37.07571225614035	7.515347078947367	0.0	0.0	2	1.0192808001367766	-8.449321829870454	138.0	21	1.05	0.95				
	205	1	35.57264284035087	7.014323940350876	0.0	0.0	2	1.0344476701896532	-8.642442683496592	138.0	21	1.05	0.95				
	206	1	68.1391468491228	14.028647880701753	0.0	-100.0	2	1.0435489186697446	-10.47183197904179	138.0	22	1.05	0.95				
	207	2	62.627892324561394	12.525578464912279	0.0	0.0	2	0.9893478574962503	-18.009496954910507	138.0	22	1.05	0.95				
	208	1	85.6749567	17.53580985087719	0.0	0.0	2	0.9937741154880678	-15.683951474921543	138.0	22	1.05	0.95				
	209	1	87.67904925438596	18.03683298947368	0.0	0.0	2	1.0236740676967149	-8.242636220053019	138.0	23	1.05	0.95				
	210	1	97.69951202631577	20.040925543859647	0.0	0.0	2	1.05	-9.50929355536144	138.0	23	1.05	0.95				
	211	1	0.0	0.0	0.0	0.0	2	1.0087975540588312	-5.4506468988223125	230.0	23	1.05	0.95				
	212	1	0.0	0.0	0.0	0.0	2	1.0108002808475351	-4.760424927579888	230.0	23	1.05	0.95				
	213	2	132.77113172807015	27.055249484210524	0.0	0.0	2	1.0043897617429731	-4.443326170216805	230.0	24	1.05	0.95				
	214	2	97.19848888771928	19.539902405263156	0.0	0.0	2	1.0122512164107293	-2.8266156024637317	230.0	26	1.05	0.95				
	215	2	158.8243349350877	32.065480870175435	0.0	0.0	2	1.0307737537658153	3.8907859532153495	230.0	26	1.05	0.95				
	216	2	50.102313859649115	10.020462771929823	0.0	0.0	2	1.0324181342108698	3.911542168932203	230.0	26	1.05	0.95				
	217	1	0.0	0.0	0.0	0.0	2	1.0374424765728074	6.668917790512114	230.0	27	1.05	0.95				
	218	2	166.84070515263156	34.0695734245614	0.0	0.0	2	1.0392212755329018	7.225070499593796	230.0	27	1.05	0.95				
	219	1	90.68518808596491	18.537856128070175	0.0	0.0	2	1.0313356943470098	3.196749073411848	230.0	25	1.05	0.95				
	220	1	64.13096174035087	13.02660160350877	0.0	0.0	2	1.034119246549984	3.5412220077939183	230.0	25	1.05	0.95				
	221	2	0.0	0.0	0.0	0.0	2	1.0388888131082545	6.868408461674698	230.0	27	1.05	0.95				
	222	2	0.0	0.0	0.0	0.0	2	1.05	13.291103848870444	230.0	27	1.05	0.95				
	223	2	0.0	0.0	0.0	0.0	2	1.0365997105973626	4.106706942971151	230.0	25	1.05	0.95				
	224	1	0.0	0.0	0.0	0.0	2	1.0163421769828134	0.4228259183840156	230.0	26	1.05	0.95				
	301	2	49.52420120842106	10.088263209122807	0.0	0.0	3	1.0096578493710606	-17.556946253451482	138.0	31	1.05	0.95				
	302	2	44.480069603859654	9.171148371929826	0.0	0.0	3	1.0090028329999525	-17.715307822180915	138.0	32	1.05	0.95				
	303	1	82.54033534736843	16.966624488070174	0.0	0.0	3	1.0305605789490244	-10.353921346326484	138.0	31	1.05	0.95				
	304	1	33.93324897614035	6.878361278947369	0.0	0.0	3	1.0106769514872052	-16.258232227948064	138.0	31	1.05	0.95				
	305	1	32.55757672035088	6.4198038603508785	0.0	0.0	3	1.0239454549339992	-17.244039173760644	138.0	31	1.05	0.95				
	306	1	62.36380892912281	12.839607720701757	0.0	-100.0	3	1.039832126281906	-17.608836081694953	138.0	32	1.05	0.95				
	307	2	57.319677324561404	11.46393546491228	0.0	0.0	3	0.9935698737519916	-22.593553349535547	138.0	32	1.05	0.95				
	308	1	78.41331858000001	16.04950965087719	0.0	0.0	3	0.9986745050399528	-20.50200070723964	138.0	32	1.05	0.95				
	309	1	80.24754825438598	16.508067069473682	0.0	0.0	3	1.0266660129548906	-13.190933434510045	138.0	33	1.05	0.95				
	310	1	89.41869662631578	18.342296743859652	0.0	0.0	3	1.05	-15.455633295570138	138.0	33	1.05	0.95				
	311	1	0.0	0.0	0.0	0.0	3	1.0099892073867422	-9.544836732581924	230.0	33	1.05	0.95				
	312	1	0.0	0.0	0.0	0.0	3	1.0118531807636015	-9.211813457389617	230.0	33	1.05	0.95				
	313	2	121.51771592807017	24.76210060421053	0.0	0.0	3	1.0113460327409	-6.296894269485971	230.0	34	1.05	0.95				
	314	2	88.96013920771931	17.88373932526316	0.0	0.0	3	1.013366438270839	-7.525610096052887	230.0	36	1.05	0.95				
	315	2	145.3627016950877	29.34767479017544	0.0	0.0	3	1.0377721052019264	-2.189678590318729	230.0	36	1.05	0.95				
	316	2	45.85574185964912	9.171148371929826	0.0	0.0	3	1.0360937496405853	-1.933139035178884	230.0	36	1.05	0.95				
	317	1	0.0	0.0	0.0	0.0	3	1.0408402584061558	-0.1563838518740307	230.0	37	1.05	0.95				
	318	2	152.69962039263157	31.181904464561406	0.0	0.0	3	1.0408571202662775	0.05885747087193233	230.0	37	1.05	0.95				
	319	1	82.99889276596491	16.966624488070174	0.0	0.0	3	1.0303528345369324	-3.1950947276501886	230.0	35	1.05	0.95				
	320	1	58.69534958035088	11.922492883508774	0.0	0.0	3	1.0287878759794051	-3.4110578787797197	230.0	35	1.05	0.95				
	321	2	0.0	0.0	0.0	0.0	3	1.0436030212963643	0.8060192763303329	230.0	37	1.05	0.95				
	322	2	0.0	0.0	0.0	0.0	3	1.05	4.752713520524242	230.0	37	1.05	0.95				
	323	2	0.0	0.0	0.0	0.0	3	1.0285852561054123	-3.178682397435625	230.0	35	1.05	0.95				
	324	1	0.0	0.0	0.0	0.0	3	1.024697064272734	-5.254586241845435	230.0	36	1.05	0.95				
	325	1	0.0	0.0	0.0	0.0	3	1.0268471084238993	-2.110417158695797	230.0	35	1.05	0.95				
];
