%% MATPOWER Case Format : Version 2
function mpc = RTS_GMLC
mpc.version = '2';

%%-----  Power Flow Data  -----%%
%% system MVA base
mpc.baseMVA = 100.0;
%% bus data
%    bus_i    type    Pd    Qd    Gs    Bs    area    Vm    Va    baseKV    zone    Vmax    Vmin
mpc.bus = [
	101	2	46.17120236210527	9.405244925614035	0.0	0.0	1	1.032629222620354	2.724509027848382	138.0	11	1.05	0.95				
	102	2	41.46857989929824	8.550222659649123	0.0	0.0	1	1.0322315676315301	2.608541522823911	138.0	12	1.05	0.95				
	103	1	76.9520039368421	15.817911920350877	0.0	0.0	1	1.0279118687696025	-0.31613245316624783	138.0	11	1.05	0.95				
	104	1	31.635823840701754	6.412666994736842	0.0	0.0	1	1.0212420941748628	-0.7507839316108882	138.0	11	1.05	0.95				
	105	1	30.353290441754382	5.985155861754386	0.0	0.0	1	1.0353979697970122	-0.4419465338273001	138.0	11	1.05	0.95				
	106	1	58.14151408561404	11.970311723508772	0.0	-100.0	1	1.0451745731853874	-2.6504443706937852	138.0	12	1.05	0.95				
	107	2	53.43889162280702	10.687778324561403	0.0	0.0	1	1.0125198792948016	-4.407814578349639	138.0	12	1.05	0.95				
	108	1	73.10440374	14.962889654385963	0.0	0.0	1	1.0128434625694802	-4.7555585657682755	138.0	12	1.05	0.95				
	109	1	74.81444827192982	15.390400787368419	0.0	0.0	1	1.0254689695219878	-1.7651934916396586	138.0	13	1.05	0.95				
	110	1	83.36467093157894	17.100445319298245	0.0	0.0	1	1.05	-2.3014781381593177	138.0	13	1.05	0.95				
	111	1	0.0	0.0	0.0	0.0	1	1.003448824303017	-0.45564278845322603	230.0	13	1.05	0.95				
	112	1	0.0	0.0	0.0	0.0	1	1.0087744156114258	0.29151680378715084	230.0	13	1.05	0.95				
	113	3	113.29045024035086	23.085601181052635	0.0	0.0	1	0.994554599446608	4.886742177736844e-28	230.0	14	1.05	0.95				
	114	2	82.93715979859648	16.672934186315793	0.0	0.0	1	0.999040200120134	0.8502539087963673	230.0	16	1.05	0.95				
	115	2	135.5210291554386	27.360712510877192	0.0	0.0	1	1.0382085163405863	5.060901312908207	230.0	16	1.05	0.95				
	116	2	42.75111329824561	8.550222659649123	0.0	0.0	1	1.033602832797658	5.170726267511465	230.0	16	1.05	0.95				
	117	1	0.0	0.0	0.0	0.0	1	1.0421614313087935	6.250699622853037	230.0	17	1.05	0.95				
	118	2	142.36120728315788	29.07075704280702	0.0	0.0	1	1.045120311826909	5.763574983422982	230.0	17	1.05	0.95				
	119	1	77.37951506982456	15.817911920350877	0.0	0.0	1	1.0279491701428305	4.997540054316008	230.0	15	1.05	0.95				
	120	1	54.721425021754385	11.11528945754386	0.0	0.0	1	1.025876968242415	5.679245894986764	230.0	15	1.05	0.95				
	121	2	0.0	0.0	0.0	0.0	1	1.05	6.287991374067661	230.0	17	1.05	0.95				
	122	2	0.0	0.0	0.0	0.0	1	1.05	14.286957153275301	230.0	17	1.05	0.95				
	123	2	0.0	0.0	0.0	0.0	1	1.0254652879062618	6.386160847690086	230.0	15	1.05	0.95				
	124	1	0.0	0.0	0.0	0.0	1	1.0266584005050468	3.057117132884234	230.0	16	1.05	0.95				
	201	2	47.820557216842104	9.741224618245612	0.0	0.0	2	1.029051890804265	-5.899828022186363	138.0	21	1.05	0.95				
	202	2	42.94994490771929	8.855658743859648	0.0	0.0	2	1.0294276158091102	-5.883143964949089	138.0	22	1.05	0.95				
	203	1	79.70092869473683	16.38296867614035	0.0	0.0	2	1.0219140370448663	-5.524126184202296	138.0	21	1.05	0.95				
	204	1	32.7659373522807	6.641744057894735	0.0	0.0	2	1.0188907508579124	-8.380603976615765	138.0	21	1.05	0.95				
	205	1	31.43758854070175	6.198961120701754	0.0	0.0	2	1.0337562353589864	-8.512096576047211	138.0	21	1.05	0.95				
	206	1	60.21847945824561	12.397922241403508	0.0	-100.0	2	1.0444191136442438	-10.39638756546467	138.0	22	1.05	0.95				
	207	2	55.3478671491228	11.06957342982456	0.0	0.0	2	0.9868767451654856	-17.114611909632547	138.0	22	1.05	0.95				
	208	1	75.71588225999999	15.497402801754385	0.0	0.0	2	0.994782588030514	-15.118525164190348	138.0	22	1.05	0.95				
	209	1	77.48701400877192	15.940185738947365	0.0	0.0	2	1.023256925451851	-8.615536443832625	138.0	23	1.05	0.95				
	210	1	86.34267275263157	17.711317487719295	0.0	0.0	2	1.05	-9.748647564726244	138.0	23	1.05	0.95				
	211	1	0.0	0.0	0.0	0.0	2	1.006206187070513	-6.2636194856989835	230.0	23	1.05	0.95				
	212	1	0.0	0.0	0.0	0.0	2	1.0120428549859082	-6.125856063461065	230.0	23	1.05	0.95				
	213	2	117.33747835614032	23.910278608421052	0.0	0.0	2	1.0002452138894848	-5.889686183350002	230.0	24	1.05	0.95				
	214	2	85.89988981543858	17.26853455052631	0.0	0.0	2	1.0071430253137743	-3.5690597171752056	230.0	26	1.05	0.95				
	215	2	140.36219109017543	28.338107980350873	0.0	0.0	2	1.0299558984190136	3.2260440491016875	230.0	26	1.05	0.95				
	216	2	44.27829371929824	8.855658743859648	0.0	0.0	2	1.0325549456253382	2.8483701258740313	230.0	26	1.05	0.95				
	217	1	0.0	0.0	0.0	0.0	2	1.037133712716981	5.917980744895505	230.0	27	1.05	0.95				
	218	2	147.44671808526314	30.109239729122805	0.0	0.0	2	1.0392282941829807	6.598193533567042	230.0	27	1.05	0.95				
	219	1	80.14371163192982	16.38296867614035	0.0	0.0	2	1.0329399494148699	1.123016086484624	230.0	25	1.05	0.95				
	220	1	56.67621596070175	11.512356367017542	0.0	0.0	2	1.0367817623394684	0.4812766267761079	230.0	25	1.05	0.95				
	221	2	0.0	0.0	0.0	0.0	2	1.038644340682699	6.223997368507199	230.0	27	1.05	0.95				
	222	2	0.0	0.0	0.0	0.0	2	1.05	12.604586575655002	230.0	27	1.05	0.95				
	223	2	0.0	0.0	0.0	0.0	2	1.0394324852951065	0.46205461850401375	230.0	25	1.05	0.95				
	224	1	0.0	0.0	0.0	0.0	2	1.0160142719382292	-0.056878243929899014	230.0	26	1.05	0.95				
	301	2	66.43657072421053	13.533375517894738	0.0	0.0	3	1.0086209318871313	-40.038623199611514	138.0	31	1.05	0.95				
	302	2	59.669882965263156	12.30306865263158	0.0	0.0	3	1.0079238669751314	-40.19989869331631	138.0	32	1.05	0.95				
	303	1	110.72761787368421	22.76067700736842	0.0	0.0	3	1.0209200744781344	-31.874442780886447	138.0	31	1.05	0.95				
	304	1	45.52135401473684	9.227301489473684	0.0	0.0	3	1.0064674938354135	-38.069612062385225	138.0	31	1.05	0.95				
	305	1	43.675893716842104	8.612148056842106	0.0	0.0	3	1.0207515109896566	-39.107948318297005	138.0	31	1.05	0.95				
	306	1	83.66086683789474	17.22429611368421	0.0	-100.0	3	1.0347919962832544	-39.266775010792855	138.0	32	1.05	0.95				
	307	2	76.89417907894736	15.378835815789474	0.0	0.0	3	1.0014026967516756	-42.246248307429184	138.0	32	1.05	0.95				
	308	1	105.19123697999999	21.530370142105262	0.0	0.0	3	0.9992240910038397	-41.11360617022356	138.0	32	1.05	0.95				
	309	1	107.65185071052632	22.145523574736842	0.0	0.0	3	1.0271622365268094	-33.82168190966767	138.0	33	1.05	0.95				
	310	1	119.9549193631579	24.60613730526316	0.0	0.0	3	1.05	-36.20340717490603	138.0	33	1.05	0.95				
	311	1	0.0	0.0	0.0	0.0	3	1.0202271591877698	-28.634445631108097	230.0	33	1.05	0.95				
	312	1	0.0	0.0	0.0	0.0	3	1.0178170734066079	-27.996870060084863	230.0	33	1.05	0.95				
	313	2	163.0156596473684	33.21828536210526	0.0	0.0	3	1.0288571925975702	-24.921702939731215	230.0	34	1.05	0.95				
	314	2	119.33976593052631	23.99098387263158	0.0	0.0	3	1.03403977540348	-25.606368738452257	230.0	36	1.05	0.95				
	315	2	195.00363814421053	39.36981968842105	0.0	0.0	3	1.0497248131446597	-17.980246393841238	230.0	36	1.05	0.95				
	316	2	61.515343263157895	12.30306865263158	0.0	0.0	3	1.049794426350131	-17.621657858651755	230.0	36	1.05	0.95				
	317	1	0.0	0.0	0.0	0.0	3	1.05	-14.317102969884337	230.0	37	1.05	0.95				
	318	2	204.8460930663158	41.83043341894737	0.0	0.0	3	1.0494359456218108	-13.73581513276828	230.0	37	1.05	0.95				
	319	1	111.3427713063158	22.76067700736842	0.0	0.0	3	1.0459381074268568	-18.87713005375698	230.0	35	1.05	0.95				
	320	1	78.7396393768421	15.993989248421054	0.0	0.0	3	1.0476782482380116	-18.821152815001803	230.0	35	1.05	0.95				
	321	2	0.0	0.0	0.0	0.0	3	1.05	-13.503331701392996	230.0	37	1.05	0.95				
	322	2	0.0	0.0	0.0	0.0	3	1.05	-8.046233170421987	230.0	37	1.05	0.95				
	323	2	0.0	0.0	0.0	0.0	3	1.05	-18.34133431554483	230.0	35	1.05	0.95				
	324	1	0.0	0.0	0.0	0.0	3	1.0211204630271415	-23.1032365663381	230.0	36	1.05	0.95				
	325	1	0.0	0.0	0.0	0.0	3	1.039325433928082	-16.367501223875696	230.0	35	1.05	0.95				
];
