%% MATPOWER Case Format : Version 2
function mpc = RTS_GMLC
mpc.version = '2';

%%-----  Power Flow Data  -----%%
%% system MVA base
mpc.baseMVA = 100.0;
%% bus data
%    bus_i    type    Pd    Qd    Gs    Bs    area    Vm    Va    baseKV    zone    Vmax    Vmin
mpc.bus = [
	101	2	44.08708558736842	8.980702619649122	0.0	0.0	1	1.0474211037946806	6.577033067818057	138.0	11	1.05	0.95				
	102	2	39.59673427754385	8.164275108771928	0.0	0.0	1	1.0464815088793387	6.2830994461088165	138.0	12	1.05	0.95				
	103	1	73.47847597894737	15.103908951228068	0.0	0.0	1	1.035936385003838	3.853120362062237	138.0	11	1.05	0.95				
	104	1	30.207817902456135	6.123206331578947	0.0	0.0	1	1.0288084143857013	2.3242005178910374	138.0	11	1.05	0.95				
	105	1	28.983176636140346	5.714992576140351	0.0	0.0	1	1.0420406741953157	2.266984069891445	138.0	11	1.05	0.95				
	106	1	55.51707073964912	11.429985152280702	0.0	-100.0	1	1.048179196623627	-0.613424530776896	138.0	12	1.05	0.95				
	107	2	51.02671942982455	10.205343885964911	0.0	0.0	1	0.9990101873822091	-7.58379067634715	138.0	12	1.05	0.95				
	108	1	69.80455217999999	14.287481440350874	0.0	0.0	1	1.00365883109422	-5.830327771495351	138.0	12	1.05	0.95				
	109	1	71.43740720175438	14.69569519578947	0.0	0.0	1	1.024665446675284	-0.05380656575079462	138.0	13	1.05	0.95				
	110	1	79.6016823105263	16.328550217543857	0.0	0.0	1	1.05	-0.8865305788567778	138.0	13	1.05	0.95				
	111	1	0.0	0.0	0.0	0.0	1	1.0029538917727	0.8492722045864284	230.0	13	1.05	0.95				
	112	1	0.0	0.0	0.0	0.0	1	1.007837370198938	0.7087247492974179	230.0	13	1.05	0.95				
	113	3	108.17664519122805	22.04354279368421	0.0	0.0	1	0.9918684785308709	-2.175243471043861e-28	230.0	14	1.05	0.95				
	114	2	79.1934685550877	15.920336462105261	0.0	0.0	1	1.0002428464375408	3.028160858982394	230.0	16	1.05	0.95				
	115	2	129.40376047403507	26.125680348070173	0.0	0.0	1	1.0390717440600623	9.182116976278527	230.0	16	1.05	0.95				
	116	2	40.821375543859645	8.164275108771928	0.0	0.0	1	1.0345617888760403	8.430144249461012	230.0	16	1.05	0.95				
	117	1	0.0	0.0	0.0	0.0	1	1.0420965629809642	11.531901298147927	230.0	17	1.05	0.95				
	118	2	135.93518056105262	27.75853536982456	0.0	0.0	1	1.0465047240652197	11.840836235522143	230.0	17	1.05	0.95				
	119	1	73.88668973438595	15.103908951228068	0.0	0.0	1	1.0253763826326776	6.492158307565952	230.0	15	1.05	0.95				
	120	1	52.251360696140345	10.613557641403508	0.0	0.0	1	1.0202903916240171	5.350087466824074	230.0	15	1.05	0.95				
	121	2	0.0	0.0	0.0	0.0	1	1.05	12.884131513190157	230.0	17	1.05	0.95				
	122	2	0.0	0.0	0.0	0.0	1	1.05	21.71017458331629	230.0	17	1.05	0.95				
	123	2	0.0	0.0	0.0	0.0	1	1.0179554076542998	5.037619280994139	230.0	15	1.05	0.95				
	124	1	0.0	0.0	0.0	0.0	1	1.0302558447073027	7.177385081446485	230.0	16	1.05	0.95				
	201	2	42.55060600421053	8.667716037894737	0.0	0.0	2	1.0200632359687236	-9.527372708731553	138.0	21	1.05	0.95				
	202	2	38.216747985263154	7.879741852631579	0.0	0.0	2	1.020200492040269	-9.5457175734979	138.0	22	1.05	0.95				
	203	1	70.91767667368421	14.57752242736842	0.0	0.0	2	1.0157184488771767	-7.607414521652709	138.0	21	1.05	0.95				
	204	1	29.15504485473684	5.909806389473684	0.0	0.0	2	1.0156103148119078	-10.358808430936893	138.0	21	1.05	0.95				
	205	1	27.973083576842107	5.515819296842105	0.0	0.0	2	1.0303532588988347	-10.671479877422982	138.0	21	1.05	0.95				
	206	1	53.582244597894736	11.03163859368421	0.0	-100.0	2	1.0442514869478374	-11.731488953325016	138.0	22	1.05	0.95				
	207	2	49.24838657894737	9.849677315789474	0.0	0.0	2	0.9942830052993565	-16.993832160753453	138.0	22	1.05	0.95				
	208	1	67.37179284	13.789548242105262	0.0	0.0	2	1.0009273245502086	-15.23772407284448	138.0	22	1.05	0.95				
	209	1	68.94774121052632	14.183535334736842	0.0	0.0	2	1.0226125320517174	-9.390663078610869	138.0	23	1.05	0.95				
	210	1	76.82748306315789	15.759483705263158	0.0	0.0	2	1.05	-10.557360292384773	138.0	23	1.05	0.95				
	211	1	0.0	0.0	0.0	0.0	2	1.0039801057443833	-6.759887955132522	230.0	23	1.05	0.95				
	212	1	0.0	0.0	0.0	0.0	2	1.007295124234013	-5.982065978249624	230.0	23	1.05	0.95				
	213	2	104.40657954736841	21.275303002105264	0.0	0.0	2	0.9987891966416801	-5.444395254830663	230.0	24	1.05	0.95				
	214	2	76.43349597052631	15.36549661263158	0.0	0.0	2	1.0030326705553285	-4.56669121649254	230.0	26	1.05	0.95				
	215	2	124.89390836421053	25.215173928421052	0.0	0.0	2	1.0196965200424795	1.0071437923739508	230.0	26	1.05	0.95				
	216	2	39.3987092631579	7.879741852631579	0.0	0.0	2	1.0211669832780483	0.9239420940536622	230.0	26	1.05	0.95				
	217	1	0.0	0.0	0.0	0.0	2	1.0259698939045778	2.4999940845471045	230.0	27	1.05	0.95				
	218	2	131.1977018463158	26.791122298947368	0.0	0.0	2	1.0252276994523732	2.00870507637808	230.0	27	1.05	0.95				
	219	1	71.31166376631579	14.57752242736842	0.0	0.0	2	1.022143898811654	0.8595474261123152	230.0	25	1.05	0.95				
	220	1	50.430347856842104	10.243664408421052	0.0	0.0	2	1.0254784679570204	1.5791314003216765	230.0	25	1.05	0.95				
	221	2	0.0	0.0	0.0	0.0	2	1.0270005187320785	2.4802502239392807	230.0	27	1.05	0.95				
	222	2	0.0	0.0	0.0	0.0	2	1.0489954295775084	8.990675658937676	230.0	27	1.05	0.95				
	223	2	0.0	0.0	0.0	0.0	2	1.027895849972816	2.2763130662688313	230.0	25	1.05	0.95				
	224	1	0.0	0.0	0.0	0.0	2	1.0075348334657201	-2.2385114058877984	230.0	26	1.05	0.95				
	301	2	62.66118315789474	12.7643150877193	0.0	0.0	3	1.0073265356071246	-15.679972503035454	138.0	31	1.05	0.95				
	302	2	56.279025614035085	11.603922807017545	0.0	0.0	3	1.0069855814864868	-15.788731105978234	138.0	32	1.05	0.95				
	303	1	104.4353052631579	21.467257192982455	0.0	0.0	3	1.020964915085994	-9.763692034161542	138.0	31	1.05	0.95				
	304	1	42.93451438596491	8.702942105263158	0.0	0.0	3	1.0069699990120284	-13.742202677869015	138.0	31	1.05	0.95				
	305	1	41.193925964912275	8.122745964912282	0.0	0.0	3	1.0204170822952667	-14.435111160599755	138.0	31	1.05	0.95				
	306	1	78.90667508771931	16.245491929824563	0.0	-100.0	3	1.035535742235875	-14.38776082065735	138.0	32	1.05	0.95				
	307	2	72.52451754385964	14.50490350877193	0.0	0.0	3	0.994208935706648	-21.000957844269728	138.0	32	1.05	0.95				
	308	1	99.21354	20.3068649122807	0.0	0.0	3	0.9944802583474642	-18.246579310482197	138.0	32	1.05	0.95				
	309	1	101.5343245614035	20.887061052631577	0.0	0.0	3	1.0272782431986525	-9.706458625842396	138.0	33	1.05	0.95				
	310	1	113.13824736842105	23.20784561403509	0.0	0.0	3	1.05	-11.329583408333162	138.0	33	1.05	0.95				
	311	1	0.0	0.0	0.0	0.0	3	1.0171206186986754	-3.6472235098188	230.0	33	1.05	0.95				
	312	1	0.0	0.0	0.0	0.0	3	1.0184800560891902	-3.1070899007995734	230.0	33	1.05	0.95				
	313	2	153.75197719298245	31.33059157894737	0.0	0.0	3	1.0342347225020156	2.265133932753507	230.0	34	1.05	0.95				
	314	2	112.55805122807017	22.62764947368421	0.0	0.0	3	1.0241351069521776	-2.0520745887324088	230.0	36	1.05	0.95				
	315	2	183.92217649122807	37.13255298245614	0.0	0.0	3	1.0374679864232792	-1.0417751056556275	230.0	36	1.05	0.95				
	316	2	58.01961403508772	11.603922807017545	0.0	0.0	3	1.0382196125418175	0.20647302421142819	230.0	36	1.05	0.95				
	317	1	0.0	0.0	0.0	0.0	3	1.0432824512777998	2.1558162244568932	230.0	37	1.05	0.95				
	318	2	193.2053147368421	39.453337543859654	0.0	0.0	3	1.039267440195045	0.8550273179618356	230.0	37	1.05	0.95				
	319	1	105.01550140350876	21.467257192982455	0.0	0.0	3	1.0362572309214537	0.5410743384885403	230.0	35	1.05	0.95				
	320	1	74.26510596491228	15.085099649122807	0.0	0.0	3	1.0377005238694406	1.3256925066437477	230.0	35	1.05	0.95				
	321	2	0.0	0.0	0.0	0.0	3	1.0404041222126246	0.8015160984711125	230.0	37	1.05	0.95				
	322	2	0.0	0.0	0.0	0.0	3	1.05	5.655906235350592	230.0	37	1.05	0.95				
	323	2	0.0	0.0	0.0	0.0	3	1.0392242891277452	1.9191465344037604	230.0	35	1.05	0.95				
	324	1	0.0	0.0	0.0	0.0	3	1.0213721266163645	-3.5877403397993715	230.0	36	1.05	0.95				
	325	1	0.0	0.0	0.0	0.0	3	1.0376275733532616	2.8395629922550754	230.0	35	1.05	0.95				
];
