%% MATPOWER Case Format : Version 2
function mpc = RTS_GMLC
mpc.version = '2';

%%-----  Power Flow Data  -----%%
%% system MVA base
mpc.baseMVA = 100.0;
%% bus data
%    bus_i    type    Pd    Qd    Gs    Bs    area    Vm    Va    baseKV    zone    Vmax    Vmin
mpc.bus = [
	101	2	47.346858000000005	9.644730333333333	0.0	0.0	1	1.0364694521752762	2.615273500335871	138.0	11	1.05	0.95				
	102	2	42.52449283333333	8.767936666666667	0.0	0.0	1	1.0360469650359718	2.466952559413956	138.0	12	1.05	0.95				
	103	1	78.91143000000001	16.220682833333335	0.0	0.0	1	1.0290957609068885	0.7413121041961398	138.0	11	1.05	0.95				
	104	1	32.44136566666667	6.5759525	0.0	0.0	1	1.022328789294748	-0.8904843842783129	138.0	11	1.05	0.95				
	105	1	31.126175166666663	6.1375556666666675	0.0	0.0	1	1.0371095214528157	-0.687021646545836	138.0	11	1.05	0.95				
	106	1	59.62196933333333	12.275111333333335	0.0	-100.0	1	1.0457062346509374	-2.9896181360034206	138.0	12	1.05	0.95				
	107	2	54.79960416666667	10.959920833333333	0.0	0.0	1	1.0009887676440257	-8.372876275347378	138.0	12	1.05	0.95				
	108	1	74.96585850000001	15.343889166666665	0.0	0.0	1	1.004427019479281	-7.153815746684919	138.0	12	1.05	0.95				
	109	1	76.71944583333334	15.782286000000001	0.0	0.0	1	1.0246743955643924	-1.872731300459525	138.0	13	1.05	0.95				
	110	1	85.4873825	17.535873333333335	0.0	0.0	1	1.05	-2.665241578781704	138.0	13	1.05	0.95				
	111	1	0.0	0.0	0.0	0.0	1	1.0041066541255355	-0.1172151125664196	230.0	13	1.05	0.95				
	112	1	0.0	0.0	0.0	0.0	1	1.0087005468252803	0.19297201924381932	230.0	13	1.05	0.95				
	113	3	116.17516083333332	23.673429000000002	0.0	0.0	1	0.9961748757833891	-8.637206043474516e-30	230.0	14	1.05	0.95				
	114	2	85.04898566666667	17.0974765	0.0	0.0	1	1.0016227382687226	2.0560838545369666	230.0	16	1.05	0.95				
	115	2	138.97179616666665	28.057397333333334	0.0	0.0	1	1.0383132014514405	8.259004572867502	230.0	16	1.05	0.95				
	116	2	43.83968333333333	8.767936666666667	0.0	0.0	1	1.0339664560736073	7.659801219342068	230.0	16	1.05	0.95				
	117	1	0.0	0.0	0.0	0.0	1	1.0412988998898445	9.861712217356843	230.0	17	1.05	0.95				
	118	2	145.9861455	29.810984666666666	0.0	0.0	1	1.0441058347275585	9.95358279427206	230.0	17	1.05	0.95				
	119	1	79.34982683333334	16.220682833333335	0.0	0.0	1	1.027257860586506	6.427511932022326	230.0	15	1.05	0.95				
	120	1	56.11479466666667	11.398317666666667	0.0	0.0	1	1.0246279443625015	6.2025877509358835	230.0	15	1.05	0.95				
	121	2	0.0	0.0	0.0	0.0	1	1.0480196798037136	11.04149653091443	230.0	17	1.05	0.95				
	122	2	0.0	0.0	0.0	0.0	1	1.05	18.057057293065945	230.0	17	1.05	0.95				
	123	2	0.0	0.0	0.0	0.0	1	1.0237574741849225	6.418098932393978	230.0	15	1.05	0.95				
	124	1	0.0	0.0	0.0	0.0	1	1.0251545741195534	5.4445173381297485	230.0	16	1.05	0.95				
	201	2	50.62553124631579	10.312608216842104	0.0	0.0	2	1.0313471973360029	-6.344041742999711	138.0	21	1.05	0.95				
	202	2	45.469227137894734	9.375098378947369	0.0	0.0	2	1.0317949008768899	-6.293696332147396	138.0	22	1.05	0.95				
	203	1	84.37588541052632	17.343932001052632	0.0	0.0	2	1.0182861338564435	-6.618883272173488	138.0	21	1.05	0.95				
	204	1	34.687864002105265	7.031323784210526	0.0	0.0	2	1.0194501812345254	-8.54100509043968	138.0	21	1.05	0.95				
	205	1	33.28159924526315	6.562568865263159	0.0	0.0	2	1.03476650326376	-8.623223385008282	138.0	21	1.05	0.95				
	206	1	63.75066897684211	13.125137730526317	0.0	-100.0	2	1.0444640923312645	-10.341140222393085	138.0	22	1.05	0.95				
	207	2	58.59436486842105	11.71887297368421	0.0	0.0	2	0.9901975951532348	-17.445515783502515	138.0	22	1.05	0.95				
	208	1	80.15709114	16.406422163157895	0.0	0.0	2	0.995558059014895	-15.295024102974427	138.0	22	1.05	0.95				
	209	1	82.03211081578947	16.875177082105264	0.0	0.0	2	1.0230726927723608	-8.471244534183624	138.0	23	1.05	0.95				
	210	1	91.40720919473684	18.750196757894738	0.0	0.0	2	1.05	-9.44695653292171	138.0	23	1.05	0.95				
	211	1	0.0	0.0	0.0	0.0	2	1.006517923262129	-5.675307322124762	230.0	23	1.05	0.95				
	212	1	0.0	0.0	0.0	0.0	2	1.009325261533871	-4.923608461901756	230.0	23	1.05	0.95				
	213	2	124.22005352105263	25.312765623157894	0.0	0.0	2	1.0016505006597325	-4.583236354502646	230.0	24	1.05	0.95				
	214	2	90.93845427578947	18.28144183894737	0.0	0.0	2	1.0078455407114213	-3.245595399559245	230.0	26	1.05	0.95				
	215	2	148.59530930631578	30.00031481263158	0.0	0.0	2	1.027136451598557	3.0397178763126638	230.0	26	1.05	0.95				
	216	2	46.87549189473684	9.375098378947369	0.0	0.0	2	1.0283720945665242	3.023644144967379	230.0	26	1.05	0.95				
	217	1	0.0	0.0	0.0	0.0	2	1.0337637870625231	5.587910610064572	230.0	27	1.05	0.95				
	218	2	156.09538800947368	31.875334488421053	0.0	0.0	2	1.03508941696672	5.938809029797653	230.0	27	1.05	0.95				
	219	1	84.84464032947369	17.343932001052632	0.0	0.0	2	1.0280975988787486	2.5807700039166614	230.0	25	1.05	0.95				
	220	1	60.00062962526316	12.187627892631578	0.0	0.0	2	1.0311927418447022	3.1059207297038127	230.0	25	1.05	0.95				
	221	2	0.0	0.0	0.0	0.0	2	1.0353210172366916	5.738008113428225	230.0	27	1.05	0.95				
	222	2	0.0	0.0	0.0	0.0	2	1.05	12.176402860279007	230.0	27	1.05	0.95				
	223	2	0.0	0.0	0.0	0.0	2	1.0337538414759495	3.748490578964179	230.0	25	1.05	0.95				
	224	1	0.0	0.0	0.0	0.0	2	1.0118941325581081	-0.5825453674586811	230.0	26	1.05	0.95				
	301	2	55.22999051368422	11.250553623157895	0.0	0.0	3	1.016048171041226	-11.112696848760413	138.0	31	1.05	0.95				
	302	2	49.60471370210527	10.227776021052632	0.0	0.0	3	1.0143588421764	-11.45903310102229	138.0	32	1.05	0.95				
	303	1	92.0499841894737	18.92138563894737	0.0	0.0	3	1.05	2.8155210263774286	138.0	31	1.05	0.95				
	304	1	37.84277127789474	7.670832015789474	0.0	0.0	3	1.010514919948693	-10.223489637591198	138.0	31	1.05	0.95				
	305	1	36.308604874736844	7.159443214736844	0.0	0.0	3	1.0266705523691453	-11.962377632544941	138.0	31	1.05	0.95				
	306	1	69.54887694315791	14.318886429473688	0.0	-100.0	3	1.0395586057739012	-13.032932409700152	138.0	32	1.05	0.95				
	307	2	63.92360013157895	12.78472002631579	0.0	0.0	3	0.9903643962849203	-18.52552413858687	138.0	32	1.05	0.95				
	308	1	87.44748498	17.898608036842106	0.0	0.0	3	0.9936657892607733	-16.135219242674893	138.0	32	1.05	0.95				
	309	1	89.49304018421054	18.409996837894738	0.0	0.0	3	1.0238183076204197	-7.107470933693242	138.0	33	1.05	0.95				
	310	1	99.72081620526316	20.455552042105264	0.0	0.0	3	1.05	-11.174533160775027	138.0	33	1.05	0.95				
	311	1	0.0	0.0	0.0	0.0	3	1.0125330449789152	-5.853191827901923	230.0	33	1.05	0.95				
	312	1	0.0	0.0	0.0	0.0	3	1.0147158298085037	-5.290702821978321	230.0	33	1.05	0.95				
	313	2	135.51803227894737	27.61499525684211	0.0	0.0	3	1.013597693216424	-2.987919797571652	230.0	34	1.05	0.95				
	314	2	99.20942740421054	19.944163241052635	0.0	0.0	3	1.0153283923282228	-5.001241391980067	230.0	36	1.05	0.95				
	315	2	162.1102499336842	32.728883267368424	0.0	0.0	3	1.0429145273476912	-0.9946611216911928	230.0	36	1.05	0.95				
	316	2	51.13888010526316	10.227776021052632	0.0	0.0	3	1.0389720749261853	-0.7071847016110524	230.0	36	1.05	0.95				
	317	1	0.0	0.0	0.0	0.0	3	1.042179615709197	0.24832756808494016	230.0	37	1.05	0.95				
	318	2	170.29247075052635	34.774438471578954	0.0	0.0	3	1.040227669617979	-0.1950875038599687	230.0	37	1.05	0.95				
	319	1	92.56137299052632	18.92138563894737	0.0	0.0	3	1.0324364596145974	-1.6233791278946073	230.0	35	1.05	0.95				
	320	1	65.45776653473685	13.296108827368421	0.0	0.0	3	1.0306421113811643	-1.4408073183503043	230.0	35	1.05	0.95				
	321	2	0.0	0.0	0.0	0.0	3	1.0424345403600035	0.07390697590904056	230.0	37	1.05	0.95				
	322	2	0.0	0.0	0.0	0.0	3	1.05	4.4663439417117266	230.0	37	1.05	0.95				
	323	2	0.0	0.0	0.0	0.0	3	1.0306239526470524	-0.9507383936826517	230.0	35	1.05	0.95				
	324	1	0.0	0.0	0.0	0.0	3	1.042761408588116	0.4648885791708757	230.0	36	1.05	0.95				
	325	1	0.0	0.0	0.0	0.0	3	1.0291206910100437	0.06310046454956808	230.0	35	1.05	0.95				
];
