%% MATPOWER Case Format : Version 2
function mpc = RTS_GMLC
mpc.version = '2';

%%-----  Power Flow Data  -----%%
%% system MVA base
mpc.baseMVA = 100.0;
%% bus data
%    bus_i    type    Pd    Qd    Gs    Bs    area    Vm    Va    baseKV    zone    Vmax    Vmin
mpc.bus = [
	101	2	46.91934685894738	9.557644730526317	0.0	0.0	1	1.0360943396841715	2.728640618026155	138.0	11	1.05	0.95				
	102	2	42.14052449368421	8.688767936842106	0.0	0.0	1	1.0356679773230526	2.5805417009692344	138.0	12	1.05	0.95				
	103	1	78.19891143157895	16.074220683157893	0.0	0.0	1	1.0298034284161663	0.8141800046947163	138.0	11	1.05	0.95				
	104	1	32.14844136631579	6.5165759526315785	0.0	0.0	1	1.0223068376968865	-0.7980763270171551	138.0	11	1.05	0.95				
	105	1	30.845126175789474	6.082137555789475	0.0	0.0	1	1.0369542619835987	-0.5904497789150495	138.0	11	1.05	0.95				
	106	1	59.08362197052632	12.16427511157895	0.0	-100.0	1	1.0457096004297215	-2.898652002566278	138.0	12	1.05	0.95				
	107	2	54.304799605263156	10.860959921052633	0.0	0.0	1	1.0005581219795947	-8.425408983758839	138.0	12	1.05	0.95				
	108	1	74.28896586	15.205343889473683	0.0	0.0	1	1.0042735930183513	-7.142780295457854	138.0	12	1.05	0.95				
	109	1	76.02671944736844	15.63978228631579	0.0	0.0	1	1.0248354019792836	-1.812398052144725	138.0	13	1.05	0.95				
	110	1	84.71548738421053	17.377535873684213	0.0	0.0	1	1.05	-2.5967807592754886	138.0	13	1.05	0.95				
	111	1	0.0	0.0	0.0	0.0	1	1.0041982564781726	-0.070229827309782	230.0	13	1.05	0.95				
	112	1	0.0	0.0	0.0	0.0	1	1.0087836591446806	0.22058372885851757	230.0	13	1.05	0.95				
	113	3	115.12617516315788	23.45967342947369	0.0	0.0	1	0.9959423409590074	-1.7384389927354439e-29	230.0	14	1.05	0.95				
	114	2	84.28104898736842	16.943097476842105	0.0	0.0	1	1.00197947629023	2.1256574781541984	230.0	16	1.05	0.95				
	115	2	137.71697179894738	27.804057397894738	0.0	0.0	1	1.0399259662797007	8.2670855625194	230.0	16	1.05	0.95				
	116	2	43.44383968421053	8.688767936842106	0.0	0.0	1	1.0354940504480128	7.722766713459619	230.0	16	1.05	0.95				
	117	1	0.0	0.0	0.0	0.0	1	1.042573952887953	10.029384828511372	230.0	17	1.05	0.95				
	118	2	144.66798614842108	29.54181098526316	0.0	0.0	1	1.0460041022336228	9.984361964913886	230.0	17	1.05	0.95				
	119	1	78.63334982842106	16.074220683157893	0.0	0.0	1	1.028367966022889	6.469706331415872	230.0	15	1.05	0.95				
	120	1	55.608114795789476	11.295398317894739	0.0	0.0	1	1.025332878988115	6.2165323634950935	230.0	15	1.05	0.95				
	121	2	0.0	0.0	0.0	0.0	1	1.05	10.937765944202596	230.0	17	1.05	0.95				
	122	2	0.0	0.0	0.0	0.0	1	1.05	19.691690146668535	230.0	17	1.05	0.95				
	123	2	0.0	0.0	0.0	0.0	1	1.0242152046589974	6.413155271427741	230.0	15	1.05	0.95				
	124	1	0.0	0.0	0.0	0.0	1	1.026478231798575	5.479840561267687	230.0	16	1.05	0.95				
	201	2	47.51456005894737	9.678891863859649	0.0	0.0	2	1.02707737619012	-7.464108276835503	138.0	21	1.05	0.95				
	202	2	42.675114127017544	8.798992603508772	0.0	0.0	2	1.0279125314959396	-7.305718158837817	138.0	22	1.05	0.95				
	203	1	79.19093343157894	16.278136316491228	0.0	0.0	2	1.0182856603380297	-6.899771535708245	138.0	21	1.05	0.95				
	204	1	32.556272632982456	6.599244452631578	0.0	0.0	2	1.0183281883824709	-9.154517566997695	138.0	21	1.05	0.95				
	205	1	31.236423742456136	6.159294822456141	0.0	0.0	2	1.0331179816100537	-9.38602262974742	138.0	21	1.05	0.95				
	206	1	59.833149703859654	12.318589644912281	0.0	-100.0	2	1.0444891382165125	-10.860015534143368	138.0	22	1.05	0.95				
	207	2	54.99370377192982	10.998740754385965	0.0	0.0	2	0.9910026150626297	-17.305063739143073	138.0	22	1.05	0.95				
	208	1	75.23138675999999	15.39823705614035	0.0	0.0	2	0.9972377326132505	-15.310841316667089	138.0	22	1.05	0.95				
	209	1	76.99118528070176	15.838186686315789	0.0	0.0	2	1.0230257330030863	-8.863568059854854	138.0	23	1.05	0.95				
	210	1	85.79017788421052	17.597985207017544	0.0	0.0	2	1.05	-9.926548029220923	138.0	23	1.05	0.95				
	211	1	0.0	0.0	0.0	0.0	2	1.0056894078801466	-6.123983929254327	230.0	23	1.05	0.95				
	212	1	0.0	0.0	0.0	0.0	2	1.0087327593395634	-5.5805279581129685	230.0	23	1.05	0.95				
	213	2	116.58665199649123	23.757280029473684	0.0	0.0	2	0.9997050417960257	-5.195994800728644	230.0	24	1.05	0.95				
	214	2	85.35022825403509	17.158035576842106	0.0	0.0	2	1.0072104612852937	-3.5557117340598494	230.0	26	1.05	0.95				
	215	2	139.46403276561404	28.156776331228073	0.0	0.0	2	1.0270420731386682	2.871020735798464	230.0	26	1.05	0.95				
	216	2	43.99496301754386	8.798992603508772	0.0	0.0	2	1.0281754046736125	2.719833023607367	230.0	26	1.05	0.95				
	217	1	0.0	0.0	0.0	0.0	2	1.0338004310807862	5.431014845188726	230.0	27	1.05	0.95				
	218	2	146.50322684842106	29.916574851929827	0.0	0.0	2	1.0352947823867105	5.829398979804244	230.0	27	1.05	0.95				
	219	1	79.63088306175439	16.278136316491228	0.0	0.0	2	1.0273465077309558	1.930169602841866	230.0	25	1.05	0.95				
	220	1	56.313552662456146	11.438690384561404	0.0	0.0	2	1.0296794457303775	2.100752385936073	230.0	25	1.05	0.95				
	221	2	0.0	0.0	0.0	0.0	2	1.0354224759809738	5.606858376615371	230.0	27	1.05	0.95				
	222	2	0.0	0.0	0.0	0.0	2	1.05	12.035223037041407	230.0	27	1.05	0.95				
	223	2	0.0	0.0	0.0	0.0	2	1.0315957925448982	2.5294640546855587	230.0	25	1.05	0.95				
	224	1	0.0	0.0	0.0	0.0	2	1.0117049542317427	-0.7938411839320383	230.0	26	1.05	0.95				
	301	2	43.11800064	8.783296426666666	0.0	0.0	3	1.0080843478510673	-19.948706664810096	138.0	31	1.05	0.95				
	302	2	38.726352426666665	7.984814933333334	0.0	0.0	3	1.0080408416756625	-20.04164859117528	138.0	32	1.05	0.95				
	303	1	71.8633344	14.771907626666666	0.0	0.0	3	1.0211187563425816	-15.363768198409149	138.0	31	1.05	0.95				
	304	1	29.54381525333333	5.988611199999999	0.0	0.0	3	1.0108461873606323	-18.699885947538714	138.0	31	1.05	0.95				
	305	1	28.34609301333333	5.589370453333334	0.0	0.0	3	1.0238979956789052	-19.331787845176827	138.0	31	1.05	0.95				
	306	1	54.296741546666674	11.178740906666668	0.0	-100.0	3	1.0413003887352186	-19.47461190313236	138.0	32	1.05	0.95				
	307	2	49.905093333333326	9.981018666666666	0.0	0.0	3	0.9929393471826277	-23.778573302981563	138.0	32	1.05	0.95				
	308	1	68.27016768	13.97342613333333	0.0	0.0	3	1.000527272355264	-22.008626031438343	138.0	32	1.05	0.95				
	309	1	69.86713066666667	14.372666879999999	0.0	0.0	3	1.0253293121130018	-15.96230564551827	138.0	33	1.05	0.95				
	310	1	77.8519456	15.969629866666669	0.0	0.0	3	1.05	-17.428933949937335	138.0	33	1.05	0.95				
	311	1	0.0	0.0	0.0	0.0	3	1.0057643609661169	-12.063669151317887	230.0	33	1.05	0.95				
	312	1	0.0	0.0	0.0	0.0	3	1.0102869270973067	-11.438383422478738	230.0	33	1.05	0.95				
	313	2	105.79879786666666	21.55900032	0.0	0.0	3	1.0094458257690815	-8.431155518948394	230.0	34	1.05	0.95				
	314	2	77.45270485333333	15.57038912	0.0	0.0	3	1.0030724236701407	-10.493347393901647	230.0	36	1.05	0.95				
	315	2	126.55931669333333	25.551407786666662	0.0	0.0	3	1.02780888023677	-6.841873022873167	230.0	36	1.05	0.95				
	316	2	39.92407466666666	7.984814933333334	0.0	0.0	3	1.027643735936728	-5.908374699545942	230.0	36	1.05	0.95				
	317	1	0.0	0.0	0.0	0.0	3	1.032901142094552	-4.682332923830809	230.0	37	1.05	0.95				
	318	2	132.94716864	27.148370773333337	0.0	0.0	3	1.0317967012745435	-4.847586132080923	230.0	37	1.05	0.95				
	319	1	72.26257514666666	14.771907626666666	0.0	0.0	3	1.0254196497128838	-6.273367864694277	230.0	35	1.05	0.95				
	320	1	51.102815573333324	10.380259413333333	0.0	0.0	3	1.0260074815910776	-5.809253534960539	230.0	35	1.05	0.95				
	321	2	0.0	0.0	0.0	0.0	3	1.0326428459673616	-4.980680103124689	230.0	37	1.05	0.95				
	322	2	0.0	0.0	0.0	0.0	3	1.0459839916229454	-0.5233191615518611	230.0	37	1.05	0.95				
	323	2	0.0	0.0	0.0	0.0	3	1.0268546152094398	-5.245884346062095	230.0	35	1.05	0.95				
	324	1	0.0	0.0	0.0	0.0	3	1.0146460743668013	-10.043301842928807	230.0	36	1.05	0.95				
	325	1	0.0	0.0	0.0	0.0	3	1.0236763103354976	-3.881764418666784	230.0	35	1.05	0.95				
];
