%% MATPOWER Case Format : Version 2
function mpc = RTS_GMLC
mpc.version = '2';

%%-----  Power Flow Data  -----%%
%% system MVA base
mpc.baseMVA = 100.0;
%% bus data
%    bus_i    type    Pd    Qd    Gs    Bs    area    Vm    Va    baseKV    zone    Vmax    Vmin
mpc.bus = [
	101	2	36.378525482526314	7.410440376070175	0.0	0.0	1	1.0327201070488543	3.885001864649797	138.0	11	1.05	0.95				
	102	2	32.67330529449122	6.736763978245613	0.0	0.0	1	1.0318412633787515	3.6392634633538714	138.0	12	1.05	0.95				
	103	1	60.630875804210525	12.463013359754385	0.0	0.0	1	1.0305566889965347	1.62380912662052	138.0	11	1.05	0.95				
	104	1	24.92602671950877	5.05257298368421	0.0	0.0	1	1.0223636276013948	0.44363437487335794	138.0	11	1.05	0.95				
	105	1	23.915512122771926	4.71573478477193	0.0	0.0	1	1.0366109266229697	0.739727888106719	138.0	11	1.05	0.95				
	106	1	45.80999505207017	9.43146956954386	0.0	-100.0	1	1.0476315946580494	-1.4190466587168755	138.0	12	1.05	0.95				
	107	2	42.104774864035086	8.420954972807017	0.0	0.0	1	1.0003783959436763	-6.948640826634437	138.0	12	1.05	0.95				
	108	1	57.59933201399999	11.789336961929822	0.0	0.0	1	1.0071593285639349	-5.508545794289937	138.0	12	1.05	0.95				
	109	1	58.94668480964912	12.126175160842104	0.0	0.0	1	1.0245942200458023	-0.7992761541755777	138.0	13	1.05	0.95				
	110	1	65.68344878789473	13.473527956491226	0.0	0.0	1	1.05	-1.383223022010913	138.0	13	1.05	0.95				
	111	1	0.0	0.0	0.0	0.0	1	1.0010609919384903	0.42540933936526093	230.0	13	1.05	0.95				
	112	1	0.0	0.0	0.0	0.0	1	1.0059876345355734	0.5634941867152564	230.0	13	1.05	0.95				
	113	3	89.26212271175437	18.189262741263157	0.0	0.0	1	0.9889433173731372	9.442465870797276e-31	230.0	14	1.05	0.95				
	114	2	65.34661058898244	13.136689757578946	0.0	0.0	1	0.9976631121386516	2.448760574687927	230.0	16	1.05	0.95				
	115	2	106.77770905519297	21.557644730385963	0.0	0.0	1	1.035886994629518	7.4136494303188325	230.0	16	1.05	0.95				
	116	2	33.68381989122807	6.736763978245613	0.0	0.0	1	1.0312401640721873	7.189171778683933	230.0	16	1.05	0.95				
	117	1	0.0	0.0	0.0	0.0	1	1.040424001348128	9.361384973178803	230.0	17	1.05	0.95				
	118	2	112.16712023778948	22.904997526035086	0.0	0.0	1	1.0442753389894381	9.361165119703916	230.0	17	1.05	0.95				
	119	1	60.96771400312281	12.463013359754385	0.0	0.0	1	1.0240693665780582	6.018174250393004	230.0	15	1.05	0.95				
	120	1	43.115289460771926	8.757793171719298	0.0	0.0	1	1.0198644582671101	5.654827776014804	230.0	15	1.05	0.95				
	121	2	0.0	0.0	0.0	0.0	1	1.048703678237199	10.13444169716112	230.0	17	1.05	0.95				
	122	2	0.0	0.0	0.0	0.0	1	1.05	18.096182823240678	230.0	17	1.05	0.95				
	123	2	0.0	0.0	0.0	0.0	1	1.0176521096900426	5.7205767884748955	230.0	15	1.05	0.95				
	124	1	0.0	0.0	0.0	0.0	1	1.0258635423783848	5.240382245076161	230.0	16	1.05	0.95				
	201	2	38.96363921684211	7.937037618245614	0.0	0.0	2	1.0198089421260823	-9.000860791647794	138.0	21	1.05	0.95				
	202	2	34.9951204077193	7.215488743859649	0.0	0.0	2	1.019831135051286	-9.04357676250548	138.0	22	1.05	0.95				
	203	1	64.93939869473685	13.34865417614035	0.0	0.0	2	1.0162208881483468	-7.117095893087702	138.0	21	1.05	0.95				
	204	1	26.6973083522807	5.411616557894737	0.0	0.0	2	1.0159590389970665	-9.869169177289821	138.0	21	1.05	0.95				
	205	1	25.614985040701754	5.050842120701755	0.0	0.0	2	1.0306774929597147	-10.162996711207526	138.0	21	1.05	0.95				
	206	1	49.06532345824562	10.10168424140351	0.0	-100.0	2	1.045094484968403	-11.213095347376163	138.0	22	1.05	0.95				
	207	2	45.09680464912281	9.019360929824561	0.0	0.0	2	0.9950836869885179	-15.97666898842662	138.0	22	1.05	0.95				
	208	1	61.69242876	12.627105301754385	0.0	0.0	2	1.0026466036256731	-14.395661726043484	138.0	22	1.05	0.95				
	209	1	63.13552650877193	12.987879738947369	0.0	0.0	2	1.022342684516625	-9.044856576706918	138.0	23	1.05	0.95				
	210	1	70.35101525263158	14.430977487719298	0.0	0.0	2	1.05	-10.17138607095659	138.0	23	1.05	0.95				
	211	1	0.0	0.0	0.0	0.0	2	1.0021245251746251	-6.667800751012725	230.0	23	1.05	0.95				
	212	1	0.0	0.0	0.0	0.0	2	1.0063012427738913	-6.1384697066375224	230.0	23	1.05	0.95				
	213	2	95.60522585614035	19.481819608421056	0.0	0.0	2	0.9951288970066122	-5.7029270943318755	230.0	24	1.05	0.95				
	214	2	69.9902408154386	14.070203050526317	0.0	0.0	2	1.0001987355573936	-4.426318118435524	230.0	26	1.05	0.95				
	215	2	114.36549659017543	23.089563980350878	0.0	0.0	2	1.017509392384339	1.0867138878640359	230.0	26	1.05	0.95				
	216	2	36.077443719298245	7.215488743859649	0.0	0.0	2	1.0190318531795635	0.9143163593552877	230.0	26	1.05	0.95				
	217	1	0.0	0.0	0.0	0.0	2	1.024251872558169	2.709442907866446	230.0	27	1.05	0.95				
	218	2	120.13788758526316	24.53266172912281	0.0	0.0	2	1.0236399602853457	2.244607984304611	230.0	27	1.05	0.95				
	219	1	65.30017313192982	13.34865417614035	0.0	0.0	2	1.0197906473070086	0.4298249113583904	230.0	25	1.05	0.95				
	220	1	46.179127960701756	9.380135367017544	0.0	0.0	2	1.022561478106196	0.7250826285041411	230.0	25	1.05	0.95				
	221	2	0.0	0.0	0.0	0.0	2	1.025237106266318	2.666029314374791	230.0	27	1.05	0.95				
	222	2	0.0	0.0	0.0	0.0	2	1.0473636551359333	9.206328571750689	230.0	27	1.05	0.95				
	223	2	0.0	0.0	0.0	0.0	2	1.0243933041078914	1.1672334963215496	230.0	25	1.05	0.95				
	224	1	0.0	0.0	0.0	0.0	2	1.006817973437142	-2.0127142492121965	230.0	26	1.05	0.95				
	301	2	46.41505851789475	9.454919327719299	0.0	0.0	3	1.0097351567998134	-19.053987909615184	138.0	31	1.05	0.95				
	302	2	41.68759885403509	8.595381207017546	0.0	0.0	3	1.0093564725358524	-19.243503052888588	138.0	32	1.05	0.95				
	303	1	77.3584308631579	15.901455232982459	0.0	0.0	3	1.034147033356573	-11.25590211093252	138.0	31	1.05	0.95				
	304	1	31.802910465964917	6.446535905263158	0.0	0.0	3	1.011208450197251	-18.032694503243867	138.0	31	1.05	0.95				
	305	1	30.513603284912282	6.016766844912282	0.0	0.0	3	1.0244847841605607	-18.996473052942967	138.0	31	1.05	0.95				
	306	1	58.44859220771931	12.033533689824564	0.0	-100.0	3	1.0407660032343815	-19.482195484840382	138.0	32	1.05	0.95				
	307	2	53.72113254385966	10.74422650877193	0.0	0.0	3	0.9930057470108729	-24.111525772672834	138.0	32	1.05	0.95				
	308	1	73.49050932	15.041917112280704	0.0	0.0	3	0.9994005664292488	-22.176653116888	138.0	32	1.05	0.95				
	309	1	75.20958556140351	15.47168617263158	0.0	0.0	3	1.025952474119327	-15.278462440889523	138.0	33	1.05	0.95				
	310	1	83.80496676842107	17.190762414035092	0.0	0.0	3	1.05	-17.55427697138503	138.0	33	1.05	0.95				
	311	1	0.0	0.0	0.0	0.0	3	1.0073777003891262	-12.398436600672817	230.0	33	1.05	0.95				
	312	1	0.0	0.0	0.0	0.0	3	1.0119882761708912	-11.66767290432128	230.0	33	1.05	0.95				
	313	2	113.88880099298247	23.207529258947375	0.0	0.0	3	1.0106501348901145	-8.928907999533987	230.0	34	1.05	0.95				
	314	2	83.37519770807017	16.760993353684214	0.0	0.0	3	1.004272606715323	-11.305890925050193	230.0	36	1.05	0.95				
	315	2	136.23679213122807	27.505219862456144	0.0	0.0	3	1.027073544479661	-7.710856750790477	230.0	36	1.05	0.95				
	316	2	42.97690603508772	8.595381207017546	0.0	0.0	3	1.0262790493362193	-7.1706017990603055	230.0	36	1.05	0.95				
	317	1	0.0	0.0	0.0	0.0	3	1.03103620867945	-5.798108663190841	230.0	37	1.05	0.95				
	318	2	143.11309709684213	29.224296103859654	0.0	0.0	3	1.0295078061679297	-5.981327525164778	230.0	37	1.05	0.95				
	319	1	77.78819992350878	15.901455232982459	0.0	0.0	3	1.0246131971830108	-7.412912679785427	230.0	35	1.05	0.95				
	320	1	55.01043972491229	11.173995569122809	0.0	0.0	3	1.026054887262851	-6.782339585326119	230.0	35	1.05	0.95				
	321	2	0.0	0.0	0.0	0.0	3	1.0308324590864524	-6.0244733259208365	230.0	37	1.05	0.95				
	322	2	0.0	0.0	0.0	0.0	3	1.0441860138683772	-1.5803358621514867	230.0	37	1.05	0.95				
	323	2	0.0	0.0	0.0	0.0	3	1.0275702974821204	-6.105748797108982	230.0	35	1.05	0.95				
	324	1	0.0	0.0	0.0	0.0	3	1.0236074919792086	-9.06216516094662	230.0	36	1.05	0.95				
	325	1	0.0	0.0	0.0	0.0	3	1.0241984501680594	-4.740551184933117	230.0	35	1.05	0.95				
];
