%% MATPOWER Case Format : Version 2
function mpc = RTS_GMLC
mpc.version = '2';

%%-----  Power Flow Data  -----%%
%% system MVA base
mpc.baseMVA = 100.0;
%% bus data
%    bus_i    type    Pd    Qd    Gs    Bs    area    Vm    Va    baseKV    zone    Vmax    Vmin
mpc.bus = [
	101	2	41.22810488842105	8.39831766245614	0.0	0.0	1	1.0044287380414927	-0.891670113196913	138.0	11	1.05	0.95				
	102	2	37.02894605719298	7.634834238596492	0.0	0.0	1	1.0025676504247039	-1.4853376862889773	138.0	12	1.05	0.95				
	103	1	68.71350814736842	14.12444334140351	0.0	0.0	1	1.0220299863952393	2.654529157896182	138.0	11	1.05	0.95				
	104	1	28.24888668280702	5.726125678947367	0.0	0.0	1	1.008660003784594	-2.6741739655152106	138.0	11	1.05	0.95				
	105	1	27.103661547017538	5.344383967017544	0.0	0.0	1	1.022279438356819	-2.9006383432999554	138.0	11	1.05	0.95				
	106	1	51.91687282245614	10.688767934035088	0.0	-100.0	1	1.0400629820148406	-4.541746103557194	138.0	12	1.05	0.95				
	107	2	47.71771399122807	9.543542798245614	0.0	0.0	1	0.9847006229088808	-10.981010108833344	138.0	12	1.05	0.95				
	108	1	65.27783274	13.360959917543857	0.0	0.0	1	0.9953784687204027	-8.694895402422393	138.0	12	1.05	0.95				
	109	1	66.8047995877193	13.742701629473682	0.0	0.0	1	1.0241064401210864	-2.0360106346271047	138.0	13	1.05	0.95				
	110	1	74.43963382631578	15.269668477192983	0.0	0.0	1	1.05	-3.655893428843146	138.0	13	1.05	0.95				
	111	1	0.0	0.0	0.0	0.0	1	1.0167130762353405	0.7100232484478245	230.0	13	1.05	0.95				
	112	1	0.0	0.0	0.0	0.0	1	1.013021584359189	-0.6783888196439575	230.0	13	1.05	0.95				
	113	3	101.16155366140349	20.614052444210525	0.0	0.0	1	0.9972289131537203	1.2914748615088797e-29	230.0	14	1.05	0.95				
	114	2	74.05789211438596	14.887926765263156	0.0	0.0	1	1.042818472633423	4.795765075354185	230.0	16	1.05	0.95				
	115	2	121.01212268175436	24.43146956350877	0.0	0.0	1	1.0364448014608665	15.238812935495277	230.0	16	1.05	0.95				
	116	2	38.174171192982456	7.634834238596492	0.0	0.0	1	1.0363797420862855	13.089148867223955	230.0	16	1.05	0.95				
	117	1	0.0	0.0	0.0	0.0	1	1.035757181695695	19.656822588307524	230.0	17	1.05	0.95				
	118	2	127.11999007263157	25.95843641122807	0.0	0.0	1	1.045276951848806	20.47748098531249	230.0	17	1.05	0.95				
	119	1	69.09524985929825	14.12444334140351	0.0	0.0	1	1.0322058469762332	8.194810988232977	230.0	15	1.05	0.95				
	120	1	48.86293912701754	9.92528451017544	0.0	0.0	1	1.03641248648916	4.681376566289924	230.0	15	1.05	0.95				
	121	2	0.0	0.0	0.0	0.0	1	1.0397384360239688	22.2225398428428	230.0	17	1.05	0.95				
	122	2	0.0	0.0	0.0	0.0	1	1.05	40.21240685952931	230.0	17	1.05	0.95				
	123	2	0.0	0.0	0.0	0.0	1	1.0401208345099646	3.04872242532042	230.0	15	1.05	0.95				
	124	1	0.0	0.0	0.0	0.0	1	1.015276036247042	10.539938298363017	230.0	16	1.05	0.95				
	201	2	40.27262710736842	8.203683299649123	0.0	0.0	2	1.0065680610238268	-17.33672036519265	138.0	21	1.05	0.95				
	202	2	36.17078545754386	7.45789390877193	0.0	0.0	2	1.005717601926383	-17.640933522180365	138.0	22	1.05	0.95				
	203	1	67.12104517894737	13.79710373122807	0.0	0.0	2	1.011476573586383	-12.967382537041196	138.0	21	1.05	0.95				
	204	1	27.59420746245614	5.593420431578947	0.0	0.0	2	1.00916267205789	-17.444001825432828	138.0	21	1.05	0.95				
	205	1	26.475523376140348	5.220525736140352	0.0	0.0	2	1.0237697329253526	-17.907811334827965	138.0	21	1.05	0.95				
	206	1	50.71367857964913	10.441051472280703	0.0	-100.0	2	1.0414661941377692	-18.711614806044295	138.0	22	1.05	0.95				
	207	2	46.61183692982456	9.322367385964911	0.0	0.0	2	0.9899755939327775	-23.065804985904585	138.0	22	1.05	0.95				
	208	1	63.76499292	13.051314340350876	0.0	0.0	2	0.9992033908574526	-21.438094488042577	138.0	22	1.05	0.95				
	209	1	65.25657170175438	13.424209035789472	0.0	0.0	2	1.022340081480405	-15.727868011710541	138.0	23	1.05	0.95				
	210	1	72.71446561052632	14.91578781754386	0.0	0.0	2	1.05	-17.269234384219118	138.0	23	1.05	0.95				
	211	1	0.0	0.0	0.0	0.0	2	1.0059624040083	-13.054600752650549	230.0	23	1.05	0.95				
	212	1	0.0	0.0	0.0	0.0	2	1.0133535417793862	-12.599274572387941	230.0	23	1.05	0.95				
	213	2	98.81709429122807	20.13631355368421	0.0	0.0	2	1.0042477900805693	-12.029357364639399	230.0	24	1.05	0.95				
	214	2	72.34157091508771	14.542893122105264	0.0	0.0	2	1.004990999437125	-10.39662852099602	230.0	26	1.05	0.95				
	215	2	118.20761845403509	23.865260508070175	0.0	0.0	2	1.0255393472776753	-3.5078351921468856	230.0	26	1.05	0.95				
	216	2	37.289469543859646	7.45789390877193	0.0	0.0	2	1.0287028002057723	-4.4636885341461365	230.0	26	1.05	0.95				
	217	1	0.0	0.0	0.0	0.0	2	1.0338640320470185	-1.9607538044651518	230.0	27	1.05	0.95				
	218	2	124.17393358105264	25.356839289824563	0.0	0.0	2	1.0325662072739483	-2.424340561387683	230.0	27	1.05	0.95				
	219	1	67.49393987438597	13.79710373122807	0.0	0.0	2	1.0352762201837422	-5.2224144482506425	230.0	25	1.05	0.95				
	220	1	47.73052101614035	9.69526208140351	0.0	0.0	2	1.0431999976306328	-5.157719175681775	230.0	25	1.05	0.95				
	221	2	0.0	0.0	0.0	0.0	2	1.0330727989633641	-1.985821861312631	230.0	27	1.05	0.95				
	222	2	0.0	0.0	0.0	0.0	2	1.05	4.520035106979828	230.0	27	1.05	0.95				
	223	2	0.0	0.0	0.0	0.0	2	1.047815502863916	-4.8465567282766475	230.0	25	1.05	0.95				
	224	1	0.0	0.0	0.0	0.0	2	1.0085940406383782	-7.035922587815874	230.0	26	1.05	0.95				
	301	2	49.848782021052635	10.154381522807016	0.0	0.0	3	1.028738718855077	11.974692025616799	138.0	31	1.05	0.95				
	302	2	44.77159125964912	9.231255929824561	0.0	0.0	3	1.0254875411279922	11.630617067410741	138.0	32	1.05	0.95				
	303	1	83.08130336842106	17.07782347017544	0.0	0.0	3	1.05	27.33928265621798	138.0	31	1.05	0.95				
	304	1	34.15564694035088	6.923441947368421	0.0	0.0	3	1.012352779235216	13.029329029726	138.0	31	1.05	0.95				
	305	1	32.77095855087719	6.461879150877194	0.0	0.0	3	1.0312741638079632	10.61784972820866	138.0	31	1.05	0.95				
	306	1	62.772540322807025	12.923758301754388	0.0	-100.0	3	1.0395833319334902	9.302848332569763	138.0	32	1.05	0.95				
	307	2	57.69534956140351	11.539069912280702	0.0	0.0	3	0.95	5.15623274763501	138.0	32	1.05	0.95				
	308	1	78.92723819999999	16.15469787719298	0.0	0.0	3	0.9694412523391464	7.205047896889492	138.0	32	1.05	0.95				
	309	1	80.77348938596491	16.61626067368421	0.0	0.0	3	1.0162683237007832	16.1082026095386	138.0	33	1.05	0.95				
	310	1	90.00474531578946	18.462511859649123	0.0	0.0	3	1.044831182701338	10.718653239590992	138.0	33	1.05	0.95				
	311	1	0.0	0.0	0.0	0.0	3	1.003345380983482	14.823197990447172	230.0	33	1.05	0.95				
	312	1	0.0	0.0	0.0	0.0	3	1.0087518875356805	15.387709913581185	230.0	33	1.05	0.95				
	313	2	122.31414107017544	24.924391010526318	0.0	0.0	3	1.0055790139720113	17.16129875949404	230.0	34	1.05	0.95				
	314	2	89.54318251929824	18.000949063157893	0.0	0.0	3	0.9976230028129365	14.291275185965187	230.0	36	1.05	0.95				
	315	2	146.3154064877193	29.5400189754386	0.0	0.0	3	1.0468868448288202	16.563199974530296	230.0	36	1.05	0.95				
	316	2	46.15627964912281	9.231255929824561	0.0	0.0	3	1.0304734251283454	16.33061385213469	230.0	36	1.05	0.95				
	317	1	0.0	0.0	0.0	0.0	3	1.05	19.452625961385095	230.0	37	1.05	0.95				
	318	2	153.70041123157893	31.386270161403512	0.0	0.0	3	1.05	16.26112663328688	230.0	37	1.05	0.95				
	319	1	83.54286616491228	17.07782347017544	0.0	0.0	3	1.0215763685395822	15.682122737544338	230.0	35	1.05	0.95				
	320	1	59.0800379508772	12.00063270877193	0.0	0.0	3	1.0171661494133006	16.022160623670572	230.0	35	1.05	0.95				
	321	2	0.0	0.0	0.0	0.0	3	1.05	17.01385820682207	230.0	37	1.05	0.95				
	322	2	0.0	0.0	0.0	0.0	3	1.05	22.319169494322107	230.0	37	1.05	0.95				
	323	2	0.0	0.0	0.0	0.0	3	1.0155570786254198	16.573667608190572	230.0	35	1.05	0.95				
	324	1	0.0	0.0	0.0	0.0	3	1.0446959175441273	20.682821482116935	230.0	36	1.05	0.95				
	325	1	0.0	0.0	0.0	0.0	3	1.0170786620481902	17.067137264830034	230.0	35	1.05	0.95				
];
