%% MATPOWER Case Format : Version 2
function mpc = RTS_GMLC
mpc.version = '2';

%%-----  Power Flow Data  -----%%
%% system MVA base
mpc.baseMVA = 100.0;
%% bus data
%    bus_i    type    Pd    Qd    Gs    Bs    area    Vm    Va    baseKV    zone    Vmax    Vmin
mpc.bus = [
	101	2	42.75111330947369	8.708560118596491	0.0	0.0	1	1.011962974273712	-1.944999453617333	138.0	11	1.05	0.95				
	102	2	38.39683325017544	7.9168728350877196	0.0	0.0	1	1.0108899621633454	-2.190253532042569	138.0	12	1.05	0.95				
	103	1	71.25185551578947	14.646214744912282	0.0	0.0	1	1.0362377806011218	0.9796522118612475	138.0	11	1.05	0.95				
	104	1	29.292429489824563	5.93765462631579	0.0	0.0	1	1.0170034624950441	-2.8866694596495663	138.0	11	1.05	0.95				
	105	1	28.104898564561402	5.541810984561404	0.0	0.0	1	1.0259329569824938	-3.9783906339907573	138.0	11	1.05	0.95				
	106	1	53.83473527859649	11.083621969122808	0.0	-100.0	1	1.0416090657301498	-5.566538611251137	138.0	12	1.05	0.95				
	107	2	49.48045521929825	9.896091043859649	0.0	0.0	1	0.9955624127625556	-11.48967383283756	138.0	12	1.05	0.95				
	108	1	67.68926274	13.854527461403507	0.0	0.0	1	1.0022110148696048	-9.47868250979592	138.0	12	1.05	0.95				
	109	1	69.27263730701755	14.250371103157894	0.0	0.0	1	1.0270173928323048	-3.026683386667146	138.0	13	1.05	0.95				
	110	1	77.18951014210526	15.833745670175439	0.0	0.0	1	1.05	-4.732169541176883	138.0	13	1.05	0.95				
	111	1	0.0	0.0	0.0	0.0	1	1.0105298903815307	-0.8399431409940575	230.0	13	1.05	0.95				
	112	1	0.0	0.0	0.0	0.0	1	1.0112299839842953	-1.4341355886920044	230.0	13	1.05	0.95				
	113	3	104.89856506491229	21.375556654736844	0.0	0.0	1	0.997497010276074	-2.450799391251282e-30	230.0	14	1.05	0.95				
	114	2	76.79366650035088	15.437902028421052	0.0	0.0	1	1.0204209761614949	1.5395499679332267	230.0	16	1.05	0.95				
	115	2	125.48243443614035	25.333993072280702	0.0	0.0	1	1.0489242043854496	8.440004525568893	230.0	16	1.05	0.95				
	116	2	39.584364175438594	7.9168728350877196	0.0	0.0	1	1.044544452587865	7.22221335879335	230.0	16	1.05	0.95				
	117	1	0.0	0.0	0.0	0.0	1	1.0462992468688601	11.405811399603104	230.0	17	1.05	0.95				
	118	2	131.81593270421052	26.917367639298245	0.0	0.0	1	1.05	12.071192869051787	230.0	17	1.05	0.95				
	119	1	71.64769915754387	14.646214744912282	0.0	0.0	1	1.0353469286853678	4.585573192986707	230.0	15	1.05	0.95				
	120	1	50.667986144561404	10.291934685614034	0.0	0.0	1	1.0302524746033481	2.4247826162164055	230.0	15	1.05	0.95				
	121	2	0.0	0.0	0.0	0.0	1	1.05	13.217790788423057	230.0	17	1.05	0.95				
	122	2	0.0	0.0	0.0	0.0	1	1.05	23.427857512018626	230.0	17	1.05	0.95				
	123	2	0.0	0.0	0.0	0.0	1	1.0281112161759933	1.5322962349470899	230.0	15	1.05	0.95				
	124	1	0.0	0.0	0.0	0.0	1	1.0344221287031183	5.657709519888221	230.0	16	1.05	0.95				
	201	2	41.78561309052632	8.511884148070175	0.0	0.0	2	1.0002285128555326	-16.883776893955282	138.0	21	1.05	0.95				
	202	2	37.52967101649123	7.738076498245615	0.0	0.0	2	0.9988608871929371	-17.188118590680446	138.0	22	1.05	0.95				
	203	1	69.64268848421052	14.315441521754385	0.0	0.0	2	0.9993581376745013	-12.202691402355738	138.0	21	1.05	0.95				
	204	1	28.63088304350877	5.80355737368421	0.0	0.0	2	0.9898288969036161	-16.740151959404663	138.0	21	1.05	0.95				
	205	1	27.470171568771928	5.41665354877193	0.0	0.0	2	1.0053196125193369	-17.251323621157407	138.0	21	1.05	0.95				
	206	1	52.618920188070184	10.83330709754386	0.0	-100.0	2	1.0158242776821864	-17.975145123920797	138.0	22	1.05	0.95				
	207	2	48.36297811403509	9.672595622807018	0.0	0.0	2	0.9774101404090881	-22.94082364986595	138.0	22	1.05	0.95				
	208	1	66.16055406	13.541633871929823	0.0	0.0	2	0.9783592649523207	-21.057711694763675	138.0	22	1.05	0.95				
	209	1	67.70816935964912	13.928537696842106	0.0	0.0	2	0.9938151178010269	-14.680321508110387	138.0	23	1.05	0.95				
	210	1	75.44624585789474	15.47615299649123	0.0	0.0	2	1.019682897067092	-16.313445787805826	138.0	23	1.05	0.95				
	211	1	0.0	0.0	0.0	0.0	2	0.9774441376419066	-11.674634187076673	230.0	23	1.05	0.95				
	212	1	0.0	0.0	0.0	0.0	2	0.9635436467859165	-10.98414237851609	230.0	23	1.05	0.95				
	213	2	102.52951360175437	20.89280654526316	0.0	0.0	2	0.958381366008976	-10.255086826332004	230.0	24	1.05	0.95				
	214	2	75.05934203298246	15.089249171578947	0.0	0.0	2	0.992988944044589	-8.999613153486129	230.0	26	1.05	0.95				
	215	2	122.64851249719297	24.761844794385965	0.0	0.0	2	1.0109710454448773	-1.598899065841442	230.0	26	1.05	0.95				
	216	2	38.69038249122807	7.738076498245615	0.0	0.0	2	1.0028133537070054	-2.6441782977653663	230.0	26	1.05	0.95				
	217	1	0.0	0.0	0.0	0.0	2	1.0167505337049187	-0.7383374410202457	230.0	27	1.05	0.95				
	218	2	128.83897369578946	26.309460094035092	0.0	0.0	2	1.0172831860871943	-1.0665036178343807	230.0	27	1.05	0.95				
	219	1	70.02959230912282	14.315441521754385	0.0	0.0	2	0.978196838423778	-2.7415246503090596	230.0	25	1.05	0.95				
	220	1	49.52368958877193	10.059499447719299	0.0	0.0	2	0.9595118102384985	-1.9879060024056308	230.0	25	1.05	0.95				
	221	2	0.0	0.0	0.0	0.0	2	1.018884169176945	-0.43619211484799714	230.0	27	1.05	0.95				
	222	2	0.0	0.0	0.0	0.0	2	1.041321616428529	6.045197776285403	230.0	27	1.05	0.95				
	223	2	0.0	0.0	0.0	0.0	2	0.9500000187657567	-1.2094718466644259	230.0	25	1.05	0.95				
	224	1	0.0	0.0	0.0	0.0	2	0.9937699399978019	-5.565404186678473	230.0	26	1.05	0.95				
	301	2	62.84909838315789	12.802594115087718	0.0	0.0	3	1.0034669540588659	22.46757293332026	138.0	31	1.05	0.95				
	302	2	56.44780132561402	11.638721922807015	0.0	0.0	3	1.0020926628629496	22.075350246535496	138.0	32	1.05	0.95				
	303	1	104.74849730526314	21.53163555719298	0.0	0.0	3	1.0447338475237624	38.484963698891136	138.0	31	1.05	0.95				
	304	1	43.06327111438596	8.729041442105261	0.0	0.0	3	1.0026236956335175	23.64924550380268	138.0	31	1.05	0.95				
	305	1	41.31746282596491	8.147105345964913	0.0	0.0	3	1.0192048377975467	21.400536718657303	138.0	31	1.05	0.95				
	306	1	79.14330907508771	16.294210691929827	0.0	-100.0	3	1.034434372520069	20.15195998582354	138.0	32	1.05	0.95				
	307	2	72.74201201754384	14.54840240350877	0.0	0.0	3	0.9816289949858892	14.188802378792348	138.0	32	1.05	0.95				
	308	1	99.51107243999998	20.36776336491228	0.0	0.0	3	0.9856133143110941	16.955173186124135	138.0	32	1.05	0.95				
	309	1	101.83881682456139	20.949699461052628	0.0	0.0	3	1.0228937620530207	27.331588085429487	138.0	33	1.05	0.95				
	310	1	113.47753874736841	23.27744384561403	0.0	0.0	3	1.05	22.21848365055708	138.0	33	1.05	0.95				
	311	1	0.0	0.0	0.0	0.0	3	1.0152002866514254	26.82185727885212	230.0	33	1.05	0.95				
	312	1	0.0	0.0	0.0	0.0	3	1.0259854745768822	26.535930341597034	230.0	33	1.05	0.95				
	313	2	154.21306547719297	31.424549191578944	0.0	0.0	3	1.023423802377703	28.00707352199656	230.0	34	1.05	0.95				
	314	2	112.89560265122805	22.69550774947368	0.0	0.0	3	1.011111582478529	27.887876811365754	230.0	36	1.05	0.95				
	315	2	184.4737424764912	37.24391015298245	0.0	0.0	3	1.0393582809251503	27.157510133465163	230.0	36	1.05	0.95				
	316	2	58.19360961403508	11.638721922807015	0.0	0.0	3	1.0252863654487971	26.807490164447547	230.0	36	1.05	0.95				
	317	1	0.0	0.0	0.0	0.0	3	1.0322121505714639	30.07696380456063	230.0	37	1.05	0.95				
	318	2	193.78472001473682	39.57165453754386	0.0	0.0	3	1.0226214635621342	26.293239225798672	230.0	37	1.05	0.95				
	319	1	105.3304334014035	21.53163555719298	0.0	0.0	3	1.0318149449189662	24.842910230629588	230.0	35	1.05	0.95				
	320	1	74.4878203059649	15.13033849964912	0.0	0.0	3	1.0425848342499653	24.20343265968667	230.0	35	1.05	0.95				
	321	2	0.0	0.0	0.0	0.0	3	1.0423145726707284	27.197314869864787	230.0	37	1.05	0.95				
	322	2	0.0	0.0	0.0	0.0	3	1.0465241186868959	32.67251415298194	230.0	37	1.05	0.95				
	323	2	0.0	0.0	0.0	0.0	3	1.0485407524934436	23.819980481015843	230.0	35	1.05	0.95				
	324	1	0.0	0.0	0.0	0.0	3	1.0406605938207822	33.595895414353045	230.0	36	1.05	0.95				
	325	1	0.0	0.0	0.0	0.0	3	1.05	22.926441031754692	230.0	35	1.05	0.95				
];
