%% MATPOWER Case Format : Version 2
function mpc = RTS_GMLC
mpc.version = '2';

%%-----  Power Flow Data  -----%%
%% system MVA base
mpc.baseMVA = 100.0;
%% bus data
%    bus_i    type    Pd    Qd    Gs    Bs    area    Vm    Va    baseKV    zone    Vmax    Vmin
mpc.bus = [
	101	2	41.85601188631579	8.52622464350877	0.0	0.0	1	1.0169759732945387	-0.49322459254105055	138.0	11	1.05	0.95				
	102	2	37.59289956456141	7.751113312280703	0.0	0.0	1	1.0145249883653038	-1.1480383593399046	138.0	12	1.05	0.95				
	103	1	69.76001981052632	14.339559627719298	0.0	0.0	1	1.0268704295371882	2.0126078232640228	138.0	11	1.05	0.95				
	104	1	28.679119255438597	5.813334984210526	0.0	0.0	1	1.0139253258450267	-2.6325314420734998	138.0	11	1.05	0.95				
	105	1	27.51645225859649	5.425779318596492	0.0	0.0	1	1.028525709650135	-2.7069969448679827	138.0	11	1.05	0.95				
	106	1	52.70757052350877	10.851558637192984	0.0	-100.0	1	1.0427405929398892	-4.485816029795206	138.0	12	1.05	0.95				
	107	2	48.44445820175439	9.688891640350878	0.0	0.0	1	0.9987863199820114	-10.845187126487223	138.0	12	1.05	0.95				
	108	1	66.27201882	13.564448296491227	0.0	0.0	1	1.003547553787198	-8.691600300808119	138.0	12	1.05	0.95				
	109	1	67.82224148245615	13.952003962105264	0.0	0.0	1	1.0240739238730445	-2.2299437166858325	138.0	13	1.05	0.95				
	110	1	75.57335479473684	15.502226624561406	0.0	0.0	1	1.05	-3.680533644105921	138.0	13	1.05	0.95				
	111	1	0.0	0.0	0.0	0.0	1	1.0072778549064003	0.37057317437955944	230.0	13	1.05	0.95				
	112	1	0.0	0.0	0.0	0.0	1	1.010164315076362	-0.7680878973060967	230.0	13	1.05	0.95				
	113	3	102.70225138771929	20.928005943157896	0.0	0.0	1	0.9986851054163018	2.4659795220563864e-29	230.0	14	1.05	0.95				
	114	2	75.18579912912281	15.114670958947368	0.0	0.0	1	1.0132751644372895	4.099450643948132	230.0	16	1.05	0.95				
	115	2	122.85514599964912	24.803562599298246	0.0	0.0	1	1.0403917146829798	13.480187702084807	230.0	16	1.05	0.95				
	116	2	38.75556656140351	7.751113312280703	0.0	0.0	1	1.0341415262272526	11.64644977814869	230.0	16	1.05	0.95				
	117	1	0.0	0.0	0.0	0.0	1	1.0391892452398308	17.550602401818004	230.0	17	1.05	0.95				
	118	2	129.0560366494737	26.353785261754386	0.0	0.0	1	1.05	18.208452962438415	230.0	17	1.05	0.95				
	119	1	70.14757547614036	14.339559627719298	0.0	0.0	1	1.0241118027185179	7.327397828893856	230.0	15	1.05	0.95				
	120	1	49.60712519859649	10.076447305964912	0.0	0.0	1	1.0220532112528964	4.2940357215513005	230.0	15	1.05	0.95				
	121	2	0.0	0.0	0.0	0.0	1	1.05	19.77317636243887	230.0	17	1.05	0.95				
	122	2	0.0	0.0	0.0	0.0	1	1.05	36.4960288204103	230.0	17	1.05	0.95				
	123	2	0.0	0.0	0.0	0.0	1	1.0220310754739552	2.9229249364687284	230.0	15	1.05	0.95				
	124	1	0.0	0.0	0.0	0.0	1	1.021000955733768	9.195748924181304	230.0	16	1.05	0.95				
	201	2	40.663623486315785	8.283330710175438	0.0	0.0	2	1.012311130385092	-16.51137302694645	138.0	21	1.05	0.95				
	202	2	36.52195813122807	7.530300645614036	0.0	0.0	2	1.0113823804526234	-16.810987410612306	138.0	22	1.05	0.95				
	203	1	67.77270581052632	13.931056194385963	0.0	0.0	2	1.0155962835886416	-12.152998113051861	138.0	21	1.05	0.95				
	204	1	27.862112388771926	5.647725484210525	0.0	0.0	2	1.0117527059350722	-16.555172585527565	138.0	21	1.05	0.95				
	205	1	26.732567291929822	5.271210451929824	0.0	0.0	2	1.0266565254752822	-17.022517337354593	138.0	21	1.05	0.95				
	206	1	51.20604439017543	10.542420903859648	0.0	-100.0	2	1.0427599026530177	-17.79633044664871	138.0	22	1.05	0.95				
	207	2	47.06437903508771	9.412875807017542	0.0	0.0	2	0.9941921525120581	-22.224184927900634	138.0	22	1.05	0.95				
	208	1	64.38407052	13.178026129824557	0.0	0.0	2	1.0015368764249137	-20.562194499084335	138.0	22	1.05	0.95				
	209	1	65.8901306491228	13.55454116210526	0.0	0.0	2	1.0225331034641216	-14.779905779900519	138.0	23	1.05	0.95				
	210	1	73.42043129473683	15.060601291228071	0.0	0.0	2	1.05	-16.318741048272866	138.0	23	1.05	0.95				
	211	1	0.0	0.0	0.0	0.0	2	1.0052787716656166	-11.991828536094266	230.0	23	1.05	0.95				
	212	1	0.0	0.0	0.0	0.0	2	1.0083179242199412	-11.617280074266379	230.0	23	1.05	0.95				
	213	2	99.77648355438595	20.331811743157893	0.0	0.0	2	0.9997212378100019	-11.01884205901743	230.0	24	1.05	0.95				
	214	2	73.04391626245614	14.684086258947367	0.0	0.0	2	1.0073249678421394	-9.171308217032273	230.0	26	1.05	0.95				
	215	2	119.35526523298243	24.09696206596491	0.0	0.0	2	1.0242814831771567	-2.3248342362185723	230.0	26	1.05	0.95				
	216	2	37.65150322807017	7.530300645614036	0.0	0.0	2	1.0257595682078342	-2.925517906652115	230.0	26	1.05	0.95				
	217	1	0.0	0.0	0.0	0.0	2	1.0296843549019965	-0.8527606275593649	230.0	27	1.05	0.95				
	218	2	125.37950574947368	25.603022195087714	0.0	0.0	2	1.0292307606802367	-1.3068230919083983	230.0	27	1.05	0.95				
	219	1	68.14922084280701	13.931056194385963	0.0	0.0	2	1.0261251792873403	-3.8427341235633303	230.0	25	1.05	0.95				
	220	1	48.19392413192982	9.789390839298246	0.0	0.0	2	1.0288033831526142	-3.9010381091925415	230.0	25	1.05	0.95				
	221	2	0.0	0.0	0.0	0.0	2	1.0308166127189695	-0.8461397431710084	230.0	27	1.05	0.95				
	222	2	0.0	0.0	0.0	0.0	2	1.05	5.644121031188167	230.0	27	1.05	0.95				
	223	2	0.0	0.0	0.0	0.0	2	1.0305721500422589	-3.644313049079834	230.0	25	1.05	0.95				
	224	1	0.0	0.0	0.0	0.0	2	1.0089362449426287	-6.011481254104973	230.0	26	1.05	0.95				
	301	2	42.81050300210526	8.720658018947368	0.0	0.0	3	1.011361370714126	2.839484937616221	138.0	31	1.05	0.95				
	302	2	38.450173992631576	7.927870926315789	0.0	0.0	3	1.0112216871868334	2.7646645400362715	138.0	32	1.05	0.95				
	303	1	71.3508383368421	14.66656121368421	0.0	0.0	3	1.0296127146473166	8.331309625918724	138.0	31	1.05	0.95				
	304	1	29.33312242736842	5.945903194736841	0.0	0.0	3	1.0146365546771468	4.779157924746997	138.0	31	1.05	0.95				
	305	1	28.14394178842105	5.549509648421052	0.0	0.0	3	1.025789588142748	2.9480273750683113	138.0	31	1.05	0.95				
	306	1	53.909522298947365	11.099019296842105	0.0	-100.0	3	1.0421885253983498	2.5422117749156152	138.0	32	1.05	0.95				
	307	2	49.54919328947368	9.909838657894737	0.0	0.0	3	0.9721765611280485	-0.6294468014092899	138.0	32	1.05	0.95				
	308	1	67.78329642	13.873774121052628	0.0	0.0	3	0.9895295540410888	1.0376287184217894	138.0	32	1.05	0.95				
	309	1	69.36887060526315	14.270167667368419	0.0	0.0	3	1.03022637846261	8.031121353024906	138.0	33	1.05	0.95				
	310	1	77.29674153157895	15.855741852631578	0.0	0.0	3	1.05	4.334358743393438	138.0	33	1.05	0.95				
	311	1	0.0	0.0	0.0	0.0	3	1.0072598481641653	9.059728625533127	230.0	33	1.05	0.95				
	312	1	0.0	0.0	0.0	0.0	3	1.0133558139612293	9.470002642148783	230.0	33	1.05	0.95				
	313	2	105.04428977368421	21.40525150105263	0.0	0.0	3	1.0101680176890486	11.861806323848473	230.0	34	1.05	0.95				
	314	2	76.90034798526315	15.459348306315787	0.0	0.0	3	0.9987364639331906	9.620606208157165	230.0	36	1.05	0.95				
	315	2	125.65675418210525	25.36918696421052	0.0	0.0	3	1.028611300010417	12.37975927983137	230.0	36	1.05	0.95				
	316	2	39.63935463157895	7.927870926315789	0.0	0.0	3	1.0254499953331484	12.749336945458618	230.0	36	1.05	0.95				
	317	1	0.0	0.0	0.0	0.0	3	1.0478161077407235	17.382067730173826	230.0	37	1.05	0.95				
	318	2	131.99905092315788	26.954761149473683	0.0	0.0	3	1.048016798415621	14.080155220754419	230.0	37	1.05	0.95				
	319	1	71.7472318831579	14.66656121368421	0.0	0.0	3	1.0202423752812357	11.983650612224185	230.0	35	1.05	0.95				
	320	1	50.73837392842104	10.306232204210525	0.0	0.0	3	1.0183021556729146	12.098885409942898	230.0	35	1.05	0.95				
	321	2	0.0	0.0	0.0	0.0	3	1.0434239209717033	14.183945026249996	230.0	37	1.05	0.95				
	322	2	0.0	0.0	0.0	0.0	3	1.05	19.775476174325025	230.0	37	1.05	0.95				
	323	2	0.0	0.0	0.0	0.0	3	1.0176848880387896	12.474308895455486	230.0	35	1.05	0.95				
	324	1	0.0	0.0	0.0	0.0	3	1.022467691552594	10.85075342868666	230.0	36	1.05	0.95				
	325	1	0.0	0.0	0.0	0.0	3	1.019331669200896	13.115641344137996	230.0	35	1.05	0.95				
];
