%% MATPOWER Case Format : Version 2
function mpc = RTS_GMLC
mpc.version = '2';

%%-----  Power Flow Data  -----%%
%% system MVA base
mpc.baseMVA = 100.0;
%% bus data
%    bus_i    type    Pd    Qd    Gs    Bs    area    Vm    Va    baseKV    zone    Vmax    Vmin
mpc.bus = [
	101	2	73.3983176463158	14.95150915017544	0.0	0.0	1	1.0403876321769157	1.4961654323096365	138.0	11	1.05	0.95				
	102	2	65.92256307122808	13.592281045614039	0.0	0.0	1	1.0402663931251581	1.4087393963612485	138.0	12	1.05	0.95				
	103	1	122.33052941052634	25.14571993438597	0.0	0.0	1	1.0239991001829194	-0.24455431857867585	138.0	11	1.05	0.95				
	104	1	50.29143986877194	10.194210784210526	0.0	0.0	1	1.0213325731986185	-2.0241486462655875	138.0	11	1.05	0.95				
	105	1	48.25259771192983	9.514596731929826	0.0	0.0	1	1.0357695880551319	-2.111563111878721	138.0	11	1.05	0.95				
	106	1	92.42751111017546	19.029193463859652	0.0	-100.0	1	1.0396611217215581	-4.7611856945363185	138.0	12	1.05	0.95				
	107	2	84.95175653508772	16.990351307017544	0.0	0.0	1	1.0416548748289054	-1.1645697249073645	138.0	12	1.05	0.95				
	108	1	116.21400294000001	23.786491829824563	0.0	0.0	1	1.022574727810599	-4.082198241084929	138.0	12	1.05	0.95				
	109	1	118.93245914912282	24.466105882105264	0.0	0.0	1	1.0260912575804921	-2.47958140560479	138.0	13	1.05	0.95				
	110	1	132.52474019473686	27.184562091228077	0.0	0.0	1	1.05	-3.6598100302084218	138.0	13	1.05	0.95				
	111	1	0.0	0.0	0.0	0.0	1	1.0110046130060746	-0.4388142330002709	230.0	13	1.05	0.95				
	112	1	0.0	0.0	0.0	0.0	1	1.013714080895814	0.12717569339889206	230.0	13	1.05	0.95				
	113	3	180.09772385438598	36.6991588231579	0.0	0.0	1	1.0066853186613702	-5.724551612813739e-29	230.0	14	1.05	0.95				
	114	2	131.84512614245617	26.504948038947372	0.0	0.0	1	1.0129250236864389	1.8791415004424714	230.0	16	1.05	0.95				
	115	2	215.43765457298244	43.495299345964916	0.0	0.0	1	1.04442371941795	9.850765373362247	230.0	16	1.05	0.95				
	116	2	67.96140522807018	13.592281045614039	0.0	0.0	1	1.0417558056435765	9.221227604864376	230.0	16	1.05	0.95				
	117	1	0.0	0.0	0.0	0.0	1	1.0449347450116757	12.584075696154242	230.0	17	1.05	0.95				
	118	2	226.3114794094737	46.21375555508773	0.0	0.0	1	1.0484913083743241	12.781877762638546	230.0	17	1.05	0.95				
	119	1	123.01014346280704	25.14571993438597	0.0	0.0	1	1.0343219260168797	7.5638436078245705	230.0	15	1.05	0.95				
	120	1	86.99059869192983	17.66996535929825	0.0	0.0	1	1.0339184042696838	7.375599474896372	230.0	15	1.05	0.95				
	121	2	0.0	0.0	0.0	0.0	1	1.05	13.738531405351496	230.0	17	1.05	0.95				
	122	2	0.0	0.0	0.0	0.0	1	1.05	24.779603504205493	230.0	17	1.05	0.95				
	123	2	0.0	0.0	0.0	0.0	1	1.0353791168834325	7.781205965655479	230.0	15	1.05	0.95				
	124	1	0.0	0.0	0.0	0.0	1	1.0241289127477085	6.107055182947417	230.0	16	1.05	0.95				
	201	2	66.6223831326316	13.571226193684211	0.0	0.0	2	1.0326784451386872	-6.581591516953848	138.0	21	1.05	0.95				
	202	2	59.83677003578948	12.337478357894739	0.0	0.0	2	1.0328260263006401	-6.6412936105864615	138.0	22	1.05	0.95				
	203	1	111.03730522105263	22.824334962105265	0.0	0.0	2	1.0260750309372604	-5.005633782240207	138.0	21	1.05	0.95				
	204	1	45.64866992421053	9.253108768421054	0.0	0.0	2	1.0183150823411566	-8.699375302658936	138.0	21	1.05	0.95				
	205	1	43.798048170526314	8.636234850526318	0.0	0.0	2	1.03342061625395	-8.955104424144844	138.0	21	1.05	0.95				
	206	1	83.89485283368423	17.272469701052636	0.0	-100.0	2	1.0404672488651638	-10.867984709826066	138.0	22	1.05	0.95				
	207	2	77.10923973684211	15.421847947368422	0.0	0.0	2	0.9885264654885539	-20.157933380265927	138.0	22	1.05	0.95				
	208	1	105.48543996000002	21.590587126315793	0.0	0.0	2	0.9882231490143784	-17.18316300836047	138.0	22	1.05	0.95				
	209	1	107.95293563157895	22.20746104421053	0.0	0.0	2	1.0253599349038567	-7.881012378022606	138.0	23	1.05	0.95				
	210	1	120.29041398947369	24.674956715789477	0.0	0.0	2	1.05	-9.412140060721	138.0	23	1.05	0.95				
	211	1	0.0	0.0	0.0	0.0	2	1.0142568968556624	-4.921640353219508	230.0	23	1.05	0.95				
	212	1	0.0	0.0	0.0	0.0	2	1.0171508474900943	-2.1998065469452164	230.0	23	1.05	0.95				
	213	2	163.47158824210527	33.3111915663158	0.0	0.0	2	1.0143240407060843	-3.1592241887954993	230.0	24	1.05	0.95				
	214	2	119.67354007157896	24.058082797894738	0.0	0.0	2	1.0193588707046175	-2.7063709911388383	230.0	26	1.05	0.95				
	215	2	195.54903197263158	39.47993074526316	0.0	0.0	2	1.036300833436734	4.057453233496009	230.0	26	1.05	0.95				
	216	2	61.687391789473686	12.337478357894739	0.0	0.0	2	1.03809531000416	4.180561492597717	230.0	26	1.05	0.95				
	217	1	0.0	0.0	0.0	0.0	2	1.0420099960061455	6.801451242936611	230.0	27	1.05	0.95				
	218	2	205.41901465894742	41.94742641684211	0.0	0.0	2	1.043024960768827	7.167044660099432	230.0	27	1.05	0.95				
	219	1	111.65417913894737	22.824334962105265	0.0	0.0	2	1.0375529730218374	3.9448429802307534	230.0	25	1.05	0.95				
	220	1	78.95986149052632	16.03872186526316	0.0	0.0	2	1.0421160007240386	4.909124849999885	230.0	25	1.05	0.95				
	221	2	0.0	0.0	0.0	0.0	2	1.042737729001453	6.9032186652881276	230.0	27	1.05	0.95				
	222	2	0.0	0.0	0.0	0.0	2	1.05	13.368484740522861	230.0	27	1.05	0.95				
	223	2	0.0	0.0	0.0	0.0	2	1.0463212962874564	5.889001938890169	230.0	25	1.05	0.95				
	224	1	0.0	0.0	0.0	0.0	2	1.0211231650181711	0.6641068566531246	230.0	26	1.05	0.95				
	301	2	73.35526733052632	14.94273964140351	0.0	0.0	3	1.0108189330524517	-21.241138190722264	138.0	31	1.05	0.95				
	302	2	65.88389750982456	13.584308764912281	0.0	0.0	3	1.0101772914497809	-21.414277102177554	138.0	32	1.05	0.95				
	303	1	122.25877888421053	25.130971215087715	0.0	0.0	3	1.0212511701211922	-12.827613446247863	138.0	31	1.05	0.95				
	304	1	50.26194243017543	10.18823157368421	0.0	0.0	3	1.0054246520624663	-19.184099790635006	138.0	31	1.05	0.95				
	305	1	48.22429611543859	9.509016135438596	0.0	0.0	3	1.0206304588393988	-19.94837259606325	138.0	31	1.05	0.95				
	306	1	92.37329960140352	19.018032270877193	0.0	-100.0	3	1.0332661644406083	-19.966333915756525	138.0	32	1.05	0.95				
	307	2	84.90192978070176	16.98038595614035	0.0	0.0	3	0.9808731834505636	-27.649824244079277	138.0	32	1.05	0.95				
	308	1	116.14583994	23.77254033859649	0.0	0.0	3	0.9827593506819163	-24.362053102009604	138.0	32	1.05	0.95				
	309	1	118.86270169298245	24.451755776842106	0.0	0.0	3	1.0262513342973272	-14.585208198525727	138.0	33	1.05	0.95				
	310	1	132.44701045789472	27.168617529824562	0.0	0.0	3	1.05	-16.47640650445693	138.0	33	1.05	0.95				
	311	1	0.0	0.0	0.0	0.0	3	1.023857512624859	-8.359381188719231	230.0	33	1.05	0.95				
	312	1	0.0	0.0	0.0	0.0	3	1.0220011105267826	-7.91526698099095	230.0	33	1.05	0.95				
	313	2	179.99209113508772	36.67763366526316	0.0	0.0	3	1.0393967886318052	-3.9528325481968976	230.0	34	1.05	0.95				
	314	2	131.76779501964913	26.489402091578953	0.0	0.0	3	1.0395408081168944	-5.2514069384994775	230.0	36	1.05	0.95				
	315	2	215.31129392385964	43.4697880477193	0.0	0.0	3	1.0489984234589327	-0.44257687125073125	230.0	36	1.05	0.95				
	316	2	67.9215438245614	13.584308764912281	0.0	0.0	3	1.0486993380220433	0.3137859214474632	230.0	36	1.05	0.95				
	317	1	0.0	0.0	0.0	0.0	3	1.05	2.787024026124105	230.0	37	1.05	0.95				
	318	2	226.17874093578948	46.18664980070176	0.0	0.0	3	1.0467065276721756	2.2896803106746684	230.0	37	1.05	0.95				
	319	1	122.93799432245613	25.130971215087715	0.0	0.0	3	1.0459843583400177	-0.48965119463284035	230.0	35	1.05	0.95				
	320	1	86.9395760954386	17.659601394385966	0.0	0.0	3	1.0474740917781626	-0.7137327434784425	230.0	35	1.05	0.95				
	321	2	0.0	0.0	0.0	0.0	3	1.05	2.895663068175959	230.0	37	1.05	0.95				
	322	2	0.0	0.0	0.0	0.0	3	1.05	7.200526321430575	230.0	37	1.05	0.95				
	323	2	0.0	0.0	0.0	0.0	3	1.0493714424906913	-0.5496380250068857	230.0	35	1.05	0.95				
	324	1	0.0	0.0	0.0	0.0	3	1.0247021337838147	-3.8091413966053285	230.0	36	1.05	0.95				
	325	1	0.0	0.0	0.0	0.0	3	1.0453365484446895	0.6250702149785693	230.0	35	1.05	0.95				
];
