%% MATPOWER Case Format : Version 2
function mpc = RTS_GMLC
mpc.version = '2';

%%-----  Power Flow Data  -----%%
%% system MVA base
mpc.baseMVA = 100.0;
%% bus data
%    bus_i    type    Pd    Qd    Gs    Bs    area    Vm    Va    baseKV    zone    Vmax    Vmin
mpc.bus = [
	101	2	46.21128154105263	9.413409202807017	0.0	0.0	1	1.0179555594685201	3.3559216213154057	138.0	11	1.05	0.95				
	102	2	41.50457693964912	8.557644729824561	0.0	0.0	1	1.016798606320187	3.0472203582711828	138.0	12	1.05	0.95				
	103	1	77.01880256842105	15.831642750175437	0.0	0.0	1	1.0277812535670217	3.1906072892577932	138.0	11	1.05	0.95				
	104	1	31.663285500350874	6.41823354736842	0.0	0.0	1	1.0144196463436923	-0.10682978494059134	138.0	11	1.05	0.95				
	105	1	30.379638790877188	5.990351310877193	0.0	0.0	1	1.027728468911283	-0.028265652902278976	138.0	11	1.05	0.95				
	106	1	58.19198416280702	11.980702621754386	0.0	-100.0	1	1.041314659653391	-2.384486651804482	138.0	12	1.05	0.95				
	107	2	53.4852795614035	10.697055912280701	0.0	0.0	1	0.9856666862216354	-7.88730497444908	138.0	12	1.05	0.95				
	108	1	73.16786244	14.975878277192981	0.0	0.0	1	0.9958476628704629	-6.501139327689403	138.0	12	1.05	0.95				
	109	1	74.87939138596491	15.403760513684208	0.0	0.0	1	1.0255781847933683	-0.9006308773821535	138.0	13	1.05	0.95				
	110	1	83.43703611578947	17.115289459649123	0.0	0.0	1	1.05	-2.0504507675664234	138.0	13	1.05	0.95				
	111	1	0.0	0.0	0.0	0.0	1	1.018179497650751	1.0298218289485876	230.0	13	1.05	0.95				
	112	1	0.0	0.0	0.0	0.0	1	1.013131865998123	0.3197822137838178	230.0	13	1.05	0.95				
	113	3	113.38879267017543	23.105640770526314	0.0	0.0	1	0.9939950603356156	2.9192413237382715e-31	230.0	14	1.05	0.95				
	114	2	83.00915387929824	16.687407223157894	0.0	0.0	1	1.0454719118979232	4.347188364232483	230.0	16	1.05	0.95				
	115	2	135.63866896771927	27.384463135438597	0.0	0.0	1	1.0441014970867304	13.325763668799084	230.0	16	1.05	0.95				
	116	2	42.788223649122806	8.557644729824561	0.0	0.0	1	1.0446552964095148	11.772549379704568	230.0	16	1.05	0.95				
	117	1	0.0	0.0	0.0	0.0	1	1.0424172346783993	17.34468366873936	230.0	17	1.05	0.95				
	118	2	142.48478475157893	29.09599208140351	0.0	0.0	1	1.05	17.7518563647821	230.0	17	1.05	0.95				
	119	1	77.44668480491228	15.831642750175437	0.0	0.0	1	1.0407385897154788	8.26922708983336	230.0	15	1.05	0.95				
	120	1	54.768926270877195	11.124938148771928	0.0	0.0	1	1.0427877542358295	6.032579171129266	230.0	15	1.05	0.95				
	121	2	0.0	0.0	0.0	0.0	1	1.0433012819126164	19.208484136123158	230.0	17	1.05	0.95				
	122	2	0.0	0.0	0.0	0.0	1	1.05	37.16935581920646	230.0	17	1.05	0.95				
	123	2	0.0	0.0	0.0	0.0	1	1.0447161501630258	5.123847852510718	230.0	15	1.05	0.95				
	124	1	0.0	0.0	0.0	0.0	1	1.0252969351819718	9.551653926428898	230.0	16	1.05	0.95				
	201	2	45.04958287578947	9.176766882105262	0.0	0.0	2	1.0219760210506355	-8.02953923750793	138.0	21	1.05	0.95				
	202	2	40.461199434736834	8.34251534736842	0.0	0.0	2	1.0225851368137724	-7.940589487112436	138.0	22	1.05	0.95				
	203	1	75.08263812631579	15.433653392631577	0.0	0.0	2	1.0132908829102658	-6.996441975907169	138.0	21	1.05	0.95				
	204	1	30.867306785263153	6.256886510526314	0.0	0.0	2	1.0161592330288032	-9.087348500285087	138.0	21	1.05	0.95				
	205	1	29.61592948315789	5.839760743157894	0.0	0.0	2	1.0309853152443067	-9.347792491885944	138.0	21	1.05	0.95				
	206	1	56.72910436210527	11.679521486315789	0.0	-100.0	2	1.0441050827069287	-10.493840658856143	138.0	22	1.05	0.95				
	207	2	52.14072092105262	10.428144184210526	0.0	0.0	2	0.993421303890419	-16.296832421913127	138.0	22	1.05	0.95				
	208	1	71.32850622	14.599401857894733	0.0	0.0	2	0.9994670859993825	-14.417661395831734	138.0	22	1.05	0.95				
	209	1	72.99700928947368	15.016527625263155	0.0	0.0	2	1.0224939962159831	-8.301690811763665	138.0	23	1.05	0.95				
	210	1	81.3395246368421	16.68503069473684	0.0	0.0	2	1.05	-9.339382169006415	138.0	23	1.05	0.95				
	211	1	0.0	0.0	0.0	0.0	2	1.005457663660761	-5.564408451075502	230.0	23	1.05	0.95				
	212	1	0.0	0.0	0.0	0.0	2	1.0073927935797715	-4.469493495316985	230.0	23	1.05	0.95				
	213	2	110.53832835263155	22.524791437894734	0.0	0.0	2	1.0004440530516108	-4.011820085332852	230.0	24	1.05	0.95				
	214	2	80.92239886947367	16.26790492736842	0.0	0.0	2	1.0059831990891663	-3.553330263887396	230.0	26	1.05	0.95				
	215	2	132.22886825578945	26.696049111578944	0.0	0.0	2	1.0233599369478354	1.5902229444187075	230.0	26	1.05	0.95				
	216	2	41.7125767368421	8.34251534736842	0.0	0.0	2	1.0255903990656583	1.8140362811668902	230.0	26	1.05	0.95				
	217	1	0.0	0.0	0.0	0.0	2	1.0334787783759267	3.1205067621605607	230.0	27	1.05	0.95				
	218	2	138.9028805336842	28.364552181052634	0.0	0.0	2	1.0314116755675375	2.5837455615685063	230.0	27	1.05	0.95				
	219	1	75.4997638936842	15.433653392631577	0.0	0.0	2	1.02526861967275	2.3882658890682547	230.0	25	1.05	0.95				
	220	1	53.39209822315789	10.845269951578947	0.0	0.0	2	1.027903282226751	3.701477791830078	230.0	25	1.05	0.95				
	221	2	0.0	0.0	0.0	0.0	2	1.0317726867044765	3.05626219697968	230.0	27	1.05	0.95				
	222	2	0.0	0.0	0.0	0.0	2	1.05	9.576578499227294	230.0	27	1.05	0.95				
	223	2	0.0	0.0	0.0	0.0	2	1.030297741510866	4.740227897871833	230.0	25	1.05	0.95				
	224	1	0.0	0.0	0.0	0.0	2	1.0089061375813877	-1.623831012803946	230.0	26	1.05	0.95				
	301	2	48.99462195789474	9.980385954385966	0.0	0.0	3	1.0110105403597474	-6.663931760143612	138.0	31	1.05	0.95				
	302	2	44.00442898070175	9.073078140350878	0.0	0.0	3	1.0103241073366551	-6.842100004131844	138.0	32	1.05	0.95				
	303	1	81.6577032631579	16.78519455964912	0.0	0.0	3	1.0358885660216512	1.210166441281056	138.0	31	1.05	0.95				
	304	1	33.57038911929824	6.804808605263157	0.0	0.0	3	1.0117232696415244	-5.410873484351103	138.0	31	1.05	0.95				
	305	1	32.209427398245616	6.351154698245614	0.0	0.0	3	1.0247741834570179	-6.548588981060239	138.0	31	1.05	0.95				
	306	1	61.696931354385974	12.702309396491229	0.0	-100.0	3	1.0403087355070653	-7.019103626129579	138.0	32	1.05	0.95				
	307	2	56.70673837719299	11.341347675438596	0.0	0.0	3	0.9936751984957197	-11.847674369594975	138.0	32	1.05	0.95				
	308	1	77.5748181	15.877886745614035	0.0	0.0	3	0.9990457669472402	-9.784476441782676	138.0	32	1.05	0.95				
	309	1	79.38943372807017	16.331540652631578	0.0	0.0	3	1.0272458940841476	-2.386214255872504	138.0	33	1.05	0.95				
	310	1	88.46251186842106	18.146156280701756	0.0	0.0	3	1.05	-4.9734669214363825	138.0	33	1.05	0.95				
	311	1	0.0	0.0	0.0	0.0	3	1.0096723035128619	0.6322495502261359	230.0	33	1.05	0.95				
	312	1	0.0	0.0	0.0	0.0	3	1.0109116273965442	1.0573830566843267	230.0	33	1.05	0.95				
	313	2	120.21828535964912	24.49731097894737	0.0	0.0	3	1.0097100790219282	3.837546981117627	230.0	34	1.05	0.95				
	314	2	88.0088579614035	17.692502373684214	0.0	0.0	3	1.0119564245331498	2.238660044263075	230.0	36	1.05	0.95				
	315	2	143.8082885245614	29.03385004912281	0.0	0.0	3	1.0371667100727198	6.650862068553752	230.0	36	1.05	0.95				
	316	2	45.365390701754386	9.073078140350878	0.0	0.0	3	1.0361596311677126	7.215645817790666	230.0	36	1.05	0.95				
	317	1	0.0	0.0	0.0	0.0	3	1.0453390400951217	10.624052561097272	230.0	37	1.05	0.95				
	318	2	151.0667510368421	30.848465677192987	0.0	0.0	3	1.0416359934277495	8.825106844559533	230.0	37	1.05	0.95				
	319	1	82.11135717017545	16.78519455964912	0.0	0.0	3	1.0278177718656432	6.215590240627824	230.0	35	1.05	0.95				
	320	1	58.06770009824562	11.795001582456141	0.0	0.0	3	1.023843823102335	6.220797509035157	230.0	35	1.05	0.95				
	321	2	0.0	0.0	0.0	0.0	3	1.0418121895987331	8.702773527623789	230.0	37	1.05	0.95				
	322	2	0.0	0.0	0.0	0.0	3	1.05	13.785601477403992	230.0	37	1.05	0.95				
	323	2	0.0	0.0	0.0	0.0	3	1.0223404607015953	6.576111774698252	230.0	35	1.05	0.95				
	324	1	0.0	0.0	0.0	0.0	3	1.0289681016113608	4.598830674047228	230.0	36	1.05	0.95				
	325	1	0.0	0.0	0.0	0.0	3	1.0208480947784941	7.647820385958468	230.0	35	1.05	0.95				
];
