%% MATPOWER Case Format : Version 2
function mpc = RTS_GMLC
mpc.version = '2';

%%-----  Power Flow Data  -----%%
%% system MVA base
mpc.baseMVA = 100.0;
%% bus data
%    bus_i    type    Pd    Qd    Gs    Bs    area    Vm    Va    baseKV    zone    Vmax    Vmin
mpc.bus = [
	101	2	50.51311230315789	10.289708061754386	0.0	0.0	1	1.0383403386844663	1.1615294768456013	138.0	11	1.05	0.95				
	102	2	45.3682582722807	9.354280056140352	0.0	0.0	1	1.035997837334411	0.5388350079585776	138.0	12	1.05	0.95				
	103	1	84.18852050526316	17.305418103859648	0.0	0.0	1	1.0350220306097466	1.0348012494878729	138.0	11	1.05	0.95				
	104	1	34.610836207719295	7.015710042105263	0.0	0.0	1	1.0256050817121478	-1.6927531220614096	138.0	11	1.05	0.95				
	105	1	33.207694199298246	6.547996039298246	0.0	0.0	1	1.0376359015891385	-2.208519096700878	138.0	11	1.05	0.95				
	106	1	63.60910438175439	13.095992078596492	0.0	-100.0	1	1.0450099526845056	-4.688328578379229	138.0	12	1.05	0.95				
	107	2	58.46425035087719	11.692850070175439	0.0	0.0	1	1.0000546857688162	-10.377054518258849	138.0	12	1.05	0.95				
	108	1	79.97909447999999	16.369990098245612	0.0	0.0	1	1.0027467889834645	-8.919163551192325	138.0	12	1.05	0.95				
	109	1	81.84995049122806	16.83770410105263	0.0	0.0	1	1.0253112563550322	-2.828480562755443	138.0	13	1.05	0.95				
	110	1	91.20423054736841	18.708560112280704	0.0	0.0	1	1.05	-4.171256599037814	138.0	13	1.05	0.95				
	111	1	0.0	0.0	0.0	0.0	1	1.0055020252175897	-0.9487032829032441	230.0	13	1.05	0.95				
	112	1	0.0	0.0	0.0	0.0	1	1.0089206891545413	-1.3071383970909591	230.0	13	1.05	0.95				
	113	3	123.94421074385964	25.256556151578945	0.0	0.0	1	0.9982594832662292	-3.623897928987614e-31	230.0	14	1.05	0.95				
	114	2	90.7365165445614	18.240846109473686	0.0	0.0	1	1.0045158704199155	0.8974853562651933	230.0	16	1.05	0.95				
	115	2	148.26533888982456	29.93369617964912	0.0	0.0	1	1.0398783995141976	7.535240745867178	230.0	16	1.05	0.95				
	116	2	46.771400280701755	9.354280056140352	0.0	0.0	1	1.0350503373147164	6.2518714624879195	230.0	16	1.05	0.95				
	117	1	0.0	0.0	0.0	0.0	1	1.0426076393089938	10.049038490709043	230.0	17	1.05	0.95				
	118	2	155.74876293473682	31.804552190877196	0.0	0.0	1	1.0470250125591303	11.018842650741927	230.0	17	1.05	0.95				
	119	1	84.65623450807017	17.305418103859648	0.0	0.0	1	1.0234365787765802	3.7928979136242162	230.0	15	1.05	0.95				
	120	1	59.86739235929824	12.160564072982456	0.0	0.0	1	1.016933210125956	2.0021357326358493	230.0	15	1.05	0.95				
	121	2	0.0	0.0	0.0	0.0	1	1.0495844721600482	12.475921362414939	230.0	17	1.05	0.95				
	122	2	0.0	0.0	0.0	0.0	1	1.05	18.035352742930854	230.0	17	1.05	0.95				
	123	2	0.0	0.0	0.0	0.0	1	1.0142458268673942	1.3759435505578594	230.0	15	1.05	0.95				
	124	1	0.0	0.0	0.0	0.0	1	1.0293469282690453	5.091687879512412	230.0	16	1.05	0.95				
	201	2	43.48559736000001	8.85817724	0.0	0.0	2	1.0162278375467817	-11.320987561097507	138.0	21	1.05	0.95				
	202	2	39.05650874	8.0528884	0.0	0.0	2	1.015400864987198	-11.557653785649157	138.0	22	1.05	0.95				
	203	1	72.4759956	14.89784354	0.0	0.0	2	1.0145805262336844	-8.8005844557249	138.0	21	1.05	0.95				
	204	1	29.79568708	6.0396662999999995	0.0	0.0	2	1.0134298859539042	-10.983206085727604	138.0	21	1.05	0.95				
	205	1	28.58775382	5.637021880000001	0.0	0.0	2	1.0282116649504163	-11.293687822830783	138.0	21	1.05	0.95				
	206	1	54.759641120000005	11.274043760000001	0.0	-100.0	2	1.0430341721252085	-11.784684972462372	138.0	22	1.05	0.95				
	207	2	50.3305525	10.0661105	0.0	0.0	2	0.9989110598048551	-16.631229909441956	138.0	22	1.05	0.95				
	208	1	68.85219581999999	14.092554699999999	0.0	0.0	2	1.003433824088353	-14.81541173500717	138.0	22	1.05	0.95				
	209	1	70.4627735	14.495199119999999	0.0	0.0	2	1.023436264085294	-8.846831429279199	138.0	23	1.05	0.95				
	210	1	78.5156619	16.1057768	0.0	0.0	2	1.05	-9.971192514847806	138.0	23	1.05	0.95				
	211	1	0.0	0.0	0.0	0.0	2	1.0025379370289536	-6.796878887834375	230.0	23	1.05	0.95				
	212	1	0.0	0.0	0.0	0.0	2	1.0085469211369238	-2.5569283606916526	230.0	23	1.05	0.95				
	213	2	106.7007713	21.742798680000003	0.0	0.0	2	0.9953750069403309	-5.106774828655393	230.0	24	1.05	0.95				
	214	2	78.11301748	15.703132380000001	0.0	0.0	2	0.9996105453683239	-5.515704635502022	230.0	26	1.05	0.95				
	215	2	127.63828114	25.76924288	0.0	0.0	2	1.0174280496801917	-0.34456269538885465	230.0	26	1.05	0.95				
	216	2	40.264442	8.0528884	0.0	0.0	2	1.0153963224812932	-1.2137663151028781	230.0	26	1.05	0.95				
	217	1	0.0	0.0	0.0	0.0	2	1.0216090035725474	0.299692448602252	230.0	27	1.05	0.95				
	218	2	134.08059186	27.379820560000002	0.0	0.0	2	1.0213268317009632	0.006501089183534911	230.0	27	1.05	0.95				
	219	1	72.87864002	14.89784354	0.0	0.0	2	1.0107101941012937	-2.2923982801145613	230.0	25	1.05	0.95				
	220	1	51.53848576	10.46875492	0.0	0.0	2	1.0094635717352967	-2.423293242848966	230.0	25	1.05	0.95				
	221	2	0.0	0.0	0.0	0.0	2	1.023558920324951	0.6887979268761196	230.0	27	1.05	0.95				
	222	2	0.0	0.0	0.0	0.0	2	1.0452938556973177	7.085675281277796	230.0	27	1.05	0.95				
	223	2	0.0	0.0	0.0	0.0	2	1.0092479376831849	-2.17396781367748	230.0	25	1.05	0.95				
	224	1	0.0	0.0	0.0	0.0	2	1.0058846786242288	-3.534147006460451	230.0	26	1.05	0.95				
	301	2	73.08193607999999	14.887061053333333	0.0	0.0	3	0.9797936698768849	0.5303145474524804	138.0	31	1.05	0.95				
	302	2	65.63840555333333	13.533691866666667	0.0	0.0	3	0.9824134383383383	0.4761252321616774	138.0	32	1.05	0.95				
	303	1	121.8032268	25.03732995333333	0.0	0.0	3	0.9957604878196926	3.4162554284053113	138.0	31	1.05	0.95				
	304	1	50.07465990666666	10.150268899999999	0.0	0.0	3	0.9807284975538475	3.0957338506622847	138.0	31	1.05	0.95				
	305	1	48.044606126666665	9.473584306666668	0.0	0.0	3	0.9919580545206648	3.1492248704918677	138.0	31	1.05	0.95				
	306	1	92.02910469333334	18.947168613333336	0.0	-100.0	3	1.007674645365524	3.8339195965374335	138.0	32	1.05	0.95				
	307	2	84.58557416666666	16.917114833333333	0.0	0.0	3	0.9537421878302907	-0.2781069130059938	138.0	32	1.05	0.95				
	308	1	115.71306546	23.683960766666665	0.0	0.0	3	0.9684810665200514	2.9393217104250464	138.0	32	1.05	0.95				
	309	1	118.41980383333333	24.36064536	0.0	0.0	3	1.0054185817756223	8.110988292189102	138.0	33	1.05	0.95				
	310	1	131.9534957	27.067383733333333	0.0	0.0	3	1.026940826109591	8.02621148286713	138.0	33	1.05	0.95				
	311	1	0.0	0.0	0.0	0.0	3	0.9983291442914768	15.151853264173555	230.0	33	1.05	0.95				
	312	1	0.0	0.0	0.0	0.0	3	1.0049857493033545	17.097884850004466	230.0	33	1.05	0.95				
	313	2	179.32141723333334	36.540968039999996	0.0	0.0	3	1.0344910729233787	25.76749740218895	230.0	34	1.05	0.95				
	314	2	131.27681110666666	26.390699140000002	0.0	0.0	3	1.0038777617380374	12.609027181406015	230.0	36	1.05	0.95				
	315	2	214.50901608666663	43.30781397333333	0.0	0.0	3	1.0283089047144047	5.293795579189141	230.0	36	1.05	0.95				
	316	2	67.66845933333333	13.533691866666667	0.0	0.0	3	1.0303505280993501	7.038295091502605	230.0	36	1.05	0.95				
	317	1	0.0	0.0	0.0	0.0	3	1.0312518129518378	5.395722373590015	230.0	37	1.05	0.95				
	318	2	225.33596957999998	46.01455234666667	0.0	0.0	3	1.028177213839961	3.967224523700122	230.0	37	1.05	0.95				
	319	1	122.47991139333334	25.03732995333333	0.0	0.0	3	1.0291107775544732	10.955549445979452	230.0	35	1.05	0.95				
	320	1	86.61562794666666	17.593799426666667	0.0	0.0	3	1.0331146998401541	13.984857079186819	230.0	35	1.05	0.95				
	321	2	0.0	0.0	0.0	0.0	3	1.0303557818105205	4.991547813988091	230.0	37	1.05	0.95				
	322	2	0.0	0.0	0.0	0.0	3	1.044244179689398	9.50432640660798	230.0	37	1.05	0.95				
	323	2	0.0	0.0	0.0	0.0	3	1.0359728595125934	15.186843627192216	230.0	35	1.05	0.95				
	324	1	0.0	0.0	0.0	0.0	3	1.013719855609834	6.796130891898538	230.0	36	1.05	0.95				
	325	1	0.0	0.0	0.0	0.0	3	1.0383634956607912	14.963041618881347	230.0	35	1.05	0.95				
];
