%% MATPOWER Case Format : Version 2
function mpc = RTS_GMLC
mpc.version = '2';

%%-----  Power Flow Data  -----%%
%% system MVA base
mpc.baseMVA = 100.0;
%% bus data
%    bus_i    type    Pd    Qd    Gs    Bs    area    Vm    Va    baseKV    zone    Vmax    Vmin
mpc.bus = [
	101	2	46.50519543157895	9.473280550877194	0.0	0.0	1	1.015545470193006	0.14920692213081763	138.0	11	1.05	0.95				
	102	2	41.768555156140344	8.612073228070177	0.0	0.0	1	1.013418195623679	-0.4247254222059612	138.0	12	1.05	0.95				
	103	1	77.50865905263157	15.932335471929823	0.0	0.0	1	1.0301597734504693	2.4243665924636986	138.0	11	1.05	0.95				
	104	1	31.864670943859647	6.459054921052632	0.0	0.0	1	1.0151034988052534	-2.1339785825053035	138.0	11	1.05	0.95				
	105	1	30.57285995964912	6.028451259649123	0.0	0.0	1	1.0268903776069727	-2.6590518905134437	138.0	11	1.05	0.95				
	106	1	58.56209795087719	12.056902519298246	0.0	-100.0	1	1.0409131522472628	-4.769034482346853	138.0	12	1.05	0.95				
	107	2	53.82545767543859	10.765091535087718	0.0	0.0	1	0.9968295083097717	-12.448888865483978	138.0	12	1.05	0.95				
	108	1	73.63322609999999	15.071128149122806	0.0	0.0	1	1.0005740375470498	-9.872920035656987	138.0	12	1.05	0.95				
	109	1	75.35564074561402	15.501731810526314	0.0	0.0	1	1.0254218118974847	-2.4455219244502673	138.0	13	1.05	0.95				
	110	1	83.96771397368421	17.224146456140353	0.0	0.0	1	1.05	-4.087215293126838	138.0	13	1.05	0.95				
	111	1	0.0	0.0	0.0	0.0	1	1.0112617131905486	0.013886931360526386	230.0	13	1.05	0.95				
	112	1	0.0	0.0	0.0	0.0	1	1.0149284027464969	-1.0199872259137905	230.0	13	1.05	0.95				
	113	3	114.10997027192981	23.252597715789474	0.0	0.0	1	1.0052894069255136	-2.6673073060439256e-29	230.0	14	1.05	0.95				
	114	2	83.53711031228069	16.793542794736844	0.0	0.0	1	1.017799644926248	3.35912600799217	230.0	16	1.05	0.95				
	115	2	136.50136066491228	27.55863432982456	0.0	0.0	1	1.043180896613551	12.601242638710335	230.0	16	1.05	0.95				
	116	2	43.06036614035087	8.612073228070177	0.0	0.0	1	1.0392118688032248	10.620902088921282	230.0	16	1.05	0.95				
	117	1	0.0	0.0	0.0	0.0	1	1.0437598547500835	15.91717844741673	230.0	17	1.05	0.95				
	118	2	143.3910192473684	29.281048975438594	0.0	0.0	1	1.05	17.158515065104663	230.0	17	1.05	0.95				
	119	1	77.93926271403508	15.932335471929823	0.0	0.0	1	1.0318981877205669	6.597569668350236	230.0	15	1.05	0.95				
	120	1	55.11726865964912	11.195695196491227	0.0	0.0	1	1.0315278776433394	3.5587989161000118	230.0	15	1.05	0.95				
	121	2	0.0	0.0	0.0	0.0	1	1.05	19.071169539956884	230.0	17	1.05	0.95				
	122	2	0.0	0.0	0.0	0.0	1	1.05	27.95481050279908	230.0	17	1.05	0.95				
	123	2	0.0	0.0	0.0	0.0	1	1.0326021742473825	2.214740738245383	230.0	15	1.05	0.95				
	124	1	0.0	0.0	0.0	0.0	1	1.02557029025719	8.799058525979714	230.0	16	1.05	0.95				
	201	2	46.93656539368421	9.561152209824561	0.0	0.0	2	1.0082760615999913	-19.46783330661298	138.0	21	1.05	0.95				
	202	2	42.15598928877193	8.691956554385966	0.0	0.0	2	1.0072727374851516	-19.78704382176371	138.0	22	1.05	0.95				
	203	1	78.22760898947368	16.080119625614035	0.0	0.0	2	1.0158501186959237	-14.280829552660654	138.0	21	1.05	0.95				
	204	1	32.16023925122807	6.518967415789473	0.0	0.0	2	1.009142157360199	-19.353135105543167	138.0	21	1.05	0.95				
	205	1	30.856445768070174	6.084369588070175	0.0	0.0	2	1.0237578851529339	-19.913688768271065	138.0	21	1.05	0.95				
	206	1	59.10530456982457	12.16873917614035	0.0	-100.0	2	1.0400935348981861	-20.701664628511313	138.0	22	1.05	0.95				
	207	2	54.324728464912276	10.864945692982456	0.0	0.0	2	0.9890232648674845	-25.863729435326594	138.0	22	1.05	0.95				
	208	1	74.31622854	15.210923970175436	0.0	0.0	2	0.9963869649407693	-23.90638493445118	138.0	22	1.05	0.95				
	209	1	76.05461985087719	15.645521797894734	0.0	0.0	2	1.0234887167983222	-17.197880302610653	138.0	23	1.05	0.95				
	210	1	84.74657640526316	17.38391310877193	0.0	0.0	2	1.05	-18.95632349591029	138.0	23	1.05	0.95				
	211	1	0.0	0.0	0.0	0.0	2	1.010477499549784	-14.026906198614203	230.0	23	1.05	0.95				
	212	1	0.0	0.0	0.0	0.0	2	1.0133601626368982	-13.338875017240792	230.0	23	1.05	0.95				
	213	2	115.16842434561403	23.468282696842106	0.0	0.0	2	1.0077530915871054	-12.62688405028925	230.0	24	1.05	0.95				
	214	2	84.31197857754385	16.94931528105263	0.0	0.0	2	1.0164620684847363	-11.142912785437542	230.0	26	1.05	0.95				
	215	2	137.76751138701752	27.814260974035086	0.0	0.0	2	1.035786825544759	-3.318927040964836	230.0	26	1.05	0.95				
	216	2	43.459782771929824	8.691956554385966	0.0	0.0	2	1.0377710216221456	-4.491140860316549	230.0	26	1.05	0.95				
	217	1	0.0	0.0	0.0	0.0	2	1.0391509332606448	-2.2090199305645224	230.0	27	1.05	0.95				
	218	2	144.7210766305263	29.552652284912284	0.0	0.0	2	1.038655847961804	-2.670613655629223	230.0	27	1.05	0.95				
	219	1	78.66220681719298	16.080119625614035	0.0	0.0	2	1.0408447400052179	-4.95992386185506	230.0	25	1.05	0.95				
	220	1	55.62852194807017	11.299543520701755	0.0	0.0	2	1.0463546306855842	-4.541304305237924	230.0	25	1.05	0.95				
	221	2	0.0	0.0	0.0	0.0	2	1.0397299103972586	-2.094387451551667	230.0	27	1.05	0.95				
	222	2	0.0	0.0	0.0	0.0	2	1.05	4.362826158500244	230.0	27	1.05	0.95				
	223	2	0.0	0.0	0.0	0.0	2	1.05	-3.993282830715866	230.0	25	1.05	0.95				
	224	1	0.0	0.0	0.0	0.0	2	1.0147141512809994	-7.387764468097653	230.0	26	1.05	0.95				
	301	2	59.85953810526317	12.193609614035088	0.0	0.0	3	1.0424226162130117	24.65641623630372	138.0	31	1.05	0.95				
	302	2	53.762733298245614	11.085099649122808	0.0	0.0	3	1.037644476773418	24.31723377936417	138.0	32	1.05	0.95				
	303	1	99.76589684210526	20.507434350877194	0.0	0.0	3	1.05	40.94922747824645	138.0	31	1.05	0.95				
	304	1	41.01486870175439	8.313824736842106	0.0	0.0	3	1.0167272117321413	26.011804893253732	138.0	31	1.05	0.95				
	305	1	39.352103754385965	7.759569754385966	0.0	0.0	3	1.038991542251616	23.690548573991	138.0	31	1.05	0.95				
	306	1	75.3786776140351	15.519139508771932	0.0	-100.0	3	1.0430664745273048	22.51479732006665	138.0	32	1.05	0.95				
	307	2	69.28187280701754	13.85637456140351	0.0	0.0	3	0.95	18.328286210761462	138.0	32	1.05	0.95				
	308	1	94.77760199999999	19.39892438596491	0.0	0.0	3	0.970296130480408	20.83676383678822	138.0	32	1.05	0.95				
	309	1	96.99462192982456	19.95317936842105	0.0	0.0	3	1.0182064613547352	29.7125032993049	138.0	33	1.05	0.95				
	310	1	108.07972157894736	22.170199298245617	0.0	0.0	3	1.0487753190240658	24.454255430098403	138.0	33	1.05	0.95				
	311	1	0.0	0.0	0.0	0.0	3	1.0053886759529786	29.254345209860542	230.0	33	1.05	0.95				
	312	1	0.0	0.0	0.0	0.0	3	1.0116900327435445	29.249183516644674	230.0	33	1.05	0.95				
	313	2	146.8775703508772	29.929769052631585	0.0	0.0	3	1.0093727857596846	32.2090709862484	230.0	34	1.05	0.95				
	314	2	107.52546659649123	21.615944315789477	0.0	0.0	3	0.9994239078402912	28.949732239487126	230.0	36	1.05	0.95				
	315	2	175.6988294385965	35.47231887719298	0.0	0.0	3	1.0430844307139469	26.436764010198626	230.0	36	1.05	0.95				
	316	2	55.42549824561404	11.085099649122808	0.0	0.0	3	1.026887143912772	26.660860362283085	230.0	36	1.05	0.95				
	317	1	0.0	0.0	0.0	0.0	3	1.0441816793301824	27.27510499983161	230.0	37	1.05	0.95				
	318	2	184.56690915789474	37.68933880701755	0.0	0.0	3	1.0439734222711161	23.80882652461668	230.0	37	1.05	0.95				
	319	1	100.32015182456139	20.507434350877194	0.0	0.0	3	1.0224978702568537	27.359371953455458	230.0	35	1.05	0.95				
	320	1	70.94463775438597	14.410629543859649	0.0	0.0	3	1.0194265299443774	27.471225005493007	230.0	35	1.05	0.95				
	321	2	0.0	0.0	0.0	0.0	3	1.05	25.310584096712653	230.0	37	1.05	0.95				
	322	2	0.0	0.0	0.0	0.0	3	1.05	30.42007188943403	230.0	37	1.05	0.95				
	323	2	0.0	0.0	0.0	0.0	3	1.0175387894712842	27.401786497263213	230.0	35	1.05	0.95				
	324	1	0.0	0.0	0.0	0.0	3	1.0425854194846613	33.37686776835391	230.0	36	1.05	0.95				
	325	1	0.0	0.0	0.0	0.0	3	1.0217072758915784	26.696882615347814	230.0	35	1.05	0.95				
];
