%% MATPOWER Case Format : Version 2
function mpc = RTS_GMLC
mpc.version = '2';

%%-----  Power Flow Data  -----%%
%% system MVA base
mpc.baseMVA = 100.0;
%% bus data
%    bus_i    type    Pd    Qd    Gs    Bs    area    Vm    Va    baseKV    zone    Vmax    Vmin
mpc.bus = [
	101	2	38.97031172210526	7.938396832280701	0.0	0.0	1	0.9853314376145111	-5.679126350043161	138.0	11	1.05	0.95				
	102	2	35.00111330596491	7.216724392982456	0.0	0.0	1	0.9853082037288693	-5.865588793132904	138.0	12	1.05	0.95				
	103	1	64.9505195368421	13.350940127017541	0.0	0.0	1	1.016550065515576	1.4403130991551607	138.0	11	1.05	0.95				
	104	1	26.701880254035082	5.4125432947368415	0.0	0.0	1	1.0011776686833902	-5.090452838929373	138.0	11	1.05	0.95				
	105	1	25.619371595087713	5.0517070750877195	0.0	0.0	1	1.0130444647587717	-5.937218580616746	138.0	11	1.05	0.95				
	106	1	49.0737258722807	10.103414150175439	0.0	-100.0	1	1.0368386192349492	-6.540023783882753	138.0	12	1.05	0.95				
	107	2	45.104527456140346	9.020905491228069	0.0	0.0	1	0.9885859509015501	-10.854061185844868	138.0	12	1.05	0.95				
	108	1	61.702993559999996	12.629267687719295	0.0	0.0	1	0.9990439410705713	-9.054244315741085	138.0	12	1.05	0.95				
	109	1	63.14633843859648	12.99010390736842	0.0	0.0	1	1.0245457634597999	-2.9630245274679226	138.0	13	1.05	0.95				
	110	1	70.36306283157894	14.433448785964911	0.0	0.0	1	1.05	-5.010127773068836	138.0	13	1.05	0.95				
	111	1	0.0	0.0	0.0	0.0	1	1.0198323192827146	0.31135234172943316	230.0	13	1.05	0.95				
	112	1	0.0	0.0	0.0	0.0	1	1.0145650261243768	-1.1108371513092519	230.0	13	1.05	0.95				
	113	3	95.62159820701753	19.48515586105263	0.0	0.0	1	1.0021005237791456	-7.887440485203643e-29	230.0	14	1.05	0.95				
	114	2	70.00222661192981	14.07261256631579	0.0	0.0	1	1.0499999714899806	4.740916571363328	230.0	16	1.05	0.95				
	115	2	114.38508162877193	23.093518057543857	0.0	0.0	1	1.0355216155298608	15.636033050435769	230.0	16	1.05	0.95				
	116	2	36.083621964912275	7.216724392982456	0.0	0.0	1	1.0370823406872718	13.455243576274897	230.0	16	1.05	0.95				
	117	1	0.0	0.0	0.0	0.0	1	1.0354770112985572	20.183427634762012	230.0	17	1.05	0.95				
	118	2	120.1584611431579	24.53686293614035	0.0	0.0	1	1.0447673757552336	21.079339649035187	230.0	17	1.05	0.95				
	119	1	65.31135575649122	13.350940127017541	0.0	0.0	1	1.0342232138808853	8.556052473107796	230.0	15	1.05	0.95				
	120	1	46.187036115087714	9.381741710877192	0.0	0.0	1	1.0393752138437973	5.005151629433782	230.0	15	1.05	0.95				
	121	2	0.0	0.0	0.0	0.0	1	1.0387316788814218	22.84880763668095	230.0	17	1.05	0.95				
	122	2	0.0	0.0	0.0	0.0	1	1.05	40.84650352456149	230.0	17	1.05	0.95				
	123	2	0.0	0.0	0.0	0.0	1	1.0435387537082217	3.3374679659092013	230.0	15	1.05	0.95				
	124	1	0.0	0.0	0.0	0.0	1	1.0103580437908732	10.356053761483391	230.0	16	1.05	0.95				
	201	2	38.28364552421053	7.798520384561404	0.0	0.0	2	1.007269051327829	-15.698797042106811	138.0	21	1.05	0.95				
	202	2	34.38438533192983	7.089563985964912	0.0	0.0	2	1.0061432414926508	-15.986872031206298	138.0	22	1.05	0.95				
	203	1	63.80607587368422	13.11569337403509	0.0	0.0	2	1.0136631908527292	-11.854473317289013	138.0	21	1.05	0.95				
	204	1	26.23138674807018	5.3171729894736846	0.0	0.0	2	1.0099765451132605	-15.837816862129209	138.0	21	1.05	0.95				
	205	1	25.167952150175438	4.96269479017544	0.0	0.0	2	1.0243883593521141	-16.25305121318497	138.0	21	1.05	0.95				
	206	1	48.20903510456141	9.92538958035088	0.0	-100.0	2	1.0420958897944852	-17.03043729612123	138.0	22	1.05	0.95				
	207	2	44.30977491228071	8.86195498245614	0.0	0.0	2	0.9904080143163724	-21.145072943358983	138.0	22	1.05	0.95				
	208	1	60.615772080000006	12.406736975438596	0.0	0.0	2	1.0002695901527163	-19.61694045116163	138.0	22	1.05	0.95				
	209	1	62.03368487719298	12.761215174736842	0.0	0.0	2	1.0227487478361887	-14.236570577364851	138.0	23	1.05	0.95				
	210	1	69.1232488631579	14.179127971929825	0.0	0.0	2	1.05	-15.656957060261648	138.0	23	1.05	0.95				
	211	1	0.0	0.0	0.0	0.0	2	1.004643176344358	-11.647385118107122	230.0	23	1.05	0.95				
	212	1	0.0	0.0	0.0	0.0	2	1.012258088559286	-11.195243792590176	230.0	23	1.05	0.95				
	213	2	93.9367228140351	19.141822762105264	0.0	0.0	2	1.001944275761018	-10.633294082271021	230.0	24	1.05	0.95				
	214	2	68.76877066385966	13.824649772631581	0.0	0.0	2	1.0025042176078633	-9.108659245040277	230.0	26	1.05	0.95				
	215	2	112.36958917754387	22.68660475508772	0.0	0.0	2	1.0260093646544926	-2.6213770670645653	230.0	26	1.05	0.95				
	216	2	35.44781992982456	7.089563985964912	0.0	0.0	2	1.0282325244515265	-3.477580022758321	230.0	26	1.05	0.95				
	217	1	0.0	0.0	0.0	0.0	2	1.0344681127365098	-1.0943808238267927	230.0	27	1.05	0.95				
	218	2	118.0412403663158	24.104517552280704	0.0	0.0	2	1.033067575088812	-1.5187988765849811	230.0	27	1.05	0.95				
	219	1	64.16055407298246	13.11569337403509	0.0	0.0	2	1.0337493999416956	-4.147047868802412	230.0	25	1.05	0.95				
	220	1	45.37320951017544	9.216433181754386	0.0	0.0	2	1.040528589191055	-4.039118200041781	230.0	25	1.05	0.95				
	221	2	0.0	0.0	0.0	0.0	2	1.0335002970211629	-1.0886650613422968	230.0	27	1.05	0.95				
	222	2	0.0	0.0	0.0	0.0	2	1.05	5.40560139199014	230.0	27	1.05	0.95				
	223	2	0.0	0.0	0.0	0.0	2	1.0444438916575425	-3.7156801235406816	230.0	25	1.05	0.95				
	224	1	0.0	0.0	0.0	0.0	2	1.0099589820054975	-6.070683308877297	230.0	26	1.05	0.95				
	301	2	40.43593800000001	8.236950333333334	0.0	0.0	3	1.0290325273782963	17.485438753012758	138.0	31	1.05	0.95				
	302	2	36.31746283333334	7.4881366666666676	0.0	0.0	3	1.0270272348045213	17.14809949579553	138.0	32	1.05	0.95				
	303	1	67.39323	13.853052833333335	0.0	0.0	3	1.0488997032374288	32.2310402894059	138.0	31	1.05	0.95				
	304	1	27.70610566666667	5.6161025	0.0	0.0	3	1.0171209361445774	18.386574928057765	138.0	31	1.05	0.95				
	305	1	26.582885166666664	5.241695666666668	0.0	0.0	3	1.035060736494667	15.737467511787186	138.0	31	1.05	0.95				
	306	1	50.91932933333334	10.483391333333335	0.0	-100.0	3	1.046305518562968	14.286671117887042	138.0	32	1.05	0.95				
	307	2	46.800854166666674	9.360170833333333	0.0	0.0	3	0.95	11.72764339759764	138.0	32	1.05	0.95				
	308	1	64.02356850000001	13.104239166666668	0.0	0.0	3	0.9750018828534606	13.235086242491839	138.0	32	1.05	0.95				
	309	1	65.52119583333334	13.478646	0.0	0.0	3	1.020051337280113	20.9636577819807	138.0	33	1.05	0.95				
	310	1	73.0093325	14.976273333333335	0.0	0.0	3	1.05	15.162461610485297	138.0	33	1.05	0.95				
	311	1	0.0	0.0	0.0	0.0	3	1.0078372591175098	17.79513143825559	230.0	33	1.05	0.95				
	312	1	0.0	0.0	0.0	0.0	3	1.0138352334813927	18.337956549661	230.0	33	1.05	0.95				
	313	2	99.21781083333333	20.217969000000004	0.0	0.0	3	1.0087011620114466	18.782316078799315	230.0	34	1.05	0.95				
	314	2	72.63492566666667	14.601866500000002	0.0	0.0	3	0.999862690921764	16.761702105403838	230.0	36	1.05	0.95				
	315	2	118.68696616666668	23.962037333333335	0.0	0.0	3	1.044802771523745	17.981117463634735	230.0	36	1.05	0.95				
	316	2	37.44068333333333	7.4881366666666676	0.0	0.0	3	1.0266356281782958	17.55712603363735	230.0	36	1.05	0.95				
	317	1	0.0	0.0	0.0	0.0	3	1.0474159026957892	19.301989633414372	230.0	37	1.05	0.95				
	318	2	124.67747550000001	25.45966466666667	0.0	0.0	3	1.05	16.71039114451123	230.0	37	1.05	0.95				
	319	1	67.76763683333334	13.853052833333335	0.0	0.0	3	1.0209038528645427	17.256348182196124	230.0	35	1.05	0.95				
	320	1	47.92407466666667	9.734577666666668	0.0	0.0	3	1.0181744407122417	17.734755363623744	230.0	35	1.05	0.95				
	321	2	0.0	0.0	0.0	0.0	3	1.05	17.749507508502273	230.0	37	1.05	0.95				
	322	2	0.0	0.0	0.0	0.0	3	1.05	22.702874029974552	230.0	37	1.05	0.95				
	323	2	0.0	0.0	0.0	0.0	3	1.017104749227935	18.294853762545856	230.0	35	1.05	0.95				
	324	1	0.0	0.0	0.0	0.0	3	1.0413739534376314	23.426929748208085	230.0	36	1.05	0.95				
	325	1	0.0	0.0	0.0	0.0	3	1.018737440904401	18.693333679141084	230.0	35	1.05	0.95				
];
