%% MATPOWER Case Format : Version 2
function mpc = RTS_GMLC
mpc.version = '2';

%%-----  Power Flow Data  -----%%
%% system MVA base
mpc.baseMVA = 100.0;
%% bus data
%    bus_i    type    Pd    Qd    Gs    Bs    area    Vm    Va    baseKV    zone    Vmax    Vmin
mpc.bus = [
	101	2	64.18010887578947	13.073725882105263	0.0	0.0	1	1.0325769613966929	1.155747827740418	138.0	11	1.05	0.95				
	102	2	57.64324593473684	11.885205347368421	0.0	0.0	1	1.032648848355071	1.1359463095712976	138.0	12	1.05	0.95				
	103	1	106.96684812631581	21.98762989263158	0.0	0.0	1	1.0236709198855451	-1.2244455057799648	138.0	11	1.05	0.95				
	104	1	43.97525978526316	8.913904010526316	0.0	0.0	1	1.0187575588436824	-2.155380211196493	138.0	11	1.05	0.95				
	105	1	42.19247898315789	8.319643743157897	0.0	0.0	1	1.033234075248059	-1.9872024542286675	138.0	11	1.05	0.95				
	106	1	80.81939636210528	16.639287486315794	0.0	-100.0	1	1.0405761489894867	-4.2900286922639115	138.0	12	1.05	0.95				
	107	2	74.28253342105263	14.856506684210528	0.0	0.0	1	1.0474282354393591	0.18896140336650247	138.0	12	1.05	0.95				
	108	1	101.61850572	20.79910935789474	0.0	0.0	1	1.0283179833956109	-2.936847450023343	138.0	12	1.05	0.95				
	109	1	103.99554678947369	21.39336962526316	0.0	0.0	1	1.0262707642226783	-2.443864827405952	138.0	13	1.05	0.95				
	110	1	115.8807521368421	23.770410694736842	0.0	0.0	1	1.05	-3.297562578234387	138.0	13	1.05	0.95				
	111	1	0.0	0.0	0.0	0.0	1	1.0073293120374813	-0.783268372902912	230.0	13	1.05	0.95				
	112	1	0.0	0.0	0.0	0.0	1	1.0125971991144929	0.1142148395377559	230.0	13	1.05	0.95				
	113	3	157.4789708526316	32.090054437894736	0.0	0.0	1	1.0033227834172165	-4.259278644094082e-30	230.0	14	1.05	0.95				
	114	2	115.28649186947368	23.176150427368423	0.0	0.0	1	1.0034782371501403	0.7252829836574071	230.0	16	1.05	0.95				
	115	2	188.38050475578947	38.03265711157895	0.0	0.0	1	1.0407093230311701	6.439858144739186	230.0	16	1.05	0.95				
	116	2	59.42602673684211	11.885205347368421	0.0	0.0	1	1.0373425300390582	6.3816722323910495	230.0	16	1.05	0.95				
	117	1	0.0	0.0	0.0	0.0	1	1.0449517865366251	8.46815202043676	230.0	17	1.05	0.95				
	118	2	197.88866903368424	40.40969818105264	0.0	0.0	1	1.0478735677314737	8.706407852093587	230.0	17	1.05	0.95				
	119	1	107.56110839368422	21.98762989263158	0.0	0.0	1	1.0318788579163227	5.822263005315665	230.0	15	1.05	0.95				
	120	1	76.0653142231579	15.450766951578949	0.0	0.0	1	1.03193734178163	6.475571097099223	230.0	15	1.05	0.95				
	121	2	0.0	0.0	0.0	0.0	1	1.05	8.701018642038793	230.0	17	1.05	0.95				
	122	2	0.0	0.0	0.0	0.0	1	1.05	15.120560280324323	230.0	17	1.05	0.95				
	123	2	0.0	0.0	0.0	0.0	1	1.0334698411640602	7.282956196715009	230.0	15	1.05	0.95				
	124	1	0.0	0.0	0.0	0.0	1	1.0244403812201872	3.59510947086866	230.0	16	1.05	0.95				
	201	2	63.528411789473694	12.940972771929825	0.0	0.0	2	1.0314144595917898	-7.343823912328061	138.0	21	1.05	0.95				
	202	2	57.05792540350877	11.764520701754387	0.0	0.0	2	1.031448328627836	-7.4364546133044005	138.0	22	1.05	0.95				
	203	1	105.88068631578949	21.764363298245616	0.0	0.0	2	1.0287157386470611	-4.846328455272852	138.0	21	1.05	0.95				
	204	1	43.52872659649123	8.82339052631579	0.0	0.0	2	1.0179249317987427	-9.727169549901246	138.0	21	1.05	0.95				
	205	1	41.76404849122807	8.23516449122807	0.0	0.0	2	1.03298707430046	-10.058669304130577	138.0	21	1.05	0.95				
	206	1	79.99874077192983	16.47032898245614	0.0	-100.0	2	1.0407673473375703	-12.140648608450583	138.0	22	1.05	0.95				
	207	2	73.52825438596491	14.705650877192983	0.0	0.0	2	0.9854903638591809	-20.983786110088715	138.0	22	1.05	0.95				
	208	1	100.58665200000002	20.587911228070173	0.0	0.0	2	0.9877342218815137	-18.177080539524987	138.0	22	1.05	0.95				
	209	1	102.93955614035089	21.176137263157894	0.0	0.0	2	1.0248536359709834	-9.21151496861337	138.0	23	1.05	0.95				
	210	1	114.70407684210527	23.529041403508774	0.0	0.0	2	1.05	-10.948802636915731	138.0	23	1.05	0.95				
	211	1	0.0	0.0	0.0	0.0	2	1.0145540464216258	-5.941146609383075	230.0	23	1.05	0.95				
	212	1	0.0	0.0	0.0	0.0	2	1.016689999330652	-5.536700940065713	230.0	23	1.05	0.95				
	213	2	155.87989929824562	31.764205894736847	0.0	0.0	2	1.013668607312656	-4.528698847441887	230.0	24	1.05	0.95				
	214	2	114.11585080701754	22.940815368421056	0.0	0.0	2	1.0226477562557472	-3.0216485839046117	230.0	26	1.05	0.95				
	215	2	186.467653122807	37.646466245614036	0.0	0.0	2	1.0422679049717303	5.038312674148442	230.0	26	1.05	0.95				
	216	2	58.822603508771934	11.764520701754387	0.0	0.0	2	1.0445349277083356	4.619706710082748	230.0	26	1.05	0.95				
	217	1	0.0	0.0	0.0	0.0	2	1.0467327292709896	8.098966149094025	230.0	27	1.05	0.95				
	218	2	195.87926968421056	39.999370385964916	0.0	0.0	2	1.0497912354397532	9.161653816816658	230.0	27	1.05	0.95				
	219	1	106.4689123508772	21.764363298245616	0.0	0.0	2	1.043021404024023	2.9089478442373573	230.0	25	1.05	0.95				
	220	1	75.29293249122807	15.293876912280702	0.0	0.0	2	1.0467613825822433	2.5297371122917496	230.0	25	1.05	0.95				
	221	2	0.0	0.0	0.0	0.0	2	1.05	9.493252132061778	230.0	27	1.05	0.95				
	222	2	0.0	0.0	0.0	0.0	2	1.05	15.457748846870487	230.0	27	1.05	0.95				
	223	2	0.0	0.0	0.0	0.0	2	1.0499999979735277	2.7518498922951498	230.0	25	1.05	0.95				
	224	1	0.0	0.0	0.0	0.0	2	1.0248220949982474	1.3479011234160871	230.0	26	1.05	0.95				
	301	2	62.11452073263158	12.652957927017544	0.0	0.0	3	1.0058654042742021	-33.52175291822074	138.0	31	1.05	0.95				
	302	2	55.788041769122806	11.502689024561404	0.0	0.0	3	1.0052565943074652	-33.655678415507886	138.0	32	1.05	0.95				
	303	1	103.52420122105264	21.279974695438597	0.0	0.0	3	1.0200328101366258	-26.52433194516431	138.0	31	1.05	0.95				
	304	1	42.55994939087719	8.627016768421052	0.0	0.0	3	1.0063093837350932	-31.649201019880007	138.0	31	1.05	0.95				
	305	1	40.83454603719298	8.051882317192984	0.0	0.0	3	1.0199345862830536	-32.5631989761217	138.0	31	1.05	0.95				
	306	1	78.21828536701754	16.103764634385968	0.0	-100.0	3	1.0353418667554204	-32.6709121165134	138.0	32	1.05	0.95				
	307	2	71.89180640350877	14.378361280701753	0.0	0.0	3	1.0050680386944555	-33.65085983803605	138.0	32	1.05	0.95				
	308	1	98.34799115999999	20.129705792982456	0.0	0.0	3	1.0036953310179322	-33.375701609406065	138.0	32	1.05	0.95				
	309	1	100.64852896491227	20.704840244210526	0.0	0.0	3	1.0272404262188433	-27.667271757602723	138.0	33	1.05	0.95				
	310	1	112.15121798947368	23.005378049122807	0.0	0.0	3	1.05	-29.759253231880848	138.0	33	1.05	0.95				
	311	1	0.0	0.0	0.0	0.0	3	1.0168067646631798	-22.82808672116893	230.0	33	1.05	0.95				
	312	1	0.0	0.0	0.0	0.0	3	1.0171769049348862	-22.199513844978682	230.0	33	1.05	0.95				
	313	2	152.41062957543858	31.05726036631579	0.0	0.0	3	1.023386798154478	-19.18075604303462	230.0	34	1.05	0.95				
	314	2	111.57608353824561	22.430243597894737	0.0	0.0	3	1.0267137996114155	-20.16863482370172	230.0	36	1.05	0.95				
	315	2	182.31762103929822	36.80860487859649	0.0	0.0	3	1.048212039559934	-13.36250145926157	230.0	36	1.05	0.95				
	316	2	57.51344512280701	11.502689024561404	0.0	0.0	3	1.0482383483265523	-12.984171590540907	230.0	36	1.05	0.95				
	317	1	0.0	0.0	0.0	0.0	3	1.0494782890333616	-10.24751025318799	230.0	37	1.05	0.95				
	318	2	191.51977225894737	39.10914268350877	0.0	0.0	3	1.0499999497903145	-9.610135144319209	230.0	37	1.05	0.95				
	319	1	104.09933567228072	21.279974695438597	0.0	0.0	3	1.0454566566674015	-14.0979790903316	230.0	35	1.05	0.95				
	320	1	73.61720975719298	14.953495731929825	0.0	0.0	3	1.047620657009313	-13.99030567661884	230.0	35	1.05	0.95				
	321	2	0.0	0.0	0.0	0.0	3	1.05	-9.216291186560586	230.0	37	1.05	0.95				
	322	2	0.0	0.0	0.0	0.0	3	1.05	-3.844912855339973	230.0	37	1.05	0.95				
	323	2	0.0	0.0	0.0	0.0	3	1.05	-13.51080754160945	230.0	35	1.05	0.95				
	324	1	0.0	0.0	0.0	0.0	3	1.0209315042800409	-18.21658973111377	230.0	36	1.05	0.95				
	325	1	0.0	0.0	0.0	0.0	3	1.0410812837403831	-11.718899005527378	230.0	35	1.05	0.95				
];
