%% MATPOWER Case Format : Version 2
function mpc = RTS_GMLC
mpc.version = '2';

%%-----  Power Flow Data  -----%%
%% system MVA base
mpc.baseMVA = 100.0;
%% bus data
%    bus_i    type    Pd    Qd    Gs    Bs    area    Vm    Va    baseKV    zone    Vmax    Vmin
mpc.bus = [
	101	2	41.48193963789474	8.450024741052632	0.0	0.0	1	1.0344817035515554	1.3310801771741791	138.0	11	1.05	0.95				
	102	2	37.25692726736842	7.681840673684211	0.0	0.0	1	1.0325573807393922	0.8285240100226464	138.0	12	1.05	0.95				
	103	1	69.1365660631579	14.211405246315788	0.0	0.0	1	1.0322882381664025	0.9011831809668431	138.0	11	1.05	0.95				
	104	1	28.422810492631577	5.7613805052631575	0.0	0.0	1	1.0251597213592318	-1.112657357639844	138.0	11	1.05	0.95				
	105	1	27.270534391578945	5.3772884715789475	0.0	0.0	1	1.0370739722655509	-1.603974994409203	138.0	11	1.05	0.95				
	106	1	52.23651658105264	10.754576943157895	0.0	-100.0	1	1.0467625879584224	-3.74874194013988	138.0	12	1.05	0.95				
	107	2	48.01150421052631	9.602300842105263	0.0	0.0	1	1.0017343096461444	-8.649297016347576	138.0	12	1.05	0.95				
	108	1	65.67973776	13.443221178947368	0.0	0.0	1	1.0065684141700433	-7.372074864535933	138.0	12	1.05	0.95				
	109	1	67.21610589473684	13.827313212631578	0.0	0.0	1	1.0246345986571646	-2.256368707473164	138.0	13	1.05	0.95				
	110	1	74.89794656842105	15.363681347368422	0.0	0.0	1	1.05	-3.3708457319248875	138.0	13	1.05	0.95				
	111	1	0.0	0.0	0.0	0.0	1	1.0015948188892172	-0.7466835244940982	230.0	13	1.05	0.95				
	112	1	0.0	0.0	0.0	0.0	1	1.005902010005868	-1.0560220459312193	230.0	13	1.05	0.95				
	113	3	101.78438892631578	20.74096981894737	0.0	0.0	1	0.9924841323998005	4.976819203741805e-30	230.0	14	1.05	0.95				
	114	2	74.51385453473684	14.97958931368421	0.0	0.0	1	0.9972655146515121	0.8192000707921343	230.0	16	1.05	0.95				
	115	2	121.75717467789472	24.581890155789473	0.0	0.0	1	1.0317068902419413	6.289931706584433	230.0	16	1.05	0.95				
	116	2	38.40920336842105	7.681840673684211	0.0	0.0	1	1.026917798352047	5.269119721694979	230.0	16	1.05	0.95				
	117	1	0.0	0.0	0.0	0.0	1	1.035871764775874	8.483424693360368	230.0	17	1.05	0.95				
	118	2	127.9026472168421	26.11825829052632	0.0	0.0	1	1.0394639007227175	9.179623100800418	230.0	17	1.05	0.95				
	119	1	69.5206580968421	14.211405246315788	0.0	0.0	1	1.01693823678878	3.2223713924079944	230.0	15	1.05	0.95				
	120	1	49.16378031157895	9.986392875789473	0.0	0.0	1	1.010631032294381	1.7098824431789266	230.0	15	1.05	0.95				
	121	2	0.0	0.0	0.0	0.0	1	1.0420626907696229	10.32049958517046	230.0	17	1.05	0.95				
	122	2	0.0	0.0	0.0	0.0	1	1.05	16.125140877308823	230.0	17	1.05	0.95				
	123	2	0.0	0.0	0.0	0.0	1	1.0076131085531017	1.1782859463444342	230.0	15	1.05	0.95				
	124	1	0.0	0.0	0.0	0.0	1	1.0242946282981609	4.252643159801431	230.0	16	1.05	0.95				
	201	2	38.147646770526315	7.770816934736842	0.0	0.0	2	1.0173768522030575	-9.89478529337358	138.0	21	1.05	0.95				
	202	2	34.262238303157886	7.064379031578947	0.0	0.0	2	1.0165550381267465	-10.127688817383163	138.0	22	1.05	0.95				
	203	1	63.57941128421052	13.069101208421053	0.0	0.0	2	1.0145628183432882	-7.702845590554337	138.0	21	1.05	0.95				
	204	1	26.138202416842105	5.298284273684209	0.0	0.0	2	1.0146516404023604	-9.755249136999755	138.0	21	1.05	0.95				
	205	1	25.07854556210526	4.945065322105263	0.0	0.0	2	1.0295393966996216	-10.020683505097958	138.0	21	1.05	0.95				
	206	1	48.037777414736844	9.890130644210526	0.0	-100.0	2	1.0447267559839233	-10.554907368316615	138.0	22	1.05	0.95				
	207	2	44.152368947368416	8.830473789473684	0.0	0.0	2	1.000685302171488	-14.761474879999476	138.0	22	1.05	0.95				
	208	1	60.40044071999999	12.362663305263156	0.0	0.0	2	1.0062570204704397	-13.20098938886584	138.0	22	1.05	0.95				
	209	1	61.81331652631579	12.715882256842104	0.0	0.0	2	1.0227138706651957	-7.982327247363596	138.0	23	1.05	0.95				
	210	1	68.87769555789473	14.128758063157894	0.0	0.0	2	1.05	-9.008851756226303	138.0	23	1.05	0.95				
	211	1	0.0	0.0	0.0	0.0	2	0.9992706427060131	-6.373210605946487	230.0	23	1.05	0.95				
	212	1	0.0	0.0	0.0	0.0	2	1.0057809585996718	-2.515554743821781	230.0	23	1.05	0.95				
	213	2	93.60302216842105	19.073823385263157	0.0	0.0	2	0.9899749513794794	-5.005922964977418	230.0	24	1.05	0.95				
	214	2	68.52447660631577	13.775539111578947	0.0	0.0	2	0.9938711647813397	-5.2790101269271785	230.0	26	1.05	0.95				
	215	2	111.97040765052631	22.60601290105263	0.0	0.0	2	1.0112445954604885	-0.34905027417239703	230.0	26	1.05	0.95				
	216	2	35.32189515789474	7.064379031578947	0.0	0.0	2	1.0086403075801442	-1.5468178721617898	230.0	26	1.05	0.95				
	217	1	0.0	0.0	0.0	0.0	2	1.015231614853084	0.1903412382712562	230.0	27	1.05	0.95				
	218	2	117.62191087578945	24.018888707368422	0.0	0.0	2	1.0153001237663835	0.012687707271085232	230.0	27	1.05	0.95				
	219	1	63.93263023578947	13.069101208421053	0.0	0.0	2	1.0037532958801039	-2.81022293972807	230.0	25	1.05	0.95				
	220	1	45.21202580210526	9.183692741052631	0.0	0.0	2	1.0018835745531927	-3.191306687261335	230.0	25	1.05	0.95				
	221	2	0.0	0.0	0.0	0.0	2	1.0174978275951239	0.6953364299493278	230.0	27	1.05	0.95				
	222	2	0.0	0.0	0.0	0.0	2	1.039362499739353	7.123025584800214	230.0	27	1.05	0.95				
	223	2	0.0	0.0	0.0	0.0	2	1.0010893903718405	-3.113770795348649	230.0	25	1.05	0.95				
	224	1	0.0	0.0	0.0	0.0	2	1.003211315490989	-3.14112008585258	230.0	26	1.05	0.95				
	301	2	50.58335970947368	10.30401771859649	0.0	0.0	3	1.0036484381289075	-7.091634139200262	138.0	31	1.05	0.95				
	302	2	45.43135085017544	9.36728883508772	0.0	0.0	3	1.0035081993262107	-7.142010263013942	138.0	32	1.05	0.95				
	303	1	84.30559951578948	17.32948434491228	0.0	0.0	3	1.0158599974241553	-3.626900814425444	138.0	31	1.05	0.95				
	304	1	34.65896868982456	7.025466626315789	0.0	0.0	3	1.007406840588453	-5.449496905402738	138.0	31	1.05	0.95				
	305	1	33.2538753645614	6.557102184561405	0.0	0.0	3	1.0202828554437522	-5.894438700843016	138.0	31	1.05	0.95				
	306	1	63.69756407859649	13.11420436912281	0.0	-100.0	3	1.0380550337312884	-5.774765194220992	138.0	32	1.05	0.95				
	307	2	58.54555521929825	11.709111043859648	0.0	0.0	3	0.9966051629592965	-9.566578439708824	138.0	32	1.05	0.95				
	308	1	80.09031954	16.392755461403507	0.0	0.0	3	1.003986040293171	-7.480939771492059	138.0	32	1.05	0.95				
	309	1	81.96377730701754	16.861119903157896	0.0	0.0	3	1.0259451399617094	-2.1520717082763765	138.0	33	1.05	0.95				
	310	1	91.33106614210527	18.73457767017544	0.0	0.0	3	1.05	-3.1958121800357175	138.0	33	1.05	0.95				
	311	1	0.0	0.0	0.0	0.0	3	1.007965169161746	2.322004689338294	230.0	33	1.05	0.95				
	312	1	0.0	0.0	0.0	0.0	3	1.0130513665980312	3.3187353941391664	230.0	33	1.05	0.95				
	313	2	124.11657706491228	25.29167985473684	0.0	0.0	3	1.020960390645611	8.747180331695365	230.0	34	1.05	0.95				
	314	2	90.86270170035088	18.26621322842105	0.0	0.0	3	1.0039003634641455	1.7314682845327367	230.0	36	1.05	0.95				
	315	2	148.47152803614034	29.9753242722807	0.0	0.0	3	1.0150535335442774	-0.8632750063937072	230.0	36	1.05	0.95				
	316	2	46.836444175438594	9.36728883508772	0.0	0.0	3	1.0162652063150697	0.30391206690415995	230.0	36	1.05	0.95				
	317	1	0.0	0.0	0.0	0.0	3	1.018168575010972	-0.04419494689637305	230.0	37	1.05	0.95				
	318	2	155.96535910421053	31.848782039298246	0.0	0.0	3	1.0153142763399137	-0.911219844246122	230.0	37	1.05	0.95				
	319	1	84.77396395754386	17.32948434491228	0.0	0.0	3	1.0188174548537619	3.177651704994232	230.0	35	1.05	0.95				
	320	1	59.9506485445614	12.177475485614035	0.0	0.0	3	1.0222059444853901	5.008109738919192	230.0	35	1.05	0.95				
	321	2	0.0	0.0	0.0	0.0	3	1.0173532312526967	-0.3215193223678142	230.0	37	1.05	0.95				
	322	2	0.0	0.0	0.0	0.0	3	1.0312146788624097	4.253746354058503	230.0	37	1.05	0.95				
	323	2	0.0	0.0	0.0	0.0	3	1.0235445922443236	5.627767329362761	230.0	35	1.05	0.95				
	324	1	0.0	0.0	0.0	0.0	3	1.0108071843046091	-1.2602862917993565	230.0	36	1.05	0.95				
	325	1	0.0	0.0	0.0	0.0	3	1.024878750635606	6.035133255275921	230.0	35	1.05	0.95				
];
