%% MATPOWER Case Format : Version 2
function mpc = RTS_GMLC
mpc.version = '2';

%%-----  Power Flow Data  -----%%
%% system MVA base
mpc.baseMVA = 100.0;
%% bus data
%    bus_i    type    Pd    Qd    Gs    Bs    area    Vm    Va    baseKV    zone    Vmax    Vmin
mpc.bus = [
	101	2	40.17268678736843	8.18332508631579	0.0	0.0	1	1.0325421506351575	2.6891608322539757	138.0	11	1.05	0.95				
	102	2	36.08102424421053	7.439386442105264	0.0	0.0	1	1.0316455353515819	2.4473170098346158	138.0	12	1.05	0.95				
	103	1	66.95447797894737	13.762864917894738	0.0	0.0	1	1.0300871511627727	0.47092664313055416	138.0	11	1.05	0.95				
	104	1	27.525729835789477	5.5795398315789475	0.0	0.0	1	1.021901730868922	-0.5924022893368142	138.0	11	1.05	0.95				
	105	1	26.40982186947368	5.207570509473685	0.0	0.0	1	1.036189823012254	-0.311503896010307	138.0	11	1.05	0.95				
	106	1	50.5878278063158	10.41514101894737	0.0	-100.0	1	1.0467346512459568	-2.417614348845508	138.0	12	1.05	0.95				
	107	2	46.4961652631579	9.29923305263158	0.0	0.0	1	1.000488874901792	-6.867698725473664	138.0	12	1.05	0.95				
	108	1	63.60675408	13.018926273684212	0.0	0.0	1	1.006619488044628	-5.91289521999136	138.0	12	1.05	0.95				
	109	1	65.09463136842105	13.390895595789473	0.0	0.0	1	1.0249252746509372	-1.5653458758083558	138.0	13	1.05	0.95				
	110	1	72.53401781052632	14.878772884210528	0.0	0.0	1	1.05	-2.176542990227077	138.0	13	1.05	0.95				
	111	1	0.0	0.0	0.0	0.0	1	1.0020848902946264	-0.171526773126912	230.0	13	1.05	0.95				
	112	1	0.0	0.0	0.0	0.0	1	1.0069018783253199	0.24198816641192883	230.0	13	1.05	0.95				
	113	3	98.57187035789474	20.086343393684214	0.0	0.0	1	0.9915380391902574	2.1376466800659237e-29	230.0	14	1.05	0.95				
	114	2	72.16204848842106	14.506803562105263	0.0	0.0	1	0.9984189089841008	1.5136469901099667	230.0	16	1.05	0.95				
	115	2	117.91427510736843	23.806036614736843	0.0	0.0	1	1.0378092532379848	6.305010462764047	230.0	16	1.05	0.95				
	116	2	37.19693221052632	7.439386442105264	0.0	0.0	1	1.0323976979993952	6.0087727151549855	230.0	16	1.05	0.95				
	117	1	0.0	0.0	0.0	0.0	1	1.0418425063007901	7.470794197180186	230.0	17	1.05	0.95				
	118	2	123.86578426105264	25.2939139031579	0.0	0.0	1	1.0450425270652892	7.340967740847567	230.0	17	1.05	0.95				
	119	1	67.32644730105264	13.762864917894738	0.0	0.0	1	1.0254996830192167	5.317437767931455	230.0	15	1.05	0.95				
	120	1	47.61207322947369	9.671202374736843	0.0	0.0	1	1.0217517911375855	5.441618330425558	230.0	15	1.05	0.95				
	121	2	0.0	0.0	0.0	0.0	1	1.0499999687599557	8.066537625374366	230.0	17	1.05	0.95				
	122	2	0.0	0.0	0.0	0.0	1	1.05	14.343021598054802	230.0	17	1.05	0.95				
	123	2	0.0	0.0	0.0	0.0	1	1.0200131270816568	5.802734735297836	230.0	15	1.05	0.95				
	124	1	0.0	0.0	0.0	0.0	1	1.0268304005530777	4.121622353296441	230.0	16	1.05	0.95				
	201	2	40.40862586105263	8.231386749473684	0.0	0.0	2	1.024861804937993	-5.263360300971357	138.0	21	1.05	0.95				
	202	2	36.292932486315785	7.4830788631578935	0.0	0.0	2	1.0256026376206815	-5.04745456807047	138.0	22	1.05	0.95				
	203	1	67.34770976842105	13.843695896842103	0.0	0.0	2	1.0181088142906183	-5.3466289879853965	138.0	21	1.05	0.95				
	204	1	27.687391793684206	5.61230914736842	0.0	0.0	2	1.018434911881911	-6.9692116230796675	138.0	21	1.05	0.95				
	205	1	26.56492996421052	5.238155204210527	0.0	0.0	2	1.0328791789291274	-7.151102670250709	138.0	21	1.05	0.95				
	206	1	50.88493626947368	10.476310408421053	0.0	-100.0	2	1.045767107006055	-8.541659801563966	138.0	22	1.05	0.95				
	207	2	46.769242894736834	9.353848578947368	0.0	0.0	2	0.990840708526961	-14.017112904882618	138.0	22	1.05	0.95				
	208	1	63.98032427999999	13.095388010526312	0.0	0.0	2	0.9997900822158762	-12.381708642820708	138.0	22	1.05	0.95				
	209	1	65.47694005263158	13.469541953684208	0.0	0.0	2	1.022832075014164	-6.998674400103889	138.0	23	1.05	0.95				
	210	1	72.96001891578946	14.966157726315787	0.0	0.0	2	1.05	-7.858844583429797	138.0	23	1.05	0.95				
	211	1	0.0	0.0	0.0	0.0	2	1.0021237036081236	-4.763366049107149	230.0	23	1.05	0.95				
	212	1	0.0	0.0	0.0	0.0	2	1.0083308130559543	-4.339030365937746	230.0	23	1.05	0.95				
	213	2	99.15079493684209	20.204312930526314	0.0	0.0	2	0.9959686413276695	-4.032596543266823	230.0	24	1.05	0.95				
	214	2	72.58586497263157	14.592003783157892	0.0	0.0	2	0.9983734171033166	-2.593501160391929	230.0	26	1.05	0.95				
	215	2	118.60679998105262	23.94585236210526	0.0	0.0	2	1.0215464800372362	2.828322400346437	230.0	26	1.05	0.95				
	216	2	37.41539431578947	7.4830788631578935	0.0	0.0	2	1.0227566553787408	2.676135148104049	230.0	26	1.05	0.95				
	217	1	0.0	0.0	0.0	0.0	2	1.0287885261843805	4.808533477818432	230.0	27	1.05	0.95				
	218	2	124.59326307157895	25.44246813473684	0.0	0.0	2	1.0292776392768133	4.890821485133207	230.0	27	1.05	0.95				
	219	1	67.72186371157895	13.843695896842103	0.0	0.0	2	1.0237553598169342	1.903599710829977	230.0	25	1.05	0.95				
	220	1	47.89170472421052	9.728002522105262	0.0	0.0	2	1.0269259247377716	1.9699685421892614	230.0	25	1.05	0.95				
	221	2	0.0	0.0	0.0	0.0	2	1.030114571025741	4.982961267537332	230.0	27	1.05	0.95				
	222	2	0.0	0.0	0.0	0.0	2	1.0499999988004018	11.406509803951172	230.0	27	1.05	0.95				
	223	2	0.0	0.0	0.0	0.0	2	1.0289806655412186	2.2940511394242673	230.0	25	1.05	0.95				
	224	1	0.0	0.0	0.0	0.0	2	1.010038514375242	-0.2529649583822982	230.0	26	1.05	0.95				
	301	2	45.37298322947368	9.242644731929825	0.0	0.0	3	1.0063967020350335	-25.760050015638548	138.0	31	1.05	0.95				
	302	2	40.75166086350877	8.402404301754386	0.0	0.0	3	1.0063305202417212	-25.856381482159243	138.0	32	1.05	0.95				
	303	1	75.62163871578947	15.544447958245614	0.0	0.0	3	1.0213487290453027	-20.989412857890027	138.0	31	1.05	0.95				
	304	1	31.08889591649123	6.301803226315789	0.0	0.0	3	1.0098504002162147	-24.442597212395196	138.0	31	1.05	0.95				
	305	1	29.82853527122807	5.881683011228071	0.0	0.0	3	1.0227034467887726	-25.095025900999776	138.0	31	1.05	0.95				
	306	1	57.13634925192983	11.763366022456141	0.0	-100.0	3	1.0402669479513433	-25.22979056667832	138.0	32	1.05	0.95				
	307	2	52.51502688596491	10.503005377192983	0.0	0.0	3	0.9929526742354924	-29.816660713580518	138.0	32	1.05	0.95				
	308	1	71.84055678	14.704207528070173	0.0	0.0	3	0.9997900784335013	-27.93496034049989	138.0	32	1.05	0.95				
	309	1	73.52103764035087	15.124327743157895	0.0	0.0	3	1.0258195289205954	-21.564404997049095	138.0	33	1.05	0.95				
	310	1	81.92344194210526	16.80480860350877	0.0	0.0	3	1.05	-23.077982683940252	138.0	33	1.05	0.95				
	311	1	0.0	0.0	0.0	0.0	3	1.0078637568751834	-17.44663263002955	230.0	33	1.05	0.95				
	312	1	0.0	0.0	0.0	0.0	3	1.011704849723935	-16.765418769397705	230.0	33	1.05	0.95				
	313	2	111.33185699824561	22.68649161473684	0.0	0.0	3	1.0116518307449218	-13.722276419124785	230.0	34	1.05	0.95				
	314	2	81.50332172701754	16.384688388421054	0.0	0.0	3	1.00788601842704	-15.737717292151702	230.0	36	1.05	0.95				
	315	2	133.17810818280702	26.887693765614035	0.0	0.0	3	1.0327574394223225	-11.732921893070088	230.0	36	1.05	0.95				
	316	2	42.01202150877193	8.402404301754386	0.0	0.0	3	1.032565639729356	-10.83254798848524	230.0	36	1.05	0.95				
	317	1	0.0	0.0	0.0	0.0	3	1.037282260927332	-9.499276596372768	230.0	37	1.05	0.95				
	318	2	139.90003162421053	28.568174625964915	0.0	0.0	3	1.036701639645872	-9.339646248580133	230.0	37	1.05	0.95				
	319	1	76.0417589308772	15.544447958245614	0.0	0.0	3	1.0306784116582524	-11.164762381634475	230.0	35	1.05	0.95				
	320	1	53.77538753122807	10.923125592280702	0.0	0.0	3	1.031769470527763	-10.640289725659526	230.0	35	1.05	0.95				
	321	2	0.0	0.0	0.0	0.0	3	1.0375180754832538	-9.624351008181218	230.0	37	1.05	0.95				
	322	2	0.0	0.0	0.0	0.0	3	1.049999974221635	-5.266636942659795	230.0	37	1.05	0.95				
	323	2	0.0	0.0	0.0	0.0	3	1.0329926710959476	-10.03219368255415	230.0	35	1.05	0.95				
	324	1	0.0	0.0	0.0	0.0	3	1.016956386151405	-15.1946919371988	230.0	36	1.05	0.95				
	325	1	0.0	0.0	0.0	0.0	3	1.028183359599509	-8.525942136053917	230.0	35	1.05	0.95				
];
