%% MATPOWER Case Format : Version 2
function mpc = RTS_GMLC
mpc.version = '2';

%%-----  Power Flow Data  -----%%
%% system MVA base
mpc.baseMVA = 100.0;
%% bus data
%    bus_i    type    Pd    Qd    Gs    Bs    area    Vm    Va    baseKV    zone    Vmax    Vmin
mpc.bus = [
	101	2	43.84661058947369	8.931716971929825	0.0	0.0	1	1.0434593440385231	4.106545556422943	138.0	11	1.05	0.95				
	102	2	39.380752103508776	8.119742701754387	0.0	0.0	1	1.0424983954301374	3.840416559696112	138.0	12	1.05	0.95				
	103	1	73.07768431578948	15.021523998245614	0.0	0.0	1	1.0277149002630994	0.5462408551579349	138.0	11	1.05	0.95				
	104	1	30.04304799649123	6.08980702631579	0.0	0.0	1	1.0266672855318781	0.313538897533622	138.0	11	1.05	0.95				
	105	1	28.82508659122807	5.683819891228071	0.0	0.0	1	1.0407570029679907	0.44676351342510845	138.0	11	1.05	0.95				
	106	1	55.21425037192983	11.367639782456141	0.0	-100.0	1	1.047904155421376	-2.06305219808782	138.0	12	1.05	0.95				
	107	2	50.748391885964914	10.149678377192984	0.0	0.0	1	1.000791700824933	-7.392747063268529	138.0	12	1.05	0.95				
	108	1	69.4238001	14.209549728070176	0.0	0.0	1	1.0053700738804645	-6.273617026935367	138.0	12	1.05	0.95				
	109	1	71.04774864035089	14.615536863157896	0.0	0.0	1	1.0241306368624592	-1.4964641256850546	138.0	13	1.05	0.95				
	110	1	79.16749134210527	16.239485403508773	0.0	0.0	1	1.05	-2.02692435713917	138.0	13	1.05	0.95				
	111	1	0.0	0.0	0.0	0.0	1	1.001278321366846	-0.21559515379381342	230.0	13	1.05	0.95				
	112	1	0.0	0.0	0.0	0.0	1	1.0066748054744017	0.2135759114648841	230.0	13	1.05	0.95				
	113	3	107.58659079824562	21.923305294736846	0.0	0.0	1	0.9920024341371365	1.5062843432451584e-29	230.0	14	1.05	0.95				
	114	2	78.76150420701755	15.833498268421053	0.0	0.0	1	0.9956542367091229	1.2802337258163394	230.0	16	1.05	0.95				
	115	2	128.69792182280702	25.983176645614037	0.0	0.0	1	1.0305470325163912	5.891577434918014	230.0	16	1.05	0.95				
	116	2	40.59871350877194	8.119742701754387	0.0	0.0	1	1.0267667654922938	5.761427273603678	230.0	16	1.05	0.95				
	117	1	0.0	0.0	0.0	0.0	1	1.0353342873590288	7.660481760270641	230.0	17	1.05	0.95				
	118	2	135.19371598421054	27.607125185964914	0.0	0.0	1	1.0375141125124403	7.723119031809022	230.0	17	1.05	0.95				
	119	1	73.4836714508772	15.021523998245614	0.0	0.0	1	1.0207660891096637	4.950778936940505	230.0	15	1.05	0.95				
	120	1	51.966353291228074	10.555665512280703	0.0	0.0	1	1.0182507099335447	5.040521087821824	230.0	15	1.05	0.95				
	121	2	0.0	0.0	0.0	0.0	1	1.041115064720402	8.719203465950374	230.0	17	1.05	0.95				
	122	2	0.0	0.0	0.0	0.0	1	1.05	14.805975007744397	230.0	17	1.05	0.95				
	123	2	0.0	0.0	0.0	0.0	1	1.0173578775795409	5.409488468363927	230.0	15	1.05	0.95				
	124	1	0.0	0.0	0.0	0.0	1	1.0218940674456973	3.8799091856712367	230.0	16	1.05	0.95				
	201	2	40.30662679578948	8.210609162105262	0.0	0.0	2	1.0230593582080907	-6.453701405736646	138.0	21	1.05	0.95				
	202	2	36.201322214736834	7.46419014736842	0.0	0.0	2	1.023509928213627	-6.368038669451519	138.0	22	1.05	0.95				
	203	1	67.17771132631579	13.808751772631577	0.0	0.0	2	1.0172364628979855	-5.80513736773606	138.0	21	1.05	0.95				
	204	1	27.617503545263155	5.598142610526315	0.0	0.0	2	1.017595181994555	-7.625044044590537	138.0	21	1.05	0.95				
	205	1	26.497875023157892	5.224933103157895	0.0	0.0	2	1.0321265889124003	-7.839034808934462	138.0	21	1.05	0.95				
	206	1	50.756493002105266	10.44986620631579	0.0	-100.0	2	1.045542691214692	-8.988768974470709	138.0	22	1.05	0.95				
	207	2	46.65118842105262	9.330237684210525	0.0	0.0	2	0.9943054784208154	-14.17597294282512	138.0	22	1.05	0.95				
	208	1	63.81882575999999	13.062332757894735	0.0	0.0	2	1.001810752101461	-12.532689058011133	138.0	22	1.05	0.95				
	209	1	65.31166378947367	13.435542265263155	0.0	0.0	2	1.0227673693657824	-7.109349308689613	138.0	23	1.05	0.95				
	210	1	72.7758539368421	14.92838029473684	0.0	0.0	2	1.05	-8.038737186125914	138.0	23	1.05	0.95				
	211	1	0.0	0.0	0.0	0.0	2	1.001960777174289	-4.6847526780631945	230.0	23	1.05	0.95				
	212	1	0.0	0.0	0.0	0.0	2	1.0061345230386327	-3.938472291107707	230.0	23	1.05	0.95				
	213	2	98.90051945263156	20.15331339789474	0.0	0.0	2	0.9950823016672223	-3.5296998426692285	230.0	24	1.05	0.95				
	214	2	72.40264442947367	14.555170787368422	0.0	0.0	2	0.9993408799652166	-2.6579847128902787	230.0	26	1.05	0.95				
	215	2	118.30741383578946	23.885408471578945	0.0	0.0	2	1.0191346857807584	2.4926770452219538	230.0	26	1.05	0.95				
	216	2	37.3209507368421	7.46419014736842	0.0	0.0	2	1.0197530118612141	2.4488043898331533	230.0	26	1.05	0.95				
	217	1	0.0	0.0	0.0	0.0	2	1.025087023915126	3.8427744666751478	230.0	27	1.05	0.95				
	218	2	124.27876595368419	25.378246501052633	0.0	0.0	2	1.0243964754648167	3.4259354627094565	230.0	27	1.05	0.95				
	219	1	67.5509208336842	13.808751772631577	0.0	0.0	2	1.0203724943779482	2.412863465681095	230.0	25	1.05	0.95				
	220	1	47.77081694315789	9.703447191578947	0.0	0.0	2	1.0231596848789513	3.1197756344034766	230.0	25	1.05	0.95				
	221	2	0.0	0.0	0.0	0.0	2	1.0262348710933313	3.9177835587598997	230.0	27	1.05	0.95				
	222	2	0.0	0.0	0.0	0.0	2	1.0481461290113676	10.401786683934962	230.0	27	1.05	0.95				
	223	2	0.0	0.0	0.0	0.0	2	1.0251782245704957	3.7964661390563292	230.0	25	1.05	0.95				
	224	1	0.0	0.0	0.0	0.0	2	1.0080986801592378	-0.6402915319463197	230.0	26	1.05	0.95				
	301	2	44.17715914105263	8.99905093614035	0.0	0.0	3	1.012153504118324	-13.014015429045585	138.0	31	1.05	0.95				
	302	2	39.67763367298245	8.180955396491228	0.0	0.0	3	1.0117351581715481	-13.238608140712799	138.0	32	1.05	0.95				
	303	1	73.62859856842104	15.13476748350877	0.0	0.0	3	1.038182236435419	-4.107009063547262	138.0	31	1.05	0.95				
	304	1	30.26953496701754	6.13571654736842	0.0	0.0	3	1.012385658843809	-12.170519105147843	138.0	31	1.05	0.95				
	305	1	29.042391657543853	5.72666877754386	0.0	0.0	3	1.0260903353379651	-13.29340607661365	138.0	31	1.05	0.95				
	306	1	55.630496696140355	11.45333755508772	0.0	-100.0	3	1.0419361203091349	-13.950591143443617	138.0	32	1.05	0.95				
	307	2	51.13097122807018	10.226194245614034	0.0	0.0	3	0.9936753611246821	-18.232434695812156	138.0	32	1.05	0.95				
	308	1	69.94716863999999	14.316671943859646	0.0	0.0	3	1.000439633293932	-16.404782910924176	138.0	32	1.05	0.95				
	309	1	71.58335971929823	14.72571971368421	0.0	0.0	3	1.025192210182897	-9.61283827656794	138.0	33	1.05	0.95				
	310	1	79.76431511578946	16.361910792982457	0.0	0.0	3	1.05	-12.254867826231921	138.0	33	1.05	0.95				
	311	1	0.0	0.0	0.0	0.0	3	1.0057480558415068	-7.595026366731438	230.0	33	1.05	0.95				
	312	1	0.0	0.0	0.0	0.0	3	1.0104693841691113	-7.0130925516184845	230.0	33	1.05	0.95				
	313	2	108.39765900350875	22.088579570526313	0.0	0.0	3	1.0079464300359338	-4.467020338276468	230.0	34	1.05	0.95				
	314	2	79.3552673459649	15.952863023157892	0.0	0.0	3	1.0000416722269008	-6.865249653236231	230.0	36	1.05	0.95				
	315	2	129.66814303438593	26.179057268771928	0.0	0.0	3	1.023987587054884	-3.7006086553144337	230.0	36	1.05	0.95				
	316	2	40.904776982456134	8.180955396491228	0.0	0.0	3	1.02160485617377	-3.3620234736843186	230.0	36	1.05	0.95				
	317	1	0.0	0.0	0.0	0.0	3	1.026435358464296	-2.4068188649805364	230.0	37	1.05	0.95				
	318	2	136.21290735157893	27.815248348070178	0.0	0.0	3	1.025646686778999	-2.476660209932981	230.0	37	1.05	0.95				
	319	1	74.03764633824561	15.13476748350877	0.0	0.0	3	1.0178332079388042	-3.827041518725445	230.0	35	1.05	0.95				
	320	1	52.358114537543855	10.635242015438596	0.0	0.0	3	1.0172533320398054	-3.419946382750766	230.0	35	1.05	0.95				
	321	2	0.0	0.0	0.0	0.0	3	1.0271241607626973	-2.3539677000564483	230.0	37	1.05	0.95				
	322	2	0.0	0.0	0.0	0.0	3	1.0402063391515477	2.014052099143767	230.0	37	1.05	0.95				
	323	2	0.0	0.0	0.0	0.0	3	1.017517334810307	-2.874402268470841	230.0	35	1.05	0.95				
	324	1	0.0	0.0	0.0	0.0	3	1.0251511008236796	-3.864155282163868	230.0	36	1.05	0.95				
	325	1	0.0	0.0	0.0	0.0	3	1.0167319576461353	-1.884323274415892	230.0	35	1.05	0.95				
];
