%% MATPOWER Case Format : Version 2
function mpc = RTS_GMLC
mpc.version = '2';

%%-----  Power Flow Data  -----%%
%% system MVA base
mpc.baseMVA = 100.0;
%% bus data
%    bus_i    type    Pd    Qd    Gs    Bs    area    Vm    Va    baseKV    zone    Vmax    Vmin
mpc.bus = [
	101	2	74.93468578105265	15.264473029473685	0.0	0.0	1	1.0499999794123482	-0.14455419329542457	138.0	11	1.05	0.95				
	102	2	67.30244926631579	13.876793663157896	0.0	0.0	1	1.0488856603302317	-0.5303824634534012	138.0	12	1.05	0.95				
	103	1	124.89114296842108	25.672068276842108	0.0	0.0	1	1.0311616849545095	-1.0375872401136448	138.0	11	1.05	0.95				
	104	1	51.344136553684216	10.407595247368421	0.0	0.0	1	1.0269190870077045	-3.8136676310121014	138.0	11	1.05	0.95				
	105	1	49.262617504210525	9.713755564210528	0.0	0.0	1	1.039999912003387	-4.3052679293774645	138.0	11	1.05	0.95				
	106	1	94.3621969094737	19.427511128421056	0.0	-100.0	1	1.0410054424376753	-7.35600522836358	138.0	12	1.05	0.95				
	107	2	86.72996039473685	17.34599207894737	0.0	0.0	1	1.0000141341460707	-14.500847850945066	138.0	12	1.05	0.95				
	108	1	118.64658582000001	24.284388910526317	0.0	0.0	1	0.994793630865285	-12.9329807211555	138.0	12	1.05	0.95				
	109	1	121.42194455263157	24.97822859368421	0.0	0.0	1	1.0260044856796289	-4.8930528181986	138.0	13	1.05	0.95				
	110	1	135.29873821578948	27.75358732631579	0.0	0.0	1	1.05	-6.423182299999861	138.0	13	1.05	0.95				
	111	1	0.0	0.0	0.0	0.0	1	1.0145259643097553	-1.9386185147584498	230.0	13	1.05	0.95				
	112	1	0.0	0.0	0.0	0.0	1	1.01596988466081	-1.5097503684294455	230.0	13	1.05	0.95				
	113	3	183.86751603684212	37.467342890526325	0.0	0.0	1	1.0151520655528747	1.0949210878544627e-28	230.0	14	1.05	0.95				
	114	2	134.60489853263158	27.0597476431579	0.0	0.0	1	1.01907992055785	0.11813088567215009	230.0	16	1.05	0.95				
	115	2	219.94717956105262	44.40573972210527	0.0	0.0	1	1.0452666768762287	8.1536915019483	230.0	16	1.05	0.95				
	116	2	69.38396831578947	13.876793663157896	0.0	0.0	1	1.042690719876447	7.215268789993869	230.0	16	1.05	0.95				
	117	1	0.0	0.0	0.0	0.0	1	1.0459663994343893	10.490686871499333	230.0	17	1.05	0.95				
	118	2	231.04861449157897	47.18109845473685	0.0	0.0	1	1.0481096884133747	11.150901396642528	230.0	17	1.05	0.95				
	119	1	125.58498265157895	25.672068276842108	0.0	0.0	1	1.0352913371412589	5.526726082029692	230.0	15	1.05	0.95				
	120	1	88.81147944421053	18.039831762105266	0.0	0.0	1	1.034084168530802	4.861446466581145	230.0	15	1.05	0.95				
	121	2	0.0	0.0	0.0	0.0	1	1.05	12.845680783132629	230.0	17	1.05	0.95				
	122	2	0.0	0.0	0.0	0.0	1	1.05	18.834297872242548	230.0	17	1.05	0.95				
	123	2	0.0	0.0	0.0	0.0	1	1.0351273446250662	5.014879395481572	230.0	15	1.05	0.95				
	124	1	0.0	0.0	0.0	0.0	1	1.0283911087653534	4.725522406845004	230.0	16	1.05	0.95				
	201	2	68.06736973894736	13.865575317192983	0.0	0.0	2	1.0258174659754997	-10.737772894325188	138.0	21	1.05	0.95				
	202	2	61.134582080350874	12.605068470175437	0.0	0.0	2	1.0268679340704263	-10.509872362514441	138.0	22	1.05	0.95				
	203	1	113.44561623157894	23.31937666982456	0.0	0.0	2	1.014927124627927	-10.086886532305718	138.0	21	1.05	0.95				
	204	1	46.63875333964912	9.45380135263158	0.0	0.0	2	1.0153484146724792	-11.263235840579362	138.0	21	1.05	0.95				
	205	1	44.747993069122806	8.823547929122807	0.0	0.0	2	1.0299880212451535	-11.58608025701375	138.0	21	1.05	0.95				
	206	1	85.71446559719298	17.647095858245613	0.0	-100.0	2	1.0391054491284664	-12.613351378263838	138.0	22	1.05	0.95				
	207	2	78.78167793859649	15.756335587719297	0.0	0.0	2	0.9865008974807491	-21.649545973148022	138.0	22	1.05	0.95				
	208	1	107.77333541999998	22.058869822807015	0.0	0.0	2	0.9864084234858388	-18.601172134406404	138.0	22	1.05	0.95				
	209	1	110.29434911403509	22.689123246315788	0.0	0.0	2	1.025401807087132	-9.304429395906416	138.0	23	1.05	0.95				
	210	1	122.89941758421052	25.210136940350875	0.0	0.0	2	1.05	-10.436027759781894	138.0	23	1.05	0.95				
	211	1	0.0	0.0	0.0	0.0	2	1.0163503905432214	-5.838779354044311	230.0	23	1.05	0.95				
	212	1	0.0	0.0	0.0	0.0	2	1.0194704000928791	-0.4784693336151196	230.0	23	1.05	0.95				
	213	2	167.01715722982456	34.03368486947368	0.0	0.0	2	1.0206838974932593	-2.902054969306256	230.0	24	1.05	0.95				
	214	2	122.26916416070175	24.579883516842106	0.0	0.0	2	1.0210566528388074	-4.375346731514519	230.0	26	1.05	0.95				
	215	2	199.7903352522807	40.3362191045614	0.0	0.0	2	1.0364035221624788	1.4222748648471257	230.0	26	1.05	0.95				
	216	2	63.02534235087719	12.605068470175437	0.0	0.0	2	1.0366491356125578	1.568983847598719	230.0	26	1.05	0.95				
	217	1	0.0	0.0	0.0	0.0	2	1.03973048883906	3.2207217545252282	230.0	27	1.05	0.95				
	218	2	209.87439002842106	42.85723279859649	0.0	0.0	2	1.0390246540156887	2.921331271566456	230.0	27	1.05	0.95				
	219	1	114.07586965508771	23.31937666982456	0.0	0.0	2	1.0356622934712036	2.2585488779070424	230.0	25	1.05	0.95				
	220	1	80.6724382091228	16.386589011228068	0.0	0.0	2	1.0403526553865734	4.053235422953865	230.0	25	1.05	0.95				
	221	2	0.0	0.0	0.0	0.0	2	1.0402116685838099	3.208278793019732	230.0	27	1.05	0.95				
	222	2	0.0	0.0	0.0	0.0	2	1.05	9.715951531873035	230.0	27	1.05	0.95				
	223	2	0.0	0.0	0.0	0.0	2	1.0451664971988675	5.496627459681811	230.0	25	1.05	0.95				
	224	1	0.0	0.0	0.0	0.0	2	1.014047790279741	-2.8446677192648617	230.0	26	1.05	0.95				
	301	2	72.87693768	14.845302120000001	0.0	0.0	3	0.9879507086110215	0.9632258189060303	138.0	31	1.05	0.95				
	302	2	65.45428661999999	13.495729200000001	0.0	0.0	3	0.9903568281926003	0.8965762709363773	138.0	32	1.05	0.95				
	303	1	121.4615628	24.96709902	0.0	0.0	3	1.0036321217648978	4.389087672938781	138.0	31	1.05	0.95				
	304	1	49.93419804	10.1217969	0.0	0.0	3	0.9886872233956133	3.4586952121229113	138.0	31	1.05	0.95				
	305	1	47.90983866	9.44701044	0.0	0.0	3	1.000181748813095	3.3879575100999473	138.0	31	1.05	0.95				
	306	1	91.77095856000001	18.89402088	0.0	-100.0	3	1.015794695282845	3.9776658000030785	138.0	32	1.05	0.95				
	307	2	84.3483075	16.8696615	0.0	0.0	3	0.9655476594770678	-0.21949283105250383	138.0	32	1.05	0.95				
	308	1	115.38848466	23.617526099999996	0.0	0.0	3	0.9781760097137682	2.947108686872784	138.0	32	1.05	0.95				
	309	1	118.08763049999999	24.29231256	0.0	0.0	3	1.0129484450885673	8.376740980155649	138.0	33	1.05	0.95				
	310	1	131.5833597	26.991458400000003	0.0	0.0	3	1.0345309881543718	8.033497189339293	138.0	33	1.05	0.95				
	311	1	0.0	0.0	0.0	0.0	3	1.004819843708991	15.281317818835392	230.0	33	1.05	0.95				
	312	1	0.0	0.0	0.0	0.0	3	1.0109766629795958	16.982178755148286	230.0	33	1.05	0.95				
	313	2	178.81841189999997	36.43846884	0.0	0.0	3	1.039516126204837	25.391766453290057	230.0	34	1.05	0.95				
	314	2	130.90857323999998	26.316671940000003	0.0	0.0	3	1.0091138756669547	13.205646451920895	230.0	36	1.05	0.95				
	315	2	213.90730782	43.18633344	0.0	0.0	3	1.0332559146063398	7.5071115386224285	230.0	36	1.05	0.95				
	316	2	67.478646	13.495729200000001	0.0	0.0	3	1.0339834509241466	8.992746897431717	230.0	36	1.05	0.95				
	317	1	0.0	0.0	0.0	0.0	3	1.038277885447407	8.384606733307297	230.0	37	1.05	0.95				
	318	2	224.70389117999997	45.885479280000006	0.0	0.0	3	1.0362905845041743	7.19806745031051	230.0	37	1.05	0.95				
	319	1	122.13634926	24.96709902	0.0	0.0	3	1.0325633974682045	12.095455962673343	230.0	35	1.05	0.95				
	320	1	86.37266688	17.54444796	0.0	0.0	3	1.0358919808499634	14.691381306316115	230.0	35	1.05	0.95				
	321	2	0.0	0.0	0.0	0.0	3	1.0371807180787176	7.8692853349247205	230.0	37	1.05	0.95				
	322	2	0.0	0.0	0.0	0.0	3	1.0499999853549047	12.381083187972195	230.0	37	1.05	0.95				
	323	2	0.0	0.0	0.0	0.0	3	1.0381687190437843	15.709863398526684	230.0	35	1.05	0.95				
	324	1	0.0	0.0	0.0	0.0	3	1.01873035824892	8.300875481802056	230.0	36	1.05	0.95				
	325	1	0.0	0.0	0.0	0.0	3	1.0404281641890156	15.472448978763971	230.0	35	1.05	0.95				
];
