%% MATPOWER Case Format : Version 2
function mpc = RTS_GMLC
mpc.version = '2';

%%-----  Power Flow Data  -----%%
%% system MVA base
mpc.baseMVA = 100.0;
%% bus data
%    bus_i    type    Pd    Qd    Gs    Bs    area    Vm    Va    baseKV    zone    Vmax    Vmin
mpc.bus = [
	101	2	54.85502228210527	11.174171205614035	0.0	0.0	1	1.0318837595627155	1.323523347269294	138.0	11	1.05	0.95				
	102	2	49.267936679298245	10.158337459649124	0.0	0.0	1	1.0314647687655492	1.1790654660570115	138.0	12	1.05	0.95				
	103	1	91.4250371368421	18.792924300350876	0.0	0.0	1	1.0251374142462915	-0.41939974469120805	138.0	11	1.05	0.95				
	104	1	37.58584860070175	7.618753094736842	0.0	0.0	1	1.0194386214717663	-1.9269752861801988	138.0	11	1.05	0.95				
	105	1	36.062097981754384	7.110836221754386	0.0	0.0	1	1.0340475332801418	-1.7576586442151922	138.0	11	1.05	0.95				
	106	1	69.07669472561405	14.221672443508773	0.0	-100.0	1	1.04282167482517	-3.9884074097130813	138.0	12	1.05	0.95				
	107	2	63.48960912280701	12.697921824561403	0.0	0.0	1	1.0246334727606097	-4.7349846324245854	138.0	12	1.05	0.95				
	108	1	86.85378528	17.777090554385964	0.0	0.0	1	1.017584413955619	-5.53013860327642	138.0	12	1.05	0.95				
	109	1	88.88545277192983	18.28500742736842	0.0	0.0	1	1.0253178772068463	-2.406847395384609	138.0	13	1.05	0.95				
	110	1	99.04379023157894	20.316674919298247	0.0	0.0	1	1.05	-3.274788178423331	138.0	13	1.05	0.95				
	111	1	0.0	0.0	0.0	0.0	1	1.0049556760231824	-0.582689771495597	230.0	13	1.05	0.95				
	112	1	0.0	0.0	0.0	0.0	1	1.010472705603809	-0.05933626477493599	230.0	13	1.05	0.95				
	113	3	134.59797134035088	27.427511141052634	0.0	0.0	1	0.9997242549005365	-7.770574490291284e-30	230.0	14	1.05	0.95				
	114	2	98.53587335859649	19.808758046315788	0.0	0.0	1	1.000804303284552	1.2904828797252645	230.0	16	1.05	0.95				
	115	2	161.0096487354386	32.50667987087719	0.0	0.0	1	1.036674872315499	7.401728437556864	230.0	16	1.05	0.95				
	116	2	50.79168729824561	10.158337459649124	0.0	0.0	1	1.033119277011074	6.9240933250389745	230.0	16	1.05	0.95				
	117	1	0.0	0.0	0.0	0.0	1	1.0398644423305257	8.788720792162403	230.0	17	1.05	0.95				
	118	2	169.1363187031579	34.53834736280702	0.0	0.0	1	1.0416709522900907	8.825359472740073	230.0	17	1.05	0.95				
	119	1	91.93295400982457	18.792924300350876	0.0	0.0	1	1.0277838776308954	5.869848873684227	230.0	15	1.05	0.95				
	120	1	65.01335974175439	13.205838697543859	0.0	0.0	1	1.027072029392687	5.934960470378954	230.0	15	1.05	0.95				
	121	2	0.0	0.0	0.0	0.0	1	1.0453667470651153	10.022492312622967	230.0	17	1.05	0.95				
	122	2	0.0	0.0	0.0	0.0	1	1.05	16.0450314090912	230.0	17	1.05	0.95				
	123	2	0.0	0.0	0.0	0.0	1	1.0276221779932113	6.359627930928595	230.0	15	1.05	0.95				
	124	1	0.0	0.0	0.0	0.0	1	1.0223481505102767	4.480411418898604	230.0	16	1.05	0.95				
	201	2	62.18542421052632	12.667401228070174	0.0	0.0	2	1.03306477491458	-10.565144421982485	138.0	21	1.05	0.95				
	202	2	55.85172359649122	11.515819298245614	0.0	0.0	2	1.0332714053575065	-10.642106808527931	138.0	22	1.05	0.95				
	203	1	103.64237368421053	21.304265701754385	0.0	0.0	2	1.02160510127158	-8.568546049846427	138.0	21	1.05	0.95				
	204	1	42.60853140350877	8.63686447368421	0.0	0.0	2	1.0182146317310208	-12.911758494508373	138.0	21	1.05	0.95				
	205	1	40.881158508771925	8.06107350877193	0.0	0.0	2	1.0340497909939115	-13.185364175541135	138.0	21	1.05	0.95				
	206	1	78.30757122807017	16.12214701754386	0.0	-100.0	2	1.0416239044823061	-15.203691972249938	138.0	22	1.05	0.95				
	207	2	71.97387061403508	14.394774122807016	0.0	0.0	2	0.988510782215383	-23.90824116438571	138.0	22	1.05	0.95				
	208	1	98.46025499999999	20.152683771929823	0.0	0.0	2	0.9897682686980906	-21.161063842109478	138.0	22	1.05	0.95				
	209	1	100.76341885964912	20.728474736842102	0.0	0.0	2	1.023429577033479	-12.431850569835857	138.0	23	1.05	0.95				
	210	1	112.27923815789474	23.031638596491227	0.0	0.0	2	1.05	-14.024228558806596	138.0	23	1.05	0.95				
	211	1	0.0	0.0	0.0	0.0	2	1.013751448727875	-9.297634193300478	230.0	23	1.05	0.95				
	212	1	0.0	0.0	0.0	0.0	2	1.0136482839398246	-8.467569667953105	230.0	23	1.05	0.95				
	213	2	152.58460570175436	31.09271210526316	0.0	0.0	2	1.0129057150107101	-8.136241642401757	230.0	24	1.05	0.95				
	214	2	111.70344719298244	22.455847631578944	0.0	0.0	2	1.0209635448138057	-6.363330974627827	230.0	26	1.05	0.95				
	215	2	182.52573587719297	36.85062175438596	0.0	0.0	2	1.0331808119311965	1.4765097710348685	230.0	26	1.05	0.95				
	216	2	57.579096491228064	11.515819298245614	0.0	0.0	2	1.0361954980516563	1.308244264981698	230.0	26	1.05	0.95				
	217	1	0.0	0.0	0.0	0.0	2	1.0392490455532362	4.34483610077112	230.0	27	1.05	0.95				
	218	2	191.73839131578947	39.15378561403509	0.0	0.0	2	1.0407564423493705	4.742880874203973	230.0	27	1.05	0.95				
	219	1	104.2181646491228	21.304265701754385	0.0	0.0	2	1.0358105692246453	0.5809544100397147	230.0	25	1.05	0.95				
	220	1	73.70124350877192	14.970565087719297	0.0	0.0	2	1.0400460500785544	1.0468327952677587	230.0	25	1.05	0.95				
	221	2	0.0	0.0	0.0	0.0	2	1.040502320651587	4.414224767695481	230.0	27	1.05	0.95				
	222	2	0.0	0.0	0.0	0.0	2	1.05	10.889733649538233	230.0	27	1.05	0.95				
	223	2	0.0	0.0	0.0	0.0	2	1.0436935695023402	1.7271739699578252	230.0	25	1.05	0.95				
	224	1	0.0	0.0	0.0	0.0	2	1.0163911599342543	-2.2811694400288864	230.0	26	1.05	0.95				
	301	2	51.64251817263158	10.519772220350877	0.0	0.0	3	1.0139610582353322	-10.740919521867376	138.0	31	1.05	0.95				
	302	2	46.38263206245614	9.56342929122807	0.0	0.0	3	1.0127487103903345	-11.034788298758748	138.0	32	1.05	0.95				
	303	1	86.07086362105262	17.692344188771926	0.0	0.0	3	1.0480125045650317	1.0584897211020972	138.0	31	1.05	0.95				
	304	1	35.38468837754385	7.172571968421051	0.0	0.0	3	1.0115076932822966	-9.81108151118852	138.0	31	1.05	0.95				
	305	1	33.95017398385964	6.694400503859649	0.0	0.0	3	1.0260620837550356	-11.334489362634868	138.0	31	1.05	0.95				
	306	1	65.03131918035088	13.388801007719298	0.0	-100.0	3	1.0401604473333976	-12.229308063165881	138.0	32	1.05	0.95				
	307	2	59.771433070175426	11.954286614035087	0.0	0.0	3	0.9905242389851812	-17.294295728596826	138.0	32	1.05	0.95				
	308	1	81.76732043999999	16.736001259649118	0.0	0.0	3	0.9957001680251819	-15.09697494411905	138.0	32	1.05	0.95				
	309	1	83.68000629824562	17.214172724210524	0.0	0.0	3	1.0256071088156933	-6.847577318562616	138.0	33	1.05	0.95				
	310	1	93.24343558947368	19.12685858245614	0.0	0.0	3	1.05	-10.392630393961136	138.0	33	1.05	0.95				
	311	1	0.0	0.0	0.0	0.0	3	1.010606009424793	-5.165162114772494	230.0	33	1.05	0.95				
	312	1	0.0	0.0	0.0	0.0	3	1.0135043050153751	-4.7163022254574924	230.0	33	1.05	0.95				
	313	2	126.7154381087719	25.82125908631579	0.0	0.0	3	1.0118340465290288	-2.290953060450155	230.0	34	1.05	0.95				
	314	2	92.76526412491228	18.648687117894735	0.0	0.0	3	1.0108144859875834	-4.133514406860151	230.0	36	1.05	0.95				
	315	2	151.5803542659649	30.602973731929822	0.0	0.0	3	1.0416662798415122	0.4322110222194423	230.0	36	1.05	0.95				
	316	2	47.81714645614035	9.56342929122807	0.0	0.0	3	1.0367758313921256	0.1827760380711806	230.0	36	1.05	0.95				
	317	1	0.0	0.0	0.0	0.0	3	1.042202141743754	1.51705092772689	230.0	37	1.05	0.95				
	318	2	159.23109769894737	32.51565959017544	0.0	0.0	3	1.042791578738797	1.5699452782799668	230.0	37	1.05	0.95				
	319	1	86.54903508561404	17.692344188771926	0.0	0.0	3	1.0294069079156314	-0.8502390314743691	230.0	35	1.05	0.95				
	320	1	61.205947463859644	12.432458078596492	0.0	0.0	3	1.0265630437639306	-0.8286590276196654	230.0	35	1.05	0.95				
	321	2	0.0	0.0	0.0	0.0	3	1.045702432021772	2.687529977704379	230.0	37	1.05	0.95				
	322	2	0.0	0.0	0.0	0.0	3	1.05	6.5583283824587815	230.0	37	1.05	0.95				
	323	2	0.0	0.0	0.0	0.0	3	1.0257915624601175	-0.4484799191973808	230.0	35	1.05	0.95				
	324	1	0.0	0.0	0.0	0.0	3	1.040261738276894	0.6753583280724846	230.0	36	1.05	0.95				
	325	1	0.0	0.0	0.0	0.0	3	1.0251523299325143	0.4430844107646118	230.0	35	1.05	0.95				
];
