%% MATPOWER Case Format : Version 2
function mpc = RTS_GMLC
mpc.version = '2';

%%-----  Power Flow Data  -----%%
%% system MVA base
mpc.baseMVA = 100.0;
%% bus data
%    bus_i    type    Pd    Qd    Gs    Bs    area    Vm    Va    baseKV    zone    Vmax    Vmin
mpc.bus = [
	101	2	56.3913904168421	11.487135084912282	0.0	0.0	1	1.0322309936686624	-0.4731428700590319	138.0	11	1.05	0.95				
	102	2	50.64782287438596	10.442850077192983	0.0	0.0	1	1.029854281517401	-1.1136120008108867	138.0	12	1.05	0.95				
	103	1	93.98565069473685	19.319272642807018	0.0	0.0	1	1.028672933573715	0.8395700096119085	138.0	11	1.05	0.95				
	104	1	38.638545285614036	7.832137557894736	0.0	0.0	1	1.0211452764984688	-2.995948584172446	138.0	11	1.05	0.95				
	105	1	37.072117774035085	7.309995054035088	0.0	0.0	1	1.0340413755396403	-3.553166886426336	138.0	11	1.05	0.95				
	106	1	71.01138052491228	14.619990108070176	0.0	-100.0	1	1.0421966871302832	-5.914808121808469	138.0	12	1.05	0.95				
	107	2	65.26781298245614	13.053562596491227	0.0	0.0	1	0.9984143345607137	-12.031813337018335	138.0	12	1.05	0.95				
	108	1	89.28636816	18.274987635087715	0.0	0.0	1	0.999498560269799	-10.348771695814532	138.0	12	1.05	0.95				
	109	1	91.37493817543859	18.797130138947367	0.0	0.0	1	1.0247495707774574	-3.4147601741192117	138.0	13	1.05	0.95				
	110	1	101.81778825263157	20.885700154385965	0.0	0.0	1	1.05	-5.025615259633973	138.0	13	1.05	0.95				
	111	1	0.0	0.0	0.0	0.0	1	1.0104384520034062	-0.7194363773255076	230.0	13	1.05	0.95				
	112	1	0.0	0.0	0.0	0.0	1	1.0119759361628953	-1.4255322362964082	230.0	13	1.05	0.95				
	113	3	138.36776352280702	28.19569520842105	0.0	0.0	1	1.0047995132370529	-1.5445422943332644e-30	230.0	14	1.05	0.95				
	114	2	101.29564574877192	20.363557650526314	0.0	0.0	1	1.0165220649337563	2.2160627852382797	230.0	16	1.05	0.95				
	115	2	165.51917372350877	33.41712024701754	0.0	0.0	1	1.0401547826313422	11.343717565016593	230.0	16	1.05	0.95				
	116	2	52.21425038596491	10.442850077192983	0.0	0.0	1	1.035745024779163	9.522371734837385	230.0	16	1.05	0.95				
	117	1	0.0	0.0	0.0	0.0	1	1.0423920115609215	14.842838676441419	230.0	17	1.05	0.95				
	118	2	173.87345378526317	35.50569026245614	0.0	0.0	1	1.0499999966688782	15.972197977295938	230.0	17	1.05	0.95				
	119	1	94.50779319859649	19.319272642807018	0.0	0.0	1	1.0253433443344973	5.815389995194495	230.0	15	1.05	0.95				
	120	1	66.83424049403509	13.575705100350877	0.0	0.0	1	1.0227468597510518	3.3044273107320667	230.0	15	1.05	0.95				
	121	2	0.0	0.0	0.0	0.0	1	1.05	18.00235685256927	230.0	17	1.05	0.95				
	122	2	0.0	0.0	0.0	0.0	1	1.05	27.751205634759387	230.0	17	1.05	0.95				
	123	2	0.0	0.0	0.0	0.0	1	1.022722121179431	2.3215120190837872	230.0	15	1.05	0.95				
	124	1	0.0	0.0	0.0	0.0	1	1.02275511193445	7.412842143919229	230.0	16	1.05	0.95				
	201	2	51.18652606736842	10.426884939649122	0.0	0.0	2	1.0110898207074857	-13.587041770528627	138.0	21	1.05	0.95				
	202	2	45.973083597543855	9.47898630877193	0.0	0.0	2	1.0102618425808882	-13.84058963012446	138.0	22	1.05	0.95				
	203	1	85.31087677894736	17.53612467122807	0.0	0.0	2	1.0143131299134693	-10.30839415317331	138.0	21	1.05	0.95				
	204	1	35.07224934245614	7.109239731578946	0.0	0.0	2	1.0102118195283982	-13.024414126354586	138.0	21	1.05	0.95				
	205	1	33.65040139614035	6.635290416140351	0.0	0.0	2	1.0245036040637516	-13.425788587040627	138.0	21	1.05	0.95				
	206	1	64.45710689964913	13.270580832280702	0.0	-100.0	2	1.0396973765682833	-13.905091714015224	138.0	22	1.05	0.95				
	207	2	59.24366442982456	11.848732885964912	0.0	0.0	2	0.9932847561345165	-19.66858159857316	138.0	22	1.05	0.95				
	208	1	81.04533294	16.588226040350875	0.0	0.0	2	0.997480870510331	-17.48674563700061	138.0	22	1.05	0.95				
	209	1	82.94113020175439	17.06217535578947	0.0	0.0	2	1.0247588652069113	-10.404848325848182	138.0	23	1.05	0.95				
	210	1	92.42011651052631	18.95797261754386	0.0	0.0	2	1.05	-11.740339603947282	138.0	23	1.05	0.95				
	211	1	0.0	0.0	0.0	0.0	2	1.0086236019621513	-7.500712486035123	230.0	23	1.05	0.95				
	212	1	0.0	0.0	0.0	0.0	2	1.015521749804902	-3.4426049946771964	230.0	23	1.05	0.95				
	213	2	125.59656859122805	25.59326303368421	0.0	0.0	2	1.0079903682833864	-5.178600412878023	230.0	24	1.05	0.95				
	214	2	91.94616719508771	18.484023302105264	0.0	0.0	2	1.008548296079341	-5.867752494174131	230.0	26	1.05	0.95				
	215	2	150.24193299403507	30.332756188070174	0.0	0.0	2	1.0272234644418479	-0.2955355127339345	230.0	26	1.05	0.95				
	216	2	47.39493154385965	9.47898630877193	0.0	0.0	2	1.0277928830594047	-0.6731533381706545	230.0	26	1.05	0.95				
	217	1	0.0	0.0	0.0	0.0	2	1.0312295548674895	0.6310061762809888	230.0	27	1.05	0.95				
	218	2	157.82512204105262	32.22855344982457	0.0	0.0	2	1.0302039133628953	0.14416630489993834	230.0	27	1.05	0.95				
	219	1	85.78482609438596	17.53612467122807	0.0	0.0	2	1.0298575746856218	-0.5474188132279372	230.0	25	1.05	0.95				
	220	1	60.66551237614035	12.32268220140351	0.0	0.0	2	1.0350821543703987	0.4755829520050153	230.0	25	1.05	0.95				
	221	2	0.0	0.0	0.0	0.0	2	1.0322278744916713	0.7961138361389012	230.0	27	1.05	0.95				
	222	2	0.0	0.0	0.0	0.0	2	1.05	7.225637526172998	230.0	27	1.05	0.95				
	223	2	0.0	0.0	0.0	0.0	2	1.0390151797466838	1.3889496330197368	230.0	25	1.05	0.95				
	224	1	0.0	0.0	0.0	0.0	2	1.0100448184488438	-4.035786104573252	230.0	26	1.05	0.95				
	301	2	61.24327745684211	12.475482444912279	0.0	0.0	3	1.000606518128918	18.01554565424939	138.0	31	1.05	0.95				
	302	2	55.00553623438596	11.341347677192982	0.0	0.0	3	0.9999690164418245	17.866412341851596	138.0	32	1.05	0.95				
	303	1	102.07212909473684	20.981493202807012	0.0	0.0	3	1.0332265803164997	24.79452377360128	138.0	31	1.05	0.95				
	304	1	41.962986405614025	8.506010757894735	0.0	0.0	3	1.0052144056493506	19.61977498258367	138.0	31	1.05	0.95				
	305	1	40.261784254035085	7.938943374035087	0.0	0.0	3	1.017379919952955	18.940479059867254	138.0	31	1.05	0.95				
	306	1	77.12116420491228	15.877886748070175	0.0	-100.0	3	1.0342875063444454	18.8148474472226	138.0	32	1.05	0.95				
	307	2	70.88342298245614	14.176684596491226	0.0	0.0	3	0.9893185190901743	14.160464674958298	138.0	32	1.05	0.95				
	308	1	96.96852263999999	19.847358435087717	0.0	0.0	3	0.9974360219357923	16.737542449935376	138.0	32	1.05	0.95				
	309	1	99.23679217543858	20.414425818947365	0.0	0.0	3	1.028903935140949	23.354876545536996	138.0	33	1.05	0.95				
	310	1	110.57813985263157	22.682695354385963	0.0	0.0	3	1.05	21.68469644248116	138.0	33	1.05	0.95				
	311	1	0.0	0.0	0.0	0.0	3	1.0132087755080181	27.409307044072367	230.0	33	1.05	0.95				
	312	1	0.0	0.0	0.0	0.0	3	1.019146358928753	27.8122942914699	230.0	33	1.05	0.95				
	313	2	150.27285672280698	30.621638728421054	0.0	0.0	3	1.0255651252604039	33.10314227380803	230.0	34	1.05	0.95				
	314	2	110.01107246877191	22.115627970526315	0.0	0.0	3	1.0119537584495346	27.327040315338532	230.0	36	1.05	0.95				
	315	2	179.76036068350874	36.29231256701754	0.0	0.0	3	1.0382438565695926	24.910503117596722	230.0	36	1.05	0.95				
	316	2	56.706738385964904	11.341347677192982	0.0	0.0	3	1.0351856082886766	25.783085985728107	230.0	36	1.05	0.95				
	317	1	0.0	0.0	0.0	0.0	3	1.05	27.939213746466077	230.0	37	1.05	0.95				
	318	2	188.83343882526313	38.56058210245614	0.0	0.0	3	1.0474421938106573	24.366381765528317	230.0	37	1.05	0.95				
	319	1	102.63919647859647	20.981493202807012	0.0	0.0	3	1.0330897662322576	26.349850012200633	230.0	35	1.05	0.95				
	320	1	72.58462513403508	14.743751980350876	0.0	0.0	3	1.0326087525673677	26.60511452411057	230.0	35	1.05	0.95				
	321	2	0.0	0.0	0.0	0.0	3	1.046015356415063	25.21665614083542	230.0	37	1.05	0.95				
	322	2	0.0	0.0	0.0	0.0	3	1.05	30.628407060958004	230.0	37	1.05	0.95				
	323	2	0.0	0.0	0.0	0.0	3	1.0321866200642014	26.62447258766282	230.0	35	1.05	0.95				
	324	1	0.0	0.0	0.0	0.0	3	1.034617854293687	26.628414364404044	230.0	36	1.05	0.95				
	325	1	0.0	0.0	0.0	0.0	3	1.0351288466160533	25.89604753444491	230.0	35	1.05	0.95				
];
