%% MATPOWER Case Format : Version 2
function mpc = RTS_GMLC
mpc.version = '2';

%%-----  Power Flow Data  -----%%
%% system MVA base
mpc.baseMVA = 100.0;
%% bus data
%    bus_i    type    Pd    Qd    Gs    Bs    area    Vm    Va    baseKV    zone    Vmax    Vmin
mpc.bus = [
	101	2	59.94507668210527	12.21103413894737	0.0	0.0	1	1.009103405691753	-3.3964327630756084	138.0	11	1.05	0.95				
	102	2	53.83955961263158	11.100940126315791	0.0	0.0	1	1.0063224798747	-4.127729352071996	138.0	12	1.05	0.95				
	103	1	99.90846113684212	20.536739233684212	0.0	0.0	1	1.0192167257756461	0.8370871358031095	138.0	11	1.05	0.95				
	104	1	41.073478467368425	8.325705094736842	0.0	0.0	1	1.007178257088188	-5.411942292395042	138.0	11	1.05	0.95				
	105	1	39.40833744842106	7.770658088421054	0.0	0.0	1	1.0222187310572712	-5.659488205149317	138.0	11	1.05	0.95				
	106	1	75.48639285894738	15.541316176842107	0.0	-100.0	1	1.0359543789999495	-7.606302692105441	138.0	12	1.05	0.95				
	107	2	69.38087578947369	13.876175157894737	0.0	0.0	1	0.9935861268428299	-12.960771781822569	138.0	12	1.05	0.95				
	108	1	94.91303808	19.42664522105263	0.0	0.0	1	0.9956360900836071	-11.384264108623322	138.0	12	1.05	0.95				
	109	1	97.13322610526316	19.981692227368423	0.0	0.0	1	1.0246697980032065	-4.156410771412244	138.0	13	1.05	0.95				
	110	1	108.23416623157895	22.201880252631582	0.0	0.0	1	1.05	-6.12786501215405	138.0	13	1.05	0.95				
	111	1	0.0	0.0	0.0	0.0	1	1.0226558723812396	-0.5819998378860733	230.0	13	1.05	0.95				
	112	1	0.0	0.0	0.0	0.0	1	1.0183904560380141	-1.5988166961312749	230.0	13	1.05	0.95				
	113	3	147.08745667368422	29.972538341052633	0.0	0.0	1	1.0115513499332602	-4.5941992867973484e-30	230.0	14	1.05	0.95				
	114	2	107.67911922526316	21.64683324631579	0.0	0.0	1	1.05	3.3308935551911754	230.0	16	1.05	0.95				
	115	2	175.9499010021053	35.52300840421053	0.0	0.0	1	1.038138002083672	14.630337399070786	230.0	16	1.05	0.95				
	116	2	55.50470063157895	11.100940126315791	0.0	0.0	1	1.0391750239302802	12.482175673774268	230.0	16	1.05	0.95				
	117	1	0.0	0.0	0.0	0.0	1	1.038934353125978	19.423585132780538	230.0	17	1.05	0.95				
	118	2	184.8306531031579	37.74319642947369	0.0	0.0	1	1.0499999780280673	20.397762170115982	230.0	17	1.05	0.95				
	119	1	100.4635081431579	20.536739233684212	0.0	0.0	1	1.037285845087523	7.826346610405529	230.0	15	1.05	0.95				
	120	1	71.04601680842106	14.431222164210528	0.0	0.0	1	1.044272117447426	4.623834800275271	230.0	15	1.05	0.95				
	121	2	0.0	0.0	0.0	0.0	1	1.0479789997511821	22.4546717129474	230.0	17	1.05	0.95				
	122	2	0.0	0.0	0.0	0.0	1	1.05	40.37443574761386	230.0	17	1.05	0.95				
	123	2	0.0	0.0	0.0	0.0	1	1.05	3.2873270220379234	230.0	15	1.05	0.95				
	124	1	0.0	0.0	0.0	0.0	1	1.013544273068068	9.499953779147631	230.0	16	1.05	0.95				
	201	2	56.54147646315789	11.517708168421052	0.0	0.0	2	1.0200288286827768	-14.080704034821656	138.0	21	1.05	0.95				
	202	2	50.78262237894736	10.470643789473684	0.0	0.0	2	1.0191981037367075	-14.325523685964471	138.0	22	1.05	0.95				
	203	1	94.23579410526315	19.370691010526315	0.0	0.0	2	1.0133053881110459	-10.599287646671769	138.0	21	1.05	0.95				
	204	1	38.74138202105263	7.852982842105262	0.0	0.0	2	1.0127279419567832	-13.206776761605996	138.0	21	1.05	0.95				
	205	1	37.17078545263158	7.3294506526315795	0.0	0.0	2	1.0282515863385147	-13.639396984432453	138.0	21	1.05	0.95				
	206	1	71.20037776842105	14.658901305263159	0.0	-100.0	2	1.0404122019674602	-14.002757580345891	138.0	22	1.05	0.95				
	207	2	65.44152368421052	13.088304736842105	0.0	0.0	2	1.0016229380015862	-20.500346886532196	138.0	22	1.05	0.95				
	208	1	89.5240044	18.323626631578946	0.0	0.0	2	0.999976015885688	-18.020078480878237	138.0	22	1.05	0.95				
	209	1	91.61813315789473	18.847158821052627	0.0	0.0	2	1.0241824351753943	-10.13783245970348	138.0	23	1.05	0.95				
	210	1	102.08877694736842	20.941287578947367	0.0	0.0	2	1.05	-11.5191719842301	138.0	23	1.05	0.95				
	211	1	0.0	0.0	0.0	0.0	2	1.0117896317025914	-6.6409798980919605	230.0	23	1.05	0.95				
	212	1	0.0	0.0	0.0	0.0	2	1.0085777129556974	-2.197800662822387	230.0	23	1.05	0.95				
	213	2	138.7360302105263	28.270738231578946	0.0	0.0	2	1.0093456920734223	-3.621971931583585	230.0	24	1.05	0.95				
	214	2	101.56524475789472	20.417755389473687	0.0	0.0	2	1.019072418730711	-5.039724138779802	230.0	26	1.05	0.95				
	215	2	165.9597040631579	33.50606012631579	0.0	0.0	2	1.0285868532566904	0.07711259511028434	230.0	26	1.05	0.95				
	216	2	52.35321894736842	10.470643789473684	0.0	0.0	2	1.0274911706283578	0.5251955623192579	230.0	26	1.05	0.95				
	217	1	0.0	0.0	0.0	0.0	2	1.0360638542989753	1.470175004417306	230.0	27	1.05	0.95				
	218	2	174.33621909473683	35.600188884210525	0.0	0.0	2	1.034035617361095	0.7795806417722316	230.0	27	1.05	0.95				
	219	1	94.75932629473685	19.370691010526315	0.0	0.0	2	1.0199051518414963	1.976578066817572	230.0	25	1.05	0.95				
	220	1	67.01212025263158	13.61183692631579	0.0	0.0	2	1.0182314679465652	4.282140200097669	230.0	25	1.05	0.95				
	221	2	0.0	0.0	0.0	0.0	2	1.0349093234461817	1.3521814519543358	230.0	27	1.05	0.95				
	222	2	0.0	0.0	0.0	0.0	2	1.05	7.89662817132538	230.0	27	1.05	0.95				
	223	2	0.0	0.0	0.0	0.0	2	1.019466448322683	5.959376953951533	230.0	25	1.05	0.95				
	224	1	0.0	0.0	0.0	0.0	2	1.009701836017517	-3.9029548387410675	230.0	26	1.05	0.95				
	301	2	61.51660866947369	12.53116102526316	0.0	0.0	3	1.0080220978064296	18.436379086102598	138.0	31	1.05	0.95				
	302	2	55.25102815684211	11.391964568421054	0.0	0.0	3	1.0066782739723021	18.0890515149203	138.0	32	1.05	0.95				
	303	1	102.52768111578949	21.07513445157895	0.0	0.0	3	1.05	32.9436268074421	138.0	31	1.05	0.95				
	304	1	42.1502689031579	8.543973426315791	0.0	0.0	3	1.0065378138496002	19.79034484572494	138.0	31	1.05	0.95				
	305	1	40.44147421789474	7.974375197894738	0.0	0.0	3	1.0217190399263445	17.57733962954525	138.0	31	1.05	0.95				
	306	1	77.46535906526317	15.948750395789476	0.0	-100.0	3	1.0359590048879252	16.45809948110808	138.0	32	1.05	0.95				
	307	2	71.19977855263159	14.239955710526317	0.0	0.0	3	0.9857674393616027	10.504292174061852	138.0	32	1.05	0.95				
	308	1	97.40129706	19.935937994736843	0.0	0.0	3	0.988667542414449	13.20691888776832	138.0	32	1.05	0.95				
	309	1	99.67968997368422	20.505536223157897	0.0	0.0	3	1.0258331553407403	23.511384405299097	138.0	33	1.05	0.95				
	310	1	111.07165454210528	22.783929136842108	0.0	0.0	3	1.05	18.554102876485135	138.0	33	1.05	0.95				
	311	1	0.0	0.0	0.0	0.0	3	1.0162494307869798	23.409252662108024	230.0	33	1.05	0.95				
	312	1	0.0	0.0	0.0	0.0	3	1.0188076288141787	23.17551688250738	230.0	33	1.05	0.95				
	313	2	150.94353053157897	30.758304334736845	0.0	0.0	3	1.0144285595646891	24.051236911900798	230.0	34	1.05	0.95				
	314	2	110.50205631368422	22.214330908421054	0.0	0.0	3	1.0214615429168445	25.275292489197113	230.0	36	1.05	0.95				
	315	2	180.5626384094737	36.45428661894737	0.0	0.0	3	1.044977731509471	27.09081577395006	230.0	36	1.05	0.95				
	316	2	56.95982284210527	11.391964568421054	0.0	0.0	3	1.0445117614069386	26.74314445573152	230.0	36	1.05	0.95				
	317	1	0.0	0.0	0.0	0.0	3	1.05	31.25836227719771	230.0	37	1.05	0.95				
	318	2	189.67621006421055	38.732679532631586	0.0	0.0	3	1.0408453130785085	27.60081433790874	230.0	37	1.05	0.95				
	319	1	103.09727934421053	21.07513445157895	0.0	0.0	3	1.03429884269472	24.82295373862259	230.0	35	1.05	0.95				
	320	1	72.90857323789474	14.80955393894737	0.0	0.0	3	1.0304894631887749	24.22184154596135	230.0	35	1.05	0.95				
	321	2	0.0	0.0	0.0	0.0	3	1.046053217932866	28.09723365525468	230.0	37	1.05	0.95				
	322	2	0.0	0.0	0.0	0.0	3	1.05	33.681459541392044	230.0	37	1.05	0.95				
	323	2	0.0	0.0	0.0	0.0	3	1.0287107386632752	23.982158510014198	230.0	35	1.05	0.95				
	324	1	0.0	0.0	0.0	0.0	3	1.0466465282964728	31.028614690481522	230.0	36	1.05	0.95				
	325	1	0.0	0.0	0.0	0.0	3	1.0314254096818083	23.86143146226532	230.0	35	1.05	0.95				
];
