%% MATPOWER Case Format : Version 2
function mpc = RTS_GMLC
mpc.version = '2';

%%-----  Power Flow Data  -----%%
%% system MVA base
mpc.baseMVA = 100.0;
%% bus data
%    bus_i    type    Pd    Qd    Gs    Bs    area    Vm    Va    baseKV    zone    Vmax    Vmin
mpc.bus = [
	101	2	39.477981183157894	8.041810981754386	0.0	0.0	1	1.0337675929103751	2.486584476675992	138.0	11	1.05	0.95				
	102	2	35.457075692280696	7.310737256140351	0.0	0.0	1	1.0329039881016107	2.2364110905037706	138.0	12	1.05	0.95				
	103	1	65.79663530526315	13.524863923859648	0.0	0.0	1	1.0285833287552661	0.5442237733131917	138.0	11	1.05	0.95				
	104	1	27.049727847719296	5.483052942105263	0.0	0.0	1	1.0221838281025544	-0.8371980660007414	138.0	11	1.05	0.95				
	105	1	25.953117259298242	5.117516079298246	0.0	0.0	1	1.036848598179643	-0.5762951885904615	138.0	11	1.05	0.95				
	106	1	49.71301334175438	10.235032158596493	0.0	-100.0	1	1.0471728194215746	-2.7143906786877867	138.0	12	1.05	0.95				
	107	2	45.69210785087719	9.138421570175439	0.0	0.0	1	1.0008014283344595	-8.841441585575808	138.0	12	1.05	0.95				
	108	1	62.50680354	12.793790198245613	0.0	0.0	1	1.0061130946363042	-7.154464309972215	138.0	12	1.05	0.95				
	109	1	63.96895099122807	13.15932706105263	0.0	0.0	1	1.0242256900097377	-1.8678899011775458	138.0	13	1.05	0.95				
	110	1	71.27968824736841	14.621474512280702	0.0	0.0	1	1.05	-2.5290857657262014	138.0	13	1.05	0.95				
	111	1	0.0	0.0	0.0	0.0	1	1.0009423484431412	-0.22406735223446492	230.0	13	1.05	0.95				
	112	1	0.0	0.0	0.0	0.0	1	1.006446123910665	-0.19694882559642846	230.0	13	1.05	0.95				
	113	3	96.86726864385963	19.738990591578947	0.0	0.0	1	0.991965802423665	-3.3327067502527144e-31	230.0	14	1.05	0.95				
	114	2	70.91415138456139	14.255937649473685	0.0	0.0	1	0.9958650134646588	1.703396074201038	230.0	16	1.05	0.95				
	115	2	115.87518550982456	23.39435921964912	0.0	0.0	1	1.0324939944679012	6.887255622836489	230.0	16	1.05	0.95				
	116	2	36.553686280701754	7.310737256140351	0.0	0.0	1	1.0281997272992927	6.5067801365609	230.0	16	1.05	0.95				
	117	1	0.0	0.0	0.0	0.0	1	1.0372156417710863	8.930330969432514	230.0	17	1.05	0.95				
	118	2	121.72377531473684	24.85650667087719	0.0	0.0	1	1.0406686837977839	9.080268821303681	230.0	17	1.05	0.95				
	119	1	66.16217216807017	13.524863923859648	0.0	0.0	1	1.0208410807035357	4.95925747076403	230.0	15	1.05	0.95				
	120	1	46.78871843929824	9.503958432982456	0.0	0.0	1	1.0170391389259918	4.3251290415915085	230.0	15	1.05	0.95				
	121	2	0.0	0.0	0.0	0.0	1	1.044795745372444	10.062371119042973	230.0	17	1.05	0.95				
	122	2	0.0	0.0	0.0	0.0	1	1.05	17.51962211325461	230.0	17	1.05	0.95				
	123	2	0.0	0.0	0.0	0.0	1	1.0151854466862393	4.264036709773023	230.0	15	1.05	0.95				
	124	1	0.0	0.0	0.0	0.0	1	1.0225276679121185	4.500613660496422	230.0	16	1.05	0.95				
	201	2	41.9726113768421	8.549976391578948	0.0	0.0	2	1.0186427919020165	-11.780119028250871	138.0	21	1.05	0.95				
	202	2	37.697623181052634	7.7727058105263165	0.0	0.0	2	1.0185351744769888	-11.866243660322288	138.0	22	1.05	0.95				
	203	1	69.95435229473685	14.379505749473683	0.0	0.0	2	1.0156010549135372	-9.227345019856875	138.0	21	1.05	0.95				
	204	1	28.759011498947366	5.829529357894737	0.0	0.0	2	1.0148695858522292	-12.435173346677585	138.0	21	1.05	0.95				
	205	1	27.59310562736842	5.440894067368421	0.0	0.0	2	1.0297165422810202	-12.78874953178413	138.0	21	1.05	0.95				
	206	1	52.854399511578954	10.881788134736842	0.0	-100.0	2	1.0440446497601858	-13.787856651821919	138.0	22	1.05	0.95				
	207	2	48.57941131578947	9.715882263157894	0.0	0.0	2	0.9948276426005896	-18.840380190914185	138.0	22	1.05	0.95				
	208	1	66.45663468000001	13.60223516842105	0.0	0.0	2	1.0014205927819155	-17.110680852771544	138.0	22	1.05	0.95				
	209	1	68.01117584210526	13.990870458947368	0.0	0.0	2	1.022469272236559	-11.287043718816435	138.0	23	1.05	0.95				
	210	1	75.78388165263158	15.545411621052633	0.0	0.0	2	1.05	-12.553056779396895	138.0	23	1.05	0.95				
	211	1	0.0	0.0	0.0	0.0	2	1.003894790054816	-8.64650509916198	230.0	23	1.05	0.95				
	212	1	0.0	0.0	0.0	0.0	2	1.0073402509941656	-7.988125975214941	230.0	23	1.05	0.95				
	213	2	102.9883519894737	20.98630568842105	0.0	0.0	2	0.9990200373413992	-7.495566148228593	230.0	24	1.05	0.95				
	214	2	75.39524636210527	15.156776330526316	0.0	0.0	2	1.0029011042273852	-6.249328044680544	230.0	26	1.05	0.95				
	215	2	123.19738709684209	24.87265859368421	0.0	0.0	2	1.018531677915314	-0.2662849073550001	230.0	26	1.05	0.95				
	216	2	38.86352905263158	7.7727058105263165	0.0	0.0	2	1.0200040492600282	-0.49786598655544884	230.0	26	1.05	0.95				
	217	1	0.0	0.0	0.0	0.0	2	1.0243600931581913	1.251409860634147	230.0	27	1.05	0.95				
	218	2	129.41555174526314	26.427199755789477	0.0	0.0	2	1.0237368998656255	0.7630653687081145	230.0	27	1.05	0.95				
	219	1	70.34298758526316	14.379505749473683	0.0	0.0	2	1.0213125902762024	-0.8228533899089198	230.0	25	1.05	0.95				
	220	1	49.74531718736842	10.104517553684211	0.0	0.0	2	1.024869469761437	-0.3377967677266806	230.0	25	1.05	0.95				
	221	2	0.0	0.0	0.0	0.0	2	1.0256132350959517	1.2274290157682541	230.0	27	1.05	0.95				
	222	2	0.0	0.0	0.0	0.0	2	1.047567876049298	7.75756267962098	230.0	27	1.05	0.95				
	223	2	0.0	0.0	0.0	0.0	2	1.0273101039101176	0.22716395127402245	230.0	25	1.05	0.95				
	224	1	0.0	0.0	0.0	0.0	2	1.0063953214754526	-3.646626775406589	230.0	26	1.05	0.95				
	301	2	48.99462195789474	9.980385954385966	0.0	0.0	3	1.0246981675642464	-9.221429802058616	138.0	31	1.05	0.95				
	302	2	44.00442898070175	9.073078140350878	0.0	0.0	3	1.0223806693617898	-9.58163215338328	138.0	32	1.05	0.95				
	303	1	81.6577032631579	16.78519455964912	0.0	0.0	3	1.05	5.239946133420635	138.0	31	1.05	0.95				
	304	1	33.57038911929824	6.804808605263157	0.0	0.0	3	1.0131742282917986	-8.648986823324712	138.0	31	1.05	0.95				
	305	1	32.209427398245616	6.351154698245614	0.0	0.0	3	1.0315575094863356	-10.340625995441867	138.0	31	1.05	0.95				
	306	1	61.696931354385974	12.702309396491229	0.0	-100.0	3	1.0425974625868322	-11.517725030383973	138.0	32	1.05	0.95				
	307	2	56.70673837719299	11.341347675438596	0.0	0.0	3	0.979622004676925	-16.200480083699688	138.0	32	1.05	0.95				
	308	1	77.5748181	15.877886745614035	0.0	0.0	3	0.9888702272901831	-14.144231956734362	138.0	32	1.05	0.95				
	309	1	79.38943372807017	16.331540652631578	0.0	0.0	3	1.01949762730892	-5.999952524141864	138.0	33	1.05	0.95				
	310	1	88.46251186842106	18.146156280701756	0.0	0.0	3	1.0492992200324083	-10.020248709589278	138.0	33	1.05	0.95				
	311	1	0.0	0.0	0.0	0.0	3	1.0059210590219017	-5.778737155113568	230.0	33	1.05	0.95				
	312	1	0.0	0.0	0.0	0.0	3	1.0111847447666402	-4.967722842774299	230.0	33	1.05	0.95				
	313	2	120.21828535964912	24.49731097894737	0.0	0.0	3	1.0085033459967618	-2.8825689303912294	230.0	34	1.05	0.95				
	314	2	88.0088579614035	17.692502373684214	0.0	0.0	3	1.0004384996193918	-5.9752588766260475	230.0	36	1.05	0.95				
	315	2	143.8082885245614	29.03385004912281	0.0	0.0	3	1.0409781324287168	-3.1715182391366894	230.0	36	1.05	0.95				
	316	2	45.365390701754386	9.073078140350878	0.0	0.0	3	1.0325442273406684	-3.5379278950663937	230.0	36	1.05	0.95				
	317	1	0.0	0.0	0.0	0.0	3	1.0384147380711817	-2.0508730480308937	230.0	37	1.05	0.95				
	318	2	151.0667510368421	30.848465677192987	0.0	0.0	3	1.0369706013141682	-2.4830935810230335	230.0	37	1.05	0.95				
	319	1	82.11135717017545	16.78519455964912	0.0	0.0	3	1.024936076649792	-3.6079977332085726	230.0	35	1.05	0.95				
	320	1	58.06770009824562	11.795001582456141	0.0	0.0	3	1.0215126205824925	-2.780310030248747	230.0	35	1.05	0.95				
	321	2	0.0	0.0	0.0	0.0	3	1.0396990169226665	-2.1756893365657066	230.0	37	1.05	0.95				
	322	2	0.0	0.0	0.0	0.0	3	1.05	2.1874219810026307	230.0	37	1.05	0.95				
	323	2	0.0	0.0	0.0	0.0	3	1.020552706003409	-1.9689052291064577	230.0	35	1.05	0.95				
	324	1	0.0	0.0	0.0	0.0	3	1.041632000277427	0.04882968621836437	230.0	36	1.05	0.95				
	325	1	0.0	0.0	0.0	0.0	3	1.0196114244189705	-0.9418667115251745	230.0	35	1.05	0.95				
];
