%% MATPOWER Case Format : Version 2
function mpc = RTS_GMLC
mpc.version = '2';

%%-----  Power Flow Data  -----%%
%% system MVA base
mpc.baseMVA = 100.0;
%% bus data
%    bus_i    type    Pd    Qd    Gs    Bs    area    Vm    Va    baseKV    zone    Vmax    Vmin
mpc.bus = [
	101	2	78.76892626105264	16.045522016140353	0.0	0.0	1	1.0339522201102394	-2.869021097277223	138.0	11	1.05	0.95				
	102	2	70.74616525298246	14.58683819649123	0.0	0.0	1	1.0340467505668496	-2.922709632897529	138.0	12	1.05	0.95				
	103	1	131.28154376842107	26.985650663508775	0.0	0.0	1	1.0187957632653786	-3.4701901529480375	138.0	11	1.05	0.95				
	104	1	53.97130132701755	10.940128647368422	0.0	0.0	1	1.0168815801071334	-5.7145814824093915	138.0	11	1.05	0.95				
	105	1	51.78327559754386	10.210786737543861	0.0	0.0	1	1.0323139532980319	-5.739756402794696	138.0	11	1.05	0.95				
	106	1	99.19049973614037	20.421573475087722	0.0	-100.0	1	1.0372013195550704	-8.01256736330319	138.0	12	1.05	0.95				
	107	2	91.16773872807018	18.233547745614036	0.0	0.0	1	1.0462795275993966	-5.07668099461539	138.0	12	1.05	0.95				
	108	1	124.71746658	25.52696684385965	0.0	0.0	1	1.0239438364946167	-7.593533078285728	138.0	12	1.05	0.95				
	109	1	127.63483421929827	26.25630875368421	0.0	0.0	1	1.0261493859379818	-5.050165965587773	138.0	13	1.05	0.95				
	110	1	142.2216724157895	29.17367639298246	0.0	0.0	1	1.05	-6.351863336553689	138.0	13	1.05	0.95				
	111	1	0.0	0.0	0.0	0.0	1	1.0117338655019499	-2.020321428365716	230.0	13	1.05	0.95				
	112	1	0.0	0.0	0.0	0.0	1	1.015913018210369	-1.1267149577433175	230.0	13	1.05	0.95				
	113	3	193.27560610350878	39.38446313052632	0.0	0.0	1	1.0158877575507934	-2.786097876582001e-30	230.0	14	1.05	0.95				
	114	2	141.49233050596493	28.444334483157903	0.0	0.0	1	1.0102005376117693	-0.044694748655167024	230.0	16	1.05	0.95				
	115	2	231.20138541438598	46.677882228771935	0.0	0.0	1	1.0399777420732004	7.457436216915284	230.0	16	1.05	0.95				
	116	2	72.93419098245614	14.58683819649123	0.0	0.0	1	1.0376324676992743	7.158335053772853	230.0	16	1.05	0.95				
	117	1	0.0	0.0	0.0	0.0	1	1.0441868297344434	10.008245452123873	230.0	17	1.05	0.95				
	118	2	242.87085597157895	49.595249868070184	0.0	0.0	1	1.047163218767238	10.578343065878492	230.0	17	1.05	0.95				
	119	1	132.01088567824564	26.985650663508775	0.0	0.0	1	1.033392659941346	5.97999309202048	230.0	15	1.05	0.95				
	120	1	93.35576445754387	18.9628896554386	0.0	0.0	1	1.0362139376765767	6.345652955705824	230.0	15	1.05	0.95				
	121	2	0.0	0.0	0.0	0.0	1	1.05	11.182314268369787	230.0	17	1.05	0.95				
	122	2	0.0	0.0	0.0	0.0	1	1.05	17.24154020595081	230.0	17	1.05	0.95				
	123	2	0.0	0.0	0.0	0.0	1	1.039801021155107	7.08686477863878	230.0	15	1.05	0.95				
	124	1	0.0	0.0	0.0	0.0	1	1.0184284429409298	3.4060542784545014	230.0	16	1.05	0.95				
	201	2	71.84133481263159	14.63434598035088	0.0	0.0	2	1.034033916851954	-13.98782340060484	138.0	21	1.05	0.95				
	202	2	64.52416182245614	13.303950891228073	0.0	0.0	2	1.0341591618697872	-14.110524655253595	138.0	22	1.05	0.95				
	203	1	119.73555802105264	24.61230914877193	0.0	0.0	2	1.0261002099196759	-10.102306643275528	138.0	21	1.05	0.95				
	204	1	49.22461829754386	9.977963168421052	0.0	0.0	2	1.0173531132535072	-16.121398294490326	138.0	21	1.05	0.95				
	205	1	47.22902566385965	9.31276562385965	0.0	0.0	2	1.0333573237125149	-16.592107697083524	138.0	21	1.05	0.95				
	206	1	90.4668660603509	18.6255312477193	0.0	-100.0	2	1.03928275542654	-18.68479270707937	138.0	22	1.05	0.95				
	207	2	83.14969307017545	16.62993861403509	0.0	0.0	2	0.9780577149897002	-28.617000564280488	138.0	22	1.05	0.95				
	208	1	113.74878012	23.28191405964912	0.0	0.0	2	0.9793979386560012	-25.36914758827393	138.0	22	1.05	0.95				
	209	1	116.40957029824564	23.947111604210527	0.0	0.0	2	1.0242759968007724	-15.06933508476827	138.0	23	1.05	0.95				
	210	1	129.7135211894737	26.607901782456146	0.0	0.0	2	1.05	-17.136025087410175	138.0	23	1.05	0.95				
	211	1	0.0	0.0	0.0	0.0	2	1.021382494863443	-11.271629809177357	230.0	23	1.05	0.95				
	212	1	0.0	0.0	0.0	0.0	2	1.0182019691169242	-10.602695045149222	230.0	23	1.05	0.95				
	213	2	176.27734930877196	35.92066740631579	0.0	0.0	2	1.026391642358609	-10.108875528606504	230.0	24	1.05	0.95				
	214	2	129.04832364491227	25.94270423789474	0.0	0.0	2	1.0343550587386707	-7.546603299962834	230.0	26	1.05	0.95				
	215	2	210.86762162596494	42.57264285192983	0.0	0.0	2	1.043626435309845	2.310333954200948	230.0	26	1.05	0.95				
	216	2	66.51975445614036	13.303950891228073	0.0	0.0	2	1.0455508812904573	1.7801909484252298	230.0	26	1.05	0.95				
	217	1	0.0	0.0	0.0	0.0	2	1.047568696190099	5.64112901468527	230.0	27	1.05	0.95				
	218	2	221.51078233894742	45.23343303017545	0.0	0.0	2	1.049827948480421	6.504452400545592	230.0	27	1.05	0.95				
	219	1	120.40075556561405	24.61230914877193	0.0	0.0	2	1.042954947014364	0.3382880570645835	230.0	25	1.05	0.95				
	220	1	85.14528570385966	17.295136158596495	0.0	0.0	2	1.046472554221433	0.33315833182389837	230.0	25	1.05	0.95				
	221	2	0.0	0.0	0.0	0.0	2	1.05	6.823006660771036	230.0	27	1.05	0.95				
	222	2	0.0	0.0	0.0	0.0	2	1.05	12.870960757825303	230.0	27	1.05	0.95				
	223	2	0.0	0.0	0.0	0.0	2	1.05	0.8150793741572221	230.0	25	1.05	0.95				
	224	1	0.0	0.0	0.0	0.0	2	1.0214284304677774	-2.3112894749550206	230.0	26	1.05	0.95				
	301	2	69.15279975157895	14.086681430877194	0.0	0.0	3	1.042935236444729	-10.855323694916748	138.0	31	1.05	0.95				
	302	2	62.10945903614034	12.806074028070178	0.0	0.0	3	1.0402076648499243	-11.23879952700209	138.0	32	1.05	0.95				
	303	1	115.2546662526316	23.691236951929824	0.0	0.0	3	1.05	6.389782171110772	138.0	31	1.05	0.95				
	304	1	47.38247390385965	9.604555521052632	0.0	0.0	3	1.0113274805325834	-9.203108990227756	138.0	31	1.05	0.95				
	305	1	45.461562799649116	8.964251819649125	0.0	0.0	3	1.032849690427228	-11.495546466834845	138.0	31	1.05	0.95				
	306	1	87.0813033908772	17.92850363929825	0.0	-100.0	3	1.033054226209256	-12.582305938659896	138.0	32	1.05	0.95				
	307	2	80.0379626754386	16.00759253508772	0.0	0.0	3	0.962187026145053	-9.482256354924395	138.0	32	1.05	0.95				
	308	1	109.49193294	22.410629549122806	0.0	0.0	3	0.970694281154201	-10.808392981288614	138.0	32	1.05	0.95				
	309	1	112.05314774561404	23.050933250526313	0.0	0.0	3	1.010434376856284	-4.817867253141295	138.0	33	1.05	0.95				
	310	1	124.8592217736842	25.612148056140356	0.0	0.0	3	1.0383727975749333	-10.10224838861085	138.0	33	1.05	0.95				
	311	1	0.0	0.0	0.0	0.0	3	0.9960682493753251	-4.9048297876783185	230.0	33	1.05	0.95				
	312	1	0.0	0.0	0.0	0.0	3	0.9998314438823814	-3.5777445292918992	230.0	33	1.05	0.95				
	313	2	169.68048087192983	34.57639987578948	0.0	0.0	3	0.9967501789415277	-1.2065039379532962	230.0	34	1.05	0.95				
	314	2	124.21891807228069	24.971844354736845	0.0	0.0	3	0.9942183301114219	-5.462614294352364	230.0	36	1.05	0.95				
	315	2	202.97627334491227	40.97943688982456	0.0	0.0	3	1.05	-2.388659213569335	230.0	36	1.05	0.95				
	316	2	64.03037014035088	12.806074028070178	0.0	0.0	3	1.0394569321958567	-2.33487569134358	230.0	36	1.05	0.95				
	317	1	0.0	0.0	0.0	0.0	3	1.047111249208842	-0.6253465496959691	230.0	37	1.05	0.95				
	318	2	213.22113256736844	43.5406516954386	0.0	0.0	3	1.0461991341883314	-1.5671534669204574	230.0	37	1.05	0.95				
	319	1	115.8949699540351	23.691236951929824	0.0	0.0	3	1.0243537864666117	-2.0509937977479646	230.0	35	1.05	0.95				
	320	1	81.95887377964912	16.64789623649123	0.0	0.0	3	1.0168200529253377	-0.5446291177857879	230.0	35	1.05	0.95				
	321	2	0.0	0.0	0.0	0.0	3	1.0489048012054278	-1.289868492341149	230.0	37	1.05	0.95				
	322	2	0.0	0.0	0.0	0.0	3	1.05	3.312992838416405	230.0	37	1.05	0.95				
	323	2	0.0	0.0	0.0	0.0	3	1.0148751479804452	0.7930997169780574	230.0	35	1.05	0.95				
	324	1	0.0	0.0	0.0	0.0	3	1.0471397022541504	0.9671550336348166	230.0	36	1.05	0.95				
	325	1	0.0	0.0	0.0	0.0	3	1.0155563912594752	1.698541927978268	230.0	35	1.05	0.95				
];
