%% MATPOWER Case Format : Version 2
function mpc = RTS_GMLC
mpc.version = '2';

%%-----  Power Flow Data  -----%%
%% system MVA base
mpc.baseMVA = 100.0;
%% bus data
%    bus_i    type    Pd    Qd    Gs    Bs    area    Vm    Va    baseKV    zone    Vmax    Vmin
mpc.bus = [
	101	2	44.56803562105263	9.078673922807019	0.0	0.0	1	1.0327785357888517	1.8745942992912168	138.0	11	1.05	0.95				
	102	2	40.02869865964912	8.25333992982456	0.0	0.0	1	1.0318702816478618	1.617393235384758	138.0	12	1.05	0.95				
	103	1	74.28005936842106	15.268678870175439	0.0	0.0	1	1.028637900983609	0.358889974705874	138.0	11	1.05	0.95				
	104	1	30.537357740350878	6.190004947368421	0.0	0.0	1	1.021186277989757	-1.2895312252924018	138.0	11	1.05	0.95				
	105	1	29.29935675087719	5.777337950877193	0.0	0.0	1	1.035822389043763	-1.082754068412895	138.0	11	1.05	0.95				
	106	1	56.12271152280702	11.554675901754386	0.0	-100.0	1	1.0457059054913203	-3.2005490124455673	138.0	12	1.05	0.95				
	107	2	51.5833745614035	10.316674912280702	0.0	0.0	1	1.0014827094411567	-7.945764235661507	138.0	12	1.05	0.95				
	108	1	70.5660564	14.443344877192981	0.0	0.0	1	1.0057212743546424	-6.877862619020868	138.0	12	1.05	0.95				
	109	1	72.21672438596491	14.85601187368421	0.0	0.0	1	1.0246964549158286	-1.9903872217289105	138.0	13	1.05	0.95				
	110	1	80.47006431578947	16.50667985964912	0.0	0.0	1	1.05	-2.776794031850364	138.0	13	1.05	0.95				
	111	1	0.0	0.0	0.0	0.0	1	1.0032158972177383	-0.25796055819472624	230.0	13	1.05	0.95				
	112	1	0.0	0.0	0.0	0.0	1	1.007975644571845	0.10792923945228111	230.0	13	1.05	0.95				
	113	3	109.35675407017544	22.284017810526315	0.0	0.0	1	0.9949627455504485	-3.372171690336124e-28	230.0	14	1.05	0.95				
	114	2	80.05739731929825	16.094012863157893	0.0	0.0	1	0.9999795311612538	1.774973455320716	230.0	16	1.05	0.95				
	115	2	130.8154378877193	26.410687775438596	0.0	0.0	1	1.0366598530774864	7.4994880567458	230.0	16	1.05	0.95				
	116	2	41.266699649122806	8.25333992982456	0.0	0.0	1	1.032294305011082	7.022805427863024	230.0	16	1.05	0.95				
	117	1	0.0	0.0	0.0	0.0	1	1.0400959873918245	8.947662032720364	230.0	17	1.05	0.95				
	118	2	137.41810983157893	28.06135576140351	0.0	0.0	1	1.042640222885027	8.968330693096458	230.0	17	1.05	0.95				
	119	1	74.69272636491229	15.268678870175439	0.0	0.0	1	1.025986770467831	6.0280571217503525	230.0	15	1.05	0.95				
	120	1	52.82137555087719	10.72934190877193	0.0	0.0	1	1.0233154199699532	5.964356618798089	230.0	15	1.05	0.95				
	121	2	0.0	0.0	0.0	0.0	1	1.0465532563154378	9.932396907408025	230.0	17	1.05	0.95				
	122	2	0.0	0.0	0.0	0.0	1	1.05	16.551926736476783	230.0	17	1.05	0.95				
	123	2	0.0	0.0	0.0	0.0	1	1.0223257282247709	6.250571240360788	230.0	15	1.05	0.95				
	124	1	0.0	0.0	0.0	0.0	1	1.0243447294566481	4.823578953948275	230.0	16	1.05	0.95				
	201	2	45.49157878736843	9.266803086315791	0.0	0.0	2	1.026246494871196	-6.6235288272500865	138.0	21	1.05	0.95				
	202	2	40.85817724421053	8.424366442105265	0.0	0.0	2	1.0272069929614283	-6.421076284187323	138.0	22	1.05	0.95				
	203	1	75.81929797894739	15.585077917894738	0.0	0.0	2	1.0184354456001932	-6.143503036880165	138.0	21	1.05	0.95				
	204	1	31.170155835789476	6.318274831578948	0.0	0.0	2	1.0184165581024347	-8.151629709271655	138.0	21	1.05	0.95				
	205	1	29.906500869473685	5.8970565094736855	0.0	0.0	2	1.0329975396191162	-8.396578594460355	138.0	21	1.05	0.95				
	206	1	57.285691806315796	11.794113018947371	0.0	-100.0	2	1.0449059003330432	-9.764942903870482	138.0	22	1.05	0.95				
	207	2	52.652290263157894	10.53045805263158	0.0	0.0	2	0.9918997125093423	-15.87934114505797	138.0	22	1.05	0.95				
	208	1	72.02833308000001	14.742641273684212	0.0	0.0	2	0.9985452979622861	-13.985025613854186	138.0	22	1.05	0.95				
	209	1	73.71320636842107	15.163859595789475	0.0	0.0	2	1.0230554467535882	-7.837717123772985	138.0	23	1.05	0.95				
	210	1	82.13757281052632	16.84873288421053	0.0	0.0	2	1.05	-8.843441640622213	138.0	23	1.05	0.95				
	211	1	0.0	0.0	0.0	0.0	2	1.0045256341307072	-5.1760031755297495	230.0	23	1.05	0.95				
	212	1	0.0	0.0	0.0	0.0	2	1.0078234185672377	-4.580552850185399	230.0	23	1.05	0.95				
	213	2	111.62285535789476	22.745789393684216	0.0	0.0	2	0.9980771831200281	-4.188668969364789	230.0	24	1.05	0.95				
	214	2	81.71635448842106	16.427514562105266	0.0	0.0	2	1.0048914550630559	-2.7531032662305193	230.0	26	1.05	0.95				
	215	2	133.52620810736843	26.957972614736846	0.0	0.0	2	1.025305528678677	3.2587955831140656	230.0	26	1.05	0.95				
	216	2	42.12183221052632	8.424366442105265	0.0	0.0	2	1.0261232524524855	3.20125623874255	230.0	26	1.05	0.95				
	217	1	0.0	0.0	0.0	0.0	2	1.0320548542472157	5.651489452252041	230.0	27	1.05	0.95				
	218	2	140.26570126105267	28.642845903157898	0.0	0.0	2	1.0333155018686386	5.97921750403296	230.0	27	1.05	0.95				
	219	1	76.24051630105264	15.585077917894738	0.0	0.0	2	1.0253897763883344	2.613223328577699	230.0	25	1.05	0.95				
	220	1	53.91594522947369	10.951676374736845	0.0	0.0	2	1.0275577006950236	2.9261423507116118	230.0	25	1.05	0.95				
	221	2	0.0	0.0	0.0	0.0	2	1.033703544215242	5.839856734812393	230.0	27	1.05	0.95				
	222	2	0.0	0.0	0.0	0.0	2	1.05	12.26152370273849	230.0	27	1.05	0.95				
	223	2	0.0	0.0	0.0	0.0	2	1.0293342514460009	3.420524104528791	230.0	25	1.05	0.95				
	224	1	0.0	0.0	0.0	0.0	2	1.0111213709051314	-0.27410562706029423	230.0	26	1.05	0.95				
	301	2	43.69882949052632	8.901613414736842	0.0	0.0	3	1.0090812728886758	-17.13679759765051	138.0	31	1.05	0.95				
	302	2	39.24802278315789	8.092375831578948	0.0	0.0	3	1.0089669573474052	-17.27312278323354	138.0	32	1.05	0.95				
	303	1	72.83138248421052	14.970895288421051	0.0	0.0	3	1.0276411347536318	-11.068755492650249	138.0	31	1.05	0.95				
	304	1	29.941790576842102	6.0692818736842105	0.0	0.0	3	1.0115497053190579	-15.977688620826308	138.0	31	1.05	0.95				
	305	1	28.72793420210526	5.664663082105264	0.0	0.0	3	1.0244484226770298	-16.842562527276243	138.0	31	1.05	0.95				
	306	1	55.02815565473684	11.329326164210528	0.0	-100.0	3	1.041394416652563	-17.1707756762686	138.0	32	1.05	0.95				
	307	2	50.577348947368414	10.115469789473684	0.0	0.0	3	0.9940619037523014	-21.447411178712624	138.0	32	1.05	0.95				
	308	1	69.18981336	14.161657705263156	0.0	0.0	3	1.0010746693496098	-19.646407208671487	138.0	32	1.05	0.95				
	309	1	70.80828852631579	14.566276496842104	0.0	0.0	3	1.0259984546629772	-13.2576586157456	138.0	33	1.05	0.95				
	310	1	78.90066435789474	16.184751663157897	0.0	0.0	3	1.05	-15.244104587021864	138.0	33	1.05	0.95				
	311	1	0.0	0.0	0.0	0.0	3	1.0058604617326374	-10.108709827398485	230.0	33	1.05	0.95				
	312	1	0.0	0.0	0.0	0.0	3	1.0103732691009129	-9.524616002298252	230.0	33	1.05	0.95				
	313	2	107.22397976842105	21.84941474526316	0.0	0.0	3	1.0087294742137984	-6.694816722798025	230.0	34	1.05	0.95				
	314	2	78.49604556631579	15.780132871578948	0.0	0.0	3	1.0018902532005032	-8.827632866997616	230.0	36	1.05	0.95				
	315	2	128.2641569305263	25.89560266105263	0.0	0.0	3	1.0244570398247559	-5.368308179301721	230.0	36	1.05	0.95				
	316	2	40.461879157894735	8.092375831578948	0.0	0.0	3	1.0240650875158133	-4.590057427291733	230.0	36	1.05	0.95				
	317	1	0.0	0.0	0.0	0.0	3	1.0288195682967336	-3.640415949510152	230.0	37	1.05	0.95				
	318	2	134.73805759578948	27.51407782736842	0.0	0.0	3	1.0279459683882455	-3.7281987284600424	230.0	37	1.05	0.95				
	319	1	73.23600127578948	14.970895288421051	0.0	0.0	3	1.0213672406559988	-5.059491232498174	230.0	35	1.05	0.95				
	320	1	51.79120532210526	10.520088581052631	0.0	0.0	3	1.0216435858024782	-4.66996116780019	230.0	35	1.05	0.95				
	321	2	0.0	0.0	0.0	0.0	3	1.0288817711204101	-3.743913770967156	230.0	37	1.05	0.95				
	322	2	0.0	0.0	0.0	0.0	3	1.0421590902622957	0.669039485021121	230.0	37	1.05	0.95				
	323	2	0.0	0.0	0.0	0.0	3	1.0223385156966789	-4.140779076883372	230.0	35	1.05	0.95				
	324	1	0.0	0.0	0.0	0.0	3	1.017808375811996	-7.5311996163036135	230.0	36	1.05	0.95				
	325	1	0.0	0.0	0.0	0.0	3	1.0203958951013332	-2.9461392501070147	230.0	35	1.05	0.95				
];
