%% MATPOWER Case Format : Version 2
function mpc = RTS_GMLC
mpc.version = '2';

%%-----  Power Flow Data  -----%%
%% system MVA base
mpc.baseMVA = 100.0;
%% bus data
%    bus_i    type    Pd    Qd    Gs    Bs    area    Vm    Va    baseKV    zone    Vmax    Vmin
mpc.bus = [
	101	2	41.38842156631579	8.430974763508772	0.0	0.0	1	1.0128622901763475	-2.0117797728653586	138.0	11	1.05	0.95				
	102	2	37.1729341845614	7.664522512280703	0.0	0.0	1	1.0119218072277911	-2.2624112884092504	138.0	12	1.05	0.95				
	103	1	68.98070261052631	14.179366647719297	0.0	0.0	1	1.032983553624352	1.9041896313599271	138.0	11	1.05	0.95				
	104	1	28.358733295438594	5.748391884210526	0.0	0.0	1	1.016344647511819	-2.7558486900997186	138.0	11	1.05	0.95				
	105	1	27.209054918596486	5.365165758596492	0.0	0.0	1	1.0266528279700815	-3.811526054499709	138.0	11	1.05	0.95				
	106	1	52.11875308350877	10.730331517192983	0.0	-100.0	1	1.0423248599942565	-5.26689928669637	138.0	12	1.05	0.95				
	107	2	47.903265701754385	9.580653140350877	0.0	0.0	1	0.9999684283177999	-11.540011654649062	138.0	12	1.05	0.95				
	108	1	65.53166748	13.412914396491226	0.0	0.0	1	1.004549061287481	-9.292640854252912	138.0	12	1.05	0.95				
	109	1	67.06457198245613	13.796140522105263	0.0	0.0	1	1.0255478650222123	-2.560060305493277	138.0	13	1.05	0.95				
	110	1	74.72909449473684	15.329045024561406	0.0	0.0	1	1.05	-4.374299939193937	138.0	13	1.05	0.95				
	111	1	0.0	0.0	0.0	0.0	1	1.006610238545286	-0.20240048524248244	230.0	13	1.05	0.95				
	112	1	0.0	0.0	0.0	0.0	1	1.0109340741306405	-1.1387564063131155	230.0	13	1.05	0.95				
	113	3	101.55492328771929	20.694210783157896	0.0	0.0	1	1.0003797002155317	-3.6718383953941877e-28	230.0	14	1.05	0.95				
	114	2	74.3458683691228	14.945818898947369	0.0	0.0	1	1.008517568402975	2.9972657352625545	230.0	16	1.05	0.95				
	115	2	121.48268181964912	24.526472039298245	0.0	0.0	1	1.044126523958822	11.2631597114281	230.0	16	1.05	0.95				
	116	2	38.32261256140351	7.664522512280703	0.0	0.0	1	1.037924546420659	9.684833562526	230.0	16	1.05	0.95				
	117	1	0.0	0.0	0.0	0.0	1	1.0432547195025523	14.65374301087353	230.0	17	1.05	0.95				
	118	2	127.61429982947368	26.059376541754386	0.0	0.0	1	1.0499999469641959	15.55391190916828	230.0	17	1.05	0.95				
	119	1	69.36392873614035	14.179366647719297	0.0	0.0	1	1.027742379425166	6.188646123560575	230.0	15	1.05	0.95				
	120	1	49.05294407859649	9.963879265964911	0.0	0.0	1	1.0232882476128555	3.39576185821482	230.0	15	1.05	0.95				
	121	2	0.0	0.0	0.0	0.0	1	1.05	16.82760004561975	230.0	17	1.05	0.95				
	122	2	0.0	0.0	0.0	0.0	1	1.05	27.942830124250825	230.0	17	1.05	0.95				
	123	2	0.0	0.0	0.0	0.0	1	1.0217793052518864	2.1487753306804454	230.0	15	1.05	0.95				
	124	1	0.0	0.0	0.0	0.0	1	1.0281796301345105	7.761441650589537	230.0	16	1.05	0.95				
	201	2	41.59861484210526	8.473791912280701	0.0	0.0	2	1.011732147118926	-17.832430782882984	138.0	21	1.05	0.95				
	202	2	37.361718885964905	7.7034471929824555	0.0	0.0	2	1.0107718077172223	-18.141601918488995	138.0	22	1.05	0.95				
	203	1	69.33102473684211	14.251377307017544	0.0	0.0	2	1.0160914640619394	-13.133746401272369	138.0	21	1.05	0.95				
	204	1	28.502754614035087	5.777585394736842	0.0	0.0	2	1.0113291753432951	-17.878475050680237	138.0	21	1.05	0.95				
	205	1	27.347237535087714	5.39241303508772	0.0	0.0	2	1.0262393419101294	-18.379436885828014	138.0	21	1.05	0.95				
	206	1	52.3834409122807	10.78482607017544	0.0	-100.0	2	1.0423589391226602	-19.181203927375126	138.0	22	1.05	0.95				
	207	2	48.146544956140346	9.629308991228068	0.0	0.0	2	0.9932170847012176	-23.711508909724618	138.0	22	1.05	0.95				
	208	1	65.8644735	13.481032587719296	0.0	0.0	2	1.0006397676330736	-22.006445407446655	138.0	22	1.05	0.95				
	209	1	67.40516293859649	13.866204947368418	0.0	0.0	2	1.022597797694107	-16.061918479246888	138.0	23	1.05	0.95				
	210	1	75.10861013157893	15.406894385964911	0.0	0.0	2	1.05	-17.683437734681053	138.0	23	1.05	0.95				
	211	1	0.0	0.0	0.0	0.0	2	1.0059536627079502	-13.288163915707484	230.0	23	1.05	0.95				
	212	1	0.0	0.0	0.0	0.0	2	1.0093597506169711	-12.906019384603505	230.0	23	1.05	0.95				
	213	2	102.07067530701752	20.79930742105263	0.0	0.0	2	1.001008691617686	-12.277640031580075	230.0	24	1.05	0.95				
	214	2	74.72343777192981	15.02172202631579	0.0	0.0	2	1.0081988268442452	-10.47955289346428	230.0	26	1.05	0.95				
	215	2	122.09963800877193	24.651031017543858	0.0	0.0	2	1.0268790527638487	-2.88753946016026	230.0	26	1.05	0.95				
	216	2	38.517235964912274	7.7034471929824555	0.0	0.0	2	1.0272514469191514	-4.204022862446208	230.0	26	1.05	0.95				
	217	1	0.0	0.0	0.0	0.0	2	1.0306997463955094	-1.8508419852391695	230.0	27	1.05	0.95				
	218	2	128.26239576315788	26.19172045614035	0.0	0.0	2	1.0306057688817183	-2.210265163159318	230.0	27	1.05	0.95				
	219	1	69.71619709649123	14.251377307017544	0.0	0.0	2	1.0282419411768233	-5.144446881366363	230.0	25	1.05	0.95				
	220	1	49.302062035087715	10.014481350877192	0.0	0.0	2	1.0315581729321976	-5.208616687920957	230.0	25	1.05	0.95				
	221	2	0.0	0.0	0.0	0.0	2	1.0323612804165307	-1.6427246738395047	230.0	27	1.05	0.95				
	222	2	0.0	0.0	0.0	0.0	2	1.0499999979391368	4.769796232651057	230.0	27	1.05	0.95				
	223	2	0.0	0.0	0.0	0.0	2	1.0337094261202695	-4.950511653031576	230.0	25	1.05	0.95				
	224	1	0.0	0.0	0.0	0.0	2	1.0102192533158896	-6.723586309100091	230.0	26	1.05	0.95				
	301	2	63.05409682105263	12.844353056140351	0.0	0.0	3	0.9962293547741217	16.778526963269687	138.0	31	1.05	0.95				
	302	2	56.63192029298245	11.676684596491228	0.0	0.0	3	0.9957226567425884	16.645549129296082	138.0	32	1.05	0.95				
	303	1	105.09016136842104	21.60186650350877	0.0	0.0	3	1.034698939878543	23.086377590540216	138.0	31	1.05	0.95				
	304	1	43.20373300701754	8.75751344736842	0.0	0.0	3	1.0037613143116182	18.545249971914046	138.0	31	1.05	0.95				
	305	1	41.45223031754385	8.17367921754386	0.0	0.0	3	1.0148012996736477	17.82281513340733	138.0	31	1.05	0.95				
	306	1	79.40145525614035	16.34735843508772	0.0	-100.0	3	1.0327033720593828	17.748524283305795	138.0	32	1.05	0.95				
	307	2	72.97927872807017	14.595855745614033	0.0	0.0	3	0.9873736241561707	14.788748616027297	138.0	32	1.05	0.95				
	308	1	99.83565329999999	20.43419804385965	0.0	0.0	3	1.000620998506222	17.365131143131734	138.0	32	1.05	0.95				
	309	1	102.17099021929823	21.01803227368421	0.0	0.0	3	1.030643903220374	22.455210703265912	138.0	33	1.05	0.95				
	310	1	113.84767481578946	23.353369192982456	0.0	0.0	3	1.05	20.73822622019679	138.0	33	1.05	0.95				
	311	1	0.0	0.0	0.0	0.0	3	1.014507157452232	25.692035694885895	230.0	33	1.05	0.95				
	312	1	0.0	0.0	0.0	0.0	3	1.021129999391355	26.858451573733227	230.0	33	1.05	0.95				
	313	2	154.71607090350875	31.527048410526316	0.0	0.0	3	1.0270738007783842	32.27986609133019	230.0	34	1.05	0.95				
	314	2	113.2638405859649	22.76953496315789	0.0	0.0	3	1.0130997093829068	24.02508475691324	230.0	36	1.05	0.95				
	315	2	185.07545085438593	37.365390708771926	0.0	0.0	3	1.0432190369861671	17.925594458071185	230.0	36	1.05	0.95				
	316	2	58.38342298245613	11.676684596491228	0.0	0.0	3	1.040612409180841	19.106065705804234	230.0	36	1.05	0.95				
	317	1	0.0	0.0	0.0	0.0	3	1.05	18.081452475034997	230.0	37	1.05	0.95				
	318	2	194.41679853157893	39.700727628070176	0.0	0.0	3	1.0497320908305665	15.448433645645348	230.0	37	1.05	0.95				
	319	1	105.6739955982456	21.60186650350877	0.0	0.0	3	1.0375344271395006	21.73038228797155	230.0	35	1.05	0.95				
	320	1	74.73078141754385	15.179689975438595	0.0	0.0	3	1.036934721283242	23.521745576793776	230.0	35	1.05	0.95				
	321	2	0.0	0.0	0.0	0.0	3	1.048391937093774	16.892373241701968	230.0	37	1.05	0.95				
	322	2	0.0	0.0	0.0	0.0	3	1.05	21.704558679201636	230.0	37	1.05	0.95				
	323	2	0.0	0.0	0.0	0.0	3	1.0361988351916027	24.07400821267318	230.0	35	1.05	0.95				
	324	1	0.0	0.0	0.0	0.0	3	1.0398199142256748	21.71941260537378	230.0	36	1.05	0.95				
	325	1	0.0	0.0	0.0	0.0	3	1.0388379487542572	23.463455889498608	230.0	35	1.05	0.95				
];
