%% MATPOWER Case Format : Version 2
function mpc = RTS_GMLC
mpc.version = '2';

%%-----  Power Flow Data  -----%%
%% system MVA base
mpc.baseMVA = 100.0;
%% bus data
%    bus_i    type    Pd    Qd    Gs    Bs    area    Vm    Va    baseKV    zone    Vmax    Vmin
mpc.bus = [
	101	2	66.06382979368422	13.45744680982456	0.0	0.0	1	1.0460078353320512	0.7459235070891487	138.0	11	1.05	0.95				
	102	2	59.33510638877193	12.234042554385965	0.0	0.0	1	1.044873804106415	0.3834521364246113	138.0	12	1.05	0.95				
	103	1	110.10638298947369	22.632978725614034	0.0	0.0	1	1.0307129010497404	-0.6069889761799555	138.0	11	1.05	0.95				
	104	1	45.26595745122807	9.175531915789472	0.0	0.0	1	1.0258165606793679	-2.955491749067947	138.0	11	1.05	0.95				
	105	1	43.43085106807017	8.563829788070176	0.0	0.0	1	1.039143451042307	-3.2663235130911104	138.0	11	1.05	0.95				
	106	1	83.19148936982457	17.127659576140353	0.0	-100.0	1	1.0424900436410744	-6.157784484780502	138.0	12	1.05	0.95				
	107	2	76.46276596491228	15.292553192982455	0.0	0.0	1	0.9987736149904511	-13.754962833014462	138.0	12	1.05	0.95				
	108	1	104.60106383999998	21.409574470175436	0.0	0.0	1	0.9964617355192783	-11.877092820885405	138.0	12	1.05	0.95				
	109	1	107.04787235087718	22.021276597894733	0.0	0.0	1	1.0256026544348589	-4.169039283831027	138.0	13	1.05	0.95				
	110	1	119.28191490526314	24.46808510877193	0.0	0.0	1	1.05	-5.469339805768319	138.0	13	1.05	0.95				
	111	1	0.0	0.0	0.0	0.0	1	1.0111988116996846	-1.4922976908073868	230.0	13	1.05	0.95				
	112	1	0.0	0.0	0.0	0.0	1	1.0142536412007845	-1.2410093057786782	230.0	13	1.05	0.95				
	113	3	162.10106384561402	33.03191489684211	0.0	0.0	1	1.0098997911059384	-4.321463359823026e-29	230.0	14	1.05	0.95				
	114	2	118.67021277754387	23.856382981052633	0.0	0.0	1	1.0129546468102215	0.5980786798603204	230.0	16	1.05	0.95				
	115	2	193.90957448701752	39.148936174035086	0.0	0.0	1	1.0429459875836051	7.9725935982538205	230.0	16	1.05	0.95				
	116	2	61.17021277192982	12.234042554385965	0.0	0.0	1	1.0402529635970417	7.208352107567866	230.0	16	1.05	0.95				
	117	1	0.0	0.0	0.0	0.0	1	1.0448829888491946	10.600610130507437	230.0	17	1.05	0.95				
	118	2	203.6968085305263	41.59574468491228	0.0	0.0	1	1.0476350914148982	11.357306754517465	230.0	17	1.05	0.95				
	119	1	110.71808511719298	22.632978725614034	0.0	0.0	1	1.0327468885125644	5.346928067901597	230.0	15	1.05	0.95				
	120	1	78.29787234807017	15.904255320701754	0.0	0.0	1	1.0310403893909863	4.552018096121883	230.0	15	1.05	0.95				
	121	2	0.0	0.0	0.0	0.0	1	1.05	13.133063892091245	230.0	17	1.05	0.95				
	122	2	0.0	0.0	0.0	0.0	1	1.05	18.651252997372477	230.0	17	1.05	0.95				
	123	2	0.0	0.0	0.0	0.0	1	1.0314400296442088	4.57647374036517	230.0	15	1.05	0.95				
	124	1	0.0	0.0	0.0	0.0	1	1.0274841464536746	4.767926294600371	230.0	16	1.05	0.95				
	201	2	66.58838344421054	13.564300331228068	0.0	0.0	2	1.0214618901459966	-13.015259182175836	138.0	21	1.05	0.95				
	202	2	59.80623327859649	12.331182119298244	0.0	0.0	2	1.0221644656283686	-12.90160969951578	138.0	22	1.05	0.95				
	203	1	110.9806390736842	22.81268692070175	0.0	0.0	2	1.0138678534801457	-11.27895510872843	138.0	21	1.05	0.95				
	204	1	45.6253738414035	9.248386589473684	0.0	0.0	2	1.0133569525643058	-13.288679175326585	138.0	21	1.05	0.95				
	205	1	43.77569652350877	8.631827483508772	0.0	0.0	2	1.0279294822858065	-13.680454989706279	138.0	21	1.05	0.95				
	206	1	83.85203841122807	17.263654967017544	0.0	-100.0	2	1.0383880387928224	-14.625233434255188	138.0	22	1.05	0.95				
	207	2	77.06988824561402	15.413977649122806	0.0	0.0	2	0.989373558929951	-23.237445001658052	138.0	22	1.05	0.95				
	208	1	105.43160712	21.57956870877193	0.0	0.0	2	0.9887307356398408	-20.26306204859275	138.0	22	1.05	0.95				
	209	1	107.89784354385965	22.19612781473684	0.0	0.0	2	1.0253093567475058	-11.077850735404608	138.0	23	1.05	0.95				
	210	1	120.2290256631579	24.66236423859649	0.0	0.0	2	1.05	-12.381684835406114	138.0	23	1.05	0.95				
	211	1	0.0	0.0	0.0	0.0	2	1.0164264077492433	-7.547996101713975	230.0	23	1.05	0.95				
	212	1	0.0	0.0	0.0	0.0	2	1.0196309653619844	-2.6686963759650033	230.0	23	1.05	0.95				
	213	2	163.38816308070173	33.29419172210527	0.0	0.0	2	1.022122184475657	-4.548813374820149	230.0	24	1.05	0.95				
	214	2	119.61246655719297	24.04580513263158	0.0	0.0	2	1.0206283180870674	-5.993430304335169	230.0	26	1.05	0.95				
	215	2	195.44923659087718	39.459782781754384	0.0	0.0	2	1.0335168715693703	-0.15016672491651678	230.0	26	1.05	0.95				
	216	2	61.655910596491225	12.331182119298244	0.0	0.0	2	1.0353492809190614	-0.00016885506669353577	230.0	26	1.05	0.95				
	217	1	0.0	0.0	0.0	0.0	2	1.0368392358006708	1.1825085174983976	230.0	27	1.05	0.95				
	218	2	205.31418228631577	41.92601920561403	0.0	0.0	2	1.0350840419217269	0.34364215294704187	230.0	27	1.05	0.95				
	219	1	111.59719817964913	22.81268692070175	0.0	0.0	2	1.0368335665163175	1.1167475743810529	230.0	25	1.05	0.95				
	220	1	78.91956556350877	16.030536755087716	0.0	0.0	2	1.0437839801018243	3.247062623336752	230.0	25	1.05	0.95				
	221	2	0.0	0.0	0.0	0.0	2	1.0369892589088507	0.9902790745698112	230.0	27	1.05	0.95				
	222	2	0.0	0.0	0.0	0.0	2	1.05	7.565454062881639	230.0	27	1.05	0.95				
	223	2	0.0	0.0	0.0	0.0	2	1.049999922400484	4.855319210464764	230.0	25	1.05	0.95				
	224	1	0.0	0.0	0.0	0.0	2	1.0123705453084966	-4.282347135919171	230.0	26	1.05	0.95				
	301	2	59.10787724210527	12.040493512280701	0.0	0.0	3	0.9942178783087944	9.066489884138504	138.0	31	1.05	0.95				
	302	2	53.08763048596491	10.945903192982456	0.0	0.0	3	0.9939647270831085	9.025832973717097	138.0	32	1.05	0.95				
	303	1	98.5131287368421	20.249920907017543	0.0	0.0	3	1.0173136142795116	11.995017142925992	138.0	31	1.05	0.95				
	304	1	40.499841814035086	8.209427394736842	0.0	0.0	3	1.0018388367711233	10.849198059445785	138.0	31	1.05	0.95				
	305	1	38.85795633508772	7.66213223508772	0.0	0.0	3	1.013843537095159	10.788163330066919	138.0	31	1.05	0.95				
	306	1	74.43214171228071	15.32426447017544	0.0	-100.0	3	1.0331642757383783	11.119018360788834	138.0	32	1.05	0.95				
	307	2	68.41189495614034	13.68237899122807	0.0	0.0	3	0.9886043748496448	7.116485167525095	138.0	32	1.05	0.95				
	308	1	93.5874723	19.155330587719295	0.0	0.0	3	0.9991823824153446	9.55887338919345	138.0	32	1.05	0.95				
	309	1	95.77665293859648	19.70262574736842	0.0	0.0	3	1.0270597615479076	14.565342807819183	138.0	33	1.05	0.95				
	310	1	106.72255613157895	21.891806385964912	0.0	0.0	3	1.05	14.251608687380578	138.0	33	1.05	0.95				
	311	1	0.0	0.0	0.0	0.0	3	1.013944597022286	20.010597626429615	230.0	33	1.05	0.95				
	312	1	0.0	0.0	0.0	0.0	3	1.0197470157692132	20.849661903828395	230.0	33	1.05	0.95				
	313	2	145.03321730701754	29.553938621052634	0.0	0.0	3	1.0323742992410199	27.1473784804597	230.0	34	1.05	0.95				
	314	2	106.17526097192982	21.34451122631579	0.0	0.0	3	1.013997933037185	19.300393623824842	230.0	36	1.05	0.95				
	315	2	173.4925656087719	35.02689021754386	0.0	0.0	3	1.0365036374325791	15.157557325211432	230.0	36	1.05	0.95				
	316	2	54.72951596491228	10.945903192982456	0.0	0.0	3	1.0368059868223398	16.238840088008487	230.0	36	1.05	0.95				
	317	1	0.0	0.0	0.0	0.0	3	1.045970411358571	16.784002638680207	230.0	37	1.05	0.95				
	318	2	182.24928816315787	37.216070856140355	0.0	0.0	3	1.044476779313915	14.82703697142274	230.0	37	1.05	0.95				
	319	1	99.06042389649123	20.249920907017543	0.0	0.0	3	1.03542659261292	17.981941538284577	230.0	35	1.05	0.95				
	320	1	70.05378043508772	14.229674150877191	0.0	0.0	3	1.0356257443626709	19.144993441532105	230.0	35	1.05	0.95				
	321	2	0.0	0.0	0.0	0.0	3	1.0428406492677247	15.539511928025153	230.0	37	1.05	0.95				
	322	2	0.0	0.0	0.0	0.0	3	1.05	20.35865610610102	230.0	37	1.05	0.95				
	323	2	0.0	0.0	0.0	0.0	3	1.0354744894836465	19.551442165785005	230.0	35	1.05	0.95				
	324	1	0.0	0.0	0.0	0.0	3	1.025888053774406	15.909782944702577	230.0	36	1.05	0.95				
	325	1	0.0	0.0	0.0	0.0	3	1.0381692365811497	19.011591516549252	230.0	35	1.05	0.95				
];
