%% MATPOWER Case Format : Version 2
function mpc = RTS_GMLC
mpc.version = '2';

%%-----  Power Flow Data  -----%%
%% system MVA base
mpc.baseMVA = 100.0;
%% bus data
%    bus_i    type    Pd    Qd    Gs    Bs    area    Vm    Va    baseKV    zone    Vmax    Vmin
mpc.bus = [
	101	2	35.97773379536842	7.328797624982457	0.0	0.0	1	1.0110180163194353	-3.243515036524459	138.0	11	1.05	0.95				
	102	2	32.31333498287719	6.6625432954385975	0.0	0.0	1	1.0097819676006454	-3.5815148102136014	138.0	12	1.05	0.95				
	103	1	59.96288965894737	12.325705096561403	0.0	0.0	1	1.0235549468788299	1.8073814598961533	138.0	11	1.05	0.95				
	104	1	24.651410193122807	4.996907471578947	0.0	0.0	1	1.012195591563455	-3.667176139924563	138.0	11	1.05	0.95				
	105	1	23.65202869880702	4.663780306807018	0.0	0.0	1	1.0265902642748435	-4.187539328644398	138.0	11	1.05	0.95				
	106	1	45.30529440898246	9.327560613614036	0.0	-100.0	1	1.0435171786594046	-5.168283927517856	138.0	12	1.05	0.95				
	107	2	41.64089559649123	8.328179119298246	0.0	0.0	1	1.001044061023469	-10.454022637610484	138.0	12	1.05	0.95				
	108	1	56.964745176	11.659450767017542	0.0	0.0	1	1.006554787990509	-8.402849724914285	138.0	12	1.05	0.95				
	109	1	58.29725383508772	11.992577931789473	0.0	0.0	1	1.0228921648215374	-2.3447438843433557	138.0	13	1.05	0.95				
	110	1	64.95979713052633	13.325086590877195	0.0	0.0	1	1.05	-4.051649690515938	138.0	13	1.05	0.95				
	111	1	0.0	0.0	0.0	0.0	1	1.003167875563818	0.39852314026587426	230.0	13	1.05	0.95				
	112	1	0.0	0.0	0.0	0.0	1	1.0073234082572495	-0.8604242888176221	230.0	13	1.05	0.95				
	113	3	88.2786986645614	17.98886689768421	0.0	0.0	1	0.9969288704996896	-1.0900228578882407e-30	230.0	14	1.05	0.95				
	114	2	64.62666996575437	12.991959426105264	0.0	0.0	1	1.0047577441746862	4.474589723876336	230.0	16	1.05	0.95				
	115	2	105.60131123270176	21.32013854540351	0.0	0.0	1	1.03267605154628	14.116868983454946	230.0	16	1.05	0.95				
	116	2	33.312716477192986	6.6625432954385975	0.0	0.0	1	1.02664994829824	12.160745512554048	230.0	16	1.05	0.95				
	117	1	0.0	0.0	0.0	0.0	1	1.0324224345349113	17.946504030070113	230.0	17	1.05	0.95				
	118	2	110.93134586905265	22.65264720449123	0.0	0.0	1	1.0406903880630964	18.870975481509312	230.0	17	1.05	0.95				
	119	1	60.2960168237193	12.325705096561403	0.0	0.0	1	1.0162653240753166	7.764574566145327	230.0	15	1.05	0.95				
	120	1	42.64027709080702	8.661306284070177	0.0	0.0	1	1.0135364609590862	4.564355212927395	230.0	15	1.05	0.95				
	121	2	0.0	0.0	0.0	0.0	1	1.0408019287217494	20.552848680871126	230.0	17	1.05	0.95				
	122	2	0.0	0.0	0.0	0.0	1	1.05	34.201506861842404	230.0	17	1.05	0.95				
	123	2	0.0	0.0	0.0	0.0	1	1.013037922004744	3.0628854697272807	230.0	15	1.05	0.95				
	124	1	0.0	0.0	0.0	0.0	1	1.0139109616603434	9.498261150901214	230.0	16	1.05	0.95				
	201	2	40.90162126736842	8.331811739649122	0.0	0.0	2	1.0071766896685292	-16.379608727357624	138.0	21	1.05	0.95				
	202	2	36.735715397543856	7.57437430877193	0.0	0.0	2	1.0062355096204147	-16.67831445196785	138.0	22	1.05	0.95				
	203	1	68.16936877894737	14.01259247122807	0.0	0.0	2	1.014647881339403	-12.16459611365095	138.0	21	1.05	0.95				
	204	1	28.02518494245614	5.680780731578946	0.0	0.0	2	1.0096912455983293	-16.44351331661606	138.0	21	1.05	0.95				
	205	1	26.889028796140344	5.3020620161403516	0.0	0.0	2	1.023996735950661	-16.89930662942368	138.0	21	1.05	0.95				
	206	1	51.50574529964912	10.604124032280703	0.0	-100.0	2	1.0414339369976944	-17.67904756593416	138.0	22	1.05	0.95				
	207	2	47.33983942982456	9.467967885964912	0.0	0.0	2	0.9898990906850254	-22.107133784982228	138.0	22	1.05	0.95				
	208	1	64.76090033999999	13.255155040350875	0.0	0.0	2	0.9990988066910901	-20.450972827865908	138.0	22	1.05	0.95				
	209	1	66.27577520175439	13.633873755789471	0.0	0.0	2	1.0231046013729608	-14.6752711365541	138.0	23	1.05	0.95				
	210	1	73.85014951052631	15.14874861754386	0.0	0.0	2	1.05	-16.191812106640448	138.0	23	1.05	0.95				
	211	1	0.0	0.0	0.0	0.0	2	1.0054085202141805	-11.962087864185706	230.0	23	1.05	0.95				
	212	1	0.0	0.0	0.0	0.0	2	1.0137576563645263	-11.316010614123707	230.0	23	1.05	0.95				
	213	2	100.36045959122805	20.45081063368421	0.0	0.0	2	1.0051381467654725	-10.736777110053541	230.0	24	1.05	0.95				
	214	2	73.47143079508771	14.770029902105264	0.0	0.0	2	1.002291602107503	-9.440240885219271	230.0	26	1.05	0.95				
	215	2	120.05383279403507	24.237997788070174	0.0	0.0	2	1.0220684262167554	-2.858587539698127	230.0	26	1.05	0.95				
	216	2	37.87187154385965	7.57437430877193	0.0	0.0	2	1.024789189829535	-3.6461222435919804	230.0	26	1.05	0.95				
	217	1	0.0	0.0	0.0	0.0	2	1.0268530594093808	-1.371424784723085	230.0	27	1.05	0.95				
	218	2	126.11333224105263	25.75287264982456	0.0	0.0	2	1.0264557558184861	-1.8334773330015104	230.0	27	1.05	0.95				
	219	1	68.54808749438597	14.01259247122807	0.0	0.0	2	1.0339107468866204	-4.018551685900292	230.0	25	1.05	0.95				
	220	1	48.47599557614035	9.846686601403508	0.0	0.0	2	1.0440585633140296	-3.6095334928928104	230.0	25	1.05	0.95				
	221	2	0.0	0.0	0.0	0.0	2	1.0285219166945714	-1.3729732960808243	230.0	27	1.05	0.95				
	222	2	0.0	0.0	0.0	0.0	2	1.0499998529291383	5.117886693824653	230.0	27	1.05	0.95				
	223	2	0.0	0.0	0.0	0.0	2	1.05	-3.109124101862338	230.0	25	1.05	0.95				
	224	1	0.0	0.0	0.0	0.0	2	1.0078243244521892	-6.353089752260765	230.0	26	1.05	0.95				
	301	2	46.46630811789475	9.465359061052633	0.0	0.0	3	1.0209987425895939	15.811815595193432	138.0	31	1.05	0.95				
	302	2	41.73362858736842	8.60487187368421	0.0	0.0	3	1.0186891048463853	15.463164402148008	138.0	32	1.05	0.95				
	303	1	77.4438468631579	15.91901296631579	0.0	0.0	3	1.05	31.14240202917946	138.0	31	1.05	0.95				
	304	1	31.83802593263158	6.453653905263159	0.0	0.0	3	1.0099635071470534	16.917593112873814	138.0	31	1.05	0.95				
	305	1	30.547295151578947	6.023410311578949	0.0	0.0	3	1.0271103142370472	14.162240186599892	138.0	31	1.05	0.95				
	306	1	58.51312874105265	12.046820623157897	0.0	-100.0	3	1.0378280627597716	12.715467766422735	138.0	32	1.05	0.95				
	307	2	53.780449210526314	10.756089842105263	0.0	0.0	3	0.95	9.278330012536015	138.0	32	1.05	0.95				
	308	1	73.57165452000001	15.058525778947368	0.0	0.0	3	0.9704400142485491	11.149253120816415	138.0	32	1.05	0.95				
	309	1	75.29262889473685	15.48876937263158	0.0	0.0	3	1.016370478233749	19.910998046191036	138.0	33	1.05	0.95				
	310	1	83.89750076842105	17.20974374736842	0.0	0.0	3	1.0436968196494323	13.88309962787915	138.0	33	1.05	0.95				
	311	1	0.0	0.0	0.0	0.0	3	1.0039865417041358	17.564883683397024	230.0	33	1.05	0.95				
	312	1	0.0	0.0	0.0	0.0	3	1.0095003930139725	17.65269904030069	230.0	33	1.05	0.95				
	313	2	114.0145523263158	23.233154058947374	0.0	0.0	3	1.0040460507082156	18.106241569467223	230.0	34	1.05	0.95				
	314	2	83.46725717473684	16.77950015368421	0.0	0.0	3	0.9992288123922322	17.864216771167264	230.0	36	1.05	0.95				
	315	2	136.38721919789475	27.53558999578948	0.0	0.0	3	1.048279384249626	21.264977802655757	230.0	36	1.05	0.95				
	316	2	43.02435936842105	8.60487187368421	0.0	0.0	3	1.0323241740676843	20.833774720859683	230.0	36	1.05	0.95				
	317	1	0.0	0.0	0.0	0.0	3	1.05	25.084781417883125	230.0	37	1.05	0.95				
	318	2	143.2711166968421	29.256564370526323	0.0	0.0	3	1.0475485152143773	21.408444664369874	230.0	37	1.05	0.95				
	319	1	77.87409045684211	15.91901296631579	0.0	0.0	3	1.023478201056513	19.225326106429662	230.0	35	1.05	0.95				
	320	1	55.07117999157896	11.186333435789475	0.0	0.0	3	1.0191421847979578	18.656670924965336	230.0	35	1.05	0.95				
	321	2	0.0	0.0	0.0	0.0	3	1.05	22.03046424878712	230.0	37	1.05	0.95				
	322	2	0.0	0.0	0.0	0.0	3	1.05	27.577265775530126	230.0	37	1.05	0.95				
	323	2	0.0	0.0	0.0	0.0	3	1.0172911501289137	18.67967285739903	230.0	35	1.05	0.95				
	324	1	0.0	0.0	0.0	0.0	3	1.045827332280709	25.040681431176907	230.0	36	1.05	0.95				
	325	1	0.0	0.0	0.0	0.0	3	1.019750668180215	18.851804268343763	230.0	35	1.05	0.95				
];
