%% MATPOWER Case Format : Version 2
function mpc = RTS_GMLC
mpc.version = '2';

%%-----  Power Flow Data  -----%%
%% system MVA base
mpc.baseMVA = 100.0;
%% bus data
%    bus_i    type    Pd    Qd    Gs    Bs    area    Vm    Va    baseKV    zone    Vmax    Vmin
mpc.bus = [
	101	2	40.25284510736843	8.199653632982457	0.0	0.0	1	1.0235880619324973	-0.5565382137209886	138.0	11	1.05	0.95				
	102	2	36.1530182908772	7.454230575438597	0.0	0.0	1	1.0213876471126762	-1.1750689979034357	138.0	12	1.05	0.95				
	103	1	67.08807517894738	13.790326564561406	0.0	0.0	1	1.0208616377967625	2.3924939357660193	138.0	11	1.05	0.95				
	104	1	27.580653129122812	5.590672931578948	0.0	0.0	1	1.0160190226865404	-2.4892483273921053	138.0	11	1.05	0.95				
	105	1	26.462518542807018	5.217961402807019	0.0	0.0	1	1.0321759822649523	-2.6137156818906018	138.0	11	1.05	0.95				
	106	1	50.68876791298247	10.435922805614037	0.0	-100.0	1	1.0448983782939776	-4.293035227921602	138.0	12	1.05	0.95				
	107	2	46.58894109649123	9.317788219298247	0.0	0.0	1	1.0008779983441094	-10.689274437711045	138.0	12	1.05	0.95				
	108	1	63.73367142000001	13.044903507017544	0.0	0.0	1	1.0046551680563547	-8.473877586267756	138.0	12	1.05	0.95				
	109	1	65.22451753508773	13.417615035789474	0.0	0.0	1	1.0216579831511556	-2.0173962431595465	138.0	13	1.05	0.95				
	110	1	72.67874811052633	14.908461150877194	0.0	0.0	1	1.05	-3.4939412606380698	138.0	13	1.05	0.95				
	111	1	0.0	0.0	0.0	0.0	1	1.0026590406667855	0.5273491056423882	230.0	13	1.05	0.95				
	112	1	0.0	0.0	0.0	0.0	1	1.0070345417966515	-0.6781956795575971	230.0	13	1.05	0.95				
	113	3	98.7685551245614	20.126422553684215	0.0	0.0	1	0.997371423639832	-5.23520751795199e-31	230.0	14	1.05	0.95				
	114	2	72.3060365817544	14.535749622105264	0.0	0.0	1	1.0023665858955988	4.404902215294145	230.0	16	1.05	0.95				
	115	2	118.14955462070176	23.85353784140351	0.0	0.0	1	1.021805202533238	14.243234713971272	230.0	16	1.05	0.95				
	116	2	37.27115287719299	7.454230575438597	0.0	0.0	1	1.0179619764157801	12.153960748622922	230.0	16	1.05	0.95				
	117	1	0.0	0.0	0.0	0.0	1	1.0226203081815746	17.990181178769394	230.0	17	1.05	0.95				
	118	2	124.11293908105266	25.344383956491235	0.0	0.0	1	1.0283112149599036	19.08552636982431	230.0	17	1.05	0.95				
	119	1	67.46078670771931	13.790326564561406	0.0	0.0	1	1.0095389517266216	7.653072812179398	230.0	15	1.05	0.95				
	120	1	47.70707568280702	9.690499748070176	0.0	0.0	1	1.0091140445423739	4.463546413171718	230.0	15	1.05	0.95				
	121	2	0.0	0.0	0.0	0.0	1	1.0265564052668394	21.037758694703594	230.0	17	1.05	0.95				
	122	2	0.0	0.0	0.0	0.0	1	1.05	33.04570833745752	230.0	17	1.05	0.95				
	123	2	0.0	0.0	0.0	0.0	1	1.0100560086948118	3.0060034862677734	230.0	15	1.05	0.95				
	124	1	0.0	0.0	0.0	0.0	1	1.00685978695075	9.762812238876602	230.0	16	1.05	0.95				
	201	2	42.142609781052634	8.58460569614035	0.0	0.0	2	1.0073914641542856	-16.523622643082035	138.0	21	1.05	0.95				
	202	2	37.850306932982456	7.804186996491229	0.0	0.0	2	1.0065520542518496	-16.822818098275928	138.0	22	1.05	0.95				
	203	1	70.23768296842105	14.437745943508773	0.0	0.0	2	1.0143479866745102	-12.26517441377812	138.0	21	1.05	0.95				
	204	1	28.875491887017546	5.853140247368421	0.0	0.0	2	1.0096264633209862	-16.532012403193367	138.0	21	1.05	0.95				
	205	1	27.704863837543858	5.46293089754386	0.0	0.0	2	1.0239404900033577	-16.994342517030457	138.0	21	1.05	0.95				
	206	1	53.068471576140354	10.92586179508772	0.0	-100.0	2	1.0411893545831195	-17.756838304406966	138.0	22	1.05	0.95				
	207	2	48.776168728070175	9.755233745614035	0.0	0.0	2	0.9901381875637858	-22.341624559536985	138.0	22	1.05	0.95				
	208	1	66.72579882	13.65732724385965	0.0	0.0	2	0.9987964171314122	-20.622481000577686	138.0	22	1.05	0.95				
	209	1	68.28663621929825	14.04753659368421	0.0	0.0	2	1.0231889385158708	-14.67213946239022	138.0	23	1.05	0.95				
	210	1	76.09082321578947	15.608373992982457	0.0	0.0	2	1.05	-16.201884074910524	138.0	23	1.05	0.95				
	211	1	0.0	0.0	0.0	0.0	2	1.0060619344163584	-11.853846590136436	230.0	23	1.05	0.95				
	212	1	0.0	0.0	0.0	0.0	2	1.0137562535518752	-11.086902016039673	230.0	23	1.05	0.95				
	213	2	103.40547770350877	21.071304890526317	0.0	0.0	2	1.0065558534515207	-10.489171226327288	230.0	24	1.05	0.95				
	214	2	75.70061386596491	15.218164643157895	0.0	0.0	2	1.0032495013489817	-9.349183354950334	230.0	26	1.05	0.95				
	215	2	123.69636389438597	24.97339838877193	0.0	0.0	2	1.0220098144986003	-2.789162359960331	230.0	26	1.05	0.95				
	216	2	39.02093498245614	7.804186996491229	0.0	0.0	2	1.0246741279252545	-3.49557161139541	230.0	26	1.05	0.95				
	217	1	0.0	0.0	0.0	0.0	2	1.0262349807480826	-1.305716018545135	230.0	27	1.05	0.95				
	218	2	129.93971349157897	26.534235788070177	0.0	0.0	2	1.0258874557157613	-1.7876926612944688	230.0	27	1.05	0.95				
	219	1	70.62789231824561	14.437745943508773	0.0	0.0	2	1.0337056521774384	-3.643329593576432	230.0	25	1.05	0.95				
	220	1	49.94679677754386	10.145443095438598	0.0	0.0	2	1.0439095586447942	-3.020946113350983	230.0	25	1.05	0.95				
	221	2	0.0	0.0	0.0	0.0	2	1.028151044052892	-1.3180975728041344	230.0	27	1.05	0.95				
	222	2	0.0	0.0	0.0	0.0	2	1.0497293926075644	5.180218633483252	230.0	27	1.05	0.95				
	223	2	0.0	0.0	0.0	0.0	2	1.05	-2.396658699210266	230.0	25	1.05	0.95				
	224	1	0.0	0.0	0.0	0.0	2	1.0074822544946236	-6.3468690432769765	230.0	26	1.05	0.95				
	301	2	43.63049667789474	8.8876937677193	0.0	0.0	3	1.0278881842380971	24.245173432364616	138.0	31	1.05	0.95				
	302	2	39.18664979403509	8.079721607017545	0.0	0.0	3	1.0256964795300818	23.903649388819296	138.0	32	1.05	0.95				
	303	1	72.7174944631579	14.947484972982458	0.0	0.0	3	1.05	39.22586192278512	138.0	31	1.05	0.95				
	304	1	29.894969945964917	6.059791205263158	0.0	0.0	3	1.015944612293255	25.222119150115336	138.0	31	1.05	0.95				
	305	1	28.683011704912282	5.655805124912281	0.0	0.0	3	1.0338318754666125	22.585324927050266	138.0	31	1.05	0.95				
	306	1	54.942106927719315	11.311610249824563	0.0	-100.0	3	1.0447558691748358	21.158192276935353	138.0	32	1.05	0.95				
	307	2	50.49826004385965	10.099652008771931	0.0	0.0	3	0.95	18.13804572037844	138.0	32	1.05	0.95				
	308	1	69.08161974000001	14.139512812280703	0.0	0.0	3	0.9737202148828698	19.81788081408483	138.0	32	1.05	0.95				
	309	1	70.69756406140351	14.543498892631579	0.0	0.0	3	1.0202357551306238	27.984357848288372	138.0	33	1.05	0.95				
	310	1	78.77728566842106	16.15944321403509	0.0	0.0	3	1.0494443366508543	22.1953107695539	138.0	33	1.05	0.95				
	311	1	0.0	0.0	0.0	0.0	3	1.0086479489131828	25.436991169517672	230.0	33	1.05	0.95				
	312	1	0.0	0.0	0.0	0.0	3	1.014002200603255	25.661262418112333	230.0	33	1.05	0.95				
	313	2	107.05631129298247	21.81524833894737	0.0	0.0	3	1.0108284154983853	27.136316005193677	230.0	34	1.05	0.95				
	314	2	78.37329958807018	15.755457133684214	0.0	0.0	3	1.0018877611609025	24.39090750492157	230.0	36	1.05	0.95				
	315	2	128.0635874712281	25.855109142456143	0.0	0.0	3	1.0473337494142796	25.735569946716918	230.0	36	1.05	0.95				
	316	2	40.398608035087726	8.079721607017545	0.0	0.0	3	1.031292878797121	25.347666785994882	230.0	36	1.05	0.95				
	317	1	0.0	0.0	0.0	0.0	3	1.05	28.226531759041407	230.0	37	1.05	0.95				
	318	2	134.52736475684213	27.471053463859658	0.0	0.0	3	1.0491476218771096	24.68580425082916	230.0	37	1.05	0.95				
	319	1	73.12148054350878	14.947484972982458	0.0	0.0	3	1.0229189252665387	24.21342725503037	230.0	35	1.05	0.95				
	320	1	51.71021828491229	10.50363808912281	0.0	0.0	3	1.0184293351261673	24.012526581426023	230.0	35	1.05	0.95				
	321	2	0.0	0.0	0.0	0.0	3	1.05	25.699074247643214	230.0	37	1.05	0.95				
	322	2	0.0	0.0	0.0	0.0	3	1.05	31.039186441181243	230.0	37	1.05	0.95				
	323	2	0.0	0.0	0.0	0.0	3	1.0163956172221476	24.2199563753607	230.0	35	1.05	0.95				
	324	1	0.0	0.0	0.0	0.0	3	1.0437829914351193	30.88938667014741	230.0	36	1.05	0.95				
	325	1	0.0	0.0	0.0	0.0	3	1.0185187771523627	23.955081818096062	230.0	35	1.05	0.95				
];
