%% MATPOWER Case Format : Version 2
function mpc = RTS_GMLC
mpc.version = '2';

%%-----  Power Flow Data  -----%%
%% system MVA base
mpc.baseMVA = 100.0;
%% bus data
%    bus_i    type    Pd    Qd    Gs    Bs    area    Vm    Va    baseKV    zone    Vmax    Vmin
mpc.bus = [
	101	2	33.01187530736842	6.724641266315789	0.0	0.0	1	1.0134553087798095	1.5992603159001073	138.0	11	1.05	0.95				
	102	2	29.649554674210528	6.113310242105263	0.0	0.0	1	1.0114611915126657	1.0331009994971447	138.0	12	1.05	0.95				
	103	1	55.01979217894737	11.309623947894737	0.0	0.0	1	1.0305498988866941	4.056430934850481	138.0	11	1.05	0.95				
	104	1	22.619247895789474	4.584982681578947	0.0	0.0	1	1.0143001585232754	-0.37688125540213296	138.0	11	1.05	0.95				
	105	1	21.702251359473685	4.279317169473685	0.0	0.0	1	1.0278720691754015	-0.4890294628750517	138.0	11	1.05	0.95				
	106	1	41.5705096463158	8.55863433894737	0.0	-100.0	1	1.0443098024978865	-2.1146422244318765	138.0	12	1.05	0.95				
	107	2	38.20818901315789	7.641637802631579	0.0	0.0	1	0.9840590732346394	-7.001678473355734	138.0	12	1.05	0.95				
	108	1	52.26880256999999	10.69829292368421	0.0	0.0	1	0.9984107096855039	-5.358213370993634	138.0	12	1.05	0.95				
	109	1	53.49146461842105	11.003958435789475	0.0	0.0	1	1.0243350202196515	-0.24031731997113887	138.0	13	1.05	0.95				
	110	1	59.60477486052631	12.226620484210526	0.0	0.0	1	1.05	-1.586763382740674	138.0	13	1.05	0.95				
	111	1	0.0	0.0	0.0	0.0	1	1.0099428522889407	1.5847043221205923	230.0	13	1.05	0.95				
	112	1	0.0	0.0	0.0	0.0	1	1.0073598645361286	0.36813011396511996	230.0	13	1.05	0.95				
	113	3	81.00136070789473	16.50593765368421	0.0	0.0	1	0.9818486862566489	-1.5139483759395669e-30	230.0	14	1.05	0.95				
	114	2	59.299109348421055	11.920954972105264	0.0	0.0	1	1.0337501404517604	5.425680272090628	230.0	16	1.05	0.95				
	115	2	96.89596733736842	19.562592774736842	0.0	0.0	1	1.0432735192717673	14.500478132452319	230.0	16	1.05	0.95				
	116	2	30.566551210526317	6.113310242105263	0.0	0.0	1	1.041298368354957	12.757280512075521	230.0	16	1.05	0.95				
	117	1	0.0	0.0	0.0	0.0	1	1.0412784864229672	18.47553012255756	230.0	17	1.05	0.95				
	118	2	101.78661553105263	20.7852548231579	0.0	0.0	1	1.05	18.96278460917643	230.0	17	1.05	0.95				
	119	1	55.325457691052634	11.309623947894737	0.0	0.0	1	1.035155098133338	8.63502552020308	230.0	15	1.05	0.95				
	120	1	39.125185549473684	7.947303314736843	0.0	0.0	1	1.035229805092137	5.624681913527501	230.0	15	1.05	0.95				
	121	2	0.0	0.0	0.0	0.0	1	1.0426344620294876	20.225061276790722	230.0	17	1.05	0.95				
	122	2	0.0	0.0	0.0	0.0	1	1.05	38.19151235834351	230.0	17	1.05	0.95				
	123	2	0.0	0.0	0.0	0.0	1	1.0359845431170285	4.2027419679121625	230.0	15	1.05	0.95				
	124	1	0.0	0.0	0.0	0.0	1	1.0254450810148252	10.59682594021538	230.0	16	1.05	0.95				
	201	2	35.325672912	7.195970408000001	0.0	0.0	2	1.0152173071783286	-12.133204344251173	138.0	21	1.05	0.95				
	202	2	31.727687707999998	6.541791280000001	0.0	0.0	2	1.0144027310515802	-12.416272589136158	138.0	22	1.05	0.95				
	203	1	58.876121520000005	12.102313868	0.0	0.0	2	1.0119072075393218	-8.450336025824303	138.0	21	1.05	0.95				
	204	1	24.204627736	4.9063434599999995	0.0	0.0	2	1.0133910689798222	-12.307359316513892	138.0	21	1.05	0.95				
	205	1	23.223359044	4.579253896	0.0	0.0	2	1.028840987142755	-12.694499129647863	138.0	21	1.05	0.95				
	206	1	44.484180704	9.158507792	0.0	-100.0	2	1.0448919884180878	-13.453690407284338	138.0	22	1.05	0.95				
	207	2	40.8861955	8.1772391	0.0	0.0	2	0.9986511100411011	-17.277994914165504	138.0	22	1.05	0.95				
	208	1	55.932315444000004	11.448134739999999	0.0	0.0	2	1.0057156880507037	-15.858127251667526	138.0	22	1.05	0.95				
	209	1	57.2406737	11.775224304	0.0	0.0	2	1.0211107688276813	-10.850556490901575	138.0	23	1.05	0.95				
	210	1	63.78246498	13.083582560000002	0.0	0.0	2	1.05	-12.200131924024664	138.0	23	1.05	0.95				
	211	1	0.0	0.0	0.0	0.0	2	1.0021570117934226	-8.459513854612617	230.0	23	1.05	0.95				
	212	1	0.0	0.0	0.0	0.0	2	1.0036383901877657	-8.197897250403535	230.0	23	1.05	0.95				
	213	2	86.67873446	17.662836456	0.0	0.0	2	0.9928193483497944	-7.669952739197104	230.0	24	1.05	0.95				
	214	2	63.455375415999995	12.756492996000002	0.0	0.0	2	1.0034057055806103	-5.9471616256783175	230.0	26	1.05	0.95				
	215	2	103.687391788	20.933732096	0.0	0.0	2	1.0178885588829791	0.025925150691428145	230.0	26	1.05	0.95				
	216	2	32.7089564	6.541791280000001	0.0	0.0	2	1.019922152616124	-0.42014222254515204	230.0	26	1.05	0.95				
	217	1	0.0	0.0	0.0	0.0	2	1.0285548882652562	1.4894593101027325	230.0	27	1.05	0.95				
	218	2	108.920824812	22.242090352	0.0	0.0	2	1.0273621117057827	1.126378737290532	230.0	27	1.05	0.95				
	219	1	59.20321108400001	12.102313868	0.0	0.0	2	1.0163363387246844	-1.3376959501453154	230.0	25	1.05	0.95				
	220	1	41.867464192	8.504328664	0.0	0.0	2	1.015065961254073	-1.4834785752613187	230.0	25	1.05	0.95				
	221	2	0.0	0.0	0.0	0.0	2	1.0277728093053196	1.5588413855831793	230.0	27	1.05	0.95				
	222	2	0.0	0.0	0.0	0.0	2	1.0499999686236972	8.022064387018503	230.0	27	1.05	0.95				
	223	2	0.0	0.0	0.0	0.0	2	1.014457098297941	-1.3032334789996616	230.0	25	1.05	0.95				
	224	1	0.0	0.0	0.0	0.0	2	1.0051433256613695	-3.1605059711814096	230.0	26	1.05	0.95				
	301	2	42.12717495157895	8.581461564210526	0.0	0.0	3	1.0097411328836428	-8.606070231245951	138.0	31	1.05	0.95				
	302	2	37.83644416947368	7.801328694736842	0.0	0.0	3	1.0096641055001057	-8.697886470274431	138.0	32	1.05	0.95				
	303	1	70.21195825263158	14.432458085263159	0.0	0.0	3	1.0237297474969145	-3.929149331432067	138.0	31	1.05	0.95				
	304	1	28.864916170526318	5.850996521052632	0.0	0.0	3	1.012123467685575	-7.31666071459352	138.0	31	1.05	0.95				
	305	1	27.694716866315787	5.4609300863157895	0.0	0.0	3	1.0249196077429548	-8.08392722142486	138.0	31	1.05	0.95				
	306	1	53.04903512421053	10.921860172631579	0.0	-100.0	3	1.0419737677619978	-8.26918793489474	138.0	32	1.05	0.95				
	307	2	48.75830434210526	9.751660868421052	0.0	0.0	3	0.9943819891399994	-12.352060652103491	138.0	32	1.05	0.95				
	308	1	66.70136034	13.652325215789475	0.0	0.0	3	1.0018603456601387	-10.628930025729169	138.0	32	1.05	0.95				
	309	1	68.26162607894737	14.042391650526314	0.0	0.0	3	1.0259873607778638	-4.586193974523533	138.0	33	1.05	0.95				
	310	1	76.06295477368421	15.602657389473684	0.0	0.0	3	1.05	-6.304625291762676	138.0	33	1.05	0.95				
	311	1	0.0	0.0	0.0	0.0	3	1.0051580367907424	-1.1629118726809076	230.0	33	1.05	0.95				
	312	1	0.0	0.0	0.0	0.0	3	1.0083653277775526	-0.5394063846354996	230.0	33	1.05	0.95				
	313	2	103.36760520526316	21.063587475789475	0.0	0.0	3	1.0067373006441058	2.38172078449395	230.0	34	1.05	0.95				
	314	2	75.67288833894736	15.212590954736843	0.0	0.0	3	1.0021373138250609	0.15224650466955084	230.0	36	1.05	0.95				
	315	2	123.65105981157893	24.964251823157895	0.0	0.0	3	1.0279444080547802	3.46140325572547	230.0	36	1.05	0.95				
	316	2	39.00664347368421	7.801328694736842	0.0	0.0	3	1.0269915523095692	4.3247351799150335	230.0	36	1.05	0.95				
	317	1	0.0	0.0	0.0	0.0	3	1.0365510099893105	6.927489314404664	230.0	37	1.05	0.95				
	318	2	129.89212276736845	26.524517562105267	0.0	0.0	3	1.0327232516357467	5.140441842865257	230.0	37	1.05	0.95				
	319	1	70.60202468736843	14.432458085263159	0.0	0.0	3	1.0211471126466993	4.028320532054946	230.0	35	1.05	0.95				
	320	1	49.92850364631579	10.141727303157895	0.0	0.0	3	1.0185056108447947	4.540536993301293	230.0	35	1.05	0.95				
	321	2	0.0	0.0	0.0	0.0	3	1.0336124280362586	5.185041133899212	230.0	37	1.05	0.95				
	322	2	0.0	0.0	0.0	0.0	3	1.0484731498789017	10.18845457787854	230.0	37	1.05	0.95				
	323	2	0.0	0.0	0.0	0.0	3	1.0175687944101033	5.130861224116163	230.0	35	1.05	0.95				
	324	1	0.0	0.0	0.0	0.0	3	1.0168901889589619	0.6793007493218173	230.0	36	1.05	0.95				
	325	1	0.0	0.0	0.0	0.0	3	1.0151805062594255	6.4103056434851595	230.0	35	1.05	0.95				
];
