%% MATPOWER Case Format : Version 2
function mpc = RTS_GMLC
mpc.version = '2';

%%-----  Power Flow Data  -----%%
%% system MVA base
mpc.baseMVA = 100.0;
%% bus data
%    bus_i    type    Pd    Qd    Gs    Bs    area    Vm    Va    baseKV    zone    Vmax    Vmin
mpc.bus = [
	101	2	50.01880255578948	10.189015335438595	0.0	0.0	1	0.995201035336934	-3.8208434731683942	138.0	11	1.05	0.95				
	102	2	44.92429488807017	9.262741214035088	0.0	0.0	1	0.9947008117702383	-4.078591367977839	138.0	12	1.05	0.95				
	103	1	83.36467092631578	17.136071245964914	0.0	0.0	1	1.0207631546774911	1.2218112962905596	138.0	11	1.05	0.95				
	104	1	34.27214249192983	6.9470559105263145	0.0	0.0	1	1.0069435562330626	-4.284036259287443	138.0	11	1.05	0.95				
	105	1	32.88273130982456	6.483918849824562	0.0	0.0	1	1.0165712024431242	-5.4335924711631	138.0	11	1.05	0.95				
	106	1	62.986640255438594	12.967837699649124	0.0	-100.0	1	1.0359140753070855	-6.843021949096494	138.0	12	1.05	0.95				
	107	2	57.89213258771929	11.578426517543859	0.0	0.0	1	0.9922115384657261	-12.818229615077552	138.0	12	1.05	0.95				
	108	1	79.19643737999999	16.2097971245614	0.0	0.0	1	0.9975601371924424	-10.712677854196206	138.0	12	1.05	0.95				
	109	1	81.04898562280701	16.672934185263156	0.0	0.0	1	1.0259396188329377	-3.444240692236207	138.0	13	1.05	0.95				
	110	1	90.3117268368421	18.525482428070177	0.0	0.0	1	1.05	-5.5166165363353965	138.0	13	1.05	0.95				
	111	1	0.0	0.0	0.0	0.0	1	1.0221264597297535	-0.19630125972463772	230.0	13	1.05	0.95				
	112	1	0.0	0.0	0.0	0.0	1	1.0181315812632283	-1.3964581637165456	230.0	13	1.05	0.95				
	113	3	122.7313210859649	25.00940127789474	0.0	0.0	1	1.0081828410938536	-3.424890022172636e-29	230.0	14	1.05	0.95				
	114	2	89.84858977614034	18.062345367368422	0.0	0.0	1	1.05	3.7871000414806484	230.0	16	1.05	0.95				
	115	2	146.81444824245614	29.640771884912283	0.0	0.0	1	1.042078344977604	14.54144909714664	230.0	16	1.05	0.95				
	116	2	46.313706070175435	9.262741214035088	0.0	0.0	1	1.0420461194087307	12.431577426176984	230.0	16	1.05	0.95				
	117	1	0.0	0.0	0.0	0.0	1	1.0402436026670108	19.124638562371125	230.0	17	1.05	0.95				
	118	2	154.2246412136842	31.493320127719297	0.0	0.0	1	1.05	20.019119206687062	230.0	17	1.05	0.95				
	119	1	83.82780798701755	17.136071245964914	0.0	0.0	1	1.0394992318068745	7.727320054964281	230.0	15	1.05	0.95				
	120	1	59.281543769824566	12.041563578245613	0.0	0.0	1	1.0452423504907955	4.374597473161363	230.0	15	1.05	0.95				
	121	2	0.0	0.0	0.0	0.0	1	1.05	21.84970705805012	230.0	17	1.05	0.95				
	122	2	0.0	0.0	0.0	0.0	1	1.05	39.750648165152064	230.0	17	1.05	0.95				
	123	2	0.0	0.0	0.0	0.0	1	1.05	2.8868756224615346	230.0	15	1.05	0.95				
	124	1	0.0	0.0	0.0	0.0	1	1.0172193436527734	9.598280147781363	230.0	16	1.05	0.95				
	201	2	43.17960020210526	8.795844485614033	0.0	0.0	2	0.9964181940807701	-17.56360793568014	138.0	21	1.05	0.95				
	202	2	38.781677959298236	7.996222259649121	0.0	0.0	2	0.9947007961732781	-17.86493319443282	138.0	22	1.05	0.95				
	203	1	71.9660003368421	14.793011180350875	0.0	0.0	2	1.0023391209931025	-12.944655133313757	138.0	21	1.05	0.95				
	204	1	29.58602236070175	5.997166694736841	0.0	0.0	2	0.986764716961212	-17.364992814414805	138.0	21	1.05	0.95				
	205	1	28.386589021754382	5.597355581754386	0.0	0.0	2	1.0015583638952346	-17.88411838856844	138.0	21	1.05	0.95				
	206	1	54.374311365614034	11.194711163508773	0.0	-100.0	2	1.0118838214968036	-18.594756370465618	138.0	22	1.05	0.95				
	207	2	49.97638912280701	9.995277824561402	0.0	0.0	2	0.970434278277769	-23.739927873697873	138.0	22	1.05	0.95				
	208	1	68.36770032	13.993388954385964	0.0	0.0	2	0.9727098727597823	-21.788275281988323	138.0	22	1.05	0.95				
	209	1	69.96694477192982	14.39320006736842	0.0	0.0	2	0.9922383347496717	-15.20065047424569	138.0	23	1.05	0.95				
	210	1	77.96316703157893	15.992444519298243	0.0	0.0	2	1.016417933715757	-16.846262020703097	138.0	23	1.05	0.95				
	211	1	0.0	0.0	0.0	0.0	2	0.9784972910441447	-12.01322296044627	230.0	23	1.05	0.95				
	212	1	0.0	0.0	0.0	0.0	2	0.9593016560229738	-11.232369124255612	230.0	23	1.05	0.95				
	213	2	105.94994494035086	21.58980010105263	0.0	0.0	2	0.9500000061147075	-10.480418712585152	230.0	24	1.05	0.95				
	214	2	77.56335591859647	15.592633406315787	0.0	0.0	2	1.0063235096668373	-9.29978599889024	230.0	26	1.05	0.95				
	215	2	126.74012281543858	25.587911230877193	0.0	0.0	2	1.0294963728791076	-2.0400772536489695	230.0	26	1.05	0.95				
	216	2	39.98111129824561	7.996222259649121	0.0	0.0	2	1.021355475755231	-2.8630212997077256	230.0	26	1.05	0.95				
	217	1	0.0	0.0	0.0	0.0	2	1.0358034583074245	-0.7781644443442722	230.0	27	1.05	0.95				
	218	2	133.1371006231579	27.187155682807017	0.0	0.0	2	1.0376953924927703	-1.2377118667385336	230.0	27	1.05	0.95				
	219	1	72.36581144982456	14.793011180350875	0.0	0.0	2	0.9902407547503704	-2.740330567461191	230.0	25	1.05	0.95				
	220	1	51.175822461754386	10.395088937543859	0.0	0.0	2	0.9660178517683127	-1.7756238551920136	230.0	25	1.05	0.95				
	221	2	0.0	0.0	0.0	0.0	2	1.0375269142357366	-0.7120549524600452	230.0	27	1.05	0.95				
	222	2	0.0	0.0	0.0	0.0	2	1.05	5.761516881448404	230.0	27	1.05	0.95				
	223	2	0.0	0.0	0.0	0.0	2	0.9535849617107731	-0.8632836929030614	230.0	25	1.05	0.95				
	224	1	0.0	0.0	0.0	0.0	2	1.0058830654155444	-6.057867252665678	230.0	26	1.05	0.95				
	301	2	47.25213540631579	9.625434990175439	0.0	0.0	3	1.0198864956775309	33.61346134518422	138.0	31	1.05	0.95				
	302	2	42.43941791122807	8.750395445614034	0.0	0.0	3	1.017943351263707	33.25685415731482	138.0	32	1.05	0.95				
	303	1	78.7535590105263	16.188231574385963	0.0	0.0	3	1.0269172111741747	48.87037158000456	138.0	31	1.05	0.95				
	304	1	32.376463148771926	6.562796584210526	0.0	0.0	3	1.0090849253365046	34.37237310090766	138.0	31	1.05	0.95				
	305	1	31.063903831929817	6.125276811929824	0.0	0.0	3	1.029628276633461	32.261921398025805	138.0	31	1.05	0.95				
	306	1	59.50268903017544	12.250553623859648	0.0	-100.0	3	1.0424504833787958	30.975818174891778	138.0	32	1.05	0.95				
	307	2	54.689971535087714	10.937994307017544	0.0	0.0	3	0.95	27.80713457060714	138.0	32	1.05	0.95				
	308	1	74.81588106	15.31319202982456	0.0	0.0	3	0.9735082178747325	29.661408272705167	138.0	32	1.05	0.95				
	309	1	76.5659601491228	15.750711802105261	0.0	0.0	3	1.0153270254034628	37.120657979435684	138.0	33	1.05	0.95				
	310	1	85.31635559473683	17.500790891228068	0.0	0.0	3	1.05	32.30519809811592	138.0	33	1.05	0.95				
	311	1	0.0	0.0	0.0	0.0	3	1.0049758886227202	35.32501097327809	230.0	33	1.05	0.95				
	312	1	0.0	0.0	0.0	0.0	3	1.0231484733182508	35.023409000262724	230.0	33	1.05	0.95				
	313	2	115.94273965438595	23.626067703157894	0.0	0.0	3	1.0186688379366893	35.91065452504838	230.0	34	1.05	0.95				
	314	2	84.87883582245614	17.06327111894737	0.0	0.0	3	0.986073659656481	35.530011157781665	230.0	36	1.05	0.95				
	315	2	138.69376781298243	28.00126542596491	0.0	0.0	3	0.9909898284535924	34.85345639279117	230.0	36	1.05	0.95				
	316	2	43.751977228070174	8.750395445614034	0.0	0.0	3	0.9933443363473812	34.62588855053102	230.0	36	1.05	0.95				
	317	1	0.0	0.0	0.0	0.0	3	0.9707664835252751	37.099965375560984	230.0	37	1.05	0.95				
	318	2	145.69408416947368	29.75134451508772	0.0	0.0	3	0.95	32.93124672418706	230.0	37	1.05	0.95				
	319	1	79.19107878280701	16.188231574385963	0.0	0.0	3	1.0164794101081207	33.791882896435105	230.0	35	1.05	0.95				
	320	1	56.00253085192982	11.375514079298245	0.0	0.0	3	1.037267396317344	32.821828860184134	230.0	35	1.05	0.95				
	321	2	0.0	0.0	0.0	0.0	3	0.961761945548759	34.12308589050407	230.0	37	1.05	0.95				
	322	2	0.0	0.0	0.0	0.0	3	0.95	38.2181568644208	230.0	37	1.05	0.95				
	323	2	0.0	0.0	0.0	0.0	3	1.048528770477708	32.324353452959585	230.0	35	1.05	0.95				
	324	1	0.0	0.0	0.0	0.0	3	1.001926582793738	41.65060205333972	230.0	36	1.05	0.95				
	325	1	0.0	0.0	0.0	0.0	3	1.05	31.44156364389914	230.0	35	1.05	0.95				
];
