%% MATPOWER Case Format : Version 2
function mpc = RTS_GMLC
mpc.version = '2';

%%-----  Power Flow Data  -----%%
%% system MVA base
mpc.baseMVA = 100.0;
%% bus data
%    bus_i    type    Pd    Qd    Gs    Bs    area    Vm    Va    baseKV    zone    Vmax    Vmin
mpc.bus = [
	101	2	36.79267689094737	7.494804551859649	0.0	0.0	1	1.0098475411030357	0.4581997101992115	138.0	11	1.05	0.95				
	102	2	33.04527461501755	6.813458683508772	0.0	0.0	1	1.0078786958253452	-0.12060142444039364	138.0	12	1.05	0.95				
	103	1	61.321128151578954	12.604898564491226	0.0	0.0	1	1.0278582873845832	3.348194890737586	138.0	11	1.05	0.95				
	104	1	25.20979712898245	5.110094012631579	0.0	0.0	1	1.0120619376156639	-1.4335172589457446	138.0	11	1.05	0.95				
	105	1	24.18777832645614	4.769421078456141	0.0	0.0	1	1.0255820076843383	-1.5923279616237604	138.0	11	1.05	0.95				
	106	1	46.33151904785965	9.538842156912281	0.0	-100.0	1	1.04248688689539	-3.2247230201900163	138.0	12	1.05	0.95				
	107	2	42.58411677192983	8.516823354385965	0.0	0.0	1	0.983565010258898	-8.747022429486492	138.0	12	1.05	0.95				
	108	1	58.255071744	11.92355269614035	0.0	0.0	1	0.9966916884183886	-6.843762282230119	138.0	12	1.05	0.95				
	109	1	59.617763480701754	12.264225630315789	0.0	0.0	1	1.0244423761520003	-1.071076054652448	138.0	13	1.05	0.95				
	110	1	66.43122216421052	13.626917367017544	0.0	0.0	1	1.05	-2.5327223738087774	138.0	13	1.05	0.95				
	111	1	0.0	0.0	0.0	0.0	1	1.0129542898976878	1.158672655528865	230.0	13	1.05	0.95				
	112	1	0.0	0.0	0.0	0.0	1	1.009686687733967	-0.09893218816124395	230.0	13	1.05	0.95				
	113	3	90.27832755649122	18.396338445473685	0.0	0.0	1	0.9869013219414375	1.921244889396778e-30	230.0	14	1.05	0.95				
	114	2	66.0905492300351	13.286244432842107	0.0	0.0	1	1.0390981076587429	5.067926964048761	230.0	16	1.05	0.95				
	115	2	107.99332013361402	21.80306778722807	0.0	0.0	1	1.0424574798096913	14.65006805770099	230.0	16	1.05	0.95				
	116	2	34.06729341754386	6.813458683508772	0.0	0.0	1	1.0413583585799278	12.765080940239285	230.0	16	1.05	0.95				
	117	1	0.0	0.0	0.0	0.0	1	1.0408766530690328	18.791548884796693	230.0	17	1.05	0.95				
	118	2	113.44408708042107	23.165759523929825	0.0	0.0	1	1.0499609783266766	19.40402331667069	230.0	17	1.05	0.95				
	119	1	61.661801085754384	12.604898564491226	0.0	0.0	1	1.0363303195279232	8.385772564337996	230.0	15	1.05	0.95				
	120	1	43.60613557445614	8.857496288561403	0.0	0.0	1	1.0382432189579587	5.225814923026444	230.0	15	1.05	0.95				
	121	2	0.0	0.0	0.0	0.0	1	1.0434384590710213	20.85869227669498	230.0	17	1.05	0.95				
	122	2	0.0	0.0	0.0	0.0	1	1.05	38.8184074693192	230.0	17	1.05	0.95				
	123	2	0.0	0.0	0.0	0.0	1	1.0402533310607283	3.7499841286623625	230.0	15	1.05	0.95				
	124	1	0.0	0.0	0.0	0.0	1	1.0228523215011989	10.432031532796605	230.0	16	1.05	0.95				
	201	2	39.133637658947364	7.9716669305263155	0.0	0.0	2	1.0141029680062186	-14.556702762832813	138.0	21	1.05	0.95				
	202	2	35.14780419368421	7.246969936842105	0.0	0.0	2	1.0132780706078877	-14.850463567396067	138.0	22	1.05	0.95				
	203	1	65.22272943157894	13.406894383157894	0.0	0.0	2	1.011581311521148	-10.37619985661864	138.0	21	1.05	0.95				
	204	1	26.81378876631579	5.435227452631578	0.0	0.0	2	1.0122937278669217	-14.621561537600652	138.0	21	1.05	0.95				
	205	1	25.72674327578947	5.0728789557894745	0.0	0.0	2	1.0277737379763505	-15.063425841338859	138.0	21	1.05	0.95				
	206	1	49.27939557052632	10.145757911578949	0.0	-100.0	2	1.043627929625623	-15.822683461540416	138.0	22	1.05	0.95				
	207	2	45.29356210526315	9.05871242105263	0.0	0.0	2	0.9969643675704858	-20.09397725338456	138.0	22	1.05	0.95				
	208	1	61.96159295999999	12.682197389473682	0.0	0.0	2	1.003449849594663	-18.49378292205692	138.0	22	1.05	0.95				
	209	1	63.41098694736842	13.04454588631579	0.0	0.0	2	1.0214140984037472	-12.92389562959219	138.0	23	1.05	0.95				
	210	1	70.65795688421052	14.49393987368421	0.0	0.0	2	1.05	-14.401870059161991	138.0	23	1.05	0.95				
	211	1	0.0	0.0	0.0	0.0	2	1.0045751543350783	-10.25184665371908	230.0	23	1.05	0.95				
	212	1	0.0	0.0	0.0	0.0	2	1.0055181690528967	-9.862351394254397	230.0	23	1.05	0.95				
	213	2	96.02235166315789	19.566818829473682	0.0	0.0	2	0.9971124403364209	-9.285650400668235	230.0	24	1.05	0.95				
	214	2	70.29560838736842	14.131591376842104	0.0	0.0	2	1.0075920399931886	-7.571281598121654	230.0	26	1.05	0.95				
	215	2	114.86447349894735	23.190303797894735	0.0	0.0	2	1.021528972402816	-1.109139901289669	230.0	26	1.05	0.95				
	216	2	36.23484968421052	7.246969936842105	0.0	0.0	2	1.0238281377895149	-1.5846605237224716	230.0	26	1.05	0.95				
	217	1	0.0	0.0	0.0	0.0	2	1.0315908135012792	0.3992517236654946	230.0	27	1.05	0.95				
	218	2	120.66204944842104	24.63969778526316	0.0	0.0	2	1.0302371943226964	-0.03754165191991756	230.0	27	1.05	0.95				
	219	1	65.58507792842106	13.406894383157894	0.0	0.0	2	1.0209766138764158	-2.374028203111762	230.0	25	1.05	0.95				
	220	1	46.38060759578947	9.421060917894737	0.0	0.0	2	1.020685993537719	-2.3446002839924183	230.0	25	1.05	0.95				
	221	2	0.0	0.0	0.0	0.0	2	1.0305379996423296	0.4056417928792815	230.0	27	1.05	0.95				
	222	2	0.0	0.0	0.0	0.0	2	1.05	6.896619088308462	230.0	27	1.05	0.95				
	223	2	0.0	0.0	0.0	0.0	2	1.0207918098347313	-2.0444153517643717	230.0	25	1.05	0.95				
	224	1	0.0	0.0	0.0	0.0	2	1.0063885332748141	-4.5797537829298385	230.0	26	1.05	0.95				
	301	2	46.22714329263158	9.416640300350876	0.0	0.0	3	1.0137998283752425	1.1947683579710964	138.0	31	1.05	0.95				
	302	2	41.518823142456135	8.560582091228069	0.0	0.0	3	1.0130518080517155	0.8986758969581417	138.0	32	1.05	0.95				
	303	1	77.04523882105264	15.837076868771929	0.0	0.0	3	1.0480556780644135	12.552899271176548	138.0	31	1.05	0.95				
	304	1	31.674153737543858	6.420436568421052	0.0	0.0	3	1.0123449643062954	1.8772301228529922	138.0	31	1.05	0.95				
	305	1	30.390066423859647	5.9924074638596485	0.0	0.0	3	1.0266975806619996	0.4669918201335342	138.0	31	1.05	0.95				
	306	1	58.21195822035088	11.984814927719297	0.0	-100.0	3	1.0416628303216577	-0.46095266486710906	138.0	32	1.05	0.95				
	307	2	53.50363807017543	10.700727614035086	0.0	0.0	3	0.9903623505928106	-4.888353640084214	138.0	32	1.05	0.95				
	308	1	73.19297687999999	14.98101865964912	0.0	0.0	3	0.9975617705805869	-2.9649767971291285	138.0	32	1.05	0.95				
	309	1	74.9050932982456	15.409047764210523	0.0	0.0	3	1.024689803362131	4.44131307815543	138.0	33	1.05	0.95				
	310	1	83.46567538947367	17.121164182456138	0.0	0.0	3	1.05	1.1157376414897473	138.0	33	1.05	0.95				
	311	1	0.0	0.0	0.0	0.0	3	1.0079180612544687	5.5334333134227816	230.0	33	1.05	0.95				
	312	1	0.0	0.0	0.0	0.0	3	1.0116585097545043	6.199853584360913	230.0	33	1.05	0.95				
	313	2	113.42771270877192	23.11357164631579	0.0	0.0	3	1.0091891343816508	8.506856838371105	230.0	34	1.05	0.95				
	314	2	83.03764628491227	16.693135077894734	0.0	0.0	3	1.0038591239652748	5.797314095575569	230.0	36	1.05	0.95				
	315	2	135.6852261459649	27.393862691929822	0.0	0.0	3	1.0386840118945004	8.529489943143634	230.0	36	1.05	0.95				
	316	2	42.802910456140346	8.560582091228069	0.0	0.0	3	1.0331780509918984	8.714825588171694	230.0	36	1.05	0.95				
	317	1	0.0	0.0	0.0	0.0	3	1.0432057802830927	10.859861613292527	230.0	37	1.05	0.95				
	318	2	142.53369181894735	29.10597911017544	0.0	0.0	3	1.0402610632943228	8.870974479323962	230.0	37	1.05	0.95				
	319	1	77.47326792561402	15.837076868771929	0.0	0.0	3	1.0244157182713	8.418813621869287	230.0	35	1.05	0.95				
	320	1	54.787725383859645	11.12875671859649	0.0	0.0	3	1.0196708739692288	8.999564442503369	230.0	35	1.05	0.95				
	321	2	0.0	0.0	0.0	0.0	3	1.0411952298435327	9.363712874188455	230.0	37	1.05	0.95				
	322	2	0.0	0.0	0.0	0.0	3	1.05	14.274988008919046	230.0	37	1.05	0.95				
	323	2	0.0	0.0	0.0	0.0	3	1.0177771925742525	9.657761501180536	230.0	35	1.05	0.95				
	324	1	0.0	0.0	0.0	0.0	3	1.0394487981495935	10.069395600431351	230.0	36	1.05	0.95				
	325	1	0.0	0.0	0.0	0.0	3	1.0173330216129979	10.618166779113656	230.0	35	1.05	0.95				
];
