%% MATPOWER Case Format : Version 2
function mpc = RTS_GMLC
mpc.version = '2';

%%-----  Power Flow Data  -----%%
%% system MVA base
mpc.baseMVA = 100.0;
%% bus data
%    bus_i    type    Pd    Qd    Gs    Bs    area    Vm    Va    baseKV    zone    Vmax    Vmin
mpc.bus = [
	101	2	44.48787730105263	9.06234537614035	0.0	0.0	1	1.0464466624720887	5.691630288165781	138.0	11	1.05	0.95				
	102	2	39.95670461298245	8.238495796491229	0.0	0.0	1	1.0445575605481356	5.183434355079802	138.0	12	1.05	0.95				
	103	1	74.14646216842104	15.241217223508771	0.0	0.0	1	1.037727075374946	4.138557962023237	138.0	11	1.05	0.95				
	104	1	30.482434447017543	6.17887184736842	0.0	0.0	1	1.0294360183413396	2.0258972808529476	138.0	11	1.05	0.95				
	105	1	29.246660077543858	5.76694705754386	0.0	0.0	1	1.041839005612648	1.677779905895957	138.0	11	1.05	0.95				
	106	1	56.02177141614035	11.53389411508772	0.0	-100.0	1	1.0480195737276055	-1.0939705056213613	138.0	12	1.05	0.95				
	107	2	51.49059872807017	10.298119745614034	0.0	0.0	1	0.9994002396576227	-5.989439664554198	138.0	12	1.05	0.95				
	108	1	70.43913905999999	14.417367643859647	0.0	0.0	1	1.0045921036956336	-5.00061137970774	138.0	12	1.05	0.95				
	109	1	72.08683821929824	14.829292433684211	0.0	0.0	1	1.0246684456585955	-0.07069267685390955	138.0	13	1.05	0.95				
	110	1	80.32533401578947	16.476991592982458	0.0	0.0	1	1.05	-1.1544531018270672	138.0	13	1.05	0.95				
	111	1	0.0	0.0	0.0	0.0	1	1.0031939631930655	0.7687570735943172	230.0	13	1.05	0.95				
	112	1	0.0	0.0	0.0	0.0	1	1.0065906159541855	0.343958065976031	230.0	13	1.05	0.95				
	113	3	109.16006930350876	22.243938650526314	0.0	0.0	1	0.9904598906821085	-8.04480526887995e-28	230.0	14	1.05	0.95				
	114	2	79.9134092259649	16.065066803157894	0.0	0.0	1	1.0023009218330785	2.9367366168103075	230.0	16	1.05	0.95				
	115	2	130.58015837438595	26.363186548771928	0.0	0.0	1	1.039669375514216	9.496125134455207	230.0	16	1.05	0.95				
	116	2	41.19247898245614	8.238495796491229	0.0	0.0	1	1.03476445415874	8.367633878893825	230.0	16	1.05	0.95				
	117	1	0.0	0.0	0.0	0.0	1	1.041685830965472	12.240669035631287	230.0	17	1.05	0.95				
	118	2	137.17095501157894	28.010885708070177	0.0	0.0	1	1.0472967503382762	12.695820789615594	230.0	17	1.05	0.95				
	119	1	74.55838695824562	15.241217223508771	0.0	0.0	1	1.0227832465189524	6.018939067292332	230.0	15	1.05	0.95				
	120	1	52.726373097543856	10.710044535438596	0.0	0.0	1	1.0151767595878378	4.177234877566651	230.0	15	1.05	0.95				
	121	2	0.0	0.0	0.0	0.0	1	1.05	13.76890251000489	230.0	17	1.05	0.95				
	122	2	0.0	0.0	0.0	0.0	1	1.05	24.43024297013811	230.0	17	1.05	0.95				
	123	2	0.0	0.0	0.0	0.0	1	1.0116499681399251	3.480079224784221	230.0	15	1.05	0.95				
	124	1	0.0	0.0	0.0	0.0	1	1.031274077771782	7.477389745752832	230.0	16	1.05	0.95				
	201	2	42.431607132631584	8.643475527017545	0.0	0.0	2	1.013534611527062	-5.464387774679452	138.0	21	1.05	0.95				
	202	2	38.109869369122805	7.857705024561404	0.0	0.0	2	1.0127842135256067	-5.673598878631891	138.0	22	1.05	0.95				
	203	1	70.71934522105263	14.536754295438595	0.0	0.0	2	1.0131530804565236	-3.9554292642866273	138.0	21	1.05	0.95				
	204	1	29.07350859087719	5.893278768421053	0.0	0.0	2	1.0126489941255643	-5.0803811311526665	138.0	21	1.05	0.95				
	205	1	27.89485283719298	5.5003935171929825	0.0	0.0	2	1.0269376695905914	-5.296537272516672	138.0	21	1.05	0.95				
	206	1	53.43239416701755	11.000787034385965	0.0	-100.0	2	1.0426727413445849	-5.699151359770167	138.0	22	1.05	0.95				
	207	2	49.11065640350877	9.822131280701754	0.0	0.0	2	0.9972081151447345	-10.422495077003903	138.0	22	1.05	0.95				
	208	1	67.18337796	13.750983792982455	0.0	0.0	2	1.002936217924824	-8.66671932932233	138.0	22	1.05	0.95				
	209	1	68.75491896491228	14.143869044210525	0.0	0.0	2	1.0238154955092813	-2.968904527376083	138.0	23	1.05	0.95				
	210	1	76.61262398947369	15.715410049122807	0.0	0.0	2	1.05	-3.862926286025623	138.0	23	1.05	0.95				
	211	1	0.0	0.0	0.0	0.0	2	1.0022211361801914	-0.8874343183969694	230.0	23	1.05	0.95				
	212	1	0.0	0.0	0.0	0.0	2	1.0103541770848816	3.7869769689606514	230.0	23	1.05	0.95				
	213	2	104.11459157543858	21.215803566315792	0.0	0.0	2	0.9972755126512748	1.3745731954025764	230.0	24	1.05	0.95				
	214	2	76.21973873824561	15.322524797894738	0.0	0.0	2	0.9967998725072189	-0.19002506016575568	230.0	26	1.05	0.95				
	215	2	124.54462463929823	25.14465607859649	0.0	0.0	2	1.0146599813113455	2.9488462855523547	230.0	26	1.05	0.95				
	216	2	39.288525122807016	7.857705024561404	0.0	0.0	2	1.0149341534118508	3.209453777738077	230.0	26	1.05	0.95				
	217	1	0.0	0.0	0.0	0.0	2	1.0203212927257848	3.990491831563481	230.0	27	1.05	0.95				
	218	2	130.83078865894737	26.716197083508774	0.0	0.0	2	1.019576376992622	3.6153688286470116	230.0	27	1.05	0.95				
	219	1	71.1122304722807	14.536754295438595	0.0	0.0	2	1.0148547130765324	3.4907089651128507	230.0	25	1.05	0.95				
	220	1	50.28931215719298	10.215016531929825	0.0	0.0	2	1.0173716402826127	4.519000094729806	230.0	25	1.05	0.95				
	221	2	0.0	0.0	0.0	0.0	2	1.0215272710620142	4.200350903988878	230.0	27	1.05	0.95				
	222	2	0.0	0.0	0.0	0.0	2	1.043535442085072	10.690135538079968	230.0	27	1.05	0.95				
	223	2	0.0	0.0	0.0	0.0	2	1.0194800624300533	5.3900428379781555	230.0	25	1.05	0.95				
	224	1	0.0	0.0	0.0	0.0	2	1.0052194520878783	0.3425357152655475	230.0	26	1.05	0.95				
	301	2	64.19867130947368	13.07750711859649	0.0	0.0	3	1.0072913685634488	-14.185594826010304	138.0	31	1.05	0.95				
	302	2	57.65991775017544	11.88864283508772	0.0	0.0	3	1.0068090124374136	-14.306358022829041	138.0	32	1.05	0.95				
	303	1	106.99778551578947	21.993989244912278	0.0	0.0	3	1.0228556314788821	-7.490151821117615	138.0	31	1.05	0.95				
	304	1	43.987978489824556	8.916482126315788	0.0	0.0	3	1.0071654654184907	-12.118296979595046	138.0	31	1.05	0.95				
	305	1	42.204682064561396	8.322049984561405	0.0	0.0	3	1.020286575134508	-13.097549329013933	138.0	31	1.05	0.95				
	306	1	80.84277127859649	16.64409996912281	0.0	-100.0	3	1.0351071321337448	-13.147594570272432	138.0	32	1.05	0.95				
	307	2	74.30401771929824	14.86080354385965	0.0	0.0	3	1.000377650574326	-16.692700396657436	138.0	32	1.05	0.95				
	308	1	101.64789624	20.805124961403507	0.0	0.0	3	1.005900879074829	-13.99932507253807	138.0	32	1.05	0.95				
	309	1	104.02562480701754	21.399557103157893	0.0	0.0	3	1.0285678361903783	-7.917137570660945	138.0	33	1.05	0.95				
	310	1	115.91426764210526	23.77728567017544	0.0	0.0	3	1.05	-10.102661234381323	138.0	33	1.05	0.95				
	311	1	0.0	0.0	0.0	0.0	3	1.0152029970175922	-3.162482036903871	230.0	33	1.05	0.95				
	312	1	0.0	0.0	0.0	0.0	3	1.018085398179116	-2.0380776631275315	230.0	33	1.05	0.95				
	313	2	157.5245175649123	32.09933565473684	0.0	0.0	3	1.03250377919723	3.3835264554312015	230.0	34	1.05	0.95				
	314	2	115.31983550035088	23.182853528421056	0.0	0.0	3	1.016620574822217	-3.0931032883808305	230.0	36	1.05	0.95				
	315	2	188.43498893614034	38.0436570722807	0.0	0.0	3	1.0309527962694591	-1.2342621787710866	230.0	36	1.05	0.95				
	316	2	59.4432141754386	11.88864283508772	0.0	0.0	3	1.0312271436113456	-0.34091045082903426	230.0	36	1.05	0.95				
	317	1	0.0	0.0	0.0	0.0	3	1.0342114597919623	0.5094431734238134	230.0	37	1.05	0.95				
	318	2	197.94590320421054	40.421385639298244	0.0	0.0	3	1.0312012894450298	-0.08159435720290509	230.0	37	1.05	0.95				
	319	1	107.59221765754386	21.993989244912278	0.0	0.0	3	1.0311294942287623	0.6890098233477181	230.0	35	1.05	0.95				
	320	1	76.0873141445614	15.455235685614035	0.0	0.0	3	1.0344718142791938	2.02677791255088	230.0	35	1.05	0.95				
	321	2	0.0	0.0	0.0	0.0	3	1.03328921295133	0.0820380352957906	230.0	37	1.05	0.95				
	322	2	0.0	0.0	0.0	0.0	3	1.0468261992672987	4.58331377589599	230.0	37	1.05	0.95				
	323	2	0.0	0.0	0.0	0.0	3	1.0367344187928889	2.70461359702835	230.0	35	1.05	0.95				
	324	1	0.0	0.0	0.0	0.0	3	1.0223479243591032	-1.3793592535037202	230.0	36	1.05	0.95				
	325	1	0.0	0.0	0.0	0.0	3	1.0353014400824783	3.6365210209810064	230.0	35	1.05	0.95				
];
