%% MATPOWER Case Format : Version 2
function mpc = RTS_GMLC
mpc.version = '2';

%%-----  Power Flow Data  -----%%
%% system MVA base
mpc.baseMVA = 100.0;
%% bus data
%    bus_i    type    Pd    Qd    Gs    Bs    area    Vm    Va    baseKV    zone    Vmax    Vmin
mpc.bus = [
	101	2	66.63829786105264	13.574468082807018	0.0	0.0	1	1.0498779859270686	1.7072532352585204	138.0	11	1.05	0.95				
	102	2	59.85106381964912	12.34042552982456	0.0	0.0	1	1.0486721945658473	1.3259604762380992	138.0	12	1.05	0.95				
	103	1	111.06382976842106	22.829787230175437	0.0	0.0	1	1.0286810094426486	0.3203359449972506	138.0	11	1.05	0.95				
	104	1	45.659574460350875	9.255319147368422	0.0	0.0	1	1.0270292869492954	-2.217658353857611	138.0	11	1.05	0.95				
	105	1	43.80851063087719	8.638297870877194	0.0	0.0	1	1.0407833203471275	-2.5641015877317743	138.0	11	1.05	0.95				
	106	1	83.91489360280703	17.276595741754388	0.0	-100.0	1	1.043028346178012	-5.612783624293047	138.0	12	1.05	0.95				
	107	2	77.1276595614035	15.425531912280702	0.0	0.0	1	0.9983525409877149	-12.906799063365368	138.0	12	1.05	0.95				
	108	1	105.51063828	21.595744677192982	0.0	0.0	1	0.9961169665381878	-11.219069744696114	138.0	12	1.05	0.95				
	109	1	107.9787233859649	22.21276595368421	0.0	0.0	1	1.024686434911318	-3.6962761172302914	138.0	13	1.05	0.95				
	110	1	120.31914891578947	24.68085105964912	0.0	0.0	1	1.05	-5.036507434085716	138.0	13	1.05	0.95				
	111	1	0.0	0.0	0.0	0.0	1	1.011776990019119	-1.0450881272193095	230.0	13	1.05	0.95				
	112	1	0.0	0.0	0.0	0.0	1	1.0132282658816687	-1.3184905316974378	230.0	13	1.05	0.95				
	113	3	163.51063827017543	33.31914893052632	0.0	0.0	1	1.0078929496580495	-4.0657458584698125e-30	230.0	14	1.05	0.95				
	114	2	119.70212763929824	24.063829783157896	0.0	0.0	1	1.016874212540818	1.4164321910036999	230.0	16	1.05	0.95				
	115	2	195.5957446477193	39.489361695438596	0.0	0.0	1	1.040165081929535	10.207219722359564	230.0	16	1.05	0.95				
	116	2	61.70212764912281	12.34042552982456	0.0	0.0	1	1.0367179447491977	8.653073361442493	230.0	16	1.05	0.95				
	117	1	0.0	0.0	0.0	0.0	1	1.0431227908105014	13.656452076459455	230.0	17	1.05	0.95				
	118	2	205.46808507157897	41.95744680140351	0.0	0.0	1	1.0497865255197378	14.762072833935097	230.0	17	1.05	0.95				
	119	1	111.68085104491227	22.829787230175437	0.0	0.0	1	1.0274389770075103	5.688815595292806	230.0	15	1.05	0.95				
	120	1	78.97872339087719	16.04255318877193	0.0	0.0	1	1.0252065032347388	3.7665179078911293	230.0	15	1.05	0.95				
	121	2	0.0	0.0	0.0	0.0	1	1.05	16.759600572233897	230.0	17	1.05	0.95				
	122	2	0.0	0.0	0.0	0.0	1	1.05	25.4838992594914	230.0	17	1.05	0.95				
	123	2	0.0	0.0	0.0	0.0	1	1.0255594738845761	3.177989284464026	230.0	15	1.05	0.95				
	124	1	0.0	0.0	0.0	0.0	1	1.0235151822615314	6.508365206683749	230.0	16	1.05	0.95				
	201	2	59.737446871578946	12.16873917754386	0.0	0.0	2	1.0124256769107143	-13.13515691393292	138.0	21	1.05	0.95				
	202	2	53.65307728280702	11.06249016140351	0.0	0.0	2	1.0116671566369542	-13.376004458168772	138.0	22	1.05	0.95				
	203	1	99.56241145263158	20.465606798596493	0.0	0.0	2	1.0133290996239472	-9.864677841130572	138.0	21	1.05	0.95				
	204	1	40.931213597192986	8.29686762105263	0.0	0.0	2	1.009444858462603	-12.153445464505767	138.0	21	1.05	0.95				
	205	1	39.27184007298246	7.7437431129824565	0.0	0.0	2	1.0238555377760783	-12.578557054632473	138.0	21	1.05	0.95				
	206	1	75.22493309754387	15.487486225964913	0.0	-100.0	2	1.0376586468995797	-12.905039407279414	138.0	22	1.05	0.95				
	207	2	69.14056350877193	13.828112701754385	0.0	0.0	2	0.9948580299822932	-19.778669017301908	138.0	22	1.05	0.95				
	208	1	94.58429088	19.359357782456136	0.0	0.0	2	0.9950484394451837	-17.155874364169073	138.0	22	1.05	0.95				
	209	1	96.79678891228069	19.912482290526317	0.0	0.0	2	1.0257194149137505	-8.885566016586811	138.0	23	1.05	0.95				
	210	1	107.8592790736842	22.12498032280702	0.0	0.0	2	1.05	-10.246357374766358	138.0	23	1.05	0.95				
	211	1	0.0	0.0	0.0	0.0	2	1.0142461351220466	-5.403859300690496	230.0	23	1.05	0.95				
	212	1	0.0	0.0	0.0	0.0	2	1.0185517331693774	0.012760194204969617	230.0	23	1.05	0.95				
	213	2	146.5779946385965	29.868723435789473	0.0	0.0	2	1.0190946884074092	-2.162792840792214	230.0	24	1.05	0.95				
	214	2	107.30615456561404	21.571855814736843	0.0	0.0	2	1.0168925201603947	-4.052786310938907	230.0	26	1.05	0.95				
	215	2	175.34046905824562	35.39996851649123	0.0	0.0	2	1.031521014423018	1.0102896897176403	230.0	26	1.05	0.95				
	216	2	55.31245080701754	11.06249016140351	0.0	0.0	2	1.0326905779776412	1.258444499918919	230.0	26	1.05	0.95				
	217	1	0.0	0.0	0.0	0.0	2	1.0346208695057675	2.0392721939258642	230.0	27	1.05	0.95				
	218	2	184.1904611873684	37.612466548771934	0.0	0.0	2	1.0330769381098268	1.3894569231946177	230.0	27	1.05	0.95				
	219	1	100.11553596070175	20.465606798596493	0.0	0.0	2	1.0341730225291603	2.5091582358365434	230.0	25	1.05	0.95				
	220	1	70.79993703298246	14.381237209824564	0.0	0.0	2	1.0404463014905403	4.642993249328207	230.0	25	1.05	0.95				
	221	2	0.0	0.0	0.0	0.0	2	1.03520531347994	2.0666406880123476	230.0	27	1.05	0.95				
	222	2	0.0	0.0	0.0	0.0	2	1.05	8.553508577791934	230.0	27	1.05	0.95				
	223	2	0.0	0.0	0.0	0.0	2	1.0459904015888237	6.212224407249687	230.0	25	1.05	0.95				
	224	1	0.0	0.0	0.0	0.0	2	1.0112646468884672	-3.032726386970567	230.0	26	1.05	0.95				
	301	2	69.01613412631579	14.058842136842106	0.0	0.0	3	0.9897844347637498	17.378519639416524	138.0	31	1.05	0.95				
	302	2	61.98671305789474	12.78076557894737	0.0	0.0	3	0.9892486295287731	17.257081725618857	138.0	32	1.05	0.95				
	303	1	115.02689021052632	23.64441632105263	0.0	0.0	3	1.0300901700401452	23.022115508650685	138.0	31	1.05	0.95				
	304	1	47.28883264210526	9.585574184210525	0.0	0.0	3	0.9992417818734683	19.189437403152183	138.0	31	1.05	0.95				
	305	1	45.37171780526316	8.94653590526316	0.0	0.0	3	1.0102610724745442	18.924700066296012	138.0	31	1.05	0.95				
	306	1	86.90920593684211	17.89307181052632	0.0	-100.0	3	1.029244219580079	19.06965912947921	138.0	32	1.05	0.95				
	307	2	79.87978486842105	15.97595697368421	0.0	0.0	3	0.9823925769903683	15.368230597898346	138.0	32	1.05	0.95				
	308	1	109.2755457	22.366339763157896	0.0	0.0	3	0.9962489829577151	18.22793282229381	138.0	32	1.05	0.95				
	309	1	111.83169881578947	23.005378042105264	0.0	0.0	3	1.0301300663962079	23.352377345760765	138.0	33	1.05	0.95				
	310	1	124.61246439473683	25.56153115789474	0.0	0.0	3	1.05	22.509176605099483	138.0	33	1.05	0.95				
	311	1	0.0	0.0	0.0	0.0	3	1.0207329688516158	28.381763569070287	230.0	33	1.05	0.95				
	312	1	0.0	0.0	0.0	0.0	3	1.02737318990438	29.89984489071454	230.0	33	1.05	0.95				
	313	2	169.34514392105262	34.508067063157895	0.0	0.0	3	1.05	37.54101608306371	230.0	34	1.05	0.95				
	314	2	123.97342611578948	24.92249287894737	0.0	0.0	3	1.0221733999976523	25.604499869686705	230.0	36	1.05	0.95				
	315	2	202.5751344263158	40.89844985263158	0.0	0.0	3	1.0441092269054997	18.479375981028696	230.0	36	1.05	0.95				
	316	2	63.90382789473684	12.78076557894737	0.0	0.0	3	1.044584546464077	19.68804423783941	230.0	36	1.05	0.95				
	317	1	0.0	0.0	0.0	0.0	3	1.047304512623183	17.889486493818012	230.0	37	1.05	0.95				
	318	2	212.79974688947368	43.45460296842106	0.0	0.0	3	1.0465074841780577	16.327053463306747	230.0	37	1.05	0.95				
	319	1	115.66592848947369	23.64441632105263	0.0	0.0	3	1.043775609505391	22.731423235665147	230.0	35	1.05	0.95				
	320	1	81.79689970526316	16.61499525263158	0.0	0.0	3	1.0467244176260107	25.109816110215696	230.0	35	1.05	0.95				
	321	2	0.0	0.0	0.0	0.0	3	1.0464086585756818	17.62016988471677	230.0	37	1.05	0.95				
	322	2	0.0	0.0	0.0	0.0	3	1.05	22.063681270095103	230.0	37	1.05	0.95				
	323	2	0.0	0.0	0.0	0.0	3	1.0484345875939902	25.985934695127476	230.0	35	1.05	0.95				
	324	1	0.0	0.0	0.0	0.0	3	1.038797527302728	22.277230769055702	230.0	36	1.05	0.95				
	325	1	0.0	0.0	0.0	0.0	3	1.0499999904205513	25.208422312912795	230.0	35	1.05	0.95				
];
