%% MATPOWER Case Format : Version 2
function mpc = RTS_GMLC
mpc.version = '2';

%%-----  Power Flow Data  -----%%
%% system MVA base
mpc.baseMVA = 100.0;
%% bus data
%    bus_i    type    Pd    Qd    Gs    Bs    area    Vm    Va    baseKV    zone    Vmax    Vmin
mpc.bus = [
	101	2	51.54181097684211	10.499257791578946	0.0	0.0	1	1.018583453799294	-4.2730783421531555	138.0	11	1.05	0.95				
	102	2	46.29218208105262	9.544779810526316	0.0	0.0	1	1.0175767946247096	-4.524443549005454	138.0	12	1.05	0.95				
	103	1	85.90301829473684	17.657842649473682	0.0	0.0	1	1.0308978216553244	0.09557752104082684	138.0	11	1.05	0.95				
	104	1	35.315685298947365	7.158584857894736	0.0	0.0	1	1.0174493595038459	-4.658282317521356	138.0	11	1.05	0.95				
	105	1	33.883968327368414	6.681345867368421	0.0	0.0	1	1.0283667357374586	-5.846592309516845	138.0	11	1.05	0.95				
	106	1	64.90450271157894	13.362691734736842	0.0	-100.0	1	1.041135696342919	-7.256323559564313	138.0	12	1.05	0.95				
	107	2	59.654873815789465	11.930974763157893	0.0	0.0	1	1.0004696794260544	-11.089826163083389	138.0	12	1.05	0.95				
	108	1	81.60786737999999	16.70336466842105	0.0	0.0	1	1.0030976644684555	-9.964493475516155	138.0	12	1.05	0.95				
	109	1	83.51682334210525	17.180603658947366	0.0	0.0	1	1.025694119029994	-3.9167720475043595	138.0	13	1.05	0.95				
	110	1	93.06160315263156	19.089559621052633	0.0	0.0	1	1.05	-5.89805012324522	138.0	13	1.05	0.95				
	111	1	0.0	0.0	0.0	0.0	1	1.0096981209242608	-1.1169975654466358	230.0	13	1.05	0.95				
	112	1	0.0	0.0	0.0	0.0	1	1.0109237937065942	-1.7402115978268353	230.0	13	1.05	0.95				
	113	3	126.46833248947367	25.770905488421054	0.0	0.0	1	1.0037792448961844	5.199511083410217e-30	230.0	14	1.05	0.95				
	114	2	92.58436416210525	18.612320630526312	0.0	0.0	1	1.0158015929558761	1.7762410729621536	230.0	16	1.05	0.95				
	115	2	151.28475999684207	30.543295393684204	0.0	0.0	1	1.0425880339685838	10.021507371275613	230.0	16	1.05	0.95				
	116	2	47.72389905263157	9.544779810526316	0.0	0.0	1	1.0371771206052347	8.716175584502878	230.0	16	1.05	0.95				
	117	1	0.0	0.0	0.0	0.0	1	1.0413586727842867	13.978146942974535	230.0	17	1.05	0.95				
	118	2	158.92058384526314	32.45225135578947	0.0	0.0	1	1.0499999965693807	14.511418723566566	230.0	17	1.05	0.95				
	119	1	86.38025728526316	17.657842649473682	0.0	0.0	1	1.0268330237517833	5.576718517447195	230.0	15	1.05	0.95				
	120	1	61.08659078736841	12.40821375368421	0.0	0.0	1	1.0224818062356789	3.210502460019844	230.0	15	1.05	0.95				
	121	2	0.0	0.0	0.0	0.0	1	1.05	15.664856573454113	230.0	17	1.05	0.95				
	122	2	0.0	0.0	0.0	0.0	1	1.05	31.306562515618122	230.0	17	1.05	0.95				
	123	2	0.0	0.0	0.0	0.0	1	1.0212239791880453	2.2712331579990623	230.0	15	1.05	0.95				
	124	1	0.0	0.0	0.0	0.0	1	1.0257854782935356	6.308640941546742	230.0	16	1.05	0.95				
	201	2	46.086573258947375	9.38800566385965	0.0	0.0	2	1.0136759399805955	-10.784105980664519	138.0	21	1.05	0.95				
	202	2	41.392570427017546	8.534550603508773	0.0	0.0	2	1.0128536240855583	-11.011351725877239	138.0	22	1.05	0.95				
	203	1	76.81095543157895	15.788918616491229	0.0	0.0	2	1.0150779169363817	-8.529665924087631	138.0	21	1.05	0.95				
	204	1	31.577837232982457	6.40091295263158	0.0	0.0	2	1.0122255492157395	-10.319951201558247	138.0	21	1.05	0.95				
	205	1	30.29765464245614	5.9741854224561415	0.0	0.0	2	1.0265177056872927	-10.615358315417563	138.0	21	1.05	0.95				
	206	1	58.03494410385965	11.948370844912283	0.0	-100.0	2	1.041711155893477	-11.047579759277584	138.0	22	1.05	0.95				
	207	2	53.34094127192983	10.668188254385965	0.0	0.0	2	0.9962961118433645	-16.203349490365962	138.0	22	1.05	0.95				
	208	1	72.97040766	14.935463556140352	0.0	0.0	2	1.0011418955957918	-14.269488382834037	138.0	22	1.05	0.95				
	209	1	74.67731778070176	15.362191086315791	0.0	0.0	2	1.0243504149993663	-7.992908590505044	138.0	23	1.05	0.95				
	210	1	83.21186838421053	17.069101207017546	0.0	0.0	2	1.05	-9.073613397873803	138.0	23	1.05	0.95				
	211	1	0.0	0.0	0.0	0.0	2	1.0045453982697983	-5.650916230204587	230.0	23	1.05	0.95				
	212	1	0.0	0.0	0.0	0.0	2	1.011687335468317	-1.0708006734525672	230.0	23	1.05	0.95				
	213	2	113.08279549649123	23.043286629473688	0.0	0.0	2	1.000241092583166	-3.427454434372959	230.0	24	1.05	0.95				
	214	2	82.78514085403509	16.642373676842105	0.0	0.0	2	1.0016135019956227	-4.580936422849372	230.0	26	1.05	0.95				
	215	2	135.27262706561405	27.310561931228072	0.0	0.0	2	1.0223185279211018	0.20526819763456472	230.0	26	1.05	0.95				
	216	2	42.67275301754386	8.534550603508773	0.0	0.0	2	1.0206402488287272	-0.4547619115776804	230.0	26	1.05	0.95				
	217	1	0.0	0.0	0.0	0.0	2	1.0269225373378381	0.971845032895832	230.0	27	1.05	0.95				
	218	2	142.10026754842107	29.017472051929825	0.0	0.0	2	1.0263763681515905	0.6059903490320857	230.0	27	1.05	0.95				
	219	1	77.23768296175439	15.788918616491229	0.0	0.0	2	1.0193705824798258	-0.4836737670235892	230.0	25	1.05	0.95				
	220	1	54.621123862456145	11.094915784561405	0.0	0.0	2	1.021174374840577	0.33481417724255136	230.0	25	1.05	0.95				
	221	2	0.0	0.0	0.0	0.0	2	1.0285134785464725	1.2680059894958178	230.0	27	1.05	0.95				
	222	2	0.0	0.0	0.0	0.0	2	1.0499994014960268	7.641994446054624	230.0	27	1.05	0.95				
	223	2	0.0	0.0	0.0	0.0	2	1.0229579630726484	1.114869490937726	230.0	25	1.05	0.95				
	224	1	0.0	0.0	0.0	0.0	2	1.0087749639331258	-3.074508560309329	230.0	26	1.05	0.95				
	301	2	70.39987344000001	14.34071496	0.0	0.0	3	0.9993866052602931	6.966501864444131	138.0	31	1.05	0.95				
	302	2	63.22951596000001	13.0370136	0.0	0.0	3	0.9996848364039905	6.898791000109358	138.0	32	1.05	0.95				
	303	1	117.33312240000001	24.11847516	0.0	0.0	3	1.0167744681937496	11.24249614219058	138.0	31	1.05	0.95				
	304	1	48.23695032	9.777760200000001	0.0	0.0	3	1.0020925671475152	9.2353751825298	138.0	31	1.05	0.95				
	305	1	46.28139828	9.125909520000002	0.0	0.0	3	1.0145998207021514	8.942747768276217	138.0	31	1.05	0.95				
	306	1	88.65169248000001	18.251819040000004	0.0	-100.0	3	1.0312392627044427	9.325121319336507	138.0	32	1.05	0.95				
	307	2	81.481335	16.296267	0.0	0.0	3	0.9926508948687955	5.2479991674308035	138.0	32	1.05	0.95				
	308	1	111.46646628	22.814773799999998	0.0	0.0	3	1.0005825719743089	8.214818607715916	138.0	32	1.05	0.95				
	309	1	114.073869	23.46662448	0.0	0.0	3	1.027898575222612	13.79086678244259	138.0	33	1.05	0.95				
	310	1	127.11088260000001	26.0740272	0.0	0.0	3	1.05	12.999655692841138	138.0	33	1.05	0.95				
	311	1	0.0	0.0	0.0	0.0	3	1.0174800028969453	19.770923753353422	230.0	33	1.05	0.95				
	312	1	0.0	0.0	0.0	0.0	3	1.0219884508325925	20.71153404475981	230.0	33	1.05	0.95				
	313	2	172.7404302	35.199936720000004	0.0	0.0	3	1.0387254388879867	26.91790103685601	230.0	34	1.05	0.95				
	314	2	126.45903192000002	25.42217652	0.0	0.0	3	1.0209583694985898	19.76641327232094	230.0	36	1.05	0.95				
	315	2	206.63666556	41.71844352	0.0	0.0	3	1.0396874054893321	16.387358253633185	230.0	36	1.05	0.95				
	316	2	65.185068	13.0370136	0.0	0.0	3	1.0400553438746607	17.745102543757064	230.0	36	1.05	0.95				
	317	1	0.0	0.0	0.0	0.0	3	1.05	19.438574305259106	230.0	37	1.05	0.95				
	318	2	217.06627644000002	44.325846240000004	0.0	0.0	3	1.046190906472812	16.454960852578225	230.0	37	1.05	0.95				
	319	1	117.98497308	24.11847516	0.0	0.0	3	1.038394829791302	19.341110929224516	230.0	35	1.05	0.95				
	320	1	83.43688704	16.948117680000003	0.0	0.0	3	1.0393391769304365	20.509988953877546	230.0	35	1.05	0.95				
	321	2	0.0	0.0	0.0	0.0	3	1.0448895978982553	17.0833601323519	230.0	37	1.05	0.95				
	322	2	0.0	0.0	0.0	0.0	3	1.05	22.34915700076677	230.0	37	1.05	0.95				
	323	2	0.0	0.0	0.0	0.0	3	1.039414485999901	20.737469921789316	230.0	35	1.05	0.95				
	324	1	0.0	0.0	0.0	0.0	3	1.0262774957438656	16.551625789677612	230.0	36	1.05	0.95				
	325	1	0.0	0.0	0.0	0.0	3	1.0417387033448189	20.311935664571692	230.0	35	1.05	0.95				
];

%% generator data
%    bus    Pg    Qg    Qmax    Qmin    Vg    mBase    status    Pmax    Pmin    Pc1    Pc2    Qc1min    Qc1max    Qc2min    Qc2max    ramp_agc    ramp_10    ramp_30    ramp_q    apf
