%% MATPOWER Case Format : Version 2
function mpc = RTS_GMLC
mpc.version = '2';

%%-----  Power Flow Data  -----%%
%% system MVA base
mpc.baseMVA = 100.0;
%% bus data
%    bus_i    type    Pd    Qd    Gs    Bs    area    Vm    Va    baseKV    zone    Vmax    Vmin
mpc.bus = [
	101	2	35.91093518147368	7.315190499929823	0.0	0.0	1	1.0329746139027125	4.528343570655695	138.0	11	1.05	0.95				
	102	2	32.25333993150877	6.650173181754386	0.0	0.0	1	1.0320720359563393	4.26692376230801	138.0	12	1.05	0.95				
	103	1	59.85155863578947	12.302820386245612	0.0	0.0	1	1.0320070337802818	2.7474361377139602	138.0	11	1.05	0.95				
	104	1	24.605640772491224	4.987629886315789	0.0	0.0	1	1.0224480896381696	1.0118102179591149	138.0	11	1.05	0.95				
	105	1	23.608114795228065	4.6551212272280695	0.0	0.0	1	1.0366952893232475	1.2651049446564	138.0	11	1.05	0.95				
	106	1	45.22117763592982	9.310242454456139	0.0	-100.0	1	1.0477161810205873	-0.9584090453525563	138.0	12	1.05	0.95				
	107	2	41.56358238596491	8.312716477192982	0.0	0.0	1	1.0003378499363367	-7.016950635354112	138.0	12	1.05	0.95				
	108	1	56.858980704	11.637803068070173	0.0	0.0	1	1.0069982017653385	-5.3407357505746145	138.0	12	1.05	0.95				
	109	1	58.18901534035087	11.970311727157892	0.0	0.0	1	1.0244835236283432	-0.2982068390134431	138.0	13	1.05	0.95				
	110	1	64.83918852210525	13.300346363508773	0.0	0.0	1	1.05	-0.9923484201599981	138.0	13	1.05	0.95				
	111	1	0.0	0.0	0.0	0.0	1	1.0011132275253025	0.9421132293970791	230.0	13	1.05	0.95				
	112	1	0.0	0.0	0.0	0.0	1	1.0062368273866535	0.6759871330761269	230.0	13	1.05	0.95				
	113	3	88.1147946582456	17.95546759073684	0.0	0.0	1	0.9889184023064821	2.411761041644273e-30	230.0	14	1.05	0.95				
	114	2	64.50667986301754	12.96783770442105	0.0	0.0	1	0.9984574837312438	3.4839868194058274	230.0	16	1.05	0.95				
	115	2	105.405244930807	21.280554181614033	0.0	0.0	1	1.038332177440104	9.469818245694857	230.0	16	1.05	0.95				
	116	2	33.25086590877193	6.650173181754386	0.0	0.0	1	1.0340419751777878	8.890456022392165	230.0	16	1.05	0.95				
	117	1	0.0	0.0	0.0	0.0	1	1.0415956465015053	11.894561029624665	230.0	17	1.05	0.95				
	118	2	110.72538347621052	22.61058881796491	0.0	0.0	1	1.0463924572199697	11.988772070379774	230.0	17	1.05	0.95				
	119	1	60.18406729487719	12.302820386245612	0.0	0.0	1	1.0248490244084953	6.828165844274566	230.0	15	1.05	0.95				
	120	1	42.561108363228065	8.645225136280702	0.0	0.0	1	1.0194904690550066	5.667313120974205	230.0	15	1.05	0.95				
	121	2	0.0	0.0	0.0	0.0	1	1.05	12.84813201980175	230.0	17	1.05	0.95				
	122	2	0.0	0.0	0.0	0.0	1	1.05	23.30145991395768	230.0	17	1.05	0.95				
	123	2	0.0	0.0	0.0	0.0	1	1.0166619207619394	5.287380764860632	230.0	15	1.05	0.95				
	124	1	0.0	0.0	0.0	0.0	1	1.027049055884957	6.946695729905512	230.0	16	1.05	0.95				
	201	2	42.05761056000001	8.56729104	0.0	0.0	2	1.022176265769831	-9.67840726487768	138.0	21	1.05	0.95				
	202	2	37.77396504	7.7884464000000015	0.0	0.0	2	1.0225105465324453	-9.657294981902158	138.0	22	1.05	0.95				
	203	1	70.09601760000001	14.408625840000003	0.0	0.0	2	1.0156273080092073	-7.8357841747199055	138.0	21	1.05	0.95				
	204	1	28.817251680000005	5.8413348	0.0	0.0	2	1.0165002146750879	-10.727982856516627	138.0	21	1.05	0.95				
	205	1	27.64898472	5.451912480000002	0.0	0.0	2	1.0314582731374105	-11.042392433910743	138.0	21	1.05	0.95				
	206	1	52.96143552000001	10.903824960000003	0.0	-100.0	2	1.0448635659205268	-12.20804713440014	138.0	22	1.05	0.95				
	207	2	48.67779	9.735558000000001	0.0	0.0	2	0.9947172512408068	-17.51763263609138	138.0	22	1.05	0.95				
	208	1	66.59121672	13.629781200000002	0.0	0.0	2	1.0012621403402941	-15.783006031985558	138.0	22	1.05	0.95				
	209	1	68.14890600000001	14.019203520000001	0.0	0.0	2	1.022166109271262	-9.991633481398667	138.0	23	1.05	0.95				
	210	1	75.93735240000001	15.576892800000003	0.0	0.0	2	1.05	-11.16782642616355	138.0	23	1.05	0.95				
	211	1	0.0	0.0	0.0	0.0	2	1.0033510671765964	-7.550453966398816	230.0	23	1.05	0.95				
	212	1	0.0	0.0	0.0	0.0	2	1.0067377178514456	-6.916088179002371	230.0	23	1.05	0.95				
	213	2	103.19691480000002	21.028805280000004	0.0	0.0	2	0.9972677809295538	-6.507342040581103	230.0	24	1.05	0.95				
	214	2	75.54793008	15.187470480000002	0.0	0.0	2	1.002210684254294	-5.300833631994362	230.0	26	1.05	0.95				
	215	2	123.44687544000001	24.923028480000003	0.0	0.0	2	1.0174992089060353	0.44113256363628683	230.0	26	1.05	0.95				
	216	2	38.942232000000004	7.7884464000000015	0.0	0.0	2	1.019224338322868	0.25302000668532376	230.0	26	1.05	0.95				
	217	1	0.0	0.0	0.0	0.0	2	1.0240399587304037	2.0399254538364624	230.0	27	1.05	0.95				
	218	2	129.67763256000003	26.480717760000005	0.0	0.0	2	1.0233880536888578	1.528722204245489	230.0	27	1.05	0.95				
	219	1	70.48543992000002	14.408625840000003	0.0	0.0	2	1.0198780441009454	-0.11966878681450992	230.0	25	1.05	0.95				
	220	1	49.846056960000006	10.124980320000002	0.0	0.0	2	1.0228874135711952	0.327632030860076	230.0	25	1.05	0.95				
	221	2	0.0	0.0	0.0	0.0	2	1.0250667945665335	1.9756929082359858	230.0	27	1.05	0.95				
	222	2	0.0	0.0	0.0	0.0	2	1.047201003574702	8.526212327196967	230.0	27	1.05	0.95				
	223	2	0.0	0.0	0.0	0.0	2	1.0250259298059983	0.874107179165554	230.0	25	1.05	0.95				
	224	1	0.0	0.0	0.0	0.0	2	1.0065117804599604	-2.6840031285412307	230.0	26	1.05	0.95				
	301	2	46.039228105263156	9.378361280701753	0.0	0.0	3	1.009693406393726	-15.453068798083851	138.0	31	1.05	0.95				
	302	2	41.35004746491228	8.525782982456139	0.0	0.0	3	1.0093871001164303	-15.650670999177134	138.0	32	1.05	0.95				
	303	1	76.73204684210525	15.772698517543857	0.0	0.0	3	1.0360650092623431	-7.2006266111496045	138.0	31	1.05	0.95				
	304	1	31.545397035087714	6.394337236842104	0.0	0.0	3	1.0116451934485944	-14.367507486179807	138.0	31	1.05	0.95				
	305	1	30.266529587719294	5.968048087719298	0.0	0.0	3	1.0245530148196522	-15.565499994996216	138.0	31	1.05	0.95				
	306	1	57.975324280701756	11.936096175438596	0.0	-100.0	3	1.0408713818084498	-16.14084900039406	138.0	32	1.05	0.95				
	307	2	53.28614364035087	10.657228728070175	0.0	0.0	3	0.9925327703396664	-20.554919366541125	138.0	32	1.05	0.95				
	308	1	72.89544449999998	14.920120219298244	0.0	0.0	3	0.9993866611902333	-18.6425517640819	138.0	32	1.05	0.95				
	309	1	74.60060109649122	15.34640936842105	0.0	0.0	3	1.0266509426357036	-11.571550767077317	138.0	33	1.05	0.95				
	310	1	83.12638407894735	17.051565964912278	0.0	0.0	3	1.05	-14.30373739829519	138.0	33	1.05	0.95				
	311	1	0.0	0.0	0.0	0.0	3	1.0069730284937348	-9.442879887135227	230.0	33	1.05	0.95				
	312	1	0.0	0.0	0.0	0.0	3	1.012686804721348	-8.592064200616312	230.0	33	1.05	0.95				
	313	2	112.96662451754385	23.019614052631578	0.0	0.0	3	1.0107182667181838	-6.0178730026934035	230.0	34	1.05	0.95				
	314	2	82.70009492982456	16.625276815789473	0.0	0.0	3	1.0011496505168087	-8.826950375758743	230.0	36	1.05	0.95				
	315	2	135.1336602719298	27.28250554385965	0.0	0.0	3	1.0251934483624905	-5.8080032093688985	230.0	36	1.05	0.95				
	316	2	42.6289149122807	8.525782982456139	0.0	0.0	3	1.0237975027474537	-5.384878178043381	230.0	36	1.05	0.95				
	317	1	0.0	0.0	0.0	0.0	3	1.0288424036716046	-4.135410720535055	230.0	37	1.05	0.95				
	318	2	141.95428665789473	28.987662140350878	0.0	0.0	3	1.0273293379497357	-4.4225247574961735	230.0	37	1.05	0.95				
	319	1	77.15833599122807	15.772698517543857	0.0	0.0	3	1.0226565368794358	-5.31966052940869	230.0	35	1.05	0.95				
	320	1	54.5650110877193	11.083517877192982	0.0	0.0	3	1.0245571361515182	-4.425625883951302	230.0	35	1.05	0.95				
	321	2	0.0	0.0	0.0	0.0	3	1.0287089003339869	-4.344837371111552	230.0	37	1.05	0.95				
	322	2	0.0	0.0	0.0	0.0	3	1.0420827185626877	0.11034410721053436	230.0	37	1.05	0.95				
	323	2	0.0	0.0	0.0	0.0	3	1.0264105123268499	-3.6066805573387453	230.0	35	1.05	0.95				
	324	1	0.0	0.0	0.0	0.0	3	1.0245679262552059	-6.344107458196969	230.0	36	1.05	0.95				
	325	1	0.0	0.0	0.0	0.0	3	1.0231162003132528	-2.2199055786833686	230.0	35	1.05	0.95				
];
