%% MATPOWER Case Format : Version 2
function mpc = RTS_GMLC
mpc.version = '2';

%%-----  Power Flow Data  -----%%
%% system MVA base
mpc.baseMVA = 100.0;
%% bus data
%    bus_i    type    Pd    Qd    Gs    Bs    area    Vm    Va    baseKV    zone    Vmax    Vmin
mpc.bus = [
	101	2	43.365660555789475	8.833745668771929	0.0	0.0	1	1.0246813961585244	0.9792493805329062	138.0	11	1.05	0.95				
	102	2	38.948787721403505	8.030677880701754	0.0	0.0	1	1.0224569435392523	0.3777730733187194	138.0	12	1.05	0.95				
	103	1	72.27610092631579	14.856754079298245	0.0	0.0	1	1.0305082204854716	1.8286495284032969	138.0	11	1.05	0.95				
	104	1	29.71350815859649	6.023008410526316	0.0	0.0	1	1.0193930898789003	-1.53906494097282	138.0	11	1.05	0.95				
	105	1	28.508906476491227	5.6214745164912285	0.0	0.0	1	1.0318995136912608	-1.8819792940662379	138.0	11	1.05	0.95				
	106	1	54.60860958877193	11.242949032982457	0.0	-100.0	1	1.043902950667973	-4.013886167901637	138.0	12	1.05	0.95				
	107	2	50.191736754385964	10.038347350877192	0.0	0.0	1	0.9991622492628367	-11.067247154322105	138.0	12	1.05	0.95				
	108	1	68.66229588	14.053686291228068	0.0	0.0	1	1.0033103420647957	-8.803921914890065	138.0	12	1.05	0.95				
	109	1	70.26843145614035	14.455220185263157	0.0	0.0	1	1.024862592621923	-2.158724482231483	138.0	13	1.05	0.95				
	110	1	78.2991093368421	16.061355761403508	0.0	0.0	1	1.05	-3.485974213451428	138.0	13	1.05	0.95				
	111	1	0.0	0.0	0.0	0.0	1	1.006145575183992	0.09317725510971844	230.0	13	1.05	0.95				
	112	1	0.0	0.0	0.0	0.0	1	1.010109166961891	-0.8522516287889613	230.0	13	1.05	0.95				
	113	3	106.40648191929824	21.682830277894737	0.0	0.0	1	0.9983109275466495	4.2500945535930226e-30	230.0	14	1.05	0.95				
	114	2	77.89757544280701	15.65982186736842	0.0	0.0	1	1.0082036300180113	3.1961538603686486	230.0	16	1.05	0.95				
	115	2	127.2862444091228	25.698169218245614	0.0	0.0	1	1.0421765576907087	11.49458932189915	230.0	16	1.05	0.95				
	116	2	40.15338940350877	8.030677880701754	0.0	0.0	1	1.0353210268559816	9.895586860507098	230.0	16	1.05	0.95				
	117	1	0.0	0.0	0.0	0.0	1	1.0405268382958093	15.262670504058997	230.0	17	1.05	0.95				
	118	2	133.71078671368423	27.304304794385963	0.0	0.0	1	1.0499999989320676	15.79721208105908	230.0	17	1.05	0.95				
	119	1	72.67763482035087	14.856754079298245	0.0	0.0	1	1.0244638558737065	6.047501979510179	230.0	15	1.05	0.95				
	120	1	51.39633843649123	10.43988124491228	0.0	0.0	1	1.0207800720192608	3.359210142632436	230.0	15	1.05	0.95				
	121	2	0.0	0.0	0.0	0.0	1	1.05	17.207252161293894	230.0	17	1.05	0.95				
	122	2	0.0	0.0	0.0	0.0	1	1.05	32.971304838663436	230.0	17	1.05	0.95				
	123	2	0.0	0.0	0.0	0.0	1	1.0197217069287543	2.1867181610891335	230.0	15	1.05	0.95				
	124	1	0.0	0.0	0.0	0.0	1	1.0256962652493982	7.8794023952935595	230.0	16	1.05	0.95				
	201	2	37.62065166063158	7.663466079017544	0.0	0.0	2	1.0141051071790148	-16.891276179612056	138.0	21	1.05	0.95				
	202	2	33.788918621122804	6.9667873445614035	0.0	0.0	2	1.0131381008307163	-17.195413657730366	138.0	22	1.05	0.95				
	203	1	62.70108610105264	12.888556587438597	0.0	0.0	2	1.0165090492409259	-12.470833970633127	138.0	21	1.05	0.95				
	204	1	25.777113174877194	5.225090508421053	0.0	0.0	2	1.0128486485674708	-17.06751992642945	138.0	21	1.05	0.95				
	205	1	24.73209507319298	4.876751141192983	0.0	0.0	2	1.0279746000989296	-17.532307257360127	138.0	21	1.05	0.95				
	206	1	47.37415394301755	9.753502282385966	0.0	-100.0	2	1.043970252299959	-18.355188414525816	138.0	22	1.05	0.95				
	207	2	43.54242090350877	8.708484180701754	0.0	0.0	2	0.9958936875692961	-22.41759425693074	138.0	22	1.05	0.95				
	208	1	59.566031796	12.191877852982454	0.0	0.0	2	1.0034927632205364	-20.898390348572008	138.0	22	1.05	0.95				
	209	1	60.959389264912275	12.540217220210526	0.0	0.0	2	1.0219620679395307	-15.510149802879877	138.0	23	1.05	0.95				
	210	1	67.92617660947369	13.933574689122807	0.0	0.0	2	1.05	-17.049447140641064	138.0	23	1.05	0.95				
	211	1	0.0	0.0	0.0	0.0	2	1.0035371032140847	-12.98279026118706	230.0	23	1.05	0.95				
	212	1	0.0	0.0	0.0	0.0	2	1.0061365869096603	-13.006558355339745	230.0	23	1.05	0.95				
	213	2	92.30993231543859	18.81032583031579	0.0	0.0	2	0.9951262807531922	-12.450910149842198	230.0	24	1.05	0.95				
	214	2	67.57783724224561	13.585235321894737	0.0	0.0	2	1.0058914857219923	-10.025746577739975	230.0	26	1.05	0.95				
	215	2	110.42357941129825	22.293719502596492	0.0	0.0	2	1.0240428076988515	-2.5837964993935296	230.0	26	1.05	0.95				
	216	2	34.83393672280702	6.9667873445614035	0.0	0.0	2	1.024089336607169	-3.7619932561381595	230.0	26	1.05	0.95				
	217	1	0.0	0.0	0.0	0.0	2	1.0285191201781465	-1.4522132324201993	230.0	27	1.05	0.95				
	218	2	115.99700928694739	23.687076971508773	0.0	0.0	2	1.0285380681961689	-1.7705001428171818	230.0	27	1.05	0.95				
	219	1	63.04942546828071	12.888556587438597	0.0	0.0	2	1.0212324740482375	-5.43852499480625	230.0	25	1.05	0.95				
	220	1	44.587439005192984	9.056823547929826	0.0	0.0	2	1.021234509677517	-6.209422565469537	230.0	25	1.05	0.95				
	221	2	0.0	0.0	0.0	0.0	2	1.0303162086692579	-1.2481934503992145	230.0	27	1.05	0.95				
	222	2	0.0	0.0	0.0	0.0	2	1.0499999984868493	5.163766624837663	230.0	27	1.05	0.95				
	223	2	0.0	0.0	0.0	0.0	2	1.0213868674374422	-6.3609332738558635	230.0	25	1.05	0.95				
	224	1	0.0	0.0	0.0	0.0	2	1.0090619569774983	-6.29694970945784	230.0	26	1.05	0.95				
	301	2	53.53875356210527	10.906042392280701	0.0	0.0	3	1.0067049304976263	-4.862693486689431	138.0	31	1.05	0.95				
	302	2	48.08573236596491	9.914583992982456	0.0	0.0	3	1.0060398423321644	-5.019686543399157	138.0	32	1.05	0.95				
	303	1	89.23125593684212	18.341980387017546	0.0	0.0	3	1.0353429395001204	2.332180135748528	138.0	31	1.05	0.95				
	304	1	36.68396077403509	7.435937994736842	0.0	0.0	3	1.0093762780836726	-3.410799605851383	138.0	31	1.05	0.95				
	305	1	35.19677317508772	6.940208795087719	0.0	0.0	3	1.021829552717481	-4.4170143553800205	138.0	31	1.05	0.95				
	306	1	67.41917115228071	13.880417590175439	0.0	-100.0	3	1.0379985694092602	-4.740525745699835	138.0	32	1.05	0.95				
	307	2	61.96614995614035	12.39322999122807	0.0	0.0	3	0.9908066344063997	-10.01116765301597	138.0	32	1.05	0.95				
	308	1	84.76969314	17.350521987719297	0.0	0.0	3	0.9963731827134459	-7.737980460750023	138.0	32	1.05	0.95				
	309	1	86.75260993859649	17.84625118736842	0.0	0.0	3	1.0283872815678965	-0.07816463728027441	138.0	33	1.05	0.95				
	310	1	96.66719393157894	19.82916798596491	0.0	0.0	3	1.05	-2.377056147235679	138.0	33	1.05	0.95				
	311	1	0.0	0.0	0.0	0.0	3	1.0103560886330747	3.0816273641518546	230.0	33	1.05	0.95				
	312	1	0.0	0.0	0.0	0.0	3	1.0144089135274248	3.6412040796308722	230.0	33	1.05	0.95				
	313	2	131.36823790701754	26.769376781052635	0.0	0.0	3	1.0138606054780794	6.804121858584058	230.0	34	1.05	0.95				
	314	2	96.17146473192982	19.33343878631579	0.0	0.0	3	1.0100088247894554	4.221632600386946	230.0	36	1.05	0.95				
	315	2	157.14615628877192	31.72666877754386	0.0	0.0	3	1.038616044784392	5.44775479033302	230.0	36	1.05	0.95				
	316	2	49.57291996491228	9.914583992982456	0.0	0.0	3	1.0369757043706775	5.992988605586144	230.0	36	1.05	0.95				
	317	1	0.0	0.0	0.0	0.0	3	1.0499999531657191	9.182642327976188	230.0	37	1.05	0.95				
	318	2	165.07782348315789	33.709585576140356	0.0	0.0	3	1.0473429770020337	6.5250597677102355	230.0	37	1.05	0.95				
	319	1	89.72698513649124	18.341980387017546	0.0	0.0	3	1.0317255939972754	6.423604365457813	230.0	35	1.05	0.95				
	320	1	63.45333755508772	12.888959190877195	0.0	0.0	3	1.0289579428686537	6.977084069252833	230.0	35	1.05	0.95				
	321	2	0.0	0.0	0.0	0.0	3	1.0452438230840826	6.8060100328225115	230.0	37	1.05	0.95				
	322	2	0.0	0.0	0.0	0.0	3	1.05	12.080702434815969	230.0	37	1.05	0.95				
	323	2	0.0	0.0	0.0	0.0	3	1.0279578307467476	7.480359335008608	230.0	35	1.05	0.95				
	324	1	0.0	0.0	0.0	0.0	3	1.0329579516170144	5.268293059222636	230.0	36	1.05	0.95				
	325	1	0.0	0.0	0.0	0.0	3	1.0278255308793636	8.313278949613295	230.0	35	1.05	0.95				
];
