%% MATPOWER Case Format : Version 2
function mpc = RTS_GMLC
mpc.version = '2';

%%-----  Power Flow Data  -----%%
%% system MVA base
mpc.baseMVA = 100.0;
%% bus data
%    bus_i    type    Pd    Qd    Gs    Bs    area    Vm    Va    baseKV    zone    Vmax    Vmin
mpc.bus = [
	101	2	42.39040077473684	8.635081639298244	0.0	0.0	1	1.0349555467045521	3.555783109633169	138.0	11	1.05	0.95				
	102	2	38.072859955087715	7.85007421754386	0.0	0.0	1	1.034563081606736	3.4203730917372788	138.0	12	1.05	0.95				
	103	1	70.65066795789473	14.522637302456138	0.0	0.0	1	1.030303659456531	0.9998397183277311	138.0	11	1.05	0.95				
	104	1	29.045274604912276	5.887555663157894	0.0	0.0	1	1.0225421776222878	-0.11204503045492997	138.0	11	1.05	0.95				
	105	1	27.8677634722807	5.4950519522807015	0.0	0.0	1	1.036841380591659	0.165620618847275	138.0	11	1.05	0.95				
	106	1	53.38050467929825	10.990103904561403	0.0	-100.0	1	1.0465289934165012	-2.144511016666151	138.0	12	1.05	0.95				
	107	2	49.062963859649116	9.812592771929824	0.0	0.0	1	1.0004332248201224	-8.070605927722394	138.0	12	1.05	0.95				
	108	1	67.11813455999999	13.737629880701752	0.0	0.0	1	1.0054102894110684	-6.599768309415507	138.0	12	1.05	0.95				
	109	1	68.68814940350876	14.130133591578945	0.0	0.0	1	1.0249463184582297	-1.4177472214682656	138.0	13	1.05	0.95				
	110	1	76.53822362105262	15.70014843508772	0.0	0.0	1	1.05	-2.040352974524388	138.0	13	1.05	0.95				
	111	1	0.0	0.0	0.0	0.0	1	1.0028738010986142	0.05036642068053609	230.0	13	1.05	0.95				
	112	1	0.0	0.0	0.0	0.0	1	1.0082477286236853	0.3702286048929555	230.0	13	1.05	0.95				
	113	3	104.01348338245613	21.19520038736842	0.0	0.0	1	0.9937347756811085	-2.6716523570144947e-30	230.0	14	1.05	0.95				
	114	2	76.14571991017543	15.307644724210526	0.0	0.0	1	0.9990586736883174	2.003893116841735	230.0	16	1.05	0.95				
	115	2	124.42367634807016	25.120237496140348	0.0	0.0	1	1.0388434361272478	7.293650004917031	230.0	16	1.05	0.95				
	116	2	39.250371087719294	7.85007421754386	0.0	0.0	1	1.0341867414226056	6.985349160922731	230.0	16	1.05	0.95				
	117	1	0.0	0.0	0.0	0.0	1	1.0421400855941714	8.847289145356523	230.0	17	1.05	0.95				
	118	2	130.70373572210525	26.690252339649124	0.0	0.0	1	1.0456575295768016	8.58421988201512	230.0	17	1.05	0.95				
	119	1	71.04317166877192	14.522637302456138	0.0	0.0	1	1.0275657925628363	5.985138769874028	230.0	15	1.05	0.95				
	120	1	50.240474992280696	10.205096482807017	0.0	0.0	1	1.0243809414708107	5.875124929609058	230.0	15	1.05	0.95				
	121	2	0.0	0.0	0.0	0.0	1	1.05	9.24042818242608	230.0	17	1.05	0.95				
	122	2	0.0	0.0	0.0	0.0	1	1.05	18.3482023890588	230.0	17	1.05	0.95				
	123	2	0.0	0.0	0.0	0.0	1	1.023003004207751	6.120248170388711	230.0	15	1.05	0.95				
	124	1	0.0	0.0	0.0	0.0	1	1.0271284896097537	4.9389163516428845	230.0	16	1.05	0.95				
	201	2	50.2175350231579	10.22949787508772	0.0	0.0	2	1.0301343516234291	-7.853341541506383	138.0	21	1.05	0.95				
	202	2	45.102786085614035	9.299543522807019	0.0	0.0	2	1.0305673419469281	-7.82857005412318	138.0	22	1.05	0.95				
	203	1	83.69589170526316	17.20415551719298	0.0	0.0	2	1.0182898510432477	-7.59789428528749	138.0	21	1.05	0.95				
	204	1	34.40831103438596	6.974657642105263	0.0	0.0	2	1.0187838000668346	-10.191890707011357	138.0	21	1.05	0.95				
	205	1	33.01337950596491	6.509680465964913	0.0	0.0	2	1.0341032999648017	-10.315157333789417	138.0	21	1.05	0.95				
	206	1	63.236895955087725	13.019360931929826	0.0	-100.0	2	1.0441692026126408	-12.134144342447396	138.0	22	1.05	0.95				
	207	2	58.12214701754386	11.624429403508772	0.0	0.0	2	0.988503619416922	-19.182375362744935	138.0	22	1.05	0.95				
	208	1	79.51109712	16.27420116491228	0.0	0.0	2	0.9946791582067818	-17.056700240627595	138.0	22	1.05	0.95				
	209	1	81.37100582456141	16.739178341052632	0.0	0.0	2	1.022814523502891	-10.229485103568855	138.0	23	1.05	0.95				
	210	1	90.67054934736842	18.599087045614038	0.0	0.0	2	1.05	-11.332632391490355	138.0	23	1.05	0.95				
	211	1	0.0	0.0	0.0	0.0	2	1.0070136141083608	-7.55334707745779	230.0	23	1.05	0.95				
	212	1	0.0	0.0	0.0	0.0	2	1.0109759570974692	-7.213767022111688	230.0	23	1.05	0.95				
	213	2	123.21895167719299	25.10876751157895	0.0	0.0	2	1.0015281287578888	-6.908449881875068	230.0	24	1.05	0.95				
	214	2	90.20557217122807	18.134109869473686	0.0	0.0	2	1.0094816904114066	-4.797634196387297	230.0	26	1.05	0.95				
	215	2	147.39776483649123	29.75853927298246	0.0	0.0	2	1.028464092388518	2.185790657589008	230.0	26	1.05	0.95				
	216	2	46.49771761403509	9.299543522807019	0.0	0.0	2	1.0309564671144296	1.8876886934132098	230.0	26	1.05	0.95				
	217	1	0.0	0.0	0.0	0.0	2	1.0352520560427712	4.828631318414571	230.0	27	1.05	0.95				
	218	2	154.83739965473683	31.618447977543862	0.0	0.0	2	1.0369206812298288	5.295237649427661	230.0	27	1.05	0.95				
	219	1	84.16086888140352	17.20415551719298	0.0	0.0	2	1.0310267344682458	0.516601700314141	230.0	25	1.05	0.95				
	220	1	59.51707854596492	12.089406579649124	0.0	0.0	2	1.0346335126711348	0.22594559124376729	230.0	25	1.05	0.95				
	221	2	0.0	0.0	0.0	0.0	2	1.0368233729832685	5.018612757412906	230.0	27	1.05	0.95				
	222	2	0.0	0.0	0.0	0.0	2	1.05	11.442882964223253	230.0	27	1.05	0.95				
	223	2	0.0	0.0	0.0	0.0	2	1.0372809184277052	0.41649554694874763	230.0	25	1.05	0.95				
	224	1	0.0	0.0	0.0	0.0	2	1.01256464440411	-1.4786768504607646	230.0	26	1.05	0.95				
	301	2	59.48370769263159	12.117051567017544	0.0	0.0	3	1.00822226106047	-31.876234680755996	138.0	31	1.05	0.95				
	302	2	53.42518190912281	11.015501424561405	0.0	0.0	3	1.0074603419919008	-32.06190012661791	138.0	32	1.05	0.95				
	303	1	99.13951282105265	20.3786776354386	0.0	0.0	3	1.029864295575583	-23.422419602438573	138.0	31	1.05	0.95				
	304	1	40.7573552708772	8.261626068421053	0.0	0.0	3	1.0080743867016972	-30.31870138502056	138.0	31	1.05	0.95				
	305	1	39.105030057192984	7.710850997192983	0.0	0.0	3	1.0217522068112836	-31.359079828570835	138.0	31	1.05	0.95				
	306	1	74.90540968701755	15.421701994385966	0.0	-100.0	3	1.0367022180482526	-31.69345813204619	138.0	32	1.05	0.95				
	307	2	68.84688390350878	13.769376780701755	0.0	0.0	3	0.9910583037668383	-37.989289979902054	138.0	32	1.05	0.95				
	308	1	94.18253718	19.27712749298246	0.0	0.0	3	0.9932308732890018	-35.393187922113654	138.0	32	1.05	0.95				
	309	1	96.38563746491229	19.82790256421053	0.0	0.0	3	1.0272511480737065	-26.64756186411906	138.0	33	1.05	0.95				
	310	1	107.40113888947369	22.03100284912281	0.0	0.0	3	1.05	-29.072643278836033	138.0	33	1.05	0.95				
	311	1	0.0	0.0	0.0	0.0	3	1.0170961950474091	-22.037669658359533	230.0	33	1.05	0.95				
	312	1	0.0	0.0	0.0	0.0	3	1.0175082109615288	-21.390652294510534	230.0	33	1.05	0.95				
	313	2	145.9553938754386	29.741853846315795	0.0	0.0	3	1.0239632409968689	-18.347972638700178	230.0	34	1.05	0.95				
	314	2	106.85036381824563	21.48022777789474	0.0	0.0	3	1.0268510671327358	-19.477811138328978	230.0	36	1.05	0.95				
	315	2	174.59569757929827	35.249604558596495	0.0	0.0	3	1.0473586114541427	-12.939774473826366	230.0	36	1.05	0.95				
	316	2	55.07750712280702	11.015501424561405	0.0	0.0	3	1.047455382953168	-12.57472591937305	230.0	36	1.05	0.95				
	317	1	0.0	0.0	0.0	0.0	3	1.0489034953566414	-10.185551121079257	230.0	37	1.05	0.95				
	318	2	183.4080987189474	37.452704843508776	0.0	0.0	3	1.0482593378116956	-9.754144596257552	230.0	37	1.05	0.95				
	319	1	99.69028789228072	20.3786776354386	0.0	0.0	3	1.0452635456866706	-13.545076115614654	230.0	35	1.05	0.95				
	320	1	70.49920911719299	14.320151851929827	0.0	0.0	3	1.047613808139236	-13.35668865724752	230.0	35	1.05	0.95				
	321	2	0.0	0.0	0.0	0.0	3	1.05	-9.337570998826761	230.0	37	1.05	0.95				
	322	2	0.0	0.0	0.0	0.0	3	1.05	-5.324488441428053	230.0	37	1.05	0.95				
	323	2	0.0	0.0	0.0	0.0	3	1.05	-12.850377602289637	230.0	35	1.05	0.95				
	324	1	0.0	0.0	0.0	0.0	3	1.0276485579065506	-16.839774826506407	230.0	36	1.05	0.95				
	325	1	0.0	0.0	0.0	0.0	3	1.0411657841753619	-11.06766604401601	230.0	35	1.05	0.95				
];
