%% MATPOWER Case Format : Version 2
function mpc = RTS_GMLC
mpc.version = '2';

%%-----  Power Flow Data  -----%%
%% system MVA base
mpc.baseMVA = 100.0;
%% bus data
%    bus_i    type    Pd    Qd    Gs    Bs    area    Vm    Va    baseKV    zone    Vmax    Vmin
mpc.bus = [
	101	2	41.922810492631584	8.539831767017544	0.0	0.0	1	1.0283779614936313	2.0571114256012963	138.0	11	1.05	0.95				
	102	2	37.652894609122804	7.763483424561405	0.0	0.0	1	1.0264495376639677	1.5279954629724313	138.0	12	1.05	0.95				
	103	1	69.87135082105263	14.362444335438596	0.0	0.0	1	1.0349114888423154	2.419619516019253	138.0	11	1.05	0.95				
	104	1	28.724888670877192	5.822612568421053	0.0	0.0	1	1.0227121989324424	-0.5505032707396905	138.0	11	1.05	0.95				
	105	1	27.560366157192984	5.4344383971929835	0.0	0.0	1	1.0337055266568997	-1.139454202473427	138.0	11	1.05	0.95				
	106	1	52.79168728701755	10.868876794385967	0.0	-100.0	1	1.0449851671965538	-3.428875293561682	138.0	12	1.05	0.95				
	107	2	48.52177140350877	9.704354280701754	0.0	0.0	1	0.999267876222848	-10.921739974340921	138.0	12	1.05	0.95				
	108	1	66.37778328	13.586095992982456	0.0	0.0	1	1.0037374000936425	-8.526157963633755	138.0	12	1.05	0.95				
	109	1	67.93047996491228	13.974270164210525	0.0	0.0	1	1.0253326004743846	-1.8077376510716203	138.0	13	1.05	0.95				
	110	1	75.69396338947368	15.52696684912281	0.0	0.0	1	1.05	-3.1375587315092255	138.0	13	1.05	0.95				
	111	1	0.0	0.0	0.0	0.0	1	1.0045839593021575	-0.05162696910843166	230.0	13	1.05	0.95				
	112	1	0.0	0.0	0.0	0.0	1	1.0099260795782146	-0.8278481088632433	230.0	13	1.05	0.95				
	113	3	102.8661553754386	20.961405246315792	0.0	0.0	1	0.9974836171444853	-9.768886581978662e-29	230.0	14	1.05	0.95				
	114	2	75.30578921824561	15.138792677894738	0.0	0.0	1	1.0024620568410076	2.453360626641173	230.0	16	1.05	0.95				
	115	2	123.05121227929826	24.843146958596492	0.0	0.0	1	1.0414506550143838	9.641538163658236	230.0	16	1.05	0.95				
	116	2	38.817417122807015	7.763483424561405	0.0	0.0	1	1.0360574659545414	8.174999358174958	230.0	16	1.05	0.95				
	117	1	0.0	0.0	0.0	0.0	1	1.042784509399363	12.507830653129282	230.0	17	1.05	0.95				
	118	2	129.26199901894736	26.395843643508776	0.0	0.0	1	1.048418732750633	13.361590231391057	230.0	17	1.05	0.95				
	119	1	70.2595249922807	14.362444335438596	0.0	0.0	1	1.0252610049232682	5.026603777047544	230.0	15	1.05	0.95				
	120	1	49.686293917192984	10.092528451929825	0.0	0.0	1	1.0197793470496523	2.5771823665596236	230.0	15	1.05	0.95				
	121	2	0.0	0.0	0.0	0.0	1	1.05	14.654890820348562	230.0	17	1.05	0.95				
	122	2	0.0	0.0	0.0	0.0	1	1.05	23.538469807090927	230.0	17	1.05	0.95				
	123	2	0.0	0.0	0.0	0.0	1	1.0175507054218584	1.5243552396394864	230.0	15	1.05	0.95				
	124	1	0.0	0.0	0.0	0.0	1	1.029568658244754	6.9302355275572305	230.0	16	1.05	0.95				
	201	2	40.52762473263159	8.255627260350877	0.0	0.0	2	1.014907059153504	-17.256530750013624	138.0	21	1.05	0.95				
	202	2	36.39981110245614	7.50511569122807	0.0	0.0	2	1.0139814291059588	-17.556274863499848	138.0	22	1.05	0.95				
	203	1	67.54604122105263	13.884464028771932	0.0	0.0	2	1.015433038456334	-12.824436100359993	138.0	21	1.05	0.95				
	204	1	27.768928057543864	5.628836768421053	0.0	0.0	2	1.0127239290812553	-17.288999064503276	138.0	21	1.05	0.95				
	205	1	26.643160703859646	5.25358098385965	0.0	0.0	2	1.028003150184753	-17.761547958182792	138.0	21	1.05	0.95				
	206	1	51.034786700350885	10.5071619677193	0.0	-100.0	2	1.0434337960959974	-18.53119726579411	138.0	22	1.05	0.95				
	207	2	46.90697307017544	9.381394614035088	0.0	0.0	2	0.9967411795438516	-22.961710646889514	138.0	22	1.05	0.95				
	208	1	64.16873916	13.133952459649123	0.0	0.0	2	1.0029647921795293	-21.295636162769462	138.0	22	1.05	0.95				
	209	1	65.66976229824562	13.509208244210527	0.0	0.0	2	1.022114095310999	-15.50967083959187	138.0	23	1.05	0.95				
	210	1	73.17487798947369	15.01023138245614	0.0	0.0	2	1.05	-17.05825260779846	138.0	23	1.05	0.95				
	211	1	0.0	0.0	0.0	0.0	2	1.003509559896462	-13.173120972412633	230.0	23	1.05	0.95				
	212	1	0.0	0.0	0.0	0.0	2	1.0072691161870153	-11.956162012275907	230.0	23	1.05	0.95				
	213	2	99.44278290877193	20.263812366315793	0.0	0.0	2	0.9954956188281852	-12.292844466667473	230.0	24	1.05	0.95				
	214	2	72.79962220491228	14.634975597894737	0.0	0.0	2	1.0046108180308473	-10.701039985253663	230.0	26	1.05	0.95				
	215	2	118.95608370596491	24.016370211929825	0.0	0.0	2	1.0225039582319917	-3.376940549223177	230.0	26	1.05	0.95				
	216	2	37.52557845614035	7.50511569122807	0.0	0.0	2	1.0213944844865992	-4.924547271707387	230.0	26	1.05	0.95				
	217	1	0.0	0.0	0.0	0.0	2	1.0264977072494104	-2.4660781312256974	230.0	27	1.05	0.95				
	218	2	124.96017625894737	25.517393350175443	0.0	0.0	2	1.0268211476563116	-2.779421356571454	230.0	27	1.05	0.95				
	219	1	67.92129700561404	13.884464028771932	0.0	0.0	2	1.017697281084878	-6.47071767634963	230.0	25	1.05	0.95				
	220	1	48.03274042385965	9.756650398596491	0.0	0.0	2	1.0172009418328896	-7.072485693860583	230.0	25	1.05	0.95				
	221	2	0.0	0.0	0.0	0.0	2	1.0288423212305482	-2.1850693652738196	230.0	27	1.05	0.95				
	222	2	0.0	0.0	0.0	0.0	2	1.0499999556710298	4.194935002170653	230.0	27	1.05	0.95				
	223	2	0.0	0.0	0.0	0.0	2	1.0172128948402517	-7.108364597202801	230.0	25	1.05	0.95				
	224	1	0.0	0.0	0.0	0.0	2	1.008224662044833	-6.926081353824635	230.0	26	1.05	0.95				
	301	2	65.65074343578948	13.37329958877193	0.0	0.0	3	0.9986584643643511	-2.9016767253179063	138.0	31	1.05	0.95				
	302	2	58.964093641403515	12.157545080701755	0.0	0.0	3	0.9983921317835807	-2.9786941269317855	138.0	32	1.05	0.95				
	303	1	109.4179057263158	22.491458399298246	0.0	0.0	3	1.0203982376603604	1.4639607692528596	138.0	31	1.05	0.95				
	304	1	44.98291679859649	9.118158810526316	0.0	0.0	3	1.002568790252292	-0.9621212798856269	138.0	31	1.05	0.95				
	305	1	43.15928503649123	8.510281556491229	0.0	0.0	3	1.015141688650186	-1.1567338211195461	138.0	31	1.05	0.95				
	306	1	82.67130654877194	17.020563112982458	0.0	-100.0	3	1.0323864835231658	-0.865148046403433	138.0	32	1.05	0.95				
	307	2	75.98465675438597	15.196931350877193	0.0	0.0	3	0.9937339555136696	-4.943355114001527	138.0	32	1.05	0.95				
	308	1	103.94701044000001	21.27570389122807	0.0	0.0	3	1.001649748245777	-2.192143686783918	138.0	32	1.05	0.95				
	309	1	106.37851945614037	21.883581145263157	0.0	0.0	3	1.02748447770479	3.157566790212376	138.0	33	1.05	0.95				
	310	1	118.5360645368421	24.31509016140351	0.0	0.0	3	1.05	2.5288086883624987	138.0	33	1.05	0.95				
	311	1	0.0	0.0	0.0	0.0	3	1.0154837871209252	8.609627616754008	230.0	33	1.05	0.95				
	312	1	0.0	0.0	0.0	0.0	3	1.0197859105248661	9.925834219842848	230.0	33	1.05	0.95				
	313	2	161.08747231929826	32.82537171789474	0.0	0.0	3	1.0328652579150759	15.542938467182255	230.0	34	1.05	0.95				
	314	2	117.92818728280703	23.707212907368422	0.0	0.0	3	1.017908841539137	8.237221306407358	230.0	36	1.05	0.95				
	315	2	192.69708952912282	38.904144258245616	0.0	0.0	3	1.0359215152460588	4.442962064580667	230.0	36	1.05	0.95				
	316	2	60.78772540350877	12.157545080701755	0.0	0.0	3	1.0366311145755716	5.780090796984056	230.0	36	1.05	0.95				
	317	1	0.0	0.0	0.0	0.0	3	1.0433768937504384	5.980508475542634	230.0	37	1.05	0.95				
	318	2	202.42312559368423	41.33565327438597	0.0	0.0	3	1.0402809394370218	3.8632184397226745	230.0	37	1.05	0.95				
	319	1	110.02578298035088	22.491458399298246	0.0	0.0	3	1.0349877554734224	8.50260432289954	230.0	35	1.05	0.95				
	320	1	77.80828851649123	15.804808604912282	0.0	0.0	3	1.0362041718190438	10.467525837625438	230.0	35	1.05	0.95				
	321	2	0.0	0.0	0.0	0.0	3	1.0403021782081037	4.666076589792924	230.0	37	1.05	0.95				
	322	2	0.0	0.0	0.0	0.0	3	1.05	9.504769100031124	230.0	37	1.05	0.95				
	323	2	0.0	0.0	0.0	0.0	3	1.0369069285269459	11.214582346417693	230.0	35	1.05	0.95				
	324	1	0.0	0.0	0.0	0.0	3	1.0268767932026799	5.307266136141613	230.0	36	1.05	0.95				
	325	1	0.0	0.0	0.0	0.0	3	1.0381307599512783	11.51173010923879	230.0	35	1.05	0.95				
];
