%% MATPOWER Case Format : Version 2
function mpc = RTS_GMLC
mpc.version = '2';

%%-----  Power Flow Data  -----%%
%% system MVA base
mpc.baseMVA = 100.0;
%% bus data
%    bus_i    type    Pd    Qd    Gs    Bs    area    Vm    Va    baseKV    zone    Vmax    Vmin
mpc.bus = [
	101	2	82.96387927578948	16.900049482105263	0.0	0.0	1	1.0478441509091612	0.7772015897734493	138.0	11	1.05	0.95				
	102	2	74.51385453473684	15.363681347368422	0.0	0.0	1	1.0473821271357586	0.5786793756482825	138.0	12	1.05	0.95				
	103	1	138.2731321263158	28.422810492631577	0.0	0.0	1	1.0270592802646938	-1.5342171038493537	138.0	11	1.05	0.95				
	104	1	56.84562098526315	11.522761010526315	0.0	0.0	1	1.0249333376356695	-3.150437599286762	138.0	11	1.05	0.95				
	105	1	54.54106878315789	10.754576943157895	0.0	0.0	1	1.0378258894278976	-3.5130424448181756	138.0	11	1.05	0.95				
	106	1	104.47303316210528	21.50915388631579	0.0	-100.0	1	1.0382890827759803	-6.646392970250647	138.0	12	1.05	0.95				
	107	2	96.02300842105262	19.204601684210527	0.0	0.0	1	1.044593164397219	-4.928198212234415	138.0	12	1.05	0.95				
	108	1	131.35947552	26.886442357894737	0.0	0.0	1	1.0220252014788076	-7.270611268595836	138.0	12	1.05	0.95				
	109	1	134.43221178947368	27.654626425263157	0.0	0.0	1	1.027216273430949	-4.173604406907381	138.0	13	1.05	0.95				
	110	1	149.7958931368421	30.727362694736843	0.0	0.0	1	1.05	-5.519510328906987	138.0	13	1.05	0.95				
	111	1	0.0	0.0	0.0	0.0	1	1.0124461784938836	-1.905555477434401	230.0	13	1.05	0.95				
	112	1	0.0	0.0	0.0	0.0	1	1.0163761367450432	-1.0900719445247922	230.0	13	1.05	0.95				
	113	3	203.56877785263157	41.48193963789474	0.0	0.0	1	1.0132690857305675	-2.32221726348291e-30	230.0	14	1.05	0.95				
	114	2	149.02770906947367	29.95917862736842	0.0	0.0	1	1.0116214792559763	-0.565208269627663	230.0	16	1.05	0.95				
	115	2	243.51434935578945	49.16378031157895	0.0	0.0	1	1.0430857161986926	6.537910945843665	230.0	16	1.05	0.95				
	116	2	76.8184067368421	15.363681347368422	0.0	0.0	1	1.040275383657876	5.983175514226935	230.0	16	1.05	0.95				
	117	1	0.0	0.0	0.0	0.0	1	1.0452493601808677	8.653183351937006	230.0	17	1.05	0.95				
	118	2	255.8052944336842	52.23651658105264	0.0	0.0	1	1.0474472081269746	9.093018488583278	230.0	17	1.05	0.95				
	119	1	139.0413161936842	28.422810492631577	0.0	0.0	1	1.033880098103983	4.823237121086877	230.0	15	1.05	0.95				
	120	1	98.3275606231579	19.972785751578947	0.0	0.0	1	1.0342037507672819	4.8144577843585425	230.0	15	1.05	0.95				
	121	2	0.0	0.0	0.0	0.0	1	1.0499999532173974	10.323050736909039	230.0	17	1.05	0.95				
	122	2	0.0	0.0	0.0	0.0	1	1.05	16.17937524333982	230.0	17	1.05	0.95				
	123	2	0.0	0.0	0.0	0.0	1	1.0365149596001604	5.382690876568037	230.0	15	1.05	0.95				
	124	1	0.0	0.0	0.0	0.0	1	1.026747763977303	3.536665531643168	230.0	16	1.05	0.95				
	201	2	83.62222571368422	17.03415708982456	0.0	0.0	2	1.0401238805896627	-13.511671726410631	138.0	21	1.05	0.95				
	202	2	75.10514716877192	15.485597354385966	0.0	0.0	2	1.0404063244503063	-13.605833453523271	138.0	22	1.05	0.95				
	203	1	139.3703761894737	28.648355105614037	0.0	0.0	2	1.0251122024926076	-10.008859005184513	138.0	21	1.05	0.95				
	204	1	57.296710211228074	11.614198015789473	0.0	0.0	2	1.0187812997756758	-15.001715625806842	138.0	21	1.05	0.95				
	205	1	54.97387060807017	10.839918148070177	0.0	0.0	2	1.035219955937748	-15.469711453262295	138.0	21	1.05	0.95				
	206	1	105.30206200982457	21.679836296140355	0.0	-100.0	2	1.0379013013096652	-17.297024047213633	138.0	22	1.05	0.95				
	207	2	96.78498346491227	19.356996692982456	0.0	0.0	2	0.9531087937325705	-28.849986448027277	138.0	22	1.05	0.95				
	208	1	132.40185738	27.09979537017544	0.0	0.0	2	0.9591491391235296	-24.95202864265827	138.0	22	1.05	0.95				
	209	1	135.4989768508772	27.874075237894736	0.0	0.0	2	1.0257020732888116	-13.017866963142534	138.0	23	1.05	0.95				
	210	1	150.98457420526316	30.971194708771932	0.0	0.0	2	1.05	-15.028943851791025	138.0	23	1.05	0.95				
	211	1	0.0	0.0	0.0	0.0	2	1.0296849170130447	-9.40556587074448	230.0	23	1.05	0.95				
	212	1	0.0	0.0	0.0	0.0	2	1.0260873991583142	-4.633736865729759	230.0	23	1.05	0.95				
	213	2	205.18416494561404	41.81111285684211	0.0	0.0	2	1.0390014463744435	-6.959386036751329	230.0	24	1.05	0.95				
	214	2	150.21029433754384	30.19691484105263	0.0	0.0	2	1.0452404600996394	-7.092044111073404	230.0	26	1.05	0.95				
	215	2	245.44671806701754	49.55391153403509	0.0	0.0	2	1.0447723523394397	1.3369983742485	230.0	26	1.05	0.95				
	216	2	77.42798677192982	15.485597354385966	0.0	0.0	2	1.0469794035952618	0.9701844951277727	230.0	26	1.05	0.95				
	217	1	0.0	0.0	0.0	0.0	2	1.047788424350131	3.8901424706095233	230.0	27	1.05	0.95				
	218	2	257.8351959505263	52.651031004912284	0.0	0.0	2	1.0490927968620785	4.295774880388338	230.0	27	1.05	0.95				
	219	1	140.144656057193	28.648355105614037	0.0	0.0	2	1.0426739061230164	0.5422839489817297	230.0	25	1.05	0.95				
	220	1	99.10782306807018	20.131276560701757	0.0	0.0	2	1.045792781294167	1.6195019087438058	230.0	25	1.05	0.95				
	221	2	0.0	0.0	0.0	0.0	2	1.0496724728238243	4.431772824848257	230.0	27	1.05	0.95				
	222	2	0.0	0.0	0.0	0.0	2	1.05	10.730874213044135	230.0	27	1.05	0.95				
	223	2	0.0	0.0	0.0	0.0	2	1.05	2.771718359892602	230.0	25	1.05	0.95				
	224	1	0.0	0.0	0.0	0.0	2	1.0231910370006536	-2.877107912561801	230.0	26	1.05	0.95				
	301	2	85.38184117894737	17.39259727719298	0.0	0.0	3	0.9809842893754871	-12.780954484992913	138.0	31	1.05	0.95				
	302	2	76.68554254035087	15.811452070175438	0.0	0.0	3	0.9827802114145995	-13.090486199701978	138.0	32	1.05	0.95				
	303	1	142.30306863157895	29.25118632982456	0.0	0.0	3	0.9954680424451232	-8.051642884285746	138.0	31	1.05	0.95				
	304	1	58.50237265964912	11.858589052631578	0.0	0.0	3	0.9735481361913014	-10.939560715389112	138.0	31	1.05	0.95				
	305	1	56.130654849122806	11.068016449122807	0.0	0.0	3	0.985920941700138	-11.038114760450993	138.0	31	1.05	0.95				
	306	1	107.51787407719297	22.136032898245613	0.0	-100.0	3	0.9955302607037997	-10.977641043918952	138.0	32	1.05	0.95				
	307	2	98.82157543859648	19.764315087719297	0.0	0.0	3	0.95	-17.248201425133743	138.0	32	1.05	0.95				
	308	1	135.1879152	27.670041122807014	0.0	0.0	3	0.9549253445473491	-13.582684903635354	138.0	32	1.05	0.95				
	309	1	138.35020561403508	28.460613726315785	0.0	0.0	3	0.9963964466559645	-5.7442926181438505	138.0	33	1.05	0.95				
	310	1	154.1616576842105	31.622904140350876	0.0	0.0	3	1.015586087535699	-6.579804617760519	138.0	33	1.05	0.95				
	311	1	0.0	0.0	0.0	0.0	3	0.9929581300350478	1.9769939940901156	230.0	33	1.05	0.95				
	312	1	0.0	0.0	0.0	0.0	3	0.9958349221737128	3.3993885746252923	230.0	33	1.05	0.95				
	313	2	209.50173992982454	42.690920589473684	0.0	0.0	3	1.0236176165458868	10.83740795269154	230.0	34	1.05	0.95				
	314	2	153.37108508070173	30.832331536842105	0.0	0.0	3	1.0059695946627016	2.0027820030680683	230.0	36	1.05	0.95				
	315	2	250.6115153122807	50.5966466245614	0.0	0.0	3	1.0453738022371866	0.15781216033768633	230.0	36	1.05	0.95				
	316	2	79.05726035087719	15.811452070175438	0.0	0.0	3	1.04123435621424	1.321337786522541	230.0	36	1.05	0.95				
	317	1	0.0	0.0	0.0	0.0	3	1.0454818910935846	1.637192640423382	230.0	37	1.05	0.95				
	318	2	263.2606769684211	53.758937038596486	0.0	0.0	3	1.0454302879408885	1.1800535950937967	230.0	37	1.05	0.95				
	319	1	143.09364123508772	29.25118632982456	0.0	0.0	3	1.0339312261199045	3.0817409945119163	230.0	35	1.05	0.95				
	320	1	101.1932932491228	20.554887691228068	0.0	0.0	3	1.032247898242547	4.811726388436808	230.0	35	1.05	0.95				
	321	2	0.0	0.0	0.0	0.0	3	1.049368663877437	2.34567130399558	230.0	37	1.05	0.95				
	322	2	0.0	0.0	0.0	0.0	3	1.05	6.408678713018612	230.0	37	1.05	0.95				
	323	2	0.0	0.0	0.0	0.0	3	1.0323931408556872	5.67084469857127	230.0	35	1.05	0.95				
	324	1	0.0	0.0	0.0	0.0	3	1.0186667635941282	-0.9089185548203746	230.0	36	1.05	0.95				
	325	1	0.0	0.0	0.0	0.0	3	1.0336616259813467	6.073860542162614	230.0	35	1.05	0.95				
];
