%% MATPOWER Case Format : Version 2
function mpc = RTS_GMLC
mpc.version = '2';

%%-----  Power Flow Data  -----%%
%% system MVA base
mpc.baseMVA = 100.0;
%% bus data
%    bus_i    type    Pd    Qd    Gs    Bs    area    Vm    Va    baseKV    zone    Vmax    Vmin
mpc.bus = [
	101	2	70.61949530526316	14.385452747368422	0.0	0.0	1	1.033107388463096	0.5193605131249582	138.0	11	1.05	0.95				
	102	2	63.426768931578934	13.077684315789472	0.0	0.0	1	1.0331094350622085	0.4678042339834456	138.0	12	1.05	0.95				
	103	1	117.69915884210526	24.193715984210524	0.0	0.0	1	1.0231956637017823	-0.5268090906697772	138.0	11	1.05	0.95				
	104	1	48.38743196842105	9.808263236842105	0.0	0.0	1	1.0178705815822213	-2.654911673761056	138.0	11	1.05	0.95				
	105	1	46.42577932105262	9.154379021052632	0.0	0.0	1	1.0327226983940256	-2.622854671865277	138.0	11	1.05	0.95				
	106	1	88.92825334736843	18.308758042105264	0.0	-100.0	1	1.0389893167506956	-4.98099494744325	138.0	12	1.05	0.95				
	107	2	81.7355269736842	16.34710539473684	0.0	0.0	1	1.0457604521095616	-0.6546832351021076	138.0	12	1.05	0.95				
	108	1	111.81420089999999	22.885947552631574	0.0	0.0	1	1.0256788122216849	-3.733604592260681	138.0	12	1.05	0.95				
	109	1	114.42973776315787	23.53983176842105	0.0	0.0	1	1.0262345201340386	-2.56538013510031	138.0	13	1.05	0.95				
	110	1	127.50742207894736	26.155368631578945	0.0	0.0	1	1.05	-3.7463277182026937	138.0	13	1.05	0.95				
	111	1	0.0	0.0	0.0	0.0	1	1.010672685954882	-0.456069039329805	230.0	13	1.05	0.95				
	112	1	0.0	0.0	0.0	0.0	1	1.013915697621987	0.13552465870179992	230.0	13	1.05	0.95				
	113	3	173.2793171842105	35.30974765263158	0.0	0.0	1	1.007033431945473	-3.799516077328162e-29	230.0	14	1.05	0.95				
	114	2	126.85353786315787	25.50148441578947	0.0	0.0	1	1.011816059802938	1.9203517697134036	230.0	16	1.05	0.95				
	115	2	207.28129640526313	41.84858981052631	0.0	0.0	1	1.0441873316164278	9.624132536369887	230.0	16	1.05	0.95				
	116	2	65.38842157894736	13.077684315789472	0.0	0.0	1	1.0420294043060891	9.167056104898924	230.0	16	1.05	0.95				
	117	1	0.0	0.0	0.0	0.0	1	1.045945399659076	12.555037865349394	230.0	17	1.05	0.95				
	118	2	217.74344385789473	44.46412667368421	0.0	0.0	1	1.0495605586567671	12.906827324364272	230.0	17	1.05	0.95				
	119	1	118.35304305789474	24.193715984210524	0.0	0.0	1	1.035307353665932	7.647605155567495	230.0	15	1.05	0.95				
	120	1	83.69717962105263	17.000989610526315	0.0	0.0	1	1.0352197438714037	7.5655725813386905	230.0	15	1.05	0.95				
	121	2	0.0	0.0	0.0	0.0	1	1.05	13.158031765470291	230.0	17	1.05	0.95				
	122	2	0.0	0.0	0.0	0.0	1	1.05	23.67525811496613	230.0	17	1.05	0.95				
	123	2	0.0	0.0	0.0	0.0	1	1.0367443174171325	8.009442763673905	230.0	15	1.05	0.95				
	124	1	0.0	0.0	0.0	0.0	1	1.0236161533294068	5.861798143868695	230.0	16	1.05	0.95				
	201	2	61.386431608421056	12.504643475789473	0.0	0.0	2	1.032193801510877	-7.369312376672781	138.0	21	1.05	0.95				
	202	2	55.134109870526316	11.367857705263159	0.0	0.0	2	1.0322331463339491	-7.455229221633435	138.0	22	1.05	0.95				
	203	1	102.31071934736842	21.030536754736843	0.0	0.0	2	1.029089832945869	-5.17647361133694	138.0	21	1.05	0.95				
	204	1	42.06107350947369	8.525893278947368	0.0	0.0	2	1.0185925024447486	-9.803098410176675	138.0	21	1.05	0.95				
	205	1	40.35589485368421	7.957500393684211	0.0	0.0	2	1.033639448871367	-10.101843504184268	138.0	21	1.05	0.95				
	206	1	77.30143239578948	15.915000787368422	0.0	-100.0	2	1.0415141083133024	-12.176841023280046	138.0	22	1.05	0.95				
	207	2	71.04911065789474	14.209822131578948	0.0	0.0	2	0.9861024166659199	-20.73965694654106	138.0	22	1.05	0.95				
	208	1	97.19518337999999	19.893750984210527	0.0	0.0	2	0.9890161256658161	-18.044987998779753	138.0	22	1.05	0.95				
	209	1	99.46875492105262	20.462143869473685	0.0	0.0	2	1.0247333910713081	-9.416817927909264	138.0	23	1.05	0.95				
	210	1	110.83661262631578	22.735715410526318	0.0	0.0	2	1.05	-11.075239253062513	138.0	23	1.05	0.95				
	211	1	0.0	0.0	0.0	0.0	2	1.0136741559723426	-6.4294968151057015	230.0	23	1.05	0.95				
	212	1	0.0	0.0	0.0	0.0	2	1.01480787352101	-5.814751509383023	230.0	23	1.05	0.95				
	213	2	150.62411459473682	30.693215804210528	0.0	0.0	2	1.0109984208694234	-5.507634352744133	230.0	24	1.05	0.95				
	214	2	110.26821974105263	22.16732252526316	0.0	0.0	2	1.0214668012346142	-3.3929259521504442	230.0	26	1.05	0.95				
	215	2	180.18054462842105	36.377144656842106	0.0	0.0	2	1.0414948954509284	4.564867255555035	230.0	26	1.05	0.95				
	216	2	56.83928852631579	11.367857705263159	0.0	0.0	2	1.043116826485465	4.295337370050573	230.0	26	1.05	0.95				
	217	1	0.0	0.0	0.0	0.0	2	1.0465003595721734	7.660751783701425	230.0	27	1.05	0.95				
	218	2	189.27483079263158	38.65071619789474	0.0	0.0	2	1.0491983578194886	8.483576096512168	230.0	27	1.05	0.95				
	219	1	102.87911223263157	21.030536754736843	0.0	0.0	2	1.0415437780654027	3.1345278887400863	230.0	25	1.05	0.95				
	220	1	72.75428931368421	14.778215016842106	0.0	0.0	2	1.0447301379696667	3.1982026157704335	230.0	25	1.05	0.95				
	221	2	0.0	0.0	0.0	0.0	2	1.0494552119209533	8.54542884696283	230.0	27	1.05	0.95				
	222	2	0.0	0.0	0.0	0.0	2	1.05	14.709396003164832	230.0	27	1.05	0.95				
	223	2	0.0	0.0	0.0	0.0	2	1.0476433129640503	3.65039658415948	230.0	25	1.05	0.95				
	224	1	0.0	0.0	0.0	0.0	2	1.024657763051477	0.9240738586692907	230.0	26	1.05	0.95				
	301	2	63.99367287157895	13.03574817754386	0.0	0.0	3	1.0076897125383328	-27.706009376512657	138.0	31	1.05	0.95				
	302	2	57.47579878280702	11.85068016140351	0.0	0.0	3	1.0070475359750843	-27.85315235192736	138.0	32	1.05	0.95				
	303	1	106.65612145263157	21.92375829859649	0.0	0.0	3	1.0230588420562634	-19.76528822822126	138.0	31	1.05	0.95				
	304	1	43.84751659719298	8.88801012105263	0.0	0.0	3	1.0073605369239722	-25.623465736649656	138.0	31	1.05	0.95				
	305	1	42.069914572982455	8.295476112982456	0.0	0.0	3	1.0207178452415462	-26.9395159966368	138.0	31	1.05	0.95				
	306	1	80.58462509754386	16.590952225964912	0.0	-100.0	3	1.0353030105094554	-27.16508894044897	138.0	32	1.05	0.95				
	307	2	74.06675100877193	14.813350201754385	0.0	0.0	3	0.9973194857210625	-31.080192395553215	138.0	32	1.05	0.95				
	308	1	101.32331538	20.738690282456137	0.0	0.0	3	0.9972156516356339	-29.435880066777628	138.0	32	1.05	0.95				
	309	1	103.6934514122807	21.331224290526315	0.0	0.0	3	1.0287122335374765	-21.397176536857756	138.0	33	1.05	0.95				
	310	1	115.5441315736842	23.70136032280702	0.0	0.0	3	1.05	-24.27102923717175	138.0	33	1.05	0.95				
	311	1	0.0	0.0	0.0	0.0	3	1.0188500139442027	-16.909687984538387	230.0	33	1.05	0.95				
	312	1	0.0	0.0	0.0	0.0	3	1.018461954621928	-16.381005898961448	230.0	33	1.05	0.95				
	313	2	157.02151213859648	31.996836435789476	0.0	0.0	3	1.0257839400760795	-13.399709471968242	230.0	34	1.05	0.95				
	314	2	114.95159756561404	23.10882631473684	0.0	0.0	3	1.0300742975974861	-14.107324353944225	230.0	36	1.05	0.95				
	315	2	187.8332805582456	37.92217651649123	0.0	0.0	3	1.048682498422743	-7.004155488305384	230.0	36	1.05	0.95				
	316	2	59.25340080701754	11.85068016140351	0.0	0.0	3	1.0487064411461373	-6.597804954125467	230.0	36	1.05	0.95				
	317	1	0.0	0.0	0.0	0.0	3	1.05	-3.310153399522502	230.0	37	1.05	0.95				
	318	2	197.31382468736842	40.29231254877193	0.0	0.0	3	1.048256557788108	-3.335755434883817	230.0	37	1.05	0.95				
	319	1	107.24865546070174	21.92375829859649	0.0	0.0	3	1.0454927461020875	-8.006078234107415	230.0	35	1.05	0.95				
	320	1	75.84435303298245	15.40588420982456	0.0	0.0	3	1.0476080682052982	-8.122928900121943	230.0	35	1.05	0.95				
	321	2	0.0	0.0	0.0	0.0	3	1.05	-2.889662951550529	230.0	37	1.05	0.95				
	322	2	0.0	0.0	0.0	0.0	3	1.05	2.7220355779635885	230.0	37	1.05	0.95				
	323	2	0.0	0.0	0.0	0.0	3	1.0499999935447888	-7.754133521396371	230.0	35	1.05	0.95				
	324	1	0.0	0.0	0.0	0.0	3	1.0229114493568308	-11.720855435792958	230.0	36	1.05	0.95				
	325	1	0.0	0.0	0.0	0.0	3	1.0419716214718824	-6.061422500465579	230.0	35	1.05	0.95				
];
