%% MATPOWER Case Format : Version 2
function mpc = RTS_GMLC
mpc.version = '2';

%%-----  Power Flow Data  -----%%
%% system MVA base
mpc.baseMVA = 100.0;
%% bus data
%    bus_i    type    Pd    Qd    Gs    Bs    area    Vm    Va    baseKV    zone    Vmax    Vmin
mpc.bus = [
	101	2	73.83918853894738	15.04131618385965	0.0	0.0	1	1.032428304199258	-0.6088809883416693	138.0	11	1.05	0.95				
	102	2	66.31853044701754	13.673923803508773	0.0	0.0	1	1.0324464216638305	-0.6563553793979426	138.0	12	1.05	0.95				
	103	1	123.06531423157895	25.296759036491228	0.0	0.0	1	1.021897773391612	-1.6520763287486826	138.0	11	1.05	0.95				
	104	1	50.593518072982455	10.255442852631578	0.0	0.0	1	1.0171861012261159	-3.648449654977958	138.0	11	1.05	0.95				
	105	1	48.54242950245614	9.571746662456142	0.0	0.0	1	1.0320596657683714	-3.6253189246115762	138.0	11	1.05	0.95				
	106	1	92.98268186385965	19.143493324912285	0.0	-100.0	1	1.0380472477797484	-5.937436751591522	138.0	12	1.05	0.95				
	107	2	85.46202377192982	17.092404754385964	0.0	0.0	1	1.0471952361387087	-1.533860284665981	138.0	12	1.05	0.95				
	108	1	116.91204851999998	23.92936665614035	0.0	0.0	1	1.0257105960368316	-4.654916278575489	138.0	12	1.05	0.95				
	109	1	119.64683328070176	24.61306284631579	0.0	0.0	1	1.0265035316091933	-3.328865178081611	138.0	13	1.05	0.95				
	110	1	133.32075708421053	27.347847607017545	0.0	0.0	1	1.05	-4.524004013205524	138.0	13	1.05	0.95				
	111	1	0.0	0.0	0.0	0.0	1	1.011693980074079	-0.9877079851079059	230.0	13	1.05	0.95				
	112	1	0.0	0.0	0.0	0.0	1	1.0147921717534776	-0.08180966573192477	230.0	13	1.05	0.95				
	113	3	181.17949039649122	36.91959426947369	0.0	0.0	1	1.0101198896808106	-9.96793592542311e-31	230.0	14	1.05	0.95				
	114	2	132.63706089403507	26.66415141684211	0.0	0.0	1	1.012524536430749	1.155776127184908	230.0	16	1.05	0.95				
	115	2	216.73169228561403	43.75655617122807	0.0	0.0	1	1.0439180435456243	8.489959289868727	230.0	16	1.05	0.95				
	116	2	68.36961901754385	13.673923803508773	0.0	0.0	1	1.0418396006995894	8.272991150693235	230.0	16	1.05	0.95				
	117	1	0.0	0.0	0.0	0.0	1	1.0466597329932428	10.914670035347514	230.0	17	1.05	0.95				
	118	2	227.6708313284211	46.49134093192983	0.0	0.0	1	1.0488531993299006	11.38303609453678	230.0	17	1.05	0.95				
	119	1	123.74901042175439	25.296759036491228	0.0	0.0	1	1.0366637381530155	7.331055773502554	230.0	15	1.05	0.95				
	120	1	87.51311234245614	17.776100944561403	0.0	0.0	1	1.0380398808321236	7.807791212979997	230.0	15	1.05	0.95				
	121	2	0.0	0.0	0.0	0.0	1	1.05	11.79513226655468	230.0	17	1.05	0.95				
	122	2	0.0	0.0	0.0	0.0	1	1.05	18.12372431298629	230.0	17	1.05	0.95				
	123	2	0.0	0.0	0.0	0.0	1	1.040639626028444	8.57640911849651	230.0	15	1.05	0.95				
	124	1	0.0	0.0	0.0	0.0	1	1.0229763856820115	4.734877071212312	230.0	16	1.05	0.95				
	201	2	76.43129229473685	15.569337319298246	0.0	0.0	2	1.038531181587518	-7.97094922579717	138.0	21	1.05	0.95				
	202	2	68.64662363508772	14.15394301754386	0.0	0.0	2	1.038504910956938	-8.10689326847515	138.0	22	1.05	0.95				
	203	1	127.38548715789474	26.18479458245614	0.0	0.0	2	1.0275681904181293	-5.501838515748878	138.0	21	1.05	0.95				
	204	1	52.36958916491228	10.615457263157895	0.0	0.0	2	1.01924478747801	-10.053832640439404	138.0	21	1.05	0.95				
	205	1	50.2464977122807	9.907760112280704	0.0	0.0	2	1.035178634175135	-10.376604065208745	138.0	21	1.05	0.95				
	206	1	96.24681251929826	19.815520224561407	0.0	-100.0	2	1.0392187553692247	-12.402809833753489	138.0	22	1.05	0.95				
	207	2	88.46214385964912	17.692428771929826	0.0	0.0	2	0.9691693515027175	-23.07531487226428	138.0	22	1.05	0.95				
	208	1	121.01621279999999	24.769400280701753	0.0	0.0	2	0.9722910205517892	-19.586771434246398	138.0	22	1.05	0.95				
	209	1	123.84700140350877	25.477097431578947	0.0	0.0	2	1.0256376862378067	-8.792166270971455	138.0	23	1.05	0.95				
	210	1	138.00094442105262	28.30788603508772	0.0	0.0	2	1.05	-10.599209643243164	138.0	23	1.05	0.95				
	211	1	0.0	0.0	0.0	0.0	2	1.023374666661749	-4.287390968641265	230.0	23	1.05	0.95				
	212	1	0.0	0.0	0.0	0.0	2	1.0196852106721455	-3.150383524430566	230.0	23	1.05	0.95				
	213	2	187.53974498245614	38.215646147368425	0.0	0.0	2	1.0326320753659586	-0.9341258690327136	230.0	24	1.05	0.95				
	214	2	137.29324727017544	27.600188884210525	0.0	0.0	2	1.0360598094848692	-1.9315521476058353	230.0	26	1.05	0.95				
	215	2	224.33999682807016	45.29261765614035	0.0	0.0	2	1.043256392597705	5.556766390240975	230.0	26	1.05	0.95				
	216	2	70.7697150877193	14.15394301754386	0.0	0.0	2	1.0464492917132995	5.734412194679406	230.0	26	1.05	0.95				
	217	1	0.0	0.0	0.0	0.0	2	1.0483694597366455	8.860688729192663	230.0	27	1.05	0.95				
	218	2	235.66315124210527	48.12340625964913	0.0	0.0	2	1.0499999489253535	9.658616984730655	230.0	27	1.05	0.95				
	219	1	128.09318430877192	26.18479458245614	0.0	0.0	2	1.0430798661662222	5.227803155889898	230.0	25	1.05	0.95				
	220	1	90.5852353122807	18.400125922807018	0.0	0.0	2	1.046203411527191	6.112723606264205	230.0	25	1.05	0.95				
	221	2	0.0	0.0	0.0	0.0	2	1.05	10.011005555137908	230.0	27	1.05	0.95				
	222	2	0.0	0.0	0.0	0.0	2	1.05	16.071464204418394	230.0	27	1.05	0.95				
	223	2	0.0	0.0	0.0	0.0	2	1.05	7.112207678067604	230.0	25	1.05	0.95				
	224	1	0.0	0.0	0.0	0.0	2	1.0235477032512903	1.4342238763412345	230.0	26	1.05	0.95				
	301	2	60.679531781052646	12.360645362807018	0.0	0.0	3	1.0087225234282562	-20.064859387074957	138.0	31	1.05	0.95				
	302	2	54.49920909964913	11.236950329824563	0.0	0.0	3	1.0079530121369613	-20.241740298701544	138.0	32	1.05	0.95				
	303	1	101.13255296842105	20.78835811017544	0.0	0.0	3	1.0225106268975115	-13.600088076038658	138.0	31	1.05	0.95				
	304	1	41.57671622035088	8.427712747368421	0.0	0.0	3	1.008017576210797	-18.519101265436902	138.0	31	1.05	0.95				
	305	1	39.891173670877194	7.865865230877195	0.0	0.0	3	1.0217430169062944	-19.349575722603248	138.0	31	1.05	0.95				
	306	1	76.41126224280703	15.73173046175439	0.0	-100.0	3	1.0364578737473369	-19.584914002738678	138.0	32	1.05	0.95				
	307	2	70.23093956140352	14.046187912280702	0.0	0.0	3	1.0070910766013423	-20.441304755616226	138.0	32	1.05	0.95				
	308	1	96.07592532	19.66466307719298	0.0	0.0	3	1.0053864796282546	-20.259655847397834	138.0	32	1.05	0.95				
	309	1	98.32331538596492	20.22651059368421	0.0	0.0	3	1.027161420314962	-14.818618737554067	138.0	33	1.05	0.95				
	310	1	109.56026571578947	22.473900659649125	0.0	0.0	3	1.05	-16.830389819669776	138.0	33	1.05	0.95				
	311	1	0.0	0.0	0.0	0.0	3	1.014666951958052	-10.200449170452195	230.0	33	1.05	0.95				
	312	1	0.0	0.0	0.0	0.0	3	1.0149972513907326	-9.672355698237977	230.0	33	1.05	0.95				
	313	2	148.88959187017545	30.339765890526323	0.0	0.0	3	1.0200567629630186	-6.25624115407189	230.0	34	1.05	0.95				
	314	2	108.99841819929826	21.912053143157898	0.0	0.0	3	1.0225541433807857	-8.02393751706352	230.0	36	1.05	0.95				
	315	2	178.1056627277193	35.9582410554386	0.0	0.0	3	1.0454156517029707	-1.8744892576564804	230.0	36	1.05	0.95				
	316	2	56.18475164912281	11.236950329824563	0.0	0.0	3	1.0440707963748685	-1.5748763196107527	230.0	36	1.05	0.95				
	317	1	0.0	0.0	0.0	0.0	3	1.0471500026565288	0.8306310045071811	230.0	37	1.05	0.95				
	318	2	187.09522299157896	38.20563112140351	0.0	0.0	3	1.0479363859258852	1.19992027714783	230.0	37	1.05	0.95				
	319	1	101.6944004849123	20.78835811017544	0.0	0.0	3	1.0384555731502747	-2.8287477668840655	230.0	35	1.05	0.95				
	320	1	71.9164821108772	14.608035428771931	0.0	0.0	3	1.0381189476699226	-2.8570919588263357	230.0	35	1.05	0.95				
	321	2	0.0	0.0	0.0	0.0	3	1.05	2.0834670973871408	230.0	37	1.05	0.95				
	322	2	0.0	0.0	0.0	0.0	3	1.05	7.366816616987015	230.0	37	1.05	0.95				
	323	2	0.0	0.0	0.0	0.0	3	1.0390702287484084	-2.4529428347102264	230.0	35	1.05	0.95				
	324	1	0.0	0.0	0.0	0.0	3	1.0221173939456136	-6.217011559788058	230.0	36	1.05	0.95				
	325	1	0.0	0.0	0.0	0.0	3	1.0359157760730129	-1.265342832082385	230.0	35	1.05	0.95				
];
