%% MATPOWER Case Format : Version 2
function mpc = RTS_GMLC
mpc.version = '2';

%%-----  Power Flow Data  -----%%
%% system MVA base
mpc.baseMVA = 100.0;
%% bus data
%    bus_i    type    Pd    Qd    Gs    Bs    area    Vm    Va    baseKV    zone    Vmax    Vmin
mpc.bus = [
	101	2	42.45719941894737	8.648688770526315	0.0	0.0	1	1.0311821239334777	1.2190675563519562	138.0	11	1.05	0.95				
	102	2	38.13285503368421	7.862444336842106	0.0	0.0	1	1.0286702071444138	0.5594125066949276	138.0	12	1.05	0.95				
	103	1	70.76199903157895	14.545522023157895	0.0	0.0	1	1.0311660517076628	0.4596608574973637	138.0	11	1.05	0.95				
	104	1	29.09104404631579	5.896833252631578	0.0	0.0	1	1.0222026184793147	-1.6701061767521894	138.0	11	1.05	0.95				
	105	1	27.911677395789468	5.5037110357894745	0.0	0.0	1	1.0352316385280305	-1.7739046003730496	138.0	11	1.05	0.95				
	106	1	53.46462149052632	11.007422071578949	0.0	-100.0	1	1.0455803590254866	-3.9914901630589767	138.0	12	1.05	0.95				
	107	2	49.14027710526315	9.828055421052632	0.0	0.0	1	1.0008039356836047	-10.073881282651595	138.0	12	1.05	0.95				
	108	1	67.22389908	13.759277589473681	0.0	0.0	1	1.0052603969276817	-8.313604792062181	138.0	12	1.05	0.95				
	109	1	68.79638794736842	14.152399806315788	0.0	0.0	1	1.024970187555561	-2.5521272277630156	138.0	13	1.05	0.95				
	110	1	76.65883228421052	15.724888673684212	0.0	0.0	1	1.05	-3.559996860897914	138.0	13	1.05	0.95				
	111	1	0.0	0.0	0.0	0.0	1	1.0032198469560007	-0.5575619789235597	230.0	13	1.05	0.95				
	112	1	0.0	0.0	0.0	0.0	1	1.0077636565819554	-1.0721421099585815	230.0	13	1.05	0.95				
	113	3	104.17738746315788	21.228599709473684	0.0	0.0	1	0.9950300580085447	-2.4094783111284974e-29	230.0	14	1.05	0.95				
	114	2	76.26571006736842	15.331766456842105	0.0	0.0	1	1.0008506946285296	1.5933590450445212	230.0	16	1.05	0.95				
	115	2	124.61974273894737	25.159821877894732	0.0	0.0	1	1.0397300828236942	8.081994986902115	230.0	16	1.05	0.95				
	116	2	39.31222168421053	7.862444336842106	0.0	0.0	1	1.0343318240755879	6.866968617092031	230.0	16	1.05	0.95				
	117	1	0.0	0.0	0.0	0.0	1	1.0410432188049865	11.039925224593013	230.0	17	1.05	0.95				
	118	2	130.90969820842105	26.73231074526316	0.0	0.0	1	1.047394416341988	11.488866978768515	230.0	17	1.05	0.95				
	119	1	71.15512124842105	14.545522023157895	0.0	0.0	1	1.0225469238084186	4.044547990311769	230.0	15	1.05	0.95				
	120	1	50.319643755789464	10.221177637894737	0.0	0.0	1	1.0163966723647075	2.2792429841584885	230.0	15	1.05	0.95				
	121	2	0.0	0.0	0.0	0.0	1	1.05	12.808492352657717	230.0	17	1.05	0.95				
	122	2	0.0	0.0	0.0	0.0	1	1.05	24.48963412040994	230.0	17	1.05	0.95				
	123	2	0.0	0.0	0.0	0.0	1	1.0135582453026317	1.610897353461887	230.0	15	1.05	0.95				
	124	1	0.0	0.0	0.0	0.0	1	1.02669640574643	5.225921193061731	230.0	16	1.05	0.95				
	201	2	40.119628509473685	8.172516918596491	0.0	0.0	2	1.0141800723033438	-14.154261856115482	138.0	21	1.05	0.95				
	202	2	36.033370050175435	7.4295608350877185	0.0	0.0	2	1.0132530272796534	-14.43825579182174	138.0	22	1.05	0.95				
	203	1	66.86604751578948	13.74468754491228	0.0	0.0	2	1.0160013901501896	-10.284228104212035	138.0	21	1.05	0.95				
	204	1	27.48937508982456	5.572170626315788	0.0	0.0	2	1.0127627349216008	-14.150762780453856	138.0	21	1.05	0.95				
	205	1	26.3749409645614	5.200692584561403	0.0	0.0	2	1.0276787233290774	-14.573313334218394	138.0	21	1.05	0.95				
	206	1	50.521013678596496	10.401385169122806	0.0	-100.0	2	1.0433728254227375	-15.290485544053299	138.0	22	1.05	0.95				
	207	2	46.43475521929824	9.286951043859649	0.0	0.0	2	0.9961540894427836	-19.673182665996315	138.0	22	1.05	0.95				
	208	1	63.52274513999999	13.001731461403507	0.0	0.0	2	1.0028995439293853	-18.03163944350453	138.0	22	1.05	0.95				
	209	1	65.00865730701754	13.373209503157893	0.0	0.0	2	1.0226494060929512	-12.371405024989796	138.0	23	1.05	0.95				
	210	1	72.43821814210524	14.859121670175437	0.0	0.0	2	1.05	-13.795212047479993	138.0	23	1.05	0.95				
	211	1	0.0	0.0	0.0	0.0	2	1.0041961764704272	-9.56131015620867	230.0	23	1.05	0.95				
	212	1	0.0	0.0	0.0	0.0	2	1.0065002499715117	-8.968510835191667	230.0	23	1.05	0.95				
	213	2	98.44168106491227	20.059814254736843	0.0	0.0	2	0.998564438017194	-8.35487366706526	230.0	24	1.05	0.95				
	214	2	72.06674010035087	14.48764362842105	0.0	0.0	2	1.0049535542644723	-6.966510071433056	230.0	26	1.05	0.95				
	215	2	117.75853923614032	23.7745946722807	0.0	0.0	2	1.0211347097000165	-0.5455508524656051	230.0	26	1.05	0.95				
	216	2	37.147804175438594	7.4295608350877185	0.0	0.0	2	1.0216638299222482	-1.046201778296362	230.0	26	1.05	0.95				
	217	1	0.0	0.0	0.0	0.0	2	1.0258983770792458	0.42249574796427797	230.0	27	1.05	0.95				
	218	2	123.70218790421052	25.260506839298248	0.0	0.0	2	1.025481744972835	0.10568540995972853	230.0	27	1.05	0.95				
	219	1	67.23752555754385	13.74468754491228	0.0	0.0	2	1.021651747851383	-1.4391924430211538	230.0	25	1.05	0.95				
	220	1	47.5491893445614	9.658429085614035	0.0	0.0	2	1.0238581459363354	-1.0468180231227506	230.0	25	1.05	0.95				
	221	2	0.0	0.0	0.0	0.0	2	1.0275681769325475	0.6840345652164225	230.0	27	1.05	0.95				
	222	2	0.0	0.0	0.0	0.0	2	1.0492226617746767	7.081221862302149	230.0	27	1.05	0.95				
	223	2	0.0	0.0	0.0	0.0	2	1.0254505833905523	-0.5436767746722516	230.0	25	1.05	0.95				
	224	1	0.0	0.0	0.0	0.0	2	1.0072601128347713	-4.21169391049982	230.0	26	1.05	0.95				
	301	2	51.335020572631585	10.457133820350878	0.0	0.0	3	1.009085656035672	-6.913164511350351	138.0	31	1.05	0.95				
	302	2	46.10645366245614	9.50648529122807	0.0	0.0	3	1.0083861091994346	-7.107225042540919	138.0	32	1.05	0.95				
	303	1	85.55836762105264	17.58699778877193	0.0	0.0	3	1.0380026994573888	1.4400673815388008	138.0	31	1.05	0.95				
	304	1	35.17399557754386	7.129863968421053	0.0	0.0	3	1.010447478888672	-5.659830488127551	138.0	31	1.05	0.95				
	305	1	33.748022783859646	6.65453970385965	0.0	0.0	3	1.023471944336198	-6.804874856326592	138.0	31	1.05	0.95				
	306	1	64.64409998035089	13.3090794077193	0.0	-100.0	3	1.0391989899441032	-7.299977753244095	138.0	32	1.05	0.95				
	307	2	59.41553307017544	11.88310661403509	0.0	0.0	3	0.9912912549421913	-12.396186494548067	138.0	32	1.05	0.95				
	308	1	81.28044924	16.636349259649123	0.0	0.0	3	0.9968782902917459	-10.223109565730802	138.0	32	1.05	0.95				
	309	1	83.18174629824561	17.111673524210527	0.0	0.0	3	1.0274013000228108	-2.5352550699575445	138.0	33	1.05	0.95				
	310	1	92.68823158947369	19.01297058245614	0.0	0.0	3	1.05	-5.166802039108046	138.0	33	1.05	0.95				
	311	1	0.0	0.0	0.0	0.0	3	1.0089464360785727	-0.02008813351288736	230.0	33	1.05	0.95				
	312	1	0.0	0.0	0.0	0.0	3	1.013228404556723	0.4492458729022065	230.0	33	1.05	0.95				
	313	2	125.96093010877195	25.667510286315792	0.0	0.0	3	1.0113938556686781	3.177426507597254	230.0	34	1.05	0.95				
	314	2	92.21290732491228	18.537646317894737	0.0	0.0	3	1.0067101718139586	1.1188497742640247	230.0	36	1.05	0.95				
	315	2	150.6777918659649	30.42075293192983	0.0	0.0	3	1.0339475747382372	3.4225097661174027	230.0	36	1.05	0.95				
	316	2	47.53242645614036	9.50648529122807	0.0	0.0	3	1.0315686765601721	3.6017385706903933	230.0	36	1.05	0.95				
	317	1	0.0	0.0	0.0	0.0	3	1.042821570540896	7.028103358288728	230.0	37	1.05	0.95				
	318	2	158.28298009894738	32.322049990175444	0.0	0.0	3	1.0397258297026075	5.124674214999107	230.0	37	1.05	0.95				
	319	1	86.03369188561403	17.58699778877193	0.0	0.0	3	1.0266959925881456	3.5923028825011003	230.0	35	1.05	0.95				
	320	1	60.84150586385966	12.358430878596492	0.0	0.0	3	1.0242103309309072	3.8078285283298556	230.0	35	1.05	0.95				
	321	2	0.0	0.0	0.0	0.0	3	1.0395231537481167	5.165365276923215	230.0	37	1.05	0.95				
	322	2	0.0	0.0	0.0	0.0	3	1.05	10.217667665256243	230.0	37	1.05	0.95				
	323	2	0.0	0.0	0.0	0.0	3	1.023372822885112	4.178527179144368	230.0	35	1.05	0.95				
	324	1	0.0	0.0	0.0	0.0	3	1.0314852417710174	3.411172075790205	230.0	36	1.05	0.95				
	325	1	0.0	0.0	0.0	0.0	3	1.024057293974422	4.925490062485833	230.0	35	1.05	0.95				
];
