%% MATPOWER Case Format : Version 2
function mpc = RTS_GMLC
mpc.version = '2';

%%-----  Power Flow Data  -----%%
%% system MVA base
mpc.baseMVA = 100.0;
%% bus data
%    bus_i    type    Pd    Qd    Gs    Bs    area    Vm    Va    baseKV    zone    Vmax    Vmin
mpc.bus = [
	101	2	43.01830777263158	8.762988620350876	0.0	0.0	1	1.0128243701700574	-4.139033527687211	138.0	11	1.05	0.95				
	102	2	38.63681346245614	7.966353291228071	0.0	0.0	1	1.012745030404681	-4.361863020530313	138.0	12	1.05	0.95				
	103	1	71.69717962105263	14.737753588771929	0.0	0.0	1	1.0010778890503091	0.5336058612416582	138.0	11	1.05	0.95				
	104	1	29.475507177543857	5.974764968421052	0.0	0.0	1	1.003405163691757	-4.273690302352807	138.0	11	1.05	0.95				
	105	1	28.280554183859646	5.576447303859649	0.0	0.0	1	1.0174173320188187	-5.3197522200714085	138.0	11	1.05	0.95				
	106	1	54.17120238035088	11.152894607719299	0.0	-100.0	1	1.0278991501006858	-6.464934357027446	138.0	12	1.05	0.95				
	107	2	49.789708070175436	9.957941614035088	0.0	0.0	1	0.9863700255697889	-10.899155255523404	138.0	12	1.05	0.95				
	108	1	68.11232064000001	13.941118259649121	0.0	0.0	1	0.9881297224453054	-9.384423061218854	138.0	12	1.05	0.95				
	109	1	69.70559129824561	14.339435924210525	0.0	0.0	1	1.002855417001224	-3.3616270471435845	138.0	13	1.05	0.95				
	110	1	77.67194458947368	15.932706582456142	0.0	0.0	1	1.0314612624919859	-5.202093101658965	138.0	13	1.05	0.95				
	111	1	0.0	0.0	0.0	0.0	1	0.9829456015846305	-0.580203278151442	230.0	13	1.05	0.95				
	112	1	0.0	0.0	0.0	0.0	1	0.9836938998574615	-1.4775644589722117	230.0	13	1.05	0.95				
	113	3	105.55418110877193	21.50915388631579	0.0	0.0	1	0.9645323202865387	1.0052404947524704e-29	230.0	14	1.05	0.95				
	114	2	77.27362692491228	15.534388917894738	0.0	0.0	1	0.9932959905369462	2.747576151310621	230.0	16	1.05	0.95				
	115	2	126.26669966596491	25.492330531929824	0.0	0.0	1	0.992545567732374	11.809311585707576	230.0	16	1.05	0.95				
	116	2	39.83176645614035	7.966353291228071	0.0	0.0	1	0.9910339571432445	10.210894374546612	230.0	16	1.05	0.95				
	117	1	0.0	0.0	0.0	0.0	1	0.9930531944572576	16.093741989930077	230.0	17	1.05	0.95				
	118	2	132.63978229894738	27.08560119017544	0.0	0.0	1	1.0023706795350882	16.57884989609319	230.0	17	1.05	0.95				
	119	1	72.09549728561403	14.737753588771929	0.0	0.0	1	0.9904202814680872	6.330655400677626	230.0	15	1.05	0.95				
	120	1	50.98466106385965	10.356259278596491	0.0	0.0	1	0.995477729561827	3.569619845426384	230.0	15	1.05	0.95				
	121	2	0.0	0.0	0.0	0.0	1	1.0030428108977598	17.915405974738757	230.0	17	1.05	0.95				
	122	2	0.0	0.0	0.0	0.0	1	1.0069422508848824	36.339048506756626	230.0	17	1.05	0.95				
	123	2	0.0	0.0	0.0	0.0	1	0.9993161616396563	2.3858828707838495	230.0	15	1.05	0.95				
	124	1	0.0	0.0	0.0	0.0	1	0.9822802981094407	7.506587272510925	230.0	16	1.05	0.95				
	201	2	40.9526208	8.342200533333333	0.0	0.0	2	1.0120120390490996	-13.563584296770605	138.0	21	1.05	0.95				
	202	2	36.78152053333333	7.583818666666667	0.0	0.0	2	1.0109084033429092	-13.781190880160546	138.0	22	1.05	0.95				
	203	1	68.254368	14.030064533333334	0.0	0.0	2	0.9980558179319403	-10.100826102282504	138.0	21	1.05	0.95				
	204	1	28.06012906666667	5.687863999999999	0.0	0.0	2	1.0016489907504051	-13.068702220681912	138.0	21	1.05	0.95				
	205	1	26.922556266666664	5.3086730666666675	0.0	0.0	2	1.018169931865095	-13.479243892775713	138.0	21	1.05	0.95				
	206	1	51.56996693333333	10.617346133333335	0.0	-100.0	2	1.0296979082974633	-13.924061774881341	138.0	22	1.05	0.95				
	207	2	47.39886666666666	9.479773333333332	0.0	0.0	2	0.9727992566675099	-18.43622729693697	138.0	22	1.05	0.95				
	208	1	64.8416496	13.271682666666665	0.0	0.0	2	0.9815754644101878	-16.709252774699888	138.0	22	1.05	0.95				
	209	1	66.35841333333333	13.650873599999999	0.0	0.0	2	1.005115322654986	-10.86029552649636	138.0	23	1.05	0.95				
	210	1	73.94223199999999	15.167637333333333	0.0	0.0	2	1.0334004531914334	-12.140250126835856	138.0	23	1.05	0.95				
	211	1	0.0	0.0	0.0	0.0	2	0.9857114473853509	-8.244229535675368	230.0	23	1.05	0.95				
	212	1	0.0	0.0	0.0	0.0	2	0.9852257565194544	-5.745036795682567	230.0	23	1.05	0.95				
	213	2	100.48559733333333	20.4763104	0.0	0.0	2	0.9808882955689132	-6.3389226094528786	230.0	24	1.05	0.95				
	214	2	73.56304106666666	14.7884464	0.0	0.0	2	0.9829350105228094	-6.502447406902996	230.0	26	1.05	0.95				
	215	2	120.20352586666665	24.268219733333332	0.0	0.0	2	0.9915899506977107	-1.0032510778184733	230.0	26	1.05	0.95				
	216	2	37.91909333333333	7.583818666666667	0.0	0.0	2	0.9893544397056825	-1.5356992464591515	230.0	26	1.05	0.95				
	217	1	0.0	0.0	0.0	0.0	2	1.000316082887294	-0.14206034817890992	230.0	27	1.05	0.95				
	218	2	126.2705808	25.784983466666667	0.0	0.0	2	1.0015235885425289	-0.6008760886482843	230.0	27	1.05	0.95				
	219	1	68.63355893333333	14.030064533333334	0.0	0.0	2	0.9820860197673584	-1.0570354908152397	230.0	25	1.05	0.95				
	220	1	48.536439466666664	9.858964266666668	0.0	0.0	2	0.9784805743501219	0.17463053899834566	230.0	25	1.05	0.95				
	221	2	0.0	0.0	0.0	0.0	2	1.0036744120945986	-0.078992639514151	230.0	27	1.05	0.95				
	222	2	0.0	0.0	0.0	0.0	2	1.0215544494023634	5.321355602203324	230.0	27	1.05	0.95				
	223	2	0.0	0.0	0.0	0.0	2	0.9773639567590877	1.1795998349017576	230.0	25	1.05	0.95				
	224	1	0.0	0.0	0.0	0.0	2	0.983118368422738	-4.469472908364743	230.0	26	1.05	0.95				
	301	2	56.733312240000004	11.556785826666667	0.0	0.0	3	1.0044600073973515	25.90075558733012	138.0	31	1.05	0.95				
	302	2	50.95491932666666	10.506168933333333	0.0	0.0	3	1.0051728173017773	25.510312922313794	138.0	32	1.05	0.95				
	303	1	94.5555204	19.436412526666665	0.0	0.0	3	1.0172273069854392	41.7353840022633	138.0	31	1.05	0.95				
	304	1	38.87282505333333	7.879626699999999	0.0	0.0	3	0.9946976278705693	27.140208649521483	138.0	31	1.05	0.95				
	305	1	37.29689971333333	7.354318253333333	0.0	0.0	3	1.0129726058300927	24.858359158163328	138.0	31	1.05	0.95				
	306	1	71.44194874666667	14.708636506666666	0.0	-100.0	3	1.024951924937272	23.65298979418288	138.0	32	1.05	0.95				
	307	2	65.66355583333333	13.132711166666667	0.0	0.0	3	0.9656772790670752	19.516716267449674	138.0	32	1.05	0.95				
	308	1	89.82774438	18.38579563333333	0.0	0.0	3	0.9743376800630457	22.005030271966643	138.0	32	1.05	0.95				
	309	1	91.92897816666667	18.911104079999998	0.0	0.0	3	1.0039938752873965	30.72335097278476	138.0	33	1.05	0.95				
	310	1	102.4351471	21.012337866666666	0.0	0.0	3	1.034754197734614	25.540952500550567	138.0	33	1.05	0.95				
	311	1	0.0	0.0	0.0	0.0	3	0.9944524500527195	29.72612489232127	230.0	33	1.05	0.95				
	312	1	0.0	0.0	0.0	0.0	3	1.0018586856899416	29.635528556848055	230.0	33	1.05	0.95				
	313	2	139.20673836666666	28.366656120000002	0.0	0.0	3	1.0016739250273088	31.180299686494777	230.0	34	1.05	0.95				
	314	2	101.90983865333332	20.48702942	0.0	0.0	3	0.9861596553587586	30.138938389472962	230.0	36	1.05	0.95				
	315	2	166.5227775933333	33.619740586666666	0.0	0.0	3	0.9880126350544748	29.989143251735978	230.0	36	1.05	0.95				
	316	2	52.53084466666667	10.506168933333333	0.0	0.0	3	0.980478643782811	30.012611778470564	230.0	36	1.05	0.95				
	317	1	0.0	0.0	0.0	0.0	3	0.9926362671921588	32.64120957605449	230.0	37	1.05	0.95				
	318	2	174.92771274	35.720974373333334	0.0	0.0	3	0.9852273906333271	28.676996515237022	230.0	37	1.05	0.95				
	319	1	95.08082884666666	19.436412526666665	0.0	0.0	3	0.9894785970140736	29.20177142301321	230.0	35	1.05	0.95				
	320	1	67.23948117333333	13.658019613333334	0.0	0.0	3	0.998951023087735	28.3064676678003	230.0	35	1.05	0.95				
	321	2	0.0	0.0	0.0	0.0	3	0.9945328312175428	29.62824739547565	230.0	37	1.05	0.95				
	322	2	0.0	0.0	0.0	0.0	3	1.0122083385395229	33.85312880185762	230.0	37	1.05	0.95				
	323	2	0.0	0.0	0.0	0.0	3	1.004314620587929	27.839765502255794	230.0	35	1.05	0.95				
	324	1	0.0	0.0	0.0	0.0	3	0.9974320602916831	35.84677360920713	230.0	36	1.05	0.95				
	325	1	0.0	0.0	0.0	0.0	3	1.0055386842622631	27.003972434388025	230.0	35	1.05	0.95				
];
