%% MATPOWER Case Format : Version 2
function mpc = RTS_GMLC
mpc.version = '2';

%%-----  Power Flow Data  -----%%
%% system MVA base
mpc.baseMVA = 100.0;
%% bus data
%    bus_i    type    Pd    Qd    Gs    Bs    area    Vm    Va    baseKV    zone    Vmax    Vmin
mpc.bus = [
	101	2	43.13854527157895	8.787481444210526	0.0	0.0	1	1.0115221541900483	-4.418505030020706	138.0	11	1.05	0.95				
	102	2	38.744804549473685	7.9886194947368425	0.0	0.0	1	1.0115186257904842	-4.633923552481493	138.0	12	1.05	0.95				
	103	1	71.89757545263159	14.778946065263158	0.0	0.0	1	0.9996887995429399	0.6711680954325603	138.0	11	1.05	0.95				
	104	1	29.557892130526316	5.99146462105263	0.0	0.0	1	1.0019567760835435	-4.4173983328735895	138.0	11	1.05	0.95				
	105	1	28.35959920631579	5.592033646315789	0.0	0.0	1	1.0162814111060468	-5.462230194826928	138.0	11	1.05	0.95				
	106	1	54.32261256421052	11.184067292631578	0.0	-100.0	1	1.0268628214700777	-6.532895363572551	138.0	12	1.05	0.95				
	107	2	49.92887184210526	9.985774368421051	0.0	0.0	1	0.9864745700369341	-10.036118021567079	138.0	12	1.05	0.95				
	108	1	68.30269668	13.98008411578947	0.0	0.0	1	0.988095968026434	-8.887036112516292	138.0	12	1.05	0.95				
	109	1	69.90042057894736	14.379515090526315	0.0	0.0	1	1.0017502988049043	-3.3045076394930146	138.0	13	1.05	0.95				
	110	1	77.8890400736842	15.977238989473685	0.0	0.0	1	1.0305097206510065	-5.198640496764387	138.0	13	1.05	0.95				
	111	1	0.0	0.0	0.0	0.0	1	0.9817238251037771	-0.6015788968131657	230.0	13	1.05	0.95				
	112	1	0.0	0.0	0.0	0.0	1	0.9828677773812565	-1.4384206872962997	230.0	13	1.05	0.95				
	113	3	105.84920830526315	21.569272635789474	0.0	0.0	1	0.9643079291551139	2.4139529733614433e-26	230.0	14	1.05	0.95				
	114	2	77.48960909894737	15.57780801473684	0.0	0.0	1	0.9907854165086343	2.662621317120178	230.0	16	1.05	0.95				
	115	2	126.61961899157895	25.563582383157897	0.0	0.0	1	0.988451390423732	11.659312175950447	230.0	16	1.05	0.95				
	116	2	39.943097473684205	7.9886194947368425	0.0	0.0	1	0.9878614542528117	10.05919969265398	230.0	16	1.05	0.95				
	117	1	0.0	0.0	0.0	0.0	1	0.9906473429590973	15.695396458467483	230.0	17	1.05	0.95				
	118	2	133.01051458736842	27.16130628210526	0.0	0.0	1	0.9978706458255754	16.345205996519308	230.0	17	1.05	0.95				
	119	1	72.29700642736842	14.778946065263158	0.0	0.0	1	0.9882950286353583	6.368690469909474	230.0	15	1.05	0.95				
	120	1	51.12716476631579	10.385205343157894	0.0	0.0	1	0.9937832825006969	3.6684577515812093	230.0	15	1.05	0.95				
	121	2	0.0	0.0	0.0	0.0	1	0.9979958239822361	17.744928757627328	230.0	17	1.05	0.95				
	122	2	0.0	0.0	0.0	0.0	1	1.0079514173349495	33.54318397320509	230.0	17	1.05	0.95				
	123	2	0.0	0.0	0.0	0.0	1	0.9978351779182685	2.520603932285299	230.0	15	1.05	0.95				
	124	1	0.0	0.0	0.0	0.0	1	0.9796069367420983	7.454661319440259	230.0	16	1.05	0.95				
	201	2	41.768613246315795	8.508421216842105	0.0	0.0	2	1.0109524611080247	-10.874465977661098	138.0	21	1.05	0.95				
	202	2	37.51440263789474	7.7349283789473695	0.0	0.0	2	1.0099069249233517	-11.037230068365407	138.0	22	1.05	0.95				
	203	1	69.61435541052631	14.309617501052632	0.0	0.0	2	0.9979000424846582	-8.259900858107896	138.0	21	1.05	0.95				
	204	1	28.619235002105263	5.801196284210526	0.0	0.0	2	1.0016792786565805	-10.093874661772523	138.0	21	1.05	0.95				
	205	1	27.45899574526316	5.414449865263158	0.0	0.0	2	1.0177437909917628	-10.448950717208756	138.0	21	1.05	0.95				
	206	1	52.59751297684211	10.828899730526317	0.0	-100.0	2	1.0297403900888458	-10.702846719174339	138.0	22	1.05	0.95				
	207	2	48.34330236842106	9.668660473684211	0.0	0.0	2	0.9721179758375676	-15.264691732431965	138.0	22	1.05	0.95				
	208	1	66.13363764	13.536124663157894	0.0	0.0	2	0.9813262928766138	-13.505343044641258	138.0	22	1.05	0.95				
	209	1	67.68062331578948	13.922871082105262	0.0	0.0	2	1.0064612591102948	-7.667877836664063	138.0	23	1.05	0.95				
	210	1	75.41555169473685	15.469856757894739	0.0	0.0	2	1.0340686337777532	-8.740466260656966	138.0	23	1.05	0.95				
	211	1	0.0	0.0	0.0	0.0	2	0.9867755634282764	-5.2733465290186095	230.0	23	1.05	0.95				
	212	1	0.0	0.0	0.0	0.0	2	0.9878012968830522	-1.137115954130139	230.0	23	1.05	0.95				
	213	2	102.48780102105263	20.884306623157897	0.0	0.0	2	0.9822102354941017	-2.820103425734974	230.0	24	1.05	0.95				
	214	2	75.02880527578948	15.08311033894737	0.0	0.0	2	0.9830250867613812	-4.340619605667644	230.0	26	1.05	0.95				
	215	2	122.5986148063158	24.751770812631584	0.0	0.0	2	0.9915602492880742	-0.34264164238007566	230.0	26	1.05	0.95				
	216	2	38.674641894736844	7.7349283789473695	0.0	0.0	2	0.9894937555091803	-0.4693211009880135	230.0	26	1.05	0.95				
	217	1	0.0	0.0	0.0	0.0	2	1.0002286494671884	0.4127277566055262	230.0	27	1.05	0.95				
	218	2	128.7865575094737	26.298756488421056	0.0	0.0	2	1.0012460753912733	-0.11268220326089777	230.0	27	1.05	0.95				
	219	1	70.00110182947368	14.309617501052632	0.0	0.0	2	0.982375864757791	0.6066050188217975	230.0	25	1.05	0.95				
	220	1	49.50354162526317	10.05540689263158	0.0	0.0	2	0.9793063023468627	2.377545113533037	230.0	25	1.05	0.95				
	221	2	0.0	0.0	0.0	0.0	2	1.0035088193611397	0.36514421278873815	230.0	27	1.05	0.95				
	222	2	0.0	0.0	0.0	0.0	2	1.020721198635339	4.949431890679293	230.0	27	1.05	0.95				
	223	2	0.0	0.0	0.0	0.0	2	0.9788138232592932	3.6849314355153147	230.0	25	1.05	0.95				
	224	1	0.0	0.0	0.0	0.0	2	0.9842845822921948	-3.359268918995787	230.0	26	1.05	0.95				
	301	2	46.397975343157896	9.451439421754387	0.0	0.0	3	1.0104140956140635	32.06518194695064	138.0	31	1.05	0.95				
	302	2	41.6722556322807	8.59221765614035	0.0	0.0	3	1.0108758879834445	31.749012239518162	138.0	32	1.05	0.95				
	303	1	77.32995890526317	15.895602663859648	0.0	0.0	3	1.0172537358003884	44.452250780720284	138.0	31	1.05	0.95				
	304	1	31.791205327719297	6.444163242105263	0.0	0.0	3	1.001327238655179	32.894703950380745	138.0	31	1.05	0.95				
	305	1	30.502372679298244	6.014552359298246	0.0	0.0	3	1.0188359688279829	31.355625802018814	138.0	31	1.05	0.95				
	306	1	58.42708006175439	12.029104718596493	0.0	-100.0	3	1.0314779842808939	30.423699978229074	138.0	32	1.05	0.95				
	307	2	53.701360350877195	10.740272070175438	0.0	0.0	3	0.9684262359247239	28.053544080403913	138.0	32	1.05	0.95				
	308	1	73.46346095999999	15.036380898245612	0.0	0.0	3	0.9831863944666536	29.94328377145769	138.0	32	1.05	0.95				
	309	1	75.18190449122807	15.465991781052631	0.0	0.0	3	1.0068841923711216	35.66523026649729	138.0	33	1.05	0.95				
	310	1	83.77412214736842	17.1844353122807	0.0	0.0	3	1.0376596892813812	32.048908884439186	138.0	33	1.05	0.95				
	311	1	0.0	0.0	0.0	0.0	3	0.9903774231190412	35.3660899261493	230.0	33	1.05	0.95				
	312	1	0.0	0.0	0.0	0.0	3	0.9988449580307599	35.40581262010858	230.0	33	1.05	0.95				
	313	2	113.84688394385964	23.198987671578948	0.0	0.0	3	0.9971482927618887	37.84143809839937	230.0	34	1.05	0.95				
	314	2	83.3445112645614	16.754824429473683	0.0	0.0	3	0.975478104646839	34.81955171533095	230.0	36	1.05	0.95				
	315	2	136.18664984982456	27.495096499649126	0.0	0.0	3	0.9807596077637215	32.75405055578737	230.0	36	1.05	0.95				
	316	2	42.96108828070175	8.59221765614035	0.0	0.0	3	0.9689660932916538	33.00029278114273	230.0	36	1.05	0.95				
	317	1	0.0	0.0	0.0	0.0	3	0.9855174623397007	34.14212755575597	230.0	37	1.05	0.95				
	318	2	143.06042397473684	29.213540030877194	0.0	0.0	3	0.9819915690238099	30.6317633670081	230.0	37	1.05	0.95				
	319	1	77.75956978807017	15.895602663859648	0.0	0.0	3	0.9786169416652182	32.75623927124548	230.0	35	1.05	0.95				
	320	1	54.99019299929825	11.169882952982455	0.0	0.0	3	0.9877068005827839	32.31164085416505	230.0	35	1.05	0.95				
	321	2	0.0	0.0	0.0	0.0	3	0.9902306793069261	31.75574633180997	230.0	37	1.05	0.95				
	322	2	0.0	0.0	0.0	0.0	3	1.0067735772450617	35.176108733997985	230.0	37	1.05	0.95				
	323	2	0.0	0.0	0.0	0.0	3	0.9922287419620477	31.933465773292284	230.0	35	1.05	0.95				
	324	1	0.0	0.0	0.0	0.0	3	0.9927770676629425	38.438157079925226	230.0	36	1.05	0.95				
