%% MATPOWER Case Format : Version 2
function mpc = RTS_GMLC
mpc.version = '2';

%%-----  Power Flow Data  -----%%
%% system MVA base
mpc.baseMVA = 100.0;
%% bus data
%    bus_i    type    Pd    Qd    Gs    Bs    area    Vm    Va    baseKV    zone    Vmax    Vmin
mpc.bus = [
	101	2	43.7798119831579	8.918109848421054	0.0	0.0	1	1.049999998118318	5.1737004862315725	138.0	11	1.05	0.95				
	102	2	39.32075705894737	8.107372589473686	0.0	0.0	1	1.049126441235009	4.878300006872946	138.0	12	1.05	0.95				
	103	1	72.96635330526317	14.998639290526317	0.0	0.0	1	1.0292635682701452	1.042017004661684	138.0	11	1.05	0.95				
	104	1	29.997278581052633	6.080529442105263	0.0	0.0	1	1.0299521601551807	1.005487723248587	138.0	11	1.05	0.95				
	105	1	28.78117269263158	5.67516081263158	0.0	0.0	1	1.0435899776659874	1.0379007278308674	138.0	11	1.05	0.95				
	106	1	55.13013360842106	11.35032162526316	0.0	-100.0	1	1.0490782207840876	-1.7484994110910872	138.0	12	1.05	0.95				
	107	2	50.67107868421053	10.134215736842107	0.0	0.0	1	1.0012739741455563	-7.7428728731568786	138.0	12	1.05	0.95				
	108	1	69.31803564	14.187902031578947	0.0	0.0	1	1.005436899558188	-6.4422603090371275	138.0	12	1.05	0.95				
	109	1	70.93951015789474	14.593270661052632	0.0	0.0	1	1.0239055054779034	-1.4358685681684311	138.0	13	1.05	0.95				
	110	1	79.04688274736843	16.21474517894737	0.0	0.0	1	1.05	-1.9568027394567917	138.0	13	1.05	0.95				
	111	1	0.0	0.0	0.0	0.0	1	1.0008200625138113	-0.3548067072274161	230.0	13	1.05	0.95				
	112	1	0.0	0.0	0.0	0.0	1	1.005868539214786	-0.2804301580139713	230.0	13	1.05	0.95				
	113	3	107.42268681052632	21.88990599157895	0.0	0.0	1	0.9911456553751655	-3.03839831598287e-31	230.0	14	1.05	0.95				
	114	2	78.64151411789474	15.809376549473686	0.0	0.0	1	0.9946499305358563	0.8145933280867107	230.0	16	1.05	0.95				
	115	2	128.5018555431579	25.94359228631579	0.0	0.0	1	1.0291050804030106	5.637935101192329	230.0	16	1.05	0.95				
	116	2	40.53686294736843	8.107372589473686	0.0	0.0	1	1.0242291496489102	4.856669681968575	230.0	16	1.05	0.95				
	117	1	0.0	0.0	0.0	0.0	1	1.0332669244807127	7.681194536415823	230.0	17	1.05	0.95				
	118	2	134.98775361473685	27.56506680421053	0.0	0.0	1	1.0364623852104509	8.059014462248452	230.0	17	1.05	0.95				
	119	1	73.37172193473684	14.998639290526317	0.0	0.0	1	1.0158212187828475	3.34813623533232	230.0	15	1.05	0.95				
	120	1	51.88718457263158	10.53958436631579	0.0	0.0	1	1.0113202663362932	2.711075142442849	230.0	15	1.05	0.95				
	121	2	0.0	0.0	0.0	0.0	1	1.0396548881182421	9.278366598245697	230.0	17	1.05	0.95				
	122	2	0.0	0.0	0.0	0.0	1	1.05	16.131950405912132	230.0	17	1.05	0.95				
	123	2	0.0	0.0	0.0	0.0	1	1.0092873974394747	2.682107308409584	230.0	15	1.05	0.95				
	124	1	0.0	0.0	0.0	0.0	1	1.022211835353922	3.9029189735088248	230.0	16	1.05	0.95				
	201	2	39.54163388210527	8.054777272280703	0.0	0.0	2	1.0147013639375129	-9.337216310265708	138.0	21	1.05	0.95				
	202	2	35.514245245964915	7.322524792982457	0.0	0.0	2	1.013825303837456	-9.587418025832509	138.0	22	1.05	0.95				
	203	1	65.90272313684211	13.546670867017543	0.0	0.0	2	1.0155018856977707	-6.587782642505152	138.0	21	1.05	0.95				
	204	1	27.093341734035086	5.491893594736842	0.0	0.0	2	1.0133689679574989	-9.226047621607808	138.0	21	1.05	0.95				
	205	1	25.99496301508772	5.12576735508772	0.0	0.0	2	1.0279985634469413	-9.546673269651563	138.0	21	1.05	0.95				
	206	1	49.79316859228071	10.25153471017544	0.0	-100.0	2	1.0436845819677545	-10.139843464786717	138.0	22	1.05	0.95				
	207	2	45.76577995614035	9.15315599122807	0.0	0.0	2	0.9973727081221648	-14.480000677593615	138.0	22	1.05	0.95				
	208	1	62.60758698000001	12.814418387719298	0.0	0.0	2	1.0039265186228485	-12.864542878453962	138.0	22	1.05	0.95				
	209	1	64.0720919385965	13.180544627368421	0.0	0.0	2	1.0231124879528382	-7.409831317314213	138.0	23	1.05	0.95				
	210	1	71.39461673157895	14.645049585964914	0.0	0.0	2	1.05	-8.576100877902222	138.0	23	1.05	0.95				
	211	1	0.0	0.0	0.0	0.0	2	1.0021557471060039	-4.82779460658942	230.0	23	1.05	0.95				
	212	1	0.0	0.0	0.0	0.0	2	1.006635643507742	-3.0158162484540894	230.0	23	1.05	0.95				
	213	2	97.02345350701755	19.770816941052637	0.0	0.0	2	0.996160258762822	-3.2030484123855536	230.0	24	1.05	0.95				
	214	2	71.02849049192983	14.278923346315791	0.0	0.0	2	0.9996779647780869	-2.9310405739080836	230.0	26	1.05	0.95				
	215	2	116.06201796877194	23.43207933754386	0.0	0.0	2	1.0168891610330315	2.067806331253256	230.0	26	1.05	0.95				
	216	2	36.61262396491228	7.322524792982457	0.0	0.0	2	1.01701809229971	1.9775394159992192	230.0	26	1.05	0.95				
	217	1	0.0	0.0	0.0	0.0	2	1.0216102777707377	2.987129635306462	230.0	27	1.05	0.95				
	218	2	121.9200378031579	24.896584296140354	0.0	0.0	2	1.0211776208889822	2.6921528767017278	230.0	27	1.05	0.95				
	219	1	66.26884937649123	13.546670867017543	0.0	0.0	2	1.0171172282962209	2.1353222112642736	230.0	25	1.05	0.95				
	220	1	46.86415867508772	9.519282230877193	0.0	0.0	2	1.0194158941089735	3.001200799862774	230.0	25	1.05	0.95				
	221	2	0.0	0.0	0.0	0.0	2	1.0233042803429755	3.2847357095900636	230.0	27	1.05	0.95				
	222	2	0.0	0.0	0.0	0.0	2	1.0450589921885076	9.720605305134432	230.0	27	1.05	0.95				
	223	2	0.0	0.0	0.0	0.0	2	1.021200781700891	3.76229456661169	230.0	25	1.05	0.95				
	224	1	0.0	0.0	0.0	0.0	2	1.0056839060733584	-1.202368971170607	230.0	26	1.05	0.95				
	301	2	50.41252769684211	10.26921860491228	0.0	0.0	3	1.0092446628742453	-9.40540601127165	138.0	31	1.05	0.95				
	302	2	45.27791839438596	9.335653277192984	0.0	0.0	3	1.0088268986800957	-9.50503509907481	138.0	32	1.05	0.95				
	303	1	84.02087949473685	17.270958562807017	0.0	0.0	3	1.024376496825911	-3.659074359182486	138.0	31	1.05	0.95				
	304	1	34.541917125614034	7.001739957894737	0.0	0.0	3	1.0106436439659316	-7.678432313991646	138.0	31	1.05	0.95				
	305	1	33.14156913403509	6.534957294035089	0.0	0.0	3	1.0234967407017062	-8.805196827867817	138.0	31	1.05	0.95				
	306	1	63.48244228491229	13.069914588070178	0.0	-100.0	3	1.0395219724406324	-9.009751517890853	138.0	32	1.05	0.95				
	307	2	58.34783298245614	11.669566596491228	0.0	0.0	3	0.9959808362891892	-13.794091098057043	138.0	32	1.05	0.95				
	308	1	79.81983552	16.33739323508772	0.0	0.0	3	1.0002740453777619	-11.659898017730024	138.0	32	1.05	0.95				
	309	1	81.68696617543858	16.804175898947367	0.0	0.0	3	1.0275238295459392	-4.2832654711352784	138.0	33	1.05	0.95				
	310	1	91.02261945263157	18.671306554385968	0.0	0.0	3	1.05	-6.704066058445988	138.0	33	1.05	0.95				
	311	1	0.0	0.0	0.0	0.0	3	1.0065466962925471	-1.5630215919087307	230.0	33	1.05	0.95				
	312	1	0.0	0.0	0.0	0.0	3	1.0111342760758149	-0.9416261395669077	230.0	33	1.05	0.95				
	313	2	123.69740592280701	25.206263848421056	0.0	0.0	3	1.0095808289781985	2.3580301498807628	230.0	34	1.05	0.95				
	314	2	90.55583678877193	18.204523890526318	0.0	0.0	3	1.0021995580679932	-0.937643898114778	230.0	36	1.05	0.95				
	315	2	147.97010444350877	29.874090487017547	0.0	0.0	3	1.0179595158650474	-0.45574673081242223	230.0	36	1.05	0.95				
	316	2	46.67826638596491	9.335653277192984	0.0	0.0	3	1.0169028579258188	0.11900314017652307	230.0	36	1.05	0.95				
	317	1	0.0	0.0	0.0	0.0	3	1.0224910703023975	1.2516557990941994	230.0	37	1.05	0.95				
	318	2	155.43862706526318	31.741221142456144	0.0	0.0	3	1.020674454190244	0.6708664794494775	230.0	37	1.05	0.95				
	319	1	84.48766215859649	17.270958562807017	0.0	0.0	3	1.015332104010566	0.6004735117669354	230.0	35	1.05	0.95				
	320	1	59.748180974035094	12.136349260350878	0.0	0.0	3	1.0157048969723788	1.221337465301393	230.0	35	1.05	0.95				
	321	2	0.0	0.0	0.0	0.0	3	1.0219020228212508	0.854609201341831	230.0	37	1.05	0.95				
	322	2	0.0	0.0	0.0	0.0	3	1.0356089781605806	5.438740292644747	230.0	37	1.05	0.95				
	323	2	0.0	0.0	0.0	0.0	3	1.0164493420974683	1.777699554989255	230.0	35	1.05	0.95				
	324	1	0.0	0.0	0.0	0.0	3	1.0159761554023823	-0.7049375784970233	230.0	36	1.05	0.95				
	325	1	0.0	0.0	0.0	0.0	3	1.017277543540685	2.426196485363109	230.0	35	1.05	0.95				
];
