%% MATPOWER Case Format : Version 2
function mpc = RTS_GMLC
mpc.version = '2';

%%-----  Power Flow Data  -----%%
%% system MVA base
mpc.baseMVA = 100.0;
%% bus data
%    bus_i    type    Pd    Qd    Gs    Bs    area    Vm    Va    baseKV    zone    Vmax    Vmin
mpc.bus = [
	101	2	42.80455220210527	8.719445818947367	0.0	0.0	1	1.0343603836690918	2.587738908189975	138.0	11	1.05	0.95				
	102	2	38.444829292631574	7.92676892631579	0.0	0.0	1	1.0334495040348164	2.3280051887709203	138.0	12	1.05	0.95				
	103	1	71.3409203368421	14.664522513684211	0.0	0.0	1	1.0285055873815825	1.129604181474219	138.0	11	1.05	0.95				
	104	1	29.329045027368423	5.945076694736842	0.0	0.0	1	1.0219170207835415	-0.6369846311731551	138.0	11	1.05	0.95				
	105	1	28.14002968842105	5.548738248421053	0.0	0.0	1	1.0367941266152918	-0.4298414142747567	138.0	11	1.05	0.95				
	106	1	53.90202869894737	11.097476496842106	0.0	-100.0	1	1.0464976859090644	-2.5699372666634086	138.0	12	1.05	0.95				
	107	2	49.54230578947369	9.908461157894736	0.0	0.0	1	1.0011208243886889	-7.30933930987674	138.0	12	1.05	0.95				
	108	1	67.77387431999999	13.87184562105263	0.0	0.0	1	1.0059332402959118	-6.2335443661863845	138.0	12	1.05	0.95				
	109	1	69.35922810526316	14.26818406736842	0.0	0.0	1	1.0242250565077355	-1.456076297997683	138.0	13	1.05	0.95				
	110	1	77.28599703157894	15.85353785263158	0.0	0.0	1	1.05	-2.241965169628375	138.0	13	1.05	0.95				
	111	1	0.0	0.0	0.0	0.0	1	1.0023822453242963	0.1349094464724205	230.0	13	1.05	0.95				
	112	1	0.0	0.0	0.0	0.0	1	1.0069312391983056	0.31886268568370074	230.0	13	1.05	0.95				
	113	3	105.0296882736842	21.402276101052635	0.0	0.0	1	0.9927157304482238	-1.0913900198033011e-29	230.0	14	1.05	0.95				
	114	2	76.88965858526315	15.45719940631579	0.0	0.0	1	0.999538697739283	2.370291609349095	230.0	16	1.05	0.95				
	115	2	125.63928748210526	25.365660564210522	0.0	0.0	1	1.0341334520915593	8.359594084867808	230.0	16	1.05	0.95				
	116	2	39.633844631578945	7.92676892631579	0.0	0.0	1	1.030255102764689	7.811941256521844	230.0	16	1.05	0.95				
	117	1	0.0	0.0	0.0	0.0	1	1.0377558163385205	10.087032427047275	230.0	17	1.05	0.95				
	118	2	131.9807026231579	26.951014349473684	0.0	0.0	1	1.0401163047948838	10.264096466646873	230.0	17	1.05	0.95				
	119	1	71.7372587831579	14.664522513684211	0.0	0.0	1	1.023626747407209	6.467605106603251	230.0	15	1.05	0.95				
	120	1	50.731321128421044	10.304799604210526	0.0	0.0	1	1.0206668492693778	6.069059234705103	230.0	15	1.05	0.95				
	121	2	0.0	0.0	0.0	0.0	1	1.0433749249305704	11.342093549857315	230.0	17	1.05	0.95				
	122	2	0.0	0.0	0.0	0.0	1	1.05	17.908574605686983	230.0	17	1.05	0.95				
	123	2	0.0	0.0	0.0	0.0	1	1.0194155332551649	6.159546777569904	230.0	15	1.05	0.95				
	124	1	0.0	0.0	0.0	0.0	1	1.0226521515112694	5.642549337342143	230.0	16	1.05	0.95				
	201	2	42.02361090947369	8.560365185263159	0.0	0.0	2	1.025856036248342	-5.830912503186286	138.0	21	1.05	0.95				
	202	2	37.743428316842106	7.782150168421054	0.0	0.0	2	1.026660980676656	-5.6602515235839945	138.0	22	1.05	0.95				
	203	1	70.03935151578948	14.396977811578948	0.0	0.0	2	1.0171108430867022	-5.731538426780289	138.0	21	1.05	0.95				
	204	1	28.793955623157895	5.836612626315789	0.0	0.0	2	1.0186486371222705	-7.2322727026368785	138.0	21	1.05	0.95				
	205	1	27.626633097894736	5.447505117894737	0.0	0.0	2	1.0332885839309065	-7.420739554542324	138.0	21	1.05	0.95				
	206	1	52.91862114526316	10.895010235789474	0.0	-100.0	2	1.0457649062750427	-8.673234631175953	138.0	22	1.05	0.95				
	207	2	48.63843855263158	9.727687710526316	0.0	0.0	2	0.9940801340463818	-14.266071318469011	138.0	22	1.05	0.95				
	208	1	66.53738394	13.618762794736842	0.0	0.0	2	1.0010430143736595	-12.537701020497167	138.0	22	1.05	0.95				
	209	1	68.09381397368422	14.007870303157894	0.0	0.0	2	1.0227314390993025	-6.916370550565398	138.0	23	1.05	0.95				
	210	1	75.87596414210526	15.564300336842107	0.0	0.0	2	1.05	-7.782487575801456	138.0	23	1.05	0.95				
	211	1	0.0	0.0	0.0	0.0	2	1.0022657507589234	-4.488366878099516	230.0	23	1.05	0.95				
	212	1	0.0	0.0	0.0	0.0	2	1.0060443369562229	-3.6004500561193997	230.0	23	1.05	0.95				
	213	2	103.11348973157894	21.011805454736844	0.0	0.0	2	0.995746136589312	-3.2266732297124188	230.0	24	1.05	0.95				
	214	2	75.48685663368421	15.175192828421052	0.0	0.0	2	0.9995444523641752	-2.586647731402009	230.0	26	1.05	0.95				
	215	2	123.34708016947368	24.902880538947368	0.0	0.0	2	1.0185883639584146	2.2752478326103702	230.0	26	1.05	0.95				
	216	2	38.910750842105266	7.782150168421054	0.0	0.0	2	1.019488005762972	2.453282728127154	230.0	26	1.05	0.95				
	217	1	0.0	0.0	0.0	0.0	2	1.0251092848385208	3.8919989306043234	230.0	27	1.05	0.95				
	218	2	129.57280030421052	26.45931057263158	0.0	0.0	2	1.0242770738447313	3.378366713393076	230.0	27	1.05	0.95				
	219	1	70.42845902421053	14.396977811578948	0.0	0.0	2	1.019886847967325	2.674835740031029	230.0	25	1.05	0.95				
	220	1	49.805761077894736	10.116795218947368	0.0	0.0	2	1.0227225692346342	3.6362153160809436	230.0	25	1.05	0.95				
	221	2	0.0	0.0	0.0	0.0	2	1.0260135646809776	3.8189329570115613	230.0	27	1.05	0.95				
	222	2	0.0	0.0	0.0	0.0	2	1.0480632032267494	10.362109759304825	230.0	27	1.05	0.95				
	223	2	0.0	0.0	0.0	0.0	2	1.0249431892724092	4.464307610606394	230.0	25	1.05	0.95				
	224	1	0.0	0.0	0.0	0.0	2	1.008021549409708	-0.7489237025088059	230.0	26	1.05	0.95				
	301	2	42.605504602105256	8.678899085614034	0.0	0.0	3	1.011530393664568	-9.068617010395773	138.0	31	1.05	0.95				
	302	2	38.266055059298246	7.889908259649123	0.0	0.0	3	1.0113150470289956	-9.28356234705191	138.0	32	1.05	0.95				
	303	1	71.0091743368421	14.596330280350875	0.0	0.0	3	1.0372133789250333	-0.5286669414741023	138.0	31	1.05	0.95				
	304	1	29.19266056070175	5.917431194736841	0.0	0.0	3	1.0126177700361396	-8.214637512014125	138.0	31	1.05	0.95				
	305	1	28.009174321754383	5.522935781754386	0.0	0.0	3	1.0259810664369142	-9.36029614252708	138.0	31	1.05	0.95				
	306	1	53.65137616561404	11.045871563508772	0.0	-100.0	3	1.0422493831121538	-10.010581182380168	138.0	32	1.05	0.95				
	307	2	49.311926622807015	9.862385324561403	0.0	0.0	3	0.9937429480200196	-14.053875128448182	138.0	32	1.05	0.95				
	308	1	67.45871561999999	13.807339454385964	0.0	0.0	3	1.00111086282792	-12.305626532672019	138.0	32	1.05	0.95				
	309	1	69.03669727192981	14.201834867368419	0.0	0.0	3	1.0253966987384031	-5.716114818615194	138.0	33	1.05	0.95				
	310	1	76.92660553157894	15.779816519298246	0.0	0.0	3	1.05	-8.379659590191965	138.0	33	1.05	0.95				
	311	1	0.0	0.0	0.0	0.0	3	1.0049427217486813	-3.9176413316812275	230.0	33	1.05	0.95				
	312	1	0.0	0.0	0.0	0.0	3	1.010312553683801	-3.327110821444552	230.0	33	1.05	0.95				
	313	2	104.54128444035086	21.302752301052628	0.0	0.0	3	1.007444943221113	-0.822023412586549	230.0	34	1.05	0.95				
	314	2	76.53211011859649	15.38532110631579	0.0	0.0	3	0.9974459818015392	-3.3620289347789023	230.0	36	1.05	0.95				
	315	2	125.05504591543858	25.247706430877194	0.0	0.0	3	1.0217631488196484	-0.5653044758917073	230.0	36	1.05	0.95				
	316	2	39.44954129824561	7.889908259649123	0.0	0.0	3	1.0193838738681786	-0.20022983802968883	230.0	36	1.05	0.95				
	317	1	0.0	0.0	0.0	0.0	3	1.02438529696719	0.5993179037442438	230.0	37	1.05	0.95				
	318	2	131.36697252315787	26.82568808280702	0.0	0.0	3	1.0234777856156518	0.38339999447077294	230.0	37	1.05	0.95				
	319	1	71.40366974982456	14.596330280350875	0.0	0.0	3	1.015873054939183	-0.5756694238529175	230.0	35	1.05	0.95				
	320	1	50.49541286175439	10.25688073754386	0.0	0.0	3	1.015351794537179	-0.11571492494889027	230.0	35	1.05	0.95				
	321	2	0.0	0.0	0.0	0.0	3	1.0249251964898072	0.6061492535300829	230.0	37	1.05	0.95				
	322	2	0.0	0.0	0.0	0.0	3	1.0381090474101913	5.010127709186756	230.0	37	1.05	0.95				
	323	2	0.0	0.0	0.0	0.0	3	1.015598638693609	0.44901707991285034	230.0	35	1.05	0.95				
	324	1	0.0	0.0	0.0	0.0	3	1.0236238853672093	-0.5606586760115612	230.0	36	1.05	0.95				
	325	1	0.0	0.0	0.0	0.0	3	1.0154657947193546	1.386789930263445	230.0	35	1.05	0.95				
];
