%% MATPOWER Case Format : Version 2
function mpc = RTS_GMLC
mpc.version = '2';

%%-----  Power Flow Data  -----%%
%% system MVA base
mpc.baseMVA = 100.0;
%% bus data
%    bus_i    type    Pd    Qd    Gs    Bs    area    Vm    Va    baseKV    zone    Vmax    Vmin
mpc.bus = [
	101	2	37.460663037473694	7.630875803929825	0.0	0.0	1	1.0094336428829798	-0.21859369616188168	138.0	11	1.05	0.95				
	102	2	33.645225135508774	6.937159821754387	0.0	0.0	1	1.007459129434619	-0.794896592556838	138.0	12	1.05	0.95				
	103	1	62.434438395789485	12.833745670245614	0.0	0.0	1	1.0277335799320422	2.6052814004771854	138.0	11	1.05	0.95				
	104	1	25.667491340491228	5.2028698663157895	0.0	0.0	1	1.0118545942186767	-2.0773120128894518	138.0	11	1.05	0.95				
	105	1	24.626917367228067	4.856011875228071	0.0	0.0	1	1.0253044609547468	-2.231715982210092	138.0	11	1.05	0.95				
	106	1	47.17268678792983	9.712023750456142	0.0	-100.0	1	1.0422289377651333	-3.848015883863427	138.0	12	1.05	0.95				
	107	2	43.357248885964914	8.671449777192983	0.0	0.0	1	0.9831399362398837	-9.917781811032063	138.0	12	1.05	0.95				
	108	1	59.312716476000006	12.140029688070175	0.0	0.0	1	0.9959839968803846	-7.779576601492608	138.0	12	1.05	0.95				
	109	1	60.70014844035087	12.486887679157894	0.0	0.0	1	1.0246253559176788	-1.6647488487333868	138.0	13	1.05	0.95				
	110	1	67.63730826210526	13.874319643508773	0.0	0.0	1	1.05	-3.114262755019591	138.0	13	1.05	0.95				
	111	1	0.0	0.0	0.0	0.0	1	1.0128573675195853	0.7392738479616798	230.0	13	1.05	0.95				
	112	1	0.0	0.0	0.0	0.0	1	1.0103869754434225	-0.49440953529715925	230.0	13	1.05	0.95				
	113	3	91.91736763824562	18.730331518736847	0.0	0.0	1	0.9885840964510956	1.2691844270108196e-29	230.0	14	1.05	0.95				
	114	2	67.29045027101755	13.527461652421053	0.0	0.0	1	1.0374148348060552	4.471044653570646	230.0	16	1.05	0.95				
	115	2	109.95398317480702	22.198911429614036	0.0	0.0	1	1.0425745047619759	13.77955943070267	230.0	16	1.05	0.95				
	116	2	34.68579910877193	6.937159821754387	0.0	0.0	1	1.0414848917028752	11.9382617370912	230.0	16	1.05	0.95				
	117	1	0.0	0.0	0.0	0.0	1	1.0410128350958912	17.901167720662528	230.0	17	1.05	0.95				
	118	2	115.50371103221053	23.586343393964913	0.0	0.0	1	1.04999997932364	18.485392364857834	230.0	17	1.05	0.95				
	119	1	62.781296386877194	12.833745670245614	0.0	0.0	1	1.036767146910025	7.587690303016019	230.0	15	1.05	0.95				
	120	1	44.39782285922807	9.018307768280701	0.0	0.0	1	1.038944842948458	4.465831308010775	230.0	15	1.05	0.95				
	121	2	0.0	0.0	0.0	0.0	1	1.043471630241236	19.927515982499717	230.0	17	1.05	0.95				
	122	2	0.0	0.0	0.0	0.0	1	1.05	37.88695107983422	230.0	17	1.05	0.95				
	123	2	0.0	0.0	0.0	0.0	1	1.0410992559377505	3.015591509165617	230.0	15	1.05	0.95				
	124	1	0.0	0.0	0.0	0.0	1	1.0230425443726523	9.610315680036342	230.0	16	1.05	0.95				
	201	2	39.40563512842105	8.027073822456138	0.0	0.0	2	1.013677141236012	-16.597198311325958	138.0	21	1.05	0.95				
	202	2	35.39209821719298	7.297339838596491	0.0	0.0	2	1.0128302286816797	-16.901575515478683	138.0	22	1.05	0.95				
	203	1	65.67605854736843	13.500078701403506	0.0	0.0	2	1.0116166993460285	-12.060663855899167	138.0	21	1.05	0.95				
	204	1	27.000157402807012	5.473004878947368	0.0	0.0	2	1.0119538929819007	-16.693787827615896	138.0	21	1.05	0.95				
	205	1	25.90555642701754	5.108137887017543	0.0	0.0	2	1.0275226043469257	-17.1679797885138	138.0	21	1.05	0.95				
	206	1	49.62191090245614	10.216275774035086	0.0	-100.0	2	1.0434379274851728	-17.965841182841938	138.0	22	1.05	0.95				
	207	2	45.60837399122807	9.121674798245612	0.0	0.0	2	0.9962656117014146	-22.25962456496714	138.0	22	1.05	0.95				
	208	1	62.39225561999999	12.770344717543857	0.0	0.0	2	1.0029081919161313	-20.64787740715357	138.0	22	1.05	0.95				
	209	1	63.85172358771929	13.135211709473682	0.0	0.0	2	1.021252130587029	-15.002427482683316	138.0	23	1.05	0.95				
	210	1	71.14906342631578	14.594679677192982	0.0	0.0	2	1.05	-16.562104099430414	138.0	23	1.05	0.95				
	211	1	0.0	0.0	0.0	0.0	2	1.0051257553760427	-12.346741011521718	230.0	23	1.05	0.95				
	212	1	0.0	0.0	0.0	0.0	2	1.006023691066649	-12.140829841725315	230.0	23	1.05	0.95				
	213	2	96.6897528614035	19.702817564210527	0.0	0.0	2	0.9972455582277061	-11.572637400935527	230.0	24	1.05	0.95				
	214	2	70.78419643438596	14.229812685263157	0.0	0.0	2	1.00931123736647	-9.482965064968976	230.0	26	1.05	0.95				
	215	2	115.66283644175437	23.35148748350877	0.0	0.0	2	1.0235329056123728	-2.5058282872025974	230.0	26	1.05	0.95				
	216	2	36.48669919298245	7.297339838596491	0.0	0.0	2	1.0259169803585275	-3.2297433696563185	230.0	26	1.05	0.95				
	217	1	0.0	0.0	0.0	0.0	2	1.0329945599261996	-1.011923570743842	230.0	27	1.05	0.95				
	218	2	121.50070831263157	24.81095545122807	0.0	0.0	2	1.031838650151745	-1.4500747010180195	230.0	27	1.05	0.95				
	219	1	66.04092553929824	13.500078701403506	0.0	0.0	2	1.0223665225330365	-4.443567934960966	230.0	25	1.05	0.95				
	220	1	46.70297496701754	9.486541790175437	0.0	0.0	2	1.0216579500606229	-4.782095951228101	230.0	25	1.05	0.95				
	221	2	0.0	0.0	0.0	0.0	2	1.0320707459293494	-1.002844046078247	230.0	27	1.05	0.95				
	222	2	0.0	0.0	0.0	0.0	2	1.05	5.488606990371981	230.0	27	1.05	0.95				
	223	2	0.0	0.0	0.0	0.0	2	1.0214992289171128	-4.683145716540942	230.0	25	1.05	0.95				
	224	1	0.0	0.0	0.0	0.0	2	1.0073047941076965	-6.077547772545282	230.0	26	1.05	0.95				
	301	2	54.47832965052633	11.09743752140351	0.0	0.0	3	1.011862297766961	-3.614688095752874	138.0	31	1.05	0.95				
	302	2	48.92961088982456	10.088579564912282	0.0	0.0	3	1.0109860303918086	-3.7832965550231887	138.0	32	1.05	0.95				
	303	1	90.79721608421053	18.66387219508772	0.0	0.0	3	1.040089622696852	5.524929104491479	138.0	31	1.05	0.95				
	304	1	37.32774439017544	7.566434673684211	0.0	0.0	3	1.0126885223272541	-1.5724077811055217	138.0	31	1.05	0.95				
	305	1	35.8144574554386	7.0620056954385975	0.0	0.0	3	1.024541459556905	-3.7782690907026764	138.0	31	1.05	0.95				
	306	1	68.60234104140352	14.124011390877195	0.0	-100.0	3	1.0389871143515925	-4.43446267380148	138.0	32	1.05	0.95				
	307	2	63.05362228070176	12.610724456140352	0.0	0.0	3	0.9939525701492652	-9.190887853631033	138.0	32	1.05	0.95				
	308	1	86.25735528	17.655014238596493	0.0	0.0	3	0.997691734821316	-6.858942880791767	138.0	32	1.05	0.95				
	309	1	88.27507119298245	18.159443216842106	0.0	0.0	3	1.0314671499646597	2.268917101058495	138.0	33	1.05	0.95				
	310	1	98.36365075789473	20.177159129824563	0.0	0.0	3	1.05	-2.320821613744649	138.0	33	1.05	0.95				
	311	1	0.0	0.0	0.0	0.0	3	1.0122284819679295	3.3951131267374697	230.0	33	1.05	0.95				
	312	1	0.0	0.0	0.0	0.0	3	1.0139120429234636	3.8984284427873033	230.0	33	1.05	0.95				
	313	2	133.67367923508772	27.239164825263163	0.0	0.0	3	1.0115880529114643	6.2751624612885	230.0	34	1.05	0.95				
	314	2	97.85922177964912	19.67273015157895	0.0	0.0	3	1.0131035771385424	4.403584788011061	230.0	36	1.05	0.95				
	315	2	159.90398610385967	32.2834546077193	0.0	0.0	3	1.0392473221255896	8.495002761191277	230.0	36	1.05	0.95				
	316	2	50.442897824561406	10.088579564912282	0.0	0.0	3	1.0374047642492368	8.861343710955243	230.0	36	1.05	0.95				
	317	1	0.0	0.0	0.0	0.0	3	1.05	13.96430090075109	230.0	37	1.05	0.95				
	318	2	167.97484975578948	34.30117052070176	0.0	0.0	3	1.0449534158774099	10.638658715737225	230.0	37	1.05	0.95				
	319	1	91.30164506245615	18.66387219508772	0.0	0.0	3	1.0283428530607153	7.849755003934065	230.0	35	1.05	0.95				
	320	1	64.5669092154386	13.115153434385965	0.0	0.0	3	1.0243338998640008	7.940555297756954	230.0	35	1.05	0.95				
	321	2	0.0	0.0	0.0	0.0	3	1.044394891707534	10.596737297178235	230.0	37	1.05	0.95				
	322	2	0.0	0.0	0.0	0.0	3	1.05	16.260300463052808	230.0	37	1.05	0.95				
	323	2	0.0	0.0	0.0	0.0	3	1.0230672025691947	8.380864315637291	230.0	35	1.05	0.95				
	324	1	0.0	0.0	0.0	0.0	3	1.0337633953988512	7.376454043707264	230.0	36	1.05	0.95				
	325	1	0.0	0.0	0.0	0.0	3	1.0220305529413054	9.36245929983822	230.0	35	1.05	0.95				
];
