%% MATPOWER Case Format : Version 2
function mpc = RTS_GMLC
mpc.version = '2';

%%-----  Power Flow Data  -----%%
%% system MVA base
mpc.baseMVA = 100.0;
%% bus data
%    bus_i    type    Pd    Qd    Gs    Bs    area    Vm    Va    baseKV    zone    Vmax    Vmin
mpc.bus = [
	101	2	44.43443840842106	9.051459675789474	0.0	0.0	1	1.0157158228413576	-3.1300806736662214	138.0	11	1.05	0.95				
	102	2	39.908708570526315	8.228599705263157	0.0	0.0	1	1.0154911855050068	-3.3886003676137366	138.0	12	1.05	0.95				
	103	1	74.05739734736842	15.222909454736842	0.0	0.0	1	1.0096741916400818	2.090938887468291	138.0	11	1.05	0.95				
	104	1	30.445818909473683	6.171449778947368	0.0	0.0	1	1.0071066954175303	-3.538070597051211	138.0	11	1.05	0.95				
	105	1	29.21152895368421	5.760019793684211	0.0	0.0	1	1.0205164640581064	-4.704037090311754	138.0	11	1.05	0.95				
	106	1	55.954477995789475	11.520039587368421	0.0	-100.0	1	1.0310318544294894	-6.078189577280237	138.0	12	1.05	0.95				
	107	2	51.42874815789473	10.285749631578947	0.0	0.0	1	0.9881245084233216	-12.771843310665648	138.0	12	1.05	0.95				
	108	1	70.35452748	14.400049484210525	0.0	0.0	1	0.9891831772334994	-10.331271792701306	138.0	12	1.05	0.95				
	109	1	72.00024742105263	14.811479469473685	0.0	0.0	1	1.0070729891352401	-2.909611493994879	138.0	13	1.05	0.95				
	110	1	80.22884712631578	16.457199410526314	0.0	0.0	1	1.0352675590427691	-4.951503376190213	138.0	13	1.05	0.95				
	111	1	0.0	0.0	0.0	0.0	1	0.9890725648383165	-0.11609016108451882	230.0	13	1.05	0.95				
	112	1	0.0	0.0	0.0	0.0	1	0.9887112363078111	-1.2748839479041891	230.0	13	1.05	0.95				
	113	3	109.02894609473684	22.21721920421053	0.0	0.0	1	0.9688242867271109	-1.1610488833052293e-30	230.0	14	1.05	0.95				
	114	2	79.81741714105263	16.045769425263156	0.0	0.0	1	1.0040469245948533	3.682716653419978	230.0	16	1.05	0.95				
	115	2	130.42330532842104	26.331519056842108	0.0	0.0	1	1.0065524038283502	13.66810426773155	230.0	16	1.05	0.95				
	116	2	41.142998526315786	8.228599705263157	0.0	0.0	1	1.004008317905982	11.834745044860377	230.0	16	1.05	0.95				
	117	1	0.0	0.0	0.0	0.0	1	1.0078898825622187	18.156380357703746	230.0	17	1.05	0.95				
	118	2	137.0061850926316	27.977238997894737	0.0	0.0	1	1.0188189668748688	18.809805234760084	230.0	17	1.05	0.95				
	119	1	74.46882733263158	15.222909454736842	0.0	0.0	1	1.0006326480806698	7.504632946922353	230.0	15	1.05	0.95				
	120	1	52.663038113684216	10.697179616842105	0.0	0.0	1	1.0040361141695053	4.13126607741514	230.0	15	1.05	0.95				
	121	2	0.0	0.0	0.0	0.0	1	1.0187610396417834	20.157968942584088	230.0	17	1.05	0.95				
	122	2	0.0	0.0	0.0	0.0	1	1.025145120895907	38.77662699692495	230.0	17	1.05	0.95				
	123	2	0.0	0.0	0.0	0.0	1	1.0073899749437134	2.614984841313366	230.0	15	1.05	0.95				
	124	1	0.0	0.0	0.0	0.0	1	0.9936941829274039	9.27398072576904	230.0	16	1.05	0.95				
	201	2	43.75759482947369	8.913584131929825	0.0	0.0	2	1.011919648619063	-19.408384422764165	138.0	21	1.05	0.95				
	202	2	39.30080276350878	8.103258301754387	0.0	0.0	2	1.0108720658914245	-19.703947719456497	138.0	22	1.05	0.95				
	203	1	72.92932471578948	14.991027858245614	0.0	0.0	2	0.996236277644258	-14.1381305778782	138.0	21	1.05	0.95				
	204	1	29.982055716491228	6.07744372631579	0.0	0.0	2	0.9988924763569691	-19.109881895799532	138.0	21	1.05	0.95				
	205	1	28.766566971228073	5.672280811228071	0.0	0.0	2	1.0162352566926818	-19.670588826907426	138.0	21	1.05	0.95				
	206	1	55.102156451929844	11.344561622456142	0.0	-100.0	2	1.0264367145147888	-20.343222147924468	138.0	22	1.05	0.95				
	207	2	50.64536438596492	10.129072877192984	0.0	0.0	2	0.9730379330646701	-25.306838405033325	138.0	22	1.05	0.95				
	208	1	69.28285848000002	14.180702028070177	0.0	0.0	2	0.9790145037431507	-23.403990949253657	138.0	22	1.05	0.95				
	209	1	70.90351014035089	14.585864943157894	0.0	0.0	2	1.0010964256475945	-16.87782902661595	138.0	23	1.05	0.95				
	210	1	79.00676844210527	16.206516603508774	0.0	0.0	2	1.030208463990089	-18.593375332972148	138.0	23	1.05	0.95				
	211	1	0.0	0.0	0.0	0.0	2	0.9860728406131253	-13.767597588870808	230.0	23	1.05	0.95				
	212	1	0.0	0.0	0.0	0.0	2	0.9790144000140796	-13.055559876842853	230.0	23	1.05	0.95				
	213	2	107.36817249824561	21.878797414736844	0.0	0.0	2	0.9801402043469072	-12.37035034206892	230.0	24	1.05	0.95				
	214	2	78.60160552701755	15.801353688421054	0.0	0.0	2	0.9906600062808699	-10.916304973982852	230.0	26	1.05	0.95				
	215	2	128.43664408280705	25.93042656561404	0.0	0.0	2	0.9937066339298843	-3.053600922758296	230.0	26	1.05	0.95				
	216	2	40.516291508771936	8.103258301754387	0.0	0.0	2	0.991385539380494	-4.134608970357098	230.0	26	1.05	0.95				
	217	1	0.0	0.0	0.0	0.0	2	1.0035411923037574	-1.9047764014856219	230.0	27	1.05	0.95				
	218	2	134.91925072421054	27.551078225964922	0.0	0.0	2	1.0053408784934599	-2.4103743150825827	230.0	27	1.05	0.95				
	219	1	73.33448763087719	14.991027858245614	0.0	0.0	2	0.98029709265184	-4.386413169293811	230.0	25	1.05	0.95				
	220	1	51.86085313122808	10.534235792280704	0.0	0.0	2	0.973573494192493	-3.738723521146072	230.0	25	1.05	0.95				
	221	2	0.0	0.0	0.0	0.0	2	1.0073722438752888	-1.868569441690054	230.0	27	1.05	0.95				
	222	2	0.0	0.0	0.0	0.0	2	1.0257621685777198	4.370198581690946	230.0	27	1.05	0.95				
	223	2	0.0	0.0	0.0	0.0	2	0.9706553292568232	-3.0286061513111298	230.0	25	1.05	0.95				
	224	1	0.0	0.0	0.0	0.0	2	0.9814232243064267	-7.2587578913287905	230.0	26	1.05	0.95				
	301	2	63.839924071578956	13.004428977543862	0.0	0.0	3	1.0042749285553336	27.340672076489888	138.0	31	1.05	0.95				
	302	2	57.337709582807015	11.822208161403509	0.0	0.0	3	1.0046278468376573	27.057292401800353	138.0	32	1.05	0.95				
	303	1	106.39987345263158	21.87108509859649	0.0	0.0	3	1.0150807725060347	39.712548394295425	138.0	31	1.05	0.95				
	304	1	43.74217019719298	8.866656121052632	0.0	0.0	3	0.9959375295722545	29.13926960674372	138.0	31	1.05	0.95				
	305	1	41.968838972982454	8.275545712982456	0.0	0.0	3	1.012070194397887	27.327243544170454	138.0	31	1.05	0.95				
	306	1	80.39101549754388	16.551091425964913	0.0	-100.0	3	1.0233925779564617	26.64528788191115	138.0	32	1.05	0.95				
	307	2	73.88880100877194	14.777760201754386	0.0	0.0	3	0.9664789769463564	23.08921272639403	138.0	32	1.05	0.95				
	308	1	101.07987978	20.68886428245614	0.0	0.0	3	0.9778696451867941	25.853186219652212	138.0	32	1.05	0.95				
	309	1	103.4443214122807	21.279974690526316	0.0	0.0	3	1.0099787305552215	33.340571741823084	138.0	33	1.05	0.95				
	310	1	115.26652957368422	23.644416322807018	0.0	0.0	3	1.035373596668773	29.258661114954542	138.0	33	1.05	0.95				
	311	1	0.0	0.0	0.0	0.0	3	0.9950003627110486	34.269740978715284	230.0	33	1.05	0.95				
	312	1	0.0	0.0	0.0	0.0	3	1.0037991730917528	34.760677133938174	230.0	33	1.05	0.95				
	313	2	156.64425813859648	31.919962035789478	0.0	0.0	3	1.0070044144108121	38.68926299904993	230.0	34	1.05	0.95				
	314	2	114.67541916561403	23.053305914736843	0.0	0.0	3	0.9853857476689513	33.42702400638204	230.0	36	1.05	0.95				
	315	2	187.38199935824562	37.83106611649123	0.0	0.0	3	0.9839083589134796	30.079844871103305	230.0	36	1.05	0.95				
	316	2	59.111040807017545	11.822208161403509	0.0	0.0	3	0.9785083474971281	30.773585208460286	230.0	36	1.05	0.95				
	317	1	0.0	0.0	0.0	0.0	3	0.9846264746956274	32.045626312684995	230.0	37	1.05	0.95				
	318	2	196.83976588736843	40.19550774877194	0.0	0.0	3	0.9749198106876805	27.911052263370184	230.0	37	1.05	0.95				
	319	1	106.99098386070176	21.87108509859649	0.0	0.0	3	0.990807655188459	31.43182400083887	230.0	35	1.05	0.95				
	320	1	75.66213223298246	15.368870609824562	0.0	0.0	3	1.0032168483723083	31.712204218768015	230.0	35	1.05	0.95				
	321	2	0.0	0.0	0.0	0.0	3	0.9873398097885465	29.26045297903191	230.0	37	1.05	0.95				
	322	2	0.0	0.0	0.0	0.0	3	1.0066652818960493	34.29206912207626	230.0	37	1.05	0.95				
	323	2	0.0	0.0	0.0	0.0	3	1.0098918697003867	31.66685626082951	230.0	35	1.05	0.95				
	324	1	0.0	0.0	0.0	0.0	3	0.9952185407201074	35.53945070273694	230.0	36	1.05	0.95				
