%% MATPOWER Case Format : Version 2
function mpc = RTS_GMLC
mpc.version = '2';

%%-----  Power Flow Data  -----%%
%% system MVA base
mpc.baseMVA = 100.0;
%% bus data
%    bus_i    type    Pd    Qd    Gs    Bs    area    Vm    Va    baseKV    zone    Vmax    Vmin
mpc.bus = [
	101	2	45.22266204631579	9.21202375017544	0.0	0.0	1	1.0352183471015497	2.353139956769232	138.0	11	1.05	0.95				
	102	2	40.616650171228066	8.374567045614036	0.0	0.0	1	1.0348232472374541	2.2326461850675594	138.0	12	1.05	0.95				
	103	1	75.37110341052632	15.492949034385964	0.0	0.0	1	1.0289647108198596	-0.5374261617651335	138.0	11	1.05	0.95				
	104	1	30.985898068771927	6.280925284210525	0.0	0.0	1	1.022395550067924	-1.145343558009535	138.0	11	1.05	0.95				
	105	1	29.729713011929825	5.862196931929825	0.0	0.0	1	1.0368053932762593	-0.8456629709621688	138.0	11	1.05	0.95				
	106	1	56.94705591017545	11.72439386385965	0.0	-100.0	1	1.0460234385035923	-3.0687539454902764	138.0	12	1.05	0.95				
	107	2	52.34104403508773	10.468208807017545	0.0	0.0	1	1.000149394903783	-7.590660685162214	138.0	12	1.05	0.95				
	108	1	71.60254823999999	14.65549232982456	0.0	0.0	1	1.0050585587740326	-6.744317087669565	138.0	12	1.05	0.95				
	109	1	73.27746164912281	15.074220682105263	0.0	0.0	1	1.0251578861845854	-2.219311262350759	138.0	13	1.05	0.95				
	110	1	81.65202869473684	16.749134091228072	0.0	0.0	1	1.05	-2.775313548464459	138.0	13	1.05	0.95				
	111	1	0.0	0.0	0.0	0.0	1	1.0034161246984974	-0.6542733599705128	230.0	13	1.05	0.95				
	112	1	0.0	0.0	0.0	0.0	1	1.0085539779387773	0.07671389082330317	230.0	13	1.05	0.95				
	113	3	110.96301335438596	22.611331023157895	0.0	0.0	1	0.9952257779812834	-1.3363153982486025e-27	230.0	14	1.05	0.95				
	114	2	81.23330034245613	16.33040573894737	0.0	0.0	1	0.9991859706831443	0.7465940782113033	230.0	16	1.05	0.95				
	115	2	132.73688767298245	26.798614545964917	0.0	0.0	1	1.0384329245961623	5.065948131866716	230.0	16	1.05	0.95				
	116	2	41.87283522807018	8.374567045614036	0.0	0.0	1	1.033781261917023	5.140808476656234	230.0	16	1.05	0.95				
	117	1	0.0	0.0	0.0	0.0	1	1.042429838048405	6.188080525579929	230.0	17	1.05	0.95				
	118	2	139.43654130947368	28.473527955087725	0.0	0.0	1	1.0451161601444088	5.829463247707936	230.0	17	1.05	0.95				
	119	1	75.78983176280703	15.492949034385964	0.0	0.0	1	1.0279497965732562	4.966921371042221	230.0	15	1.05	0.95				
	120	1	53.59722909192983	10.886937159298245	0.0	0.0	1	1.0256176283976424	5.631274693855927	230.0	15	1.05	0.95				
	121	2	0.0	0.0	0.0	0.0	1	1.05	6.449299597043828	230.0	17	1.05	0.95				
	122	2	0.0	0.0	0.0	0.0	1	1.05	13.12811546971061	230.0	17	1.05	0.95				
	123	2	0.0	0.0	0.0	0.0	1	1.0250153232678492	6.322530575522166	230.0	15	1.05	0.95				
	124	1	0.0	0.0	0.0	0.0	1	1.0269963043590489	2.9744908794265243	230.0	16	1.05	0.95				
	201	2	43.80859436210526	8.923972925614034	0.0	0.0	2	1.0270989156228534	-4.560346749906238	138.0	21	1.05	0.95				
	202	2	39.34660789929824	8.112702659649123	0.0	0.0	2	1.0274597032114863	-4.447704032389971	138.0	22	1.05	0.95				
	203	1	73.0143239368421	15.008499920350877	0.0	0.0	2	1.0192855373878518	-5.186534279377489	138.0	21	1.05	0.95				
	204	1	30.016999840701754	6.084526994736842	0.0	0.0	2	1.018789429181421	-6.739224543238214	138.0	21	1.05	0.95				
	205	1	28.800094441754382	5.678891861754386	0.0	0.0	2	1.0334444318076055	-6.809478546856772	138.0	21	1.05	0.95				
	206	1	55.166378085614035	11.357783723508772	0.0	-100.0	2	1.0451710339899416	-8.445018841690176	138.0	22	1.05	0.95				
	207	2	50.70439162280702	10.140878324561402	0.0	0.0	2	0.9880035399341626	-14.558561839134404	138.0	22	1.05	0.95				
	208	1	69.36360774	14.197229654385962	0.0	0.0	2	0.9969841873360539	-12.763407455859657	138.0	22	1.05	0.95				
	209	1	70.98614827192982	14.60286478736842	0.0	0.0	2	1.0232583599151386	-6.949716189980119	138.0	23	1.05	0.95				
	210	1	79.09885093157895	16.225405319298247	0.0	0.0	2	1.05	-7.789311935913739	138.0	23	1.05	0.95				
	211	1	0.0	0.0	0.0	0.0	2	1.0038988406005176	-4.523641942435887	230.0	23	1.05	0.95				
	212	1	0.0	0.0	0.0	0.0	2	1.0102569725223653	-4.225931611453561	230.0	23	1.05	0.95				
	213	2	107.49331024035087	21.90429718105263	0.0	0.0	2	0.9981758350230855	-3.9297155849928536	230.0	24	1.05	0.95				
	214	2	78.69321579859648	15.81977018631579	0.0	0.0	2	1.0019594188855834	-2.0698875509319823	230.0	26	1.05	0.95				
	215	2	128.5863371554386	25.960648510877192	0.0	0.0	2	1.0274510434480553	3.8729115722558043	230.0	26	1.05	0.95				
	216	2	40.56351329824561	8.112702659649123	0.0	0.0	2	1.0288964278357817	3.766772351510116	230.0	26	1.05	0.95				
	217	1	0.0	0.0	0.0	0.0	2	1.0345173712141569	6.317152563789036	230.0	27	1.05	0.95				
	218	2	135.07649928315791	27.583189042807017	0.0	0.0	2	1.0359985294332839	6.805314742817061	230.0	27	1.05	0.95				
	219	1	73.41995906982456	15.008499920350877	0.0	0.0	2	1.0294155542910692	2.56887450337699	230.0	25	1.05	0.95				
	220	1	51.921297021754384	10.54651345754386	0.0	0.0	2	1.032657590498596	2.3185777694726792	230.0	25	1.05	0.95				
	221	2	0.0	0.0	0.0	0.0	2	1.0359329742328056	6.587081801125601	230.0	27	1.05	0.95				
	222	2	0.0	0.0	0.0	0.0	2	1.05	12.97909928665353	230.0	27	1.05	0.95				
	223	2	0.0	0.0	0.0	0.0	2	1.034837801939677	2.4891375890951046	230.0	25	1.05	0.95				
	224	1	0.0	0.0	0.0	0.0	2	1.0131462765349553	0.47389743648530824	230.0	26	1.05	0.95				
	301	2	61.4482758568421	12.517241378245615	0.0	0.0	3	1.0087141214022377	-34.33918821424002	138.0	31	1.05	0.95				
	302	2	55.18965516771929	11.379310343859649	0.0	0.0	3	1.0079613183337646	-34.52362864563703	138.0	32	1.05	0.95				
	303	1	102.41379309473683	21.051724136140347	0.0	0.0	3	1.027347133840374	-25.753324095168008	138.0	31	1.05	0.95				
	304	1	42.103448272280694	8.534482757894736	0.0	0.0	3	1.0077143531707193	-32.67857697338809	138.0	31	1.05	0.95				
	305	1	40.396551720701744	7.965517240701754	0.0	0.0	3	1.0216951309689966	-33.7487557957797	138.0	31	1.05	0.95				
	306	1	77.37931033824562	15.931034481403508	0.0	-100.0	3	1.0362693162115033	-34.057859430076135	138.0	32	1.05	0.95				
	307	2	71.1206896491228	14.22413792982456	0.0	0.0	3	0.9915828512760465	-40.60242610527347	138.0	32	1.05	0.95				
	308	1	97.29310343999998	19.913793101754383	0.0	0.0	3	0.9926352973587727	-37.901523920855574	138.0	32	1.05	0.95				
	309	1	99.56896550877192	20.482758618947365	0.0	0.0	3	1.0270667537257065	-28.849744281721534	138.0	33	1.05	0.95				
	310	1	110.94827585263157	22.758620687719297	0.0	0.0	3	1.05	-31.331294922193216	138.0	33	1.05	0.95				
	311	1	0.0	0.0	0.0	0.0	3	1.0186040498622049	-23.954114373193722	230.0	33	1.05	0.95				
	312	1	0.0	0.0	0.0	0.0	3	1.0177885045038169	-23.443594350977403	230.0	33	1.05	0.95				
	313	2	150.77586205614034	30.72413792842105	0.0	0.0	3	1.0260201882883846	-20.35167704842983	230.0	34	1.05	0.95				
	314	2	110.37931033543857	22.189655170526315	0.0	0.0	3	1.0308152737631868	-21.037687748843187	230.0	36	1.05	0.95				
	315	2	180.36206895017543	36.41379310035087	0.0	0.0	3	1.0487768371607753	-13.816723236851324	230.0	36	1.05	0.95				
	316	2	56.89655171929824	11.379310343859649	0.0	0.0	3	1.0489946218044088	-13.51107610307067	230.0	36	1.05	0.95				
	317	1	0.0	0.0	0.0	0.0	3	1.05	-10.460200124057375	230.0	37	1.05	0.95				
	318	2	189.46551722526314	38.68965516912281	0.0	0.0	3	1.0488194592119144	-10.005108149900346	230.0	37	1.05	0.95				
	319	1	102.98275861192982	21.051724136140347	0.0	0.0	3	1.0459017526893286	-14.864542964097488	230.0	35	1.05	0.95				
	320	1	72.82758620070175	14.793103447017542	0.0	0.0	3	1.0478241330352933	-14.977904318961288	230.0	35	1.05	0.95				
	321	2	0.0	0.0	0.0	0.0	3	1.05	-9.79341779711661	230.0	37	1.05	0.95				
	322	2	0.0	0.0	0.0	0.0	3	1.05	-5.707966117999126	230.0	37	1.05	0.95				
	323	2	0.0	0.0	0.0	0.0	3	1.05	-14.624042763557581	230.0	35	1.05	0.95				
	324	1	0.0	0.0	0.0	0.0	3	1.025698365452611	-18.24439021534309	230.0	36	1.05	0.95				
	325	1	0.0	0.0	0.0	0.0	3	1.041863269029311	-12.918978963329701	230.0	35	1.05	0.95				
];
