%% MATPOWER Case Format : Version 2
function mpc = RTS_GMLC
mpc.version = '2';

%%-----  Power Flow Data  -----%%
%% system MVA base
mpc.baseMVA = 100.0;
%% bus data
%    bus_i    type    Pd    Qd    Gs    Bs    area    Vm    Va    baseKV    zone    Vmax    Vmin
mpc.bus = [
	101	2	73.83918853894738	15.04131618385965	0.0	0.0	1	1.0486095977314012	-0.21208713484406935	138.0	11	1.05	0.95				
	102	2	66.31853044701754	13.673923803508773	0.0	0.0	1	1.0474161422241386	-0.5974892234710614	138.0	12	1.05	0.95				
	103	1	123.06531423157895	25.296759036491228	0.0	0.0	1	1.0304059092563476	-1.256108868502865	138.0	11	1.05	0.95				
	104	1	50.593518072982455	10.255442852631578	0.0	0.0	1	1.0262314809404152	-3.878506704912711	138.0	11	1.05	0.95				
	105	1	48.54242950245614	9.571746662456142	0.0	0.0	1	1.0394865854863726	-4.3035149811615865	138.0	11	1.05	0.95				
	106	1	92.98268186385965	19.143493324912285	0.0	-100.0	1	1.0410001412768193	-7.305854016270429	138.0	12	1.05	0.95				
	107	2	85.46202377192982	17.092404754385964	0.0	0.0	1	1.0017919898257106	-14.239091920530573	138.0	12	1.05	0.95				
	108	1	116.91204851999998	23.92936665614035	0.0	0.0	1	0.9963173797799271	-12.742095609735841	138.0	12	1.05	0.95				
	109	1	119.64683328070176	24.61306284631579	0.0	0.0	1	1.0259940356749848	-4.90644665282592	138.0	13	1.05	0.95				
	110	1	133.32075708421053	27.347847607017545	0.0	0.0	1	1.05	-6.374810748316175	138.0	13	1.05	0.95				
	111	1	0.0	0.0	0.0	0.0	1	1.0137985043090902	-1.9640989138698992	230.0	13	1.05	0.95				
	112	1	0.0	0.0	0.0	0.0	1	1.015824909735953	-1.5007676161108006	230.0	13	1.05	0.95				
	113	3	181.17949039649122	36.91959426947369	0.0	0.0	1	1.0147326792319185	2.2248968747956155e-31	230.0	14	1.05	0.95				
	114	2	132.63706089403507	26.66415141684211	0.0	0.0	1	1.017209767553817	0.03549436911123387	230.0	16	1.05	0.95				
	115	2	216.73169228561403	43.75655617122807	0.0	0.0	1	1.044656673850658	7.88561468336519	230.0	16	1.05	0.95				
	116	2	68.36961901754385	13.673923803508773	0.0	0.0	1	1.041943202250328	6.9842171624172655	230.0	16	1.05	0.95				
	117	1	0.0	0.0	0.0	0.0	1	1.0456193338717374	10.141918685228623	230.0	17	1.05	0.95				
	118	2	227.6708313284211	46.49134093192983	0.0	0.0	1	1.0477964278547178	10.749294760146825	230.0	17	1.05	0.95				
	119	1	123.74901042175439	25.296759036491228	0.0	0.0	1	1.0349056909909327	5.372383059081112	230.0	15	1.05	0.95				
	120	1	87.51311234245614	17.776100944561403	0.0	0.0	1	1.0339741739168968	4.817498996473831	230.0	15	1.05	0.95				
	121	2	0.0	0.0	0.0	0.0	1	1.05	12.43170976492996	230.0	17	1.05	0.95				
	122	2	0.0	0.0	0.0	0.0	1	1.05	18.398299920721612	230.0	17	1.05	0.95				
	123	2	0.0	0.0	0.0	0.0	1	1.0351264012023662	5.024387356335204	230.0	15	1.05	0.95				
	124	1	0.0	0.0	0.0	0.0	1	1.0277899606833052	4.476602450707728	230.0	16	1.05	0.95				
	201	2	71.50133796631579	14.56508736350877	0.0	0.0	2	1.029989486996522	-11.489381799165674	138.0	21	1.05	0.95				
	202	2	64.2187942845614	13.240988512280701	0.0	0.0	2	1.030650062309677	-11.392598143407811	138.0	22	1.05	0.95				
	203	1	119.1688966105263	24.495828747719294	0.0	0.0	2	1.0160824285879275	-10.780145986922374	138.0	21	1.05	0.95				
	204	1	48.99165749543859	9.930741384210524	0.0	0.0	2	1.0163887428214964	-12.595042817014699	138.0	21	1.05	0.95				
	205	1	47.00550921859649	9.268691958596492	0.0	0.0	2	1.0316762696265913	-12.852487865003607	138.0	21	1.05	0.95				
	206	1	90.03872188350877	18.537383917192983	0.0	-100.0	2	1.0389921584397475	-14.215292924658106	138.0	22	1.05	0.95				
	207	2	82.75617820175438	16.551235640350875	0.0	0.0	2	0.9794301305112313	-23.935865748531068	138.0	22	1.05	0.95				
	208	1	113.21045177999997	23.171729896491225	0.0	0.0	2	0.980636468632748	-20.710237506313014	138.0	22	1.05	0.95				
	209	1	115.85864948245612	23.833779322105258	0.0	0.0	2	1.0252571332518974	-10.883073997704955	138.0	23	1.05	0.95				
	210	1	129.09963799473684	26.481977024561402	0.0	0.0	2	1.05	-12.132236627798049	138.0	23	1.05	0.95				
	211	1	0.0	0.0	0.0	0.0	2	1.0187791455464004	-7.266395351727546	230.0	23	1.05	0.95				
	212	1	0.0	0.0	0.0	0.0	2	1.0206810954386816	-2.5204826120059494	230.0	23	1.05	0.95				
	213	2	175.44309778771927	35.750668983157894	0.0	0.0	2	1.023845384533035	-4.600976624820857	230.0	24	1.05	0.95				
	214	2	128.4375885691228	25.819927598947366	0.0	0.0	2	1.025966367478605	-5.387933501313622	230.0	26	1.05	0.95				
	215	2	209.8696679196491	42.37116323929824	0.0	0.0	2	1.0391311224452051	1.3629697986732763	230.0	26	1.05	0.95				
	216	2	66.2049425614035	13.240988512280701	0.0	0.0	2	1.0398422951509017	1.3328449745815218	230.0	26	1.05	0.95				
	217	1	0.0	0.0	0.0	0.0	2	1.04251872035305	3.5843305120562823	230.0	27	1.05	0.95				
	218	2	220.46245872947367	45.019360941754385	0.0	0.0	2	1.042824530484322	3.6695299037613593	230.0	27	1.05	0.95				
	219	1	119.83094603614035	24.495828747719294	0.0	0.0	2	1.0387201337098126	1.6031194461837925	230.0	25	1.05	0.95				
	220	1	84.74232647859648	17.21328506596491	0.0	0.0	2	1.0434495617826505	3.0869289550023646	230.0	25	1.05	0.95				
	221	2	0.0	0.0	0.0	0.0	2	1.0433400136182704	3.6692621618390233	230.0	27	1.05	0.95				
	222	2	0.0	0.0	0.0	0.0	2	1.05	10.141715684808686	230.0	27	1.05	0.95				
	223	2	0.0	0.0	0.0	0.0	2	1.0482312034297339	4.380873193028506	230.0	25	1.05	0.95				
	224	1	0.0	0.0	0.0	0.0	2	1.0153117971564276	-3.1339469778585762	230.0	26	1.05	0.95				
	301	2	65.92407464842105	13.428978169122807	0.0	0.0	3	0.9914238375471233	1.5994237485776799	138.0	31	1.05	0.95				
	302	2	59.20958556385965	12.208161971929826	0.0	0.0	3	0.9914168065739811	1.5736655370847097	138.0	32	1.05	0.95				
	303	1	109.87345774736843	22.585099648070177	0.0	0.0	3	1.0124745476194479	4.264347249087162	138.0	31	1.05	0.95				
	304	1	45.17019929614035	9.156121478947368	0.0	0.0	3	0.9991113541658846	3.718533628822876	138.0	31	1.05	0.95				
	305	1	43.33897500035088	8.545713380350877	0.0	0.0	3	1.0110597484609112	3.7040373394878716	138.0	31	1.05	0.95				
	306	1	83.01550140912282	17.091426760701754	0.0	-100.0	3	1.0304297867792644	4.1882755284520075	138.0	32	1.05	0.95				
	307	2	76.30101232456141	15.26020246491228	0.0	0.0	3	0.9894866700434866	0.3817818495547081	138.0	32	1.05	0.95				
	308	1	104.37978486000002	21.364283450877192	0.0	0.0	3	0.9999029026933424	3.124272463588211	138.0	32	1.05	0.95				
	309	1	106.82141725438596	21.974691549473686	0.0	0.0	3	1.0272886468685103	7.948114063700158	138.0	33	1.05	0.95				
	310	1	119.02957922631579	24.416323943859652	0.0	0.0	3	1.05	7.74488418853299	138.0	33	1.05	0.95				
	311	1	0.0	0.0	0.0	0.0	3	1.0188073096529475	14.089864388209564	230.0	33	1.05	0.95				
	312	1	0.0	0.0	0.0	0.0	3	1.0240845678203907	15.571511468627916	230.0	33	1.05	0.95				
	313	2	161.75814612807017	32.96203732421053	0.0	0.0	3	1.048199992799223	22.96025539816741	230.0	34	1.05	0.95				
	314	2	118.4191711277193	23.805915845263158	0.0	0.0	3	1.02079947880782	12.348837860673232	230.0	36	1.05	0.95				
	315	2	193.49936725508772	39.06611831017544	0.0	0.0	3	1.0346354625407064	7.009122613690579	230.0	36	1.05	0.95				
	316	2	61.04080985964912	12.208161971929826	0.0	0.0	3	1.0364890064081638	8.336891119221894	230.0	36	1.05	0.95				
	317	1	0.0	0.0	0.0	0.0	3	1.0397233834284083	7.548173439330398	230.0	37	1.05	0.95				
	318	2	203.2658968326316	41.50775070456141	0.0	0.0	3	1.0379983935184438	6.521558453745998	230.0	37	1.05	0.95				
	319	1	110.48386584596493	22.585099648070177	0.0	0.0	3	1.0368520168747406	11.33542632433808	230.0	35	1.05	0.95				
	320	1	78.13223662035088	15.870610563508771	0.0	0.0	3	1.0405028409320902	13.644147303524056	230.0	35	1.05	0.95				
	321	2	0.0	0.0	0.0	0.0	3	1.0385558842098226	7.243930265511236	230.0	37	1.05	0.95				
	322	2	0.0	0.0	0.0	0.0	3	1.05	11.677138594541349	230.0	37	1.05	0.95				
	323	2	0.0	0.0	0.0	0.0	3	1.0427290989511984	14.566165117451598	230.0	35	1.05	0.95				
	324	1	0.0	0.0	0.0	0.0	3	1.023171826045861	7.91345064933541	230.0	36	1.05	0.95				
	325	1	0.0	0.0	0.0	0.0	3	1.0445278360178334	14.389095791449684	230.0	35	1.05	0.95				
];
