%% MATPOWER Case Format : Version 2
function mpc = RTS_GMLC
mpc.version = '2';

%%-----  Power Flow Data  -----%%
%% system MVA base
mpc.baseMVA = 100.0;
%% bus data
%    bus_i    type    Pd    Qd    Gs    Bs    area    Vm    Va    baseKV    zone    Vmax    Vmin
mpc.bus = [
	101	2	57.099455696842114	11.63137060491228	0.0	0.0	1	1.035482935477855	2.8566694937989836	138.0	11	1.05	0.95				
	102	2	51.28377039438596	10.573973277192984	0.0	0.0	1	1.035533705764029	2.826617048019374	138.0	12	1.05	0.95				
	103	1	95.16575949473685	19.561850562807017	0.0	0.0	1	1.0265908128214056	0.528205574963982	138.0	11	1.05	0.95				
	104	1	39.12370112561403	7.930479957894737	0.0	0.0	1	1.020783004380419	-0.7344893086798171	138.0	11	1.05	0.95				
	105	1	37.53760513403508	7.401781294035088	0.0	0.0	1	1.0353696557284902	-0.5492872381740623	138.0	11	1.05	0.95				
	106	1	71.90301828491229	14.803562588070177	0.0	-100.0	1	1.0429361675227116	-2.9489171877803426	138.0	12	1.05	0.95				
	107	2	66.08733298245615	13.217466596491228	0.0	0.0	1	1.0311287541335847	-1.9269432498379313	138.0	12	1.05	0.95				
	108	1	90.40747152	18.50445323508772	0.0	0.0	1	1.0209546491752075	-3.5883249235092523	138.0	12	1.05	0.95				
	109	1	92.52226617543859	19.033151898947366	0.0	0.0	1	1.025586250681029	-1.519655144184157	138.0	13	1.05	0.95				
	110	1	103.09623945263158	21.147946554385967	0.0	0.0	1	1.05	-2.3455533062191565	138.0	13	1.05	0.95				
	111	1	0.0	0.0	0.0	0.0	1	1.0054923850072426	-0.028694429701088056	230.0	13	1.05	0.95				
	112	1	0.0	0.0	0.0	0.0	1	1.0105645431028054	0.47570348228205933	230.0	13	1.05	0.95				
	113	3	140.10514592280703	28.549727848421057	0.0	0.0	1	0.9984625120568534	1.4544108442973736e-30	230.0	14	1.05	0.95				
	114	2	102.56754078877192	20.619247890526317	0.0	0.0	1	1.0024664898028315	1.964696609239808	230.0	16	1.05	0.95				
	115	2	167.59747644350878	33.836714487017545	0.0	0.0	1	1.0405811369638136	8.285658910359343	230.0	16	1.05	0.95				
	116	2	52.86986638596491	10.573973277192984	0.0	0.0	1	1.0366374989817397	7.876030765661038	230.0	16	1.05	0.95				
	117	1	0.0	0.0	0.0	0.0	1	1.044273661006153	10.133408434589372	230.0	17	1.05	0.95				
	118	2	176.0566550652632	35.951509142456146	0.0	0.0	1	1.0473037149997715	10.42711640578077	230.0	17	1.05	0.95				
	119	1	95.69445815859649	19.561850562807017	0.0	0.0	1	1.030001222631762	6.700063814691703	230.0	15	1.05	0.95				
	120	1	67.67342897403509	13.746165260350878	0.0	0.0	1	1.0284297542230565	6.692628355146646	230.0	15	1.05	0.95				
	121	2	0.0	0.0	0.0	0.0	1	1.05	10.800924597821286	230.0	17	1.05	0.95				
	122	2	0.0	0.0	0.0	0.0	1	1.05	17.049949079412897	230.0	17	1.05	0.95				
	123	2	0.0	0.0	0.0	0.0	1	1.0285864070921926	7.09218408242628	230.0	15	1.05	0.95				
	124	1	0.0	0.0	0.0	0.0	1	1.0253619201849273	5.396097485122676	230.0	16	1.05	0.95				
	201	2	59.14245240000001	12.0475366	0.0	0.0	2	1.0326584022016416	-7.875094026441519	138.0	21	1.05	0.95				
	202	2	53.1186841	10.952306	0.0	0.0	2	1.0328274555244021	-7.946581893536421	138.0	22	1.05	0.95				
	203	1	98.57075400000001	20.2617661	0.0	0.0	2	1.0236840450101177	-6.209918366627316	138.0	21	1.05	0.95				
	204	1	40.5235322	8.2142295	0.0	0.0	2	1.018669394384654	-10.32846435286393	138.0	21	1.05	0.95				
	205	1	38.8806863	7.666614200000001	0.0	0.0	2	1.0341754493015458	-10.567324376065624	138.0	21	1.05	0.95				
	206	1	74.4756808	15.333228400000001	0.0	-100.0	2	1.0422728566669852	-12.600884843816281	138.0	22	1.05	0.95				
	207	2	68.4519125	13.6903825	0.0	0.0	2	0.9876153644990597	-20.895326676651006	138.0	22	1.05	0.95				
	208	1	93.6422163	19.166535500000002	0.0	0.0	2	0.9906362611868764	-18.31144306633545	138.0	22	1.05	0.95				
	209	1	95.8326775	19.7141508	0.0	0.0	2	1.0236687902421782	-10.054386242150494	138.0	23	1.05	0.95				
	210	1	106.78498350000001	21.904612	0.0	0.0	2	1.05	-11.566840998361291	138.0	23	1.05	0.95				
	211	1	0.0	0.0	0.0	0.0	2	1.0118345525676875	-7.203928723634389	230.0	23	1.05	0.95				
	212	1	0.0	0.0	0.0	0.0	2	1.013590026095184	-6.445073296030581	230.0	23	1.05	0.95				
	213	2	145.1180545	29.571226200000005	0.0	0.0	2	1.0096846494964868	-6.162172753977174	230.0	24	1.05	0.95				
	214	2	106.2373682	21.356996700000003	0.0	0.0	2	1.0170018830119443	-4.461305435522348	230.0	26	1.05	0.95				
	215	2	173.5940501	35.0473792	0.0	0.0	2	1.0326788771706454	2.829630340497604	230.0	26	1.05	0.95				
	216	2	54.76153	10.952306	0.0	0.0	2	1.0355871467446858	2.738294329979101	230.0	26	1.05	0.95				
	217	1	0.0	0.0	0.0	0.0	2	1.0391923162659256	5.67785595281556	230.0	27	1.05	0.95				
	218	2	182.3558949	37.2378404	0.0	0.0	2	1.0406894031855278	6.131253113331809	230.0	27	1.05	0.95				
	219	1	99.11836930000001	20.2617661	0.0	0.0	2	1.0359729333470262	1.9677189288902388	230.0	25	1.05	0.95				
	220	1	70.0947584	14.237997800000002	0.0	0.0	2	1.040552861795671	2.343513326475674	230.0	25	1.05	0.95				
	221	2	0.0	0.0	0.0	0.0	2	1.0403089935477587	5.788836185268858	230.0	27	1.05	0.95				
	222	2	0.0	0.0	0.0	0.0	2	1.05	12.247866167370796	230.0	27	1.05	0.95				
	223	2	0.0	0.0	0.0	0.0	2	1.0442276850695797	2.9536710591635877	230.0	25	1.05	0.95				
	224	1	0.0	0.0	0.0	0.0	2	1.0180285696472764	-0.5590923787780593	230.0	26	1.05	0.95				
	301	2	55.503321726315804	11.306232203508774	0.0	0.0	3	1.0077481754324193	-25.099904694880212	138.0	31	1.05	0.95				
	302	2	49.850205624561404	10.278392912280705	0.0	0.0	3	1.0071404643241681	-25.245603886768997	138.0	32	1.05	0.95				
	303	1	92.50553621052633	19.0150268877193	0.0	0.0	3	1.0244686919818244	-18.094682815501102	138.0	31	1.05	0.95				
	304	1	38.0300537754386	7.708794684210527	0.0	0.0	3	1.008409444539699	-23.554359143907018	138.0	31	1.05	0.95				
	305	1	36.48829483859649	7.194875038596493	0.0	0.0	3	1.0219970240330802	-24.443141830212724	138.0	31	1.05	0.95				
	306	1	69.89307180350879	14.389750077192986	0.0	-100.0	3	1.037702115304961	-24.665453703275787	138.0	32	1.05	0.95				
	307	2	64.2399557017544	12.847991140350878	0.0	0.0	3	0.99209933399173	-30.488255621282274	138.0	32	1.05	0.95				
	308	1	87.8802594	17.98718759649123	0.0	0.0	3	0.9953957741612924	-28.094231694127277	138.0	32	1.05	0.95				
	309	1	89.93593798245615	18.501107242105263	0.0	0.0	3	1.0265789580380382	-20.072791043606223	138.0	33	1.05	0.95				
	310	1	100.21433089473686	20.55678582456141	0.0	0.0	3	1.05	-22.135255851076682	138.0	33	1.05	0.95				
	311	1	0.0	0.0	0.0	0.0	3	1.01484348555356	-15.281165716437563	230.0	33	1.05	0.95				
	312	1	0.0	0.0	0.0	0.0	3	1.015053438563927	-14.873594423964219	230.0	33	1.05	0.95				
	313	2	136.1887060877193	27.751660863157902	0.0	0.0	3	1.0194774245985474	-11.751029358942388	230.0	34	1.05	0.95				
	314	2	99.70041124912281	20.04286617894737	0.0	0.0	3	1.0245070054671874	-12.555485244484078	230.0	36	1.05	0.95				
	315	2	162.91252765964913	32.89085731929825	0.0	0.0	3	1.046870590902128	-6.039296881709936	230.0	36	1.05	0.95				
	316	2	51.39196456140351	10.278392912280705	0.0	0.0	3	1.0463912751452924	-5.653914644441005	230.0	36	1.05	0.95				
	317	1	0.0	0.0	0.0	0.0	3	1.0493412398342292	-2.873396543889212	230.0	37	1.05	0.95				
	318	2	171.13524198947368	34.946535901754395	0.0	0.0	3	1.048416771819579	-2.8322859438056067	230.0	37	1.05	0.95				
	319	1	93.01945585614037	19.0150268877193	0.0	0.0	3	1.0419414832551837	-6.996680137711916	230.0	35	1.05	0.95				
	320	1	65.7817146385965	13.361910785964914	0.0	0.0	3	1.0420864394525517	-7.197252683636579	230.0	35	1.05	0.95				
	321	2	0.0	0.0	0.0	0.0	3	1.05	-2.3457462448768824	230.0	37	1.05	0.95				
	322	2	0.0	0.0	0.0	0.0	3	1.05	2.297077789157414	230.0	37	1.05	0.95				
	323	2	0.0	0.0	0.0	0.0	3	1.0430376646645	-6.925712602857277	230.0	35	1.05	0.95				
	324	1	0.0	0.0	0.0	0.0	3	1.0232974162271915	-10.50699467095706	230.0	36	1.05	0.95				
	325	1	0.0	0.0	0.0	0.0	3	1.0376123717668568	-5.467396593279582	230.0	35	1.05	0.95				
];

%% generator data
%    bus    Pg    Qg    Qmax    Qmin    Vg    mBase    status    Pmax    Pmin    Pc1    Pc2    Qc1min    Qc1max    Qc2min    Qc2max    ramp_agc    ramp_10    ramp_30    ramp_q    apf
