%% MATPOWER Case Format : Version 2
function mpc = RTS_GMLC
mpc.version = '2';

%%-----  Power Flow Data  -----%%
%% system MVA base
mpc.baseMVA = 100.0;
%% bus data
%    bus_i    type    Pd    Qd    Gs    Bs    area    Vm    Va    baseKV    zone    Vmax    Vmin
mpc.bus = [
	101	2	44.86194951157895	9.138545270877193	0.0	0.0	1	1.0183374199518034	-3.198416867807946	138.0	11	1.05	0.95				
	102	2	40.292676876140355	8.307768428070176	0.0	0.0	1	1.0174374650211457	-3.424501028848459	138.0	12	1.05	0.95				
	103	1	74.76991585263158	15.369371591929825	0.0	0.0	1	1.0328242010287285	0.4137784545347906	138.0	11	1.05	0.95				
	104	1	30.73874318385965	6.230826321052631	0.0	0.0	1	1.0184074407915449	-3.749391475541559	138.0	11	1.05	0.95				
	105	1	29.492577919649122	5.815437899649123	0.0	0.0	1	1.0290757155387442	-4.817021641424844	138.0	11	1.05	0.95				
	106	1	56.4928253108772	11.630875799298247	0.0	-100.0	1	1.0428388198834961	-6.197040362455252	138.0	12	1.05	0.95				
	107	2	51.9235526754386	10.38471053508772	0.0	0.0	1	1.0012319768979174	-10.379222119905316	138.0	12	1.05	0.95				
	108	1	71.03142006	14.538594749122808	0.0	0.0	1	1.0053964536840923	-9.06582448915396	138.0	12	1.05	0.95				
	109	1	72.69297374561404	14.953983170526316	0.0	0.0	1	1.025645809183831	-3.3426437526931307	138.0	13	1.05	0.95				
	110	1	81.00074217368422	16.615536856140352	0.0	0.0	1	1.05	-5.1088811184548355	138.0	13	1.05	0.95				
	111	1	0.0	0.0	0.0	0.0	1	1.005921489966172	-0.9703550445059034	230.0	13	1.05	0.95				
	112	1	0.0	0.0	0.0	0.0	1	1.009101390907781	-1.535876794527157	230.0	13	1.05	0.95				
	113	3	110.07793167192983	22.430974755789475	0.0	0.0	1	0.999329737953594	-6.282678603806842e-32	230.0	14	1.05	0.95				
	114	2	80.58535375228071	16.200148434736843	0.0	0.0	1	1.006975932466415	1.5616463242227052	230.0	16	1.05	0.95				
	115	2	131.67812958491228	26.584858969824566	0.0	0.0	1	1.0416519909932362	8.949524514362396	230.0	16	1.05	0.95				
	116	2	41.53884214035088	8.307768428070176	0.0	0.0	1	1.037011446250975	7.529586430447028	230.0	16	1.05	0.95				
	117	1	0.0	0.0	0.0	0.0	1	1.0436842189891016	11.61572073622045	230.0	17	1.05	0.95				
	118	2	138.3243443273684	28.2464126554386	0.0	0.0	1	1.0481253892042064	12.72683889689232	230.0	17	1.05	0.95				
	119	1	75.18530427403509	15.369371591929825	0.0	0.0	1	1.0257322460402643	4.804203472355984	230.0	15	1.05	0.95				
	120	1	53.16971793964913	10.80009895649123	0.0	0.0	1	1.0193323293852083	2.6861499263369364	230.0	15	1.05	0.95				
	121	2	0.0	0.0	0.0	0.0	1	1.05	14.239840116111946	230.0	17	1.05	0.95				
	122	2	0.0	0.0	0.0	0.0	1	1.05	19.722325581442863	230.0	17	1.05	0.95				
	123	2	0.0	0.0	0.0	0.0	1	1.0165732807296357	1.8368428588490309	230.0	15	1.05	0.95				
	124	1	0.0	0.0	0.0	0.0	1	1.0275287913309663	5.749817633617963	230.0	16	1.05	0.95				
	201	2	46.27357154526317	9.426097907368423	0.0	0.0	2	1.0139679913923914	-11.818064303316227	138.0	21	1.05	0.95				
	202	2	41.56052259157895	8.569179915789475	0.0	0.0	2	1.0131599534105424	-12.058430599820863	138.0	22	1.05	0.95				
	203	1	77.12261924210527	15.852982844210528	0.0	0.0	2	1.0145052206363394	-9.119781142408907	138.0	21	1.05	0.95				
	204	1	31.705965688421056	6.426884936842106	0.0	0.0	2	1.0121495333863695	-11.392317191402897	138.0	21	1.05	0.95				
	205	1	30.42058870105263	5.998425941052632	0.0	0.0	2	1.0266639465683265	-11.727065027150031	138.0	21	1.05	0.95				
	206	1	58.270423427368435	11.996851882105265	0.0	-100.0	2	1.0417378439237095	-12.205117995885665	138.0	22	1.05	0.95				
	207	2	53.55737447368421	10.711474894736844	0.0	0.0	2	0.9966209947981458	-17.38031542353855	138.0	22	1.05	0.95				
	208	1	73.26648828	14.99606485263158	0.0	0.0	2	1.001178154686687	-15.434628272766053	138.0	22	1.05	0.95				
	209	1	74.98032426315791	15.424523848421053	0.0	0.0	2	1.024010017481542	-9.077727152793713	138.0	23	1.05	0.95				
	210	1	83.54950417894737	17.13835983157895	0.0	0.0	2	1.05	-10.257788020731283	138.0	23	1.05	0.95				
	211	1	0.0	0.0	0.0	0.0	2	1.0045183118101368	-6.8033418927483265	230.0	23	1.05	0.95				
	212	1	0.0	0.0	0.0	0.0	2	1.0116803109348143	-2.387868568853315	230.0	23	1.05	0.95				
	213	2	113.54163388421053	23.136785772631583	0.0	0.0	2	1.0003913411156147	-4.705696520811437	230.0	24	1.05	0.95				
	214	2	83.1210451831579	16.709900835789476	0.0	0.0	2	1.0014816609184904	-5.642066318467914	230.0	26	1.05	0.95				
	215	2	135.82150166526316	27.42137573052632	0.0	0.0	2	1.019745447273865	-0.5796203184033217	230.0	26	1.05	0.95				
	216	2	42.845899578947375	8.569179915789475	0.0	0.0	2	1.0186280828026046	-1.361006914155144	230.0	26	1.05	0.95				
	217	1	0.0	0.0	0.0	0.0	2	1.0242567522828414	0.18620035371937593	230.0	27	1.05	0.95				
	218	2	142.67684559789475	29.135211713684217	0.0	0.0	2	1.0237795929127205	-0.1839466319693675	230.0	27	1.05	0.95				
	219	1	77.55107823789474	15.852982844210528	0.0	0.0	2	1.0178997845048092	-1.5918387220543149	230.0	25	1.05	0.95				
	220	1	54.84275146105264	11.139933890526317	0.0	0.0	2	1.0201896259722376	-0.9430268059243735	230.0	25	1.05	0.95				
	221	2	0.0	0.0	0.0	0.0	2	1.0259665832607652	0.4835602745369585	230.0	27	1.05	0.95				
	222	2	0.0	0.0	0.0	0.0	2	1.0477117199688284	6.885717507490185	230.0	27	1.05	0.95				
	223	2	0.0	0.0	0.0	0.0	2	1.022191304839504	-0.25464804041781464	230.0	25	1.05	0.95				
	224	1	0.0	0.0	0.0	0.0	2	1.007190324814097	-3.7927833264421484	230.0	26	1.05	0.95				
	301	2	65.27491298526316	13.296741534035087	0.0	0.0	3	0.9998330318679586	18.55091585210654	138.0	31	1.05	0.95				
	302	2	58.6265422182456	12.087946849122806	0.0	0.0	3	0.9987439806228784	18.244925355955658	138.0	32	1.05	0.95				
	303	1	108.79152164210527	22.36270167087719	0.0	0.0	3	1.043912772496195	30.171528916486213	138.0	31	1.05	0.95				
	304	1	44.72540334175438	9.065960136842104	0.0	0.0	3	1.0026196165031986	19.57523249826777	138.0	31	1.05	0.95				
	305	1	42.91221131438596	8.461562794385966	0.0	0.0	3	1.016798555022916	18.68099755048799	138.0	31	1.05	0.95				
	306	1	82.19803857403508	16.92312558877193	0.0	-100.0	3	1.0329826645765312	18.069027180207687	138.0	32	1.05	0.95				
	307	2	75.54966780701754	15.109933561403507	0.0	0.0	3	0.9842111761934004	14.531560454887464	138.0	32	1.05	0.95				
	308	1	103.35194555999998	21.15390698596491	0.0	0.0	3	0.9965636892225817	17.240399964364208	138.0	32	1.05	0.95				
	309	1	105.76953492982454	21.758304328421048	0.0	0.0	3	1.0262092025663156	23.13841751377477	138.0	33	1.05	0.95				
	310	1	117.85748177894735	24.175893698245613	0.0	0.0	3	1.05	20.759607206225144	138.0	33	1.05	0.95				
	311	1	0.0	0.0	0.0	0.0	3	1.0160326642524593	25.29970488424307	230.0	33	1.05	0.95				
	312	1	0.0	0.0	0.0	0.0	3	1.0224815706075792	26.534444459684995	230.0	33	1.05	0.95				
	313	2	160.16529575087716	32.63745649263158	0.0	0.0	3	1.0296363760753116	31.69962228951279	230.0	34	1.05	0.95				
	314	2	117.2530844364912	23.571496355789474	0.0	0.0	3	1.01542571561691	23.02554560311684	230.0	36	1.05	0.95				
	315	2	191.5939575585965	38.68142991719298	0.0	0.0	3	1.05	17.05862504854028	230.0	36	1.05	0.95				
	316	2	60.43973424561403	12.087946849122806	0.0	0.0	3	1.0445958965761273	17.648750004939338	230.0	36	1.05	0.95				
	317	1	0.0	0.0	0.0	0.0	3	1.0482924893335517	15.61336894352708	230.0	37	1.05	0.95				
	318	2	201.26431503789473	41.09901928701754	0.0	0.0	3	1.0483679633380438	13.955379051981007	230.0	37	1.05	0.95				
	319	1	109.3959189845614	22.36270167087719	0.0	0.0	3	1.040507280396922	20.22850791955828	230.0	35	1.05	0.95				
	320	1	77.36285983438596	15.714330903859649	0.0	0.0	3	1.039454977314556	22.104560764518673	230.0	35	1.05	0.95				
	321	2	0.0	0.0	0.0	0.0	3	1.0494675461035796	15.566133102402345	230.0	37	1.05	0.95				
	322	2	0.0	0.0	0.0	0.0	3	1.05	19.92918287011098	230.0	37	1.05	0.95				
	323	2	0.0	0.0	0.0	0.0	3	1.0386343805663205	22.73058436108866	230.0	35	1.05	0.95				
	324	1	0.0	0.0	0.0	0.0	3	1.0459228692507305	23.951327482712617	230.0	36	1.05	0.95				
	325	1	0.0	0.0	0.0	0.0	3	1.041046213050837	22.014107712101318	230.0	35	1.05	0.95				
];
