%% MATPOWER Case Format : Version 2
function mpc = RTS_GMLC
mpc.version = '2';

%%-----  Power Flow Data  -----%%
%% system MVA base
mpc.baseMVA = 100.0;
%% bus data
%    bus_i    type    Pd    Qd    Gs    Bs    area    Vm    Va    baseKV    zone    Vmax    Vmin
mpc.bus = [
	101	2	40.84067292631579	8.319396336842106	0.0	0.0	1	1.0155487963135976	-2.7310525801409016	138.0	11	1.05	0.95				
	102	2	36.68097475789474	7.5630875789473695	0.0	0.0	1	1.015396908118978	-2.97812365186199	138.0	12	1.05	0.95				
	103	1	68.06778821052632	13.991712021052633	0.0	0.0	1	1.0085610531023164	2.487243826686953	138.0	11	1.05	0.95				
	104	1	27.983424042105266	5.672315684210526	0.0	0.0	1	1.0071220348060452	-3.1153929236337623	138.0	11	1.05	0.95				
	105	1	26.84896090526316	5.294161305263159	0.0	0.0	1	1.020885970480454	-4.227395910138762	138.0	11	1.05	0.95				
	106	1	51.4289955368421	10.588322610526317	0.0	-100.0	1	1.0319498199063364	-5.530439943355071	138.0	12	1.05	0.95				
	107	2	47.26929736842106	9.45385947368421	0.0	0.0	1	0.9880275598682868	-12.618844966611615	138.0	12	1.05	0.95				
	108	1	64.6643988	13.235403263157894	0.0	0.0	1	0.9897970009300435	-9.95496960769274	138.0	12	1.05	0.95				
	109	1	66.17701631578947	13.613557642105262	0.0	0.0	1	1.0063982200894912	-2.5250818020211487	138.0	13	1.05	0.95				
	110	1	73.74010389473685	15.126175157894739	0.0	0.0	1	1.0352215852090336	-4.503205901262364	138.0	13	1.05	0.95				
	111	1	0.0	0.0	0.0	0.0	1	0.9868559182535013	0.15908746916784283	230.0	13	1.05	0.95				
	112	1	0.0	0.0	0.0	0.0	1	0.987544834616952	-1.099998320476602	230.0	13	1.05	0.95				
	113	3	100.21091042105263	20.420336463157895	0.0	0.0	1	0.9665350033677693	-6.491702376761008e-31	230.0	14	1.05	0.95				
	114	2	73.36194951578948	14.748020778947367	0.0	0.0	1	0.9997289466265152	4.075760891760398	230.0	16	1.05	0.95				
	115	2	119.87493812631578	24.20188025263158	0.0	0.0	1	1.0025804326866465	14.062484996619917	230.0	16	1.05	0.95				
	116	2	37.81543789473684	7.5630875789473695	0.0	0.0	1	0.9998211909015922	12.18324019631661	230.0	16	1.05	0.95				
	117	1	0.0	0.0	0.0	0.0	1	1.0034061136545807	18.522415761774486	230.0	17	1.05	0.95				
	118	2	125.92540818947369	25.71449776842105	0.0	0.0	1	1.0143615938239072	19.179218765735538	230.0	17	1.05	0.95				
	119	1	68.44594258947369	13.991712021052633	0.0	0.0	1	0.9971476005814863	7.716881686951863	230.0	15	1.05	0.95				
	120	1	48.40376050526316	9.83201385263158	0.0	0.0	1	1.0011756985155527	4.211559902772072	230.0	15	1.05	0.95				
	121	2	0.0	0.0	0.0	0.0	1	1.014513894033317	20.491413654880752	230.0	17	1.05	0.95				
	122	2	0.0	0.0	0.0	0.0	1	1.0194887286651613	39.22070824490127	230.0	17	1.05	0.95				
	123	2	0.0	0.0	0.0	0.0	1	1.0048285413041635	2.6004997390077356	230.0	15	1.05	0.95				
	124	1	0.0	0.0	0.0	0.0	1	0.9908459931601408	9.656976846811634	230.0	16	1.05	0.95				
	201	2	45.03258303157895	9.173303950877193	0.0	0.0	2	1.0115364774334008	-20.71146417187477	138.0	21	1.05	0.95				
	202	2	40.44593105614035	8.339367228070177	0.0	0.0	2	1.0105668698667627	-21.014438324702457	138.0	22	1.05	0.95				
	203	1	75.05430505263159	15.427829371929825	0.0	0.0	2	0.9951615934654866	-14.990823226435612	138.0	21	1.05	0.95				
	204	1	30.85565874385965	6.254525421052631	0.0	0.0	2	0.9983679830668294	-20.376158124917602	138.0	21	1.05	0.95				
	205	1	29.604753659649123	5.837557059649123	0.0	0.0	2	1.015896624205609	-20.98112737414176	138.0	21	1.05	0.95				
	206	1	56.7076971508772	11.675114119298247	0.0	-100.0	2	1.0260594691072242	-21.668954850135165	138.0	22	1.05	0.95				
	207	2	52.121045175438596	10.42420903508772	0.0	0.0	2	0.9722923733953807	-26.78052733271695	138.0	22	1.05	0.95				
	208	1	71.3015898	14.593892649122806	0.0	0.0	2	0.9780432923842252	-24.812222304153334	138.0	22	1.05	0.95				
	209	1	72.96946324561404	15.010861010526316	0.0	0.0	2	1.0008893688722822	-18.056954867989212	138.0	23	1.05	0.95				
	210	1	81.30883047368421	16.678734456140354	0.0	0.0	2	1.030264423722204	-19.872733026510996	138.0	23	1.05	0.95				
	211	1	0.0	0.0	0.0	0.0	2	0.9869703574031785	-14.914432396523365	230.0	23	1.05	0.95				
	212	1	0.0	0.0	0.0	0.0	2	0.9800843214364697	-14.19338937363689	230.0	23	1.05	0.95				
	213	2	110.49661577192981	22.516291515789476	0.0	0.0	2	0.982126867464917	-13.5151990856943	230.0	24	1.05	0.95				
	214	2	80.8918621122807	16.261766094736842	0.0	0.0	2	0.9918903953302907	-11.993656454215254	230.0	26	1.05	0.95				
	215	2	132.17897056491228	26.685975129824563	0.0	0.0	2	0.9931133352346072	-3.9068925052506507	230.0	26	1.05	0.95				
	216	2	41.69683614035088	8.339367228070177	0.0	0.0	2	0.9915079660354509	-5.0244552176915445	230.0	26	1.05	0.95				
	217	1	0.0	0.0	0.0	0.0	2	1.003055225388912	-2.693536613732598	230.0	27	1.05	0.95				
	218	2	138.85046434736842	28.3538485754386	0.0	0.0	2	1.005099490528364	-3.257384954402163	230.0	27	1.05	0.95				
	219	1	75.4712734140351	15.427829371929825	0.0	0.0	2	0.98159460812392	-5.321772552359475	230.0	25	1.05	0.95				
	220	1	53.371950259649125	10.84117739649123	0.0	0.0	2	0.9760299633702983	-4.6918021054320045	230.0	25	1.05	0.95				
	221	2	0.0	0.0	0.0	0.0	2	1.0072493750255582	-2.7381259906479034	230.0	27	1.05	0.95				
	222	2	0.0	0.0	0.0	0.0	2	1.0255691064869312	3.349590738969376	230.0	27	1.05	0.95				
	223	2	0.0	0.0	0.0	0.0	2	0.9737954225051085	-3.984827659847783	230.0	25	1.05	0.95				
	224	1	0.0	0.0	0.0	0.0	2	0.9806588872711183	-8.1098321717681	230.0	26	1.05	0.95				
	301	2	64.48908573473685	13.136665612631578	0.0	0.0	3	1.0023504743627598	29.513482522910273	138.0	31	1.05	0.95				
	302	2	57.92075292842105	11.942423284210527	0.0	0.0	3	1.0032981148287803	29.099114411353643	138.0	32	1.05	0.95				
	303	1	107.48180955789475	22.09348307578947	0.0	0.0	3	1.0105552759951268	46.66289075779517	138.0	31	1.05	0.95				
	304	1	44.18696615157894	8.956817463157893	0.0	0.0	3	0.9910987028648242	31.02445909674469	138.0	31	1.05	0.95				
	305	1	42.39560265894737	8.35969629894737	0.0	0.0	3	1.0104011197845766	28.60277333466745	138.0	31	1.05	0.95				
	306	1	81.20847833263159	16.71939259789474	0.0	-100.0	3	1.0216610807332467	27.403970723671065	138.0	32	1.05	0.95				
	307	2	74.64014552631579	14.928029105263157	0.0	0.0	3	0.9641261989699743	23.361000120211195	138.0	32	1.05	0.95				
	308	1	102.10771908000001	20.89924074736842	0.0	0.0	3	0.9725173597459079	26.224942168371992	138.0	32	1.05	0.95				
	309	1	104.49620373684209	21.496361911578944	0.0	0.0	3	1.0024230192827541	35.16376475042984	138.0	33	1.05	0.95				
	310	1	116.43862702105264	23.884846568421054	0.0	0.0	3	1.0338502468137973	29.658197471048513	138.0	33	1.05	0.95				
	311	1	0.0	0.0	0.0	0.0	3	0.9973100784441569	34.169049416185416	230.0	33	1.05	0.95				
	312	1	0.0	0.0	0.0	0.0	3	1.0042804651182018	34.737165452886416	230.0	33	1.05	0.95				
	313	2	158.23710851578946	32.24454286736842	0.0	0.0	3	1.0087962013282388	37.71176329568523	230.0	34	1.05	0.95				
	314	2	115.8415058568421	23.287725404210526	0.0	0.0	3	0.9916721340290248	32.85753007034534	230.0	36	1.05	0.95				
	315	2	189.28740905473686	38.21575450947368	0.0	0.0	3	0.9898450016899666	30.08445414642405	230.0	36	1.05	0.95				
	316	2	59.71211642105263	11.942423284210527	0.0	0.0	3	0.9877445134556426	30.381119017643467	230.0	36	1.05	0.95				
	317	1	0.0	0.0	0.0	0.0	3	0.9923723683316563	31.32878939469899	230.0	37	1.05	0.95				
	318	2	198.84134768210527	40.60423916631579	0.0	0.0	3	0.9822837144537505	27.3057209471901	230.0	37	1.05	0.95				
	319	1	108.07893072210526	22.09348307578947	0.0	0.0	3	0.996897421018162	30.880186421270896	230.0	35	1.05	0.95				
	320	1	76.43150901894737	15.525150269473684	0.0	0.0	3	1.0068661802074923	31.164811443950853	230.0	35	1.05	0.95				
	321	2	0.0	0.0	0.0	0.0	3	0.9941243721162885	28.778323339523165	230.0	37	1.05	0.95				
	322	2	0.0	0.0	0.0	0.0	3	1.0124703220823568	33.12223480443993	230.0	37	1.05	0.95				
	323	2	0.0	0.0	0.0	0.0	3	1.012386854678753	31.19965790719102	230.0	35	1.05	0.95				
	324	1	0.0	0.0	0.0	0.0	3	0.9933677192777215	37.85114065636098	230.0	36	1.05	0.95				
	325	1	0.0	0.0	0.0	0.0	3	1.013847207817284	30.29697819966637	230.0	35	1.05	0.95				
];
