%% MATPOWER Case Format : Version 2
function mpc = RTS_GMLC
mpc.version = '2';

%%-----  Power Flow Data  -----%%
%% system MVA base
mpc.baseMVA = 100.0;
%% bus data
%    bus_i    type    Pd    Qd    Gs    Bs    area    Vm    Va    baseKV    zone    Vmax    Vmin
mpc.bus = [
	101	2	51.060860943157905	10.401286488421054	0.0	0.0	1	1.0279733065200831	0.08835454571705356	138.0	11	1.05	0.95				
	102	2	45.860217698947366	9.455714989473684	0.0	0.0	1	1.0255624767432303	-0.5749292555394745	138.0	12	1.05	0.95				
	103	1	85.10143490526316	17.493072730526315	0.0	0.0	1	1.031641920163601	1.911437940899636	138.0	11	1.05	0.95				
	104	1	34.98614546105263	7.091786242105264	0.0	0.0	1	1.0186470607420557	-2.6731505289633715	138.0	11	1.05	0.95				
	105	1	33.56778821263158	6.61900049263158	0.0	0.0	1	1.0325474869453544	-2.9320724798957785	138.0	11	1.05	0.95				
	106	1	64.29886192842106	13.23800098526316	0.0	-100.0	1	1.042586398694146	-5.223420300220716	138.0	12	1.05	0.95				
	107	2	59.09821868421052	11.819643736842107	0.0	0.0	1	0.9988578296575867	-12.500212031301178	138.0	12	1.05	0.95				
	108	1	80.84636316	16.54750123157895	0.0	0.0	1	1.0006047266520606	-10.2251338431868	138.0	12	1.05	0.95				
	109	1	82.73750615789474	17.02028698105263	0.0	0.0	1	1.0247240457518327	-2.8978637579584405	138.0	13	1.05	0.95				
	110	1	92.19322114736842	18.911429978947368	0.0	0.0	1	1.05	-4.483876116169326	138.0	13	1.05	0.95				
	111	1	0.0	0.0	0.0	0.0	1	1.0090103242144155	-0.35765150916711114	230.0	13	1.05	0.95				
	112	1	0.0	0.0	0.0	0.0	1	1.0118675205422027	-1.2039124889884967	230.0	13	1.05	0.95				
	113	3	125.28822361052632	25.530430471578953	0.0	0.0	1	1.0032533047985868	-7.486667037919607e-29	230.0	14	1.05	0.95				
	114	2	91.72043539789473	18.438644229473685	0.0	0.0	1	1.013383940504096	2.7417712117009687	230.0	16	1.05	0.95				
	115	2	149.8730825831579	30.258287966315795	0.0	0.0	1	1.0417494180733091	11.667629903811571	230.0	16	1.05	0.95				
	116	2	47.278574947368426	9.455714989473684	0.0	0.0	1	1.0364084748410518	9.925444340515794	230.0	16	1.05	0.95				
	117	1	0.0	0.0	0.0	0.0	1	1.0422888339059488	15.234519919177947	230.0	17	1.05	0.95				
	118	2	157.43765457473685	32.14943096421053	0.0	0.0	1	1.05	16.2197197180135	230.0	17	1.05	0.95				
	119	1	85.57422065473685	17.493072730526315	0.0	0.0	1	1.026346396062917	6.218918540914094	230.0	15	1.05	0.95				
	120	1	60.51657593263159	12.292429486315791	0.0	0.0	1	1.0233139297494345	3.448128803166342	230.0	15	1.05	0.95				
	121	2	0.0	0.0	0.0	0.0	1	1.05	17.89123735468307	230.0	17	1.05	0.95				
	122	2	0.0	0.0	0.0	0.0	1	1.05	29.2228275230461	230.0	17	1.05	0.95				
	123	2	0.0	0.0	0.0	0.0	1	1.02296694725788	2.2835184993179993	230.0	15	1.05	0.95				
	124	1	0.0	0.0	0.0	0.0	1	1.0257513925090775	8.012777577904213	230.0	16	1.05	0.95				
	201	2	49.231544134736836	10.028647879298244	0.0	0.0	2	1.0128492818174093	-17.604395633645368	138.0	21	1.05	0.95				
	202	2	44.21722019508771	9.116952617543859	0.0	0.0	2	1.011940400849232	-17.90091965190558	138.0	22	1.05	0.95				
	203	1	82.05257355789473	16.86636234245614	0.0	0.0	2	1.0146825223923284	-12.941135259444984	138.0	21	1.05	0.95				
	204	1	33.73272468491228	6.837714463157894	0.0	0.0	2	1.0107331470204737	-17.276750469117868	138.0	21	1.05	0.95				
	205	1	32.365181792280694	6.381866832280701	0.0	0.0	2	1.0257584979501657	-17.79477696832598	138.0	21	1.05	0.95				
	206	1	61.99527779929824	12.763733664561402	0.0	-100.0	2	1.0406409661564753	-18.457447201630128	138.0	22	1.05	0.95				
	207	2	56.98095385964912	11.396190771929824	0.0	0.0	2	0.994195888430872	-23.95677834743083	138.0	22	1.05	0.95				
	208	1	77.94994487999999	15.954667080701752	0.0	0.0	2	0.9984826519331508	-21.86663556521225	138.0	22	1.05	0.95				
	209	1	79.77333540350877	16.410514711578944	0.0	0.0	2	1.0234734953683955	-14.88253113569455	138.0	23	1.05	0.95				
	210	1	88.89028802105263	18.233905235087718	0.0	0.0	2	1.05	-16.519356568634368	138.0	23	1.05	0.95				
	211	1	0.0	0.0	0.0	0.0	2	1.0089262023640597	-11.703871523107583	230.0	23	1.05	0.95				
	212	1	0.0	0.0	0.0	0.0	2	1.0114459953493558	-9.857101754200608	230.0	23	1.05	0.95				
	213	2	120.79962218245612	24.615772067368418	0.0	0.0	2	1.0065632230019705	-10.03391400569487	230.0	24	1.05	0.95				
	214	2	88.43444039017542	17.778057604210527	0.0	0.0	2	1.012780851242603	-9.088461605586396	230.0	26	1.05	0.95				
	215	2	144.50369898807017	29.174248376140348	0.0	0.0	2	1.0277655391534868	-1.976811244215022	230.0	26	1.05	0.95				
	216	2	45.584763087719296	9.116952617543859	0.0	0.0	2	1.0284319800946546	-2.603029483842518	230.0	26	1.05	0.95				
	217	1	0.0	0.0	0.0	0.0	2	1.031567502456036	-0.8474257498539318	230.0	27	1.05	0.95				
	218	2	151.79726108210525	30.99763889964912	0.0	0.0	2	1.0308350697157573	-1.3544190816863675	230.0	27	1.05	0.95				
	219	1	82.50842118877192	16.86636234245614	0.0	0.0	2	1.0281155164344087	-3.072822611867522	230.0	25	1.05	0.95				
	220	1	58.348496752280695	11.852038402807016	0.0	0.0	2	1.03102239260252	-2.5955766191558935	230.0	25	1.05	0.95				
	221	2	0.0	0.0	0.0	0.0	2	1.0327752501510605	-0.762321388750596	230.0	27	1.05	0.95				
	222	2	0.0	0.0	0.0	0.0	2	1.05	5.699110233258549	230.0	27	1.05	0.95				
	223	2	0.0	0.0	0.0	0.0	2	1.0334041445406128	-1.9884150346292255	230.0	25	1.05	0.95				
	224	1	0.0	0.0	0.0	0.0	2	1.0093534982360393	-6.073588793750149	230.0	26	1.05	0.95				
	301	2	61.90952229473684	12.611198985964911	0.0	0.0	3	0.9930284872725438	7.583954620278886	138.0	31	1.05	0.95				
	302	2	55.60392280175438	11.464726350877193	0.0	0.0	3	0.9926791438987884	7.529499642403662	138.0	32	1.05	0.95				
	303	1	103.18253715789474	21.209743749122804	0.0	0.0	3	1.0208435691429796	10.956936494584093	138.0	31	1.05	0.95				
	304	1	42.41948749824561	8.598544763157893	0.0	0.0	3	1.0011027009857172	9.38792392681284	138.0	31	1.05	0.95				
	305	1	40.69977854561403	8.025308445614035	0.0	0.0	3	1.0127991913176222	9.335066909397634	138.0	31	1.05	0.95				
	306	1	77.96013918596492	16.05061689122807	0.0	-100.0	3	1.0320420647680923	9.657110727597491	138.0	32	1.05	0.95				
	307	2	71.65453969298245	14.330907938596491	0.0	0.0	3	0.9878789595990815	5.575774964658683	138.0	32	1.05	0.95				
	308	1	98.0234103	20.063271114035086	0.0	0.0	3	0.9986441285387787	8.14288652409977	138.0	32	1.05	0.95				
	309	1	100.31635557017545	20.636507431578945	0.0	0.0	3	1.0278831343467367	13.234136297159317	138.0	33	1.05	0.95				
	310	1	111.78108192105263	22.929452701754386	0.0	0.0	3	1.05	12.910103979966477	138.0	33	1.05	0.95				
	311	1	0.0	0.0	0.0	0.0	3	1.0161090329156133	18.626406675433028	230.0	33	1.05	0.95				
	312	1	0.0	0.0	0.0	0.0	3	1.0214896103783568	20.04098111508992	230.0	33	1.05	0.95				
	313	2	151.9076241491228	30.95476114736842	0.0	0.0	3	1.0372021305372907	26.560342715380123	230.0	34	1.05	0.95				
	314	2	111.20784560350876	22.356216384210526	0.0	0.0	3	1.017469592748413	17.129956815259785	230.0	36	1.05	0.95				
	315	2	181.7159126614035	36.687124322807016	0.0	0.0	3	1.038317123382049	11.613256123020266	230.0	36	1.05	0.95				
	316	2	57.323631754385964	11.464726350877193	0.0	0.0	3	1.0391723339979497	12.96127980228566	230.0	36	1.05	0.95				
	317	1	0.0	0.0	0.0	0.0	3	1.04525419161952	12.068817601205836	230.0	37	1.05	0.95				
	318	2	190.88769374210526	38.98006959298246	0.0	0.0	3	1.0438879341342229	10.160237985445775	230.0	37	1.05	0.95				
	319	1	103.75577347543859	21.209743749122804	0.0	0.0	3	1.0372336775501454	15.98602176938457	230.0	35	1.05	0.95				
	320	1	73.37424864561403	14.90414425614035	0.0	0.0	3	1.0381837604000255	18.16967510808925	230.0	35	1.05	0.95				
	321	2	0.0	0.0	0.0	0.0	3	1.0430834174835208	11.23942280535796	230.0	37	1.05	0.95				
	322	2	0.0	0.0	0.0	0.0	3	1.05	15.894624731895098	230.0	37	1.05	0.95				
	323	2	0.0	0.0	0.0	0.0	3	1.0388751696042178	19.07533841808111	230.0	35	1.05	0.95				
	324	1	0.0	0.0	0.0	0.0	3	1.0299444715975616	13.382606713461207	230.0	36	1.05	0.95				
	325	1	0.0	0.0	0.0	0.0	3	1.0408674439030863	18.98032816278794	230.0	35	1.05	0.95				
];
