%% MATPOWER Case Format : Version 2
function mpc = RTS_GMLC
mpc.version = '2';

%%-----  Power Flow Data  -----%%
%% system MVA base
mpc.baseMVA = 100.0;
%% bus data
%    bus_i    type    Pd    Qd    Gs    Bs    area    Vm    Va    baseKV    zone    Vmax    Vmin
mpc.bus = [
	101	2	44.56803562105263	9.078673922807019	0.0	0.0	1	1.0318478098352897	2.7875690800350474	138.0	11	1.05	0.95				
	102	2	40.02869865964912	8.25333992982456	0.0	0.0	1	1.030901110978554	2.5077479647876637	138.0	12	1.05	0.95				
	103	1	74.28005936842106	15.268678870175439	0.0	0.0	1	1.0303597526018775	1.9600504586375764	138.0	11	1.05	0.95				
	104	1	30.537357740350878	6.190004947368421	0.0	0.0	1	1.020707454010708	-0.47360034549291613	138.0	11	1.05	0.95				
	105	1	29.29935675087719	5.777337950877193	0.0	0.0	1	1.035227149678636	-0.3295266684825722	138.0	11	1.05	0.95				
	106	1	56.12271152280702	11.554675901754386	0.0	-100.0	1	1.0453604981293496	-2.538415531777471	138.0	12	1.05	0.95				
	107	2	51.5833745614035	10.316674912280702	0.0	0.0	1	0.9992764201780552	-8.27184112225519	138.0	12	1.05	0.95				
	108	1	70.5660564	14.443344877192981	0.0	0.0	1	1.0039709242740025	-6.770923050645307	138.0	12	1.05	0.95				
	109	1	72.21672438596491	14.85601187368421	0.0	0.0	1	1.0246962307955243	-1.2326852165683118	138.0	13	1.05	0.95				
	110	1	80.47006431578947	16.50667985964912	0.0	0.0	1	1.05	-2.182668799009807	138.0	13	1.05	0.95				
	111	1	0.0	0.0	0.0	0.0	1	1.0046459578323488	0.5779613586657557	230.0	13	1.05	0.95				
	112	1	0.0	0.0	0.0	0.0	1	1.0087819987750517	0.47416481519797093	230.0	13	1.05	0.95				
	113	3	109.35675407017544	22.284017810526315	0.0	0.0	1	0.9950616381999527	1.7930366459337698e-30	230.0	14	1.05	0.95				
	114	2	80.05739731929825	16.094012863157893	0.0	0.0	1	1.005016209460913	3.4805443397878215	230.0	16	1.05	0.95				
	115	2	130.8154378877193	26.410687775438596	0.0	0.0	1	1.0412242481196539	10.456773040619705	230.0	16	1.05	0.95				
	116	2	41.266699649122806	8.25333992982456	0.0	0.0	1	1.03846576738097	9.910839519658873	230.0	16	1.05	0.95				
	117	1	0.0	0.0	0.0	0.0	1	1.0425803469984112	13.506140374182399	230.0	17	1.05	0.95				
	118	2	137.41810983157893	28.06135576140351	0.0	0.0	1	1.0479155049157973	13.489584509315272	230.0	17	1.05	0.95				
	119	1	74.69272636491229	15.268678870175439	0.0	0.0	1	1.0301192605511968	7.852460965291712	230.0	15	1.05	0.95				
	120	1	52.82137555087719	10.72934190877193	0.0	0.0	1	1.0263430315740358	6.845365476598309	230.0	15	1.05	0.95				
	121	2	0.0	0.0	0.0	0.0	1	1.05	14.443235216671878	230.0	17	1.05	0.95				
	122	2	0.0	0.0	0.0	0.0	1	1.05	28.24939702420377	230.0	17	1.05	0.95				
	123	2	0.0	0.0	0.0	0.0	1	1.0247137619563818	6.607912397897942	230.0	15	1.05	0.95				
	124	1	0.0	0.0	0.0	0.0	1	1.0263844093564058	7.278696384311465	230.0	16	1.05	0.95				
	201	2	44.64158665263158	9.093656540350878	0.0	0.0	2	1.023063578685301	-8.567722337205154	138.0	21	1.05	0.95				
	202	2	40.09475838245614	8.26696049122807	0.0	0.0	2	1.0237547691380748	-8.444851775951438	138.0	22	1.05	0.95				
	203	1	74.40264442105263	15.293876908771932	0.0	0.0	2	1.0165597768245243	-7.60071981710424	138.0	21	1.05	0.95				
	204	1	30.587753817543863	6.200220368421053	0.0	0.0	2	1.0169603342138993	-9.833109722864801	138.0	21	1.05	0.95				
	205	1	29.347709743859646	5.78687234385965	0.0	0.0	2	1.0315463827511246	-10.099246497590354	138.0	21	1.05	0.95				
	206	1	56.215331340350886	11.5737446877193	0.0	-100.0	2	1.0444087180826849	-11.349297225597958	138.0	22	1.05	0.95				
	207	2	51.66850307017544	10.333700614035088	0.0	0.0	2	0.9922947958479693	-17.177996820853874	138.0	22	1.05	0.95				
	208	1	70.6825122	14.467180859649122	0.0	0.0	2	0.9990566776852179	-15.324628936235289	138.0	22	1.05	0.95				
	209	1	72.33590429824561	14.880528884210525	0.0	0.0	2	1.0228806541069924	-9.26316697008509	138.0	23	1.05	0.95				
	210	1	80.60286478947368	16.53392098245614	0.0	0.0	2	1.05	-10.319930136755886	138.0	23	1.05	0.95				
	211	1	0.0	0.0	0.0	0.0	2	1.0045409474595755	-6.648149240816554	230.0	23	1.05	0.95				
	212	1	0.0	0.0	0.0	0.0	2	1.0083653525484504	-5.8166969827292725	230.0	23	1.05	0.95				
	213	2	109.53722650877194	22.32079332631579	0.0	0.0	2	0.9995458011829779	-5.4033817731023515	230.0	24	1.05	0.95				
	214	2	80.18951676491228	16.120572957894737	0.0	0.0	2	1.003611788385289	-4.4697295047283845	230.0	26	1.05	0.95				
	215	2	131.0313237859649	26.454273571929825	0.0	0.0	2	1.0220242854275337	1.0775238330251837	230.0	26	1.05	0.95				
	216	2	41.33480245614035	8.26696049122807	0.0	0.0	2	1.0238176821106153	1.1025308006039516	230.0	26	1.05	0.95				
	217	1	0.0	0.0	0.0	0.0	2	1.0287700866168532	2.867969067793139	230.0	27	1.05	0.95				
	218	2	137.64489217894737	28.107665670175443	0.0	0.0	2	1.027877989300566	2.2667369503334576	230.0	27	1.05	0.95				
	219	1	74.81599244561404	15.293876908771932	0.0	0.0	2	1.0252401099452022	1.0744835250619182	230.0	25	1.05	0.95				
	220	1	52.90854714385965	10.747048638596493	0.0	0.0	2	1.0291782965752803	1.8577225193328315	230.0	25	1.05	0.95				
	221	2	0.0	0.0	0.0	0.0	2	1.0293743626494698	2.678978172327684	230.0	27	1.05	0.95				
	222	2	0.0	0.0	0.0	0.0	2	1.0499999961611253	9.244815355722341	230.0	27	1.05	0.95				
	223	2	0.0	0.0	0.0	0.0	2	1.0320326025196904	2.601204203205667	230.0	25	1.05	0.95				
	224	1	0.0	0.0	0.0	0.0	2	1.0092115929918009	-2.18705707676283	230.0	26	1.05	0.95				
	301	2	55.879152176842105	11.382790258245615	0.0	0.0	3	1.009208122759421	-19.559470008459208	138.0	31	1.05	0.95				
	302	2	50.187757047719295	10.34799114385965	0.0	0.0	3	1.0084678241865142	-19.729366802728904	138.0	32	1.05	0.95				
	303	1	93.13192029473684	19.14378361614035	0.0	0.0	3	1.0337715523262758	-11.26294415702901	138.0	31	1.05	0.95				
	304	1	38.2875672322807	7.760993357894737	0.0	0.0	3	1.0101993565735348	-17.85892064913694	138.0	31	1.05	0.95				
	305	1	36.73536856070175	7.243593800701756	0.0	0.0	3	1.0228620046302028	-19.29533185210061	138.0	31	1.05	0.95				
	306	1	70.36633977824562	14.487187601403512	0.0	-100.0	3	1.0379729172686458	-19.734402372775858	138.0	32	1.05	0.95				
	307	2	64.6749446491228	12.934988929824561	0.0	0.0	3	0.9923812252925817	-25.232692572042097	138.0	32	1.05	0.95				
	308	1	88.47532428	18.108984501754385	0.0	0.0	3	0.9958660734257367	-22.826742623018163	138.0	32	1.05	0.95				
	309	1	90.54492250877193	18.62638405894737	0.0	0.0	3	1.0290816624784576	-14.22960645428503	138.0	33	1.05	0.95				
	310	1	100.89291365263158	20.6959822877193	0.0	0.0	3	1.05	-17.367938994859315	138.0	33	1.05	0.95				
	311	1	0.0	0.0	0.0	0.0	3	1.01369809164477	-11.030985311205734	230.0	33	1.05	0.95				
	312	1	0.0	0.0	0.0	0.0	3	1.0156841575627258	-10.39610977904808	230.0	33	1.05	0.95				
	313	2	137.11088265614035	27.939576088421052	0.0	0.0	3	1.016536804180367	-7.60088271701978	230.0	34	1.05	0.95				
	314	2	100.37551409543859	20.17858273052632	0.0	0.0	3	1.018562919980252	-9.209839794861312	230.0	36	1.05	0.95				
	315	2	164.01565963017543	33.11357166035088	0.0	0.0	3	1.041198436365682	-4.1293471758001346	230.0	36	1.05	0.95				
	316	2	51.739955719298244	10.34799114385965	0.0	0.0	3	1.0415551633338118	-3.5412742702530022	230.0	36	1.05	0.95				
	317	1	0.0	0.0	0.0	0.0	3	1.047981988357513	0.08621005281154683	230.0	37	1.05	0.95				
	318	2	172.29405254526318	35.18316988912281	0.0	0.0	3	1.044284437678293	-1.1418888290478166	230.0	37	1.05	0.95				
	319	1	93.64931985192983	19.14378361614035	0.0	0.0	3	1.0379068048360058	-4.370576119185857	230.0	35	1.05	0.95				
	320	1	66.22714332070176	13.452388487017544	0.0	0.0	3	1.0386253834376464	-4.108672219684111	230.0	35	1.05	0.95				
	321	2	0.0	0.0	0.0	0.0	3	1.0446051188063297	-1.5611707358123046	230.0	37	1.05	0.95				
	322	2	0.0	0.0	0.0	0.0	3	1.05	3.4223139553548925	230.0	37	1.05	0.95				
	323	2	0.0	0.0	0.0	0.0	3	1.0400082877230967	-3.5781701535135113	230.0	35	1.05	0.95				
	324	1	0.0	0.0	0.0	0.0	3	1.0290732582223618	-6.804549460494988	230.0	36	1.05	0.95				
	325	1	0.0	0.0	0.0	0.0	3	1.0346590922709216	-2.0910730227654444	230.0	35	1.05	0.95				
];
