%% MATPOWER Case Format : Version 2
function mpc = RTS_GMLC
mpc.version = '2';

%%-----  Power Flow Data  -----%%
%% system MVA base
mpc.baseMVA = 100.0;
%% bus data
%    bus_i    type    Pd    Qd    Gs    Bs    area    Vm    Va    baseKV    zone    Vmax    Vmin
mpc.bus = [
	101	2	39.23750618526316	7.992825334035087	0.0	0.0	1	1.026704738536896	1.063508875315937	138.0	11	1.05	0.95				
	102	2	35.24109351824561	7.266204849122808	0.0	0.0	1	1.024967069982631	0.5984245448318042	138.0	12	1.05	0.95				
	103	1	65.39584364210526	13.442478970877191	0.0	0.0	1	1.0310039060883165	1.0781589059342598	138.0	11	1.05	0.95				
	104	1	26.884957941754383	5.449653636842105	0.0	0.0	1	1.0192292529113842	-1.7132109457091667	138.0	11	1.05	0.95				
	105	1	25.795027214385964	5.086343394385966	0.0	0.0	1	1.033568499017602	-1.5858181842809458	138.0	11	1.05	0.95				
	106	1	49.41019297403509	10.172686788771932	0.0	-100.0	1	1.0456652935214823	-3.54326873834448	138.0	12	1.05	0.95				
	107	2	45.41378030701754	9.08275606140351	0.0	0.0	1	1.0008980227238093	-9.274284264480004	138.0	12	1.05	0.95				
	108	1	62.12605146	12.715858485964912	0.0	0.0	1	1.0063016330315686	-7.568703634380378	138.0	12	1.05	0.95				
	109	1	63.57929242982456	13.079168728421052	0.0	0.0	1	1.0246417231953369	-2.1052736476006118	138.0	13	1.05	0.95				
	110	1	70.84549727894736	14.532409698245615	0.0	0.0	1	1.05	-3.1025916616479328	138.0	13	1.05	0.95				
	111	1	0.0	0.0	0.0	0.0	1	1.00284994340672	-0.07961105976644614	230.0	13	1.05	0.95				
	112	1	0.0	0.0	0.0	0.0	1	1.0070003793478994	-0.7610443408575006	230.0	13	1.05	0.95				
	113	3	96.27721425087718	19.61875309263158	0.0	0.0	1	0.9929565990093607	-7.861915648760626e-29	230.0	14	1.05	0.95				
	114	2	70.48218703649123	14.169099455789475	0.0	0.0	1	1.002059172982745	2.5114755353732217	230.0	16	1.05	0.95				
	115	2	115.1693468585965	23.251855517192983	0.0	0.0	1	1.040885814124041	9.482746286330158	230.0	16	1.05	0.95				
	116	2	36.33102424561404	7.266204849122808	0.0	0.0	1	1.0345504238505732	8.212184555513046	230.0	16	1.05	0.95				
	117	1	0.0	0.0	0.0	0.0	1	1.0406698649180206	12.766379234140315	230.0	17	1.05	0.95				
	118	2	120.98231073789474	24.705096487017546	0.0	0.0	1	1.0483885495776843	13.120279155870579	230.0	17	1.05	0.95				
	119	1	65.7591538845614	13.442478970877191	0.0	0.0	1	1.0224882626462504	5.098786946279435	230.0	15	1.05	0.95				
	120	1	46.503711034385965	9.44606630385965	0.0	0.0	1	1.0162737423481112	3.06501805675468	230.0	15	1.05	0.95				
	121	2	0.0	0.0	0.0	0.0	1	1.05	14.320238694940523	230.0	17	1.05	0.95				
	122	2	0.0	0.0	0.0	0.0	1	1.05	28.51203711948913	230.0	17	1.05	0.95				
	123	2	0.0	0.0	0.0	0.0	1	1.0133581036443173	2.2247658634499285	230.0	15	1.05	0.95				
	124	1	0.0	0.0	0.0	0.0	1	1.026518442457348	6.336057043131674	230.0	16	1.05	0.95				
	201	2	39.06563828210526	7.957815205614035	0.0	0.0	2	1.0147562148909712	-13.411427173844903	138.0	21	1.05	0.95				
	202	2	35.08673067929824	7.2343774596491235	0.0	0.0	2	1.013855157876536	-13.690399166626777	138.0	22	1.05	0.95				
	203	1	65.1093971368421	13.383598300350878	0.0	0.0	2	1.0155389005761812	-9.737765229311236	138.0	21	1.05	0.95				
	204	1	26.767196600701755	5.425783094736842	0.0	0.0	2	1.0131402310301418	-13.427354608477215	138.0	21	1.05	0.95				
	205	1	25.682039981754386	5.0640642217543865	0.0	0.0	2	1.0281116674246016	-13.828725668909714	138.0	21	1.05	0.95				
	206	1	49.19376672561404	10.128128443508773	0.0	-100.0	2	1.0437981106050591	-14.53633150092034	138.0	22	1.05	0.95				
	207	2	45.21485912280701	9.042971824561404	0.0	0.0	2	0.9970761834615741	-18.80020645344791	138.0	22	1.05	0.95				
	208	1	61.85392728	12.660160554385962	0.0	0.0	2	1.0037746458335015	-17.206896735108412	138.0	22	1.05	0.95				
	209	1	63.300802771929824	13.021879427368422	0.0	0.0	2	1.0224601240146396	-11.707305981079097	138.0	23	1.05	0.95				
	210	1	70.53518023157895	14.468754919298247	0.0	0.0	2	1.05	-13.080265397314784	138.0	23	1.05	0.95				
	211	1	0.0	0.0	0.0	0.0	2	1.0033581017685234	-8.988786383969172	230.0	23	1.05	0.95				
	212	1	0.0	0.0	0.0	0.0	2	1.005697606597395	-8.343533983539825	230.0	23	1.05	0.95				
	213	2	95.85550134035088	19.53281914105263	0.0	0.0	2	0.9974437424940157	-7.74985040489645	230.0	24	1.05	0.95				
	214	2	70.17346135859648	14.107036046315791	0.0	0.0	2	1.0031938194879242	-6.530821822830292	230.0	26	1.05	0.95				
	215	2	114.6648827354386	23.150007870877193	0.0	0.0	2	1.0182503938188467	-0.5804155627880218	230.0	26	1.05	0.95				
	216	2	36.171887298245615	7.2343774596491235	0.0	0.0	2	1.0191524982836553	-0.8549540036167876	230.0	26	1.05	0.95				
	217	1	0.0	0.0	0.0	0.0	2	1.0237809968521792	0.6490308483037155	230.0	27	1.05	0.95				
	218	2	120.45238470315789	24.59688336280702	0.0	0.0	2	1.0232608373260115	0.2832230636890111	230.0	27	1.05	0.95				
	219	1	65.47111600982456	13.383598300350878	0.0	0.0	2	1.019216661566147	-1.083725135325768	230.0	25	1.05	0.95				
	220	1	46.300015741754386	9.40469069754386	0.0	0.0	2	1.021381191507565	-0.5644182530039416	230.0	25	1.05	0.95				
	221	2	0.0	0.0	0.0	0.0	2	1.0251750987249044	0.7972638499112698	230.0	27	1.05	0.95				
	222	2	0.0	0.0	0.0	0.0	2	1.0470373421677872	7.26654690047203	230.0	27	1.05	0.95				
	223	2	0.0	0.0	0.0	0.0	2	1.0229467952862972	0.0024257449982290655	230.0	25	1.05	0.95				
	224	1	0.0	0.0	0.0	0.0	2	1.0059803346887894	-4.035773695128875	230.0	26	1.05	0.95				
	301	2	41.016766850526324	8.35526732140351	0.0	0.0	3	1.0115637835622922	-10.206570493959234	138.0	31	1.05	0.95				
	302	2	36.839133189824565	7.595697564912282	0.0	0.0	3	1.011467759512287	-10.315468165759514	138.0	32	1.05	0.95				
	303	1	68.36127808421053	14.05204049508772	0.0	0.0	3	1.02753705960641	-4.7109379696174125	138.0	31	1.05	0.95				
	304	1	28.10408099017544	5.69677317368421	0.0	0.0	3	1.0135809902174162	-8.881745447841478	138.0	31	1.05	0.95				
	305	1	26.9647263554386	5.316988295438597	0.0	0.0	3	1.0260988703585994	-9.968464879461456	138.0	31	1.05	0.95				
	306	1	51.65074344140351	10.633976590877195	0.0	-100.0	3	1.0427265777923256	-10.30046675662304	138.0	32	1.05	0.95				
	307	2	47.47310978070176	9.494621956140351	0.0	0.0	3	0.9897652848455369	-13.986485403327626	138.0	32	1.05	0.95				
	308	1	64.94321418000001	13.292470738596492	0.0	0.0	3	0.9997374581860345	-12.337776913908877	138.0	32	1.05	0.95				
	309	1	66.46235369298246	13.672255616842104	0.0	0.0	3	1.0267948370938271	-6.152566257575978	138.0	33	1.05	0.95				
	310	1	74.05805125789475	15.191395129824564	0.0	0.0	3	1.05	-8.505506965762414	138.0	33	1.05	0.95				
	311	1	0.0	0.0	0.0	0.0	3	1.0035314404248863	-3.8240651461392585	230.0	33	1.05	0.95				
	312	1	0.0	0.0	0.0	0.0	3	1.009629816370716	-3.161304833065028	230.0	33	1.05	0.95				
	313	2	100.64299273508772	20.508383425263162	0.0	0.0	3	1.0067320239411024	-0.4864583707053516	230.0	34	1.05	0.95				
	314	2	73.67826637964913	14.81161025157895	0.0	0.0	3	0.9945529490418626	-3.0879106192736026	230.0	36	1.05	0.95				
	315	2	120.39180640385968	24.306232207719304	0.0	0.0	3	1.0220240337674822	-0.0057580006429520285	230.0	36	1.05	0.95				
	316	2	37.978487824561405	7.595697564912282	0.0	0.0	3	1.020336828499175	0.1982755466984127	230.0	36	1.05	0.95				
	317	1	0.0	0.0	0.0	0.0	3	1.0322841378265832	3.810125425781603	230.0	37	1.05	0.95				
	318	2	126.46836445578948	25.825371720701757	0.0	0.0	3	1.0298070054100321	2.3344828612404775	230.0	37	1.05	0.95				
	319	1	68.74106296245614	14.05204049508772	0.0	0.0	3	1.0167035548908165	0.04809744558856032	230.0	35	1.05	0.95				
	320	1	48.61246441543861	9.874406834385967	0.0	0.0	3	1.0158912215658653	0.6746655498780487	230.0	35	1.05	0.95				
	321	2	0.0	0.0	0.0	0.0	3	1.0296394942181937	2.151670009540568	230.0	37	1.05	0.95				
	322	2	0.0	0.0	0.0	0.0	3	1.0446489008200799	7.153269164494937	230.0	37	1.05	0.95				
	323	2	0.0	0.0	0.0	0.0	3	1.0159555810902743	1.3199978999974342	230.0	35	1.05	0.95				
	324	1	0.0	0.0	0.0	0.0	3	1.0171111666946893	-1.7958911914165638	230.0	36	1.05	0.95				
	325	1	0.0	0.0	0.0	0.0	3	1.0153561759572007	2.4416973645003726	230.0	35	1.05	0.95				
];
