%% MATPOWER Case Format : Version 2
function mpc = RTS_GMLC
mpc.version = '2';

%%-----  Power Flow Data  -----%%
%% system MVA base
mpc.baseMVA = 100.0;
%% bus data
%    bus_i    type    Pd    Qd    Gs    Bs    area    Vm    Va    baseKV    zone    Vmax    Vmin
mpc.bus = [
	101	2	60.18555171789475	12.260019794385967	0.0	0.0	1	1.0352740992291123	2.443348166554173	138.0	11	1.05	0.95				
	102	2	54.055541820701755	11.145472540350879	0.0	0.0	1	1.0353077356101852	2.405983240012916	138.0	12	1.05	0.95				
	103	1	100.30925286315791	20.619124199649125	0.0	0.0	1	1.025974856269781	0.49002222557825376	138.0	11	1.05	0.95				
	104	1	41.23824839929825	8.359104405263158	0.0	0.0	1	1.0202387160822604	-1.058199057570781	138.0	11	1.05	0.95				
	105	1	39.56642751824562	7.801830778245615	0.0	0.0	1	1.0349338198853513	-0.9153908685393642	138.0	11	1.05	0.95				
	106	1	75.78921327438599	15.60366155649123	0.0	-100.0	1	1.0421178246720024	-3.313362660351354	138.0	12	1.05	0.95				
	107	2	69.659203377193	13.931840675438597	0.0	0.0	1	1.034795678648327	-1.454604963504495	138.0	12	1.05	0.95				
	108	1	95.29379022	19.504576945614037	0.0	0.0	1	1.0222476735783166	-3.475316428321854	138.0	12	1.05	0.95				
	109	1	97.52288472807018	20.061850572631577	0.0	0.0	1	1.0256588471068562	-1.647519622403464	138.0	13	1.05	0.95				
	110	1	108.66835726842106	22.290945080701757	0.0	0.0	1	1.05	-2.5727454462671515	138.0	13	1.05	0.95				
	111	1	0.0	0.0	0.0	0.0	1	1.0065816855424277	-0.0315558832936015	230.0	13	1.05	0.95				
	112	1	0.0	0.0	0.0	0.0	1	1.0110937198782866	0.43711674350668006	230.0	13	1.05	0.95				
	113	3	147.67751115964913	30.092775858947373	0.0	0.0	1	0.9999068538993132	9.025399338326784e-31	230.0	14	1.05	0.95				
	114	2	108.11108364140351	21.733671453684213	0.0	0.0	1	1.00481511394901	2.126082056781723	230.0	16	1.05	0.95				
	115	2	176.65573976456142	35.66551212912281	0.0	0.0	1	1.0414209364686389	8.945251615736735	230.0	16	1.05	0.95				
	116	2	55.72736270175439	11.145472540350879	0.0	0.0	1	1.0377939040830273	8.453256111370651	230.0	16	1.05	0.95				
	117	1	0.0	0.0	0.0	0.0	1	1.0449212642654648	11.047279188160063	230.0	17	1.05	0.95				
	118	2	185.57211779684212	37.89460663719299	0.0	0.0	1	1.0480301564521615	11.513347818440051	230.0	17	1.05	0.95				
	119	1	100.86652649017545	20.619124199649125	0.0	0.0	1	1.0308268409316277	7.071113898909486	230.0	15	1.05	0.95				
	120	1	71.33102425824562	14.48911430245614	0.0	0.0	1	1.0293848012926945	6.935528921498189	230.0	15	1.05	0.95				
	121	2	0.0	0.0	0.0	0.0	1	1.05	11.824029654588623	230.0	17	1.05	0.95				
	122	2	0.0	0.0	0.0	0.0	1	1.05	18.03040727210154	230.0	17	1.05	0.95				
	123	2	0.0	0.0	0.0	0.0	1	1.0297233042142635	7.284729712240108	230.0	15	1.05	0.95				
	124	1	0.0	0.0	0.0	0.0	1	1.024906007441537	5.798319543338304	230.0	16	1.05	0.95				
	201	2	59.295450960000004	12.078702973333332	0.0	0.0	2	1.0329932222189906	-7.567129664144473	138.0	21	1.05	0.95				
	202	2	53.25609947333333	10.980639066666667	0.0	0.0	2	1.0331410433491044	-7.639140770524385	138.0	22	1.05	0.95				
	203	1	98.8257516	20.314182273333333	0.0	0.0	2	1.0246801893237323	-5.879317158329597	138.0	21	1.05	0.95				
	204	1	40.62836454666667	8.2354793	0.0	0.0	2	1.0188774146585735	-10.01425932908569	138.0	21	1.05	0.95				
	205	1	38.98126868666667	7.686447346666666	0.0	0.0	2	1.0343296978729863	-10.256650048745366	138.0	21	1.05	0.95				
	206	1	74.66834565333333	15.372894693333333	0.0	-100.0	2	1.0423111998473007	-12.290314253023269	138.0	22	1.05	0.95				
	207	2	68.62899416666667	13.725798833333332	0.0	0.0	2	0.9877597401743586	-20.60276449828539	138.0	22	1.05	0.95				
	208	1	93.88446402	19.216118366666667	0.0	0.0	2	0.990690536952553	-18.0111779122359	138.0	22	1.05	0.95				
	209	1	96.08059183333333	19.76515032	0.0	0.0	2	1.0238322072984418	-9.730003908187483	138.0	23	1.05	0.95				
	210	1	107.0612309	21.961278133333334	0.0	0.0	2	1.05	-11.250093257523742	138.0	23	1.05	0.95				
	211	1	0.0	0.0	0.0	0.0	2	1.0118371364734504	-6.88552797161585	230.0	23	1.05	0.95				
	212	1	0.0	0.0	0.0	0.0	2	1.0134021590024982	-6.096866046096076	230.0	23	1.05	0.95				
	213	2	145.49346763333332	29.647725480000002	0.0	0.0	2	1.0095835166311518	-5.815465528483354	230.0	24	1.05	0.95				
	214	2	106.51219894666666	21.41224618	0.0	0.0	2	1.0170023978730223	-4.168822029941051	230.0	26	1.05	0.95				
	215	2	174.04312920666666	35.13804501333333	0.0	0.0	2	1.0331140256511535	3.0539011448863302	230.0	26	1.05	0.95				
	216	2	54.90319533333333	10.980639066666667	0.0	0.0	2	1.035755587057403	3.001682132880191	230.0	26	1.05	0.95				
	217	1	0.0	0.0	0.0	0.0	2	1.0395441715463478	5.914088928753012	230.0	27	1.05	0.95				
	218	2	182.82764046	37.334172826666666	0.0	0.0	2	1.0410125672856658	6.361444005672508	230.0	27	1.05	0.95				
	219	1	99.37478355333333	20.314182273333333	0.0	0.0	2	1.0358156659737532	2.296814207689096	230.0	25	1.05	0.95				
	220	1	70.27609002666667	14.274830786666667	0.0	0.0	2	1.0401190409393801	2.732235197109453	230.0	25	1.05	0.95				
	221	2	0.0	0.0	0.0	0.0	2	1.0406271774594302	6.017053197359896	230.0	27	1.05	0.95				
	222	2	0.0	0.0	0.0	0.0	2	1.05	12.47956861100047	230.0	27	1.05	0.95				
	223	2	0.0	0.0	0.0	0.0	2	1.0436673315495988	3.376558839131092	230.0	25	1.05	0.95				
	224	1	0.0	0.0	0.0	0.0	2	1.0187884771562625	-0.2967450866331553	230.0	26	1.05	0.95				
	301	2	50.56627649684211	10.300537804912281	0.0	0.0	3	1.0075139977473637	-21.657461445583692	138.0	31	1.05	0.95				
	302	2	45.41600759438597	9.364125277192983	0.0	0.0	3	1.0069926705597065	-21.778879290605875	138.0	32	1.05	0.95				
	303	1	84.27712749473685	17.323631762807018	0.0	0.0	3	1.023720476946837	-15.686787875381667	138.0	31	1.05	0.95				
	304	1	34.647263525614036	7.023093957894737	0.0	0.0	3	1.0092788469497262	-20.226733734562412	138.0	31	1.05	0.95				
	305	1	33.24264473403509	6.554887694035089	0.0	0.0	3	1.02256644465742	-21.008885588181073	138.0	31	1.05	0.95				
	306	1	63.67605188491229	13.109775388070178	0.0	-100.0	3	1.039020820423672	-21.19470387668305	138.0	32	1.05	0.95				
	307	2	58.52578298245614	11.705156596491229	0.0	0.0	3	0.9929536536591241	-26.410169855291247	138.0	32	1.05	0.95				
	308	1	80.06327112	16.38721923508772	0.0	0.0	3	0.9978521637731398	-24.266444854442394	138.0	32	1.05	0.95				
	309	1	81.93609617543859	16.85542549894737	0.0	0.0	3	1.0262847028930107	-17.0426869623382	138.0	33	1.05	0.95				
	310	1	91.30022145263158	18.728250554385966	0.0	0.0	3	1.05	-18.854961662120896	138.0	33	1.05	0.95				
	311	1	0.0	0.0	0.0	0.0	3	1.0114089115790221	-12.56968775859823	230.0	33	1.05	0.95				
	312	1	0.0	0.0	0.0	0.0	3	1.0128860573584701	-12.105473738070014	230.0	33	1.05	0.95				
	313	2	124.07465992280702	25.283138248421054	0.0	0.0	3	1.014182657053398	-9.010364137760703	230.0	34	1.05	0.95				
	314	2	90.83201518877193	18.260044290526317	0.0	0.0	3	1.0175399575245065	-10.257055280870128	230.0	36	1.05	0.95				
	315	2	148.42138564350878	29.965200887017545	0.0	0.0	3	1.0426341027621577	-4.609820728994317	230.0	36	1.05	0.95				
	316	2	46.820626385964914	9.364125277192983	0.0	0.0	3	1.0412496164287293	-4.214014560931849	230.0	36	1.05	0.95				
	317	1	0.0	0.0	0.0	0.0	3	1.0449579589498406	-2.2601111318554197	230.0	37	1.05	0.95				
	318	2	155.91268586526317	31.838025942456145	0.0	0.0	3	1.0453931852041143	-1.9632484591376715	230.0	37	1.05	0.95				
	319	1	84.7453337585965	17.323631762807018	0.0	0.0	3	1.0370436415448745	-5.234962694479851	230.0	35	1.05	0.95				
	320	1	59.93040177403509	12.173362860350878	0.0	0.0	3	1.0367729516104052	-5.231415075191946	230.0	35	1.05	0.95				
	321	2	0.0	0.0	0.0	0.0	3	1.0478740008024574	-1.2849549878865942	230.0	37	1.05	0.95				
	322	2	0.0	0.0	0.0	0.0	3	1.05	3.324634753001412	230.0	37	1.05	0.95				
	323	2	0.0	0.0	0.0	0.0	3	1.0373315925199729	-4.876809208790549	230.0	35	1.05	0.95				
	324	1	0.0	0.0	0.0	0.0	3	1.0217066012883638	-8.726283582943283	230.0	36	1.05	0.95				
	325	1	0.0	0.0	0.0	0.0	3	1.0329842368965547	-3.4896068283191988	230.0	35	1.05	0.95				
];
