%% MATPOWER Case Format : Version 2
function mpc = RTS_GMLC
mpc.version = '2';

%%-----  Power Flow Data  -----%%
%% system MVA base
mpc.baseMVA = 100.0;
%% bus data
%    bus_i    type    Pd    Qd    Gs    Bs    area    Vm    Va    baseKV    zone    Vmax    Vmin
mpc.bus = [
	101	2	35.25630875621053	7.181840672561404	0.0	0.0	1	1.0079600644963234	-6.2676834766718175	138.0	11	1.05	0.95				
	102	2	31.665388419929823	6.528946065964912	0.0	0.0	1	1.0079500232495842	-6.416014849819885	138.0	12	1.05	0.95				
	103	1	58.760514593684206	12.078550222035087	0.0	0.0	1	1.0211164095302918	-0.2582426463077246	138.0	11	1.05	0.95				
	104	1	24.157100444070174	4.896709549473685	0.0	0.0	1	1.0099841738910758	-5.53341772389219	138.0	11	1.05	0.95				
	105	1	23.17775853417544	4.570262246175439	0.0	0.0	1	1.0237717137522437	-6.2681142860480925	138.0	11	1.05	0.95				
	106	1	44.39683324856141	9.140524492350877	0.0	-100.0	1	1.0413276109193212	-6.697465550107724	138.0	12	1.05	0.95				
	107	2	40.805912912280704	8.16118258245614	0.0	0.0	1	0.9918147003946045	-9.842013184132416	138.0	12	1.05	0.95				
	108	1	55.822488864	11.425655615438595	0.0	0.0	1	1.001178244297079	-8.52668614922795	138.0	12	1.05	0.95				
	109	1	57.12827807719299	11.752102918736842	0.0	0.0	1	1.0206644616055858	-3.4489018374101406	138.0	13	1.05	0.95				
	110	1	63.6572241431579	13.057892131929824	0.0	0.0	1	1.0473496128875883	-5.20662459262945	138.0	13	1.05	0.95				
	111	1	0.0	0.0	0.0	0.0	1	1.00377278925302	-0.4794079650739183	230.0	13	1.05	0.95				
	112	1	0.0	0.0	0.0	0.0	1	0.9998849836269701	-1.4460984286095333	230.0	13	1.05	0.95				
	113	3	86.50853537403509	17.628154378105265	0.0	0.0	1	0.9781461077018317	-6.670052518976114e-30	230.0	14	1.05	0.95				
	114	2	63.330776839859645	12.731444828631581	0.0	0.0	1	1.025449636274749	3.0028072532531125	230.0	16	1.05	0.95				
	115	2	103.48379514554387	20.89262741108772	0.0	0.0	1	1.029421679038972	11.51129311370221	230.0	16	1.05	0.95				
	116	2	32.64473032982456	6.528946065964912	0.0	0.0	1	1.0288332000102751	10.039229657891394	230.0	16	1.05	0.95				
	117	1	0.0	0.0	0.0	0.0	1	1.030483256268517	15.574463459218784	230.0	17	1.05	0.95				
	118	2	108.70695199831579	22.198416624280704	0.0	0.0	1	1.0390132284285696	15.940627520289953	230.0	17	1.05	0.95				
	119	1	59.08696189698246	12.078550222035087	0.0	0.0	1	1.0220131975116347	6.367242587807239	230.0	15	1.05	0.95				
	120	1	41.78525482217544	8.487629885754385	0.0	0.0	1	1.020865198755781	3.799439952138547	230.0	15	1.05	0.95				
	121	2	0.0	0.0	0.0	0.0	1	1.0328711835635735	17.145378763673875	230.0	17	1.05	0.95				
	122	2	0.0	0.0	0.0	0.0	1	1.0452659733774554	35.31257169279167	230.0	17	1.05	0.95				
	123	2	0.0	0.0	0.0	0.0	1	1.0208049975379987	2.640736713662657	230.0	15	1.05	0.95				
	124	1	0.0	0.0	0.0	0.0	1	1.0117319017408877	7.092314614964743	230.0	16	1.05	0.95				
	201	2	37.22965528168422	7.5838186684912285	0.0	0.0	2	1.0125643381419362	-13.253478958959183	138.0	21	1.05	0.95				
	202	2	33.43774594743859	6.894380607719299	0.0	0.0	2	1.0112025757718544	-13.516534721922325	138.0	22	1.05	0.95				
	203	1	62.04942546947368	12.754604124280702	0.0	0.0	2	1.0022678095393929	-9.778504767081648	138.0	21	1.05	0.95				
	204	1	25.509208248561404	5.170785455789473	0.0	0.0	2	1.003088823528694	-13.180058421232944	138.0	21	1.05	0.95				
	205	1	24.475051157403506	4.82606642540351	0.0	0.0	2	1.019436606049999	-13.560652110494205	138.0	21	1.05	0.95				
	206	1	46.88178813249123	9.65213285080702	0.0	-100.0	2	1.0314050704848408	-14.200080848969497	138.0	22	1.05	0.95				
	207	2	43.089878798245614	8.617975759649124	0.0	0.0	2	0.9797620346328949	-18.3507880001128	138.0	22	1.05	0.95				
	208	1	58.946954196	12.065166063508771	0.0	0.0	2	0.9873409196373765	-16.796493445479687	138.0	22	1.05	0.95				
	209	1	60.32583031754386	12.409885093894736	0.0	0.0	2	1.0059217974038688	-11.427919167468431	138.0	23	1.05	0.95				
	210	1	67.22021092526316	13.788761215438598	0.0	0.0	2	1.0342452516088483	-12.732467591914073	138.0	23	1.05	0.95				
	211	1	0.0	0.0	0.0	0.0	2	0.9855640797726761	-8.781805990935332	230.0	23	1.05	0.95				
	212	1	0.0	0.0	0.0	0.0	2	0.9828806325161364	-7.9225138298118205	230.0	23	1.05	0.95				
	213	2	91.3505430522807	18.61482764084211	0.0	0.0	2	0.977602508522227	-7.349823341137034	230.0	24	1.05	0.95				
	214	2	66.87549189487719	13.444042185052632	0.0	0.0	2	0.9847235731285999	-6.574893563975491	230.0	26	1.05	0.95				
	215	2	109.27593263235087	22.062017944701754	0.0	0.0	2	0.9970551052122959	-0.7716009291440381	230.0	26	1.05	0.95				
	216	2	34.471903038596494	6.894380607719299	0.0	0.0	2	0.9944557343183297	-1.21878372636748	230.0	26	1.05	0.95				
	217	1	0.0	0.0	0.0	0.0	2	1.006994752095726	0.542654361262632	230.0	27	1.05	0.95				
	218	2	114.7914371185263	23.440894066245615	0.0	0.0	2	1.0068029600514812	0.1718152571038643	230.0	27	1.05	0.95				
	219	1	62.39414449985965	12.754604124280702	0.0	0.0	2	0.986468028671996	-0.8636125124381898	230.0	25	1.05	0.95				
	220	1	44.12403588940351	8.962694790035087	0.0	0.0	2	0.9817246662630894	0.1818061128864878	230.0	25	1.05	0.95				
	221	2	0.0	0.0	0.0	0.0	2	1.0080739126144287	0.6745303083193236	230.0	27	1.05	0.95				
	222	2	0.0	0.0	0.0	0.0	2	1.027309972567105	7.351319081689926	230.0	27	1.05	0.95				
	223	2	0.0	0.0	0.0	0.0	2	0.9797126150028515	1.0554471621331125	230.0	25	1.05	0.95				
	224	1	0.0	0.0	0.0	0.0	2	0.9881533560042265	-4.198661645125881	230.0	26	1.05	0.95				
	301	2	36.74596646652631	7.485289465403508	0.0	0.0	3	1.014682309953389	25.09285016226123	138.0	31	1.05	0.95				
	302	2	33.003321733824556	6.804808604912281	0.0	0.0	3	1.0149332919798715	24.728059015158472	138.0	32	1.05	0.95				
	303	1	61.24327744421052	12.588895919087717	0.0	0.0	3	1.0403895286987594	39.63100521051379	138.0	31	1.05	0.95				
	304	1	25.177791838175434	5.103606453684209	0.0	0.0	3	1.0083050603514345	25.832998652382283	138.0	31	1.05	0.95				
	305	1	24.157070547438593	4.763366023438596	0.0	0.0	3	1.0242305624229	23.18610239539277	138.0	31	1.05	0.95				
	306	1	46.27269851340351	9.526732046877193	0.0	-100.0	3	1.038122731090358	21.671775466783174	138.0	32	1.05	0.95				
	307	2	42.53005378070175	8.50601075614035	0.0	0.0	3	0.9538204241582314	19.443249776668335	138.0	32	1.05	0.95				
	308	1	58.181113572	11.908415058596491	0.0	0.0	3	0.9751989330650117	20.826293329567836	138.0	32	1.05	0.95				
	309	1	59.54207529298245	12.248655488842104	0.0	0.0	3	1.012633490151337	28.180163322171296	138.0	33	1.05	0.95				
	310	1	66.34688389789473	13.609617209824561	0.0	0.0	3	1.0421244097551003	22.374563109305573	138.0	33	1.05	0.95				
	311	1	0.0	0.0	0.0	0.0	3	1.0002968822997604	25.0793691432529	230.0	33	1.05	0.95				
	312	1	0.0	0.0	0.0	0.0	3	1.0063857910844425	24.58267433494228	230.0	33	1.05	0.95				
	313	2	90.16371401508772	18.372983233263156	0.0	0.0	3	0.9995318083246152	24.224670909174545	230.0	34	1.05	0.95				
	314	2	66.00664346764911	13.269376779578948	0.0	0.0	3	0.9935279425607347	25.740230887851265	230.0	36	1.05	0.95				
	315	2	107.85621638785965	21.775387535719297	0.0	0.0	3	1.0266522476543543	29.48302919375075	230.0	36	1.05	0.95				
	316	2	34.0240430245614	6.804808604912281	0.0	0.0	3	1.0180967666371974	28.69577557930231	230.0	36	1.05	0.95				
	317	1	0.0	0.0	0.0	0.0	3	1.0265063914974668	33.55511564111549	230.0	37	1.05	0.95				
	318	2	113.30006327178947	23.136349256701756	0.0	0.0	3	1.016882617705965	29.731814440185293	230.0	37	1.05	0.95				
	319	1	61.58351787445614	12.588895919087717	0.0	0.0	3	1.012101739449432	26.10059644280092	230.0	35	1.05	0.95				
	320	1	43.55077507143859	8.846251186385965	0.0	0.0	3	1.0102334205537797	24.515193385991882	230.0	35	1.05	0.95				
	321	2	0.0	0.0	0.0	0.0	3	1.0278662840443191	30.312548748412624	230.0	37	1.05	0.95				
	322	2	0.0	0.0	0.0	0.0	3	1.0413461105184187	35.90614767609465	230.0	37	1.05	0.95				
	323	2	0.0	0.0	0.0	0.0	3	1.009477560877578	23.913139075992273	230.0	35	1.05	0.95				
	324	1	0.0	0.0	0.0	0.0	3	1.0287520266895882	33.37244360305615	230.0	36	1.05	0.95				
	325	1	0.0	0.0	0.0	0.0	3	1.0128881013029756	23.34365252715095	230.0	35	1.05	0.95				
];
