%% MATPOWER Case Format : Version 2
function mpc = RTS_GMLC
mpc.version = '2';

%%-----  Power Flow Data  -----%%
%% system MVA base
mpc.baseMVA = 100.0;
%% bus data
%    bus_i    type    Pd    Qd    Gs    Bs    area    Vm    Va    baseKV    zone    Vmax    Vmin
mpc.bus = [
	101	2	42.56407720421053	8.670460171228068	0.0	0.0	1	1.0329683115296049	2.326094853373487	138.0	11	1.05	0.95				
	102	2	38.22884711859649	7.882236519298245	0.0	0.0	1	1.0320190637117461	2.048554295514944	138.0	12	1.05	0.95				
	103	1	70.9401286736842	14.582137560701753	0.0	0.0	1	1.0311872472440953	1.3665958603135135	138.0	11	1.05	0.95				
	104	1	29.164275121403506	5.911677389473683	0.0	0.0	1	1.021454849264689	-0.9931856747297733	138.0	11	1.05	0.95				
	105	1	27.981939643508767	5.5175655635087715	0.0	0.0	1	1.0360028615495387	-0.8318200813719099	138.0	11	1.05	0.95				
	106	1	53.59920833122806	11.035131127017543	0.0	-100.0	1	1.0461115058648607	-3.049222135424646	138.0	12	1.05	0.95				
	107	2	49.26397824561403	9.852795649122806	0.0	0.0	1	0.9999230636096614	-9.287833038694032	138.0	12	1.05	0.95				
	108	1	67.39312224	13.793913908771927	0.0	0.0	1	1.0046680238732197	-7.558695322266446	138.0	12	1.05	0.95				
	109	1	68.96956954385965	14.18802573473684	0.0	0.0	1	1.0245619694786328	-1.8800287460881702	138.0	13	1.05	0.95				
	110	1	76.85180606315788	15.76447303859649	0.0	0.0	1	1.05	-2.788819089932596	138.0	13	1.05	0.95				
	111	1	0.0	0.0	0.0	0.0	1	1.003540934646124	0.03748581540265469	230.0	13	1.05	0.95				
	112	1	0.0	0.0	0.0	0.0	1	1.0076095250878714	-0.5222567652760828	230.0	13	1.05	0.95				
	113	3	104.43963388070175	21.282038602105263	0.0	0.0	1	0.9937514404275279	-4.074946567958763e-28	230.0	14	1.05	0.95				
	114	2	76.45769423719298	15.370361212631579	0.0	0.0	1	1.0029498104283323	2.568966217510123	230.0	16	1.05	0.95				
	115	2	124.93344883087718	25.223156861754383	0.0	0.0	1	1.0411481079285971	9.600630949702033	230.0	16	1.05	0.95				
	116	2	39.41118259649122	7.882236519298245	0.0	0.0	1	1.0348852238021855	8.38929968374328	230.0	16	1.05	0.95				
	117	1	0.0	0.0	0.0	0.0	1	1.0405560676896435	12.977851676204228	230.0	17	1.05	0.95				
	118	2	131.2392380463158	26.79960416561403	0.0	0.0	1	1.0485508099010097	13.252269395422037	230.0	17	1.05	0.95				
	119	1	71.33424049964911	14.582137560701753	0.0	0.0	1	1.0233465209354609	5.414146558034795	230.0	15	1.05	0.95				
	120	1	50.446313723508766	10.246907475087719	0.0	0.0	1	1.0177046186176746	3.563735073382479	230.0	15	1.05	0.95				
	121	2	0.0	0.0	0.0	0.0	1	1.05	14.452699118249514	230.0	17	1.05	0.95				
	122	2	0.0	0.0	0.0	0.0	1	1.05	29.490718620220115	230.0	17	1.05	0.95				
	123	2	0.0	0.0	0.0	0.0	1	1.015173819249774	2.8486442637107445	230.0	15	1.05	0.95				
	124	1	0.0	0.0	0.0	0.0	1	1.0269327816900544	6.518454829721746	230.0	16	1.05	0.95				
	201	2	39.45663466105264	8.03746261614035	0.0	0.0	2	1.0136312930050393	-12.98614089085383	138.0	21	1.05	0.95				
	202	2	35.43790335298246	7.306784196491228	0.0	0.0	2	1.0127342346360768	-13.262399123697808	138.0	22	1.05	0.95				
	203	1	65.76105776842105	13.517550763508773	0.0	0.0	2	1.015580642555316	-9.416907223640013	138.0	21	1.05	0.95				
	204	1	27.035101527017545	5.480088147368421	0.0	0.0	2	1.0127036305115695	-12.983330476149893	138.0	21	1.05	0.95				
	205	1	25.939083897543856	5.11474893754386	0.0	0.0	2	1.0274824373682303	-13.376867769286081	138.0	21	1.05	0.95				
	206	1	49.686132536140356	10.22949787508772	0.0	-100.0	2	1.043423386667834	-14.072436097335325	138.0	22	1.05	0.95				
	207	2	45.667401228070176	9.133480245614036	0.0	0.0	2	0.9960039813622421	-18.37756298386962	138.0	22	1.05	0.95				
	208	1	62.473004880000005	12.786872343859649	0.0	0.0	2	1.003075854107633	-16.769892796509723	138.0	22	1.05	0.95				
	209	1	63.93436171929825	13.152211553684209	0.0	0.0	2	1.0227339911867883	-11.235755945498628	138.0	23	1.05	0.95				
	210	1	71.24114591578947	14.613568392982456	0.0	0.0	2	1.05	-12.589362779744873	138.0	23	1.05	0.95				
	211	1	0.0	0.0	0.0	0.0	2	1.0038090931991346	-8.457551179183232	230.0	23	1.05	0.95				
	212	1	0.0	0.0	0.0	0.0	2	1.006672617952842	-7.750236575005761	230.0	23	1.05	0.95				
	213	2	96.81489060350877	19.72831733052632	0.0	0.0	2	0.9985365671122671	-7.14222439558518	230.0	24	1.05	0.95				
	214	2	70.87580670596492	14.248229183157896	0.0	0.0	2	1.0035546019236705	-6.0195810710157485	230.0	26	1.05	0.95				
	215	2	115.81252951438597	23.38170942877193	0.0	0.0	2	1.0197676010195724	-0.1767319826271901	230.0	26	1.05	0.95				
	216	2	36.533920982456145	7.306784196491228	0.0	0.0	2	1.0209675603801287	-0.36530925752152965	230.0	26	1.05	0.95				
	217	1	0.0	0.0	0.0	0.0	2	1.0254853370266228	1.1290277455110211	230.0	27	1.05	0.95				
	218	2	121.65795687157896	24.843066268070178	0.0	0.0	2	1.024893942418624	0.7376236238010337	230.0	27	1.05	0.95				
	219	1	66.12639697824562	13.517550763508773	0.0	0.0	2	1.021920001090246	-0.47347770547048745	230.0	25	1.05	0.95				
	220	1	46.76341885754386	9.498819455438596	0.0	0.0	2	1.0248856269703133	0.15350915854775618	230.0	25	1.05	0.95				
	221	2	0.0	0.0	0.0	0.0	2	1.0267701100201743	1.2337267862443693	230.0	27	1.05	0.95				
	222	2	0.0	0.0	0.0	0.0	2	1.0486179048872635	7.7001017048368645	230.0	27	1.05	0.95				
	223	2	0.0	0.0	0.0	0.0	2	1.0269324058476683	0.779453044352273	230.0	25	1.05	0.95				
	224	1	0.0	0.0	0.0	0.0	2	1.0068347874295036	-3.6580832966317844	230.0	26	1.05	0.95				
	301	2	46.551724143157905	9.482758621754387	0.0	0.0	3	1.0083499521962096	-12.48768344580714	138.0	31	1.05	0.95				
	302	2	41.810344832280705	8.620689656140351	0.0	0.0	3	1.0081197118169516	-12.676633391733576	138.0	32	1.05	0.95				
	303	1	77.58620690526317	15.948275863859648	0.0	0.0	3	1.0356040590421312	-4.825586373773602	138.0	31	1.05	0.95				
	304	1	31.896551727719295	6.465517242105263	0.0	0.0	3	1.0109334440312971	-11.467177513403147	138.0	31	1.05	0.95				
	305	1	30.603448279298245	6.034482759298246	0.0	0.0	3	1.0237522008323083	-12.413525929392284	138.0	31	1.05	0.95				
	306	1	58.62068966175439	12.068965518596492	0.0	-100.0	3	1.0404253799545562	-12.891442783923996	138.0	32	1.05	0.95				
	307	2	53.8793103508772	10.775862070175439	0.0	0.0	3	0.9914868628943574	-17.53134287199321	138.0	32	1.05	0.95				
	308	1	73.70689656	15.086206898245614	0.0	0.0	3	0.9985986142665045	-15.596646647110934	138.0	32	1.05	0.95				
	309	1	75.43103449122808	15.517241381052632	0.0	0.0	3	1.026516085735664	-8.711176066792083	138.0	33	1.05	0.95				
	310	1	84.05172414736842	17.241379312280703	0.0	0.0	3	1.05	-10.94998652078382	138.0	33	1.05	0.95				
	311	1	0.0	0.0	0.0	0.0	3	1.0084320351975435	-5.679611834625353	230.0	33	1.05	0.95				
	312	1	0.0	0.0	0.0	0.0	3	1.0124547938085977	-5.107892807411206	230.0	33	1.05	0.95				
	313	2	114.22413794385966	23.275862071578953	0.0	0.0	3	1.0113281570022736	-2.3403564957722476	230.0	34	1.05	0.95				
	314	2	83.62068966456141	16.810344829473685	0.0	0.0	3	1.006780996585015	-4.347976964706736	230.0	36	1.05	0.95				
	315	2	136.63793104982454	27.586206899649124	0.0	0.0	3	1.0349876523314463	-0.08272312640610746	230.0	36	1.05	0.95				
	316	2	43.103448280701755	8.620689656140351	0.0	0.0	3	1.0337043907439674	0.07959297407645423	230.0	36	1.05	0.95				
	317	1	0.0	0.0	0.0	0.0	3	1.0441213210012061	4.292862197359753	230.0	37	1.05	0.95				
	318	2	143.53448277473686	29.310344830877195	0.0	0.0	3	1.0408385512428397	2.638499468027085	230.0	37	1.05	0.95				
	319	1	78.01724138807018	15.948275863859648	0.0	0.0	3	1.0289584271676664	-0.5057091563572412	230.0	35	1.05	0.95				
	320	1	55.17241379929825	11.206896552982457	0.0	0.0	3	1.0277301637497802	-0.17925191662864795	230.0	35	1.05	0.95				
	321	2	0.0	0.0	0.0	0.0	3	1.0406521242059936	2.3300718515943153	230.0	37	1.05	0.95				
	322	2	0.0	0.0	0.0	0.0	3	1.05	7.425527224049219	230.0	37	1.05	0.95				
	323	2	0.0	0.0	0.0	0.0	3	1.027686329808461	0.33239134711645557	230.0	35	1.05	0.95				
	324	1	0.0	0.0	0.0	0.0	3	1.0281080370973135	-1.8747153824869538	230.0	36	1.05	0.95				
	325	1	0.0	0.0	0.0	0.0	3	1.0255478125417496	1.5277079709741106	230.0	35	1.05	0.95				
];
