%% MATPOWER Case Format : Version 2
function mpc = RTS_GMLC
mpc.version = '2';

%%-----  Power Flow Data  -----%%
%% system MVA base
mpc.baseMVA = 100.0;
%% bus data
%    bus_i    type    Pd    Qd    Gs    Bs    area    Vm    Va    baseKV    zone    Vmax    Vmin
mpc.bus = [
	101	2	78.75556654736842	16.042800592982456	0.0	0.0	1	1.0375982720061276	0.527315353995961	138.0	11	1.05	0.95				
	102	2	70.73416625087718	14.584364175438596	0.0	0.0	1	1.0371196949056452	0.32324312436308517	138.0	12	1.05	0.95				
	103	1	131.25927757894735	26.981073724561398	0.0	0.0	1	1.024821524445898	-0.19819470543826012	138.0	11	1.05	0.95				
	104	1	53.962147449122796	10.938273131578946	0.0	0.0	1	1.0210318197219725	-2.8183189537804605	138.0	11	1.05	0.95				
	105	1	51.77449282280702	10.209054922807018	0.0	0.0	1	1.033490723334002	-3.328243280787965	138.0	11	1.05	0.95				
	106	1	99.17367639298246	20.418109845614037	0.0	-100.0	1	1.0372984784998054	-6.177728185421928	138.0	12	1.05	0.95				
	107	2	91.15227609649122	18.230455219298243	0.0	0.0	1	1.047279856791975	-5.15559063043388	138.0	12	1.05	0.95				
	108	1	124.69631369999999	25.522637307017543	0.0	0.0	1	1.0246789242815284	-6.994799751008787	138.0	12	1.05	0.95				
	109	1	127.6131865350877	26.25185551578947	0.0	0.0	1	1.026902603089902	-3.411287760589862	138.0	13	1.05	0.95				
	110	1	142.19755071052631	29.168728350877192	0.0	0.0	1	1.05	-4.960055853458252	138.0	13	1.05	0.95				
	111	1	0.0	0.0	0.0	0.0	1	1.012949268346854	-0.961964227161028	230.0	13	1.05	0.95				
	112	1	0.0	0.0	0.0	0.0	1	1.016222700992785	-0.5914384160349098	230.0	13	1.05	0.95				
	113	3	193.24282532456138	39.37778327368421	0.0	0.0	1	1.0120917544376153	1.6831307608415596e-28	230.0	14	1.05	0.95				
	114	2	141.46833250175436	28.439510142105263	0.0	0.0	1	1.0152160492534368	1.4782097982784412	230.0	16	1.05	0.95				
	115	2	231.16217218070173	46.66996536140351	0.0	0.0	1	1.0436653215213159	10.134199109538082	230.0	16	1.05	0.95				
	116	2	72.92182087719297	14.584364175438596	0.0	0.0	1	1.0412647187659516	9.322840791793341	230.0	16	1.05	0.95				
	117	1	0.0	0.0	0.0	0.0	1	1.0440381750154304	13.210171252065473	230.0	17	1.05	0.95				
	118	2	242.82966352105265	49.58683819649123	0.0	0.0	1	1.0489270955221401	13.396982591472657	230.0	17	1.05	0.95				
	119	1	131.9884957877193	26.981073724561398	0.0	0.0	1	1.0351285107549282	7.2103534471756925	230.0	15	1.05	0.95				
	120	1	93.33993072280703	18.959673428070175	0.0	0.0	1	1.0360669265594296	6.399368363971023	230.0	15	1.05	0.95				
	121	2	0.0	0.0	0.0	0.0	1	1.05	14.93578343942463	230.0	17	1.05	0.95				
	122	2	0.0	0.0	0.0	0.0	1	1.05	27.63559001752761	230.0	17	1.05	0.95				
	123	2	0.0	0.0	0.0	0.0	1	1.0384463609388908	6.4964849720230315	230.0	15	1.05	0.95				
	124	1	0.0	0.0	0.0	0.0	1	1.0236824168742888	6.295864539244456	230.0	16	1.05	0.95				
	201	2	85.08421220210526	17.331969152280703	0.0	0.0	2	1.0368977306579115	-14.363862177303057	138.0	21	1.05	0.95				
	202	2	76.4182276259649	15.756335592982456	0.0	0.0	2	1.0382868653661155	-14.47254865808743	138.0	22	1.05	0.95				
	203	1	141.8070203368421	29.149220847017542	0.0	0.0	2	1.0245979886292973	-10.79739215422483	138.0	21	1.05	0.95				
	204	1	58.298441694035084	11.817251694736841	0.0	0.0	2	1.0178107237988667	-15.836112307786124	138.0	21	1.05	0.95				
	205	1	55.93499135508772	11.02943491508772	0.0	0.0	2	1.0333727089773723	-16.310702682927364	138.0	21	1.05	0.95				
	206	1	107.14308203228072	22.05886983017544	0.0	-100.0	2	1.0369777756398215	-18.142478887663852	138.0	22	1.05	0.95				
	207	2	98.47709745614036	19.69541949122807	0.0	0.0	2	0.95	-29.90754935158024	138.0	22	1.05	0.95				
	208	1	134.71666932	27.5735872877193	0.0	0.0	2	0.9566498343463641	-25.92482686490815	138.0	22	1.05	0.95				
	209	1	137.8679364385965	28.36140406736842	0.0	0.0	2	1.0262165172299775	-13.76702006409309	138.0	23	1.05	0.95				
	210	1	153.62427203157893	31.512671185964912	0.0	0.0	2	1.05	-15.8058067610303	138.0	23	1.05	0.95				
	211	1	0.0	0.0	0.0	0.0	2	1.0333384965499401	-10.01948551728819	230.0	23	1.05	0.95				
	212	1	0.0	0.0	0.0	0.0	2	1.0275017004863463	-5.2054727225840605	230.0	23	1.05	0.95				
	213	2	208.77144660701754	42.54210610105263	0.0	0.0	2	1.0459512347298385	-7.385236520545981	230.0	24	1.05	0.95				
	214	2	152.8364552519298	30.72485440631579	0.0	0.0	2	1.0499999997441374	-7.7688279825991025	230.0	26	1.05	0.95				
	215	2	249.7379191487719	50.42027389754386	0.0	0.0	2	1.0444816421745402	0.23904808258909588	230.0	26	1.05	0.95				
	216	2	78.78167796491228	15.756335592982456	0.0	0.0	2	1.0483030778890294	0.2938356192298279	230.0	26	1.05	0.95				
	217	1	0.0	0.0	0.0	0.0	2	1.0485433033043239	3.332551777995364	230.0	27	1.05	0.95				
	218	2	262.3429876231579	53.57154101614036	0.0	0.0	2	1.049618142547068	3.5218349779294607	230.0	27	1.05	0.95				
	219	1	142.59483711649125	29.149220847017542	0.0	0.0	2	1.043106344925876	0.3811838792620522	230.0	25	1.05	0.95				
	220	1	100.84054779508772	20.483236270877192	0.0	0.0	2	1.0457306728878017	1.9312080471002941	230.0	25	1.05	0.95				
	221	2	0.0	0.0	0.0	0.0	2	1.0499999977228276	3.489263251186197	230.0	27	1.05	0.95				
	222	2	0.0	0.0	0.0	0.0	2	1.05	9.939979509005061	230.0	27	1.05	0.95				
	223	2	0.0	0.0	0.0	0.0	2	1.05	3.3521677391106772	230.0	25	1.05	0.95				
	224	1	0.0	0.0	0.0	0.0	2	1.0232193958824585	-3.858520309671915	230.0	26	1.05	0.95				
	301	2	81.58937043789474	16.62005694105263	0.0	0.0	3	1.0000507866520378	-13.64131195047024	138.0	31	1.05	0.95				
	302	2	73.27934196736841	15.109142673684211	0.0	0.0	3	0.9998821669964092	-13.819832193870754	138.0	32	1.05	0.95				
	303	1	135.9822840631579	27.951913946315788	0.0	0.0	3	1.0167943444100538	-4.811740362494997	138.0	31	1.05	0.95				
	304	1	55.903827892631575	11.331857005263156	0.0	0.0	3	0.9924173135959902	-11.08590025620424	138.0	31	1.05	0.95				
	305	1	53.63745649157895	10.576399871578948	0.0	0.0	3	1.0062075694705717	-12.00557389768733	138.0	31	1.05	0.95				
	306	1	102.74217018105263	21.152799743157896	0.0	-100.0	3	1.016508903617686	-11.917351287684028	138.0	32	1.05	0.95				
	307	2	94.43214171052632	18.886428342105262	0.0	0.0	3	0.964523775366225	-18.73036138200132	138.0	32	1.05	0.95				
	308	1	129.18316986	26.440999678947367	0.0	0.0	3	0.9696507750000991	-15.00369421311581	138.0	32	1.05	0.95				
	309	1	132.20499839473686	27.196456812631574	0.0	0.0	3	1.0156023529311147	-5.696826718023443	138.0	33	1.05	0.95				
	310	1	147.31414106842104	30.218285347368422	0.0	0.0	3	1.0351984802177694	-7.873491625845588	138.0	33	1.05	0.95				
	311	1	0.0	0.0	0.0	0.0	3	1.0132529686280214	0.9717061942456295	230.0	33	1.05	0.95				
	312	1	0.0	0.0	0.0	0.0	3	1.013274181736348	2.157515474856538	230.0	33	1.05	0.95				
	313	2	200.19614042631576	40.79468521894737	0.0	0.0	3	1.0399666024324026	8.103766260978349	230.0	34	1.05	0.95				
	314	2	146.55868393473682	29.46282821368421	0.0	0.0	3	1.026469856058566	2.1764096135443665	230.0	36	1.05	0.95				
	315	2	239.47991137789475	48.34925655578948	0.0	0.0	3	1.0451494809079118	4.289517956499455	230.0	36	1.05	0.95				
	316	2	75.54571336842105	15.109142673684211	0.0	0.0	3	1.0430969598366175	5.3212225481465145	230.0	36	1.05	0.95				
	317	1	0.0	0.0	0.0	0.0	3	1.05	8.398503656288849	230.0	37	1.05	0.95				
	318	2	251.5672255168421	51.371085090526314	0.0	0.0	3	1.0464301375593767	6.7628687744604585	230.0	37	1.05	0.95				
	319	1	136.7377411968421	27.951913946315788	0.0	0.0	3	1.0395893384596844	5.8413393846096024	230.0	35	1.05	0.95				
	320	1	96.69851311157896	19.641885475789476	0.0	0.0	3	1.0400366953361486	6.408166454734199	230.0	35	1.05	0.95				
	321	2	0.0	0.0	0.0	0.0	3	1.0488753720837527	7.369623142723205	230.0	37	1.05	0.95				
	322	2	0.0	0.0	0.0	0.0	3	1.05	12.119613139562645	230.0	37	1.05	0.95				
	323	2	0.0	0.0	0.0	0.0	3	1.0413598742222359	6.8571241882371154	230.0	35	1.05	0.95				
	324	1	0.0	0.0	0.0	0.0	3	1.0236301003693171	1.3182146122437477	230.0	36	1.05	0.95				
	325	1	0.0	0.0	0.0	0.0	3	1.040754675315311	7.537281545300583	230.0	35	1.05	0.95				
];
