%% MATPOWER Case Format : Version 2
function mpc = RTS_GMLC
mpc.version = '2';

%%-----  Power Flow Data  -----%%
%% system MVA base
mpc.baseMVA = 100.0;
%% bus data
%    bus_i    type    Pd    Qd    Gs    Bs    area    Vm    Va    baseKV    zone    Vmax    Vmin
mpc.bus = [
	101	2	59.62444332631579	12.145719936842106	0.0	0.0	1	1.0273944629561989	-1.3636319098668848	138.0	11	1.05	0.95				
	102	2	53.55158335789474	11.04156357894737	0.0	0.0	1	1.0264032299635182	-1.675422741403845	138.0	12	1.05	0.95				
	103	1	99.37407221052632	20.42689262105263	0.0	0.0	1	1.0247272570920365	-0.5764920708731144	138.0	11	1.05	0.95				
	104	1	40.85378524210526	8.281172684210526	0.0	0.0	1	1.0163811042143598	-4.197893738917967	138.0	11	1.05	0.95				
	105	1	39.197550705263154	7.729094505263159	0.0	0.0	1	1.0313143532445188	-4.235423190765926	138.0	11	1.05	0.95				
	106	1	75.08263233684211	15.458189010526318	0.0	-100.0	1	1.0405333117955877	-6.423141205065876	138.0	12	1.05	0.95				
	107	2	69.00977236842105	13.80195447368421	0.0	0.0	1	0.997529787398424	-13.042222374131958	138.0	12	1.05	0.95				
	108	1	94.4053686	19.322736263157893	0.0	0.0	1	0.9978204469226634	-11.224067646983173	138.0	12	1.05	0.95				
	109	1	96.61368131578948	19.87481444210526	0.0	0.0	1	1.0250521090234783	-4.0043722031368745	138.0	13	1.05	0.95				
	110	1	107.65524489473684	22.08312715789474	0.0	0.0	1	1.05	-5.384467315820861	138.0	13	1.05	0.95				
	111	1	0.0	0.0	0.0	0.0	1	1.0134992668807692	-0.8223490429580609	230.0	13	1.05	0.95				
	112	1	0.0	0.0	0.0	0.0	1	1.0142478735444669	-0.9692593223701188	230.0	13	1.05	0.95				
	113	3	146.30071742105264	29.812221663157896	0.0	0.0	1	1.0088282842449174	1.25484327177106e-29	230.0	14	1.05	0.95				
	114	2	107.10316671578948	21.53104897894737	0.0	0.0	1	1.0229306706739527	2.352745520004476	230.0	16	1.05	0.95				
	115	2	175.0087827263158	35.33300345263158	0.0	0.0	1	1.0433395360000162	10.979973957330735	230.0	16	1.05	0.95				
	116	2	55.20781789473684	11.04156357894737	0.0	0.0	1	1.0411489343099307	10.171183858598953	230.0	16	1.05	0.95				
	117	1	0.0	0.0	0.0	0.0	1	1.0420284848632142	15.024009146498932	230.0	17	1.05	0.95				
	118	2	183.8420335894737	37.541316168421055	0.0	0.0	1	1.05	15.094915453899604	230.0	17	1.05	0.95				
	119	1	99.92615038947369	20.42689262105263	0.0	0.0	1	1.0349877563346614	7.395435365760846	230.0	15	1.05	0.95				
	120	1	70.66600690526316	14.35403265263158	0.0	0.0	1	1.0353611242622904	6.026150295781964	230.0	15	1.05	0.95				
	121	2	0.0	0.0	0.0	0.0	1	1.049827456070651	16.479052966038925	230.0	17	1.05	0.95				
	122	2	0.0	0.0	0.0	0.0	1	1.05	34.38162612520234	230.0	17	1.05	0.95				
	123	2	0.0	0.0	0.0	0.0	1	1.036675069733901	5.687584830508119	230.0	15	1.05	0.95				
	124	1	0.0	0.0	0.0	0.0	1	1.021893431737908	6.682978230849033	230.0	16	1.05	0.95				
	201	2	53.92350072000001	10.984416813333334	0.0	0.0	2	1.0239918511312285	-12.500320608569861	138.0	21	1.05	0.95				
	202	2	48.43129231333334	9.985833466666667	0.0	0.0	2	1.0249943735663778	-12.30822062948705	138.0	22	1.05	0.95				
	203	1	89.87250120000002	18.473791913333333	0.0	0.0	2	1.0165026588780293	-11.307002015842567	138.0	21	1.05	0.95				
	204	1	36.947583826666666	7.489375099999999	0.0	0.0	2	1.0162496498330515	-13.754173595585705	138.0	21	1.05	0.95				
	205	1	35.44970880666667	6.990083426666667	0.0	0.0	2	1.030832452034205	-14.08534029499629	138.0	21	1.05	0.95				
	206	1	67.90366757333334	13.980166853333333	0.0	-100.0	2	1.0422375582404901	-15.414297698735929	138.0	22	1.05	0.95				
	207	2	62.411459166666674	12.482291833333333	0.0	0.0	2	0.9899710891601483	-22.590671418644064	138.0	22	1.05	0.95				
	208	1	85.37887614	17.475208566666666	0.0	0.0	2	0.9942164322877478	-20.273224352319588	138.0	22	1.05	0.95				
	209	1	87.37604283333333	17.974500239999998	0.0	0.0	2	1.023682350954765	-12.887101544293246	138.0	23	1.05	0.95				
	210	1	97.3618763	19.971666933333335	0.0	0.0	2	1.05	-14.090756743592898	138.0	23	1.05	0.95				
	211	1	0.0	0.0	0.0	0.0	2	1.0100588381637172	-9.600289110829129	230.0	23	1.05	0.95				
	212	1	0.0	0.0	0.0	0.0	2	1.0112685801133887	-8.42458802417032	230.0	23	1.05	0.95				
	213	2	132.31229343333334	26.961750360000003	0.0	0.0	2	1.0088773925570882	-7.924537227464887	230.0	24	1.05	0.95				
	214	2	96.86258462666667	19.472375260000003	0.0	0.0	2	1.0134401518762752	-7.112271622033843	230.0	26	1.05	0.95				
	215	2	158.27546044666667	31.954667093333335	0.0	0.0	2	1.0308705200521113	-0.6330539648915606	230.0	26	1.05	0.95				
	216	2	49.92916733333333	9.985833466666667	0.0	0.0	2	1.032728072863859	-0.5724740669676939	230.0	26	1.05	0.95				
	217	1	0.0	0.0	0.0	0.0	2	1.0365283677118515	1.3582727392953908	230.0	27	1.05	0.95				
	218	2	166.26412722	33.95183378666667	0.0	0.0	2	1.0354534864195624	0.7452526758339441	230.0	27	1.05	0.95				
	219	1	90.37179287333333	18.473791913333333	0.0	0.0	2	1.0337920798264626	-0.1929086895111674	230.0	25	1.05	0.95				
	220	1	63.90933418666667	12.981583506666666	0.0	0.0	2	1.038501956619508	1.0907435070772544	230.0	25	1.05	0.95				
	221	2	0.0	0.0	0.0	0.0	2	1.036459241130062	1.0898981258397547	230.0	27	1.05	0.95				
	222	2	0.0	0.0	0.0	0.0	2	1.05	7.694557991783438	230.0	27	1.05	0.95				
	223	2	0.0	0.0	0.0	0.0	2	1.0423884688082266	2.1630567424933798	230.0	25	1.05	0.95				
	224	1	0.0	0.0	0.0	0.0	2	1.0123004874419	-4.615945169474318	230.0	26	1.05	0.95				
	301	2	50.01961403368421	10.189180636491228	0.0	0.0	3	1.007397829799731	-12.801254259510092	138.0	31	1.05	0.95				
	302	2	44.92502371543859	9.2628914877193	0.0	0.0	3	1.0069607689015811	-12.892239374056201	138.0	32	1.05	0.95				
	303	1	83.36602338947368	17.1363492522807	0.0	0.0	3	1.023415048312298	-7.163028056358868	138.0	31	1.05	0.95				
	304	1	34.2726985045614	6.947168615789473	0.0	0.0	3	1.0103541068255775	-10.996736071354386	138.0	31	1.05	0.95				
	305	1	32.883264781403504	6.484024041403509	0.0	0.0	3	1.0226229127855702	-12.2432079152213	138.0	31	1.05	0.95				
	306	1	62.98766211649123	12.968048082807018	0.0	-100.0	3	1.0391757580591765	-12.46618978420186	138.0	32	1.05	0.95				
	307	2	57.89307179824561	11.578614359649123	0.0	0.0	3	0.993717594091484	-17.22478721908788	138.0	32	1.05	0.95				
	308	1	79.19772222	16.21006010350877	0.0	0.0	3	0.9989359037151404	-15.11403500390223	138.0	32	1.05	0.95				
	309	1	81.05030051754386	16.673204677894734	0.0	0.0	3	1.0284734703622564	-7.566228943853611	138.0	33	1.05	0.95				
	310	1	90.31319200526315	18.5257829754386	0.0	0.0	3	1.05	-10.195508841688556	138.0	33	1.05	0.95				
	311	1	0.0	0.0	0.0	0.0	3	1.0107424365845177	-4.132298593398739	230.0	33	1.05	0.95				
	312	1	0.0	0.0	0.0	0.0	3	1.0128326457855208	-3.7094793060814375	230.0	33	1.05	0.95				
	313	2	122.7333122122807	25.009807016842107	0.0	0.0	3	1.0123509497138417	-0.8094187250150027	230.0	34	1.05	0.95				
	314	2	89.85004743087718	18.062638401052634	0.0	0.0	3	1.0137821046764235	-2.2054683027847055	230.0	36	1.05	0.95				
	315	2	146.81683008035088	29.641252760701754	0.0	0.0	3	1.0399163588878109	2.944433162940608	230.0	36	1.05	0.95				
	316	2	46.31445743859649	9.2628914877193	0.0	0.0	3	1.0386834702081469	3.262049588098264	230.0	36	1.05	0.95				
	317	1	0.0	0.0	0.0	0.0	3	1.05	9.363089511615174	230.0	37	1.05	0.95				
	318	2	154.2271432705263	31.493831058245615	0.0	0.0	3	1.045538376136164	6.8730527129649825	230.0	37	1.05	0.95				
	319	1	83.82916796385965	17.1363492522807	0.0	0.0	3	1.0327544714009371	2.1942346123443217	230.0	35	1.05	0.95				
	320	1	59.28250552140351	12.041758934035087	0.0	0.0	3	1.0309767882231835	2.1525498402910466	230.0	35	1.05	0.95				
	321	2	0.0	0.0	0.0	0.0	3	1.045274334987189	6.200302183878276	230.0	37	1.05	0.95				
	322	2	0.0	0.0	0.0	0.0	3	1.05	11.784296101471767	230.0	37	1.05	0.95				
	323	2	0.0	0.0	0.0	0.0	3	1.0306947341830455	2.483117050345201	230.0	35	1.05	0.95				
	324	1	0.0	0.0	0.0	0.0	3	1.0211284417237407	-0.8183633473614722	230.0	36	1.05	0.95				
	325	1	0.0	0.0	0.0	0.0	3	1.0283550868861888	3.663247952277335	230.0	35	1.05	0.95				
];
