%% MATPOWER Case Format : Version 2
function mpc = RTS_GMLC
mpc.version = '2';

%%-----  Power Flow Data  -----%%
%% system MVA base
mpc.baseMVA = 100.0;
%% bus data
%    bus_i    type    Pd    Qd    Gs    Bs    area    Vm    Va    baseKV    zone    Vmax    Vmin
mpc.bus = [
	101	2	74.42701632	15.16105888	0.0	0.0	1	1.032566741584704	-0.7546180741174356	138.0	11	1.05	0.95				
	102	2	66.84648688	13.782780800000003	0.0	0.0	1	1.0325811389051025	-0.8022442254026052	138.0	12	1.05	0.95				
	103	1	124.0450272	25.49814448	0.0	0.0	1	1.0217812975355536	-1.7626334669752044	138.0	11	1.05	0.95				
	104	1	50.99628896	10.3370856	0.0	0.0	1	1.0171612684010243	-3.7699618655792437	138.0	11	1.05	0.95				
	105	1	48.92887184	9.647946560000001	0.0	0.0	1	1.0320698591146242	-3.751637053204454	138.0	11	1.05	0.95				
	106	1	93.72290944000001	19.295893120000002	0.0	-100.0	1	1.0379347815579973	-6.057792603352027	138.0	12	1.05	0.95				
	107	2	86.14238	17.228476	0.0	0.0	1	1.0469925148325627	-1.492152963365981	138.0	12	1.05	0.95				
	108	1	117.84277584	24.1198664	0.0	0.0	1	1.0254070073004578	-4.684380839881074	138.0	12	1.05	0.95				
	109	1	120.59933200000002	24.80900544	0.0	0.0	1	1.0265249022146328	-3.4088134413094426	138.0	13	1.05	0.95				
	110	1	134.38211280000002	27.565561600000006	0.0	0.0	1	1.05	-4.613921876618413	138.0	13	1.05	0.95				
	111	1	0.0	0.0	0.0	0.0	1	1.0119883027646506	-1.0375079134716685	230.0	13	1.05	0.95				
	112	1	0.0	0.0	0.0	0.0	1	1.0149472612834287	-0.1157759790865594	230.0	13	1.05	0.95				
	113	3	182.6218456	37.21350816	0.0	0.0	1	1.0105992763866087	1.1972860462377656e-29	230.0	14	1.05	0.95				
	114	2	133.69297376	26.87642256	0.0	0.0	1	1.013044261131742	1.0946454142820994	230.0	16	1.05	0.95				
	115	2	218.45707568	44.10489856	0.0	0.0	1	1.0440589145048333	8.436369960304832	230.0	16	1.05	0.95				
	116	2	68.913904	13.782780800000003	0.0	0.0	1	1.042040220213019	8.231705998198322	230.0	16	1.05	0.95				
	117	1	0.0	0.0	0.0	0.0	1	1.0467051054845495	10.895774512568147	230.0	17	1.05	0.95				
	118	2	229.48330032000004	46.861454720000005	0.0	0.0	1	1.048898129660454	11.347314487283201	230.0	17	1.05	0.95				
	119	1	124.73416624	25.49814448	0.0	0.0	1	1.0368588348793992	7.303524975375701	230.0	15	1.05	0.95				
	120	1	88.20979712	17.91761504	0.0	0.0	1	1.0382895620255725	7.801959121855226	230.0	15	1.05	0.95				
	121	2	0.0	0.0	0.0	0.0	1	1.05	11.756644753598783	230.0	17	1.05	0.95				
	122	2	0.0	0.0	0.0	0.0	1	1.05	18.324753954121917	230.0	17	1.05	0.95				
	123	2	0.0	0.0	0.0	0.0	1	1.040951440292857	8.586114744022773	230.0	15	1.05	0.95				
	124	1	0.0	0.0	0.0	0.0	1	1.0229503469740155	4.660982769686783	230.0	16	1.05	0.95				
	201	2	75.56430031578948	15.392727842105264	0.0	0.0	2	1.0380197254165835	-7.522087436742444	138.0	21	1.05	0.95				
	202	2	67.86793639473684	13.993388947368421	0.0	0.0	2	1.0379840429757043	-7.654389153307719	138.0	22	1.05	0.95				
	203	1	125.9405005263158	25.88776955263158	0.0	0.0	2	1.0278424354332647	-5.218847731650098	138.0	21	1.05	0.95				
	204	1	51.77553910526316	10.495041710526316	0.0	0.0	2	1.0192189161164231	-9.631403344546513	138.0	21	1.05	0.95				
	205	1	49.67653076315789	9.795372263157896	0.0	0.0	2	1.035021135541058	-9.937867111555821	138.0	21	1.05	0.95				
	206	1	95.15504484210527	19.59074452631579	0.0	-100.0	2	1.039320150790422	-11.961828071762342	138.0	22	1.05	0.95				
	207	2	87.45868092105263	17.491736184210527	0.0	0.0	2	0.9710915396665047	-22.518518118255294	138.0	22	1.05	0.95				
	208	1	119.64347550000001	24.488430657894735	0.0	0.0	2	0.9738710917386514	-19.077716612109093	138.0	22	1.05	0.95				
	209	1	122.44215328947368	25.188100105263157	0.0	0.0	2	1.0257310874639356	-8.425963783732879	138.0	23	1.05	0.95				
	210	1	136.4355422368421	27.986777894736843	0.0	0.0	2	1.05	-10.194416610903682	138.0	23	1.05	0.95				
	211	1	0.0	0.0	0.0	0.0	2	1.0224916017980896	-3.9687463662120366	230.0	23	1.05	0.95				
	212	1	0.0	0.0	0.0	0.0	2	1.0194175001185322	-2.8576319874393707	230.0	23	1.05	0.95				
	213	2	185.4124035526316	37.78215015789474	0.0	0.0	2	1.031154007486984	-0.6420286059388896	230.0	24	1.05	0.95				
	214	2	135.7358727894737	27.287108447368425	0.0	0.0	2	1.034487935709343	-1.642008166449112	230.0	26	1.05	0.95				
	215	2	221.79521481578948	44.77884463157895	0.0	0.0	2	1.0432921088291274	5.741629743604554	230.0	26	1.05	0.95				
	216	2	69.96694473684211	13.993388947368421	0.0	0.0	2	1.0462594636742846	5.925631182444672	230.0	26	1.05	0.95				
	217	1	0.0	0.0	0.0	0.0	2	1.0483470304523186	9.031438798409548	230.0	27	1.05	0.95				
	218	2	232.98992597368425	47.577522421052635	0.0	0.0	2	1.0499999662613746	9.846962186836087	230.0	27	1.05	0.95				
	219	1	126.64016997368421	25.88776955263158	0.0	0.0	2	1.043057958312119	5.391190127423026	230.0	25	1.05	0.95				
	220	1	89.5576892631579	18.19140563157895	0.0	0.0	2	1.0462314835512476	6.237181111941308	230.0	25	1.05	0.95				
	221	2	0.0	0.0	0.0	0.0	2	1.05	10.197424606455694	230.0	27	1.05	0.95				
	222	2	0.0	0.0	0.0	0.0	2	1.05	16.251726322085204	230.0	27	1.05	0.95				
	223	2	0.0	0.0	0.0	0.0	2	1.05	7.209595670497181	230.0	25	1.05	0.95				
	224	1	0.0	0.0	0.0	0.0	2	1.0237972174869774	1.6549019146039037	230.0	26	1.05	0.95				
	301	2	66.6074027368421	13.568174631578946	0.0	0.0	3	1.0119486885444833	-21.314675248257526	138.0	31	1.05	0.95				
	302	2	59.82331542105263	12.334704210526315	0.0	0.0	3	1.0107784432990203	-21.609939710030876	138.0	32	1.05	0.95				
	303	1	111.01233789473683	22.81920278947368	0.0	0.0	3	1.0201796564033523	-15.358427708273842	138.0	31	1.05	0.95				
	304	1	45.63840557894736	9.251028157894737	0.0	0.0	3	1.0082324800342413	-20.24096177966664	138.0	31	1.05	0.95				
	305	1	43.78819994736842	8.634292947368422	0.0	0.0	3	1.0227411508235051	-20.947989072082027	138.0	31	1.05	0.95				
	306	1	83.87598863157895	17.268585894736844	0.0	-100.0	3	1.035555553920744	-21.438863403926835	138.0	32	1.05	0.95				
	307	2	77.09190131578947	15.418380263157893	0.0	0.0	3	1.0052553073647423	-23.274624580159234	138.0	32	1.05	0.95				
	308	1	105.461721	21.585732368421052	0.0	0.0	3	1.002190437663828	-22.816910262924793	138.0	32	1.05	0.95				
	309	1	107.92866184210526	22.202467578947367	0.0	0.0	3	1.026966316613889	-16.5999999869333	138.0	33	1.05	0.95				
	310	1	120.26336605263157	24.66940842105263	0.0	0.0	3	1.05	-18.60256016898791	138.0	33	1.05	0.95				
	311	1	0.0	0.0	0.0	0.0	3	1.0176030370607043	-11.62955889026818	230.0	33	1.05	0.95				
	312	1	0.0	0.0	0.0	0.0	3	1.01686044897892	-10.977289777759879	230.0	33	1.05	0.95				
	313	2	163.43483078947366	33.30370136842105	0.0	0.0	3	1.0254584674283371	-7.576672687811578	230.0	34	1.05	0.95				
	314	2	119.64663084210525	24.052673210526315	0.0	0.0	3	1.027853955652795	-9.254732141958375	230.0	36	1.05	0.95				
	315	2	195.50506173684207	39.47105347368421	0.0	0.0	3	1.048036373156056	-2.254471379511771	230.0	36	1.05	0.95				
	316	2	61.67352105263157	12.334704210526315	0.0	0.0	3	1.0469029337970581	-2.1819489316948677	230.0	36	1.05	0.95				
	317	1	0.0	0.0	0.0	0.0	3	1.0482832491984666	0.20188201564514222	230.0	37	1.05	0.95				
	318	2	205.37282510526316	41.937994315789474	0.0	0.0	3	1.0484464748491518	0.607149871190731	230.0	37	1.05	0.95				
	319	1	111.62907310526316	22.81920278947368	0.0	0.0	3	1.0420210238040721	-3.393250800812061	230.0	35	1.05	0.95				
	320	1	78.94210694736842	16.03511547368421	0.0	0.0	3	1.0429043540640965	-3.288570244200234	230.0	35	1.05	0.95				
	321	2	0.0	0.0	0.0	0.0	3	1.05	1.563829278862464	230.0	37	1.05	0.95				
	322	2	0.0	0.0	0.0	0.0	3	1.05	6.804770194767215	230.0	37	1.05	0.95				
	323	2	0.0	0.0	0.0	0.0	3	1.044792127935806	-2.776326770161722	230.0	35	1.05	0.95				
	324	1	0.0	0.0	0.0	0.0	3	1.0209610154688924	-7.088513237388213	230.0	36	1.05	0.95				
	325	1	0.0	0.0	0.0	0.0	3	1.0410118410193865	-1.5748558667932648	230.0	35	1.05	0.95				
];

%% generator data
%    bus    Pg    Qg    Qmax    Qmin    Vg    mBase    status    Pmax    Pmin    Pc1    Pc2    Qc1min    Qc1max    Qc2min    Qc2max    ramp_agc    ramp_10    ramp_30    ramp_q    apf
