%% MATPOWER Case Format : Version 2
function mpc = RTS_GMLC
mpc.version = '2';

%%-----  Power Flow Data  -----%%
%% system MVA base
mpc.baseMVA = 100.0;
%% bus data
%    bus_i    type    Pd    Qd    Gs    Bs    area    Vm    Va    baseKV    zone    Vmax    Vmin
mpc.bus = [
	101	2	47.42701632000001	9.66105888	0.0	0.0	1	1.0122788920490928	-4.445812966712945	138.0	11	1.05	0.95				
	102	2	42.59648688	8.782780800000001	0.0	0.0	1	1.0122032402741061	-4.69508793694653	138.0	12	1.05	0.95				
	103	1	79.0450272	16.24814448	0.0	0.0	1	1.0007199466960692	1.0427688283981338	138.0	11	1.05	0.95				
	104	1	32.49628896	6.587085600000001	0.0	0.0	1	1.0022594014386386	-4.5894841604658145	138.0	11	1.05	0.95				
	105	1	31.17887184	6.147946560000001	0.0	0.0	1	1.0163697859550331	-5.742580752971933	138.0	11	1.05	0.95				
	106	1	59.72290944	12.295893120000002	0.0	-100.0	1	1.0262740250911206	-6.989636702128357	138.0	12	1.05	0.95				
	107	2	54.89238000000001	10.978476	0.0	0.0	1	0.9885482984000521	-11.76690010788749	138.0	12	1.05	0.95				
	108	1	75.09277584	15.369866400000001	0.0	0.0	1	0.9877041087647978	-10.14259613417745	138.0	12	1.05	0.95				
	109	1	76.849332	15.809005440000002	0.0	0.0	1	1.0025061336932062	-3.5395029967323466	138.0	13	1.05	0.95				
	110	1	85.6321128	17.565561600000002	0.0	0.0	1	1.0310994472493018	-5.6086130461797135	138.0	13	1.05	0.95				
	111	1	0.0	0.0	0.0	0.0	1	0.9848514612984984	-0.57219686016632	230.0	13	1.05	0.95				
	112	1	0.0	0.0	0.0	0.0	1	0.9849407298534143	-1.5476354510736234	230.0	13	1.05	0.95				
	113	3	116.3718456	23.713508160000003	0.0	0.0	1	0.9679913249814538	9.994083181456556e-30	230.0	14	1.05	0.95				
	114	2	85.19297376	17.12642256	0.0	0.0	1	0.9972776983933436	3.0333459826177838	230.0	16	1.05	0.95				
	115	2	139.20707568	28.104898560000002	0.0	0.0	1	0.9934749808512492	12.965980060230484	230.0	16	1.05	0.95				
	116	2	43.913904	8.782780800000001	0.0	0.0	1	0.992214806935655	11.19343212688286	230.0	16	1.05	0.95				
	117	1	0.0	0.0	0.0	0.0	1	0.994382752363152	17.47498815518088	230.0	17	1.05	0.95				
	118	2	146.23330032	29.86145472	0.0	0.0	1	1.004408616906351	18.13507072601835	230.0	17	1.05	0.95				
	119	1	79.48416624000001	16.24814448	0.0	0.0	1	0.9915306516461744	7.065530594768356	230.0	15	1.05	0.95				
	120	1	56.209797120000005	11.417615040000001	0.0	0.0	1	0.9971591546336768	3.978180801122039	230.0	15	1.05	0.95				
	121	2	0.0	0.0	0.0	0.0	1	1.0048719650443554	19.612763316120333	230.0	17	1.05	0.95				
	122	2	0.0	0.0	0.0	0.0	1	1.0092071357950052	37.979448308840446	230.0	17	1.05	0.95				
	123	2	0.0	0.0	0.0	0.0	1	1.0016827414505483	2.6490939810540675	230.0	15	1.05	0.95				
	124	1	0.0	0.0	0.0	0.0	1	0.9818918186840657	8.422703271574733	230.0	16	1.05	0.95				
	201	2	49.333543199999994	10.049425466666666	0.0	0.0	2	1.0101232754971057	-14.060472594586491	138.0	21	1.05	0.95				
	202	2	44.30883046666666	9.135841333333333	0.0	0.0	2	1.0090824003893428	-14.271882153466326	138.0	22	1.05	0.95				
	203	1	82.222572	16.901306466666664	0.0	0.0	2	0.9960742777802469	-10.58228358938513	138.0	21	1.05	0.95				
	204	1	33.80261293333333	6.851880999999999	0.0	0.0	2	0.9987114419462287	-13.18686805858666	138.0	21	1.05	0.95				
	205	1	32.432236733333326	6.395088933333333	0.0	0.0	2	1.0150719592937016	-13.621908778659654	138.0	21	1.05	0.95				
	206	1	62.12372106666666	12.790177866666665	0.0	-100.0	2	1.025576686043101	-13.937057340839605	138.0	22	1.05	0.95				
	207	2	57.09900833333332	11.419801666666665	0.0	0.0	2	0.9697680041652585	-19.568381888296773	138.0	22	1.05	0.95				
	208	1	78.11144339999998	15.987722333333329	0.0	0.0	2	0.9760277937214052	-17.400044008709312	138.0	22	1.05	0.95				
	209	1	79.93861166666666	16.444514399999996	0.0	0.0	2	1.0046542128835727	-10.343971169556468	138.0	23	1.05	0.95				
	210	1	89.07445299999999	18.271682666666667	0.0	0.0	2	1.0316429301477983	-11.665824899283859	138.0	23	1.05	0.95				
	211	1	0.0	0.0	0.0	0.0	2	0.9890307740828415	-7.577039477131746	230.0	23	1.05	0.95				
	212	1	0.0	0.0	0.0	0.0	2	0.9881508482315323	-2.861527915636271	230.0	23	1.05	0.95				
	213	2	121.04989766666665	24.666771599999997	0.0	0.0	2	0.9863243287437015	-4.913902946084521	230.0	24	1.05	0.95				
	214	2	88.61766093333333	17.8148906	0.0	0.0	2	0.9895543687189725	-6.372403123960364	230.0	26	1.05	0.95				
	215	2	144.8030851333333	29.234692266666663	0.0	0.0	2	0.9931882533191737	-1.2355223433349718	230.0	26	1.05	0.95				
	216	2	45.67920666666666	9.135841333333333	0.0	0.0	2	0.9919045964629415	-1.60499438486298	230.0	26	1.05	0.95				
	217	1	0.0	0.0	0.0	0.0	2	1.0021791405957192	-0.3347315658160502	230.0	27	1.05	0.95				
	218	2	152.11175819999997	31.06186053333333	0.0	0.0	2	1.002937824001639	-0.943108030438793	230.0	27	1.05	0.95				
	219	1	82.67936406666666	16.901306466666664	0.0	0.0	2	0.9845130507131022	-0.751166906889072	230.0	25	1.05	0.95				
	220	1	58.469384533333326	11.876593733333332	0.0	0.0	2	0.9819748068907362	0.966933013211041	230.0	25	1.05	0.95				
	221	2	0.0	0.0	0.0	0.0	2	1.0054165617948723	-0.3735764155610727	230.0	27	1.05	0.95				
	222	2	0.0	0.0	0.0	0.0	2	1.0234460898040625	5.115920771913632	230.0	27	1.05	0.95				
	223	2	0.0	0.0	0.0	0.0	2	0.9820977195957145	2.2988786627252638	230.0	25	1.05	0.95				
	224	1	0.0	0.0	0.0	0.0	2	0.9830829377816346	-4.783163733782943	230.0	26	1.05	0.95				
	301	2	62.84909838315789	12.802594115087718	0.0	0.0	3	1.002284751243025	31.466888145285388	138.0	31	1.05	0.95				
	302	2	56.44780132561402	11.638721922807015	0.0	0.0	3	1.003040501375521	31.06973110171169	138.0	32	1.05	0.95				
	303	1	104.74849730526314	21.53163555719298	0.0	0.0	3	1.0138778771388384	47.538230415759855	138.0	31	1.05	0.95				
	304	1	43.06327111438596	8.729041442105261	0.0	0.0	3	0.9920420913396747	32.82176290476857	138.0	31	1.05	0.95				
	305	1	41.31746282596491	8.147105345964913	0.0	0.0	3	1.0105918435638703	30.718974740061558	138.0	31	1.05	0.95				
	306	1	79.14330907508771	16.294210691929827	0.0	-100.0	3	1.022092860026643	29.62353672235771	138.0	32	1.05	0.95				
	307	2	72.74201201754384	14.54840240350877	0.0	0.0	3	0.9656061012336506	25.8905650319798	138.0	32	1.05	0.95				
	308	1	99.51107243999998	20.36776336491228	0.0	0.0	3	0.9751061686463682	28.6485250043071	138.0	32	1.05	0.95				
	309	1	101.83881682456139	20.949699461052628	0.0	0.0	3	1.0034428431018871	36.74809230101652	138.0	33	1.05	0.95				
	310	1	113.47753874736841	23.27744384561403	0.0	0.0	3	1.0338767273321259	31.88819172161906	138.0	33	1.05	0.95				
	311	1	0.0	0.0	0.0	0.0	3	0.9961500898907507	36.44212383173241	230.0	33	1.05	0.95				
	312	1	0.0	0.0	0.0	0.0	3	1.0025426944886946	36.76550263066609	230.0	33	1.05	0.95				
	313	2	154.21306547719297	31.424549191578944	0.0	0.0	3	1.0062962724684192	39.84706955084935	230.0	34	1.05	0.95				
	314	2	112.89560265122805	22.69550774947368	0.0	0.0	3	0.9902673912248734	35.62977018257256	230.0	36	1.05	0.95				
	315	2	184.4737424764912	37.24391015298245	0.0	0.0	3	0.9901260165963311	33.25454518667014	230.0	36	1.05	0.95				
	316	2	58.19360961403508	11.638721922807015	0.0	0.0	3	0.9854103630767536	33.56540093844527	230.0	36	1.05	0.95				
	317	1	0.0	0.0	0.0	0.0	3	0.9945321647018749	34.952781925678714	230.0	37	1.05	0.95				
	318	2	193.78472001473682	39.57165453754386	0.0	0.0	3	0.9864721516369273	31.00787584834062	230.0	37	1.05	0.95				
	319	1	105.3304334014035	21.53163555719298	0.0	0.0	3	0.9935930939628385	33.64760227907159	230.0	35	1.05	0.95				
	320	1	74.4878203059649	15.13033849964912	0.0	0.0	3	1.0023303700313337	33.442826047721425	230.0	35	1.05	0.95				
	321	2	0.0	0.0	0.0	0.0	3	0.9963509961888112	32.25629206960694	230.0	37	1.05	0.95				
	322	2	0.0	0.0	0.0	0.0	3	1.0139396078436707	36.282805592904694	230.0	37	1.05	0.95				
	323	2	0.0	0.0	0.0	0.0	3	1.0070892998769658	33.20921244959628	230.0	35	1.05	0.95				
	324	1	0.0	0.0	0.0	0.0	3	0.9963030341418903	40.13953835478814	230.0	36	1.05	0.95				
	325	1	0.0	0.0	0.0	0.0	3	1.0078284496627457	32.06546472479419	230.0	35	1.05	0.95				
];
