%% MATPOWER Case Format : Version 2
function mpc = RTS_GMLC
mpc.version = '2';

%%-----  Power Flow Data  -----%%
%% system MVA base
mpc.baseMVA = 100.0;
%% bus data
%    bus_i    type    Pd    Qd    Gs    Bs    area    Vm    Va    baseKV    zone    Vmax    Vmin
mpc.bus = [
	101	2	37.31370608463158	7.600940128350878	0.0	0.0	1	0.9877362104799027	-5.48180474285422	138.0	11	1.05	0.95				
	102	2	33.51323602045614	6.90994557122807	0.0	0.0	1	0.9876528329844716	-5.659952069354345	138.0	12	1.05	0.95				
	103	1	62.18951014105263	12.783399306771928	0.0	0.0	1	1.0193005448045305	1.3017434933574055	138.0	11	1.05	0.95				
	104	1	25.566798613543856	5.182459178421053	0.0	0.0	1	1.0027156161548254	-4.924059118362175	138.0	11	1.05	0.95				
	105	1	24.530306777859646	4.8369618998596495	0.0	0.0	1	1.0144965573549103	-5.738561486838112	138.0	11	1.05	0.95				
	106	1	46.98762988435088	9.673923799719299	0.0	-100.0	1	1.0378522079945167	-6.327051615072779	138.0	12	1.05	0.95				
	107	2	43.18715982017544	8.637431964035088	0.0	0.0	1	0.9882645640503879	-10.546838465274442	138.0	12	1.05	0.95				
	108	1	59.080034634	12.092404749649122	0.0	0.0	1	0.9994666022346036	-8.782006479776912	138.0	12	1.05	0.95				
	109	1	60.462023748245606	12.437902028210525	0.0	0.0	1	1.024785969254678	-2.8912543776223374	138.0	13	1.05	0.95				
	110	1	67.37196931947368	13.81989114245614	0.0	0.0	1	1.05	-4.861157632605595	138.0	13	1.05	0.95				
	111	1	0.0	0.0	0.0	0.0	1	1.0178841538894479	0.25488954150695325	230.0	13	1.05	0.95				
	112	1	0.0	0.0	0.0	0.0	1	1.0131738228040674	-1.1033103351069884	230.0	13	1.05	0.95				
	113	3	91.55677881877192	18.65685304231579	0.0	0.0	1	0.9991494966203233	-7.83309009118901e-29	230.0	14	1.05	0.95				
	114	2	67.02647204091228	13.474393863894738	0.0	0.0	1	1.046092688424738	4.502696197022415	230.0	16	1.05	0.95				
	115	2	109.5226373039649	22.111825827929824	0.0	0.0	1	1.03802569467828	14.837614715832759	230.0	16	1.05	0.95				
	116	2	34.54972785614035	6.90994557122807	0.0	0.0	1	1.038641688144685	12.804104628120653	230.0	16	1.05	0.95				
	117	1	0.0	0.0	0.0	0.0	1	1.0376372810235115	19.24849601277327	230.0	17	1.05	0.95				
	118	2	115.05059376094738	23.49381494217544	0.0	0.0	1	1.0468946723233652	20.03081678864023	230.0	17	1.05	0.95				
	119	1	62.53500741961403	12.783399306771928	0.0	0.0	1	1.0345310674852384	8.142350673407673	230.0	15	1.05	0.95				
	120	1	44.22365165585965	8.98292924259649	0.0	0.0	1	1.03790697853353	4.756613494175193	230.0	15	1.05	0.95				
	121	2	0.0	0.0	0.0	0.0	1	1.0405992853385542	21.657956504756463	230.0	17	1.05	0.95				
	122	2	0.0	0.0	0.0	0.0	1	1.05	39.64100176818975	230.0	17	1.05	0.95				
	123	2	0.0	0.0	0.0	0.0	1	1.04090519440839	3.1642883054012656	230.0	15	1.05	0.95				
	124	1	0.0	0.0	0.0	0.0	1	1.0138822803812804	9.802333714756049	230.0	16	1.05	0.95				
	201	2	37.50165276252632	7.639225562736843	0.0	0.0	2	1.0078473812897637	-15.483962699752682	138.0	21	1.05	0.95				
	202	2	33.6820399811579	6.944750511578948	0.0	0.0	2	1.0067552879998416	-15.771751375030039	138.0	22	1.05	0.95				
	203	1	62.50275460421053	12.847788446421053	0.0	0.0	2	1.0133004381095385	-11.674453234372624	138.0	21	1.05	0.95				
	204	1	25.695576892842105	5.208562883684211	0.0	0.0	2	1.0102783710776928	-15.64869493377947	138.0	21	1.05	0.95				
	205	1	24.653864316105263	4.861325358105264	0.0	0.0	2	1.0247869249353372	-16.057889879736692	138.0	21	1.05	0.95				
	206	1	47.22430347873684	9.722650716210527	0.0	-100.0	2	1.0424481878154261	-16.84017513964622	138.0	22	1.05	0.95				
	207	2	43.40469069736842	8.680938139473685	0.0	0.0	2	0.9911515857572417	-20.8652756119119	138.0	22	1.05	0.95				
	208	1	59.377616874000005	12.153313395263158	0.0	0.0	2	1.0009267228576855	-19.37243342411188	138.0	22	1.05	0.95				
	209	1	60.766566976315794	12.500550920842105	0.0	0.0	2	1.0225112854451088	-14.097681635965309	138.0	23	1.05	0.95				
	210	1	67.71131748789475	13.889501023157896	0.0	0.0	2	1.05	-15.504922248074575	138.0	23	1.05	0.95				
	211	1	0.0	0.0	0.0	0.0	2	1.004060338160913	-11.57867093273149	230.0	23	1.05	0.95				
	212	1	0.0	0.0	0.0	0.0	2	1.0115977126982725	-11.170895186778642	230.0	23	1.05	0.95				
	213	2	92.01794427842106	18.75082638126316	0.0	0.0	2	1.001058141879209	-10.624071128873544	230.0	24	1.05	0.95				
	214	2	67.3640799623158	13.542263497578949	0.0	0.0	2	1.001473698078876	-9.059686400979002	230.0	26	1.05	0.95				
	215	2	110.07429560852631	22.223201637052632	0.0	0.0	2	1.0242335688199076	-2.606324722901807	230.0	26	1.05	0.95				
	216	2	34.72375255789474	6.944750511578948	0.0	0.0	2	1.026392015761914	-3.4929846467200822	230.0	26	1.05	0.95				
	217	1	0.0	0.0	0.0	0.0	2	1.032885623046381	-1.117155209130697	230.0	27	1.05	0.95				
	218	2	115.63009601778948	23.61215173936842	0.0	0.0	2	1.031574828359001	-1.5198602890291284	230.0	27	1.05	0.95				
	219	1	62.84999212978948	12.847788446421053	0.0	0.0	2	1.031547823822606	-4.229192059463551	230.0	25	1.05	0.95				
	220	1	44.446403274105265	9.028175665052633	0.0	0.0	2	1.0379595070904795	-4.189671432262857	230.0	25	1.05	0.95				
	221	2	0.0	0.0	0.0	0.0	2	1.0320963638036775	-1.0843172417418085	230.0	27	1.05	0.95				
	222	2	0.0	0.0	0.0	0.0	2	1.05	5.397762108806643	230.0	27	1.05	0.95				
	223	2	0.0	0.0	0.0	0.0	2	1.0416342566057293	-3.9073203495042446	230.0	25	1.05	0.95				
	224	1	0.0	0.0	0.0	0.0	2	1.0089173889967913	-5.998606894675178	230.0	26	1.05	0.95				
	301	2	45.441316042105264	9.256564378947367	0.0	0.0	3	1.0215977090183335	10.084067162140421	138.0	31	1.05	0.95				
	302	2	40.81303385263158	8.41505852631579	0.0	0.0	3	1.0192762498292731	9.734838732005354	138.0	32	1.05	0.95				
	303	1	75.73552673684209	15.567858273684209	0.0	0.0	3	1.05	25.069206063689386	138.0	31	1.05	0.95				
	304	1	31.135716547368418	6.311293894736841	0.0	0.0	3	1.0100331364825346	11.02115380704495	138.0	31	1.05	0.95				
	305	1	29.873457768421048	5.890540968421052	0.0	0.0	3	1.0273361371922412	8.524168964420278	138.0	31	1.05	0.95				
	306	1	57.22239797894737	11.781081936842105	0.0	-100.0	3	1.0379055639516463	7.132329590724911	138.0	32	1.05	0.95				
	307	2	52.59411578947368	10.518823157894735	0.0	0.0	3	0.95	3.644855245940651	138.0	32	1.05	0.95				
	308	1	71.9487504	14.72635242105263	0.0	0.0	3	0.9706357297733755	5.463848005700595	138.0	32	1.05	0.95				
	309	1	73.63176210526315	15.14710534736842	0.0	0.0	3	1.0154654406982992	13.840774730590777	138.0	33	1.05	0.95				
	310	1	82.04682063157892	16.83011705263158	0.0	0.0	3	1.043221357934208	8.304555384495044	138.0	33	1.05	0.95				
	311	1	0.0	0.0	0.0	0.0	3	1.0026944200304828	11.859002039949468	230.0	33	1.05	0.95				
	312	1	0.0	0.0	0.0	0.0	3	1.0074674518722257	12.220471614252235	230.0	33	1.05	0.95				
	313	2	111.4995254736842	22.720658021052632	0.0	0.0	3	1.0016412130513652	12.577072697670909	230.0	34	1.05	0.95				
	314	2	81.62606770526315	16.409364126315786	0.0	0.0	3	0.9983353336165377	12.124238958683165	230.0	36	1.05	0.95				
	315	2	133.37867764210526	26.928187284210527	0.0	0.0	3	1.048034674857299	15.392050045926505	230.0	36	1.05	0.95				
	316	2	42.07529263157894	8.41505852631579	0.0	0.0	3	1.0316518444818727	14.992615499179669	230.0	36	1.05	0.95				
	317	1	0.0	0.0	0.0	0.0	3	1.05	18.504673862183083	230.0	37	1.05	0.95				
	318	2	140.11072446315788	28.611198989473685	0.0	0.0	3	1.0494620890286248	15.50216470006075	230.0	37	1.05	0.95				
	319	1	76.15627966315789	15.567858273684209	0.0	0.0	3	1.0222893402420592	14.037487747255195	230.0	35	1.05	0.95				
	320	1	53.85637456842105	10.939576084210525	0.0	0.0	3	1.017068353051032	14.026609114457951	230.0	35	1.05	0.95				
	321	2	0.0	0.0	0.0	0.0	3	1.05	16.110669447510553	230.0	37	1.05	0.95				
	322	2	0.0	0.0	0.0	0.0	3	1.05	21.39841529733917	230.0	37	1.05	0.95				
	323	2	0.0	0.0	0.0	0.0	3	1.0147423296883211	14.353278028481297	230.0	35	1.05	0.95				
	324	1	0.0	0.0	0.0	0.0	3	1.0457285561092504	19.091602261034566	230.0	36	1.05	0.95				
	325	1	0.0	0.0	0.0	0.0	3	1.0158589312147577	14.988221717800087	230.0	35	1.05	0.95				
];
