%% MATPOWER Case Format : Version 2
function mpc = RTS_GMLC
mpc.version = '2';

%%-----  Power Flow Data  -----%%
%% system MVA base
mpc.baseMVA = 100.0;
%% bus data
%    bus_i    type    Pd    Qd    Gs    Bs    area    Vm    Va    baseKV    zone    Vmax    Vmin
mpc.bus = [
	101	2	53.398812467368415	10.877535872982454	0.0	0.0	1	1.0326072796957486	0.754976866488444	138.0	11	1.05	0.95				
	102	2	47.96004453087719	9.888668975438597	0.0	0.0	1	1.032194022134315	0.5985605349111911	138.0	12	1.05	0.95				
	103	1	88.99802077894736	18.294037604561403	0.0	0.0	1	1.0273487550847018	-0.6815975129118872	138.0	11	1.05	0.95				
	104	1	36.588075209122806	7.416501731578946	0.0	0.0	1	1.0199610884945278	-2.5912523676167223	138.0	11	1.05	0.95				
	105	1	35.10477486280701	6.922068282807017	0.0	0.0	1	1.0345045956852341	-2.443326498709038	138.0	11	1.05	0.95				
	106	1	67.24294903298245	13.844136565614034	0.0	-100.0	1	1.0432950033930435	-4.730641064112011	138.0	12	1.05	0.95				
	107	2	61.80418109649123	12.360836219298244	0.0	0.0	1	1.0053798615589347	-10.551873458679275	138.0	12	1.05	0.95				
	108	1	84.54811973999999	17.305170707017542	0.0	0.0	1	1.0050570447266272	-9.17276480581571	138.0	12	1.05	0.95				
	109	1	86.52585353508772	17.799604155789474	0.0	0.0	1	1.0252802072885772	-3.196790085602583	138.0	13	1.05	0.95				
	110	1	96.41452251052631	19.777337950877193	0.0	0.0	1	1.05	-4.124674063267304	138.0	13	1.05	0.95				
	111	1	0.0	0.0	0.0	0.0	1	1.0065161065232295	-0.8594405416470559	230.0	13	1.05	0.95				
	112	1	0.0	0.0	0.0	0.0	1	1.0116393785627833	-0.48405593751677634	230.0	13	1.05	0.95				
	113	3	131.02486392456137	26.699406233684208	0.0	0.0	1	1.0028565073488782	-1.4795601003982729e-28	230.0	14	1.05	0.95				
	114	2	95.92008906175438	19.282904502105264	0.0	0.0	1	1.0041729723505608	1.3033020706816056	230.0	16	1.05	0.95				
	115	2	156.73540326070173	31.643740721403507	0.0	0.0	1	1.0404934814962483	7.726247223747503	230.0	16	1.05	0.95				
	116	2	49.44334487719298	9.888668975438597	0.0	0.0	1	1.0370410221239792	7.234849030470064	230.0	16	1.05	0.95				
	117	1	0.0	0.0	0.0	0.0	1	1.0431521198330502	9.511436730625313	230.0	17	1.05	0.95				
	118	2	164.64633844105262	33.621474516491226	0.0	0.0	1	1.0458106075637617	9.562435094216443	230.0	17	1.05	0.95				
	119	1	89.49245422771929	18.294037604561403	0.0	0.0	1	1.0312165941581632	5.907636913761921	230.0	15	1.05	0.95				
	120	1	63.287481442807014	12.855269668070173	0.0	0.0	1	1.030015972502517	5.701377712609705	230.0	15	1.05	0.95				
	121	2	0.0	0.0	0.0	0.0	1	1.049580244743226	10.73814616644511	230.0	17	1.05	0.95				
	122	2	0.0	0.0	0.0	0.0	1	1.05	18.34729553411975	230.0	17	1.05	0.95				
	123	2	0.0	0.0	0.0	0.0	1	1.030179344770303	5.96464826524478	230.0	15	1.05	0.95				
	124	1	0.0	0.0	0.0	0.0	1	1.0249027137845048	4.5893635837422675	230.0	16	1.05	0.95				
	201	2	62.35542265263159	12.702030540350878	0.0	0.0	2	1.0296769654169977	-13.432383380826419	138.0	21	1.05	0.95				
	202	2	56.004407382456144	11.547300491228073	0.0	0.0	2	1.0301161901974367	-13.443490243926512	138.0	22	1.05	0.95				
	203	1	103.92570442105264	21.362505908771933	0.0	0.0	2	1.017771534576534	-11.485467582274328	138.0	21	1.05	0.95				
	204	1	42.725011817543866	8.660475368421054	0.0	0.0	2	1.016779060813167	-15.430574516680704	138.0	21	1.05	0.95				
	205	1	40.99291674385965	8.083110343859651	0.0	0.0	2	1.0324453403905547	-15.736042871987003	138.0	21	1.05	0.95				
	206	1	78.5216433403509	16.166220687719303	0.0	-100.0	2	1.0409658877347263	-17.56559000939419	138.0	22	1.05	0.95				
	207	2	72.17062807017544	14.43412561403509	0.0	0.0	2	0.9883584485112439	-26.182333582510616	138.0	22	1.05	0.95				
	208	1	98.72941920000001	20.207775859649125	0.0	0.0	2	0.9895965388888065	-23.426328590149165	138.0	22	1.05	0.95				
	209	1	101.03887929824562	20.785140884210527	0.0	0.0	2	1.023379523129163	-14.702631392699118	138.0	23	1.05	0.95				
	210	1	112.58617978947369	23.094600982456146	0.0	0.0	2	1.05	-16.23736406594909	138.0	23	1.05	0.95				
	211	1	0.0	0.0	0.0	0.0	2	1.0147396010654763	-11.19865696713883	230.0	23	1.05	0.95				
	212	1	0.0	0.0	0.0	0.0	2	1.0140123188493997	-10.409978790167917	230.0	23	1.05	0.95				
	213	2	153.00173150877194	31.177711326315794	0.0	0.0	2	1.0146474513170765	-9.972092304506912	230.0	24	1.05	0.95				
	214	2	112.00881476491229	22.51723595789474	0.0	0.0	2	1.0235847166929934	-8.000542800865272	230.0	26	1.05	0.95				
	215	2	183.02471278596494	36.95136157192983	0.0	0.0	2	1.0356126060209838	0.2886723425823224	230.0	26	1.05	0.95				
	216	2	57.73650245614036	11.547300491228073	0.0	0.0	2	1.0386486386385054	0.04244690212963839	230.0	26	1.05	0.95				
	217	1	0.0	0.0	0.0	0.0	2	1.0411754386820486	3.252040742733102	230.0	27	1.05	0.95				
	218	2	192.2625531789474	39.26082167017545	0.0	0.0	2	1.0427403506903643	3.6189641487554325	230.0	27	1.05	0.95				
	219	1	104.50306944561405	21.362505908771933	0.0	0.0	2	1.0381653757825926	-0.787300682908282	230.0	25	1.05	0.95				
	220	1	73.90272314385966	15.011490638596495	0.0	0.0	2	1.042332229839619	-0.4121314196563843	230.0	25	1.05	0.95				
	221	2	0.0	0.0	0.0	0.0	2	1.0424177686988316	3.2687501380386546	230.0	27	1.05	0.95				
	222	2	0.0	0.0	0.0	0.0	2	1.05	9.76689888556882	230.0	27	1.05	0.95				
	223	2	0.0	0.0	0.0	0.0	2	1.0459132043845007	0.21802530272500478	230.0	25	1.05	0.95				
	224	1	0.0	0.0	0.0	0.0	2	1.0142757078308082	-4.092342566101608	230.0	26	1.05	0.95				
	301	2	53.965833612631585	10.993040180350878	0.0	0.0	3	1.014504601749276	-9.85576769037399	138.0	31	1.05	0.95				
	302	2	48.46931352245614	9.993672891228071	0.0	0.0	3	1.0129760411640092	-10.22006631818241	138.0	32	1.05	0.95				
	303	1	89.94305602105264	18.48829484877193	0.0	0.0	3	1.05	4.345208515675949	138.0	31	1.05	0.95				
	304	1	36.97658969754386	7.495254668421053	0.0	0.0	3	1.0096581691526822	-9.153857858614689	138.0	31	1.05	0.95				
	305	1	35.47753876385965	6.995571023859649	0.0	0.0	3	1.0260443639195764	-10.79353046305943	138.0	31	1.05	0.95				
	306	1	67.95697566035088	13.991142047719299	0.0	-100.0	3	1.039544971466795	-11.905790648133966	138.0	32	1.05	0.95				
	307	2	62.46045557017544	12.492091114035087	0.0	0.0	3	0.9901745148540582	-17.329535677384488	138.0	32	1.05	0.95				
	308	1	85.44590321999999	17.488927559649124	0.0	0.0	3	0.9938680213829564	-15.001441399098209	138.0	32	1.05	0.95				
	309	1	87.44463779824562	17.988611204210525	0.0	0.0	3	1.022776468139778	-6.219224167812645	138.0	33	1.05	0.95				
	310	1	97.43831068947368	19.987345782456142	0.0	0.0	3	1.05	-10.128605448106288	138.0	33	1.05	0.95				
	311	1	0.0	0.0	0.0	0.0	3	1.0126771559636907	-4.977512005031691	230.0	33	1.05	0.95				
	312	1	0.0	0.0	0.0	0.0	3	1.0149089567810405	-4.4441188427797575	230.0	33	1.05	0.95				
	313	2	132.41616580877192	26.982916806315792	0.0	0.0	3	1.013994112563554	-2.156057731110428	230.0	34	1.05	0.95				
	314	2	96.93862704491228	19.487662137894738	0.0	0.0	3	1.0155504006356038	-4.184655159360677	230.0	36	1.05	0.95				
	315	2	158.3997153259649	31.979753251929825	0.0	0.0	3	1.0435395263736975	-0.03194167717434321	230.0	36	1.05	0.95				
	316	2	49.96836445614035	9.993672891228071	0.0	0.0	3	1.0400505397625204	-0.05390925240254805	230.0	36	1.05	0.95				
	317	1	0.0	0.0	0.0	0.0	3	1.0470735944438239	2.2733378966073023	230.0	37	1.05	0.95				
	318	2	166.39465363894737	33.97848783017544	0.0	0.0	3	1.044767690376436	1.1249354515696195	230.0	37	1.05	0.95				
	319	1	90.44273966561404	18.48829484877193	0.0	0.0	3	1.0332126114503153	-0.9785827325454354	230.0	35	1.05	0.95				
	320	1	63.95950650385965	12.991774758596492	0.0	0.0	3	1.0310157855937965	-0.8273448541433075	230.0	35	1.05	0.95				
	321	2	0.0	0.0	0.0	0.0	3	1.0452394881135554	1.3084557463000561	230.0	37	1.05	0.95				
	322	2	0.0	0.0	0.0	0.0	3	1.05	6.023126020288325	230.0	37	1.05	0.95				
	323	2	0.0	0.0	0.0	0.0	3	1.0307120541188093	-0.3631768879716096	230.0	35	1.05	0.95				
	324	1	0.0	0.0	0.0	0.0	3	1.0432413364656885	1.6447163548417765	230.0	36	1.05	0.95				
	325	1	0.0	0.0	0.0	0.0	3	1.0297306540581468	0.5794041499380034	230.0	35	1.05	0.95				
];
