%% MATPOWER Case Format : Version 2
function mpc = RTS_GMLC
mpc.version = '2';

%%-----  Power Flow Data  -----%%
%% system MVA base
mpc.baseMVA = 100.0;
%% bus data
%    bus_i    type    Pd    Qd    Gs    Bs    area    Vm    Va    baseKV    zone    Vmax    Vmin
mpc.bus = [
	101	2	75.65611085052632	15.411429988070175	0.0	0.0	1	1.031331750984864	-0.8788398987710216	138.0	11	1.05	0.95				
	102	2	67.95039585649121	14.010390898245614	0.0	0.0	1	1.0313450313369632	-0.9379883603953652	138.0	12	1.05	0.95				
	103	1	126.09351808421052	25.919223161754385	0.0	0.0	1	1.0212972407024552	-1.4783569441628441	138.0	11	1.05	0.95				
	104	1	51.83844632350877	10.507793173684208	0.0	0.0	1	1.016377393240294	-3.904535791740704	138.0	11	1.05	0.95				
	105	1	49.73688768877192	9.80727362877193	0.0	0.0	1	1.0312548090399871	-3.9250183123494518	138.0	11	1.05	0.95				
	106	1	95.27065810807017	19.61454725754386	0.0	-100.0	1	1.0372704539232191	-6.268409268295922	138.0	12	1.05	0.95				
	107	2	87.56494311403507	17.512988622807015	0.0	0.0	1	1.05	-2.612323136993112	138.0	12	1.05	0.95				
	108	1	119.78884217999999	24.51818407192982	0.0	0.0	1	1.0269983466528276	-5.413315558509464	138.0	12	1.05	0.95				
	109	1	122.59092035964912	25.218703616842102	0.0	0.0	1	1.0265348224592703	-3.4918429888898563	138.0	13	1.05	0.95				
	110	1	136.6013112578947	28.020781796491228	0.0	0.0	1	1.05	-4.79629964207994	138.0	13	1.05	0.95				
	111	1	0.0	0.0	0.0	0.0	1	1.0123548791654682	-0.9451155900974513	230.0	13	1.05	0.95				
	112	1	0.0	0.0	0.0	0.0	1	1.0151780155650907	-0.16300873932407925	230.0	13	1.05	0.95				
	113	3	185.63767940175435	37.82805542526316	0.0	0.0	1	1.0113705450613077	-2.7348192962334737e-27	230.0	14	1.05	0.95				
	114	2	135.90079171298242	27.320262251578946	0.0	0.0	1	1.0142055390742224	1.487888279378265	230.0	16	1.05	0.95				
	115	2	222.06469573719295	44.83325087438596	0.0	0.0	1	1.04491367077822	9.530248334073493	230.0	16	1.05	0.95				
	116	2	70.05195449122806	14.010390898245614	0.0	0.0	1	1.0430251783735505	9.111819842430927	230.0	16	1.05	0.95				
	117	1	0.0	0.0	0.0	0.0	1	1.047081803676502	12.103745201281962	230.0	17	1.05	0.95				
	118	2	233.27300845578947	47.63532905403508	0.0	0.0	1	1.0492530419657655	12.74288008624035	230.0	17	1.05	0.95				
	119	1	126.7940376291228	25.919223161754385	0.0	0.0	1	1.0375179653137836	7.812978643267489	230.0	15	1.05	0.95				
	120	1	89.66650174877192	18.213508167719297	0.0	0.0	1	1.038902094411343	8.00752098905114	230.0	15	1.05	0.95				
	121	2	0.0	0.0	0.0	0.0	1	1.05	13.35335001472274	230.0	17	1.05	0.95				
	122	2	0.0	0.0	0.0	0.0	1	1.05	19.454817754762548	230.0	17	1.05	0.95				
	123	2	0.0	0.0	0.0	0.0	1	1.0415002950126238	8.632682841939705	230.0	15	1.05	0.95				
	124	1	0.0	0.0	0.0	0.0	1	1.0222882017643666	5.457958235747266	230.0	16	1.05	0.95				
	201	2	85.13521169684212	17.342357938245616	0.0	0.0	2	1.0433472592141595	-9.787204566223846	138.0	21	1.05	0.95				
	202	2	76.4640327277193	15.76577994385965	0.0	0.0	2	1.0446888884997643	-9.837177866583815	138.0	22	1.05	0.95				
	203	1	141.89201949473687	29.16669289614035	0.0	0.0	2	1.0266121646387787	-7.078894787326186	138.0	21	1.05	0.95				
	204	1	58.3333857922807	11.824334957894738	0.0	0.0	2	1.0204338533898645	-12.012503645731664	138.0	21	1.05	0.95				
	205	1	55.96851880070176	11.036045960701756	0.0	0.0	2	1.0364677155449518	-12.39992724123718	138.0	21	1.05	0.95				
	206	1	107.20730361824562	22.072091921403512	0.0	-100.0	2	1.03823402906647	-14.585954384380258	138.0	22	1.05	0.95				
	207	2	98.53612464912281	19.707224929824562	0.0	0.0	2	0.95	-26.704337640876584	138.0	22	1.05	0.95				
	208	1	134.79741852	27.590114901754387	0.0	0.0	2	0.9565613656085359	-22.738761741781495	138.0	22	1.05	0.95				
	209	1	137.95057450877195	28.37840389894737	0.0	0.0	2	1.025689260363779	-10.63245934897688	138.0	23	1.05	0.95				
	210	1	153.71635445263158	31.5315598877193	0.0	0.0	2	1.05	-12.597726743748598	138.0	23	1.05	0.95				
	211	1	0.0	0.0	0.0	0.0	2	1.0320290063290265	-5.6010811257093405	230.0	23	1.05	0.95				
	212	1	0.0	0.0	0.0	0.0	2	1.02390871645484	-4.358557670695672	230.0	23	1.05	0.95				
	213	2	208.8965842561404	42.56760584842106	0.0	0.0	2	1.0482355434822042	-1.70441766660323	230.0	24	1.05	0.95				
	214	2	152.9280654554386	30.74327089052632	0.0	0.0	2	1.0499999985947168	-3.260142564261975	230.0	26	1.05	0.95				
	215	2	249.88761211017544	50.45049582035088	0.0	0.0	2	1.0445579090841641	5.00195725092416	230.0	26	1.05	0.95				
	216	2	78.82889971929825	15.76577994385965	0.0	0.0	2	1.0492305196555112	4.929111707710072	230.0	26	1.05	0.95				
	217	1	0.0	0.0	0.0	0.0	2	1.0492460786906221	8.140164236673689	230.0	27	1.05	0.95				
	218	2	262.50023606526315	53.60365180912281	0.0	0.0	2	1.05	8.843985298731	230.0	27	1.05	0.95				
	219	1	142.68030849192982	29.16669289614035	0.0	0.0	2	1.043859619082882	4.37261182802425	230.0	25	1.05	0.95				
	220	1	100.90099164070176	20.495513927017544	0.0	0.0	2	1.046199491438267	5.360577800647391	230.0	25	1.05	0.95				
	221	2	0.0	0.0	0.0	0.0	2	1.05	9.287617520822629	230.0	27	1.05	0.95				
	222	2	0.0	0.0	0.0	0.0	2	1.05	15.349327379541466	230.0	27	1.05	0.95				
	223	2	0.0	0.0	0.0	0.0	2	1.05	6.474658614826649	230.0	25	1.05	0.95				
	224	1	0.0	0.0	0.0	0.0	2	1.0226431770313944	0.5060754447789549	230.0	26	1.05	0.95				
	301	2	78.25814617263158	15.941474220350877	0.0	0.0	3	1.0170292296028107	-18.649282628898412	138.0	31	1.05	0.95				
	302	2	70.28740906245613	14.49224929122807	0.0	0.0	3	1.015473038792	-19.057461224314345	138.0	32	1.05	0.95				
	303	1	130.43024362105263	26.810661188771927	0.0	0.0	3	1.0259586671342786	-11.21553546964993	138.0	31	1.05	0.95				
	304	1	53.621322377543855	10.869186968421051	0.0	0.0	3	1.0086938099990506	-17.669531116854454	138.0	31	1.05	0.95				
	305	1	51.447484983859646	10.144574503859651	0.0	0.0	3	1.0238215315921753	-18.502452504550686	138.0	31	1.05	0.95				
	306	1	98.54729518035089	20.289149007719303	0.0	-100.0	3	1.0334588989350084	-19.222562511958223	138.0	32	1.05	0.95				
	307	2	90.57655807017544	18.115311614035086	0.0	0.0	3	1.010591681427058	-20.730690461530575	138.0	32	1.05	0.95				
	308	1	123.90873143999998	25.36143625964912	0.0	0.0	3	1.0021593255503103	-20.509092289887704	138.0	32	1.05	0.95				
	309	1	126.80718129824562	26.086048724210524	0.0	0.0	3	1.0283098752365072	-13.57854957219371	138.0	33	1.05	0.95				
	310	1	141.29943058947367	28.98449858245614	0.0	0.0	3	1.05	-16.036444362023488	138.0	33	1.05	0.95				
	311	1	0.0	0.0	0.0	0.0	3	1.023176866043964	-8.620702609216753	230.0	33	1.05	0.95				
	312	1	0.0	0.0	0.0	0.0	3	1.019139784509278	-7.210470052157782	230.0	33	1.05	0.95				
	313	2	192.0223031087719	39.12907308631579	0.0	0.0	3	1.036023244505812	-3.9614633874277487	230.0	34	1.05	0.95				
	314	2	140.57481812491227	28.259886117894737	0.0	0.0	3	1.0353879990746673	-6.641073408679414	230.0	36	1.05	0.95				
	315	2	229.7021512659649	46.37519773192982	0.0	0.0	3	1.0487021383804893	0.29708523323892694	230.0	36	1.05	0.95				
	316	2	72.46124645614034	14.49224929122807	0.0	0.0	3	1.0481280066401042	0.579725562698113	230.0	36	1.05	0.95				
	317	1	0.0	0.0	0.0	0.0	3	1.0486100650830557	2.3335992551175755	230.0	37	1.05	0.95				
	318	2	241.2959506989474	49.27364759017544	0.0	0.0	3	1.0479433143275816	2.4209148781128893	230.0	37	1.05	0.95				
	319	1	131.15485608561403	26.810661188771927	0.0	0.0	3	1.0436995568243812	0.6388457683572627	230.0	35	1.05	0.95				
	320	1	92.75039546385965	18.839924078596493	0.0	0.0	3	1.0461975948509858	2.045928858118639	230.0	35	1.05	0.95				
	321	2	0.0	0.0	0.0	0.0	3	1.05	3.6356412428007916	230.0	37	1.05	0.95				
	322	2	0.0	0.0	0.0	0.0	3	1.05	8.900238610677631	230.0	37	1.05	0.95				
	323	2	0.0	0.0	0.0	0.0	3	1.05	3.343795252870248	230.0	35	1.05	0.95				
	324	1	0.0	0.0	0.0	0.0	3	1.0256992311295843	-3.966999522108817	230.0	36	1.05	0.95				
	325	1	0.0	0.0	0.0	0.0	3	1.0479147800266668	4.172240964745846	230.0	35	1.05	0.95				
];
