%% MATPOWER Case Format : Version 2
function mpc = RTS_GMLC
mpc.version = '2';

%%-----  Power Flow Data  -----%%
%% system MVA base
mpc.baseMVA = 100.0;
%% bus data
%    bus_i    type    Pd    Qd    Gs    Bs    area    Vm    Va    baseKV    zone    Vmax    Vmin
mpc.bus = [
	101	2	49.09698170526316	10.001237014035087	0.0	0.0	1	1.0293589829547243	1.3691752923602811	138.0	11	1.05	0.95				
	102	2	44.09636319824561	9.092033649122808	0.0	0.0	1	1.02835970193513	1.05756997655451	138.0	12	1.05	0.95				
	103	1	81.82830284210526	16.820262250877192	0.0	0.0	1	1.0274830474246206	1.7288012776053663	138.0	11	1.05	0.95				
	104	1	33.640524501754385	6.819025236842105	0.0	0.0	1	1.0184945231075273	-1.8603883829767451	138.0	11	1.05	0.95				
	105	1	32.27671945438597	6.364423554385966	0.0	0.0	1	1.033355350958013	-1.8313306987780675	138.0	11	1.05	0.95				
	106	1	61.82582881403509	12.728847108771932	0.0	-100.0	1	1.04352833131879	-4.122715592597848	138.0	12	1.05	0.95				
	107	2	56.82521030701755	11.365042061403509	0.0	0.0	1	0.9978325984829135	-11.726837786945982	138.0	12	1.05	0.95				
	108	1	77.7368877	15.911058885964913	0.0	0.0	1	1.000506061765009	-9.431684425787024	138.0	12	1.05	0.95				
	109	1	79.55529442982456	16.365660568421053	0.0	0.0	1	1.024158507287383	-2.390327836800523	138.0	13	1.05	0.95				
	110	1	88.64732807894737	18.184067298245616	0.0	0.0	1	1.05	-3.627962261617879	138.0	13	1.05	0.95				
	111	1	0.0	0.0	0.0	0.0	1	1.008283649145731	0.12410871205561508	230.0	13	1.05	0.95				
	112	1	0.0	0.0	0.0	0.0	1	1.011357702871753	-0.692233770716803	230.0	13	1.05	0.95				
	113	3	120.4694458508772	24.54849085263158	0.0	0.0	1	1.0013296873899582	-8.621738049745467e-33	230.0	14	1.05	0.95				
	114	2	88.19272639649122	17.729465615789476	0.0	0.0	1	1.0128249834455756	3.4422718772135874	230.0	16	1.05	0.95				
	115	2	144.1087333385965	29.094507677192983	0.0	0.0	1	1.0405625817328479	12.544298096739366	230.0	16	1.05	0.95				
	116	2	45.460168245614035	9.092033649122808	0.0	0.0	1	1.0350633518694656	10.827027997758252	230.0	16	1.05	0.95				
	117	1	0.0	0.0	0.0	0.0	1	1.0403241523167697	16.427785937880014	230.0	17	1.05	0.95				
	118	2	151.38236025789473	30.912914407017546	0.0	0.0	1	1.05	17.10394343017257	230.0	17	1.05	0.95				
	119	1	82.2829045245614	16.820262250877192	0.0	0.0	1	1.02566832889533	6.956817873984762	230.0	15	1.05	0.95				
	120	1	58.189015354385965	11.819643743859649	0.0	0.0	1	1.0239423522904432	4.447474471388154	230.0	15	1.05	0.95				
	121	2	0.0	0.0	0.0	0.0	1	1.05	18.831367753658036	230.0	17	1.05	0.95				
	122	2	0.0	0.0	0.0	0.0	1	1.05	33.98894010947131	230.0	17	1.05	0.95				
	123	2	0.0	0.0	0.0	0.0	1	1.024092546336369	3.4150557687088754	230.0	15	1.05	0.95				
	124	1	0.0	0.0	0.0	0.0	1	1.022171840422725	8.502712863558441	230.0	16	1.05	0.95				
	201	2	52.73351173894737	10.742011650526315	0.0	0.0	2	1.0131846245758065	-16.41975125751692	138.0	21	1.05	0.95				
	202	2	47.36250591368421	9.765465136842105	0.0	0.0	2	1.0128931620090051	-16.57677979466658	138.0	22	1.05	0.95				
	203	1	87.88918623157895	18.066110503157894	0.0	0.0	2	1.0140467010119603	-12.475668020422713	138.0	21	1.05	0.95				
	204	1	36.13222100631579	7.324098852631579	0.0	0.0	2	1.0108506274754248	-16.541472081150008	138.0	21	1.05	0.95				
	205	1	34.66740123578948	6.8358255957894745	0.0	0.0	2	1.0255212977791313	-17.037478271256916	138.0	21	1.05	0.95				
	206	1	66.40516293052632	13.671651191578949	0.0	-100.0	2	1.0398908444542427	-17.920227178624888	138.0	22	1.05	0.95				
	207	2	61.034157105263155	12.206831421052632	0.0	0.0	2	0.9906626796363185	-24.174392235701784	138.0	22	1.05	0.95				
	208	1	83.49472691999999	17.08956398947368	0.0	0.0	2	0.9951017194246334	-21.916432691063388	138.0	22	1.05	0.95				
	209	1	85.44781994736842	17.577837246315788	0.0	0.0	2	1.0237589807372742	-14.494093418379578	138.0	23	1.05	0.95				
	210	1	95.21328508421053	19.53093027368421	0.0	0.0	2	1.05	-16.086710496683406	138.0	23	1.05	0.95				
	211	1	0.0	0.0	0.0	0.0	2	1.012129694942555	-10.97062303553469	230.0	23	1.05	0.95				
	212	1	0.0	0.0	0.0	0.0	2	1.013374289056453	-9.649038856856178	230.0	23	1.05	0.95				
	213	2	129.3924130631579	26.366755869473685	0.0	0.0	2	1.0145291883989103	-8.983550782820782	230.0	24	1.05	0.95				
	214	2	94.72501182736842	19.042657016842107	0.0	0.0	2	1.016030044707835	-8.349640693301575	230.0	26	1.05	0.95				
	215	2	154.78262241894737	31.24948843789474	0.0	0.0	2	1.028943705543036	-1.7032202368900125	230.0	26	1.05	0.95				
	216	2	48.82732568421053	9.765465136842105	0.0	0.0	2	1.0323691783243285	-1.6745105930706832	230.0	26	1.05	0.95				
	217	1	0.0	0.0	0.0	0.0	2	1.0337039235665348	-0.13213245299007587	230.0	27	1.05	0.95				
	218	2	162.59499452842107	33.20258146526316	0.0	0.0	2	1.0324202083153848	-0.8068408123910343	230.0	27	1.05	0.95				
	219	1	88.37745948842105	18.066110503157894	0.0	0.0	2	1.0368001994337088	-0.9486778384510774	230.0	25	1.05	0.95				
	220	1	62.49897687578948	12.695104677894737	0.0	0.0	2	1.044431492378505	0.6027001200638035	230.0	25	1.05	0.95				
	221	2	0.0	0.0	0.0	0.0	2	1.034081862501565	-0.29846975735611714	230.0	27	1.05	0.95				
	222	2	0.0	0.0	0.0	0.0	2	1.05	6.263441225277949	230.0	27	1.05	0.95				
	223	2	0.0	0.0	0.0	0.0	2	1.05	1.8039691119471972	230.0	25	1.05	0.95				
	224	1	0.0	0.0	0.0	0.0	2	1.0100787326417358	-5.72083710336698	230.0	26	1.05	0.95				
	301	2	45.714647254736846	9.312242959298246	0.0	0.0	3	1.0097674601183348	9.21019395180579	138.0	31	1.05	0.95				
	302	2	41.058525775087716	8.46567541754386	0.0	0.0	3	1.0095653328502299	8.961238314142841	138.0	32	1.05	0.95				
	303	1	76.19107875789474	15.66149952245614	0.0	0.0	3	1.046404368471436	19.801045961688107	138.0	31	1.05	0.95				
	304	1	31.32299904491228	6.349256563157894	0.0	0.0	3	1.0126583402760574	10.462841730754313	138.0	31	1.05	0.95				
	305	1	30.0531477322807	5.925972792280702	0.0	0.0	3	1.024697898779113	8.387810808067869	138.0	31	1.05	0.95				
	306	1	57.566592839298245	11.851945584561404	0.0	-100.0	3	1.0409215943652161	7.425069104266837	138.0	32	1.05	0.95				
	307	2	52.91047135964912	10.582094271929824	0.0	0.0	3	0.9791647916562848	3.7274902681795807	138.0	32	1.05	0.95				
	308	1	72.38152482	14.814931980701754	0.0	0.0	3	0.9919620459474142	5.576638459795248	138.0	32	1.05	0.95				
	309	1	74.07465990350877	15.238215751578945	0.0	0.0	3	1.0284436126010439	13.416130462310177	138.0	33	1.05	0.95				
	310	1	82.54033532105262	16.93135083508772	0.0	0.0	3	1.05	8.932524636869937	138.0	33	1.05	0.95				
	311	1	0.0	0.0	0.0	0.0	3	1.0098217799484046	13.245721105465096	230.0	33	1.05	0.95				
	312	1	0.0	0.0	0.0	0.0	3	1.0160951640491056	13.56392635515383	230.0	33	1.05	0.95				
	313	2	112.17019928245612	22.857323627368423	0.0	0.0	3	1.0130274287140433	15.601538650688074	230.0	34	1.05	0.95				
	314	2	82.11705155017543	16.508067064210525	0.0	0.0	3	1.002349045249021	13.362854775594508	230.0	36	1.05	0.95				
	315	2	134.1809553680702	27.09016133614035	0.0	0.0	3	1.0374226992342557	16.177112726074096	230.0	36	1.05	0.95				
	316	2	42.328377087719296	8.46567541754386	0.0	0.0	3	1.0311327796171907	16.029719563064834	230.0	36	1.05	0.95				
	317	1	0.0	0.0	0.0	0.0	3	1.05	20.029239025583426	230.0	37	1.05	0.95				
	318	2	140.95349570210527	28.783296419649123	0.0	0.0	3	1.04974803915612	17.192818089888505	230.0	37	1.05	0.95				
	319	1	76.61436252877193	15.66149952245614	0.0	0.0	3	1.0250952187067484	14.97517244810643	230.0	35	1.05	0.95				
	320	1	54.1803226722807	11.005378042807019	0.0	0.0	3	1.0228102768337866	14.881263472409476	230.0	35	1.05	0.95				
	321	2	0.0	0.0	0.0	0.0	3	1.046200400313887	17.502602885424288	230.0	37	1.05	0.95				
	322	2	0.0	0.0	0.0	0.0	3	1.05	22.837543163048025	230.0	37	1.05	0.95				
	323	2	0.0	0.0	0.0	0.0	3	1.022081022949835	15.158869941945653	230.0	35	1.05	0.95				
	324	1	0.0	0.0	0.0	0.0	3	1.0379687434061173	17.56426402935896	230.0	36	1.05	0.95				
	325	1	0.0	0.0	0.0	0.0	3	1.0244767779832136	15.487648458833224	230.0	35	1.05	0.95				
];
