%% MATPOWER Case Format : Version 2
function mpc = RTS_GMLC
mpc.version = '2';

%%-----  Power Flow Data  -----%%
%% system MVA base
mpc.baseMVA = 100.0;
%% bus data
%    bus_i    type    Pd    Qd    Gs    Bs    area    Vm    Va    baseKV    zone    Vmax    Vmin
mpc.bus = [
	101	2	42.92478970105263	8.743938642807016	0.0	0.0	1	1.0356170165560483	3.18922203920072	138.0	11	1.05	0.95				
	102	2	38.55282037964912	7.949035129824561	0.0	0.0	1	1.035221934533929	3.0612487378224453	138.0	12	1.05	0.95				
	103	1	71.54131616842105	14.705714990175437	0.0	0.0	1	1.0298708853119316	0.4403018944106123	138.0	11	1.05	0.95				
	104	1	29.411429980350874	5.961776347368421	0.0	0.0	1	1.0227878621828348	-0.4217794400041985	138.0	11	1.05	0.95				
	105	1	28.21907471087719	5.564324590877193	0.0	0.0	1	1.0371793908011109	-0.12832784968759298	138.0	11	1.05	0.95				
	106	1	54.053438882807015	11.128649181754387	0.0	-100.0	1	1.0466113226072575	-2.401775784964223	138.0	12	1.05	0.95				
	107	2	49.68146956140351	9.936293912280702	0.0	0.0	1	1.0006546895325221	-7.6334725957112735	138.0	12	1.05	0.95				
	108	1	67.96425036	13.910811477192981	0.0	0.0	1	1.0056996408013095	-6.466818946945892	138.0	12	1.05	0.95				
	109	1	69.55405738596491	14.30826323368421	0.0	0.0	1	1.0249546769183588	-1.6691943045947202	138.0	13	1.05	0.95				
	110	1	77.50309251578946	15.898070259649122	0.0	0.0	1	1.05	-2.2472949068377743	138.0	13	1.05	0.95				
	111	1	0.0	0.0	0.0	0.0	1	1.0027194392717587	-0.21054591298304856	230.0	13	1.05	0.95				
	112	1	0.0	0.0	0.0	0.0	1	1.0078626223656804	0.23835978291286067	230.0	13	1.05	0.95				
	113	3	105.32471547017543	21.462394850526316	0.0	0.0	1	0.9934068166609327	-9.008163167209523e-30	230.0	14	1.05	0.95				
	114	2	77.10564075929824	15.500618503157895	0.0	0.0	1	0.9987093887080015	1.4849044238779299	230.0	16	1.05	0.95				
	115	2	125.9922068077193	25.436912415438595	0.0	0.0	1	1.0382530148214062	6.332821078627991	230.0	16	1.05	0.95				
	116	2	39.74517564912281	7.949035129824561	0.0	0.0	1	1.03327337937132	6.149825018794383	230.0	16	1.05	0.95				
	117	1	0.0	0.0	0.0	0.0	1	1.0422106530980642	7.5004815283465085	230.0	17	1.05	0.95				
	118	2	132.35143491157893	27.026719441403507	0.0	0.0	1	1.045124374546695	7.316152714723967	230.0	17	1.05	0.95				
	119	1	71.93876792491228	14.705714990175437	0.0	0.0	1	1.0266324026102382	5.426930779359781	230.0	15	1.05	0.95				
	120	1	50.87382483087719	10.333745668771929	0.0	0.0	1	1.0234063427228548	5.57102533939301	230.0	15	1.05	0.95				
	121	2	0.0	0.0	0.0	0.0	1	1.05	8.048579725740762	230.0	17	1.05	0.95				
	122	2	0.0	0.0	0.0	0.0	1	1.05	14.343806946692963	230.0	17	1.05	0.95				
	123	2	0.0	0.0	0.0	0.0	1	1.0220750345183913	5.961001425691478	230.0	15	1.05	0.95				
	124	1	0.0	0.0	0.0	0.0	1	1.0269696034687936	4.129189293333875	230.0	16	1.05	0.95				
	201	2	47.85455690526316	9.748150480701755	0.0	0.0	2	1.0300435247777762	-6.076118696354422	138.0	21	1.05	0.95				
	202	2	42.980481664912276	8.86195498245614	0.0	0.0	2	1.0305234684748155	-6.020046269783071	138.0	22	1.05	0.95				
	203	1	79.75759484210526	16.39461671754386	0.0	0.0	2	1.0185755448934684	-6.316134487905637	138.0	21	1.05	0.95				
	204	1	32.78923343508772	6.646466236842105	0.0	0.0	2	1.0192632305771785	-8.354378301007158	138.0	21	1.05	0.95				
	205	1	31.459940187719297	6.203368487719299	0.0	0.0	2	1.0343977787529801	-8.439091533683595	138.0	21	1.05	0.95				
	206	1	60.26129388070176	12.406736975438598	0.0	-100.0	2	1.0448224650405755	-10.18014845955079	138.0	22	1.05	0.95				
	207	2	55.38721864035088	11.077443728070175	0.0	0.0	2	0.9892723394091965	-16.901047822517477	138.0	22	1.05	0.95				
	208	1	75.7697151	15.508421219298246	0.0	0.0	2	0.9960879556043584	-14.894616073856508	138.0	22	1.05	0.95				
	209	1	77.54210609649122	15.951518968421052	0.0	0.0	2	1.0229333068510185	-8.456503416819837	138.0	23	1.05	0.95				
	210	1	86.40406107894736	17.72390996491228	0.0	0.0	2	1.05	-9.424826774176815	138.0	23	1.05	0.95				
	211	1	0.0	0.0	0.0	0.0	2	1.0054141240540564	-5.875758277426301	230.0	23	1.05	0.95				
	212	1	0.0	0.0	0.0	0.0	2	1.009886575061429	-5.440027172435817	230.0	23	1.05	0.95				
	213	2	117.42090351754386	23.92727845263158	0.0	0.0	2	0.9993650511685506	-5.1363828670847935	230.0	24	1.05	0.95				
	214	2	85.96096332982455	17.280812215789474	0.0	0.0	2	1.006111375720254	-3.3472246609339167	230.0	26	1.05	0.95				
	215	2	140.46198647192983	28.35825594385965	0.0	0.0	2	1.0267535520435254	3.0078929018964633	230.0	26	1.05	0.95				
	216	2	44.3097749122807	8.86195498245614	0.0	0.0	2	1.0286574299105766	2.8773168231396555	230.0	26	1.05	0.95				
	217	1	0.0	0.0	0.0	0.0	2	1.0336283145548975	5.463998898455968	230.0	27	1.05	0.95				
	218	2	147.55155045789473	30.13064694035088	0.0	0.0	2	1.035033423066292	5.88407295232877	230.0	27	1.05	0.95				
	219	1	80.20069259122808	16.39461671754386	0.0	0.0	2	1.028994567207142	1.8226061738758705	230.0	25	1.05	0.95				
	220	1	56.7165118877193	11.520541477192983	0.0	0.0	2	1.0324501382311386	1.767962786045423	230.0	25	1.05	0.95				
	221	2	0.0	0.0	0.0	0.0	2	1.0351598404190596	5.687985534275278	230.0	27	1.05	0.95				
	222	2	0.0	0.0	0.0	0.0	2	1.05	12.097208844529096	230.0	27	1.05	0.95				
	223	2	0.0	0.0	0.0	0.0	2	1.0349486555327991	2.0731893337282647	230.0	25	1.05	0.95				
	224	1	0.0	0.0	0.0	0.0	2	1.012152696690022	-0.49077807557477965	230.0	26	1.05	0.95				
	301	2	62.985764008421064	12.830433409122808	0.0	0.0	3	1.0143789966986712	-25.26841331457168	138.0	31	1.05	0.95				
	302	2	56.570547303859655	11.664030371929826	0.0	0.0	3	1.0127036016919164	-25.60438682229976	138.0	32	1.05	0.95				
	303	1	104.97627334736843	21.578456188070177	0.0	0.0	3	1.0489567177532317	-11.647727255458674	138.0	31	1.05	0.95				
	304	1	43.156912376140355	8.74802277894737	0.0	0.0	3	1.0089095958719114	-24.141996433623845	138.0	31	1.05	0.95				
	305	1	41.40730782035088	8.164821260350879	0.0	0.0	3	1.0247351118816501	-25.67584098133477	138.0	31	1.05	0.95				
	306	1	79.31540652912282	16.329642520701757	0.0	-100.0	3	1.0370816493112742	-26.56340882318434	138.0	32	1.05	0.95				
	307	2	72.90018982456141	14.580037964912282	0.0	0.0	3	0.988906985760172	-33.217328487211056	138.0	32	1.05	0.95				
	308	1	99.72745968000001	20.412053150877192	0.0	0.0	3	0.989894387943581	-30.43161859418428	138.0	32	1.05	0.95				
	309	1	102.06026575438598	20.995254669473685	0.0	0.0	3	1.0253915986418087	-20.55499036562716	138.0	33	1.05	0.95				
	310	1	113.7242961263158	23.328060743859652	0.0	0.0	3	1.05	-24.214244189878222	138.0	33	1.05	0.95				
	311	1	0.0	0.0	0.0	0.0	3	1.017807427627865	-17.62724441612467	230.0	33	1.05	0.95				
	312	1	0.0	0.0	0.0	0.0	3	1.0182140712069507	-17.022751384002675	230.0	33	1.05	0.95				
	313	2	154.54840242807018	31.492882004210532	0.0	0.0	3	1.0223407447737372	-14.397942753638407	230.0	34	1.05	0.95				
	314	2	113.14109460771931	22.744859225263163	0.0	0.0	3	1.0270669411093392	-15.707590571337915	230.0	36	1.05	0.95				
	315	2	184.87488139508773	37.32489719017544	0.0	0.0	3	1.0499999792276646	-9.741689638898015	230.0	36	1.05	0.95				
	316	2	58.32015185964913	11.664030371929826	0.0	0.0	3	1.0483886799765367	-9.49951609886158	230.0	36	1.05	0.95				
	317	1	0.0	0.0	0.0	0.0	3	1.0499816219335842	-7.34549601206965	230.0	37	1.05	0.95				
	318	2	194.20610569263158	39.65770326456141	0.0	0.0	3	1.0481087989120639	-7.423722332923183	230.0	37	1.05	0.95				
	319	1	105.55947486596493	21.578456188070177	0.0	0.0	3	1.0436907419982295	-10.655273192297678	230.0	35	1.05	0.95				
	320	1	74.64979438035088	15.163239483508772	0.0	0.0	3	1.0443128548739555	-10.567735891356593	230.0	35	1.05	0.95				
	321	2	0.0	0.0	0.0	0.0	3	1.0499999251988075	-7.328125415106429	230.0	37	1.05	0.95				
	322	2	0.0	0.0	0.0	0.0	3	1.05	-2.987412960083865	230.0	37	1.05	0.95				
	323	2	0.0	0.0	0.0	0.0	3	1.0458898791143436	-10.089938311472482	230.0	35	1.05	0.95				
	324	1	0.0	0.0	0.0	0.0	3	1.0444417314141052	-10.451953109095436	230.0	36	1.05	0.95				
	325	1	0.0	0.0	0.0	0.0	3	1.0399779109900873	-8.60444450894363	230.0	35	1.05	0.95				
];
