%% MATPOWER Case Format : Version 2
function mpc = RTS_GMLC
mpc.version = '2';

%%-----  Power Flow Data  -----%%
%% system MVA base
mpc.baseMVA = 100.0;
%% bus data
%    bus_i    type    Pd    Qd    Gs    Bs    area    Vm    Va    baseKV    zone    Vmax    Vmin
mpc.bus = [
	101	2	56.47154873684212	11.503463631578947	0.0	0.0	1	1.0346010338170495	3.151021570814479	138.0	11	1.05	0.95				
	102	2	50.719816921052626	10.457694210526316	0.0	0.0	1	1.0346596976591949	3.1181632982434984	138.0	12	1.05	0.95				
	103	1	94.11924789473684	19.346734289473684	0.0	0.0	1	1.0266849691633047	0.8665603899692758	138.0	11	1.05	0.95				
	104	1	38.69346857894737	7.843270657894736	0.0	0.0	1	1.0204841281345496	-0.48637380687443627	138.0	11	1.05	0.95				
	105	1	37.12481444736842	7.320385947368421	0.0	0.0	1	1.0349534146688704	-0.30340160271779926	138.0	11	1.05	0.95				
	106	1	71.11232063157895	14.640771894736842	0.0	-100.0	1	1.0428474167237647	-2.724428159763172	138.0	12	1.05	0.95				
	107	2	65.36058881578948	13.072117763157895	0.0	0.0	1	1.032624620754423	-1.9863587748292386	138.0	12	1.05	0.95				
	108	1	89.4132855	18.30096486842105	0.0	0.0	1	1.022006333938172	-3.5217249413532623	138.0	12	1.05	0.95				
	109	1	91.50482434210527	18.823849578947367	0.0	0.0	1	1.0256150561380932	-1.3274422697506152	138.0	13	1.05	0.95				
	110	1	101.9625185526316	20.915388421052633	0.0	0.0	1	1.05	-2.16370458518533	138.0	13	1.05	0.95				
	111	1	0.0	0.0	0.0	0.0	1	1.0053072366104865	0.1307819463280077	230.0	13	1.05	0.95				
	112	1	0.0	0.0	0.0	0.0	1	1.0106986651751348	0.5674719984940063	230.0	13	1.05	0.95				
	113	3	138.56444828947366	28.23577436842106	0.0	0.0	1	0.9983252502749093	-5.0625827635736164e-30	230.0	14	1.05	0.95				
	114	2	101.43963384210525	20.392503710526316	0.0	0.0	1	1.0020373494776191	2.2373336512814204	230.0	16	1.05	0.95				
	115	2	165.7544532368421	33.46462147368421	0.0	0.0	1	1.040697914163858	8.742633620440918	230.0	16	1.05	0.95				
	116	2	52.28847105263158	10.457694210526316	0.0	0.0	1	1.0368456068585679	8.261469445609192	230.0	16	1.05	0.95				
	117	1	0.0	0.0	0.0	0.0	1	1.0439110566670067	10.603030070692112	230.0	17	1.05	0.95				
	118	2	174.12060860526316	35.55616031578948	0.0	0.0	1	1.0469950739498184	10.780414448900217	230.0	17	1.05	0.95				
	119	1	94.64213260526316	19.346734289473684	0.0	0.0	1	1.0302998690403424	6.9533678311129865	230.0	15	1.05	0.95				
	120	1	66.92924294736842	13.595002473684211	0.0	0.0	1	1.028796404335213	6.818700663320028	230.0	15	1.05	0.95				
	121	2	0.0	0.0	0.0	0.0	1	1.05	11.357486359567494	230.0	17	1.05	0.95				
	122	2	0.0	0.0	0.0	0.0	1	1.05	18.739152299770705	230.0	17	1.05	0.95				
	123	2	0.0	0.0	0.0	0.0	1	1.0289411061620872	7.143480178413656	230.0	15	1.05	0.95				
	124	1	0.0	0.0	0.0	0.0	1	1.0253456075631502	5.808546498518865	230.0	16	1.05	0.95				
	201	2	62.032425612631584	12.636234847017544	0.0	0.0	2	1.0324233609695808	-9.476979144638051	138.0	21	1.05	0.95				
	202	2	55.71430818912281	11.487486224561403	0.0	0.0	2	1.0325908074725907	-9.563966649319719	138.0	22	1.05	0.95				
	203	1	103.38737602105263	21.251849515438597	0.0	0.0	2	1.0231037134581726	-7.177216374349631	138.0	21	1.05	0.95				
	204	1	42.50369903087719	8.615614668421053	0.0	0.0	2	1.0179837943181365	-11.876926401390449	138.0	21	1.05	0.95				
	205	1	40.78057609719298	8.041240357192983	0.0	0.0	2	1.0336952412390505	-12.178734536520034	138.0	21	1.05	0.95				
	206	1	78.11490632701754	16.082480714385966	0.0	-100.0	2	1.0414506098045937	-14.242011321704126	138.0	22	1.05	0.95				
	207	2	71.79678890350877	14.359357780701753	0.0	0.0	2	0.9874228219256451	-22.913264511211263	138.0	22	1.05	0.95				
	208	1	98.21800721999999	20.103100892982454	0.0	0.0	2	0.989226271733977	-20.17677541162368	138.0	22	1.05	0.95				
	209	1	100.51550446491228	20.677475204210523	0.0	0.0	2	1.023542371019474	-11.436747467132879	138.0	23	1.05	0.95				
	210	1	112.00299068947368	22.974972449122806	0.0	0.0	2	1.05	-13.102785538907472	138.0	23	1.05	0.95				
	211	1	0.0	0.0	0.0	0.0	2	1.0138804529010905	-8.432638521843446	230.0	23	1.05	0.95				
	212	1	0.0	0.0	0.0	0.0	2	1.0146042183895558	-7.6650074723100365	230.0	23	1.05	0.95				
	213	2	152.20919247543858	31.016212806315792	0.0	0.0	2	1.0128908447456664	-7.362926267760514	230.0	24	1.05	0.95				
	214	2	111.42861637824562	22.400598137894736	0.0	0.0	2	1.0209877347330227	-5.510477122543026	230.0	26	1.05	0.95				
	215	2	182.07665665929824	36.75995591859649	0.0	0.0	2	1.0343861885764774	2.3103545205188403	230.0	26	1.05	0.95				
	216	2	57.43743112280701	11.487486224561403	0.0	0.0	2	1.0377008399749865	2.1162328343752277	230.0	26	1.05	0.95				
	217	1	0.0	0.0	0.0	0.0	2	1.0405405161730363	5.249084508209419	230.0	27	1.05	0.95				
	218	2	191.26664563894735	39.05745316350877	0.0	0.0	2	1.0421919219505345	5.712374289492347	230.0	27	1.05	0.95				
	219	1	103.9617503322807	21.251849515438597	0.0	0.0	2	1.0379173001553916	1.2514111625286242	230.0	25	1.05	0.95				
	220	1	73.51991183719298	14.933732091929825	0.0	0.0	2	1.0426669430245132	1.5916348553082111	230.0	25	1.05	0.95				
	221	2	0.0	0.0	0.0	0.0	2	1.0419559089566057	5.443364776178913	230.0	27	1.05	0.95				
	222	2	0.0	0.0	0.0	0.0	2	1.05	11.871240086178219	230.0	27	1.05	0.95				
	223	2	0.0	0.0	0.0	0.0	2	1.0465434762786392	2.1997993459101055	230.0	25	1.05	0.95				
	224	1	0.0	0.0	0.0	0.0	2	1.0183485700990749	-1.238852916344625	230.0	26	1.05	0.95				
	301	2	54.8541600631579	11.173995568421052	0.0	0.0	3	1.0077967465693156	-23.582024464606384	138.0	31	1.05	0.95				
	302	2	49.26716227894736	10.158177789473683	0.0	0.0	3	1.007208422783802	-23.72058768629529	138.0	32	1.05	0.95				
	303	1	91.42360010526316	18.792628910526314	0.0	0.0	3	1.0255393789055325	-16.677562210974813	138.0	31	1.05	0.95				
	304	1	37.58525782105263	7.618633342105261	0.0	0.0	3	1.0089415996186426	-21.96301936094991	138.0	31	1.05	0.95				
	305	1	36.061531152631574	7.11072445263158	0.0	0.0	3	1.0221358395743858	-22.974448323502106	138.0	31	1.05	0.95				
	306	1	69.07560896842105	14.22144890526316	0.0	-100.0	3	1.0379056607538029	-23.216572418260508	138.0	32	1.05	0.95				
	307	2	63.48861118421052	12.697722236842104	0.0	0.0	3	0.9923700803097979	-28.85037587951294	138.0	32	1.05	0.95				
	308	1	86.85242009999999	17.776811131578945	0.0	0.0	3	0.9959730215230219	-26.491831847865747	138.0	32	1.05	0.95				
	309	1	88.88405565789473	18.28472002105263	0.0	0.0	3	1.0273258173003572	-18.455908469767678	138.0	33	1.05	0.95				
	310	1	99.04223344736842	20.316355578947366	0.0	0.0	3	1.05	-20.734731079464503	138.0	33	1.05	0.95				
	311	1	0.0	0.0	0.0	0.0	3	1.0141365130484041	-14.039868839965953	230.0	33	1.05	0.95				
	312	1	0.0	0.0	0.0	0.0	3	1.0148707356280031	-13.597383868552845	230.0	33	1.05	0.95				
	313	2	134.5958557105263	27.42708003157895	0.0	0.0	3	1.0179616406255019	-10.54091338257359	230.0	34	1.05	0.95				
	314	2	98.53432455789472	19.808446689473683	0.0	0.0	3	1.0223491804458429	-11.53029808766594	230.0	36	1.05	0.95				
	315	2	161.00711796315787	32.50616892631579	0.0	0.0	3	1.0458935537595462	-5.375144583245835	230.0	36	1.05	0.95				
	316	2	50.790888947368416	10.158177789473683	0.0	0.0	3	1.0451195748176179	-4.970350054157983	230.0	36	1.05	0.95				
	317	1	0.0	0.0	0.0	0.0	3	1.048673020024799	-2.454738185097532	230.0	37	1.05	0.95				
	318	2	169.13366019473685	34.537804484210525	0.0	0.0	3	1.0481104700825103	-2.4465987719873503	230.0	37	1.05	0.95				
	319	1	91.93150899473684	18.792628910526314	0.0	0.0	3	1.0405986100397682	-6.204064179646578	230.0	35	1.05	0.95				
	320	1	65.01233785263157	13.20563112631579	0.0	0.0	3	1.0405704580516137	-6.318383946905172	230.0	35	1.05	0.95				
	321	2	0.0	0.0	0.0	0.0	3	1.05	-1.867413040342153	230.0	37	1.05	0.95				
	322	2	0.0	0.0	0.0	0.0	3	1.05	2.761468486842677	230.0	37	1.05	0.95				
	323	2	0.0	0.0	0.0	0.0	3	1.0414157143698597	-6.00257563621743	230.0	35	1.05	0.95				
	324	1	0.0	0.0	0.0	0.0	3	1.0240945474044192	-9.570292166734594	230.0	36	1.05	0.95				
	325	1	0.0	0.0	0.0	0.0	3	1.0363435964549883	-4.570279131435711	230.0	35	1.05	0.95				
];
