%% MATPOWER Case Format : Version 2
function mpc = RTS_GMLC
mpc.version = '2';

%%-----  Power Flow Data  -----%%
%% system MVA base
mpc.baseMVA = 100.0;
%% bus data
%    bus_i    type    Pd    Qd    Gs    Bs    area    Vm    Va    baseKV    zone    Vmax    Vmin
mpc.bus = [
	101	2	58.07471547789474	11.830034634385965	0.0	0.0	1	1.0373621517008649	-1.5441351644445693	138.0	11	1.05	0.95				
	102	2	52.15969816070175	10.754576940350878	0.0	0.0	1	1.036494631082038	-1.8442271818365732	138.0	12	1.05	0.95				
	103	1	96.7911924631579	19.895967339649122	0.0	0.0	1	1.0186444492207487	-0.8519868757391752	138.0	11	1.05	0.95				
	104	1	39.791934679298244	8.065932705263158	0.0	0.0	1	1.0198520410917342	-4.283656512410149	138.0	11	1.05	0.95				
	105	1	38.17874813824561	7.5282038582456146	0.0	0.0	1	1.0366770306913233	-4.298468395750189	138.0	11	1.05	0.95				
	106	1	73.13112319438598	15.056407716491229	0.0	-100.0	1	1.043482624065226	-6.417964511465395	138.0	12	1.05	0.95				
	107	2	67.21610587719297	13.443221175438596	0.0	0.0	1	1.0025244899485433	-12.50300423099747	138.0	12	1.05	0.95				
	108	1	91.95163284	18.820509645614035	0.0	0.0	1	1.000993232002382	-10.902056056370824	138.0	12	1.05	0.95				
	109	1	94.10254822807018	19.35823849263158	0.0	0.0	1	1.0224779241119526	-4.1061003727586	138.0	13	1.05	0.95				
	110	1	104.85712516842105	21.509153880701756	0.0	0.0	1	1.05	-5.4085895621216284	138.0	13	1.05	0.95				
	111	1	0.0	0.0	0.0	0.0	1	1.0065844631445673	-1.038134706830465	230.0	13	1.05	0.95				
	112	1	0.0	0.0	0.0	0.0	1	1.0100695709749683	-1.1809690520454783	230.0	13	1.05	0.95				
	113	3	142.49814445964913	29.03735773894737	0.0	0.0	1	1.0067384436388562	-6.452006952114686e-31	230.0	14	1.05	0.95				
	114	2	104.3193963214035	20.97142503368421	0.0	0.0	1	1.0054932652835957	1.8755944512020206	230.0	16	1.05	0.95				
	115	2	170.4600445045614	34.41464620912281	0.0	0.0	1	1.0219010652460663	10.382439351459452	230.0	16	1.05	0.95				
	116	2	53.772884701754386	10.754576940350878	0.0	0.0	1	1.021447377034912	9.325909704795864	230.0	16	1.05	0.95				
	117	1	0.0	0.0	0.0	0.0	1	1.0246856290203508	13.589944178693196	230.0	17	1.05	0.95				
	118	2	179.0637060568421	36.56556159719299	0.0	0.0	1	1.0262472002586183	14.298859109543555	230.0	17	1.05	0.95				
	119	1	97.32892131017545	19.895967339649122	0.0	0.0	1	1.0163165050326952	6.544211657825479	230.0	15	1.05	0.95				
	120	1	68.82929241824561	13.98095002245614	0.0	0.0	1	1.017545376642223	5.183859331465692	230.0	15	1.05	0.95				
	121	2	0.0	0.0	0.0	0.0	1	1.0266394910535315	16.247796706553125	230.0	17	1.05	0.95				
	122	2	0.0	0.0	0.0	0.0	1	1.05	25.343733079594383	230.0	17	1.05	0.95				
	123	2	0.0	0.0	0.0	0.0	1	1.019330495767003	4.854095880794847	230.0	15	1.05	0.95				
	124	1	0.0	0.0	0.0	0.0	1	1.0068923216337287	6.144360357592649	230.0	16	1.05	0.95				
	201	2	48.857547600000004	9.9524634	0.0	0.0	2	1.0090185297089023	-13.857267460583586	138.0	21	1.05	0.95				
	202	2	43.881315900000004	9.047694	0.0	0.0	2	1.008155410345092	-14.125628342294924	138.0	22	1.05	0.95				
	203	1	81.429246	16.7382339	0.0	0.0	2	1.0163035258063111	-10.2774669077374	138.0	21	1.05	0.95				
	204	1	33.4764678	6.785770500000001	0.0	0.0	2	1.009852471340514	-13.463992371486794	138.0	21	1.05	0.95				
	205	1	32.1193137	6.3333858	0.0	0.0	2	1.0238102466405026	-13.887760987066414	138.0	21	1.05	0.95				
	206	1	61.52431920000001	12.6667716	0.0	-100.0	2	1.0398136604851205	-14.456455604287521	138.0	22	1.05	0.95				
	207	2	56.5480875	11.3096175	0.0	0.0	2	0.9910508075759206	-19.900156329745194	138.0	22	1.05	0.95				
	208	1	77.3577837	15.8334645	0.0	0.0	2	0.9971388925784404	-17.844255683023544	138.0	22	1.05	0.95				
	209	1	79.1673225	16.285849199999998	0.0	0.0	2	1.0248823025142557	-11.057149405018457	138.0	23	1.05	0.95				
	210	1	88.2150165	18.095388	0.0	0.0	2	1.05	-12.460923837130908	138.0	23	1.05	0.95				
	211	1	0.0	0.0	0.0	0.0	2	1.0104327594225606	-7.3670857509693946	230.0	23	1.05	0.95				
	212	1	0.0	0.0	0.0	0.0	2	1.012910589805308	-5.84867278992421	230.0	23	1.05	0.95				
	213	2	119.8819455	24.428773800000002	0.0	0.0	2	1.0145225778672742	-5.076225464921561	230.0	24	1.05	0.95				
	214	2	87.76263180000001	17.6430033	0.0	0.0	2	1.0108758734408116	-4.915519652960176	230.0	26	1.05	0.95				
	215	2	143.4059499	28.952620800000002	0.0	0.0	2	1.0300147900954397	0.7940378361495194	230.0	26	1.05	0.95				
	216	2	45.23847	9.047694	0.0	0.0	2	1.0323851340240409	1.245423728707678	230.0	26	1.05	0.95				
	217	1	0.0	0.0	0.0	0.0	2	1.0331471103247638	2.460550775237988	230.0	27	1.05	0.95				
	218	2	150.64410510000002	30.762159600000004	0.0	0.0	2	1.031932292479615	1.8281850144918836	230.0	27	1.05	0.95				
	219	1	81.8816307	16.7382339	0.0	0.0	2	1.0367800495337838	2.5801142082703645	230.0	25	1.05	0.95				
	220	1	57.905241600000004	11.762002200000001	0.0	0.0	2	1.0443460478339057	4.587843782998994	230.0	25	1.05	0.95				
	221	2	0.0	0.0	0.0	0.0	2	1.0341181823783623	2.288935998276338	230.0	27	1.05	0.95				
	222	2	0.0	0.0	0.0	0.0	2	1.05	8.852686905268966	230.0	27	1.05	0.95				
	223	2	0.0	0.0	0.0	0.0	2	1.05	6.011506555684218	230.0	25	1.05	0.95				
	224	1	0.0	0.0	0.0	0.0	2	1.0112033752841967	-3.3405313042346827	230.0	26	1.05	0.95				
	301	2	47.337551393684215	9.642834543157894	0.0	0.0	3	1.0197831352739444	17.019735764936186	138.0	31	1.05	0.95				
	302	2	42.516134122105264	8.766213221052633	0.0	0.0	3	1.0174420242738174	16.662936828962373	138.0	32	1.05	0.95				
	303	1	78.89591898947369	16.21749445894737	0.0	0.0	3	1.05	31.7926810825057	138.0	31	1.05	0.95				
	304	1	32.43498891789474	6.574659915789474	0.0	0.0	3	1.0085758759622292	17.797500529309588	138.0	31	1.05	0.95				
	305	1	31.120056934736844	6.136349254736843	0.0	0.0	3	1.0259480332227817	15.66062853054393	138.0	31	1.05	0.95				
	306	1	59.61024990315791	12.272698509473686	0.0	-100.0	3	1.0366096625176142	14.361890123941524	138.0	32	1.05	0.95				
	307	2	54.788832631578956	10.95776652631579	0.0	0.0	3	0.95	11.068683334070219	138.0	32	1.05	0.95				
	308	1	74.95112304	15.340873136842106	0.0	0.0	3	0.9701616514024539	12.668137682080847	138.0	32	1.05	0.95				
	309	1	76.70436568421053	15.779183797894738	0.0	0.0	3	1.0148712702177414	20.566327576172043	138.0	33	1.05	0.95				
	310	1	85.47057890526317	17.532426442105265	0.0	0.0	3	1.0426906773079383	15.70453111390148	138.0	33	1.05	0.95				
	311	1	0.0	0.0	0.0	0.0	3	1.0026833573967582	19.8677298794316	230.0	33	1.05	0.95				
	312	1	0.0	0.0	0.0	0.0	3	1.0077500428068729	19.767748207484544	230.0	33	1.05	0.95				
	313	2	116.15232517894738	23.668775696842108	0.0	0.0	3	1.0048407989146697	21.64632439922048	230.0	34	1.05	0.95				
	314	2	85.03226824421053	17.094115781052633	0.0	0.0	3	0.9981841265970848	20.140853309779498	230.0	36	1.05	0.95				
	315	2	138.9444795536842	28.051882307368427	0.0	0.0	3	1.0481715491335168	23.659565753377986	230.0	36	1.05	0.95				
	316	2	43.83106610526316	8.766213221052633	0.0	0.0	3	1.0319922603289329	23.12903737305394	230.0	36	1.05	0.95				
	317	1	0.0	0.0	0.0	0.0	3	1.05	27.7561888700471	230.0	37	1.05	0.95				
	318	2	145.95745013052633	29.805124951578954	0.0	0.0	3	1.048354568017723	24.552636045326786	230.0	37	1.05	0.95				
	319	1	79.33422965052632	16.21749445894737	0.0	0.0	3	1.021243035829963	21.06947576456891	230.0	35	1.05	0.95				
	320	1	56.10376461473685	11.396077187368423	0.0	0.0	3	1.015716450659605	20.118334303211526	230.0	35	1.05	0.95				
	321	2	0.0	0.0	0.0	0.0	3	1.05	24.907826632126056	230.0	37	1.05	0.95				
	322	2	0.0	0.0	0.0	0.0	3	1.05	30.37384036733186	230.0	37	1.05	0.95				
	323	2	0.0	0.0	0.0	0.0	3	1.0132722118430657	19.93741398454383	230.0	35	1.05	0.95				
	324	1	0.0	0.0	0.0	0.0	3	1.046115124773244	26.770358949309664	230.0	36	1.05	0.95				
	325	1	0.0	0.0	0.0	0.0	3	1.0157060085789589	19.63025689007223	230.0	35	1.05	0.95				
];

%% generator data
%    bus    Pg    Qg    Qmax    Qmin    Vg    mBase    status    Pmax    Pmin    Pc1    Pc2    Qc1min    Qc1max    Qc2min    Qc2max    ramp_agc    ramp_10    ramp_30    ramp_q    apf
