%% MATPOWER Case Format : Version 2
function mpc = RTS_GMLC
mpc.version = '2';

%%-----  Power Flow Data  -----%%
%% system MVA base
mpc.baseMVA = 100.0;
%% bus data
%    bus_i    type    Pd    Qd    Gs    Bs    area    Vm    Va    baseKV    zone    Vmax    Vmin
mpc.bus = [
	101	2	43.32558137684211	8.825581391578947	0.0	0.0	1	1.0225194942918805	-2.8821885954733726	138.0	11	1.05	0.95				
	102	2	38.912790681052634	8.023255810526317	0.0	0.0	1	1.021684653922203	-3.0925040120225256	138.0	12	1.05	0.95				
	103	1	72.20930229473684	14.843023249473685	0.0	0.0	1	1.0304250676494005	-0.56321914580237	138.0	11	1.05	0.95				
	104	1	29.68604649894737	6.017441857894737	0.0	0.0	1	1.0207903011961132	-3.580209857602606	138.0	11	1.05	0.95				
	105	1	28.482558127368424	5.6162790673684215	0.0	0.0	1	1.0313779091230375	-4.603583955057907	138.0	11	1.05	0.95				
	106	1	54.55813951157895	11.232558134736843	0.0	-100.0	1	1.0442341098087393	-6.026096962563424	138.0	12	1.05	0.95				
	107	2	50.14534881578948	10.029069763157896	0.0	0.0	1	1.0028565417985826	-9.599103201969339	138.0	12	1.05	0.95				
	108	1	68.59883718	14.040697668421053	0.0	0.0	1	1.0070470246969576	-8.605568683136923	138.0	12	1.05	0.95				
	109	1	70.20348834210527	14.44186045894737	0.0	0.0	1	1.0252008373992665	-3.5305223513116353	138.0	13	1.05	0.95				
	110	1	78.22674415263158	16.046511621052634	0.0	0.0	1	1.05	-5.0529791147465914	138.0	13	1.05	0.95				
	111	1	0.0	0.0	0.0	0.0	1	1.0035807352979143	-1.3836191386422845	230.0	13	1.05	0.95				
	112	1	0.0	0.0	0.0	0.0	1	1.0070898237156172	-1.6870351681302649	230.0	13	1.05	0.95				
	113	3	106.30813948947369	21.662790688421055	0.0	0.0	1	0.9967669922321228	-2.687233808424523e-28	230.0	14	1.05	0.95				
	114	2	77.82558136210527	15.645348830526318	0.0	0.0	1	1.001455579272369	0.46304858738318083	230.0	16	1.05	0.95				
	115	2	127.16860459684212	25.674418593684212	0.0	0.0	1	1.0328050936258184	6.447878436044733	230.0	16	1.05	0.95				
	116	2	40.11627905263158	8.023255810526317	0.0	0.0	1	1.0288152607321446	5.427931653029317	230.0	16	1.05	0.95				
	117	1	0.0	0.0	0.0	0.0	1	1.036121669470462	9.001372564837059	230.0	17	1.05	0.95				
	118	2	133.58720924526318	27.279069755789475	0.0	0.0	1	1.0397012088249733	9.676955368488692	230.0	17	1.05	0.95				
	119	1	72.61046508526317	14.843023249473685	0.0	0.0	1	1.019106378466689	3.3018936758057182	230.0	15	1.05	0.95				
	120	1	51.348837187368424	10.430232553684212	0.0	0.0	1	1.013314394484943	1.765301416325955	230.0	15	1.05	0.95				
	121	2	0.0	0.0	0.0	0.0	1	1.0414835218761573	10.84923750047259	230.0	17	1.05	0.95				
	122	2	0.0	0.0	0.0	0.0	1	1.05	18.262415220672764	230.0	17	1.05	0.95				
	123	2	0.0	0.0	0.0	0.0	1	1.0106562198748548	1.2322760273726368	230.0	15	1.05	0.95				
	124	1	0.0	0.0	0.0	0.0	1	1.0227731196542242	3.803665776107658	230.0	16	1.05	0.95				
	201	2	41.29261764631579	8.411459150175439	0.0	0.0	2	1.0162355589367646	-9.759058699746435	138.0	21	1.05	0.95				
	202	2	37.08688807122807	7.646781045614036	0.0	0.0	2	1.0154037214284555	-9.985435621215585	138.0	22	1.05	0.95				
	203	1	68.82102941052631	14.146544934385966	0.0	0.0	2	1.015005938556206	-7.673103162394394	138.0	21	1.05	0.95				
	204	1	28.293089868771933	5.735085784210526	0.0	0.0	2	1.0138766754441155	-9.474012224676295	138.0	21	1.05	0.95				
	205	1	27.146072711929826	5.352746731929825	0.0	0.0	2	1.0285101389710543	-9.739835436249097	138.0	21	1.05	0.95				
	206	1	51.99811111017544	10.70549346385965	0.0	-100.0	2	1.0436183368453014	-10.217245384585723	138.0	22	1.05	0.95				
	207	2	47.79238153508772	9.558476307017544	0.0	0.0	2	0.9991630284357494	-14.800258542748018	138.0	22	1.05	0.95				
	208	1	65.37997794	13.38186682982456	0.0	0.0	2	1.0043965546640992	-13.092682100578196	138.0	22	1.05	0.95				
	209	1	66.90933414912281	13.764205882105262	0.0	0.0	2	1.0234315961277793	-7.47135164195456	138.0	23	1.05	0.95				
	210	1	74.55611519473683	15.293562091228072	0.0	0.0	2	1.05	-8.489694205988172	138.0	23	1.05	0.95				
	211	1	0.0	0.0	0.0	0.0	2	1.0010902294411432	-5.481087671527712	230.0	23	1.05	0.95				
	212	1	0.0	0.0	0.0	0.0	2	1.007753695107494	-1.4063557550324253	230.0	23	1.05	0.95				
	213	2	101.31984885438597	20.646308823157895	0.0	0.0	2	0.9939404226624635	-3.6410815594512296	230.0	24	1.05	0.95				
	214	2	74.17377614245613	14.91122303894737	0.0	0.0	2	0.9964175632002829	-4.431878624815913	230.0	26	1.05	0.95				
	215	2	121.20147957298246	24.469699345964912	0.0	0.0	2	1.0147489913990337	0.24636710832676637	230.0	26	1.05	0.95				
	216	2	38.23390522807018	7.646781045614036	0.0	0.0	2	1.01245203906001	-0.5867545927686962	230.0	26	1.05	0.95				
	217	1	0.0	0.0	0.0	0.0	2	1.018748208102246	0.8170305035780782	230.0	27	1.05	0.95				
	218	2	127.31890440947369	25.99905555508772	0.0	0.0	2	1.0185802143492415	0.5791139008718188	230.0	27	1.05	0.95				
	219	1	69.20336846280702	14.146544934385966	0.0	0.0	2	1.0096814439940476	-0.9860318990423481	230.0	25	1.05	0.95				
	220	1	48.939398691929824	9.940815359298245	0.0	0.0	2	1.0097006645189155	-0.5612662188367094	230.0	25	1.05	0.95				
	221	2	0.0	0.0	0.0	0.0	2	1.0208373721573671	1.2690462599943924	230.0	27	1.05	0.95				
	222	2	0.0	0.0	0.0	0.0	2	1.042599034517838	7.675757085790618	230.0	27	1.05	0.95				
	223	2	0.0	0.0	0.0	0.0	2	1.0101945389727305	-0.0223463123058015	230.0	25	1.05	0.95				
	224	1	0.0	0.0	0.0	0.0	2	1.0049613361909215	-2.750471454525255	230.0	26	1.05	0.95				
	301	2	52.27459666105263	10.648528949473683	0.0	0.0	3	1.0023080470917618	10.053726470716365	138.0	31	1.05	0.95				
	302	2	46.950332186315784	9.680480863157895	0.0	0.0	3	1.0020246270284692	9.964542943025071	138.0	32	1.05	0.95				
	303	1	87.12432776842105	17.908889596842105	0.0	0.0	3	1.0255828234751658	14.43452728706922	138.0	31	1.05	0.95				
	304	1	35.81777919368421	7.260360647368421	0.0	0.0	3	1.0069955848731507	11.488804112938247	138.0	31	1.05	0.95				
	305	1	34.36570706421052	6.776336604210527	0.0	0.0	3	1.0194268776061766	11.138407017285411	138.0	31	1.05	0.95				
	306	1	65.82726986947368	13.552673208421053	0.0	-100.0	3	1.037248876825632	11.176537436124464	138.0	32	1.05	0.95				
	307	2	60.50300539473684	12.100601078947367	0.0	0.0	3	0.9912036746627493	8.553963480452804	138.0	32	1.05	0.95				
	308	1	82.76811138	16.940841510526315	0.0	0.0	3	1.0039493833006923	10.644813984668627	138.0	32	1.05	0.95				
	309	1	84.70420755263157	17.42486555368421	0.0	0.0	3	1.0268303932156935	14.71089967074005	138.0	33	1.05	0.95				
	310	1	94.38468841578947	19.36096172631579	0.0	0.0	3	1.05	13.774975897210537	138.0	33	1.05	0.95				
	311	1	0.0	0.0	0.0	0.0	3	1.0066138144859682	18.145105698959338	230.0	33	1.05	0.95				
	312	1	0.0	0.0	0.0	0.0	3	1.013711695234837	18.982922025393133	230.0	33	1.05	0.95				
	313	2	128.2663714368421	26.137298330526313	0.0	0.0	3	1.014053093614445	23.71316810733217	230.0	34	1.05	0.95				
	314	2	93.90066437263157	18.876937683157895	0.0	0.0	3	1.0008317678737138	17.25749502941681	230.0	36	1.05	0.95				
	315	2	153.43562168105262	30.97753876210526	0.0	0.0	3	1.0243916586739708	12.367095898256613	230.0	36	1.05	0.95				
	316	2	48.40240431578947	9.680480863157895	0.0	0.0	3	1.0233406203460973	13.21274323835885	230.0	36	1.05	0.95				
	317	1	0.0	0.0	0.0	0.0	3	1.0296722716703552	12.414196026970846	230.0	37	1.05	0.95				
	318	2	161.18000637157894	32.91363493473684	0.0	0.0	3	1.0281645698059303	10.881217093432387	230.0	37	1.05	0.95				
	319	1	87.60835181157894	17.908889596842105	0.0	0.0	3	1.0222857466621795	15.437040326959057	230.0	35	1.05	0.95				
	320	1	61.95507752421052	12.584625122105264	0.0	0.0	3	1.022110948949701	16.768286794345087	230.0	35	1.05	0.95				
	321	2	0.0	0.0	0.0	0.0	3	1.0289547353607762	11.962969055725319	230.0	37	1.05	0.95				
	322	2	0.0	0.0	0.0	0.0	3	1.042814651663883	16.506217497043224	230.0	37	1.05	0.95				
	323	2	0.0	0.0	0.0	0.0	3	1.021334080346469	17.131244622884996	230.0	35	1.05	0.95				
	324	1	0.0	0.0	0.0	0.0	3	1.0241466481959722	15.040906775906553	230.0	36	1.05	0.95				
	325	1	0.0	0.0	0.0	0.0	3	1.0244812768959801	16.60337737169524	230.0	35	1.05	0.95				
];
