%% MATPOWER Case Format : Version 2
function mpc = RTS_GMLC
mpc.version = '2';

%%-----  Power Flow Data  -----%%
%% system MVA base
mpc.baseMVA = 100.0;
%% bus data
%    bus_i    type    Pd    Qd    Gs    Bs    area    Vm    Va    baseKV    zone    Vmax    Vmin
mpc.bus = [
	101	2	44.24740226526316	9.013359720701754	0.0	0.0	1	1.012490785961995	-4.015532842171806	138.0	11	1.05	0.95				
	102	2	39.740722404912276	8.19396338245614	0.0	0.0	1	1.0124086562728647	-4.252962467051529	138.0	12	1.05	0.95				
	103	1	73.74567044210526	15.158832257543859	0.0	0.0	1	1.000968239278849	1.0978654402476906	138.0	11	1.05	0.95				
	104	1	30.317664515087717	6.145472536842105	0.0	0.0	1	1.0025652518688148	-4.187412764914784	138.0	11	1.05	0.95				
	105	1	29.088570007719294	5.735774367719299	0.0	0.0	1	1.0167049912351604	-5.2759062715353595	138.0	11	1.05	0.95				
	106	1	55.71895100070176	11.471548735438597	0.0	-100.0	1	1.0268844437112	-6.477313558275004	138.0	12	1.05	0.95				
	107	2	51.21227114035087	10.242454228070175	0.0	0.0	1	0.9871736904894519	-10.990692321180216	138.0	12	1.05	0.95				
	108	1	70.05838691999999	14.339435919298243	0.0	0.0	1	0.9878322575009807	-9.452439953669986	138.0	12	1.05	0.95				
	109	1	71.69717959649122	14.749134088421052	0.0	0.0	1	1.0020140649443343	-3.247918766629838	138.0	13	1.05	0.95				
	110	1	79.89114297894736	16.38792676491228	0.0	0.0	1	1.0307128233311889	-5.201002240240639	138.0	13	1.05	0.95				
	111	1	0.0	0.0	0.0	0.0	1	0.9824388255471053	-0.5084796931316424	230.0	13	1.05	0.95				
	112	1	0.0	0.0	0.0	0.0	1	0.9835144993773609	-1.4234885299367352	230.0	13	1.05	0.95				
	113	3	108.57001481754385	22.12370113263158	0.0	0.0	1	0.9652632529840142	2.9617924974469925e-27	230.0	14	1.05	0.95				
	114	2	79.48144480982455	15.978228595789473	0.0	0.0	1	0.9920912406127945	2.8946997831460175	230.0	16	1.05	0.95				
	115	2	129.87431961192982	26.220682823859647	0.0	0.0	1	0.9907606082897944	12.215097012945463	230.0	16	1.05	0.95				
	116	2	40.9698169122807	8.19396338245614	0.0	0.0	1	0.9895229304994102	10.550349901845886	230.0	16	1.05	0.95				
	117	1	0.0	0.0	0.0	0.0	1	0.9924807374245281	16.41090338918142	230.0	17	1.05	0.95				
	118	2	136.42949031789473	27.85947550035088	0.0	0.0	1	1.0009073323640163	17.053278696738833	230.0	17	1.05	0.95				
	119	1	74.15536861122807	15.158832257543859	0.0	0.0	1	0.9893537894554967	6.68437656710905	230.0	15	1.05	0.95				
	120	1	52.441365647719294	10.652152397192982	0.0	0.0	1	0.9946482080790685	3.7795735476780106	230.0	15	1.05	0.95				
	121	2	0.0	0.0	0.0	0.0	1	1.0015135324613333	18.44509009525015	230.0	17	1.05	0.95				
	122	2	0.0	0.0	0.0	0.0	1	1.0088530288780544	35.250668184669514	230.0	17	1.05	0.95				
	123	2	0.0	0.0	0.0	0.0	1	0.9987517531533349	2.527545927841633	230.0	15	1.05	0.95				
	124	1	0.0	0.0	0.0	0.0	1	0.9813418656058276	7.965634748995428	230.0	16	1.05	0.95				
	201	2	44.9985833431579	9.166378088421052	0.0	0.0	2	1.0106414935444508	-13.43345010164342	138.0	21	1.05	0.95				
	202	2	40.41539429894737	8.333070989473685	0.0	0.0	2	1.0095871613421672	-13.636308388435843	138.0	22	1.05	0.95				
	203	1	74.99763890526316	15.416181330526316	0.0	0.0	2	0.9970392899168393	-10.041354577963638	138.0	21	1.05	0.95				
	204	1	30.83236266105263	6.249803242105263	0.0	0.0	2	1.000260516261568	-12.698676963068516	138.0	21	1.05	0.95				
	205	1	29.582402012631576	5.83314969263158	0.0	0.0	2	1.0166060330993638	-13.119660145974024	138.0	21	1.05	0.95				
	206	1	56.66488272842106	11.66629938526316	0.0	-100.0	2	1.0278848561204281	-13.467430768570923	138.0	22	1.05	0.95				
	207	2	52.08169368421053	10.416338736842105	0.0	0.0	2	0.9714068431080732	-18.493700968372057	138.0	22	1.05	0.95				
	208	1	71.24775696	14.582874231578947	0.0	0.0	2	0.9791472527787636	-16.558132955806553	138.0	22	1.05	0.95				
	209	1	72.91437115789475	14.999527781052633	0.0	0.0	2	1.005322785325205	-10.148330161506648	138.0	23	1.05	0.95				
	210	1	81.24744214736842	16.66614197894737	0.0	0.0	2	1.0329060904314815	-11.42445136301268	138.0	23	1.05	0.95				
	211	1	0.0	0.0	0.0	0.0	2	0.9874194826872805	-7.51456195711747	230.0	23	1.05	0.95				
	212	1	0.0	0.0	0.0	0.0	2	0.9875923576419406	-3.6939417138687656	230.0	23	1.05	0.95				
	213	2	110.41319061052633	22.49929167157895	0.0	0.0	2	0.983864440455662	-5.159505027815791	230.0	24	1.05	0.95				
	214	2	80.83078859789474	16.249488429473686	0.0	0.0	2	0.9855319749125481	-6.17017830723479	230.0	26	1.05	0.95				
	215	2	132.0791751831579	26.665827166315793	0.0	0.0	2	0.9921839233790053	-1.0986617515129458	230.0	26	1.05	0.95				
	216	2	41.66535494736842	8.333070989473685	0.0	0.0	2	0.9905272134231918	-1.5002567906783348	230.0	26	1.05	0.95				
	217	1	0.0	0.0	0.0	0.0	2	1.0008833069286622	-0.2666760081261555	230.0	27	1.05	0.95				
	218	2	138.74563197473685	28.33244136421053	0.0	0.0	2	1.0018998394724217	-0.8145344779286464	230.0	27	1.05	0.95				
	219	1	75.41429245473684	15.416181330526316	0.0	0.0	2	0.9837766776624325	-0.7591920158395193	230.0	25	1.05	0.95				
	220	1	53.33165433263159	10.83299228631579	0.0	0.0	2	0.9812112916760045	0.7770520493481877	230.0	25	1.05	0.95				
	221	2	0.0	0.0	0.0	0.0	2	1.0042820500967988	-0.28465718627860986	230.0	27	1.05	0.95				
	222	2	0.0	0.0	0.0	0.0	2	1.0220057348628329	4.863847091972097	230.0	27	1.05	0.95				
	223	2	0.0	0.0	0.0	0.0	2	0.9810079281512162	1.976946657036774	230.0	25	1.05	0.95				
	224	1	0.0	0.0	0.0	0.0	2	0.9832710032964096	-4.500110675655433	230.0	26	1.05	0.95				
	301	2	59.67162291789474	12.155330594385964	0.0	0.0	3	1.0035439160359307	30.009976625309733	138.0	31	1.05	0.95				
	302	2	53.59395762070175	11.050300540350877	0.0	0.0	3	1.0041999514554993	29.63618947154124	138.0	32	1.05	0.95				
	303	1	99.45270486315789	20.443055999649122	0.0	0.0	3	1.0149703664444474	45.16713264410106	138.0	31	1.05	0.95				
	304	1	40.886111999298244	8.287725405263158	0.0	0.0	3	0.9938602282863491	31.317881754444628	138.0	31	1.05	0.95				
	305	1	39.22856691824561	7.735210378245615	0.0	0.0	3	1.011888161865716	29.286124595863996	138.0	31	1.05	0.95				
	306	1	75.14204367438597	15.47042075649123	0.0	-100.0	3	1.0236122778822927	28.233045229212856	138.0	32	1.05	0.95				
	307	2	69.06437837719298	13.812875675438596	0.0	0.0	3	0.9666504927059221	24.7023290991465	138.0	32	1.05	0.95				
	308	1	94.48006962	19.338025945614035	0.0	0.0	3	0.9767664870934628	27.295345956079167	138.0	32	1.05	0.95				
	309	1	96.69012972807018	19.89054097263158	0.0	0.0	3	1.004455808010138	35.05644801379907	138.0	33	1.05	0.95				
	310	1	107.74043026842104	22.100601080701754	0.0	0.0	3	1.0343235225829177	30.380228613892726	138.0	33	1.05	0.95				
	311	1	0.0	0.0	0.0	0.0	3	0.9945613402616046	34.71637672900733	230.0	33	1.05	0.95				
	312	1	0.0	0.0	0.0	0.0	3	1.0013662180899638	34.99459894707358	230.0	33	1.05	0.95				
	313	2	146.41648215964912	29.83581145894737	0.0	0.0	3	1.0037317731576127	37.89307271305847	230.0	34	1.05	0.95				
	314	2	107.1879152414035	21.54808605368421	0.0	0.0	3	0.9866265609492176	33.99676321223087	230.0	36	1.05	0.95				
	315	2	175.1472635645614	35.360961729122806	0.0	0.0	3	0.987679650904391	31.852226021205404	230.0	36	1.05	0.95				
	316	2	55.25150270175438	11.050300540350877	0.0	0.0	3	0.9809558421591306	32.16287880436386	230.0	36	1.05	0.95				
	317	1	0.0	0.0	0.0	0.0	3	0.9925338149527806	33.499679970657795	230.0	37	1.05	0.95				
	318	2	183.9875039968421	37.57102183719299	0.0	0.0	3	0.985944688193165	29.68555328022522	230.0	37	1.05	0.95				
	319	1	100.00521989017544	20.443055999649122	0.0	0.0	3	0.9895146832199652	32.19108943293429	230.0	35	1.05	0.95				
	320	1	70.72192345824561	14.365390702456141	0.0	0.0	3	0.9983429252600424	31.91713794498076	230.0	35	1.05	0.95				
	321	2	0.0	0.0	0.0	0.0	3	0.9951117804146166	30.883778812572277	230.0	37	1.05	0.95				
	322	2	0.0	0.0	0.0	0.0	3	1.0123460338552646	34.742883880441795	230.0	37	1.05	0.95				
	323	2	0.0	0.0	0.0	0.0	3	1.003098802955416	31.65489038738786	230.0	35	1.05	0.95				
	324	1	0.0	0.0	0.0	0.0	3	0.9957736876789464	38.407281678320295	230.0	36	1.05	0.95				
	325	1	0.0	0.0	0.0	0.0	3	1.003945201920241	30.54323071196241	230.0	35	1.05	0.95				
