%% MATPOWER Case Format : Version 2
function mpc = RTS_GMLC
mpc.version = '2';

%%-----  Power Flow Data  -----%%
%% system MVA base
mpc.baseMVA = 100.0;
%% bus data
%    bus_i    type    Pd    Qd    Gs    Bs    area    Vm    Va    baseKV    zone    Vmax    Vmin
mpc.bus = [
	101	2	57.13953487578948	11.639534882105263	0.0	0.0	1	1.0397621306402818	1.0259097940061703	138.0	11	1.05	0.95				
	102	2	51.31976743473684	10.581395347368423	0.0	0.0	1	1.0370267049202544	0.285594682949783	138.0	12	1.05	0.95				
	103	1	95.2325581263158	19.575581392631577	0.0	0.0	1	1.033745715768141	1.3709884500902552	138.0	11	1.05	0.95				
	104	1	39.15116278526315	7.936046510526315	0.0	0.0	1	1.0246694194908685	-2.1242107650569553	138.0	11	1.05	0.95				
	105	1	37.56395348315789	7.406976743157895	0.0	0.0	1	1.0373564071672658	-2.606064409603211	138.0	11	1.05	0.95				
	106	1	71.95348836210526	14.81395348631579	0.0	-100.0	1	1.0433859794369242	-5.307305833510297	138.0	12	1.05	0.95				
	107	2	66.13372092105263	13.226744184210526	0.0	0.0	1	0.9990452890867859	-11.899341388429216	138.0	12	1.05	0.95				
	108	1	90.47093022	18.517441857894735	0.0	0.0	1	0.9996326840489923	-10.150131830531226	138.0	12	1.05	0.95				
	109	1	92.58720928947368	19.046511625263157	0.0	0.0	1	1.0251823753247173	-3.1194711269571065	138.0	13	1.05	0.95				
	110	1	103.1686046368421	21.162790694736845	0.0	0.0	1	1.05	-4.649932800896367	138.0	13	1.05	0.95				
	111	1	0.0	0.0	0.0	0.0	1	1.0090477026149665	-0.8091450890016989	230.0	13	1.05	0.95				
	112	1	0.0	0.0	0.0	0.0	1	1.0114367530057073	-1.344074091104378	230.0	13	1.05	0.95				
	113	3	140.20348835263155	28.56976743789474	0.0	0.0	1	1.003318139690069	3.6535196551876043e-29	230.0	14	1.05	0.95				
	114	2	102.63953486947368	20.633720927368422	0.0	0.0	1	1.0120718043803592	1.6461229050656854	230.0	16	1.05	0.95				
	115	2	167.71511625578947	33.86046511157895	0.0	0.0	1	1.0422632722392882	9.85854053320204	230.0	16	1.05	0.95				
	116	2	52.906976736842104	10.581395347368423	0.0	0.0	1	1.037040399888017	8.27408996863163	230.0	16	1.05	0.95				
	117	1	0.0	0.0	0.0	0.0	1	1.043356266395576	13.0127964567091	230.0	17	1.05	0.95				
	118	2	176.1802325336842	35.97674418105263	0.0	0.0	1	1.049254564801468	14.110223022902751	230.0	17	1.05	0.95				
	119	1	95.7616278936842	19.575581392631577	0.0	0.0	1	1.0259468845782478	5.14126194447719	230.0	15	1.05	0.95				
	120	1	67.7209302231579	13.755813951578947	0.0	0.0	1	1.021438769979515	2.85821448706649	230.0	15	1.05	0.95				
	121	2	0.0	0.0	0.0	0.0	1	1.05	15.866407705080183	230.0	17	1.05	0.95				
	122	2	0.0	0.0	0.0	0.0	1	1.05	23.84339046079883	230.0	17	1.05	0.95				
	123	2	0.0	0.0	0.0	0.0	1	1.0202925214976806	2.0046929552262074	230.0	15	1.05	0.95				
	124	1	0.0	0.0	0.0	0.0	1	1.0283029478526884	6.67593384012298	230.0	16	1.05	0.95				
	201	2	52.29151582736843	10.651975446315792	0.0	0.0	2	1.0144118882580198	-13.527796611810189	138.0	21	1.05	0.95				
	202	2	46.96552810421053	9.683614042105265	0.0	0.0	2	1.0136039403972996	-13.777713177777306	138.0	22	1.05	0.95				
	203	1	87.15252637894739	17.914685977894738	0.0	0.0	2	1.0139731218780346	-10.233078546282028	138.0	21	1.05	0.95				
	204	1	35.829371955789476	7.262710531578947	0.0	0.0	2	1.0113001757587554	-12.883831687839958	138.0	21	1.05	0.95				
	205	1	34.37682984947369	6.778529829473685	0.0	0.0	2	1.026031039322782	-13.288805473954955	138.0	21	1.05	0.95				
	206	1	65.8485754863158	13.55705965894737	0.0	-100.0	2	1.040215115299182	-13.73283461973678	138.0	22	1.05	0.95				
	207	2	60.5225877631579	12.104517552631581	0.0	0.0	2	0.9965821034659434	-19.65887685884565	138.0	22	1.05	0.95				
	208	1	82.79490006	16.94632457368421	0.0	0.0	2	0.998871918452475	-17.410040978128936	138.0	22	1.05	0.95				
	209	1	84.73162286842107	17.430505275789475	0.0	0.0	2	1.0244444854168044	-10.158992930924422	138.0	23	1.05	0.95				
	210	1	94.41523691052632	19.36722808421053	0.0	0.0	2	1.05	-11.494672308374156	138.0	23	1.05	0.95				
	211	1	0.0	0.0	0.0	0.0	2	1.0084318337154454	-7.3525754444959786	230.0	23	1.05	0.95				
	212	1	0.0	0.0	0.0	0.0	2	1.0135242139881702	-2.7297017753964385	230.0	23	1.05	0.95				
	213	2	128.30788605789473	26.145757913684214	0.0	0.0	2	1.0066177098974856	-5.005534596563961	230.0	24	1.05	0.95				
	214	2	93.93105620842105	18.883047382105268	0.0	0.0	2	1.0090386027276483	-5.836909499711137	230.0	26	1.05	0.95				
	215	2	153.48528256736844	30.987564934736845	0.0	0.0	2	1.0249055852656401	-0.30824756948097826	230.0	26	1.05	0.95				
	216	2	48.418070210526324	9.683614042105265	0.0	0.0	2	1.024398407255021	-0.6991724247599548	230.0	26	1.05	0.95				
	217	1	0.0	0.0	0.0	0.0	2	1.0288222176996547	0.5365978309443552	230.0	27	1.05	0.95				
	218	2	161.23217380105265	32.9242877431579	0.0	0.0	2	1.0279750316344072	0.049430376023415074	230.0	27	1.05	0.95				
	219	1	87.63670708105265	17.914685977894738	0.0	0.0	2	1.0226380370369113	-0.8912958310562094	230.0	25	1.05	0.95				
	220	1	61.97512986947369	12.588698254736844	0.0	0.0	2	1.0246720968173015	-0.10938398542301377	230.0	25	1.05	0.95				
	221	2	0.0	0.0	0.0	0.0	2	1.0302365455450397	0.729922116097123	230.0	27	1.05	0.95				
	222	2	0.0	0.0	0.0	0.0	2	1.0499999976084757	7.1461427876247114	230.0	27	1.05	0.95				
	223	2	0.0	0.0	0.0	0.0	2	1.0268355086612473	0.6908041195942214	230.0	25	1.05	0.95				
	224	1	0.0	0.0	0.0	0.0	2	1.0085985718001762	-4.022819028176967	230.0	26	1.05	0.95				
	301	2	66.50490349894737	13.547295157192982	0.0	0.0	3	0.9925864334660672	10.45721874806575	138.0	31	1.05	0.95				
	302	2	59.731255920350875	12.315722870175438	0.0	0.0	3	0.9929506858780334	10.43383869420556	138.0	32	1.05	0.95				
	303	1	110.84150583157894	22.78408730982456	0.0	0.0	3	1.0156901921548473	12.881109328388233	138.0	31	1.05	0.95				
	304	1	45.56817461964912	9.23679215263158	0.0	0.0	3	0.9999749530230231	12.62404032807722	138.0	31	1.05	0.95				
	305	1	43.7208161891228	8.621006009122807	0.0	0.0	3	1.0114944182113608	12.636913929376847	138.0	31	1.05	0.95				
	306	1	83.74691551719299	17.242012018245614	0.0	-100.0	3	1.030602791103893	13.15824441595792	138.0	32	1.05	0.95				
	307	2	76.97326793859649	15.394653587719297	0.0	0.0	3	0.9820774121658189	9.852818268632863	138.0	32	1.05	0.95				
	308	1	105.29943053999999	21.552515022807018	0.0	0.0	3	0.9968159130737515	12.585905984763855	138.0	32	1.05	0.95				
	309	1	107.76257511403509	22.16830116631579	0.0	0.0	3	1.027874358615126	16.909569544856183	138.0	33	1.05	0.95				
	310	1	120.07829798421052	24.631445740350877	0.0	0.0	3	1.05	16.77034311708434	138.0	33	1.05	0.95				
	311	1	0.0	0.0	0.0	0.0	3	1.01851314908172	22.939913001747794	230.0	33	1.05	0.95				
	312	1	0.0	0.0	0.0	0.0	3	1.0250519912461638	24.542263162099093	230.0	33	1.05	0.95				
	313	2	163.18332802982457	33.252451749473686	0.0	0.0	3	1.049693206060102	32.52366707886467	230.0	34	1.05	0.95				
	314	2	119.46251184070175	24.015659596842106	0.0	0.0	3	1.0202842797414702	20.416205958638695	230.0	36	1.05	0.95				
	315	2	195.2042074922807	39.4103131845614	0.0	0.0	3	1.0393279369247226	13.195582397917974	230.0	36	1.05	0.95				
	316	2	61.57861435087719	12.315722870175438	0.0	0.0	3	1.0417753142407145	14.764078531764573	230.0	36	1.05	0.95				
	317	1	0.0	0.0	0.0	0.0	3	1.0441235080394142	13.12127684484224	230.0	37	1.05	0.95				
	318	2	205.05678578842102	41.873457758596494	0.0	0.0	3	1.0421139405801636	11.416986608840652	230.0	37	1.05	0.95				
	319	1	111.45729197508771	22.78408730982456	0.0	0.0	3	1.0414913212346264	18.250644409283364	230.0	35	1.05	0.95				
	320	1	78.8206263691228	16.01043973122807	0.0	0.0	3	1.0449806114070836	20.872157612482813	230.0	35	1.05	0.95				
	321	2	0.0	0.0	0.0	0.0	3	1.0424039649479417	12.594762476999215	230.0	37	1.05	0.95				
	322	2	0.0	0.0	0.0	0.0	3	1.05	17.128108007487892	230.0	37	1.05	0.95				
	323	2	0.0	0.0	0.0	0.0	3	1.0470106750688053	21.84762739079092	230.0	35	1.05	0.95				
	324	1	0.0	0.0	0.0	0.0	3	1.0288303462929498	15.149447338811015	230.0	36	1.05	0.95				
	325	1	0.0	0.0	0.0	0.0	3	1.0487385309523811	21.34418394914408	230.0	35	1.05	0.95				
];
