%% MATPOWER Case Format : Version 2
function mpc = RTS_GMLC
mpc.version = '2';

%%-----  Power Flow Data  -----%%
%% system MVA base
mpc.baseMVA = 100.0;
%% bus data
%    bus_i    type    Pd    Qd    Gs    Bs    area    Vm    Va    baseKV    zone    Vmax    Vmin
mpc.bus = [
	101	2	48.54923306526317	9.889658587368421	0.0	0.0	1	1.031617170037548	2.828624849807189	138.0	11	1.05	0.95				
	102	2	43.604403771578944	8.990598715789474	0.0	0.0	1	1.0312088075909984	2.7036027249377153	138.0	12	1.05	0.95				
	103	1	80.91538844210527	16.63260762421053	0.0	0.0	1	1.0276303554058217	0.1615763309290685	138.0	11	1.05	0.95				
	104	1	33.26521524842106	6.742949036842106	0.0	0.0	1	1.0204808876065288	-0.5999140478224264	138.0	11	1.05	0.95				
	105	1	31.91662544105263	6.293419101052633	0.0	0.0	1	1.034604031522997	-0.33242752056429237	138.0	11	1.05	0.95				
	106	1	61.13607126736843	12.586838202105266	0.0	-100.0	1	1.0443234401044923	-2.556122176048295	138.0	12	1.05	0.95				
	107	2	56.191241973684214	11.238248394736843	0.0	0.0	1	1.0211466753998546	-2.8950802382660945	138.0	12	1.05	0.95				
	108	1	76.86961902	15.73354775263158	0.0	0.0	1	1.0174216226484012	-3.850366536080856	138.0	12	1.05	0.95				
	109	1	78.6677387631579	16.18307768842105	0.0	0.0	1	1.0256130785993838	-1.4764266633127887	138.0	13	1.05	0.95				
	110	1	87.65833747894737	17.98119743157895	0.0	0.0	1	1.05	-2.1134757383035154	138.0	13	1.05	0.95				
	111	1	0.0	0.0	0.0	0.0	1	1.0036854952481036	-0.18290396584790003	230.0	13	1.05	0.95				
	112	1	0.0	0.0	0.0	0.0	1	1.0093937748220894	0.43733582670754956	230.0	13	1.05	0.95				
	113	3	119.12543298421052	24.274616532631583	0.0	0.0	1	0.9954335165535526	-7.428893117201001e-29	230.0	14	1.05	0.95				
	114	2	87.20880754315789	17.531667495789474	0.0	0.0	1	0.9990353510290948	1.3951575465677108	230.0	16	1.05	0.95				
	115	2	142.50098964526316	28.769915890526317	0.0	0.0	1	1.0390629138837226	6.265291643809165	230.0	16	1.05	0.95				
	116	2	44.95299357894737	8.990598715789474	0.0	0.0	1	1.0346508956337552	6.219566875175965	230.0	16	1.05	0.95				
	117	1	0.0	0.0	0.0	0.0	1	1.043546515072882	7.7449401147417	230.0	17	1.05	0.95				
	118	2	149.69346861789475	30.568035633684215	0.0	0.0	1	1.0466914297340484	7.658508538570674	230.0	17	1.05	0.95				
	119	1	81.36491837789475	16.63260762421053	0.0	0.0	1	1.028794218424265	5.657785028117391	230.0	15	1.05	0.95				
	120	1	57.539831781052634	11.687778330526315	0.0	0.0	1	1.026816896729318	6.039884126378268	230.0	15	1.05	0.95				
	121	2	0.0	0.0	0.0	0.0	1	1.05	7.632396096793596	230.0	17	1.05	0.95				
	122	2	0.0	0.0	0.0	0.0	1	1.05	14.561954193889894	230.0	17	1.05	0.95				
	123	2	0.0	0.0	0.0	0.0	1	1.0264667960929759	6.597117834548545	230.0	15	1.05	0.95				
	124	1	0.0	0.0	0.0	0.0	1	1.0264326638830337	3.9905605752050053	230.0	16	1.05	0.95				
	201	2	51.96851882526315	10.586179760701754	0.0	0.0	2	1.0305804818250124	-6.749418833738603	138.0	21	1.05	0.95				
	202	2	46.67542894491227	9.623799782456139	0.0	0.0	2	1.030771233367032	-6.804936572905037	138.0	22	1.05	0.95				
	203	1	86.61419804210526	17.80402959754386	0.0	0.0	2	1.02300348001771	-5.941701188156756	138.0	21	1.05	0.95				
	204	1	35.60805919508772	7.217849836842103	0.0	0.0	2	1.0187618994101986	-9.447266457368507	138.0	21	1.05	0.95				
	205	1	34.164489227719294	6.736659847719298	0.0	0.0	2	1.033893060367768	-9.59070299404869	138.0	21	1.05	0.95				
	206	1	65.44183852070175	13.473319695438596	0.0	-100.0	2	1.0435424042884796	-11.647324152474308	138.0	22	1.05	0.95				
	207	2	60.14874864035087	12.029749728070174	0.0	0.0	2	0.9856047550422721	-19.0023106307239	138.0	22	1.05	0.95				
	208	1	82.28348813999999	16.841649619298245	0.0	0.0	2	0.9924125276696307	-16.796623126312802	138.0	22	1.05	0.95				
	209	1	84.20824809649122	17.322839608421052	0.0	0.0	2	1.023361078908796	-9.6501265779023	138.0	23	1.05	0.95				
	210	1	93.83204787894735	19.247599564912278	0.0	0.0	2	1.05	-10.943709472324656	138.0	23	1.05	0.95				
	211	1	0.0	0.0	0.0	0.0	2	1.0082902881784377	-7.2363809046850385	230.0	23	1.05	0.95				
	212	1	0.0	0.0	0.0	0.0	2	1.0138936187977112	-6.988893508147502	230.0	23	1.05	0.95				
	213	2	127.51534711754384	25.984259412631577	0.0	0.0	2	1.00338975432428	-6.775143092654506	230.0	24	1.05	0.95				
	214	2	93.35085788982454	18.76640957578947	0.0	0.0	2	1.0107803542420286	-4.4959381284251165	230.0	26	1.05	0.95				
	215	2	152.5372265519298	30.79615930385965	0.0	0.0	2	1.0316770730016238	2.6373021180418363	230.0	26	1.05	0.95				
	216	2	48.118998912280695	9.623799782456139	0.0	0.0	2	1.0351116749140303	2.2327540271595328	230.0	26	1.05	0.95				
	217	1	0.0	0.0	0.0	0.0	2	1.0386113177275444	5.385658825317375	230.0	27	1.05	0.95				
	218	2	160.2362663778947	32.720919260350875	0.0	0.0	2	1.0404653817029772	5.981287963595802	230.0	27	1.05	0.95				
	219	1	87.09538803122805	17.80402959754386	0.0	0.0	2	1.036771753798791	0.5804842195801323	230.0	25	1.05	0.95				
	220	1	61.5923186077193	12.510939717192981	0.0	0.0	2	1.04207384456715	0.0705367282169149	230.0	25	1.05	0.95				
	221	2	0.0	0.0	0.0	0.0	2	1.0398760468153314	5.6191170589342025	230.0	27	1.05	0.95				
	222	2	0.0	0.0	0.0	0.0	2	1.05	12.029545274923894	230.0	27	1.05	0.95				
	223	2	0.0	0.0	0.0	0.0	2	1.0456893725284846	0.14768997459077304	230.0	25	1.05	0.95				
	224	1	0.0	0.0	0.0	0.0	2	1.017668128088767	-0.5789501677571047	230.0	26	1.05	0.95				
	301	2	68.12780763789475	13.877886741052633	0.0	0.0	3	1.0085825683017633	-41.99685603829187	138.0	31	1.05	0.95				
	302	2	61.18886426736842	12.616260673684213	0.0	0.0	3	1.007915963208275	-42.14954998326501	138.0	32	1.05	0.95				
	303	1	113.54634606315793	23.34008224631579	0.0	0.0	3	1.018703531991502	-34.01849470049395	138.0	31	1.05	0.95				
	304	1	46.68016449263158	9.462195505263159	0.0	0.0	3	1.0060180237707739	-39.924929433571826	138.0	31	1.05	0.95				
	305	1	44.78772539157895	8.83138247157895	0.0	0.0	3	1.0204072128150388	-40.93911662958169	138.0	31	1.05	0.95				
	306	1	85.79057258105264	17.6627649431579	0.0	-100.0	3	1.0342777124395832	-41.04063429577442	138.0	32	1.05	0.95				
	307	2	78.85162921052633	15.770325842105265	0.0	0.0	3	1.0062234608213143	-42.65920128035424	138.0	32	1.05	0.95				
	308	1	107.86902876000002	22.07845617894737	0.0	0.0	3	1.0022187638401596	-42.12243615882454	138.0	32	1.05	0.95				
	309	1	110.39228089473684	22.70926921263158	0.0	0.0	3	1.027157221954465	-35.53645683717013	138.0	33	1.05	0.95				
	310	1	123.00854156842107	25.232521347368426	0.0	0.0	3	1.05	-37.85764181828908	138.0	33	1.05	0.95				
	311	1	0.0	0.0	0.0	0.0	3	1.020687850946675	-30.274591494248615	230.0	33	1.05	0.95				
	312	1	0.0	0.0	0.0	0.0	3	1.0177208841971999	-29.517307198085966	230.0	33	1.05	0.95				
	313	2	167.16545392631582	34.063903818947374	0.0	0.0	3	1.0299233449110878	-26.456460158975425	230.0	34	1.05	0.95				
	314	2	122.37772853473685	24.601708313684213	0.0	0.0	3	1.0346509892897258	-27.30333439245412	230.0	36	1.05	0.95				
	315	2	199.96773167789476	40.37203415578948	0.0	0.0	3	1.049126727888591	-19.712661671945266	230.0	36	1.05	0.95				
	316	2	63.08130336842106	12.616260673684213	0.0	0.0	3	1.0497421329271235	-19.295874409765695	230.0	36	1.05	0.95				
	317	1	0.0	0.0	0.0	0.0	3	1.0499303188226978	-16.097709324776464	230.0	37	1.05	0.95				
	318	2	210.06074021684213	42.89528629052632	0.0	0.0	3	1.0497645046600308	-15.402032135078707	230.0	37	1.05	0.95				
	319	1	114.17715909684212	23.34008224631579	0.0	0.0	3	1.0457850203538324	-20.344638054251728	230.0	35	1.05	0.95				
	320	1	80.74406831157896	16.401138875789474	0.0	0.0	3	1.0475444204405273	-20.079627230667157	230.0	35	1.05	0.95				
	321	2	0.0	0.0	0.0	0.0	3	1.05	-15.195974563885201	230.0	37	1.05	0.95				
	322	2	0.0	0.0	0.0	0.0	3	1.05	-9.77349041578224	230.0	37	1.05	0.95				
	323	2	0.0	0.0	0.0	0.0	3	1.05	-19.473929174990797	230.0	35	1.05	0.95				
	324	1	0.0	0.0	0.0	0.0	3	1.019316659295172	-24.980376292430286	230.0	36	1.05	0.95				
	325	1	0.0	0.0	0.0	0.0	3	1.037394032033334	-17.317432798203566	230.0	35	1.05	0.95				
];
