%% MATPOWER Case Format : Version 2
function mpc = RTS_GMLC
mpc.version = '2';

%%-----  Power Flow Data  -----%%
%% system MVA base
mpc.baseMVA = 100.0;
%% bus data
%    bus_i    type    Pd    Qd    Gs    Bs    area    Vm    Va    baseKV    zone    Vmax    Vmin
mpc.bus = [
	101	2	47.84116774736842	9.745423059649122	0.0	0.0	1	1.015735157044459	2.022344445972928	138.0	11	1.05	0.95				
	102	2	42.96845621754385	8.85947550877193	0.0	0.0	1	1.014631454076318	1.7044744020624039	138.0	12	1.05	0.95				
	103	1	79.73527957894736	16.39002969122807	0.0	0.0	1	1.0245625469898547	2.165922962188356	138.0	11	1.05	0.95				
	104	1	32.78005938245614	6.644606631578946	0.0	0.0	1	1.0129473018811617	-1.4301063603922362	138.0	11	1.05	0.95				
	105	1	31.451138056140348	6.201632856140351	0.0	0.0	1	1.0263879317953728	-1.379284172483735	138.0	11	1.05	0.95				
	106	1	60.24443345964913	12.403265712280701	0.0	-100.0	1	1.0403585296032385	-3.7558573638838513	138.0	12	1.05	0.95				
	107	2	55.37172192982456	11.074344385964912	0.0	0.0	1	0.9866434399713828	-11.382107797601492	138.0	12	1.05	0.95				
	108	1	75.74851559999999	15.504082140350874	0.0	0.0	1	0.9946157402015079	-9.079476270841628	138.0	12	1.05	0.95				
	109	1	77.52041070175439	15.947055915789472	0.0	0.0	1	1.0251934128778388	-2.139842209131909	138.0	13	1.05	0.95				
	110	1	86.37988621052631	17.71895101754386	0.0	0.0	1	1.05	-3.362339030380992	138.0	13	1.05	0.95				
	111	1	0.0	0.0	0.0	0.0	1	1.0188413813911357	0.322695759906492	230.0	13	1.05	0.95				
	112	1	0.0	0.0	0.0	0.0	1	1.0149610853011464	-0.6997749291362375	230.0	13	1.05	0.95				
	113	3	117.38805049122804	23.92058387368421	0.0	0.0	1	1.0009367427710245	7.6593658775327415e-31	230.0	14	1.05	0.95				
	114	2	85.9369124350877	17.275977242105263	0.0	0.0	1	1.0428453128167259	3.6061922465591794	230.0	16	1.05	0.95				
	115	2	140.42268681403507	28.350321628070173	0.0	0.0	1	1.0392356237963465	12.958324740474694	230.0	16	1.05	0.95				
	116	2	44.297377543859646	8.85947550877193	0.0	0.0	1	1.0393162474661064	11.108358759291663	230.0	16	1.05	0.95				
	117	1	0.0	0.0	0.0	0.0	1	1.0381084802840193	17.173587101943568	230.0	17	1.05	0.95				
	118	2	147.51026722105263	30.122216729824565	0.0	0.0	1	1.0466627100830275	17.7742278561853	230.0	17	1.05	0.95				
	119	1	80.17825335438596	16.39002969122807	0.0	0.0	1	1.0346640739390802	6.82002654255506	230.0	15	1.05	0.95				
	120	1	56.700643256140346	11.517318161403509	0.0	0.0	1	1.0377037150302806	3.938889594602922	230.0	15	1.05	0.95				
	121	2	0.0	0.0	0.0	0.0	1	1.041073131702374	19.449238291810385	230.0	17	1.05	0.95				
	122	2	0.0	0.0	0.0	0.0	1	1.05	37.428478481547806	230.0	17	1.05	0.95				
	123	2	0.0	0.0	0.0	0.0	1	1.0405921253994728	2.6930109318752518	230.0	15	1.05	0.95				
	124	1	0.0	0.0	0.0	0.0	1	1.0202961560647572	8.93175637178439	230.0	16	1.05	0.95				
	201	2	48.94254682105264	9.969778056140353	0.0	0.0	2	1.00789855699347	-17.28822584994777	138.0	21	1.05	0.95				
	202	2	43.95765779298246	9.063434596491229	0.0	0.0	2	1.0071443059420362	-17.59231240746048	138.0	22	1.05	0.95				
	203	1	81.57091136842106	16.76735400350877	0.0	0.0	2	1.0112504063093426	-12.527820412809309	138.0	21	1.05	0.95				
	204	1	33.53470800701754	6.797575947368421	0.0	0.0	2	1.0085219398330407	-17.021346614555778	138.0	21	1.05	0.95				
	205	1	32.17519281754386	6.344404217543861	0.0	0.0	2	1.0232711323876975	-17.5437869739117	138.0	21	1.05	0.95				
	206	1	61.63135525614037	12.688808435087722	0.0	-100.0	2	1.0395371540338891	-18.24114272020578	138.0	22	1.05	0.95				
	207	2	56.64646622807018	11.329293245614036	0.0	0.0	2	0.9907431336873257	-23.68596842563027	138.0	22	1.05	0.95				
	208	1	77.4923658	15.86101054385965	0.0	0.0	2	0.9965565556805505	-21.620245027933645	138.0	22	1.05	0.95				
	209	1	79.30505271929825	16.31418227368421	0.0	0.0	2	1.0232804372856072	-14.678865219700539	138.0	23	1.05	0.95				
	210	1	88.36848731578948	18.126869192982458	0.0	0.0	2	1.05	-16.33763514013688	138.0	23	1.05	0.95				
	211	1	0.0	0.0	0.0	0.0	2	1.0111936422793841	-11.230979586772644	230.0	23	1.05	0.95				
	212	1	0.0	0.0	0.0	0.0	2	1.013864371868956	-10.112019480619239	230.0	23	1.05	0.95				
	213	2	120.09050840350879	24.47127341052632	0.0	0.0	2	1.0140043114466326	-9.404167914313287	230.0	24	1.05	0.95				
	214	2	87.91531558596492	17.673697463157897	0.0	0.0	2	1.0139025260466448	-8.50220792662841	230.0	26	1.05	0.95				
	215	2	143.65543835438598	29.002990708771932	0.0	0.0	2	1.029341725402967	-1.819989620201007	230.0	26	1.05	0.95				
	216	2	45.31717298245614	9.063434596491229	0.0	0.0	2	1.0330895934637094	-1.9280982522641021	230.0	26	1.05	0.95				
	217	1	0.0	0.0	0.0	0.0	2	1.0368810189187667	-0.35461514566264835	230.0	27	1.05	0.95				
	218	2	150.90618603157898	30.815677628070183	0.0	0.0	2	1.0347469231570234	-0.9351341942050045	230.0	27	1.05	0.95				
	219	1	82.02408309824563	16.76735400350877	0.0	0.0	2	1.0377473600666887	-1.5144916357075864	230.0	25	1.05	0.95				
	220	1	58.005981417543865	11.782464975438597	0.0	0.0	2	1.0449953727586394	-0.2980148454033583	230.0	25	1.05	0.95				
	221	2	0.0	0.0	0.0	0.0	2	1.0354852461499475	-0.42775386654118086	230.0	27	1.05	0.95				
	222	2	0.0	0.0	0.0	0.0	2	1.05	6.09974747270789	230.0	27	1.05	0.95				
	223	2	0.0	0.0	0.0	0.0	2	1.05	0.696641888705943	230.0	25	1.05	0.95				
	224	1	0.0	0.0	0.0	0.0	2	1.0093588606416044	-5.80072808572975	230.0	26	1.05	0.95				
	301	2	65.12116418526315	13.265422334035087	0.0	0.0	3	1.037598894272098	3.1919473657470014	138.0	31	1.05	0.95				
	302	2	58.488453018245615	12.059474849122807	0.0	0.0	3	1.0338587292798984	2.83203912519291	138.0	32	1.05	0.95				
	303	1	108.53527364210527	22.310028470877192	0.0	0.0	3	1.05	20.69968225044576	138.0	31	1.05	0.95				
	304	1	44.620056941754385	9.044606136842106	0.0	0.0	3	1.009751492019474	5.084289208055052	138.0	31	1.05	0.95				
	305	1	42.81113571438596	8.441632394385966	0.0	0.0	3	1.03061496064077	2.116548867794182	138.0	31	1.05	0.95				
	306	1	82.0044289740351	16.883264788771932	0.0	-100.0	3	1.0324561682809374	0.8265581192512599	138.0	32	1.05	0.95				
	307	2	75.37171780701755	15.074343561403508	0.0	0.0	3	0.95	1.0528221584915605	138.0	32	1.05	0.95				
	308	1	103.10850995999998	21.10408098596491	0.0	0.0	3	0.9638810181104643	1.2187728673828913	138.0	32	1.05	0.95				
	309	1	105.52040492982455	21.707054728421053	0.0	0.0	3	1.0116337334008159	9.486419390043888	138.0	33	1.05	0.95				
	310	1	117.57987977894737	24.118949698245615	0.0	0.0	3	1.038261516587266	2.9482641843576567	138.0	33	1.05	0.95				
	311	1	0.0	0.0	0.0	0.0	3	0.9980595917663168	8.102248806541876	230.0	33	1.05	0.95				
	312	1	0.0	0.0	0.0	0.0	3	1.002224612444564	8.672101156227907	230.0	33	1.05	0.95				
	313	2	159.78804175087717	32.56058209263158	0.0	0.0	3	0.9980773939064183	10.357316336552934	230.0	34	1.05	0.95				
	314	2	116.97690603649123	23.51597595578947	0.0	0.0	3	0.9959476496998421	8.131664919303386	230.0	36	1.05	0.95				
	315	2	191.14267635859647	38.59031951719298	0.0	0.0	3	1.05	12.147791407901748	230.0	36	1.05	0.95				
	316	2	60.29737424561403	12.059474849122807	0.0	0.0	3	1.0395361313796052	11.807508426184933	230.0	36	1.05	0.95				
	317	1	0.0	0.0	0.0	0.0	3	1.05	16.491666058388557	230.0	37	1.05	0.95				
	318	2	200.79025623789474	41.00221448701755	0.0	0.0	3	1.0446251168752647	13.51408666706527	230.0	37	1.05	0.95				
	319	1	109.1382473845614	22.310028470877192	0.0	0.0	3	1.0243139094859717	10.5639757058624	230.0	35	1.05	0.95				
	320	1	77.18063903438596	15.67731730385965	0.0	0.0	3	1.016222427858381	10.641045645720547	230.0	35	1.05	0.95				
	321	2	0.0	0.0	0.0	0.0	3	1.0480928607397433	13.704337421573086	230.0	37	1.05	0.95				
	322	2	0.0	0.0	0.0	0.0	3	1.05	19.144089222782288	230.0	37	1.05	0.95				
	323	2	0.0	0.0	0.0	0.0	3	1.0132101827540199	11.1572426985651	230.0	35	1.05	0.95				
	324	1	0.0	0.0	0.0	0.0	3	1.0471799630709042	15.417325282407964	230.0	36	1.05	0.95				
	325	1	0.0	0.0	0.0	0.0	3	1.0141376463908685	11.87757470220705	230.0	35	1.05	0.95				
];
