%% MATPOWER Case Format : Version 2
function mpc = RTS_GMLC
mpc.version = '2';

%%-----  Power Flow Data  -----%%
%% system MVA base
mpc.baseMVA = 100.0;
%% bus data
%    bus_i    type    Pd    Qd    Gs    Bs    area    Vm    Va    baseKV    zone    Vmax    Vmin
mpc.bus = [
	101	2	48.108362210526316	9.799851561403509	0.0	0.0	1	1.0155567637851075	1.9660049485372242	138.0	11	1.05	0.95				
	102	2	43.20843642982456	8.90895596491228	0.0	0.0	1	1.0144500146707125	1.647033719830471	138.0	12	1.05	0.95				
	103	1	80.18060368421052	16.481568535087717	0.0	0.0	1	1.0245872238636347	2.150770082526353	138.0	11	1.05	0.95				
	104	1	32.963137070175435	6.6817169736842095	0.0	0.0	1	1.0128378169353773	-1.4821364445965366	138.0	11	1.05	0.95				
	105	1	31.6267936754386	6.236269175438597	0.0	0.0	1	1.0262652690329348	-1.435530818554313	138.0	11	1.05	0.95				
	106	1	60.58090056140352	12.472538350877194	0.0	-100.0	1	1.0402460467203434	-3.814007661338527	138.0	12	1.05	0.95				
	107	2	55.68097478070175	11.13619495614035	0.0	0.0	1	0.9864606421447543	-11.920991010914438	138.0	12	1.05	0.95				
	108	1	76.1715735	15.590672938596489	0.0	0.0	1	0.9941067125599264	-9.410264209595733	138.0	12	1.05	0.95				
	109	1	77.95336469298245	16.036120736842104	0.0	0.0	1	1.0252239804342953	-2.176877445016814	138.0	13	1.05	0.95				
	110	1	86.86232065789473	17.81791192982456	0.0	0.0	1	1.05	-3.409938144808557	138.0	13	1.05	0.95				
	111	1	0.0	0.0	0.0	0.0	1	1.018851152217708	0.32623369878213426	230.0	13	1.05	0.95				
	112	1	0.0	0.0	0.0	0.0	1	1.015323427739509	-0.6122583011926909	230.0	13	1.05	0.95				
	113	3	118.04366653508771	24.054181105263158	0.0	0.0	1	1.0015251286260831	-6.7543333271621235e-31	230.0	14	1.05	0.95				
	114	2	86.41687285964912	17.372464131578948	0.0	0.0	1	1.0425172789188997	3.6584079000619387	230.0	16	1.05	0.95				
	115	2	141.20695204385964	28.508659087719302	0.0	0.0	1	1.0396854759942078	13.022873032270484	230.0	16	1.05	0.95				
	116	2	44.5447798245614	8.90895596491228	0.0	0.0	1	1.04003541878291	11.231691367106261	230.0	16	1.05	0.95				
	117	1	0.0	0.0	0.0	0.0	1	1.0385695298089108	17.226956987336894	230.0	17	1.05	0.95				
	118	2	148.33411681578949	30.29045028070176	0.0	0.0	1	1.0469106633351046	17.799026331848047	230.0	17	1.05	0.95				
	119	1	80.62605148245613	16.481568535087717	0.0	0.0	1	1.036148089480289	7.11599942535122	230.0	15	1.05	0.95				
	120	1	57.017318175438604	11.581642754385966	0.0	0.0	1	1.039522193556101	4.390809089025657	230.0	15	1.05	0.95				
	121	2	0.0	0.0	0.0	0.0	1	1.0411561948596662	19.452715581050867	230.0	17	1.05	0.95				
	122	2	0.0	0.0	0.0	0.0	1	1.05	37.43128509706395	230.0	17	1.05	0.95				
	123	2	0.0	0.0	0.0	0.0	1	1.0425094091898222	3.231428057706011	230.0	15	1.05	0.95				
	124	1	0.0	0.0	0.0	0.0	1	1.020481051890049	8.968081569508795	230.0	16	1.05	0.95				
	201	2	51.10152684631579	10.409570283508772	0.0	0.0	2	1.0083247018018824	-18.74840001175257	138.0	21	1.05	0.95				
	202	2	45.89674170456141	9.463245712280703	0.0	0.0	2	1.0075727150908564	-19.06238369873409	138.0	22	1.05	0.95				
	203	1	85.16921141052633	17.5070045677193	0.0	0.0	2	1.0106589366628465	-13.544489874572205	138.0	21	1.05	0.95				
	204	1	35.0140091354386	7.097434284210527	0.0	0.0	2	1.0081996041229446	-18.42465631444733	138.0	21	1.05	0.95				
	205	1	33.594522278596486	6.624271998596493	0.0	0.0	2	1.0231979538076057	-18.99152505615364	138.0	21	1.05	0.95				
	206	1	64.35007084350877	13.248543997192986	0.0	-100.0	2	1.0390612628438827	-19.699927196503094	138.0	22	1.05	0.95				
	207	2	59.14528570175439	11.829057140350878	0.0	0.0	2	0.9909953127594066	-25.416060194347654	138.0	22	1.05	0.95				
	208	1	80.91075084	16.560679996491228	0.0	0.0	2	0.9958115032867025	-23.238544984025292	138.0	22	1.05	0.95				
	209	1	82.80339998245616	17.03384228210526	0.0	0.0	2	1.0231669275542308	-15.946248523715447	138.0	23	1.05	0.95				
	210	1	92.26664569473685	18.926491424561405	0.0	0.0	2	1.05	-17.709746640638233	138.0	23	1.05	0.95				
	211	1	0.0	0.0	0.0	0.0	2	1.0126731047492972	-12.36071310809718	230.0	23	1.05	0.95				
	212	1	0.0	0.0	0.0	0.0	2	1.0141550311945766	-11.235962709136576	230.0	23	1.05	0.95				
	213	2	125.3880056877193	25.550763423157896	0.0	0.0	2	1.0163212063600506	-10.51066733095332	230.0	24	1.05	0.95				
	214	2	91.79348340912281	18.453329138947367	0.0	0.0	2	1.0169227907613891	-9.483569983673064	230.0	26	1.05	0.95				
	215	2	149.9924445396491	30.282386279298244	0.0	0.0	2	1.0303128185583352	-2.4020067137611525	230.0	26	1.05	0.95				
	216	2	47.31622856140351	9.463245712280703	0.0	0.0	2	1.0341314934608328	-2.560505226339254	230.0	26	1.05	0.95				
	217	1	0.0	0.0	0.0	0.0	2	1.0376510071514358	-0.7917150554031136	230.0	27	1.05	0.95				
	218	2	157.5630411094737	32.17503542175439	0.0	0.0	2	1.0355429661702413	-1.4446810443736746	230.0	27	1.05	0.95				
	219	1	85.64237369614037	17.5070045677193	0.0	0.0	2	1.0381669129983264	-2.217749958048252	230.0	25	1.05	0.95				
	220	1	60.56477255859649	12.302219425964914	0.0	0.0	2	1.0450901888056172	-1.025207698635538	230.0	25	1.05	0.95				
	221	2	0.0	0.0	0.0	0.0	2	1.0362534700323776	-0.9585117910863022	230.0	27	1.05	0.95				
	222	2	0.0	0.0	0.0	0.0	2	1.05	5.606617098839205	230.0	27	1.05	0.95				
	223	2	0.0	0.0	0.0	0.0	2	1.05	-0.028941105874450666	230.0	25	1.05	0.95				
	224	1	0.0	0.0	0.0	0.0	2	1.0091901657633096	-6.539035986598462	230.0	26	1.05	0.95				
	301	2	63.97658969684211	13.032268271578948	0.0	0.0	3	1.0367087521969287	2.763048453425797	138.0	31	1.05	0.95				
	302	2	57.46045556105264	11.847516610526316	0.0	0.0	3	1.0326368499337404	2.407527857340886	138.0	32	1.05	0.95				
	303	1	106.62764949473684	21.917905729473684	0.0	0.0	3	1.05	20.022570968607013	138.0	31	1.05	0.95				
	304	1	43.83581145894737	8.885637457894736	0.0	0.0	3	1.0095129160837137	4.546883368100545	138.0	31	1.05	0.95				
	305	1	42.058683967368424	8.293261627368423	0.0	0.0	3	1.0303845104310625	1.703478373405617	138.0	31	1.05	0.95				
	306	1	80.56311295157896	16.586523254736846	0.0	-100.0	3	1.0325915797286895	0.4319860251460063	138.0	32	1.05	0.95				
	307	2	74.04697881578947	14.809395763157895	0.0	0.0	3	0.95	0.7265433785795	138.0	32	1.05	0.95				
	308	1	101.29626702	20.733154068421054	0.0	0.0	3	0.9643776965609704	0.8306153288543962	138.0	32	1.05	0.95				
	309	1	103.66577034210526	21.32552989894737	0.0	0.0	3	1.011582189221729	8.809540824705568	138.0	33	1.05	0.95				
	310	1	115.51328695263159	23.695033221052633	0.0	0.0	3	1.0384148897622232	2.51909291661046	138.0	33	1.05	0.95				
	311	1	0.0	0.0	0.0	0.0	3	0.9981313790398686	7.5682642453238	230.0	33	1.05	0.95				
	312	1	0.0	0.0	0.0	0.0	3	1.0022301440735106	8.169798879301558	230.0	33	1.05	0.95				
	313	2	156.9795950894737	31.988294848421056	0.0	0.0	3	0.9982025670799267	9.884070342256322	230.0	34	1.05	0.95				
	314	2	114.92091112210528	23.102657390526318	0.0	0.0	3	0.9959533878604866	7.562017594818553	230.0	36	1.05	0.95				
	315	2	187.7831382768421	37.91205315368421	0.0	0.0	3	1.05	11.44956233396139	230.0	36	1.05	0.95				
	316	2	59.23758305263158	11.847516610526316	0.0	0.0	3	1.0390005525284898	11.125385091374639	230.0	36	1.05	0.95				
	317	1	0.0	0.0	0.0	0.0	3	1.05	15.632218905708147	230.0	37	1.05	0.95				
	318	2	197.2611515652632	40.28155647578948	0.0	0.0	3	1.0451055653250354	12.718065103090892	230.0	37	1.05	0.95				
	319	1	107.22002532526315	21.917905729473684	0.0	0.0	3	1.0240176947844315	9.996903887777766	230.0	35	1.05	0.95				
	320	1	75.82410630736842	15.401771593684213	0.0	0.0	3	1.015969107068796	10.156579605002122	230.0	35	1.05	0.95				
	321	2	0.0	0.0	0.0	0.0	3	1.0485791769671553	12.936363489388711	230.0	37	1.05	0.95				
	322	2	0.0	0.0	0.0	0.0	3	1.05	18.34079091128702	230.0	37	1.05	0.95				
	323	2	0.0	0.0	0.0	0.0	3	1.0129487418334735	10.710911189239178	230.0	35	1.05	0.95				
	324	1	0.0	0.0	0.0	0.0	3	1.0471763733203567	14.727138875609576	230.0	36	1.05	0.95				
	325	1	0.0	0.0	0.0	0.0	3	1.013735057576759	11.46945699428203	230.0	35	1.05	0.95				
];
