%% MATPOWER Case Format : Version 2
function mpc = RTS_GMLC
mpc.version = '2';

%%-----  Power Flow Data  -----%%
%% system MVA base
mpc.baseMVA = 100.0;
%% bus data
%    bus_i    type    Pd    Qd    Gs    Bs    area    Vm    Va    baseKV    zone    Vmax    Vmin
mpc.bus = [
	101	2	41.28154378105264	8.409203362807018	0.0	0.0	1	1.0247382318077367	0.8170587434014712	138.0	11	1.05	0.95				
	102	2	37.07694209964912	7.6447303298245615	0.0	0.0	1	1.0228548859914468	0.30914891508663556	138.0	12	1.05	0.95				
	103	1	68.80257296842106	14.142751110175439	0.0	0.0	1	1.0327813261478256	1.75592420840354	138.0	11	1.05	0.95				
	104	1	28.285502220350878	5.733547747368421	0.0	0.0	1	1.020597733695223	-1.413020421426049	138.0	11	1.05	0.95				
	105	1	27.138792670877194	5.351311230877194	0.0	0.0	1	1.0322608812067042	-1.9219114206822812	138.0	11	1.05	0.95				
	106	1	51.98416624280703	10.702622461754387	0.0	-100.0	1	1.044584109620353	-3.9506839739873385	138.0	12	1.05	0.95				
	107	2	47.77956456140351	9.555912912280702	0.0	0.0	1	0.9995884721673046	-10.611670392566847	138.0	12	1.05	0.95				
	108	1	65.36244432000001	13.37827807719298	0.0	0.0	1	1.0044506830722346	-8.471424419784011	138.0	12	1.05	0.95				
	109	1	66.89139038596491	13.760514593684212	0.0	0.0	1	1.0251476784623519	-2.128754721430937	138.0	13	1.05	0.95				
	110	1	74.53612071578948	15.289460659649123	0.0	0.0	1	1.05	-3.463493858621447	138.0	13	1.05	0.95				
	111	1	0.0	0.0	0.0	0.0	1	1.0044556547262977	-0.12394993797050449	230.0	13	1.05	0.95				
	112	1	0.0	0.0	0.0	0.0	1	1.0092669312581037	-0.9270625858571533	230.0	13	1.05	0.95				
	113	3	101.29267687017544	20.64077189052632	0.0	0.0	1	0.9969560814333254	9.502603024438912e-28	230.0	14	1.05	0.95				
	114	2	74.15388419929825	14.907224143157896	0.0	0.0	1	1.0034258350469862	2.569477962917799	230.0	16	1.05	0.95				
	115	2	121.1689757277193	24.463137055438597	0.0	0.0	1	1.0417254580438684	10.101894381464334	230.0	16	1.05	0.95				
	116	2	38.22365164912281	7.6447303298245615	0.0	0.0	1	1.0359136788941972	8.525855275876234	230.0	16	1.05	0.95				
	117	1	0.0	0.0	0.0	0.0	1	1.0426756964700277	12.960556325734904	230.0	17	1.05	0.95				
	118	2	127.28475999157895	25.992083121403514	0.0	0.0	1	1.0482937731551816	13.913774629759292	230.0	17	1.05	0.95				
	119	1	69.1848094849123	14.142751110175439	0.0	0.0	1	1.0245782029556172	5.218038915191522	230.0	15	1.05	0.95				
	120	1	48.926274110877195	9.938149428771931	0.0	0.0	1	1.0190979905448005	2.7964898622643863	230.0	15	1.05	0.95				
	121	2	0.0	0.0	0.0	0.0	1	1.05	15.454693646571497	230.0	17	1.05	0.95				
	122	2	0.0	0.0	0.0	0.0	1	1.05	23.644703544698707	230.0	17	1.05	0.95				
	123	2	0.0	0.0	0.0	0.0	1	1.0168319207903054	1.7549817736346878	230.0	15	1.05	0.95				
	124	1	0.0	0.0	0.0	0.0	1	1.0277649272532063	6.9741172249078	230.0	16	1.05	0.95				
	201	2	41.51361562105264	8.456477256140351	0.0	0.0	2	1.0135948419935477	-16.029270139760882	138.0	21	1.05	0.95				
	202	2	37.28537699298246	7.687706596491228	0.0	0.0	2	1.012697048391404	-16.318353978238616	138.0	22	1.05	0.95				
	203	1	69.18935936842105	14.222257203508773	0.0	0.0	2	1.0151487188437005	-11.944371487610365	138.0	21	1.05	0.95				
	204	1	28.444514407017547	5.765779947368421	0.0	0.0	2	1.0122143206777219	-15.988918759921422	138.0	21	1.05	0.95				
	205	1	27.291358417543858	5.38139461754386	0.0	0.0	2	1.0271947616735693	-16.433592452268435	138.0	21	1.05	0.95				
	206	1	52.27640485614036	10.76278923508772	0.0	-100.0	2	1.0428701904562794	-17.15391229008234	138.0	22	1.05	0.95				
	207	2	48.04816622807018	9.609633245614035	0.0	0.0	2	0.9956859671908419	-21.704288435322034	138.0	22	1.05	0.95				
	208	1	65.7298914	13.45348654385965	0.0	0.0	2	1.0021095037268946	-19.994859151560583	138.0	22	1.05	0.95				
	209	1	67.26743271929824	13.83787187368421	0.0	0.0	2	1.022622151769613	-14.122710441763767	138.0	23	1.05	0.95				
	210	1	74.95513931578948	15.375413192982457	0.0	0.0	2	1.05	-15.599358734030336	138.0	23	1.05	0.95				
	211	1	0.0	0.0	0.0	0.0	2	1.0038133955737465	-11.716666766669706	230.0	23	1.05	0.95				
	212	1	0.0	0.0	0.0	0.0	2	1.0088423892836773	-10.086846632941596	230.0	23	1.05	0.95				
	213	2	101.86211240350877	20.75680781052632	0.0	0.0	2	0.9974525196858314	-10.547886569065387	230.0	24	1.05	0.95				
	214	2	74.57075398596491	14.991027863157896	0.0	0.0	2	1.0035521846357816	-9.461492965915609	230.0	26	1.05	0.95				
	215	2	121.85014955438595	24.60066110877193	0.0	0.0	2	1.0216502207548799	-2.7058089513390686	230.0	26	1.05	0.95				
	216	2	38.43853298245614	7.687706596491228	0.0	0.0	2	1.0212227288481588	-3.9405537912021478	230.0	26	1.05	0.95				
	217	1	0.0	0.0	0.0	0.0	2	1.0261745619034919	-1.7272774188143487	230.0	27	1.05	0.95				
	218	2	128.00031483157898	26.13820242807018	0.0	0.0	2	1.0261940674086847	-2.0732439434328565	230.0	27	1.05	0.95				
	219	1	69.57374469824562	14.222257203508773	0.0	0.0	2	1.0202918540695738	-4.941661571426868	230.0	25	1.05	0.95				
	220	1	49.20132221754386	9.994018575438597	0.0	0.0	2	1.0220021816376956	-5.050664014344056	230.0	25	1.05	0.95				
	221	2	0.0	0.0	0.0	0.0	2	1.0282180306860873	-1.4884064563130532	230.0	27	1.05	0.95				
	222	2	0.0	0.0	0.0	0.0	2	1.0499466857321116	4.908324623751901	230.0	27	1.05	0.95				
	223	2	0.0	0.0	0.0	0.0	2	1.0232897314203697	-4.811741224638464	230.0	25	1.05	0.95				
	224	1	0.0	0.0	0.0	0.0	2	1.0078313163237875	-6.178200518854036	230.0	26	1.05	0.95				
	301	2	62.02910470736842	12.635558366315788	0.0	0.0	3	1.0103994850952436	12.031774183904886	138.0	31	1.05	0.95				
	302	2	55.71132552421052	11.486871242105263	0.0	0.0	3	1.0085056596482165	11.68364815999474	138.0	32	1.05	0.95				
	303	1	103.38184117894738	21.250711797894738	0.0	0.0	3	1.0475337181025064	25.936237913075946	138.0	31	1.05	0.95				
	304	1	42.501423595789475	8.615153431578946	0.0	0.0	3	1.006355423829574	13.009637287547479	138.0	31	1.05	0.95				
	305	1	40.77839290947368	8.040809869473685	0.0	0.0	3	1.022837136336962	11.525870405537246	138.0	31	1.05	0.95				
	306	1	78.1107244463158	16.08161973894737	0.0	-100.0	3	1.0363042007238406	10.589886146107656	138.0	32	1.05	0.95				
	307	2	71.79294526315789	14.35858905263158	0.0	0.0	3	0.9862561093120104	6.013913848698265	138.0	32	1.05	0.95				
	308	1	98.21274912	20.10202467368421	0.0	0.0	3	0.9938349687437348	8.652235060119013	138.0	32	1.05	0.95				
	309	1	100.51012336842105	20.67636823578947	0.0	0.0	3	1.0237261325093179	16.457268228254357	138.0	33	1.05	0.95				
	310	1	111.99699461052633	22.973742484210526	0.0	0.0	3	1.05	12.8659395759081	138.0	33	1.05	0.95				
	311	1	0.0	0.0	0.0	0.0	3	1.013051719862096	17.215339798098537	230.0	33	1.05	0.95				
	312	1	0.0	0.0	0.0	0.0	3	1.017988071596625	18.19109527252356	230.0	33	1.05	0.95				
	313	2	152.20104395789474	31.01455235368421	0.0	0.0	3	1.0184183663562274	21.727397027529417	230.0	34	1.05	0.95				
	314	2	111.42265104842105	22.399398922105267	0.0	0.0	3	1.0125577052051273	15.873104022544405	230.0	36	1.05	0.95				
	315	2	182.0669091873684	36.75798797473684	0.0	0.0	3	1.05	12.476472519395422	230.0	36	1.05	0.95				
	316	2	57.43435621052632	11.486871242105263	0.0	0.0	3	1.0422096252345514	12.722531204776006	230.0	36	1.05	0.95				
	317	1	0.0	0.0	0.0	0.0	3	1.049612277970083	11.90690532006746	230.0	37	1.05	0.95				
	318	2	191.25640618105265	39.0553622231579	0.0	0.0	3	1.049574004980792	10.020268780563311	230.0	37	1.05	0.95				
	319	1	103.95618474105264	21.250711797894738	0.0	0.0	3	1.0353829385075564	14.539158821124756	230.0	35	1.05	0.95				
	320	1	73.51597594947368	14.932932614736844	0.0	0.0	3	1.031581355368929	15.956730515476313	230.0	35	1.05	0.95				
	321	2	0.0	0.0	0.0	0.0	3	1.049999938987252	11.428680031568486	230.0	37	1.05	0.95				
	322	2	0.0	0.0	0.0	0.0	3	1.05	15.963652935198896	230.0	37	1.05	0.95				
	323	2	0.0	0.0	0.0	0.0	3	1.0297778995912927	16.6423110555414	230.0	35	1.05	0.95				
	324	1	0.0	0.0	0.0	0.0	3	1.046813648218173	19.235467660879216	230.0	36	1.05	0.95				
	325	1	0.0	0.0	0.0	0.0	3	1.0325262079926036	16.551031503393038	230.0	35	1.05	0.95				
];
