%% MATPOWER Case Format : Version 2
function mpc = RTS_GMLC
mpc.version = '2';

%%-----  Power Flow Data  -----%%
%% system MVA base
mpc.baseMVA = 100.0;
%% bus data
%    bus_i    type    Pd    Qd    Gs    Bs    area    Vm    Va    baseKV    zone    Vmax    Vmin
mpc.bus = [
	101	2	47.18654132210527	9.612073232280702	0.0	0.0	1	1.0310447508788487	2.136654310102349	138.0	11	1.05	0.95				
	102	2	42.38050470596491	8.738248392982456	0.0	0.0	1	1.0300951287424969	1.850920156043964	138.0	12	1.05	0.95				
	103	1	78.64423553684212	16.165759527017542	0.0	0.0	1	1.0295904036379748	1.5942053416853754	138.0	11	1.05	0.95				
	104	1	32.331519054035084	6.553686294736842	0.0	0.0	1	1.0199721511257276	-1.0526412758488908	138.0	11	1.05	0.95				
	105	1	31.020781795087714	6.11677387508772	0.0	0.0	1	1.0345372567419522	-0.9407709519183299	138.0	11	1.05	0.95				
	106	1	59.4200890722807	12.23354775017544	0.0	-100.0	1	1.0445247395494255	-3.14743668427264	138.0	12	1.05	0.95				
	107	2	54.61405245614035	10.92281049122807	0.0	0.0	1	0.9998103498062015	-9.152679053959783	138.0	12	1.05	0.95				
	108	1	74.71202376000001	15.291934687719296	0.0	0.0	1	1.003359266476528	-7.545421909794676	138.0	12	1.05	0.95				
	109	1	76.45967343859648	15.728847107368422	0.0	0.0	1	1.0247827234674203	-1.6477369523712087	138.0	13	1.05	0.95				
	110	1	85.19792183157895	17.476496785964912	0.0	0.0	1	1.05	-2.6744774448341957	138.0	13	1.05	0.95				
	111	1	0.0	0.0	0.0	0.0	1	1.0058027330996209	0.38531057166480276	230.0	13	1.05	0.95				
	112	1	0.0	0.0	0.0	0.0	1	1.0096669816895247	0.3330908949607302	230.0	13	1.05	0.95				
	113	3	115.78179120701755	23.593270661052635	0.0	0.0	1	0.9975370403459948	5.963086089597138e-29	230.0	14	1.05	0.95				
	114	2	84.76100941192982	17.03958436631579	0.0	0.0	1	1.0068479302734534	3.3735759253537254	230.0	16	1.05	0.95				
	115	2	138.50123702877192	27.96239485754386	0.0	0.0	1	1.041883435399502	10.632675873116897	230.0	16	1.05	0.95				
	116	2	43.69124196491228	8.738248392982456	0.0	0.0	1	1.0390489320463063	10.086006386990334	230.0	16	1.05	0.95				
	117	1	0.0	0.0	0.0	0.0	1	1.0426420569693065	13.834423133849938	230.0	17	1.05	0.95				
	118	2	145.4918357431579	29.71004453614035	0.0	0.0	1	1.0482577620204074	13.813318698916648	230.0	17	1.05	0.95				
	119	1	79.08114795649122	16.165759527017542	0.0	0.0	1	1.0311948402817075	8.032319329845796	230.0	15	1.05	0.95				
	120	1	55.92478971508772	11.359722910877194	0.0	0.0	1	1.0281017428579606	7.0755999156787945	230.0	15	1.05	0.95				
	121	2	0.0	0.0	0.0	0.0	1	1.05	14.822148585465742	230.0	17	1.05	0.95				
	122	2	0.0	0.0	0.0	0.0	1	1.05	29.25532122669174	230.0	17	1.05	0.95				
	123	2	0.0	0.0	0.0	0.0	1	1.026949648635316	6.883216156894866	230.0	15	1.05	0.95				
	124	1	0.0	0.0	0.0	0.0	1	1.0258980495784316	7.255676644345807	230.0	16	1.05	0.95				
	201	2	50.132535802105274	10.21218321894737	0.0	0.0	2	1.0249124760295445	-9.671532050934426	138.0	21	1.05	0.95				
	202	2	45.02644419263158	9.283802926315792	0.0	0.0	2	1.0259063964819295	-9.486540029704077	138.0	22	1.05	0.95				
	203	1	83.55422633684212	17.17503541368421	0.0	0.0	2	1.0170542488838565	-8.41772605237402	138.0	21	1.05	0.95				
	204	1	34.35007082736842	6.962852194736843	0.0	0.0	2	1.0170255784878661	-11.093254365834595	138.0	21	1.05	0.95				
	205	1	32.95750038842106	6.498662048421054	0.0	0.0	2	1.0317407040613815	-11.418923966822891	138.0	21	1.05	0.95				
	206	1	63.12985989894738	12.997324096842108	0.0	-100.0	2	1.0433915538884573	-12.81009697935294	138.0	22	1.05	0.95				
	207	2	58.023768289473686	11.604753657894738	0.0	0.0	2	0.9906521541915996	-19.499794717577046	138.0	22	1.05	0.95				
	208	1	79.37651502	16.246655121052633	0.0	0.0	2	0.9960160870356046	-17.373209976414334	138.0	22	1.05	0.95				
	209	1	81.23327560526317	16.710845267368423	0.0	0.0	2	1.0231039371603114	-10.501142010792606	138.0	23	1.05	0.95				
	210	1	90.51707853157896	18.567605852631583	0.0	0.0	2	1.05	-11.701275572988969	138.0	23	1.05	0.95				
	211	1	0.0	0.0	0.0	0.0	2	1.007565994879065	-7.565931899286045	230.0	23	1.05	0.95				
	212	1	0.0	0.0	0.0	0.0	2	1.0100732100335565	-6.819460504046848	230.0	23	1.05	0.95				
	213	2	123.01038877368423	25.066267901052637	0.0	0.0	2	1.0037756857316522	-6.387922436295783	230.0	24	1.05	0.95				
	214	2	90.05288838526316	18.103415706315793	0.0	0.0	2	1.0098614334931821	-4.97013057519239	230.0	26	1.05	0.95				
	215	2	147.14827638210528	29.70816936421053	0.0	0.0	2	1.0272268011535206	1.6042958150292637	230.0	26	1.05	0.95				
	216	2	46.41901463157895	9.283802926315792	0.0	0.0	2	1.0291277002050867	1.509012315473681	230.0	26	1.05	0.95				
	217	1	0.0	0.0	0.0	0.0	2	1.0338067554111066	4.049732804699061	230.0	27	1.05	0.95				
	218	2	154.57531872315792	31.56492994947369	0.0	0.0	2	1.0342570376353222	4.0292440395305285	230.0	27	1.05	0.95				
	219	1	84.0184164831579	17.17503541368421	0.0	0.0	2	1.0296445133546748	1.0630239430494774	230.0	25	1.05	0.95				
	220	1	59.41633872842106	12.068943804210528	0.0	0.0	2	1.0333614226420162	1.5743119174563451	230.0	25	1.05	0.95				
	221	2	0.0	0.0	0.0	0.0	2	1.0347904828994505	4.002455263899768	230.0	27	1.05	0.95				
	222	2	0.0	0.0	0.0	0.0	2	1.05	10.518053714495746	230.0	27	1.05	0.95				
	223	2	0.0	0.0	0.0	0.0	2	1.036231125060508	2.2039367493741953	230.0	25	1.05	0.95				
	224	1	0.0	0.0	0.0	0.0	2	1.0110611029966108	-2.1498025995123506	230.0	26	1.05	0.95				
	301	2	66.16323947368421	13.477696929824562	0.0	0.0	3	1.0150783960233407	-17.225307833480368	138.0	31	1.05	0.95				
	302	2	59.42439100877193	12.252451754385966	0.0	0.0	3	1.013450164044002	-17.54059804364596	138.0	32	1.05	0.95				
	303	1	110.27206578947369	22.667035745614033	0.0	0.0	3	1.0498327639748541	-3.1828532290133933	138.0	31	1.05	0.95				
	304	1	45.334071491228066	9.189338815789473	0.0	0.0	3	1.0098858781249875	-15.498392762658241	138.0	31	1.05	0.95				
	305	1	43.49620372807017	8.576716228070175	0.0	0.0	3	1.0246872839840913	-17.75751782579983	138.0	31	1.05	0.95				
	306	1	83.31667192982457	17.15343245614035	0.0	-100.0	3	1.036384894456448	-18.730220830611888	138.0	32	1.05	0.95				
	307	2	76.57782346491227	15.315564692982456	0.0	0.0	3	0.9901877738454089	-25.258972016105925	138.0	32	1.05	0.95				
	308	1	104.75846250000001	21.44179057017544	0.0	0.0	3	0.9897141205362636	-22.31166853299173	138.0	32	1.05	0.95				
	309	1	107.2089528508772	22.054413157894736	0.0	0.0	3	1.0285282793403667	-11.336424416553955	138.0	33	1.05	0.95				
	310	1	119.46140460526316	24.504903508771932	0.0	0.0	3	1.05	-16.32814668476539	138.0	33	1.05	0.95				
	311	1	0.0	0.0	0.0	0.0	3	1.0189361911562618	-9.682791526981925	230.0	33	1.05	0.95				
	312	1	0.0	0.0	0.0	0.0	3	1.0197961918176643	-9.01186287167519	230.0	33	1.05	0.95				
	313	2	162.34498574561403	33.08161973684211	0.0	0.0	3	1.0228937490341115	-6.6429748007419915	230.0	34	1.05	0.95				
	314	2	118.84878201754385	23.89228092105263	0.0	0.0	3	1.0265169369269433	-8.1816955092214	230.0	36	1.05	0.95				
	315	2	194.20136030701752	39.20784561403509	0.0	0.0	3	1.0487940186396747	-2.9171150210089936	230.0	36	1.05	0.95				
	316	2	61.26225877192982	12.252451754385966	0.0	0.0	3	1.0472361621989876	-2.369303950478113	230.0	36	1.05	0.95				
	317	1	0.0	0.0	0.0	0.0	3	1.05	0.06200405750972805	230.0	37	1.05	0.95				
	318	2	204.00332171052634	41.65833596491228	0.0	0.0	3	1.0457004252799682	-1.0506092312669035	230.0	37	1.05	0.95				
	319	1	110.88468837719299	22.667035745614033	0.0	0.0	3	1.0422678834033505	-3.4827126665927772	230.0	35	1.05	0.95				
	320	1	78.41569122807017	15.928187280701756	0.0	0.0	3	1.0429906598631549	-3.300928519391357	230.0	35	1.05	0.95				
	321	2	0.0	0.0	0.0	0.0	3	1.0475258914642955	-1.1061537381223276	230.0	37	1.05	0.95				
	322	2	0.0	0.0	0.0	0.0	3	1.05	3.696434349816385	230.0	37	1.05	0.95				
	323	2	0.0	0.0	0.0	0.0	3	1.0447880433797727	-2.7492471306841786	230.0	35	1.05	0.95				
	324	1	0.0	0.0	0.0	0.0	3	1.0449402240731895	-3.0068352875628634	230.0	36	1.05	0.95				
	325	1	0.0	0.0	0.0	0.0	3	1.0393089564905718	-1.3063216850590502	230.0	35	1.05	0.95				
];
