%% MATPOWER Case Format : Version 2
function mpc = RTS_GMLC
mpc.version = '2';

%%-----  Power Flow Data  -----%%
%% system MVA base
mpc.baseMVA = 100.0;
%% bus data
%    bus_i    type    Pd    Qd    Gs    Bs    area    Vm    Va    baseKV    zone    Vmax    Vmin
mpc.bus = [
	101	2	44.96882729684211	9.160316671578947	0.0	0.0	1	1.045933307161386	3.735041240882424	138.0	11	1.05	0.95				
	102	2	40.38866896105263	8.327560610526316	0.0	0.0	1	1.043417363752289	3.0819086548182475	138.0	12	1.05	0.95				
	103	1	74.94804549473683	15.405987129473683	0.0	0.0	1	1.0331906267037065	1.5201002199728728	138.0	11	1.05	0.95				
	104	1	30.811974258947366	6.245670457894736	0.0	0.0	1	1.0289547969026716	0.1930419280526894	138.0	11	1.05	0.95				
	105	1	29.56284016736842	5.829292427368422	0.0	0.0	1	1.0417823291126713	-0.03214281783270657	138.0	11	1.05	0.95				
	106	1	56.62741215157895	11.658584854736844	0.0	-100.0	1	1.047914796768704	-2.706713360711825	138.0	12	1.05	0.95				
	107	2	52.047253815789475	10.409450763157894	0.0	0.0	1	1.0011955224883586	-7.534733317184132	138.0	12	1.05	0.95				
	108	1	71.20064321999999	14.573231068421052	0.0	0.0	1	1.0054525274670219	-6.5511643067281495	138.0	12	1.05	0.95				
	109	1	72.86615534210526	14.989609098947367	0.0	0.0	1	1.024430588305591	-1.682011207330755	138.0	13	1.05	0.95				
	110	1	81.19371595263158	16.65512122105263	0.0	0.0	1	1.05	-2.594221486026393	138.0	13	1.05	0.95				
	111	1	0.0	0.0	0.0	0.0	1	1.0017333152021952	-0.5371751827958879	230.0	13	1.05	0.95				
	112	1	0.0	0.0	0.0	0.0	1	1.00601278030761	-0.6393080729673986	230.0	13	1.05	0.95				
	113	3	110.34017808947367	22.484413648421054	0.0	0.0	1	0.9919305725474126	-2.603652965379105e-29	230.0	14	1.05	0.95				
	114	2	80.77733792210526	16.238743190526318	0.0	0.0	1	0.9969941468084085	0.7349533432306591	230.0	16	1.05	0.95				
	115	2	131.9918356768421	26.648193953684213	0.0	0.0	1	1.0316157713514909	5.878283095435918	230.0	16	1.05	0.95				
	116	2	41.637803052631575	8.327560610526316	0.0	0.0	1	1.0264942119059555	4.990172478041512	230.0	16	1.05	0.95				
	117	1	0.0	0.0	0.0	0.0	1	1.0358095183058886	7.975000653024283	230.0	17	1.05	0.95				
	118	2	138.65388416526315	28.313706075789476	0.0	0.0	1	1.0393783104243888	8.550562043498346	230.0	17	1.05	0.95				
	119	1	75.36442352526316	15.405987129473683	0.0	0.0	1	1.0168602755380927	3.2884212837112283	230.0	15	1.05	0.95				
	120	1	53.29638790736843	10.825828793684211	0.0	0.0	1	1.0108439947029555	2.1270627344843076	230.0	15	1.05	0.95				
	121	2	0.0	0.0	0.0	0.0	1	1.0424250093390635	9.667492064831041	230.0	17	1.05	0.95				
	122	2	0.0	0.0	0.0	0.0	1	1.05	15.599055429950104	230.0	17	1.05	0.95				
	123	2	0.0	0.0	0.0	0.0	1	1.0080680770355612	1.815543240688535	230.0	15	1.05	0.95				
	124	1	0.0	0.0	0.0	0.0	1	1.0254292525496669	4.2301325751774534	230.0	16	1.05	0.95				
	201	2	42.66960491368422	8.69195655649123	0.0	0.0	2	1.0151712679958327	-7.351490504012278	138.0	21	1.05	0.95				
	202	2	38.32362663543859	7.9017786877192995	0.0	0.0	2	1.0143658082115004	-7.57268900614878	138.0	22	1.05	0.95				
	203	1	71.11600818947369	14.618290572280701	0.0	0.0	2	1.0142325631420643	-5.398237523184165	138.0	21	1.05	0.95				
	204	1	29.236581144561402	5.9263340157894735	0.0	0.0	2	1.0132421749182523	-6.995185513363538	138.0	21	1.05	0.95				
	205	1	28.05131434140351	5.53124508140351	0.0	0.0	2	1.0277621614684076	-7.252602457357267	138.0	21	1.05	0.95				
	206	1	53.732095076491234	11.06249016280702	0.0	-100.0	2	1.042997961712747	-7.696152002394541	138.0	22	1.05	0.95				
	207	2	49.38611679824562	9.877223359649124	0.0	0.0	2	0.9982392131653905	-12.44667424585908	138.0	22	1.05	0.95				
	208	1	67.56020778	13.828112703508772	0.0	0.0	2	1.0034056296489047	-10.674786938301454	138.0	22	1.05	0.95				
	209	1	69.14056351754387	14.223201637894736	0.0	0.0	2	1.0236619373561855	-4.887427752434437	138.0	23	1.05	0.95				
	210	1	77.04234220526315	15.803557375438599	0.0	0.0	2	1.05	-5.881734804369603	138.0	23	1.05	0.95				
	211	1	0.0	0.0	0.0	0.0	2	1.0020652046431615	-2.754743246415902	230.0	23	1.05	0.95				
	212	1	0.0	0.0	0.0	0.0	2	1.009081034828753	1.5363172703943633	230.0	23	1.05	0.95				
	213	2	104.69856761228071	21.33480245684211	0.0	0.0	2	0.9960281707594267	-0.7563559829446187	230.0	24	1.05	0.95				
	214	2	76.64725327087719	15.408468441052634	0.0	0.0	2	0.99769346757841	-1.7212657573544858	230.0	26	1.05	0.95				
	215	2	125.24319220035088	25.285691800701755	0.0	0.0	2	1.0154208419814519	2.430408367130871	230.0	26	1.05	0.95				
	216	2	39.508893438596495	7.9017786877192995	0.0	0.0	2	1.0144239359217933	2.176019722989215	230.0	26	1.05	0.95				
	217	1	0.0	0.0	0.0	0.0	2	1.0195574978631277	2.9854607844837306	230.0	27	1.05	0.95				
	218	2	131.56461515052632	26.866047538245617	0.0	0.0	2	1.0192340679042489	2.728819258204161	230.0	27	1.05	0.95				
	219	1	71.51109712385966	14.618290572280701	0.0	0.0	2	1.0125509230439282	1.9304167807377832	230.0	25	1.05	0.95				
	220	1	50.57138360140351	10.272312294035087	0.0	0.0	2	1.0134795302399775	2.50983496487149	230.0	25	1.05	0.95				
	221	2	0.0	0.0	0.0	0.0	2	1.0214950922399262	3.4299401243075565	230.0	27	1.05	0.95				
	222	2	0.0	0.0	0.0	0.0	2	1.043252840034019	9.831237558801948	230.0	27	1.05	0.95				
	223	2	0.0	0.0	0.0	0.0	2	1.0145692388990817	3.140454078540486	230.0	25	1.05	0.95				
	224	1	0.0	0.0	0.0	0.0	2	1.005177368743494	-0.5272229254849902	230.0	26	1.05	0.95				
	301	2	63.85700728421053	13.00790889122807	0.0	0.0	3	1.0062014416580662	-11.095878382193908	138.0	31	1.05	0.95				
	302	2	57.35305283859648	11.825371719298246	0.0	0.0	3	1.0059405408590207	-11.182403169299649	138.0	32	1.05	0.95				
	303	1	106.4283454736842	21.876937680701754	0.0	0.0	3	1.0195704601732847	-5.492225060430078	138.0	31	1.05	0.95				
	304	1	43.75387536140351	8.869028789473683	0.0	0.0	3	1.0066886657445837	-8.872960961930337	138.0	31	1.05	0.95				
	305	1	41.98006960350877	8.277760203508773	0.0	0.0	3	1.0196361520233506	-9.806578649900402	138.0	31	1.05	0.95				
	306	1	80.41252769122808	16.555520407017546	0.0	-100.0	3	1.034930974044136	-9.739817299981366	138.0	32	1.05	0.95				
	307	2	73.90857324561404	14.781714649122806	0.0	0.0	3	0.9959115277727318	-15.307503387392707	138.0	32	1.05	0.95				
	308	1	101.1069282	20.694400508771928	0.0	0.0	3	0.9979639786519536	-12.541992689504724	138.0	32	1.05	0.95				
	309	1	103.47200254385965	21.285669094736843	0.0	0.0	3	1.028491081035032	-4.587276365269709	138.0	33	1.05	0.95				
	310	1	115.29737426315789	23.650743438596493	0.0	0.0	3	1.05	-6.621757432471611	138.0	33	1.05	0.95				
	311	1	0.0	0.0	0.0	0.0	3	1.0143177497297255	0.03943179742721244	230.0	33	1.05	0.95				
	312	1	0.0	0.0	0.0	0.0	3	1.0178560840507724	1.0498343536901653	230.0	33	1.05	0.95				
	313	2	156.68617528070175	31.928503642105266	0.0	0.0	3	1.0301847810185254	6.2221405452299905	230.0	34	1.05	0.95				
	314	2	114.70610567719297	23.059474852631578	0.0	0.0	3	1.0147327787103257	0.24473608031058716	230.0	36	1.05	0.95				
	315	2	187.43214175087718	37.841189501754386	0.0	0.0	3	1.023941674328655	-1.0519289135409617	230.0	36	1.05	0.95				
	316	2	59.126858596491225	11.825371719298246	0.0	0.0	3	1.0244693854434799	0.024519210753192588	230.0	36	1.05	0.95				
	317	1	0.0	0.0	0.0	0.0	3	1.027570650847564	0.6346653439150821	230.0	37	1.05	0.95				
	318	2	196.8924391263158	40.20626384561404	0.0	0.0	3	1.024431327352288	-0.14705263450712294	230.0	37	1.05	0.95				
	319	1	107.01961405964913	21.876937680701754	0.0	0.0	3	1.0243173578807392	1.4170524133656066	230.0	35	1.05	0.95				
	320	1	75.68237900350877	15.37298323508772	0.0	0.0	3	1.0274098514545296	2.90460273987602	230.0	35	1.05	0.95				
	321	2	0.0	0.0	0.0	0.0	3	1.0264495228393982	0.11428644449023677	230.0	37	1.05	0.95				
	322	2	0.0	0.0	0.0	0.0	3	1.0402182831174787	4.707690542224601	230.0	37	1.05	0.95				
	323	2	0.0	0.0	0.0	0.0	3	1.0293855972441224	3.5782290179886385	230.0	35	1.05	0.95				
	324	1	0.0	0.0	0.0	0.0	3	1.0173513465547759	-1.4190919181297539	230.0	36	1.05	0.95				
	325	1	0.0	0.0	0.0	0.0	3	1.029840493670148	4.0976900081397645	230.0	35	1.05	0.95				
];
