%% MATPOWER Case Format : Version 2
function mpc = RTS_GMLC
mpc.version = '2';

%%-----  Power Flow Data  -----%%
%% system MVA base
mpc.baseMVA = 100.0;
%% bus data
%    bus_i    type    Pd    Qd    Gs    Bs    area    Vm    Va    baseKV    zone    Vmax    Vmin
mpc.bus = [
	101	2	44.234042551578945	9.010638297543858	0.0	0.0	1	1.0211410673862114	-3.1817175016284027	138.0	11	1.05	0.95				
	102	2	39.728723402807006	8.191489361403509	0.0	0.0	1	1.0203017979488997	-3.391893603085803	138.0	12	1.05	0.95				
	103	1	73.72340425263158	15.154255318596487	0.0	0.0	1	1.0312759938108875	-0.40850338302469086	138.0	11	1.05	0.95				
	104	1	30.308510637192974	6.143617021052631	0.0	0.0	1	1.0199645582438563	-3.7958156990723966	138.0	11	1.05	0.95				
	105	1	29.07978723298245	5.734042552982456	0.0	0.0	1	1.030579571128767	-4.835717990515545	138.0	11	1.05	0.95				
	106	1	55.702127657543855	11.468085105964912	0.0	-100.0	1	1.043686930883842	-6.227774683348235	138.0	12	1.05	0.95				
	107	2	51.19680850877193	10.239361701754385	0.0	0.0	1	1.0024460349924968	-9.833152998350823	138.0	12	1.05	0.95				
	108	1	70.03723403999999	14.335106382456136	0.0	0.0	1	1.0065457782964853	-8.805460139628966	138.0	12	1.05	0.95				
	109	1	71.67553191228069	14.744680850526311	0.0	0.0	1	1.0254223949943868	-3.580780158762142	138.0	13	1.05	0.95				
	110	1	79.8670212736842	16.382978722807017	0.0	0.0	1	1.05	-5.1876308726868645	138.0	13	1.05	0.95				
	111	1	0.0	0.0	0.0	0.0	1	1.0044373886683233	-1.3427440992585673	230.0	13	1.05	0.95				
	112	1	0.0	0.0	0.0	0.0	1	1.0077987813935834	-1.6899242566818529	230.0	13	1.05	0.95				
	113	3	108.53723403859648	22.117021275789472	0.0	0.0	1	0.9978877564680132	-3.9781240435177336e-31	230.0	14	1.05	0.95				
	114	2	79.45744680561401	15.973404254736842	0.0	0.0	1	1.0032678070943195	0.666026188626031	230.0	16	1.05	0.95				
	115	2	129.8351063782456	26.212765956491225	0.0	0.0	1	1.0357731254341114	7.0446148837709694	230.0	16	1.05	0.95				
	116	2	40.95744680701754	8.191489361403509	0.0	0.0	1	1.0314636747301584	5.898353772786479	230.0	16	1.05	0.95				
	117	1	0.0	0.0	0.0	0.0	1	1.0389582582069208	9.52160794500853	230.0	17	1.05	0.95				
	118	2	136.3882978673684	27.851063828771927	0.0	0.0	1	1.0426483422000115	10.406984793922065	230.0	17	1.05	0.95				
	119	1	74.13297872070174	15.154255318596487	0.0	0.0	1	1.02136132534954	3.6638251519281964	230.0	15	1.05	0.95				
	120	1	52.42553191298245	10.64893616982456	0.0	0.0	1	1.0153666940450183	2.008938376907867	230.0	15	1.05	0.95				
	121	2	0.0	0.0	0.0	0.0	1	1.0446754566373668	11.732964983778107	230.0	17	1.05	0.95				
	122	2	0.0	0.0	0.0	0.0	1	1.05	17.426232858452714	230.0	17	1.05	0.95				
	123	2	0.0	0.0	0.0	0.0	1	1.0126598412955832	1.4152623945491396	230.0	15	1.05	0.95				
	124	1	0.0	0.0	0.0	0.0	1	1.0244772579686943	4.239634454048083	230.0	16	1.05	0.95				
	201	2	43.75759482947369	8.913584131929825	0.0	0.0	2	1.0152459733160155	-10.115759976776422	138.0	21	1.05	0.95				
	202	2	39.30080276350878	8.103258301754387	0.0	0.0	2	1.014425858732837	-10.343940426713301	138.0	22	1.05	0.95				
	203	1	72.92932471578948	14.991027858245614	0.0	0.0	2	1.0148074095788628	-7.890014635461121	138.0	21	1.05	0.95				
	204	1	29.982055716491228	6.07744372631579	0.0	0.0	2	1.0131187438749123	-9.741292748442095	138.0	21	1.05	0.95				
	205	1	28.766566971228073	5.672280811228071	0.0	0.0	2	1.027657151066371	-10.026733578138497	138.0	21	1.05	0.95				
	206	1	55.102156451929844	11.344561622456142	0.0	-100.0	2	1.0427224028392916	-10.484873451250825	138.0	22	1.05	0.95				
	207	2	50.64536438596492	10.129072877192984	0.0	0.0	2	0.9980388225389176	-15.36336445990772	138.0	22	1.05	0.95				
	208	1	69.28285848000002	14.180702028070177	0.0	0.0	2	1.0029086195220553	-13.538329399341782	138.0	22	1.05	0.95				
	209	1	70.90351014035089	14.585864943157894	0.0	0.0	2	1.0237885531145337	-7.572565805663009	138.0	23	1.05	0.95				
	210	1	79.00676844210527	16.206516603508774	0.0	0.0	2	1.05	-8.633882785241722	138.0	23	1.05	0.95				
	211	1	0.0	0.0	0.0	0.0	2	1.0026794787767825	-5.424807057081144	230.0	23	1.05	0.95				
	212	1	0.0	0.0	0.0	0.0	2	1.009571782118222	-1.0786188004028132	230.0	23	1.05	0.95				
	213	2	107.36817249824561	21.878797414736844	0.0	0.0	2	0.997120533960074	-3.367708275732544	230.0	24	1.05	0.95				
	214	2	78.60160552701755	15.801353688421054	0.0	0.0	2	0.9986059145476994	-4.39860207894578	230.0	26	1.05	0.95				
	215	2	128.43664408280705	25.93042656561404	0.0	0.0	2	1.016992188941079	0.2971655181803948	230.0	26	1.05	0.95				
	216	2	40.516291508771936	8.103258301754387	0.0	0.0	2	1.015157708071611	-0.44590581529759293	230.0	26	1.05	0.95				
	217	1	0.0	0.0	0.0	0.0	2	1.0210904279548978	0.8926422434124192	230.0	27	1.05	0.95				
	218	2	134.91925072421054	27.551078225964922	0.0	0.0	2	1.0207681381583558	0.6074334037557648	230.0	27	1.05	0.95				
	219	1	73.33448763087719	14.991027858245614	0.0	0.0	2	1.0134595596393348	-0.595724068769737	230.0	25	1.05	0.95				
	220	1	51.86085313122808	10.534235792280704	0.0	0.0	2	1.014659427153325	0.08530676867677865	230.0	25	1.05	0.95				
	221	2	0.0	0.0	0.0	0.0	2	1.023036328207024	1.3036395431179035	230.0	27	1.05	0.95				
	222	2	0.0	0.0	0.0	0.0	2	1.0447608230099126	7.698755359304232	230.0	27	1.05	0.95				
	223	2	0.0	0.0	0.0	0.0	2	1.0159770649617996	0.7783917642637052	230.0	25	1.05	0.95				
	224	1	0.0	0.0	0.0	0.0	2	1.0059871096317974	-2.7929329042158697	230.0	26	1.05	0.95				
	301	2	49.81461563368421	10.147421703157896	0.0	0.0	3	1.0062233031454404	17.70300239151577	138.0	31	1.05	0.95				
	302	2	44.74090478210526	9.224928821052632	0.0	0.0	3	1.0058483078933447	17.573941734367814	138.0	32	1.05	0.95				
	303	1	83.02435938947369	17.066118318947368	0.0	0.0	3	1.0332028978255998	23.125665758146326	138.0	31	1.05	0.95				
	304	1	34.132236637894735	6.9186966157894725	0.0	0.0	3	1.0092586753432327	18.863285417436703	138.0	31	1.05	0.95				
	305	1	32.74849731473684	6.4574501747368425	0.0	0.0	3	1.0219507168193347	18.47354624126814	138.0	31	1.05	0.95				
	306	1	62.7295159831579	12.914900349473685	0.0	-100.0	3	1.038924519861412	18.3555378727076	138.0	32	1.05	0.95				
	307	2	57.65580513157895	11.53116102631579	0.0	0.0	3	0.9809721910354606	16.430772944139566	138.0	32	1.05	0.95				
	308	1	78.87314142	16.143625436842104	0.0	0.0	3	0.9995455677537769	18.35687635429386	138.0	32	1.05	0.95				
	309	1	80.71812718421052	16.604871877894738	0.0	0.0	3	1.026616108633704	21.805751246107413	138.0	33	1.05	0.95				
	310	1	89.94305600526316	18.449857642105265	0.0	0.0	3	1.05	20.726548232798685	138.0	33	1.05	0.95				
	311	1	0.0	0.0	0.0	0.0	3	1.0058509522435735	24.696771529746965	230.0	33	1.05	0.95				
	312	1	0.0	0.0	0.0	0.0	3	1.0136764766005133	25.572815447606168	230.0	33	1.05	0.95				
	313	2	122.23030687894736	24.907307816842106	0.0	0.0	3	1.0142690549960012	30.85704190669763	230.0	34	1.05	0.95				
	314	2	89.48180956421052	17.98861120105263	0.0	0.0	3	0.9986508823400091	22.810511999725623	230.0	36	1.05	0.95				
	315	2	146.21512181368422	29.519772227368424	0.0	0.0	3	1.029441324141473	16.936821051039445	230.0	36	1.05	0.95				
	316	2	46.12464410526316	9.224928821052632	0.0	0.0	3	1.0266108639017828	17.66968875346204	230.0	36	1.05	0.95				
	317	1	0.0	0.0	0.0	0.0	3	1.0339559280486372	15.936111405135291	230.0	37	1.05	0.95				
	318	2	153.59506487052633	31.36475799157895	0.0	0.0	3	1.0342650469735788	14.439016265625384	230.0	37	1.05	0.95				
	319	1	83.48560583052632	17.066118318947368	0.0	0.0	3	1.0244488647370287	20.133636476483385	230.0	35	1.05	0.95				
	320	1	59.03954445473685	11.992407467368421	0.0	0.0	3	1.0234431082611344	21.70744140033895	230.0	35	1.05	0.95				
	321	2	0.0	0.0	0.0	0.0	3	1.0346870990433357	15.844889926707957	230.0	37	1.05	0.95				
	322	2	0.0	0.0	0.0	0.0	3	1.048035963619863	20.202343536504348	230.0	37	1.05	0.95				
	323	2	0.0	0.0	0.0	0.0	3	1.0219434008476007	22.088055032839044	230.0	35	1.05	0.95				
	324	1	0.0	0.0	0.0	0.0	3	1.0308628557096993	21.207582923180766	230.0	36	1.05	0.95				
	325	1	0.0	0.0	0.0	0.0	3	1.0251828802811673	21.210043338775844	230.0	35	1.05	0.95				
];
