%% MATPOWER Case Format : Version 2
function mpc = RTS_GMLC
mpc.version = '2';

%%-----  Power Flow Data  -----%%
%% system MVA base
mpc.baseMVA = 100.0;
%% bus data
%    bus_i    type    Pd    Qd    Gs    Bs    area    Vm    Va    baseKV    zone    Vmax    Vmin
mpc.bus = [
	101	2	43.11182584421053	8.782038597894736	0.0	0.0	1	1.0319461190899173	3.044195216637305	138.0	11	1.05	0.95				
	102	2	38.72080654526316	7.9836714526315795	0.0	0.0	1	1.0310106412481093	2.768336810488094	138.0	12	1.05	0.95				
	103	1	71.8530430736842	14.769792187368422	0.0	0.0	1	1.0305733980040648	2.024669552257329	138.0	11	1.05	0.95				
	104	1	29.539584374736844	5.987753589473684	0.0	0.0	1	1.0209742157033141	-0.2577073823337139	138.0	11	1.05	0.95				
	105	1	28.3420336568421	5.588570016842106	0.0	0.0	1	1.0354338669070204	-0.09237715516779911	138.0	11	1.05	0.95				
	106	1	54.28896587789473	11.177140033684212	0.0	-100.0	1	1.0457426210087017	-2.300589500429042	138.0	12	1.05	0.95				
	107	2	49.89794657894737	9.979589315789474	0.0	0.0	1	0.9995103422834822	-8.14226043137383	138.0	12	1.05	0.95				
	108	1	68.26039092	13.971425042105261	0.0	0.0	1	1.004492448199904	-6.589009208490214	138.0	12	1.05	0.95				
	109	1	69.85712521052632	14.37060861473684	0.0	0.0	1	1.0246749462775606	-1.108109629078576	138.0	13	1.05	0.95				
	110	1	77.8407966631579	15.967342905263159	0.0	0.0	1	1.05	-2.0080325114531146	138.0	13	1.05	0.95				
	111	1	0.0	0.0	0.0	0.0	1	1.0039519929748317	0.6063069041661994	230.0	13	1.05	0.95				
	112	1	0.0	0.0	0.0	0.0	1	1.008397605568475	0.5162354024829107	230.0	13	1.05	0.95				
	113	3	105.78364674736842	21.555912922105264	0.0	0.0	1	0.9940926023461818	7.795512550447872e-33	230.0	14	1.05	0.95				
	114	2	77.44161309052632	15.568159332631579	0.0	0.0	1	1.0035081952246245	3.418160321433474	230.0	16	1.05	0.95				
	115	2	126.54119252421052	25.547748648421052	0.0	0.0	1	1.0405411625134227	10.165406773492691	230.0	16	1.05	0.95				
	116	2	39.918357263157894	7.9836714526315795	0.0	0.0	1	1.037508550962881	9.633607981825516	230.0	16	1.05	0.95				
	117	1	0.0	0.0	0.0	0.0	1	1.042507659031466	13.023679779414039	230.0	17	1.05	0.95				
	118	2	132.9281296863158	27.144482938947366	0.0	0.0	1	1.0474405975070655	13.051655471306587	230.0	17	1.05	0.95				
	119	1	72.25222664631579	14.769792187368422	0.0	0.0	1	1.0293349697623844	7.6646241480388255	230.0	15	1.05	0.95				
	120	1	51.095497296842105	10.378772888421054	0.0	0.0	1	1.0254837664797058	6.711707539326892	230.0	15	1.05	0.95				
	121	2	0.0	0.0	0.0	0.0	1	1.05	14.009820262979595	230.0	17	1.05	0.95				
	122	2	0.0	0.0	0.0	0.0	1	1.05	26.564295814241394	230.0	17	1.05	0.95				
	123	2	0.0	0.0	0.0	0.0	1	1.0237485675288556	6.494660536728999	230.0	15	1.05	0.95				
	124	1	0.0	0.0	0.0	0.0	1	1.0264292351180258	7.118425798660106	230.0	16	1.05	0.95				
	201	2	43.842594050526316	8.930898788070175	0.0	0.0	2	1.0225164004317648	-9.101137713657268	138.0	21	1.05	0.95				
	202	2	39.377144656491225	8.118998898245614	0.0	0.0	2	1.0230325019154454	-9.023594867583085	138.0	22	1.05	0.95				
	203	1	73.07099008421054	15.020147961754384	0.0	0.0	2	1.016454478833595	-7.780080658077319	138.0	21	1.05	0.95				
	204	1	30.04029592350877	6.08924917368421	0.0	0.0	2	1.016707240697467	-10.243701597526876	138.0	21	1.05	0.95				
	205	1	28.82244608877193	5.68329922877193	0.0	0.0	2	1.0313923506022264	-10.529115027021279	138.0	21	1.05	0.95				
	206	1	55.20919250807018	11.36659845754386	0.0	-100.0	2	1.0444910580134315	-11.728482957139704	138.0	22	1.05	0.95				
	207	2	50.74374311403509	10.148748622807018	0.0	0.0	2	0.993233209357951	-17.364328532086674	138.0	22	1.05	0.95				
	208	1	69.41744058	14.208248071929825	0.0	0.0	2	0.9998638392037963	-15.547424846236936	138.0	22	1.05	0.95				
	209	1	71.04124035964912	14.614198016842106	0.0	0.0	2	1.0227218615172886	-9.564480476922492	138.0	23	1.05	0.95				
	210	1	79.16023925789474	16.23799779649123	0.0	0.0	2	1.05	-10.667598862460874	138.0	23	1.05	0.95				
	211	1	0.0	0.0	0.0	0.0	2	1.0042761422028372	-6.965471107685455	230.0	23	1.05	0.95				
	212	1	0.0	0.0	0.0	0.0	2	1.0076661601264494	-6.20022545558755	230.0	23	1.05	0.95				
	213	2	107.57673540175439	21.921297025263158	0.0	0.0	2	0.9987993923074495	-5.774215714037177	230.0	24	1.05	0.95				
	214	2	78.75428931298245	15.832047851578949	0.0	0.0	2	1.0036201315408113	-4.731064878704499	230.0	26	1.05	0.95				
	215	2	128.68613253719298	25.980796474385965	0.0	0.0	2	1.021272686674789	0.9153587884177432	230.0	26	1.05	0.95				
	216	2	40.59499449122807	8.118998898245614	0.0	0.0	2	1.0228896340754277	0.882312250787931	230.0	26	1.05	0.95				
	217	1	0.0	0.0	0.0	0.0	2	1.0280552524202196	2.6978507209920144	230.0	27	1.05	0.95				
	218	2	135.18133165578948	27.60459625403509	0.0	0.0	2	1.0272699314083613	2.1111880786049464	230.0	27	1.05	0.95				
	219	1	73.4769400291228	15.020147961754384	0.0	0.0	2	1.0236059764205914	0.7386904503438425	230.0	25	1.05	0.95				
	220	1	51.96159294877193	10.5546985677193	0.0	0.0	2	1.0268423049268132	1.4105158467960193	230.0	25	1.05	0.95				
	221	2	0.0	0.0	0.0	0.0	2	1.0287960131924176	2.5210284560050322	230.0	27	1.05	0.95				
	222	2	0.0	0.0	0.0	0.0	2	1.0499999870765309	9.081420370479076	230.0	27	1.05	0.95				
	223	2	0.0	0.0	0.0	0.0	2	1.029242335738927	2.089730629961983	230.0	25	1.05	0.95				
	224	1	0.0	0.0	0.0	0.0	2	1.0086914906215163	-2.3579598609521537	230.0	26	1.05	0.95				
	301	2	44.60423915368421	9.086048716491229	0.0	0.0	3	1.0073456274954777	-17.689344415053025	138.0	31	1.05	0.95				
	302	2	40.061214795438595	8.260044287719298	0.0	0.0	3	1.0072795987026122	-17.781481239865393	138.0	32	1.05	0.95				
	303	1	74.3403985894737	15.281081932280701	0.0	0.0	3	1.0221596836194253	-12.897588675170603	138.0	31	1.05	0.95				
	304	1	30.562163864561402	6.195033215789474	0.0	0.0	3	1.0106756187696606	-16.307848067942587	138.0	31	1.05	0.95				
	305	1	29.323157221403505	5.782031001403509	0.0	0.0	3	1.0233255222142796	-17.095110512758993	138.0	31	1.05	0.95				
	306	1	56.16830115649123	11.564062002807018	0.0	-100.0	3	1.0407160227330223	-17.26062532502386	138.0	32	1.05	0.95				
	307	2	51.625276798245615	10.325055359649122	0.0	0.0	3	0.9924731648715591	-21.63630089072547	138.0	32	1.05	0.95				
	308	1	70.62337866	14.45507750350877	0.0	0.0	3	0.9999012215235055	-19.796603397316584	138.0	32	1.05	0.95				
	309	1	72.27538751754385	14.868079717894735	0.0	0.0	3	1.0263164117573051	-13.411884097316012	138.0	33	1.05	0.95				
	310	1	80.53543180526316	16.520088575438596	0.0	0.0	3	1.05	-15.171086212757329	138.0	33	1.05	0.95				
	311	1	0.0	0.0	0.0	0.0	3	1.0069038582475853	-9.709980668554516	230.0	33	1.05	0.95				
	312	1	0.0	0.0	0.0	0.0	3	1.0113796647202788	-9.04554653976749	230.0	33	1.05	0.95				
	313	2	109.4455868122807	22.302119576842106	0.0	0.0	3	1.0106188529911124	-6.084215678015572	230.0	34	1.05	0.95				
	314	2	80.12242959087719	16.10708636105263	0.0	0.0	3	1.004703932036504	-8.18987550083998	230.0	36	1.05	0.95				
	315	2	130.92170196035087	26.43214172070175	0.0	0.0	3	1.030975609117498	-4.312266425926891	230.0	36	1.05	0.95				
	316	2	41.30022143859649	8.260044287719298	0.0	0.0	3	1.0304879589938853	-3.6012049606019128	230.0	36	1.05	0.95				
	317	1	0.0	0.0	0.0	0.0	3	1.038247157151236	-0.9833666194831578	230.0	37	1.05	0.95				
	318	2	137.52973739052632	28.084150578245616	0.0	0.0	3	1.0357314370597546	-1.7962132488485703	230.0	37	1.05	0.95				
	319	1	74.75340080385965	15.281081932280701	0.0	0.0	3	1.0279406264465971	-3.9283840225373536	230.0	35	1.05	0.95				
	320	1	52.8642834414035	10.73805757403509	0.0	0.0	3	1.0283924202739851	-3.4089090290340356	230.0	35	1.05	0.95				
	321	2	0.0	0.0	0.0	0.0	3	1.0364676441311476	-2.075500305084042	230.0	37	1.05	0.95				
	322	2	0.0	0.0	0.0	0.0	3	1.0499999710614774	2.6618125228829994	230.0	37	1.05	0.95				
	323	2	0.0	0.0	0.0	0.0	3	1.0292391818490627	-2.806185914168063	230.0	35	1.05	0.95				
	324	1	0.0	0.0	0.0	0.0	3	1.0169137154342778	-7.530390278418993	230.0	36	1.05	0.95				
	325	1	0.0	0.0	0.0	0.0	3	1.025501871245887	-1.3954075492646418	230.0	35	1.05	0.95				
];
