%% MATPOWER Case Format : Version 2
function mpc = RTS_GMLC
mpc.version = '2';

%%-----  Power Flow Data  -----%%
%% system MVA base
mpc.baseMVA = 100.0;
%% bus data
%    bus_i    type    Pd    Qd    Gs    Bs    area    Vm    Va    baseKV    zone    Vmax    Vmin
mpc.bus = [
	101	2	42.93814941473684	8.746660065964912	0.0	0.0	1	1.0092132217665382	0.32600573997014365	138.0	11	1.05	0.95				
	102	2	38.56481938175438	7.951509150877194	0.0	0.0	1	1.0070130096140075	-0.3310356703205869	138.0	12	1.05	0.95				
	103	1	71.56358235789475	14.710291929122807	0.0	0.0	1	1.023470652536745	2.706623891090241	138.0	11	1.05	0.95				
	104	1	29.420583858245614	5.963631863157894	0.0	0.0	1	1.0103874829561021	-2.1702012518899365	138.0	11	1.05	0.95				
	105	1	28.227857485614035	5.566056405614036	0.0	0.0	1	1.0242453084210956	-2.2267643505247916	138.0	11	1.05	0.95				
	106	1	54.07026222596492	11.132112811228073	0.0	-100.0	1	1.0404494916262452	-4.188133810048506	138.0	12	1.05	0.95				
	107	2	49.69693219298246	9.939386438596491	0.0	0.0	1	0.984059609720721	-11.549873266500876	138.0	12	1.05	0.95				
	108	1	67.98540324	13.915141014035088	0.0	0.0	1	0.9941570285797023	-9.021128296205896	138.0	12	1.05	0.95				
	109	1	69.57570507017545	14.312716471578945	0.0	0.0	1	1.0243285164729115	-1.9984217333502652	138.0	13	1.05	0.95				
	110	1	77.52721422105263	15.903018301754388	0.0	0.0	1	1.05	-3.4845509555824896	138.0	13	1.05	0.95				
	111	1	0.0	0.0	0.0	0.0	1	1.016915996601962	0.6644401081748805	230.0	13	1.05	0.95				
	112	1	0.0	0.0	0.0	0.0	1	1.0136049343462241	-0.6477398745087619	230.0	13	1.05	0.95				
	113	3	105.3574962491228	21.46907470736842	0.0	0.0	1	0.9973558216635628	-2.2309991944016793e-30	230.0	14	1.05	0.95				
	114	2	77.12963876350877	15.505442844210526	0.0	0.0	1	1.0425106374644018	4.566348399047277	230.0	16	1.05	0.95				
	115	2	126.0314200414035	25.444829282807017	0.0	0.0	1	1.0378675637447599	14.772253050252935	230.0	16	1.05	0.95				
	116	2	39.757545754385966	7.951509150877194	0.0	0.0	1	1.0377812265419029	12.677588255757897	230.0	16	1.05	0.95				
	117	1	0.0	0.0	0.0	0.0	1	1.0369585023432053	19.13756385907866	230.0	17	1.05	0.95				
	118	2	132.39262736210526	27.03513111298246	0.0	0.0	1	1.0463234541870028	19.91299787678494	230.0	17	1.05	0.95				
	119	1	71.9611578154386	14.710291929122807	0.0	0.0	1	1.033949280678399	7.89591994777321	230.0	15	1.05	0.95				
	120	1	50.889658565614035	10.336961896140352	0.0	0.0	1	1.0383354144770771	4.509654587578524	230.0	15	1.05	0.95				
	121	2	0.0	0.0	0.0	0.0	1	1.040869082075194	21.649382114441256	230.0	17	1.05	0.95				
	122	2	0.0	0.0	0.0	0.0	1	1.05	39.630265217392115	230.0	17	1.05	0.95				
	123	2	0.0	0.0	0.0	0.0	1	1.0421089552644969	2.9572465995984234	230.0	15	1.05	0.95				
	124	1	0.0	0.0	0.0	0.0	1	1.0173923336203001	10.267456589666667	230.0	16	1.05	0.95				
	201	2	46.9875649263158	9.571541003508772	0.0	0.0	2	1.007182399474761	-19.128766017175423	138.0	21	1.05	0.95				
	202	2	42.201794424561406	8.701400912280704	0.0	0.0	2	1.0063977896549015	-19.44898291714447	138.0	22	1.05	0.95				
	203	1	78.31260821052632	16.097591687719298	0.0	0.0	2	1.0103350535457576	-13.920529136048378	138.0	21	1.05	0.95				
	204	1	32.195183375438596	6.526050684210527	0.0	0.0	2	1.0081990877781415	-19.007804747076783	138.0	21	1.05	0.95				
	205	1	30.88997323859649	6.090980638596492	0.0	0.0	2	1.0231894220552067	-19.56303355306415	138.0	21	1.05	0.95				
	206	1	59.16952620350878	12.181961277192984	0.0	-100.0	2	1.0398661301769994	-20.345261574055463	138.0	22	1.05	0.95				
	207	2	54.38375570175439	10.876751140350878	0.0	0.0	2	0.9898542791335235	-25.531387535378247	138.0	22	1.05	0.95				
	208	1	74.3969778	15.227451596491228	0.0	0.0	2	0.996634974394797	-23.565144813158497	138.0	22	1.05	0.95				
	209	1	76.13725798245613	15.662521642105265	0.0	0.0	2	1.0225314485885142	-16.841455966418994	138.0	23	1.05	0.95				
	210	1	84.83865889473685	17.402801824561408	0.0	0.0	2	1.05	-18.591502889806932	138.0	23	1.05	0.95				
	211	1	0.0	0.0	0.0	0.0	2	1.010271822643616	-13.624350000833616	230.0	23	1.05	0.95				
	212	1	0.0	0.0	0.0	0.0	2	1.014244439743148	-12.966605256256837	230.0	23	1.05	0.95				
	213	2	115.29356208771931	23.4937824631579	0.0	0.0	2	1.0107845237036077	-12.304155367601071	230.0	24	1.05	0.95				
	214	2	84.40358884912281	16.96773177894737	0.0	0.0	2	1.0138676359248073	-10.629178667516769	230.0	26	1.05	0.95				
	215	2	137.91720445964913	27.844482919298247	0.0	0.0	2	1.029231772685674	-3.263769145011752	230.0	26	1.05	0.95				
	216	2	43.50700456140351	8.701400912280704	0.0	0.0	2	1.0334306180024075	-3.7989326323055757	230.0	26	1.05	0.95				
	217	1	0.0	0.0	0.0	0.0	2	1.037116275029356	-1.6746946010272565	230.0	27	1.05	0.95				
	218	2	144.8783251894737	29.58476310175439	0.0	0.0	2	1.0353497177940676	-2.2568163925463205	230.0	27	1.05	0.95				
	219	1	78.74767825614036	16.097591687719298	0.0	0.0	2	1.038337036583108	-4.36643039528726	230.0	25	1.05	0.95				
	220	1	55.688965838596495	11.311821185964915	0.0	0.0	2	1.0454746684505007	-4.027294008301306	230.0	25	1.05	0.95				
	221	2	0.0	0.0	0.0	0.0	2	1.0358133996967438	-1.789847864385654	230.0	27	1.05	0.95				
	222	2	0.0	0.0	0.0	0.0	2	1.05	4.754474951292489	230.0	27	1.05	0.95				
	223	2	0.0	0.0	0.0	0.0	2	1.05	-3.5230687991903307	230.0	25	1.05	0.95				
	224	1	0.0	0.0	0.0	0.0	2	1.009012524722163	-7.222200379994537	230.0	26	1.05	0.95				
	301	2	58.64663080421053	11.946535904561404	0.0	0.0	3	1.030161576665811	8.705129634549138	138.0	31	1.05	0.95				
	302	2	52.67336285192983	10.860487185964914	0.0	0.0	3	1.0254830758926514	8.365254497355902	138.0	32	1.05	0.95				
	303	1	97.74438467368422	20.09190129403509	0.0	0.0	3	1.05	25.455131113199375	138.0	31	1.05	0.95				
	304	1	40.18380258807018	8.145365389473683	0.0	0.0	3	1.0083368174279792	10.333397032862743	138.0	31	1.05	0.95				
	305	1	38.55472951017544	7.60234103017544	0.0	0.0	3	1.0283392413532944	7.416837395565874	138.0	31	1.05	0.95				
	306	1	73.85131286456141	15.20468206035088	0.0	-100.0	3	1.0332315211571492	6.067002008709864	138.0	32	1.05	0.95				
	307	2	67.87804491228071	13.575608982456142	0.0	0.0	3	0.95	0.9108469112508758	138.0	32	1.05	0.95				
	308	1	92.85716544000002	19.0058525754386	0.0	0.0	3	0.9636186196443841	3.4842778494427504	138.0	32	1.05	0.95				
	309	1	95.02926287719299	19.548876934736843	0.0	0.0	3	1.013044795512053	14.235794096730531	138.0	33	1.05	0.95				
	310	1	105.8897500631579	21.720974371929827	0.0	0.0	3	1.039696102546175	7.849941118091969	138.0	33	1.05	0.95				
	311	1	0.0	0.0	0.0	0.0	3	1.0000026166030425	13.01679016641065	230.0	33	1.05	0.95				
	312	1	0.0	0.0	0.0	0.0	3	1.0045914834657543	13.456041568408931	230.0	33	1.05	0.95				
	313	2	143.9014552140351	29.323315402105266	0.0	0.0	3	1.0012899150859358	15.269162989482547	230.0	34	1.05	0.95				
	314	2	105.34672570385966	21.177950012631584	0.0	0.0	3	0.9974598071014158	13.129833446875455	230.0	36	1.05	0.95				
	315	2	172.13872189754386	34.75355899508772	0.0	0.0	3	1.05	16.785848824728014	230.0	36	1.05	0.95				
	316	2	54.30243592982457	10.860487185964914	0.0	0.0	3	1.0380333483508113	16.54346386750978	230.0	36	1.05	0.95				
	317	1	0.0	0.0	0.0	0.0	3	1.05	21.186528577300027	230.0	37	1.05	0.95				
	318	2	180.8271116463158	36.925656432280704	0.0	0.0	3	1.0442701711183928	17.514756383933157	230.0	37	1.05	0.95				
	319	1	98.28740903298247	20.09190129403509	0.0	0.0	3	1.0250503164397942	15.258658887102978	230.0	35	1.05	0.95				
	320	1	69.50711799017544	14.11863334175439	0.0	0.0	3	1.0182178351411795	15.184292609350472	230.0	35	1.05	0.95				
	321	2	0.0	0.0	0.0	0.0	3	1.048659852486922	17.943244859410722	230.0	37	1.05	0.95				
	322	2	0.0	0.0	0.0	0.0	3	1.05	23.562669636520113	230.0	37	1.05	0.95				
	323	2	0.0	0.0	0.0	0.0	3	1.015574181522883	15.56834325661525	230.0	35	1.05	0.95				
	324	1	0.0	0.0	0.0	0.0	3	1.0471595825864812	20.10009076530048	230.0	36	1.05	0.95				
	325	1	0.0	0.0	0.0	0.0	3	1.0170521745607717	16.0994311542281	230.0	35	1.05	0.95				
];
