%% MATPOWER Case Format : Version 2
function mpc = RTS_GMLC
mpc.version = '2';

%%-----  Power Flow Data  -----%%
%% system MVA base
mpc.baseMVA = 100.0;
%% bus data
%    bus_i    type    Pd    Qd    Gs    Bs    area    Vm    Va    baseKV    zone    Vmax    Vmin
mpc.bus = [
	101	2	81.32063335578948	16.565314202105263	0.0	0.0	1	1.040945361372079	0.9273118753550859	138.0	11	1.05	0.95				
	102	2	73.03797625473685	15.059376547368423	0.0	0.0	1	1.0407862736680054	0.8070525856969628	138.0	12	1.05	0.95				
	103	1	135.53438892631578	27.85984661263158	0.0	0.0	1	1.0235135093704903	-0.7445324184395591	138.0	11	1.05	0.95				
	104	1	55.71969322526316	11.294532410526315	0.0	0.0	1	1.0212785377350209	-2.6871990536078254	138.0	11	1.05	0.95				
	105	1	53.4607867431579	10.541563583157897	0.0	0.0	1	1.034884934945491	-2.9421720202930657	138.0	11	1.05	0.95				
	106	1	102.40376052210527	21.083127166315794	0.0	-100.0	1	1.0374603649027307	-5.802889019022942	138.0	12	1.05	0.95				
	107	2	94.12110342105264	18.824220684210527	0.0	0.0	1	1.05	-2.6830377997284507	138.0	12	1.05	0.95				
	108	1	128.75766948	26.353908957894735	0.0	0.0	1	1.02553736351105	-5.494222366836644	138.0	12	1.05	0.95				
	109	1	131.76954478947368	27.106877785263155	0.0	0.0	1	1.0268905273340463	-3.180635318886671	138.0	13	1.05	0.95				
	110	1	146.82892133684211	30.118753094736846	0.0	0.0	1	1.05	-4.52951894419359	138.0	13	1.05	0.95				
	111	1	0.0	0.0	0.0	0.0	1	1.0133158194237077	-0.8801446529736838	230.0	13	1.05	0.95				
	112	1	0.0	0.0	0.0	0.0	1	1.0160792572664576	-0.040850301210058275	230.0	13	1.05	0.95				
	113	3	199.53673925263158	40.66031667789474	0.0	0.0	1	1.0124897714297378	1.1777697493869263e-29	230.0	14	1.05	0.95				
	114	2	146.0759525094737	29.365784267368422	0.0	0.0	1	1.0150817955274702	1.3797241313288229	230.0	16	1.05	0.95				
	115	2	238.69111827578945	48.19000495157895	0.0	0.0	1	1.0451391199045712	9.490232748660768	230.0	16	1.05	0.95				
	116	2	75.29688273684211	15.059376547368423	0.0	0.0	1	1.0435003282748232	9.094063050812949	230.0	16	1.05	0.95				
	117	1	0.0	0.0	0.0	0.0	1	1.0472741881404475	12.217614399986019	230.0	17	1.05	0.95				
	118	2	250.73861951368423	51.20188026105264	0.0	0.0	1	1.0495875042014995	12.855528251759651	230.0	17	1.05	0.95				
	119	1	136.2873577536842	27.85984661263158	0.0	0.0	1	1.0377879902366463	7.815610842735754	230.0	15	1.05	0.95				
	120	1	96.3800099031579	19.57718951157895	0.0	0.0	1	1.0392262163302652	7.968008028497103	230.0	15	1.05	0.95				
	121	2	0.0	0.0	0.0	0.0	1	1.05	13.365021846155921	230.0	17	1.05	0.95				
	122	2	0.0	0.0	0.0	0.0	1	1.05	20.115297379927632	230.0	17	1.05	0.95				
	123	2	0.0	0.0	0.0	0.0	1	1.0420909475409574	8.60754382201476	230.0	15	1.05	0.95				
	124	1	0.0	0.0	0.0	0.0	1	1.0242175579637856	5.698919068412992	230.0	16	1.05	0.95				
	201	2	87.37919094315791	17.799464821754388	0.0	0.0	2	1.0362294445684717	-9.440180534374115	138.0	21	1.05	0.95				
	202	2	78.47945853228072	16.18133165614035	0.0	0.0	2	1.0384719248836458	-9.538532612326048	138.0	22	1.05	0.95				
	203	1	145.63198490526318	29.93546356385965	0.0	0.0	2	1.0258302211166048	-6.479754282605056	138.0	21	1.05	0.95				
	204	1	59.8709271277193	12.135998742105263	0.0	0.0	2	1.0180674804720136	-10.753070002407478	138.0	21	1.05	0.95				
	205	1	57.443727379298245	11.326932159298247	0.0	0.0	2	1.032764432273946	-11.181568813195184	138.0	21	1.05	0.95				
	206	1	110.0330552617544	22.653864318596494	0.0	-100.0	2	1.036450927439618	-12.914926555464099	138.0	22	1.05	0.95				
	207	2	101.13332285087719	20.22666457017544	0.0	0.0	2	0.95	-24.44390769073243	138.0	22	1.05	0.95				
	208	1	138.35038566	28.317330398245616	0.0	0.0	2	0.956332739822098	-20.58373112028612	138.0	22	1.05	0.95				
	209	1	141.58665199122808	29.126396981052633	0.0	0.0	2	1.0273567480684371	-8.478917090959904	138.0	23	1.05	0.95				
	210	1	157.76798364736842	32.3626633122807	0.0	0.0	2	1.05	-10.397460352761081	138.0	23	1.05	0.95				
	211	1	0.0	0.0	0.0	0.0	2	1.033523568586802	-3.936824868330453	230.0	23	1.05	0.95				
	212	1	0.0	0.0	0.0	0.0	2	1.0292055903350068	0.2446348128175168	230.0	23	1.05	0.95				
	213	2	214.40264444385963	43.689595471578954	0.0	0.0	2	1.05	0.1858758887131018	230.0	24	1.05	0.95				
	214	2	156.95891706456143	31.55359672947369	0.0	0.0	2	1.05	-2.2889696885862274	230.0	26	1.05	0.95				
	215	2	256.47410674982456	51.78026129964912	0.0	0.0	2	1.0444388127179638	4.864610066325167	230.0	26	1.05	0.95				
	216	2	80.90665828070176	16.18133165614035	0.0	0.0	2	1.0494755382698977	5.039602786344012	230.0	26	1.05	0.95				
	217	1	0.0	0.0	0.0	0.0	2	1.0494499056405109	8.11734591788979	230.0	27	1.05	0.95				
	218	2	269.4191720747368	55.0165276308772	0.0	0.0	2	1.05	8.756545019274649	230.0	27	1.05	0.95				
	219	1	146.44105148807017	29.93546356385965	0.0	0.0	2	1.0437481449009736	4.627498848608936	230.0	25	1.05	0.95				
	220	1	103.56052259929824	21.03573115298246	0.0	0.0	2	1.046041191606257	5.779931906610556	230.0	25	1.05	0.95				
	221	2	0.0	0.0	0.0	0.0	2	1.05	9.186538900853352	230.0	27	1.05	0.95				
	222	2	0.0	0.0	0.0	0.0	2	1.05	15.279032889049677	230.0	27	1.05	0.95				
	223	2	0.0	0.0	0.0	0.0	2	1.05	6.998923747551903	230.0	25	1.05	0.95				
	224	1	0.0	0.0	0.0	0.0	2	1.0232561473871598	0.6468106170685949	230.0	26	1.05	0.95				
	301	2	84.98892755368422	17.31255931649123	0.0	0.0	3	0.9865774764618416	-19.904871863051916	138.0	31	1.05	0.95				
	302	2	76.3326478954386	15.738690287719301	0.0	0.0	3	0.9868489054001858	-20.162042623691537	138.0	32	1.05	0.95				
	303	1	141.6482125894737	29.116577032280706	0.0	0.0	3	0.9966127733850549	-12.217901320187593	138.0	31	1.05	0.95				
	304	1	58.23315406456141	11.804017715789474	0.0	0.0	3	0.9767321554091699	-17.70526629886987	138.0	31	1.05	0.95				
	305	1	55.87235052140351	11.01708320140351	0.0	0.0	3	0.9910014635797122	-18.205444570090496	138.0	31	1.05	0.95				
	306	1	107.02309395649124	22.03416640280702	0.0	-100.0	3	1.0000219855883827	-18.146562868753062	138.0	32	1.05	0.95				
	307	2	98.36681429824561	19.673362859649124	0.0	0.0	3	0.9678712691705215	-21.881033621347022	138.0	32	1.05	0.95				
	308	1	134.56580196000002	27.54270800350877	0.0	0.0	3	0.9648874645008756	-19.945575812072242	138.0	32	1.05	0.95				
	309	1	137.71354001754386	28.329642517894737	0.0	0.0	3	0.9991507963550376	-12.295543942069868	138.0	33	1.05	0.95				
	310	1	153.45223030526316	31.477380575438602	0.0	0.0	3	1.0197860082855172	-13.8249778798104	138.0	33	1.05	0.95				
	311	1	0.0	0.0	0.0	0.0	3	0.9963265577480588	-5.1622411293389145	230.0	33	1.05	0.95				
	312	1	0.0	0.0	0.0	0.0	3	0.9964782805246808	-4.212503156315429	230.0	33	1.05	0.95				
	313	2	208.53764631228069	42.49446377684211	0.0	0.0	3	1.0175598699217365	1.188851572294952	230.0	34	1.05	0.95				
	314	2	152.6652957908772	30.690446061052633	0.0	0.0	3	1.0119266702816654	-3.099778507062136	230.0	36	1.05	0.95				
	315	2	249.45824106035087	50.36380892070176	0.0	0.0	3	1.0413982665897785	-0.3568200186436572	230.0	36	1.05	0.95				
	316	2	78.6934514385965	15.738690287719301	0.0	0.0	3	1.0381977018596895	0.6451387830296199	230.0	36	1.05	0.95				
	317	1	0.0	0.0	0.0	0.0	3	1.0431589946608444	2.088404786564789	230.0	37	1.05	0.95				
	318	2	262.0491932905263	53.51154697824562	0.0	0.0	3	1.0434485363981727	1.8581915024061328	230.0	37	1.05	0.95				
	319	1	142.43514710385966	29.116577032280706	0.0	0.0	3	1.0319075357323713	0.7510300235522791	230.0	35	1.05	0.95				
	320	1	100.72761784140351	20.46029737403509	0.0	0.0	3	1.0307181870009547	1.187141582231436	230.0	35	1.05	0.95				
	321	2	0.0	0.0	0.0	0.0	3	1.0465053285913282	2.7972191993698945	230.0	37	1.05	0.95				
	322	2	0.0	0.0	0.0	0.0	3	1.05	8.287864313791815	230.0	37	1.05	0.95				
	323	2	0.0	0.0	0.0	0.0	3	1.031481933454986	1.6655908352462505	230.0	35	1.05	0.95				
	324	1	0.0	0.0	0.0	0.0	3	1.012060957998237	-3.0265131885705276	230.0	36	1.05	0.95				
	325	1	0.0	0.0	0.0	0.0	3	1.0302014091584868	2.6569286516218455	230.0	35	1.05	0.95				
];
