%% MATPOWER Case Format : Version 2
function mpc = RTS_GMLC
mpc.version = '2';

%%-----  Power Flow Data  -----%%
%% system MVA base
mpc.baseMVA = 100.0;
%% bus data
%    bus_i    type    Pd    Qd    Gs    Bs    area    Vm    Va    baseKV    zone    Vmax    Vmin
mpc.bus = [
	101	2	35.83077684252632	7.298861949403508	0.0	0.0	1	0.9899153445841157	-5.249443836959638	138.0	11	1.05	0.95				
	102	2	32.181345867824554	6.635329044912281	0.0	0.0	1	0.9897757438195915	-5.4226994764546745	138.0	12	1.05	0.95				
	103	1	59.71796140421053	12.27535873308772	0.0	0.0	1	1.0220810253792303	1.3116666789829352	138.0	11	1.05	0.95				
	104	1	24.55071746617544	4.97649678368421	0.0	0.0	1	1.0040964275471174	-4.728516475590063	138.0	11	1.05	0.95				
	105	1	23.555418109438595	4.644730331438597	0.0	0.0	1	1.0158108322325006	-5.521293174410229	138.0	11	1.05	0.95				
	106	1	45.12023750540351	9.289460662877193	0.0	-100.0	1	1.0387622478643523	-6.106079326511391	138.0	12	1.05	0.95				
	107	2	41.47080653070175	8.294161306140351	0.0	0.0	1	0.9849177403031869	-10.432146791508057	138.0	12	1.05	0.95				
	108	1	56.732063333999996	11.611825828596489	0.0	0.0	1	0.9979647918130916	-8.613456533210025	138.0	12	1.05	0.95				
	109	1	58.05912914298246	11.943592280842104	0.0	0.0	1	1.0249885572283424	-2.7855046397449694	138.0	13	1.05	0.95				
	110	1	64.69445818789474	13.270658089824561	0.0	0.0	1	1.05	-4.704167697290597	138.0	13	1.05	0.95				
	111	1	0.0	0.0	0.0	0.0	1	1.016594423413699	0.2635167619348448	230.0	13	1.05	0.95				
	112	1	0.0	0.0	0.0	0.0	1	1.0124016786564134	-1.0807343345040803	230.0	13	1.05	0.95				
	113	3	87.91810984508771	17.91538842126316	0.0	0.0	1	0.9941717500685853	-7.306941534931337e-28	230.0	14	1.05	0.95				
	114	2	64.36269173564911	12.938891637578948	0.0	0.0	1	1.0461318588771222	4.406910507503213	230.0	16	1.05	0.95				
	115	2	105.16996536185965	21.233052943719297	0.0	0.0	1	1.0415992551932403	14.40138156531262	230.0	16	1.05	0.95				
	116	2	33.176645224561405	6.635329044912281	0.0	0.0	1	1.0421583282623705	12.436915724988596	230.0	16	1.05	0.95				
	117	1	0.0	0.0	0.0	0.0	1	1.0407226103844622	18.71848441741378	230.0	17	1.05	0.95				
	118	2	110.47822859778947	22.560118752701754	0.0	0.0	1	1.0498006610176331	19.44455413630808	230.0	17	1.05	0.95				
	119	1	60.04972785645614	12.27535873308772	0.0	0.0	1	1.038880037310769	7.879506371554784	230.0	15	1.05	0.95				
	120	1	42.466105887438594	8.625927758385965	0.0	0.0	1	1.0426057942437164	4.557728929452888	230.0	15	1.05	0.95				
	121	2	0.0	0.0	0.0	0.0	1	1.0431643481840878	20.98483289294918	230.0	17	1.05	0.95				
	122	2	0.0	0.0	0.0	0.0	1	1.05	38.94685605659805	230.0	17	1.05	0.95				
	123	2	0.0	0.0	0.0	0.0	1	1.0456823189746818	2.9888211844232795	230.0	15	1.05	0.95				
	124	1	0.0	0.0	0.0	0.0	1	1.017744146348269	9.535854184348166	230.0	16	1.05	0.95				
	201	2	37.94364867789474	7.729261767719299	0.0	0.0	2	1.0129724974497205	-16.000578655523846	138.0	21	1.05	0.95				
	202	2	34.07901779403509	7.026601607017545	0.0	0.0	2	1.0121278591209746	-16.293123964985835	138.0	22	1.05	0.95				
	203	1	63.23941446315789	12.999212972982457	0.0	0.0	2	1.0128995215100478	-11.960494534462011	138.0	21	1.05	0.95				
	204	1	25.998425945964915	5.269951205263157	0.0	0.0	2	1.0121848380630145	-16.11971597462176	138.0	21	1.05	0.95				
	205	1	24.94443570491228	4.918621124912281	0.0	0.0	2	1.027351787824375	-16.5475962734102	138.0	21	1.05	0.95				
	206	1	47.780890927719305	9.837242249824563	0.0	-100.0	2	1.0436527620873404	-17.319711602617613	138.0	22	1.05	0.95				
	207	2	43.91626004385965	8.78325200877193	0.0	0.0	2	0.9958521518487204	-21.43463531001835	138.0	22	1.05	0.95				
	208	1	60.07744374	12.296552812280702	0.0	0.0	2	1.0033056878939417	-19.898802341085382	138.0	22	1.05	0.95				
	209	1	61.482764061403515	12.647882892631578	0.0	0.0	2	1.021723436584817	-14.512172148128476	138.0	23	1.05	0.95				
	210	1	68.50936566842105	14.05320321403509	0.0	0.0	2	1.05	-15.960070064493532	138.0	23	1.05	0.95				
	211	1	0.0	0.0	0.0	0.0	2	1.004135564765803	-11.981967099093268	230.0	23	1.05	0.95				
	212	1	0.0	0.0	0.0	0.0	2	1.0063151800813421	-11.574927480530075	230.0	23	1.05	0.95				
	213	2	93.10247129298246	18.97182433894737	0.0	0.0	2	0.9965353790536915	-11.02326008035589	230.0	24	1.05	0.95				
	214	2	68.15803558807018	13.701873133684211	0.0	0.0	2	1.006135201235182	-9.444548766835247	230.0	26	1.05	0.95				
	215	2	111.37163547122807	22.48512514245614	0.0	0.0	2	1.0241056255214014	-2.854147892434856	230.0	26	1.05	0.95				
	216	2	35.13300803508772	7.026601607017545	0.0	0.0	2	1.0254687577720256	-3.7609272046261735	230.0	26	1.05	0.95				
	217	1	0.0	0.0	0.0	0.0	2	1.0336426426480947	-1.3672934780731805	230.0	27	1.05	0.95				
	218	2	116.9929167568421	23.890445463859653	0.0	0.0	2	1.0326076037233232	-1.7799301175759852	230.0	27	1.05	0.95				
	219	1	63.590744543508784	12.999212972982457	0.0	0.0	2	1.0235053873140976	-4.461687388070495	230.0	25	1.05	0.95				
	220	1	44.97025028491228	9.134582089122807	0.0	0.0	2	1.0238181476968717	-4.379053839634102	230.0	25	1.05	0.95				
	221	2	0.0	0.0	0.0	0.0	2	1.0326811008758667	-1.3403486845990384	230.0	27	1.05	0.95				
	222	2	0.0	0.0	0.0	0.0	2	1.05	5.144722517545949	230.0	27	1.05	0.95				
	223	2	0.0	0.0	0.0	0.0	2	1.0242034680067607	-4.059792452376795	230.0	25	1.05	0.95				
	224	1	0.0	0.0	0.0	0.0	2	1.0086458612921856	-6.25982431869187	230.0	26	1.05	0.95				
	301	2	37.80512496	7.7010439733333325	0.0	0.0	3	1.015562603851159	6.699208863704302	138.0	31	1.05	0.95				
	302	2	33.95460297333333	7.000949066666666	0.0	0.0	3	1.0153925558525587	6.437903687367741	138.0	32	1.05	0.95				
	303	1	63.0085416	12.951755773333332	0.0	0.0	3	1.0469760611621117	16.994473662623864	138.0	31	1.05	0.95				
	304	1	25.903511546666664	5.2507117999999995	0.0	0.0	3	1.0154165397227757	7.4435838773791545	138.0	31	1.05	0.95				
	305	1	24.85336918666666	4.900664346666667	0.0	0.0	3	1.0286779379094761	5.723827318526584	138.0	31	1.05	0.95				
	306	1	47.60645365333333	9.801328693333334	0.0	-100.0	3	1.0443965173224679	4.731479461363008	138.0	32	1.05	0.95				
	307	2	43.75593166666666	8.751186333333333	0.0	0.0	3	0.9707010785053668	1.8688725251202094	138.0	32	1.05	0.95				
	308	1	59.858114519999994	12.251660866666665	0.0	0.0	3	0.98941745370419	3.291209386014106	138.0	32	1.05	0.95				
	309	1	61.25830433333333	12.601708319999998	0.0	0.0	3	1.025356275978103	9.711615738265673	138.0	33	1.05	0.95				
	310	1	68.25925339999999	14.001898133333333	0.0	0.0	3	1.05	5.875520581279228	138.0	33	1.05	0.95				
	311	1	0.0	0.0	0.0	0.0	3	1.0063926968802206	9.30504379880116	230.0	33	1.05	0.95				
	312	1	0.0	0.0	0.0	0.0	3	1.011678067766382	9.441783100357947	230.0	33	1.05	0.95				
	313	2	92.76257513333333	18.90256248	0.0	0.0	3	1.0043506306661472	9.721576655241114	230.0	34	1.05	0.95				
	314	2	67.90920594666666	13.651850679999999	0.0	0.0	3	0.999450436261682	10.583555581389627	230.0	36	1.05	0.95				
	315	2	110.96504270666665	22.403037013333332	0.0	0.0	3	1.0332480220024594	14.629143093497667	230.0	36	1.05	0.95				
	316	2	35.00474533333333	7.000949066666666	0.0	0.0	3	1.0272630312475293	14.402961946277575	230.0	36	1.05	0.95				
	317	1	0.0	0.0	0.0	0.0	3	1.0480068773069213	18.84077049578094	230.0	37	1.05	0.95				
	318	2	116.56580195999999	23.803226826666666	0.0	0.0	3	1.0476835134501696	15.652176942028492	230.0	37	1.05	0.95				
	319	1	63.35858905333333	12.951755773333332	0.0	0.0	3	1.0205320924869126	13.19955069293261	230.0	35	1.05	0.95				
	320	1	44.806074026666664	9.101233786666667	0.0	0.0	3	1.016896675545797	12.8387320506746	230.0	35	1.05	0.95				
	321	2	0.0	0.0	0.0	0.0	3	1.04394747172419	15.97561135640106	230.0	37	1.05	0.95				
	322	2	0.0	0.0	0.0	0.0	3	1.05	21.437200900845895	230.0	37	1.05	0.95				
	323	2	0.0	0.0	0.0	0.0	3	1.0150693986315351	12.917297826347182	230.0	35	1.05	0.95				
	324	1	0.0	0.0	0.0	0.0	3	1.0352974343233063	15.530196133880287	230.0	36	1.05	0.95				
	325	1	0.0	0.0	0.0	0.0	3	1.0160964337846474	13.618952101507588	230.0	35	1.05	0.95				
];
