%% MATPOWER Case Format : Version 2
function mpc = RTS_GMLC
mpc.version = '2';

%%-----  Power Flow Data  -----%%
%% system MVA base
mpc.baseMVA = 100.0;
%% bus data
%    bus_i    type    Pd    Qd    Gs    Bs    area    Vm    Va    baseKV    zone    Vmax    Vmin
mpc.bus = [
	101	2	45.47649679578948	9.26373082877193	0.0	0.0	1	1.0382892957289145	1.2495507121737959	138.0	11	1.05	0.95				
	102	2	40.84463138140351	8.421573480701754	0.0	0.0	1	1.0357392888382992	0.5858108244260373	138.0	12	1.05	0.95				
	103	1	75.7941613263158	15.579910939298248	0.0	0.0	1	1.0289902382734182	-0.34923815230726746	138.0	11	1.05	0.95				
	104	1	31.159821878596496	6.316180110526316	0.0	0.0	1	1.0250493792881992	-1.8211327919868359	138.0	11	1.05	0.95				
	105	1	29.89658585649123	5.895101436491229	0.0	0.0	1	1.0383319838492255	-1.962390349902863	138.0	11	1.05	0.95				
	106	1	57.266699668771935	11.790202872982459	0.0	-100.0	1	1.0463741724481972	-4.329656029571574	138.0	12	1.05	0.95				
	107	2	52.634834254385964	10.526966850877194	0.0	0.0	1	1.0014338333087407	-9.685869346163242	138.0	12	1.05	0.95				
	108	1	72.00445326	14.73775359122807	0.0	0.0	1	1.0050772097958032	-8.353744215984293	138.0	12	1.05	0.95				
	109	1	73.68876795614035	15.15883226526316	0.0	0.0	1	1.0244131401099508	-2.9868996257555525	138.0	13	1.05	0.95				
	110	1	82.1103414368421	16.84314696140351	0.0	0.0	1	1.05	-3.9095252045066946	138.0	13	1.05	0.95				
	111	1	0.0	0.0	0.0	0.0	1	1.0024300288999246	-1.1069969922027874	230.0	13	1.05	0.95				
	112	1	0.0	0.0	0.0	0.0	1	1.006850774834293	-1.340477131327979	230.0	13	1.05	0.95				
	113	3	111.58584861929826	22.73824839789474	0.0	0.0	1	0.9952343843472042	-4.920487772082194e-29	230.0	14	1.05	0.95				
	114	2	81.68926276280702	16.422068287368425	0.0	0.0	1	0.9980974263898637	0.4122390460526616	230.0	16	1.05	0.95				
	115	2	133.4819396691228	26.94903513824562	0.0	0.0	1	1.0319369338413171	6.188839163245707	230.0	16	1.05	0.95				
	116	2	42.10786740350878	8.421573480701754	0.0	0.0	1	1.0271949468942048	5.039616349174981	230.0	16	1.05	0.95				
	117	1	0.0	0.0	0.0	0.0	1	1.035535434345506	8.430626952610723	230.0	17	1.05	0.95				
	118	2	140.2191984536842	28.633349834385967	0.0	0.0	1	1.0389981321039796	9.184112311203705	230.0	17	1.05	0.95				
	119	1	76.21524000035087	15.579910939298248	0.0	0.0	1	1.0170898542885718	2.781276527474206	230.0	15	1.05	0.95				
	120	1	53.89807027649124	10.948045524912283	0.0	0.0	1	1.011890118852414	1.4903612040167795	230.0	15	1.05	0.95				
	121	2	0.0	0.0	0.0	0.0	1	1.0418326540432834	10.771537282335812	230.0	17	1.05	0.95				
	122	2	0.0	0.0	0.0	0.0	1	1.05	16.35672907523673	230.0	17	1.05	0.95				
	123	2	0.0	0.0	0.0	0.0	1	1.0096028802829946	1.1102873932353892	230.0	15	1.05	0.95				
	124	1	0.0	0.0	0.0	0.0	1	1.022154995196687	3.7255159142807064	230.0	16	1.05	0.95				
	201	2	42.924602538947376	8.743900517192984	0.0	0.0	2	1.01476275175464	-11.270297506534225	138.0	21	1.05	0.95				
	202	2	38.55265228035088	7.94900047017544	0.0	0.0	2	1.0138982964018086	-11.519756334880112	138.0	22	1.05	0.95				
	203	1	71.54100423157895	14.705650869824563	0.0	0.0	2	1.0150697813969927	-8.391495312035232	138.0	21	1.05	0.95				
	204	1	29.411301739649126	5.961750352631579	0.0	0.0	2	1.0128825825966261	-11.015222884299416	138.0	21	1.05	0.95				
	205	1	28.218951669122806	5.564300329122808	0.0	0.0	2	1.0275607004964178	-11.356759789212386	138.0	21	1.05	0.95				
	206	1	54.05320319719299	11.128600658245617	0.0	-100.0	2	1.0428123766872694	-11.907891062867145	138.0	22	1.05	0.95				
	207	2	49.681252938596494	9.936250587719298	0.0	0.0	2	0.997176636768879	-16.66454533845353	138.0	22	1.05	0.95				
	208	1	67.96395402	13.910750822807017	0.0	0.0	2	1.0026394141955703	-14.882674770221747	138.0	22	1.05	0.95				
	209	1	69.55375411403509	14.308200846315792	0.0	0.0	2	1.0234380470111024	-8.956380597317441	138.0	23	1.05	0.95				
	210	1	77.50275458421054	15.89800094035088	0.0	0.0	2	1.05	-10.163902979748897	138.0	23	1.05	0.95				
	211	1	0.0	0.0	0.0	0.0	2	1.0030738776376231	-6.476930683931289	230.0	23	1.05	0.95				
	212	1	0.0	0.0	0.0	0.0	2	1.0087769498027541	-3.580420389207924	230.0	23	1.05	0.95				
	213	2	105.32425622982457	21.462301269473688	0.0	0.0	2	0.997347480290402	-4.771685924464796	230.0	24	1.05	0.95				
	214	2	77.10530456070175	15.500550916842107	0.0	0.0	2	1.0008626322772944	-4.740351666611431	230.0	26	1.05	0.95				
	215	2	125.99165745228072	25.43680150456141	0.0	0.0	2	1.0181565253538973	0.5742350538301563	230.0	26	1.05	0.95				
	216	2	39.74500235087719	7.94900047017544	0.0	0.0	2	1.017657211802782	0.15181375620915724	230.0	26	1.05	0.95				
	217	1	0.0	0.0	0.0	0.0	2	1.0222116450734167	1.2434278147674402	230.0	27	1.05	0.95				
	218	2	132.35085782842106	27.026601598596496	0.0	0.0	2	1.0218350224159185	0.9545574443428249	230.0	27	1.05	0.95				
	219	1	71.93845425508772	14.705650869824563	0.0	0.0	2	1.0166822889501075	-0.1768391438883229	230.0	25	1.05	0.95				
	220	1	50.87360300912282	10.333700611228071	0.0	0.0	2	1.018392397691704	0.32875039959852986	230.0	25	1.05	0.95				
	221	2	0.0	0.0	0.0	0.0	2	1.024133706705042	1.626188877502239	230.0	27	1.05	0.95				
	222	2	0.0	0.0	0.0	0.0	2	1.0457830848942302	8.019399040235664	230.0	27	1.05	0.95				
	223	2	0.0	0.0	0.0	0.0	2	1.0198854285631014	0.9169639114753244	230.0	25	1.05	0.95				
	224	1	0.0	0.0	0.0	0.0	2	1.0059605532031	-2.807313131588857	230.0	26	1.05	0.95				
	301	2	54.03416638736843	11.006959819649124	0.0	0.0	3	1.0103648547612483	9.870810426651204	138.0	31	1.05	0.95				
	302	2	48.53068647754386	10.00632710877193	0.0	0.0	3	1.0090924596210296	9.495100731105847	138.0	32	1.05	0.95				
	303	1	90.05694397894737	18.51170515122807	0.0	0.0	3	1.0477076474648268	24.122437773072825	138.0	31	1.05	0.95				
	304	1	37.02341030245614	7.504745331578948	0.0	0.0	3	1.0071162671699678	10.454796128447585	138.0	31	1.05	0.95				
	305	1	35.52246123614035	7.0044289761403515	0.0	0.0	3	1.023912257131547	8.941159499732413	138.0	31	1.05	0.95				
	306	1	68.04302433964914	14.008857952280703	0.0	-100.0	3	1.038573737883821	7.831311805783374	138.0	32	1.05	0.95				
	307	2	62.539544429824566	12.507908885964913	0.0	0.0	3	0.9803787330498901	2.354079015261992	138.0	32	1.05	0.95				
	308	1	85.55409678000001	17.511072440350876	0.0	0.0	3	0.9878843296639109	4.664889434233115	138.0	32	1.05	0.95				
	309	1	87.55536220175439	18.011388795789472	0.0	0.0	3	1.0213088500738385	13.311636573327585	138.0	33	1.05	0.95				
	310	1	97.56168931052632	20.01265421754386	0.0	0.0	3	1.05	9.622945544612406	138.0	33	1.05	0.95				
	311	1	0.0	0.0	0.0	0.0	3	1.0115217261873797	13.377124324346791	230.0	33	1.05	0.95				
	312	1	0.0	0.0	0.0	0.0	3	1.0170072088388655	14.039581339599003	230.0	33	1.05	0.95				
	313	2	132.58383419122808	27.017083193684215	0.0	0.0	3	1.016308371080082	16.81588255352491	230.0	34	1.05	0.95				
	314	2	97.06137295508772	19.512337862105266	0.0	0.0	3	1.0083077435987728	12.33765886019464	230.0	36	1.05	0.95				
	315	2	158.6002846740351	32.02024674807018	0.0	0.0	3	1.0499983220692808	10.03707087465243	230.0	36	1.05	0.95				
	316	2	50.03163554385965	10.00632710877193	0.0	0.0	3	1.0401108018391938	9.821994479408183	230.0	36	1.05	0.95				
	317	1	0.0	0.0	0.0	0.0	3	1.0441796869356503	9.1434660955975	230.0	37	1.05	0.95				
	318	2	166.60534636105265	34.02151216982457	0.0	0.0	3	1.04368988195287	8.19377841584849	230.0	37	1.05	0.95				
	319	1	90.55726033438599	18.51170515122807	0.0	0.0	3	1.0329554890466708	11.043461677545938	230.0	35	1.05	0.95				
	320	1	64.04049349614036	13.00822524140351	0.0	0.0	3	1.0279990682768068	11.956656222700293	230.0	35	1.05	0.95				
	321	2	0.0	0.0	0.0	0.0	3	1.0479045714780768	9.351494509219982	230.0	37	1.05	0.95				
	322	2	0.0	0.0	0.0	0.0	3	1.05	13.606479359663572	230.0	37	1.05	0.95				
	323	2	0.0	0.0	0.0	0.0	3	1.0255027034508764	12.498548784502628	230.0	35	1.05	0.95				
	324	1	0.0	0.0	0.0	0.0	3	1.046319665256986	16.859187174509685	230.0	36	1.05	0.95				
	325	1	0.0	0.0	0.0	0.0	3	1.02799331763288	12.35961860984489	230.0	35	1.05	0.95				
];
