%% MATPOWER Case Format : Version 2
function mpc = RTS_GMLC
mpc.version = '2';

%%-----  Power Flow Data  -----%%
%% system MVA base
mpc.baseMVA = 100.0;
%% bus data
%    bus_i    type    Pd    Qd    Gs    Bs    area    Vm    Va    baseKV    zone    Vmax    Vmin
mpc.bus = [
	101	2	35.08263236084211	7.146462147578949	0.0	0.0	1	1.0207914486960221	3.1983856907312664	138.0	11	1.05	0.95				
	102	2	31.509401287052636	6.496783770526317	0.0	0.0	1	1.0188072918681512	2.6847125860708703	138.0	12	1.05	0.95				
	103	1	58.47105393473685	12.019049975473685	0.0	0.0	1	1.0325479119210028	3.4445520331596144	138.0	11	1.05	0.95				
	104	1	24.03809995094737	4.872587827894737	0.0	0.0	1	1.0173476973171711	0.29700284848236164	138.0	11	1.05	0.95				
	105	1	23.063582385368424	4.5477486393684226	0.0	0.0	1	1.030960939010546	0.4211017459233719	138.0	11	1.05	0.95				
	106	1	44.178129639578955	9.095497278736845	0.0	-100.0	1	1.045156785208811	-1.582252148019512	138.0	12	1.05	0.95				
	107	2	40.604898565789476	8.120979713157896	0.0	0.0	1	0.9853500301045979	-6.342419047168199	138.0	12	1.05	0.95				
	108	1	55.54750123800001	11.369371598421054	0.0	0.0	1	0.998999538121598	-5.003895005799983	138.0	12	1.05	0.95				
	109	1	56.84685799210527	11.69421078694737	0.0	0.0	1	1.0250200383734913	-0.2968876821649057	138.0	13	1.05	0.95				
	110	1	63.343641762631584	12.993567541052634	0.0	0.0	1	1.05	-1.3273646597208404	138.0	13	1.05	0.95				
	111	1	0.0	0.0	0.0	0.0	1	1.0097821983279134	1.2314571222841473	230.0	13	1.05	0.95				
	112	1	0.0	0.0	0.0	0.0	1	1.007519419032345	0.32750545904401573	230.0	13	1.05	0.95				
	113	3	86.08238495947369	17.541316180421056	0.0	0.0	1	0.9827869196349445	2.6230621934955913e-29	230.0	14	1.05	0.95				
	114	2	63.01880257410527	12.668728352526317	0.0	0.0	1	1.030111812965309	4.344521557476012	230.0	16	1.05	0.95				
	115	2	102.97402276284211	20.789708065684213	0.0	0.0	1	1.0446461266354314	12.12909506863942	230.0	16	1.05	0.95				
	116	2	32.48391885263158	6.496783770526317	0.0	0.0	1	1.0424333375961286	10.732667010703317	230.0	16	1.05	0.95				
	117	1	0.0	0.0	0.0	0.0	1	1.0423099143583507	15.844267391283859	230.0	17	1.05	0.95				
	118	2	108.17144977926316	22.089064819789478	0.0	0.0	1	1.05	16.069495195296728	230.0	17	1.05	0.95				
	119	1	58.79589312326316	12.019049975473685	0.0	0.0	1	1.035288858418835	7.262847069278265	230.0	15	1.05	0.95				
	120	1	41.579416131368426	8.445818901684211	0.0	0.0	1	1.0334660778859321	4.850397644958699	230.0	15	1.05	0.95				
	121	2	0.0	0.0	0.0	0.0	1	1.0419505757501515	17.131537902206617	230.0	17	1.05	0.95				
	122	2	0.0	0.0	0.0	0.0	1	1.05	35.103638242367346	230.0	17	1.05	0.95				
	123	2	0.0	0.0	0.0	0.0	1	1.0329192519805217	3.769066165160891	230.0	15	1.05	0.95				
	124	1	0.0	0.0	0.0	0.0	1	1.0291010303498165	8.884416416525887	230.0	16	1.05	0.95				
	201	2	33.829686761684215	6.891232488491228	0.0	0.0	2	1.0125533496783807	-9.732464236852776	138.0	21	1.05	0.95				
	202	2	30.384070517438595	6.264756807719299	0.0	0.0	2	1.0117400936433245	-9.999017688140036	138.0	22	1.05	0.95				
	203	1	56.382811269473684	11.589800094280701	0.0	0.0	2	1.0125975969527459	-6.7410016965015815	138.0	21	1.05	0.95				
	204	1	23.179600188561402	4.698567605789473	0.0	0.0	2	1.0128656724427343	-9.92624470164058	138.0	21	1.05	0.95				
	205	1	22.239886667403507	4.385329765403509	0.0	0.0	2	1.0276714860177523	-10.24918416942652	138.0	21	1.05	0.95				
	206	1	42.60034629249123	8.770659530807018	0.0	-100.0	2	1.0446366713784154	-10.970240439242945	138.0	22	1.05	0.95				
	207	2	39.15473004824561	7.830946009649123	0.0	0.0	2	0.9964333644962784	-14.602461607804251	138.0	22	1.05	0.95				
	208	1	53.563670705999996	10.96332441350877	0.0	0.0	2	1.0051176286136645	-13.267723905184939	138.0	22	1.05	0.95				
	209	1	54.81662206754386	11.276562253894737	0.0	0.0	2	1.0218182766012116	-8.555239742634578	138.0	23	1.05	0.95				
	210	1	61.08137887526316	12.529513615438598	0.0	0.0	2	1.05	-9.75146418437012	138.0	23	1.05	0.95				
	211	1	0.0	0.0	0.0	0.0	2	1.0015433750209441	-6.2097859727681906	230.0	23	1.05	0.95				
	212	1	0.0	0.0	0.0	0.0	2	1.0055571201790927	-5.77620799886153	230.0	23	1.05	0.95				
	213	2	83.0080277022807	16.914843380842107	0.0	0.0	2	0.9940210849265885	-5.248700028289262	230.0	24	1.05	0.95				
	214	2	60.76814103487719	12.216275775052631	0.0	0.0	2	0.9997736511498612	-3.957840467399007	230.0	26	1.05	0.95				
	215	2	99.29639540235088	20.047221784701755	0.0	0.0	2	1.0178198853455331	1.292224786599003	230.0	26	1.05	0.95				
	216	2	31.323784038596493	6.264756807719299	0.0	0.0	2	1.0201389582547324	1.073289875814126	230.0	26	1.05	0.95				
	217	1	0.0	0.0	0.0	0.0	2	1.0282531870884857	2.5834646581690413	230.0	27	1.05	0.95				
	218	2	104.30820084852633	21.300173146245616	0.0	0.0	2	1.0269162425257556	2.2907787089660867	230.0	27	1.05	0.95				
	219	1	56.69604910985965	11.589800094280701	0.0	0.0	2	1.01982596518694	0.5936491611644757	230.0	25	1.05	0.95				
	220	1	40.09444356940351	8.144183850035088	0.0	0.0	2	1.0211015044048637	0.8005173537419084	230.0	25	1.05	0.95				
	221	2	0.0	0.0	0.0	0.0	2	1.0274823071463572	2.753681123370732	230.0	27	1.05	0.95				
	222	2	0.0	0.0	0.0	0.0	2	1.0499998429994903	9.176948846494419	230.0	27	1.05	0.95				
	223	2	0.0	0.0	0.0	0.0	2	1.0218678946705946	1.1603350106350458	230.0	25	1.05	0.95				
	224	1	0.0	0.0	0.0	0.0	2	1.0058274490511039	-1.7294344630610592	230.0	26	1.05	0.95				
	301	2	44.70673839157895	9.106928190877193	0.0	0.0	3	1.0084329746605085	-18.4953413531595	138.0	31	1.05	0.95				
	302	2	40.15327429614035	8.279025628070176	0.0	0.0	3	1.0082414901090555	-18.58770024261383	138.0	32	1.05	0.95				
	303	1	74.51123065263158	15.316197411929824	0.0	0.0	3	1.022601296954335	-13.733215685877795	138.0	31	1.05	0.95				
	304	1	30.63239482385965	6.209269221052631	0.0	0.0	3	1.0109407475020702	-17.147898760876433	138.0	31	1.05	0.95				
	305	1	29.39054097964912	5.795317939649124	0.0	0.0	3	1.0238528959278113	-17.864674568436534	138.0	31	1.05	0.95				
	306	1	56.2973742708772	11.590635879298247	0.0	-100.0	3	1.0409204343823675	-18.01115397939363	138.0	32	1.05	0.95				
	307	2	51.7439101754386	10.34878203508772	0.0	0.0	3	0.995363065630382	-22.478187917326657	138.0	32	1.05	0.95				
	308	1	70.78566912000001	14.488294849122807	0.0	0.0	3	1.001470819115733	-20.62259306673874	138.0	32	1.05	0.95				
	309	1	72.44147424561403	14.902246130526317	0.0	0.0	3	1.026007609491082	-14.273783273084137	138.0	33	1.05	0.95				
	310	1	80.72049987368422	16.558051256140352	0.0	0.0	3	1.05	-15.901329195728136	138.0	33	1.05	0.95				
	311	1	0.0	0.0	0.0	0.0	3	1.007114891860432	-10.470853990829829	230.0	33	1.05	0.95				
	312	1	0.0	0.0	0.0	0.0	3	1.0095488879233567	-9.629132796361674	230.0	33	1.05	0.95				
	313	2	109.69708957192982	22.353369195789476	0.0	0.0	3	1.0089901864332855	-6.634963103446349	230.0	34	1.05	0.95				
	314	2	80.3065485922807	16.144099974736843	0.0	0.0	3	1.0071321463231473	-9.100803164191687	230.0	36	1.05	0.95				
	315	2	131.22255620491228	26.492882009824566	0.0	0.0	3	1.0305696250504124	-5.463896473263933	230.0	36	1.05	0.95				
	316	2	41.39512814035088	8.279025628070176	0.0	0.0	3	1.02952575342976	-4.678206528839372	230.0	36	1.05	0.95				
	317	1	0.0	0.0	0.0	0.0	3	1.0368435185645501	-2.4627397042999655	230.0	37	1.05	0.95				
	318	2	137.84577670736843	28.1486871354386	0.0	0.0	3	1.0345847938344577	-3.161181952332724	230.0	37	1.05	0.95				
	319	1	74.9251819340351	15.316197411929824	0.0	0.0	3	1.02580135726995	-4.602274051824763	230.0	35	1.05	0.95				
	320	1	52.98576401964913	10.762733316491229	0.0	0.0	3	1.02528607813921	-3.7260634215758777	230.0	35	1.05	0.95				
	321	2	0.0	0.0	0.0	0.0	3	1.0357062020016485	-3.3757524057181936	230.0	37	1.05	0.95				
	322	2	0.0	0.0	0.0	0.0	3	1.049484502799767	1.29371760540526	230.0	37	1.05	0.95				
	323	2	0.0	0.0	0.0	0.0	3	1.0257405149124195	-2.9234799060726417	230.0	35	1.05	0.95				
	324	1	0.0	0.0	0.0	0.0	3	1.0171707749193781	-8.565742959613129	230.0	36	1.05	0.95				
	325	1	0.0	0.0	0.0	0.0	3	1.0196927918715537	-1.2643327621573646	230.0	35	1.05	0.95				
];
