%% MATPOWER Case Format : Version 2
function mpc = RTS_GMLC
mpc.version = '2';

%%-----  Power Flow Data  -----%%
%% system MVA base
mpc.baseMVA = 100.0;
%% bus data
%    bus_i    type    Pd    Qd    Gs    Bs    area    Vm    Va    baseKV    zone    Vmax    Vmin
mpc.bus = [
	101	2	106.7041068631579	21.73602176842105	0.0	0.0	1	1.0445183307296082	-6.006588422575262	138.0	11	1.05	0.95				
	102	2	95.83609597894737	19.760019789473684	0.0	0.0	1	1.0441931013568253	-6.182577279342803	138.0	12	1.05	0.95				
	103	1	177.84017810526316	36.55603661052631	0.0	0.0	1	1.0147906906730693	-4.874048548003572	138.0	11	1.05	0.95				
	104	1	73.11207322105263	14.82001484210526	0.0	0.0	1	1.0179456113175689	-8.829843494254973	138.0	11	1.05	0.95				
	105	1	70.14807025263158	13.832013852631581	0.0	0.0	1	1.0340319031367877	-9.249830012352101	138.0	11	1.05	0.95				
	106	1	134.36813456842108	27.664027705263162	0.0	-100.0	1	1.0317498290739449	-11.982167964505319	138.0	12	1.05	0.95				
	107	2	123.50012368421052	24.700024736842106	0.0	0.0	1	1.05	-7.680359182166831	138.0	12	1.05	0.95				
	108	1	168.9481692	34.58003463157894	0.0	0.0	1	1.0183124169241253	-11.062917463164316	138.0	12	1.05	0.95				
	109	1	172.90017315789476	35.56803562105263	0.0	0.0	1	1.0269851117340032	-7.453760571024129	138.0	13	1.05	0.95				
	110	1	192.66019294736842	39.52003957894737	0.0	0.0	1	1.05	-9.468885908214299	138.0	13	1.05	0.95				
	111	1	0.0	0.0	0.0	0.0	1	1.0258055473504877	-3.243110507975407	230.0	13	1.05	0.95				
	112	1	0.0	0.0	0.0	0.0	1	1.0213226731127203	-2.151415926503993	230.0	13	1.05	0.95				
	113	3	261.8202622105263	53.35205343157895	0.0	0.0	1	1.0345538829214558	7.930971908004269e-29	230.0	14	1.05	0.95				
	114	2	191.67219195789474	38.532038589473686	0.0	0.0	1	1.0399361036998653	-0.9942947465759616	230.0	16	1.05	0.95				
	115	2	313.19631366315787	63.23206332631579	0.0	0.0	1	1.0405626384196285	8.980422899049932	230.0	16	1.05	0.95				
	116	2	98.80009894736843	19.760019789473684	0.0	0.0	1	1.0436988363277562	8.324613647686201	230.0	16	1.05	0.95				
	117	1	0.0	0.0	0.0	0.0	1	1.0467174907611105	12.485098911483885	230.0	17	1.05	0.95				
	118	2	329.00432949473685	67.18406728421054	0.0	0.0	1	1.05	13.514061978631219	230.0	17	1.05	0.95				
	119	1	178.82817909473684	36.55603661052631	0.0	0.0	1	1.0392577627865922	6.76983133107356	230.0	15	1.05	0.95				
	120	1	126.46412665263158	25.68802572631579	0.0	0.0	1	1.0441471379702034	6.912859017606993	230.0	15	1.05	0.95				
	121	2	0.0	0.0	0.0	0.0	1	1.05	14.76867068184402	230.0	17	1.05	0.95				
	122	2	0.0	0.0	0.0	0.0	1	1.05	21.625797966856503	230.0	17	1.05	0.95				
	123	2	0.0	0.0	0.0	0.0	1	1.05	7.707094144296927	230.0	15	1.05	0.95				
	124	1	0.0	0.0	0.0	0.0	1	1.0132975077932573	3.8590846743364415	230.0	16	1.05	0.95				
	201	2	92.22414608842105	18.786400129122807	0.0	0.0	2	1.0468498238746742	-9.140639733203301	138.0	21	1.05	0.95				
	202	2	82.83094602385964	17.078545571929826	0.0	0.0	2	1.0491017628920716	-9.213186226218388	138.0	22	1.05	0.95				
	203	1	153.7069101473684	31.595309308070174	0.0	0.0	2	1.0278092543326847	-7.107403819924525	138.0	21	1.05	0.95				
	204	1	63.19061861614035	12.808909178947367	0.0	0.0	2	1.0221207604236364	-10.08083165599665	138.0	21	1.05	0.95				
	205	1	60.628836780350866	11.954981900350878	0.0	0.0	2	1.0376183104082968	-10.434827918461645	138.0	21	1.05	0.95				
	206	1	116.13410988912281	23.909963800701757	0.0	-100.0	2	1.037836893357967	-11.960510435250129	138.0	22	1.05	0.95				
	207	2	106.74090982456138	21.34818196491228	0.0	0.0	2	0.95	-22.85898517638217	138.0	22	1.05	0.95				
	208	1	146.02156464	29.88745475087719	0.0	0.0	2	0.9553424557190087	-19.31867839832219	138.0	22	1.05	0.95				
	209	1	149.43727375438596	30.74138202947368	0.0	0.0	2	1.0277155528036104	-7.361702283996656	138.0	23	1.05	0.95				
	210	1	166.51581932631578	34.15709114385965	0.0	0.0	2	1.05	-9.078242954361865	138.0	23	1.05	0.95				
	211	1	0.0	0.0	0.0	0.0	2	1.0328332163843523	-2.3230657817885225	230.0	23	1.05	0.95				
	212	1	0.0	0.0	0.0	0.0	2	1.0267522586659024	2.6969922397171504	230.0	23	1.05	0.95				
	213	2	226.29072882807017	46.112073044210526	0.0	0.0	2	1.05	2.4972643006618243	230.0	24	1.05	0.95				
	214	2	165.66189204771928	33.30316386526316	0.0	0.0	2	1.05	-0.9014744568934314	230.0	26	1.05	0.95				
	215	2	270.6949473150877	54.65134583017544	0.0	0.0	2	1.0467113250706381	5.886978193276841	230.0	26	1.05	0.95				
	216	2	85.39272785964911	17.078545571929826	0.0	0.0	2	1.05	6.382329201844798	230.0	26	1.05	0.95				
	217	1	0.0	0.0	0.0	0.0	2	1.05	8.883023330898153	230.0	27	1.05	0.95				
	218	2	284.3577837726316	58.067054944561406	0.0	0.0	2	1.0489029749654077	9.521498838139255	230.0	27	1.05	0.95				
	219	1	154.5608374259649	31.595309308070174	0.0	0.0	2	1.043067500829736	6.94972545341569	230.0	25	1.05	0.95				
	220	1	109.30269166035087	22.202109243508772	0.0	0.0	2	1.0452567772220565	9.042056091889263	230.0	25	1.05	0.95				
	221	2	0.0	0.0	0.0	0.0	2	1.05	10.034672417821083	230.0	27	1.05	0.95				
	222	2	0.0	0.0	0.0	0.0	2	1.05	16.094841686045715	230.0	27	1.05	0.95				
	223	2	0.0	0.0	0.0	0.0	2	1.05	10.807219429376048	230.0	25	1.05	0.95				
	224	1	0.0	0.0	0.0	0.0	2	1.0231396026064645	1.053853827464184	230.0	26	1.05	0.95				
	301	2	78.18981336000002	15.927554573333335	0.0	0.0	3	0.9825201590525154	0.18235498126274358	138.0	31	1.05	0.95				
	302	2	70.22603607333335	14.47959506666667	0.0	0.0	3	0.983715881391125	0.06309318638098613	138.0	32	1.05	0.95				
	303	1	130.3163556	26.787250873333335	0.0	0.0	3	0.998822213227344	6.063502918403252	138.0	31	1.05	0.95				
	304	1	53.57450174666667	10.859696300000001	0.0	0.0	3	0.9787552582046815	2.76133075911466	138.0	31	1.05	0.95				
	305	1	51.40256248666667	10.13571654666667	0.0	0.0	3	0.9912101803461653	2.4298177913651777	138.0	31	1.05	0.95				
	306	1	98.46124645333335	20.27143309333334	0.0	-100.0	3	1.0038828619892108	2.8654084537643674	138.0	32	1.05	0.95				
	307	2	90.49746916666668	18.099493833333334	0.0	0.0	3	0.9604337151509071	-3.149285079949291	138.0	32	1.05	0.95				
	308	1	123.80053782000002	25.339291366666668	0.0	0.0	3	0.9656607065212243	0.44627054438073893	138.0	32	1.05	0.95				
	309	1	126.69645683333334	26.063271120000003	0.0	0.0	3	1.0030311129165081	8.062445665060585	138.0	33	1.05	0.95				
	310	1	141.17605190000003	28.95919013333334	0.0	0.0	3	1.023395856759263	7.121671493580695	138.0	33	1.05	0.95				
	311	1	0.0	0.0	0.0	0.0	3	0.9972828787758315	15.451869924238958	230.0	33	1.05	0.95				
	312	1	0.0	0.0	0.0	0.0	3	1.0010199687323231	16.47316560479864	230.0	33	1.05	0.95				
	313	2	191.85463463333335	39.09490668000001	0.0	0.0	3	1.0272267354847309	23.941933578384027	230.0	34	1.05	0.95				
	314	2	140.4520721466667	28.23521038	0.0	0.0	3	1.0063361739228585	15.580129951483803	230.0	36	1.05	0.95				
	315	2	229.5015818066667	46.33470421333334	0.0	0.0	3	1.0356696311281337	13.550199003518593	230.0	36	1.05	0.95				
	316	2	72.39797533333333	14.47959506666667	0.0	0.0	3	1.033252508485545	14.6020847818574	230.0	36	1.05	0.95				
	317	1	0.0	0.0	0.0	0.0	3	1.0402253175534442	14.980542741067278	230.0	37	1.05	0.95				
	318	2	241.08525786	49.23062322666667	0.0	0.0	3	1.039991390892274	14.171434300025114	230.0	37	1.05	0.95				
	319	1	131.04033535333335	26.787250873333335	0.0	0.0	3	1.0294513224035629	15.952655870522026	230.0	35	1.05	0.95				
	320	1	92.66940842666668	18.82347358666667	0.0	0.0	3	1.0294381966254231	17.090898382849122	230.0	35	1.05	0.95				
	321	2	0.0	0.0	0.0	0.0	3	1.0422945652963471	15.50726818955946	230.0	37	1.05	0.95				
	322	2	0.0	0.0	0.0	0.0	3	1.05	19.621694761736627	230.0	37	1.05	0.95				
	323	2	0.0	0.0	0.0	0.0	3	1.0296821302179167	17.484289703621045	230.0	35	1.05	0.95				
	324	1	0.0	0.0	0.0	0.0	3	1.0147112070718427	12.730006025915673	230.0	36	1.05	0.95				
	325	1	0.0	0.0	0.0	0.0	3	1.0326306159140057	17.262288156506344	230.0	35	1.05	0.95				
];

%% generator data
%    bus    Pg    Qg    Qmax    Qmin    Vg    mBase    status    Pmax    Pmin    Pc1    Pc2    Qc1min    Qc1max    Qc2min    Qc2max    ramp_agc    ramp_10    ramp_30    ramp_q    apf
